date,Open,High,Low,Close,Volume,aVWAP_peak_857,aVWAP_peak_856,aVWAP_peak_855,aVWAP_valley_869,aVWAP_valley_802,aVWAP_valley_765,aVWAP_valley_701,aVWAP_valley_700,aVWAP_valley_672,aVWAP_valley_671,aVWAP_valley_653,aVWAP_valley_652,aVWAP_valley_651,aVWAP_valley_593,aVWAP_valley_592,aVWAP_valley_564,aVWAP_valley_509,aVWAP_valley_451,aVWAP_valley_393,aVWAP_valley_392,aVWAP_valley_324,aVWAP_valley_266,aVWAP_valley_265,aVWAP_valley_236,aVWAP_valley_125,aVWAP_valley_124,aVWAP_valley_107,aVWAP_valley_60,aVWAP_OB_bull_802,aVWAP_OB_bull_701,aVWAP_OB_bull_653,aVWAP_OB_bull_393,aVWAP_OB_bull_266,aVWAP_OB_bull_125,Peaks_avg,Valleys_avg,color,StDev,StDev_Mean,StdDev_ZScore,QQEMOD,QQE1_Value,QQE1_Above_Upper,QQE1_Below_Lower,QQE2_Above_Threshold,QQE2_Below_Threshold,QQE2_Above_TL,banker_RSI,OB,OB_High,OB_Low,OB_Mitigated_Index,TTM_squeeze_Active,VI_plus,VI_minus,VI_Regular_Bullish,VI_Regular_Bearish,VI_Hidden_Bullish,VI_Hidden_Bearish,Fisher,Fisher_Signal,Fisher_Regular_Bullish,Fisher_Regular_Bearish,Fisher_Hidden_Bullish,Fisher_Hidden_Bearish,OBV,OBV_Smoothed,OBV_Regular_Bullish,OBV_Regular_Bearish,OBV_Hidden_Bullish,OBV_Hidden_Bearish,Volume_MA,Vol_Regular_Bullish,Vol_Regular_Bearish,Vol_Hidden_Bullish,Vol_Hidden_Bearish
2025-03-24 14:00:00+00:00,18.66,18.69,18.66,18.69,158.0,,,,,,,,,,,,,,,,,,,,,,,,,,,,,,,,,,,,,#000000,,,,,,False,False,False,False,False,,0.0,0.0,0.0,0.0,0,,,False,False,False,False,,,False,False,False,False,0.0,0.0,False,False,False,False,158.0,False,False,False,False
2025-03-24 15:00:00+00:00,18.69,18.69,18.69,18.69,0.0,,,,,,,,,,,,,,,,,,,,,,,,,,,,,,,,,,,,,#000000,,,,,,False,False,False,False,False,,0.0,0.0,0.0,0.0,0,,,False,False,False,False,,,False,False,False,False,0.0,0.0,False,False,False,False,155.5503875968992,False,False,False,False
2025-03-24 16:00:00+00:00,18.69,18.72,18.67,18.67,200.0,,,,,,,,,,,,,,,,,,,,,,,,,,,,,,,,,,,,,"rgba(239, 83, 80, 0.5)",,,,0.0,,False,False,False,True,False,,0.0,0.0,0.0,0.0,0,,,False,False,False,False,,,False,False,False,False,-200.0,-3.10077519379845,False,False,False,False,156.23952887446666,False,False,False,False
2025-03-24 17:00:00+00:00,18.67,18.67,18.615,18.615,0.0,,,,,,,,,,,,,,,,,,,,,,,,,,,,,,,,,,,,,"rgba(239, 83, 80, 0.5)",,,,0.0,-50.0,False,False,False,True,True,,0.0,0.0,0.0,0.0,0,,,False,False,False,False,,,False,False,False,False,-200.0,-6.15347635358452,False,False,False,False,153.81721059734315,False,False,False,False
2025-03-24 18:00:00+00:00,18.615,18.615,18.57,18.59,0.0,,,,,,,,,,,,,,,,,,,,,,,,,,,,,,,,,,,,,"rgba(239, 83, 80, 0.5)",,,,0.0,-50.0,False,False,False,True,True,,0.0,0.0,0.0,0.0,0,,,False,False,False,False,,,False,False,False,False,-200.0,-9.158848813218869,False,False,False,False,151.43244764234558,False,False,False,False
2025-03-24 19:00:00+00:00,18.59,18.62,18.59,18.62,928.0,,,,,,,,,,,,,,,,,,,,,,,,,,,,,,,,,,,,,"rgba(239, 83, 80, 0.5)",,,,9.113639204900778,-41.7977247155893,False,False,False,True,True,,0.0,0.0,0.0,0.0,0,,,False,False,False,False,,,False,False,False,False,728.0,2.269970548226386,False,False,False,False,163.47225465564253,False,False,False,False
2025-03-25 14:00:00+00:00,18.69,18.73,18.69,18.73,700.0,,,,,,,,,,,,,,,,,,,,,,,,,,,,,,,,,,,,,"rgba(239, 83, 80, 0.5)",,,,28.02665655651384,-25.322827451431593,False,False,False,True,True,,0.0,0.0,0.0,0.0,0,,,False,False,False,False,,,False,False,False,False,1428.0,24.374312090114348,False,False,False,False,171.7905142733845,False,False,False,False
2025-03-25 15:00:00+00:00,18.73,18.73,18.73,18.73,0.0,,,,,,,,,,,,,,,,,,,,,,,,,,,,,,,,,,,,,"rgba(239, 83, 80, 0.5)",,,,40.63533479092254,-15.401434536117371,False,False,False,True,True,,0.0,0.0,0.0,0.0,0,,,False,False,False,False,,,False,False,False,False,1428.0,46.135950662360635,False,False,False,False,169.12709544744055,False,False,False,False
2025-03-25 16:00:00+00:00,18.73,18.74,18.71,18.74,100.0,,,,,,,,,,,,,,,,,,,,,,,,,,,,,,,,,,,,,"rgba(38, 166, 154, 0.5)",,,,49.69536821378567,-8.725796286679426,False,False,True,False,True,,0.0,0.0,0.0,0.0,0,,,False,False,False,False,,,False,False,False,False,1528.0,69.11058708620001,False,False,False,False,168.05535753352672,False,False,False,False
2025-03-25 17:00:00+00:00,18.73,18.74,18.73,18.73,100.0,,,,,,,,,,,,,,,,,,,,,,,,,,,,,,,,,,,,,"rgba(38, 166, 154, 0.5)",,,,54.36244100491356,-5.714597105637836,False,False,True,False,True,,0.0,0.0,0.0,0.0,0,,,False,False,False,False,,,False,False,False,False,1428.0,90.17863999959225,False,False,False,False,167.00023571130149,False,False,False,False
2025-03-25 18:00:00+00:00,18.73,18.745,18.72,18.72,0.0,,,,,,,,,,,,,,,,,,,,,,,,,,,,,,,,,,,,,"rgba(38, 166, 154, 0.5)",,,,56.11585338266222,-4.793203551697218,False,False,True,False,True,,0.0,0.0,0.0,0.0,0,,,False,False,False,False,,,False,False,False,False,1428.0,110.92005643370709,False,False,False,False,164.411084770041,False,False,False,False
2025-03-25 19:00:00+00:00,18.72,18.755,18.7,18.755,400.0,,,,,,,,,,,,,,,,,,,,,,,,,,,,,,,,,,,,,"rgba(38, 166, 154, 0.5)",,18.736666666666665,,59.992397559352426,-1.4004435625388112,False,False,True,False,True,,0.0,0.0,0.0,0.0,0,,,False,False,False,False,,,False,False,False,False,1828.0,137.5414509076031,False,False,False,False,168.0636260914357,False,False,False,False
2025-03-26 14:00:00+00:00,18.755,18.755,18.755,18.755,0.0,,,,,,,,,,,,,,,,,,,,,,,,,,,,,,,,,,,,,"rgba(38, 166, 154, 0.5)",,18.736666666666665,,62.576760343812566,1.0715747083306226,False,False,True,False,True,,0.0,0.0,0.0,0.0,0,,,False,False,False,False,,,False,False,False,False,1828.0,163.75011058345422,False,False,False,False,165.457988477615,False,False,False,False
2025-03-26 15:00:00+00:00,18.755,18.755,18.71,18.71,100.0,,,,,,,,,,,,,,,,,,,,,,,,,,,,,,,,,,,,,"rgba(38, 166, 154, 0.5)",,18.728111111111108,,58.73049989820666,1.0715747083306226,False,False,True,False,True,,0.0,0.0,0.0,0.0,0,,,False,False,False,False,,,False,False,False,False,1728.0,188.00204685347816,False,False,False,False,164.44313594307832,False,False,False,False
2025-03-26 16:00:00+00:00,18.71,18.71,18.71,18.71,0.0,,,,,,,,,,,,,,,,,,,,,,,,,,,,,,,,,,,,,"rgba(38, 166, 154, 0.5)",,18.728111111111108,,56.16632626780272,1.0715747083306226,False,False,True,False,False,,0.0,0.0,0.0,0.0,0,,,False,False,False,False,,,False,False,False,False,1728.0,211.87798411156376,False,False,False,False,161.8936299594647,False,False,False,False
2025-03-26 17:00:00+00:00,18.71,18.71,18.71,18.71,0.0,,,,,,,,,,,,,,,,,,,,,,,,,,,,,,,,,,,,,"rgba(38, 166, 154, 0.5)",,18.728111111111108,,54.456877180866755,1.0715747083306226,False,False,True,False,False,,0.0,0.0,0.0,0.0,0,,,False,False,False,False,,,False,False,False,False,1728.0,235.38375179975657,False,False,False,False,159.38365120040322,False,False,False,False
2025-03-26 18:00:00+00:00,18.71,18.71,18.71,18.71,0.0,,,,,,,,,,,,,,,,,,,,,,,,,,,,,,,,,,,,,"rgba(38, 166, 154, 0.5)",,18.728111111111108,,53.31724445624279,1.0715747083306226,False,False,True,False,False,,0.0,0.0,0.0,0.0,0,,,False,False,False,False,,,False,False,False,False,1728.0,258.5250889811557,False,False,False,False,156.91258684070704,False,False,False,False
2025-03-26 19:00:00+00:00,18.71,18.71,18.56,18.56,167.0,,,,,,,,,,,,,,,,,,,,,,,,,,,,,,,,,,,,,"rgba(239, 83, 80, 0.5)",,18.66978190679941,,42.88799818576144,3.4416258311309917,False,False,False,True,False,,0.0,0.0,0.0,0.0,0,,,False,False,False,False,,,False,False,False,False,1561.0,278.7184984543161,False,False,False,False,157.0689808431767,False,False,False,False
2025-03-27 14:00:00+00:00,18.56,18.56,18.56,18.56,0.0,,,,,,,,,,,,,,,,,,,,,,,,,,,,,,,,,,,,,"rgba(239, 83, 80, 0.5)",,18.66978190679941,,35.93516733877387,-3.0740212280010653,False,False,False,True,False,,0.0,0.0,0.0,0.0,0,,,False,False,False,False,,,False,False,False,False,1561.0,298.59883181161354,False,False,False,False,154.63380284560805,False,False,False,False
2025-03-27 15:00:00+00:00,18.56,18.63,18.56,18.61,139.0,,,,,,,,,,,,,,,,,,,,,,,,,,,,,,,,,,,,,"rgba(239, 83, 80, 0.5)",,18.651736083098708,,36.32660281578999,-3.0740212280010653,False,False,False,True,False,,0.0,0.0,0.0,0.0,0,,,False,False,False,False,,,False,False,False,False,1700.0,320.3259817060071,False,False,False,False,154.39141830536605,False,False,False,False
2025-03-27 16:00:00+00:00,18.61,18.61,18.61,18.61,0.0,,,,,,,,,,,,,,,,,,,,,,,,,,,,,,,,,,,,,"rgba(239, 83, 80, 0.5)",,18.651736083098708,,36.587559800467396,-3.0740212280010653,False,False,False,True,False,,0.0,0.0,0.0,0.0,0,,,False,False,False,False,,,False,False,False,False,1700.0,341.71627656327826,False,False,False,False,151.99775290528285,False,False,False,False
2025-03-27 17:00:00+00:00,18.61,18.61,18.61,18.61,0.0,,,,,,,,,,,,,,,,,,,,,,,,,,,,,,,,,,,,,"rgba(239, 83, 80, 0.5)",,18.651736083098708,,36.76153112358567,-3.563278850352212,False,False,False,True,False,,0.0,0.0,0.0,0.0,0,,,False,False,False,False,,,False,False,False,False,1700.0,362.7749389421421,False,False,False,False,149.6411985966738,False,False,False,False
2025-03-27 18:00:00+00:00,18.61,18.61,18.61,18.61,0.0,,,,,,,,,,,,,,,,,,,,,,,,,,,,,,,,,,,,,"rgba(239, 83, 80, 0.5)",,18.651736083098708,,36.87751200566452,-4.276453779771572,False,False,False,True,False,,0.0,0.0,0.0,0.0,0,,,False,False,False,False,,,False,False,False,False,1700.0,383.5071104314112,False,False,False,False,147.32118001377964,False,False,False,False
2025-03-27 19:00:00+00:00,18.61,18.61,18.55,18.55,685.0,,,,,,,,,,,,,,,,,,,,,,,,,,,,,,,,,,,,,"rgba(239, 83, 80, 0.5)",,18.606896577209124,,33.60249922606583,-8.108466369351802,False,False,False,True,False,,0.0,0.0,0.0,0.0,0,,,False,False,False,False,,,False,False,False,False,1015.0,393.2976978665831,False,False,False,False,155.6572857500001,False,False,False,False
2025-03-28 14:00:00+00:00,18.55,18.55,18.33,18.33,1139.0,,,,,,,,,,,,,,,,,,,,,,,,,,,,,,,,,,,,,"rgba(239, 83, 80, 0.5)",,18.50885525186562,,26.65939323899295,-15.04530301228887,False,False,False,True,False,,0.0,0.0,0.0,0.0,0,,,False,False,False,False,,,False,False,False,False,-124.0,385.27757851981437,False,False,False,False,170.9029092267443,False,False,False,False
2025-03-28 15:00:00+00:00,18.33,18.33,18.33,18.33,496.0,,,,,,,,,,,,,,,,,,,,,,,,,,,,,,,,,,,,,"rgba(239, 83, 80, 0.5)",,18.477889151545526,,22.0306559142777,-19.53896637423441,False,False,False,True,False,,0.0,0.0,0.0,0.0,0,,,False,False,False,False,,,False,False,False,False,-124.0,377.3818021086544,False,False,False,False,175.94317419997304,False,False,False,False
2025-03-28 16:00:00+00:00,18.33,18.33,18.33,18.33,0.0,,,,,,,,,,,,,,,,,,,,,,,,,,,,,,,,,,,,,"rgba(239, 83, 80, 0.5)",,18.477889151545526,,18.944831031134193,-22.566976541350463,False,False,False,True,False,,0.0,0.0,0.0,0.0,0,,,False,False,False,False,,,False,False,False,False,-124.0,369.608440835652,False,False,False,False,173.21537304958585,False,False,False,False
2025-03-28 17:00:00+00:00,18.33,18.33,18.295,18.295,200.0,,,,,,,,,,,,,,,,,,,,,,,,,,,,,,,,,,,,,"rgba(239, 83, 80, 0.5)",,18.466717989647858,,16.432907803146627,-25.130233725382315,False,False,False,True,False,,0.0,0.0,0.0,0.0,0,,,False,False,False,False,,,False,False,False,False,-324.0,358.85482159788995,False,False,False,False,173.6306385837008,False,False,False,False
2025-03-28 18:00:00+00:00,18.295,18.295,18.295,18.295,0.0,,,,,,,,,,,,,,,,,,,,,,,,,,,,,,,,,,,,,"rgba(239, 83, 80, 0.5)",,18.466717989647858,,14.758292317821576,-27.007715732902046,False,False,False,True,False,,0.0,0.0,0.0,0.0,0,,,False,False,False,False,,,False,False,False,False,-324.0,348.26792513900796,False,False,False,False,170.93869069868217,False,False,False,False
2025-03-28 19:00:00+00:00,18.295,18.33,18.26,18.295,728.0,,,,,,,,,,,,,,,,,,,,,,,,,,,,,,,,,,,,,"rgba(239, 83, 80, 0.5)",,18.43377893196455,,13.641881994271543,-28.471679276272727,False,False,False,True,False,,0.0,0.0,0.0,0.0,0,,,False,False,False,False,,,False,False,False,False,-324.0,337.845166609721,False,False,False,False,179.57530014521421,False,False,False,False
2025-03-31 14:00:00+00:00,18.15,18.15,18.115,18.115,200.0,,,,,,,,,,,,,,,,,,,,,,,,,,,,,,,,,,,,,"rgba(239, 83, 80, 0.5)",,18.418374638820964,,11.228699570437788,-31.18143506758655,False,False,False,True,False,,0.0,0.0,0.0,0.0,0,,,False,False,False,False,,,False,False,False,False,-524.0,324.4832260421284,False,False,False,False,179.8919621584667,False,False,False,False
2025-03-31 15:00:00+00:00,18.115,18.115,18.115,18.115,0.0,,,,,,,,,,,,,,,,,,,,,,,,,,,,,,,,,,,,,"rgba(239, 83, 80, 0.5)",,18.418374638820964,,9.619911287881951,-33.122746091553076,False,False,False,True,False,,0.0,0.0,0.0,0.0,0,,,False,False,False,False,,,False,False,False,False,-524.0,311.3284473438008,False,False,False,False,177.10293948934319,False,False,False,False
2025-03-31 16:00:00+00:00,18.115,18.115,18.115,18.115,0.0,,,,,,,,,,,,,,,,,,,,,,,,,,,,,,,,,,,,,"rgba(239, 83, 80, 0.5)",,18.418374638820964,,8.54738576617806,-34.59112732041201,False,False,False,True,False,,0.0,0.0,0.0,0.0,0,,,False,False,False,False,,,False,False,False,False,-524.0,298.3776187028117,False,False,False,False,174.35715748175647,False,False,False,False
2025-03-31 17:00:00+00:00,18.115,18.115,18.11,18.11,276.0,,,,,,,,,,,,,,,,,,,,,,,,,,,,,,,,,,,,,"rgba(239, 83, 80, 0.5)",,18.398521735644533,,7.795960230448301,-35.79521743168442,False,False,False,True,False,,0.0,0.0,0.0,0.0,0,,,False,False,False,False,,,False,False,False,False,-800.0,281.3485083353262,False,False,False,False,175.93301550529512,False,False,False,False
2025-03-31 18:00:00+00:00,18.11,18.11,18.11,18.11,0.0,,,,,,,,,,,,,,,,,,,,,,,,,,,,,,,,,,,,,"rgba(239, 83, 80, 0.5)",,18.398521735644533,,7.295009873295129,-36.79213097498427,False,False,False,True,False,,0.0,0.0,0.0,0.0,0,,,False,False,False,False,,,False,False,False,False,-800.0,264.5834151828405,False,False,False,False,173.2053718540502,False,False,False,False
2025-03-31 19:00:00+00:00,18.11,18.195,18.11,18.195,900.0,,,,,,,,,,,,,,,,,,,,,,,,,,,,,,,,,,,,,"rgba(239, 83, 80, 0.5)",,18.35814550267456,,15.347949913744529,-40.81627243681832,False,False,False,True,True,,0.0,0.0,0.0,0.0,0,,,False,False,False,False,,,False,False,False,False,100.0,262.03173432729255,False,False,False,False,184.47350562375487,False,False,False,False
2025-04-01 14:00:00+00:00,18.17,18.17,18.05,18.06,89.0,,,,,,,,,,,,,,,,,,,,,,,,,,,,,,,,,,,,,"rgba(239, 83, 80, 0.5)",,18.288578826496277,,17.317338609735028,-38.958126163663394,False,False,False,True,True,,0.0,0.0,0.0,0.0,0,,,False,False,False,False,,,False,False,False,False,11.0,258.1397694540012,False,False,False,False,182.9932962342393,False,False,False,False
2025-04-01 15:00:00+00:00,18.06,18.205,18.06,18.17,476.0,,,,,,,,,,,,,,,,,,,,,,,,,,,,,,,,,,,,,"rgba(239, 83, 80, 0.5)",,18.286469853905302,,24.64381845730407,-32.184470860530084,False,False,False,True,True,,0.0,0.0,0.0,0.0,0,,,False,False,False,False,,,False,False,False,False,487.0,261.68799008262135,False,False,False,False,187.5360358275069,False,False,False,False
2025-04-01 16:00:00+00:00,18.235,18.27,18.235,18.245,2638.0,,,,,,,,,,,,,,,,,,,,,,,,,,,,,,,,,,,,,"rgba(239, 83, 80, 0.5)",,18.289404728679433,,32.552529865524875,-25.14730672885687,False,False,False,True,True,,0.0,0.0,0.0,0.0,0,,,False,False,False,False,,,False,False,False,False,3125.0,306.0804243449063,False,False,False,False,225.5277251945223,False,False,False,False
2025-04-01 17:00:00+00:00,18.245,18.245,18.18,18.215,290.0,,,,,,,,,,,,,,,,,,,,,,,,,,,,,,,,,,,,,"rgba(239, 83, 80, 0.5)",,18.286653343530876,,36.80888644881131,-21.566382597114263,False,False,False,True,True,,0.0,0.0,0.0,0.0,0,,,False,False,False,False,,,False,False,False,False,2835.0,345.28847978141937,False,False,False,False,226.5272953465452,False,False,False,False
2025-04-01 18:00:00+00:00,18.215,18.215,18.12,18.12,142.0,,,,,,,,,,,,,,,,,,,,,,,,,,,,,,,,,,,,,"rgba(239, 83, 80, 0.5)",,18.28403500727062,,36.87655486079457,-21.566382597114263,False,False,False,True,True,,0.0,0.0,0.0,0.0,0,,,False,False,False,False,,,False,False,False,False,2693.0,381.68710800186244,False,False,False,False,225.216794643498,False,False,False,False
2025-04-01 19:00:00+00:00,18.12,18.215,18.12,18.215,200.0,,,,,,,,,,,,,,,,,,,,,,,,,,,,,,,,,,,,,"rgba(239, 83, 80, 0.5)",,18.281482495309454,,40.511930866403084,-18.05831757560528,False,False,False,True,True,,0.0,0.0,0.0,0.0,0,,,False,False,False,False,,,False,False,False,False,2893.0,420.62219159873274,False,False,False,False,224.82583658700966,False,False,False,False
2025-04-02 14:00:00+00:00,18.16,18.165,18.145,18.165,0.0,,,,,,,,,,,,,,,,,,,,,,,,,,,,,,,,,,,,,"rgba(239, 83, 80, 0.5)",,18.281482495309454,,41.4711410133834,-16.910424296192062,True,False,False,True,True,,0.0,0.0,0.0,0.0,0,,,False,False,False,False,,,False,False,False,False,2893.0,458.95363048867483,False,False,False,False,221.34016470193973,False,False,False,False
2025-04-02 15:00:00+00:00,18.165,18.25,18.165,18.25,200.0,,,,,,,,,,,,,,,,,,,,,,,,,,,,,,,,,,,,,"rgba(239, 83, 80, 0.5)",,18.280172004705413,,44.93245970707138,-13.339217654732806,True,False,False,True,True,,0.0,0.0,0.0,0.0,0,,,False,False,False,False,,,False,False,False,False,3093.0,499.79155869815276,False,False,False,False,221.00930943524298,False,False,False,False
2025-04-02 16:00:00+00:00,18.25,18.25,18.25,18.25,0.0,,,,,,,,,,,,,,,,,,,,,,,,,,,,,,,,,,,,,#000000,,18.280172004705413,,47.24000550286337,-10.861231057474235,True,False,False,False,True,,0.0,0.0,0.0,0.0,0,,,False,False,False,False,,,False,False,False,False,3093.0,539.9963407338403,False,False,False,False,217.58280851376634,False,False,False,False
2025-04-02 17:00:00+00:00,18.25,18.39,18.25,18.38,200.0,,,,,,,,,,,,,,,,,,,,,,,,,,,,,,,,,,,,,"rgba(38, 166, 154, 1.0)",,18.2937638582241,,52.38090965757419,-5.801285742882371,True,False,True,False,True,,0.0,0.0,0.0,0.0,0,,,False,False,False,False,,,False,False,False,False,3293.0,582.6785680092846,False,False,False,False,217.31020683138237,False,False,False,False
2025-04-02 18:00:00+00:00,18.38,18.38,18.285,18.285,0.0,,,,,,,,,,,,,,,,,,,,,,,,,,,,,,,,,,,,,"rgba(38, 166, 154, 1.0)",,18.2937638582241,,52.55395564676324,-5.370070194270106,True,False,True,False,True,,0.0,0.0,0.0,0.0,0,,,False,False,False,False,,,False,False,False,False,3293.0,624.6990553269701,False,False,False,False,213.94105633787257,False,False,False,False
2025-04-02 19:00:00+00:00,18.285,18.285,18.285,18.285,0.0,,,,,,,,,,,,,,,,,,,,,,,,,,,,,,,,,,,,,"rgba(38, 166, 154, 1.0)",,18.2937638582241,,52.669319639555944,-4.784053049084477,True,False,True,False,True,,0.0,0.0,0.0,0.0,0,,,False,False,False,False,,,False,False,False,False,3293.0,666.0680622211256,False,False,False,False,210.624140735735,False,False,False,False
2025-04-03 14:00:00+00:00,18.085,18.085,17.845,17.845,200.0,,,,,,,,,,,,,,,,,,,,,,,,,,,,,,,,,,,,,"rgba(239, 83, 80, 0.5)",,18.244835449437165,,44.32927853141256,2.0173024057902325,True,False,False,True,False,,0.0,0.0,0.0,0.0,0,,,False,False,False,False,,,False,False,False,False,3093.0,703.6949139696353,False,False,False,False,210.45942537549107,False,False,False,False
2025-04-03 15:00:00+00:00,17.845,17.96,17.75,17.96,1053.0,,,,,,,,,,,,,,,,,,,,,,,,,,,,,,,,,,,,,"rgba(239, 83, 80, 0.5)",,18.173355339984386,,41.73750430854266,-0.4726385908959472,True,False,False,True,False,0.0,0.0,0.0,0.0,0.0,0,,,False,False,False,False,,,False,False,False,False,4146.0,757.0639850708812,False,False,False,False,223.5220699433129,False,False,False,False
2025-04-03 16:00:00+00:00,17.96,18.01,17.925,17.98,100.0,,,,,,,,,,,,,,,,,,,,,,,,,,,,,,,,,,,,,"rgba(239, 83, 80, 0.5)",,18.171332710104043,,40.506948299770045,-1.8265600180561705,True,False,False,True,False,0.0,0.0,0.0,0.0,0.0,0,,,False,False,False,False,,,False,False,False,False,4246.0,811.1560163100924,False,False,False,False,221.6069990914786,False,False,False,False
2025-04-03 17:00:00+00:00,17.98,17.98,17.95,17.95,0.0,,,,,,,,,,,,,,,,,,,,,,,,,,,,,,,,,,,,,"rgba(239, 83, 80, 0.5)",,18.171332710104043,,39.202562008231425,-3.3861212154959546,False,False,False,True,False,0.0,0.0,0.0,0.0,0.0,0,,,False,False,False,False,,,False,False,False,False,4246.0,864.4094114060599,False,False,False,False,218.17123166370374,False,False,False,False
2025-04-03 18:00:00+00:00,17.95,17.95,17.87,17.87,199.0,,,,,,,,,,,,,,,,,,,,,,,,,,,,,,,,,,,,,"rgba(239, 83, 80, 0.5)",,18.164356639147922,,37.07982445768311,-5.756349621817087,False,False,False,True,False,0.0,0.0,0.0,0.0,0.0,0,,,False,False,False,False,,,False,False,False,False,4047.0,913.7519011517024,False,False,False,False,217.87400326581687,False,False,False,False
2025-04-03 19:00:00+00:00,17.87,17.885,17.72,17.75,200.0,,,,,,,,,,,,,,,,,,,,,,,,,,,,,,,,,,,,,"rgba(239, 83, 80, 0.5)",,18.153648986851845,,34.04757729455504,-8.93031925314694,False,False,False,True,False,0.0,0.0,0.0,0.0,0.0,0,,,False,False,False,False,,,False,False,False,False,3847.0,959.2286158625287,False,False,False,False,217.5968869361143,False,False,False,False
2025-04-04 14:00:00+00:00,17.15,17.15,16.55,16.55,300.0,,,,,,,,,,,,,,,,,,,,,,,,,,,,,,,,,,,,,"rgba(239, 83, 80, 1.0)",,18.085598063915477,,26.202159410119766,-16.362781866879757,False,True,False,True,False,0.0,0.0,0.0,0.0,0.0,0,,,False,False,False,False,,,False,False,False,False,3547.0,999.3491024383035,False,False,False,False,218.87445458051562,False,False,False,False
2025-04-04 15:00:00+00:00,16.55,16.85,16.55,16.795,200.0,,,,,,,,,,,,,,,,,,,,,,,,,,,,,,,,,,,,,"rgba(239, 83, 80, 1.0)",,18.045262037207273,,24.71318834884857,-17.735966797694275,False,True,False,True,False,0.0,0.0,0.0,0.0,0.0,0,,,False,False,False,False,,,False,False,False,False,3747.0,1041.9483411601902,False,False,False,False,218.58182737771693,False,False,False,False
2025-04-04 16:00:00+00:00,16.795,16.795,16.57,16.635,1890.0,,,,,,,,,,,,,,,,,,,,,,,,,,,,,,,,,,,,,"rgba(239, 83, 80, 1.0)",,17.76892333214918,,23.10925411569385,-19.407438278179534,False,True,False,True,False,0.0,0.0,0.0,0.0,0.0,0,,,False,False,False,False,,,False,False,False,False,1857.0,1054.584800987164,False,False,False,False,244.49528741837247,False,False,False,False
2025-04-04 17:00:00+00:00,16.635,16.635,16.53,16.53,224.0,,,,,,,,,,,,,,,,,,,,,,,,,,,,,,,,,,,,,"rgba(239, 83, 80, 1.0)",,17.742620980057815,,21.65097121312388,-21.062449033029115,False,True,False,True,False,0.0,0.0,0.0,0.0,0.0,0,,,False,False,False,False,,,False,False,False,False,1633.0,1063.5524784912388,False,False,False,False,244.17753102428918,False,False,False,False
2025-04-04 18:00:00+00:00,16.53,16.61,16.45,16.5,2225.0,,,,,,,,,,,,,,,,,,,,,,,,,,,,,,,,,,,,,"rgba(239, 83, 80, 1.0)",,17.53092463502893,,20.563258153655546,-22.45875980216345,False,True,False,True,False,0.0,0.0,0.0,0.0,0.0,0,,,False,False,False,False,,,False,False,False,False,-592.0,1037.884998204553,False,False,False,False,274.8879568998816,False,False,False,False
2025-04-04 19:00:00+00:00,16.5,16.66,16.47,16.66,150.0,,,,,,,,,,,,,,,,,,,,,,,,,,,,,,,,,,,,,"rgba(239, 83, 80, 1.0)",,17.520541481751895,,22.55598044625543,-22.45875980216345,False,True,False,True,False,0.0,0.0,0.0,0.0,0.0,0,,,False,False,False,False,,,False,False,False,False,-442.0,1014.9410447440173,False,False,False,False,272.95170950608497,False,False,False,False
2025-04-07 14:00:00+00:00,15.59,16.48,15.59,15.925,900.0,,,,,,,,,,,,,,,,,,,,,,,,,,,,15.998333333333335,,,,,,,,15.998333333333335,"rgba(239, 83, 80, 1.0)",,17.184234670007367,,20.87195681717523,-22.704537396212572,False,True,False,True,False,0.0,0.0,0.0,0.0,0.0,0,,,False,False,False,False,,,False,False,False,False,-1342.0,978.399323120079,False,False,False,False,282.67338842847124,False,False,False,False
2025-04-07 15:00:00+00:00,15.925,16.07,15.925,16.06,368.0,,,,,,,,,,,,,,,,,,,,,,,,,,,,16.004137749737122,,,,,,,,16.004137749737122,"rgba(239, 83, 80, 1.0)",,17.155199808684475,,21.556890270768005,-22.704537396212572,False,True,False,True,False,0.0,0.0,0.0,0.0,0.0,0,,,False,False,False,False,,,False,False,False,False,-974.0,948.1295661724808,False,False,False,False,283.9962816311306,False,False,False,False
2025-04-07 16:00:00+00:00,16.06,16.06,15.9,15.9,1.0,,,,,,,,,,,,,,,,,,,,,,,,,,,,16.004097714736016,,,,,,,,16.004097714736016,"rgba(239, 83, 80, 1.0)",,17.155109832233098,,21.397674512978572,-23.005131084839434,False,True,False,True,False,0.0,0.0,0.0,0.0,0.0,0,,,False,False,False,False,,,False,False,False,False,-975.0,918.3136039062408,False,False,False,False,279.60874238103554,False,False,False,False
2025-04-07 17:00:00+00:00,15.9,16.19,15.9,16.19,560.0,,,,,,,,,,,,,,,,,,,,,,,,,,,,16.031419719336615,,,,,,,,16.031419719336615,"rgba(239, 83, 80, 0.75)",,17.119615115317327,,25.004107052341272,-23.005131084839434,False,True,False,True,True,0.0,0.0,0.0,0.0,0.0,0,,,False,False,False,False,,,False,False,False,False,-415.0,897.6420751635084,False,False,False,False,283.95589366194974,False,False,False,False
2025-04-07 18:00:00+00:00,16.19,16.19,15.96,15.96,100.0,,,,,,,,,,,,,,,,,,,,,,,,,,,,16.03169172282703,,,,,,,,16.03169172282703,"rgba(239, 83, 80, 0.75)",,17.11250918211933,,26.207391340332883,-23.005131084839434,False,True,False,True,True,0.0,0.0,0.0,0.0,0.0,0,,,False,False,False,False,,,False,False,False,False,-515.0,875.7406476415935,False,False,False,False,281.10386430284973,False,False,False,False
2025-04-07 19:00:00+00:00,15.96,15.995,15.74,15.995,1601.0,,,,,,,,,,,,,,,,,,,,,,,,,,,,15.976499527856468,,,,,,,,15.976499527856468,"rgba(239, 83, 80, 0.5)",,16.990467332741428,,27.45660344210105,-27.57263334246762,False,False,False,True,True,0.0,0.0,0.0,0.0,0.0,0,,,False,False,False,False,,,False,False,False,False,1086.0,879.0004825618788,False,False,False,False,301.5673702826505,False,False,False,False
2025-04-08 14:00:00+00:00,16.59,16.78,16.59,16.78,100.0,,,,,,,,,,,,,,,,,,,,,,,,,,,,15.996889807162534,,,,,,,,15.996889807162534,"rgba(239, 83, 80, 0.5)",,16.991805179796692,,35.79777926804783,-19.72894865261363,True,False,False,True,True,0.0,0.0,0.0,0.0,0.0,0,,,False,False,False,False,,,False,False,False,False,1186.0,883.7601650027799,False,False,False,False,298.4422947743923,False,False,False,False
2025-04-08 15:00:00+00:00,16.78,16.78,16.55,16.55,200.0,,,,,,,,,,,,,,,,,,,,,,,,,,,,16.02977632724108,,,,,,,,16.02977632724108,"rgba(239, 83, 80, 0.5)",,16.992296458194513,,39.68200136106184,-16.33047397917396,True,False,False,True,True,0.0,0.0,0.0,0.0,0.0,0,,,False,False,False,False,,,False,False,False,False,986.0,885.3452787236671,False,False,False,False,296.9160576461071,False,False,False,False
2025-04-08 16:00:00+00:00,16.55,16.55,16.475,16.475,820.0,,,,,,,,,,,,,,,,,,,,,,,,,,,,16.112697491039427,,,,,,,,16.112697491039427,"rgba(239, 83, 80, 0.5)",,16.981636772706768,,41.73427287212362,-14.5538089541365,True,False,False,True,True,0.0,0.0,0.0,0.0,0.0,0,,,False,False,False,False,,,False,False,False,False,166.0,874.1926387434552,False,False,False,False,305.02588620973336,False,False,False,False
2025-04-08 17:00:00+00:00,16.475,16.475,16.375,16.375,200.0,,,,,,,,,,,,,,,,,,,,,,,,,,,,16.124888659793815,,,,,,,,16.124888659793815,"rgba(239, 83, 80, 0.5)",,16.977133702482643,,42.361744828971574,-13.913949070978497,True,False,False,True,True,0.0,0.0,0.0,0.0,0.0,0,,,False,False,False,False,,,False,False,False,False,-34.0,860.1121327164249,False,False,False,False,303.39757789640413,False,False,False,False
2025-04-08 18:00:00+00:00,16.375,16.375,16.16,16.16,200.0,,,,,,,,,,,,,,,,,,,,,,,,,,,,16.129117491749174,,,,,,,,16.129117491749174,"rgba(239, 83, 80, 0.5)",,16.969751745306315,,41.25422950118601,-13.913949070978497,True,False,False,True,True,0.0,0.0,0.0,0.0,0.0,0,,,False,False,False,False,,,False,False,False,False,-234.0,843.1491539146199,False,False,False,False,301.79451467320405,False,False,False,False
2025-04-08 19:00:00+00:00,16.16,16.16,15.73,15.955,500.0,,,,,,,,,,,,,,,,,,,,,,,,,,,,16.112830630630633,,,,,,,,16.112830630630633,"rgba(239, 83, 80, 0.5)",,16.799186239798775,,39.19916755369259,-13.913949070978497,True,False,False,True,False,0.0,0.0,0.0,0.0,0.0,0,,,False,False,False,False,,,False,False,False,False,-734.0,818.6972290477265,False,False,False,False,304.8674679340846,False,False,False,False
2025-04-09 14:00:00+00:00,15.76,15.975,15.76,15.89,300.0,,,,,,,,,,,,,,,,,,,,,,,,,,,,16.10063418803419,,,,,,,,16.10063418803419,"rgba(239, 83, 80, 0.5)",,16.77983955534864,,37.42167399002443,-13.913949070978497,True,False,False,True,False,0.0,0.0,0.0,0.0,0.0,0,,,False,False,False,False,,,False,False,False,False,-1034.0,789.9732410004749,True,False,False,False,304.7920033149515,True,False,False,False
2025-04-09 15:00:00+00:00,15.84,15.95,15.84,15.95,1500.0,,,,,,,,,,,,,,,,,,,,,,,,,,,,16.062409523809524,,,,,,,,16.062409523809524,"rgba(239, 83, 80, 0.5)",,16.713513632358037,,37.00630918951258,-13.913949070978497,True,False,False,True,False,0.0,0.0,0.0,0.0,0.0,0,,,False,False,False,False,,,False,False,False,False,466.0,784.9504000547311,False,False,False,False,323.32235985270415,False,False,False,False
2025-04-09 16:00:00+00:00,15.95,15.995,15.9,15.995,200.0,,,,,,,,,,,,,,,,,,,,,,,,,,,,16.059784988962473,,,,,,,,16.059784988962473,"rgba(239, 83, 80, 0.5)",0.9955415340134972,16.706683778678666,-0.7148710067469856,37.338170979549304,-13.913949070978497,True,False,False,True,False,0.0,0.0,0.0,0.0,0.0,0,,,False,False,False,False,,,False,False,False,False,666.0,783.1062078058205,False,False,False,False,321.41038528134436,False,False,False,False
2025-04-09 17:00:00+00:00,15.995,16.98,15.995,16.98,900.0,,,,,,,,,,,,,,,,,,,,,,,,,,,,16.122825641025642,,,,,,,,16.122825641025642,"rgba(239, 83, 80, 0.5)",0.9942919659302869,16.734600529548953,0.2468082604101556,46.10201979974424,-9.513577237727112,True,False,False,True,True,0.0,0.0,0.0,0.0,0.0,0,,,False,False,False,False,,,False,False,False,False,1566.0,795.2440960568931,False,False,False,False,330.3807669048894,False,False,False,False
2025-04-09 18:00:00+00:00,16.935,16.99,16.93,16.93,425.0,,,,,,,,,,,,,,,,,,,,,,,,,,,,16.16243680751174,,,,,,,,16.16243680751174,"rgba(38, 166, 154, 1.0)",0.9930489268768041,16.75383775356271,0.17739533437826696,51.455454245883345,-4.746303153862215,True,False,True,False,True,0.0,0.0,0.0,0.0,0.0,0,,,False,False,False,False,,,False,False,False,False,1141.0,800.6046527071737,False,False,False,False,331.84773175907713,False,False,False,False
2025-04-09 19:00:00+00:00,16.93,17.485,16.93,17.485,427.0,,,,,,,,,,,,,,,,,,,,,,,,,,,,16.214655629613706,,,,,,,,16.214655629613706,"rgba(38, 166, 154, 1.0)",0.9875661364556173,16.782128266302205,0.7117211777030006,57.84445804126427,0.8767279261149383,True,False,True,False,True,0.0,0.0,0.0,0.0,0.0,0,,,False,False,False,False,,,False,False,False,False,1568.0,812.5022549907835,False,False,False,False,333.3229607240526,False,False,False,False
2025-04-10 14:00:00+00:00,17.37,17.56,17.36,17.43,1804.0,,,,,,,,,,,,,,,,,,,,,,,,,,,,16.415318446485383,,,,,,,,16.415318446485383,"rgba(38, 166, 154, 1.0)",0.9826917299112866,16.886513832475945,0.5530586561190644,61.531256324971594,3.9833330481990927,True,False,True,False,True,0.0,0.0,0.0,0.0,0.0,0,,,False,False,False,False,,,False,False,False,False,-236.0,796.2464060761978,False,False,False,False,356.1241551314316,False,False,False,False
2025-04-10 15:00:00+00:00,17.43,17.45,17.22,17.22,3730.0,,,,,,,,,,,,,,,,,,,,,,,,,,,,16.636903028669003,,,,,,,,16.636903028669003,"rgba(38, 166, 154, 1.0)",0.9789279068689624,16.98246385345053,0.2426492746633548,61.81659003705043,4.170726696702118,True,False,True,False,True,0.0,0.0,0.0,0.0,0.0,0,,,False,False,False,False,,,False,False,False,False,-3966.0,722.4131284626133,False,False,False,False,408.4323077650528,False,False,False,False
2025-04-10 16:00:00+00:00,17.22,17.31,17.05,17.31,900.0,,,,,,,,,,,,,,,,,,,,,,,,,,,,16.670443145229626,,,,,,,,16.670443145229626,"rgba(38, 166, 154, 1.0)",0.973900974487709,16.995260955267867,0.3231735597119523,62.55365138976209,5.077234807068024,True,False,True,False,True,0.0,0.0,0.0,0.0,0.0,0,,,False,False,False,False,,,False,False,False,False,-3066.0,663.678041199627,False,False,False,False,416.0535122958272,False,False,False,False
2025-04-10 17:00:00+00:00,17.33,17.56,17.29,17.525,2816.0,,,,,,,,,,,,,,,,,,,,,,,,,,,,16.790036653730056,,,,,,,,16.790036653730056,"rgba(38, 166, 154, 1.0)",0.9662375111368472,17.054348029542716,0.4870975976740203,64.30308825997506,7.05923057846617,True,False,True,False,True,0.0,0.0,0.0,0.0,0.0,0,,,False,False,False,False,,,False,False,False,False,-250.0,649.5124901732762,False,False,False,False,453.2619849734113,False,False,False,False
2025-04-10 18:00:00+00:00,17.525,17.62,17.38,17.57,2500.0,,,,,,,,,,,,,,,,,,,,,,,,,,,,16.87711824688074,,,,,,,,16.87711824688074,"rgba(38, 166, 154, 1.0)",0.9581765386813018,17.100371851661155,0.49012695404249296,65.7281365210811,8.780366017480482,True,False,True,False,True,0.0,0.0,0.0,0.0,0.0,0,,,False,False,False,False,,,False,False,False,False,2250.0,674.326250015551,False,False,False,False,484.9943572994049,False,False,False,False
2025-04-10 19:00:00+00:00,17.57,17.59,17.46,17.51,1500.0,,,,,,,,,,,,,,,,,,,,,,,,,,,,16.919878207402153,,,,,,,,16.919878207402153,"rgba(38, 166, 154, 1.0)",0.9497130766331108,17.123369821667705,0.4071020899311657,65.8803360246142,9.384752184665587,True,False,True,False,True,0.0,0.0,0.0,0.0,0.0,0,,,False,False,False,False,,,False,False,False,False,750.0,675.4994864494183,False,False,False,False,500.73087889166214,False,False,False,False
2025-04-11 14:00:00+00:00,17.53,17.53,17.53,17.53,0.0,,,,,,,,,,,,,,,,,,,,,,,,,,,,16.919878207402153,,,,,,,,16.919878207402153,"rgba(38, 166, 154, 1.0)",0.9410174529980024,17.123369821667705,0.43211757341673823,66.12742280570332,10.156353105981026,True,False,True,False,True,0.0,0.0,0.0,0.0,0.0,0,,,False,False,False,False,,,False,False,False,False,750.0,676.6545331711327,False,False,False,False,492.96760945148134,False,False,False,False
2025-04-11 15:00:00+00:00,17.53,17.53,17.53,17.53,0.0,,,,,,,,,,,,,,,,,,,,,,,,,,,,16.919878207402153,,,,,,,,16.919878207402153,"rgba(38, 166, 154, 1.0)",0.9321256005148318,17.123369821667705,0.436239684982052,66.2921473264294,10.879137012368233,True,False,True,False,True,0.0,0.0,0.0,0.0,0.0,0,,,False,False,False,False,,,False,False,False,False,750.0,677.7916721917352,False,False,False,False,485.32470077781494,False,False,False,False
2025-04-11 16:00:00+00:00,17.53,17.53,17.36,17.37,170.0,,,,,,,,,,,,,,,,,,,,,,,,,,,,16.923619986503535,,,,,,,,16.923619986503535,"rgba(38, 166, 154, 0.75)",0.9225887832957129,17.12521935881543,0.2653193336148703,63.83315515204,10.879137012368233,True,False,True,False,False,0.0,0.0,0.0,0.0,0.0,0,,,False,False,False,False,,,False,False,False,False,580.0,676.2755222352741,False,False,False,False,480.4359457269961,False,False,False,False
2025-04-11 17:00:00+00:00,17.37,17.38,17.37,17.375,0.0,,,,,,,,,,,,,,,,,,,,,,,,,,,,16.923619986503535,,,,,,,,16.923619986503535,"rgba(38, 166, 154, 0.75)",0.9125596364567583,17.12521935881543,0.2737143209121187,62.24929448200747,10.879137012368233,True,False,True,False,False,0.0,0.0,0.0,0.0,0.0,0,,,False,False,False,False,,,False,False,False,False,580.0,674.7828784796885,False,False,False,False,472.9873264133993,False,False,False,False
2025-04-11 18:00:00+00:00,17.375,17.44,17.375,17.41,300.0,,,,,,,,,,,,,,,,,,,,,,,,,,,,16.92993629282136,,,,,,,,16.92993629282136,"rgba(38, 166, 154, 0.75)",0.9027596579378151,17.128304208200692,0.31203852467531507,61.61497754815044,10.879137012368233,True,False,True,False,False,0.0,0.0,0.0,0.0,0.0,0,,,False,False,False,False,,,False,False,False,False,880.0,677.964539278453,False,False,False,False,470.30535236047837,False,False,False,False
2025-04-11 19:00:00+00:00,17.41,17.42,17.41,17.42,0.0,,,,,,,,,,,,,,,,,,,,,,,,,,,,16.92993629282136,,,,,,,,16.92993629282136,"rgba(38, 166, 154, 0.75)",0.8924939397174826,17.128304208200692,0.32683223808964496,61.32213024950133,10.879137012368233,True,False,True,False,False,0.0,0.0,0.0,0.0,0.0,0,,,False,False,False,False,,,False,False,False,False,880.0,681.096872002818,False,False,False,False,463.0137965099283,False,False,False,False
2025-04-14 14:00:00+00:00,17.42,17.42,17.42,17.42,0.0,,,,,,,,,,,,,,,,,,,,,,,,,,,,16.92993629282136,,,,,,,,16.92993629282136,"rgba(38, 166, 154, 0.75)",0.881768784426615,17.128304208200692,0.33080757331298544,61.126898717068585,10.879137012368233,True,False,True,False,False,0.0,0.0,0.0,0.0,0.0,0,,,False,False,False,False,,,False,False,False,False,880.0,684.1806414291309,False,False,False,False,455.83528803690615,False,False,False,False
2025-04-14 15:00:00+00:00,17.42,17.665,17.42,17.53,440.0,,,,,,,,,,,,,,,,,,,,,,,,,,,,16.941346006308073,,,,,,,,16.941346006308073,"rgba(38, 166, 154, 0.75)",0.8705345411799514,17.134617648203623,0.45418341615769087,62.57328896054588,10.879137012368233,True,False,True,False,False,0.0,0.0,0.0,0.0,0.0,0,,,False,False,False,False,,,False,False,False,False,1320.0,694.0383059030978,False,False,False,False,455.58977969524864,False,False,False,False
2025-04-14 16:00:00+00:00,17.53,17.58,17.53,17.58,60.0,,,,,,,,,,,,,,,,,,,,,,,,,,,,16.942932573760732,,,,,,,,16.942932573760732,"rgba(38, 166, 154, 1.0)",0.8616403432297505,17.13551252946769,0.5158619533368219,64.20548110724917,10.879137012368233,True,False,True,False,True,0.0,0.0,0.0,0.0,0.0,0,,,False,False,False,False,,,False,False,False,False,1380.0,704.673370927856,False,False,False,False,449.45660481625254,False,False,False,False
2025-04-14 17:00:00+00:00,17.58,17.62,17.495,17.52,604.0,,,,,,,,,,,,,,,,,,,,,,,,,,,,16.9580054712758,,,,,,,,16.9580054712758,"rgba(38, 166, 154, 1.0)",0.8523727190919789,17.143939459531,0.4411926051195192,63.65989080600572,10.879137012368233,True,False,True,False,True,0.0,0.0,0.0,0.0,0.0,0,,,False,False,False,False,,,False,False,False,False,776.0,705.7792101382768,False,False,False,False,451.8526264470083,False,False,False,False
2025-04-14 18:00:00+00:00,17.52,17.65,17.52,17.65,220.0,,,,,,,,,,,,,,,,,,,,,,,,,,,,16.963867028122348,,,,,,,,16.963867028122348,"rgba(38, 166, 154, 1.0)",0.8421373119938659,17.147357532358196,0.596865214832642,65.17308604623179,11.97891922782022,True,False,True,False,True,0.7066027113721809,0.0,0.0,0.0,0.0,0,,,False,False,False,False,,,False,False,False,False,996.0,710.2787572679159,False,False,False,False,448.2580120834888,False,False,False,False
2025-04-14 19:00:00+00:00,17.65,17.67,17.62,17.62,571.0,,,,,,,,,,,,,,,,,,,,,,,,,,,,16.979284959398537,,,,,,,,16.979284959398537,"rgba(38, 166, 154, 1.0)",0.8314822702654383,17.15652630731154,0.5574065849179236,65.32743633457217,12.302621934879106,True,False,True,False,True,0.3078772122634277,0.0,0.0,0.0,0.0,0,,,False,False,False,False,,,False,False,False,False,425.0,705.8558307986459,False,False,False,False,450.16098864033387,False,False,False,False
2025-04-15 14:00:00+00:00,17.61,17.76,17.61,17.76,100.0,,,,,,,,,,,,,,,,,,,,,,,,,,,,16.982205833366642,,,,,,,,16.982205833366642,"rgba(38, 166, 154, 1.0)",0.8210737696060791,17.15832685411557,0.7327881709984401,67.3181222933852,14.323617421778394,True,False,True,False,True,2.135296316511006,0.0,0.0,0.0,0.0,0,,,False,False,False,False,,,False,False,False,False,525.0,703.0518644296747,False,False,False,False,444.7321361032744,False,False,False,False
2025-04-15 15:00:00+00:00,17.76,17.79,17.755,17.79,1155.0,,,,,,,,,,,,,,,,,,,,,,,,,,,,17.017339841560954,,,,,,,,17.017339841560954,"rgba(38, 166, 154, 1.0)",0.8105488353050766,17.18065740760374,0.7517654283802824,69.01081199604171,15.986216447008744,True,False,True,False,True,2.5230273353993766,0.0,0.0,0.0,0.0,0,,,False,False,False,False,,,False,False,False,False,1680.0,718.1983471516952,False,False,False,False,455.7440409698903,False,False,False,False
2025-04-15 16:00:00+00:00,17.79,17.86,17.79,17.83,1120.0,,,,,,,,,,,,,,,,,,,,,,,,,,,,17.050552726073573,,,,,,,,17.050552726073573,"rgba(38, 166, 154, 1.0)",0.8011902013496799,17.280368407803202,0.686018864522919,70.63807669280018,17.55248046249993,True,False,True,False,True,3.043973895781928,0.0,0.0,0.0,0.0,0,,,False,False,False,False,,,False,False,False,False,2800.0,750.4743417694983,False,False,False,True,466.0425829703571,False,False,False,True
2025-04-15 17:00:00+00:00,17.83,17.83,17.68,17.68,5.0,,,,,,,,,,,,,,,,,,,,,,,,,,,,17.05067718064256,,,,,,,,17.05067718064256,"rgba(38, 166, 154, 0.75)",0.7945930285882723,17.280383868241703,0.5029192522218345,67.13832977799542,20.489517286575193,True,False,True,False,False,0.9548985199450435,0.0,0.0,0.0,0.0,0,,,False,False,False,False,,,False,False,False,False,2795.0,782.1724139901263,False,False,False,False,458.89463594756086,False,False,False,False
2025-04-15 18:00:00+00:00,17.68,17.68,17.65,17.65,299.0,,,,,,,,,,,,,,,,,,,,,,,,,,,,17.057279134657197,,,,,,,,17.057279134657197,"rgba(38, 166, 154, 0.75)",0.787703784586728,17.279583243254578,0.4702487965571491,63.999379583890565,17.70039302963653,True,False,True,False,False,0.5422232753522884,0.0,0.0,0.0,0.0,0,,,False,False,False,False,,,False,False,False,False,2496.0,808.7433843158607,False,False,False,False,456.4156493437227,False,False,False,False
2025-04-15 19:00:00+00:00,17.65,17.7,17.65,17.65,2444.0,,,,,,,,,,,,,,,,,,,,,,,,,,,,17.106857800710163,,,,,,,,17.106857800710163,"rgba(38, 166, 154, 0.75)",0.7806470347044141,17.296913813901973,0.4522994008831642,61.906746121153994,15.892870975130137,True,False,True,False,False,0.5422232753522884,0.0,0.0,0.0,0.0,0,,,False,False,False,False,,,False,False,False,False,2496.0,834.9024016132892,False,False,False,False,487.23091059420756,False,False,False,False
2025-04-16 14:00:00+00:00,17.51,17.51,17.445,17.465,117.0,,,,,,,,,,,,,,,,,,,,,,,,,,,,17.10827961446209,,,,,,,,17.10827961446209,"rgba(38, 166, 154, 0.75)",0.7733968772433282,17.296705939305788,0.21760374995833182,55.91698144827647,10.52510907664864,True,False,True,False,False,0.0,0.0,0.0,0.0,0.0,0,,,False,False,False,False,,,False,False,False,False,2379.0,858.8418992626955,False,False,False,False,481.49089647646787,False,False,False,False
2025-04-16 15:00:00+00:00,17.465,17.555,17.465,17.555,0.0,,,,,,,,,,,,,,,,,,,,,,,,,,,,17.10827961446209,,,,,,,,17.10827961446209,"rgba(38, 166, 154, 0.5)",0.7661514622207968,17.296705939305788,0.33713185111663213,54.08387451695057,9.089069508933896,False,False,True,False,False,0.0,0.0,0.0,0.0,0.0,0,,,False,False,False,False,,,False,False,False,False,2379.0,882.4102419097856,False,False,False,False,474.0259213372978,False,False,False,False
2025-04-16 16:00:00+00:00,17.555,17.555,17.555,17.555,0.0,,,,,,,,,,,,,,,,,,,,,,,,,,,,17.10827961446209,,,,,,,,17.10827961446209,#000000,0.7587068360460877,17.296705939305788,0.34043987535459824,52.861803229399975,8.043120663170171,False,False,False,False,False,0.0,0.0,0.0,0.0,0.0,0,,,False,False,False,False,,,False,False,False,False,2379.0,905.6131838956803,False,False,False,False,466.67668224679704,False,False,False,False
2025-04-16 17:00:00+00:00,17.555,17.555,17.3,17.3,300.0,,,,,,,,,,,,,,,,,,,,,,,,,,,,17.11100529708551,,,,,,,,17.11100529708551,"rgba(239, 83, 80, 1.0)",0.7534560730753028,17.29497745602983,0.006666007680674141,47.12239773564947,2.7831213841875027,False,True,False,True,False,0.0,0.0,0.0,0.0,0.0,0,,,False,False,False,False,,,False,False,False,False,2079.0,923.8052275562123,False,False,False,False,464.09254763831956,False,False,False,False
2025-04-16 18:00:00+00:00,17.3,17.3,17.24,17.24,1109.0,,,,,,,,,,,,,,,,,,,,,,,,,,,,17.116239888910005,,,,,,,,17.116239888910005,"rgba(239, 83, 80, 1.0)",0.7480738750434509,17.28477762154112,-0.059857218698516325,42.44087022305982,-1.3498623456332908,False,True,False,True,False,0.0,0.0,0.0,0.0,0.0,0,,,False,False,False,False,,,False,False,False,False,970.0,924.5214255785966,False,False,False,False,474.09111279121385,False,False,False,False
2025-04-16 19:00:00+00:00,17.12,17.17,17.04,17.16,5292.0,,,,,,,,,,,,,,,,,,,,,,,,,,,17.123333333333335,17.117258351872955,,,,,,,,17.120295842603145,"rgba(239, 83, 80, 1.0)",0.7426383027077521,17.230423621235374,-0.09482896448863576,38.24533561654887,-5.023146167773348,False,True,False,True,False,0.0,0.0,0.0,0.0,0.0,0,,,False,False,False,False,,,False,False,False,False,-4322.0,843.1800081277656,False,False,False,False,548.7873746084043,False,False,False,False
2025-04-17 14:00:00+00:00,17.16,17.16,17.16,17.16,0.0,,,,,,,,,,,,,,,,,,,,,,,,,,,17.123333333333335,17.117258351872955,,,,,,,,17.120295842603145,"rgba(239, 83, 80, 1.0)",0.7370137761984565,17.230423621235374,-0.09555265248720549,35.448312545541576,-7.4754871583096545,False,True,False,True,False,0.0,0.0,0.0,0.0,0.0,0,,,False,False,False,False,,,False,False,False,False,-4322.0,763.0996979242343,False,False,False,False,540.2790432191267,False,False,False,False
2025-04-17 15:00:00+00:00,17.16,17.28,17.16,17.27,1800.0,,,,,,,,,,,,,,,,,,,,,,,,,,,17.152098138747885,17.122818260989533,,,,,,,,17.13745819986871,"rgba(239, 83, 80, 1.0)",0.7309658241231518,17.23207915121922,0.05187773152905968,36.97402956496731,-7.4754871583096545,False,True,False,True,False,0.0,0.0,0.0,0.0,0.0,0,,,False,False,False,False,,,False,False,False,False,-2522.0,712.167919661843,False,False,False,False,559.8096006885976,False,False,False,False
2025-04-17 16:00:00+00:00,17.27,17.295,17.27,17.295,0.0,,,,,,,,,,,,,,,,,,,,,,,,,,,17.152098138747885,17.122818260989533,,,,,,,,17.13745819986871,"rgba(239, 83, 80, 0.75)",0.7233108623569856,17.23207915121922,0.0869900509661179,38.7058458278425,-7.4754871583096545,False,True,False,True,True,0.0,0.0,0.0,0.0,0.0,0,,,False,False,False,False,,,False,False,False,False,-2522.0,662.0257813725121,False,False,False,False,551.1303820732704,False,False,False,False
2025-04-17 17:00:00+00:00,17.295,17.35,17.295,17.35,111.0,,,,,,,,,,,,,,,,,,,,,,,,,,,17.154865333888658,17.123416217424573,,,,,,,,17.139140775656614,"rgba(239, 83, 80, 0.75)",0.7176057099514731,17.23258001435725,0.16362744054906098,41.42732943207908,-7.4754871583096545,False,True,False,True,True,0.0,0.0,0.0,0.0,0.0,0,,,False,False,False,False,,,False,False,False,False,-2411.0,614.3819708085972,False,False,False,False,544.3066552194213,False,False,False,False
2025-04-17 18:00:00+00:00,17.35,17.42,17.35,17.39,200.0,,,,,,,,,,,,,,,,,,,,,,,,,,,17.161127695979108,17.124767293660774,,,,,,,,17.142947494819943,"rgba(239, 83, 80, 0.75)",0.7100255863934315,17.233902686201496,0.2198474488664547,44.34603220287275,-12.6951736697944,False,True,False,True,True,0.0,0.0,0.0,0.0,0.0,0,,,False,False,False,False,,,False,False,False,False,-2211.0,570.5775991681538,False,False,False,False,538.9685675416007,False,False,False,False
2025-04-17 19:00:00+00:00,17.39,17.39,17.31,17.33,1670.0,,,,,,,,,,,,,,,,,,,,,,,,,,,17.194664939931666,17.133748943953673,,,,,,,,17.16420694194267,"rgba(239, 83, 80, 0.75)",0.7006973810567747,17.240863404369566,0.12721125844083836,44.699140690928395,-12.082070592031805,False,True,False,True,True,0.0,0.0,0.0,0.0,0.0,0,,,False,False,False,False,,,False,False,False,False,-3881.0,501.5608922043064,False,False,False,False,556.5039385874674,False,False,False,False
2025-04-18 14:00:00+00:00,17.33,17.33,17.33,17.33,0.0,,,,,,,,,,,,,,,,,,,,,,,,,,,17.194664939931666,17.133748943953673,,,,,,,,17.16420694194267,"rgba(239, 83, 80, 0.75)",0.6916072024802271,17.240863404369566,0.12888326684680582,44.934546349632164,-11.432560510467553,False,True,False,True,True,0.0,0.0,0.0,0.0,0.0,0,,,False,False,False,False,,,False,False,False,False,-3881.0,433.6142117050148,False,False,False,False,547.8759705473516,False,False,False,False
2025-04-18 15:00:00+00:00,17.33,17.33,17.33,17.33,0.0,,,,,,,,,,,,,,,,,,,,,,,,,,,17.194664939931666,17.133748943953673,,,,,,,,17.16420694194267,"rgba(239, 83, 80, 0.75)",0.6839580225251986,17.240863404369566,0.1303246583779167,45.09148345543468,-10.771606010210597,False,True,False,True,True,0.0,0.0,0.0,0.0,0.0,0,,,False,False,False,False,,,False,False,False,False,-3881.0,366.7209681126889,False,False,False,False,539.3817694535942,False,False,False,False
2025-04-18 16:00:00+00:00,17.33,17.33,17.33,17.33,0.0,,,,,,,,,,,,,,,,,,,,,,,,,,,17.194664939931666,17.133748943953673,,,,,,,,17.16420694194267,"rgba(239, 83, 80, 0.75)",0.6742463126262491,17.240863404369566,0.13220182885871046,45.19610819263635,-10.120349035652438,False,True,False,True,True,0.0,0.0,0.0,0.0,0.0,0,,,False,False,False,False,,,False,False,False,False,-3881.0,300.8648290721821,False,False,False,False,531.01926140005,False,False,False,False
2025-04-18 17:00:00+00:00,17.33,17.33,17.33,17.33,0.0,,,,,,,,,,,,,,,,,,,,,,,,,,,17.194664939931666,17.133748943953673,,,,,,,,17.16420694194267,"rgba(239, 83, 80, 0.75)",0.6651828645141478,17.240863404369566,0.13400314467742294,45.265858017437466,-9.495071272291732,False,True,False,True,True,0.0,0.0,0.0,0.0,0.0,0,,,False,False,False,False,,,False,False,False,False,-3881.0,236.029715443156,False,False,False,False,522.7864046341577,False,False,False,False
2025-04-18 18:00:00+00:00,17.33,17.33,17.33,17.33,0.0,,,,,,,,,,,,,,,,,,,,,,,,,,,17.194664939931666,17.133748943953673,,,,,,,,17.16420694194267,"rgba(239, 83, 80, 0.75)",0.6540221157789176,17.240863404369566,0.1362898799290195,45.31235790063822,-8.907246325143745,False,True,False,True,True,0.0,0.0,0.0,0.0,0.0,0,,,False,False,False,False,,,False,False,False,False,-3881.0,172.19979737426985,False,False,False,False,514.6811890584344,False,False,False,False
2025-04-18 19:00:00+00:00,17.33,17.33,17.33,17.33,0.0,,,,,,,,,,,,,,,,,,,,,,,,,,,17.194664939931666,17.133748943953673,,,,,,,,17.16420694194267,"rgba(239, 83, 80, 0.75)",0.642430232479456,17.240863404369566,0.13874906740675913,45.34335782277205,-8.364114185265791,False,True,False,True,True,0.0,0.0,0.0,0.0,0.0,0,,,False,False,False,False,,,False,False,False,False,-3881.0,109.35949043823467,False,False,False,False,506.70163573969893,False,False,False,False
2025-04-21 14:00:00+00:00,17.33,17.33,17.035,17.035,487.0,,,,,,,,,,,,,,,,,,,,,,,,,,,17.19154062064156,17.133744022435117,,,,,,,,17.16264232153834,"rgba(239, 83, 80, 1.0)",0.6270533692820194,17.239014161514028,-0.32535374420781044,37.54884506504583,-8.440295150821456,False,True,False,True,False,0.0,0.0,0.0,0.0,0.0,0,,,False,False,False,False,,,False,False,False,False,-4368.0,39.943064229889956,False,False,False,False,506.39618402280433,False,False,False,False
2025-04-21 15:00:00+00:00,17.035,17.035,16.97,16.98,292.0,,,,,,,,,,,,,,,,,,,,,,,,,,,17.18571542157261,17.13276586669242,,,,,,,,17.159240644132517,"rgba(239, 83, 80, 1.0)",0.613414994074126,17.236558134001577,-0.418245619164916,31.63719250363128,-13.727048670759146,False,True,False,True,False,0.0,0.0,0.0,0.0,0.0,0,,,False,False,False,False,,,False,False,False,False,-4660.0,-32.92427009925563,False,False,False,False,503.0722121774895,False,False,False,False
2025-04-21 16:00:00+00:00,16.98,16.98,16.955,16.955,40.0,,,,,,,,,,,,,,,,,,,,,,,,,,,17.18481618142607,17.13260239278306,,,,,,,,17.158709287104564,"rgba(239, 83, 80, 1.0)",0.5990440357409147,17.23618424004207,-0.46938826407694106,27.38175905174208,-17.342433743938614,False,True,False,True,False,0.0,0.0,0.0,0.0,0.0,0,,,False,False,False,False,,,False,False,False,False,-4700.0,-105.28203335353074,False,False,False,False,495.8927980352028,False,False,False,False
2025-04-21 17:00:00+00:00,16.955,16.955,16.955,16.955,0.0,,,,,,,,,,,,,,,,,,,,,,,,,,,17.18481618142607,17.13260239278306,,,,,,,,17.158709287104564,"rgba(239, 83, 80, 1.0)",0.5934052972858035,17.23618424004207,-0.47384855060814435,24.54480341714928,-19.697095140870683,False,True,False,True,False,0.0,0.0,0.0,0.0,0.0,0,,,False,False,False,False,,,False,False,False,False,-4700.0,-176.51797082091787,False,False,False,False,488.2045376005485,False,False,False,False
2025-04-21 18:00:00+00:00,16.955,16.955,16.905,16.905,99.0,,,,,,,,,,,,,,,,,,,,,,,,,,16.921666666666667,17.182208654455675,17.132099886902328,,,,,,,,17.07865840267489,"rgba(239, 83, 80, 1.0)",0.5855450067714361,17.203778826545314,-0.5102576626734674,21.97718900638796,-21.929603856132204,False,True,False,True,False,0.0,0.0,0.0,0.0,0.0,0,,,False,False,False,False,,,False,False,False,False,-4799.0,-248.18435887020595,False,False,True,False,482.1703587230206,False,False,False,False
2025-04-21 19:00:00+00:00,16.905,16.985,16.905,16.985,1132.0,,,,,,,,,,,,,,,,,,,,,,,,,16.958333333333332,16.955384511237476,17.15942461566124,17.127492054939996,,,,,,16.958333333333332,,17.05015862879301,"rgba(239, 83, 80, 0.75)",0.5765509283428304,17.176328310855144,-0.3318498010315864,24.760111041817876,-21.929603856132204,False,True,False,True,True,0.0,1.0,16.985,16.905,0.0,0,,,False,False,False,False,,,False,False,False,False,-3667.0,-301.189252531133,False,False,False,False,492.2452368823536,False,False,False,False
2025-04-22 14:00:00+00:00,16.985,16.985,16.985,16.985,0.0,,,,,,,,,,,,,,,,,,,,,,,,,16.958333333333332,16.955384511237476,17.15942461566124,17.127492054939996,,,,,,16.958333333333332,,17.05015862879301,"rgba(239, 83, 80, 0.75)",0.5677363380562817,17.176328310855144,-0.3370020518858838,26.615392398771156,-21.929603856132204,False,True,False,True,True,0.0,0.0,0.0,0.0,0.0,0,,,False,False,False,False,,,False,False,False,False,-3667.0,-353.37236489499134,False,False,False,False,484.6135277834024,False,False,False,False
2025-04-22 15:00:00+00:00,16.985,16.985,16.985,16.985,0.0,,,,,,,,,,,,,,,,,,,,,,,,,16.958333333333332,16.955384511237476,17.15942461566124,17.127492054939996,,,,,,16.958333333333332,,17.05015862879301,"rgba(239, 83, 80, 0.75)",0.5601214717032996,17.176328310855144,-0.3415836037731699,27.852246636740006,-21.929603856132204,False,True,False,True,True,0.0,0.0,0.0,0.0,0.0,0,,,False,False,False,False,-0.07471012854498119,-0.07471012854498119,False,False,False,False,-3667.0,-404.74643675708444,False,False,False,False,477.1001397557527,False,False,False,False
2025-04-22 16:00:00+00:00,17.425,17.61,17.425,17.61,600.0,,,,,,,,,,,,,,,,,,,,,,,,,17.162721324095454,17.14968778445294,17.179329523159602,17.133325055633843,,,,,,17.162721324095454,,17.15626592183546,"rgba(239, 83, 80, 0.75)",0.558028826469725,17.21764994676175,0.7030999737421919,43.61788567685332,-14.014360854150738,False,True,False,True,True,2.578551301131707,0.0,0.0,0.0,0.0,0,0.8999999999999998,1.0453172205438075,False,False,False,False,0.04717781489519707,-0.013766156824892059,False,False,False,False,-3067.0,-446.0216857996102,False,False,False,False,479.00556394558595,False,False,False,False
2025-04-22 17:00:00+00:00,17.61,17.61,17.36,17.36,100.0,,,,,,,,,,,,,,,,,,,,,,,,,17.178038573508,17.164894700500604,17.18156249118949,17.13403954151206,,,,,,17.178038573508,,17.164633826677537,#000000,0.5558459424262434,17.220974219361903,0.25011567059616385,48.50454998090617,-10.126472731191626,False,False,False,False,True,0.0,0.0,0.0,0.0,0.0,0,0.895833333333333,1.044642857142858,False,False,False,False,0.039735172119343076,0.012984507647225509,False,False,False,False,-3167.0,-488.20739609729065,False,False,False,False,473.1295086906156,False,False,False,False
2025-04-22 18:00:00+00:00,17.36,17.5,17.36,17.5,200.0,,,,,,,,,,,,,,,,,,,,,,,,,17.20513451443569,17.19196543094009,17.186083340264492,17.135504561548405,,,,,,17.20513451443569,,17.17967196179717,"rgba(38, 166, 154, 1.0)",0.5570672319396536,17.227031730179085,0.49000956109097604,53.48561296108174,-5.9374918964497,True,False,True,False,True,0.810947252634751,0.0,0.0,0.0,0.0,0,0.8975725281231495,1.0526939017169927,False,False,False,False,0.02714951340806482,0.020067010527645167,False,False,False,False,-2967.0,-526.6382891810536,False,False,False,False,468.8949426644044,False,False,False,False
2025-04-22 19:00:00+00:00,17.5,17.5,17.41,17.41,281.0,,,,,,,,,,,,,,,,,,,,,,,,,17.233667675457557,17.220861663902706,17.191882314694407,17.13745494263354,,,,,,17.233667675457557,,17.195966649172053,"rgba(38, 166, 154, 1.0)",0.5558715095551685,17.233715286831206,0.317132125209771,55.06691406116413,-4.6443292851518265,True,False,True,False,True,0.0,0.0,0.0,0.0,0.0,0,0.9039881831610043,1.049630723781389,False,False,False,False,0.032868962043182647,0.026467986285413907,False,False,False,False,-3248.0,-568.829943612355,False,False,False,False,465.98184277813453,False,False,False,False
2025-04-23 14:00:00+00:00,17.9,17.91,17.9,17.9,200.0,,,,,,,,,,,,,,,,,,,,,,,,,17.28696378830083,17.273118300153136,17.203261889528683,17.140930678466077,,,,,,17.28696378830083,,17.226068664112184,"rgba(38, 166, 154, 1.0)",0.5596774972257748,17.246618289337334,1.1674253724714059,60.78540968536846,0.7063578776626258,True,False,True,False,True,6.3083882749653135,0.0,0.0,0.0,0.0,0,0.9090909090909088,1.039413118527043,False,False,False,False,0.1365568118804759,0.0815123990829449,False,False,False,False,-3048.0,-607.2666886726286,False,False,False,False,461.8580932776983,False,False,False,False
2025-04-23 15:00:00+00:00,17.9,17.9,17.7,17.71,700.0,,,,,,,,,,,,,,,,,,,,,,,,,17.392200435729844,17.37813556763285,17.233307078663028,17.150766473084655,,,,,,17.392200435729844,,17.288602388777594,"rgba(38, 166, 154, 1.0)",0.5593112076715726,17.274619268659176,0.7784230413571117,61.52826928971015,1.542696178588855,True,False,True,False,True,3.488489817259307,0.0,0.0,0.0,0.0,0,0.8974358974358972,1.0398860398860406,False,False,False,False,0.11218251597210917,0.09684745752752703,False,False,False,False,-3748.0,-655.9602283831304,False,False,False,False,465.55021586254014,False,False,False,False
2025-04-23 16:00:00+00:00,17.71,17.71,17.71,17.71,0.0,,,,,,,,,,,,,,,,,,,,,,,,,17.392200435729844,17.37813556763285,17.233307078663028,17.150766473084655,,,,,,17.392200435729844,,17.288602388777594,"rgba(38, 166, 154, 1.0)",0.5606389694393886,17.274619268659176,0.776579501378907,62.02350902593794,2.4476612314528268,True,False,True,False,True,3.488489817259307,0.0,0.0,0.0,0.0,0,0.8956422018348622,1.053325688073395,False,False,False,False,0.09139648303097986,0.09412197027925345,False,False,False,False,-3748.0,-703.8988294934694,False,False,False,False,458.33238305846976,False,False,False,False
2025-04-23 17:00:00+00:00,17.71,17.71,17.695,17.695,10.0,,,,,,,,,,,,,,,,,,,,,,,,,17.393155445237355,17.3791044551475,17.23366025932092,17.1508891246092,,,,,,17.393155445237355,,17.289202321078744,"rgba(38, 166, 154, 1.0)",0.5458793055394403,17.27490050077875,0.7695831202212499,62.089444115986595,3.1522609269231765,True,False,True,False,True,3.2653622532587967,0.0,0.0,0.0,0.0,0,0.8925809223718131,1.053279862503581,False,False,False,False,0.08966810807734454,0.091895039178299,False,False,False,False,-3758.0,-751.2492352377567,False,False,False,False,451.38149339864856,False,False,False,False
2025-04-23 18:00:00+00:00,17.695,17.78,17.695,17.78,185.0,,,,,,,,,,,,,,,,,,,,,,,,,17.412616881846635,17.398757722649936,17.24081237405776,17.15336091033767,,,,,,17.412616881846635,,17.301386972223,"rgba(38, 166, 154, 1.0)",0.5349258431387126,17.280634591021848,0.9335226842810477,63.068294181911284,4.799458661287815,True,False,True,False,True,4.425466083605933,0.0,0.0,0.0,0.0,0,0.8940605368360935,1.0496858937749862,False,False,False,False,0.0977385988273308,0.0948168190028149,False,False,False,False,-3573.0,-794.9973091100395,False,False,False,False,447.25154776456094,False,False,False,False
2025-04-23 19:00:00+00:00,17.78,17.87,17.78,17.79,569.0,,,,,,,,,,,,,,,,,,,,,,,,,17.469948453608247,17.45663150147203,17.26413456949217,17.16160802916502,,,,,,17.469948453608247,,17.338080638434366,"rgba(38, 166, 154, 1.0)",0.5177611192206123,17.298417062583983,0.9494396530894357,63.83429605839305,6.247356278747908,True,False,True,False,True,4.562216491754892,0.0,0.0,0.0,0.0,0,0.8982376350198976,1.0443433769187043,False,False,False,False,0.1179728252064454,0.10639482210463015,False,False,False,False,-3004.0,-829.2454128447675,False,False,False,False,449.1391206674359,False,False,False,False
2025-04-24 14:00:00+00:00,17.79,17.98,17.79,17.98,310.0,,,,,,,,,,,,,,,,,,,,,,,,,17.502251380141516,17.489146526827785,17.27830216650324,17.166713782974146,,,,,,17.502251380141516,,17.35910346411167,"rgba(38, 166, 154, 1.0)",0.5112606570619959,17.308887921120217,1.3126613002776075,66.3326427750718,9.235759189170722,True,False,True,False,True,7.11255371670962,0.0,0.0,0.0,0.0,0,0.9003097718952408,1.0380174598704597,False,False,False,False,0.13190251346459672,0.11914866778461344,False,False,False,False,-2694.0,-858.1563366766316,False,False,False,False,446.9819249981733,False,False,False,False
2025-04-24 15:00:00+00:00,17.98,17.98,17.935,17.935,100.0,,,,,,,,,,,,,,,,,,,,,,,,,17.512457639996963,17.499419676029127,17.282973872119438,17.168418654594,,,,,,17.512457639996963,,17.36581746068488,"rgba(38, 166, 154, 1.0)",0.4953056477415624,17.312279105991994,1.2572456963642866,66.95529690648335,10.393659214873367,True,False,True,False,True,6.400273910360909,0.0,0.0,0.0,0.0,0,0.9095519864750632,1.0386024232178084,False,False,False,False,0.1488029080090108,0.13397578789681214,False,False,False,False,-2794.0,-888.1694167281566,False,False,False,False,441.60236026951947,False,False,False,False
2025-04-24 16:00:00+00:00,17.935,17.935,17.935,17.935,0.0,,,,,,,,,,,,,,,,,,,,,,,,,17.512457639996963,17.499419676029127,17.282973872119438,17.168418654594,,,,,,17.512457639996963,,17.36581746068488,"rgba(38, 166, 154, 1.0)",0.4786455834901208,17.312279105991994,1.301006246557914,67.37039966075771,11.372274573730976,True,False,True,False,True,6.400273910360909,0.0,0.0,0.0,0.0,0,0.9064525218371371,1.0411383488306571,False,False,False,False,0.14733972723313113,0.14065775756497162,False,False,False,False,-2794.0,-917.7171777091155,False,False,False,False,434.7558120482866,False,False,False,False
2025-04-24 17:00:00+00:00,17.935,17.935,17.935,17.935,0.0,,,,,,,,,,,,,,,,,,,,,,,,,17.512457639996963,17.499419676029127,17.282973872119438,17.168418654594,,,,,,17.512457639996963,,17.36581746068488,"rgba(38, 166, 154, 1.0)",0.4806760723049255,17.312279105991994,1.2955104900935666,67.64713483027396,12.221909296709953,True,False,True,False,True,6.400273910360909,0.0,0.0,0.0,0.0,0,0.9087570621468923,1.0412429378531078,False,False,False,False,0.1511944042098714,0.1459260808874215,False,False,False,False,-2794.0,-946.8068338686642,False,False,False,False,428.01541186149143,False,False,False,False
2025-04-24 18:00:00+00:00,17.935,18.05,17.935,18.05,25.0,,,,,,,,,,,,,,,,,,,,,,,,,17.515286340284074,17.502258553166335,17.284238700270773,17.16887725061092,,,,,,17.515286340284074,,17.367665211083025,"rgba(38, 166, 154, 1.0)",0.480135988619444,17.313210010140143,1.5345443943462402,69.29054317591746,14.284641543347817,True,False,True,False,True,7.978830566862985,0.0,0.0,0.0,0.0,0,0.9093460566937971,1.0319955094021898,False,False,False,False,0.16488176366561472,0.1554039222765181,False,False,False,False,-2769.0,-975.0578907079097,False,False,False,False,421.76711090239854,False,False,False,False
2025-04-24 19:00:00+00:00,18.05,18.06,17.975,18.02,520.0,,,,,,,,,,,,,,,,,,,,,,,,,17.568324547174914,17.555599615715895,17.309818624494625,17.178378792115698,,,,,,17.568324547174914,,17.403030394875284,"rgba(38, 166, 154, 1.0)",0.4763991910039229,17.33142669878155,1.4453704250996113,69.44687613732218,14.893944570551241,True,False,True,False,True,7.473645710196298,0.0,0.0,0.0,0.0,0,0.9120111731843574,1.0312849162011177,False,False,False,False,0.17085164466559705,0.16312778347105758,False,False,False,False,-3289.0,-1010.9329621698025,False,False,False,False,423.2901014310435,False,False,False,False
2025-04-25 14:00:00+00:00,18.11,18.2,18.11,18.19,213.0,,,,,,,,,,,,,,,,,,,,,,,,,17.59309556203434,17.58041984490211,17.321876541578572,17.182886207585685,,,,,,17.59309556203434,,17.419569539025176,"rgba(38, 166, 154, 1.0)",0.47262590200204435,17.340041036462416,1.7983757554064574,71.55102982855455,17.25970099744238,True,False,True,False,True,9.769964705082007,0.0,0.0,0.0,0.0,0,0.9153761061946902,1.0237831858407087,False,False,False,False,0.21896193142453765,0.19104485744779762,False,False,False,False,-3076.0,-1042.9495053919761,False,False,False,False,420.0297897809498,False,False,False,False
2025-04-25 15:00:00+00:00,18.19,18.19,18.15,18.15,100.0,,,,,,,,,,,,,,,,,,,,,,,,,17.603967588179216,17.591327657185627,17.327399361162154,17.184981090551684,,,,,,17.603967588179216,,17.42691892426967,"rgba(38, 166, 154, 1.0)",0.45959469022093985,17.34391923559847,1.7538948589985301,71.69372261252931,17.727203407085767,True,False,True,False,True,9.083442806113606,0.0,0.0,0.0,0.0,0,0.9254312743461323,1.0244852531997781,False,False,False,False,0.227980540616502,0.2095126990321498,False,False,False,False,-3176.0,-1076.0200556959765,False,False,False,False,415.06808761380324,False,False,False,False
2025-04-25 16:00:00+00:00,18.15,18.2,18.15,18.2,0.0,,,,,,,,,,,,,,,,,,,,,,,,,17.603967588179216,17.591327657185627,17.327399361162154,17.184981090551684,,,,,,17.603967588179216,,17.42691892426967,"rgba(38, 166, 154, 1.0)",0.4371581238238942,17.34391923559847,1.9582862990472407,72.40127607329947,18.73054045042457,True,False,True,False,True,9.757392745014226,0.0,0.0,0.0,0.0,0,0.925638179800222,1.015538290788014,False,False,False,False,0.22924781451744636,0.21938025677479808,False,False,False,False,-3176.0,-1108.5778842898371,False,False,False,False,408.632923464752,False,False,False,False
2025-04-25 17:00:00+00:00,18.2,18.21,18.2,18.21,0.0,,,,,,,,,,,,,,,,,,,,,,,,,17.603967588179216,17.591327657185627,17.327399361162154,17.184981090551684,,,,,,17.603967588179216,,17.42691892426967,"rgba(38, 166, 154, 1.0)",0.4082675990480192,17.34391923559847,2.1213556168087315,72.99986704009694,19.60540323830122,True,False,True,False,True,9.89324382647025,0.0,0.0,0.0,0.0,0,0.928173719376392,1.0189309576837422,False,False,False,False,0.23686682944894688,0.2281235431118725,False,False,False,False,-3176.0,-1140.630940347359,False,False,False,False,402.29752930250777,False,False,False,False
2025-04-25 18:00:00+00:00,18.21,18.22,18.17,18.17,200.0,,,,,,,,,,,,,,,,,,,,,,,,,17.625370676461586,17.612804533429532,17.338532650945837,17.18924340099003,,,,,,17.625370676461586,,17.441487815456746,"rgba(38, 166, 154, 1.0)",0.37695415163177837,17.351674930519504,2.170887536158151,71.88023303050514,19.60540323830122,True,False,True,False,True,9.177820029313938,0.0,0.0,0.0,0.0,0,0.923931149361466,1.0172126596335374,False,False,False,False,0.23432419837679383,0.23122387074433315,False,False,False,False,-3376.0,-1175.2878249931364,False,False,False,False,399.1611334993681,False,False,False,False
2025-04-25 19:00:00+00:00,18.17,18.17,18.15,18.15,100.0,,,,,,,,,,,,,,,,,,,,,,,,,17.634952209197476,17.62244064493267,17.34379870408513,17.19129729098552,,,,,,17.634952209197476,,17.4481222123002,"rgba(38, 166, 154, 0.75)",0.3424260951367921,17.355264412863026,2.3208966793827224,70.35877114543445,19.60540323830122,True,False,True,False,False,8.817433507222823,0.0,0.0,0.0,0.0,0,0.922906267332224,1.0199667221297841,False,False,False,False,0.2254481464300682,0.22833600858720066,False,False,False,False,-3476.0,-1210.9577811947931,False,False,False,False,394.5229763908507,False,False,False,False
2025-04-28 14:00:00+00:00,18.28,18.28,18.28,18.28,0.0,,,,,,,,,,,,,,,,,,,,,,,,,17.634952209197476,17.62244064493267,17.34379870408513,17.19129729098552,,,,,,17.634952209197476,,17.4481222123002,"rgba(38, 166, 154, 0.75)",0.347922728813778,17.355264412863026,2.657876334466009,71.48238277771428,19.60540323830122,True,False,True,False,False,10.644866013713514,0.0,0.0,0.0,0.0,0,0.9234581497797357,1.0187224669603525,False,False,False,False,0.26289849296476536,0.245617250775983,False,False,False,False,-3476.0,-1246.0747148196801,False,False,False,False,388.4063410979693,False,False,False,False
2025-04-28 15:00:00+00:00,18.28,18.28,18.17,18.17,301.0,,,,,,,,,,,,,,,,,,,,,,,,,17.664388755844453,17.652020465377067,17.360198480351915,17.197744692670646,,,,,,17.664388755844453,,17.46858809856102,"rgba(38, 166, 154, 0.75)",0.3484553172332262,17.366421983273757,2.306114950710879,68.36315581613079,21.516833371014926,True,False,True,False,False,8.650568735817778,0.0,0.0,0.0,0.0,0,0.9209225700164745,1.0186710598572217,False,False,False,False,0.28209141580689495,0.263854333291439,False,False,False,False,-3777.0,-1285.3138665279023,False,False,False,False,387.05120402668297,False,False,False,False
2025-04-28 16:00:00+00:00,18.17,18.17,18.17,18.17,0.0,,,,,,,,,,,,,,,,,,,,,,,,,17.664388755844453,17.652020465377067,17.360198480351915,17.197744692670646,,,,,,17.664388755844453,,17.46858809856102,"rgba(38, 166, 154, 0.75)",0.3557047945992589,17.366421983273757,2.259114942860316,66.28367117507511,19.609806621478583,True,False,True,False,False,8.650568735817778,0.0,0.0,0.0,0.0,0,0.9321845469705393,1.021678710394664,False,False,False,False,0.294739126168463,0.279296729729951,False,False,False,False,-3777.0,-1323.9446592949116,False,False,False,False,381.0504101658041,False,False,False,False
2025-04-28 17:00:00+00:00,18.17,18.21,18.165,18.165,400.0,,,,,,,,,,,,,,,,,,,,,,,,,17.697409008432064,17.68530522721303,17.380394366775466,17.205963886506424,,,,,,17.697409008432064,,17.492268122231746,"rgba(38, 166, 154, 0.75)",0.3622420548560123,17.379733690102533,2.1677944329506458,64.71152044992755,18.172198601562016,True,False,True,False,False,8.558480476546052,0.0,0.0,0.0,0.0,0,0.9320765178818963,1.0072082062655947,False,False,False,False,0.2998512122579403,0.28957397099394566,False,False,False,False,-4177.0,-1368.1780754298743,False,False,False,False,381.3442022562568,False,False,False,False
2025-04-28 18:00:00+00:00,18.165,18.23,18.165,18.21,1156.0,,,,,,,,,,,,,,,,,,,,,,,,,17.776160947491668,17.76488312669422,17.434979014546077,17.229474015672977,,,,,,17.776160947491668,,17.551374276101235,"rgba(38, 166, 154, 0.75)",0.3674587063887596,17.414623667774425,2.1645325539901434,64.73044515361866,18.140695980904695,True,False,True,False,False,9.223482058666889,0.0,0.0,0.0,0.0,0,0.93232044198895,1.0060773480662986,False,False,False,False,0.30277923609536894,0.2961766035446573,False,False,False,False,-3021.0,-1393.8032215472406,False,False,False,False,393.35436966313654,False,False,False,False
2025-04-28 19:00:00+00:00,18.21,18.3,18.21,18.265,300.0,,,,,,,,,,,,,,,,,,,,,,,,,17.794942006405265,17.783859547921207,17.448939693664155,17.235740033970103,,,,,,17.794942006405265,,17.565870320490184,"rgba(38, 166, 154, 0.75)",0.3744790014440357,17.42347430296816,2.247190613590662,65.94981845993576,18.140695980904695,True,False,True,False,False,10.034425389243879,0.0,0.0,0.0,0.0,0,0.9369319746626272,1.0022032497934457,False,False,False,False,0.3197152952781071,0.3079459494113822,False,False,False,False,-2721.0,-1414.3799157868182,False,False,False,False,391.9070150947158,False,False,False,False
2025-04-29 14:00:00+00:00,18.4,18.4,18.35,18.35,100.0,,,,,,,,,,,,,,,,,,,,,,,,,17.802269930786977,17.79123591950386,17.45409749152288,17.23803126076298,,,,,,17.802269930786977,,17.571408650644173,"rgba(38, 166, 154, 1.0)",0.3844660155554929,17.42681345932078,2.4012175415435935,68.35990797316566,14.919852131716453,True,False,True,False,True,11.273422748993621,0.0,0.0,0.0,0.0,0,0.940404592673592,0.9956260251503559,False,False,False,False,0.3428282248777039,0.32538708714454306,False,False,False,False,-2621.0,-1433.0872039141543,False,False,False,False,387.38132493820854,False,False,False,False
2025-04-29 15:00:00+00:00,18.35,18.44,18.35,18.395,1721.0,,,,,,,,,,,,,,,,,,,,,,,,,17.909388323007455,17.899225732695907,17.537078593146795,17.277012137823025,,,,,,17.909388323007455,,17.655676196668296,"rgba(38, 166, 154, 1.0)",0.3951604988100646,17.479926502449906,2.31570083625673,70.70687812418865,17.120734730603317,True,False,True,False,True,11.923288504455176,0.0,0.0,0.0,0.0,0,0.9423812124522116,0.9953577280174771,False,False,False,False,0.34282822511143435,0.3341076561279887,False,False,False,False,-900.0,-1424.8222860240123,False,False,False,False,408.05758346629835,False,False,False,False
2025-04-29 16:00:00+00:00,18.395,18.445,18.395,18.43,0.0,,,,,,,,,,,,,,,,,,,,,,,,,17.909388323007455,17.899225732695907,17.537078593146795,17.277012137823025,,,,,,17.909388323007455,,17.655676196668296,"rgba(38, 166, 154, 1.0)",0.40601668629447807,17.479926502449906,2.3399863346035454,72.82547227261261,19.077419166561185,True,False,True,False,True,12.429696756472222,0.0,0.0,0.0,0.0,0,0.9482948294829481,0.9931243124312435,False,False,False,False,0.34282822539844676,0.33846794076321773,False,False,False,False,-900.0,-1416.685506395733,False,False,False,False,401.73110930403016,False,False,False,False
2025-04-29 17:00:00+00:00,18.425,18.54,18.425,18.54,300.0,,,,,,,,,,,,,,,,,,,,,,,,,17.927476840069225,17.91744104011288,17.551683237441534,17.28416270922538,,,,,,17.927476840069225,,17.670190956712258,"rgba(38, 166, 154, 1.0)",0.41931043779429344,17.489346136950534,2.5056706639029533,75.71203060420612,21.7216215732591,True,False,True,False,True,14.00027004943259,0.0,0.0,0.0,0.0,0,0.9502596337797209,0.9860617655097026,False,False,False,False,0.3428282260919684,0.34064808342759306,False,False,False,False,-600.0,-1404.0237155988998,False,False,False,False,400.1538828031925,False,False,False,False
2025-04-29 18:00:00+00:00,18.54,18.575,18.54,18.575,200.0,,,,,,,,,,,,,,,,,,,,,,,,,17.94016478765506,17.930203187775803,17.561792661803402,17.289122657360736,,,,,,17.94016478765506,,17.68032082364875,"rgba(38, 166, 154, 1.0)",0.4327591344714367,17.495914784105064,2.4935007257857373,78.03484570914304,23.816663737007033,True,False,True,False,True,14.49337815154971,0.0,0.0,0.0,0.0,0,0.9566284779050732,0.9841789416257506,False,False,False,False,0.3428282268816549,0.34173815515462397,False,False,False,False,-400.0,-1388.4574564423276,False,False,False,False,397.0507218294996,False,False,False,False
2025-04-29 19:00:00+00:00,18.575,18.62,18.575,18.575,600.0,,,,,,,,,,,,,,,,,,,,,,,,,17.976868273243593,17.96712522539327,17.59172010931082,17.30408100166092,,,,,,17.976868273243593,,17.70994865240215,"rgba(38, 166, 154, 1.0)",0.4442975324006376,17.515389280531064,2.3849124566225357,79.58338911243432,25.233305396493662,True,False,True,False,True,14.49337815154971,0.0,0.0,0.0,0.0,0,0.9589003810560693,0.9817637452367997,False,False,False,False,0.34282822728507956,0.34228319121985173,False,False,False,False,-400.0,-1373.1325346370202,False,False,False,False,400.1972222662515,False,False,False,False
2025-04-30 14:00:00+00:00,18.355,18.45,18.355,18.42,687.0,,,,,,,,,,,,,,,,,,,,,,,,,18.00307662835249,17.993692844830104,17.61805752468585,17.318430621496713,,,,,,18.00307662835249,,17.73331440484129,"rgba(38, 166, 154, 0.75)",0.45125881988335764,17.532048188011867,1.9677217881694908,73.2927975860448,28.182354222021758,True,False,True,False,False,11.277330838310721,0.0,0.0,0.0,0.0,0,0.954276492738031,0.9841312533620231,False,False,False,False,0.29078494990395487,0.3165340705619033,False,False,False,False,-1087.0,-1368.6963713093144,False,False,False,False,404.643776959798,False,False,False,False
2025-04-30 15:00:00+00:00,18.42,18.47,18.42,18.465,100.0,,,,,,,,,,,,,,,,,,,,,,,,,18.007008179959097,17.99767211168071,17.62195271249007,17.320570134863846,,,,,,18.007008179959097,,17.736800784748432,"rgba(38, 166, 154, 0.75)",0.4589877522949328,17.534536919314263,2.0272067741098394,70.14484368364052,25.498876113242048,True,False,True,False,False,11.948575997540843,0.0,0.0,0.0,0.0,0,0.9576933441120988,0.9876044192939916,False,False,False,False,0.30198908958869086,0.3092615800752971,False,False,False,False,-987.0,-1362.7785981107202,False,False,False,False,399.92061762708795,False,False,False,False
2025-04-30 16:00:00+00:00,18.465,18.465,18.43,18.46,645.0,,,,,,,,,,,,,,,,,,,,,,,,,18.030799529932256,18.021765125335964,17.646227660346547,17.33417823124176,,,,,,18.030799529932256,,17.758242636714133,"rgba(38, 166, 154, 0.75)",0.46613587896412284,17.550086329718116,1.9520352569811905,67.83586684468138,23.503900168914498,True,False,True,False,False,11.844855946488345,0.0,0.0,0.0,0.0,0,0.9625914882081861,0.9878015722418004,False,False,False,False,0.3026504288485233,0.3059560044619102,False,False,False,False,-1632.0,-1366.9525733338096,False,False,False,False,403.7202979739548,False,False,False,False
2025-04-30 17:00:00+00:00,18.46,18.46,18.455,18.455,0.0,,,,,,,,,,,,,,,,,,,,,,,,,18.030799529932256,18.021765125335964,17.646227660346547,17.33417823124176,,,,,,18.030799529932256,,17.758242636714133,"rgba(38, 166, 154, 0.75)",0.4726593634678905,17.550086329718116,1.9145154845607035,66.06483044596361,21.884206649663398,True,False,True,False,False,11.739273929351054,0.0,0.0,0.0,0.0,0,0.9631248292816165,0.9898934717290361,False,False,False,False,0.3052983636143809,0.30562718403814554,False,False,False,False,-1632.0,-1371.0618357627427,False,False,False,False,397.461068548002,False,False,False,False
2025-04-30 18:00:00+00:00,18.455,18.535,18.455,18.47,100.0,,,,,,,,,,,,,,,,,,,,,,,,,18.03454997943233,18.025559001142483,17.650022652698755,17.33632391271969,,,,,,18.03454997943233,,17.761613886498314,"rgba(38, 166, 154, 0.5)",0.479814857311958,17.552537435832587,1.9121178725212158,65.33116909719485,21.087995830482186,False,False,True,False,False,11.973838218694592,0.0,0.0,0.0,0.0,0,0.9570686354935735,0.9896089691003556,False,False,False,False,0.315265551600037,0.3104463678190913,False,False,False,False,-1532.0,-1373.5570010997544,False,False,False,False,392.84926903562985,False,False,False,False
2025-04-30 19:00:00+00:00,18.47,18.68,18.47,18.61,300.0,,,,,,,,,,,,,,,,,,,,,,,,,18.04784865515857,18.03896765971005,17.662541284267427,17.34326871806265,,,,,,18.04784865515857,,17.773156579299673,"rgba(38, 166, 154, 1.0)",0.48986656576280996,17.560737021227645,2.141936298792844,68.1318331238979,21.087995830482186,True,False,True,False,True,14.123585884935398,0.0,0.0,0.0,0.0,0,0.9612045577862174,0.9804666304937604,False,False,False,False,0.33673610323468767,0.3235912355268895,False,False,False,False,-1232.0,-1371.3623189121613,False,False,False,False,391.40974548468984,False,False,False,False
2025-05-01 14:00:00+00:00,18.71,18.71,18.66,18.71,10.0,,,,,,,,,,,,,,,,,,,,,,,,,18.048366492846636,18.03948848562029,17.663000311720698,17.343518628213197,,,,,,18.048366492846636,,17.7735934796002,"rgba(38, 166, 154, 1.0)",0.5013955928611036,17.561041137037385,2.2915216633762867,71.5746877209265,15.68822992162805,True,False,True,False,True,15.600301129266693,0.0,0.0,0.0,0.0,0,0.9720640086791423,0.9745050176295094,False,False,False,False,0.3428282281276359,0.3332097318272627,False,False,False,False,-1222.0,-1369.046624045306,False,False,False,False,385.4964160973303,False,False,False,False
2025-05-01 15:00:00+00:00,18.71,18.775,18.71,18.73,0.0,,,,,,,,,,,,,,,,,,,,,,,,,18.048366492846636,18.03948848562029,17.663000311720698,17.343518628213197,,,,,,18.048366492846636,,17.7735934796002,"rgba(38, 166, 154, 1.0)",0.5133389639330808,17.561041137037385,2.277167612616683,74.1493452005177,18.164163553240854,True,False,True,False,True,15.89291248451999,0.0,0.0,0.0,0.0,0,0.9747351263243677,0.970931812007607,False,False,False,False,0.34282822865339113,0.33801898024032695,False,False,False,False,-1222.0,-1366.7668314244486,False,False,False,False,379.5197274756663,False,False,False,False
2025-05-01 16:00:00+00:00,18.73,18.76,18.73,18.76,110.0,,,,,,,,,,,,,,,,,,,,,,,,,18.05450404241219,18.045655147020145,17.66829898963042,17.346376696470355,,,,,,18.05450404241219,,17.778708718883276,"rgba(38, 166, 154, 1.0)",0.5252176125574401,17.564568915594617,2.276068158842726,76.29102906119769,20.267903031037747,True,False,True,False,True,16.335245517358338,0.0,0.0,0.0,0.0,0,0.9771304111080854,0.9716852708957257,False,False,False,False,0.3428282286757733,0.3404236044580501,False,False,False,False,-1112.0,-1362.8169580690308,False,False,False,False,375.341127049687,False,False,False,False
2025-05-01 17:00:00+00:00,18.76,18.825,18.76,18.815,500.0,,,,,,,,,,,,,,,,,,,,,,,,,18.08301249203314,18.074285208238447,17.692830789907223,17.359680468101722,,,,,,18.08301249203314,,17.80245223957013,"rgba(38, 166, 154, 1.0)",0.5381757809221516,17.580982257394986,2.2929640952823163,78.44902547824908,22.42674044254521,True,False,True,False,True,17.14520727481151,0.0,0.0,0.0,0.0,0,0.9776505859907328,0.97274461706187,False,False,False,False,0.3428282290937672,0.34162591677590864,False,False,False,False,-612.0,-1351.1763850757122,False,False,False,False,377.273822754343,False,False,False,False
2025-05-01 18:00:00+00:00,18.815,18.89,18.815,18.875,200.0,,,,,,,,,,,,,,,,,,,,,,,,,18.094718518518516,18.08603509296645,17.702864050545863,17.36515289125571,,,,,,18.094718518518516,,17.812192638321633,"rgba(38, 166, 154, 1.0)",0.5520016973469104,17.587731931622592,2.332000199572598,80.58612937967176,24.591563591705665,True,False,True,False,True,18.02092697825678,0.0,0.0,0.0,0.0,0,0.9761129207383272,0.969326818675353,False,False,False,False,0.34282822960274456,0.3422270731893266,False,False,False,False,-412.0,-1336.6155108884918,False,False,False,False,374.5253913938105,False,False,False,False
2025-05-01 19:00:00+00:00,18.875,18.895,18.81,18.81,776.0,,,,,,,,,,,,,,,,,,,,,,,,,18.135786420895307,18.127291872791517,17.73951342095777,17.385710868939718,,,,,,18.135786420895307,,17.847075645896076,"rgba(38, 166, 154, 1.0)",0.563581596768571,17.612426436581515,2.1249337634249525,78.36053596883218,24.591563591705665,True,False,True,False,True,16.490066007664677,0.0,0.0,0.0,0.0,0,0.9757691260549951,0.9765858970868504,False,False,False,False,0.34282822960274456,0.3425276513960356,False,False,False,False,-1188.0,-1334.3113944406082,False,False,False,False,380.74980393034053,False,False,False,False
2025-05-02 14:00:00+00:00,18.925,18.98,18.92,18.97,0.0,,,,,,,,,,,,,,,,,,,,,,,,,18.135786420895307,18.127291872791517,17.73951342095777,17.385710868939718,,,,,,18.135786420895307,,17.847075645896076,"rgba(38, 166, 154, 1.0)",0.5781657856321759,17.612426436581515,2.3480697010358207,79.16649260233905,24.591563591705665,True,False,True,False,True,18.812664170756783,0.0,0.0,0.0,0.0,0,0.973969631236442,0.9682754880694147,False,False,False,False,0.3428282303875729,0.34267794089180426,False,False,False,False,-1188.0,-1332.0430007283505,False,False,False,False,374.8467061949864,False,False,False,False
2025-05-02 15:00:00+00:00,18.965,18.98,18.91,18.98,100.0,,,,,,,,,,,,,,,,,,,,,,,,,18.141587284761968,18.133112046783623,17.74455506309889,17.38853085134391,,,,,,18.141587284761968,,17.851946311497095,"rgba(38, 166, 154, 1.0)",0.5919933649494219,17.615854196636402,2.3043261700748063,79.82024900645638,24.591563591705665,True,False,True,False,True,18.95454991837563,0.0,0.0,0.0,0.0,0,0.9735278227984865,0.9632631010264726,False,False,False,False,0.3416273148801563,0.3421526278859803,False,False,False,False,-1088.0,-1328.2593883139575,False,False,False,False,370.58551695165323,False,False,False,False
2025-05-02 16:00:00+00:00,18.98,19.07,18.98,19.07,560.0,,,,,,,,,,,,,,,,,,,,,,,,,18.175786939478392,18.167403556155747,17.773923096645348,17.404966884670976,,,,,,18.175786939478392,,17.880520119237616,"rgba(38, 166, 154, 1.0)",0.6072519699061913,17.635931376618796,2.361570969630185,81.23380891890096,25.993965407067677,True,False,True,False,True,20.0,0.0,0.0,0.0,0.0,0,0.9900881057268714,0.9575991189427315,False,False,False,False,0.34282823095830495,0.3424904294221426,False,False,False,False,-528.0,-1315.8522660145163,False,False,False,False,373.5221756035656,False,False,False,False
2025-05-02 17:00:00+00:00,19.07,19.07,19.03,19.04,800.0,,,,,,,,,,,,,,,,,,,,,,,,,18.220703694152533,18.21246508648302,17.81384917522809,17.42798082988715,,,,,,18.220703694152533,,17.918749696437697,"rgba(38, 166, 154, 1.0)",0.6193748664784678,17.6633682698214,2.2226147760977253,80.63300570867094,25.993965407067677,True,False,True,False,True,19.49633591483024,0.0,0.0,0.0,0.0,0,0.9980544747081707,0.9502501389660926,False,False,False,False,0.34282823114257116,0.34265933028235684,False,False,False,False,-1328.0,-1316.0406029755316,False,False,False,False,380.1342348965336,False,False,False,False
2025-05-02 18:00:00+00:00,19.04,19.045,18.98,19.02,300.0,,,,,,,,,,,,,,,,,,,,,,,,,18.235774777053948,18.227597737272152,17.827814962664394,17.436279981871426,,,,,,18.235774777053948,,17.931866864715477,"rgba(38, 166, 154, 1.0)",0.6309043487703121,17.673001926666643,2.1350274030584413,79.18221009296725,25.993965407067677,True,False,True,False,True,19.007097169642012,0.0,0.0,0.0,0.0,0,0.9855314412910398,0.9543683917640514,False,False,False,False,0.3341257655524431,0.3383925479174,False,False,False,False,-1628.0,-1320.8771827743603,False,False,False,False,378.8918436578277,False,False,False,False
2025-05-02 19:00:00+00:00,19.02,19.03,18.96,19.01,1447.0,,,,,,,,,,,,,,,,,,,,,,,,,18.29985137327616,18.29199055136256,17.89006134781705,17.474751508968797,,,,,,18.29985137327616,,17.98916369535614,"rgba(38, 166, 154, 0.75)",0.6414006843135046,17.71630779054241,2.0169797773793148,77.66005806563794,25.993965407067677,True,False,True,False,False,18.759432092761283,0.0,0.0,0.0,0.0,0,0.9830649639089389,0.953636868406441,False,False,False,False,0.33008132858277905,0.3342369382500895,False,False,False,False,-3075.0,-1348.072885367006,False,False,False,False,395.4516600352257,False,False,False,False
2025-05-05 14:00:00+00:00,19.06,19.17,19.06,19.16,996.0,,,,,,,,,,,,,,,,,,,,,,,,,18.345147091048535,18.337468533754695,17.933785153714524,17.50231546036682,,,,,,18.345147091048535,,18.029679059721143,"rgba(38, 166, 154, 0.75)",0.6517027385698584,17.747201812663807,2.1678567600261056,78.92284258141115,25.993965407067677,True,False,True,False,False,20.0,0.0,0.0,0.0,0.0,0,0.9903261470425644,0.9449972360420124,False,False,False,False,0.3428282316083859,0.33853258492923766,False,False,False,False,-2079.0,-1359.405088694649,False,False,False,False,404.76248701142373,False,False,False,False
2025-05-05 15:00:00+00:00,19.16,19.27,19.16,19.27,200.0,,,,,,,,,,,,,,,,,,,,,,,,,18.35477303926881,18.347125891589858,17.942922423390172,17.50808446229302,,,,,,18.35477303926881,,18.038226454135465,"rgba(38, 166, 154, 1.0)",0.6627250119328791,17.753704209382214,2.287971275137804,80.88838505124257,26.682183587727167,True,False,True,False,True,20.0,0.0,0.0,0.0,0.0,0,1.0041585805378426,0.9356806210146941,False,False,False,False,0.3428282322897005,0.3406804086094691,False,False,False,False,-1879.0,-1367.4608237536468,False,False,False,False,401.5878748096962,False,False,False,False
2025-05-05 16:00:00+00:00,19.27,19.32,19.215,19.3,601.0,,,,,,,,,,,,,,,,,,,,,,,,,18.383902387824715,18.37634462775399,17.970553834148134,17.525637415033323,,,,,,18.383902387824715,,18.06410956619004,"rgba(38, 166, 154, 1.0)",0.6718806803656744,17.898861127425917,2.08539836539355,82.46596716914331,28.32763002521321,True,False,True,False,True,20.0,0.0,0.0,0.0,0.0,0,1.0448642266824077,0.9206021251475799,False,False,False,False,0.3428282326313472,0.3417543206204081,False,False,False,False,-1278.0,-1366.0738342380864,False,False,False,False,404.67953566535977,False,False,False,False
2025-05-05 17:00:00+00:00,19.3,19.3,19.24,19.24,951.0,,,,,,,,,,,,,,,,,,,,,,,,,18.425548335499347,18.418142999253913,18.01143336555878,17.552429137631368,,,,,,18.425548335499347,,18.101888459485853,"rgba(38, 166, 154, 0.75)",0.6782567546476906,17.92494751047263,1.938871202558757,80.48668557421553,28.32763002521321,True,False,True,False,False,20.0,0.0,0.0,0.0,0.0,0,1.0470059880239515,0.9026946107784435,False,False,False,False,0.34282823264735307,0.3422912766338806,False,False,False,False,-2229.0,-1379.4525344824572,False,False,False,False,413.14962038372624,False,False,False,False
2025-05-05 18:00:00+00:00,19.24,19.27,19.2,19.2,1179.0,,,,,,,,,,,,,,,,,,,,,,,,,18.469947132405,18.462745489569627,18.057264455564113,17.583827499920307,,,,,,18.469947132405,,18.14344614436476,"rgba(38, 166, 154, 0.75)",0.684434948112814,17.954074728482855,1.820370620980887,77.28522968495062,31.56051734677159,True,False,True,False,False,20.0,0.0,0.0,0.0,0.0,0,1.0438198851616796,0.9002719854941075,False,False,False,False,0.3352283793683391,0.3387598280011098,False,False,False,False,-3408.0,-1410.9028827850548,False,False,False,False,425.02326968010254,False,False,False,False
2025-05-05 19:00:00+00:00,19.2,19.23,19.17,19.17,521.0,,,,,,,,,,,,,,,,,,,,,,,,,18.487230258914582,18.480122219674385,18.07588310145019,17.59705507168487,,,,,,18.487230258914582,,18.160072662931007,"rgba(38, 166, 154, 0.5)",0.6893606386283468,17.965916857165066,1.7466665129456134,73.7663724029822,28.31724725208869,False,False,True,False,False,19.56613675079204,0.0,0.0,0.0,0.0,0,1.044545454545454,0.8927272727272731,False,False,False,False,0.32766568015037806,0.3332127540757439,False,False,False,False,-3929.0,-1449.9431481682323,False,False,False,False,426.5112810028916,False,False,False,False
2025-05-06 14:00:00+00:00,18.92,19.095,18.92,19.08,0.0,,,,,,,,,,,,,,,,,,,,,,,,,18.487230258914582,18.480122219674385,18.07588310145019,17.59705507168487,,,,,,18.487230258914582,,18.160072662931007,"rgba(38, 166, 154, 0.5)",0.692473618061875,17.965916857165066,1.6088456134301206,67.7477843870141,22.89485884361588,False,True,True,False,False,17.30825467818838,0.0,0.0,0.0,0.0,0,1.0385774562989751,0.8954189270644969,False,False,False,False,0.2866857570162158,0.30994925554597985,False,False,False,False,-3929.0,-1488.3781381191125,False,False,False,False,419.8987030028468,False,False,False,False
2025-05-06 15:00:00+00:00,19.08,19.125,19.08,19.08,0.0,,,,,,,,,,,,,,,,,,,,,,,,,18.487230258914582,18.480122219674385,18.07588310145019,17.59705507168487,,,,,,18.487230258914582,,18.160072662931007,"rgba(38, 166, 154, 0.5)",0.6954092190803725,17.965916857165066,1.6020540313058047,63.735392376368694,19.45939080456793,False,True,True,False,False,17.30825467818838,0.0,0.0,0.0,0.0,0,1.0474308300395252,0.8957129826695046,False,False,False,False,0.30678466294558226,0.30836695924578106,False,False,False,False,-3929.0,-1526.2172367529247,False,False,False,False,413.3886455919499,False,False,False,False
2025-05-06 16:00:00+00:00,19.08,19.14,19.07,19.07,200.0,,,,,,,,,,,,,,,,,,,,,,,,,18.49276393073435,18.485695599484963,18.082262699731427,17.60177050669944,,,,,,18.49276393073435,,18.165623184162545,"rgba(38, 166, 154, 0.5)",0.696467871115019,18.05601587656338,1.4558950462614608,60.63905648469752,16.81295990675828,False,True,True,False,False,17.05397392533779,0.0,0.0,0.0,0.0,0,1.1184849465846545,0.8879896406604081,False,False,False,False,0.307316775479717,0.307841867362749,False,False,False,False,-4129.0,-1566.5704578885382,False,False,False,False,410.08029449750103,False,False,False,False
2025-05-06 17:00:00+00:00,19.07,19.11,19.06,19.06,162.0,,,,,,,,,,,,,,,,,,,,,,,,,18.497050329285237,18.490014511059982,18.087287605144684,17.605525841519317,,,,,,18.497050329285237,,18.169969571752304,"rgba(38, 166, 154, 0.5)",0.6965752774231283,18.058091049969956,1.4383355001292157,58.12304084212658,14.589528887633364,False,True,True,False,False,16.795943828834243,0.0,0.0,0.0,0.0,0,1.0967426710097714,0.8625407166123782,False,False,False,False,0.3030645697499135,0.30545321855633123,False,False,False,False,-4291.0,-1608.8096755956926,False,False,False,False,406.2340883812607,False,False,False,False
2025-05-06 18:00:00+00:00,19.07,19.105,19.07,19.105,0.0,,,,,,,,,,,,,,,,,,,,,,,,,18.497050329285237,18.490014511059982,18.087287605144684,17.605525841519317,,,,,,18.497050329285237,,18.169969571752304,"rgba(38, 166, 154, 0.5)",0.6966556208443629,18.058091049969956,1.5027639463543923,58.195714771204194,14.589528887633364,False,True,True,False,False,17.535571840494505,0.0,0.0,0.0,0.0,0,1.0991138825073836,0.8605185428290122,False,False,False,False,0.3035955113033575,0.30452436492984436,False,False,False,False,-4291.0,-1650.3940217104882,False,False,False,False,399.93588546062097,False,False,False,False
2025-05-06 19:00:00+00:00,19.12,19.12,19.09,19.1,320.0,,,,,,,,,,,,,,,,,,,,,,,,,18.505716157465304,18.498742310371917,18.097329133080084,17.613021320405554,,,,,,18.505716157465304,,18.178702230330714,"rgba(38, 166, 154, 0.5)",0.6958379937266318,18.06433674339071,1.4883683643985706,57.97585395172993,14.103047805512603,False,True,True,False,False,17.40244213726967,0.0,0.0,0.0,0.0,0,1.1021702838063432,0.8657762938230386,False,False,False,False,0.307316775479717,0.3059205702047807,False,False,False,False,-4611.0,-1696.2948895909458,False,False,False,False,398.6965694069679,False,False,False,False
2025-05-07 14:00:00+00:00,19.165,19.2,19.165,19.18,0.0,,,,,,,,,,,,,,,,,,,,,,,,,18.505716157465304,18.498742310371917,18.097329133080084,17.613021320405554,,,,,,18.505716157465304,,18.178702230330714,"rgba(38, 166, 154, 0.5)",0.6955529072952231,18.06433674339071,1.603994814639962,60.64519750304042,14.103047805512603,False,True,True,False,True,18.72428901126354,0.0,0.0,0.0,0.0,0,1.0996968676321988,0.860895924553722,False,False,False,False,0.32389790890775394,0.3149092395562673,False,False,False,False,-4611.0,-1741.4841161089157,False,False,False,False,392.51522724561954,False,False,False,False
2025-05-07 15:00:00+00:00,19.18,19.18,19.06,19.1,1040.0,,,,,,,,,,,,,,,,,,,,,,,,,18.5326890899778,18.525910018276868,18.128947205681403,17.637031853504652,,,,,,18.5326890899778,,18.20614454186018,"rgba(38, 166, 154, 0.5)",0.6930702225123537,18.08384875426898,1.4661591462514576,58.40242939245776,14.103047805512603,False,True,True,False,True,16.579670358886812,0.0,0.0,0.0,0.0,0,1.1084296397008833,0.8477226376614548,False,False,False,False,0.31051300896148,0.31271112425887365,False,False,False,False,-5651.0,-1802.0967654715682,False,False,False,False,402.5537508542146,False,False,False,False
2025-05-07 16:00:00+00:00,19.1,19.11,19.1,19.11,30.0,,,,,,,,,,,,,,,,,,,,,,,,,18.53342313922755,18.52664961582544,18.129824110337132,17.637709990002303,,,,,,18.53342313922755,,18.206901713848108,"rgba(38, 166, 154, 0.5)",0.6899139977738632,18.084375923444075,1.4865969959520942,57.292388783023476,12.95603494316169,False,True,True,False,False,16.74968258650908,0.0,0.0,0.0,0.0,0,1.0990312163616789,0.8579117330462864,False,False,False,False,0.307316775479717,0.3100139498692953,False,False,False,False,-5621.0,-1861.3045675572803,False,False,False,False,396.777723709188,False,False,False,False
2025-05-07 17:00:00+00:00,19.11,19.11,19.11,19.11,0.0,,,,,,,,,,,,,,,,,,,,,,,,,18.53342313922755,18.52664961582544,18.129824110337132,17.637709990002303,,,,,,18.53342313922755,,18.206901713848108,"rgba(38, 166, 154, 0.5)",0.6791020966376463,18.084375923444075,1.5102649242786463,56.55236171006729,11.938068672869463,False,True,True,False,False,16.74968258650908,0.0,0.0,0.0,0.0,0,1.1043414812112362,0.8555271798613646,False,False,False,False,0.3083815073417363,0.3091977286055158,False,False,False,False,-5621.0,-1919.5944192230588,False,False,False,False,390.6261310935417,False,False,False,False
2025-05-07 18:00:00+00:00,19.11,19.11,19.06,19.06,300.0,,,,,,,,,,,,,,,,,,,,,,,,,18.540282852091924,18.5335660393176,18.138240737997176,17.64431929878282,,,,,,18.540282852091924,,18.21410223204738,"rgba(38, 166, 154, 0.5)",0.6647057873854967,18.088997500845622,1.46080042867333,53.545234296793154,8.838344636115593,False,True,True,False,False,15.380352847923174,0.0,0.0,0.0,0.0,0,1.1063596491228063,0.8384502923976609,False,False,False,False,0.3030645697499135,0.30613114917771467,False,False,False,False,-5921.0,-1981.631715049058,False,False,False,False,389.2210747975178,False,False,False,False
2025-05-07 19:00:00+00:00,19.06,19.3,19.06,19.295,1327.0,,,,,,,,,,,,,,,,,,,,,,,,,18.576151817155004,18.569647924608212,18.179102947884594,17.675661644808574,,,,,,18.576151817155004,,18.250141083614096,"rgba(38, 166, 154, 0.5)",0.6518026147911941,18.198054397851326,1.6829413955328851,58.88559271947,3.3294327904797996,False,True,True,False,True,19.362718672178442,0.0,0.0,0.0,0.0,0,1.1125180897250355,0.8209117221418235,False,False,False,False,0.3233603828975391,0.3147457660376269,False,False,False,False,-4594.0,-2022.1335489242663,False,False,False,False,403.7602829401919,False,False,False,False
2025-05-08 14:00:00+00:00,19.36,19.36,19.305,19.325,0.0,,,,,,,,,,,,,,,,,,,,,,,,,18.576151817155004,18.569647924608212,18.179102947884594,17.675661644808574,,,,,,18.576151817155004,,18.250141083614096,"rgba(38, 166, 154, 0.5)",0.6376450762322499,18.198054397851326,1.7673556091856422,63.02289188842734,7.106896702313655,False,True,True,False,True,19.842653681615644,0.0,0.0,0.0,0.0,0,1.146671543525969,0.8072421360643747,False,False,False,False,0.3428282330399945,0.3287869995388107,False,False,False,False,-4594.0,-2062.0074473905565,False,False,False,False,397.500433592282,False,False,False,False
2025-05-08 15:00:00+00:00,19.325,19.38,19.325,19.38,360.0,,,,,,,,,,,,,,,,,,,,,,,,,18.5872654090522,18.580810105438978,18.191116802122135,17.684720505855545,,,,,,18.5872654090522,,18.260978205617214,"rgba(38, 166, 154, 0.5)",0.6209135814875237,18.20960426864773,1.884957530721666,66.78571119734923,10.499779323228864,False,True,True,False,True,20.0,0.0,0.0,0.0,0.0,0,1.1846558856713043,0.7841293719443402,False,False,False,False,0.3428282331626654,0.3358076163507381,False,False,False,False,-4234.0,-2095.681750531788,False,False,False,False,396.91903152108375,False,False,False,False
2025-05-08 16:00:00+00:00,19.38,19.47,19.38,19.45,450.0,,,,,,,,,,,,,,,,,,,,,,,,,18.601968269292655,18.59556872098689,18.206693836036337,17.696386220324573,,,,,,18.601968269292655,,18.275154261660113,"rgba(38, 166, 154, 0.5)",0.6061053858354389,18.305419384182944,1.8884184872229723,70.41339290022705,13.779370650459448,False,False,True,False,True,20.0,0.0,0.0,0.0,0.0,0,1.1883067577828392,0.7611996962794231,False,False,False,False,0.34282823343359253,0.3393179248921653,False,False,False,False,-3784.0,-2121.8572272677293,False,False,False,False,397.74199227269486,False,False,False,False
2025-05-08 17:00:00+00:00,19.45,19.45,19.39,19.395,425.0,,,,,,,,,,,,,,,,,,,,,,,,,18.615042806484293,18.608697212864474,18.22079737086099,17.70712614975126,,,,,,18.615042806484293,,18.287915884990255,"rgba(38, 166, 154, 0.5)",0.5879550221811998,18.316143220699814,1.8349308001449407,70.15067210398215,13.779370650459448,False,False,True,False,True,20.0,0.0,0.0,0.0,0.0,0,1.1836890243902434,0.759908536585366,False,False,False,False,0.34176367859913703,0.34054080174565116,False,False,False,False,-4209.0,-2154.216029945749,False,False,False,False,398.1645970436608,False,False,False,False
2025-05-08 18:00:00+00:00,19.4,19.4,19.37,19.385,263.0,,,,,,,,,,,,,,,,,,,,,,,,,18.622660409534912,18.616349099267918,18.229169036291722,17.71360224048527,,,,,,18.622660409534912,,18.295445196394954,"rgba(38, 166, 154, 0.5)",0.5671896341445847,18.321778075137175,1.8745439987921155,69.49409650835722,13.779370650459448,False,False,True,False,True,19.99097776611746,0.0,0.0,0.0,0.0,0,1.178475679816162,0.7659900421294524,False,False,False,False,0.332775796325688,0.3366582990356696,False,False,False,False,-4472.0,-2190.150665140389,False,False,False,False,396.06902189569706,False,False,False,False
2025-05-08 19:00:00+00:00,19.385,19.39,19.29,19.29,312.0,,,,,,,,,,,,,,,,,,,,,,,,,18.63078868438991,18.624520510730775,18.238424018146002,17.72093929566216,,,,,,18.63078868438991,,18.303668127232214,"rgba(38, 166, 154, 0.5)",0.5618812753309671,18.326486454147425,1.7147991722718157,64.93217466827446,13.779370650459448,False,True,True,False,False,17.35071234236882,0.0,0.0,0.0,0.0,0,1.1770747740345107,0.8307313064913722,False,False,False,False,0.3177985504650498,0.3272284247503597,False,False,False,False,-4784.0,-2230.365383510305,False,False,False,False,394.7656262073917,False,False,False,False
2025-05-09 14:00:00+00:00,19.33,19.34,19.22,19.275,0.0,,,,,,,,,,,,,,,,,,,,,,,,,18.63078868438991,18.624520510730775,18.238424018146002,17.72093929566216,,,,,,18.63078868438991,,18.303668127232214,"rgba(38, 166, 154, 0.5)",0.5484345617012613,18.326486454147425,1.7294926543474123,61.309971052011704,17.929347582959167,False,True,True,False,False,16.93898801613517,0.0,0.0,0.0,0.0,0,1.0940310711365488,0.8364677023712183,False,False,False,False,0.30036134921892815,0.3137948869846439,False,False,False,False,-4784.0,-2269.9566178744863,False,False,False,False,388.6452289018507,False,False,False,False
2025-05-09 15:00:00+00:00,19.28,19.335,19.28,19.335,5.0,,,,,,,,,,,,,,,,,,,,,,,,,18.630916171003715,18.624648690692243,18.238570157129566,17.721055845275128,,,,,,18.630916171003715,,18.303797716025162,"rgba(38, 166, 154, 0.5)",0.5386962740502865,18.326561876479023,1.8719975839796545,60.78170537805627,17.28216725718073,False,True,True,False,False,17.976642995383724,0.0,0.0,0.0,0.0,0,1.102684277801448,0.8717511717085638,False,False,False,False,0.3083308084944345,0.3110628477395392,False,False,False,False,-4779.0,-2308.856515271781,False,False,False,False,382.69724085686073,False,False,False,False
2025-05-09 16:00:00+00:00,19.335,19.335,19.3,19.3,12.0,,,,,,,,,,,,,,,,,,,,,,,,,18.63121971611177,18.624953907667244,18.238919103234608,17.721334618586503,,,,,,18.63121971611177,,18.30410683640003,"rgba(38, 166, 154, 0.5)",0.5242408668603318,18.32673715294337,1.8565184604654787,58.94021728462478,15.288704120760684,False,True,True,False,False,16.997970599826804,0.0,0.0,0.0,0.0,0,1.0687121866897142,0.8764044943820221,False,False,False,False,0.31123818483249377,0.3111505162860165,False,False,False,False,-4791.0,-2347.3393599962496,False,False,False,False,376.9499968125683,False,False,False,False
2025-05-09 17:00:00+00:00,19.3,19.3,19.3,19.3,0.0,,,,,,,,,,,,,,,,,,,,,,,,,18.63121971611177,18.624953907667244,18.238919103234608,17.721334618586503,,,,,,18.63121971611177,,18.30410683640003,"rgba(38, 166, 154, 0.5)",0.521428063327254,18.32673715294337,1.8665333063322307,57.71255855567044,13.832607763743674,False,True,True,False,False,16.997970599826804,0.0,0.0,0.0,0.0,0,1.0824514991181653,0.8672839506172836,False,False,False,False,0.3061535901883774,0.3086520532371969,False,False,False,False,-4791.0,-2385.225571469176,False,False,False,False,371.10581081547423,False,False,False,False
2025-05-09 18:00:00+00:00,19.3,19.31,19.3,19.31,100.0,,,,,,,,,,,,,,,,,,,,,,,,,18.633720260131298,18.62746843224767,18.241804673494944,17.723646643040823,,,,,,18.633720260131298,,18.306660002228682,"rgba(38, 166, 154, 0.5)",0.5135844886939367,18.328169193360512,1.9117220793336582,57.28694125697758,13.058550144637053,False,True,True,False,False,17.1790331491831,0.0,0.0,0.0,0.0,0,1.0996393146979253,0.850766456266907,False,False,False,False,0.30760475506389084,0.3081284041505439,False,False,False,False,-4691.0,-2420.9740122215917,False,False,False,False,366.90261995011804,False,False,False,False
2025-05-09 19:00:00+00:00,19.31,19.31,19.3,19.305,200.0,,,,,,,,,,,,,,,,,,,,,,,,,18.638653963937475,18.632430034296313,18.247520316461937,17.728245672711047,,,,,,18.638653963937475,,18.311712496851694,"rgba(38, 166, 154, 0.5)",0.504628799440946,18.331097144955198,1.9299391079616188,56.72855734735206,12.102138465402902,False,True,True,False,False,17.032454614509707,0.0,0.0,0.0,0.0,0,1.0798707294552163,0.8702677746999075,False,False,False,False,0.30760475506389084,0.30786657960721736,False,False,False,False,-4891.0,-2459.268988776296,False,False,False,False,364.3149824315115,False,False,False,False
2025-05-12 14:00:00+00:00,19.675,19.7,19.65,19.7,300.0,,,,,,,,,,,,,,,,,,,,,,,,,18.65004549529902,18.643848345466175,18.259005901750083,17.736737561954946,,,,,,18.65004549529902,,18.32240932611756,"rgba(38, 166, 154, 0.5)",0.5021780668356552,18.345073278172507,2.698100158705082,64.71231268513269,9.010037050575335,False,True,True,False,True,20.0,0.0,0.0,0.0,0.0,0,1.0710059171597628,0.8725534820209376,False,False,False,False,0.34282822743333263,0.325347403520275,False,False,False,False,-4591.0,-2492.319081973563,False,False,False,False,363.31785092094543,False,False,False,False
2025-05-12 15:00:00+00:00,19.7,19.7,19.655,19.685,100.0,,,,,,,,,,,,,,,,,,,,,,,,,18.653775592737453,18.647587480302644,18.26278483986207,17.739547003233618,,,,,,18.653775592737453,,18.325923729033946,"rgba(38, 166, 154, 0.5)",0.5002983164127082,18.349388215288066,2.669630780068735,69.40125400643745,13.247810774567753,False,False,True,False,True,20.0,0.0,0.0,0.0,0.0,0,1.0646788990825682,0.8688073394495411,False,False,False,False,0.34282822745788416,0.3340878154890796,False,False,False,False,-4691.0,-2526.4071582220345,False,False,False,False,359.2354036198455,False,False,False,False
2025-05-12 16:00:00+00:00,19.685,19.7,19.68,19.68,240.0,,,,,,,,,,,,,,,,,,,,,,,,,18.66267598975537,18.65650948684006,18.2718150868941,17.746279685151293,,,,,,18.66267598975537,,18.33432006216021,"rgba(38, 166, 154, 1.0)",0.4972566632928853,18.35935484451812,2.6558621592648572,72.29725772080421,15.811604584492727,True,False,True,False,True,20.0,0.0,0.0,0.0,0.0,0,1.0623853211009167,0.865137614678899,False,False,False,False,0.3428282275799743,0.338458021534527,False,False,False,False,-4931.0,-2563.6876673968864,False,False,False,False,357.3867927110107,False,False,False,False
2025-05-12 17:00:00+00:00,19.68,19.73,19.68,19.715,0.0,,,,,,,,,,,,,,,,,,,,,,,,,18.66267598975537,18.65650948684006,18.2718150868941,17.746279685151293,,,,,,18.66267598975537,,18.33432006216021,"rgba(38, 166, 154, 1.0)",0.4986190208244291,18.35935484451812,2.7187995220086534,74.69910064820442,18.02007500576262,True,False,True,False,True,20.0,0.0,0.0,0.0,0.0,0,1.0621004566210037,0.8630136986301369,False,False,False,False,0.34282822772503063,0.3406431246297788,False,False,False,False,-4931.0,-2600.3901841814304,False,False,False,False,351.84591220386324,False,False,False,False
2025-05-12 18:00:00+00:00,19.715,19.73,19.715,19.73,100.0,,,,,,,,,,,,,,,,,,,,,,,,,18.66647651927113,18.66031858638432,18.27564500259161,17.749126396102177,,,,,,18.66647651927113,,18.33789162608731,"rgba(38, 166, 154, 1.0)",0.49815178228947704,18.363602613441994,2.742933850960288,76.50643596998202,19.790079417136738,True,False,True,False,True,20.0,0.0,0.0,0.0,0.0,0,1.0819823992589155,0.8610467809170911,False,False,False,False,0.34282822789229345,0.3417356762610361,False,False,False,False,-4831.0,-2634.973282101098,False,False,False,False,347.9413244177568,False,False,False,False
2025-05-12 19:00:00+00:00,19.73,19.73,19.72,19.72,100.0,,,,,,,,,,,,,,,,,,,,,,,,,18.670244011122197,18.664094703562927,18.27945040261459,17.751962533580418,,,,,,18.670244011122197,,18.341437912720032,"rgba(38, 166, 154, 1.0)",0.4962856450084221,18.36772739793401,2.7247868554470056,77.12045979919456,20.58746334288361,True,False,True,False,True,20.0,0.0,0.0,0.0,0.0,0,1.0815192218619722,0.8471514590088001,False,False,False,False,0.3428282279160172,0.34228195208852663,False,False,False,False,-4931.0,-2670.5705955568947,False,False,False,False,344.0972728763962,False,False,False,False
2025-05-13 14:00:00+00:00,19.72,19.835,19.72,19.8,4370.0,,,,,,,,,,,,,,,,,,,,,,,,,18.820496422182465,18.81471602964238,18.43457387279058,17.872055718514705,,,,,,18.820496422182465,,18.48546051078253,"rgba(38, 166, 154, 1.0)",0.49512644667618205,18.508253986382876,2.6089214629691164,78.72823579573554,22.413132059804894,True,False,True,False,True,20.0,0.0,0.0,0.0,0.0,0,1.0806823420931297,0.8437067773167357,False,False,False,False,0.34282822840459204,0.34255509024655934,False,False,False,False,-561.0,-2637.864074695547,False,False,False,False,406.5143694209482,False,False,False,False
2025-05-13 15:00:00+00:00,19.8,19.81,19.78,19.81,363.0,,,,,,,,,,,,,,,,,,,,,,,,,18.831341619643126,18.82559238535458,18.446160970326044,17.881469559602905,,,,,,18.831341619643126,,18.496141133731665,"rgba(38, 166, 154, 1.0)",0.4958720410358552,18.517462437045722,2.6065949599703613,79.93742365946814,23.893456627644852,True,False,True,False,True,20.0,0.0,0.0,0.0,0.0,0,1.0828347906120566,0.844454670961804,False,False,False,False,0.3428282285634714,0.34269165940501534,False,False,False,False,-198.0,-2600.0367247002673,False,False,False,False,405.8397280345769,False,False,False,False
2025-05-13 16:00:00+00:00,19.81,19.865,19.81,19.85,446.0,,,,,,,,,,,,,,,,,,,,,,,,,18.844901397289675,18.839188818881883,18.46056094118736,17.893159241232986,,,,,,18.844901397289675,,18.509452599647975,"rgba(38, 166, 154, 1.0)",0.49570244998275176,18.52915444308618,2.66459356204469,81.29122736154652,25.527166131417047,True,False,True,False,True,20.0,0.0,0.0,0.0,0.0,0,1.0842490842490833,0.8402014652014653,False,False,False,False,0.3428282289413584,0.3427599441731869,False,False,False,False,248.0,-2555.881116565379,False,False,False,False,406.46236791000985,False,False,False,False
2025-05-13 17:00:00+00:00,19.85,19.85,19.83,19.84,334.0,,,,,,,,,,,,,,,,,,,,,,,,,18.85480346591191,18.849118445025347,18.471138878684915,17.901815091894953,,,,,,18.85480346591191,,18.519218970379278,"rgba(38, 166, 154, 1.0)",0.49809865515804563,18.537634822965238,2.614673144663529,81.47916542407066,26.10601254997799,True,False,True,False,True,20.0,0.0,0.0,0.0,0.0,0,1.0878915381019159,0.8611500701262268,False,False,False,False,0.3428282289632434,0.34279408656821514,False,False,False,False,-86.0,-2517.5883860759936,False,False,False,False,405.3389203455136,False,False,False,False
2025-05-13 18:00:00+00:00,19.84,19.88,19.84,19.865,238.0,,,,,,,,,,,,,,,,,,,,,,,,,18.861892583498506,18.85622677128193,18.4786957497983,17.908004644373662,,,,,,18.861892583498506,,18.5262049372381,"rgba(38, 166, 154, 1.0)",0.49918932478766526,18.54374470830763,2.646801976893987,82.0095286253445,27.048446893951706,True,False,True,False,True,20.0,0.0,0.0,0.0,0.0,0,1.078614880673841,0.850257370145063,False,False,False,False,0.3428282291369782,0.34281115785259664,False,False,False,False,152.0,-2476.1994188500094,False,False,False,False,402.7445184796917,False,False,False,False
2025-05-13 19:00:00+00:00,19.865,19.865,19.85,19.85,100.0,,,,,,,,,,,,,,,,,,,,,,,,,18.86482184467451,18.859164166813716,18.4818312677511,17.910584813146027,,,,,,18.86482184467451,,18.52910052309634,"rgba(38, 166, 154, 1.0)",0.50001646819725,18.546256341524124,2.6074014385493545,81.16547432542782,27.048446893951706,True,False,True,False,True,20.0,0.0,0.0,0.0,0.0,0,1.0836879432624107,0.8539007092198583,False,False,False,False,0.34219640042926436,0.3425037791409305,False,False,False,False,52.0,-2437.0025286352807,False,False,False,False,398.0508050148903,False,False,False,False
2025-05-14 14:00:00+00:00,19.895,19.96,19.87,19.96,389.0,,,,,,,,,,,,,,,,,,,,,,,,,18.876904963256735,18.871276496757872,18.494552574727702,17.920941607667856,,,,,,18.876904963256735,,18.540918910602542,"rgba(38, 166, 154, 1.0)",0.5026517788795676,18.556903341228068,2.7913890246235584,82.40181242652882,28.119961547228783,True,False,True,False,True,20.0,0.0,0.0,0.0,0.0,0,1.081477972524869,0.8465182378019898,False,False,False,False,0.34282822960274456,0.34266600437183753,False,False,False,False,441.0,-2392.3823343928734,False,False,False,False,397.91048245651984,False,False,False,False
2025-05-14 15:00:00+00:00,19.96,19.96,19.915,19.94,100.0,,,,,,,,,,,,,,,,,,,,,,,,,18.87999122858029,18.874370222183565,18.497805578712576,17.923597852945168,,,,,,18.87999122858029,,18.543941220605397,"rgba(38, 166, 154, 1.0)",0.5027659710258884,18.559620647856683,2.7455703681111707,81.78186228694523,28.119961547228783,True,False,True,False,True,20.0,0.0,0.0,0.0,0.0,0,1.076303317535544,0.8483412322274886,False,False,False,False,0.34282822978837535,0.3427471170801064,False,False,False,False,341.0,-2350.0043137046114,False,False,False,False,393.2917152866513,False,False,False,False
2025-05-14 16:00:00+00:00,19.94,19.94,19.94,19.94,0.0,,,,,,,,,,,,,,,,,,,,,,,,,18.87999122858029,18.874370222183565,18.497805578712576,17.923597852945168,,,,,,18.87999122858029,,18.543941220605397,"rgba(38, 166, 154, 1.0)",0.501256187758065,18.559620647856683,2.7538400240349126,81.36856219388949,28.119961547228783,True,False,True,False,True,20.0,0.0,0.0,0.0,0.0,0,1.0807692307692303,0.8567307692307696,False,False,False,False,0.34282822980882965,0.34278767344446803,False,False,False,False,341.0,-2308.283316592912,False,False,False,False,387.19416931321484,False,False,False,False
2025-05-14 17:00:00+00:00,19.94,19.94,19.935,19.94,99.0,,,,,,,,,,,,,,,,,,,,,,,,,18.883029002735015,18.877415389804376,18.501011645159846,17.926220654498902,,,,,,18.883029002735015,,18.546919173049535,"rgba(38, 166, 154, 1.0)",0.5017333199263398,18.562291325283528,2.745898308923825,81.093028798519,28.119961547228783,True,False,True,False,True,20.0,0.0,0.0,0.0,0.0,0,1.0665380906460937,0.8592092574734813,False,False,False,False,0.3422131904858366,0.34250043196515234,False,False,False,False,341.0,-2267.2091566457348,False,False,False,False,382.726042657196,False,False,False,False
2025-05-14 18:00:00+00:00,19.94,20.015,19.94,20.0,196.0,,,,,,,,,,,,,,,,,,,,,,,,,18.889255725007448,18.883656020621324,18.507521822821083,17.93151314638965,,,,,,18.889255725007448,,18.55298667870988,"rgba(38, 166, 154, 1.0)",0.49987663342932026,18.567841000240023,2.8650248961126454,82.07040860268953,28.96048231362215,True,False,True,False,True,20.0,0.0,0.0,0.0,0.0,0,1.063614457831325,0.8587951807228918,False,False,False,False,0.34282823011161756,0.34266433103838495,False,False,False,False,537.0,-2223.7330456899867,False,False,False,False,379.83106525165806,False,False,False,False
2025-05-14 19:00:00+00:00,20.0,20.02,19.95,19.995,427.0,,,,,,,,,,,,,,,,,,,,,,,,,18.90262093941638,18.897051562396463,18.521540368769173,17.942968093107773,,,,,,18.90262093941638,,18.56604524092245,"rgba(38, 166, 154, 1.0)",0.49668589055242557,18.667747189972374,2.672217663665512,82.25970825251898,29.40887112440771,True,False,True,False,True,20.0,0.0,0.0,0.0,0.0,0,1.0757649344341906,0.8542982030111708,False,False,False,False,0.3428282301712831,0.34274628060483403,False,False,False,False,110.0,-2187.5511380048706,False,False,False,False,380.5623665655858,False,False,False,False
2025-05-15 14:00:00+00:00,19.87,19.87,19.83,19.83,64.0,,,,,,,,,,,,,,,,,,,,,,,,,18.90433239524703,18.89876831930153,18.523413218505326,17.94455307226167,,,,,,18.90433239524703,,18.56776675132889,"rgba(38, 166, 154, 0.75)",0.48879839798617963,18.667911177527348,2.377439916457148,71.91991335207261,25.52487942209214,True,False,True,False,False,20.0,0.0,0.0,0.0,0.0,0,1.0695110258868639,0.8441994247363378,False,False,False,False,0.3104370839198937,0.3265916822623639,False,False,False,False,46.0,-2152.9224381908416,False,False,False,False,375.6544228979023,False,False,False,False
2025-05-15 15:00:00+00:00,19.83,19.93,19.83,19.93,504.0,,,,,,,,,,,,,,,,,,,,,,,,,18.91834888739421,18.912824404013307,18.538567023551487,17.95729100583901,,,,,,18.91834888739421,,18.581757830199503,"rgba(38, 166, 154, 0.5)",0.48292373448953063,18.676854119190345,2.594914665219921,68.37085647039916,22.669172108606546,False,False,True,False,False,20.0,0.0,0.0,0.0,0.0,0,1.0691793893129762,0.8411259541984737,False,False,False,False,0.3175786159636396,0.3220851491130018,False,False,False,False,550.0,-2111.016663955325,False,False,False,False,377.6442768064619,False,False,False,False
2025-05-15 16:00:00+00:00,19.93,19.94,19.93,19.94,4.0,,,,,,,,,,,,,,,,,,,,,,,,,18.918463029385943,18.91293884774813,18.538689457130147,17.957393507070748,,,,,,18.918463029385943,,18.58187121033374,"rgba(38, 166, 154, 0.5)",0.4776011000937829,18.67694793167903,2.6445752911225586,66.296866905883,21.07439259865393,False,False,True,False,False,20.0,0.0,0.0,0.0,0.0,0,1.0865337870685456,0.8322800194457951,False,False,False,False,0.33075388652959453,0.3264195178212982,False,False,False,False,554.0,-2069.698576142064,False,False,False,False,371.8513422823307,False,False,False,False
2025-05-15 17:00:00+00:00,19.94,19.945,19.94,19.945,0.0,,,,,,,,,,,,,,,,,,,,,,,,,18.918463029385943,18.91293884774813,18.538689457130147,17.957393507070748,,,,,,18.918463029385943,,18.58187121033374,"rgba(38, 166, 154, 0.5)",0.47353413454212245,18.67694793167903,2.677847225410889,65.07275030333165,20.088281063567564,False,True,True,False,False,20.0,0.0,0.0,0.0,0.0,0,1.0862745098039208,0.8348039215686276,False,False,False,False,0.33255903865841624,0.3294892782398572,False,False,False,False,554.0,-2029.021078837536,False,False,False,False,366.08620519268214,False,False,False,False
2025-05-15 18:00:00+00:00,19.945,19.945,19.925,19.935,128.0,,,,,,,,,,,,,,,,,,,,,,,,,18.922096154204134,18.91658164638618,18.54259138376452,17.96066519324638,,,,,,18.922096154204134,,18.585483594400305,"rgba(38, 166, 154, 0.5)",0.46942328043695936,18.679915515345506,2.673673285837477,63.68270523058125,18.788942510860352,False,True,True,False,False,20.0,0.0,0.0,0.0,0.0,0,1.0758317025440307,0.8351272015655579,False,False,False,False,0.33075388652959453,0.3301215823847259,False,False,False,False,426.0,-1990.9587365299772,False,False,False,False,362.39494619744676,False,False,False,False
2025-05-15 19:00:00+00:00,19.94,19.945,19.925,19.93,64.0,,,,,,,,,,,,,,,,,,,,,,,,,18.92390002229779,18.918390360508106,18.544531855210863,17.962295602763596,,,,,,18.92390002229779,,18.58727946019509,"rgba(38, 166, 154, 0.5)",0.4651548419902845,18.681380314482453,2.6843097669907214,62.446811182122836,17.53044054886425,False,True,True,False,False,20.0,0.0,0.0,0.0,0.0,0,1.1031547320981463,0.8312468703054584,False,False,False,False,0.33075388652959453,0.3304377344571602,False,False,False,False,362.0,-1954.4787561186595,False,False,False,False,357.7686679618274,False,False,False,False
2025-05-16 14:00:00+00:00,19.93,19.93,19.93,19.93,0.0,,,,,,,,,,,,,,,,,,,,,,,,,18.92390002229779,18.918390360508106,18.544531855210863,17.962295602763596,,,,,,18.92390002229779,,18.58727946019509,"rgba(38, 166, 154, 0.5)",0.46261732867757116,18.681380314482453,2.6990335383389685,61.6228818164839,16.571089880455432,False,True,True,False,False,20.0,0.0,0.0,0.0,0.0,0,1.1103274559193947,0.8060453400503782,False,False,False,False,0.3295516070940797,0.32999467077561995,False,False,False,False,362.0,-1918.5643567989903,False,False,False,False,352.2218669081557,False,False,False,False
2025-05-16 15:00:00+00:00,19.93,19.93,19.86,19.87,280.0,,,,,,,,,,,,,,,,,,,,,,,,,18.931355486107275,18.925868016291112,18.55267499476335,17.969228934783064,,,,,,18.931355486107275,,18.5947818579862,"rgba(38, 166, 154, 0.5)",0.4590832816161335,18.686775079210907,2.5773644307493164,57.31793204494128,12.412037129735488,False,True,True,False,False,20.0,0.0,0.0,0.0,0.0,0,1.1179173047473194,0.7973455844818786,False,False,False,False,0.3211611302058045,0.3255779004907122,False,False,False,False,82.0,-1887.547855143192,False,False,False,False,351.1021480413625,False,False,False,False
2025-05-16 16:00:00+00:00,19.87,19.87,19.82,19.87,2066.0,,,,,,,,,,,,,,,,,,,,,,,,19.853333333333335,18.981188215083026,18.975867842635846,18.608407860624297,18.01801949503431,,,,,,18.981188215083026,,18.887363349342163,"rgba(38, 166, 154, 0.5)",0.4548579918972196,18.789995997806074,2.37437622605951,54.44796553057953,9.718677156744661,False,True,True,False,False,20.0,0.0,0.0,0.0,0.0,0,1.1010665312341286,0.8034535297105129,False,False,False,False,0.3092498240595833,0.3174138622751478,False,False,False,False,82.0,-1857.0122294820574,False,False,False,False,377.68971163762046,False,False,False,False
2025-05-16 17:00:00+00:00,19.87,19.89,19.86,19.86,780.0,,,,,,,,,,,,,,,,,,,,,,,,19.85790114780979,18.99896262776468,18.993703381667228,18.628492397183397,18.035950563341224,,,,,,18.99896262776468,,18.903002023553263,#000000,0.4457368128237607,18.803505319647645,2.370220834261856,51.915793569907606,7.3419221135707105,False,True,False,False,False,20.0,0.0,0.0,0.0,0.0,0,1.1060994361865704,0.8118913377754997,False,False,False,False,0.3163861994941496,0.3169000308846487,False,False,False,False,-698.0,-1839.0430476296224,False,False,False,False,383.92708044944027,False,False,False,False
2025-05-16 18:00:00+00:00,19.86,19.89,19.86,19.89,200.0,,,,,,,,,,,,,,,,,,,,,,,,19.859352155832788,19.00345725776282,18.998213452747464,18.633580343530856,18.04051724636065,,,,,,19.00345725776282,,18.907024091246917,#000000,0.43733400969512265,18.806991742660106,2.4763870024535457,52.246979397152664,7.3419221135707105,False,True,False,False,False,20.0,0.0,0.0,0.0,0.0,0,1.0947745901639339,0.8135245901639345,False,False,False,False,0.3163861994941496,0.31664311518939914,False,False,False,False,-498.0,-1818.2516825500934,False,False,False,False,381.07549780681325,False,False,False,False
2025-05-16 19:00:00+00:00,19.89,19.89,19.855,19.86,200.0,,,,,,,,,,,,,,,,,,,,,,,,19.85990552474841,19.007847045985184,19.00261878844645,18.638579849512443,18.045032546534742,,,,,,19.007847045985184,,18.910796751045446,#000000,0.42731273228298317,18.810309867088503,2.45649158943467,50.46330919694867,5.7156240479683476,False,True,False,False,False,19.963791471164896,0.0,0.0,0.0,0.0,0,1.0918891170431204,0.8187885010266941,False,False,False,False,0.31579031785986034,0.31621671652462974,False,False,False,False,-698.0,-1800.8834394097819,False,False,False,False,378.26812574779285,False,False,False,False
2025-05-19 14:00:00+00:00,19.86,19.86,19.86,19.86,0.0,,,,,,,,,,,,,,,,,,,,,,,,19.85990552474841,19.007847045985184,19.00261878844645,18.638579849512443,18.045032546534742,,,,,,19.007847045985184,,18.910796751045446,#000000,0.4160472729550216,18.810309867088503,2.5230068820207787,49.274195730146005,4.37814279888029,False,True,False,False,False,19.963791471164896,0.0,0.0,0.0,0.0,0,1.0873836608066176,0.8278179937952431,False,False,False,False,0.3128141540428147,0.3145154352837222,False,False,False,False,-698.0,-1783.784471356917,False,False,False,False,372.4035036431759,False,False,False,False
2025-05-19 15:00:00+00:00,19.825,19.875,19.825,19.875,236.0,,,,,,,,,,,,,,,,,,,,,,,,19.85979896611143,19.01291048604104,19.00770066349598,18.64437989025677,18.05030292580595,,,,,,19.01291048604104,,18.915018586342235,#000000,0.40429287617976445,18.81406246549158,2.624180629976484,49.66914724618421,4.37814279888029,False,True,False,False,False,20.0,0.0,0.0,0.0,0.0,0,1.0881742738589208,0.8226141078838174,False,False,False,False,0.3104370839198937,0.31247625960180797,False,False,False,False,-462.0,-1763.2916888552593,False,False,False,False,370.2887206409561,False,False,False,False
2025-05-19 16:00:00+00:00,19.875,19.875,19.875,19.875,0.0,,,,,,,,,,,,,,,,,,,,,,,,19.85979896611143,19.01291048604104,19.00770066349598,18.64437989025677,18.05030292580595,,,,,,19.01291048604104,,18.915018586342235,#000000,0.39567111422317275,18.81406246549158,2.681362112044429,49.93244825687635,4.37814279888029,False,True,False,False,False,20.0,0.0,0.0,0.0,0.0,0,1.0912863070539416,0.8163900414937757,False,False,False,False,0.3163861994941496,0.31443122954797875,False,False,False,False,-462.0,-1743.1166239117667,False,False,False,False,364.5478102434219,False,False,False,False
2025-05-19 17:00:00+00:00,19.875,19.94,19.875,19.915,0.0,,,,,,,,,,,,,,,,,,,,,,,,19.85979896611143,19.01291048604104,19.00770066349598,18.64437989025677,18.05030292580595,,,,,,19.01291048604104,,18.915018586342235,"rgba(38, 166, 154, 0.5)",0.3895242189095476,18.81406246549158,2.82636478314605,53.15703769003862,4.37814279888029,False,True,True,False,True,20.0,0.0,0.0,0.0,0.0,0,1.0906749098402881,0.8109222050489435,False,False,False,False,0.32415265671588867,0.3192919431319337,False,False,False,False,-462.0,-1723.2543506728246,False,False,False,False,358.89590620864016,False,False,False,False
2025-05-19 18:00:00+00:00,19.915,19.915,19.88,19.91,300.0,,,,,,,,,,,,,,,,,,,,,,,,19.86312004230566,19.019586170923056,19.014398877760854,18.65193403563585,18.05711801252397,,,,,,19.019586170923056,,18.921231427829877,"rgba(38, 166, 154, 0.5)",0.383059847604552,18.8194390855803,2.846972662991112,54.80393230412719,0.42329919363554325,False,True,True,False,True,20.0,0.0,0.0,0.0,0.0,0,1.0908624229979462,0.8141683778234085,False,False,False,False,0.3217589894485628,0.32052546629024825,False,False,False,False,-762.0,-1708.351182445339,False,False,False,False,357.98279138370003,False,False,False,False
2025-05-19 19:00:00+00:00,19.91,19.92,19.87,19.87,205.0,,,,,,,,,,,,,,,,,,,,,,,,19.864330741576794,19.02401390791714,19.018842146241266,18.656982707036867,18.061708566905736,,,,,,19.02401390791714,,18.92517561393556,"rgba(38, 166, 154, 0.5)",0.37607026849622444,18.82290241396326,2.7843136609116286,52.30920322267294,0.42329919363554325,False,True,True,False,False,19.386716472348276,0.0,0.0,0.0,0.0,0,1.0893769152196116,0.8146067415730333,False,False,False,False,0.3211611302058054,0.3208432982480268,False,False,False,False,-967.0,-1696.8573656632407,False,False,False,False,355.61096516069694,False,False,False,False
2025-05-20 14:00:00+00:00,19.905,20.01,19.905,20.01,340.0,,,,,,,,,,,,,,,,,,,,,,,,19.87302673137663,19.032000452842624,19.02685253630331,18.665860706078146,18.06963766526087,,,,,,19.032000452842624,,18.933475618372317,"rgba(38, 166, 154, 0.5)",0.3719801287921057,18.829965636860198,3.1723048405075094,58.058517834847294,3.2194132180889596,False,True,True,False,True,20.0,0.0,0.0,0.0,0.0,0,1.0881168177240683,0.8046324269889221,False,False,False,False,0.3361756381271711,0.32850946818759896,False,False,False,False,-627.0,-1680.270429761485,False,False,False,False,355.3689346930892,False,False,False,False
2025-05-20 15:00:00+00:00,20.0,20.0,19.975,20.0,491.0,,,,,,,,,,,,,,,,,,,,,,,,19.885117268576174,19.043499772224397,19.038385676607838,18.678633102465003,18.081072076220007,,,,,,19.043499772224397,,18.945341579218685,"rgba(38, 166, 154, 0.5)",0.36848158118914276,18.840165305148332,3.1476056173790705,61.13072811567287,5.908051039279201,False,True,True,False,True,20.0,0.0,0.0,0.0,0.0,0,1.0938283993978923,0.8053186151530353,False,False,False,False,0.34282823019110664,0.3356688491893528,False,False,False,False,-1118.0,-1671.5530587574308,False,False,False,False,357.4717419071498,False,False,False,False
2025-05-20 16:00:00+00:00,20.0,20.0,20.0,20.0,0.0,,,,,,,,,,,,,,,,,,,,,,,,19.885117268576174,19.043499772224397,19.038385676607838,18.678633102465003,18.081072076220007,,,,,,19.043499772224397,,18.945341579218685,"rgba(38, 166, 154, 0.5)",0.3626249023712999,18.840165305148332,3.1984419361913723,63.178868302889924,7.714797916663677,False,True,True,False,True,20.0,0.0,0.0,0.0,0.0,0,1.1297828335056868,0.7993795243019646,False,False,False,False,0.34282823028973974,0.3392485397395463,False,False,False,False,-1118.0,-1662.9708407921992,False,False,False,False,351.9295443582017,False,False,False,False
2025-05-20 17:00:00+00:00,20.0,20.0,19.955,19.96,100.0,,,,,,,,,,,,,,,,,,,,,,,,19.88687711806968,19.045759405329964,19.040652297105854,18.681165135997816,18.0833600175878,,,,,,19.045759405329964,,18.947562794818225,"rgba(38, 166, 154, 0.5)",0.35937604837289727,18.842104097477666,3.110657784745797,61.350252945690414,7.714797916663677,False,True,True,False,True,20.0,0.0,0.0,0.0,0.0,0,1.1321243523316054,0.7683937823834197,False,False,False,False,0.3374096115418182,0.33832907564068226,False,False,False,False,-1218.0,-1656.0720680667387,False,False,False,False,348.02365994954744,False,False,False,False
2025-05-20 18:00:00+00:00,19.96,19.96,19.93,19.93,0.0,,,,,,,,,,,,,,,,,,,,,,,,19.88687711806968,19.045759405329964,19.040652297105854,18.681165135997816,18.0833600175878,,,,,,19.045759405329964,,18.947562794818225,"rgba(38, 166, 154, 0.5)",0.355403171643683,18.842104097477666,3.0610191166583816,58.067999278504466,7.714797916663677,False,True,True,False,False,19.286598816696042,0.0,0.0,0.0,0.0,0,1.1310201967892277,0.7669601242879336,False,False,False,False,0.3296162014254487,0.33397263853306547,False,False,False,False,-1218.0,-1649.280253057952,False,False,False,False,342.6279442914149,False,False,False,False
2025-05-20 19:00:00+00:00,19.9,20.0,19.875,19.99,1066.0,,,,,,,,,,,,,,,,,,,,,,,,19.899012644830663,19.06875903690697,19.06372690829605,18.707212130512353,18.107197437643613,,,,,,19.06875903690697,,18.96918163163793,"rgba(38, 166, 154, 0.5)",0.3537177451630297,18.861267179339112,3.1910551169567407,59.02322076468152,7.714797916663677,False,True,True,False,False,20.0,0.0,0.0,0.0,0.0,0,1.1237218813905925,0.763292433537832,False,False,False,False,0.3278232285284861,0.3308979335307758,False,False,False,False,-152.0,-1626.0666057237202,False,False,False,False,353.84301492255577,False,False,False,False
2025-05-21 14:00:00+00:00,19.99,19.99,19.985,19.99,250.0,,,,,,,,,,,,,,,,,,,,,,,,19.90259464228425,19.074182078379575,19.069166921622624,18.713326333606968,18.11279945760719,,,,,,19.074182078379575,,18.97441388670012,"rgba(38, 166, 154, 0.5)",0.3509656306162307,18.86591038235982,3.202848141188308,59.66003508879955,7.714797916663677,False,True,True,False,False,20.0,0.0,0.0,0.0,0.0,0,1.140729327170004,0.7632254750898818,False,False,False,False,0.33980073479613687,0.33534933416345636,False,False,False,False,-152.0,-1603.2128598985462,False,False,False,False,352.23304569895026,False,False,False,False
2025-05-21 15:00:00+00:00,19.99,20.035,19.99,20.035,1175.0,,,,,,,,,,,,,,,,,,,,,,,,19.921214063976247,19.099690744523766,19.094752706148192,18.741993228524848,18.139125295647126,,,,,,19.099690744523766,,18.999355207764033,"rgba(38, 166, 154, 0.5)",0.34797751558301265,18.951020513608718,3.1150848484424296,62.11363339768858,7.714797916663677,False,True,True,False,True,20.0,0.0,0.0,0.0,0.0,0,1.1417525773195865,0.7608247422680412,False,False,False,False,0.34282822995106427,0.33908878205726034,False,False,False,False,1023.0,-1562.4963814505065,False,False,False,False,364.98912250981925,False,True,False,False
2025-05-21 16:00:00+00:00,20.035,20.035,19.98,19.98,1600.0,,,,,,,,,,,,,,,,,,,,,,,,19.934910459910462,19.131524342993785,19.126691225202144,18.77843661239833,18.173426444813423,,,,,,19.131524342993785,,19.02899781706363,"rgba(38, 166, 154, 0.5)",0.34335618309336274,19.029539619209764,2.7681469785321866,59.8075472098721,7.714797916663677,False,True,True,False,True,19.464015344547157,0.0,0.0,0.0,0.0,0,1.1317273193234232,0.7621732444900051,False,False,False,False,0.34160550642922693,0.34034714424324364,False,False,False,False,-577.0,-1547.2173677846072,False,False,False,False,384.1365779747833,False,False,False,False
2025-05-21 17:00:00+00:00,19.98,19.98,19.75,19.815,1126.0,,,,,,,,,,,,,,,,,,,,,,,,19.92529172833416,19.148959525918254,19.144206508306038,18.799840629663855,18.194894232593427,,,,,,19.148959525918254,,19.042638524963145,#000000,0.3397227539472795,19.035268239197343,2.2952002824151787,51.40316606855011,7.424237704193317,False,True,False,False,False,13.155466197896974,0.0,0.0,0.0,0.0,0,1.1056584877315967,0.7731597396094141,False,False,False,False,0.30108360369480813,0.3207153739690259,False,False,False,False,-1703.0,-1549.6326023925976,False,False,False,False,395.6383364557944,False,False,False,False
2025-05-21 18:00:00+00:00,19.815,19.815,19.66,19.71,2414.0,,,,,,,,,,,,,,,,,,,,,,,,19.887403644380697,19.177674256267075,19.173098082203015,18.838025599963665,18.235904181068857,,,,,,19.177674256267075,,19.062421152776665,"rgba(239, 83, 80, 1.0)",0.33717536271975657,19.042208378084684,1.98054690748669,43.368707885772466,0.33209405956772287,False,True,False,True,False,9.491468223422139,0.0,0.0,0.0,0.0,0,1.1014188124014705,0.798738833420914,False,False,False,False,0.26580731658393264,0.2932613452764793,False,False,False,False,-4117.0,-1589.4367480919373,False,False,False,False,426.9307653479526,False,False,False,False
2025-05-21 19:00:00+00:00,19.71,19.755,19.705,19.755,570.0,,,,,,,,,,,,,,,,,,,,,,,,19.880926772873952,19.184159547050353,19.179623197504867,18.84668415783673,18.245332199396696,,,,,,19.184159547050353,,19.06734517493252,"rgba(239, 83, 80, 1.0)",0.3350998237717621,19.045213367550442,2.1181349021925944,40.24873758310507,-2.1513333553674343,False,True,False,True,False,10.660908485039926,0.0,0.0,0.0,0.0,0,1.1154052603327957,0.800858829844337,False,False,False,False,0.26375301848976906,0.2785071818831242,False,False,False,False,-3547.0,-1619.7865659509769,False,False,False,False,429.14889301697656,False,False,False,False
2025-05-22 14:00:00+00:00,19.755,19.755,19.54,19.54,1300.0,,,,,,,,,,,,,,,,,,,,,,,,19.85665059990291,19.195147926264248,19.190706481700744,18.863103343899983,18.264611019457163,,,,,,19.195147926264248,,19.07404387424501,"rgba(239, 83, 80, 1.0)",0.33198827722705854,19.04673461076981,1.4857915868301186,34.4100978671874,-7.3027188140058,False,True,False,True,False,3.8025480290858127,0.0,0.0,0.0,0.0,0,1.096911608093716,0.7907348242811502,False,False,False,False,0.24032894684491782,0.259418064364021,False,False,False,False,-4847.0,-1669.8208827579383,False,False,False,False,442.65046056710094,False,False,False,False
2025-05-22 15:00:00+00:00,19.54,19.6,19.54,19.565,100.0,,,,,,,,,,,,,,,,,,,,,,,,19.854664807034464,19.19588432622295,19.191450193004574,18.864265785367365,18.266024513736795,,,,,,19.19588432622295,,19.07445792507323,"rgba(239, 83, 80, 1.0)",0.32798336861808114,19.046767163925672,1.5800582763017572,31.588330866260918,-9.733953722933158,False,True,False,True,False,4.472542672479186,0.0,0.0,0.0,0.0,0,1.091880341880341,0.8066239316239313,False,False,False,False,0.20645555534918347,0.23293680985660223,False,False,False,False,-4747.0,-1717.5290861260323,False,False,False,False,437.3380503257505,False,False,False,False
2025-05-22 16:00:00+00:00,19.565,19.6,19.565,19.6,100.0,,,,,,,,,,,,,,,,,,,,,,,,19.852842989716578,19.19665721356783,19.19223029195168,18.865457313059515,18.267456606811496,,,,,,19.19665721356783,,19.07492888302142,"rgba(239, 83, 80, 1.0)",0.3231512489991393,19.046880658960994,1.711642281291262,31.224029407712855,-10.158993113179207,False,True,False,True,False,5.408093896022638,0.0,0.0,0.0,0.0,0,1.0994940978077565,0.8077571669477233,False,False,False,False,0.21018423250996307,0.22156052118328265,False,False,False,False,-4647.0,-1762.9472398295047,False,False,False,False,432.1080030338784,False,False,False,False
2025-05-22 17:00:00+00:00,19.6,19.6,19.57,19.57,100.0,,,,,,,,,,,,,,,,,,,,,,,,19.85098931086804,19.19741068328191,19.19299098268467,18.86663123480319,18.26887658581618,,,,,,19.19741068328191,,19.075379759490794,"rgba(239, 83, 80, 1.0)",0.3161732476388482,19.0469738557965,1.654239086037191,30.412525224073086,-11.272898253906028,False,True,False,True,False,4.4858909075323155,0.0,0.0,0.0,0.0,0,1.1249283667621768,0.8028653295128937,False,False,False,False,0.21093065643885456,0.2162455888110686,False,False,False,False,-4747.0,-1809.211623708117,False,False,False,False,426.9590417465314,False,False,False,False
2025-05-22 18:00:00+00:00,19.57,19.67,19.57,19.65,100.0,,,,,,,,,,,,,,,,,,,,,,,,19.849498054299662,19.198259280329044,19.193846588090956,18.867883315837826,18.270347529916926,,,,,,19.198259280329044,,19.07596695369488,"rgba(239, 83, 80, 1.0)",0.3086799415353711,19.04725009592246,1.9526694902152215,33.28258354107294,-11.272898253906028,False,True,False,True,False,6.619913727065935,0.0,0.0,0.0,0.0,0,1.1223796033994322,0.7756373937677055,False,False,False,False,0.22140534883502497,0.21882546882304676,False,False,False,False,-4647.0,-1853.2083427203943,False,False,False,False,421.8899093163526,False,False,False,False
2025-05-22 19:00:00+00:00,19.65,19.67,19.565,19.595,1134.0,,,,,,,,,,,,,,,,,,,,,,,,19.83247362042667,19.20721926912425,19.20288543063271,18.881434575376,18.28656615208324,,,,,,19.20721926912425,,19.082115809528574,"rgba(239, 83, 80, 1.0)",0.3006759202346985,19.050034507143078,1.812468030135361,33.89483632615578,-11.272898253906028,False,True,False,True,False,4.9230701029934,0.0,0.0,0.0,0.0,0,1.1222658440830053,0.777902411665732,False,False,False,False,0.2188341320388891,0.21882980043096795,False,False,False,False,-5781.0,-1914.1043374068997,False,False,False,False,432.93037583857966,False,False,False,False
2025-05-23 14:00:00+00:00,19.595,19.595,19.595,19.595,0.0,,,,,,,,,,,,,,,,,,,,,,,,19.83247362042667,19.20721926912425,19.20288543063271,18.881434575376,18.28656615208324,,,,,,19.20721926912425,,19.082115809528574,"rgba(239, 83, 80, 0.75)",0.2919954337542063,19.050034507143078,1.8663493666673499,34.303004849544344,-11.272898253906028,False,True,False,True,True,4.9230701029934,0.0,0.0,0.0,0.0,0,1.1268403171007915,0.7921857304643265,False,False,False,False,0.20693846930596949,0.21288413486846872,False,False,False,False,-5781.0,-1974.0562081447772,False,False,False,False,426.2182769883691,False,False,False,False
2025-05-23 15:00:00+00:00,19.595,19.595,19.51,19.51,100.0,,,,,,,,,,,,,,,,,,,,,,,19.538333333333338,19.83064131315019,19.207853453614508,19.203526699802467,18.882490648746565,18.287901114097195,,,,,,19.207853453614508,,19.158457760457377,"rgba(239, 83, 80, 0.75)",0.2847441873897094,19.074496137123713,1.5294565514000986,32.659525208504206,-11.272898253906028,False,True,False,True,True,2.3358657916744257,0.0,0.0,0.0,0.0,0,1.1076487252124636,0.8022662889518416,False,False,False,False,0.18953470529485095,0.20120942008165982,False,False,True,False,-5881.0,-2034.6289801115247,False,False,False,False,421.16062928312306,False,False,False,False
2025-05-23 16:00:00+00:00,19.51,19.54,19.51,19.54,0.0,,,,,,,,,,,,,,,,,,,,,,,19.538333333333338,19.83064131315019,19.207853453614508,19.203526699802467,18.882490648746565,18.287901114097195,,,,,,19.207853453614508,,19.158457760457377,"rgba(239, 83, 80, 0.75)",0.276798508692493,19.074496137123713,1.68174266933437,33.000176003037055,-11.272898253906028,False,True,False,True,True,3.173242892548707,1.0,19.54,19.51,0.0,0,1.1084824004616265,0.8176572417772648,False,False,False,False,0.17695034363780013,0.18907988185972996,False,False,False,False,-5881.0,-2094.2626393346018,False,False,False,False,414.63100712369476,False,False,False,False
2025-05-23 17:00:00+00:00,19.54,19.56,19.54,19.56,0.0,,,,,,,,,,,,,,,,,,,,,,,19.538333333333338,19.83064131315019,19.207853453614508,19.203526699802467,18.882490648746565,18.287901114097195,,,,,,19.207853453614508,,19.158457760457377,"rgba(239, 83, 80, 0.75)",0.2705944906651871,19.074496137123713,1.7942119282724454,34.19452561204524,-11.272898253906028,False,True,False,True,True,3.731942752523384,0.0,0.0,0.0,0.0,0,1.0954861111111103,0.8148148148148149,False,False,False,False,0.18515582865773728,0.18711785525873362,False,False,False,False,-5881.0,-2152.971745701507,False,False,False,False,408.2026194163506,False,False,False,False
2025-05-23 18:00:00+00:00,19.56,19.56,19.56,19.56,0.0,,,,,,,,,,,,,,,,,,,,,,,19.538333333333338,19.83064131315019,19.207853453614508,19.203526699802467,18.882490648746565,18.287901114097195,,,,,,19.207853453614508,,19.158457760457377,"rgba(239, 83, 80, 0.75)",0.2618080756364136,19.074496137123713,1.8544266126860418,34.99075868471736,-11.272898253906028,False,True,False,True,True,3.7319427525233735,0.0,0.0,0.0,0.0,0,1.0978009259259252,0.8096064814814814,False,False,False,False,0.18844487766265494,0.18778136646069427,False,False,False,False,-5881.0,-2210.77063336505,False,False,False,False,401.87389663470174,False,False,False,False
2025-05-23 19:00:00+00:00,19.56,19.56,19.52,19.52,156.0,,,,,,,,,,,,,,,,,,,,,,19.533333333333328,19.53528645833333,19.827779937071995,19.208823050139724,19.2045073317323,18.884118851363638,18.28996967406271,,,,,19.533333333333328,19.208823050139724,,19.211974090862434,"rgba(239, 83, 80, 0.75)",0.25326575082413744,19.14061343259647,1.4979781757659254,34.30566749014247,-11.272898253906028,False,True,False,True,True,2.476945888921332,0.0,0.0,0.0,0.0,0,1.0927419354838703,0.8104838709677418,False,False,False,False,0.17745842741130705,0.18261989693600067,False,False,False,False,-6037.0,-2270.092018894274,False,False,False,False,398.06189823726453,False,False,False,False
2025-05-26 14:00:00+00:00,19.52,19.52,19.52,19.52,0.0,,,,,,,,,,,,,,,,,,,,,,19.533333333333328,19.53528645833333,19.827779937071995,19.208823050139724,19.2045073317323,18.884118851363638,18.28996967406271,,,,,19.533333333333328,19.208823050139724,,19.211974090862434,"rgba(239, 83, 80, 0.75)",0.24430111754965322,19.14061343259647,1.5529465080175904,33.84894002709254,-11.761956543486505,False,True,False,True,True,2.476945888921353,0.0,0.0,0.0,0.0,0,1.0939871570344417,0.8260361938120255,False,False,False,False,0.1686485807794419,0.17563423885772128,False,False,False,False,-6037.0,-2328.493693019944,False,False,False,False,391.89039593901236,False,False,False,False
2025-05-26 15:00:00+00:00,19.52,19.52,19.52,19.52,0.0,,,,,,,,,,,,,,,,,,,,,,19.533333333333328,19.53528645833333,19.827779937071995,19.208823050139724,19.2045073317323,18.884118851363638,18.28996967406271,,,,,19.533333333333328,19.208823050139724,,19.211974090862434,"rgba(239, 83, 80, 0.75)",0.23301426704951347,19.14061343259647,1.6281688336401845,33.54445505172592,-12.47956549344218,False,True,False,True,True,2.476945888921353,0.0,0.0,0.0,0.0,0,1.0902122641509424,0.8254716981132072,False,False,False,False,0.15626636618380949,0.16595030252076537,False,False,False,False,-6037.0,-2385.9899148335885,False,False,False,False,385.81457584693464,False,False,False,False
2025-05-26 16:00:00+00:00,19.52,19.52,19.52,19.52,0.0,,,,,,,,,,,,,,,,,,,,,,19.533333333333328,19.53528645833333,19.827779937071995,19.208823050139724,19.2045073317323,18.884118851363638,18.28996967406271,,,,,19.533333333333328,19.208823050139724,,19.211974090862434,"rgba(239, 83, 80, 0.75)",0.22879525840856843,19.14061343259647,1.6581924382630506,33.341465068148175,-13.085695000592423,False,True,False,True,True,2.476945888921353,0.0,0.0,0.0,0.0,0,1.0867469879518064,0.837349397590361,False,False,False,False,0.15578245811332292,0.16086638031704414,False,False,False,False,-6037.0,-2442.5947223555486,False,False,False,False,379.8329545159744,False,False,False,False
2025-05-26 17:00:00+00:00,19.52,19.52,19.52,19.52,0.0,,,,,,,,,,,,,,,,,,,,,,19.533333333333328,19.53528645833333,19.827779937071995,19.208823050139724,19.2045073317323,18.884118851363638,18.28996967406271,,,,,19.533333333333328,19.208823050139724,,19.211974090862434,"rgba(239, 83, 80, 0.75)",0.22521761248389582,19.14061343259647,1.6845332974598373,33.20613841242968,-13.608411883075846,False,True,False,True,True,2.476945888921353,0.0,0.0,0.0,0.0,0,1.0823244552058104,0.8353510895883774,False,False,False,False,0.15578245811332292,0.15832441921518353,False,False,False,False,-6037.0,-2498.3219359624395,False,False,False,False,373.94407150022283,False,False,False,False
2025-05-26 18:00:00+00:00,19.52,19.52,19.52,19.52,0.0,,,,,,,,,,,,,,,,,,,,,,19.533333333333328,19.53528645833333,19.827779937071995,19.208823050139724,19.2045073317323,18.884118851363638,18.28996967406271,,,,,19.533333333333328,19.208823050139724,,19.211974090862434,"rgba(239, 83, 80, 0.75)",0.22282821727597174,19.14061343259647,1.7025966102563226,33.11592064195068,-14.06495560981628,False,True,False,True,True,2.476945888921353,0.0,0.0,0.0,0.0,0,1.0828258221680869,0.8355663824604136,False,False,False,False,0.15578245811332292,0.15705343866425323,False,False,False,False,-6037.0,-2553.1851617614716,False,False,False,False,368.1464889963434,False,False,False,False
2025-05-26 19:00:00+00:00,19.52,19.52,19.52,19.52,0.0,,,,,,,,,,,,,,,,,,,,,,19.533333333333328,19.53528645833333,19.827779937071995,19.208823050139724,19.2045073317323,18.884118851363638,18.28996967406271,,,,,19.533333333333328,19.208823050139724,,19.211974090862434,"rgba(239, 83, 80, 0.75)",0.22176722639442453,19.14061343259647,1.7107422659864542,33.05577546163135,-14.466299834040313,False,True,False,True,True,2.476945888921353,0.0,0.0,0.0,0.0,0,1.076829268292682,0.8365853658536582,False,False,False,False,0.15578245811332292,0.1564179483887881,False,False,False,False,-6037.0,-2607.1977949124566,False,False,False,False,362.4387914925241,False,False,False,False
2025-05-27 14:00:00+00:00,19.76,19.76,19.76,19.76,0.0,,,,,,,,,,,,,,,,,,,,,,19.533333333333328,19.53528645833333,19.827779937071995,19.208823050139724,19.2045073317323,18.884118851363638,18.28996967406271,,,,,19.533333333333328,19.208823050139724,,19.211974090862434,#000000,0.21818559749655375,19.14061343259647,2.838805927202936,45.915994756614595,-7.5304675009399205,False,False,False,False,True,9.67387597909012,0.0,0.0,0.0,0.0,0,1.0786650774731812,0.8414779499404047,False,False,False,False,0.2448170407953557,0.2006174945920719,False,False,False,False,-6037.0,-2660.37302289831,False,False,False,False,356.81958542287254,False,False,False,False
2025-05-27 15:00:00+00:00,19.76,19.86,19.76,19.835,120.0,,,,,,,,,,,,,,,,,,,,,,19.657246376811592,19.625620567375886,19.8277105150346,19.210216561561282,19.205908068053606,18.88591317477086,18.29191986375171,,,,,19.657246376811592,19.210216561561282,,19.243505018194217,"rgba(38, 166, 154, 1.0)",0.214456152724548,19.15232379538702,3.1832903646734034,56.08406772777411,1.1387926293410686,True,False,True,False,True,11.677665328283965,0.0,0.0,0.0,0.0,0,1.080283353010625,0.8252656434474617,False,False,False,False,0.26338901866639947,0.23200325662923568,False,False,False,False,-5917.0,-2710.8633636285685,False,False,False,False,353.14796394344813,False,False,False,False
2025-05-27 16:00:00+00:00,19.835,19.835,19.835,19.835,0.0,,,,,,,,,,,,,,,,,,,,,,19.657246376811592,19.625620567375886,19.8277105150346,19.210216561561282,19.205908068053606,18.88591317477086,18.29191986375171,,,,,19.657246376811592,19.210216561561282,,19.243505018194217,"rgba(38, 166, 154, 1.0)",0.2079421263907367,19.15232379538702,3.2830105975264905,62.86278304188046,6.478207197811848,True,False,True,False,True,11.677665328283965,0.0,0.0,0.0,0.0,0,1.090527577937649,0.8279376498800961,False,False,False,False,0.273004037700382,0.25250364716480883,False,False,False,False,-5917.0,-2760.570908378513,False,False,False,False,347.67280171176674,False,False,False,False
2025-05-27 17:00:00+00:00,19.86,19.86,19.84,19.84,0.0,,,,,,,,,,,,,,,,,,,,,,19.657246376811592,19.625620567375886,19.8277105150346,19.210216561561282,19.205908068053606,18.88591317477086,18.29191986375171,,,,,19.657246376811592,19.210216561561282,,19.243505018194217,"rgba(38, 166, 154, 1.0)",0.20049461361857887,19.15232379538702,3.429898650151352,67.49220894692077,9.978921068904107,True,False,True,False,True,11.81220642176243,0.0,0.0,0.0,0.0,0,1.104784978800726,0.8237431859479105,False,False,False,False,0.27879667673923053,0.2656501619520197,False,False,False,False,-5917.0,-2809.5077935199315,False,False,False,False,342.28252571623545,False,False,False,False
2025-05-27 18:00:00+00:00,19.84,19.87,19.84,19.87,177.0,,,,,,,,,,,,,,,,,,,,,,19.736467991169977,19.70063893911995,19.828056767236156,19.212400437996866,19.208102300223015,18.88866496422207,18.294865599671684,,,,,19.736467991169977,19.212400437996866,,19.267028142805678,"rgba(38, 166, 154, 1.0)",0.1945826441525002,19.16171471995301,3.6400228968616846,71.24895527878591,12.938148580976652,True,False,True,False,True,12.623622038069154,0.0,0.0,0.0,0.0,0,1.1044055522027751,0.8098974049487027,False,False,False,False,0.2801469307239647,0.27289854633799215,False,False,False,False,-5740.0,-2854.941781217297,False,False,False,False,339.72000593768917,False,False,False,False
2025-05-27 19:00:00+00:00,19.87,19.9,19.87,19.89,1200.0,,,,,,,,,,,,,,,,,,,,,,19.845505142165756,19.827982506179882,19.832028973229413,19.227421963958616,19.223191847500452,18.907419987993638,18.314883848069773,,,,,19.845505142165756,19.227421963958616,,19.311204895585366,"rgba(38, 166, 154, 1.0)",0.18720954680354185,19.18542972696853,3.763538158504541,74.18480671807595,15.402435099582789,True,False,True,False,True,13.163798480307818,0.0,0.0,0.0,0.0,0,1.1088270858524785,0.8107617896009676,False,False,False,False,0.2916321273305953,0.2822653368342937,False,False,False,False,-4540.0,-2881.0667148418347,False,False,False,False,353.0576802642366,False,False,False,False
2025-05-28 14:00:00+00:00,19.88,19.895,19.85,19.85,1710.0,,,,,,,,,,,,,,,,,,,,,,19.85541778174249,19.846261430359032,19.834932787391843,19.24704010268591,19.242905028769187,18.93239462111391,18.342173782486185,,,,,19.85541778174249,19.24704010268591,,19.328732219221223,"rgba(38, 166, 154, 1.0)",0.17892177061490624,19.20175314645502,3.6230742145974277,72.92460216857161,15.402435099582789,True,False,True,False,True,11.632706472024186,0.0,0.0,0.0,0.0,0,1.1066666666666665,0.8133333333333334,False,False,False,False,0.28489050485626327,0.2835779208452785,False,False,False,False,-6250.0,-2933.298238642736,False,False,False,False,374.09554568649645,False,False,False,False
2025-05-28 15:00:00+00:00,19.85,19.85,19.845,19.845,0.0,,,,,,,,,,,,,,,,,,,,,,19.85541778174249,19.846261430359032,19.834932787391843,19.24704010268591,19.242905028769187,18.93239462111391,18.342173782486185,,,,,19.85541778174249,19.24704010268591,,19.328732219221223,"rgba(38, 166, 154, 1.0)",0.17027301871075767,19.20175314645502,3.7777380022707048,71.69319901893894,15.402435099582789,True,False,True,False,True,11.441229799940729,0.0,0.0,0.0,0.0,0,1.1016533986527854,0.8254745866503367,False,False,False,False,0.26986170494348216,0.2767198128943803,False,False,False,False,-6250.0,-2984.719971376957,False,False,False,False,368.2956147456205,False,False,False,False
2025-05-28 16:00:00+00:00,19.845,19.85,19.845,19.85,1.0,,,,,,,,,,,,,,,,,,,,,,19.855415675782794,19.846262028483448,19.834933477536865,19.24705092217724,19.242915903294183,18.932408590834687,18.342189288802857,,,,,19.855415675782794,19.24705092217724,,19.32873941241601,"rgba(38, 166, 154, 0.75)",0.16065583493066934,19.2017610849817,4.034954069972288,71.0610968948136,15.402435099582789,True,False,True,False,False,11.584252518424574,0.0,0.0,0.0,0.0,0,1.0964530180460477,0.8332296204107027,False,False,False,False,0.26897825378261003,0.2728490333384952,False,False,False,False,-6249.0,-3035.3289640687867,False,False,False,False,362.60110909064963,False,False,False,False
2025-05-28 17:00:00+00:00,19.85,19.85,19.85,19.85,0.0,,,,,,,,,,,,,,,,,,,,,,19.855415675782794,19.846262028483448,19.834933477536865,19.24705092217724,19.242915903294183,18.932408590834687,18.342189288802857,,,,,19.855415675782794,19.24705092217724,,19.32873941241601,"rgba(38, 166, 154, 0.75)",0.16036284870011644,19.2017610849817,4.042326014241163,70.63969547873005,15.402435099582789,True,False,True,False,False,11.584252518424563,0.0,0.0,0.0,0.0,0,1.098174952800503,0.8363750786658275,False,False,False,False,0.26974232952523997,0.27129568143186755,False,False,False,False,-6249.0,-3085.1533212150066,False,False,False,False,356.97938646908915,False,False,False,False
2025-05-28 18:00:00+00:00,19.85,19.87,19.835,19.835,827.0,,,,,,,,,,,,,,,,,,,,,,19.853689254752243,19.84634001398275,19.835412797207404,19.255842848362356,19.251752948325404,18.943796710496592,18.35489054944755,,,,,19.853689254752243,19.255842848362356,,19.334532160367758,"rgba(38, 166, 154, 0.75)",0.1598539028933716,19.208180369968073,3.9212031654306236,68.83865446142312,15.402435099582789,True,False,True,False,False,10.979892750832736,0.0,0.0,0.0,0.0,0,1.0907944514501888,0.8341740226986127,False,False,False,False,0.27084388897772116,0.27106978520479436,False,False,False,False,-7076.0,-3147.026913134154,False,False,False,False,364.266527764142,False,False,False,False
2025-05-28 19:00:00+00:00,19.835,19.835,19.83,19.83,200.0,,,,,,,,,,,,,,,,,,,,,,19.852686176269636,19.845686558301786,19.83537614948151,19.25787748960579,19.253798463284014,18.94646326690994,18.357899496395294,,,,,19.852686176269636,19.25787748960579,,19.335683942892565,"rgba(38, 166, 154, 0.75)",0.15925425871508786,19.209571355066707,3.895837071731077,67.11790715554406,15.402435099582789,True,False,True,False,False,10.776246536508356,0.0,0.0,0.0,0.0,0,1.087595907928388,0.8484654731457798,False,False,False,False,0.26204912085509086,0.2665594530299426,False,False,False,False,-7276.0,-3211.0419997522285,False,False,False,False,361.71975989182965,False,False,False,False
2025-05-29 14:00:00+00:00,19.89,19.925,19.84,19.86,1504.0,,,,,,,,,,,,,,,,,,,,,,19.858379134860048,19.853040589380036,19.83809139784946,19.27385092187841,19.269850127423194,18.96697106088864,18.380793841913906,,,,,19.858379134860048,19.27385092187841,,19.3487110105991,"rgba(38, 166, 154, 0.75)",0.15904906036684666,19.22250871345949,4.00814242517457,67.65363539497535,15.402435099582789,True,False,True,False,False,11.69425719969512,0.0,0.0,0.0,0.0,0,1.07233502538071,0.8426395939086289,False,False,False,False,0.2841136176984558,0.2753365353641992,False,False,False,False,-5772.0,-3250.7467749498683,False,False,False,False,379.4295310562974,False,False,False,False
2025-05-29 15:00:00+00:00,19.86,19.89,19.85,19.87,739.0,,,,,,,,,,,,,,,,,,,,,,19.859673650889356,19.85490174240174,19.8391307797417,19.281337610105645,19.277374400560987,18.976665673969052,18.391755011520345,,,,,19.859673650889356,19.281337610105645,,19.354405552741262,"rgba(38, 166, 154, 0.75)",0.15897688086203568,19.22839544643623,4.03583558870155,68.52723846045251,15.402435099582789,True,False,True,False,False,12.000553285564223,0.0,0.0,0.0,0.0,0,1.0692063492063488,0.8526984126984123,False,False,False,False,0.27857296512995566,0.27695475024707744,False,False,False,False,-5033.0,-3278.3786078963817,False,False,False,False,385.0042670089129,False,False,False,False
2025-05-29 16:00:00+00:00,19.87,19.9,19.87,19.88,500.0,,,,,,,,,,,,,,,,,,,,,,19.86133188487057,19.856866878628697,19.840083955089778,19.286409610469853,19.282471289504972,18.983203891196496,18.399146234299938,,,,,19.86133188487057,19.286409610469853,,19.358501963437185,"rgba(38, 166, 154, 0.75)",0.15886713242750694,19.23252105480588,4.075600379389819,69.63271278043676,15.402435099582789,True,False,True,False,False,12.310060029440635,0.0,0.0,0.0,0.0,0,1.085881587508132,0.8418998048145734,False,False,False,False,0.2836888547576363,0.28032180250235683,False,False,False,False,-4533.0,-3297.8301023476006,False,False,False,False,386.78714659017004,False,False,False,False
2025-05-29 17:00:00+00:00,19.9,19.92,19.89,19.92,396.0,,,,,,,,,,,,,,,,,,,,,,19.863891323594505,19.859624508519005,19.841257968310504,19.290543150153724,19.28662405303031,18.988467059599614,18.40505255121851,,,,,19.863891323594505,19.290543150153724,,19.362208659203738,"rgba(38, 166, 154, 1.0)",0.15937736396401286,19.23609061238416,4.291132508442461,72.17128438506552,16.984069105414164,True,False,True,False,True,13.542434378424726,0.0,0.0,0.0,0.0,0,1.0788273615635167,0.8403908794788264,False,False,False,False,0.29275060241026696,0.2865362024563119,False,False,False,False,-4137.0,-3310.840488357715,False,False,False,False,386.9299815267566,False,False,False,False
2025-05-29 18:00:00+00:00,19.92,19.92,19.92,19.92,0.0,,,,,,,,,,,,,,,,,,,,,,19.863891323594505,19.859624508519005,19.841257968310504,19.290543150153724,19.28662405303031,18.988467059599614,18.40505255121851,,,,,19.863891323594505,19.290543150153724,,19.362208659203738,"rgba(38, 166, 154, 1.0)",0.15987588091163282,19.23609061238416,4.277752114428407,73.86366545481803,18.867761487430812,True,False,True,False,True,13.542434378424726,0.0,0.0,0.0,0.0,0,1.0818062827225123,0.8390052356020934,False,False,False,False,0.29937386632184104,0.29295503438907644,False,False,False,False,-4137.0,-3323.64916295682,False,False,False,False,380.9310670844813,False,False,False,False
2025-05-29 19:00:00+00:00,19.92,19.965,19.92,19.965,300.0,,,,,,,,,,,,,,,,,,,,,,19.867190506598547,19.863043505674653,19.842623902636465,19.293838182797316,19.28993321139564,18.992586032099616,18.40961449372362,,,,,19.867190506598547,19.293838182797316,,19.365547119275117,"rgba(38, 166, 154, 1.0)",0.16079215502346636,19.239152347771828,4.514198171684682,76.61976699338882,21.670528270689047,True,False,True,False,True,14.925788120551491,0.0,0.0,0.0,0.0,0,1.0781249999999996,0.8333333333333328,False,False,False,False,0.30903082746089244,0.30099293092498447,False,False,False,False,-3837.0,-3331.608090662916,False,False,False,False,379.6763218583653,False,False,False,False
2025-05-30 14:00:00+00:00,19.99,20.04,19.99,20.01,2065.0,,,,,,,,,,,,,,,,,,,,,,19.897689236988374,19.89409388027347,19.856209341760444,19.317761112721268,19.313947699809777,19.02182224410633,18.441561084154095,,,,,19.897689236988374,19.317761112721268,,19.391869228544824,"rgba(38, 166, 154, 1.0)",0.16235804610523158,19.26279073041615,4.602231226037001,79.61565925974367,24.594666615916367,True,False,True,False,True,16.27461949542134,0.0,0.0,0.0,0.0,0,1.084039087947882,0.836482084690553,False,False,False,False,0.3428282029808417,0.3219105669529131,False,False,False,False,-1772.0,-3307.4281202650413,False,False,False,False,405.80537113187904,False,False,False,False
2025-05-30 15:00:00+00:00,20.01,20.01,20.01,20.01,0.0,,,,,,,,,,,,,,,,,,,,,,19.897689236988374,19.89409388027347,19.856209341760444,19.317761112721268,19.313947699809777,19.02182224410633,18.441561084154095,,,,,19.897689236988374,19.317761112721268,,19.391869228544824,"rgba(38, 166, 154, 1.0)",0.16380627428602637,19.26279073041615,4.561542424676179,81.6129207706469,26.547119171960745,True,False,True,False,True,16.27461949542134,0.0,0.0,0.0,0.0,0,1.0870730073677155,0.8553248492967167,False,False,False,False,0.3400463208930511,0.3309784439229821,False,False,False,False,-1772.0,-3283.6230331291495,False,False,False,False,399.5138149902995,False,False,False,False
2025-05-30 16:00:00+00:00,20.01,20.01,19.9,19.9,44.0,,,,,,,,,,,,,,,,,,,,,,19.897861790253877,19.894280472822658,19.85634554221812,19.3181992759453,19.314387861652406,19.022380222989245,18.442195415931415,,,,,19.897861790253877,19.3181992759453,,19.39223579740186,"rgba(38, 166, 154, 0.75)",0.16404012363484605,19.26316304982406,3.882202329922293,72.22391289625355,28.054660949541244,True,False,True,False,False,11.340473199941346,0.0,0.0,0.0,0.0,0,1.0535117056856178,0.8662207357859522,False,False,False,False,0.30828940694119933,0.3196339254320907,False,False,False,False,-1816.0,-3260.869187654279,False,False,False,False,394.00197289742664,False,False,False,False
2025-05-30 17:00:00+00:00,19.91,19.97,19.91,19.935,200.0,,,,,,,,,,,,,,,,,,,,,,19.898660124272606,19.895140964286878,19.856971594379964,19.320188479016313,19.31638611773875,19.024912543831768,18.44507517940722,,,,,19.898660124272606,19.320188479016313,,19.393905000419068,"rgba(38, 166, 154, 0.75)",0.16377409732594575,19.264856969586464,4.091874364477828,67.80404836233662,24.33311867782949,True,False,True,False,False,12.438513633789881,0.0,0.0,0.0,0.0,0,1.0467914438502666,0.8790106951871646,False,False,False,False,0.29968418637455474,0.3096590559033227,False,False,False,False,-1616.0,-3235.36733978367,False,False,False,False,390.9941903718851,False,False,False,False
2025-05-30 18:00:00+00:00,19.93,19.96,19.93,19.96,300.0,,,,,,,,,,,,,,,,,,,,,,19.90013554938212,19.89670256507575,19.858025064170317,19.32320433625965,19.319415395730086,19.028733061677755,18.44940768534423,,,,,19.90013554938212,19.32320433625965,,19.396517665377132,"rgba(38, 166, 154, 0.75)",0.163991128083392,19.267473901649787,4.222948560961505,66.04708894359638,22.93761863615488,True,False,True,False,False,13.21526496074457,0.0,0.0,0.0,0.0,0,1.0467914438502666,0.8783422459893038,False,False,False,False,0.30097928673108304,0.3053191713172029,False,False,False,False,-1316.0,-3205.609706608729,False,False,False,False,389.5834277304605,False,False,False,False
2025-05-30 19:00:00+00:00,19.96,19.985,19.96,19.985,300.0,,,,,,,,,,,,,,,,,,,,,,19.902273489151685,19.898915797890332,19.859353538369664,19.326318533227436,19.322542731314808,19.032631830292072,18.45379186721144,,,,,19.902273489151685,19.326318533227436,,19.39940396963678,"rgba(38, 166, 154, 0.75)",0.16452300696192376,19.270286311066407,4.344156492951783,65.98880957649789,22.840880019385892,True,False,True,False,False,13.988234644735194,0.0,0.0,0.0,0.0,0,1.0470430107526874,0.8830645161290311,False,False,False,False,0.31598375800661554,0.3106514646619092,False,False,False,False,-1016.0,-3171.662269296966,False,False,False,False,388.1945373780503,False,False,False,False
2025-06-02 14:00:00+00:00,20.07,20.07,19.92,19.92,3200.0,,,,,,,,,,,,,,,,,,,,,,19.917821579740295,19.915118479473847,19.87115897572686,19.357456563366096,19.353816611068353,19.072026875577336,18.498838763187777,,,,,19.917821579740295,19.357456563366096,,19.426605406877222,"rgba(38, 166, 154, 0.75)",0.1643405604827768,19.297667587607037,3.786846111299383,61.40967689868529,18.42096387184992,True,False,True,False,False,11.129457785100165,0.0,0.0,0.0,0.0,0,1.0339321357285423,0.8815701929474373,False,False,False,False,0.3301383727446084,0.32039491870325876,False,False,False,False,-4216.0,-3187.8535519435245,False,False,False,False,431.78842051947584,False,False,False,False
2025-06-02 15:00:00+00:00,19.93,20.025,19.93,20.025,381.0,,,,,,,,,,,,,,,,,,,,,,19.91983065642458,19.917185043920483,19.87269153524512,19.361098009449236,19.35747346040323,19.076614023853715,18.504106715515746,,,,,19.91983065642458,19.361098009449236,,19.429857063544585,"rgba(38, 166, 154, 0.75)",0.16473779329745172,19.300932906903363,4.395270074968501,62.704237365209686,18.42096387184992,True,False,True,False,False,14.341555881455506,0.0,0.0,0.0,0.0,0,1.034505640345056,0.8871930988719302,False,False,False,False,0.31708534196371524,0.318740130333487,False,False,False,False,-3835.0,-3197.886830207966,False,False,False,False,431.0010031470809,False,False,False,False
2025-06-02 16:00:00+00:00,20.025,20.09,20.025,20.09,200.0,,,,,,,,,,,,,,,,,,,,,,19.921876147842056,19.919252735978116,19.87397136907293,19.363217669948508,19.35960082797148,19.07919925184433,18.506995727442863,,,,,19.921876147842056,19.363217669948508,,19.432016247157183,"rgba(38, 166, 154, 1.0)",0.1664639668283369,19.30299096989697,4.727804131416731,65.41621501748307,18.42096387184992,True,False,True,False,True,16.209205936342066,0.0,0.0,0.0,0.0,0,1.0477792732166886,0.8963660834454902,False,False,False,False,0.3428281878394359,0.33078415908646147,False,False,False,False,-3635.0,-3204.6637785768344,False,False,False,False,427.41959224557576,False,False,False,False
2025-06-02 17:00:00+00:00,20.1,20.13,20.1,20.13,533.0,,,,,,,,,,,,,,,,,,,,,,19.92889136163334,19.92631393123474,19.878187059302597,19.369214413851896,19.365617376502442,19.086379975406132,18.5148961444329,,,,,19.92889136163334,19.369214413851896,,19.438500037480576,"rgba(38, 166, 154, 1.0)",0.17025730395352492,19.309042236078707,4.8218651702918365,68.19251956349473,18.42096387184992,True,False,True,False,True,17.32431553616032,0.0,0.0,0.0,0.0,0,1.0581081081081078,0.8918918918918911,False,False,False,False,0.3428281882852571,0.3368061736858593,False,False,False,False,-3102.0,-3203.072092087271,False,False,False,False,429.05649779215594,False,False,False,False
2025-06-02 18:00:00+00:00,20.13,20.13,20.13,20.13,0.0,,,,,,,,,,,,,,,,,,,,,,19.92889136163334,19.92631393123474,19.878187059302597,19.369214413851896,19.365617376502442,19.086379975406132,18.5148961444329,,,,,19.92889136163334,19.369214413851896,,19.438500037480576,"rgba(38, 166, 154, 1.0)",0.17346853701264323,19.309042236078707,4.73260326085218,70.04338926083582,13.250297920820167,True,False,True,False,True,17.32431553616033,0.0,0.0,0.0,0.0,0,1.053351573187414,0.902872777017783,False,False,False,False,0.3428281891592235,0.33981718142254136,False,False,False,False,-3102.0,-3201.505082907623,False,False,False,False,422.4044590666961,False,False,False,False
2025-06-02 19:00:00+00:00,20.13,20.14,20.09,20.14,622.0,,,,,,,,,,,,,,,,,,,,,,19.93660701754386,19.9340823032224,19.882992939989915,19.37612396763202,19.372549778137344,19.094662073954236,18.524037413691747,,,,,19.93660701754386,19.37612396763202,,19.445865070595932,"rgba(38, 166, 154, 1.0)",0.17673357563499423,19.315970847637278,4.662550109123466,71.54473265102659,14.941264359571562,True,False,True,False,True,17.607682909569554,0.0,0.0,0.0,0.0,0,1.0409836065573765,0.9016393442622941,False,False,False,False,0.3330709707655197,0.33644407609403054,False,False,False,False,-2480.0,-3190.3189575912256,False,False,False,False,425.49896357729,False,False,False,False
2025-06-03 14:00:00+00:00,20.05,20.12,20.025,20.12,539.0,,,,,,,,,,,,,,,,,,,,,,19.941650836725465,19.93917861959054,19.88642302248944,19.381734210205828,19.37818002938144,19.101492169965322,18.531703718184183,,,,,19.941650836725465,19.381734210205828,,19.451480372363175,"rgba(38, 166, 154, 1.0)",0.17941001910408585,19.321396311659065,4.4512769817923115,70.94703632275431,14.941264359571562,True,False,True,False,True,16.68834505840803,0.0,0.0,0.0,0.0,0,1.0359565807326996,0.8989145183175026,False,False,False,False,0.3057478385894432,0.3210959573417369,False,False,False,False,-3019.0,-3187.662849721594,False,False,False,False,427.2586695683397,False,False,False,False
2025-06-03 15:00:00+00:00,20.12,20.22,20.08,20.22,507.0,,,,,,,,,,,,,,,,,,,,,,19.948675717162054,19.946236252303674,19.89086140436525,19.387556480782997,19.384020053792263,19.10837765923749,18.53923665100899,,,,,19.948675717162054,19.387556480782997,,19.457852031236104,"rgba(38, 166, 154, 1.0)",0.1845624726380741,19.327356818194225,4.836536751196661,73.22770750709043,17.18147538871564,True,False,True,False,True,19.499402440761184,0.0,0.0,0.0,0.0,0,1.045698924731182,0.8844086021505371,False,False,False,False,0.34282818958760086,0.3319620734646689,False,False,False,False,-2512.0,-3177.187456702654,False,False,False,False,428.4949692649546,False,False,False,False
2025-06-03 16:00:00+00:00,20.22,20.22,20.22,20.22,100.0,,,,,,,,,,,,,,,,,,,,,,19.950288726393598,19.947854145736073,19.891862616860337,19.388762361416934,19.38522932307263,19.109784366576825,18.540756479698093,,,,,19.950288726393598,19.388762361416934,,19.45921971710779,"rgba(38, 166, 154, 1.0)",0.18953078620343586,19.32862090277637,4.703083414991244,74.7481549633145,18.93989271088138,True,False,True,False,True,19.499402440761184,0.0,0.0,0.0,0.0,0,1.0590659340659334,0.8997252747252745,False,False,False,False,0.3428281933302361,0.33739513339745253,False,False,False,False,-2512.0,-3166.874472877806,False,False,False,False,423.4020240050328,False,False,False,False
2025-06-03 17:00:00+00:00,20.22,20.225,20.22,20.225,100.0,,,,,,,,,,,,,,,,,,,,,,19.951902369836297,19.949472612263285,19.89286786559107,19.38996957511235,19.38643991371881,19.111191731017957,18.542276573703493,,,,,19.951902369836297,19.38996957511235,,19.460588663034752,"rgba(38, 166, 154, 1.0)",0.19442585839951454,19.329886726765064,4.603879754490373,75.88421812374156,20.34698075956574,True,False,True,False,True,19.638346904294515,0.0,0.0,0.0,0.0,0,1.045993031358884,0.9114982578397204,False,False,False,False,0.34282819345592563,0.3401116634266891,False,False,False,False,-2412.0,-3155.17099267815,False,False,False,False,418.3880391367377,False,False,False,False
2025-06-03 18:00:00+00:00,20.225,20.225,20.205,20.205,0.0,,,,,,,,,,,,,,,,,,,,,,19.951902369836297,19.949472612263285,19.89286786559107,19.38996957511235,19.38643991371881,19.111191731017957,18.542276573703493,,,,,19.951902369836297,19.38996957511235,,19.460588663034752,"rgba(38, 166, 154, 1.0)",0.19883552893671005,19.329886726765064,4.4011916678808705,74.83720176024322,20.34698075956574,True,False,True,False,True,18.68108796945392,0.0,0.0,0.0,0.0,0,1.0366713681241175,0.9174894217207327,False,False,False,False,0.33826308925991483,0.339187376343302,False,False,False,False,-2412.0,-3143.648961783915,False,False,False,False,411.9014028710518,False,False,False,False
2025-06-03 19:00:00+00:00,20.205,20.22,20.145,20.22,804.0,,,,,,,,,,,,,,,,,,,,,,19.962929196050776,19.960547171575506,19.90005935816212,19.399224386105395,19.395722162728166,19.122093952398235,18.554194717755067,,,,,19.962929196050776,19.399224386105395,,19.470681563539323,"rgba(38, 166, 154, 1.0)",0.20340874395436118,19.339371018406574,4.329356567832756,74.64082833726371,20.34698075956574,True,False,True,False,True,19.113704187026755,0.0,0.0,0.0,0.0,0,1.0246305418719206,0.9155524278676984,False,False,False,False,0.31863432875564834,0.32891085254947516,False,False,False,False,-1608.0,-3119.840450748505,False,False,False,False,417.98045088855486,False,False,False,False
2025-06-04 14:00:00+00:00,20.2,20.225,20.185,20.225,234.0,,,,,,,,,,,,,,,,,,,,,,19.966170165376695,19.963801059490194,19.90220319299071,19.40193368486058,19.39843930704389,19.125274551631513,18.557666111742602,,,,,19.966170165376695,19.40193368486058,,19.47364115330517,"rgba(38, 166, 154, 1.0)",0.2078985806103391,19.342155335687462,4.246516073946848,74.68403542513528,20.34698075956574,True,False,True,False,True,19.259341716211075,0.0,0.0,0.0,0.0,0,1.0360424028268544,0.9102473498233207,False,False,False,False,0.3321973099169039,0.3305540812331895,False,False,False,False,-1374.0,-3092.773156938451,False,False,False,False,415.1280407972595,False,False,False,False
2025-06-04 15:00:00+00:00,20.225,20.28,20.225,20.28,250.0,,,,,,,,,,,,,,,,,,,,,,19.970227177037,19.967868261510738,19.904826094993485,19.404985846823823,19.401499572219315,19.128807625822343,18.561470465661095,,,,,19.970227177037,19.404985846823823,,19.477097863438253,"rgba(38, 166, 154, 1.0)",0.2135179803386634,19.435624932196582,3.9545853068867824,76.40030791464679,22.24237826085671,True,False,True,False,True,20.0,0.0,0.0,0.0,0.0,0,1.0459688826025453,0.8967468175388961,False,False,False,False,0.3428281949248283,0.3366911380790089,False,False,False,False,-1124.0,-3062.249542102196,False,False,False,False,412.56791613373605,False,False,False,False
2025-06-04 16:00:00+00:00,20.28,20.28,20.22,20.255,400.0,,,,,,,,,,,,,,,,,,,,,,19.976276711985246,19.973935895380126,19.9088286403939,19.40976800338888,19.406294716507574,19.13436557729353,18.567486629826384,,,,,19.976276711985246,19.40976800338888,,19.482422310682235,"rgba(38, 166, 154, 1.0)",0.21826347826862824,19.52949915163938,3.323968142153887,75.0681128566136,22.24237826085671,True,False,True,False,True,19.59652874406642,0.0,0.0,0.0,0.0,0,1.071947674418603,0.8851744186046507,False,False,False,False,0.3412430288780786,0.33896708347854376,False,False,False,False,-1524.0,-3038.4007119920843,False,False,False,False,412.3730647208099,False,False,False,False
2025-06-04 17:00:00+00:00,20.255,20.255,20.22,20.24,162.0,,,,,,,,,,,,,,,,,,,,,,19.978538348161177,19.976205641813724,19.910361484416878,19.411659012143932,19.408191007442223,19.136574249029522,18.56989181528181,,,,,19.978538348161177,19.411659012143932,,19.484488794041322,"rgba(38, 166, 154, 0.75)",0.22244114516661964,19.53086093295866,3.1879851477574315,72.75357979490506,22.24237826085671,True,False,True,False,False,18.84899251315202,0.0,0.0,0.0,0.0,0,1.048762736535661,0.8930131004366813,False,False,False,False,0.33334175297152485,0.33615441822503433,False,False,False,False,-1686.0,-3017.433259092982,False,False,False,False,408.491311779402,False,False,False,False
2025-06-04 18:00:00+00:00,20.24,20.265,20.235,20.235,200.0,,,,,,,,,,,,,,,,,,,,,,19.981347495299847,19.979024522398763,19.912272394167807,19.41400044955186,19.410538923415785,19.139305269814685,18.572863472267798,,,,,19.981347495299847,19.41400044955186,,19.487050360988082,"rgba(38, 166, 154, 0.75)",0.22632924673559562,19.532893680830746,3.1021457867063655,70.71818301360629,24.60759757910482,True,False,True,False,False,18.59741398861226,0.0,0.0,0.0,0.0,0,1.0527086383601743,0.8931185944363103,False,False,False,False,0.3412430288780786,0.3386987235515565,False,False,False,False,-1886.0,-2999.891658176812,False,False,False,False,405.2588883409616,False,False,False,False
2025-06-04 19:00:00+00:00,20.235,20.25,20.225,20.225,800.0,,,,,,,,,,,,,,,,,,,,,,19.99154367507967,19.98926291245199,19.919442133765074,19.423106424754344,19.419670810153402,19.149982229921243,18.58456320442021,,,,,19.99154367507967,19.423106424754344,,19.496795912935138,"rgba(38, 166, 154, 0.5)",0.22984614909157508,19.540351675109726,2.978724366695823,68.32784556861776,22.30582338790329,False,False,True,False,False,18.088150812662764,0.0,0.0,0.0,0.0,0,1.0529022777369572,0.8905216752387948,False,False,False,False,0.33334175297152707,0.3360202382615418,False,False,False,False,-2686.0,-2995.0251208407376,False,False,False,False,411.37890557598547,False,False,False,False
2025-06-05 14:00:00+00:00,20.225,20.235,20.2,20.225,1105.0,,,,,,,,,,,,,,,,,,,,,,20.003636232994833,20.001417969743205,19.928435511386713,19.43515463306289,19.43175459331932,19.164214272531044,18.600326416268327,,,,,20.003636232994833,19.43515463306289,,19.509277089900905,"rgba(38, 166, 154, 0.5)",0.23319718679242749,19.550098524993437,2.8941235710845197,66.73428727195875,20.769182290562426,False,True,True,False,False,18.088150812662764,0.0,0.0,0.0,0.0,0,1.0493009565857236,0.8933038999264167,False,False,False,False,0.3207822647601883,0.3284012515108651,False,False,False,False,-2686.0,-2990.23403369592,False,False,False,False,422.132720993412,False,False,False,False
2025-06-05 15:00:00+00:00,20.225,20.24,20.215,20.23,300.0,,,,,,,,,,,,,,,,,,,,,,20.00681951265584,20.00461756595852,19.93085215826372,19.438397082135356,19.43500655453648,19.168043048925785,18.60457545993411,,,,,20.00681951265584,19.438397082135356,,19.51261591177283,"rgba(38, 166, 154, 0.5)",0.23652977261500885,19.55289824345021,2.862649167011574,66.0193670036179,20.000785255875144,False,True,True,False,False,18.248908037253084,0.0,0.0,0.0,0.0,0,1.0486008836524292,0.8946980854197353,False,False,False,False,0.32704955247003065,0.32772540199044786,False,False,False,False,-2386.0,-2980.866064181255,False,False,False,False,420.2391904353746,False,False,False,False
2025-06-05 16:00:00+00:00,20.23,20.27,20.19,20.19,350.0,,,,,,,,,,,,,,,,,,,,,,20.01023150298864,20.008049415826633,19.933514152407817,19.442091216078776,19.438711807248506,19.172426508057846,18.60946931323399,,,,,20.01023150298864,19.442091216078776,,19.516356273691745,"rgba(38, 166, 154, 0.5)",0.2390165096638021,19.555937833180344,2.6527965273675926,61.13607587459997,15.412341379206993,False,True,True,False,False,16.147187413622877,0.0,0.0,0.0,0.0,0,1.0435745937961585,0.8980797636632203,False,False,False,False,0.32862024185182614,0.328172821921137,False,False,False,False,-2736.0,-2977.0696910931733,False,False,False,False,419.1502107387021,False,False,False,False
2025-06-05 17:00:00+00:00,20.19,20.22,20.19,20.22,407.0,,,,,,,,,,,,,,,,,,,,,,20.013938509703795,20.01177990589873,19.936476552765054,19.44630651165301,19.442940007812194,19.177445732057613,18.615099480557646,,,,,20.013938509703795,19.44630651165301,,19.520569528635438,"rgba(38, 166, 154, 0.5)",0.2415933035584779,19.559335628976633,2.734613754985353,60.26773318146546,14.648484576705513,False,True,True,False,False,17.14513177235014,0.0,0.0,0.0,0.0,0,1.0598802395209572,0.9011976047904194,False,False,False,False,0.31298221929567743,0.3205775206084072,False,False,False,False,-2329.0,-2967.0220989832014,False,False,False,False,418.96183537841216,False,False,False,False
2025-06-05 18:00:00+00:00,20.22,20.22,20.205,20.22,0.0,,,,,,,,,,,,,,,,,,,,,,20.013938509703795,20.01177990589873,19.936476552765054,19.44630651165301,19.442940007812194,19.177445732057613,18.615099480557646,,,,,20.013938509703795,19.44630651165301,,19.520569528635438,"rgba(38, 166, 154, 0.5)",0.24416788272606513,19.559335628976633,2.7057791698368976,59.68883805270912,14.019119875020351,False,True,True,False,False,17.14513177235014,0.0,0.0,0.0,0.0,0,1.0560957367240071,0.8908002991772629,False,False,False,False,0.31765776360357967,0.31911764210599347,False,False,False,False,-2329.0,-2957.1302834950898,False,False,False,False,412.4663030469639,False,False,False,False
2025-06-05 19:00:00+00:00,20.22,20.24,20.155,20.155,398.0,,,,,,,,,,,,,,,,,,,,,,20.0169575925843,20.014823830116065,19.939036186952897,19.450241698192524,19.446887925760205,19.182181672640674,18.620475556780566,,,,,20.0169575925843,19.450241698192524,,19.52437206614675,"rgba(38, 166, 154, 0.5)",0.24566737565137545,19.64546603692269,2.074080702520245,53.69052874604752,8.415129699458006,False,True,True,False,False,13.750069404910892,0.0,0.0,0.0,0.0,0,1.0465288035450506,0.8892171344165439,False,False,False,False,0.30831989166825396,0.31371876688712375,False,False,False,False,-2727.0,-2953.5623721230727,False,False,False,False,412.2420192787939,False,False,False,False
2025-06-06 14:00:00+00:00,20.155,20.26,20.155,20.22,3387.0,,,,,,,,,,,,,,,,,,,,,20.21166666666667,20.042600318842837,20.040647158313327,19.96114241938187,19.483335236775364,19.480085054937554,19.221841200333646,18.665580123752296,,,,,20.042600318842837,19.483335236775364,,19.638362272375446,"rgba(38, 166, 154, 0.5)",0.24830007637514429,19.75378619608965,1.8776224748556674,54.44352029262346,8.415129699458006,False,True,True,False,False,15.969422078109723,0.0,0.0,0.0,0.0,0,1.0534798534798526,0.887179487179487,False,False,False,False,0.31205740112261626,0.31288808400487,False,False,False,False,660.0,-2897.5381492994593,False,False,False,False,458.3622980496653,False,False,False,False
2025-06-06 15:00:00+00:00,20.22,20.245,20.22,20.24,421.0,,,,,,,,,,,,,,,,,,,,,20.214246323529412,20.045699146868667,20.043765514437805,19.963875023701178,19.487374175707306,19.484136339107796,19.22666953434231,18.67109044231502,,,,,20.045699146868667,19.487374175707306,,19.64210706250119,"rgba(38, 166, 154, 0.5)",0.25125635664940166,19.756997834957723,1.9223480411930347,56.09125766854104,8.415129699458006,False,True,True,False,True,16.63343331740223,0.0,0.0,0.0,0.0,0,1.0650529500756416,0.9145234493192134,False,False,False,False,0.32767116872175545,0.32027962636331275,False,False,False,False,1081.0,-2835.8553872948164,False,False,False,False,457.78303761478674,False,False,False,False
2025-06-06 16:00:00+00:00,20.24,20.25,20.16,20.18,530.0,,,,,,,,,,,,,,,,,,,,,20.212098509297682,20.04869936380567,20.046792807600838,19.966762987063653,19.49213995943206,19.488917876903997,19.23245430642918,18.677803955595042,,,,,20.04869936380567,19.49213995943206,,19.645708720766017,"rgba(38, 166, 154, 0.5)",0.2530173764640827,19.759897073116345,1.6603718398893854,53.06330176089588,8.129242158078434,False,True,True,False,False,13.583119347196313,0.0,0.0,0.0,0.0,0,1.0203466465712119,0.9231348907309721,False,False,False,False,0.30706364263548497,0.31367163449939883,False,False,False,False,551.0,-2783.3460014452844,False,False,False,False,458.90268044246443,False,False,False,False
2025-06-06 17:00:00+00:00,20.18,20.23,20.18,20.21,1554.0,,,,,,,,,,,,,,,,,,,,,20.210665874632273,20.057397276453017,20.0555646176841,19.975183131568645,19.50594474973271,19.50276787155577,19.249196645470473,18.69727959439631,,,,,20.057397276453017,19.50594474973271,,19.65674997018666,"rgba(38, 166, 154, 0.5)",0.2551842118587209,19.768988580865575,1.7282080890591538,52.89850554670617,7.870232120708202,False,True,True,False,False,14.608790732195263,0.0,0.0,0.0,0.0,1,1.0203619909502248,0.9291101055806937,False,False,False,False,0.30706364263548497,0.3103676385674419,False,False,False,False,2105.0,-2707.5576913453574,False,False,False,False,475.8809334588603,False,False,False,False
2025-06-06 18:00:00+00:00,20.21,20.25,20.21,20.235,2100.0,,,,,,,,,,,,,,,,,,,,,20.216184100767435,20.06946619177962,20.067720365074674,19.986797229889024,19.524410061308075,19.521291796255742,19.271495343600836,18.723246125827018,,,,,20.06946619177962,19.524410061308075,,19.672576401812805,"rgba(38, 166, 154, 0.5)",0.257476439926242,19.782498206939312,1.7574493153249795,54.20487561129892,7.870232120708202,False,True,True,False,False,15.454386761446518,0.0,0.0,0.0,0.0,1,1.0167173252279622,0.9392097264437689,False,False,False,False,0.3257868515902858,0.3180772450788638,False,False,False,False,4205.0,-2600.3862542702354,False,False,False,False,501.06107402538953,False,False,False,False
2025-06-06 19:00:00+00:00,20.235,20.28,20.235,20.25,1496.0,,,,,,,,,,,,,,,,,,,,,20.222304314221475,20.07818923703867,20.076497906158302,19.995178566454992,19.53741687492563,19.53433875358082,19.287144219553795,18.741492471354523,,,,,20.07818923703867,19.53741687492563,,19.684070292911024,"rgba(38, 166, 154, 0.5)",0.260214793466308,19.792519186723354,1.7580891815663813,55.89649280806337,7.870232120708202,False,True,True,False,True,15.960510811873409,0.0,0.0,0.0,0.0,1,1.0190403655750173,0.9314546839299312,False,False,False,False,0.34282817864480364,0.3304527118618337,False,False,False,False,5701.0,-2471.6825914133324,False,False,False,False,516.4864837304223,False,False,False,False
2025-06-09 14:00:00+00:00,20.31,20.345,20.3,20.34,868.0,,,,,,,,,,,,,,,,,,,,,20.23119125788593,20.084831788376626,20.083164973922596,20.00111164683354,19.54550323132858,19.542447125584832,19.296668528491193,18.752384708657893,,,,,20.084831788376626,19.54550323132858,,19.692162907635147,"rgba(38, 166, 154, 0.5)",0.2643121789246619,19.79993634074492,2.0432795092995533,60.7963779024635,5.82783912564112,False,True,True,False,True,18.880914975859707,0.0,0.0,0.0,0.0,0,1.0241327300150813,0.9132730015082956,False,False,False,False,0.3428281833691083,0.336640447615471,False,False,False,False,6569.0,-2331.5169698410327,False,False,False,False,521.9363056880901,False,False,False,False
2025-06-09 15:00:00+00:00,20.34,20.34,20.31,20.34,500.0,,,,,,,,,,,,,,,,,,,,,20.23574213952346,20.088525527063812,20.086872652987655,20.00445129298673,19.55009641131331,19.547052859554537,19.302084936418254,18.758597994039885,,,,,20.088525527063812,19.55009641131331,,19.696677976735955,"rgba(38, 166, 154, 0.5)",0.26723571604091856,19.804064166479428,2.005479811832153,64.06296796539692,8.81792562683114,False,True,True,False,True,18.880914975859707,0.0,0.0,0.0,0.0,0,1.0381097560975592,0.9115853658536586,False,False,False,False,0.34282818353907557,0.3397343155772733,False,False,False,False,6569.0,-2193.5244586807066,False,False,False,False,521.5962079254841,False,False,False,False
2025-06-09 16:00:00+00:00,20.34,20.34,20.34,20.34,200.0,,,,,,,,,,,,,,,,,,,,,20.23762813555234,20.090031948562817,20.088384447696125,20.005808690668825,19.551942023567538,19.548903442749854,19.304256556716783,18.761085355143987,,,,,20.090031948562817,19.551942023567538,,19.698505075082284,"rgba(38, 166, 154, 0.5)",0.27034349188315615,19.805741080606786,1.9762226035910009,66.24069467401921,10.81071907861805,False,False,True,False,True,18.880914975859707,0.0,0.0,0.0,0.0,0,1.0543478260869548,0.9021739130434783,False,False,False,False,0.34282818319832403,0.3412812493877987,False,False,False,False,6569.0,-2057.67136629806,False,False,False,False,516.6102202057091,False,False,False,False
2025-06-09 17:00:00+00:00,20.34,20.38,20.335,20.38,320.0,,,,,,,,,,,,,,,,,,,,,20.241211029067042,20.092642378932172,20.091002750909578,20.008118602625938,19.554970242944833,19.551939480955326,19.30779572302913,18.76511165588024,,,,,20.092642378932172,19.554970242944833,,19.70159898304303,"rgba(38, 166, 154, 1.0)",0.27070714870563495,19.808613201819348,2.1107192806421704,69.15839734551815,13.535493222408505,True,False,True,False,True,20.0,0.0,0.0,0.0,0.0,0,1.0451361867704265,0.8957198443579772,False,False,False,False,0.342828184376857,0.34205471688232786,False,False,False,False,6889.0,-1918.9632830996404,False,False,False,False,513.5619997374035,False,False,False,False
2025-06-09 18:00:00+00:00,20.38,20.39,20.355,20.37,100.0,,,,,,,,,,,,,,,,,,,,,20.242347798303705,20.093467723646977,20.09183049714415,20.00884774033962,19.555919691227427,19.552891357107203,19.308903818044847,18.766370958259845,,,,,20.093467723646977,19.555919691227427,,19.70257244800922,"rgba(38, 166, 154, 1.0)",0.2709160303405278,19.80951871800897,2.0688376442196277,70.09446733847548,14.47939812326105,True,False,True,False,True,19.610943509049616,0.0,0.0,0.0,0.0,0,1.0451361867704265,0.894163424124514,False,False,False,False,0.3428281853564168,0.3424414511193723,False,False,False,False,6789.0,-1783.956100415925,False,False,False,False,507.1501857879864,False,False,False,False
2025-06-09 19:00:00+00:00,20.345,20.37,20.32,20.35,1810.0,,,,,,,,,,,,,,,,,,,,,20.256559536354054,20.106334896257408,20.104744612742767,20.020681536675053,19.572215770217554,19.569231426827567,19.328106127984686,18.78847812085378,,,,,20.106334896257408,19.572215770217554,,19.718294003489106,"rgba(38, 166, 154, 1.0)",0.2710033077155461,19.823898106239564,1.9413117064705743,68.72116969982892,14.47939812326105,True,False,True,False,True,18.506231917669005,0.0,0.0,0.0,0.0,0,1.039382239382238,0.892664092664093,False,False,False,False,0.32386512799167905,0.3331532895555257,False,False,False,False,4979.0,-1679.104067851337,False,False,False,False,527.3494077137541,False,False,False,False
2025-06-10 14:00:00+00:00,20.35,20.465,20.35,20.465,114.0,,,,,,,,,,,,,,,,,,,,,20.25800671641791,20.107356916962864,20.105768840761726,20.021575293526958,19.573323402545626,19.570341677930365,19.329384919621926,18.78992024391437,,,,,20.107356916962864,19.573323402545626,,19.719459751460217,"rgba(38, 166, 154, 1.0)",0.27251055025443316,19.824998265875497,2.3485392896787185,71.7759175929434,16.227636110301077,True,False,True,False,True,20.0,0.0,0.0,0.0,0.0,0,1.0433130699088133,0.8814589665653498,False,False,False,False,0.34282818723557246,0.33799073839554905,False,False,False,False,5093.0,-1574.110206334262,False,False,False,False,520.9408897647037,False,False,False,False
2025-06-10 15:00:00+00:00,20.465,20.465,20.39,20.44,344.0,,,,,,,,,,,,,,,,,,,,,20.262353269305393,20.110449434049436,20.108867910619676,20.024281544147737,19.576667874861254,19.57369400916446,19.33324324782673,18.794269810463405,,,,,20.110449434049436,19.576667874861254,,19.72297838755476,"rgba(38, 166, 154, 1.0)",0.27446751067182457,19.828321077549152,2.2286022886775183,71.76505809895411,16.42130217375471,True,False,True,False,True,20.0,0.0,0.0,0.0,0.0,0,1.0489089541008263,0.8826185101580138,False,False,False,False,0.342828172800241,0.34040945559789504,False,False,False,False,4749.0,-1476.0774899569865,False,False,False,False,518.1976201559486,False,False,False,False
2025-06-10 16:00:00+00:00,20.44,20.48,20.41,20.45,200.0,,,,,,,,,,,,,,,,,,,,,20.26499689233123,20.11230314725477,20.1107252233677,20.025895919329358,19.5786342848963,19.5756649357491,19.335504534053644,18.796811118886318,,,,,20.11230314725477,19.5786342848963,,19.725067006983554,"rgba(38, 166, 154, 1.0)",0.2751682204570923,19.830300958509106,2.252073442425465,72.0806130712883,17.049948242626925,True,False,True,False,True,20.0,0.0,0.0,0.0,0.0,0,1.0537974683544291,0.8829113924050634,False,False,False,False,0.3428281743443112,0.34161881497110314,False,False,False,False,4949.0,-1376.4638854615291,False,False,False,False,513.2643237194222,False,False,False,False
2025-06-10 17:00:00+00:00,20.45,20.505,20.45,20.5,940.0,,,,,,,,,,,,,,,,,,,,,20.27889120308161,20.12171696000717,20.120153557550587,20.033997553252735,19.588161533931228,19.585212826957093,19.34637315549655,18.80892641284238,,,,,20.12171696000717,19.588161533931228,,19.73542915038992,"rgba(38, 166, 154, 1.0)",0.27649539363735476,19.84021150047473,2.3862549420647268,73.76107946632438,18.963972893090187,True,False,True,False,True,20.0,0.0,0.0,0.0,0.0,0,1.0592417061611354,0.8791469194312801,False,False,False,False,0.34282817706212826,0.3422234960166157,False,False,False,False,5889.0,-1263.8210345241412,False,False,False,False,519.8803807160203,False,False,False,False
2025-06-10 18:00:00+00:00,20.5,20.52,20.475,20.52,100.0,,,,,,,,,,,,,,,,,,,,,20.28040020466275,20.122744115413823,20.121182146198052,20.034880109179035,19.589185636947185,19.586239088795917,19.34753740566939,18.810220305709613,,,,,20.122744115413823,19.589185636947185,,19.73654862657197,"rgba(38, 166, 154, 1.0)",0.2757374550983542,19.8412854562891,2.4614521210722193,75.39841391590309,20.7789354441138,True,False,True,False,True,20.0,0.0,0.0,0.0,0.0,0,1.0590086546026738,0.8772619984264362,False,False,False,False,0.34282817864480364,0.3425258373307097,False,False,False,False,5989.0,-1151.3741967795809,False,False,False,False,513.370607371586,False,False,False,False
2025-06-10 19:00:00+00:00,20.52,20.545,20.51,20.51,1950.0,,,,,,,,,,,,,,,,,,,,,20.30818274871068,20.14255562629993,20.141020703670776,20.052039691721802,19.609063397320977,19.60615810355811,19.37010190505288,18.835306715877515,,,,,20.14255562629993,19.609063397320977,,19.758053611526584,"rgba(38, 166, 154, 1.0)",0.2748549986269901,19.861909339429467,2.357936598599281,75.52661405455268,21.192776692694736,True,False,True,False,True,20.0,0.0,0.0,0.0,0.0,0,1.064668769716087,0.8777602523659307,False,False,False,False,0.3428281809009995,0.3426770091158546,False,False,False,False,4039.0,-1070.9032790000524,False,False,False,False,535.6439312883055,False,False,False,False
2025-06-11 14:00:00+00:00,20.5,20.5,20.45,20.475,300.0,,,,,,,,,,,,,,,,,,,,,20.31108661173649,20.1450763722145,20.143546703643015,20.054321113068912,19.611893995525342,19.608995138322,19.37335904566314,18.83899603499009,,,,,20.1450763722145,19.611893995525342,,19.760909376895437,"rgba(38, 166, 154, 0.75)",0.27311298523262284,19.864596875721563,2.2349838978125836,72.41993698839005,21.192776692694736,True,False,True,False,False,20.0,0.0,0.0,0.0,0.0,0,1.050900548159748,0.8841033672670323,False,False,False,False,0.30470003802822543,0.32368852357204003,False,False,False,False,3739.0,-996.3311351395864,False,False,False,False,531.9905370047658,False,False,False,False
2025-06-11 15:00:00+00:00,20.475,20.5,20.47,20.5,929.0,,,,,,,,,,,,,,,,,,,,,20.320237662647507,20.152989496386297,20.151475341183428,20.061478799346855,19.62069352605937,19.617814300389355,19.383460310041293,18.850419838326058,,,,,20.152989496386297,19.62069352605937,,19.76982115929752,"rgba(38, 166, 154, 0.75)",0.27131797109924966,19.873003557825026,2.310928537592577,71.38722002830292,21.192776692694736,True,False,True,False,False,20.0,0.0,0.0,0.0,0.0,0,1.0530835284933633,0.884465261514442,False,False,False,False,0.31189354669188246,0.3177910351319613,False,False,False,False,4668.0,-908.5120477730811,False,False,False,False,538.1457224775601,False,False,False,False
2025-06-11 16:00:00+00:00,20.5,20.5,20.48,20.5,121.0,,,,,,,,,,,,,,,,,,,,,20.321383176547805,20.154003447002342,20.152491301322204,20.062400914096138,19.621831024353813,19.618954335934003,19.384766462096092,18.85189913654753,,,,,20.154003447002342,19.621831024353813,,19.770966224737492,"rgba(38, 166, 154, 0.75)",0.2678167990209153,19.874082623459884,2.3371102142522227,70.6987420549115,24.728590333518213,True,False,True,False,False,20.0,0.0,0.0,0.0,0.0,0,1.0554675118858943,0.899366085578447,False,False,False,False,0.31550201935755406,0.31664652724475767,False,False,False,False,4668.0,-822.0544966448163,False,False,False,False,531.6783469352723,False,False,False,False
2025-06-11 17:00:00+00:00,20.5,20.5,20.465,20.465,63.0,,,,,,,,,,,,,,,,,,,,,20.321916389600485,20.15450317124736,20.15299213628264,20.062860957853733,19.62241079855168,19.619535441849134,19.385435102384662,18.852660485746444,,,,,20.15450317124736,19.62241079855168,,19.771539310439515,"rgba(38, 166, 154, 0.5)",0.2629275925400187,19.87461953672609,2.245410828017418,66.99539018149241,21.131267058605204,False,False,True,False,False,19.443427970766596,0.0,0.0,0.0,0.0,0,1.0435471100554221,0.8954869358669832,False,False,False,False,0.3100922622219092,0.3133693947333335,False,False,False,False,4605.0,-737.9141168518734,False,False,False,False,524.4120159750355,False,False,False,False
2025-06-11 18:00:00+00:00,20.465,20.47,20.425,20.425,116.0,,,,,,,,,,,,,,,,,,,,,20.32265828955208,20.155314997303527,20.153806263347523,20.063630534592857,19.62343053240866,19.620557673855767,19.386622813830964,18.8540288615409,,,,,20.155314997303527,19.62343053240866,,19.772506245804035,"rgba(38, 166, 154, 0.5)",0.2566222554299469,19.875512780864746,2.1412297940201634,61.48913769042109,16.0780630446004,False,True,True,False,False,17.21484843208915,0.0,0.0,0.0,0.0,0,1.0325138778747016,0.9088025376685169,False,False,False,False,0.28507220405989,0.2992207993966117,False,False,False,False,4489.0,-656.8766886836272,False,False,False,False,518.0800467351125,False,False,False,False
2025-06-11 19:00:00+00:00,20.425,20.45,20.4,20.43,518.0,,,,,,,,,,,,,,,,,,,,,20.32549672479497,20.158717402530343,20.157219324511416,20.06690871321073,19.62787945211339,19.62501778428148,19.39182735346588,18.860059557299376,,,,,20.158717402530343,19.62787945211339,,19.77664078902595,"rgba(38, 166, 154, 0.5)",0.2496494298767944,19.879306452072562,2.2058674365858266,58.16580999062032,13.193462125935099,False,True,True,False,False,17.38824935567665,0.0,0.0,0.0,0.0,0,1.0252565114443555,0.9100236779794794,False,False,False,False,0.2691712774222618,0.28419603840943675,False,False,False,False,5007.0,-569.0646469986098,False,False,False,False,518.0788057004596,False,False,False,False
2025-06-12 14:00:00+00:00,20.43,20.58,20.43,20.58,320.0,,,,,,,,,,,,,,,,,,,,,20.328887276997737,20.161571227261085,20.16007779801272,20.069477651613653,19.63095563867311,19.628100476890005,19.39533502192603,18.864006240768095,,,,,20.161571227261085,19.63095563867311,,19.779801416517806,"rgba(38, 166, 154, 0.5)",0.24491875836319377,19.882308488675005,2.8486650675011846,62.66270710398332,13.193462125935099,False,True,True,False,True,20.0,0.0,0.0,0.0,0.0,0,1.0279286268425123,0.896043444530644,False,False,False,False,0.3263757548031633,0.3052858966063,False,False,False,False,5327.0,-477.65279200638327,False,False,False,False,515.0078164647936,False,False,False,False
2025-06-12 15:00:00+00:00,20.58,20.58,20.55,20.55,20.0,,,,,,,,,,,,,,,,,,,,,20.32912651174025,20.161762540414227,20.160269368333655,20.069647661958818,19.631153596198722,19.628298833571026,19.395559310827387,18.86425671983459,,,,,20.161762540414227,19.631153596198722,,19.780009317859836,"rgba(38, 166, 154, 0.5)",0.238550483825339,19.882507370775265,2.798118949586612,63.61914980098913,7.849969456025697,False,True,True,False,True,20.0,0.0,0.0,0.0,0.0,0,1.0448916408668716,0.8939628482972136,False,False,False,False,0.34282818353907557,0.32405704007268776,False,False,False,False,5307.0,-387.9682525954316,False,False,False,False,507.3332766746417,False,False,False,False
2025-06-12 16:00:00+00:00,20.55,20.59,20.55,20.59,20.0,,,,,,,,,,,,,,,,,,,,,20.32938248625545,20.161961668906383,20.160468735037828,20.06982332900246,19.631355019900663,19.628500652607247,19.395786722375195,18.86450958604056,,,,,20.161961668906383,19.631355019900663,,19.78022352501572,"rgba(38, 166, 154, 0.5)",0.23212370498159837,19.88271307652474,3.0470258241454875,65.56237899534338,9.693860900712188,False,False,True,False,True,20.0,0.0,0.0,0.0,0.0,0,1.0453834115805933,0.9076682316118928,False,False,False,False,0.34282818387658187,0.3334426119746348,False,False,False,False,5327.0,-299.36409364046364,False,False,False,False,499.7777219975154,False,False,False,False
2025-06-12 17:00:00+00:00,20.59,20.59,20.56,20.56,495.0,,,,,,,,,,,,,,,,,,,,,20.335387006789006,20.166751646232047,20.16526486384177,20.074075947555254,19.636278087407383,19.633433516446694,19.401355766559043,18.870720037763146,,,,,20.166751646232047,19.636278087407383,,19.785408359074292,"rgba(38, 166, 154, 0.5)",0.23156103625930466,19.88767966013115,2.90342602853089,64.83246723111544,9.693860900712188,False,False,True,False,True,20.0,0.0,0.0,0.0,0.0,0,1.0399999999999987,0.9074509803921561,False,False,False,False,0.342828184210889,0.33813539809276194,False,False,False,False,4832.0,-219.80806118092153,False,False,False,False,499.7036487882516,False,False,False,False
2025-06-12 18:00:00+00:00,20.56,20.59,20.56,20.585,200.0,,,,,,,,,,,,,,,,,,,,,20.337812104877887,20.168694581474576,20.16721022597939,20.075802265205986,19.63827021083128,19.635429565786843,19.40360686882984,18.873228743526642,,,,,20.168694581474576,19.63827021083128,,19.787506820814055,"rgba(38, 166, 154, 0.5)",0.23276591883895348,19.889691114007153,2.987159329256958,65.27137886036026,9.750787746709975,False,False,True,False,True,20.0,0.0,0.0,0.0,0.0,0,1.0359094457455096,0.9047619047619041,False,False,False,False,0.342828184210889,0.3404817911518255,False,False,False,False,5032.0,-138.38468038741885,False,False,False,False,495.0570805899841,False,False,False,False
2025-06-12 19:00:00+00:00,20.585,20.595,20.575,20.575,30.0,,,,,,,,,,,,,,,,,,,,,20.338176683610754,20.16898679938046,20.167502804119508,20.07606190476191,19.638569359885008,19.635729301952345,19.403944747719073,18.873605148165826,,,,,20.16898679938046,19.638569359885008,,19.78782209369936,"rgba(38, 166, 154, 0.5)",0.23330946467358626,19.97539649519033,2.5699922017675054,64.83662677647334,9.750787746709975,False,False,True,False,True,20.0,0.0,0.0,0.0,0.0,0,1.0389408099688462,0.9042056074766349,False,True,False,False,0.3428281848700861,0.3416549880109558,False,False,False,False,5002.0,-58.68879386978445,False,False,False,False,487.84689329401533,False,False,False,False
2025-06-13 14:00:00+00:00,20.575,20.575,20.39,20.42,101.0,,,,,,,,,,,,,,,,,,,,,20.338795143881924,20.169682377209906,20.168200267618197,20.076727069847944,19.63944713103648,19.63660918206622,19.404965090735445,18.874782215177177,,,,,20.169682377209906,19.63944713103648,,19.78865105969666,"rgba(38, 166, 154, 0.5)",0.23090743436107072,20.045539143537304,1.621692508510365,56.76058566243951,12.328452065447898,False,True,True,False,False,12.456317740242152,0.0,0.0,0.0,0.0,0,1.0091883614088808,0.9203675344563544,False,False,False,False,0.2730696338339848,0.3073623109224703,False,False,False,False,4901.0,18.205606035173453,False,False,False,False,481.8492670413949,False,False,False,False
2025-06-13 15:00:00+00:00,20.42,20.485,20.42,20.48,0.0,,,,,,,,,,,,,,,,,,,,,20.338795143881924,20.169682377209906,20.168200267618197,20.076727069847944,19.63944713103648,19.63660918206622,19.404965090735445,18.874782215177177,,,,,20.169682377209906,19.63944713103648,,19.78865105969666,"rgba(38, 166, 154, 0.5)",0.2296880571635635,20.045539143537304,1.8915256710683541,54.092828925018765,9.950814601837784,False,True,True,False,False,14.448977266606494,0.0,0.0,0.0,0.0,0,1.0122605363984667,0.9348659003831408,False,False,False,False,0.2531604980081482,0.2802614044653092,False,False,False,False,4901.0,93.9078447012948,False,False,False,False,474.3787357694353,False,False,False,False
2025-06-13 16:00:00+00:00,20.48,20.52,20.48,20.52,200.0,,,,,,,,,,,,,,,,,,,,,20.34044360976089,20.171260831889082,20.16978196021621,20.078190669094997,19.641274606904165,19.63844072779837,19.4070655703845,18.8771738503852,,,,,20.171260831889082,19.641274606904165,,19.790453978304175,"rgba(38, 166, 154, 0.5)",0.2292304595894103,20.049020865953217,2.0546097359416544,53.908016060314864,9.735839931770315,False,True,True,False,False,15.73349943289599,0.0,0.0,0.0,0.0,0,1.0351562499999996,0.9242187499999991,False,False,False,False,0.28478065447591266,0.282521029470611,False,False,False,False,5101.0,171.53718044236,False,False,False,False,470.12480188153705,False,False,False,False
2025-06-13 17:00:00+00:00,20.52,20.52,20.47,20.48,50.0,,,,,,,,,,,,,,,,,,,,,20.340809864328747,20.171633643679236,20.17015562764501,20.07854084114216,19.641721497347987,19.638888643424725,19.407581499126575,18.8777645599539,,,,,20.171633643679236,19.641721497347987,,19.790887022081044,#000000,0.2269636435543456,20.049291928015105,1.8976963236923188,52.08952698100077,7.846783250096735,False,True,False,False,False,13.811023466057232,0.0,0.0,0.0,0.0,0,1.0338582677165349,0.9330708661417312,False,False,False,False,0.28142700950063737,0.28197401948562417,False,False,False,False,5051.0,247.18776679209088,False,False,False,False,463.61123906166824,False,False,False,False
2025-06-13 18:00:00+00:00,20.48,20.495,20.4,20.45,1700.0,,,,,,,,,,,,,,,,,,,,,20.349074542960924,20.182216560175185,20.18077119062584,20.088931532812136,19.655907865106553,19.653110268229337,19.424171073605258,18.8970819104397,,,,,20.182216560175185,19.655907865106553,,19.803908117994368,#000000,0.22382727413927245,20.055495933271413,1.7625379581002878,49.678745119569214,5.4016260585344185,False,True,False,False,False,12.393893973939441,0.0,0.0,0.0,0.0,0,1.0069930069930062,0.9393939393939383,False,False,False,False,0.24986172603647178,0.26591787276104795,False,False,False,False,3351.0,295.30888668678716,False,False,False,False,482.7800570607121,False,False,False,False
2025-06-13 19:00:00+00:00,20.45,20.46,20.4,20.4,1639.0,,,,,,,,,,,,,,,,,,,,,20.35396790986137,20.190672894019283,20.189260506203045,20.097663769981764,19.668648175276548,19.66588435961802,19.439243367285698,18.914929414989334,,,,,20.190672894019283,19.668648175276548,,19.81503379965438,"rgba(239, 83, 80, 1.0)",0.21991910879771828,20.062140236865933,1.536291070753791,46.24528929942013,2.0606003715579533,False,True,False,True,False,10.084925732900206,0.0,0.0,0.0,0.0,0,1.0053929121725722,0.946070878274267,False,False,False,False,0.23835736060338808,0.252137616682218,False,False,False,False,1712.0,317.2730899939687,False,False,False,False,500.70594764891814,False,False,False,False
2025-06-16 14:00:00+00:00,20.41,20.48,20.41,20.48,100.0,,,,,,,,,,,,,,,,,,,,,20.354398404314782,20.191248800167433,20.189838219514478,20.098240574121686,19.66944902335414,19.666687208747483,19.440182044918465,18.916031009967487,,,,,20.191248800167433,19.66944902335414,,19.815759410638243,"rgba(239, 83, 80, 1.0)",0.21662193578451647,20.062737777242567,1.9262233127327528,47.598203293857466,2.0606003715579533,False,True,False,True,False,12.769254938449755,0.0,0.0,0.0,0.0,0,1.0076335877862586,0.9419847328244262,False,False,False,False,0.2482143399355489,0.25017597830888344,False,False,False,False,1812.0,340.4471506142172,False,False,False,False,494.4934523365318,False,False,False,False
2025-06-16 15:00:00+00:00,20.48,20.5,20.43,20.43,0.0,,,,,,,,,,,,,,,,,,,,,20.354398404314782,20.191248800167433,20.189838219514478,20.098240574121686,19.66944902335414,19.666687208747483,19.440182044918465,18.916031009967487,,,,,20.191248800167433,19.66944902335414,,19.815759410638243,"rgba(239, 83, 80, 1.0)",0.21192383469463677,20.062737777242567,1.7329915876929283,46.61425260388413,2.0606003715579533,False,True,False,True,False,10.514072152842012,0.0,0.0,0.0,0.0,0,1.0106060606060596,0.9393939393939381,False,False,False,False,0.26143125716265897,0.2558036177357712,False,False,False,False,1812.0,363.26192347291146,False,False,False,False,486.8268871840274,False,False,False,False
2025-06-16 16:00:00+00:00,20.49,20.49,20.415,20.415,4.0,,,,,,,,,,,,,,,,,,,,,20.35441275495949,20.19127034126417,20.189859835965233,20.098262536683595,19.669480345927937,19.666718611993797,19.440218940952526,18.916074564693943,,,,,20.19127034126417,19.669480345927937,,19.815787241555086,"rgba(239, 83, 80, 1.0)",0.2065180663082036,20.062758653199403,1.7056200123185266,45.414040930072225,0.8287346727189302,False,True,False,True,False,9.846697881109584,0.0,0.0,0.0,0.0,0,1.007490636704119,0.9393258426966281,False,False,False,False,0.2531604980081482,0.2544820578719597,False,False,False,False,1808.0,385.66096341906785,False,False,False,False,479.34119901063156,False,False,False,False
2025-06-16 17:00:00+00:00,20.415,20.495,20.405,20.495,0.0,,,,,,,,,,,,,,,,,,,,,20.35441275495949,20.19127034126417,20.189859835965233,20.098262536683595,19.669480345927937,19.666718611993797,19.440218940952526,18.916074564693943,,,,,20.19127034126417,19.669480345927937,,19.815787241555086,#000000,0.20248138608691763,20.062758653199403,2.1347213941683183,48.03193356261431,0.8287346727189302,False,True,False,False,True,12.501159701209861,0.0,0.0,0.0,0.0,0,1.0164301717699769,0.9387602688573548,False,False,False,False,0.25151044186572963,0.25299624986884467,False,False,False,False,1808.0,407.71273142807456,False,False,False,False,471.9095525143427,False,False,False,False
2025-06-16 18:00:00+00:00,20.495,20.495,20.405,20.41,100.0,,,,,,,,,,,,,,,,,,,,,20.354756051752926,20.19180045797239,20.190391850430757,20.098805338123963,19.670259199474806,19.66749948445419,19.441137385207654,18.9171602443732,,,,,20.19180045797239,19.670259199474806,,19.816476251473738,"rgba(239, 83, 80, 0.75)",0.19731469810953678,20.063265222272435,1.757267862199906,46.634194174110824,0.8287346727189302,False,True,False,True,True,8.799599169238842,0.0,0.0,0.0,0.0,0,1.0222717149220482,0.9302152932442452,False,False,False,False,0.25151044186572963,0.25225334586728715,False,False,False,False,1708.0,427.8722239640734,False,False,False,False,466.1435129404769,False,False,False,False
2025-06-16 19:00:00+00:00,20.405,20.405,20.375,20.405,140.0,,,,,,,,,,,,,,,,,,,,,20.354989834024902,20.19241315069673,20.19100746455768,20.099468984059925,19.671287805059382,19.66853097159911,19.442366668814575,18.91863598646685,,,,,20.19241315069673,19.671287805059382,,19.817337608159892,"rgba(239, 83, 80, 0.75)",0.19198848032250254,20.06372496788376,1.7775807774662602,45.53317424920328,0.5529517117380465,False,True,False,True,True,8.587354578614615,0.0,0.0,0.0,0.0,0,1.0111275964391684,0.9458456973293756,False,False,False,False,0.21228740013870823,0.2322703730029977,False,False,False,False,1568.0,445.54862359253735,False,False,False,False,461.0870243677563,False,False,False,False
2025-06-17 14:00:00+00:00,20.32,20.33,20.32,20.33,500.0,,,,,,,,,,,,,,,,,,,,,20.354414159891604,20.193843479434346,20.192449696299605,20.101272598331857,19.674593058441435,19.67184681734365,19.446418147275956,18.923639684717013,,,,,20.193843479434346,19.674593058441435,,19.819809705216933,"rgba(239, 83, 80, 1.0)",0.18702211171473146,20.064075960423853,1.4218855574776328,42.43834407728398,-2.5484902948665535,False,True,False,True,False,5.467873214944021,0.0,0.0,0.0,0.0,0,1.0051508462104484,0.9462840323767464,False,False,False,False,0.17050655055300726,0.20138846177800246,False,False,False,False,1068.0,455.19903252908716,False,False,False,False,461.690326315543,False,False,False,False
2025-06-17 15:00:00+00:00,20.33,20.33,20.33,20.33,0.0,,,,,,,,,,,,,,,,,,,,,20.354414159891604,20.193843479434346,20.192449696299605,20.101272598331857,19.674593058441435,19.67184681734365,19.446418147275956,18.923639684717013,,,,,20.193843479434346,19.674593058441435,,19.819809705216933,"rgba(239, 83, 80, 1.0)",0.18175364477048178,20.064075960423853,1.4631015510690504,40.37512396267112,-4.610146597330704,False,True,False,True,False,5.467873214944021,0.0,0.0,0.0,0.0,0,1.007396449704141,0.9460059171597621,False,False,False,False,0.17369783167916358,0.18754314672858302,False,False,False,False,1068.0,464.69982272243465,False,False,False,False,454.53233676026326,False,False,False,False
2025-06-17 16:00:00+00:00,20.33,20.33,20.33,20.33,0.0,,,,,,,,,,,,,,,,,,,,,20.354414159891604,20.193843479434346,20.192449696299605,20.101272598331857,19.674593058441435,19.67184681734365,19.446418147275956,18.923639684717013,,,,,20.193843479434346,19.674593058441435,,19.819809705216933,"rgba(239, 83, 80, 1.0)",0.1774140319667689,20.064075960423853,1.498889555849533,38.99964388626254,-6.0476670039231735,False,True,False,True,False,5.467873214944021,0.0,0.0,0.0,0.0,0,1.006656804733727,0.9415680473372767,False,False,False,False,0.17369783167916358,0.1806204892038733,False,False,False,False,1068.0,474.053313843017,False,False,False,False,447.4853237872359,False,False,False,False
2025-06-17 17:00:00+00:00,20.33,20.33,20.205,20.205,0.0,,,,,,,,,,,,,,,,,,,,,20.354414159891604,20.193843479434346,20.192449696299605,20.101272598331857,19.674593058441435,19.67184681734365,19.446418147275956,18.923639684717013,,,,,20.193843479434346,19.674593058441435,,19.819809705216933,"rgba(239, 83, 80, 1.0)",0.17439194232967428,20.064075960423853,0.8080880211181961,34.70581314652747,-10.149928045395,False,True,False,True,False,0.47968947755494185,0.0,0.0,0.0,0.0,0,0.993416239941477,0.9444038039502547,False,False,False,False,0.13403635403107403,0.15732842161747368,False,False,False,False,1068.0,483.2617895973888,False,False,False,False,440.5475668292943,False,False,False,False
2025-06-17 18:00:00+00:00,20.205,20.215,20.205,20.215,100.0,,,,,,,,,,,,,,,,,,,,,20.35383623481782,20.193881376113627,20.192490469825238,20.101447593684618,19.67513423416162,19.672390218204644,19.447118712599064,18.92455448310475,,,,,20.193881376113627,19.67513423416162,,19.820106665313922,"rgba(239, 83, 80, 1.0)",0.17119511022728592,20.063727846450682,0.8836242656024603,32.44750076803222,-12.26557493147535,False,True,False,True,False,0.8548925012605437,0.0,0.0,0.0,0.0,0,0.9861212563915258,0.961285609934257,False,False,False,False,0.09791733556532031,0.12762287859139698,False,False,False,False,1168.0,493.8778858827006,False,False,False,False,435.2677595916308,False,False,False,False
2025-06-17 19:00:00+00:00,20.215,20.24,20.185,20.185,247.0,,,,,,,,,,,,,,,,,,,,,20.352346107080347,20.193930757082224,20.19254699790339,20.10184496270916,19.67644558694932,19.673707073141355,19.448824823407627,18.926793882846724,,,,,20.193930757082224,19.67644558694932,,19.820805023890017,"rgba(239, 83, 80, 1.0)",0.16494694751786765,20.062872348980328,0.7404056447085304,30.229959199317236,-14.381533400193,False,True,False,True,False,0.0,0.0,0.0,0.0,0.0,0,0.9831748354059978,0.9670811997073873,False,False,False,False,0.09948177319822955,0.11355232589481326,False,False,False,False,921.0,500.49993416358893,False,False,False,False,432.3488795979621,False,False,False,False
2025-06-18 14:00:00+00:00,20.185,20.185,20.14,20.14,100.0,,,,,,,,,,,,,,,,,,,,,20.35155820390999,20.19384858654509,20.192467914964123,20.10192876248733,19.67692611633816,19.674189872401904,19.4494692614224,18.92766404999078,,,,,20.19384858654509,19.67692611633816,,19.82100659600747,"rgba(239, 83, 80, 1.0)",0.1601592113271652,20.062377235951942,0.48466000428470246,27.768811618027872,-16.74709333537472,False,True,False,True,False,0.0,0.0,0.0,0.0,0.0,0,0.9758948137326512,0.9715120525931321,False,False,False,False,0.06827486605435974,0.09091359597458651,False,False,False,False,821.0,505.4689274323705,False,False,False,False,427.1961837902417,False,False,False,False
2025-06-18 15:00:00+00:00,20.14,20.14,20.14,20.14,0.0,,,,,,,,,,,,,,,,,,,,,20.35155820390999,20.19384858654509,20.192467914964123,20.10192876248733,19.67692611633816,19.674189872401904,19.4494692614224,18.92766404999078,,,,,20.19384858654509,19.67692611633816,,19.82100659600747,"rgba(239, 83, 80, 1.0)",0.15598908485711793,20.062377235951942,0.49761663849210314,26.12804656383496,-18.381969592503346,False,True,False,True,False,0.0,0.0,0.0,0.0,0.0,0,0.9771891096394402,0.9786607799852818,False,False,False,False,0.05427855776430645,0.07259607686944648,False,False,False,False,821.0,510.3608820458221,False,False,False,False,420.572987142331,False,False,False,False
2025-06-18 16:00:00+00:00,20.14,20.165,20.14,20.165,0.0,,,,,,,,,,,,,,,,,,,,,20.35155820390999,20.19384858654509,20.192467914964123,20.10192876248733,19.67692611633816,19.674189872401904,19.4494692614224,18.92766404999078,,,,,20.19384858654509,19.67692611633816,,19.82100659600747,"rgba(239, 83, 80, 1.0)",0.15206630843855137,20.062377235951942,0.6748553647537644,26.94732397212705,-18.381969592503346,False,True,False,True,False,0.0,0.0,0.0,0.0,0.0,0,0.9767964071856281,0.993263473053891,False,False,False,False,0.06205131178702564,0.06732369432823607,False,False,False,False,821.0,515.1769924017008,False,False,False,False,414.0524757137677,False,False,False,False
2025-06-18 17:00:00+00:00,20.165,20.23,20.16,20.195,239.0,,,,,,,,,,,,,,,,,,,,,20.35007843602521,20.193854365737725,20.192480597411127,20.10227812679965,19.678166446287623,19.675435517928097,19.451091766148544,18.929806379743248,,,,,20.193854365737725,19.678166446287623,,19.821648954510152,"rgba(239, 83, 80, 0.75)",0.14534556523437428,20.061623114192322,0.9176536318297956,29.66593126230412,-18.381969592503346,False,True,False,True,True,0.1929560186791548,0.0,0.0,0.0,0.0,0,0.9709605361131789,0.9836187639612792,False,False,False,False,0.08854046510739792,0.07793207971781699,False,False,False,False,1060.0,523.6238607365581,False,False,False,False,411.3384838422364,False,False,False,False
2025-06-18 18:00:00+00:00,20.195,20.2,20.16,20.16,140.0,,,,,,,,,,,,,,,,,,,,,20.349105246597976,20.193794208178907,20.192424584351993,20.102434022880434,19.678859901835263,19.676132108154214,19.45201132543342,18.93103650709532,,,,,20.193794208178907,19.678859901835263,,19.82197473806594,"rgba(239, 83, 80, 0.75)",0.14234401926244106,20.061113682719373,0.6946994878535026,30.226714109592212,-18.381969592503346,False,True,False,True,True,0.0,0.0,0.0,0.0,0.0,0,0.9674315321983713,0.9881569207994065,False,False,False,False,0.07917909883141952,0.07855558927461825,False,False,False,False,920.0,529.7692272367665,False,False,False,False,407.131685643132,False,False,False,False
2025-06-18 19:00:00+00:00,20.16,20.17,20.135,20.17,316.0,,,,,,,,,,,,,,,,,,,,,20.346763395747548,20.193561111920065,20.192200956275645,20.102709483412873,19.680370747078307,19.677650050307335,19.454035335902667,18.933770736246917,,,,,20.193561111920065,19.680370747078307,,19.82263272711142,"rgba(239, 83, 80, 0.75)",0.1408122512072597,20.059908707986924,0.7818303526092734,31.361214391178017,-18.381969592503346,False,True,False,True,True,0.0,0.0,0.0,0.0,0.0,0,0.9703484062268348,0.992587101556707,False,False,False,False,0.06205131178702779,0.07030345053082301,False,False,False,False,1236.0,540.7185415431732,False,False,False,False,405.7187912920757,False,False,False,False
2025-06-19 14:00:00+00:00,20.17,20.17,20.17,20.17,0.0,,,,,,,,,,,,,,,,,,,,,20.346763395747548,20.193561111920065,20.192200956275645,20.102709483412873,19.680370747078307,19.677650050307335,19.454035335902667,18.933770736246917,,,,,20.193561111920065,19.680370747078307,,19.82263272711142,"rgba(239, 83, 80, 0.75)",0.14011417480736302,20.059908707986924,0.7857255853266613,32.117547912235224,-22.577468953720253,False,True,False,True,True,0.0,0.0,0.0,0.0,0.0,0,0.9791511541325391,0.9865971705137736,False,False,False,False,0.072945973427658,0.0716247119792405,False,False,False,False,1236.0,551.4980990386277,False,False,False,False,399.4285774735939,False,False,False,False
2025-06-19 15:00:00+00:00,20.17,20.17,20.17,20.17,0.0,,,,,,,,,,,,,,,,,,,,,20.346763395747548,20.193561111920065,20.192200956275645,20.102709483412873,19.680370747078307,19.677650050307335,19.454035335902667,18.933770736246917,,,,,20.193561111920065,19.680370747078307,,19.82263272711142,"rgba(239, 83, 80, 0.75)",0.13941053510141752,20.059908707986924,0.7896913381258375,32.62177025960669,-21.77376072129929,False,True,False,True,True,0.0,0.0,0.0,0.0,0.0,0,0.987101669195751,0.9924127465857342,False,False,False,False,0.072945973427658,0.07228534270344925,False,False,False,False,1236.0,562.1105316116722,False,False,False,False,393.2358863499723,False,False,False,False
2025-06-19 16:00:00+00:00,20.17,20.17,20.17,20.17,0.0,,,,,,,,,,,,,,,,,,,,,20.346763395747548,20.193561111920065,20.192200956275645,20.102709483412873,19.680370747078307,19.677650050307335,19.454035335902667,18.933770736246917,,,,,20.193561111920065,19.680370747078307,,19.82263272711142,"rgba(239, 83, 80, 0.75)",0.13889369841510343,20.059908707986924,0.7926298548408874,32.95791849118767,-21.103735107208493,False,True,False,True,True,0.0,0.0,0.0,0.0,0.0,0,0.9703872437357631,0.9908883826879251,False,False,False,False,0.072945973427658,0.07261565806555362,False,False,False,False,1236.0,572.5584303463748,False,False,False,False,387.1392059414456,False,False,False,False
2025-06-19 17:00:00+00:00,20.17,20.17,20.17,20.17,0.0,,,,,,,,,,,,,,,,,,,,,20.346763395747548,20.193561111920065,20.192200956275645,20.102709483412873,19.680370747078307,19.677650050307335,19.454035335902667,18.933770736246917,,,,,20.193561111920065,19.680370747078307,,19.82263272711142,"rgba(239, 83, 80, 0.75)",0.1379764309418885,20.059908707986924,0.7978992590368174,33.182017312241655,-20.525898499517776,False,True,False,True,True,0.0,0.0,0.0,0.0,0.0,0,0.9694189602446485,0.9977064220183469,False,False,False,False,0.072945973427658,0.0727808157466058,False,False,False,False,1236.0,582.8443461549581,False,False,False,False,381.13704770979524,False,False,False,False
2025-06-19 18:00:00+00:00,20.17,20.17,20.17,20.17,0.0,,,,,,,,,,,,,,,,,,,,,20.346763395747548,20.193561111920065,20.192200956275645,20.102709483412873,19.680370747078307,19.677650050307335,19.454035335902667,18.933770736246917,,,,,20.193561111920065,19.680370747078307,,19.82263272711142,"rgba(239, 83, 80, 0.75)",0.13865025024087813,20.059908707986924,0.7940215890113073,33.33141652627765,-20.016730390967496,False,True,False,True,True,0.0,0.0,0.0,0.0,0.0,0,0.9707016191210484,0.9976869699306073,False,False,False,False,0.072945973427658,0.0728633945871319,False,False,False,False,1236.0,592.9707904006176,False,False,False,False,375.2279461949147,False,False,False,False
2025-06-19 19:00:00+00:00,20.17,20.17,20.17,20.17,0.0,,,,,,,,,,,,,,,,,,,,,20.346763395747548,20.193561111920065,20.192200956275645,20.102709483412873,19.680370747078307,19.677650050307335,19.454035335902667,18.933770736246917,,,,,20.193561111920065,19.680370747078307,,19.82263272711142,"rgba(239, 83, 80, 0.75)",0.13931757745293172,20.059908707986924,0.7902182483059014,33.43101600230165,-19.56291289336695,False,True,False,True,True,0.0,0.0,0.0,0.0,0.0,0,1.0063948840927257,0.9888089528377281,False,False,False,False,0.072945973427658,0.07290468400739494,False,False,False,False,1236.0,602.9402355106855,False,False,False,False,369.41045865700903,False,False,False,False
2025-06-20 14:00:00+00:00,20.165,20.165,20.08,20.08,600.0,,,,,,,,,,,,,,,,,,,,,20.34133259939767,20.19251049520953,20.191169226142883,20.102761615631028,19.682916022362328,19.680208995573523,19.457576069146935,18.938718311441217,,,,,20.19251049520953,19.682916022362328,,19.82339916686314,"rgba(239, 83, 80, 1.0)",0.14180544342073081,20.057014127599178,0.16209442914417724,28.950965949665598,-17.953556839037937,False,True,False,True,False,0.0,0.0,0.0,0.0,0.0,0,1.0072697899838445,0.962035541195475,False,False,False,False,0.043407489042136455,0.0581560865247657,False,False,False,False,636.0,603.452789998892,False,False,False,False,372.9854903057375,False,False,False,False
2025-06-20 15:00:00+00:00,20.08,20.08,19.99,20.0,600.0,,,,,,,,,,,,,,,,,,,,,20.33425073614926,20.190450415711105,20.189129618752492,20.102032090336678,19.68492865870483,19.682235659509967,19.460621185617104,18.943267839290822,,,,,20.190450415711105,19.68492865870483,,19.823364525509035,"rgba(239, 83, 80, 1.0)",0.14615637066050546,20.05301783129122,-0.3627473168061351,24.041517780835406,-22.43088835743513,False,True,False,True,False,0.0,0.0,0.0,0.0,0.0,0,0.985553772070626,0.9662921348314588,False,False,False,False,-0.010845525606649286,0.023655280459058205,False,False,False,False,36.0,594.6550723244904,False,False,False,False,376.50509510719894,False,False,False,False
2025-06-20 16:00:00+00:00,20.0,20.0,19.99,19.99,0.0,,,,,,,,,,,,,,,,,,,,,20.33425073614926,20.190450415711105,20.189129618752492,20.102032090336678,19.68492865870483,19.682235659509967,19.460621185617104,18.943267839290822,,,,,20.190450415711105,19.68492865870483,,19.823364525509035,"rgba(239, 83, 80, 1.0)",0.15077735509942222,20.05301783129122,-0.4179528898730784,20.58368551683915,-25.40748649322382,False,True,False,True,False,0.0,0.0,0.0,0.0,0.0,0,1.012448132780083,0.9784232365145207,False,False,False,False,-0.03564892421273834,-0.005996821876840067,False,False,False,False,36.0,585.9937533737232,False,False,False,False,370.66780681096327,False,False,False,False
2025-06-20 17:00:00+00:00,19.99,19.99,19.99,19.99,0.0,,,,,,,,,,,,,,,,,,,,,20.33425073614926,20.190450415711105,20.189129618752492,20.102032090336678,19.68492865870483,19.682235659509967,19.460621185617104,18.943267839290822,,,,,20.190450415711105,19.68492865870483,,19.823364525509035,"rgba(239, 83, 80, 1.0)",0.15524238531459358,20.05301783129122,-0.40593186689008476,18.278464007508312,-27.334549129166216,False,True,False,True,False,0.0,0.0,0.0,0.0,0.0,0,1.0125733445096394,0.9538977367979867,False,False,False,False,-0.0387518079675902,-0.022374314922215133,False,False,False,False,36.0,577.4667184376964,False,False,False,False,364.9210191084677,False,False,False,False
2025-06-20 18:00:00+00:00,19.99,19.99,19.93,19.935,410.0,,,,,,,,,,,,,,,,,,,,,20.32851589158624,20.18847989587317,20.187173934877368,20.101094250740342,19.686001956281373,19.68331874082863,19.462420610448227,18.94614996293739,,,,,20.18847989587317,19.686001956281373,,19.82289440544659,"rgba(239, 83, 80, 1.0)",0.1614624325255995,20.04970552978662,-0.7104162125665741,15.768996513257866,-29.52652766955603,False,True,False,True,False,0.0,0.0,0.0,0.0,0.0,0,0.9983305509181968,0.9540901502504159,False,False,False,False,-0.05738688292397389,-0.039880598923094514,False,False,False,False,-374.0,562.7152964464142,False,False,False,False,365.6199180370186,False,False,False,False
2025-06-20 19:00:00+00:00,19.935,19.935,19.87,19.93,1025.0,,,,,,,,,,,,,,,,,,,,,20.313458963244887,20.182884456101604,20.181615854458617,20.098185916927555,19.688249416207576,19.685590738188157,19.466498878162547,18.952999921555588,,,,,20.182884456101604,19.688249416207576,,19.821185518105814,"rgba(239, 83, 80, 1.0)",0.167386858385977,20.041318650740504,-0.6650381745251143,14.019450978128521,-31.08610475338908,False,True,False,True,False,0.0,0.0,0.0,0.0,0.0,0,0.9875518672199172,0.9634854771784217,False,False,False,False,-0.09322691949092578,-0.06655375920701015,False,False,False,False,-1399.0,532.3011058038342,False,False,False,False,375.84286504419657,False,False,False,False
2025-06-23 14:00:00+00:00,19.93,19.93,19.93,19.93,0.0,,,,,,,,,,,,,,,,,,,,,20.313458963244887,20.182884456101604,20.181615854458617,20.098185916927555,19.688249416207576,19.685590738188157,19.466498878162547,18.952999921555588,,,,,20.182884456101604,19.688249416207576,,19.821185518105814,"rgba(239, 83, 80, 1.0)",0.17292788686045096,20.041318650740504,-0.6437287401212257,12.853087288042293,-32.21003003637635,False,True,False,True,False,0.0,0.0,0.0,0.0,0.0,0,0.9974683544303796,0.9755274261603358,False,False,False,False,-0.07606186109423206,-0.0713078101506211,False,False,False,False,-1399.0,502.35845300067393,False,False,False,False,370.01584388072064,False,False,False,False
2025-06-23 15:00:00+00:00,19.93,19.99,19.93,19.96,0.0,,,,,,,,,,,,,,,,,,,,,20.313458963244887,20.182884456101604,20.181615854458617,20.098185916927555,19.688249416207576,19.685590738188157,19.466498878162547,18.952999921555588,,,,,20.182884456101604,19.688249416207576,,19.821185518105814,"rgba(239, 83, 80, 0.75)",0.17735544805537246,20.041318650740504,-0.4585066409412705,16.23949853909922,-32.21003003637635,False,True,False,True,True,0.0,0.0,0.0,0.0,0.0,0,0.9982993197278909,0.9651360544217672,False,False,False,False,-0.05738688292397389,-0.0643473465372975,False,False,False,False,-1399.0,472.8800273727565,False,False,False,False,364.27916413063195,False,False,False,False
2025-06-23 16:00:00+00:00,19.96,19.96,19.855,19.855,191.0,,,,,,,,,,,,,,,,,,,,19.89,20.310627800336047,20.181785398534355,20.180523703079146,20.097592006213414,19.68862313710278,19.68596902078954,19.467214068251682,18.95423701788705,,,,,20.181785398534355,19.68862313710278,,19.828508016910448,"rgba(239, 83, 80, 0.75)",0.18459041584434635,20.065192016178614,-1.1386940931746703,15.776171684458172,-32.21003003637635,False,True,False,True,True,0.0,0.0,0.0,0.0,0.0,0,0.9807852965747705,0.9582289055973243,True,False,False,False,-0.09010221716999538,-0.07722478185364644,False,False,False,False,-1590.0,440.8973912894579,True,False,False,False,361.59266546194,False,False,False,False
2025-06-23 17:00:00+00:00,19.855,19.87,19.855,19.87,100.0,,,,,,,,,,,,,,,,,,,19.865,19.881408934707903,20.309073357053165,20.181164238514484,20.179906227780062,20.09724512318798,19.688794028356433,19.686142317384427,19.46756546614724,18.954866141224628,,,,19.865,20.181164238514484,19.688794028356433,,19.831116583435637,"rgba(239, 83, 80, 0.75)",0.19096542302930128,20.083764446673932,-1.1193882289420085,16.998096407357444,-32.21003003637635,False,True,False,True,True,0.0,1.0,19.87,19.855,0.0,0,0.9949281487743025,0.9729501267962782,True,False,False,False,-0.11829522585713827,-0.09776000385539235,False,False,False,False,-1490.0,410.9609976260555,False,False,False,False,357.53696522222,False,False,False,False
2025-06-23 18:00:00+00:00,19.87,19.96,19.87,19.96,0.0,,,,,,,,,,,,,,,,,,,19.865,19.881408934707903,20.309073357053165,20.181164238514484,20.179906227780062,20.09724512318798,19.688794028356433,19.686142317384427,19.46756546614724,18.954866141224628,,,,19.865,20.181164238514484,19.688794028356433,,19.831116583435637,"rgba(239, 83, 80, 0.75)",0.19470923112336502,20.083764446673932,-0.6356372831420394,24.979375689894702,-30.49224570233581,False,True,False,True,True,0.0,0.0,0.0,0.0,0.0,0,0.9974895397489539,0.9489539748953952,False,False,False,False,-0.08541843247772692,-0.09158921816655963,False,False,False,False,-1490.0,381.4887340969694,False,False,False,False,351.99375645908475,False,False,False,False
2025-06-23 19:00:00+00:00,19.96,20.025,19.96,20.02,0.0,,,,,,,,,,,,,,,,,,,19.865,19.881408934707903,20.309073357053165,20.181164238514484,20.179906227780062,20.09724512318798,19.688794028356433,19.686142317384427,19.46756546614724,18.954866141224628,,,,19.865,20.181164238514484,19.688794028356433,,19.831116583435637,"rgba(239, 83, 80, 0.5)",0.19687909583890756,20.083764446673932,-0.3238761657362874,33.58350257364236,-22.86801101000371,False,False,False,True,True,0.0,0.0,0.0,0.0,0.0,0,1.0074750830564787,0.9418604651162771,False,False,False,False,-0.03720027659135211,-0.06439474737895587,False,False,False,False,-1490.0,352.4734048861637,False,False,False,False,346.53648891708343,False,False,False,False
2025-06-24 14:00:00+00:00,20.02,20.26,20.02,20.26,200.0,,,,,,,,,,,,,,,,,,,20.075,20.00303462321792,20.308179125675494,20.18115969061896,20.179906593370895,20.097491227026712,19.68974404474101,19.687096548770327,19.46882195336314,18.956556365701612,,,,20.075,20.18115969061896,19.68974404474101,,19.864699017248604,#000000,0.1967443349458903,20.100266281026357,0.8118847183964668,46.352115100603214,-11.745330194899054,True,False,False,False,True,4.57866006888322,0.0,0.0,0.0,0.0,0,1.0135782747603834,0.9065495207667709,False,False,False,False,0.05427855776430645,-0.00505809480732471,False,False,False,False,-1290.0,327.0087009344402,False,False,False,False,344.26460536798135,False,False,False,False
2025-06-24 15:00:00+00:00,20.26,20.29,20.26,20.29,300.0,,,,,,,,,,,,,,,,,,,20.1775,20.108078381795195,20.307889296489307,20.181735470591665,20.18048854305962,20.098301752723835,19.691451467232355,19.688809993995392,19.470962246007804,18.95928949222236,,,,20.1775,20.181735470591665,19.691451467232355,,19.886450664411754,"rgba(38, 166, 154, 1.0)",0.19657694548309274,20.111312991916176,0.9089926982266189,55.39734505295797,-4.33412172154766,True,False,True,False,True,5.638437604553527,0.0,0.0,0.0,0.0,0,1.0584000000000002,0.9015999999999981,False,False,False,False,0.1387712655297554,0.06685658536121535,False,False,False,False,-990.0,306.58996138506905,False,False,False,False,343.5783324165398,False,False,False,False
2025-06-24 16:00:00+00:00,20.29,20.29,20.29,20.29,0.0,,,,,,,,,,,,,,,,,,,20.1775,20.108078381795195,20.307889296489307,20.181735470591665,20.18048854305962,20.098301752723835,19.691451467232355,19.688809993995392,19.470962246007804,18.95928949222236,,,,20.1775,20.181735470591665,19.691451467232355,,19.886450664411754,"rgba(38, 166, 154, 1.0)",0.19593865099801575,20.111312991916176,0.9119538548095494,61.4274983545278,0.43650117428326496,True,False,True,False,True,5.638437604553527,0.0,0.0,0.0,0.0,0,1.0632,0.8951999999999982,False,False,False,False,0.14825988672643864,0.107558236043827,False,False,False,False,-990.0,286.4877914411145,False,False,False,False,338.2515365651206,False,False,False,False
2025-06-24 17:00:00+00:00,20.29,20.32,20.29,20.32,300.0,,,,,,,,,,,,,,,,,,,20.221666666666668,20.16360219981668,20.30791078457989,20.182478329697485,20.181237178622585,20.099237752756004,19.693235570297738,19.690600012166744,19.47317022072906,18.962073180505648,,,,20.221666666666668,20.182478329697485,19.693235570297738,,19.89752118958385,"rgba(38, 166, 154, 1.0)",0.1957818007718816,20.11718355462158,1.0359310445547267,66.04090807273556,4.2221103482071385,True,False,True,False,True,6.708538387005902,0.0,0.0,0.0,0.0,0,1.0628980891719744,0.8909235668789789,False,False,False,False,0.1577750858968523,0.13266666097033963,False,False,False,False,-690.0,271.3484458373763,False,False,False,False,337.65848948659163,False,False,False,False
2025-06-24 18:00:00+00:00,20.32,20.32,20.315,20.315,200.0,,,,,,,,,,,,,,,,,,,20.238939393939393,20.187314743093207,20.307969810345607,20.18299444861119,20.181757071472905,20.09987676090833,19.694432060262937,19.69180041990625,19.474647434494155,18.963931754100717,,,,20.238939393939393,20.18299444861119,19.694432060262937,,19.902366389713467,"rgba(38, 166, 154, 1.0)",0.19569688364978494,20.119846418052983,0.9972237590469801,68.80461735941103,6.652408266854501,True,False,True,False,True,6.494713659884848,0.0,0.0,0.0,0.0,0,1.0668257756563249,0.8910103420843257,False,False,False,False,0.1657260494180626,0.1491963551942011,False,False,False,False,-890.0,253.3430435763317,False,False,False,False,335.52424933951266,False,False,False,False
2025-06-24 19:00:00+00:00,20.29,20.33,20.29,20.33,240.0,,,,,,,,,,,,,,,,,,,20.252860696517413,20.207591987807533,20.308039599215377,20.18360857469196,20.182375698172812,20.10063863019583,19.695861799904268,19.693234846818246,19.476413275545188,18.966155321320205,,,,20.252860696517413,20.18360857469196,19.695861799904268,,19.906678043018882,"rgba(38, 166, 154, 1.0)",0.19527797235339578,20.122281167544124,1.0637084662061354,70.99161330853532,8.893409709230639,True,False,True,False,True,7.0391467165655754,0.0,0.0,0.0,0.0,0,1.0624505928853754,0.8901185770750971,False,False,False,False,0.16095304271725475,0.15507469895572792,False,False,False,False,-650.0,239.33772507127227,False,False,False,False,334.04325322572174,False,False,False,False
2025-06-25 14:00:00+00:00,20.34,20.395,20.34,20.395,200.0,,,,,,,,,,,,,,,,,,,20.26893939393939,20.227126901598304,20.308495471856876,20.184344889617776,20.183115304821182,20.101444645603383,19.697162908106392,19.694539741031743,19.47798383649829,18.96808479302176,,,,20.26893939393939,20.184344889617776,19.697162908106392,,19.91112378860951,"rgba(38, 166, 154, 1.0)",0.19534026676491167,20.1249508961502,1.3824548738576214,73.797030389621,11.936776741861117,True,False,True,False,True,9.346295790050625,0.0,0.0,0.0,0.0,0,1.0680751173708918,0.8826291079812191,False,False,False,False,0.1977491702164248,0.17641193458607635,False,False,False,False,-450.0,228.65031848101998,False,False,False,False,331.9650632532299,False,False,False,False
2025-06-25 15:00:00+00:00,20.395,20.4,20.395,20.4,0.0,,,,,,,,,,,,,,,,,,,20.26893939393939,20.227126901598304,20.308495471856876,20.184344889617776,20.183115304821182,20.101444645603383,19.697162908106392,19.694539741031743,19.47798383649829,18.96808479302176,,,,20.26893939393939,20.184344889617776,19.697162908106392,,19.91112378860951,"rgba(38, 166, 154, 1.0)",0.19554030021705493,20.1249508961502,1.406610829299573,75.76341387419308,14.333219992875058,True,False,True,False,True,9.52077790509933,0.0,0.0,0.0,0.0,0,1.0766223612197026,0.8819390148553543,False,False,False,False,0.18198262471255605,0.1791972796493162,False,False,False,False,-450.0,218.12860811697314,False,False,False,False,326.81831808651316,False,False,False,False
2025-06-25 16:00:00+00:00,20.4,20.4,20.4,20.4,0.0,,,,,,,,,,,,,,,,,,,20.26893939393939,20.227126901598304,20.308495471856876,20.184344889617776,20.183115304821182,20.101444645603383,19.697162908106392,19.694539741031743,19.47798383649829,18.96808479302176,,,,20.26893939393939,20.184344889617776,19.697162908106392,,19.91112378860951,"rgba(38, 166, 154, 1.0)",0.19577788941029287,20.1249508961502,1.4049038156365914,77.07433619724114,16.245496089393825,True,False,True,False,True,9.52077790509933,0.0,0.0,0.0,0.0,0,1.0804224207961004,0.8773354995938246,False,False,False,False,0.17419225907105926,0.17669476936018774,False,False,False,False,-450.0,207.77002504539215,False,False,False,False,321.7513674185052,False,False,False,False
2025-06-25 17:00:00+00:00,20.4,20.415,20.4,20.41,251.0,,,,,,,,,,,,,,,,,,,20.288474781313976,20.250074840228724,20.309320904289784,20.18541190611754,20.184186146366105,20.102565182394333,19.69886454847905,19.696246047619056,19.480016334180508,18.970553093719694,,,,20.288474781313976,20.18541190611754,19.69886454847905,,19.916571378470877,"rgba(38, 166, 154, 1.0)",0.1961228930776722,20.12836326660559,1.4360217156437305,78.17993535374234,18.058555349580047,True,False,True,False,True,9.881170709544858,0.0,0.0,0.0,0.0,0,1.0815485996705103,0.8896210873146603,False,False,False,False,0.17611745763541792,0.17640611349780283,False,False,False,False,-199.0,201.4635130291845,False,False,False,False,320.65444699341214,False,False,False,False
2025-06-25 18:00:00+00:00,20.415,20.44,20.415,20.44,101.0,,,,,,,,,,,,,,,,,,,20.29611874559549,20.258879820771323,20.30972658130883,20.18588304193265,20.184658732109437,20.10304800224663,19.699569420899927,19.696952772412576,19.48085218230675,18.971560008824653,,,,20.29611874559549,20.18588304193265,19.699569420899927,,19.91872493084083,"rgba(38, 166, 154, 1.0)",0.1967099891204985,20.12975341607115,1.5771775765734182,79.59387234797109,20.188728310910818,True,False,True,False,True,10.96016215785108,0.0,0.0,0.0,0.0,0,1.0704918032786883,0.8811475409836047,False,False,False,False,0.19426795100326846,0.18533703225053566,False,False,False,False,-98.0,196.82066786594132,False,False,False,False,317.24895169118867,False,False,False,False
2025-06-25 19:00:00+00:00,20.44,20.44,20.435,20.435,609.0,,,,,,,,,,,,,,,,,,,20.330342529654807,20.299099801882118,20.31221480146342,20.188743102372033,20.18752738317757,20.105973344084013,19.7038198514675,19.701214296976012,19.4858874846456,18.977622807494377,,,,20.330342529654807,20.188743102372033,19.7038198514675,,19.929244540321744,"rgba(38, 166, 154, 1.0)",0.19724138045077902,20.136874258472034,1.5114766528535901,80.01320430363313,21.40072385143438,True,False,True,False,True,10.718610947952207,0.0,0.0,0.0,0.0,0,1.0740131578947367,0.8840460526315771,False,False,False,False,0.20339009761027435,0.19436356493040502,False,False,False,False,-707.0,182.80794433313602,False,False,False,False,321.7722237579919,False,False,False,False
2025-06-26 14:00:00+00:00,20.52,20.63,20.52,20.615,0.0,,,,,,,,,,,,,,,,,,,20.330342529654807,20.299099801882118,20.31221480146342,20.188743102372033,20.18752738317757,20.105973344084013,19.7038198514675,19.701214296976012,19.4858874846456,18.977622807494377,,,,20.330342529654807,20.188743102372033,19.7038198514675,,19.929244540321744,"rgba(38, 166, 154, 1.0)",0.20026653411054826,20.136874258472034,2.387447027290324,83.07226658451302,25.00568381662559,True,False,True,False,True,16.73324549443293,0.0,0.0,0.0,0.0,0,1.0720576461168934,0.8702962369895898,False,False,False,False,0.3330170830325137,0.26369032398145936,False,False,False,False,-707.0,169.0124723279711,False,False,False,False,316.7835071105812,False,False,False,False
2025-06-26 15:00:00+00:00,20.615,20.615,20.615,20.615,0.0,,,,,,,,,,,,,,,,,,,20.330342529654807,20.299099801882118,20.31221480146342,20.188743102372033,20.18752738317757,20.105973344084013,19.7038198514675,19.701214296976012,19.4858874846456,18.977622807494377,,,,20.330342529654807,20.188743102372033,19.7038198514675,,19.929244540321744,"rgba(38, 166, 154, 1.0)",0.20323897530013207,20.136874258472034,2.3525297784142785,85.11164143843294,27.513159013828258,True,False,True,False,True,16.733245494432918,0.0,0.0,0.0,0.0,0,1.0828640386162505,0.8769106999195473,False,False,False,False,0.3428281597626787,0.30325924187206904,False,False,False,False,-707.0,155.43088360970796,False,False,False,False,311.87213490731637,False,False,False,False
2025-06-26 16:00:00+00:00,20.615,20.615,20.61,20.61,100.0,,,,,,,,,,,,,,,,,,,20.341158528770986,20.310294890162368,20.313175537660292,20.189533613707166,20.18831868781095,20.106700405925462,19.704678652174334,19.702074756639266,19.486860483541054,18.978732379064013,,,,20.341158528770986,20.189533613707166,19.704678652174334,,19.93215279354559,"rgba(38, 166, 154, 1.0)",0.20607623447253912,20.13892435834774,2.2859290051470387,86.02293001652251,28.93684225079403,True,False,True,False,True,16.48566160990614,0.0,0.0,0.0,0.0,0,1.0858299595141694,0.8753036437246944,False,False,False,False,0.34046368392984677,0.3218614629009579,False,False,False,False,-807.0,140.50947456149544,False,False,False,False,308.58729560642774,False,False,False,False
2025-06-26 17:00:00+00:00,20.61,20.61,20.61,20.61,0.0,,,,,,,,,,,,,,,,,,,20.341158528770986,20.310294890162368,20.313175537660292,20.189533613707166,20.18831868781095,20.106700405925462,19.704678652174334,19.702074756639266,19.486860483541054,18.978732379064013,,,,20.341158528770986,20.189533613707166,19.704678652174334,,19.93215279354559,"rgba(38, 166, 154, 1.0)",0.2081582038686063,20.13892435834774,2.2630654612566303,86.63045573524889,30.094991489957664,True,False,True,False,True,16.48566160990614,0.0,0.0,0.0,0.0,0,1.086709886547812,0.8687196110210678,False,False,False,False,0.33810286874150924,0.3299821658212336,False,False,False,False,-807.0,125.819405188449,False,False,False,False,303.80299644973894,False,False,False,False
2025-06-26 18:00:00+00:00,20.61,20.61,20.61,20.61,0.0,,,,,,,,,,,,,,,,,,,20.341158528770986,20.310294890162368,20.313175537660292,20.189533613707166,20.18831868781095,20.106700405925462,19.704678652174334,19.702074756639266,19.486860483541054,18.978732379064013,,,,20.341158528770986,20.189533613707166,19.704678652174334,,19.93215279354559,"rgba(38, 166, 154, 1.0)",0.21041357815939596,20.13892435834774,2.238808188012478,87.03547288106645,31.07332454408497,True,False,True,False,True,16.48566160990614,0.0,0.0,0.0,0.0,0,1.086780210867802,0.8686131386861294,False,False,False,False,0.33810286874150924,0.3340425172813714,False,False,False,False,-807.0,111.35708882893816,False,False,False,False,299.092872473774,False,False,False,False
2025-06-26 19:00:00+00:00,20.61,20.61,20.56,20.585,704.0,,,,,,,,,,,,,,,,,,,20.393099344427633,20.365613081617088,20.319179504073468,20.19466991980912,20.19346128584758,20.111493137101412,19.71050251374337,19.70791041553224,19.493501809757802,18.986374449220115,,,,20.393099344427633,20.19466991980912,19.71050251374337,,19.947580546112984,"rgba(38, 166, 154, 0.75)",0.21210555335901055,20.150335122655314,2.0492856997901043,84.46685645469185,31.07332454408497,True,False,True,False,False,15.192485284873268,0.0,0.0,0.0,0.0,0,1.0772325020112625,0.8696701528559916,False,False,False,False,0.3146885371234485,0.32436552720240996,False,False,False,False,-1511.0,86.20426574631895,False,False,False,False,305.3705023579015,False,False,False,False
2025-06-27 14:00:00+00:00,20.67,20.81,20.67,20.81,100.0,,,,,,,,,,,,,,,,,,,20.403972589329413,20.376673155357803,20.32056865688759,20.19571710494009,20.19450876773767,20.112419612357932,19.711490948066793,19.708900363304394,19.49459173776458,18.98757451329983,,,,20.403972589329413,20.19571710494009,19.711490948066793,,19.95064174490461,"rgba(38, 166, 154, 0.75)",0.218534986994089,20.152663653260397,3.007922693666352,86.16740293307859,31.07332454408497,True,False,True,False,False,20.0,0.0,0.0,0.0,0.0,0,1.0811865729898515,0.8508977361436365,False,False,False,False,0.342828172800241,0.3335968500013255,False,False,False,False,-1411.0,62.991796509941906,False,False,False,False,302.18646356165493,False,False,False,False
2025-06-27 15:00:00+00:00,20.81,20.85,20.81,20.85,500.0,,,,,,,,,,,,,,,,,,,20.459375160051213,20.432824707031248,20.32851522803561,20.201564758046857,20.200356774248387,20.117530236956128,19.71674804155182,19.714164690578897,19.500326806602516,18.993797395651036,,,,20.459375160051213,20.201564758046857,19.71674804155182,,19.96652037987537,"rgba(38, 166, 154, 1.0)",0.22568663996662586,20.165061637932176,3.0349087662836967,87.61452644184885,32.5248509710418,True,False,True,False,True,20.0,0.0,0.0,0.0,0.0,0,1.103260869565217,0.8400621118012406,False,False,False,False,0.34282817786164527,0.3382125139314854,False,False,False,False,-911.0,47.891148502035826,False,False,False,False,305.25334009558276,False,False,False,False
2025-06-27 16:00:00+00:00,20.86,20.86,20.86,20.86,72.0,,,,,,,,,,,,,,,,,,,20.46662811164194,20.44020393474088,20.329691043171007,20.202428657336537,20.20122068417734,20.11828391772054,19.717516707599128,19.71493438197776,19.501162971124668,18.99470134459962,,,,20.46662811164194,20.202428657336537,19.717516707599128,,19.968677175408942,"rgba(38, 166, 154, 1.0)",0.23293998376406266,20.166790507578447,2.9759145734451553,88.65749764951863,33.82478710082668,True,False,True,False,True,20.0,0.0,0.0,0.0,0.0,0,1.1109362706530295,0.8520849724626265,False,False,False,False,0.3428281801640133,0.34052034704774936,False,False,False,False,-839.0,34.14089813766318,False,False,False,False,301.63700924138766,False,False,False,False
2025-06-27 17:00:00+00:00,20.86,20.86,20.81,20.81,40.0,,,,,,,,,,,,,,,,,,,20.470213260310345,20.44387753485424,20.330301109917663,20.202883343045134,20.201675421695505,20.118683180919373,19.71793085154382,19.71534910687086,19.501615678204892,18.995194192605343,,,,20.470213260310345,20.202883343045134,19.71793085154382,,19.96977236799672,"rgba(38, 166, 154, 0.75)",0.23878630802637416,20.16767604279129,2.689953048471123,85.6596966416462,33.82478710082668,True,False,True,False,False,20.0,0.0,0.0,0.0,0.0,0,1.1013354281225451,0.8468185388845234,False,False,False,False,0.3243762604084581,0.33244830372810374,False,False,False,False,-879.0,19.983674910722662,False,False,False,False,297.58062150121106,False,False,False,False
2025-06-27 18:00:00+00:00,20.805,20.805,20.73,20.73,396.0,,,,,,,,,,,,,,,,,,,20.49576856258025,20.47063785114393,20.3354004325723,20.20683615972423,20.20562973724103,20.122214063850162,19.72175030768612,19.7191745491938,19.50583934680124,18.999868750558978,,,,20.49576856258025,20.20683615972423,19.72175030768612,,19.978311976135203,"rgba(38, 166, 154, 0.75)",0.24231797291980925,20.17477370682977,2.2913128831511433,78.8766879853424,34.10161358361451,True,False,True,False,False,17.010006054997202,0.0,0.0,0.0,0.0,0,1.0857365549493376,0.8573655494933734,False,False,False,False,0.275566608922234,0.3040074563251689,False,False,False,False,-1275.0,-0.09359136696296133,False,False,False,False,299.1065033384016,False,False,False,False
2025-06-27 19:00:00+00:00,20.73,20.8,20.73,20.78,211.0,,,,,,,,,,,,,,,,,,,20.508282151095727,20.483756317064724,20.33816316180607,20.208976310117727,20.207770616471603,20.12412368205358,19.72380333351899,19.72123073023411,19.508105117859426,19.002370560404398,,,,20.508282151095727,20.208976310117727,19.72380333351899,,19.982658198062634,"rgba(38, 166, 154, 0.75)",0.24688039194697736,20.17845941967704,2.436566855630051,75.6548444215181,31.281085941614066,True,False,True,False,False,18.464971856545663,0.0,0.0,0.0,0.0,0,1.083785880527541,0.8634600465477105,False,False,False,False,0.2737845041049408,0.28889598021505486,False,False,False,False,-1064.0,-16.588264369025552,False,False,False,False,297.74051103858136,False,False,False,False
2025-06-30 14:00:00+00:00,20.885,20.89,20.87,20.885,36.0,,,,,,,,,,,,,,,,,,,20.511166666666664,20.48670926956641,20.338752006340044,20.209412186444435,20.20820648951652,20.124504505762538,19.72419011165756,19.72161801197133,19.508525021017153,19.002823624216205,,,,20.511166666666664,20.209412186444435,19.72419011165756,,19.983590789315887,"rgba(38, 166, 154, 0.75)",0.25424819398396736,20.179243328360048,2.7758571676794594,75.66100161564454,31.281085941614066,True,False,True,False,False,20.0,0.0,0.0,0.0,0.0,0,1.0854309687261636,0.8596491228070168,False,False,False,False,0.3428281816234996,0.31586208091927725,False,False,False,False,-1028.0,-32.26906647183136,False,False,False,False,293.6825186193785,False,False,False,False
2025-06-30 15:00:00+00:00,20.885,20.885,20.835,20.835,310.0,,,,,,,,,,,,,,,,,,,20.532405097250162,20.508630756313373,20.343493002961825,20.212975860196764,20.211770474131512,20.12763873826275,19.727423991487804,19.724856302979337,19.512051491616635,19.00665383561552,,,,20.532405097250162,20.212975860196764,19.727423991487804,,19.990789955081564,"rgba(38, 166, 154, 0.75)",0.2601662670033361,20.185391680595153,2.4968967994475553,73.11556109383201,28.82315020302711,True,False,True,False,False,19.01858034191367,0.0,0.0,0.0,0.0,0,1.0800304878048783,0.8673780487804866,False,False,False,False,0.32833839703248313,0.3221002389758802,False,False,False,False,-1338.0,-52.51295691412855,False,False,False,False,293.93550282683,False,False,False,False
2025-06-30 16:00:00+00:00,20.835,20.86,20.83,20.85,128.0,,,,,,,,,,,,,,,,,,,20.540295540734927,20.516811621604585,20.34540609715045,20.21442437392479,20.2132191561046,20.128916123062687,19.728747951476187,19.72618208733817,19.51349677239233,19.008226443650607,,,,20.540295540734927,20.21442437392479,19.728747951476187,,19.993572616743933,"rgba(38, 166, 154, 0.75)",0.2661874974219267,20.18780468281664,2.4877025540148976,71.77019422443361,27.41533763413551,True,False,True,False,False,19.430112044074423,0.0,0.0,0.0,0.0,0,1.0729086722947048,0.8779739063699149,False,False,False,False,0.3175580540644567,0.3198291465201685,False,False,False,False,-1210.0,-70.45849246584748,False,False,False,False,291.3628593721504,False,False,False,False
2025-06-30 17:00:00+00:00,20.85,20.85,20.85,20.85,0.0,,,,,,,,,,,,,,,,,,,20.540295540734927,20.516811621604585,20.34540609715045,20.21442437392479,20.2132191561046,20.128916123062687,19.728747951476187,19.72618208733817,19.51349677239233,19.008226443650607,,,,20.540295540734927,20.21442437392479,19.728747951476187,,19.993572616743933,"rgba(38, 166, 154, 0.75)",0.2709371124797842,20.18780468281664,2.4440923250511513,70.873282978168,26.342346528432742,True,False,True,False,False,19.430112044074423,0.0,0.0,0.0,0.0,0,1.0729086722947048,0.8749040675364537,False,False,False,False,0.32114345981062326,0.32048630316539584,False,False,False,False,-1210.0,-88.12580266017542,False,False,False,False,286.84560573847364,False,False,False,False
2025-06-30 18:00:00+00:00,20.85,20.915,20.85,20.9,620.0,,,,,,,,,,,,,,,,,,,20.578033111810655,20.55579342246291,20.355223949522653,20.22180419897439,20.22059914428948,20.1353952570983,19.735354182747106,19.73279691903754,19.520670698008463,19.015977657346145,,,,20.578033111810655,20.22180419897439,19.735354182747106,,20.007164854129766,"rgba(38, 166, 154, 0.75)",0.27707298937537284,20.19977102503872,2.5272365109997104,71.53447054334949,26.342346528432742,True,False,True,False,False,20.0,0.0,0.0,0.0,0.0,0,1.0904173106646067,0.8639876352395668,False,False,False,False,0.34282818180191127,0.3316572424836536,False,False,False,False,-590.0,-95.90679796776959,False,False,False,False,292.0107901456291,False,False,False,False
2025-06-30 19:00:00+00:00,20.915,20.94,20.89,20.94,908.0,,,,,,,,,,,,,,,,,,,20.62535164503471,20.604748423059995,20.369881087685414,20.232877444589302,20.231672161966735,20.145118921416728,19.745184002211385,19.74263901913478,19.531308379340786,19.027424842303784,,,,20.62535164503471,20.232877444589302,19.745184002211385,,20.025620592674365,"rgba(38, 166, 154, 0.75)",0.28366564507913533,20.216548618244172,2.5503665822979915,72.87149995359124,26.342346528432742,True,False,True,False,False,20.0,0.0,0.0,0.0,0.0,0,1.0968992248062022,0.8550387596899216,False,False,False,False,0.34282818404413234,0.337242713263893,False,False,False,False,318.0,-89.48963830935456,False,False,False,False,301.5610104534488,False,False,False,False
2025-07-01 14:00:00+00:00,20.865,20.94,20.865,20.88,599.0,,,,,,,,,,,,,,,,,,,20.647707266435987,20.62819242179072,20.37866901349427,20.239700984102946,20.238496381789865,20.15117442064252,19.751426262443182,19.74888948753707,19.538097030843993,19.034789795819837,,,,20.647707266435987,20.239700984102946,19.751426262443182,,20.035714306490043,"rgba(38, 166, 154, 0.75)",0.28882221221754023,20.22604679211584,2.2642067688048915,70.15635359962761,25.03263088227797,True,False,True,False,False,19.026522417185475,0.0,0.0,0.0,0.0,0,1.0892994611239417,0.8545034642032326,False,False,False,False,0.33405701207077837,0.33564986266733565,False,False,False,False,-281.0,-92.45879120378318,False,False,False,False,306.1724676557209,False,False,False,False
2025-07-01 15:00:00+00:00,20.88,20.88,20.86,20.86,500.0,,,,,,,,,,,,,,,,,,,20.661879395900755,20.643255221492335,20.38539204070575,20.245048330604067,20.243844878868373,20.15596500037941,19.756457346506085,19.75392751545966,19.543594894034957,19.04080020604756,,,,20.661879395900755,20.245048330604067,19.756457346506085,,20.043016482999896,"rgba(38, 166, 154, 0.5)",0.29316259363409525,20.233068039624694,2.1385128048014113,67.246572886781,22.165535015793125,False,False,True,False,False,18.090332382646285,0.0,0.0,0.0,0.0,0,1.0839753466872113,0.8674884437596297,False,False,False,False,0.3114783533654842,0.3235641080164099,False,False,False,False,-781.0,-103.13384870449973,False,False,False,False,309.17754567656243,False,False,False,False
2025-07-01 16:00:00+00:00,20.86,20.86,20.86,20.86,0.0,,,,,,,,,,,,,,,,,,,20.661879395900755,20.643255221492335,20.38539204070575,20.245048330604067,20.243844878868373,20.15596500037941,19.756457346506085,19.75392751545966,19.543594894034957,19.04080020604756,,,,20.661879395900755,20.245048330604067,19.756457346506085,,20.043016482999896,"rgba(38, 166, 154, 0.5)",0.2974809706987845,20.233068039624694,2.107469122823684,65.30671907821659,20.25022640459619,False,False,True,False,False,18.090332382646285,0.0,0.0,0.0,0.0,0,1.0922712933753944,0.8809148264984223,False,False,False,False,0.3045934807408169,0.3140787943786134,False,False,False,False,-781.0,-113.6434014377633,False,False,False,False,304.38409535599556,False,False,False,False
2025-07-01 17:00:00+00:00,20.86,20.96,20.86,20.96,6.0,,,,,,,,,,,,,,,,,,,20.662084896304922,20.64346987292771,20.385481510050795,20.245118085166858,20.243914637607126,20.15602691821878,19.75652069180179,19.753990941049235,19.543663571460108,19.04087445373299,,,,20.662084896304922,20.245118085166858,19.75652069180179,,20.043114557832034,"rgba(38, 166, 154, 0.5)",0.3047065195610784,20.233161676338515,2.385371749539449,67.14920583799552,20.25022640459619,False,False,True,False,False,20.0,0.0,0.0,0.0,0.0,0,1.0923441199684294,0.8595106550907645,False,False,False,False,0.33931368733930295,0.3266962408589582,False,False,False,False,-775.0,-123.89699211314681,False,False,False,False,299.7579853504762,False,False,False,False
2025-07-01 18:00:00+00:00,20.96,21.07,20.96,21.05,702.0,,,,,,,,,,,,,,,,,,,20.692434285940156,20.67466237631416,20.397646369917943,20.254365154273124,20.253160362543184,20.16413448740908,19.764514402517435,19.76199347019941,19.552229636699757,19.049979784454607,,,,20.692434285940156,20.254365154273124,19.764514402517435,,20.056512033026888,"rgba(38, 166, 154, 0.5)",0.31381576336012146,20.245879307467618,2.562397388590096,70.30275825138395,15.238088281940051,False,False,True,False,True,20.0,0.0,0.0,0.0,0.0,0,1.0924764890282137,0.8534482758620682,False,False,False,False,0.342828190150098,0.3347622155045281,False,False,False,False,-73.0,-123.1078914602298,False,False,False,False,305.99429565511997,False,False,False,False
2025-07-01 19:00:00+00:00,21.01,21.03,20.97,20.99,1041.0,,,,,,,,,,,,,,,,,,,20.725863239743862,20.70934488704949,20.414038255962723,20.26716451614684,20.265959298640162,20.17547442406162,19.775907411355096,19.773399758614897,19.56449689305868,19.063126844901745,,,,20.725863239743862,20.26716451614684,19.775907411355096,,20.07347755295351,"rgba(38, 166, 154, 0.5)",0.32079750004636587,20.262360681014062,2.268220041866811,69.10284100610563,15.238088281940051,False,False,True,False,True,20.0,0.0,0.0,0.0,0.0,0,1.0802180685358256,0.8621495327102792,False,False,False,False,0.3332186684151437,0.3339904419598359,False,False,False,False,-1114.0,-138.4705598096836,False,False,False,False,317.3897329317848,False,False,False,False
2025-07-02 14:00:00+00:00,20.925,21.0,20.925,20.975,53.0,,,,,,,,,,,,,,,,,,,20.727202862041217,20.710748267819167,20.414807105044417,20.267778053597233,20.266572877771534,20.17602272083404,19.776467708952968,19.773960743093028,19.56510291287472,19.063781135020385,,,,20.727202862041217,20.267778053597233,19.776467708952968,,20.07424443870487,"rgba(38, 166, 154, 0.5)",0.3272971760364015,20.26311629071882,2.1750377375758565,67.52261159116594,15.238088281940051,False,False,True,False,False,19.7353376597266,0.0,0.0,0.0,0.0,0,1.0677444187836804,0.8683602771362576,False,False,False,False,0.3094480336737542,0.321719237816795,False,False,False,False,-1167.0,-154.41675268085132,False,False,False,False,313.2906673049354,False,False,False,False
2025-07-02 15:00:00+00:00,20.975,21.01,20.955,21.0,400.0,,,,,,,,,,,,,,,,,,,20.73772489170948,20.72172217829611,20.420766593064048,20.272516522539696,20.271311481688166,20.1802491577674,19.78075609461211,19.77825423973509,19.56973025110816,19.068760764755858,,,,20.73772489170948,20.272516522539696,19.78075609461211,,20.08017921752761,"rgba(38, 166, 154, 0.5)",0.3341603973709821,20.268960709497577,2.1876897928476824,67.2025311705592,15.238088281940051,False,False,True,False,False,20.0,0.0,0.0,0.0,0.0,0,1.0784615384615386,0.8684615384615375,False,False,False,False,0.32208196537442924,0.3219006015956121,False,False,False,False,-767.0,-163.9141673679699,False,False,False,False,314.6349980443938,False,False,False,False
2025-07-02 16:00:00+00:00,21.0,21.13,21.0,21.12,392.0,,,,,,,,,,,,,,,,,,,20.75085392641406,20.735209483032033,20.427445590214393,20.27770846265259,20.276502658273262,20.18483055307511,19.78525767954699,19.78276053778218,19.574537676227525,19.0738561439958,,,,20.75085392641406,20.27770846265259,19.78525767954699,,20.086896271121397,"rgba(38, 166, 154, 0.5)",0.34368941562750444,20.275530911012083,2.457070397254146,69.77594627779143,15.238088281940051,False,False,True,False,True,20.0,0.0,0.0,0.0,0.0,0,1.0982348426707602,0.8503453568687638,False,False,False,False,0.34282819282225135,0.33236439720893174,False,False,False,False,-375.0,-167.18681593590833,False,False,False,False,315.83445543905435,False,False,False,False
2025-07-02 17:00:00+00:00,21.12,21.12,21.1,21.105,0.0,,,,,,,,,,,,,,,,,,,20.75085392641406,20.735209483032033,20.427445590214393,20.27770846265259,20.276502658273262,20.18483055307511,19.78525767954699,19.78276053778218,19.574537676227525,19.0738561439958,,,,20.75085392641406,20.27770846265259,19.78525767954699,,20.086896271121397,"rgba(38, 166, 154, 0.5)",0.35231650389795766,20.275530911012083,2.3543293595697077,70.64327607882893,16.03888106567119,False,False,True,False,True,20.0,0.0,0.0,0.0,0.0,0,1.1071149335418304,0.8647380766223599,False,False,False,False,0.3428281950440479,0.3375962961264898,False,False,False,False,-375.0,-170.40872576635934,False,False,False,False,310.93779721519303,False,False,False,False
2025-07-02 18:00:00+00:00,21.105,21.11,21.08,21.1,1000.0,,,,,,,,,,,,,,,,,,,20.781405453956474,20.76661323486823,20.444223514762548,20.29087118411606,20.289663607090514,20.19648028431135,19.796718139632453,19.79423289501259,19.586771472967914,19.086824041901195,,,,20.781405453956474,20.29087118411606,19.796718139632453,,20.103380382861932,"rgba(38, 166, 154, 0.5)",0.3604295235429552,20.29177947286602,2.2423815873608954,70.91806061379458,16.562068782795237,False,False,True,False,True,20.0,0.0,0.0,0.0,0.0,0,1.0817120622568095,0.8669260700389095,False,False,False,False,0.33394835604721085,0.3357723260868503,False,False,False,False,-1375.0,-189.084559475408,False,False,False,False,321.62093214208926,False,False,False,False
2025-07-02 19:00:00+00:00,21.1,21.1,21.095,21.095,199.0,,,,,,,,,,,,,,,,,,,20.786852318110782,20.77222264924417,20.447462455720213,20.293440248650203,20.292232406118867,20.19876315789474,19.798974915960052,19.796492034714312,19.589182575155753,19.089384842761255,,,,20.786852318110782,20.293440248650203,19.798974915960052,,20.106500760433033,"rgba(38, 166, 154, 0.5)",0.36800690357796395,20.294875896252588,2.174209494355045,70.7688817100354,16.731189698481487,False,False,True,False,True,20.0,0.0,0.0,0.0,0.0,0,1.0840466926070043,0.8692607003891041,False,False,False,False,0.3354247728407944,0.3355985494638224,False,False,False,False,-1574.0,-210.55611669284355,False,False,False,False,319.71983241895606,False,False,False,False
2025-07-03 14:00:00+00:00,21.095,21.22,21.095,21.22,299.0,,,,,,,,,,,,,,,,,,,20.796757778341934,20.782334832333998,20.452873632949537,20.297658997172434,20.29645018785023,20.20248151768674,19.80256352583236,19.800084009991963,19.592986319025293,19.09337627702087,,,,20.796757778341934,20.297658997172434,19.80256352583236,,20.111756707820536,"rgba(38, 166, 154, 0.5)",0.3783370202621732,20.368980031295056,2.249370067235869,73.44336333440172,19.503442725318408,False,False,True,False,True,20.0,0.0,0.0,0.0,0.0,0,1.0849923430321597,0.852986217457886,False,False,False,False,0.3428281972217611,0.3392133733427918,False,False,False,False,-1275.0,-227.05912263559014,False,False,False,False,319.39859470703425,False,False,False,False
2025-07-03 15:00:00+00:00,21.22,21.22,21.19,21.19,120.0,,,,,,,,,,,,,,,,,,,20.800811482505374,20.786467403254175,20.455087067440246,20.299382227809957,20.298172985254862,20.203998867607233,19.80402112469978,19.801542939688186,19.594528583310684,19.094990506841036,,,,20.800811482505374,20.299382227809957,19.80402112469978,,20.113900318841154,"rgba(38, 166, 154, 0.5)",0.3873111513084622,20.441135076996904,1.9334969325649147,73.36923238718566,19.642069205325257,False,False,True,False,True,20.0,0.0,0.0,0.0,0.0,0,1.1094834232845032,0.851195065535851,False,False,False,False,0.34282819924537183,0.34102078629408183,False,False,False,False,-1395.0,-245.16673313736393,False,False,False,False,316.307143626305,False,False,False,False
2025-07-03 16:00:00+00:00,21.19,21.21,21.19,21.21,700.0,,,,,,,,,,,,,,,,,,,20.823108332673893,20.80921499844091,20.46779844679045,20.30934139700327,20.308129805979842,20.212788199374288,19.81248370728113,19.81001326473654,19.603485011160785,19.104372594890574,,,,20.823108332673893,20.30934139700327,19.81248370728113,,20.126073575833168,"rgba(38, 166, 154, 0.5)",0.3962757366524191,20.453097077936143,1.9100410447984406,73.76935373507938,20.287429699126676,False,False,True,False,True,20.0,0.0,0.0,0.0,0.0,0,1.1036349574632645,0.8530549110595504,False,False,False,False,0.3400722000112984,0.34054649315269014,False,False,False,False,-695.0,-252.1408923135288,False,False,False,False,322.25587008171107,False,False,False,False
2025-07-03 17:00:00+00:00,21.21,21.21,21.21,21.21,0.0,,,,,,,,,,,,,,,,,,,20.823108332673893,20.80921499844091,20.46779844679045,20.30934139700327,20.308129805979842,20.212788199374288,19.81248370728113,19.81001326473654,19.603485011160785,19.104372594890574,,,,20.823108332673893,20.30934139700327,19.81248370728113,,20.126073575833168,"rgba(38, 166, 154, 0.5)",0.4044185794289682,20.453097077936143,1.8715829602403324,74.03610130034185,20.82373252268195,False,False,True,False,True,20.0,0.0,0.0,0.0,0.0,0,1.101404056162247,0.8603744149765981,False,False,False,False,0.34282819945008425,0.3416873463013872,False,False,False,False,-695.0,-259.00692499083846,False,False,False,False,317.25965504168454,False,False,False,False
2025-07-03 18:00:00+00:00,21.21,21.21,21.21,21.21,0.0,,,,,,,,,,,,,,,,,,,20.823108332673893,20.80921499844091,20.46779844679045,20.30934139700327,20.308129805979842,20.212788199374288,19.81248370728113,19.81001326473654,19.603485011160785,19.104372594890574,,,,20.823108332673893,20.30934139700327,19.81248370728113,,20.126073575833168,"rgba(38, 166, 154, 0.5)",0.4120621946408198,20.453097077936143,1.836865725387946,74.21393301051684,21.284791178253215,False,False,True,False,True,20.0,0.0,0.0,0.0,0.0,0,1.1031496062992134,0.8590551181102352,False,False,False,False,0.34282819945008425,0.3422577728757357,False,False,False,False,-695.0,-265.76650754912004,False,False,False,False,312.340900699953,False,False,False,False
2025-07-03 19:00:00+00:00,21.21,21.21,21.21,21.21,0.0,,,,,,,,,,,,,,,,,,,20.823108332673893,20.80921499844091,20.46779844679045,20.30934139700327,20.308129805979842,20.212788199374288,19.81248370728113,19.81001326473654,19.603485011160785,19.104372594890574,,,,20.823108332673893,20.30934139700327,19.81248370728113,,20.126073575833168,"rgba(38, 166, 154, 0.5)",0.41923388943883105,20.453097077936143,1.8054430739771943,74.33248748396683,21.689921122702373,False,False,True,False,True,20.0,0.0,0.0,0.0,0.0,0,1.1037212984956462,0.8543151227236724,False,False,False,False,0.34282819945008425,0.34254298616291,False,False,False,False,-695.0,-272.4212903778158,False,False,False,False,307.4984061154576,False,False,False,False
2025-07-04 14:00:00+00:00,21.21,21.21,21.21,21.21,0.0,,,,,,,,,,,,,,,,,,,20.823108332673893,20.80921499844091,20.46779844679045,20.30934139700327,20.308129805979842,20.212788199374288,19.81248370728113,19.81001326473654,19.603485011160785,19.104372594890574,,,,20.823108332673893,20.30934139700327,19.81248370728113,,20.126073575833168,"rgba(38, 166, 154, 0.5)",0.4248843721881107,20.453097077936143,1.7814327181908018,74.41152379960016,22.05016476266242,False,False,True,False,True,20.0,0.0,0.0,0.0,0.0,0,1.1018297533810668,0.8552108194112955,False,False,False,False,0.34282819945008425,0.34268559280649713,False,False,False,False,-695.0,-278.9728982789349,False,False,False,False,302.7309889663807,False,False,False,False
2025-07-04 15:00:00+00:00,21.21,21.21,21.21,21.21,0.0,,,,,,,,,,,,,,,,,,,20.823108332673893,20.80921499844091,20.46779844679045,20.30934139700327,20.308129805979842,20.212788199374288,19.81248370728113,19.81001326473654,19.603485011160785,19.104372594890574,,,,20.823108332673893,20.30934139700327,19.81248370728113,,20.126073575833168,"rgba(38, 166, 154, 0.5)",0.43014514625507677,20.453097077936143,1.7596453863389956,74.46421467668904,22.37201360108901,False,False,True,False,True,20.0,0.0,0.0,0.0,0.0,0,1.103833865814697,0.8522364217252383,False,False,False,False,0.34282819945008425,0.3427568961282907,False,False,False,False,-695.0,-285.4229308637576,False,False,False,False,298.0374852614756,False,False,False,False
2025-07-04 16:00:00+00:00,21.21,21.21,21.21,21.21,0.0,,,,,,,,,,,,,,,,,,,20.823108332673893,20.80921499844091,20.46779844679045,20.30934139700327,20.308129805979842,20.212788199374288,19.81248370728113,19.81001326473654,19.603485011160785,19.104372594890574,,,,20.823108332673893,20.30934139700327,19.81248370728113,,20.126073575833168,"rgba(38, 166, 154, 0.5)",0.43459174173232484,20.453097077936143,1.7416412908509717,74.49934192808163,22.659577265622488,False,False,True,False,True,20.0,0.0,0.0,0.0,0.0,0,1.1084337349397597,0.8489959839357416,False,False,False,False,0.34282819945008425,0.34279254778918744,False,False,False,False,-695.0,-291.77296294338925,False,False,False,False,293.4167490558713,False,False,False,False
2025-07-04 17:00:00+00:00,21.21,21.21,21.21,21.21,0.0,,,,,,,,,,,,,,,,,,,20.823108332673893,20.80921499844091,20.46779844679045,20.30934139700327,20.308129805979842,20.212788199374288,19.81248370728113,19.81001326473654,19.603485011160785,19.104372594890574,,,,20.823108332673893,20.30934139700327,19.81248370728113,,20.126073575833168,"rgba(38, 166, 154, 0.5)",0.43798327747906574,20.453097077936143,1.7281548428525013,74.52276009567669,22.915803507366576,False,False,True,False,True,20.0,0.0,0.0,0.0,0.0,0,1.1064516129032265,0.8491935483870953,False,False,False,False,0.34282819945008425,0.34281037361963584,False,False,False,False,-695.0,-298.02454491325915,False,False,False,False,288.86765217128413,False,False,False,False
2025-07-04 18:00:00+00:00,21.21,21.21,21.21,21.21,0.0,,,,,,,,,,,,,,,,,,,20.823108332673893,20.80921499844091,20.46779844679045,20.30934139700327,20.308129805979842,20.212788199374288,19.81248370728113,19.81001326473654,19.603485011160785,19.104372594890574,,,,20.823108332673893,20.30934139700327,19.81248370728113,,20.126073575833168,"rgba(38, 166, 154, 0.5)",0.44088109978099116,20.453097077936143,1.716796030584781,74.53837220740672,23.143129838911378,False,False,True,False,True,20.0,0.0,0.0,0.0,0.0,0,1.1119281045751637,0.8521241830065346,False,False,False,False,0.34282819945008425,0.34281928653486005,False,False,False,False,-695.0,-304.1792031316582,False,False,False,False,284.3890839205665,False,False,False,False
2025-07-04 19:00:00+00:00,21.21,21.21,21.21,21.21,0.0,,,,,,,,,,,,,,,,,,,20.823108332673893,20.80921499844091,20.46779844679045,20.30934139700327,20.308129805979842,20.212788199374288,19.81248370728113,19.81001326473654,19.603485011160785,19.104372594890574,,,,20.823108332673893,20.30934139700327,19.81248370728113,,20.126073575833168,"rgba(38, 166, 154, 0.5)",0.4436420215029169,20.453097077936143,1.7061118770934143,74.54878028189341,23.343803901370677,False,False,True,False,True,20.0,0.0,0.0,0.0,0.0,0,1.1124794745484403,0.8431855500821004,False,False,False,False,0.34282819945008425,0.34282374299247215,False,False,False,False,-695.0,-310.2384402924077,False,False,False,False,279.9799508365267,False,False,False,False
2025-07-07 14:00:00+00:00,21.12,21.12,21.01,21.03,981.0,,,,,,,,,,,,,,,,,,,20.839693053311795,20.82655731769136,20.48141456881431,20.32065401367081,20.31944330955218,20.223022464937323,19.82291199769266,19.820453462527233,19.614709067569464,19.11645163260364,,,,20.839693053311795,20.32065401367081,19.82291199769266,,20.138531088837077,"rgba(38, 166, 154, 0.5)",0.4436148906102249,20.457231421925634,1.291139206996595,59.75501668523895,12.269400137903759,False,True,True,False,False,14.952669597899607,0.0,0.0,0.0,0.0,0,1.089243027888447,0.8478087649402377,False,False,False,False,0.2650142820462513,0.3039190125193617,False,False,False,False,-1676.0,-331.4130381173316,False,False,False,False,290.84847873053405,False,False,False,False
2025-07-07 15:00:00+00:00,21.03,21.05,20.99,20.99,1416.0,,,,,,,,,,,,,,,,,,21.01,20.855733670347213,20.843618390804597,20.498580684372286,20.335458647414796,20.334251485368423,20.23661454394653,19.83713969111143,19.834698685475413,19.630128211131503,19.133240910618387,,,,20.855733670347213,20.335458647414796,19.83713969111143,,20.231769538235508,"rgba(239, 83, 80, 1.0)",0.44235735217918215,20.511538786314777,1.081616958163307,48.589544536937,2.957920392496341,False,True,False,True,False,13.041929228352018,0.0,0.0,0.0,0.0,0,1.0943999999999998,0.8615999999999987,False,False,False,False,0.2415282589112218,0.27272363571529173,False,False,False,False,-3092.0,-374.2128359759776,False,False,False,False,308.2926883626188,False,False,False,False
2025-07-07 16:00:00+00:00,21.015,21.075,21.015,21.075,400.0,,,,,,,,,,,,,,,,,,21.01991189427313,20.86089801736426,20.849029759999997,20.503638811872197,20.339797612048297,20.338591187110822,20.240587963974463,19.841249086134003,19.838812881220715,19.63456240193982,19.13804227747901,,,,20.86089801736426,20.339797612048297,19.841249086134003,,20.236829263037883,"rgba(239, 83, 80, 1.0)",0.4419775074786797,20.515831160828366,1.2651522525693384,46.95921305627087,2.5024421635269505,False,True,False,True,False,15.770039521152082,0.0,0.0,0.0,0.0,0,1.0947030497592294,0.8563402889245577,False,False,False,False,0.2545422070455081,0.26363292138039995,False,False,False,False,-2692.0,-410.14752068952833,False,False,False,False,309.71450714769446,False,False,False,False
2025-07-07 17:00:00+00:00,21.075,21.075,21.02,21.035,0.0,,,,,,,,,,,,,,,,,,21.01991189427313,20.86089801736426,20.849029759999997,20.503638811872197,20.339797612048297,20.338591187110822,20.240587963974463,19.841249086134003,19.838812881220715,19.63456240193982,19.13804227747901,,,,20.86089801736426,20.339797612048297,19.841249086134003,,20.236829263037883,"rgba(239, 83, 80, 1.0)",0.44077162070801496,20.515831160828366,1.1778635800954902,44.251482513113686,0.5956615914811536,False,True,False,True,False,13.89057240954811,0.0,0.0,0.0,0.0,0,1.0846645367412142,0.8546325878594239,False,False,False,False,0.25584818749849225,0.2597405544394461,False,False,False,False,-2692.0,-445.52507850829534,False,False,False,False,304.91273184307903,False,False,False,False
2025-07-07 18:00:00+00:00,21.035,21.08,21.02,21.08,3600.0,,,,,,,,,,,,,,,,,,21.046558345642538,20.89855521698014,20.88853524057217,20.54571478089157,20.376872077559945,20.375674729532268,20.274894517712188,19.877169829600053,19.87477627894169,19.67339825431063,19.180308652156473,,,,20.89855521698014,20.376872077559945,19.877169829600053,,20.273859811263605,"rgba(239, 83, 80, 1.0)",0.439797783179995,20.54962272792966,1.205957129286559,44.963154361596054,0.5956615914811536,False,True,False,True,False,15.309383954904366,0.0,0.0,0.0,0.0,0,1.0947030497592294,0.8539325842696619,False,False,False,False,0.2571550226956522,0.25844778856754913,False,False,False,False,908.0,-424.5401935701822,False,False,False,False,355.9993561555894,False,False,False,False
2025-07-07 19:00:00+00:00,21.07,21.07,21.07,21.07,1800.0,,,,,,,,,,,,,,,,,,21.052405764966736,20.913367572237686,20.904070868014266,20.56481751750942,20.394264773535188,20.39307321611701,20.291197685280114,19.894492929602634,19.892120286244843,19.69216768084022,19.200861062269514,,,,20.913367572237686,20.394264773535188,19.894492929602634,,20.290258123328876,"rgba(239, 83, 80, 1.0)",0.4383592668654262,20.564933797366653,1.152174120202642,44.97470073466022,0.5956615914811536,False,True,False,True,False,14.836417506633545,0.0,0.0,0.0,0.0,0,1.0985460420032316,0.8497576736672041,False,False,False,False,0.2676411159371989,0.26304445225237405,False,False,False,False,-892.0,-431.7876324295592,False,False,False,False,378.3869630368981,False,False,False,False
2025-07-08 14:00:00+00:00,21.115,21.12,21.115,21.12,580.0,,,,,,,,,,,,,,,,,,21.057310586625615,20.91891908720152,20.909822880506056,20.571240613287458,20.400072301430352,20.3988822679169,20.296626681453652,19.900193255918555,19.897827126613887,19.69831700306039,19.20755739669198,,,,20.91891908720152,20.400072301430352,19.900193255918555,,20.296069927336944,"rgba(239, 83, 80, 0.75)",0.4372077865827586,20.570545689029576,1.2567349618015544,47.624857580968595,0.5956615914811536,False,True,False,True,True,16.402169311283306,0.0,0.0,0.0,0.0,0,1.0935483870967744,0.8524193548387081,False,False,False,False,0.2927825238641116,0.2779134880582428,False,False,False,False,-312.0,-429.9304598337521,False,False,False,False,381.5127465557059,False,False,False,False
2025-07-08 15:00:00+00:00,21.12,21.12,21.03,21.04,158.0,,,,,,,,,,,,,,,,,,21.05743022378677,20.919976821806046,20.9109373707669,20.572791284403678,20.401518331470513,20.400328896299254,20.297995119967467,19.90166721472762,19.89930291203524,19.69991845680526,19.20932119819457,,,,20.919976821806046,20.401518331470513,19.90166721472762,,20.29738071184212,"rgba(239, 83, 80, 0.75)",0.4347430430880511,20.57175124948393,1.0770701405363967,45.75759828916026,0.5956615914811536,False,True,False,True,True,12.676812365936328,0.0,0.0,0.0,0.0,0,1.0752602081665341,0.8582866293034414,False,False,False,False,0.27027156264620944,0.2740925253522261,False,False,False,False,-470.0,-430.5516930146241,False,False,False,False,378.04743265561746,False,False,False,False
2025-07-08 16:00:00+00:00,21.04,21.08,21.04,21.08,200.0,,,,,,,,,,,,,,,,,,21.05765677377156,20.921324330944945,20.912355476634946,20.57475344325256,20.403348905799188,20.402160224081932,20.299727845152756,19.90353297512854,19.901170977988677,19.701945175584946,19.21155306148199,,,,20.921324330944945,20.403348905799188,19.90353297512854,,20.29904810816564,"rgba(239, 83, 80, 0.75)",0.43238131736182633,20.57328863362975,1.1719085585425972,46.519495778316056,0.5956615914811536,False,True,False,True,True,13.946411196724384,0.0,0.0,0.0,0.0,0,1.075121163166398,0.875605815831986,False,False,False,False,0.2623910173577821,0.2682417713550041,False,False,False,False,-270.0,-428.06251947951364,False,False,False,False,375.28700734312724,False,False,False,False
2025-07-08 17:00:00+00:00,21.08,21.15,21.08,21.15,236.0,,,,,,,,,,,,,,,,,,21.05959793404847,20.92352629346904,20.91463384236527,20.57732880549405,20.40569028579788,20.404502239511274,20.30192161270983,19.905840073637176,19.903480704164263,19.7044337904951,19.214264726763666,,,,20.92352629346904,20.40569028579788,19.905840073637176,,20.301383664405094,#000000,0.42880613650301974,20.575545922374495,1.3396591809768985,49.967009143196506,0.5956615914811536,False,True,False,False,True,16.089411297629308,0.0,0.0,0.0,0.0,0,1.0794542536115577,0.8643659711075432,False,False,False,False,0.2914505396831321,0.2798461555190681,False,False,False,False,-34.0,-421.9530230534746,False,False,False,False,373.1275188571873,False,False,False,False
2025-07-08 18:00:00+00:00,21.15,21.15,21.15,21.15,0.0,,,,,,,,,,,,,,,,,,21.05959793404847,20.92352629346904,20.91463384236527,20.57732880549405,20.40569028579788,20.404502239511274,20.30192161270983,19.905840073637176,19.903480704164263,19.7044337904951,19.214264726763666,,,,20.92352629346904,20.40569028579788,19.905840073637176,,20.301383664405094,"rgba(38, 166, 154, 0.5)",0.42292122240472035,20.575545922374495,1.358300428527022,52.265351386450135,-3.8541682112603297,False,True,True,False,True,16.089411297629308,0.0,0.0,0.0,0.0,0,1.085874799357946,0.8643659711075432,False,False,False,False,0.3101924852719329,0.2950193203955005,False,False,False,False,-34.0,-415.9382475022579,False,False,False,False,367.3425960842076,False,False,False,False
2025-07-08 19:00:00+00:00,21.15,21.15,21.07,21.105,757.0,,,,,,,,,,,,,,,,,,21.063631245217007,20.929671645069185,20.92102130162049,20.58515944908734,20.412910919852294,20.411725277009555,20.308725826766384,19.913071751075826,19.910720876265497,19.712255850126855,19.222828262618062,,,,20.929671645069185,20.412910919852294,19.913071751075826,,20.308338400428042,#000000,0.41559452692588744,20.58215787893989,1.258058244721182,51.49769258049689,-3.8541682112603297,False,True,False,False,True,13.998404063382871,0.0,0.0,0.0,0.0,0,1.0734237829209903,0.8715083798882671,False,False,False,False,0.288789580755374,0.29190445057543724,False,False,False,False,-791.0,-421.75315839369574,False,False,False,False,373.3837961449176,False,False,False,False
2025-07-09 14:00:00+00:00,21.16,21.16,21.16,21.16,0.0,,,,,,,,,,,,,,,,,,21.063631245217007,20.929671645069185,20.92102130162049,20.58515944908734,20.412910919852294,20.411725277009555,20.308725826766384,19.913071751075826,19.910720876265497,19.712255850126855,19.222828262618062,,,,20.929671645069185,20.412910919852294,19.913071751075826,,20.308338400428042,"rgba(38, 166, 154, 0.5)",0.40824025782380674,20.58215787893989,1.4154461986194016,53.37082480956615,-2.3637186830372627,False,True,True,False,True,15.696233341209265,0.0,0.0,0.0,0.0,0,1.0755767700875107,0.8663484486873503,False,False,False,False,0.31558581545734316,0.30374513301639017,False,False,False,False,-791.0,-427.477915627902,False,False,False,False,367.5949000806553,False,False,False,False
2025-07-09 15:00:00+00:00,21.16,21.19,21.135,21.19,0.0,,,,,,,,,,,,,,,,,,21.063631245217007,20.929671645069185,20.92102130162049,20.58515944908734,20.412910919852294,20.411725277009555,20.308725826766384,19.913071751075826,19.910720876265497,19.712255850126855,19.222828262618062,,,,20.929671645069185,20.412910919852294,19.913071751075826,,20.308338400428042,"rgba(38, 166, 154, 0.5)",0.3989848379335231,20.58215787893989,1.5234717294229325,55.772618281956156,0.14265847144416455,False,True,True,False,True,16.60090590777923,0.0,0.0,0.0,0.0,0,1.07710651828299,0.8585055643879167,False,False,False,False,0.3169369185184813,0.3103410257674357,False,False,False,False,-791.0,-433.11391693599654,False,False,False,False,361.8957543429707,False,False,False,False
2025-07-09 16:00:00+00:00,21.19,21.19,21.145,21.145,0.0,,,,,,,,,,,,,,,,,,21.063631245217007,20.929671645069185,20.92102130162049,20.58515944908734,20.412910919852294,20.411725277009555,20.308725826766384,19.913071751075826,19.910720876265497,19.712255850126855,19.222828262618062,,,,20.929671645069185,20.412910919852294,19.913071751075826,,20.308338400428042,"rgba(38, 166, 154, 0.5)",0.3880646133623648,20.58215787893989,1.450382492192205,54.954562947761524,0.14265847144416455,False,True,True,False,True,14.510887133328065,0.0,0.0,0.0,0.0,0,1.0747588424437304,0.8721864951768481,False,False,False,False,0.31964249340310635,0.31499175958527104,False,False,False,False,-791.0,-438.6625383788493,False,False,False,False,356.2849674539324,False,False,False,False
2025-07-09 17:00:00+00:00,21.145,21.145,21.13,21.135,0.0,,,,,,,,,,,,,,,,,,21.063631245217007,20.929671645069185,20.92102130162049,20.58515944908734,20.412910919852294,20.411725277009555,20.308725826766384,19.913071751075826,19.910720876265497,19.712255850126855,19.222828262618062,,,,20.929671645069185,20.412910919852294,19.913071751075826,,20.308338400428042,"rgba(38, 166, 154, 0.5)",0.3760077989414597,20.58215787893989,1.470294293406889,53.89232548775226,0.14265847144416455,False,True,True,False,True,14.050157104377135,0.0,0.0,0.0,0.0,0,1.0665584415584421,0.8782467532467527,False,False,False,False,0.3034752901109782,0.3092335248481246,False,False,False,False,-791.0,-444.1251346830532,False,False,False,False,350.76116950891014,False,False,False,False
2025-07-09 18:00:00+00:00,21.135,21.135,21.135,21.135,0.0,,,,,,,,,,,,,,,,,,21.063631245217007,20.929671645069185,20.92102130162049,20.58515944908734,20.412910919852294,20.411725277009555,20.308725826766384,19.913071751075826,19.910720876265497,19.712255850126855,19.222828262618062,,,,20.929671645069185,20.412910919852294,19.913071751075826,,20.308338400428042,"rgba(38, 166, 154, 0.5)",0.36382882570564623,20.58215787893989,1.5195115999615354,53.18416718107942,0.14265847144416455,False,True,True,False,False,14.050157104377135,0.0,0.0,0.0,0.0,0,1.0648604269293935,0.8809523809523802,False,False,False,False,0.3021350518547704,0.3056842883514475,False,False,False,False,-791.0,-449.503039571688,False,False,False,False,345.3230118421053,False,False,False,False
2025-07-09 19:00:00+00:00,21.135,21.21,21.135,21.21,120.0,,,,,,,,,,,,,,,,,,21.065202870400345,20.931010487218703,20.92239404576183,20.586558412531833,20.414166621489745,20.412981204771437,20.30989631220989,19.914283159384656,19.911933570722397,19.713555464042884,19.22423356132226,,,,20.931010487218703,20.414166621489745,19.914283159384656,,20.30965597362327,"rgba(38, 166, 154, 0.5)",0.34758255225279133,20.583465710704168,1.8025481579413816,56.19011648463049,1.390952055139472,False,True,True,False,True,16.405408660577102,0.0,0.0,0.0,0.0,0,1.0581014729950913,0.8731587561374786,False,False,False,False,0.3223526024166341,0.3140184453840408,False,False,False,False,-671.0,-452.9371009736774,False,False,False,False,341.8296318135455,False,False,False,False
2025-07-10 14:00:00+00:00,21.21,21.21,21.21,21.21,0.0,,,,,,,,,,,,,,,,,,21.065202870400345,20.931010487218703,20.92239404576183,20.586558412531833,20.414166621489745,20.412981204771437,20.30989631220989,19.914283159384656,19.911933570722397,19.713555464042884,19.22423356132226,,,,20.931010487218703,20.414166621489745,19.914283159384656,,20.30965597362327,"rgba(38, 166, 154, 0.5)",0.330158643275717,20.583465710704168,1.897676471770001,58.19408268699787,3.4391132814325474,False,False,True,False,True,16.405408660577102,0.0,0.0,0.0,0.0,0,1.0667765869744443,0.8746908491343768,False,False,False,False,0.34282819945008425,0.3284233224170625,False,False,False,False,-671.0,-456.3179211136204,False,False,False,False,336.529947599382,False,False,False,False
2025-07-10 15:00:00+00:00,21.21,21.28,21.21,21.28,300.0,,,,,,,,,,,,,,,,,,21.071206752377964,20.935224282941558,20.926683992128677,20.59044287287694,20.417578289509198,20.416393067687547,20.313047416710116,19.917471845018962,19.91512533559085,19.716952242587908,19.22786610625234,,,,20.935224282941558,20.417578289509198,19.917471845018962,,20.313453836698372,"rgba(38, 166, 154, 0.5)",0.315584357163687,20.587341355254196,2.194844671551757,62.094419668619466,7.167900156427038,False,False,True,False,True,18.526192490126252,0.0,0.0,0.0,0.0,0,1.0606557377049188,0.8680327868852454,False,False,False,False,0.3428282008416111,0.33562576162933677,False,False,False,False,-371.0,-454.99516264674253,False,True,False,False,335.9635918226474,False,False,False,False
2025-07-10 16:00:00+00:00,21.28,21.28,21.28,21.28,100.0,,,,,,,,,,,,,,,,,,21.073366608047998,20.936704960274856,20.92818900153348,20.591772703604427,20.418740833602925,20.41755564230969,20.314118986668436,19.918549837150756,19.91620433907276,19.71809828965829,19.229087963624533,,,,20.936704960274856,20.418740833602925,19.918549837150756,,20.314762651413467,"rgba(38, 166, 154, 1.0)",0.301738162847938,20.588685193862354,2.291108289427871,64.69464432303386,9.59537105764634,True,False,True,False,True,18.526192490126252,0.0,0.0,0.0,0.0,0,1.0811258278145703,0.8609271523178803,False,False,False,False,0.3428282021644203,0.3392269818968785,False,False,False,False,-371.0,-453.6929120630721,False,True,False,False,332.30524156183117,False,False,False,False
2025-07-10 17:00:00+00:00,21.28,21.28,21.28,21.28,0.0,,,,,,,,,,,,,,,,,,21.073366608047998,20.936704960274856,20.92818900153348,20.591772703604427,20.418740833602925,20.41755564230969,20.314118986668436,19.918549837150756,19.91620433907276,19.71809828965829,19.229087963624533,,,,20.936704960274856,20.418740833602925,19.918549837150756,,20.314762651413467,"rgba(38, 166, 154, 1.0)",0.294983966582032,20.588685193862354,2.343567395027892,66.42812742597678,11.24891437886562,True,False,True,False,True,18.526192490126252,0.0,0.0,0.0,0.0,0,1.0782029950083205,0.8602329450915136,False,False,False,False,0.3428282021644203,0.34102759203064936,False,False,False,False,-371.0,-452.4108514109314,False,True,False,False,327.1532223128105,False,False,False,False
2025-07-10 18:00:00+00:00,21.28,21.28,21.28,21.28,0.0,,,,,,,,,,,,,,,,,,21.073366608047998,20.936704960274856,20.92818900153348,20.591772703604427,20.418740833602925,20.41755564230969,20.314118986668436,19.918549837150756,19.91620433907276,19.71809828965829,19.229087963624533,,,,20.936704960274856,20.418740833602925,19.918549837150756,,20.314762651413467,"rgba(38, 166, 154, 1.0)",0.2883513716170626,20.588685193862354,2.397473617901599,67.58378282793873,12.445011302212684,True,False,True,False,True,18.526192490126252,0.0,0.0,0.0,0.0,0,1.076794657762939,0.859766277128547,False,False,False,False,0.3428282021644203,0.3419278970975348,False,False,False,False,-371.0,-451.1486676681262,False,True,False,False,322.08107933121653,False,False,False,False
2025-07-10 19:00:00+00:00,21.28,21.29,21.22,21.23,619.0,,,,,,,,,,,,,,,,,,21.08379561215892,20.944731495426147,20.93637068548108,20.599498335620275,20.42559197714886,20.424407433614135,20.32047241422324,19.92502238598372,19.92268326869271,19.725004488887283,19.236496599850117,,,,20.944731495426147,20.42559197714886,19.92502238598372,,20.322188608826043,"rgba(38, 166, 154, 0.75)",0.2801979191104044,20.647463579156643,2.079017655423147,63.95352021242219,12.445011302212684,True,False,True,False,False,15.97622612095251,0.0,0.0,0.0,0.0,0,1.068879668049793,0.858921161825726,False,True,False,False,0.32982079341675385,0.3358743452571443,False,False,False,False,-990.0,-459.5029518903258,False,False,False,False,326.68447345011236,False,False,False,False
2025-07-11 14:00:00+00:00,21.25,21.25,21.23,21.23,300.0,,,,,,,,,,,,,,,,,,21.088127873291768,20.94834992838649,20.940063605930174,20.60312053108973,20.428831826513804,20.42764770022472,20.32348766583293,19.928113116651243,19.925777105423595,19.728307344961962,19.240049909891777,,,,20.94834992838649,20.428831826513804,19.928113116651243,,20.32562514619984,"rgba(38, 166, 154, 0.5)",0.2721925159986802,20.65060605763755,2.1286181959729564,61.53334513541116,16.91913183074709,False,False,True,False,False,15.97622612095251,0.0,0.0,0.0,0.0,0,1.0775000000000006,0.8599999999999995,False,False,False,False,0.32206799640814116,0.3289711708326427,False,False,False,False,-990.0,-467.7277123261347,False,False,False,False,326.270760683444,False,False,False,False
2025-07-11 15:00:00+00:00,21.23,21.24,21.23,21.24,7.0,,,,,,,,,,,,,,,,,,21.088226029768087,20.948433287899437,20.940148689998086,20.603204557368155,20.428907114010556,20.4277229978283,20.323557784773794,19.928185059809483,19.925849121017134,19.728384239299324,19.24013266973792,,,,20.948433287899437,20.428907114010556,19.928185059809483,,20.325704686500934,"rgba(38, 166, 154, 0.5)",0.2633447026852024,20.65067990134288,2.2378278076152593,60.57859120491391,15.918292124861324,False,False,True,False,False,16.309458473639545,0.0,0.0,0.0,0.0,0,1.0822147651006722,0.8573825503355702,False,False,False,False,0.31949206779725503,0.32423161931494887,False,False,False,False,-983.0,-475.7164299644892,False,False,False,False,321.32082640928206,False,False,False,False
2025-07-11 16:00:00+00:00,21.24,21.24,21.225,21.225,199.0,,,,,,,,,,,,,,,,,,21.090840282925623,20.950728731394236,20.94249332682953,20.605558974165387,20.43102395906642,20.429840160546703,20.32553215049291,19.930216593475556,19.927882721224922,19.730557312990733,19.24247470087594,,,,20.950728731394236,20.43102395906642,19.930216593475556,,20.32792262854436,"rgba(38, 166, 154, 0.5)",0.2539139210031691,20.65268278599205,2.253981237999194,58.54390484868641,13.843991471210032,False,False,True,False,False,15.527174676726837,0.0,0.0,0.0,0.0,0,1.0781115879828336,0.8763948497854073,False,False,False,False,0.3182056417823455,0.3212186305486472,False,False,False,False,-1182.0,-486.66656283325676,False,False,False,False,319.4243794882079,False,False,False,False
2025-07-11 17:00:00+00:00,21.225,21.225,21.225,21.225,0.0,,,,,,,,,,,,,,,,,,21.090840282925623,20.950728731394236,20.94249332682953,20.605558974165387,20.43102395906642,20.429840160546703,20.32553215049291,19.930216593475556,19.927882721224922,19.730557312990733,19.24247470087594,,,,20.950728731394236,20.43102395906642,19.930216593475556,,20.32792262854436,"rgba(38, 166, 154, 0.5)",0.24580375604618004,20.65268278599205,2.328350157108378,57.187447277868074,12.385823042221354,False,False,True,False,False,15.527174676726837,0.0,0.0,0.0,0.0,0,1.057808455565143,0.8783433994823114,False,False,False,False,0.3143524512870789,0.31778554091786304,False,False,False,False,-1182.0,-497.446926200183,False,False,False,False,314.4720635271504,False,False,False,False
2025-07-11 18:00:00+00:00,21.225,21.25,21.225,21.25,791.0,,,,,,,,,,,,,,,,,,21.101140176695733,20.95986058754282,20.95181303822726,20.614916804602416,20.439449956197983,20.438267388451443,20.333395838080875,19.938301301785007,19.935975573034316,19.7391999031106,19.251784051930525,,,,20.95986058754282,20.439449956197983,19.938301301785007,,20.33673678360536,"rgba(38, 166, 154, 0.5)",0.23739488902092215,20.66113049476515,2.480548370959039,58.271797694217085,12.385823042221354,False,False,True,False,False,16.398447737337662,0.0,0.0,0.0,0.0,0,1.0579584775086512,0.8754325259515567,False,False,False,False,0.32077951750735473,0.3192825292126089,False,False,False,False,-391.0,-495.79658625909485,False,False,False,False,321.86009354998527,False,False,False,False
2025-07-11 19:00:00+00:00,21.25,21.25,21.2,21.2,571.0,,,,,,,,,,,,,,,,,,21.106567659481104,20.965550338869058,20.957637920630642,20.62123993988469,20.445238203927598,20.444056892142427,20.338835073264022,19.94396498347328,19.941645203557137,19.745274759432494,19.258366747047337,,,,20.965550338869058,20.445238203927598,19.94396498347328,,20.34257979288271,"rgba(38, 166, 154, 0.5)",0.22749463908130357,20.666329245101473,2.3458607950220745,54.407003837991766,9.520572056324248,False,True,True,False,False,13.745160223855976,0.0,0.0,0.0,0.0,0,1.0517241379310351,0.8758620689655169,False,False,False,False,0.3143524512870789,0.3168174902498439,False,False,False,False,-962.0,-503.0245461620546,False,False,False,False,325.7227277585126,False,False,False,False
2025-07-14 14:00:00+00:00,21.205,21.215,21.205,21.21,200.0,,,,,,,,,,,,,,,,,,21.108242134801145,20.967432748087685,20.959567073093044,20.623398942672054,20.44722793164305,20.446047104320673,20.340710078487078,19.945926581552836,19.943608889852246,19.74738117151905,19.260654188081276,,,,20.967432748087685,20.44722793164305,19.945926581552836,,20.344563349464558,#000000,0.2171102804424396,20.668080551777948,2.496056138464283,52.69675829810457,7.827872272666845,False,True,False,False,False,14.105925266826755,0.0,0.0,0.0,0.0,0,1.0518582541054458,0.880726015557476,False,False,False,False,0.3066729780748231,0.31174523416233346,False,False,False,False,-762.0,-507.03966947737155,False,False,False,False,323.7735381808612,False,False,False,False
2025-07-14 15:00:00+00:00,21.21,21.225,21.21,21.225,100.0,,,,,,,,,,,,,,,,,,21.109139500026764,20.968401477958473,20.96055870743378,20.624490818692056,20.44823190985349,20.4470513119937,20.341655307590873,19.946912843894683,19.94459618969534,19.748439292583107,19.261801755896432,,,,20.968401477958473,20.44823190985349,19.946912843894683,,20.345570828692612,"rgba(38, 166, 154, 0.5)",0.20702580680824487,20.668997909804865,2.685665612259279,52.841520300134576,7.793095199904421,False,True,True,False,False,14.649960197387028,0.0,0.0,0.0,0.0,0,1.050173010380624,0.8797577854671274,False,False,False,False,0.31050827833114675,0.31112675624674013,False,False,False,False,-662.0,-509.4421552219084,False,False,False,False,320.30418099976254,False,False,False,False
2025-07-14 16:00:00+00:00,21.225,21.255,21.225,21.23,313.0,,,,,,,,,,,,,,,,,,21.112265998276808,20.97158385446276,20.963810580975316,20.627977635433925,20.451425068578224,20.450245119576827,20.344656674202085,19.950030284309584,19.94771684388683,19.751778804563436,19.265415468200707,,,,20.97158385446276,20.451425068578224,19.950030284309584,,20.348809666587865,"rgba(38, 166, 154, 0.5)",0.1957081620285772,20.6720646882196,2.850853566847824,53.37092050495346,7.793095199904421,False,True,True,False,False,14.832797261813695,0.0,0.0,0.0,0.0,0,1.087111111111112,0.8675555555555554,False,False,False,False,0.32206799640814116,0.31659737632744067,False,False,False,False,-349.0,-506.95467994715017,False,False,False,False,320.1909378834871,False,False,False,False
2025-07-14 17:00:00+00:00,21.23,21.24,21.23,21.235,300.0,,,,,,,,,,,,,,,,,,21.11508379888268,20.97454525014053,20.96683769906236,20.631273505511025,20.454454977830476,20.45327568525479,20.347509211102448,19.95300028249678,19.950689921525782,19.754962001440312,19.26886378137791,,,,20.97454525014053,20.454454977830476,19.95300028249678,,20.351863283147736,"rgba(38, 166, 154, 0.5)",0.1901024617038516,20.674935012529474,2.9461216990604506,54.18304932035209,7.793095199904421,False,True,True,False,False,15.018227220070909,0.0,0.0,0.0,0.0,0,1.0834829443447043,0.8527827648114901,False,False,False,False,0.31949206779725503,0.31804472206234785,False,False,False,False,-49.0,-499.85460738983,False,False,False,False,319.8779000868439,False,False,False,False
2025-07-14 18:00:00+00:00,21.235,21.255,21.235,21.25,100.0,,,,,,,,,,,,,,,,,,21.11608313713577,20.975561197187478,20.967875024713322,20.632385266682334,20.45547476528843,20.454295677774347,20.348468445402208,19.953996214891536,19.951686872727482,19.756028373103828,19.270017342074365,,,,20.975561197187478,20.45547476528843,19.953996214891536,,20.352897483361918,"rgba(38, 166, 154, 0.5)",0.18414398988000308,20.724738607304282,2.8524492873104537,56.08826071304482,7.793095199904421,False,False,True,False,True,15.57883154779213,0.0,0.0,0.0,0.0,0,1.0738738738738745,0.8558558558558558,False,False,False,False,0.3246480638762315,0.3213463929692897,False,False,False,False,51.0,-491.31422587991017,False,False,False,False,316.468940395575,False,False,False,False
2025-07-14 19:00:00+00:00,21.25,21.25,21.185,21.21,50.0,,,,,,,,,,,,,,,,,,21.116457340294065,20.976007328737342,20.96833222329115,20.632911063781155,20.45596330648965,20.454784348742194,20.34893041324135,19.954481421627122,19.952172597992497,19.75654967270754,19.2705843857992,,,,20.976007328737342,20.45596330648965,19.954481421627122,,20.353379463882113,"rgba(38, 166, 154, 0.5)",0.1769282442221156,20.724620972788625,2.7433665514819205,53.01836518822733,7.3099101440337435,False,True,True,False,False,13.332366474002491,0.0,0.0,0.0,0.0,0,1.0664869721473502,0.8571428571428569,False,False,False,False,0.31050827833114675,0.31592733565021824,False,False,False,False,1.0,-483.6814471840976,False,False,False,False,312.3376389940932,False,False,False,False
2025-07-15 14:00:00+00:00,21.21,21.21,21.13,21.13,271.0,,,,,,,,,,,,,,,,,,21.117265223408463,20.9778135222214,20.970201975797092,20.635460508196537,20.458397645450074,20.457219661566693,20.351257663711046,19.956983358419876,19.954677435444907,19.759255897827273,19.273559989055325,,,,20.9778135222214,20.458397645450074,19.956983358419876,,20.355644807372606,"rgba(239, 83, 80, 1.0)",0.16845915376257495,20.723687305230158,2.4119359838557393,45.83943322796503,0.6987941089008487,False,True,False,True,False,9.076840366436212,0.0,0.0,0.0,0.0,0,1.0693693693693702,0.8594594594594592,False,False,False,False,0.2863620582667376,0.3011446969584779,False,False,False,False,-270.0,-480.3685565300806,False,False,False,False,311.6967453662778,False,False,False,False
2025-07-15 15:00:00+00:00,21.13,21.13,21.13,21.13,0.0,,,,,,,,,,,,,,,,,,21.117265223408463,20.9778135222214,20.970201975797092,20.635460508196537,20.458397645450074,20.457219661566693,20.351257663711046,19.956983358419876,19.954677435444907,19.759255897827273,19.273559989055325,,,,20.9778135222214,20.458397645450074,19.956983358419876,,20.355644807372606,"rgba(239, 83, 80, 1.0)",0.15923544808818085,20.723687305230158,2.5516472597535884,41.05347858779017,-3.43953731041114,False,True,False,True,False,9.076840366436212,0.0,0.0,0.0,0.0,0,1.070127504553735,0.866120218579235,False,False,False,False,0.2662786080199685,0.2837116524892232,False,False,False,False,-270.0,-477.1070285218623,False,False,False,False,306.86423768618045,False,False,False,False
2025-07-15 16:00:00+00:00,21.13,21.13,21.115,21.115,50.0,,,,,,,,,,,,,,,,,,21.117275323779978,20.978075317916236,20.970475859631158,20.635895275524625,20.45882145068648,20.45764367816092,20.351666099941912,19.957429759108308,19.95512438154415,19.759740987377945,19.274097297800648,,,,20.978075317916236,20.45882145068648,19.957429759108308,,20.35602231195203,"rgba(239, 83, 80, 1.0)",0.1479475801978584,20.72357601541801,2.6456937251593735,37.10407567873165,-6.799800431283515,False,True,False,True,False,8.293422946639193,0.0,0.0,0.0,0.0,0,1.0682027649769594,0.870046082949309,False,False,False,False,0.2625366636877344,0.2731241580884788,False,False,False,False,-320.0,-474.6712606378024,False,False,False,False,302.8818464042241,False,False,False,False
2025-07-15 17:00:00+00:00,21.115,21.115,21.115,21.115,0.0,,,,,,,,,,,,,,,,,,21.117275323779978,20.978075317916236,20.970475859631158,20.635895275524625,20.45882145068648,20.45764367816092,20.351666099941912,19.957429759108308,19.95512438154415,19.759740987377945,19.274097297800648,,,,20.978075317916236,20.45882145068648,19.957429759108308,,20.35602231195203,"rgba(239, 83, 80, 1.0)",0.14413379044993047,20.72357601541801,2.715698958308884,34.47114040602597,-9.036237667878893,False,True,False,True,False,8.293422946639193,0.0,0.0,0.0,0.0,0,1.0653594771241839,0.8748832866479928,False,False,False,False,0.2588018933764302,0.2659630257324545,False,False,False,False,-320.0,-472.2732565969062,False,False,False,False,298.1860038243137,False,False,False,False
2025-07-15 18:00:00+00:00,21.115,21.115,21.115,21.115,0.0,,,,,,,,,,,,,,,,,,21.117275323779978,20.978075317916236,20.970475859631158,20.635895275524625,20.45882145068648,20.45764367816092,20.351666099941912,19.957429759108308,19.95512438154415,19.759740987377945,19.274097297800648,,,,20.978075317916236,20.45882145068648,19.957429759108308,,20.35602231195203,"rgba(239, 83, 80, 1.0)",0.14114790019566134,20.72357601541801,2.7731477693921716,32.71585022422218,-10.62194496543551,False,True,False,True,False,8.293422946639204,0.0,0.0,0.0,0.0,0,1.069128787878789,0.8712121212121212,False,False,False,False,0.2588018933764302,0.2623824595544424,False,False,False,False,-320.0,-469.91243091323327,False,False,False,False,293.56296500533205,False,False,False,False
2025-07-15 19:00:00+00:00,21.115,21.115,20.98,20.98,238.0,,,,,,,,,,,,,,,,,,21.11568113627565,20.9784830011438,20.970946287233396,20.637550093515852,20.46054255595434,20.459366163645562,20.353364671881515,19.959376685772106,19.957074033521458,19.76188434938374,19.276519199586197,,,,20.9784830011438,20.46054255595434,19.959376685772106,,20.35734437981033,"rgba(239, 83, 80, 1.0)",0.13901788724077016,20.721321279123153,1.860758539862087,26.863663951254892,-16.046867757601575,False,True,False,True,False,1.4790829897039792,0.0,0.0,0.0,0.0,0,1.0450704225352123,0.8732394366197187,False,False,False,False,0.2254916490047466,0.2439370542795945,False,False,False,False,-558.0,-471.27812965876456,False,False,False,False,292.7015236874199,False,False,False,False
2025-07-16 14:00:00+00:00,20.9,20.9,20.81,20.82,660.0,,,,,,,,,,,,,,,,,,21.103229657338137,20.975303462370185,20.967964359473648,20.639948753723537,20.463742458593508,20.462571839989206,20.35676844971195,19.963824639382782,19.961530210341095,19.766940892399624,19.28250629628129,,,,20.975303462370185,20.463742458593508,19.963824639382782,,20.358575547236814,"rgba(239, 83, 80, 1.0)",0.13873583037753848,20.711623447052016,0.781172049448665,20.98791352876442,-21.345173241775957,False,True,False,True,False,0.0,0.0,0.0,0.0,0.0,0,1.0277520814061065,0.9000925069380205,False,False,False,False,0.1328932069972811,0.1884151306384378,False,False,False,False,-1218.0,-482.855212919869,False,False,False,False,298.39607370777,False,False,False,False
2025-07-16 15:00:00+00:00,20.82,20.82,20.73,20.77,437.0,,,,,,,,,,,,,,,,,,21.093536609964364,20.972205608788737,20.96499895404783,20.640970311432042,20.46544659276987,20.464280265861536,20.358675754115026,19.96651272913329,19.96422389268542,19.770046954159383,19.286268706422273,,,,20.972205608788737,20.46544659276987,19.96651272913329,,20.358833307216344,"rgba(239, 83, 80, 1.0)",0.13734493303556958,20.70653973274741,0.46205029810714504,16.69891945817323,-25.142379673964115,False,True,False,True,False,0.0,0.0,0.0,0.0,0.0,0,1.0192307692307707,0.9001831501831499,False,False,False,False,0.09515384093453404,0.14178448578648592,False,False,False,False,-1655.0,-501.0280003164602,False,False,False,False,300.54497178982,False,False,False,False
2025-07-16 16:00:00+00:00,20.77,20.77,20.77,20.77,0.0,,,,,,,,,,,,,,,,,,21.093536609964364,20.972205608788737,20.96499895404783,20.640970311432042,20.46544659276987,20.464280265861536,20.358675754115026,19.96651272913329,19.96422389268542,19.770046954159383,19.286268706422273,,,,20.972205608788737,20.46544659276987,19.96651272913329,,20.358833307216344,"rgba(239, 83, 80, 1.0)",0.13766963328142634,20.70653973274741,0.46096053094631523,13.839590077779103,-27.727380062455396,False,True,False,True,False,0.0,0.0,0.0,0.0,0.0,0,1.0344186046511639,0.9079069767441857,False,False,False,False,0.0928051755009267,0.11729483064370631,False,False,False,False,-1655.0,-518.9190390712437,False,False,False,False,295.8853598240864,False,False,False,False
2025-07-16 17:00:00+00:00,20.77,20.77,20.77,20.77,0.0,,,,,,,,,,,,,,,,,,21.093536609964364,20.972205608788737,20.96499895404783,20.640970311432042,20.46544659276987,20.464280265861536,20.358675754115026,19.96651272913329,19.96422389268542,19.770046954159383,19.286268706422273,,,,20.972205608788737,20.46544659276987,19.96651272913329,,20.358833307216344,"rgba(239, 83, 80, 1.0)",0.14076249884466993,20.70653973274741,0.45083220156967085,11.933370490849686,-29.604728330264667,False,True,False,True,False,0.0,0.0,0.0,0.0,0.0,0,1.0325581395348853,0.9079069767441857,False,False,False,False,0.0928051755009267,0.10505000307231652,False,False,False,False,-1655.0,-536.5326973802166,False,False,False,False,291.2979899043331,False,False,False,False
2025-07-16 18:00:00+00:00,20.77,20.77,20.77,20.77,0.0,,,,,,,,,,,,,,,,,,21.093536609964364,20.972205608788737,20.96499895404783,20.640970311432042,20.46544659276987,20.464280265861536,20.358675754115026,19.96651272913329,19.96422389268542,19.770046954159383,19.286268706422273,,,,20.972205608788737,20.46544659276987,19.96651272913329,,20.358833307216344,"rgba(239, 83, 80, 1.0)",0.1426275942114475,20.70653973274741,0.4449368132684761,10.66255743289674,-31.06845848534085,False,True,False,True,False,0.0,0.0,0.0,0.0,0.0,0,1.0325581395348853,0.9079069767441857,False,False,False,False,0.0928051755009267,0.09892758928662161,False,False,False,False,-1655.0,-553.873275715407,False,False,False,False,286.78174199883955,False,False,False,False
2025-07-16 19:00:00+00:00,20.77,20.86,20.77,20.85,2700.0,,,,,,,,,,,,,,,,,,21.052533431969497,20.95960725850405,20.95309731693327,20.649360347395387,20.4773273845779,20.476184917062092,20.371550594540622,19.98380534520718,19.98154975198415,19.78981848150511,19.30991889289465,,,,20.95960725850405,20.4773273845779,19.98380534520718,,20.36406852023399,"rgba(239, 83, 80, 0.75)",0.1426275942114475,20.697310911289662,1.0705438141512458,17.054242033117532,-31.06845848534085,False,True,False,True,True,0.0,0.0,0.0,0.0,0.0,0,1.0561797752809003,0.890449438202247,False,False,False,False,0.11398310882146485,0.10645534905404323,False,False,False,False,1045.0,-529.084542758579,False,False,False,False,324.19597855699703,False,False,False,False
2025-07-17 14:00:00+00:00,20.835,20.835,20.705,20.705,6514.0,,,,,,,,,,,,,,,,,,20.970266672202158,20.92310710339035,20.91790013018084,20.65908844225151,20.497251233954824,20.496170202771765,20.39500208617994,20.019171856691425,20.01699568531163,19.831221116312808,19.361296470949494,,,,20.92310710339035,20.497251233954824,20.019171856691425,,20.371588272745157,"rgba(239, 83, 80, 0.75)",0.14701764924356553,20.681094426571015,0.16260342586065216,18.08080762140962,-31.06845848534085,False,True,False,True,True,0.0,0.0,0.0,0.0,0.0,0,1.0401826484018275,0.8739726027397258,False,False,False,False,0.0928051755009267,0.09963026227748498,False,False,False,False,-5469.0,-605.6723793049576,False,False,False,False,420.1619323778188,False,False,False,False
2025-07-17 15:00:00+00:00,20.705,20.75,20.7,20.74,1200.0,,,,,,,,,,,,,,,,,,20.9588647658217,20.91715083751017,20.91213278425755,20.660349596628787,20.50036132392024,20.499291262531887,20.39879963850604,20.025178220610524,20.023016240483017,19.83831645899944,19.37024361013663,,,,20.91715083751017,20.50036132392024,20.025178220610524,,20.373064067218728,"rgba(239, 83, 80, 0.75)",0.15107849519910757,20.679212794595017,0.40235511562959003,20.92547358944786,-37.28734217555982,False,True,False,True,True,0.0,0.0,0.0,0.0,0.0,0,1.0429616087751383,0.8939670932358315,False,False,False,False,0.07170993932281543,0.0856701008001502,False,False,False,False,-4269.0,-662.468156369997,False,False,False,False,432.25244505413167,False,False,False,False
2025-07-17 16:00:00+00:00,20.74,20.74,20.715,20.715,364.0,,,,,,,,,,,,,,,,,,20.955522461762374,20.91535426587554,20.91039119783747,20.66068755497247,20.501261441605298,20.500194698010368,20.399911756306825,20.026963093808334,20.024805396856614,19.84043069501872,19.3729213059615,,,,20.91535426587554,20.501261441605298,20.026963093808334,,20.373494897092318,"rgba(239, 83, 80, 0.75)",0.15641544934151513,20.6786474102138,0.23241048080122478,22.278838236622146,-35.66145866831911,False,True,False,True,True,0.0,0.0,0.0,0.0,0.0,0,1.0541284403669735,0.8853211009174312,False,False,False,False,0.0728800549764388,0.07927507788829449,False,False,False,False,-4633.0,-724.0267896045707,False,False,False,False,431.19426761143194,False,False,False,False
2025-07-17 17:00:00+00:00,20.715,20.72,20.715,20.72,100.0,,,,,,,,,,,,,,,,,,20.9546013747039,20.914853818994636,20.90990571284125,20.660772406788652,20.501501916515263,20.500436087258024,20.40021124707255,20.02744833741583,20.02529181687687,19.841006482149513,19.37365236511698,,,,20.914853818994636,20.501501916515263,20.02744833741583,,20.37360741506668,"rgba(239, 83, 80, 0.75)",0.16043878459873434,20.678485234473758,0.25875766654597554,23.520805465963,-34.05166421527219,False,True,False,True,True,0.0,0.0,0.0,0.0,0.0,0,1.0540788267644372,0.8808432630614118,False,False,False,False,0.06820075534691547,0.07373791661760498,False,False,False,False,-4533.0,-783.0806378277557,False,False,False,False,426.0594727647431,False,False,False,False
2025-07-17 18:00:00+00:00,20.72,20.72,20.72,20.72,0.0,,,,,,,,,,,,,,,,,,20.9546013747039,20.914853818994636,20.90990571284125,20.660772406788652,20.501501916515263,20.500436087258024,20.40021124707255,20.02744833741583,20.02529181687687,19.841006482149513,19.37365236511698,,,,20.914853818994636,20.501501916515263,20.02744833741583,,20.37360741506668,"rgba(239, 83, 80, 0.75)",0.16397052580646612,20.678485234473758,0.25318431664505753,24.348783618856906,-32.76817566724638,False,True,False,True,True,0.0,0.0,0.0,0.0,0.0,0,1.0552486187845311,0.8848987108655617,False,False,False,False,0.0693702927574732,0.07155410468753909,False,False,False,False,-4533.0,-841.2189225125967,False,False,False,False,419.45389954358427,False,False,False,False
2025-07-17 19:00:00+00:00,20.72,20.745,20.72,20.74,300.0,,,,,,,,,,,,,,,,,,20.9520724732256,20.913493660036803,20.908589312594078,20.661098744083134,20.502275362158816,20.50121220643814,20.40115324373248,20.02893500911668,20.026781986496665,19.842762049704366,19.375867907878376,,,,20.913493660036803,20.502275362158816,20.02893500911668,,20.374021995951377,"rgba(239, 83, 80, 0.75)",0.16682425882721347,20.678127889011325,0.3708819773793026,26.48807930747832,-30.266604523158563,False,True,False,True,True,0.0,0.0,0.0,0.0,0.0,0,1.0519962859795737,0.8913649025069637,False,False,False,False,0.0752208872968903,0.0733874959922147,False,False,False,False,-4233.0,-893.8046756519362,False,False,False,False,417.6019011010481,False,False,False,False
2025-07-18 14:00:00+00:00,20.78,20.78,20.72,20.735,101.0,,,,,,,,,,,,,,,,,,20.951272751605998,20.913065753080208,20.908175846450288,20.661222745763716,20.502545743308076,20.501483472698094,20.40147865482282,20.02944118607692,20.027289333864907,19.84335814728324,19.376617661676715,,,,20.913065753080208,20.502545743308076,20.02944118607692,,20.37417739060281,"rgba(239, 83, 80, 0.75)",0.17116511179388028,20.678034621231173,0.3328095204204033,27.73195377696289,-28.645073855898474,False,True,False,True,True,0.0,0.0,0.0,0.0,0.0,0,1.0518038852913976,0.8797409805735428,False,False,False,False,0.08342045381567677,0.07840397490394574,False,False,False,False,-4334.0,-947.1410372697356,False,False,False,False,412.6933444948303,False,False,False,False
2025-07-18 15:00:00+00:00,20.735,20.75,20.735,20.735,200.0,,,,,,,,,,,,,,,,,,20.949669285063756,20.91219977483112,20.907338338188787,20.66145262482128,20.50306837315256,20.50200786348463,20.40211186659435,20.030434418973094,20.028284885818945,19.844529684481948,19.378094486298348,,,,20.91219977483112,20.50306837315256,20.030434418973094,,20.37447196379171,"rgba(239, 83, 80, 0.75)",0.17589134647754037,20.67783158174162,0.32502120998702966,28.56120342328594,-27.401968102316943,False,True,False,True,True,0.0,0.0,0.0,0.0,0.0,0,1.0594243268337982,0.879294336118849,False,False,False,False,0.07990504732001913,0.07915451111198243,False,False,False,False,-4334.0,-999.6504785523754,False,False,False,False,409.39577326235224,False,False,False,False
2025-07-18 16:00:00+00:00,20.735,20.735,20.73,20.73,100.0,,,,,,,,,,,,,,,,,,20.948845140884117,20.911749230513266,20.90690200607701,20.661554920986443,20.503319665673654,20.502260044581583,20.402419798421516,20.03092417469854,20.02877580338596,19.84510886525519,19.378827188561765,,,,20.911749230513266,20.503319665673654,20.03092417469854,,20.374607894458094,"rgba(239, 83, 80, 0.75)",0.18025837312313048,20.67771334754426,0.29006504136163286,28.892374154022768,-26.600519674984252,False,True,False,True,True,0.0,0.0,0.0,0.0,0.0,0,1.0519480519480529,0.8821892393320969,False,False,False,False,0.0752208872968903,0.07718769920443637,False,False,False,False,-4434.0,-1052.8962075670672,False,False,False,False,404.59893956836225,False,False,False,False
2025-07-18 17:00:00+00:00,20.73,20.73,20.68,20.68,100.0,,,,,,,,,,,,,,,,,,20.947895387666968,20.911213799684667,20.90638111873673,20.6616060015324,20.503531973924535,20.50247328221947,20.402694482303673,20.0313888190955,20.02924162534265,19.845664454897985,19.379540162413377,,,,20.911213799684667,20.503531973924535,20.0313888190955,,20.37469373707436,"rgba(239, 83, 80, 0.75)",0.18570780109436533,20.67751679607526,0.01337156495368864,27.15827231624037,-26.600519674984252,False,True,False,True,True,0.0,0.0,0.0,0.0,0.0,0,1.0422794117647065,0.8841911764705885,False,False,False,False,0.06235579731774753,0.06977174826109195,False,False,False,False,-4534.0,-1106.8668090001358,False,False,False,False,399.8764753890078,True,False,False,False
2025-07-18 18:00:00+00:00,20.68,20.7,20.68,20.7,300.0,,,,,,,,,,,,,,,,,,20.945051330751276,20.90959867391483,20.904809235713167,20.661743870525424,20.504155165683475,20.503099264960444,20.403506156404962,20.03277190416495,20.030628240731097,19.847320370816554,19.381669061289756,,,,20.90959867391483,20.504155165683475,20.03277190416495,,20.374941206814174,"rgba(239, 83, 80, 0.75)",0.1905279530694071,20.67691792064001,0.12114799423462544,28.08737632489698,-26.600519674984252,False,True,False,True,True,0.0,0.0,0.0,0.0,0.0,0,1.0421245421245429,0.8901098901098906,False,False,False,False,0.05534742489110649,0.06255958657609922,False,False,False,False,-4234.0,-1155.3494941319168,False,False,False,False,398.3280029023565,False,False,False,False
2025-07-18 19:00:00+00:00,20.7,20.71,20.67,20.71,1133.0,,,,,,,,,,,,,,,,,20.696666666666665,20.93499523554285,20.90379976604251,20.899166666666662,20.662307743464787,20.506513120437035,20.505467592492604,20.406565903612613,20.037969728589253,20.03583928357689,19.853540697073136,19.389667624058273,,,,20.90379976604251,20.506513120437035,20.037969728589253,,20.40270833568527,"rgba(239, 83, 80, 0.75)",0.1949529395740581,20.692370519103548,0.09042941817122868,29.73607686225633,-24.83229877686444,False,True,False,True,True,0.0,0.0,0.0,0.0,0.0,0,1.0400000000000011,0.8890909090909093,True,False,False,False,0.055347424891107985,0.058953505733603605,False,False,False,False,-3101.0,-1185.5146182539024,False,False,False,False,409.71826642325016,False,False,False,False
2025-07-21 14:00:00+00:00,20.72,20.78,20.71,20.78,490.0,,,,,,,,,,,,,,,,,20.71478126925447,20.931926543751832,20.902087005757092,20.897515332828807,20.662962077147707,20.50783124713237,20.506789806499665,20.40813910159415,20.040395033160493,20.038270120163546,19.856392171518674,19.39325420325552,,,,20.902087005757092,20.50783124713237,20.040395033160493,,20.40502865933869,"rgba(239, 83, 80, 0.5)",0.19767187754227755,20.693029141851817,0.43997587936899824,36.58706864825699,-18.328753022128648,False,False,False,True,True,0.0,0.0,0.0,0.0,0.0,0,1.0466786355475772,0.8779174147217237,False,False,False,False,0.08107662626428445,0.07001506599894403,False,False,False,False,-2611.0,-1207.6151668081054,False,False,False,False,410.96294446319973,False,False,False,False
2025-07-21 15:00:00+00:00,20.78,20.82,20.78,20.82,359.0,,,,,,,,,,,,,,,,,20.73142448705012,20.930366985734437,20.90128007318069,20.896750502231704,20.66368849150475,20.5089804786951,20.507941809076414,20.409446836191247,20.042284891203312,20.04016393086232,19.85858530533003,19.39596592720854,,,,20.90128007318069,20.5089804786951,20.042284891203312,,20.407239976522387,"rgba(239, 83, 80, 0.5)",0.19957687222683446,20.69406714007959,0.6309992661738814,43.50917206747747,-12.124592538024302,False,False,False,True,True,0.0,0.0,0.0,0.0,0.0,0,1.0588235294117656,0.8716577540106955,False,False,False,False,0.10691340886364166,0.08846423743129284,False,False,False,False,-2252.0,-1223.8071797258092,False,False,False,False,410.15731741725864,False,False,False,False
2025-07-21 16:00:00+00:00,20.82,20.82,20.82,20.82,10.0,,,,,,,,,,,,,,,,,20.731869143239624,20.93032872232238,20.90126093134253,20.89673250806899,20.66371049791169,20.509013792340124,20.507975198211017,20.40948435910091,20.04233831597654,20.040217464926698,19.858647107602724,19.396042026267093,,,,20.90126093134253,20.509013792340124,20.04233831597654,,20.40730167227586,#000000,0.20140817325066723,20.694097916848918,0.6251091061453006,48.123907680291126,-8.205463380746266,True,False,False,False,True,0.0,0.0,0.0,0.0,0.0,0,1.0824275362318851,0.8695652173913045,False,False,False,False,0.11634216427540767,0.10240320085335025,False,False,False,False,-2252.0,-1239.7481536835485,False,False,False,False,403.9533279999368,False,False,False,False
2025-07-21 17:00:00+00:00,20.82,20.82,20.79,20.79,417.0,,,,,,,,,,,,,,,,,20.743662653936624,20.928471401068546,20.90027616471155,20.895795952325667,20.664505950798038,20.510307712540964,20.50927235348005,20.4109670463409,20.044502485347092,20.042386221546856,19.861163738940906,19.39916366295914,,,,20.90027616471155,20.510307712540964,20.044502485347092,,20.40920627866636,#000000,0.20274816847443725,20.694873493056768,0.4691855303009786,48.92808381585053,-7.673718147844113,True,False,False,False,True,0.0,0.0,0.0,0.0,0.0,0,1.094322344322345,0.8525641025641026,False,False,False,False,0.10926875828122669,0.10583597956728846,False,False,False,False,-2669.0,-1261.9070970372918,False,False,False,False,404.1556019844339,False,False,False,False
2025-07-21 18:00:00+00:00,20.79,20.8,20.79,20.8,120.0,,,,,,,,,,,,,,,,,20.746177672334255,20.927933074662764,20.8999870152019,20.89552052944354,20.664727551338853,20.510673674270663,20.509639247643566,20.411387997077494,20.045120241281076,20.043005296107854,19.861882895579775,19.400057273738103,,,,20.8999870152019,20.510673674270663,20.045120241281076,,20.409676039056652,#000000,0.20407300848645357,20.695045549732825,0.5142985397509964,50.16773944811229,-6.468311777961375,True,False,False,False,True,0.0,0.0,0.0,0.0,0.0,0,1.094322344322345,0.8415750915750919,False,False,False,False,0.10455924059723852,0.1051976100822635,False,False,False,False,-2549.0,-1281.8620257653959,False,False,False,False,399.75008877537283,False,False,False,False
2025-07-21 19:00:00+00:00,20.8,20.8,20.74,20.74,20.0,,,,,,,,,,,,,,,,,20.746286125277884,20.927818838361507,20.899921933719206,20.895457802977702,20.664754168587418,20.510726768741524,20.5096925056904,20.41145139779276,20.04521808356546,20.043103361417355,19.861997950294665,19.400202190538106,,,,20.899921933719206,20.510726768741524,20.04521808356546,,20.40971926058033,"rgba(239, 83, 80, 0.5)",0.20609839773629826,20.695043781544257,0.21812987849261556,47.0699284616497,-6.468311777961375,True,False,False,True,False,0.0,0.0,0.0,0.0,0.0,0,1.0842391304347831,0.8414855072463769,False,False,False,False,0.0928051755009267,0.0990013927915951,False,False,False,False,-2569.0,-1301.8176532729092,False,False,False,False,393.8624904997856,False,False,False,False
2025-07-22 14:00:00+00:00,20.87,20.87,20.87,20.87,0.0,,,,,,,,,,,,,,,,,20.746286125277884,20.927818838361507,20.899921933719206,20.895457802977702,20.664754168587418,20.510726768741524,20.5096925056904,20.41145139779276,20.04521808356546,20.043103361417355,19.861997950294665,19.400202190538106,,,,20.899921933719206,20.510726768741524,20.04521808356546,,20.40971926058033,"rgba(38, 166, 154, 1.0)",0.20598690153386887,20.695043781544257,0.8493560374613301,51.957469761855585,-5.007907269237144,True,False,True,False,True,0.0,0.0,0.0,0.0,0.0,0,1.0939177101967803,0.8327370304114489,False,False,False,False,0.14000820691453672,0.11950479985306592,False,False,False,False,-2569.0,-1321.4638912066625,False,False,False,False,387.75609529823856,False,False,False,False
2025-07-22 15:00:00+00:00,20.87,20.87,20.8,20.8,0.0,,,,,,,,,,,,,,,,,20.746286125277884,20.927818838361507,20.899921933719206,20.895457802977702,20.664754168587418,20.510726768741524,20.5096925056904,20.41145139779276,20.04521808356546,20.043103361417355,19.861997950294665,19.400202190538106,,,,20.899921933719206,20.510726768741524,20.04521808356546,,20.40971926058033,"rgba(38, 166, 154, 1.0)",0.20665824597763147,20.695043781544257,0.507873363384223,51.59265298294121,-5.007907269237144,True,False,True,False,True,0.0,0.0,0.0,0.0,0.0,0,1.0920464700625558,0.8230563002680965,False,False,False,False,0.12342717915281544,0.12146598950294069,False,False,False,False,-2569.0,-1340.8055363042336,False,False,False,False,381.74437289051394,False,False,False,False
2025-07-22 16:00:00+00:00,20.8,20.8,20.8,20.8,0.0,,,,,,,,,,,,,,,,,20.746286125277884,20.927818838361507,20.899921933719206,20.895457802977702,20.664754168587418,20.510726768741524,20.5096925056904,20.41145139779276,20.04521808356546,20.043103361417355,19.861997950294665,19.400202190538106,,,,20.899921933719206,20.510726768741524,20.04521808356546,,20.40971926058033,#000000,0.20718127589384638,20.695043781544257,0.50659123515351,51.3494417969983,-5.007907269237144,True,False,False,False,True,0.0,0.0,0.0,0.0,0.0,0,1.0813226094727437,0.83467381590706,False,False,False,False,0.10691340886364166,0.11418969918329117,False,False,False,False,-2569.0,-1359.8473109351758,False,False,False,False,375.8258554813587,False,False,False,False
2025-07-22 17:00:00+00:00,20.73,20.73,20.72,20.72,200.0,,,,,,,,,,,,,,,,,20.74461622408148,20.926437226219832,20.899104753310652,20.894664785379707,20.66491737129751,20.51117855599708,20.510146008901344,20.412017575708074,20.046144920009045,20.044032459638892,19.86309996588197,19.401610630914497,,,,20.899104753310652,20.51117855599708,20.046144920009045,,20.409830873111673,"rgba(239, 83, 80, 0.5)",0.20888522215790556,20.694741481036097,0.1209205644275211,47.74584840152705,-5.007907269237144,True,False,False,True,False,0.0,0.0,0.0,0.0,0.0,0,1.0792520035618878,0.8459483526268923,False,False,False,False,0.07170993932281543,0.09294981925305329,False,False,False,False,-2769.0,-1381.6946394478086,False,False,False,False,373.09987322583373,False,False,False,False
2025-07-22 18:00:00+00:00,20.72,20.76,20.72,20.74,200.0,,,,,,,,,,,,,,,,,20.74430315361139,20.925186011655086,20.89837187252892,20.893955476572646,20.665125971819,20.511663768669113,20.51063289485762,20.412611902885125,20.047091974967437,20.044981756554026,19.86422046170885,19.40303379836884,,,,20.89837187252892,20.511663768669113,20.047091974967437,,20.41009825368317,"rgba(239, 83, 80, 0.5)",0.21001126095914893,20.69457907973277,0.2162784988756615,46.4138753764576,-5.007907269237144,True,False,False,True,False,0.0,0.0,0.0,0.0,0.0,0,1.0936936936936934,0.8333333333333337,False,False,False,False,0.07873368722420186,0.08584175323862758,False,False,False,False,-2569.0,-1400.1024744951294,False,False,False,False,370.4161542610921,False,False,False,False
2025-07-22 19:00:00+00:00,20.74,20.79,20.73,20.77,1757.0,,,,,,,,,,,,,,,,,20.751408131463375,20.91617482096457,20.89311990880113,20.888896664976738,20.66746582772837,20.516266250325266,20.515249423793435,20.418107564569073,20.055578521685597,20.05348762790491,19.874201326366663,19.4156233923119,,,,20.89311990880113,20.516266250325266,20.055578521685597,,20.413798288407587,"rgba(239, 83, 80, 0.5)",0.21046565703866105,20.694589758564558,0.3583018840056634,47.091955211498465,-5.007907269237144,True,False,False,True,False,0.0,0.0,0.0,0.0,0.0,0,1.094727435210009,0.813226094727436,False,False,False,False,0.07873368610872239,0.08228771967367499,False,False,False,False,-812.0,-1390.9846066734995,False,False,False,False,391.9135782260364,False,False,False,False
2025-07-23 14:00:00+00:00,20.865,20.94,20.865,20.93,200.0,,,,,,,,,,,,,,,,,20.757941296371786,20.916146430295775,20.89320165579454,20.88899660573075,20.668126329835204,20.517087648229897,20.51607207955037,20.418986346532783,20.056731611061,20.054642763401446,19.875510620889276,19.41719781838848,,,,20.89320165579454,20.517087648229897,20.056731611061,,20.41505343384011,"rgba(38, 166, 154, 1.0)",0.2092263096471652,20.695453593239726,1.1210177494207465,53.280689215544825,-2.9100323843504654,True,False,True,False,True,2.634577711016476,0.0,0.0,0.0,0.0,0,1.0977973568281936,0.8149779735682823,False,False,False,False,0.13734249636139542,0.1098151080175352,False,False,False,False,-612.0,-1378.9073259498791,False,False,False,False,388.93817391245443,False,False,False,False
2025-07-23 15:00:00+00:00,20.93,20.93,20.93,20.93,0.0,,,,,,,,,,,,,,,,,20.757941296371786,20.916146430295775,20.89320165579454,20.88899660573075,20.668126329835204,20.517087648229897,20.51607207955037,20.418986346532783,20.056731611061,20.054642763401446,19.875510620889276,19.41719781838848,,,,20.89320165579454,20.517087648229897,20.056731611061,,20.41505343384011,"rgba(38, 166, 154, 1.0)",0.20791164530197764,20.695453593239726,1.1281061549948803,57.406511884909065,0.9332388624059291,True,False,True,False,True,2.634577711016476,0.0,0.0,0.0,0.0,0,1.0944741532976827,0.82620320855615,False,False,False,False,0.12806391687460428,0.11893951244606973,False,False,False,False,-612.0,-1367.0172898886406,False,False,False,False,382.9081247045094,False,False,False,False
2025-07-23 16:00:00+00:00,20.93,21.0,20.93,20.975,300.0,,,,,,,,,,,,,,,,,20.770065309258545,20.916634797346475,20.893695120705253,20.8895155195093,20.669339385449792,20.518489395116056,20.517475527971726,20.420449606965715,20.058569690696732,20.05648382980155,19.87757544648576,19.419642566314504,,,,20.893695120705253,20.518489395116056,20.058569690696732,,20.417328016301784,"rgba(38, 166, 154, 1.0)",0.20640319590355827,20.697178904783023,1.3460115963843424,61.37288866532261,4.581075975209231,True,False,True,False,True,4.383938875257023,0.0,0.0,0.0,0.0,0,1.0863970588235297,0.8511029411764712,False,False,False,False,0.12376232952021822,0.12135092098314398,False,False,False,False,-312.0,-1350.6604326810648,False,False,False,False,381.62272742226895,False,False,False,False
2025-07-23 17:00:00+00:00,20.975,21.04,20.975,21.04,2746.0,,,,,,,,,,,,,,,,,20.85579770288397,20.92465870781136,20.900763323833516,20.896792044651974,20.681786942027113,20.532308944399137,20.531309180153087,20.43467975164827,20.07596212901128,20.073902687005543,19.896969100375816,19.44237822109667,,,,20.900763323833516,20.532308944399137,20.07596212901128,,20.437275727908148,"rgba(38, 166, 154, 1.0)",0.20643095392567004,20.713517048747516,1.5815600569769235,65.52309926676855,8.38407263684455,True,False,True,False,True,6.813466056867682,0.0,0.0,0.0,0.0,0,1.0502283105022834,0.8502283105022835,False,False,False,False,0.14943579100146942,0.1353933559923067,False,False,False,False,2434.0,-1291.9835267480248,False,False,False,False,418.27973940021826,False,False,False,False
2025-07-23 18:00:00+00:00,21.04,21.095,21.035,21.095,3020.0,,,,,,,,,,,,,,,,,20.91613227609673,20.936662480611957,20.910992217772762,20.907215379053444,20.696628879723377,20.54832331779704,20.547337394207396,20.45101307217146,20.09548367755407,20.093451955262736,19.918590520411097,19.467519942141028,,,,20.910992217772762,20.54832331779704,20.09548367755407,,20.457445926066924,"rgba(38, 166, 154, 1.0)",0.20676839983685708,20.731184304768053,1.7595323826996816,69.36221542257853,11.902621320791688,True,False,True,False,True,8.780568500774837,0.0,0.0,0.0,0.0,0,1.0551038843721774,0.8419150858175253,False,False,False,False,0.18659742952120298,0.16099539275675484,False,False,False,False,5454.0,-1187.3946348604584,False,False,False,False,458.6164876265714,False,False,False,True
2025-07-23 19:00:00+00:00,21.095,21.1,21.095,21.095,2620.0,,,,,,,,,,,,,,,,,20.950932165979985,20.947027700853855,20.919990535557936,20.91636440995582,20.709313122756072,20.562010873880137,20.56103650894877,20.464991722720793,20.112173033364744,20.11016465209736,19.937054890536,19.488998258935542,,,,20.919990535557936,20.562010873880137,20.112173033364744,,20.47333815629892,"rgba(38, 166, 154, 1.0)",0.20688705192006449,20.74527041548202,1.6904372761476782,71.92162619311851,14.299311596356944,True,False,True,False,True,8.780568500774816,0.0,0.0,0.0,0.0,0,1.0662431941923776,0.8457350272232307,False,False,False,False,0.2088073826726508,0.18490138771470283,False,False,False,False,5454.0,-1084.4272761804511,False,False,False,False,492.1263095238339,False,False,False,True
2025-07-24 14:00:00+00:00,21.095,21.095,21.095,21.095,0.0,,,,,,,,,,,,,,,,,20.950932165979985,20.947027700853855,20.919990535557936,20.91636440995582,20.709313122756072,20.562010873880137,20.56103650894877,20.464991722720793,20.112173033364744,20.11016465209736,19.937054890536,19.488998258935542,,,,20.919990535557936,20.562010873880137,20.112173033364744,,20.47333815629892,"rgba(38, 166, 154, 1.0)",0.20716225090040255,20.74527041548202,1.6881916613568593,73.62790004014516,16.035709525767544,True,False,True,False,True,8.780568500774816,0.0,0.0,0.0,0.0,0,1.061762034514078,0.8465031789282477,False,False,False,False,0.20703174922331397,0.1959665684690084,False,False,False,False,5454.0,-983.0563106582737,False,False,False,False,484.4964442598985,False,False,False,True
2025-07-24 15:00:00+00:00,21.095,21.11,21.07,21.07,474.0,,,,,,,,,,,,,,,,,20.95539385752879,20.948606684914544,20.921410230551068,20.91781055664175,20.71144642054936,20.564354562842823,20.563382353405665,20.467404256661844,20.115093056595178,20.113088877618967,19.940296036475655,19.492791950924442,,,,20.921410230551068,20.564354562842823,20.115093056595178,,20.475923237059174,"rgba(38, 166, 154, 1.0)",0.20711010258922125,20.77863511644267,1.4068115457178842,72.87339813105825,16.035709525767544,True,False,True,False,True,7.6293394611019885,0.0,0.0,0.0,0.0,0,1.0617620345140786,0.8455949137148049,False,False,False,False,0.1950102673512966,0.19548841791015248,False,False,False,False,4980.0,-890.6058252217113,False,False,False,False,484.3337086899776,False,False,False,False
2025-07-24 16:00:00+00:00,21.07,21.08,21.03,21.03,30.0,,,,,,,,,,,,,,,,,20.955588110102155,20.9486785272378,20.921479095651744,20.917881153703327,20.711567389194965,20.56449175871932,20.563519695606182,20.467547263231243,20.115270301123847,20.11326639201397,19.940493995041777,19.49302592943941,,,,20.921479095651744,20.56449175871932,20.115270301123847,,20.47606746758881,"rgba(38, 166, 154, 0.75)",0.2069658108161105,20.778638486319178,1.2145074236640878,69.58506260613542,16.035709525767544,True,False,True,False,False,5.816283476796372,0.0,0.0,0.0,0.0,0,1.047358834244081,0.8606557377049182,False,False,False,False,0.16316058966756228,0.1793245037888574,False,False,False,False,4950.0,-800.0537969237002,False,False,False,False,477.28977522191593,False,False,False,False
2025-07-24 17:00:00+00:00,21.03,21.06,21.03,21.06,20.0,,,,,,,,,,,,,,,,,20.95572187588552,20.94872799095229,20.92152618498027,20.91792939250658,20.7116487881922,20.564583811284383,20.56361184511689,20.467643110248105,20.11538884943184,20.113385119934115,19.940626325634483,19.493182210556437,,,,20.92152618498027,20.564583811284383,20.11538884943184,,20.476164625393594,"rgba(38, 166, 154, 0.75)",0.20658963981575296,20.778655188755835,1.3618534380285554,68.50149397159316,16.035709525767544,True,False,True,False,False,6.9588558768468864,0.0,0.0,0.0,0.0,0,1.0371713508612883,0.8658204895738894,False,False,False,False,0.15497892449276654,0.16715171414081198,False,False,False,False,4970.0,-710.5955985217824,False,False,False,False,470.200011264987,False,False,False,False
2025-07-24 18:00:00+00:00,21.06,21.06,21.06,21.06,0.0,,,,,,,,,,,,,,,,,20.95572187588552,20.94872799095229,20.92152618498027,20.91792939250658,20.7116487881922,20.564583811284383,20.56361184511689,20.467643110248105,20.11538884943184,20.113385119934115,19.940626325634483,19.493182210556437,,,,20.92152618498027,20.564583811284383,20.11538884943184,,20.476164625393594,"rgba(38, 166, 154, 0.75)",0.20666315021691914,20.778655188755835,1.361369024660938,67.77911488189832,16.035709525767544,True,False,True,False,False,6.9588558768468864,0.0,0.0,0.0,0.0,0,1.0417044424297377,0.8658204895738894,False,False,False,False,0.16506457903935498,0.1661081465900835,False,False,False,False,4970.0,-622.5243489322975,False,False,False,False,462.91008860971584,False,False,False,False
2025-07-24 19:00:00+00:00,21.06,21.065,21.025,21.045,400.0,,,,,,,,,,,,,,,,,20.958182006062273,20.949658874814673,20.922424405000054,20.91885057783738,20.71324464817165,20.56639867151469,20.565428661288546,20.469537046149142,20.117740866309102,20.11574073137586,19.94325442578349,19.496291240301932,,,,20.922424405000054,20.56639867151469,20.117740866309102,,20.478062679550735,"rgba(38, 166, 154, 0.75)",0.2065056332803051,20.779371622053816,1.2863008806429468,66.10718034423331,16.035709525767544,True,False,True,False,False,6.260180438782005,0.0,0.0,0.0,0.0,0,1.0351985559566792,0.8682310469314075,False,False,False,False,0.1491609292716297,0.15763453793085658,False,False,False,False,4570.0,-542.0200954604788,False,False,False,False,461.9347383987125,False,False,False,False
2025-07-25 14:00:00+00:00,21.06,21.08,21.04,21.04,215.0,,,,,,,,,,,,,,,,,20.95957074649831,20.950194911382056,20.922934276552954,20.919372562824947,20.714117513638705,20.567385391140434,20.56641641556811,20.470564578847846,20.119011481619538,20.117013267260088,19.944672513299523,19.497966166002904,,,,20.922934276552954,20.567385391140434,20.119011481619538,,20.47910165205295,"rgba(38, 166, 154, 0.75)",0.20576817183535442,20.780077571229118,1.2631809208027498,64.57856469225015,20.52197860256689,True,False,True,False,False,6.025242800077301,0.0,0.0,0.0,0.0,0,1.0360360360360366,0.8711711711711715,False,False,False,False,0.15898175565735667,0.15830814679410662,False,False,False,False,4355.0,-466.09730328279704,False,False,False,False,458.1062928421433,False,False,False,False
2025-07-25 15:00:00+00:00,21.04,21.04,21.01,21.02,221.0,,,,,,,,,,,,,,,,,20.96051319778848,20.9505815631678,20.92333462644196,20.919785691594885,20.71493114259635,20.56833312954794,20.567365275650484,20.47156284559357,20.120272142743023,20.118275925470666,19.94608706230012,19.499650946995263,,,,20.92333462644196,20.56833312954794,20.120272142743023,,20.480057795824212,"rgba(38, 166, 154, 0.75)",0.20496521348429417,20.780468298275164,1.168645633339096,61.88269908653353,17.65859517997984,True,False,True,False,False,5.080237841984182,0.0,0.0,0.0,0.0,0,1.0269058295964135,0.8789237668161435,False,False,False,False,0.09153129801633161,0.12491972240521912,False,False,False,False,4134.0,-394.77796524740484,False,False,False,False,454.43022628645116,False,False,False,False
2025-07-25 16:00:00+00:00,21.02,21.065,21.02,21.065,0.0,,,,,,,,,,,,,,,,,20.96051319778848,20.9505815631678,20.92333462644196,20.919785691594885,20.71493114259635,20.56833312954794,20.567365275650484,20.47156284559357,20.120272142743023,20.118275925470666,19.94608706230012,19.499650946995263,,,,20.92333462644196,20.56833312954794,20.120272142743023,,20.480057795824212,"rgba(38, 166, 154, 0.75)",0.20471452326583872,20.780468298275164,1.3898950459677437,62.572423869517515,17.65859517997984,True,False,True,False,False,6.9036875228974885,0.0,0.0,0.0,0.0,0,1.0294930875576043,0.8921658986175115,False,False,False,False,0.10484283243273969,0.11488127741897941,False,False,False,False,4134.0,-324.564353383104,False,False,False,False,447.38479642154493,False,False,False,False
2025-07-25 17:00:00+00:00,21.065,21.075,21.065,21.07,0.0,,,,,,,,,,,,,,,,,20.96051319778848,20.9505815631678,20.92333462644196,20.919785691594885,20.71493114259635,20.56833312954794,20.567365275650484,20.47156284559357,20.120272142743023,20.118275925470666,19.94608706230012,19.499650946995263,,,,20.92333462644196,20.56833312954794,20.120272142743023,,20.480057795824212,"rgba(38, 166, 154, 0.75)",0.203965374203068,20.780468298275164,1.4195139878819765,63.284398461179194,17.65859517997984,True,False,True,False,False,7.104442635234307,0.0,0.0,0.0,0.0,0,1.020239190432384,0.8877644894204234,False,False,False,False,0.13132526062769187,0.12310326902333564,False,False,False,False,4134.0,-255.43932464848223,False,False,False,False,440.44859802741246,False,False,False,False
2025-07-25 18:00:00+00:00,21.07,21.07,21.05,21.07,324.0,,,,,,,,,,,,,,,,,20.962693986209306,20.951448719774657,20.924148309594703,20.920617152630037,20.716269974934974,20.569836998140246,20.568870673099443,20.473125492401405,20.122195594332837,20.120202248015712,19.948230942806227,19.50217889225417,,,,20.924148309594703,20.569836998140246,20.122195594332837,,20.481651582016145,"rgba(38, 166, 154, 0.75)",0.2028311328874152,20.78179836305581,1.4208944792718867,63.75904818895365,17.65859517997984,True,False,True,False,False,7.104442635234307,0.0,0.0,0.0,0.0,0,1.018348623853212,0.8889908256880734,False,False,False,False,0.12167601015166395,0.1223896395874998,False,False,False,False,4134.0,-187.38600178571505,False,False,False,False,438.6431934068324,False,False,False,False
2025-07-25 19:00:00+00:00,21.07,21.07,21.03,21.03,583.0,,,,,,,,,,,,,,,,,20.965658406372825,20.952702933670484,20.92538186369365,20.921882961783435,20.71851596640636,20.572411403737828,20.571447929089643,20.475822024480664,20.125563799739528,20.123575647599132,19.95199913435245,19.506649095836078,,,,20.92538186369365,20.572411403737828,20.125563799739528,,20.484300930563506,"rgba(38, 166, 154, 0.75)",0.20205324425368046,20.78363966794722,1.2192842186858053,60.2956452886107,15.034768011090776,True,False,True,False,False,5.136505350844274,0.0,0.0,0.0,0.0,0,1.0145719489981795,0.8888888888888891,False,False,False,False,0.11204925467816798,0.11721944713283389,False,False,False,False,3551.0,-129.42652888981246,False,False,False,False,440.8812834315326,False,False,False,False
2025-07-28 14:00:00+00:00,21.03,21.03,20.93,20.985,201.0,,,,,,,,,,,,,,,,,20.965858758821085,20.95283859992543,20.92558199186272,20.922094814971523,20.719137523796103,20.573177121633822,20.572214735869704,20.476645422004832,20.126641704251256,20.12465538576472,19.953219213076242,19.50812266915843,,,,20.92558199186272,20.573177121633822,20.126641704251256,,20.485015661761324,"rgba(38, 166, 154, 0.75)",0.20129338545255568,20.783816616485996,0.9994535243256739,54.757402256958954,9.809294114711712,True,False,True,False,False,2.9905868130864732,0.0,0.0,0.0,0.0,0,0.9964221824686949,0.8980322003577819,False,False,False,False,0.045138491040943515,0.08117896908688871,False,False,False,False,3350.0,-75.48193154268358,False,False,False,False,437.16219376592744,False,False,False,False
2025-07-28 15:00:00+00:00,20.985,21.0,20.97,20.97,415.0,,,,,,,,,,,,,,,,,20.966214972180072,20.953098760588084,20.925978575818768,20.922515401848216,20.720403505899696,20.574742637513445,20.57378250142049,20.478331436596537,20.12885434173672,20.12687180255673,19.95572508811343,19.511152395029406,,,,20.925978575818768,20.574742637513445,20.12885434173672,,20.486472618275133,#000000,0.20051427124495969,20.78427908151436,0.9262229432973983,50.13724917702564,5.649252915036129,False,False,False,False,False,2.2866398692334506,0.0,0.0,0.0,0.0,0,1.0125673249551175,0.9030520646319572,False,False,False,False,-5.5932193951748096e-08,0.04058945657734738,False,False,False,False,2935.0,-28.807793069153604,False,False,False,False,436.81859386257975,False,False,False,False
2025-07-28 16:00:00+00:00,20.97,20.97,20.94,20.945,215.0,,,,,,,,,,,,,,,,,20.96602756141402,20.953091689250222,20.926075198273846,20.922624685416697,20.720983498195853,20.57549258584045,20.574533664943896,20.479151398199484,20.129958133150332,20.12797757047811,19.95698273043545,19.512686929895416,,,,20.926075198273846,20.57549258584045,20.129958133150332,,20.48713213712448,"rgba(239, 83, 80, 0.5)",0.19875513478531362,20.784362820226768,0.8082165019119898,45.60195826529382,1.6414825483220241,False,False,False,True,False,1.1181932271574873,0.0,0.0,0.0,0.0,0,1.0027906976744194,0.9358139534883717,False,False,False,False,-0.033571979338617,0.003508738619365192,False,False,False,False,2720.0,13.809382017189861,False,False,False,False,433.379545895718,False,False,False,False
2025-07-28 17:00:00+00:00,20.945,20.96,20.945,20.96,300.0,,,,,,,,,,,,,,,,,20.965832842848734,20.95310474735033,20.9262262153382,20.92279315767867,20.72179956913254,20.57654328051508,20.575586043266735,20.480298832374164,20.131499595192153,20.129521780804037,19.958738144515273,19.514827633121758,,,,20.9262262153382,20.57654328051508,20.131499595192153,,20.48806432017814,"rgba(239, 83, 80, 1.0)",0.19689366957076596,20.78457192901532,0.890978726574186,44.00035049599229,0.29606773344086434,False,True,False,True,False,1.7957812850518522,0.0,0.0,0.0,0.0,0,0.9775700934579451,0.9448598130841119,False,False,False,False,-0.03637201261836559,-0.016431636999500197,False,False,False,False,3020.0,60.41698849754351,False,False,False,False,431.3116459593503,False,False,False,False
2025-07-28 18:00:00+00:00,20.96,20.96,20.93,20.93,100.0,,,,,,,,,,,,,,,,,20.96568168519602,20.953074924521715,20.92625014477646,20.9228229525607,20.722052913493105,20.576878390298024,20.575921726127422,20.480668034674043,20.132002800771794,20.130025906735774,19.95931312172476,19.515532372037374,,,,20.92625014477646,20.576878390298024,20.132002800771794,,20.48835208107643,"rgba(239, 83, 80, 1.0)",0.1936724270745173,20.78460683753397,0.7507168917240198,41.1462543350531,-2.3604840100733213,False,True,False,True,False,0.3848169371828618,0.0,0.0,0.0,0.0,0,0.9674115456238367,0.9450651769087521,False,False,False,False,-0.04477571015588034,-0.03060367357769027,False,False,False,False,2920.0,104.75160883091493,False,False,False,False,426.17503129331385,False,False,False,False
2025-07-28 19:00:00+00:00,20.93,20.93,20.91,20.91,400.0,,,,,,,,,,,,,,,,,20.964560701353154,20.952746493166746,20.926184006211177,20.92278060566456,20.722952570266283,20.578126934842317,20.57717263680222,20.482064213206105,20.133951428985352,20.13197824436877,19.9615517466479,19.518298310031085,,,,20.926184006211177,20.578126934842317,20.133951428985352,,20.489363990962143,"rgba(239, 83, 80, 1.0)",0.19034444832706474,20.784529408485,0.6591765224452836,38.18411790132088,-5.1597088394752575,False,True,False,True,False,0.0,0.0,0.0,0.0,0.0,0,0.9728464419475663,0.9503745318352059,False,False,False,False,-0.07284045919567046,-0.051722066386680365,False,False,False,False,2520.0,142.19732032190848,False,False,False,False,425.7692168546578,False,False,False,False
2025-07-29 14:00:00+00:00,20.91,20.91,20.86,20.86,140.0,,,,,,,,,,,,,,,,,20.96386273397618,20.952507044047774,20.926064687320707,20.92266985183533,20.72320087383272,20.578510383887313,20.57755695896999,20.482505984177255,20.13459642702068,20.13262455907608,19.962300083916972,19.519236192279816,,,,20.926064687320707,20.578510383887313,20.13459642702068,,20.4896363150284,"rgba(239, 83, 80, 1.0)",0.18709437807222423,20.784364218617252,0.4042653882071716,34.04334686747594,-9.04838627353248,False,True,False,True,False,0.0,0.0,0.0,0.0,0.0,0,0.9774011299435034,0.9444444444444442,False,False,False,False,-0.11233458975217174,-0.08202832806942606,False,False,False,False,2380.0,176.89193551071608,False,False,False,False,421.33868636078716,False,False,False,False
2025-07-29 15:00:00+00:00,20.86,20.86,20.76,20.84,495.0,,,,,,,,,,,,,,,,,20.959933793103453,20.951048721198237,20.925168671957216,20.921805333469415,20.723750597539485,20.579602109095777,20.57865199433059,20.483836637540794,20.136694536347076,20.134727417121972,19.964772834933076,19.522403917111912,,,,20.925168671957216,20.579602109095777,20.136694536347076,,20.490199713645755,"rgba(239, 83, 80, 1.0)",0.18376595965481335,20.799934068506367,0.2180269488913653,30.569150122066596,-12.29015411489641,False,True,False,True,False,0.0,0.0,0.0,0.0,0.0,0,0.9588014981273417,0.953183520599251,False,False,False,False,-0.1983226002801929,-0.14017546417480947,False,False,False,False,1885.0,203.37423108419335,False,False,False,False,422.4807222311626,False,False,False,False
2025-07-29 16:00:00+00:00,20.84,20.88,20.835,20.88,605.0,,,,,,,,,,,,,,,,,20.956867325146828,20.94990661518435,20.92455377252252,20.921226672952688,20.724724254094134,20.581170386046498,20.580224064344204,20.485664621514793,20.139409247735838,20.137447801538116,19.96793379995862,19.526388233505187,,,,20.92455377252252,20.581170386046498,20.139409247735838,,20.49129306621198,"rgba(239, 83, 80, 1.0)",0.18106770422535445,20.800565990892686,0.4386978309972419,32.263878530673495,-12.29015411489641,False,True,False,True,False,0.0,0.0,0.0,0.0,0.0,0,0.9630331753554509,0.9563981042654028,False,False,False,False,-0.1436062601316531,-0.14189086215323127,False,False,False,False,2490.0,238.82579339296555,False,False,False,False,425.3104784756407,False,False,False,False
2025-07-29 17:00:00+00:00,20.88,20.88,20.86,20.86,60.0,,,,,,,,,,,,,,,,,20.956579297498674,20.94979718972291,20.92449516256046,20.92117160911226,20.724821222541035,20.581325886521604,20.580379938750276,20.48584574631045,20.139677988544705,20.13771710295505,19.96824665479238,19.526782574156446,,,,20.92449516256046,20.581325886521604,20.139677988544705,,20.49140336445552,"rgba(239, 83, 80, 1.0)",0.17831670377946693,20.800574878416423,0.3332560569147248,32.426287425975914,-12.29015411489641,False,True,False,True,False,0.0,0.0,0.0,0.0,0.0,0,0.974261201143947,0.9551954242135369,False,False,False,False,-0.12936088972997944,-0.13562587594160536,False,False,False,False,2430.0,272.797486518656,False,False,False,False,419.6467501271812,False,False,False,False
2025-07-29 18:00:00+00:00,20.86,20.86,20.86,20.86,0.0,,,,,,,,,,,,,,,,,20.956579297498674,20.94979718972291,20.92449516256046,20.92117160911226,20.724821222541035,20.581325886521604,20.580379938750276,20.48584574631045,20.139677988544705,20.13771710295505,19.96824665479238,19.526782574156446,,,,20.92449516256046,20.581325886521604,20.139677988544705,,20.49140336445552,"rgba(239, 83, 80, 1.0)",0.1751535233921501,20.800574878416423,0.33927448579227054,32.5345600228442,-12.29015411489641,False,True,False,True,False,0.0,0.0,0.0,0.0,0.0,0,0.9750719079578148,0.9539789069990409,False,False,False,False,-0.14075273315492587,-0.1381893045482656,False,False,False,False,2430.0,306.2424867276691,False,False,False,False,413.14059896241866,False,False,False,False
2025-07-29 19:00:00+00:00,20.86,20.86,20.86,20.86,0.0,,,,,,,,,,,,,,,,,20.956579297498674,20.94979718972291,20.92449516256046,20.92117160911226,20.724821222541035,20.581325886521604,20.580379938750276,20.48584574631045,20.139677988544705,20.13771710295505,19.96824665479238,19.526782574156446,,,,20.92449516256046,20.581325886521604,20.139677988544705,,20.49140336445552,"rgba(239, 83, 80, 1.0)",0.1721330671100729,20.800574878416423,0.3452278088182553,32.60674175408972,-12.29015411489641,False,True,False,True,False,0.0,0.0,0.0,0.0,0.0,0,0.9712368168744011,0.9520613614573347,False,False,False,False,-0.14075273315492587,-0.13947101885159574,False,False,False,False,2430.0,339.16895980165873,False,False,False,False,406.7353183583501,False,False,False,False
2025-07-30 14:00:00+00:00,20.805,20.805,20.765,20.78,300.0,,,,,,,,,,,,,,,,,20.95385673127292,20.948710185306105,20.923784139243335,20.92047954567008,20.725020405924724,20.581874526596597,20.580930649396855,20.48655118355045,20.140865033503434,20.13890704003836,19.969662875036455,19.528628388998523,,,,20.923784139243335,20.581874526596597,20.140865033503434,,20.49160589204482,"rgba(239, 83, 80, 1.0)",0.16960853178417226,20.799092522176924,-0.11256817081123037,29.196825362003633,-15.06512827497481,False,True,False,True,False,0.0,0.0,0.0,0.0,0.0,0,0.9637750238322216,0.9647283126787413,False,False,False,False,-0.22757799635047365,-0.1835245076010347,False,False,False,False,2130.0,366.9337821303152,False,False,False,False,405.0805072210114,False,False,False,False
2025-07-30 15:00:00+00:00,20.78,20.78,20.78,20.78,624.0,,,,,,,,,,,,,,,,,20.948353708024758,20.94644941230368,20.922293355930695,20.919027632850234,20.725406957965276,20.582987480832653,20.582047900008696,20.48799146845374,20.143307378103323,20.141355382421548,19.972580902367024,19.53244021264237,,,,20.922293355930695,20.582987480832653,20.143307378103323,,20.49202014932533,"rgba(239, 83, 80, 1.0)",0.16619138538596276,20.79668889495931,-0.10041973547876996,26.923547767279576,-17.490423770740918,False,True,False,True,False,0.0,0.0,0.0,0.0,0.0,0,0.9586140519730517,0.9740134744947062,False,False,False,False,-0.23347376878044285,-0.2084991381907388,False,False,False,False,2130.0,394.268142097287,False,False,False,False,408.4746078842515,False,False,False,False
2025-07-30 16:00:00+00:00,20.78,20.835,20.78,20.835,0.0,,,,,,,,,,,,,,,,,20.948353708024758,20.94644941230368,20.922293355930695,20.919027632850234,20.725406957965276,20.582987480832653,20.582047900008696,20.48799146845374,20.143307378103323,20.141355382421548,19.972580902367024,19.53244021264237,,,,20.922293355930695,20.582987480832653,20.143307378103323,,20.49202014932533,"rgba(239, 83, 80, 0.75)",0.1632448280154789,20.79668889495931,0.23468495453380214,30.998551378305173,-17.490423770740918,False,True,False,True,True,0.0,0.0,0.0,0.0,0.0,0,0.9632850241545905,0.9632850241545892,False,False,False,False,-0.20123232019494944,-0.20486572919284413,False,False,False,False,2130.0,421.1787135376391,False,False,False,False,402.14166822713133,False,False,False,False
2025-07-30 17:00:00+00:00,20.835,20.835,20.835,20.835,0.0,,,,,,,,,,,,,,,,,20.948353708024758,20.94644941230368,20.922293355930695,20.919027632850234,20.725406957965276,20.582987480832653,20.582047900008696,20.48799146845374,20.143307378103323,20.141355382421548,19.972580902367024,19.53244021264237,,,,20.922293355930695,20.582987480832653,20.143307378103323,,20.49202014932533,"rgba(239, 83, 80, 0.75)",0.1598464916750778,20.79668889495931,0.23967435656058397,33.71522045232224,-22.057862204110137,False,True,False,True,True,0.0,0.0,0.0,0.0,0.0,0,0.9747817652764316,0.951503394762366,False,False,False,False,-0.1693985998981466,-0.18713216454549536,False,False,False,False,2130.0,447.6720668161253,False,False,False,False,395.90691368097424,False,False,False,False
2025-07-30 18:00:00+00:00,20.835,20.89,20.835,20.86,800.0,,,,,,,,,,,,,,,,,20.944973107796304,20.945017452743876,20.921498043202583,20.91827750987603,20.726624214609025,20.584980128050436,20.58404548011752,20.490328106761726,20.146809562405313,20.144864965822766,19.976666657092817,19.537611017370864,,,,20.921498043202583,20.584980128050436,20.146809562405313,,20.493474687154105,"rgba(239, 83, 80, 0.75)",0.15567993847369502,20.797004207475055,0.40464939248154025,37.76883878953136,-18.242865708602338,False,True,False,True,True,0.0,0.0,0.0,0.0,0.0,0,0.9750479846449145,0.9376199616122836,False,False,False,False,-0.13790148154143292,-0.16251682304346415,False,False,False,False,2930.0,486.157771206573,False,False,False,False,402.1719227711917,False,False,False,False
2025-07-30 19:00:00+00:00,20.86,20.86,20.8,20.8,404.0,,,,,,,,,,,,,,,,,20.942559438442174,20.94396015630451,20.9208300753676,20.91763274276403,20.72704357315429,20.585825711495247,20.584893670976182,20.4913658770973,20.148462889113166,20.146522071078678,19.978619253935797,19.540125322527167,,,,20.9208300753676,20.585825711495247,20.148462889113166,,20.49398673185468,"rgba(239, 83, 80, 0.75)",0.15147761705413507,20.796467871506184,0.023317824524226788,36.955889708163326,-18.242865708602338,False,True,False,True,True,0.0,0.0,0.0,0.0,0.0,0,0.9680851063829795,0.9622823984526111,False,False,False,False,-0.17515948985083676,-0.16883815644715044,False,False,False,False,2526.0,517.783232118099,False,False,False,False,402.2002650538089,False,False,False,False
2025-07-31 14:00:00+00:00,20.84,20.94,20.84,20.845,1036.0,,,,,,,,,,,,,,,,,20.93937133703805,20.942496346077665,20.92006947114357,20.916927360323665,20.728728148262125,20.588469345734467,20.587543487652418,20.49443789162339,20.153009945590256,20.151078549161927,19.983909955846762,19.546803208895295,,,,20.92006947114357,20.588469345734467,20.153009945590256,,20.496070420612465,"rgba(239, 83, 80, 0.75)",0.14647057940269723,20.81468873025343,0.20694442440371139,39.9158706443373,-16.14103529852892,False,True,False,True,True,0.0,0.0,0.0,0.0,0.0,0,0.949038461538462,0.9605769230769227,False,False,False,False,-0.1066740179056487,-0.1377560871763996,False,False,False,False,3562.0,564.9803913100665,False,False,False,False,412.0266175335948,False,False,False,False
2025-07-31 15:00:00+00:00,20.845,20.845,20.74,20.775,200.0,,,,,,,,,,,,,,,,,20.93799276278174,20.941860384442716,20.91964342743995,20.916512616413268,20.728855217562952,20.58881852135691,20.587893985666053,20.49488894548374,20.153774612732878,20.151845089135882,19.984823606961655,19.547999462912856,,,,20.91964342743995,20.58881852135691,20.153774612732878,,20.49624238607422,"rgba(239, 83, 80, 0.75)",0.14112284598033542,20.813508037920847,-0.2728689154002375,38.50709664280734,-16.14103529852892,False,True,False,True,True,0.0,0.0,0.0,0.0,0.0,0,0.9320574162679431,0.9751196172248806,False,False,False,False,-0.21876327851964678,-0.17825968284802318,False,False,False,False,3362.0,608.3450364060344,False,False,False,False,408.73938315322897,False,False,False,False
2025-07-31 16:00:00+00:00,20.775,20.85,20.775,20.85,200.0,,,,,,,,,,,,,,,,,20.93698182279085,20.94138540015445,20.919342130396018,20.916222169324758,20.72906561843488,20.589233884086774,20.588310607990774,20.495397685242274,20.15458363968006,20.15265595795216,19.98577875988823,19.54923036019234,,,,20.919342130396018,20.589233884086774,20.15458363968006,,20.496515669677795,"rgba(239, 83, 80, 0.75)",0.13610879326309483,20.81304733363102,0.27149360069304246,42.082970383156734,-13.979905055471335,False,True,False,True,True,0.0,0.0,0.0,0.0,0.0,0,0.9473684210526319,0.9684210526315784,False,False,False,False,-0.1954161914413316,-0.1868379371446774,False,False,False,False,3562.0,654.1381366167935,False,False,False,False,405.50311364697734,False,False,False,False
2025-07-31 17:00:00+00:00,20.85,20.85,20.76,20.76,200.0,,,,,,,,,,,,,,,,,20.935678445804147,20.94077257822936,20.918931676821522,20.915822826860705,20.729198674556738,20.58958634340739,20.588664377654805,20.49585100326215,20.155348584074726,20.153422766037256,19.986691999053722,19.550425182924002,,,,20.918931676821522,20.58958634340739,20.155348584074726,,20.49669953822388,"rgba(239, 83, 80, 0.75)",0.13378441714266667,20.812232317671565,-0.39042153628298604,40.83353711730048,-13.979905055471335,False,True,False,True,True,0.0,0.0,0.0,0.0,0.0,0,0.9391634980988606,0.9705323193916348,False,False,False,False,-0.2041454062022072,-0.19549167167344228,False,False,False,False,3362.0,696.120491087851,False,False,False,False,402.31701886175284,False,False,False,False
2025-07-31 18:00:00+00:00,20.76,20.76,20.665,20.74,561.0,,,,,,,,,,,,,,,,,20.930484389645972,20.93831258630696,20.917191240072338,20.91411494919718,20.729152821937436,20.590233569756474,20.58931555307315,20.496821475903396,20.15725448673728,20.15533401481271,19.989025634930535,19.553580333762312,,,,20.917191240072338,20.590233569756474,20.15725448673728,,20.49673508801131,"rgba(239, 83, 80, 1.0)",0.1314877447785927,20.80845623340712,-0.5206282419885843,39.33043165867429,-13.979905055471335,False,True,False,True,False,0.0,0.0,0.0,0.0,0.0,0,0.9119617224880389,1.010526315789473,False,False,False,False,-0.3148363768166115,-0.2551640242450269,False,False,False,False,2801.0,728.7542819236983,False,False,False,False,404.77722011971014,False,False,False,False
2025-07-31 19:00:00+00:00,20.74,20.75,20.72,20.72,508.0,,,,,,,,,,,,,,,,,20.926173079908,20.93621604754829,20.915707565568777,20.912659993155366,20.729157466463782,20.590851015722833,20.589936514556474,20.49772539967188,20.1589946153279,20.15707894506145,19.991149944881524,19.556443052628225,,,,20.915707565568777,20.590851015722833,20.1589946153279,,20.496841136707875,"rgba(239, 83, 80, 1.0)",0.12962610820302287,20.80598044267887,-0.6632957192867845,37.65378205552477,-13.979905055471335,False,True,False,True,False,0.0,0.0,0.0,0.0,0.0,0,0.9035339063992361,1.0105062082139444,False,False,False,False,-0.2873142994182414,-0.2712391618316341,False,False,False,False,2293.0,753.0061535217804,False,False,False,False,406.37757329614874,False,False,False,False
2025-08-01 14:00:00+00:00,20.205,20.23,20.2,20.23,200.0,,,,,,,,,,,,,,,,20.22,20.920244581566834,20.933389343857915,20.913543387304987,20.910511677315295,20.72806086516407,20.590207132439755,20.589294776162557,20.497302182940313,20.15906749978597,20.157154073782227,19.99140795817974,19.55707815690404,,,,20.913543387304987,20.590207132439755,20.15906749978597,,20.474404741184898,"rgba(239, 83, 80, 1.0)",0.1461842906976735,20.785041291511053,-3.7968600378473236,29.611717942027397,-14.2038977163932,False,True,False,True,False,0.0,0.0,0.0,0.0,0.0,0,0.9100436681222713,1.0131004366812226,True,False,False,False,-0.34282825441539394,-0.30703370812351405,False,False,False,False,2093.0,773.7812519167916,True,False,False,False,403.17792099698363,False,False,False,False
2025-08-01 15:00:00+00:00,20.23,20.26,20.23,20.26,100.0,,,,,,,,,,,,,,,,20.23,20.91744290710474,20.932043426883308,20.91251292842389,20.909488960113954,20.72754660556578,20.58991204940499,20.58900073950823,20.497113898511564,20.15912178687349,20.15720947045185,19.991553648761855,19.557409603303686,,,,20.91251292842389,20.58991204940499,20.15912178687349,,20.474642771146723,"rgba(239, 83, 80, 1.0)",0.15864198460437715,20.783144686146784,-3.2976433536897902,25.404545813047157,-17.931607004426787,False,True,False,True,False,0.0,0.0,0.0,0.0,0.0,0,0.9130434782608702,1.0060869565217392,False,False,False,False,-0.3221043585880945,-0.3145690333558043,False,False,False,False,2193.0,795.784643359942,False,False,False,False,398.47748811330945,False,False,False,False
2025-08-01 16:00:00+00:00,20.26,20.26,20.26,20.26,0.0,,,,,,,,,,,,,,,,20.23,20.91744290710474,20.932043426883308,20.91251292842389,20.909488960113954,20.72754660556578,20.58991204940499,20.58900073950823,20.497113898511564,20.15912178687349,20.15720947045185,19.991553648761855,19.557409603303686,,,,20.91251292842389,20.58991204940499,20.15912178687349,,20.474642771146723,"rgba(239, 83, 80, 1.0)",0.17168082684517616,20.783144686146784,-3.047193421421255,22.599764393726996,-20.415607950910115,False,True,False,True,False,0.0,0.0,0.0,0.0,0.0,0,0.9164444444444453,1.0275555555555551,False,False,False,False,-0.31184285141009854,-0.3132059423829514,False,False,False,False,2193.0,817.4468969512608,False,False,False,False,392.2995425611651,False,False,False,False
2025-08-01 17:00:00+00:00,20.26,20.26,20.26,20.26,0.0,,,,,,,,,,,,,,,,20.23,20.91744290710474,20.932043426883308,20.91251292842389,20.909488960113954,20.72754660556578,20.58991204940499,20.58900073950823,20.497113898511564,20.15912178687349,20.15720947045185,19.991553648761855,19.557409603303686,,,,20.91251292842389,20.58991204940499,20.15912178687349,,20.474642771146723,"rgba(239, 83, 80, 1.0)",0.18413547695599466,20.783144686146784,-2.8410857852873472,20.72991011418022,-22.172562406101154,False,True,False,True,False,0.0,0.0,0.0,0.0,0.0,0,0.8990169794459343,1.0277033065236814,False,False,False,False,-0.31184285141009854,-0.312524396896525,False,False,False,False,2193.0,838.7733016496908,False,False,False,False,386.2173791106044,False,False,False,False
2025-08-01 18:00:00+00:00,20.26,20.32,20.25,20.29,700.0,,,,,,,,,,,,,,,,20.269666666666666,20.899510755526677,20.923267055204793,20.905782675044417,20.90281082143659,20.724251573938645,20.588081994160518,20.58717775557317,20.49599827079153,20.159652582494587,20.157747907531327,19.992712942074384,19.559843241482337,,,,20.905782675044417,20.588081994160518,20.159652582494587,,20.474346480148125,"rgba(239, 83, 80, 1.0)",0.1942785220864174,20.77121834139518,-2.47695080355372,20.975829301232974,-22.172562406101154,False,True,False,True,False,0.0,0.0,0.0,0.0,0.0,0,0.8981399468556246,1.0150575730735165,False,False,False,False,-0.2948795305024993,-0.3037019636995122,False,False,False,False,2893.0,870.6217775931065,False,False,False,False,391.08222594609884,False,False,False,False
2025-08-01 19:00:00+00:00,20.29,20.32,20.23,20.245,701.0,,,,,,,,,,,,,,,,20.267743484224965,20.88194670404886,20.914423042522742,20.898955477196495,20.896034957439817,20.720839868449875,20.586141170992835,20.58524402147389,20.49477842395754,20.16008980446489,20.15819277369832,19.993779898823348,19.56219196589076,,,,20.898955477196495,20.586141170992835,20.16008980446489,,20.470797045629563,"rgba(239, 83, 80, 1.0)",0.20534468934301797,20.758865131236504,-2.502451526165927,20.542772029818853,-22.899581131143133,False,True,False,True,False,0.0,0.0,0.0,0.0,0.0,0,0.8927637314734093,1.014821272885789,False,False,False,False,-0.3016445784109947,-0.30267327105525343,False,False,False,False,2192.0,891.1082616614303,False,False,False,False,395.8871526756167,False,False,False,False
2025-08-04 14:00:00+00:00,20.245,20.245,20.245,20.245,0.0,,,,,,,,,,,,,,,,20.267743484224965,20.88194670404886,20.914423042522742,20.898955477196495,20.896034957439817,20.720839868449875,20.586141170992835,20.58524402147389,20.49477842395754,20.16008980446489,20.15819277369832,19.993779898823348,19.56219196589076,,,,20.898955477196495,20.586141170992835,20.16008980446489,,20.470797045629563,"rgba(239, 83, 80, 1.0)",0.2156140403924433,20.758865131236504,-2.3832637721606975,20.25406718220944,-23.647530870135405,False,True,False,True,False,0.0,0.0,0.0,0.0,0.0,0,0.8953792502179603,1.027898866608544,False,False,False,False,-0.3221043585880945,-0.31238881482167397,False,False,False,False,2192.0,911.2771258217182,False,False,False,False,389.74936736281643,False,False,False,False
2025-08-04 15:00:00+00:00,20.245,20.245,20.245,20.245,0.0,,,,,,,,,,,,,,,,20.267743484224965,20.88194670404886,20.914423042522742,20.898955477196495,20.896034957439817,20.720839868449875,20.586141170992835,20.58524402147389,20.49477842395754,20.16008980446489,20.15819277369832,19.993779898823348,19.56219196589076,,,,20.898955477196495,20.586141170992835,20.16008980446489,,20.470797045629563,"rgba(239, 83, 80, 1.0)",0.22519561066549112,20.758865131236504,-2.281861221530673,20.061597283803163,-24.35860658709229,False,True,False,True,False,0.0,0.0,0.0,0.0,0.0,0,0.8953792502179603,1.027898866608544,False,False,False,False,-0.3221043585880945,-0.31724658670488426,False,False,False,False,2192.0,931.1332944136295,False,False,False,False,383.7067415122301,False,False,False,False
2025-08-04 16:00:00+00:00,20.245,20.48,20.245,20.48,953.0,,,,,,,,,,,,,,,,20.315832705350417,20.864528167852747,20.905225488904364,20.891855289376295,20.88899660880217,20.71764863872424,20.584646821821398,20.58375820268488,20.494114727858857,20.1614451960571,20.159558013054383,19.995941257802905,19.56597610218183,,,,20.891855289376295,20.584646821821398,20.1614451960571,,20.47150209388243,"rgba(239, 83, 80, 0.75)",0.22815578682778115,20.751164558093187,-1.1885061600382272,30.18370922164959,-25.85319853220303,False,True,False,True,True,0.0,0.0,0.0,0.0,0.0,0,0.8994974874371864,0.9874371859296484,False,False,False,False,-0.24328012055321815,-0.2802633536290512,False,False,False,False,3145.0,965.4568092289221,False,False,False,False,392.53299358180794,False,False,False,False
2025-08-04 17:00:00+00:00,20.48,20.48,20.46,20.46,250.0,,,,,,,,,,,,,,,,20.328817722681357,20.86077857780123,20.903171503150425,20.890268693623092,20.887425160246863,20.716992064737795,20.5843966433693,20.583510118987085,20.49406349929203,20.16189376882396,20.160009096819955,19.996594687336913,19.567039923337628,,,,20.890268693623092,20.5843966433693,20.16189376882396,,20.471920112323662,"rgba(239, 83, 80, 0.75)",0.2312202841875274,20.749892917646726,-1.2537521033907735,36.337421092444814,-20.36593297817199,False,True,False,True,True,0.0,0.0,0.0,0.0,0.0,0,0.9357262103505847,0.9874791318864776,False,False,False,False,-0.17369789553961962,-0.2269806245843354,False,False,False,False,2895.0,995.3722075354505,False,False,False,False,390.3231797278264,False,False,False,False
2025-08-04 18:00:00+00:00,20.46,20.46,20.41,20.41,100.0,,,,,,,,,,,,,,,,20.332075011096315,20.859148232996578,20.902280490161246,20.889577750619747,20.8867404044307,20.716688583424805,20.584262969366193,20.583377308856072,20.49401322153343,20.162049328171015,20.16016567237798,19.99683335368134,19.567445859541763,,,,20.889577750619747,20.584262969366193,20.162049328171015,,20.471896783558243,"rgba(239, 83, 80, 0.5)",0.23535438106104203,20.74917984630118,-1.4411452413677726,38.973216091722506,-18.152108958726473,False,False,False,True,True,0.0,0.0,0.0,0.0,0.0,0,0.9279801324503314,0.9908940397350994,False,False,False,False,-0.19613906521363123,-0.21155984489898333,False,False,False,False,2795.0,1023.2734136201722,False,False,False,False,385.8220451584027,False,False,False,False
2025-08-04 19:00:00+00:00,20.41,20.415,20.41,20.415,0.0,,,,,,,,,,,,,,,,20.332075011096315,20.859148232996578,20.902280490161246,20.889577750619747,20.8867404044307,20.716688583424805,20.584262969366193,20.583377308856072,20.49401322153343,20.162049328171015,20.16016567237798,19.99683335368134,19.567445859541763,,,,20.889577750619747,20.584262969366193,20.162049328171015,,20.471896783558243,"rgba(239, 83, 80, 0.5)",0.23914896032633526,20.74917984630118,-1.3973711022835629,40.91762717049646,-16.387187412904545,False,False,False,True,True,0.0,0.0,0.0,0.0,0.0,0,0.9280397022332508,0.9983457402812245,False,False,False,False,-0.21066784106412179,-0.21111384298155256,False,False,False,False,2795.0,1050.742042866371,False,False,False,False,379.8403080241639,False,False,False,False
2025-08-05 14:00:00+00:00,20.415,20.45,20.415,20.45,136.0,,,,,,,,,,,,,,,,20.33667728237792,20.857009802089944,20.901103640150456,20.888664966112866,20.88583592884828,20.716293427695614,20.58409496721182,20.583210467555315,20.49395678851338,20.162269910318223,20.160387629418437,19.99716631361808,19.56800480572598,,,,20.888664966112866,20.58409496721182,20.162269910318223,,20.471898148433564,"rgba(239, 83, 80, 0.5)",0.24215498350432144,20.748284219267603,-1.2317905456704372,43.566096627915755,-13.826245618980437,True,False,False,True,True,0.0,0.0,0.0,0.0,0.0,0,0.9292763157894738,0.9925986842105267,False,False,False,False,-0.19774923464339875,-0.20443153881247567,False,False,False,False,2931.0,1079.8933290234816,False,False,False,False,376.0598381323164,False,False,False,False
2025-08-05 15:00:00+00:00,20.45,20.45,20.45,20.45,0.0,,,,,,,,,,,,,,,,20.33667728237792,20.857009802089944,20.901103640150456,20.888664966112866,20.88583592884828,20.716293427695614,20.58409496721182,20.583210467555315,20.49395678851338,20.162269910318223,20.160387629418437,19.99716631361808,19.56800480572598,,,,20.888664966112866,20.58409496721182,20.162269910318223,,20.471898148433564,"rgba(239, 83, 80, 0.5)",0.24507055428288205,20.748284219267603,-1.2171361024601017,45.33174293286196,-11.997487959289927,True,False,False,True,True,0.0,0.0,0.0,0.0,0.0,0,0.9350328947368421,0.9925986842105267,False,False,False,False,-0.1864988004592538,-0.19546516963586474,False,False,False,False,2931.0,1108.5926572556755,False,False,False,False,370.22945304499365,False,False,False,False
2025-08-05 16:00:00+00:00,20.45,20.49,20.45,20.49,2100.0,,,,,,,,,,,,,,,,20.392779898218826,20.82933698275762,20.885105836249963,20.876186111471686,20.87347680896764,20.711153376029532,20.582218599596334,20.581351095302995,20.493690367000532,20.166098614228105,20.164237045666198,20.00268584803273,19.576921580996892,,,,20.876186111471686,20.582218599596334,20.166098614228105,,20.471941704963005,#000000,0.24728276479712147,20.737713046005066,-1.0017400371930447,48.146813235451255,-9.13036418423713,True,False,False,False,True,0.0,0.0,0.0,0.0,0.0,0,0.9518581081081081,0.9856418918918923,False,False,False,False,-0.17369789553961962,-0.18458153258774218,False,False,False,False,5031.0,1169.4051741974479,False,False,False,False,397.04760105979994,False,False,False,False
2025-08-05 17:00:00+00:00,20.49,20.5,20.49,20.5,300.0,,,,,,,,,,,,,,,,20.398405535499396,20.8259148007178,20.883025469368324,20.874551027051346,20.871857837801706,20.7104981279892,20.582005663779466,20.58114049340142,20.493696904247667,20.166672706467626,20.164814040183156,20.00349683145995,19.578209138279682,,,,20.874551027051346,20.582005663779466,20.166672706467626,,20.471868352018983,#000000,0.24927131641874115,20.73642772970627,-0.9484754728422329,50.4289804904139,-6.752012335606572,True,False,False,False,True,0.0,0.0,0.0,0.0,0.0,0,0.9616695059625217,0.9718909710391824,False,False,False,False,-0.15777514942418672,-0.17117834100596446,False,False,False,False,5331.0,1233.9260242098906,False,False,False,False,395.54298708988057,False,False,False,False
2025-08-05 18:00:00+00:00,20.5,20.5,20.44,20.48,1.0,,,,,,,,,,,,,,,,20.39841905793178,20.825902711105012,20.883018155526994,20.874545265243984,20.87185213032581,20.710495712918277,20.58200476218131,20.581139599722576,20.493696755157927,20.16667448169934,20.164815825151557,20.00349940259576,19.57821331522797,,,,20.874545265243984,20.58200476218131,20.16667448169934,,20.471867474983714,#000000,0.2515035865628904,20.73642264064682,-1.0195585842379131,50.925732842860796,-5.956137365416083,True,False,False,False,True,0.0,0.0,0.0,0.0,0.0,0,0.9529512403763909,0.9803250641573997,False,False,False,False,-0.17369789553961962,-0.17243811827279204,False,False,False,False,5330.0,1297.4310470903574,False,False,False,False,389.42604155360334,False,False,False,False
2025-08-05 19:00:00+00:00,20.48,20.48,20.48,20.48,0.0,,,,,,,,,,,,,,,,20.39841905793178,20.825902711105012,20.883018155526994,20.874545265243984,20.87185213032581,20.710495712918277,20.58200476218131,20.581139599722576,20.493696755157927,20.16667448169934,20.164815825151557,20.00349940259576,19.57821331522797,,,,20.874545265243984,20.58200476218131,20.16667448169934,,20.471867474983714,#000000,0.2536614754827537,20.73642264064682,-1.0108852365492607,51.25690107782539,-5.191372670260975,True,False,False,False,True,0.0,0.0,0.0,0.0,0.0,0,0.9585492227979283,0.9835924006908465,False,False,False,False,-0.16731876916017596,-0.169878443716484,False,False,False,False,5330.0,1359.9514959726775,False,False,False,False,383.38842850626065,False,False,False,False
2025-08-06 14:00:00+00:00,20.48,20.48,20.48,20.48,0.0,,,,,,,,,,,,,,,,20.39841905793178,20.825902711105012,20.883018155526994,20.874545265243984,20.87185213032581,20.710495712918277,20.58200476218131,20.581139599722576,20.493696755157927,20.16667448169934,20.164815825151557,20.00349940259576,19.57821331522797,,,,20.874545265243984,20.58200476218131,20.16667448169934,,20.471867474983714,#000000,0.25560738474284905,20.73642264064682,-1.0031894849391347,51.47767990113512,-4.457239044836832,True,False,False,False,True,0.0,0.0,0.0,0.0,0.0,0,0.9581151832460741,0.9842931937172775,False,False,False,False,-0.16731876916017596,-0.16859860643832997,False,False,False,False,5330.0,1421.5026355700004,False,False,False,False,377.44442186275273,False,False,False,False
2025-08-06 15:00:00+00:00,20.48,20.505,20.47,20.505,100.0,,,,,,,,,,,,,,,,20.400101636825617,20.82476626571897,20.88232372822962,20.87399859943977,20.871310809200327,20.710274799427623,20.581931257063435,20.58106687207861,20.493696489277134,20.16686347226403,20.165005782251978,20.003767312968904,19.578640141603827,,,,20.87399859943977,20.581931257063435,20.16686347226403,,20.471826705103833,"rgba(38, 166, 154, 1.0)",0.2572331469539566,20.735983609787635,-0.8979542975811765,53.07507921112223,-2.453635834656332,True,False,True,False,True,0.0,0.0,0.0,0.0,0.0,0,0.9496090356211991,0.9800173761946137,False,False,False,False,-0.1625432903825077,-0.16557094841041883,False,False,False,False,5430.0,1483.6498815301554,False,False,False,False,373.14295795790383,False,False,False,False
2025-08-06 16:00:00+00:00,20.505,20.505,20.485,20.485,0.0,,,,,,,,,,,,,,,,20.400101636825617,20.82476626571897,20.88232372822962,20.87399859943977,20.871310809200327,20.710274799427623,20.581931257063435,20.58106687207861,20.493696489277134,20.16686347226403,20.165005782251978,20.003767312968904,19.578640141603827,,,,20.87399859943977,20.581931257063435,20.16686347226403,,20.471826705103833,"rgba(38, 166, 154, 1.0)",0.25912216674233307,20.735983609787635,-0.9685918149843556,52.727547264900636,-2.354801877545171,True,False,True,False,True,0.0,0.0,0.0,0.0,0.0,0,0.9519650655021836,0.9807860262008741,False,False,False,False,-0.15777514942418672,-0.16167304891730278,False,False,False,False,5430.0,1544.8336042971296,False,False,False,False,367.3577958190216,False,False,False,False
2025-08-06 17:00:00+00:00,20.485,20.485,20.485,20.485,0.0,,,,,,,,,,,,,,,,20.400101636825617,20.82476626571897,20.88232372822962,20.87399859943977,20.871310809200327,20.710274799427623,20.581931257063435,20.58106687207861,20.493696489277134,20.16686347226403,20.165005782251978,20.003767312968904,19.578640141603827,,,,20.87399859943977,20.581931257063435,20.16686347226403,,20.471826705103833,"rgba(38, 166, 154, 1.0)",0.26099131876063036,20.735983609787635,-0.9616550120497542,52.4958593007529,-2.120690494276893,True,False,True,False,True,0.0,0.0,0.0,0.0,0.0,0,0.9662821650399288,0.9840283939662828,False,False,False,False,-0.16413428975291483,-0.1629036693351088,False,False,False,False,5430.0,1605.0687422150033,False,False,False,False,361.66232611640106,False,False,False,False
2025-08-06 18:00:00+00:00,20.485,20.485,20.48,20.48,200.0,,,,,,,,,,,,,,,,20.402894481538546,20.822437324644763,20.8809008393115,20.87287659316879,20.870199524658343,20.709810629902613,20.581765301421523,20.580902483193174,20.493678912866677,20.167227314055022,20.16537156184967,20.004289507471267,19.579481728106277,,,,20.87287659316879,20.581765301421523,20.167227314055022,,20.471679707860627,#000000,0.2627493581822229,20.735029138509777,-0.9706175507873468,51.93776016406634,-2.120690494276893,True,False,False,False,True,0.0,0.0,0.0,0.0,0.0,0,0.9633928571428575,0.9767857142857145,False,False,False,False,-0.16572611310758972,-0.16431489122134926,False,False,False,False,5230.0,1661.2692268318249,False,False,False,False,359.1559334634336,False,False,False,False
2025-08-06 19:00:00+00:00,20.48,20.5,20.47,20.48,1000.0,,,,,,,,,,,,,,,,20.41465282853384,20.811306022408964,20.873964425291362,20.86738496348718,20.86476028119507,20.707534521919165,20.580957376080374,20.580102296616452,20.493603882917782,20.16904355603566,20.16719742778447,20.00689251138825,19.58367397028153,,,,20.86738496348718,20.580957376080374,20.16904355603566,,20.470851851072318,#000000,0.2644169516583033,20.730412491054366,-0.9470364493800123,51.565694072941966,-2.120690494276893,True,False,False,False,True,0.0,0.0,0.0,0.0,0.0,0,0.9541366906474822,0.9865107913669066,False,False,False,False,-0.16413428975291483,-0.16422459048713206,False,False,False,False,5230.0,1716.59838610575,False,False,False,False,369.09150038648113,False,False,False,False
2025-08-07 14:00:00+00:00,20.48,20.565,20.48,20.565,100.0,,,,,,,,,,,,,,,,20.41641069970705,20.810407451031715,20.873376962286933,20.86691938602171,20.86429963729963,20.707362971292415,20.580921052271876,20.58006670326879,20.49363509099958,20.169254658979565,20.167409470299166,20.007180221033497,19.584115782186153,,,,20.86691938602171,20.580921052271876,20.169254658979565,,20.47087385282139,"rgba(38, 166, 154, 1.0)",0.2651564555991261,20.73012590928735,-0.6227489687710684,56.78716793393843,2.888831585031461,True,False,True,False,True,0.0,0.0,0.0,0.0,0.0,0,0.9441984056687338,0.9751992914083258,False,False,False,False,-0.14035099719151062,-0.15228779383932134,False,False,False,False,5330.0,1772.620116553723,False,False,False,False,364.9195391401791,False,False,False,False
2025-08-07 15:00:00+00:00,20.565,20.565,20.555,20.555,100.0,,,,,,,,,,,,,,,,20.41842635989206,20.809585398730327,20.8728292127408,20.86648557651755,20.86387066246056,20.70721349621874,20.58090254275483,20.58004890843043,20.49368194458527,20.16947795428635,20.167633697175514,20.007479378692086,19.584567224742557,,,,20.86648557651755,20.58090254275483,20.16947795428635,,20.470938642863622,"rgba(38, 166, 154, 1.0)",0.2659203464020312,20.72990548602748,-0.657736380062659,59.32037666934718,5.252727273123149,True,False,True,False,True,0.0,0.0,0.0,0.0,0.0,0,0.9713004484304932,0.9748878923766815,False,False,False,False,-0.1167244377228904,-0.13450611578110588,False,False,False,False,5230.0,1826.2229054443628,False,False,False,False,360.81225946358717,False,False,False,False
2025-08-07 16:00:00+00:00,20.555,20.555,20.535,20.55,0.0,,,,,,,,,,,,,,,,20.41842635989206,20.809585398730327,20.8728292127408,20.86648557651755,20.86387066246056,20.70721349621874,20.58090254275483,20.58004890843043,20.49368194458527,20.16947795428635,20.167633697175514,20.007479378692086,19.584567224742557,,,,20.86648557651755,20.58090254275483,20.16947795428635,,20.470938642863622,"rgba(38, 166, 154, 1.0)",0.2667962579257608,20.72990548602748,-0.6743178762182646,60.510470822328806,6.378157636372649,True,False,True,False,True,0.0,0.0,0.0,0.0,0.0,0,0.9611913357400723,0.9846570397111912,False,False,False,False,-0.12615804751457113,-0.1303320816478385,False,False,False,False,5230.0,1878.9946433444502,False,False,False,False,355.21827094477186,False,False,False,False
2025-08-07 17:00:00+00:00,20.55,20.55,20.46,20.46,500.0,,,,,,,,,,,,,,,,20.42317199310436,20.804457921533395,20.869529871070046,20.86385773515369,20.86126801253045,20.7061296181713,20.580531611892308,20.57968176048318,20.49366866061508,20.170395073173733,20.168555570807357,20.008785359208254,19.586660217320624,,,,20.86385773515369,20.580531611892308,20.170395073173733,,20.470514877312596,"rgba(38, 166, 154, 0.75)",0.26818127861233054,20.727768038259672,-0.9984591006695263,54.59597165920945,9.19582705946786,True,False,True,False,False,0.0,0.0,0.0,0.0,0.0,0,0.9524663677130044,0.991031390134529,False,False,False,False,-0.1514286397236327,-0.14088036068573562,False,False,False,False,4730.0,1923.1962767809703,False,False,False,False,357.46294891462037,False,False,False,False
2025-08-07 18:00:00+00:00,20.46,20.505,20.44,20.44,1153.0,,,,,,,,,,,,,,,20.461666666666666,20.428277164327888,20.792227878000226,20.861582022117435,20.857486730689082,20.8549545981894,20.703348642559984,20.579423553730148,20.578582513369852,20.493404609068822,20.1723043504627,20.17047582520817,20.01159442782753,19.59129973848876,,,,20.857486730689082,20.579423553730148,20.1723043504627,,20.46833062290762,#000000,0.27011050458031305,20.716246631853064,-1.0227170997376935,49.597061947206704,4.812041119808491,True,False,False,False,False,0.0,0.0,0.0,0.0,0.0,0,0.9472743521000897,0.9991063449508492,False,False,False,False,-0.17210182103393365,-0.15649109085983465,False,False,False,False,3577.0,1948.8366445828156,False,False,False,False,369.79685668338595,False,False,False,False
2025-08-07 19:00:00+00:00,20.44,20.52,20.44,20.52,100.0,,,,,,,,,,,,,,20.493333333333336,20.464193934557063,20.429016943370478,20.79130584775478,20.86096070458418,20.856987117044184,20.854459755329916,20.70314163915037,20.57935400610732,20.578513700767914,20.49340455809897,20.17248675640307,20.170659166969557,20.011853443949807,19.591714363636928,,,,20.856987117044184,20.57935400610732,20.17248675640307,,20.470092351403856,#000000,0.27098414235034557,20.711686347939896,-0.7073710892354429,51.297621769733745,4.812041119808491,True,False,False,False,False,0.0,0.0,0.0,0.0,0.0,0,0.9505300353356895,0.9885159010600705,False,False,False,False,-0.16731876916017596,-0.1619049300100053,False,False,False,False,3677.0,1975.629874899361,False,False,False,False,365.61395968054273,False,False,False,False
2025-08-08 14:00:00+00:00,20.52,20.52,20.52,20.52,0.0,,,,,,,,,,,,,,20.493333333333336,20.464193934557063,20.429016943370478,20.79130584775478,20.86096070458418,20.856987117044184,20.854459755329916,20.70314163915037,20.57935400610732,20.578513700767914,20.49340455809897,20.17248675640307,20.170659166969557,20.011853443949807,19.591714363636928,,,,20.856987117044184,20.57935400610732,20.17248675640307,,20.470092351403856,"rgba(38, 166, 154, 1.0)",0.2719723919480232,20.711686347939896,-0.7048007577788614,52.43132831808511,4.812041119808491,True,False,True,False,True,0.0,0.0,0.0,0.0,0.0,0,0.9637809187279148,0.986749116607774,False,False,False,False,-0.1419313618747455,-0.1519181459423754,False,False,False,False,3677.0,2002.0077062962703,False,False,False,False,359.94552619712346,False,False,False,False
2025-08-08 15:00:00+00:00,20.52,20.52,20.52,20.52,0.0,,,,,,,,,,,,,,20.493333333333336,20.464193934557063,20.429016943370478,20.79130584775478,20.86096070458418,20.856987117044184,20.854459755329916,20.70314163915037,20.57935400610732,20.578513700767914,20.49340455809897,20.17248675640307,20.170659166969557,20.011853443949807,19.591714363636928,,,,20.856987117044184,20.57935400610732,20.17248675640307,,20.470092351403856,"rgba(38, 166, 154, 1.0)",0.2729159359730675,20.711686347939896,-0.7023640713996733,53.187132683652685,4.812041119808491,True,False,True,False,True,0.0,0.0,0.0,0.0,0.0,0,0.9632945389435986,1.0,False,False,False,False,-0.1419313618747455,-0.14692475390856047,False,False,False,False,3677.0,2027.9765790668707,False,False,False,False,354.3649754033696,False,False,False,False
2025-08-08 16:00:00+00:00,20.52,20.61,20.52,20.61,242.0,,,,,,,,,,,,,,20.55465886939571,20.482939799331103,20.433060535635235,20.789740092062424,20.859818184873383,20.85607050554499,20.853553873431526,20.70284860910352,20.579355266552717,20.57851659845751,20.493554157951483,20.173046327241252,20.171220931771206,20.01259173244556,19.59281247895585,,,,20.85607050554499,20.579355266552717,20.173046327241252,,20.475585864183568,"rgba(38, 166, 154, 1.0)",0.2731054807277788,20.71532343477279,-0.385651120922669,58.00874545546114,2.18855429559072,True,False,True,False,True,0.0,0.0,0.0,0.0,0.0,0,0.9506607929515417,0.9841409691629956,False,False,False,False,-0.11358457298833266,-0.13025466344844655,False,False,False,False,3919.0,2057.2947716394774,False,False,False,False,352.6228827614569,False,False,False,False
2025-08-08 17:00:00+00:00,20.61,20.61,20.59,20.595,0.0,,,,,,,,,,,,,,20.55465886939571,20.482939799331103,20.433060535635235,20.789740092062424,20.859818184873383,20.85607050554499,20.853553873431526,20.70284860910352,20.579355266552717,20.57851659845751,20.493554157951483,20.173046327241252,20.171220931771206,20.01259173244556,19.59281247895585,,,,20.85607050554499,20.579355266552717,20.173046327241252,,20.475585864183568,"rgba(38, 166, 154, 1.0)",0.27224437551572656,20.71532343477279,-0.44196848711698067,60.07566848955032,4.148002170264952,True,False,True,False,True,0.0,0.0,0.0,0.0,0.0,0,0.9626666666666666,0.9964444444444445,False,False,False,False,-0.09166434520757914,-0.11095950432801285,False,False,False,False,3919.0,2086.158418590803,False,False,False,False,347.15586132329474,False,False,False,False
2025-08-08 18:00:00+00:00,20.595,20.595,20.58,20.58,0.0,,,,,,,,,,,,,,20.55465886939571,20.482939799331103,20.433060535635235,20.789740092062424,20.859818184873383,20.85607050554499,20.853553873431526,20.70284860910352,20.579355266552717,20.57851659845751,20.493554157951483,20.173046327241252,20.171220931771206,20.01259173244556,19.59281247895585,,,,20.85607050554499,20.579355266552717,20.173046327241252,,20.475585864183568,"rgba(38, 166, 154, 1.0)",0.2713929201675412,20.71532343477279,-0.4986255156886668,60.29472547589816,4.513476008723863,True,False,True,False,True,0.0,0.0,0.0,0.0,0.0,0,0.9485815602836875,0.9991134751773051,False,False,False,False,-0.099481835785395,-0.10522067005670394,False,False,False,False,3919.0,2114.5745671397826,False,False,False,False,341.7735999074297,False,False,False,False
2025-08-08 19:00:00+00:00,20.58,20.61,20.58,20.6,103.0,,,,,,,,,,,,,,20.56438202247191,20.490270129328326,20.434904438851806,20.789133091182876,20.859363516399952,20.855705656907723,20.853193504306095,20.702741175507537,20.579369631008102,20.578531646690443,20.49362991972456,20.17329376060914,20.171469291906856,20.012914593764943,19.593286996880828,,,,20.855705656907723,20.579369631008102,20.17329376060914,,20.47681262503607,"rgba(38, 166, 154, 1.0)",0.2697773022193332,20.7160629916582,-0.4302177785284519,61.42398341196149,5.854764915218908,True,False,True,False,True,0.0,0.0,0.0,0.0,0.0,0,0.9488536155202817,0.9964726631393299,False,False,False,False,-0.09478994784506654,-0.10000530895088525,False,False,False,False,4022.0,2144.1470544709487,False,False,False,False,338.0716836297951,False,False,False,False
2025-08-11 14:00:00+00:00,20.625,20.625,20.625,20.625,0.0,,,,,,,,,,,,,,20.56438202247191,20.490270129328326,20.434904438851806,20.789133091182876,20.859363516399952,20.855705656907723,20.853193504306095,20.702741175507537,20.579369631008102,20.578531646690443,20.49362991972456,20.17329376060914,20.171469291906856,20.012914593764943,19.593286996880828,,,,20.855705656907723,20.579369631008102,20.17329376060914,,20.47681262503607,"rgba(38, 166, 154, 1.0)",0.26692396933463003,20.7160629916582,-0.3411570414047019,63.333435294453864,7.931740170408048,True,False,True,False,True,0.0,0.0,0.0,0.0,0.0,0,0.9525899912203688,0.994732221246708,False,False,False,False,-0.06992144376715839,-0.08496337635902182,False,False,False,False,4022.0,2173.261053626438,False,False,False,False,332.83026217817036,False,False,False,False
2025-08-11 15:00:00+00:00,20.625,20.625,20.625,20.625,0.0,,,,,,,,,,,,,,20.56438202247191,20.490270129328326,20.434904438851806,20.789133091182876,20.859363516399952,20.855705656907723,20.853193504306095,20.702741175507537,20.579369631008102,20.578531646690443,20.49362991972456,20.17329376060914,20.171469291906856,20.012914593764943,19.593286996880828,,,,20.855705656907723,20.579369631008102,20.17329376060914,,20.47681262503607,"rgba(38, 166, 154, 1.0)",0.26284937282166454,20.7160629916582,-0.3464455352533227,64.60640321611544,9.400694063391228,True,False,True,False,True,0.0,0.0,0.0,0.0,0.0,0,0.9626666666666671,0.9964444444444445,False,False,False,False,-0.06738337920719346,-0.07617337778310765,False,False,False,False,4022.0,2201.923672950059,False,False,False,False,327.67010307463283,False,False,False,False
2025-08-11 16:00:00+00:00,20.625,20.675,20.625,20.675,0.0,,,,,,,,,,,,,,20.56438202247191,20.490270129328326,20.434904438851806,20.789133091182876,20.859363516399952,20.855705656907723,20.853193504306095,20.702741175507537,20.579369631008102,20.578531646690443,20.49362991972456,20.17329376060914,20.171469291906856,20.012914593764943,19.593286996880828,,,,20.855705656907723,20.579369631008102,20.17329376060914,,20.47681262503607,"rgba(38, 166, 154, 1.0)",0.2584756945723035,20.7160629916582,-0.15886596891110966,67.58733709765352,12.417193944530297,True,False,True,False,True,0.257679778225107,0.0,0.0,0.0,0.0,0,0.9610963748894785,0.9805481874447393,False,False,False,False,-0.051307136311507386,-0.06374025704730751,False,False,False,False,4022.0,2230.14191057874,False,False,False,False,322.5899464378168,False,False,False,False
2025-08-11 17:00:00+00:00,20.675,20.675,20.64,20.64,0.0,,,,,,,,,,,,,,20.56438202247191,20.490270129328326,20.434904438851806,20.789133091182876,20.859363516399952,20.855705656907723,20.853193504306095,20.702741175507537,20.579369631008102,20.578531646690443,20.49362991972456,20.17329376060914,20.171469291906856,20.012914593764943,19.593286996880828,,,,20.855705656907723,20.579369631008102,20.17329376060914,,20.47681262503607,"rgba(38, 166, 154, 1.0)",0.25393510201621705,20.7160629916582,-0.2995371299763968,66.3147207202027,12.417193944530297,True,False,True,False,True,0.0,0.0,0.0,0.0,0.0,0,0.9639084507042257,0.9788732394366195,False,False,False,False,-0.04648980210762973,-0.055115029577468624,False,False,False,False,4022.0,2257.9226561511623,False,False,False,False,317.588551919401,False,False,False,False
2025-08-11 18:00:00+00:00,20.64,20.64,20.63,20.63,0.0,,,,,,,,,,,,,,20.56438202247191,20.490270129328326,20.434904438851806,20.789133091182876,20.859363516399952,20.855705656907723,20.853193504306095,20.702741175507537,20.579369631008102,20.578531646690443,20.49362991972456,20.17329376060914,20.171469291906856,20.012914593764943,19.593286996880828,,,,20.855705656907723,20.579369631008102,20.17329376060914,,20.47681262503607,"rgba(38, 166, 154, 0.75)",0.24974035165185907,20.7160629916582,-0.3446098761732167,64.59504836529379,12.417193944530297,True,False,True,False,False,0.0,0.0,0.0,0.0,0.0,0,0.9629955947136563,0.9850220264317179,False,False,False,False,-0.0609491719200391,-0.05803210074875386,False,False,False,False,4022.0,2285.272692489904,False,False,False,False,312.66469840127075,False,False,False,False
2025-08-11 19:00:00+00:00,20.63,20.64,20.62,20.62,442.0,,,,,,,,,,,,,,20.59541901540774,20.5198227124183,20.443751000243534,20.786970395133118,20.857650914701832,20.85433155975423,20.851837992734488,20.702412299576828,20.5795374465842,20.578702298546336,20.49404806602858,20.174427295456628,20.172606751355442,20.01436702806409,19.59537892562552,,,,20.85433155975423,20.5795374465842,20.174427295456628,,20.481417580108726,"rgba(38, 166, 154, 0.75)",0.24620263755429214,20.718927762332342,-0.40181438881021597,62.55004014948854,12.417193944530297,True,False,True,False,False,0.0,0.0,0.0,0.0,0.0,0,0.9613696224758562,0.9824407374890258,False,False,False,False,-0.06416561237284796,-0.06109885656080091,False,False,False,False,3580.0,2305.345984079208,False,False,False,False,314.6698968756696,False,False,False,False
2025-08-12 14:00:00+00:00,20.62,20.69,20.62,20.69,0.0,,,,,,,,,,,,,,20.59541901540774,20.5198227124183,20.443751000243534,20.786970395133118,20.857650914701832,20.85433155975423,20.851837992734488,20.702412299576828,20.5795374465842,20.578702298546336,20.49404806602858,20.174427295456628,20.172606751355442,20.01436702806409,19.59537892562552,,,,20.85433155975423,20.5795374465842,20.174427295456628,,20.481417580108726,"rgba(38, 166, 154, 0.75)",0.24182722221734512,20.718927762332342,-0.11962161276591748,64.75466184392766,12.417193944530297,True,False,True,False,False,0.9993915007873788,0.0,0.0,0.0,0.0,0,0.961672473867596,0.9782229965156795,False,False,False,False,-0.04809532959557855,-0.05459709307818973,False,False,False,False,3580.0,2325.1080618454216,False,False,False,False,309.79129382333366,False,False,False,False
2025-08-12 15:00:00+00:00,20.69,20.69,20.69,20.69,0.0,,,,,,,,,,,,,,20.59541901540774,20.5198227124183,20.443751000243534,20.786970395133118,20.857650914701832,20.85433155975423,20.851837992734488,20.702412299576828,20.5795374465842,20.578702298546336,20.49404806602858,20.174427295456628,20.172606751355442,20.01436702806409,19.59537892562552,,,,20.85433155975423,20.5795374465842,20.174427295456628,,20.481417580108726,"rgba(38, 166, 154, 1.0)",0.2372672306465664,20.718927762332342,-0.12192059667705048,66.22440964022041,12.417193944530297,True,False,True,False,True,0.9993915007873788,0.0,0.0,0.0,0.0,0,0.9780316344463978,0.9780316344463972,False,False,False,False,-0.025636712535158212,-0.040116902806673974,False,False,False,False,3580.0,2344.5637508090585,False,False,False,False,304.988328027623,False,False,False,False
2025-08-12 16:00:00+00:00,20.69,20.69,20.69,20.69,0.0,,,,,,,,,,,,,,20.59541901540774,20.5198227124183,20.443751000243534,20.786970395133118,20.857650914701832,20.85433155975423,20.851837992734488,20.702412299576828,20.5795374465842,20.578702298546336,20.49404806602858,20.174427295456628,20.172606751355442,20.01436702806409,19.59537892562552,,,,20.85433155975423,20.5795374465842,20.174427295456628,,20.481417580108726,"rgba(38, 166, 154, 1.0)",0.23286310404436728,20.718927762332342,-0.12422647396656339,67.20424150441558,12.489642133142787,True,False,True,False,True,0.9993915007873788,0.0,0.0,0.0,0.0,0,0.9779735682819389,0.9726872246696033,False,False,False,False,-0.025636712535158212,-0.032876807670916094,False,False,False,False,3580.0,2363.717801184112,False,False,False,False,300.2598268178924,False,False,False,False
2025-08-12 17:00:00+00:00,20.69,20.69,20.69,20.69,0.0,,,,,,,,,,,,,,20.59541901540774,20.5198227124183,20.443751000243534,20.786970395133118,20.857650914701832,20.85433155975423,20.851837992734488,20.702412299576828,20.5795374465842,20.578702298546336,20.49404806602858,20.174427295456628,20.172606751355442,20.01436702806409,19.59537892562552,,,,20.85433155975423,20.5795374465842,20.174427295456628,,20.481417580108726,"rgba(38, 166, 154, 1.0)",0.2283923445805837,20.718927762332342,-0.12665819594550443,67.85746274721235,13.350774915549167,True,False,True,False,True,0.9993915007873788,0.0,0.0,0.0,0.0,0,0.9770318021201415,0.9743816254416963,False,False,False,False,-0.025636712535158212,-0.029256760103037155,False,False,False,False,3580.0,2382.5748895378465,False,False,False,False,295.6046357044367,False,False,False,False
2025-08-12 18:00:00+00:00,20.69,20.77,20.69,20.77,0.0,,,,,,,,,,,,,,20.59541901540774,20.5198227124183,20.443751000243534,20.786970395133118,20.857650914701832,20.85433155975423,20.851837992734488,20.702412299576828,20.5795374465842,20.578702298546336,20.49404806602858,20.174427295456628,20.172606751355442,20.01436702806409,19.59537892562552,,,,20.85433155975423,20.5795374465842,20.174427295456628,,20.481417580108726,"rgba(38, 166, 154, 1.0)",0.22463383618750246,20.718927762332342,0.22735772372701424,71.58746487732614,17.02110773126826,True,False,True,False,True,4.507846723294772,0.0,0.0,0.0,0.0,0,0.9746059544658495,0.9658493870402802,False,False,False,False,-3.203883072686262e-08,-0.014628396070933941,False,False,False,True,3580.0,2401.1396199326086,False,False,False,True,291.02161809661595,False,False,False,False
2025-08-12 19:00:00+00:00,20.77,20.78,20.68,20.74,5614.0,,,,,,,,,,,,,,20.714516228272576,20.67642692274192,20.55074114291982,20.779213208648912,20.847023247550887,20.84576426024955,20.843467414872688,20.70402176667656,20.586169522814618,20.585365270518167,20.503233976112334,20.191629778469814,20.18985590630716,20.035346797374086,19.623904638580676,,,,20.84576426024955,20.586169522814618,20.191629778469814,,20.511778672140647,"rgba(38, 166, 154, 1.0)",0.21942492405661443,20.74286285433006,-0.013047079051615071,70.93561206938602,17.02110773126826,True,False,True,False,True,3.0911154986293,0.0,0.0,0.0,0.0,0,0.9724137931034483,0.9620689655172411,False,False,False,True,-3.203883072686262e-08,-0.007314214054882334,False,False,False,False,-2034.0,2332.37776536001,False,False,False,False,373.54841471527305,False,False,False,False
2025-08-13 14:00:00+00:00,20.74,20.74,20.72,20.73,49.0,,,,,,,,,,,,,,20.714632061068702,20.67676770955039,20.5513173489023,20.77915116508435,20.84693599517136,20.845692762099226,20.843397503604596,20.70403356347405,20.586223637601485,20.58541964614535,20.503309932166246,20.191774369177555,20.190000894751666,20.03552367515773,19.624146592620377,,,,20.845692762099226,20.586223637601485,20.191774369177555,,20.511888457105023,"rgba(38, 166, 154, 0.75)",0.21379829679318274,20.742918255073857,-0.06042262855981816,69.50861643553318,17.02110773126826,True,False,True,False,False,2.6206719237411207,0.0,0.0,0.0,0.0,0,0.9784482758620691,0.9715517241379312,False,False,False,False,0.009052582532634842,0.0008691842388762541,False,False,False,False,-2083.0,2263.9222961296223,False,False,False,False,368.5166563475944,False,False,False,False
2025-08-13 15:00:00+00:00,20.73,20.755,20.73,20.755,100.0,,,,,,,,,,,,,,20.715113784461153,20.67766350548934,20.552590480535283,20.779067800959787,20.846783654162678,20.845568102185798,20.84327602518377,20.70407303674213,20.586346737151157,20.58554326770728,20.5034761719346,20.192078341468246,20.190305673269627,20.035893027177334,19.624647485096215,,,,20.845568102185798,20.586346737151157,20.192078341468246,,20.51216180623496,"rgba(38, 166, 154, 0.75)",0.20810517957446498,20.74309960595538,0.057184516353479806,69.75045365382275,17.02110773126826,True,False,True,False,False,3.716168147833919,0.0,0.0,0.0,0.0,0,0.9887152777777782,0.9678819444444448,False,False,False,False,0.03456869887670936,0.017718941557792807,False,False,False,False,-1983.0,2198.078539600481,False,False,False,False,364.35360741197275,False,False,False,False
2025-08-13 16:00:00+00:00,20.755,20.765,20.73,20.75,114.0,,,,,,,,,,,,,,20.715673664498322,20.678681108163865,20.554034049251737,20.778978147949132,20.846613430806023,20.84542876058545,20.843140294115184,20.704119704523105,20.586488296920916,20.5856854206562,20.503666705346202,20.192425504075878,20.1906537535566,20.03631460699432,19.625218804913082,,,,20.84542876058545,20.586488296920916,20.192425504075878,,20.512474816823733,"rgba(38, 166, 154, 0.75)",0.2032558854127227,20.74330967814182,0.03291575958351656,69.35956064033326,17.02110773126826,True,False,True,False,False,3.4737725160734705,0.0,0.0,0.0,0.0,0,0.9982502187226601,0.9588801399825023,False,False,False,False,0.05415118676358915,0.03593506416069098,False,False,False,False,-2097.0,2131.488174645435,False,False,False,False,360.4721561342677,False,False,False,False
2025-08-13 17:00:00+00:00,20.75,20.75,20.75,20.75,0.0,,,,,,,,,,,,,,20.715673664498322,20.678681108163865,20.554034049251737,20.778978147949132,20.846613430806023,20.84542876058545,20.843140294115184,20.704119704523105,20.586488296920916,20.5856854206562,20.503666705346202,20.192425504075878,20.1906537535566,20.03631460699432,19.625218804913082,,,,20.84542876058545,20.586488296920916,20.192425504075878,,20.512474816823733,"rgba(38, 166, 154, 0.75)",0.19939869066218324,20.74330967814182,0.03355248640781981,69.09896529800693,17.02110773126826,True,False,True,False,False,3.4737725160734705,0.0,0.0,0.0,0.0,0,1.0017497812773406,0.94750656167979,False,False,False,False,0.05915978712490701,0.04754742564279899,False,False,False,False,-2097.0,2065.9302184493818,False,False,False,False,354.8834405352868,False,False,False,False
2025-08-13 18:00:00+00:00,20.75,20.75,20.71,20.73,443.0,,,,,,,,,,,,,,20.716554275935433,20.681400518341302,20.558936440056183,20.778429182269004,20.8458351412157,20.844789525881104,20.84251522520837,20.70422531211044,20.586974004212095,20.586173472373844,20.504349035246516,20.19372610647503,20.191957937370045,20.03790606523561,19.627397278566377,,,,20.844789525881104,20.586974004212095,20.19372610647503,,20.513411301366475,"rgba(38, 166, 154, 0.75)",0.19561863062756613,20.743757156620397,-0.07032641306332733,66.48714148914415,20.043583282519407,True,False,True,False,False,2.4800648057832824,0.0,0.0,0.0,0.0,0,0.997386759581882,0.9477351916376305,False,False,False,False,0.04770277522487845,0.04762510043383872,False,False,False,False,-2540.0,1994.520447620709,False,False,False,False,356.249588744042,False,False,False,False
2025-08-13 19:00:00+00:00,20.73,20.74,20.69,20.71,1334.0,,,,,,,,,,,,,,20.71605120399641,20.685794821539094,20.570886858137513,20.776303824628393,20.843224634470538,20.84263328742868,20.84040125614887,20.704335872097257,20.588248806975884,20.587455381995614,20.506229161046676,20.197484312704923,20.19572690932805,20.0425402503399,19.63380732612079,,,,20.84263328742868,20.588248806975884,20.197484312704923,,20.51540826046391,"rgba(38, 166, 154, 0.75)",0.1921649300999434,20.744086230042214,-0.17738007671058995,62.558125800205175,16.317109658540645,True,False,True,False,False,1.4916885564474534,0.0,0.0,0.0,0.0,0,0.993955094991365,0.9473229706390329,False,False,False,False,0.036683071237818145,0.04215408583582843,False,False,False,False,-3874.0,1903.5356344793026,False,False,False,False,371.4085098487855,False,False,False,False
2025-08-14 14:00:00+00:00,20.715,20.715,20.67,20.67,33.0,,,,,,,,,,,,,,20.71593169271441,20.68579212501285,20.571104933981932,20.776230140291673,20.843147557681235,20.842569351409146,20.840338373062583,20.704330067589083,20.588272947225164,20.587479701823312,20.506268937989258,20.197571524340795,20.19581438839828,20.042649275094035,19.633960799841915,,,,20.842569351409146,20.588272947225164,20.197571524340795,,20.515430787763712,"rgba(38, 166, 154, 0.5)",0.18800309083128997,20.744059331492075,-0.39392613794063785,56.39728680078903,10.751622126307247,False,False,True,False,False,0.0,0.0,0.0,0.0,0.0,0,0.9905741216795207,0.9520137103684659,False,False,False,False,0.02711708589247824,0.034635585864153336,False,False,False,False,-3907.0,1813.4498106889257,False,False,False,False,366.16186628523843,False,False,False,False
2025-08-14 15:00:00+00:00,20.67,20.67,20.67,20.67,0.0,,,,,,,,,,,,,,20.71593169271441,20.68579212501285,20.571104933981932,20.776230140291673,20.843147557681235,20.842569351409146,20.840338373062583,20.704330067589083,20.588272947225164,20.587479701823312,20.506268937989258,20.197571524340795,20.19581438839828,20.042649275094035,19.633960799841915,,,,20.842569351409146,20.588272947225164,20.197571524340795,,20.515430787763712,#000000,0.18440791544626192,20.744059331492075,-0.4016060336284997,52.29006080117827,7.2619702526337875,False,True,False,False,False,0.0,0.0,0.0,0.0,0.0,0,1.0140350877192985,0.9587719298245609,False,False,False,False,0.010283610050928508,0.022459597957540923,False,False,False,False,-3907.0,1724.7606663371594,False,False,False,False,360.4849381257774,False,False,False,False
2025-08-14 16:00:00+00:00,20.67,20.745,20.67,20.745,0.0,,,,,,,,,,,,,,20.71593169271441,20.68579212501285,20.571104933981932,20.776230140291673,20.843147557681235,20.842569351409146,20.840338373062583,20.704330067589083,20.588272947225164,20.587479701823312,20.506268937989258,20.197571524340795,20.19581438839828,20.042649275094035,19.633960799841915,,,,20.842569351409146,20.588272947225164,20.197571524340795,,20.515430787763712,"rgba(38, 166, 154, 0.5)",0.18171772982648096,20.744059331492075,0.005176536757445284,55.43329419410145,7.2619702526337875,False,True,True,False,True,3.1119231762914836,0.0,0.0,0.0,0.0,0,1.0303300624442464,0.9206066012488848,False,False,False,False,0.03834735595876947,0.0304034769581552,False,False,False,False,-3907.0,1637.4465474792187,False,False,False,False,354.89602435638545,False,False,False,False
2025-08-14 17:00:00+00:00,20.745,20.775,20.745,20.75,34.0,,,,,,,,,,,,,,20.716092588289964,20.686038998736464,20.571469579624708,20.77621388719202,20.84310417496594,20.842533468476766,20.840303503869123,20.704346249799176,20.588316224973667,20.58752315059595,20.50632632723727,20.197674552631838,20.19591768506282,20.04277409304049,19.63412965617103,,,,20.842533468476766,20.588316224973667,20.197674552631838,,20.515517609377813,"rgba(38, 166, 154, 0.5)",0.1800726079782843,20.744118515702215,0.032661737750218175,57.823739222206356,2.0429514752708187,False,False,True,False,True,3.342000388018217,0.0,0.0,0.0,0.0,0,1.0586113615870152,0.8999098286744822,False,False,False,False,0.07774830154440925,0.05407588925128222,False,False,False,False,-3873.0,1552.0132676733392,False,False,False,False,349.9208921958213,False,False,False,False
2025-08-14 18:00:00+00:00,20.75,20.75,20.74,20.74,0.0,,,,,,,,,,,,,,20.716092588289964,20.686038998736464,20.571469579624708,20.77621388719202,20.84310417496594,20.842533468476766,20.840303503869123,20.704346249799176,20.588316224973667,20.58752315059595,20.50632632723727,20.197674552631838,20.19591768506282,20.04277409304049,19.63412965617103,,,,20.842533468476766,20.588316224973667,20.197674552631838,,20.515517609377813,"rgba(38, 166, 154, 0.5)",0.17866678432147548,20.744118515702215,-0.023051378675996895,58.385672982092146,2.511644281581418,False,False,True,False,True,2.833621044772663,0.0,0.0,0.0,0.0,0,1.05040504050405,0.8955895589558959,False,False,False,False,0.06647162113838118,0.0602737551948317,False,False,False,False,-3873.0,1467.9045348411944,False,False,False,False,344.49576208425816,False,False,False,False
2025-08-14 19:00:00+00:00,20.74,20.745,20.74,20.745,250.0,,,,,,,,,,,,,,20.716861405885453,20.687469783238434,20.573917502278945,20.776014248127915,20.842737515986297,20.84222971400575,20.840007270638832,20.704434685563413,20.588608612988896,20.587816812922814,20.5067250684738,20.198412907183407,20.196658020203355,20.04367341734021,19.635354959819487,,,,20.84222971400575,20.588608612988896,20.198412907183407,,20.5160614616438,"rgba(38, 166, 154, 0.5)",0.1765026095306473,20.744426808469235,0.003247496069830625,59.12547644373749,3.3837308930067636,False,False,True,False,True,3.071763365284074,0.0,0.0,0.0,0.0,0,1.0503597122302153,0.8965827338129498,False,False,False,False,0.06459389146481932,0.062433823329825514,False,False,False,False,-3623.0,1388.9757823630364,False,False,False,False,343.0307115093084,False,False,False,False
2025-08-15 14:00:00+00:00,20.7,20.71,20.64,20.71,725.0,,,,,,,,,,,,,,20.71457702876622,20.68741554893194,20.578389961882877,20.774468257756567,20.841091725816458,20.8408604872324,20.83866072762361,20.704318568329462,20.589142061044456,20.588354165260796,20.507598735171875,20.200321382359306,20.198572333076502,20.046058272923705,19.638712126217317,,,,20.8408604872324,20.589142061044456,20.200321382359306,,20.5165694254929,"rgba(38, 166, 154, 0.5)",0.1743642764469203,20.7438810971724,-0.19431214846760697,56.07031362363074,3.3837308930067636,False,True,True,False,False,1.27392871067471,0.0,0.0,0.0,0.0,0,1.0361871138570158,0.8984995586937337,False,False,False,False,0.014023543123359359,0.03822868322659244,False,False,False,False,-4348.0,1300.0304213961676,False,False,False,False,348.95271598203226,False,False,False,False
2025-08-15 15:00:00+00:00,20.71,20.715,20.69,20.71,600.0,,,,,,,,,,,,,,20.714012733641038,20.688346271465537,20.582414225424237,20.77348752941177,20.8399143259507,20.839878008115377,20.83769637610578,20.704322233977063,20.589661335584292,20.58887658090056,20.508388751039437,20.201948677987986,20.200204400066625,20.048074711031564,19.641522621542197,,,,20.839878008115377,20.589661335584292,20.201948677987986,,20.51724991881628,"rgba(38, 166, 154, 0.5)",0.1721758476746371,20.743803885340192,-0.19633349158280797,54.03353841022624,3.3837308930067636,False,True,True,False,False,1.27392871067471,0.0,0.0,0.0,0.0,0,1.0455357142857136,0.9125000000000003,False,False,False,False,0.03460299803757766,0.03641584063208505,False,False,False,False,-4348.0,1212.4640582737466,False,False,False,False,352.84492193579916,False,False,False,False
2025-08-15 16:00:00+00:00,20.71,20.72,20.6,20.6,779.0,,,,,,,,,,,,,,20.708753116827832,20.685237584261934,20.58469644552978,20.771084821738032,20.837693720798693,20.838018822115284,20.83586166706377,20.703876112550493,20.58995256768265,20.58917213366185,20.509069072755555,20.20377487838426,20.20203690133615,20.05041715350099,19.644927872828525,,,,20.838018822115284,20.58995256768265,20.20377487838426,,20.51697152473572,"rgba(239, 83, 80, 1.0)",0.16940271331722198,20.73979643719874,-0.8252313936492762,45.82612269846731,2.1004279859573742,False,True,False,True,False,0.0,0.0,0.0,0.0,0.0,0,1.0439461883408068,0.9094170403587452,False,False,False,False,0.0028045022190106954,0.01961017142554787,False,False,False,False,-5127.0,1114.177793804386,False,False,False,False,359.45197740966273,False,False,False,False
2025-08-15 17:00:00+00:00,20.6,20.67,20.6,20.67,100.0,,,,,,,,,,,,,,20.708191858012416,20.684921817437576,20.585010123506784,20.770798005179163,20.83742172260113,20.837790611694828,20.835636542122792,20.70382522216391,20.589994656692493,20.58921477021041,20.509160317239285,20.20401177085174,20.20227459754018,20.050719895066447,19.645366239854837,,,,20.837790611694828,20.589994656692493,20.20401177085174,,20.516955876678267,"rgba(239, 83, 80, 1.0)",0.16823808740594917,20.736885417795953,-0.39756406428088364,45.706888716636996,2.1004279859573742,False,True,False,True,False,0.0,0.0,0.0,0.0,0.0,0,1.0446827524575508,0.903485254691689,False,False,False,False,-0.0158937250397559,0.0018582231928959848,False,False,False,False,-5027.0,1018.9657349857134,False,False,False,False,355.42946613199354,False,False,False,False
2025-08-15 18:00:00+00:00,20.67,20.675,20.65,20.665,100.0,,,,,,,,,,,,,,20.70778997192857,20.684746515089998,20.585404579640077,20.770550840635714,20.83717419535245,20.837582798286256,20.835431760557793,20.70378923481193,20.590049042872966,20.589269694005594,20.509262485558974,20.204257319883055,20.202520944870134,20.051030787448212,19.645811513629845,,,,20.837582798286256,20.590049042872966,20.204257319883055,,20.516978112304766,"rgba(239, 83, 80, 1.0)",0.16702114555654599,20.737287623282896,-0.432805217818502,45.355330494666354,1.6177406739243452,False,True,False,True,False,0.0,0.0,0.0,0.0,0.0,0,1.0509383378016073,0.900804289544236,False,False,False,False,0.0046742170806968065,0.0032662201367963956,False,False,False,False,-5127.0,923.6794445208186,False,False,False,False,351.46931937025715,False,False,False,False
2025-08-15 19:00:00+00:00,20.64,20.685,20.64,20.67,72.0,,,,,,,,,,,,,,20.707515726069673,20.68463173757434,20.58569215843704,20.770376340382548,20.836998115610598,20.83743490714622,20.835286043952557,20.703764429325545,20.590089040419016,20.589310077519382,20.50933675778672,20.20443459394758,20.202698792928505,20.05125504340799,19.64613239435388,,,,20.83743490714622,20.590089040419016,20.20443459394758,,20.516997077257436,"rgba(239, 83, 80, 1.0)",0.164828931248536,20.737405831385814,-0.4089441754868581,45.486164963025644,1.421980800252527,False,True,False,True,False,0.0,0.0,0.0,0.0,0.0,0,1.0488021295474703,0.8961845607808345,False,False,False,False,0.0046742170806968065,0.003970218608746601,False,False,False,False,-5055.0,830.9867399546043,False,False,False,False,347.13646170560196,False,False,False,False
2025-08-18 14:00:00+00:00,20.64,20.64,20.64,20.64,103.0,,,,,,,,,,,,,,20.706902325718154,20.684263677608755,20.58597141097965,20.770068722224774,20.836710327253467,20.837193171191725,20.83504748067761,20.703706148913266,20.590127114145986,20.589348716848107,20.509425840857148,20.20467420447143,20.202939231208617,20.051562513204054,19.646579826129525,,,,20.837193171191725,20.590127114145986,20.20467420447143,,20.516968047428815,"rgba(239, 83, 80, 1.0)",0.16240451109862514,20.736941249040388,-0.5969122925502792,43.7759821252807,-0.563636766106903,False,True,False,True,False,0.0,0.0,0.0,0.0,0.0,0,1.0423654015887016,0.8993821712268314,False,False,False,False,-0.012153608889587419,-0.004091695140420409,False,False,False,False,-5158.0,738.1342323584089,False,False,False,False,343.35140028380965,False,False,False,False
2025-08-18 15:00:00+00:00,20.64,20.64,20.635,20.635,40.0,,,,,,,,,,,,,,20.706655386598698,20.684111731843576,20.58607244282796,20.769946598312515,20.83659690131261,20.83709786844731,20.834953411178937,20.703682361707415,20.590140897210933,20.58936272007379,20.509459521162558,20.204766474079,20.20303182244331,20.051681156481568,19.64675289478553,,,,20.83709786844731,20.590140897210933,20.204766474079,,20.516954145897717,"rgba(239, 83, 80, 1.0)",0.15931723692664407,20.73676918307834,-0.6387832543518044,42.34499798971573,-2.2542159587731447,False,True,False,True,False,0.0,0.0,0.0,0.0,0.0,0,1.0416297608503093,0.9034543844109835,False,False,False,False,-0.014023617925592306,-0.009057656533006359,False,False,False,False,-5198.0,646.1011434846351,False,False,False,False,338.6482777987893,False,False,False,False
2025-08-18 16:00:00+00:00,20.635,20.655,20.635,20.655,100.0,,,,,,,,,,,,,,20.706147221980196,20.68382845077857,20.586381108191627,20.76966890441614,20.83633041266785,20.836873852811788,20.834732441339558,20.703633307335988,20.590183950736026,20.58940631707612,20.50955135920362,20.205003202151868,20.203269350786535,20.051983465491197,19.64719039798018,,,,20.836873852811788,20.590183950736026,20.205003202151868,,20.51694558286315,"rgba(239, 83, 80, 1.0)",0.1575138203573331,20.736588574263187,-0.5179772421118091,43.17974888213597,-2.2542159587731447,False,True,False,True,False,0.0,0.0,0.0,0.0,0.0,0,1.041926851025869,0.9063336306868869,False,False,False,False,-0.00841383271411255,-0.008735744623559454,False,False,False,False,-5098.0,557.0453118027028,False,False,False,False,334.94830449958323,False,False,False,False
2025-08-18 17:00:00+00:00,20.655,20.66,20.655,20.66,60.0,,,,,,,,,,,,,,20.70589855826183,20.68370790648805,20.586594500189477,20.76951657773522,20.836179367144695,20.836746813876623,20.834607209765515,20.703609231241664,20.590214189400722,20.589436878185285,20.50961037000803,20.205148318874933,20.203414945636258,20.052167743024796,19.64745533667262,,,,20.836746813876623,20.590214189400722,20.205148318874933,,20.516953863100387,"rgba(239, 83, 80, 1.0)",0.15474367064136227,20.736576001318497,-0.4948570820448679,44.18356701889759,-2.2542159587731447,False,True,False,True,False,0.0,0.0,0.0,0.0,0.0,0,1.0428954423592485,0.899910634495085,False,False,False,False,0.0009348069652368612,-0.0039004688291612967,False,False,False,False,-5038.0,470.3004232476221,False,False,False,False,330.68554008873696,False,False,False,False
2025-08-18 18:00:00+00:00,20.66,20.665,20.66,20.665,100.0,,,,,,,,,,,,,,20.705532783363417,20.683548605681523,20.586971947600542,20.769274999620826,20.835935255016043,20.83654140607725,20.834404794264206,20.703573586330602,20.590268222450486,20.589491445323176,20.50971192042773,20.20539263991243,20.203660061574126,20.05247715479055,19.647898775304718,,,,20.83654140607725,20.590268222450486,20.20539263991243,,20.51697890651584,"rgba(239, 83, 80, 0.75)",0.1533690126916548,20.736602953550005,-0.466867148020062,45.330684296127856,-2.2542159587731447,False,True,False,True,True,0.0,0.0,0.0,0.0,0.0,0,1.0446827524575502,0.896336014298481,False,False,False,False,0.0046742170806968065,0.0003868741257677549,False,False,False,False,-4938.0,386.4508042825427,False,False,False,False,327.10902008736116,False,False,False,False
2025-08-18 19:00:00+00:00,20.665,20.69,20.665,20.69,13.0,,,,,,,,,,,,,,20.705506151645213,20.68354669478508,20.587032458382488,20.769249095912855,20.835906936462425,20.836517561416585,20.834381331631757,20.70357106617702,20.590277001931,20.58950029288127,20.50972668643914,20.205425653302928,20.203693177579083,20.052518561829473,19.647957434178362,,,,20.836517561416585,20.590277001931,20.205425653302928,,20.516987340303647,#000000,0.15060538496993078,20.736636276953917,-0.30965876129347203,48.370970171737575,-6.1219223520204835,False,True,False,False,True,0.5333055201110888,0.0,0.0,0.0,0.0,0,1.0547576301615786,0.8904847396768402,False,False,False,False,0.015893650233338087,0.008140262179552922,False,False,False,False,-4925.0,304.102729797542,False,False,False,False,322.239112799185,False,False,False,False
2025-08-19 14:00:00+00:00,20.72,20.735,20.72,20.72,201.0,,,,,,,,,,,,,,20.705836778893488,20.68418742950887,20.588382250344768,20.769047726861086,20.835593048906404,20.836252727301357,20.834122155552137,20.70360911376901,20.59047679477437,20.589701089427425,20.51001212700927,20.205981901271944,20.204250986174944,20.05320213345203,19.648901528531866,,,,20.836252727301357,20.59047679477437,20.205981901271944,,20.51730385278527,"rgba(38, 166, 154, 0.5)",0.15000984952633628,20.739088058126825,-0.12724536546831774,52.66965153627876,-2.0426505081521285,False,True,True,False,True,2.0602339701275625,0.0,0.0,0.0,0.0,0,1.058981233243967,0.882931188561215,False,False,False,False,0.05333659524200202,0.030738428710777473,False,False,False,False,-4724.0,226.14764871540956,False,False,False,False,320.3594366317558,False,False,False,False
2025-08-19 15:00:00+00:00,20.72,20.72,20.66,20.66,0.0,,,,,,,,,,,,,,20.705836778893488,20.68418742950887,20.588382250344768,20.769047726861086,20.835593048906404,20.836252727301357,20.834122155552137,20.70360911376901,20.59047679477437,20.589701089427425,20.51001212700927,20.205981901271944,20.204250986174944,20.05320213345203,19.648901528531866,,,,20.836252727301357,20.59047679477437,20.205981901271944,,20.51730385278527,#000000,0.14909613562268087,20.739088058126825,-0.5304500870966482,50.39161673645468,-2.0426505081521285,False,True,False,False,False,0.0,0.0,0.0,0.0,0.0,0,1.049866429207479,0.8878005342831701,False,False,False,False,0.02524611525477901,0.02799227198277824,False,False,False,False,-4724.0,149.40117354152724,False,False,False,False,315.3926236607208,False,False,False,False
2025-08-19 16:00:00+00:00,20.66,20.66,20.58,20.625,13.0,,,,,,,,,,,,,,20.705744549336934,20.684124990397173,20.588403297986183,20.769004360848943,20.83555389748426,20.836219772950102,20.83408960184813,20.70359970499652,20.59047978605681,20.589704152844334,20.51002170141753,20.206010682019542,20.204279871535565,20.05323950368814,19.648956674428813,,,,20.836219772950102,20.59047978605681,20.206010682019542,,20.517295503189267,"rgba(239, 83, 80, 1.0)",0.14823201317424323,20.738695251917555,-0.7670087552808789,46.70573928349957,1.8857105777459822,False,True,False,True,False,0.0,0.0,0.0,0.0,0.0,0,1.0284444444444432,0.911111111111111,False,False,False,False,-0.02711716073501285,0.0004375556238826947,False,False,False,False,-4737.0,73.64301581220123,False,False,False,False,310.70436592954684,False,False,False,False
2025-08-19 17:00:00+00:00,20.625,20.625,20.625,20.625,0.0,,,,,,,,,,,,,,20.705744549336934,20.684124990397173,20.588403297986183,20.769004360848943,20.83555389748426,20.836219772950102,20.83408960184813,20.70359970499652,20.59047978605681,20.589704152844334,20.51002170141753,20.206010682019542,20.204279871535565,20.05323950368814,19.648956674428813,,,,20.836219772950102,20.59047978605681,20.206010682019542,,20.517295503189267,"rgba(239, 83, 80, 1.0)",0.14284298063634782,20.738695251917555,-0.7959456699311149,44.24848764819616,-0.34873586043390503,False,True,False,True,False,0.0,0.0,0.0,0.0,0.0,0,1.0241718889883606,0.9239033124440463,False,False,False,False,-0.023375396141083905,-0.011468920258600605,False,False,False,False,-4737.0,-0.9405968360499486,False,False,False,False,305.8872439771508,False,False,False,False
2025-08-19 18:00:00+00:00,20.625,20.625,20.625,20.625,0.0,,,,,,,,,,,,,,20.705744549336934,20.684124990397173,20.588403297986183,20.769004360848943,20.83555389748426,20.836219772950102,20.83408960184813,20.70359970499652,20.59047978605681,20.589704152844334,20.51002170141753,20.206010682019542,20.204279871535565,20.05323950368814,19.648956674428813,,,,20.836219772950102,20.59047978605681,20.206010682019542,,20.517295503189267,"rgba(239, 83, 80, 1.0)",0.13803126685859698,20.738695251917555,-0.823692011999192,42.61031989132723,-1.896602575111686,False,True,False,True,False,0.0,0.0,0.0,0.0,0.0,0,1.017009847806624,0.9239033124440463,False,False,False,False,-0.023375396141083905,-0.017422158199842254,False,False,False,False,-4737.0,-74.36787440448329,False,False,False,False,301.14480608603213,False,False,False,False
2025-08-19 19:00:00+00:00,20.625,20.625,20.595,20.605,300.0,,,,,,,,,,,,,,20.70334210237861,20.682417586543515,20.588689951097898,20.767920722705583,20.834598292515377,20.83541500394344,20.83329414390077,20.703347941754252,20.590519212366587,20.58974526173839,20.510215861437903,20.206652478008046,20.20492408942746,20.054080334121025,19.650210117093025,,,,20.83541500394344,20.590519212366587,20.206652478008046,,20.517024873268788,"rgba(239, 83, 80, 1.0)",0.1328074539315399,20.733541897423102,-0.9678816483400298,40.161620280296376,-4.262362659379562,False,True,False,True,False,0.0,0.0,0.0,0.0,0.0,0,1.017009847806624,0.9239033124440463,False,False,False,False,-0.03460307291468859,-0.02601261555726542,False,False,False,False,-5037.0,-151.30790735945254,False,False,False,False,301.1270571544658,False,False,False,False
2025-08-20 14:00:00+00:00,20.445,20.445,20.41,20.41,102.0,,,,,,,,,,,,,,20.700999782596885,20.680435576421495,20.587877146946564,20.767128539278808,20.83400867921886,20.834918815326905,20.83280160480502,20.703095070453532,20.590392528245268,20.58961925097267,20.510156442222303,20.206769033586152,20.205041520151017,20.05426954960958,19.650552658308662,,,,20.834918815326905,20.590392528245268,20.206769033586152,,20.516537746542912,"rgba(239, 83, 80, 1.0)",0.1288954461414141,20.729361076547253,-2.477675403651379,32.280399514295596,-11.525420734064923,False,True,False,True,False,0.0,0.0,0.0,0.0,0.0,0,1.0086655112651635,0.9263431542461003,False,False,False,False,-0.17277541502940505,-0.09939401529333523,False,False,False,False,-5139.0,-228.636466935275,False,False,False,False,298.03981595827247,False,False,False,False
2025-08-20 15:00:00+00:00,20.41,20.505,20.41,20.49,0.0,,,,,,,,,,,,,,20.700999782596885,20.680435576421495,20.587877146946564,20.767128539278808,20.83400867921886,20.834918815326905,20.83280160480502,20.703095070453532,20.590392528245268,20.58961925097267,20.510156442222303,20.206769033586152,20.205041520151017,20.05426954960958,19.650552658308662,,,,20.834918815326905,20.590392528245268,20.206769033586152,,20.516537746542912,"rgba(239, 83, 80, 1.0)",0.12463416736847742,20.729361076547253,-1.920509292123645,32.508621186039086,-11.525420734064923,False,True,False,True,False,0.0,0.0,0.0,0.0,0.0,0,1.0172265288544349,0.9164513350559862,False,False,False,False,-0.14974967375417417,-0.1245718445237547,False,False,False,False,-5139.0,-304.76613411457305,False,False,False,False,293.4190436178341,False,False,False,False
2025-08-20 16:00:00+00:00,20.49,20.49,20.49,20.49,0.0,,,,,,,,,,,,,,20.700999782596885,20.680435576421495,20.587877146946564,20.767128539278808,20.83400867921886,20.834918815326905,20.83280160480502,20.703095070453532,20.590392528245268,20.58961925097267,20.510156442222303,20.206769033586152,20.205041520151017,20.05426954960958,19.650552658308662,,,,20.834918815326905,20.590392528245268,20.206769033586152,,20.516537746542912,"rgba(239, 83, 80, 1.0)",0.11849727255747848,20.729361076547253,-2.0199711890512044,32.66076896720141,-11.525420734064923,False,True,False,True,False,0.0,0.0,0.0,0.0,0.0,0,1.0317180616740076,0.9277533039647582,False,False,False,False,-0.1249810054727837,-0.12477642499826919,False,False,False,False,-5139.0,-379.71549637636264,False,False,False,False,288.8699111586429,False,False,False,False
2025-08-20 17:00:00+00:00,20.49,20.49,20.49,20.49,0.0,,,,,,,,,,,,,,20.700999782596885,20.680435576421495,20.587877146946564,20.767128539278808,20.83400867921886,20.834918815326905,20.83280160480502,20.703095070453532,20.590392528245268,20.58961925097267,20.510156442222303,20.206769033586152,20.205041520151017,20.05426954960958,19.650552658308662,,,,20.834918815326905,20.590392528245268,20.206769033586152,,20.516537746542912,"rgba(239, 83, 80, 1.0)",0.11192810594689076,20.729361076547253,-2.138525212432612,32.762200821309634,-11.525420734064923,False,True,False,True,False,0.0,0.0,0.0,0.0,0.0,0,1.0446030330062432,0.9268510258697595,False,False,False,False,-0.1249810054727837,-0.12487871523552643,False,False,False,False,-5139.0,-453.5028530216903,False,False,False,False,284.39130788486545,False,False,False,False
2025-08-20 18:00:00+00:00,20.49,20.585,20.49,20.54,100.0,,,,,,,,,,,,,,20.69968434956063,20.679384446581356,20.58764189616967,20.76661649844461,20.83359534959576,20.834570518165332,20.832456567928997,20.702950188033295,20.590354264055904,20.589581582838793,20.51017496685405,20.20694515119808,20.205218462322573,20.054513713048262,19.650938952223477,,,,20.834570518165332,20.590354264055904,20.20694515119808,,20.516308460468053,"rgba(239, 83, 80, 0.75)",0.1042875874726139,20.727794925700152,-1.800740915111,36.16299201506912,-11.525420734064923,False,True,False,True,True,0.0,0.0,0.0,0.0,0.0,0,1.0438596491228058,0.8991228070175438,False,False,False,False,-0.08904482651662539,-0.10696177087607592,False,False,False,False,-5039.0,-524.5958320446099,False,False,False,False,281.53252791765823,False,False,False,False
2025-08-20 19:00:00+00:00,20.54,20.605,20.54,20.605,900.0,,,,,,,,,,,,,,20.691790793507217,20.673389162447695,20.58746531572556,20.762997718447675,20.830485860886764,20.831942911151643,20.8298568402826,20.702010960760543,20.590308124987835,20.589540551518162,20.51060529612323,20.20873593144539,20.20701651678628,20.056903510181417,19.65457606622746,,,,20.831942911151643,20.590308124987835,20.20873593144539,,20.515175037365296,"rgba(239, 83, 80, 0.75)",0.10331117170062128,20.722747823284113,-1.1397395010224667,41.834995502985024,-14.243361861547378,False,True,False,True,True,0.0,0.0,0.0,0.0,0.0,0,1.054529463500439,0.8953386103781882,False,False,False,False,-0.06271669163042597,-0.08483923125325094,False,False,False,False,-4139.0,-580.6331059663988,False,False,False,False,291.12117089567903,False,False,False,False
2025-08-21 14:00:00+00:00,20.45,20.45,20.45,20.45,0.0,,,,,,,,,,,,,,20.691790793507217,20.673389162447695,20.58746531572556,20.762997718447675,20.830485860886764,20.831942911151643,20.8298568402826,20.702010960760543,20.590308124987835,20.589540551518162,20.51060529612323,20.20873593144539,20.20701651678628,20.056903510181417,19.65457606622746,,,,20.831942911151643,20.590308124987835,20.20873593144539,,20.515175037365296,"rgba(239, 83, 80, 0.75)",0.10350492872432374,20.722747823284113,-2.635119183653113,39.86368045813883,-14.243361861547378,False,True,False,True,True,0.0,0.0,0.0,0.0,0.0,0,1.0422413793103438,0.9025862068965519,False,False,False,False,-0.15549042178709174,-0.12016482652017134,False,False,False,False,-4139.0,-635.8015849436639,False,False,False,False,286.6076643701646,False,False,False,False
2025-08-21 15:00:00+00:00,20.45,20.57,20.45,20.57,100.0,,,,,,,,,,,,,,20.690580328195924,20.6724015657644,20.587204820187367,20.762487686885724,20.830071597619533,20.831592438259054,20.829509558664554,20.701861022248185,20.59026412116083,20.589497139426822,20.510617963706835,20.20890567622834,20.207187080829335,20.057140944054677,19.654955333160036,,,,20.831592438259054,20.59026412116083,20.20890567622834,,20.514951818426105,"rgba(239, 83, 80, 0.75)",0.10108978259003745,20.72181765118852,-1.5018100474526224,43.25638843102763,-13.119971232377104,False,True,False,True,True,0.0,0.0,0.0,0.0,0.0,0,1.040102389078497,0.8882252559726959,False,False,False,False,-0.10981612188168266,-0.114990474200927,False,False,False,False,-4039.0,-688.5643510685683,False,False,False,False,283.71452228690623,False,False,False,False
2025-08-21 16:00:00+00:00,20.57,20.57,20.47,20.47,900.0,,,,,,,,,,,,,,20.678767465769432,20.662533130120845,20.583917174796746,20.75748073331474,20.82606717959192,20.82819872185143,20.826144758760858,20.70031567218182,20.589696983975106,20.58893541322594,20.510575392573845,20.210299138107857,20.20858794714659,20.059147264939348,19.65825043155532,,,,20.82819872185143,20.589696983975106,20.210299138107857,,20.512594493860785,"rgba(239, 83, 80, 0.75)",0.09988267892636031,20.713292786960977,-2.435785559379609,42.66214907265185,-13.119971232377104,False,True,False,True,True,0.0,0.0,0.0,0.0,0.0,0,1.0371329879101887,0.9032815198618308,False,False,False,False,-0.10225293271765322,-0.10862170345929012,False,False,False,False,-4939.0,-754.4625781837842,False,False,False,False,293.2693358948612,False,False,False,False
2025-08-21 17:00:00+00:00,20.45,20.45,20.365,20.365,600.0,,,,,,,,,,,,,20.39333333333333,20.66724718597247,20.652450111326132,20.579063596491228,20.752850073119564,20.822560185497842,20.825221992782133,20.82318853118406,20.69873085185409,20.58884663038667,20.588088968544756,20.510120392829048,20.21087482897629,20.209168718760175,20.06014605769584,19.660148889462807,,,,20.825221992782133,20.58884663038667,20.21087482897629,,20.50262752176353,"rgba(239, 83, 80, 1.0)",0.10213429597530571,20.685673970621753,-3.1397286049662307,39.94030694385048,-13.119971232377104,False,True,False,True,False,0.0,0.0,0.0,0.0,0.0,0,1.01102629346904,0.9202714164546226,False,False,False,False,-0.18822583645403365,-0.1484237699566619,False,False,False,False,-5539.0,-828.6414529406247,False,False,False,False,298.02485006703387,False,False,False,False
2025-08-21 18:00:00+00:00,20.365,20.365,20.365,20.365,0.0,,,,,,,,,,,,,20.39333333333333,20.66724718597247,20.652450111326132,20.579063596491228,20.752850073119564,20.822560185497842,20.825221992782133,20.82318853118406,20.69873085185409,20.58884663038667,20.588088968544756,20.510120392829048,20.21087482897629,20.209168718760175,20.06014605769584,19.660148889462807,,,,20.825221992782133,20.58884663038667,20.21087482897629,,20.50262752176353,"rgba(239, 83, 80, 1.0)",0.10432485646111725,20.685673970621753,-3.073802174281185,38.12574552464957,-13.119971232377104,False,True,False,True,False,0.0,0.0,0.0,0.0,0.0,0,1.0111587982832602,0.9459227467811162,False,False,False,False,-0.22136502582821396,-0.18489439789243794,False,False,False,False,-5539.0,-901.6702676237159,False,False,False,False,293.40430975591704,False,False,False,False
2025-08-21 19:00:00+00:00,20.365,20.44,20.365,20.44,25.0,,,,,,,,,,,20.415,20.415,20.394199999999998,20.666823696640034,20.65208011302252,20.578889689774574,20.752671157430953,20.822422607795474,20.8251050244455,20.823072395649575,20.698669832367,20.588815267564847,20.588057764926177,20.510105014119738,20.210901576619097,20.209195675975863,20.060190242339438,19.660230110396174,,,20.415,20.8251050244455,20.588815267564847,20.210901576619097,,20.49285723161483,"rgba(239, 83, 80, 1.0)",0.1052178349556285,20.647083966237755,-1.9681450994033782,39.798313371141425,-13.119971232377104,False,True,False,True,False,0.0,1.0,20.44,20.365,0.0,0,1.0034275921165363,0.9400171379605824,False,False,False,False,-0.19210207959662992,-0.18849823874453392,False,False,False,False,-5514.0,-973.179255722573,False,False,False,False,289.2430026279184,False,False,False,False
2025-08-22 14:00:00+00:00,20.44,20.59,20.44,20.59,100.0,,,,,,,,,,,20.515,20.515,20.414310344827584,20.665977697729755,20.65138586058804,20.578725494335373,20.752221611566764,20.822041779036308,20.824780222075375,20.82275060911608,20.698533454810086,20.588780066870022,20.588023135437915,20.51012433486289,20.211073980554065,20.209368883746038,20.060429097450058,19.660608595581746,,,20.515,20.824780222075375,20.588780066870022,20.211073980554065,,20.504951953810448,"rgba(239, 83, 80, 0.5)",0.10453673004205227,20.657759246045092,-0.6481860109631775,45.25336597240707,-10.99131960618736,False,False,False,True,True,0.0,0.0,0.0,0.0,0.0,0,1.0059071729957794,0.9248945147679324,False,False,False,False,-0.10603301662927432,-0.14726562768690413,False,False,False,False,-5414.0,-1042.0291897423779,False,False,False,False,286.3090025871754,False,False,False,False
2025-08-22 15:00:00+00:00,20.59,20.59,20.59,20.59,0.0,,,,,,,,,,,20.515,20.515,20.414310344827584,20.665977697729755,20.65138586058804,20.578725494335373,20.752221611566764,20.822041779036308,20.824780222075375,20.82275060911608,20.698533454810086,20.588780066870022,20.588023135437915,20.51012433486289,20.211073980554065,20.209368883746038,20.060429097450058,19.660608595581746,,,20.515,20.824780222075375,20.588780066870022,20.211073980554065,,20.504951953810448,#000000,0.10353560557401736,20.657759246045092,-0.6544535637708855,48.89006770658416,-7.607005257134148,False,False,False,False,True,0.0,0.0,0.0,0.0,0.0,0,1.0211148648648638,0.925675675675676,False,False,False,False,-0.048788706339120004,-0.09802716701301206,False,False,False,False,-5414.0,-1109.8116829246665,False,False,False,False,281.870103322258,False,False,False,False
2025-08-22 16:00:00+00:00,20.59,20.67,20.59,20.67,299.0,,,,,,,,,,,20.605499213836477,20.605499213836477,20.481183268229167,20.665534881185966,20.651239433193457,20.579530937291526,20.75153772904546,20.82132415154648,20.82416425400501,20.822142849050607,20.698391958506587,20.588897435528438,20.58814204703424,20.510381251249775,20.211749996948907,20.210047215513267,20.061295436545432,19.661871075802882,,,20.605499213836477,20.82416425400501,20.588897435528438,20.211749996948907,,20.518801797130564,"rgba(38, 166, 154, 1.0)",0.10273731043253781,20.670948552541834,-0.009232795153372053,53.27080334010388,-3.5659881948969527,True,False,True,False,True,1.4434677353187055,0.0,0.0,0.0,0.0,0,1.0208333333333321,0.9124999999999995,False,False,False,False,-0.016973094061468075,-0.05750013053724007,False,False,False,False,-5115.0,-1171.907625825059,False,False,False,False,282.13568311571134,False,False,False,False
2025-08-22 17:00:00+00:00,20.67,20.71,20.65,20.71,284.0,,,,,,,,,,,20.639395009416194,20.639395009416194,20.526522680937816,20.6659810153675,20.651897530938008,20.580823718477006,20.751172802127062,20.820825160884624,20.82373303833138,20.82171904643598,20.698371575913594,20.589103619129688,20.5883496220819,20.51070969590441,20.21245936286263,20.210758739190222,20.06218171830587,19.66312409524463,,,20.639395009416194,20.82373303833138,20.589103619129688,20.21245936286263,,20.52536241338693,"rgba(38, 166, 154, 1.0)",0.1022865608987662,20.67795841658338,0.3132531110155617,57.077626404820016,-0.08379566087321422,True,False,True,False,True,2.862820312988376,0.0,0.0,0.0,0.0,0,1.0348837209302308,0.9086378737541526,False,False,False,False,0.02895541595506711,-0.014272357291086479,False,False,False,False,-4831.0,-1228.6377401533528,False,False,False,False,282.1645872534523,False,False,False,False
2025-08-22 18:00:00+00:00,20.71,20.71,20.71,20.71,0.0,,,,,,,,,,,20.639395009416194,20.639395009416194,20.526522680937816,20.6659810153675,20.651897530938008,20.580823718477006,20.751172802127062,20.820825160884624,20.82373303833138,20.82171904643598,20.698371575913594,20.589103619129688,20.5883496220819,20.51070969590441,20.21245936286263,20.210758739190222,20.06218171830587,19.66312409524463,,,20.639395009416194,20.82373303833138,20.589103619129688,20.21245936286263,,20.52536241338693,"rgba(38, 166, 154, 1.0)",0.10214382193905137,20.67795841658338,0.313690860674278,59.6155084479641,2.2789915209410623,True,False,True,False,True,2.862820312988376,0.0,0.0,0.0,0.0,0,1.0519262981574526,0.9028475711892794,False,False,False,False,0.052152449849890335,0.018940046279401927,False,False,False,False,-4831.0,-1284.4883178253938,False,False,False,False,277.78994248983287,False,False,False,False
2025-08-22 19:00:00+00:00,20.71,20.715,20.71,20.715,3.0,,,,,,,,,,,20.63970698546648,20.63970698546648,20.526950165268243,20.66599013502815,20.65190854751943,20.580840097235384,20.751170431926067,20.820820846600476,20.82372929020867,20.821715374625928,20.698371959771496,20.589106295283027,20.588352312545897,20.510713609673193,20.212467210517726,20.210766609421324,20.06219141455507,19.66313761545316,,,20.63970698546648,20.82372929020867,20.589106295283027,20.212467210517726,,20.525424771475898,"rgba(38, 166, 154, 1.0)",0.10166598729628823,20.678028207059818,0.36365940983226047,61.436401384446114,4.099195129604709,True,False,True,False,True,3.0435363595352065,0.0,0.0,0.0,0.0,0,1.052144659377627,0.8982338099243061,False,False,False,False,0.054087725378003056,0.03651388582870249,False,False,False,False,-4828.0,-1339.426483440504,False,False,False,False,273.52963330394397,False,False,False,False
2025-08-25 14:00:00+00:00,20.71,20.71,20.71,20.71,0.0,,,,,,,,,,,20.63970698546648,20.63970698546648,20.526950165268243,20.66599013502815,20.65190854751943,20.580840097235384,20.751170431926067,20.820820846600476,20.82372929020867,20.821715374625928,20.698371959771496,20.589106295283027,20.588352312545897,20.510713609673193,20.212467210517726,20.210766609421324,20.06219141455507,19.66313761545316,,,20.63970698546648,20.82372929020867,20.589106295283027,20.212467210517726,,20.525424771475898,"rgba(38, 166, 154, 1.0)",0.10102996611901799,20.678028207059818,0.31645851392763025,62.38616290162942,5.24702757545959,True,False,True,False,True,2.844542510158952,0.0,0.0,0.0,0.0,0,1.0462184873949572,0.8983193277310924,False,False,False,False,0.052152449849890335,0.04433316783929642,False,False,False,False,-4828.0,-1393.5128945499534,False,False,False,False,269.28886379535567,False,False,False,False
2025-08-25 15:00:00+00:00,20.71,20.73,20.71,20.73,47.0,,,,,,,,,,,20.64489226033421,20.64489226033421,20.533746931762394,20.66616263440861,20.65210864079792,20.58111549743674,20.751143141222208,20.82075958534443,20.82367591890902,20.82166318668501,20.698381988790015,20.589151580408206,20.588397819381683,20.51077793082438,20.212592579055755,20.21089233030653,20.06234561713448,19.663351403106823,,,20.64489226033421,20.82367591890902,20.589151580408206,20.212592579055755,,20.526447294791257,"rgba(38, 166, 154, 1.0)",0.10046437224233144,20.679179099917217,0.5058599277383381,63.63782083594437,6.785850523739647,True,False,True,False,True,3.5877487595475195,0.0,0.0,0.0,0.0,0,1.052276559865092,0.8954468802698149,False,False,False,False,0.05989603956466979,0.052114603701983106,False,False,False,False,-4781.0,-1446.0320744794114,False,False,False,False,265.84252482178425,False,False,False,False
2025-08-25 16:00:00+00:00,20.73,20.735,20.73,20.735,0.0,,,,,,,,,,,20.64489226033421,20.64489226033421,20.533746931762394,20.66616263440861,20.65210864079792,20.58111549743674,20.751143141222208,20.82075958534443,20.82367591890902,20.82166318668501,20.698381988790015,20.589151580408206,20.588397819381683,20.51077793082438,20.212592579055755,20.21089233030653,20.06234561713448,19.663351403106823,,,20.64489226033421,20.82367591890902,20.589151580408206,20.212592579055755,,20.526447294791257,"rgba(38, 166, 154, 1.0)",0.09985426317303278,20.679179099917217,0.5590237042363716,64.63479596576998,8.140992562008556,True,False,True,False,True,3.774897618431261,0.0,0.0,0.0,0.0,0,1.0534351145038159,0.8965224766751485,False,False,False,False,0.06958573580172836,0.06085016975185573,False,False,False,False,-4781.0,-1497.7370035572499,False,False,False,False,261.72093528966354,False,False,False,False
2025-08-25 17:00:00+00:00,20.735,20.735,20.735,20.735,0.0,,,,,,,,,,,20.64489226033421,20.64489226033421,20.533746931762394,20.66616263440861,20.65210864079792,20.58111549743674,20.751143141222208,20.82075958534443,20.82367591890902,20.82166318668501,20.698381988790015,20.589151580408206,20.588397819381683,20.51077793082438,20.212592579055755,20.21089233030653,20.06234561713448,19.663351403106823,,,20.64489226033421,20.82367591890902,20.589151580408206,20.212592579055755,,20.526447294791257,"rgba(38, 166, 154, 1.0)",0.10035760384048593,20.679179099917217,0.5562199369716637,65.29944605232039,9.228156597458089,True,False,True,False,True,3.774897618431261,0.0,0.0,0.0,0.0,0,1.0596760443307742,0.8891730605285595,False,False,False,False,0.07152518349421191,0.06618767662303382,False,False,False,False,-4781.0,-1548.64030582768,False,False,False,False,257.66324637044397,False,False,False,False
2025-08-25 18:00:00+00:00,20.75,20.75,20.73,20.735,121.0,,,,,,,,,,,20.65775502464922,20.65775502464922,20.550484561640747,20.666717264740136,20.65272606225589,20.581893899095707,20.751110891487397,20.820626451664566,20.823559278001163,20.821549541832432,20.6984232707088,20.589281042235946,20.5885278420805,20.510955017879663,20.212924524199657,20.211225177018328,20.06275127748601,19.6639091791417,,,20.65775502464922,20.823559278001163,20.589281042235946,20.212924524199657,,20.52900974059817,"rgba(38, 166, 154, 1.0)",0.10071085182655733,20.677866455390962,0.5673027640301544,65.74254611002067,10.140207154878269,True,False,True,False,True,3.774897618431261,0.0,0.0,0.0,0.0,0,1.0573630136986292,0.89041095890411,False,False,False,False,0.07540570564604557,0.0707966911345397,False,False,False,False,-4781.0,-1598.7544096132974,False,False,False,False,255.54443634919676,False,False,False,False
2025-08-25 19:00:00+00:00,20.73,20.735,20.71,20.71,400.0,,,,,,,,,,,20.67670054730258,20.67670054730258,20.586216072378924,20.667996077216895,20.654243168767103,20.58409107988781,20.750840349139544,20.82008316293561,20.823085990794453,20.82108628898637,20.698491049645398,20.58965020870432,20.588898897790106,20.511487152840157,20.213977228939527,20.212280877064263,20.064049247730175,19.665714707682817,,,20.67670054730258,20.823085990794453,20.58965020870432,20.213977228939527,,20.53364403639492,"rgba(38, 166, 154, 1.0)",0.10065358485468426,20.68288488947479,0.269390410330233,63.97266329951343,10.140207154878269,True,False,True,False,True,2.693240845219126,0.0,0.0,0.0,0.0,0,1.046114432109307,0.8949615713065758,False,False,False,False,0.06648828745217525,0.06864248929335748,False,False,False,False,-5181.0,-1654.293100937122,False,False,False,False,257.7840574910697,False,False,False,False
2025-08-26 14:00:00+00:00,20.71,20.71,20.71,20.71,0.0,,,,,,,,,,,20.67670054730258,20.67670054730258,20.586216072378924,20.667996077216895,20.654243168767103,20.58409107988781,20.750840349139544,20.82008316293561,20.823085990794453,20.82108628898637,20.698491049645398,20.58965020870432,20.588898897790106,20.511487152840157,20.213977228939527,20.212280877064263,20.064049247730175,19.665714707682817,,,20.67670054730258,20.823085990794453,20.58965020870432,20.213977228939527,,20.53364403639492,"rgba(38, 166, 154, 0.75)",0.09894747901567973,20.68288488947479,0.27403538518566517,62.792741425841925,10.140207154878269,True,False,True,False,False,2.693240845219126,0.0,0.0,0.0,0.0,0,1.0488431876606672,0.8980291345329907,False,False,False,False,0.061334233459633763,0.06498836137649562,False,False,False,False,-5181.0,-1708.970727279182,False,False,False,False,253.78740543694457,False,False,False,False
2025-08-26 15:00:00+00:00,20.71,20.71,20.71,20.71,0.0,,,,,,,,,,,20.67670054730258,20.67670054730258,20.586216072378924,20.667996077216895,20.654243168767103,20.58409107988781,20.750840349139544,20.82008316293561,20.823085990794453,20.82108628898637,20.698491049645398,20.58965020870432,20.588898897790106,20.511487152840157,20.213977228939527,20.212280877064263,20.064049247730175,19.665714707682817,,,20.67670054730258,20.823085990794453,20.58965020870432,20.213977228939527,,20.53364403639492,"rgba(38, 166, 154, 0.75)",0.09656370720671459,20.68288488947479,0.2808002230813986,62.006126843394256,10.140207154878269,True,False,True,False,False,2.6932408452191368,0.0,0.0,0.0,0.0,0,1.0526315789473673,0.8973252804141503,False,False,False,False,0.09456655205541097,0.0797774567159533,False,False,False,False,-5181.0,-1762.8006384841558,False,False,False,False,249.85271698055783,False,False,False,False
2025-08-26 16:00:00+00:00,20.71,20.71,20.71,20.71,0.0,,,,,,,,,,,20.67670054730258,20.67670054730258,20.586216072378924,20.667996077216895,20.654243168767103,20.58409107988781,20.750840349139544,20.82008316293561,20.823085990794453,20.82108628898637,20.698491049645398,20.58965020870432,20.588898897790106,20.511487152840157,20.213977228939527,20.212280877064263,20.064049247730175,19.665714707682817,,,20.67670054730258,20.823085990794453,20.58965020870432,20.213977228939527,,20.53364403639492,"rgba(38, 166, 154, 0.75)",0.09584489158634184,20.68288488947479,0.2829061630351543,61.481717121762486,10.140207154878269,True,False,True,False,False,2.6932408452191368,0.0,0.0,0.0,0.0,0,1.0711150131694458,0.888498683055312,False,False,False,False,0.09456655205541097,0.08717200438568212,False,False,False,False,-5181.0,-1815.7959774223857,False,False,False,False,245.97903144597552,False,False,False,False
2025-08-26 17:00:00+00:00,20.71,20.71,20.71,20.71,0.0,,,,,,,,,,,20.67670054730258,20.67670054730258,20.586216072378924,20.667996077216895,20.654243168767103,20.58409107988781,20.750840349139544,20.82008316293561,20.823085990794453,20.82108628898637,20.698491049645398,20.58965020870432,20.588898897790106,20.511487152840157,20.213977228939527,20.212280877064263,20.064049247730175,19.665714707682817,,,20.67670054730258,20.823085990794453,20.58965020870432,20.213977228939527,,20.53364403639492,"rgba(38, 166, 154, 0.75)",0.09505223788992095,20.68288488947479,0.2852653564728697,61.13211064067464,10.140207154878269,True,False,True,False,False,2.6932408452191368,0.0,0.0,0.0,0.0,0,1.064430714916151,0.88261253309797,False,False,False,False,0.11195179888261302,0.09956190163414758,False,False,False,False,-5181.0,-1867.9696831987826,False,False,False,False,242.16540305146427,False,False,False,False
2025-08-26 18:00:00+00:00,20.71,20.71,20.71,20.71,0.0,,,,,,,,,,,20.67670054730258,20.67670054730258,20.586216072378924,20.667996077216895,20.654243168767103,20.58409107988781,20.750840349139544,20.82008316293561,20.823085990794453,20.82108628898637,20.698491049645398,20.58965020870432,20.588898897790106,20.511487152840157,20.213977228939527,20.212280877064263,20.064049247730175,19.665714707682817,,,20.67670054730258,20.823085990794453,20.58965020870432,20.213977228939527,,20.53364403639492,"rgba(38, 166, 154, 0.75)",0.09418388186710944,20.68288488947479,0.28789544439749154,60.89903965328274,10.140207154878269,True,False,True,False,False,2.6932408452191368,0.0,0.0,0.0,0.0,0,1.0700976042590937,0.8766637089618455,False,False,False,False,0.11346745529860887,0.10651467846637822,False,False,False,False,-5181.0,-1919.3344943119796,False,False,False,False,238.41090067857334,False,False,False,False
2025-08-26 19:00:00+00:00,20.71,20.71,20.645,20.645,641.0,,,,,,,,,,20.666666666666668,20.673350694444444,20.673350694444444,20.606679894179894,20.66794531156917,20.654687087723207,20.586168432757717,20.74974152970967,20.81878844930111,20.821966626848106,20.81998358659001,20.69831837945055,20.590001649201742,20.589253514213365,20.512122642815324,20.2154831943313,20.21379170946114,20.06595515458324,19.66845382229052,,,20.673350694444444,20.821966626848106,20.590001649201742,20.2154831943313,,20.541721528451667,"rgba(38, 166, 154, 0.75)",0.09407836488105398,20.675296220113886,-0.32203174611070784,54.11767682537952,7.994495334141554,True,False,True,False,False,0.0,0.0,0.0,0.0,0.0,0,1.057167985927879,0.8759894459102905,False,False,False,False,0.08838002391455767,0.09744735119046793,False,False,False,False,-5822.0,-1979.840936260631,False,False,False,False,244.65259214092106,False,False,False,False
2025-08-27 14:00:00+00:00,20.645,20.73,20.645,20.73,100.0,,,,,,,,,20.701666666666664,20.671390013495277,20.674752475247526,20.674752475247526,20.61030534351145,20.668145011646732,20.654947521111666,20.586619950482145,20.74964382253116,20.818634453136973,20.821832472799308,20.819851924389436,20.698321211198603,20.590081085374994,20.589333425746897,20.512243660548027,20.21573538641895,20.21404464906007,20.06626866199153,19.66889472561235,,,20.674752475247526,20.821832472799308,20.590081085374994,20.21573538641895,,20.55037324681086,"rgba(38, 166, 154, 1.0)",0.09432753937551094,20.670034997632364,0.635710448556498,56.05845358467555,7.994495334141554,True,False,True,False,True,3.3854387121730127,0.0,0.0,0.0,0.0,0,1.0592334494773508,0.8736933797909411,False,False,False,False,0.11281656576644536,0.10513195847845665,False,False,False,False,-5722.0,-2037.8589062410863,False,False,False,False,242.40991629377498,False,False,False,False
2025-08-27 15:00:00+00:00,20.73,20.73,20.7,20.7,300.0,,,,,,,,,20.707916666666666,20.682516810758887,20.679310344827588,20.679310344827588,20.62054794520548,20.668875635206955,20.655848101495902,20.588050167439462,20.74940357150073,20.81820762665618,20.82145958602394,20.8194864173432,20.698350767526293,20.590336463834785,20.58959021413236,20.51262171950508,20.216503343121893,20.214814837821354,20.067219642429215,19.67022583532219,,,20.679310344827588,20.82145958602394,20.590336463834785,20.216503343121893,,20.552529802082283,"rgba(38, 166, 154, 1.0)",0.09413250197398189,20.673132017629648,0.2854272627086632,55.06184425432868,7.994495334141554,True,False,True,False,True,2.021984629714847,0.0,0.0,0.0,0.0,0,1.0721739130434769,0.8686956521739132,False,False,False,False,0.16024652647783905,0.13268924247814784,False,False,False,False,-6022.0,-2099.6285356016897,False,False,False,False,243.30278580860016,False,False,False,False
2025-08-27 16:00:00+00:00,20.7,20.72,20.7,20.72,0.0,,,,,,,,,20.707916666666666,20.682516810758887,20.679310344827588,20.679310344827588,20.62054794520548,20.668875635206955,20.655848101495902,20.588050167439462,20.74940357150073,20.81820762665618,20.82145958602394,20.8194864173432,20.698350767526293,20.590336463834785,20.58959021413236,20.51262171950508,20.216503343121893,20.214814837821354,20.067219642429215,19.67022583532219,,,20.679310344827588,20.82145958602394,20.590336463834785,20.216503343121893,,20.552529802082283,"rgba(38, 166, 154, 1.0)",0.09425416089913763,20.673132017629648,0.49725107011991737,55.63597630643754,7.994495334141554,True,False,True,False,True,2.875420869332448,0.0,0.0,0.0,0.0,0,1.0812937062937051,0.8662587412587418,False,False,False,False,0.15523497028538488,0.14396210638176637,False,False,False,False,-6022.0,-2160.4404962900358,False,False,False,False,239.53064959451333,False,False,False,False
2025-08-27 17:00:00+00:00,20.72,20.72,20.72,20.72,0.0,,,,,,,,,20.707916666666666,20.682516810758887,20.679310344827588,20.679310344827588,20.62054794520548,20.668875635206955,20.655848101495902,20.588050167439462,20.74940357150073,20.81820762665618,20.82145958602394,20.8194864173432,20.698350767526293,20.590336463834785,20.58959021413236,20.51262171950508,20.216503343121893,20.214814837821354,20.067219642429215,19.67022583532219,,,20.679310344827588,20.82145958602394,20.590336463834785,20.216503343121893,,20.552529802082283,"rgba(38, 166, 154, 1.0)",0.09450082224699954,20.673132017629648,0.49595317009888923,56.01873100784344,7.994495334141554,True,False,True,False,True,2.875420869332448,0.0,0.0,0.0,0.0,0,1.1040925266903896,0.8549822064056943,False,False,False,False,0.1652660766745151,0.15461409152814073,False,False,False,False,-6022.0,-2220.309635882438,False,False,False,False,235.81699611242786,False,False,False,False
2025-08-27 18:00:00+00:00,20.72,20.72,20.72,20.72,0.0,,,,,,,,,20.707916666666666,20.682516810758887,20.679310344827588,20.679310344827588,20.62054794520548,20.668875635206955,20.655848101495902,20.588050167439462,20.74940357150073,20.81820762665618,20.82145958602394,20.8194864173432,20.698350767526293,20.590336463834785,20.58959021413236,20.51262171950508,20.216503343121893,20.214814837821354,20.067219642429215,19.67022583532219,,,20.679310344827588,20.82145958602394,20.590336463834785,20.216503343121893,,20.552529802082283,"rgba(38, 166, 154, 1.0)",0.09472967703769096,20.673132017629648,0.49475501063624727,56.27390080878071,7.994495334141554,True,False,True,False,True,2.875420869332448,0.0,0.0,0.0,0.0,0,1.091479820627801,0.8573991031390139,False,False,False,False,0.1652660766745151,0.15994008410132793,False,False,False,False,-6022.0,-2279.25057176023,False,False,False,False,232.16091865332044,False,False,False,False
2025-08-27 19:00:00+00:00,20.72,20.725,20.72,20.725,0.0,,,,,,,,,20.707916666666666,20.682516810758887,20.679310344827588,20.679310344827588,20.62054794520548,20.668875635206955,20.655848101495902,20.588050167439462,20.74940357150073,20.81820762665618,20.82145958602394,20.8194864173432,20.698350767526293,20.590336463834785,20.58959021413236,20.51262171950508,20.216503343121893,20.214814837821354,20.067219642429215,19.67022583532219,,,20.679310344827588,20.82145958602394,20.590336463834785,20.216503343121893,,20.552529802082283,"rgba(38, 166, 154, 1.0)",0.09503873084334537,20.673132017629648,0.5457562607380444,56.83884940229039,7.994495334141554,True,False,True,False,True,3.098766342951137,0.0,0.0,0.0,0.0,0,1.0872302158273366,0.8561151079136691,False,False,False,False,0.16777893464560706,0.1638595093734675,False,False,False,False,-6022.0,-2337.2776946786757,False,False,False,False,228.56152456567204,False,False,False,False
2025-08-28 14:00:00+00:00,20.725,20.87,20.725,20.83,146.0,,,,,,,,,20.734768009768008,20.697992137040156,20.686949175452824,20.686949175452824,20.6294901065449,20.670050388491426,20.657052474979714,20.58928590640129,20.74957686291098,20.818188781845976,20.821438320442958,20.81946838666813,20.698486059972875,20.59056216227716,20.589816524705096,20.512896588167145,20.21695051812446,20.21526305898096,20.06775208312832,19.67093355935475,,,20.686949175452824,20.821438320442958,20.59056216227716,20.21695051812446,,20.556193514035495,"rgba(38, 166, 154, 1.0)",0.09709139374162917,20.67804355342031,1.5650866747681234,62.72206188921357,8.936519936491841,True,False,True,False,True,7.573021827439796,0.0,0.0,0.0,0.0,0,1.0858895705521463,0.8308501314636286,False,False,False,False,0.24430246735204025,0.20408098836275387,False,False,False,False,-5876.0,-2392.141606389084,False,False,False,False,227.28150092899494,False,False,False,False
2025-08-28 15:00:00+00:00,20.83,20.83,20.83,20.83,0.0,,,,,,,,,20.734768009768008,20.697992137040156,20.686949175452824,20.686949175452824,20.6294901065449,20.670050388491426,20.657052474979714,20.58928590640129,20.74957686291098,20.818188781845976,20.821438320442958,20.81946838666813,20.698486059972875,20.59056216227716,20.589816524705096,20.512896588167145,20.21695051812446,20.21526305898096,20.06775208312832,19.67093355935475,,,20.686949175452824,20.821438320442958,20.59056216227716,20.21695051812446,,20.556193514035495,"rgba(38, 166, 154, 1.0)",0.0989989534931858,20.67804355342031,1.5349298272142675,66.64420354716236,12.431301476701847,True,False,True,False,True,7.573021827439796,0.0,0.0,0.0,0.0,0,1.1042944785276059,0.8378615249780901,False,False,False,False,0.2783024625455968,0.24119172545417533,False,False,False,False,-5876.0,-2446.1549148171603,False,False,False,False,223.75775672854542,False,False,False,False
2025-08-28 16:00:00+00:00,20.83,20.86,20.83,20.86,0.0,,,,,,,,,20.734768009768008,20.697992137040156,20.686949175452824,20.686949175452824,20.6294901065449,20.670050388491426,20.657052474979714,20.58928590640129,20.74957686291098,20.818188781845976,20.821438320442958,20.81946838666813,20.698486059972875,20.59056216227716,20.589816524705096,20.512896588167145,20.21695051812446,20.21526305898096,20.06775208312832,19.67093355935475,,,20.686949175452824,20.821438320442958,20.59056216227716,20.21695051812446,,20.556193514035495,"rgba(38, 166, 154, 1.0)",0.10146672112297946,20.67804355342031,1.7932623087244113,70.31716895699802,15.631975953019534,True,False,True,False,True,8.798573395060018,0.0,0.0,0.0,0.0,0,1.1125886524822677,0.8306737588652487,False,False,False,False,0.2942043718401347,0.267698048647155,False,False,False,False,-5876.0,-2499.330807610693,False,False,False,False,220.2886442211261,False,False,False,False
2025-08-28 17:00:00+00:00,20.86,20.87,20.86,20.87,200.0,,,,,,,,,20.770129579982125,20.722314347512615,20.70043135783946,20.70043135783946,20.644014084507038,20.67229333029128,20.659296137721878,20.591401217621193,20.750046640855395,20.818315189284785,20.821538472894208,20.819572680735078,20.698768985114725,20.590953195296166,20.590208336281773,20.51334647413277,20.21762230585902,20.21593624695137,20.068537565955513,19.671951265181747,,,20.70043135783946,20.821538472894208,20.590953195296166,20.21762230585902,,20.56185543859288,"rgba(38, 166, 154, 1.0)",0.1041513105796003,20.685878304526263,1.7678288871172547,73.0977681780355,18.019656774660902,True,False,True,False,True,9.205336201288777,0.0,0.0,0.0,0.0,0,1.115044247787609,0.8247787610619475,False,False,False,False,0.31563578456846697,0.29166691660781097,False,False,False,False,-5676.0,-2548.5814927640154,False,False,False,False,219.97409159754275,False,False,False,False
2025-08-28 18:00:00+00:00,20.87,20.88,20.86,20.88,192.0,,,,,,,,,20.79125444207534,20.74067764407853,20.71204688593422,20.71204688593422,20.656746674378248,20.674471150229447,20.66147313308965,20.59345023595024,20.750519673867444,20.81845256828752,20.82164834476839,20.819686482473728,20.699050448301836,20.591336598071805,20.590592478741204,20.51378541837343,20.218272527256882,20.216587807144357,20.06929646419008,19.67293207697998,,,20.71204688593422,20.82164834476839,20.591336598071805,20.218272527256882,,20.56621639700633,"rgba(38, 166, 154, 1.0)",0.10697275901426441,20.692167011421162,1.7558955224646489,75.29125992317883,19.94545602581138,True,False,True,False,True,9.615279772918747,0.0,0.0,0.0,0.0,0,1.1157613535173625,0.831700801424756,False,False,False,False,0.3210370757759531,0.306351996191882,False,False,False,False,-5484.0,-2594.091857217287,False,False,False,False,219.5403847510692,False,False,False,False
2025-08-28 19:00:00+00:00,20.88,20.89,20.86,20.88,200.0,,,,,,,,,20.806265377855887,20.75596589844482,20.72281338565511,20.72281338565511,20.66877073081829,20.676727293014952,20.663729185231777,20.595578242793103,20.751021841391175,20.818603591333396,20.821769649399357,20.819811848657512,20.699348264712714,20.59173957818422,20.590996224684222,20.514245743558533,20.218951910955667,20.21726858154568,20.07008873373503,19.673954886749527,,,20.72281338565511,20.821769649399357,20.59173957818422,20.218951910955667,,20.570023217718806,"rgba(38, 166, 154, 1.0)",0.10966238114226042,20.697820448400112,1.6612766356363655,76.75358775327439,21.30406003263664,True,False,True,False,True,9.615279772918758,0.0,0.0,0.0,0.0,0,1.105403011514613,0.8308237378210812,False,False,False,False,0.32645654188597056,0.31640426903892627,False,False,False,False,-5484.0,-2638.8966346247707,False,False,False,False,219.23743304950224,False,False,False,False
2025-08-29 14:00:00+00:00,20.91,20.93,20.91,20.91,899.0,,,,,,,,,20.854989363442968,20.809912870301222,20.766855361806083,20.766855361806083,20.717675371223752,20.688186969841862,20.67511238486183,20.606068430424834,20.753933743970812,20.81973394707148,20.82270090601461,20.820760340301288,20.70097393033668,20.593789339620663,20.593049234854284,20.516527352076803,20.222173180293098,20.220495981740342,20.073806528878944,19.67868322632615,,,20.766855361806083,20.82270090601461,20.593789339620663,20.222173180293098,,20.585114191259688,"rgba(38, 166, 154, 1.0)",0.11301965068692181,20.725786379301283,1.6299255888607478,78.76831324273816,23.268910835086572,True,False,True,False,True,10.863546665924897,0.0,0.0,0.0,0.0,0,1.1090425531914876,0.8351063829787237,False,False,False,False,0.34282814935759487,0.32961620919826057,False,False,False,False,-4585.0,-2669.0687798243866,False,False,False,False,229.77638757586652,False,False,False,False
2025-08-29 15:00:00+00:00,20.91,20.91,20.885,20.885,458.0,,,,,,,,,20.862028056112223,20.822096088435377,20.779975839939603,20.779975839939603,20.73371751412429,20.693060007261035,20.680003507226516,20.610771462615435,20.755171098363,20.820163628638184,20.823052272957653,20.821120613345748,20.70170423146215,20.594748939732018,20.59401053352626,20.517612606380762,20.223748108564173,20.222074045245154,20.075635963522775,19.681033152399646,,,20.779975839939603,20.823052272957653,20.594748939732018,20.223748108564173,,20.58958517548958,"rgba(38, 166, 154, 1.0)",0.11507721653619393,20.732630440410777,1.3240636520027564,76.63928107709724,23.268910835086572,True,False,True,False,True,9.491910303223428,0.0,0.0,0.0,0.0,0,1.1115075825156095,0.832292595896521,False,False,False,False,0.31936880476027674,0.3244925069792687,False,False,False,False,-5043.0,-2705.8739150209076,False,False,False,False,233.31473815608564,False,False,False,False
2025-08-29 16:00:00+00:00,20.885,20.91,20.885,20.895,100.0,,,,,,,,,20.863362877328193,20.82440049443758,20.78256035437431,20.78256035437431,20.736903225806447,20.694110555010923,20.681058650693156,20.611789789254974,20.755444794769637,20.820261022703146,20.823132142753796,20.821202409438516,20.70186570975794,20.594959972134273,20.594221934291195,20.517850825372896,20.224092703735213,20.222419322642914,20.076035941455704,19.681546435281934,,,20.78256035437431,20.823132142753796,20.594959972134273,20.224092703735213,,20.59048897578085,"rgba(38, 166, 154, 0.75)",0.11758359112075582,20.734057458564774,1.3687500092588716,75.71319658831719,23.268910835086572,True,False,True,False,False,9.91627231679188,0.0,0.0,0.0,0.0,0,1.1138433515482682,0.8506375227686706,False,False,False,False,0.31936880476027674,0.3219306558697727,False,False,False,False,-4943.0,-2740.5580403694203,False,False,False,False,231.247842990875,False,False,False,False
2025-08-29 17:00:00+00:00,20.895,20.895,20.875,20.88,300.0,,,,,,,,,20.865432354634425,20.82940045248869,20.788839044652132,20.788839044652132,20.74501569713758,20.696994902020563,20.683971312917983,20.614660734214393,20.756182641640077,20.82050099344746,20.8233274574267,20.82140356936004,20.70231549566521,20.59556340254964,20.594826487391998,20.518538598252007,20.22510392273162,20.2234325955529,20.077214082214102,19.683066818478913,,,20.788839044652132,20.8233274574267,20.59556340254964,20.22510392273162,,20.592731480371423,"rgba(38, 166, 154, 0.75)",0.11971343410936962,20.73755142010723,1.1899130699285432,73.05431666360232,28.44354881783248,True,False,True,False,False,9.082566732587019,0.0,0.0,0.0,0.0,0,1.132284921369101,0.8334875115633671,False,False,False,False,0.30648275266714803,0.31420670426846037,False,False,False,False,-5243.0,-2779.3555901311347,False,False,False,False,232.31376790574515,False,False,False,False
2025-08-29 18:00:00+00:00,20.88,20.89,20.85,20.89,200.0,,,,,,,,,20.866158319870756,20.831930763740186,20.792341641741444,20.792341641741444,20.749704956960517,20.69880237412605,20.68580354029983,20.616494546515025,20.756644283944482,20.820643095087483,20.823442576365792,20.821522595189105,20.70260311843568,20.595955001265384,20.595218839399454,20.518987324061325,20.22576953658398,20.224099579498045,20.077991121111555,19.684072653984156,,,20.792341641741444,20.823442576365792,20.595955001265384,20.22576953658398,,20.594026375496085,"rgba(38, 166, 154, 0.75)",0.12183222106668692,20.739571817553603,1.2347159161126835,71.91138422897389,27.18490342663631,True,False,True,False,False,9.519901274113597,0.0,0.0,0.0,0.0,0,1.1219739292364979,0.8342644320297952,False,False,False,False,0.2911483404611623,0.3026775223648113,False,False,False,False,-5043.0,-2814.4508522996443,False,False,False,False,231.81277925604368,False,False,False,False
2025-08-29 19:00:00+00:00,20.89,20.9,20.89,20.9,100.0,,,,,,,,,20.867113197704747,20.833618352450472,20.794381231671554,20.794381231671554,20.752276465441817,20.699792636337857,20.68680128387117,20.617471607090966,20.75691202340435,20.820739145083163,20.823521508853613,20.821603430903213,20.702763057405342,20.596164312843825,20.595428517439103,20.519223787461403,20.226112044231638,20.224442766243,20.07838878931102,19.684583359656315,,,20.794381231671554,20.823521508853613,20.596164312843825,20.226112044231638,,20.594785937453807,"rgba(38, 166, 154, 0.75)",0.1241538206062264,20.740800448665915,1.282276699635447,71.7751058738195,26.7772558468875,True,False,True,False,False,9.960219319486999,0.0,0.0,0.0,0.0,0,1.1342155009451778,0.8298676748582234,False,False,False,False,0.3167834980799698,0.30973051022239056,False,False,False,False,-4943.0,-2847.4516142794946,False,False,False,False,229.7691702753298,False,False,False,False
2025-09-01 14:00:00+00:00,20.9,20.9,20.9,20.9,0.0,,,,,,,,,20.867113197704747,20.833618352450472,20.794381231671554,20.794381231671554,20.752276465441817,20.699792636337857,20.68680128387117,20.617471607090966,20.75691202340435,20.820739145083163,20.823521508853613,20.821603430903213,20.702763057405342,20.596164312843825,20.595428517439103,20.519223787461403,20.226112044231638,20.224442766243,20.07838878931102,19.684583359656315,,,20.794381231671554,20.823521508853613,20.596164312843825,20.226112044231638,,20.594785937453807,"rgba(38, 166, 154, 0.75)",0.12640072841600208,20.740800448665915,1.2594828631852173,71.6842536370499,26.32172653113173,True,False,True,False,False,9.96021931948701,0.0,0.0,0.0,0.0,0,1.156881616939363,0.8094321462945143,False,False,False,False,0.321958247797688,0.31584437901003926,False,False,False,False,-4943.0,-2879.940736538727,False,False,False,False,226.2068575578828,False,False,False,False
2025-09-01 15:00:00+00:00,20.9,20.9,20.9,20.9,0.0,,,,,,,,,20.867113197704747,20.833618352450472,20.794381231671554,20.794381231671554,20.752276465441817,20.699792636337857,20.68680128387117,20.617471607090966,20.75691202340435,20.820739145083163,20.823521508853613,20.821603430903213,20.702763057405342,20.596164312843825,20.595428517439103,20.519223787461403,20.226112044231638,20.224442766243,20.07838878931102,19.684583359656315,,,20.794381231671554,20.823521508853613,20.596164312843825,20.226112044231638,,20.594785937453807,"rgba(38, 166, 154, 0.75)",0.12868345827022246,20.740800448665915,1.2371407597686732,71.62368547920352,25.848322942755544,True,False,True,False,False,9.96021931948701,0.0,0.0,0.0,0.0,0,1.1471442400774425,0.8063891577928364,False,False,False,False,0.321958247797688,0.31890131340386363,False,False,False,False,-4943.0,-2911.9261514761106,False,False,False,False,222.6997744949699,False,False,False,False
2025-09-01 16:00:00+00:00,20.9,20.9,20.9,20.9,0.0,,,,,,,,,20.867113197704747,20.833618352450472,20.794381231671554,20.794381231671554,20.752276465441817,20.699792636337857,20.68680128387117,20.617471607090966,20.75691202340435,20.820739145083163,20.823521508853613,20.821603430903213,20.702763057405342,20.596164312843825,20.595428517439103,20.519223787461403,20.226112044231638,20.224442766243,20.07838878931102,19.684583359656315,,,20.794381231671554,20.823521508853613,20.596164312843825,20.226112044231638,,20.594785937453807,"rgba(38, 166, 154, 0.75)",0.1309448339931785,20.740800448665915,1.2157757314990891,71.58330670730592,25.37878187396656,True,False,True,False,False,9.96021931948702,0.0,0.0,0.0,0.0,0,1.1700753498385343,0.7782561894510224,False,False,False,False,0.3210370757759531,0.31996919458990836,False,False,False,False,-4943.0,-2943.4156685074886,False,False,False,False,219.2470648128773,False,False,False,False
2025-09-01 17:00:00+00:00,20.9,20.9,20.9,20.9,0.0,,,,,,,,,20.867113197704747,20.833618352450472,20.794381231671554,20.794381231671554,20.752276465441817,20.699792636337857,20.68680128387117,20.617471607090966,20.75691202340435,20.820739145083163,20.823521508853613,20.821603430903213,20.702763057405342,20.596164312843825,20.595428517439103,20.519223787461403,20.226112044231638,20.224442766243,20.07838878931102,19.684583359656315,,,20.794381231671554,20.823521508853613,20.596164312843825,20.226112044231638,,20.594785937453807,"rgba(38, 166, 154, 0.75)",0.13309973906996184,20.740800448665915,1.1960921369680715,71.55638752604085,24.928071734151075,True,False,True,False,False,9.96021931948701,0.0,0.0,0.0,0.0,0,1.164680390032501,0.7833152762730227,False,False,False,False,0.3210370757759531,0.3205031351829307,False,False,False,False,-4943.0,-2974.4169759724887,False,False,False,False,215.84788551345287,False,False,False,False
2025-09-01 18:00:00+00:00,20.9,20.9,20.9,20.9,0.0,,,,,,,,,20.867113197704747,20.833618352450472,20.794381231671554,20.794381231671554,20.752276465441817,20.699792636337857,20.68680128387117,20.617471607090966,20.75691202340435,20.820739145083163,20.823521508853613,20.821603430903213,20.702763057405342,20.596164312843825,20.595428517439103,20.519223787461403,20.226112044231638,20.224442766243,20.07838878931102,19.684583359656315,,,20.794381231671554,20.823521508853613,20.596164312843825,20.226112044231638,,20.594785937453807,"rgba(38, 166, 154, 0.75)",0.13514980010499356,20.740800448665915,1.1779488479480276,71.53844140519747,24.50582664359537,True,False,True,False,False,9.96021931948701,0.0,0.0,0.0,0.0,0,1.1581798483206913,0.7833152762730227,False,False,False,False,0.3210370757759531,0.3207701054794419,False,False,False,False,-4943.0,-3004.9376430116745,False,False,False,False,212.50140666828304,False,False,False,False
2025-09-01 19:00:00+00:00,20.9,20.9,20.9,20.9,0.0,,,,,,,,,20.867113197704747,20.833618352450472,20.794381231671554,20.794381231671554,20.752276465441817,20.699792636337857,20.68680128387117,20.617471607090966,20.75691202340435,20.820739145083163,20.823521508853613,20.821603430903213,20.702763057405342,20.596164312843825,20.595428517439103,20.519223787461403,20.226112044231638,20.224442766243,20.07838878931102,19.684583359656315,,,20.794381231671554,20.823521508853613,20.596164312843825,20.226112044231638,,20.594785937453807,"rgba(38, 166, 154, 0.75)",0.13704894897213027,20.740800448665915,1.16162548146544,71.52647732463522,24.117612220937545,True,False,True,False,False,9.96021931948701,0.0,0.0,0.0,0.0,0,1.1581798483206913,0.7833152762730227,False,False,False,False,0.3210370757759531,0.32090359062769747,False,False,False,False,-4943.0,-3034.9851214145942,False,False,False,False,209.2068112160616,False,False,False,False
2025-09-02 14:00:00+00:00,20.69,20.69,20.69,20.69,0.0,,,,,,,,,20.867113197704747,20.833618352450472,20.794381231671554,20.794381231671554,20.752276465441817,20.699792636337857,20.68680128387117,20.617471607090966,20.75691202340435,20.820739145083163,20.823521508853613,20.821603430903213,20.702763057405342,20.596164312843825,20.595428517439103,20.519223787461403,20.226112044231638,20.224442766243,20.07838878931102,19.684583359656315,,,20.794381231671554,20.823521508853613,20.596164312843825,20.226112044231638,,20.594785937453807,#000000,0.1369289945537494,20.740800448665915,-0.3709984786748214,53.7034910769937,7.732478983266901,False,True,False,False,False,0.0,0.0,0.0,0.0,0.0,0,1.1556256572029426,0.8023133543638271,False,False,False,False,0.1055007337506041,0.21320216218915078,False,False,False,False,-4943.0,-3064.566747439174,False,False,False,False,205.96329476309938,False,False,False,False
2025-09-02 15:00:00+00:00,20.69,20.69,20.61,20.61,242.0,,,,,,,,,20.8508874018039,20.821930684976298,20.78725654906353,20.78725654906353,20.74757987801466,20.69903723483163,20.686233704466066,20.617632246314166,20.75635817155185,20.82017806160149,20.82303533670213,20.821123235444524,20.702631493088123,20.596232422340975,20.595497816108722,20.519401462013906,20.226618643347635,20.22495116850732,20.079044277112835,19.685552759978165,,,20.78725654906353,20.82303533670213,20.596232422340975,20.226618643347635,,20.592421954816572,"rgba(239, 83, 80, 1.0)",0.13722973438709,20.736182518373482,-0.9194983793931584,40.36113806717671,-3.516572315437948,False,True,False,True,False,0.0,0.0,0.0,0.0,0.0,0,1.1433087460484699,0.8018967334035824,False,False,False,False,0.06609602432514318,0.13964909325714697,False,False,False,False,-5185.0,-3097.4416815874038,False,False,False,False,206.5220033714234,False,False,False,False
2025-09-02 16:00:00+00:00,20.61,20.61,20.61,20.61,0.0,,,,,,,,,20.8508874018039,20.821930684976298,20.78725654906353,20.78725654906353,20.74757987801466,20.69903723483163,20.686233704466066,20.617632246314166,20.75635817155185,20.82017806160149,20.82303533670213,20.821123235444524,20.702631493088123,20.596232422340975,20.595497816108722,20.519401462013906,20.226618643347635,20.22495116850732,20.079044277112835,19.685552759978165,,,20.78725654906353,20.82303533670213,20.596232422340975,20.226618643347635,,20.592421954816572,"rgba(239, 83, 80, 1.0)",0.13748474116790343,20.736182518373482,-0.9177928932446564,31.46623606063205,-10.427162610911793,False,True,False,True,False,0.0,0.0,0.0,0.0,0.0,0,1.1401475237091652,0.8029504741833511,False,False,False,False,0.026895319123757006,0.08327220619045199,False,False,False,False,-5185.0,-3129.8069268341105,False,False,False,False,203.32011184628504,False,False,False,False
2025-09-02 17:00:00+00:00,20.61,20.61,20.61,20.61,0.0,,,,,,,,,20.8508874018039,20.821930684976298,20.78725654906353,20.78725654906353,20.74757987801466,20.69903723483163,20.686233704466066,20.617632246314166,20.75635817155185,20.82017806160149,20.82303533670213,20.821123235444524,20.702631493088123,20.596232422340975,20.595497816108722,20.519401462013906,20.226618643347635,20.22495116850732,20.079044277112835,19.685552759978165,,,20.78725654906353,20.82303533670213,20.596232422340975,20.226618643347635,,20.592421954816572,"rgba(239, 83, 80, 1.0)",0.13782963762906883,20.736182518373482,-0.9154962644033711,25.536301389602272,-14.818408372891511,False,True,False,True,False,0.0,0.0,0.0,0.0,0.0,0,1.1401475237091652,0.8029504741833511,False,False,False,False,-0.03701246039296721,0.02312987289874239,False,False,False,False,-5185.0,-3161.6703853328063,False,False,False,False,200.16786205021862,False,False,False,False
2025-09-02 18:00:00+00:00,20.61,20.61,20.58,20.6,100.0,,,,,,,,20.596666666666664,20.843699934030724,20.816539013882245,20.783763972878873,20.783763972878873,20.745088327554893,20.698533517033248,20.68581664804122,20.617559993566992,20.756054806231017,20.81989688689846,20.822792217090882,20.820882662922497,20.702544406822383,20.596232723880686,20.595498627196548,20.519449734061396,20.22680723167875,20.225140511106947,20.079295293008958,19.685935939977362,,,20.783763972878873,20.822792217090882,20.596232723880686,20.22680723167875,,20.591522051781414,"rgba(239, 83, 80, 1.0)",0.13824674376676527,20.724580017169295,-0.9011425063252931,21.394306661658383,-17.94725433574922,False,True,False,True,False,0.0,0.0,0.0,0.0,0.0,0,1.1398678414096888,0.8458149779735684,False,False,False,False,-0.05654672878341342,-0.016708427942335517,False,False,False,False,-5285.0,-3194.5902243198943,False,False,False,False,198.61487194091288,False,False,False,False
2025-09-02 19:00:00+00:00,20.6,20.635,20.58,20.635,100.0,,,,,,,20.61666666666667,20.60666666666667,20.837457611584643,20.81186691600437,20.780757003179176,20.780757003179176,20.74300254452926,20.69813266088887,20.68549615313311,20.617556925507436,20.755790513209472,20.819641546889123,20.822571076064786,20.82066401858651,20.702473886908972,20.596246903385634,20.59551330591942,20.519510433186408,20.227005815335527,20.225339843226323,20.07955575967029,19.686327205516566,,20.61666666666667,20.780757003179176,20.822571076064786,20.596246903385634,20.227005815335527,,20.59222729360175,"rgba(239, 83, 80, 1.0)",0.13798739986851694,20.715985114150644,-0.586902240551025,22.692027641746535,-17.94725433574922,False,True,False,True,False,0.0,1.0,20.635,20.58,0.0,0,1.091803278688522,0.8415300546448086,False,False,False,False,-0.04164573322030561,-0.029177080581320562,False,False,False,False,-5185.0,-3225.4492906095084,False,False,False,False,197.0859591976429,False,False,False,False
2025-09-03 14:00:00+00:00,20.695,20.695,20.695,20.695,0.0,,,,,,,20.61666666666667,20.60666666666667,20.837457611584643,20.81186691600437,20.780757003179176,20.780757003179176,20.74300254452926,20.69813266088887,20.68549615313311,20.617556925507436,20.755790513209472,20.819641546889123,20.822571076064786,20.82066401858651,20.702473886908972,20.596246903385634,20.59551330591942,20.519510433186408,20.227005815335527,20.225339843226323,20.07955575967029,19.686327205516566,,20.61666666666667,20.780757003179176,20.822571076064786,20.596246903385634,20.227005815335527,,20.59222729360175,"rgba(239, 83, 80, 0.75)",0.137960139170528,20.715985114150644,-0.15210998101926435,28.856079885546755,-17.94725433574922,False,True,False,True,True,0.0,0.0,0.0,0.0,0.0,0,1.1145038167938912,0.8375136314067609,False,False,False,False,0.06251366824083511,0.016668293829757274,False,False,False,False,-5185.0,-3255.829921762849,False,False,False,False,194.03036293101277,False,False,False,False
2025-09-03 15:00:00+00:00,20.695,20.71,20.68,20.685,220.0,,,,,,,20.66822916666667,20.651190476190475,20.829141820067413,20.80598784645028,20.777364260573542,20.777364260573542,20.741231509069046,20.698063750423877,20.685558435798615,20.61811267909693,20.755524137714016,20.81928878698273,20.822262834920963,20.820360887692562,20.70245439815954,20.59639235127152,20.5956597705447,20.519746584196906,20.227525940436234,20.22586157035653,20.08020778962966,19.68725613230461,,20.66822916666667,20.777364260573542,20.822262834920963,20.59639235127152,20.227525940436234,,20.595672063141834,"rgba(239, 83, 80, 0.75)",0.13792304291059274,20.71882445617931,-0.24524151632324973,32.43878232001028,-29.131249144082616,False,True,False,True,True,0.0,0.0,0.0,0.0,0.0,0,1.1106290672451173,0.825379609544468,False,False,False,False,0.06251366824083511,0.039590981035296194,False,False,False,False,-5405.0,-3289.1503880921073,False,False,False,False,194.43299296309007,False,False,False,False
2025-09-03 16:00:00+00:00,20.685,20.71,20.66,20.71,600.0,,,,,,,20.684601449275366,20.675980392156863,20.810859322414185,20.79272917483981,20.769457947833367,20.769457947833367,20.737112416989152,20.69793014169374,20.68576672917783,20.61962025809756,20.754827452078683,20.81834896118323,20.82144014321669,20.819551975320422,20.70240975926742,20.596793682883803,20.59606385619428,20.520393563669654,20.228943635656577,20.227283616999365,20.081983841144027,19.68978505525135,,20.684601449275366,20.769457947833367,20.82144014321669,20.596793682883803,20.228943635656577,,20.59551551468985,"rgba(239, 83, 80, 0.75)",0.13790605889892035,20.71662993589838,-0.048075740480968715,36.78791692185121,-24.855708472583817,False,True,False,True,True,0.0,0.0,0.0,0.0,0.0,0,1.1048648648648631,0.833513513513513,False,False,False,False,0.05058357055176042,0.04508727579352831,False,False,False,False,-4805.0,-3312.651932462772,False,False,False,False,200.72085353730571,False,False,False,False
2025-09-03 17:00:00+00:00,20.71,20.74,20.7,20.7,162.0,,,,,,,20.688903265557613,20.681099830795265,20.807438839575667,20.790283903675544,20.768067492481016,20.768067492481016,20.736572815987298,20.69804671805653,20.68596469840707,20.6201246442296,20.754702325552554,20.818137819478565,20.821254211256427,20.819369660496758,20.702424174541115,20.596923804141312,20.596194702150964,20.52058752833905,20.229341356566774,20.227682500764118,20.082477242357452,19.690479250659724,,20.688903265557613,20.768067492481016,20.821254211256427,20.596923804141312,20.229341356566774,,20.595642921706883,"rgba(239, 83, 80, 0.75)",0.1377589944086843,20.716449295470973,-0.11940632654572182,39.05074849045586,-22.4005151604812,False,True,False,True,True,0.0,0.0,0.0,0.0,0.0,0,1.10503751339764,0.8285101822079314,False,False,False,False,0.09242436101622563,0.06875581840487696,False,False,False,False,-4967.0,-3338.3007397114116,False,False,False,False,200.1205302266498,False,False,False,False
2025-09-03 18:00:00+00:00,20.7,20.705,20.65,20.65,200.0,,,,,,,20.685694227769115,20.679252291365174,20.80166562910701,20.785816849816854,20.76510758272741,20.76510758272741,20.734713176182037,20.69777165779527,20.685809751882122,20.620442863900898,20.75438197767147,20.817766896938775,20.8209301988869,20.819050287401883,20.70236872424637,20.597022102768467,20.59629393612168,20.52077067218697,20.22978590090229,20.228128501374,20.083041941977175,19.691297336640737,,20.685694227769115,20.76510758272741,20.8209301988869,20.597022102768467,20.22978590090229,,20.594646367745,"rgba(239, 83, 80, 0.75)",0.1376809865377403,20.714642648506533,-0.4695103523885291,37.78421311967009,-22.4005151604812,False,True,False,True,True,0.0,0.0,0.0,0.0,0.0,0,1.094017094017092,0.8450854700854699,False,False,False,False,0.04164561409504053,0.055200716249958745,False,False,False,False,-5167.0,-3366.6526662275137,False,False,False,False,200.11866154096532,False,False,False,False
2025-09-03 19:00:00+00:00,20.65,20.65,20.61,20.61,186.0,,,,,,,20.677792915531338,20.672619047619047,20.7950382950383,20.78046404534184,20.761299638989176,20.761299638989176,20.73196013289036,20.697136279503773,20.6853032746397,20.620460499699306,20.753931488874123,20.81732019927535,20.820541598821418,20.818666160171915,20.702249349011204,20.597055743061333,20.59632848366615,20.520888771951554,20.230156180445974,20.228500154206312,20.08352583393925,19.69202194403226,,20.677792915531338,20.761299638989176,20.820541598821418,20.597055743061333,20.230156180445974,,20.592934530713585,"rgba(239, 83, 80, 0.75)",0.13795808215680527,20.711834567772936,-0.7381558672089229,35.21586885372132,-22.4005151604812,False,True,False,True,True,0.0,0.0,0.0,0.0,0.0,0,1.0764331210191067,0.8598726114649682,False,False,False,False,-0.014866016671384106,0.02016734978928732,False,False,False,False,-5353.0,-3397.448748921661,False,False,False,False,199.899767563586,False,False,False,False
2025-09-04 14:00:00+00:00,20.61,20.61,20.61,20.61,0.0,,,,,,,20.677792915531338,20.672619047619047,20.7950382950383,20.78046404534184,20.761299638989176,20.761299638989176,20.73196013289036,20.697136279503773,20.6853032746397,20.620460499699306,20.753931488874123,20.81732019927535,20.820541598821418,20.818666160171915,20.702249349011204,20.597055743061333,20.59632848366615,20.520888771951554,20.230156180445974,20.228500154206312,20.08352583393925,19.69202194403226,,20.677792915531338,20.761299638989176,20.820541598821418,20.597055743061333,20.230156180445974,,20.592934530713585,"rgba(239, 83, 80, 1.0)",0.1382500020362188,20.711834567772936,-0.736597224398288,33.50363934308881,-22.4005151604812,False,True,False,True,False,0.0,0.0,0.0,0.0,0.0,0,1.0881720430107504,0.8666666666666665,False,False,False,False,-0.0386679618824557,-0.00925030604658419,False,False,False,False,-5353.0,-3427.767372969387,False,False,False,False,196.80054636104978,False,False,False,False
2025-09-04 15:00:00+00:00,20.61,20.61,20.61,20.61,0.0,,,,,,,20.677792915531338,20.672619047619047,20.7950382950383,20.78046404534184,20.761299638989176,20.761299638989176,20.73196013289036,20.697136279503773,20.6853032746397,20.620460499699306,20.753931488874123,20.81732019927535,20.820541598821418,20.818666160171915,20.702249349011204,20.597055743061333,20.59632848366615,20.520888771951554,20.230156180445974,20.228500154206312,20.08352583393925,19.69202194403226,,20.677792915531338,20.761299638989176,20.820541598821418,20.597055743061333,20.230156180445974,,20.592934530713585,"rgba(239, 83, 80, 1.0)",0.13855323886489074,20.711834567772936,-0.7349851119123944,32.36215300266713,-22.4005151604812,False,True,False,True,False,0.0,0.0,0.0,0.0,0.0,0,1.079569892473116,0.8623655913978494,False,False,False,False,-0.0386679618824557,-0.023959133964519944,False,False,False,False,-5353.0,-3457.6159408303265,False,False,False,False,193.74937509963814,False,False,False,False
2025-09-04 16:00:00+00:00,20.61,20.93,20.61,20.93,100.0,,,,,,,20.687074829931973,20.681654676258994,20.795592556317338,20.781210117182972,20.762182680901546,20.762182680901546,20.73315846994535,20.697712758667947,20.685902259445697,20.621123807966868,20.754059517660387,20.817327617402736,20.82054454748374,20.818671079769633,20.702347594783337,20.597211178047814,20.59648431118159,20.521075893501628,20.2304560859776,20.228800746554032,20.08388188893008,19.6924946137723,,20.687074829931973,20.762182680901546,20.82054454748374,20.597211178047814,20.2304560859776,,20.59414317784478,#000000,0.141214902360197,20.716890585460217,1.509114200965878,46.18284835960414,-13.748558168042159,False,True,False,False,True,9.659554858770093,0.0,0.0,0.0,0.0,0,1.0744466800804808,0.806841046277666,False,False,False,False,0.1527997095084178,0.06442028777194894,False,False,False,False,-5253.0,-3485.451352600399,False,False,False,False,192.2958964159228,False,False,False,False
2025-09-04 17:00:00+00:00,20.93,20.93,20.93,20.93,0.0,,,,,,,20.687074829931973,20.681654676258994,20.795592556317338,20.781210117182972,20.762182680901546,20.762182680901546,20.73315846994535,20.697712758667947,20.685902259445697,20.621123807966868,20.754059517660387,20.817327617402736,20.82054454748374,20.818671079769633,20.702347594783337,20.597211178047814,20.59648431118159,20.521075893501628,20.2304560859776,20.228800746554032,20.08388188893008,19.6924946137723,,20.687074829931973,20.762182680901546,20.82054454748374,20.597211178047814,20.2304560859776,,20.59414317784478,"rgba(38, 166, 154, 0.5)",0.14374047559499556,20.716890585460217,1.4825985071890408,55.39664526422881,-5.442972595992423,False,False,True,False,True,9.659554858770093,0.0,0.0,0.0,0.0,0,1.141843971631204,0.8105369807497463,False,False,False,False,0.34282812332557966,0.20362420554876431,False,False,False,False,-5253.0,-3512.8552075988423,False,False,False,False,189.31456468854415,False,False,False,False
2025-09-04 18:00:00+00:00,20.93,20.93,20.93,20.93,0.0,,,,,,,20.687074829931973,20.681654676258994,20.795592556317338,20.781210117182972,20.762182680901546,20.762182680901546,20.73315846994535,20.697712758667947,20.685902259445697,20.621123807966868,20.754059517660387,20.817327617402736,20.82054454748374,20.818671079769633,20.702347594783337,20.597211178047814,20.59648431118159,20.521075893501628,20.2304560859776,20.228800746554032,20.08388188893008,19.6924946137723,,20.687074829931973,20.762182680901546,20.82054454748374,20.597211178047814,20.2304560859776,,20.59414317784478,"rgba(38, 166, 154, 1.0)",0.14609706140543138,20.716890585460217,1.458683785215823,61.53917653397859,-0.06236499165672882,True,False,True,False,True,9.659554858770093,0.0,0.0,0.0,0.0,0,1.1393692777212596,0.8097660223804676,False,False,False,False,0.34282812332557966,0.27322616443717196,False,False,False,False,-5253.0,-3539.834196628318,False,False,False,False,186.3794551584892,False,False,False,False
2025-09-04 19:00:00+00:00,20.93,20.93,20.895,20.895,100.0,,,,,,,20.700239808153476,20.694381598793363,20.797726544988798,20.78335614095108,20.764210526315793,20.764210526315793,20.735404530744333,20.698662937868527,20.686856132618963,20.622054369670305,20.754340520733614,20.817437695087882,20.820635414688347,20.81876373693871,20.70251324188327,20.597423603817578,20.59669708984728,20.521314309858003,20.230797799765543,20.22914312555877,20.084277688783715,19.693001691411382,,20.700239808153476,20.764210526315793,20.820635414688347,20.597423603817578,20.230797799765543,,20.59606586521793,"rgba(38, 166, 154, 1.0)",0.14746424211534673,20.732529679466033,1.1017607943685892,63.44946351110587,1.6333238029182198,True,False,True,False,True,7.872773810214792,0.0,0.0,0.0,0.0,0,1.1313131313131295,0.8070707070707068,False,False,False,False,0.32005583751675476,0.29664100097696333,False,False,False,False,-5353.0,-3567.9452943550104,False,False,False,False,185.04023879944285,False,False,False,False
2025-09-05 14:00:00+00:00,20.895,20.895,20.77,20.795,210.0,,,,,,,20.713631522896698,20.7077182339063,20.798590335487845,20.784626816380452,20.76580777096115,20.76580777096115,20.737643352236923,20.69981066918908,20.688053367017783,20.623399848950744,20.75459343702999,20.81744430789397,20.820634009910012,20.818766464591267,20.702712926392355,20.59774399592379,20.597018307566202,20.52170163846693,20.231422402043453,20.22976916905909,20.08502016765264,19.693989234524622,,20.713631522896698,20.76580777096115,20.820634009910012,20.59774399592379,20.231422402043453,,20.597995715865565,"rgba(38, 166, 154, 0.5)",0.14749643452690311,20.730999108143017,0.43391484046559176,59.74472075565056,1.6333238029182198,False,False,True,False,True,3.069028100517432,0.0,0.0,0.0,0.0,0,1.1045364891518719,0.8185404339250492,False,False,False,False,0.2195678141628388,0.25810440756990105,False,False,False,False,-5563.0,-3598.8763750626845,False,False,False,False,185.42721184131193,False,False,False,False
2025-09-05 15:00:00+00:00,20.795,20.87,20.795,20.87,100.0,,,,,,,20.720273003033366,20.714324671158163,20.799431852523423,20.785607537361926,20.76687289845327,20.76687289845327,20.738979464841318,20.700461713226616,20.688722534890992,20.62411480346292,20.754758962246896,20.81747813100936,20.820659634584093,20.818793997977856,20.702827993250096,20.597913364431996,20.597188056888477,20.521901156093154,20.23173198014109,20.230079426315093,20.085385210874108,19.69446931242309,,20.720273003033366,20.76687289845327,20.820659634584093,20.597913364431996,20.23173198014109,,20.599038572892752,"rgba(38, 166, 154, 1.0)",0.14832017352276994,20.732418989187323,0.9275947266307408,59.78157189180603,1.6333238029182198,True,False,True,False,True,6.124431238096541,0.0,0.0,0.0,0.0,0,1.110459433040077,0.8279569892473114,False,False,False,False,0.21956781416284324,0.23883611086637213,False,False,False,False,-5463.0,-3627.7775165345806,False,False,False,False,184.1027589445474,False,False,False,False
2025-09-05 16:00:00+00:00,20.87,20.87,20.87,20.87,0.0,,,,,,,20.720273003033366,20.714324671158163,20.799431852523423,20.785607537361926,20.76687289845327,20.76687289845327,20.738979464841318,20.700461713226616,20.688722534890992,20.62411480346292,20.754758962246896,20.81747813100936,20.820659634584093,20.818793997977856,20.702827993250096,20.597913364431996,20.597188056888477,20.521901156093154,20.23173198014109,20.230079426315093,20.085385210874108,19.69446931242309,,20.720273003033366,20.76687289845327,20.820659634584093,20.597913364431996,20.23173198014109,,20.599038572892752,"rgba(38, 166, 154, 1.0)",0.14888407728302933,20.732418989187323,0.9240814284736149,59.806139315909675,1.6333238029182198,True,False,True,False,True,6.124431238096541,0.0,0.0,0.0,0.0,0,1.1252485089463204,0.8379721669980117,False,False,False,False,0.2660133856427716,0.25242474825457184,False,False,False,False,-5463.0,-3656.230578293734,False,False,False,False,181.24845260432184,False,False,False,False
2025-09-05 17:00:00+00:00,20.87,20.87,20.77,20.77,100.0,,,,,,,20.724270131536734,20.718411386593203,20.799501335707927,20.78589087809037,20.767356779473573,20.767356779473573,20.73977053882401,20.700920941029423,20.68920912230053,20.624691161494344,20.754847734444503,20.817460790323228,20.820641432393426,20.818777788262253,20.702909205748952,20.598053979249812,20.597329071668483,20.522074729657508,20.232020233856808,20.23036836914539,20.085729899322594,19.694931618408337,,20.724270131536734,20.767356779473573,20.820641432393426,20.598053979249812,20.232020233856808,,20.599660177591133,"rgba(38, 166, 154, 0.5)",0.14463218337707165,20.732488989746464,0.25935451832141654,55.62750755116769,1.6333238029182198,False,False,True,False,False,1.6068420334727094,0.0,0.0,0.0,0.0,0,1.0888671874999982,0.8408203124999998,False,False,False,False,0.20430005774998683,0.22836240300227933,False,False,False,False,-5563.0,-3685.7928949093352,False,False,False,False,179.98878667247186,False,False,False,False
2025-09-05 18:00:00+00:00,20.77,20.77,20.77,20.77,0.0,,,,,,,20.724270131536734,20.718411386593203,20.799501335707927,20.78589087809037,20.767356779473573,20.767356779473573,20.73977053882401,20.700920941029423,20.68920912230053,20.624691161494344,20.754847734444503,20.817460790323228,20.820641432393426,20.818777788262253,20.702909205748952,20.598053979249812,20.597329071668483,20.522074729657508,20.232020233856808,20.23036836914539,20.085729899322594,19.694931618408337,,20.724270131536734,20.767356779473573,20.820641432393426,20.598053979249812,20.232020233856808,,20.599660177591133,#000000,0.1421907740191553,20.732488989746464,0.2638076240339045,52.84175304133969,1.6333238029182198,False,False,False,False,False,1.6068420334727094,0.0,0.0,0.0,0.0,0,1.093137254901959,0.8578431372549017,False,False,False,False,0.14408616582576209,0.18622428441402072,False,False,False,False,-5563.0,-3714.896881034772,False,False,False,False,177.19826284809244,False,False,False,False
2025-09-05 19:00:00+00:00,20.77,20.82,20.765,20.785,1149.0,,,,,,,20.74767379402954,20.743134956417194,20.797887344766412,20.78652847175332,20.770352756026412,20.770352756026412,20.745987002728707,20.70526709129512,20.69389716498671,20.63058186535996,20.75557070065216,20.817079348960526,20.82027597565489,20.81843523813469,20.70371035320177,20.599551887219615,20.598831616169846,20.523960013636362,20.235234715655476,20.233590767709387,20.089593602880104,19.700152417940497,,20.74767379402954,20.770352756026412,20.82027597565489,20.599551887219615,20.235234715655476,,20.60398408369114,#000000,0.13967707286679085,20.73498853796716,0.35805061637093016,51.65924240647939,1.6333238029182198,False,False,False,False,False,2.2396745880728446,0.0,0.0,0.0,0.0,0,1.1076011846001956,0.8460019743336622,False,False,False,False,0.17102873712114702,0.17862651076758387,False,False,False,False,-4414.0,-3725.735689080744,False,False,False,False,192.26495644734683,False,False,False,False
2025-09-08 14:00:00+00:00,20.895,20.91,20.895,20.91,117.0,,,,,,,20.753178329346092,20.748633855981417,20.79970861793344,20.788371222192684,20.77214274893005,20.77214274893005,20.747965996525192,20.706254489373393,20.69489229116304,20.63157401398803,20.75588299037822,20.817203530671033,20.82037874703657,20.81854003483538,20.70389872715736,20.5997944165824,20.599074552569295,20.524232841307345,20.2356273843646,20.2339842050522,20.090048865453,19.700737050415896,,20.753178329346092,20.77214274893005,20.82037874703657,20.5997944165824,20.2356273843646,,20.605193984553942,"rgba(38, 166, 154, 0.5)",0.1384062111295197,20.73739841364958,1.247065322732528,55.343567433166314,1.6333238029182198,False,False,True,False,False,7.210071720741226,0.0,0.0,0.0,0.0,0,1.1141463414634127,0.8292682926829262,False,False,False,False,0.3071871618406836,0.24290683630413373,False,False,False,False,-4297.0,-3734.5925001027476,False,False,False,False,191.09805789777556,False,False,False,False
2025-09-08 15:00:00+00:00,20.91,20.99,20.91,20.98,500.0,,,,,,,20.78008021158515,20.77542976673428,20.81056699634196,20.799068603008397,20.78224151524926,20.78224151524926,20.75867370299296,20.711504324078295,20.700127435492366,20.63657121410385,20.7576898472724,20.818060282070963,20.82109878567842,20.81926812153652,20.70491887212335,20.60101253722729,20.600294282643816,20.525562161645503,20.237437736590977,20.235797766487,20.092119635333617,19.703342914454172,,20.78008021158515,20.78224151524926,20.82109878567842,20.60101253722729,20.237437736590977,,20.611504919449995,"rgba(38, 166, 154, 1.0)",0.13939647907435854,20.74996477373905,1.6502226439897671,59.57582043004989,1.6333238029182198,True,False,True,False,True,9.756862373849,0.0,0.0,0.0,0.0,0,1.1170731707317054,0.8165853658536584,False,False,False,False,0.3428281278072818,0.2928674820557078,False,False,False,False,-3797.0,-3735.560058240689,False,False,False,False,195.88723529470926,False,False,False,False
2025-09-08 16:00:00+00:00,20.98,20.98,20.98,20.98,0.0,,,,,,,20.78008021158515,20.77542976673428,20.81056699634196,20.799068603008397,20.78224151524926,20.78224151524926,20.75867370299296,20.711504324078295,20.700127435492366,20.63657121410385,20.7576898472724,20.818060282070963,20.82109878567842,20.81926812153652,20.70491887212335,20.60101253722729,20.600294282643816,20.525562161645503,20.237437736590977,20.235797766487,20.092119635333617,19.703342914454172,,20.78008021158515,20.78224151524926,20.82109878567842,20.60101253722729,20.237437736590977,,20.611504919449995,"rgba(38, 166, 154, 1.0)",0.14120963905524184,20.74996477373905,1.6290334555062589,62.39732242797227,3.8782801157549898,True,False,True,False,True,9.756862373849,0.0,0.0,0.0,0.0,0,1.1151219512195107,0.8185365853658532,False,False,False,False,0.34282813398328593,0.31784780801949686,False,False,False,False,-3797.0,-3736.5126154772674,False,False,False,False,192.85022389479127,False,False,False,False
2025-09-08 17:00:00+00:00,20.98,21.04,20.97,20.97,552.0,,,,,,,20.80685812860176,20.80218305160142,20.823284381696713,20.811575499572353,20.794067627456958,20.794067627456958,20.771065563315158,20.717797847809383,20.70638321995465,20.64246510839094,20.75997042803377,20.81921361418398,20.82207383819114,20.8202516112743,20.706181660506267,20.60247179452624,20.60175522709673,20.527132226262435,20.239517602451137,20.237881116674576,20.094481712383747,19.706283269948884,,20.80685812860176,20.794067627456958,20.82207383819114,20.60247179452624,20.239517602451137,,20.618498279881344,"rgba(38, 166, 154, 1.0)",0.1392923557138352,20.763337882580235,1.4836572786832234,63.70713317904511,5.503395694429457,True,False,True,False,True,9.285849745612804,0.0,0.0,0.0,0.0,0,1.1116458132820002,0.8094321462945138,False,False,False,False,0.3428281386876642,0.3303379733535805,False,False,False,False,-4349.0,-3746.0085439194804,False,False,False,False,198.41843747781775,False,False,False,False
2025-09-08 18:00:00+00:00,20.97,21.01,20.97,21.01,75.0,,,,,,,20.810042123313202,20.805374097571644,20.824908216783218,20.81318052183297,20.795598139940914,20.795598139940914,20.77267271403242,20.718641405178676,20.70722228645572,20.64325838111164,20.760281265138666,20.81937212422931,20.82220802888539,20.82038693763721,20.70635436401927,20.602670909662358,20.601954569928658,20.527346256779296,20.23980055574658,20.238164541726867,20.094802878271533,19.70668277275078,,20.810042123313202,20.795598139940914,20.82220802888539,20.602670909662358,20.23980055574658,,20.619387328678965,"rgba(38, 166, 154, 1.0)",0.14079254433559174,20.76499238226591,1.740203068921709,65.72292362977643,7.847551689137312,True,False,True,False,True,10.743353400888072,0.0,0.0,0.0,0.0,0,1.1127308066083557,0.8309037900874628,False,False,False,False,0.32556614142742585,0.32795205739050315,False,False,False,False,-4274.0,-3754.1944579672404,False,False,False,False,196.50497333087483,False,False,False,False
2025-09-08 19:00:00+00:00,21.01,21.01,20.96,20.96,900.0,,,,,,,20.8379628250481,20.833552367026137,20.8402407947912,20.82858920654868,20.81064816525059,20.81064816525059,20.78873804106872,20.72767941931969,20.716254950894573,20.65198431623434,20.763638332959857,20.821040284537027,20.82361959836583,20.82181238514133,20.708269224210085,20.60492419779533,20.604210663633932,20.52979068061794,20.243090283461747,20.241459955046544,20.09855403578756,19.711383553775196,,20.8379628250481,20.81064816525059,20.82361959836583,20.60492419779533,20.243090283461747,,20.628095065762043,"rgba(38, 166, 154, 1.0)",0.13861860306995563,20.780443868395515,1.2953249248505996,64.1551615469453,7.847551689137312,True,False,True,False,True,8.384399261923964,0.0,0.0,0.0,0.0,0,1.0966183574879211,0.8318840579710138,False,False,False,False,0.31985399872585907,0.3239030280581811,False,False,False,False,-5174.0,-3776.206946991004,False,False,False,False,207.41187296915584,False,False,False,False
2025-09-09 14:00:00+00:00,20.99,20.99,20.99,20.99,0.0,,,,,,,20.8379628250481,20.833552367026137,20.8402407947912,20.82858920654868,20.81064816525059,20.81064816525059,20.78873804106872,20.72767941931969,20.716254950894573,20.65198431623434,20.763638332959857,20.821040284537027,20.82361959836583,20.82181238514133,20.708269224210085,20.60492419779533,20.604210663633932,20.52979068061794,20.243090283461747,20.241459955046544,20.09855403578756,19.711383553775196,,20.8379628250481,20.81064816525059,20.82361959836583,20.60492419779533,20.243090283461747,,20.628095065762043,"rgba(38, 166, 154, 1.0)",0.13297117482101825,20.780443868395515,1.5759515691017207,64.12266783373212,7.847551689137312,True,False,True,False,True,9.487882760382966,0.0,0.0,0.0,0.0,0,1.0982658959537561,0.8275529865125243,False,False,False,False,0.32556614142742174,0.3247345847428014,False,False,False,False,-5174.0,-3797.878157115174,False,False,False,False,204.19618501614568,False,False,False,False
2025-09-09 15:00:00+00:00,20.99,20.99,20.975,20.98,257.0,,,,,,,20.844524994077233,20.840197858472997,20.844206583015094,20.832601128560746,20.814613140881075,20.814613140881075,20.792981315076307,20.7301947259579,20.718771583530106,20.65442993216914,20.76459998054966,20.821525258458635,20.824030970852142,20.822227658219518,20.70882114747145,20.605571249089465,20.60485850747199,20.53049158066269,20.244030664988856,20.24240195034673,20.09962541521314,19.712724786535464,,20.844524994077233,20.814613140881075,20.824030970852142,20.605571249089465,20.244030664988856,,20.630365616930977,"rgba(38, 166, 154, 1.0)",0.12629955097515091,20.78436824658424,1.5489505061997455,63.49466254280961,7.847551689137312,True,False,True,False,True,9.014516937446828,0.0,0.0,0.0,0.0,0,1.095652173913043,0.8299516908212563,False,False,False,False,0.3170055014004269,0.32087004307161415,False,False,False,False,-5431.0,-3823.1978756095123,False,False,False,False,205.01484881434496,False,False,False,False
2025-09-09 16:00:00+00:00,20.98,21.05,20.98,21.05,300.0,,,,,,,20.85374269005848,20.849477991594778,20.849989786934323,20.838362029157597,20.82020084907042,20.82020084907042,20.798830760673063,20.733582847637553,20.722142205517443,20.657625554442692,20.765942351910045,20.82224572699601,20.824644782810626,20.82284574066048,20.709568398037714,20.606413793793394,20.605701915749673,20.531388336646796,20.245192144699285,20.243565277441302,20.100936406475643,19.714342244380152,,20.85374269005848,20.82020084907042,20.824644782810626,20.606413793793394,20.245192144699285,,20.633497394716265,"rgba(38, 166, 154, 1.0)",0.12367907467903148,20.78992288518615,2.102838459042444,65.37635874107869,9.384432868609949,True,False,True,False,True,11.553625366739169,0.0,0.0,0.0,0.0,0,1.0919540229885045,0.8218390804597696,False,False,False,False,0.3428281404680905,0.33184909176985233,False,False,False,False,-5131.0,-3843.473877538047,False,False,False,False,206.48748681722333,False,False,False,False
2025-09-09 17:00:00+00:00,21.05,21.065,21.0,21.0,300.0,,,,,,,20.86183151359452,20.85764117151285,20.85526403823178,20.843646614132876,20.825373270574815,20.825373270574815,20.804272418939085,20.736837909432165,20.725385684377706,20.660724216200876,20.767245560689467,20.822943653756404,20.825239787392526,20.82344502607279,20.710300415930455,20.607242989410068,20.60653198037299,20.532272836610748,20.24634277279435,20.244717752752056,20.102236634202463,19.71594957753597,,20.86183151359452,20.825373270574815,20.825239787392526,20.607242989410068,20.24634277279435,,20.636400867958717,"rgba(38, 166, 154, 1.0)",0.1238342760623071,20.79498397385276,1.6555676882552914,63.679664783029345,9.384432868609949,True,False,True,False,True,9.19232497999307,0.0,0.0,0.0,0.0,0,1.09460737937559,0.8211920529801319,False,False,False,False,0.34282814345547236,0.3373386176126624,False,False,False,False,-5431.0,-3868.086685638232,False,False,False,False,207.93729322315784,False,False,False,False
2025-09-09 18:00:00+00:00,21.0,21.015,21.0,21.015,0.0,,,,,,,20.86183151359452,20.85764117151285,20.85526403823178,20.843646614132876,20.825373270574815,20.825373270574815,20.804272418939085,20.736837909432165,20.725385684377706,20.660724216200876,20.767245560689467,20.822943653756404,20.825239787392526,20.82344502607279,20.710300415930455,20.607242989410068,20.60653198037299,20.532272836610748,20.24634277279435,20.244717752752056,20.102236634202463,19.71594957753597,,20.86183151359452,20.825373270574815,20.825239787392526,20.607242989410068,20.24634277279435,,20.636400867958717,"rgba(38, 166, 154, 1.0)",0.12408446701703847,20.79498397385276,1.7731149710868384,63.09694397799626,9.384432868609949,True,False,True,False,True,9.737361722497763,0.0,0.0,0.0,0.0,0,1.0952380952380938,0.8390476190476187,False,False,False,False,0.3153328710229157,0.326335744317789,False,False,False,False,-5431.0,-3892.3178998143835,False,False,False,False,204.71345921969802,False,False,False,False
2025-09-09 19:00:00+00:00,21.015,21.03,21.015,21.025,0.0,,,,,,,20.86183151359452,20.85764117151285,20.85526403823178,20.843646614132876,20.825373270574815,20.825373270574815,20.804272418939085,20.736837909432165,20.725385684377706,20.660724216200876,20.767245560689467,20.822943653756404,20.825239787392526,20.82344502607279,20.710300415930455,20.607242989410068,20.60653198037299,20.532272836610748,20.24634277279435,20.244717752752056,20.102236634202463,19.71594957753597,,20.86183151359452,20.825373270574815,20.825239787392526,20.607242989410068,20.24634277279435,,20.636400867958717,"rgba(38, 166, 154, 1.0)",0.12581983401108907,20.79498397385276,1.8281380511674143,63.09084970113862,9.384432868609949,True,False,True,False,True,10.10300407284112,0.0,0.0,0.0,0.0,0,1.0956022944550654,0.8355640535372845,False,False,False,False,0.33177218295781413,0.3290539636378016,False,False,False,False,-5431.0,-3916.17343625137,False,False,False,False,201.53960713877245,False,False,False,False
2025-09-10 14:00:00+00:00,21.025,21.025,21.025,21.025,0.0,,,,,,,20.86183151359452,20.85764117151285,20.85526403823178,20.843646614132876,20.825373270574815,20.825373270574815,20.804272418939085,20.736837909432165,20.725385684377706,20.660724216200876,20.767245560689467,20.822943653756404,20.825239787392526,20.82344502607279,20.710300415930455,20.607242989410068,20.60653198037299,20.532272836610748,20.24634277279435,20.244717752752056,20.102236634202463,19.71594957753597,,20.86183151359452,20.825373270574815,20.825239787392526,20.607242989410068,20.24634277279435,,20.636400867958717,"rgba(38, 166, 154, 1.0)",0.12785806460537363,20.79498397385276,1.7989950564101749,63.086786849900186,9.384432868609949,True,False,True,False,True,10.10300407284112,0.0,0.0,0.0,0.0,0,1.0996168582375465,0.8295019157088123,False,False,False,False,0.3345287508409686,0.33179135723938513,False,False,False,False,-5431.0,-3939.659119410263,False,False,False,False,198.4149620668535,False,False,False,False
2025-09-10 15:00:00+00:00,21.025,21.13,21.025,21.13,100.0,,,,,,,20.86551622418879,20.86133374818502,20.857694205102217,20.84603908877467,20.827661151180884,20.827661151180884,20.806619835822904,20.738181806811507,20.72671504100129,20.661952892912712,20.767801378148615,20.823260661850373,20.825511072225897,20.8237175922673,20.710600948393047,20.607567431836475,20.60685667976185,20.532611034316975,20.246761763466786,20.245137340630116,20.102703731236794,19.716514519025274,,20.86551622418879,20.827661151180884,20.825511072225897,20.607567431836475,20.246761763466786,,20.637655422650923,"rgba(38, 166, 154, 1.0)",0.1325798416591354,20.797247741725965,2.5098254313015773,66.60324319990863,12.413262731319492,True,False,True,False,True,13.848717785692056,0.0,0.0,0.0,0.0,0,1.099905749293118,0.8124410933081997,False,False,False,False,0.3428281504634662,0.3373097538514257,False,False,False,False,-5331.0,-3961.2302958535142,False,False,False,False,196.8891487014759,False,False,False,False
2025-09-10 16:00:00+00:00,21.13,21.13,21.13,21.13,100.0,,,,,,,20.869630781995436,20.865449346405228,20.860426827228636,20.848716449808286,20.830205020333757,20.830205020333757,20.80920998531571,20.739646492966,20.728160299598624,20.66327338129496,20.76841456739127,20.823617667597755,20.825816974421816,20.82402470695584,20.710928332786914,20.60791470848262,20.60720419786055,20.532969848038928,20.247197611951123,20.2455737774994,20.103186848759336,19.717093330057388,,20.869630781995436,20.830205020333757,20.825816974421816,20.60791470848262,20.247197611951123,,20.639039371685605,"rgba(38, 166, 154, 1.0)",0.1369602428008029,20.79976819365974,2.4111508536134263,68.9475474332476,14.774777563737644,True,False,True,False,True,13.848717785692045,0.0,0.0,0.0,0.0,0,1.1212989493791767,0.8194842406876791,False,False,False,False,0.34282815759742086,0.3400689557244233,False,False,False,False,-5331.0,-3982.4670354526843,False,False,False,False,195.38699135726696,False,False,False,False
2025-09-10 17:00:00+00:00,21.13,21.13,21.1,21.1,80.0,,,,,,,20.87258553575087,20.86841000807102,20.862414468226316,20.850672531037496,20.832075776570555,20.832075776570555,20.81112508290224,20.740750748512298,20.729251893939395,20.6642793807178,20.76887657514485,20.82388406976743,20.826045192635856,20.824253924996732,20.71117739066669,20.60818156753058,20.607471257117943,20.53324698325029,20.24753808880209,20.24591472864397,20.103565494071223,19.717549487961456,,20.87258553575087,20.832075776570555,20.826045192635856,20.60818156753058,20.24753808880209,,20.64006118013126,"rgba(38, 166, 154, 1.0)",0.1400951414168073,20.801607801508407,2.129925388374648,68.21026078366025,14.774777563737644,True,False,True,False,True,12.348870352648415,0.0,0.0,0.0,0.0,0,1.101614434947767,0.8205128205128205,False,False,False,False,0.3283737234145123,0.3342213395694678,False,False,False,False,-5411.0,-4004.6148333526426,False,False,False,False,193.59804575482872,False,False,False,False
2025-09-10 18:00:00+00:00,21.1,21.1,21.1,21.1,0.0,,,,,,,20.87258553575087,20.86841000807102,20.862414468226316,20.850672531037496,20.832075776570555,20.832075776570555,20.81112508290224,20.740750748512298,20.729251893939395,20.6642793807178,20.76887657514485,20.82388406976743,20.826045192635856,20.824253924996732,20.71117739066669,20.60818156753058,20.607471257117943,20.53324698325029,20.24753808880209,20.24591472864397,20.103565494071223,19.717549487961456,,20.87258553575087,20.832075776570555,20.826045192635856,20.60818156753058,20.24753808880209,,20.64006118013126,"rgba(38, 166, 154, 1.0)",0.1431781477109143,20.801607801508407,2.084062430351223,67.718736350602,14.774777563737644,True,False,True,False,True,12.348870352648415,0.0,0.0,0.0,0.0,0,1.101614434947767,0.8262108262108258,False,False,False,False,0.31405058148007237,0.3241359605247701,False,False,False,False,-5411.0,-4026.4192545409737,False,False,False,False,190.59652566560655,False,False,False,False
2025-09-10 19:00:00+00:00,21.1,21.1,21.1,21.1,0.0,,,,,,,20.87258553575087,20.86841000807102,20.862414468226316,20.850672531037496,20.832075776570555,20.832075776570555,20.81112508290224,20.740750748512298,20.729251893939395,20.6642793807178,20.76887657514485,20.82388406976743,20.826045192635856,20.824253924996732,20.71117739066669,20.60818156753058,20.607471257117943,20.53324698325029,20.24753808880209,20.24591472864397,20.103565494071223,19.717549487961456,,20.87258553575087,20.832075776570555,20.826045192635856,20.60818156753058,20.24753808880209,,20.64006118013126,"rgba(38, 166, 154, 1.0)",0.14607476797100893,20.801607801508407,2.0427360771219267,67.39105339522983,14.774777563737644,True,False,True,False,True,12.348870352648415,0.0,0.0,0.0,0.0,0,1.101614434947767,0.8262108262108258,False,False,False,False,0.31405058148007237,0.31909327100242124,False,False,False,False,-5411.0,-4047.885622687625,False,False,False,False,187.64154077156613,False,False,False,False
2025-09-11 14:00:00+00:00,21.17,21.21,21.165,21.21,0.0,,,,,,,20.87258553575087,20.86841000807102,20.862414468226316,20.850672531037496,20.832075776570555,20.832075776570555,20.81112508290224,20.740750748512298,20.729251893939395,20.6642793807178,20.76887657514485,20.82388406976743,20.826045192635856,20.824253924996732,20.71117739066669,20.60818156753058,20.607471257117943,20.53324698325029,20.24753808880209,20.24591472864397,20.103565494071223,19.717549487961456,,20.87258553575087,20.832075776570555,20.826045192635856,20.60818156753058,20.24753808880209,,20.64006118013126,"rgba(38, 166, 154, 1.0)",0.1518630547148761,20.801607801508407,2.6892136422407216,70.81519296474599,17.121039244984914,True,False,True,False,True,16.214826531292125,0.0,0.0,0.0,0.0,0,1.1010387157695927,0.8338054768649659,False,False,False,False,0.34282816436584945,0.3309607176841354,False,False,False,False,-5411.0,-4069.019178925026,False,True,False,False,184.73236959681316,False,True,False,False
2025-09-11 15:00:00+00:00,21.21,21.21,21.16,21.16,100.0,,,,,,,20.877187247780466,20.873005366726293,20.86551207491375,20.853694913159035,20.834931896670813,20.834931896670813,20.814011317278588,20.742369388437123,20.730845024450456,20.66571766081871,20.769564851696842,20.82429380565233,20.826396805658614,20.824606658726097,20.711540243414454,20.608559005070255,20.607848915517163,20.53363302733946,20.247996175741697,20.24637339207369,20.104069725917345,19.718146544727915,,20.877187247780466,20.834931896670813,20.826396805658614,20.608559005070255,20.247996175741697,,20.64160163356554,"rgba(38, 166, 154, 1.0)",0.1557219455448403,20.85397906983393,1.9651753585235774,69.37455141559352,17.121039244984914,True,False,True,False,True,13.676839091356154,0.0,0.0,0.0,0.0,0,1.1029551954242127,0.8341277407054329,False,True,False,False,0.3405785932525373,0.33576965546833637,False,False,False,False,-5511.0,-4091.375470724638,False,False,False,False,183.41868944802533,False,False,False,False
2025-09-11 16:00:00+00:00,21.16,21.195,21.16,21.16,150.0,,,,,,,20.883723488211498,20.879537766112563,20.86997280233123,20.858056266764205,20.8390669941329,20.8390669941329,20.81819768500455,20.744747239762198,20.733186996765127,20.667839040298155,20.770580294510495,20.82489793236714,20.82691539498804,20.82512694177101,20.712077623615397,20.609119248022886,20.60840949312971,20.53420672980858,20.24867876485795,20.247056847074447,20.104821664185884,19.719038147231814,,20.883723488211498,20.8390669941329,20.82691539498804,20.609119248022886,20.24867876485795,,20.64383292523085,"rgba(38, 166, 154, 0.75)",0.1590066291324164,20.857560430693887,1.9020563542306754,68.41412371615853,17.121039244984914,True,False,True,False,False,13.676839091356165,0.0,0.0,0.0,0.0,0,1.0950570342205317,0.8298479087452459,False,False,False,False,0.3338496490899033,0.33480965227911985,False,False,False,False,-5511.0,-4113.385153349062,False,False,False,False,182.9005702317769,False,False,False,False
2025-09-11 17:00:00+00:00,21.16,21.16,21.16,21.16,0.0,,,,,,,20.883723488211498,20.879537766112563,20.86997280233123,20.858056266764205,20.8390669941329,20.8390669941329,20.81819768500455,20.744747239762198,20.733186996765127,20.667839040298155,20.770580294510495,20.82489793236714,20.82691539498804,20.82512694177101,20.712077623615397,20.609119248022886,20.60840949312971,20.53420672980858,20.24867876485795,20.247056847074447,20.104821664185884,19.719038147231814,,20.883723488211498,20.8390669941329,20.82691539498804,20.609119248022886,20.24867876485795,,20.64383292523085,"rgba(38, 166, 154, 0.75)",0.1619997497493883,20.857560430693887,1.8669138055705856,67.77383858320187,17.121039244984914,True,False,True,False,False,13.676839091356165,0.0,0.0,0.0,0.0,0,1.093600764087869,0.8385864374403046,False,False,False,False,0.3182603265672072,0.3265349894231635,False,False,False,False,-5511.0,-4135.05360058396,False,False,False,False,180.06490247624546,False,False,False,False
2025-09-11 18:00:00+00:00,21.16,21.165,21.075,21.075,100.0,,,,,,,20.88695003402352,20.88277809715435,20.872233766233766,20.860293886673915,20.841226417647857,20.841226417647857,20.820418376564717,20.746072624259597,20.73449924707654,20.669057607433214,20.771142363328757,20.825222312294915,20.82719356860861,20.8254063705375,20.712383314142862,20.609447935377958,20.608738432902555,20.53454868599729,20.249100435957303,20.247479110988632,20.105291079415604,19.7196046899803,,20.88695003402352,20.841226417647857,20.82719356860861,20.609447935377958,20.249100435957303,,20.645014307920345,"rgba(38, 166, 154, 0.75)",0.16294289609348647,20.857582013563423,1.3343201308502293,61.62333240925439,15.60156858708119,True,False,True,False,False,9.433483437080667,0.0,0.0,0.0,0.0,0,1.0765595463137985,0.8412098298676743,False,False,False,False,0.28316929698801363,0.30485214320558857,False,False,False,False,-5611.0,-4157.936490497387,False,False,False,False,178.82358615878428,False,False,False,False
2025-09-11 19:00:00+00:00,21.075,21.085,21.075,21.085,0.0,,,,,,,20.88695003402352,20.88277809715435,20.872233766233766,20.860293886673915,20.841226417647857,20.841226417647857,20.820418376564717,20.746072624259597,20.73449924707654,20.669057607433214,20.771142363328757,20.825222312294915,20.82719356860861,20.8254063705375,20.712383314142862,20.609447935377958,20.608738432902555,20.53454868599729,20.249100435957303,20.247479110988632,20.105291079415604,19.7196046899803,,20.88695003402352,20.841226417647857,20.82719356860861,20.609447935377958,20.249100435957303,,20.645014307920345,"rgba(38, 166, 154, 0.75)",0.16390829121149764,20.857582013563423,1.387470912884638,58.081272625111964,12.512902677874408,True,False,True,False,False,9.80798071138073,0.0,0.0,0.0,0.0,0,1.0726415094339612,0.8537735849056595,False,False,False,False,0.24874494727266674,0.27679854523912767,False,False,False,False,-5611.0,-4180.464606923784,False,False,False,False,176.0511274586481,False,False,False,False
2025-09-12 14:00:00+00:00,21.085,21.19,21.085,21.15,220.0,,,,,,,20.89486719412263,20.890712826228285,20.87781786779714,20.865793354655295,20.84649940167531,20.84649940167531,20.825799010277883,20.749248810870654,20.737636349840066,20.67193817241538,20.772507367962778,20.826026491086203,20.82788411120426,20.82609951616705,20.71311681267928,20.61022290689029,20.609513924257154,20.53534781221332,20.250066331198553,20.248446289768303,20.106360063888292,19.720882399787623,,20.89486719412263,20.84649940167531,20.82788411120426,20.61022290689029,20.250066331198553,,20.647876655302777,"rgba(38, 166, 154, 0.75)",0.16600613252522026,20.861962164785155,1.7351035822190743,58.8990781121068,12.512902677874408,True,False,True,False,False,12.187556384368246,0.0,0.0,0.0,0.0,0,1.08108108108108,0.8359739049394213,False,False,False,False,0.298433442143635,0.28761599369138136,False,False,False,False,-5391.0,-4199.232597514113,False,False,False,False,176.73250532750626,False,False,False,False
2025-09-12 15:00:00+00:00,21.15,21.15,21.15,21.15,39.0,,,,,,,20.896265280314736,20.892113990115924,20.878814216882546,20.866774679061532,20.84744075075553,20.84744075075553,20.82675876726886,20.749818391642375,20.738198801571478,20.67245415213741,20.77275373596401,20.82617237623495,20.828009451877563,20.826225311531125,20.713249103873082,20.61036220328291,20.609653311379436,20.535491200051048,20.250238938314244,20.248619123458994,20.106550859083992,19.721109990444837,,20.896265280314736,20.84744075075553,20.828009451877563,20.61036220328291,20.250238938314244,,20.648387063000097,"rgba(38, 166, 154, 0.75)",0.16787012354294348,20.86283122136998,1.7106604353963963,59.44428177010336,12.512902677874408,True,False,True,False,False,12.187556384368246,0.0,0.0,0.0,0.0,0,1.0978363123236108,0.8400752587017867,False,False,False,False,0.30941931931340777,0.2985176565023946,False,False,False,False,-5391.0,-4217.709611506141,False,False,False,False,174.59711764801003,False,False,False,False
2025-09-12 16:00:00+00:00,21.15,21.15,21.15,21.15,0.0,,,,,,,20.896265280314736,20.892113990115924,20.878814216882546,20.866774679061532,20.84744075075553,20.84744075075553,20.82675876726886,20.749818391642375,20.738198801571478,20.67245415213741,20.77275373596401,20.82617237623495,20.828009451877563,20.826225311531125,20.713249103873082,20.61036220328291,20.609653311379436,20.535491200051048,20.250238938314244,20.248619123458994,20.106550859083992,19.721109990444837,,20.896265280314736,20.84744075075553,20.828009451877563,20.61036220328291,20.250238938314244,,20.648387063000097,"rgba(38, 166, 154, 1.0)",0.16841938751234836,20.86283122136998,1.7050814806517662,59.8077508754344,12.512902677874408,True,False,True,False,True,12.187556384368268,0.0,0.0,0.0,0.0,0,1.1024667931688787,0.8339658444022767,False,False,False,False,0.30941931931340777,0.3039684879079012,False,False,False,False,-5391.0,-4235.900160164961,False,False,False,False,171.89018559145174,False,False,False,False
2025-09-12 17:00:00+00:00,21.15,21.15,21.15,21.15,0.0,,,,,,,20.896265280314736,20.892113990115924,20.878814216882546,20.866774679061532,20.84744075075553,20.84744075075553,20.82675876726886,20.749818391642375,20.738198801571478,20.67245415213741,20.77275373596401,20.82617237623495,20.828009451877563,20.826225311531125,20.713249103873082,20.61036220328291,20.609653311379436,20.535491200051048,20.250238938314244,20.248619123458994,20.106550859083992,19.721109990444837,,20.896265280314736,20.84744075075553,20.828009451877563,20.61036220328291,20.250238938314244,,20.648387063000097,"rgba(38, 166, 154, 1.0)",0.17009157575873182,20.86283122136998,1.6883186445245009,60.05006361232176,12.512902677874408,True,False,True,False,True,12.187556384368268,0.0,0.0,0.0,0.0,0,1.1024667931688787,0.825426944971537,False,False,False,False,0.30941931931340777,0.3066939036106545,False,False,False,False,-5391.0,-4253.808684813565,False,False,False,False,169.2252214737548,False,False,False,False
2025-09-12 18:00:00+00:00,21.15,21.15,21.15,21.15,0.0,,,,,,,20.896265280314736,20.892113990115924,20.878814216882546,20.866774679061532,20.84744075075553,20.84744075075553,20.82675876726886,20.749818391642375,20.738198801571478,20.67245415213741,20.77275373596401,20.82617237623495,20.828009451877563,20.826225311531125,20.713249103873082,20.61036220328291,20.609653311379436,20.535491200051048,20.250238938314244,20.248619123458994,20.106550859083992,19.721109990444837,,20.896265280314736,20.84744075075553,20.828009451877563,20.61036220328291,20.250238938314244,,20.648387063000097,"rgba(38, 166, 154, 1.0)",0.17112760635736626,20.86283122136998,1.6780973259821281,60.21160543691333,12.512902677874408,True,False,True,False,True,12.187556384368268,0.0,0.0,0.0,0.0,0,1.1039461020211725,0.8373435996150144,False,False,False,False,0.30941931931340777,0.3080566114620311,False,False,False,False,-5391.0,-4271.439557917231,False,False,False,False,166.60157462920046,False,False,False,False
2025-09-12 19:00:00+00:00,21.15,21.175,21.15,21.17,10.0,,,,,,,20.896642346008132,20.892491582491576,20.879082583145784,20.867038478549315,20.8476931023522,20.8476931023522,20.82701532160194,20.749969641772925,20.73834801710776,20.672590425335688,20.772819365201553,20.82621149324435,20.82804307125445,20.82625904462234,20.71328417633891,20.610398901210388,20.6096900319148,20.535528852576032,20.250283923539584,20.248664166412727,20.106600472802175,19.721168947832613,,20.896642346008132,20.8476931023522,20.82804307125445,20.610398901210388,20.250283923539584,,20.6485235021667,"rgba(38, 166, 154, 1.0)",0.1726512132635774,20.863088819865986,1.7776369730195334,61.60068831132569,12.512902677874408,True,False,True,False,True,12.958414125642065,0.0,0.0,0.0,0.0,0,1.0895953757225416,0.8381502890173402,False,False,False,False,0.3204780713141275,0.3142673413880793,False,False,False,False,-5381.0,-4288.6420453913815,False,False,False,False,164.17364323960044,False,False,False,False
2025-09-15 14:00:00+00:00,21.13,21.135,21.12,21.135,40.0,,,,,,,20.89794474675596,20.893798908306955,20.88002024165421,20.86796562362274,20.848587610899877,20.848587610899877,20.827931790683607,20.750522614283984,20.738894959792383,20.67309607377109,20.773058254050547,20.82635171572869,20.828163520381864,20.826379975050088,20.713413545991955,20.610536383641143,20.609827610901046,20.53567104589117,20.250456936775723,20.248837413876156,20.106792320045507,19.721399013652093,,20.89794474675596,20.848587610899877,20.828163520381864,20.610536383641143,20.250456936775723,,20.64901081439348,"rgba(38, 166, 154, 0.5)",0.1732931692896929,20.863785726363297,1.5650603814817308,59.0736592767668,12.512902677874408,False,False,True,False,False,11.072147160299952,0.0,0.0,0.0,0.0,0,1.0831739961759064,0.8355640535372841,False,False,False,False,0.2896949591748604,0.3019811502814699,False,False,False,False,-5421.0,-4306.197982672135,False,False,False,False,162.24847047619576,False,False,False,False
2025-09-15 15:00:00+00:00,21.135,21.135,21.135,21.135,0.0,,,,,,,20.89794474675596,20.893798908306955,20.88002024165421,20.86796562362274,20.848587610899877,20.848587610899877,20.827931790683607,20.750522614283984,20.738894959792383,20.67309607377109,20.773058254050547,20.82635171572869,20.828163520381864,20.826379975050088,20.713413545991955,20.610536383641143,20.609827610901046,20.53567104589117,20.250456936775723,20.248837413876156,20.106792320045507,19.721399013652093,,20.89794474675596,20.848587610899877,20.828163520381864,20.610536383641143,20.250456936775723,,20.64901081439348,"rgba(38, 166, 154, 0.5)",0.1737542533018515,20.863785726363297,1.5609072496518557,57.388973253727535,11.039829808491426,False,True,True,False,False,11.072147160299952,0.0,0.0,0.0,0.0,0,1.0861244019138738,0.8344497607655496,False,False,False,False,0.2962447154310895,0.2991129328562797,False,False,False,False,-5421.0,-4323.481734878769,False,False,False,False,159.7329903137741,False,False,False,False
2025-09-15 16:00:00+00:00,21.135,21.135,21.135,21.135,0.0,,,,,,,20.89794474675596,20.893798908306955,20.88002024165421,20.86796562362274,20.848587610899877,20.848587610899877,20.827931790683607,20.750522614283984,20.738894959792383,20.67309607377109,20.773058254050547,20.82635171572869,20.828163520381864,20.826379975050088,20.713413545991955,20.610536383641143,20.609827610901046,20.53567104589117,20.250456936775723,20.248837413876156,20.106792320045507,19.721399013652093,,20.89794474675596,20.848587610899877,20.828163520381864,20.610536383641143,20.250456936775723,,20.64901081439348,"rgba(38, 166, 154, 0.5)",0.17411314536051156,20.863785726363297,1.5576898175903935,56.26584923836803,9.883355357101387,False,True,True,False,False,11.072147160299952,0.0,0.0,0.0,0.0,0,1.102539062499999,0.8310546874999993,False,False,False,False,0.2962447154310895,0.29767882414368463,False,False,False,False,-5421.0,-4340.497521934913,False,False,False,False,157.2565098437931,False,False,False,False
2025-09-15 17:00:00+00:00,21.135,21.155,21.135,21.155,0.0,,,,,,,20.89794474675596,20.893798908306955,20.88002024165421,20.86796562362274,20.848587610899877,20.848587610899877,20.827931790683607,20.750522614283984,20.738894959792383,20.67309607377109,20.773058254050547,20.82635171572869,20.828163520381864,20.826379975050088,20.713413545991955,20.610536383641143,20.609827610901046,20.53567104589117,20.250456936775723,20.248837413876156,20.106792320045507,19.721399013652093,,20.89794474675596,20.848587610899877,20.828163520381864,20.610536383641143,20.250456936775723,,20.64901081439348,"rgba(38, 166, 154, 0.5)",0.17584168247955426,20.863785726363297,1.6561162832968515,57.29138927681967,9.883355357101387,False,True,True,False,False,11.893787228627776,0.0,0.0,0.0,0.0,0,1.0928641251221882,0.8279569892473111,False,False,False,False,0.3050164132638875,0.30134761870378607,False,False,False,False,-5421.0,-4357.2494983390225,False,False,False,False,154.81842441985833,False,False,False,False
2025-09-15 18:00:00+00:00,21.155,21.155,21.13,21.13,600.0,,,,,,,20.91651474185657,20.912449048769115,20.893731127624438,20.88154625366262,20.86173396854205,20.86173396854205,20.84140407986111,20.75880621810846,20.747090528787513,20.680684763302878,20.776686393960983,20.828496926773543,20.83000836001598,20.82823191646547,20.715383122819215,20.612622867471362,20.611915520995197,20.537825604236065,20.253068504365494,20.251452475917034,20.10968478846737,19.724861369041793,,20.91651474185657,20.86173396854205,20.83000836001598,20.612622867471362,20.253068504365494,,20.656178752253922,"rgba(38, 166, 154, 0.5)",0.1770410702082527,20.875192533007315,1.4392562510662361,55.20573490341549,8.785521382798002,False,True,True,False,False,10.492257816445292,0.0,0.0,0.0,0.0,0,1.1115537848605557,0.8256972111553776,False,False,False,False,0.30281926457822106,0.30208344164100354,False,False,False,False,-6021.0,-4383.044079760123,False,False,False,False,161.7204643513334,False,False,False,False
2025-09-15 19:00:00+00:00,21.13,21.13,21.105,21.105,34.0,,,,,,,20.91737255907362,20.913313504619666,20.89438966307991,20.882204135014053,20.862379192437274,20.862379192437274,20.84207124645211,20.75923481723795,20.747515854311118,20.681084297535623,20.77687576865595,20.82860786851942,20.830103820858632,20.828327794372672,20.715487620901204,20.612735008673123,20.61202774669212,20.53794217109588,20.253211867079063,20.25159603827816,20.109844237706316,19.72505360143552,,20.91737255907362,20.862379192437274,20.830103820858632,20.612735008673123,20.253211867079063,,20.65653445483939,#000000,0.17799349618631433,20.875686202947218,1.2883268319688972,51.500538797117194,5.324146791546461,False,True,False,False,False,9.107975741987296,0.0,0.0,0.0,0.0,0,1.1075376884422092,0.8190954773869348,False,False,False,False,0.2809993116443749,0.2915413766426892,False,False,False,False,-6055.0,-4408.965876973144,False,False,False,False,159.7403021133282,False,False,False,False
2025-09-16 14:00:00+00:00,21.095,21.095,21.03,21.03,100.0,,,,,,,20.919072269332993,20.915042702995454,20.895764702453807,20.883607086679362,20.863796226980092,20.863796226980092,20.84357286144147,20.760270927815572,20.748551190840903,20.68208809614099,20.777329660890985,20.828863104977888,20.830323166123808,20.828548480596552,20.71574706035186,20.613023950584775,20.612316963796243,20.53824802684719,20.25360303447467,20.251987807266694,20.110284111430797,19.725593581842897,,20.919072269332993,20.863796226980092,20.830323166123808,20.613023950584775,20.25360303447467,,20.657337783674777,"rgba(239, 83, 80, 1.0)",0.17818613104627432,20.876254414821087,0.8628369911628353,44.405193112961044,-1.0585628743413196,False,True,False,True,False,5.135877475027655,0.0,0.0,0.0,0.0,0,1.0835820895522381,0.8268656716417906,False,False,False,False,0.23386849011250313,0.26270493337759615,False,False,False,False,-6155.0,-4436.03617345418,False,False,False,False,158.81409587901302,False,False,False,False
2025-09-16 15:00:00+00:00,21.06,21.07,21.05,21.07,74.0,,,,,,,20.920410867293622,20.916401651186785,20.89684184618948,20.884701445459285,20.86489552312885,20.86489552312885,20.84473180349677,20.761063443824064,20.749342127601775,20.682850751513836,20.777678819874087,20.829061474613276,20.830493742889633,20.828720032386734,20.715945446692327,20.613243203231917,20.612536416278722,20.538479263495546,20.25389647967223,20.25228169533452,20.110613384317077,19.725996397452167,,20.920410867293622,20.86489552312885,20.830493742889633,20.613243203231917,20.25389647967223,,20.657958242684618,"rgba(239, 83, 80, 1.0)",0.17874051351362352,20.876839968836386,1.0806729116221991,43.36974061415173,-1.7158328320858516,False,True,False,True,False,6.8864848320530605,0.0,0.0,0.0,0.0,0,1.0856573705179273,0.8296812749003973,False,False,False,False,0.23175170143820178,0.24722831740789897,False,False,False,False,-6081.0,-4461.539488594425,False,False,False,False,157.49914865608258,False,False,False,False
2025-09-16 16:00:00+00:00,21.07,21.07,21.025,21.025,0.0,,,,,,,20.920410867293622,20.916401651186785,20.89684184618948,20.884701445459285,20.86489552312885,20.86489552312885,20.84473180349677,20.761063443824064,20.749342127601775,20.682850751513836,20.777678819874087,20.829061474613276,20.830493742889633,20.828720032386734,20.715945446692327,20.613243203231917,20.612536416278722,20.538479263495546,20.25389647967223,20.25228169533452,20.110613384317077,19.725996397452167,,20.920410867293622,20.86489552312885,20.830493742889633,20.613243203231917,20.25389647967223,,20.657958242684618,"rgba(239, 83, 80, 1.0)",0.17889173332548053,20.876839968836386,0.8282106076642818,40.375271339249934,-4.3653954153665,False,True,False,True,False,4.596897940757589,0.0,0.0,0.0,0.0,0,1.0863952333664337,0.8272095332671296,False,False,False,False,0.22119790065779646,0.2342131090328477,False,False,False,False,-6081.0,-4486.647403499937,False,False,False,False,155.0573013900968,False,False,False,False
2025-09-16 17:00:00+00:00,21.025,21.035,21.025,21.03,0.0,,,,,,,20.920410867293622,20.916401651186785,20.89684184618948,20.884701445459285,20.86489552312885,20.86489552312885,20.84473180349677,20.761063443824064,20.749342127601775,20.682850751513836,20.777678819874087,20.829061474613276,20.830493742889633,20.828720032386734,20.715945446692327,20.613243203231917,20.612536416278722,20.538479263495546,20.25389647967223,20.25228169533452,20.110613384317077,19.725996397452167,,20.920410867293622,20.86489552312885,20.830493742889633,20.613243203231917,20.25389647967223,,20.657958242684618,"rgba(239, 83, 80, 1.0)",0.17915924769874025,20.876839968836386,0.8548820846867865,38.827175085489685,-5.748315090928536,False,True,False,True,False,4.819379244926168,0.0,0.0,0.0,0.0,0,1.0873015873015859,0.8343253968253965,False,False,False,False,0.20650307603576953,0.2203580925343086,False,False,False,False,-6081.0,-4511.366048406915,False,False,False,False,152.6533122212581,False,False,False,False
2025-09-16 18:00:00+00:00,21.03,21.03,20.98,20.995,20.0,,,,,,,20.92061413383364,20.916612312126823,20.897023644351947,20.884893617021277,20.865098870056503,20.865098870056503,20.84495516652434,20.761233373354994,20.749513363419403,20.683023028567305,20.77775270058549,20.829100933091006,20.830527603316668,20.82875417917126,20.715989514650953,20.613294310237446,20.612587582618907,20.538534386150737,20.25396971329238,20.252355051538338,20.11069658023898,19.72610020669563,,20.92061413383364,20.865098870056503,20.830527603316668,20.613294310237446,20.25396971329238,,20.658078597313665,"rgba(239, 83, 80, 1.0)",0.17914265290553383,20.876831598324635,0.6596329782928843,36.140055213885844,-8.277990358268411,False,True,False,True,False,3.057451641761382,0.0,0.0,0.0,0.0,0,1.0779092702169615,0.8392504930966466,False,False,False,False,0.1856603846825658,0.2030092386084372,False,False,False,False,-6101.0,-4536.011536028513,False,False,False,False,150.59667172170367,False,False,False,False
2025-09-16 19:00:00+00:00,20.995,21.01,20.96,20.98,760.0,,,,,,,20.926058633162,20.922338791643135,20.90236007159128,20.890678367999172,20.871421568627454,20.871421568627454,20.852055315509947,20.767038310750397,20.755391540692223,20.68906548942779,20.780297554089657,20.830429211946765,20.83166766471963,20.829905313422685,20.71754725925699,20.615135252197287,20.6144308339439,20.540536833770695,20.256674025287655,20.255064041923095,20.113781737577124,19.729975959848343,,20.926058633162,20.871421568627454,20.83166766471963,20.615135252197287,20.256674025287655,,20.661967061182487,"rgba(239, 83, 80, 1.0)",0.17910545989921192,20.87694228871566,0.5754023989125363,33.704698053561614,-10.592325432945103,False,True,False,True,False,2.311142189595234,0.0,0.0,0.0,0.0,0,1.069403714565004,0.8455522971651998,False,False,False,False,0.16910113975268237,0.1860551891805598,False,False,False,False,-6861.0,-4572.057868803264,False,False,False,False,160.04478533842143,False,False,False,False
2025-09-17 14:00:00+00:00,20.98,20.98,20.98,20.98,0.0,,,,,,,20.926058633162,20.922338791643135,20.90236007159128,20.890678367999172,20.871421568627454,20.871421568627454,20.852055315509947,20.767038310750397,20.755391540692223,20.68906548942779,20.780297554089657,20.830429211946765,20.83166766471963,20.829905313422685,20.71754725925699,20.615135252197287,20.6144308339439,20.540536833770695,20.256674025287655,20.255064041923095,20.113781737577124,19.729975959848343,,20.926058633162,20.871421568627454,20.83166766471963,20.615135252197287,20.256674025287655,,20.661967061182487,"rgba(239, 83, 80, 1.0)",0.17899577225853375,20.87694228871566,0.5757550023890369,32.08112661334546,-12.204204654864952,False,True,False,True,False,2.311142189595234,0.0,0.0,0.0,0.0,0,1.072407045009784,0.85225048923679,False,False,False,False,0.16497598501632538,0.1755155870984426,False,False,False,False,-6861.0,-4607.5453437055385,False,False,False,False,157.56347083705055,False,False,False,False
2025-09-17 15:00:00+00:00,20.98,21.005,20.98,21.0,0.0,,,,,,,20.926058633162,20.922338791643135,20.90236007159128,20.890678367999172,20.871421568627454,20.871421568627454,20.852055315509947,20.767038310750397,20.755391540692223,20.68906548942779,20.780297554089657,20.830429211946765,20.83166766471963,20.829905313422685,20.71754725925699,20.615135252197287,20.6144308339439,20.540536833770695,20.256674025287655,20.255064041923095,20.113781737577124,19.729975959848343,,20.926058633162,20.871421568627454,20.83166766471963,20.615135252197287,20.256674025287655,,20.661967061182487,"rgba(239, 83, 80, 1.0)",0.17898802114011442,20.87694228871566,0.6875192568781339,33.27152026759849,-12.204204654864952,False,True,False,True,False,3.263351105919167,0.0,0.0,0.0,0.0,0,1.071428571428571,0.8522504892367906,False,False,False,False,0.17529962374018887,0.17540760541931572,False,False,False,False,-6861.0,-4642.482625198476,False,False,False,False,155.12062632794897,False,False,False,False
2025-09-17 16:00:00+00:00,21.0,21.005,20.92,20.92,539.0,,,,,,,20.927350441144824,20.923830281740116,20.90429129971683,20.89298508016627,20.87423191648024,20.87423191648024,20.855435802227866,20.77033770019471,20.758771314050477,20.69271314591979,20.781759937998533,20.831144981566155,20.83228173053135,20.83052749484217,20.718497032444596,20.616306747639207,20.61560404077278,20.541834705196948,20.25848803487842,20.256881398549723,20.11586903629461,19.73263387852074,,20.927350441144824,20.87423191648024,20.83228173053135,20.616306747639207,20.25848803487842,,20.66390945078894,"rgba(239, 83, 80, 1.0)",0.17893244484934012,20.876499566052043,0.24311093488151572,30.484959600132154,-13.913605333221838,False,True,False,True,False,0.0,0.0,0.0,0.0,0.0,0,1.0543689320388343,0.8563106796116505,False,False,False,False,0.1505807173972935,0.1629941614083046,False,False,False,False,-7400.0,-4685.23483255974,False,False,False,False,161.07224452441488,False,False,False,False
2025-09-17 17:00:00+00:00,20.92,20.94,20.91,20.935,100.0,,,,,,20.928333333333335,20.927360904123198,20.923877712239307,20.9044772252726,20.89324553001277,20.874596211254012,20.874596211254012,20.85590760037106,20.77086936770199,20.759320591728752,20.693326564439,20.78199621712826,20.831254322015457,20.832375435755342,20.83062273398574,20.718657124837243,20.61651015082278,20.615807769229267,20.542062787193537,20.25881381293753,20.25720780083581,20.116245866283265,19.733117632462267,,20.927360904123198,20.874596211254012,20.832375435755342,20.61651015082278,20.25881381293753,,20.67567751761811,"rgba(239, 83, 80, 1.0)",0.1788540096187364,20.888065400516886,0.26241849194861727,30.122741672556117,-14.470807223350555,False,True,False,True,False,0.01923191144745573,0.0,0.0,0.0,0.0,0,1.0644531249999987,0.8652343749999996,False,False,False,False,0.11993339956777657,0.1414637804880406,False,False,False,False,-7300.0,-4725.773827403775,False,False,False,False,160.1253880201604,False,False,False,False
2025-09-17 18:00:00+00:00,20.935,20.96,20.935,20.96,150.0,,,,,,20.942333333333337,20.927742910030734,20.924309933637492,20.90501834722116,20.89388415197007,20.87536686443126,20.87536686443126,20.856828301604597,20.771777379716745,20.7602506984741,20.694331492094772,20.782405495518695,20.831457182113592,20.832549746397273,20.83079927722948,20.718923478278544,20.616837552289223,20.616135643300165,20.54242504196,20.259318896081616,20.257713811288756,20.116826678408394,19.73385668153263,,20.927742910030734,20.87536686443126,20.832549746397273,20.616837552289223,20.259318896081616,,20.6768025983193,"rgba(239, 83, 80, 1.0)",0.17877329747989254,20.888822301332063,0.39814502317351896,32.252154641559976,-14.470807223350555,False,True,False,True,False,1.2258828743095798,0.0,0.0,0.0,0.0,0,1.0858835143139178,0.8479763079960513,False,False,False,False,0.13829124664584996,0.13987751356694528,False,False,False,False,-7150.0,-4763.358729304491,False,False,False,False,159.9684052601579,False,False,False,False
2025-09-17 19:00:00+00:00,20.96,20.96,20.93,20.945,125.0,,,,,,20.943222222222225,20.927966008204915,20.92457467499232,20.905396789338177,20.894345586288242,20.875942306844728,20.875942306844728,20.857529144940436,20.77249933315551,20.760992187081925,20.695141437901732,20.78273168135156,20.831616364404457,20.83268650859286,20.830937910718323,20.719138630244064,20.61710447602563,20.61640296401306,20.542721522094773,20.25973518902582,20.258130878174153,20.11730621178434,19.73446850356575,,20.927966008204915,20.875942306844728,20.83268650859286,20.61710447602563,20.25973518902582,,20.67724055816564,"rgba(239, 83, 80, 0.75)",0.1786848350314388,20.888866437614844,0.3141484411661446,32.89685236523839,-14.470807223350555,False,True,False,True,True,0.4821767304817719,0.0,0.0,0.0,0.0,0,1.075564278704611,0.8420019627085378,False,False,False,False,0.13624712897082508,0.13806232126888518,False,False,False,False,-7275.0,-4802.298904043956,False,False,False,False,159.426259442171,False,False,False,False
2025-09-18 14:00:00+00:00,20.945,20.945,20.945,20.945,0.0,,,,,,20.943222222222225,20.927966008204915,20.92457467499232,20.905396789338177,20.894345586288242,20.875942306844728,20.875942306844728,20.857529144940436,20.77249933315551,20.760992187081925,20.695141437901732,20.78273168135156,20.831616364404457,20.83268650859286,20.830937910718323,20.719138630244064,20.61710447602563,20.61640296401306,20.542721522094773,20.25973518902582,20.258130878174153,20.11730621178434,19.73446850356575,,20.927966008204915,20.875942306844728,20.83268650859286,20.61710447602563,20.25973518902582,,20.67724055816564,"rgba(239, 83, 80, 0.75)",0.17859428579565786,20.888866437614844,0.31430771782576805,33.32665084769066,-14.470807223350555,False,True,False,True,True,0.4821767304817719,0.0,0.0,0.0,0.0,0,1.0785083415112844,0.844946025515211,False,False,False,False,0.13624712897082508,0.13715472511985513,False,False,False,False,-7275.0,-4840.63535514405,False,False,False,False,156.95453448957917,False,False,False,False
2025-09-18 15:00:00+00:00,20.945,20.98,20.945,20.98,100.0,,,,,,20.948508771929827,20.928379226805884,20.925018070051,20.90586978305526,20.894876078487602,20.87654910460178,20.87654910460178,20.85822928514259,20.7731501174177,20.761655784925587,20.695845794874437,20.783029077002798,20.83176952980584,20.832818359431947,20.83107121373823,20.719328208327315,20.617332875964053,20.616631671410687,20.542972131118592,20.260079187076354,20.258475489434954,20.117700242306398,19.734966942171006,,20.928379226805884,20.87654910460178,20.832818359431947,20.617332875964053,20.260079187076354,,20.677861132594852,"rgba(239, 83, 80, 0.75)",0.17853414642970572,20.88935996108348,0.5076902134920716,37.08533486544856,-17.649685923146727,False,True,False,True,True,2.207654053449982,0.0,0.0,0.0,0.0,0,1.0843137254901951,0.8382352941176471,False,False,False,False,0.1505807173972935,0.14386772125857433,False,False,False,False,-7175.0,-4876.8270550642965,False,False,False,False,156.07151845098105,False,False,False,False
2025-09-18 16:00:00+00:00,20.98,20.98,20.98,20.98,0.0,,,,,,20.948508771929827,20.928379226805884,20.925018070051,20.90586978305526,20.894876078487602,20.87654910460178,20.87654910460178,20.85822928514259,20.7731501174177,20.761655784925587,20.695845794874437,20.783029077002798,20.83176952980584,20.832818359431947,20.83107121373823,20.719328208327315,20.617332875964053,20.616631671410687,20.542972131118592,20.260079187076354,20.258475489434954,20.117700242306398,19.734966942171006,,20.928379226805884,20.87654910460178,20.832818359431947,20.617332875964053,20.260079187076354,,20.677861132594852,"rgba(239, 83, 80, 0.75)",0.17846752549861777,20.88935996108348,0.5078797314149126,39.59112421062049,-15.199105761411694,False,True,False,True,True,2.207654053449982,0.0,0.0,0.0,0.0,0,1.103975535168195,0.8277268093781857,False,False,False,False,0.16497598501632538,0.15442185313744985,False,False,False,False,-7175.0,-4912.457643357873,False,False,False,False,153.65180498662474,False,False,False,False
2025-09-18 17:00:00+00:00,20.98,20.98,20.98,20.98,0.0,,,,,,20.948508771929827,20.928379226805884,20.925018070051,20.90586978305526,20.894876078487602,20.87654910460178,20.87654910460178,20.85822928514259,20.7731501174177,20.761655784925587,20.695845794874437,20.783029077002798,20.83176952980584,20.832818359431947,20.83107121373823,20.719328208327315,20.617332875964053,20.616631671410687,20.542972131118592,20.260079187076354,20.258475489434954,20.117700242306398,19.734966942171006,,20.928379226805884,20.87654910460178,20.832818359431947,20.617332875964053,20.260079187076354,,20.677861132594852,"rgba(239, 83, 80, 0.75)",0.1758469082329204,20.88935996108348,0.5154485786947336,41.26165044073511,-13.539356832826861,False,True,False,True,True,2.207654053449982,0.0,0.0,0.0,0.0,0,1.1060291060291052,0.8367983367983367,False,False,False,False,0.16497598501632538,0.1596989190768876,False,False,False,False,-7175.0,-4947.535819429843,False,False,False,False,151.26960645970033,False,False,False,False
2025-09-18 18:00:00+00:00,20.98,21.04,20.98,21.04,199.0,,,,,,20.96961671612265,20.930208333333336,20.926895444312013,20.907551524126863,20.896636269381208,20.878399783900594,20.878399783900594,20.860238169526777,20.774771824414294,20.763290770894287,20.697500448890594,20.783782290868064,20.832188240554427,20.833179727972983,20.831435280674736,20.719782712729597,20.61785328328257,20.617152646620415,20.543530435805454,20.260812615994485,20.259210113418057,20.118530839412415,19.735999138899533,,20.930208333333336,20.878399783900594,20.833179727972983,20.61785328328257,20.260812615994485,,20.679868104131998,#000000,0.17138658162266415,20.891796244906555,0.8647337130495976,47.52108563233887,-7.720722342420068,False,True,False,False,True,5.153426399347776,0.0,0.0,0.0,0.0,0,1.0882956878850099,0.8234086242299795,False,False,False,False,0.18981562754050793,0.17475727330869778,False,False,False,False,-6976.0,-4978.984876492947,False,False,False,False,152.00961256110034,False,False,False,False
2025-09-18 19:00:00+00:00,21.04,21.055,21.04,21.055,0.0,,,,,,20.96961671612265,20.930208333333336,20.926895444312013,20.907551524126863,20.896636269381208,20.878399783900594,20.878399783900594,20.860238169526777,20.774771824414294,20.763290770894287,20.697500448890594,20.783782290868064,20.832188240554427,20.833179727972983,20.831435280674736,20.719782712729597,20.61785328328257,20.617152646620415,20.543530435805454,20.260812615994485,20.259210113418057,20.118530839412415,19.735999138899533,,20.930208333333336,20.878399783900594,20.833179727972983,20.61785328328257,20.260812615994485,,20.679868104131998,"rgba(38, 166, 154, 0.5)",0.166705139703445,20.891796244906555,0.9789965407411625,52.66211771060145,-3.166233601759444,False,False,True,False,True,5.867120397862557,0.0,0.0,0.0,0.0,0,1.100307062436028,0.8208802456499488,False,False,False,False,0.22119790065779646,0.19797758698324713,False,False,False,False,-6976.0,-5009.946351276001,False,False,False,False,149.65287438185848,False,False,False,False
2025-09-19 14:00:00+00:00,21.055,21.055,21.05,21.05,0.0,,,,,,20.96961671612265,20.930208333333336,20.926895444312013,20.907551524126863,20.896636269381208,20.878399783900594,20.878399783900594,20.860238169526777,20.774771824414294,20.763290770894287,20.697500448890594,20.783782290868064,20.832188240554427,20.833179727972983,20.831435280674736,20.719782712729597,20.61785328328257,20.617152646620415,20.543530435805454,20.260812615994485,20.259210113418057,20.118530839412415,19.735999138899533,,20.930208333333336,20.878399783900594,20.833179727972983,20.61785328328257,20.260812615994485,,20.679868104131998,"rgba(38, 166, 154, 0.5)",0.16163458398090436,20.891796244906555,0.9787741657573492,55.53280982152446,-0.7248643854995507,False,False,True,False,True,5.587038651850399,0.0,0.0,0.0,0.0,0,1.1042752867570382,0.8373305526590201,False,False,False,False,0.22541347921188867,0.2116955330975679,False,False,False,False,-6976.0,-5040.427803194202,False,False,False,False,147.33267477903897,False,False,False,False
2025-09-19 15:00:00+00:00,21.05,21.065,21.03,21.03,104.0,,,,,,20.979248071979438,20.93135921366164,20.92806888189802,20.908576432262958,20.897694736842098,20.879493206259255,20.879493206259255,20.86140802281604,20.775685035916,20.7642084548413,20.698416135826786,20.78420995981632,20.832431482887458,20.833389867741783,20.831646787201038,20.720036799493997,20.618139344457354,20.617438994861022,20.54383493795088,20.261206275570572,20.259604391664386,20.11897473063842,19.736547010478144,,20.93135921366164,20.879493206259255,20.833389867741783,20.618139344457354,20.261206275570572,,20.680917912231482,"rgba(38, 166, 154, 0.5)",0.15574653120350085,20.893183486178906,0.8784562504466241,55.268168022852215,-0.7248643854995507,False,False,True,False,True,4.463687699459392,0.0,0.0,0.0,0.0,0,1.090241343126967,0.8384050367261279,False,False,False,False,0.22119790065779646,0.2164467168776822,False,False,False,False,-7080.0,-5072.049077563283,False,False,False,False,146.66085036386008,False,False,False,False
2025-09-19 16:00:00+00:00,21.03,21.07,21.03,21.055,25.0,,,,,,20.981502698215028,20.93165709286587,20.928371906769964,20.908838809838144,20.89796438995913,20.879769941279843,20.879769941279843,20.861702467913,20.775911845277232,20.764436068792953,20.69864191849465,20.78431653835325,20.832492660929347,20.83344274128692,20.831699984525805,20.720099715424023,20.61820967386085,20.61750939219832,20.543909549303894,20.261302057836584,20.259700322003482,20.119082527383807,19.736679650413777,,20.93165709286587,20.879769941279843,20.83344274128692,20.61820967386085,20.261302057836584,,20.68117443018286,"rgba(38, 166, 154, 1.0)",0.15069140951242632,20.893533483237682,1.0715044559258862,57.05945650132074,0.7914822320577812,True,False,True,False,True,5.695921148920448,0.0,0.0,0.0,0.0,0,1.1064516129032258,0.8333333333333334,False,False,False,False,0.22330471400868987,0.21987571544318602,False,False,False,False,-7055.0,-5102.792502717341,False,False,False,False,144.77463562953665,False,False,False,False
2025-09-19 17:00:00+00:00,21.055,21.055,21.055,21.055,0.0,,,,,,20.981502698215028,20.93165709286587,20.928371906769964,20.908838809838144,20.89796438995913,20.879769941279843,20.879769941279843,20.861702467913,20.775911845277232,20.764436068792953,20.69864191849465,20.78431653835325,20.832492660929347,20.83344274128692,20.831699984525805,20.720099715424023,20.61820967386085,20.61750939219832,20.543909549303894,20.261302057836584,20.259700322003482,20.119082527383807,19.736679650413777,,20.93165709286587,20.879769941279843,20.83344274128692,20.61820967386085,20.261302057836584,,20.68117443018286,"rgba(38, 166, 154, 1.0)",0.14704221983619217,20.893533483237682,1.098096294670973,58.25364882029975,2.142973523145706,True,False,True,False,True,5.695921148920448,0.0,0.0,0.0,0.0,0,1.1147902869757171,0.8587196467991173,False,False,False,False,0.22752421776223555,0.2236999666027108,False,False,False,False,-7055.0,-5133.059285620949,False,False,False,False,142.53006763528026,False,False,False,False
2025-09-19 18:00:00+00:00,21.055,21.065,21.055,21.065,0.0,,,,,,20.981502698215028,20.93165709286587,20.928371906769964,20.908838809838144,20.89796438995913,20.879769941279843,20.879769941279843,20.861702467913,20.775911845277232,20.764436068792953,20.69864191849465,20.78431653835325,20.832492660929347,20.83344274128692,20.831699984525805,20.720099715424023,20.61820967386085,20.61750939219832,20.543909549303894,20.261302057836584,20.259700322003482,20.119082527383807,19.736679650413777,,20.93165709286587,20.879769941279843,20.83344274128692,20.61820967386085,20.261302057836584,,20.68117443018286,"rgba(38, 166, 154, 1.0)",0.1429122139666211,20.893533483237682,1.1998030959226966,59.8623579166654,3.9359100639106614,True,False,True,False,True,6.196529886548724,0.0,0.0,0.0,0.0,0,1.1126126126126124,0.8536036036036035,False,False,False,False,0.23175170143820178,0.2277258340204563,False,False,False,False,-7055.0,-5162.856816076438,False,False,False,False,140.3202991448108,False,False,False,False
2025-09-19 19:00:00+00:00,21.065,21.095,21.065,21.08,540.0,,,,,,21.02110697443534,20.939187897590173,20.93599779578405,20.91535969615728,20.904599505006182,20.88648823578145,20.88648823578145,20.868763727486918,20.781215708441,20.769742471896112,20.70383517425732,20.786839873361057,20.833975579447227,20.83472606436812,20.832990003656022,20.72156852964517,20.619822174514702,20.619123294517042,20.545605451701544,20.263439268028982,20.261840689164224,20.121475426719808,19.739599747464574,,20.939187897590173,20.88648823578145,20.83472606436812,20.619822174514702,20.263439268028982,,20.686686588052424,"rgba(38, 166, 154, 1.0)",0.13931224246576837,20.901654237912858,1.28018728957696,62.0994084598234,6.304219031278599,True,False,True,False,True,6.948914440062229,0.0,0.0,0.0,0.0,0,1.1363115693012602,0.8213058419243987,False,False,False,False,0.24874494727266674,0.23823539064656152,False,False,False,False,-6515.0,-5183.820276292307,False,False,False,False,146.51688365419358,False,False,False,False
2025-09-22 14:00:00+00:00,21.08,21.08,21.08,21.08,0.0,,,,,,21.02110697443534,20.939187897590173,20.93599779578405,20.91535969615728,20.904599505006182,20.88648823578145,20.88648823578145,20.868763727486918,20.781215708441,20.769742471896112,20.70383517425732,20.786839873361057,20.833975579447227,20.83472606436812,20.832990003656022,20.72156852964517,20.619822174514702,20.619123294517042,20.545605451701544,20.263439268028982,20.261840689164224,20.121475426719808,19.739599747464574,,20.939187897590173,20.88648823578145,20.83472606436812,20.619822174514702,20.263439268028982,,20.686686588052424,"rgba(38, 166, 154, 1.0)",0.1351360008979051,20.901654237912858,1.3197501842745816,63.590775488595405,7.9622623258095615,True,False,True,False,True,6.948914440062229,0.0,0.0,0.0,0.0,0,1.139747995418098,0.8052691867124857,False,False,False,False,0.24436855134379418,0.24130197099517786,False,False,False,False,-6515.0,-5204.458721621109,False,False,False,False,144.2453040626557,False,False,False,False
2025-09-22 15:00:00+00:00,21.08,21.08,21.065,21.065,0.0,,,,,,21.02110697443534,20.939187897590173,20.93599779578405,20.91535969615728,20.904599505006182,20.88648823578145,20.88648823578145,20.868763727486918,20.781215708441,20.769742471896112,20.70383517425732,20.786839873361057,20.833975579447227,20.83472606436812,20.832990003656022,20.72156852964517,20.619822174514702,20.619123294517042,20.545605451701544,20.263439268028982,20.261840689164224,20.121475426719808,19.739599747464574,,20.939187897590173,20.88648823578145,20.83472606436812,20.619822174514702,20.263439268028982,,20.686686588052424,"rgba(38, 166, 154, 1.0)",0.12878678517602504,20.901654237912858,1.268342569960755,62.211550247910345,7.9622623258095615,True,False,True,False,True,6.02633541955386,0.0,0.0,0.0,0.0,0,1.1382113821138216,0.8199767711962839,False,False,False,False,0.22064996109367815,0.230975966044428,False,False,False,False,-6515.0,-5224.77719105334,False,False,False,False,142.0089427593587,False,False,False,False
2025-09-22 16:00:00+00:00,21.065,21.07,21.065,21.07,199.0,,,,,,21.02720168612192,20.9415596160945,20.93840587661546,20.917477678053753,20.906769681630475,20.888709261646106,20.888709261646106,20.87111466287811,20.783049413224646,20.771581404225465,20.705655241345273,20.787722367508994,20.834491888819993,20.835173295108348,20.833439731635565,20.72208927610165,20.620398581377078,20.61970022696226,20.546214135527244,20.26421284580019,20.26261543288844,20.122343555389712,19.74066332009991,,20.9415596160945,20.888709261646106,20.835173295108348,20.620398581377078,20.26421284580019,,20.688230366987003,"rgba(38, 166, 154, 1.0)",0.12016047828000598,20.903906177804515,1.3822666535035102,61.81325261351191,7.9622623258095615,True,False,True,False,True,6.289444899571979,0.0,0.0,0.0,0.0,0,1.1249999999999998,0.8521634615384612,False,False,False,False,0.20007522173182968,0.21552559388812884,False,False,False,False,-6316.0,-5241.695374137784,False,False,False,False,142.89252504215932,False,False,False,False
2025-09-22 17:00:00+00:00,21.07,21.07,21.07,21.07,0.0,,,,,,21.02720168612192,20.9415596160945,20.93840587661546,20.917477678053753,20.906769681630475,20.888709261646106,20.888709261646106,20.87111466287811,20.783049413224646,20.771581404225465,20.705655241345273,20.787722367508994,20.834491888819993,20.835173295108348,20.833439731635565,20.72208927610165,20.620398581377078,20.61970022696226,20.546214135527244,20.26421284580019,20.26261543288844,20.122343555389712,19.74066332009991,,20.9415596160945,20.888709261646106,20.835173295108348,20.620398581377078,20.26421284580019,,20.688230366987003,"rgba(38, 166, 154, 1.0)",0.11052055371165896,20.903906177804515,1.5028319766548872,61.547720857246276,7.9622623258095615,True,False,True,False,True,6.289444899571979,0.0,0.0,0.0,0.0,0,1.0901442307692306,0.8521634615384612,False,False,False,False,0.2018096353757565,0.20866761463194267,False,False,False,False,-6316.0,-5258.351259810066,False,False,False,False,140.67713705700956,False,False,False,False
2025-09-22 18:00:00+00:00,21.07,21.07,21.07,21.07,0.0,,,,,,21.02720168612192,20.9415596160945,20.93840587661546,20.917477678053753,20.906769681630475,20.888709261646106,20.888709261646106,20.87111466287811,20.783049413224646,20.771581404225465,20.705655241345273,20.787722367508994,20.834491888819993,20.835173295108348,20.833439731635565,20.72208927610165,20.620398581377078,20.61970022696226,20.546214135527244,20.26421284580019,20.26261543288844,20.122343555389712,19.74066332009991,,20.9415596160945,20.888709261646106,20.835173295108348,20.620398581377078,20.26421284580019,,20.688230366987003,"rgba(38, 166, 154, 1.0)",0.0995730525430015,20.903906177804515,1.6680599615418639,61.370699686402524,7.9622623258095615,True,False,True,False,True,6.289444899571979,0.0,0.0,0.0,0.0,0,1.0919117647058822,0.8688725490196079,False,False,False,False,0.2018096353757565,0.2052386250038496,False,False,False,False,-6316.0,-5274.748914696731,False,False,False,False,138.49609617240475,False,False,False,False
2025-09-22 19:00:00+00:00,21.07,21.17,21.07,21.17,300.0,,,,,,21.045029858849077,20.946815732758623,20.94369941853566,20.921959154001676,20.91127334465195,20.893192310010246,20.893192310010246,20.875748269644617,20.78642158576772,20.77493984831759,20.708875509509454,20.789363788886117,20.835492158420493,20.836040935223725,20.834310764703435,20.723025722689883,20.621396876040695,20.62069922810182,20.54724881910615,20.26547510079286,20.263879395531582,20.12374360661371,19.742345839711056,,20.946815732758623,20.893192310010246,20.836040935223725,20.621396876040695,20.26547510079286,,20.6914856338208,"rgba(38, 166, 154, 1.0)",0.10023315162471468,20.927260951897253,2.421744145206506,68.05371149216094,13.471831670922242,True,False,True,False,True,11.441479196905707,-1.0,21.17,21.07,825.0,0,1.076456310679612,0.8555825242718441,False,True,False,False,0.2605501429466694,0.2328943839752595,False,True,False,False,-6016.0,-5286.241179585153,False,True,False,False,141.00003266585583,False,True,False,False
2025-09-23 14:00:00+00:00,21.12,21.12,21.12,21.12,2.0,,,,,,21.045111171366592,20.94684683066978,20.943730794328765,20.921986144236225,20.911300600679024,20.893219644471227,20.893219644471227,20.875776679267226,20.786442791604422,20.774961008564826,20.708895986386082,20.789374157232917,20.83549843686784,20.836046382984158,20.834316235633555,20.723031700497938,20.62140330353364,20.62070566044218,20.54725551012462,20.265483342817756,20.263887649006804,20.123752773956497,19.742356908984988,,20.94684683066978,20.893219644471227,20.836046382984158,20.62140330353364,20.265483342817756,,20.691504493831665,"rgba(38, 166, 154, 1.0)",0.10003999200288954,20.927284348500297,1.9263861146064198,66.33630167889976,13.471831670922242,True,False,True,False,True,8.25642394896635,0.0,0.0,0.0,0.0,0,1.0611510791366905,0.8573141486810546,False,False,False,False,0.2605501429466694,0.24672226346096443,False,False,False,False,-6018.0,-5297.586277576081,False,False,False,False,138.8449933997185,False,False,False,False
2025-09-23 15:00:00+00:00,21.12,21.15,21.12,21.15,100.0,,,,,,21.049992283950616,20.948565581064248,20.945461868642322,20.92346170332769,20.91278412039439,20.89469781371668,20.89469781371668,20.877304423243707,20.78756302609761,20.776076858022048,20.70996691922328,20.789923056451375,20.835834049744655,20.836337671381653,20.834608646852686,20.723345408629015,20.621737349728715,20.62103994069192,20.547601537264068,20.265904881952032,20.26430975587431,20.12422012364587,19.742918177619817,,20.948565581064248,20.89469781371668,20.836337671381653,20.621737349728715,20.265904881952032,,20.69253708744502,"rgba(38, 166, 154, 1.0)",0.10018055771496864,20.92894932679031,2.2065226851563056,66.83718455790665,13.471831670922242,True,False,True,False,True,9.728875618463917,0.0,0.0,0.0,0.0,0,1.0607866507747317,0.8522050059594753,False,False,False,False,0.278502868444187,0.2626125659525757,False,False,False,False,-5918.0,-5307.205094978001,False,False,False,False,138.24274544003293,False,False,False,False
2025-09-23 16:00:00+00:00,21.15,21.15,21.11,21.11,100.0,,,,,,21.05358039791259,20.95010701475863,20.94701696100717,20.924805378151255,20.914141101658497,20.89605914458668,20.89605914458668,20.878718788924015,20.78862354316036,20.77713511509315,20.710991244372853,20.790444189148367,20.836150574332994,20.836612445108248,20.834884571399442,20.72364611525431,20.622060237189437,20.621363069084644,20.54793743679503,20.266317985013043,20.26472343014364,20.124679382575895,19.743472305294066,,20.95010701475863,20.89605914458668,20.836612445108248,20.622060237189437,20.266317985013043,,20.69345780763265,"rgba(38, 166, 154, 0.75)",0.09914076806152824,20.93022260472886,1.8133548769721612,63.40799256892291,18.198652696808907,True,False,True,False,False,7.25981382078621,0.0,0.0,0.0,0.0,0,1.0591016548463348,0.8534278959810873,False,False,False,False,0.27249969131233326,0.2675561286324545,False,False,False,False,-6018.0,-5318.225171024854,False,False,False,False,137.6498346580169,False,False,False,False
2025-09-23 17:00:00+00:00,21.11,21.11,21.075,21.075,0.0,,,,,,21.05358039791259,20.95010701475863,20.94701696100717,20.924805378151255,20.914141101658497,20.89605914458668,20.89605914458668,20.878718788924015,20.78862354316036,20.77713511509315,20.710991244372853,20.790444189148367,20.836150574332994,20.836612445108248,20.834884571399442,20.72364611525431,20.622060237189437,20.621363069084644,20.54793743679503,20.266317985013043,20.26472343014364,20.124679382575895,19.743472305294066,,20.95010701475863,20.89605914458668,20.836612445108248,20.622060237189437,20.266317985013043,,20.69345780763265,"rgba(38, 166, 154, 0.75)",0.09499051635892837,20.93022260472886,1.524124731821505,58.46863408918192,13.640603822805915,True,False,True,False,False,5.173810388416044,0.0,0.0,0.0,0.0,0,1.0506478209658412,0.8680800942285036,False,False,False,False,0.2280499576344005,0.2478030431334275,False,False,False,False,-6018.0,-5329.074393179507,False,False,False,False,135.51572869432673,False,False,False,False
2025-09-23 18:00:00+00:00,21.075,21.075,21.075,21.075,0.0,,,,,,21.05358039791259,20.95010701475863,20.94701696100717,20.924805378151255,20.914141101658497,20.89605914458668,20.89605914458668,20.878718788924015,20.78862354316036,20.77713511509315,20.710991244372853,20.790444189148367,20.836150574332994,20.836612445108248,20.834884571399442,20.72364611525431,20.622060237189437,20.621363069084644,20.54793743679503,20.266317985013043,20.26472343014364,20.124679382575895,19.743472305294066,,20.95010701475863,20.89605914458668,20.836612445108248,20.622060237189437,20.266317985013043,,20.69345780763265,"rgba(38, 166, 154, 0.75)",0.09286103149927133,20.93022260472886,1.55907588935488,55.17572843602126,10.71414809328867,True,False,True,False,False,5.1738103884160225,0.0,0.0,0.0,0.0,0,1.045990566037735,0.8773584905660371,False,False,False,False,0.20761595564672805,0.22770949939007779,False,False,False,False,-6018.0,-5339.755410339514,False,False,False,False,133.4147096448023,False,False,False,False
2025-09-23 19:00:00+00:00,21.075,21.09,21.07,21.09,130.0,,,,,,21.055359552284575,20.9516172538077,20.948548870447212,20.926178829279124,20.91554689164429,20.897497587395367,20.897497587395367,20.88023661436043,20.789828672685147,20.77834340092278,20.712186859330615,20.79103811796761,20.836503847845194,20.83691914169328,20.83519285284769,20.723997303711723,20.62244592447758,20.621749091018174,20.548343205270225,20.266829386708284,20.26523558580022,20.12525189996893,19.744171143520088,,20.9516172538077,20.897497587395367,20.83691914169328,20.62244592447758,20.266829386708284,,20.694370418277458,"rgba(38, 166, 154, 0.75)",0.09067315821983353,20.930988025718865,1.7536829796489168,54.195998484786486,9.845382302018464,True,False,True,False,False,5.9551318688180075,0.0,0.0,0.0,0.0,0,1.043427230046948,0.8744131455399052,False,False,False,False,0.2134361100881219,0.22057280473909985,False,False,False,False,-5888.0,-5348.255326458281,False,False,False,False,133.36176840999914,False,False,False,False
2025-09-24 14:00:00+00:00,21.04,21.045,21.04,21.04,25.0,,,,,,21.055203880551765,20.951813132631457,20.94874967652894,20.92637092481703,20.91574809095356,20.897710226155358,20.897710226155358,20.8804665716999,20.790026558964048,20.778543075818696,20.712390191722204,20.791135816714238,20.836560220549163,20.836968076122734,20.835242109917232,20.724056939323635,20.622513322443876,20.6218165576278,20.548415095256146,20.26692264486738,20.26532899126777,20.12535713629517,19.744301273050635,,20.951813132631457,20.897710226155358,20.836968076122734,20.622513322443876,20.26692264486738,,20.694493510410176,#000000,0.08460304767331282,20.930978356130602,1.2886254912515043,49.88441513284004,5.809998994954711,False,False,False,False,False,2.9869795063220295,0.0,0.0,0.0,0.0,0,1.0384615384615374,0.8787878787878781,False,False,False,False,0.170102798959116,0.19533780184910793,False,False,False,False,-5913.0,-5357.0110578310205,False,False,False,False,131.68174099278986,False,False,False,False
2025-09-24 15:00:00+00:00,21.04,21.04,20.98,20.98,0.0,,,,,,21.055203880551765,20.951813132631457,20.94874967652894,20.92637092481703,20.91574809095356,20.897710226155358,20.897710226155358,20.8804665716999,20.790026558964048,20.778543075818696,20.712390191722204,20.791135816714238,20.836560220549163,20.836968076122734,20.835242109917232,20.724056939323635,20.622513322443876,20.6218165576278,20.548415095256146,20.26692264486738,20.26532899126777,20.12535713629517,19.744301273050635,,20.951813132631457,20.897710226155358,20.836968076122734,20.622513322443876,20.26692264486738,,20.694493510410176,"rgba(239, 83, 80, 1.0)",0.07836918865004765,20.930978356130602,0.6255219010662635,43.97088062741664,0.42756261431398457,False,True,False,True,False,0.0,0.0,0.0,0.0,0.0,0,1.0289017341040454,0.8774566473988438,False,False,False,False,0.13305812256202534,0.16419796220556665,False,False,False,False,-5913.0,-5365.631041430539,False,False,False,False,129.64016361305667,False,False,False,False
2025-09-24 16:00:00+00:00,20.98,20.98,20.98,20.98,0.0,,,,,,21.055203880551765,20.951813132631457,20.94874967652894,20.92637092481703,20.91574809095356,20.897710226155358,20.897710226155358,20.8804665716999,20.790026558964048,20.778543075818696,20.712390191722204,20.791135816714238,20.836560220549163,20.836968076122734,20.835242109917232,20.724056939323635,20.622513322443876,20.6218165576278,20.548415095256146,20.26692264486738,20.26532899126777,20.12535713629517,19.744301273050635,,20.951813132631457,20.897710226155358,20.836968076122734,20.622513322443876,20.26692264486738,,20.694493510410176,"rgba(239, 83, 80, 1.0)",0.07227481337634538,20.930978356130602,0.6782673185766067,40.0285242904677,-3.038922568555037,False,True,False,True,False,0.0,0.0,0.0,0.0,0.0,0,1.0289017341040454,0.8855491329479768,False,False,False,False,0.09918465854801863,0.13169131037679263,False,False,False,False,-5913.0,-5374.117381873476,False,False,False,False,127.63023859579998,False,False,False,False
2025-09-24 17:00:00+00:00,20.98,20.98,20.91,20.91,200.0,,,,,,21.045043768236763,20.951497049516806,20.94848822747958,20.92646235500109,20.915969693151027,20.898125655976674,20.898125655976674,20.881062253521122,20.79092177869399,20.77947641874441,20.713475640710712,20.791577883823248,20.83677247719836,20.837151974021094,20.83542896101999,20.724370765258822,20.62291257230693,20.622216445659667,20.548863313052518,20.26756369250602,20.265971266080825,20.126098725432627,19.745254519581508,,20.951497049516806,20.898125655976674,20.837151974021094,20.62291257230693,20.26756369250602,,20.694470917084804,"rgba(239, 83, 80, 1.0)",0.07227481337634538,20.927997269691726,-0.2490116383699495,34.76440965199611,-7.7493703302074195,False,True,False,True,False,0.0,0.0,0.0,0.0,0.0,0,1.0125142207053461,0.887372013651877,False,False,False,False,0.0599450512294239,0.09581818080310826,False,False,False,False,-6113.0,-5385.572926340554,False,False,False,False,128.75225040051626,False,False,False,False
2025-09-24 18:00:00+00:00,20.91,20.91,20.91,20.91,0.0,,,,,,21.045043768236763,20.951497049516806,20.94848822747958,20.92646235500109,20.915969693151027,20.898125655976674,20.898125655976674,20.881062253521122,20.79092177869399,20.77947641874441,20.713475640710712,20.791577883823248,20.83677247719836,20.837151974021094,20.83542896101999,20.724370765258822,20.62291257230693,20.622216445659667,20.548863313052518,20.26756369250602,20.265971266080825,20.126098725432627,19.745254519581508,,20.951497049516806,20.898125655976674,20.837151974021094,20.62291257230693,20.26756369250602,,20.694470917084804,"rgba(239, 83, 80, 1.0)",0.07373296107906217,20.927997269691726,-0.24408716845683223,31.25499989301505,-10.852941112837932,False,True,False,True,False,0.0,0.0,0.0,0.0,0.0,0,1.0125142207053461,0.9032992036405004,False,False,False,False,0.020889054528958353,0.05835361766603331,False,False,False,False,-6113.0,-5396.850865467057,False,False,False,False,126.75609147957802,False,False,False,False
2025-09-24 19:00:00+00:00,20.91,20.91,20.88,20.91,10.0,,,,,,21.044441677044414,20.951453046227464,20.948447146205766,20.92644499125109,20.915959637302432,20.898126748251748,20.898126748251748,20.881072916666664,20.79095583796499,20.77951274400474,20.713521447282247,20.791594734469967,20.836779410420885,20.837157970226333,20.835435110408486,20.72438393274405,20.622930367173588,20.62223427378294,20.54888375590682,20.267594109357812,20.26600174500776,20.12613423950123,19.7453008056758,,20.951453046227464,20.898126748251748,20.837157970226333,20.622930367173588,20.267594109357812,,20.69445623457083,"rgba(239, 83, 80, 1.0)",0.07515107906491875,20.927828556555177,-0.23723620175534288,28.915393387027677,-13.014532383128099,False,True,False,True,False,0.0,0.0,0.0,0.0,0.0,0,1.0056497175141232,0.9039548022598869,False,False,False,False,0.004177183084188063,0.031265400375110684,False,False,False,False,-6113.0,-5407.953952824157,False,False,False,False,124.94591951865432,False,False,False,False
2025-09-25 14:00:00+00:00,20.91,20.91,20.81,20.81,100.0,,,,,,21.036426199016873,20.9505370103646,20.947564059480804,20.92590319426336,20.915505183238423,20.897809289300888,20.897809289300888,20.88086160880925,20.791118875677025,20.779704518364934,20.71383945778213,20.791675020302193,20.836786589261905,20.83716385640165,20.835442625082454,20.72447304610145,20.623071821596973,20.622376083944793,20.54905508199266,20.26787087645759,20.26627914556528,20.126463208784774,19.74574075780644,,20.9505370103646,20.897809289300888,20.83716385640165,20.623071821596973,20.26787087645759,,20.694064208647713,"rgba(239, 83, 80, 1.0)",0.07975892731490038,20.92548213118175,-1.4478897230627108,24.661347086368366,-17.05204727206904,False,True,False,True,False,0.0,0.0,0.0,0.0,0.0,0,0.9900552486187834,0.9060773480662982,False,False,False,False,-0.034824247026431894,-0.0017794233256606048,False,False,False,False,-6213.0,-5420.435286888899,False,False,False,False,124.55916107650464,False,False,False,False
2025-09-25 15:00:00+00:00,20.81,20.81,20.785,20.785,0.0,,,,,,21.036426199016873,20.9505370103646,20.947564059480804,20.92590319426336,20.915505183238423,20.897809289300888,20.897809289300888,20.88086160880925,20.791118875677025,20.779704518364934,20.71383945778213,20.791675020302193,20.836786589261905,20.83716385640165,20.835442625082454,20.72447304610145,20.623071821596973,20.622376083944793,20.54905508199266,20.26787087645759,20.26627914556528,20.126463208784774,19.74574075780644,,20.9505370103646,20.897809289300888,20.83716385640165,20.623071821596973,20.26787087645759,,20.694064208647713,"rgba(239, 83, 80, 1.0)",0.08546375871672889,20.92548213118175,-1.6437626110896788,21.363575347868387,-20.212925958881765,False,True,False,True,False,0.0,0.0,0.0,0.0,0.0,0,0.9988851727982158,0.9275362318840582,False,False,False,False,-0.10481255077017715,-0.05329598704791888,False,False,False,False,-6213.0,-5432.723111898374,False,False,False,False,122.62801129237278,False,False,False,False
2025-09-25 16:00:00+00:00,20.785,20.785,20.785,20.785,0.0,,,,,,21.036426199016873,20.9505370103646,20.947564059480804,20.92590319426336,20.915505183238423,20.897809289300888,20.897809289300888,20.88086160880925,20.791118875677025,20.779704518364934,20.71383945778213,20.791675020302193,20.836786589261905,20.83716385640165,20.835442625082454,20.72447304610145,20.623071821596973,20.622376083944793,20.54905508199266,20.26787087645759,20.26627914556528,20.126463208784774,19.74574075780644,,20.9505370103646,20.897809289300888,20.83716385640165,20.623071821596973,20.26787087645759,,20.694064208647713,"rgba(239, 83, 80, 1.0)",0.09023742456835793,20.92548213118175,-1.5568056363945602,19.165060855535067,-22.440917396631903,False,True,False,True,False,0.0,0.0,0.0,0.0,0.0,0,0.9988636363636357,0.9363636363636362,False,False,False,False,-0.11891178549818658,-0.08610388627305274,False,False,False,False,-6213.0,-5444.820427992972,False,False,False,False,120.72680181497164,False,False,False,False
2025-09-25 17:00:00+00:00,20.785,20.785,20.775,20.775,0.0,,,,,,21.036426199016873,20.9505370103646,20.947564059480804,20.92590319426336,20.915505183238423,20.897809289300888,20.897809289300888,20.88086160880925,20.791118875677025,20.779704518364934,20.71383945778213,20.791675020302193,20.836786589261905,20.83716385640165,20.835442625082454,20.72447304610145,20.623071821596973,20.622376083944793,20.54905508199266,20.26787087645759,20.26627914556528,20.126463208784774,19.74574075780644,,20.9505370103646,20.897809289300888,20.83716385640165,20.623071821596973,20.26787087645759,,20.694064208647713,"rgba(239, 83, 80, 1.0)",0.09539406180137446,20.92548213118175,-1.5774790206027474,17.494565877859877,-24.29898899151966,False,True,False,True,False,0.0,0.0,0.0,0.0,0.0,0,0.9840182648401817,0.9360730593607304,False,False,False,False,-0.12456437041843928,-0.10533412834574601,False,False,False,False,-6213.0,-5456.7301887992835,False,False,False,False,118.8550684534992,False,False,False,False
2025-09-25 18:00:00+00:00,20.775,20.775,20.68,20.7,100.0,,,,,20.718333333333334,21.024234061581705,20.948586210759196,20.945654280874226,20.924558829879096,20.914279066393046,20.89677544162826,20.89677544162826,20.879956662954708,20.790893015991234,20.77952065670032,20.713850439882695,20.79156138801524,20.83665698342359,20.837050698484944,20.835331308695487,20.724468449854403,20.623132921135003,20.62243759027084,20.54915351961156,20.268087316955217,20.266496247594734,20.126734566939017,19.746130293442263,20.718333333333334,20.948586210759196,20.89677544162826,20.837050698484944,20.623132921135003,20.268087316955217,,20.694194113584516,"rgba(239, 83, 80, 1.0)",0.10316640105307481,20.918106588845994,-2.114124236376027,15.155010991808421,-26.852895229206833,False,True,False,True,False,0.0,1.0,20.775,20.68,0.0,0,0.9629629629629624,0.9371492704826035,True,False,False,False,-0.18446942868806018,-0.1449017785169031,False,False,False,False,-6313.0,-5470.005689748132,False,False,False,False,118.56274181080929,False,False,False,False
2025-09-25 19:00:00+00:00,20.7,20.735,20.7,20.72,413.0,,,,,20.718333333333334,20.982428303551732,20.9408649994587,20.938092783505155,20.919186273891373,20.909372701184264,20.892628894015264,20.892628894015264,20.876323590776316,20.789974876681274,20.77877283577967,20.71389523302607,20.791095793049667,20.836124702277203,20.83658563036316,20.8348738050377,20.724449540029166,20.623384434138288,20.62269077832828,20.549558857085408,20.268979017212075,20.267390674303627,20.127852645210904,19.747735775624793,20.718333333333334,20.9408649994587,20.892628894015264,20.83658563036316,20.623384434138288,20.268979017212075,,20.69096768216161,"rgba(239, 83, 80, 1.0)",0.10965650710052406,20.905703235574258,-1.6934994601279931,15.753288588596968,-26.852895229206833,False,True,False,True,False,0.0,0.0,0.0,0.0,0.0,0,0.9632516703786186,0.946547884187082,False,False,False,False,-0.19601682560136827,-0.17045930205913568,False,False,False,False,-5900.0,-5476.672268201649,False,False,False,False,123.12766054242464,False,False,False,False
2025-09-26 14:00:00+00:00,20.72,20.94,20.72,20.94,6.0,,,,,20.720048169556843,20.982198921180096,20.940828869772226,20.93805828369023,20.91916640393467,20.90935717171717,20.8926201323659,20.8926201323659,20.876320438181253,20.789988972277534,20.778788439158134,20.71391740648459,20.791102772903145,20.83612669817964,20.836587342236385,20.834875611056937,20.72445590796021,20.623393771335614,20.62270013616228,20.549569894344422,20.268996213392686,20.267407908001484,20.127872929946523,19.74776261933607,20.720048169556843,20.940828869772226,20.8926201323659,20.836587342236385,20.623393771335614,20.268996213392686,,20.691031881064166,"rgba(239, 83, 80, 0.75)",0.11015276043099595,20.905735785596764,0.3110608782673336,29.226101514979575,-29.158324435040214,False,True,False,True,True,0.0,0.0,0.0,0.0,0.0,0,0.969214437367303,0.9055201698513793,False,False,False,False,-0.06833405693720383,-0.11939667949816976,False,False,False,False,-5894.0,-5483.142465593872,False,False,False,False,121.31172782083665,False,False,False,False
2025-09-26 15:00:00+00:00,20.94,20.94,20.82,20.82,100.0,,,,,20.74265751211632,20.978292306052857,20.940178178500513,20.937434914550394,20.918795663888712,20.909059839357425,20.892437682942745,20.892437682942745,20.876232119342674,20.79020277905024,20.779028015418803,20.714269930902447,20.791208667629864,20.836152671700347,20.836609527599844,20.834899375411847,20.724556984837196,20.623545024110744,20.622851735438996,20.549749870519406,20.269279475529075,20.267691796692255,20.128207795712466,19.748207160433623,20.74265751211632,20.940178178500513,20.892437682942745,20.836609527599844,20.623545024110744,20.269279475529075,,20.691832779611733,"rgba(239, 83, 80, 0.75)",0.1129419048617993,20.90593437144504,-0.7608723400777713,34.00097134374696,-25.030763288788734,False,True,False,True,True,0.0,0.0,0.0,0.0,0.0,0,0.9906735751295334,0.9088082901554402,False,False,False,False,-0.012532355219814476,-0.06596451735899211,False,False,False,False,-5994.0,-5491.06273744513,False,False,False,False,120.98131343601747,False,False,False,False
2025-09-26 16:00:00+00:00,20.82,20.82,20.805,20.805,112.0,,,,,20.752975376196993,20.972474794238686,20.93901494601351,20.936305208168438,20.918037458776674,20.908395962980688,20.891924480758895,20.891924480758895,20.875833109210543,20.79027026204462,20.779130010781138,20.714527969643726,20.791240960096573,20.836120842660396,20.836581317127965,20.834873025621647,20.724628287088102,20.623678424884332,20.62298554675282,20.54991875053112,20.26956958110186,20.267982616162264,20.12855688130016,19.74868225261108,20.752975376196993,20.93901494601351,20.891924480758895,20.836581317127965,20.623678424884332,20.26956958110186,,20.69190135606296,"rgba(239, 83, 80, 0.75)",0.11600132027802211,20.904867129085954,-0.8609137279351737,36.73958333454928,-22.6190206685754,False,True,False,True,True,0.0,0.0,0.0,0.0,0.0,0,0.9861554845580395,0.9627263045793396,False,False,False,False,-0.0879476124023643,-0.07695606488067822,False,False,False,False,-6106.0,-5500.596648492492,False,False,False,False,120.84206826646681,False,False,False,False
2025-09-26 17:00:00+00:00,20.805,20.805,20.805,20.805,0.0,,,,,20.752975376196993,20.972474794238686,20.93901494601351,20.936305208168438,20.918037458776674,20.908395962980688,20.891924480758895,20.891924480758895,20.875833109210543,20.79027026204462,20.779130010781138,20.714527969643726,20.791240960096573,20.836120842660396,20.836581317127965,20.834873025621647,20.724628287088102,20.623678424884332,20.62298554675282,20.54991875053112,20.26956958110186,20.267982616162264,20.12855688130016,19.74868225261108,20.752975376196993,20.93901494601351,20.891924480758895,20.836581317127965,20.623678424884332,20.26956958110186,,20.69190135606296,"rgba(239, 83, 80, 0.75)",0.11890877720856173,20.904867129085954,-0.8398633930175795,38.56532466175083,-20.81070571114597,False,True,False,True,True,0.0,0.0,0.0,0.0,0.0,0,0.963791267305644,0.9574014909478162,False,False,False,False,-0.0963732497980177,-0.08666465733934796,False,False,False,False,-6106.0,-5509.9827469654765,False,False,False,False,118.96854782822702,False,False,False,False
2025-09-26 18:00:00+00:00,20.805,20.81,20.805,20.81,0.0,,,,,20.752975376196993,20.972474794238686,20.93901494601351,20.936305208168438,20.918037458776674,20.908395962980688,20.891924480758895,20.891924480758895,20.875833109210543,20.79027026204462,20.779130010781138,20.714527969643726,20.791240960096573,20.836120842660396,20.836581317127965,20.834873025621647,20.724628287088102,20.623678424884332,20.62298554675282,20.54991875053112,20.26956958110186,20.267982616162264,20.12855688130016,19.74868225261108,20.752975376196993,20.93901494601351,20.891924480758895,20.836581317127965,20.623678424884332,20.26956958110186,,20.69190135606296,"rgba(239, 83, 80, 0.75)",0.1209377026731787,20.904867129085954,-0.7844297269506054,40.028192531002,-19.1302362905582,False,True,False,True,True,0.0,0.0,0.0,0.0,0.0,0,0.9635974304068519,0.9625267665952889,False,False,False,False,-0.09356324663452967,-0.0901139519869388,False,False,False,False,-6106.0,-5519.223324531903,False,False,False,False,117.12407421848705,False,False,False,False
2025-09-26 19:00:00+00:00,20.81,20.81,20.78,20.78,112.0,,,,,20.757894424673786,20.96637778440732,20.93769518688386,20.93501961399655,20.917151331644313,20.90760778253288,20.891293892356696,20.891293892356696,20.87531911101605,20.790269343929147,20.779165689779806,20.71473085631535,20.79123883119404,20.83606477964212,20.836531985576865,20.83482558889508,20.72468279433808,20.623797335971837,20.623104877037424,20.550074441639467,20.269848650969223,20.268262404389912,20.128895374605353,19.749147974959694,20.757894424673786,20.93769518688386,20.891293892356696,20.836531985576865,20.623797335971837,20.269848650969223,,20.691678914546316,"rgba(239, 83, 80, 0.75)",0.12352254781924739,20.903386846922388,-0.9989014078866029,39.86829676655234,-18.80051948573499,False,True,False,True,True,0.0,0.0,0.0,0.0,0.0,0,0.9520255863539442,0.9648187633262262,False,False,False,False,-0.10762890114389183,-0.09887142656541531,False,False,False,False,-6218.0,-5530.057071438385,False,False,False,False,117.04463120734772,False,False,False,False
2025-09-29 14:00:00+00:00,20.99,21.05,20.99,21.05,392.0,,,,,20.844263157894737,20.973039084757836,20.940470419798537,20.937853554574517,20.919820211161383,20.910394594175955,20.894233756871223,20.894233756871223,20.878494544819755,20.79308623842211,20.78201459311197,20.717669520072914,20.792663880345536,20.836886379192322,20.837246454635665,20.835545064996538,20.72557121401072,20.624811245465803,20.624119868658017,20.551161274793003,20.27127263155214,20.26968868169365,20.130506478934926,19.75114982490414,20.844263157894737,20.940470419798537,20.894233756871223,20.837246454635665,20.624811245465803,20.27127263155214,,20.69734151798811,#000000,0.12321657487636471,20.911345437452255,1.1252914852313638,48.734357560412946,-10.160960076834321,False,False,False,False,True,4.382816340013182,0.0,0.0,0.0,0.0,0,0.9544534412955462,0.9504048582995949,False,False,False,False,0.1444132588791147,0.022770916156849688,False,False,False,False,-5826.0,-5534.645333896705,False,False,False,False,121.30750514211752,False,False,False,False
2025-09-29 15:00:00+00:00,21.05,21.05,21.005,21.005,96.0,,,,,20.856938392186326,20.97421310763889,20.941051723262778,20.93844944839051,20.920397096754836,20.911002387553904,20.894883187205274,20.894883187205274,20.8792024039046,20.793737334489048,20.78267470865838,20.71835808561283,20.79299568725232,20.837076162920404,20.837411587164137,20.835711435774574,20.725780877567782,20.625052669649094,20.624361561404967,20.551421145215066,20.271615963073728,20.270032576918627,20.13089578061959,19.75163529432082,20.856938392186326,20.941051723262778,20.894883187205274,20.837411587164137,20.625052669649094,20.271615963073728,,20.698324241864324,"rgba(38, 166, 154, 1.0)",0.12285833781681117,20.91269933496834,0.7512771755815515,52.93783118049672,-6.166981999643383,True,False,True,False,True,2.4618446202213384,0.0,0.0,0.0,0.0,0,0.9576185671039352,0.9525731584258326,False,False,False,False,0.15295379096285944,0.08786235355985456,False,False,False,False,-5922.0,-5540.65083259598,False,False,False,False,120.9151407213095,False,False,False,False
2025-09-29 16:00:00+00:00,21.005,21.005,20.98,20.985,340.0,,,,,20.884012567324955,20.975497208931422,20.942286873484733,20.939740680713125,20.921788254658743,20.912523982173873,20.896591481344526,20.896591481344526,20.88113119314593,20.795711749563573,20.7846916070577,20.720531681218763,20.794008808018486,20.837635443782304,20.83789833996347,20.83620273160072,20.726445569926216,20.625840577501496,20.62515046039231,20.552280429805165,20.272780758311335,20.271199388603705,20.132225390900622,19.753311084665658,20.884012567324955,20.942286873484733,20.896591481344526,20.83789833996347,20.625840577501496,20.272780758311335,,20.700669906018053,"rgba(38, 166, 154, 1.0)",0.1225324005686977,20.915530309302277,0.5669495608940973,54.98153532974187,-4.097532885568576,True,False,True,False,True,1.6209656411475635,0.0,0.0,0.0,0.0,0,0.9482758620689656,0.9675456389452339,False,False,False,False,0.11326664098096188,0.10056449727040823,False,False,False,False,-6262.0,-5551.834540617748,False,False,False,False,124.31180520625043,False,False,False,False
2025-09-29 17:00:00+00:00,20.985,20.985,20.98,20.985,100.0,,,,,20.889620741577264,20.975680295950156,20.942589263788612,20.940059480278872,20.92214793602555,20.91292286315156,20.897047273746338,20.897047273746338,20.88165180921331,20.796265254545634,20.78525834522111,20.721148716865063,20.79429473625921,20.83779199707733,20.838034663117245,20.836340397660823,20.72663550261735,20.626067437477403,20.625377614158374,20.55252868068835,20.27311944891975,20.271538672879373,20.132612636591833,19.753800449040046,20.889620741577264,20.942589263788612,20.897047273746338,20.838034663117245,20.626067437477403,20.27311944891975,,20.701232562108203,"rgba(38, 166, 154, 1.0)",0.12045521765120105,20.916163169287294,0.5714723866261562,56.34400476257196,-2.4916708899180833,True,False,True,False,True,1.6209656411475528,0.0,0.0,0.0,0.0,0,0.9531568228105906,0.9674134419551942,False,False,False,False,0.10199774352016053,0.10128112039528438,False,False,False,False,-6262.0,-5562.844857817472,False,False,False,False,123.93487799375042,False,False,False,False
2025-09-29 18:00:00+00:00,20.985,20.985,20.98,20.985,100.0,,,,,20.894629431676467,20.97585502283105,20.942887231241766,20.940373650839742,20.922503437723925,20.9133172753753,20.89749830118655,20.89749830118655,20.882167148142507,20.79681550332873,20.785821858700807,20.721762861805374,20.7945798021534,20.83794821429848,20.83817073094596,20.83647780634105,20.726825154658485,20.626294009711476,20.625604479992575,20.552776645792097,20.273457816802782,20.271877634016388,20.13299953005739,19.754289424182037,20.894629431676467,20.942887231241766,20.89749830118655,20.83817073094596,20.626294009711476,20.273457816802782,,20.701767969707955,"rgba(38, 166, 154, 1.0)",0.11925821784037108,20.916758525289023,0.5722161201697562,57.252317717792025,-1.164990963915372,True,False,True,False,True,1.6209656411475528,0.0,0.0,0.0,0.0,0,0.952965235173824,0.9672801635991827,False,False,False,False,0.10199774352016053,0.10163943195772246,False,False,False,False,-6262.0,-5573.684472424953,False,False,False,False,123.56379461400235,False,False,False,False
2025-09-29 19:00:00+00:00,20.985,21.05,20.985,21.05,637.0,,,,,20.928588516746412,20.982518105109296,20.946690541075625,20.94426167510929,20.926280535634234,20.917279914183197,20.901714302576547,20.901714302576547,20.886738429562705,20.80107365594503,20.790138504671155,20.72627000246184,20.79680383165799,20.839241086816685,20.839298383618353,20.83761347867029,20.728237479992266,20.627911613609577,20.62722383537433,20.554513896455695,20.275741830577616,20.27416535314692,20.13558579189379,19.75750879983708,20.928588516746412,20.946690541075625,20.901714302576547,20.839298383618353,20.627911613609577,20.275741830577616,,20.706129744470935,"rgba(38, 166, 154, 1.0)",0.11806731932177868,20.922754577698907,1.0777361850174763,59.856934434775596,1.7836112899390315,True,False,True,False,True,4.272157782065662,0.0,0.0,0.0,0.0,0,0.9564336372847011,0.9513677811550155,False,False,False,False,0.14157111793232635,0.1216052749450244,False,False,False,False,-5625.0,-5574.4800619997595,False,False,False,False,131.5240458602969,False,False,False,False
2025-09-30 14:00:00+00:00,21.12,21.12,21.12,21.12,500.0,,,,,20.960405585106383,20.994977946951845,20.952541241869778,20.950154583864258,20.931559570525387,20.922617743605937,20.907099286231162,20.907099286231162,20.89232740719442,20.805612369784257,20.79468367918722,20.73076176569012,20.79919961651175,20.84072968693112,20.840598879427237,20.838919469315776,20.72967262319065,20.629460815178618,20.628774226025683,20.556130744406907,20.27774214846793,20.27616846650564,20.137812751671788,19.760205862247336,20.960405585106383,20.952541241869778,20.907099286231162,20.840598879427237,20.629460815178618,20.27774214846793,,20.711052323171767,"rgba(38, 166, 154, 1.0)",0.11746573201635103,20.93072101729575,1.6113548986176216,63.34881449686719,5.469387015212263,True,False,True,False,True,6.973059362595368,0.0,0.0,0.0,0.0,0,0.9748237663645518,0.9506545820745221,False,False,False,False,0.2605501429466694,0.1910777089458469,False,False,False,False,-5125.0,-5567.51137886798,False,False,False,False,137.2368513508349,False,False,False,False
2025-09-30 15:00:00+00:00,21.12,21.12,21.05,21.05,75.0,,,,,20.963152773272785,20.99602885073915,20.953149827578482,20.95077105298278,20.932136731259828,20.923210676318355,20.907712153238617,20.907712153238617,20.892975616355496,20.806182652162803,20.79525841996223,20.73134698464038,20.799504092250896,20.840914531635185,20.840760506561974,20.839081975345163,20.729861359265023,20.62967032736504,20.628983930312284,20.55635246854305,20.27802479954779,20.27645154391864,20.138130096744877,19.76059564848565,20.963152773272785,20.953149827578482,20.907712153238617,20.840760506561974,20.62967032736504,20.27802479954779,,20.711582048821878,"rgba(38, 166, 154, 1.0)",0.11731032227238458,20.931502336545165,1.0101213700504044,62.277200912358,5.469387015212263,True,False,True,False,True,3.8986489587899484,0.0,0.0,0.0,0.0,0,0.9532338308457713,0.9532338308457713,False,False,False,False,0.21927054394710685,0.20517412644647687,False,False,False,False,-5200.0,-5561.813528032817,False,False,False,False,136.27193892679094,False,False,False,False
2025-09-30 16:00:00+00:00,21.05,21.075,21.04,21.04,100.0,,,,,20.965933605613152,20.9970063246662,20.953807220072065,20.95143985593707,20.9327820367471,20.923880974744304,20.90841632832754,20.90841632832754,20.893729743857808,20.806877897042305,20.795961640429304,20.73207493428478,20.79987697039601,20.84113760169915,20.840955616612394,20.839278291330757,20.73009683115769,20.629935742214123,20.62924960977195,20.556635427616058,20.278391096843855,20.27681841414071,20.13854309356216,19.761106431716655,20.965933605613152,20.953807220072065,20.90841632832754,20.840955616612394,20.629935742214123,20.278391096843855,,20.712181334046278,"rgba(38, 166, 154, 1.0)",0.11702763976261128,20.932329473850668,0.9200435586647641,61.106300712960405,5.469387015212263,True,False,True,False,True,3.4696381527807176,0.0,0.0,0.0,0.0,0,0.9496047430830041,0.9624505928853759,False,False,False,False,0.18735148940333168,0.19626280792490428,False,False,False,False,-5300.0,-5557.754403567192,False,False,False,False,135.7095832845151,False,False,False,False
2025-09-30 17:00:00+00:00,21.04,21.07,21.04,21.065,0.0,,,,,20.965933605613152,20.9970063246662,20.953807220072065,20.95143985593707,20.9327820367471,20.923880974744304,20.90841632832754,20.90841632832754,20.893729743857808,20.806877897042305,20.795961640429304,20.73207493428478,20.79987697039601,20.84113760169915,20.840955616612394,20.839278291330757,20.73009683115769,20.629935742214123,20.62924960977195,20.556635427616058,20.278391096843855,20.27681841414071,20.13854309356216,19.761106431716655,20.965933605613152,20.953807220072065,20.90841632832754,20.840955616612394,20.629935742214123,20.278391096843855,,20.712181334046278,"rgba(38, 166, 154, 1.0)",0.11603867016177016,20.932329473850668,1.1433302877771379,61.15309727380215,5.469387015212263,True,False,True,False,True,4.448272046343714,0.0,0.0,0.0,0.0,0,0.9499017681728883,0.963654223968566,False,False,False,False,0.1844693134619163,0.19036606069341028,False,False,False,False,-5300.0,-5553.758211263825,False,False,False,False,133.60555873746836,False,False,False,False
2025-09-30 18:00:00+00:00,21.065,21.075,21.065,21.075,0.0,,,,,20.965933605613152,20.9970063246662,20.953807220072065,20.95143985593707,20.9327820367471,20.923880974744304,20.90841632832754,20.90841632832754,20.893729743857808,20.806877897042305,20.795961640429304,20.73207493428478,20.79987697039601,20.84113760169915,20.840955616612394,20.839278291330757,20.73009683115769,20.629935742214123,20.62924960977195,20.556635427616058,20.278391096843855,20.27681841414071,20.13854309356216,19.761106431716655,20.965933605613152,20.953807220072065,20.90841632832754,20.840955616612394,20.629935742214123,20.278391096843855,,20.712181334046278,"rgba(38, 166, 154, 1.0)",0.11510559194598873,20.932329473850668,1.2394751960988715,61.524982476274175,5.480825835871364,True,False,True,False,True,4.840061683772575,0.0,0.0,0.0,0.0,0,0.9549019607843143,0.9627450980392162,False,False,False,False,0.2018096353757565,0.1960878480345834,False,False,False,False,-5300.0,-5549.823975430278,False,False,False,False,131.53415472603473,False,False,False,False
2025-09-30 19:00:00+00:00,21.075,21.125,21.075,21.125,0.0,,,,,20.965933605613152,20.9970063246662,20.953807220072065,20.95143985593707,20.9327820367471,20.923880974744304,20.90841632832754,20.90841632832754,20.893729743857808,20.806877897042305,20.795961640429304,20.73207493428478,20.79987697039601,20.84113760169915,20.840955616612394,20.839278291330757,20.73009683115769,20.629935742214123,20.62924960977195,20.556635427616058,20.278391096843855,20.27681841414071,20.13854309356216,19.761106431716655,20.965933605613152,20.953807220072065,20.90841632832754,20.840955616612394,20.629935742214123,20.278391096843855,,20.712181334046278,"rgba(38, 166, 154, 1.0)",0.11471731806053632,20.932329473850668,1.6795243247201748,63.39769258303792,7.772949506608356,True,False,True,False,True,6.773119022982602,0.0,0.0,0.0,0.0,0,0.9572815533980585,0.9533980582524275,False,False,False,False,0.23686406708442964,0.21647595755950652,False,False,False,False,-5300.0,-5545.9507355011265,False,False,False,False,129.49486550547604,False,False,False,False
2025-10-01 14:00:00+00:00,21.17,21.17,21.145,21.145,100.0,,,,,20.971641791044775,20.999705340699816,20.955129811304072,20.95276932701172,20.9339663319551,20.92507206879844,20.909608544678637,20.909608544678637,20.89495759037663,20.807856335959787,20.796939080648396,20.733030103772226,20.800398862081533,20.84146769509469,20.84124433127534,20.839568044753218,20.730406296003835,20.63026472652609,20.629578818430236,20.55697610972817,20.27880516091988,20.277233028231763,20.13900165840478,19.76165701717266,20.971641791044775,20.955129811304072,20.909608544678637,20.84124433127534,20.63026472652609,20.27880516091988,,20.713203609147936,"rgba(38, 166, 154, 1.0)",0.11463349352513441,20.934018235275886,1.8404897053744074,65.24788468862951,9.931536805640853,True,False,True,False,True,7.531850759858589,0.0,0.0,0.0,0.0,0,0.9672762271414825,0.9489894128970163,False,False,False,False,0.30576795962683034,0.26112195859316845,False,False,False,False,-5200.0,-5540.587158206535,False,False,False,False,129.037580768957,False,False,False,False
2025-10-01 15:00:00+00:00,21.145,21.155,21.145,21.155,98.0,,,,,20.97685990338164,21.002233729485003,20.956398292061817,20.954044643636042,20.935105941634163,20.926218968426117,20.910757795972412,20.910757795972412,20.896141973855585,20.808805259056903,20.7978873431533,20.73395828148684,20.800906414641826,20.841788784908516,20.84152524608935,20.83984997925981,20.73070793938421,20.630585704145293,20.62990001653139,20.557308668956797,20.2792097910478,20.27763819740935,20.13944991229854,19.762195522893503,20.97685990338164,20.956398292061817,20.910757795972412,20.84152524608935,20.630585704145293,20.2792097910478,,20.714176504403692,"rgba(38, 166, 154, 1.0)",0.11472026298208149,20.93561670942768,1.912332528444314,66.79162862361264,11.730933186247391,True,False,True,False,True,7.912494162934511,0.0,0.0,0.0,0.0,0,0.9673390970220945,0.9519692603266091,False,False,False,False,0.2966323576540075,0.27887715812358793,False,False,False,False,-5102.0,-5533.787357304108,False,False,False,False,128.55637796633752,False,False,False,False
2025-10-01 16:00:00+00:00,21.155,21.155,21.155,21.155,0.0,,,,,20.97685990338164,21.002233729485003,20.956398292061817,20.954044643636042,20.935105941634163,20.926218968426117,20.910757795972412,20.910757795972412,20.896141973855585,20.808805259056903,20.7978873431533,20.73395828148684,20.800906414641826,20.841788784908516,20.84152524608935,20.83984997925981,20.73070793938421,20.630585704145293,20.62990001653139,20.557308668956797,20.2792097910478,20.27763819740935,20.13944991229854,19.762195522893503,20.97685990338164,20.956398292061817,20.910757795972412,20.84152524608935,20.630585704145293,20.2792097910478,,20.714176504403692,"rgba(38, 166, 154, 1.0)",0.11444192830817804,20.93561670942768,1.9169835200744636,67.82079124693472,13.023224929930855,True,False,True,False,True,7.912494162934511,0.0,0.0,0.0,0.0,0,0.9679679679679687,0.9499499499499501,False,False,False,False,0.3027173240133578,0.2907972410684729,False,False,False,False,-5102.0,-5527.092979671486,False,False,False,False,126.56325582732454,False,False,False,False
2025-10-01 17:00:00+00:00,21.155,21.25,21.155,21.25,250.0,,,,,20.993485724777376,21.0110325732899,20.96064111701438,20.95829803441912,20.93883831462055,20.929942637160913,20.914438514192707,20.914438514192707,20.899889953934196,20.81166853110347,20.80073512146663,20.73668248933282,20.802439404177814,20.84278046408078,20.842393115541473,20.840720175962975,20.731597039889543,20.631507268010104,20.63082207722475,20.558250320994986,20.280319058463352,20.27874880166988,20.140666817057316,19.76363319524032,20.993485724777376,20.96064111701438,20.914438514192707,20.842393115541473,20.631507268010104,20.280319058463352,,20.717248719325752,"rgba(38, 166, 154, 1.0)",0.116949284457299,20.940899909317842,2.643026779655224,71.16696030549906,16.395082372350203,True,False,True,False,True,11.458569455209194,0.0,0.0,0.0,0.0,0,0.9840319361277455,0.9311377245508985,False,False,False,False,0.34282813249647004,0.31681268678247143,False,False,False,False,-4852.0,-5516.626421847122,False,False,False,False,128.4770037989939,False,False,False,False
2025-10-01 18:00:00+00:00,21.25,21.31,21.25,21.31,0.0,,,,,20.993485724777376,21.0110325732899,20.96064111701438,20.95829803441912,20.93883831462055,20.929942637160913,20.914438514192707,20.914438514192707,20.899889953934196,20.81166853110347,20.80073512146663,20.73668248933282,20.802439404177814,20.84278046408078,20.842393115541473,20.840720175962975,20.731597039889543,20.631507268010104,20.63082207722475,20.558250320994986,20.280319058463352,20.27874880166988,20.140666817057316,19.76363319524032,20.993485724777376,20.96064111701438,20.914438514192707,20.842393115541473,20.631507268010104,20.280319058463352,,20.717248719325752,"rgba(38, 166, 154, 1.0)",0.12121371937905673,20.940899909317842,3.0450355997072838,74.5669404562036,19.662380190977444,True,False,True,False,True,13.551799897871543,0.0,0.0,0.0,0.0,0,1.0029585798816576,0.9043392504930968,False,False,False,False,0.3428281462902144,0.3298204165363429,False,False,False,False,-4852.0,-5506.32213623709,False,False,False,False,126.48511226722655,False,False,False,False
2025-10-01 19:00:00+00:00,21.31,21.31,21.31,21.31,0.0,,,,,20.993485724777376,21.0110325732899,20.96064111701438,20.95829803441912,20.93883831462055,20.929942637160913,20.914438514192707,20.914438514192707,20.899889953934196,20.81166853110347,20.80073512146663,20.73668248933282,20.802439404177814,20.84278046408078,20.842393115541473,20.840720175962975,20.731597039889543,20.631507268010104,20.63082207722475,20.558250320994986,20.280319058463352,20.27874880166988,20.140666817057316,19.76363319524032,20.993485724777376,20.96064111701438,20.914438514192707,20.842393115541473,20.631507268010104,20.280319058463352,,20.717248719325752,"rgba(38, 166, 154, 1.0)",0.12528910710951344,20.940899909317842,2.945987078984698,76.83359389000661,21.813633999479734,True,False,True,False,True,13.551799897871543,0.0,0.0,0.0,0.0,0,1.0147928994082847,0.9043392504930968,False,False,False,False,0.34282815082693435,0.33632428368163864,False,False,False,False,-4852.0,-5496.177606993104,False,False,False,False,124.52410277471141,False,False,False,False
2025-10-02 14:00:00+00:00,21.35,21.35,21.35,21.35,0.0,,,,,20.993485724777376,21.0110325732899,20.96064111701438,20.95829803441912,20.93883831462055,20.929942637160913,20.914438514192707,20.914438514192707,20.899889953934196,20.81166853110347,20.80073512146663,20.73668248933282,20.802439404177814,20.84278046408078,20.842393115541473,20.840720175962975,20.731597039889543,20.631507268010104,20.63082207722475,20.558250320994986,20.280319058463352,20.27874880166988,20.140666817057316,19.76363319524032,20.993485724777376,20.96064111701438,20.914438514192707,20.842393115541473,20.631507268010104,20.280319058463352,,20.717248719325752,"rgba(38, 166, 154, 1.0)",0.13023775901716245,20.940899909317842,3.1411788237868006,79.07703167822578,23.959670644305604,True,False,True,False,True,14.925546008691843,0.0,0.0,0.0,0.0,0,1.0206692913385835,0.9045275590551183,False,False,False,False,0.34282815466354344,0.33957621917259107,False,False,False,False,-4852.0,-5486.19035727228,False,False,False,False,122.59349653014223,False,False,False,False
2025-10-02 15:00:00+00:00,21.35,21.35,21.28,21.28,106.0,,,,,21.002274551779497,21.015993168961465,20.96297865722865,20.960636508951403,20.940863605388678,20.931949910403343,20.916401787556946,20.916401787556946,20.901870089981625,20.813121741070187,20.802174375045023,20.738030537663363,20.80321814803951,20.843294171086217,20.842842813314927,20.841170713854773,20.732038702405433,20.631953610907424,20.631268595481348,20.558700081244343,20.28083114532176,20.279261434885164,20.141222587496795,19.764277479732232,21.002274551779497,20.96297865722865,20.916401787556946,20.842842813314927,20.631953610907424,20.28083114532176,,20.71886567522321,"rgba(38, 166, 154, 0.75)",0.1331641268683994,20.943779399776304,2.5248586697524797,75.3248635482305,23.959670644305604,True,False,True,False,False,11.473379654621624,0.0,0.0,0.0,0.0,0,1.0068694798822382,0.9097154072620222,False,False,False,False,0.30818354442796786,0.3238798818002795,False,False,False,False,-4958.0,-5478.0013594851125,False,False,False,False,122.336233018047,False,False,False,False
2025-10-02 16:00:00+00:00,21.28,21.34,21.28,21.34,562.0,,,,,21.043810188415907,21.041088915001954,20.975439593425243,20.973101777558323,20.95171317276846,20.942703566732405,20.926922785534263,20.926922785534263,20.91247476570843,20.820942347288952,20.809918746784465,20.745279520083923,20.807443096408804,20.846096738986393,20.84529824256187,20.843630445843964,20.734436976822966,20.634368698382172,20.633684578462162,20.56112878719074,20.283581745336495,20.282014905933668,20.144202498279462,19.76772130949519,21.043810188415907,20.975439593425243,20.926922785534263,20.84529824256187,20.634368698382172,20.283581745336495,,20.72724692452252,"rgba(38, 166, 154, 0.75)",0.13796787718550071,20.958646564386793,2.7640740974833506,74.47251497296071,23.959670644305604,True,False,True,False,False,13.53709066093488,0.0,0.0,0.0,0.0,0,0.9960745829244358,0.9116781157998046,False,False,False,False,0.3032940734518984,0.31358697762608895,False,False,False,False,-4396.0,-5461.226144609374,False,False,False,False,129.1527255293951,False,False,False,False
2025-10-02 17:00:00+00:00,21.34,21.37,21.34,21.37,100.0,,,,,21.05099795408047,21.045705462265968,20.97781313006624,20.975475095080355,20.953781599878404,20.944751144913305,20.92892231097157,20.92892231097157,20.914485301825472,20.822418206707738,20.811378700214092,20.746638949704028,20.80824574145629,20.84663376665899,20.845769098238684,20.844102003293674,20.734890677884163,20.63482162065444,20.634137644952634,20.561582011452533,20.284088481105233,20.28252214290981,20.14474913786515,19.768348242702466,21.05099795408047,20.97781313006624,20.92892231097157,20.845769098238684,20.63482162065444,20.284088481105233,,20.72879919732722,"rgba(38, 166, 154, 0.75)",0.14379690382441307,20.96141083405261,2.8414322915207446,74.6268042021598,23.959670644305604,True,False,True,False,False,14.539190552204534,0.0,0.0,0.0,0.0,0,1.0107948969578018,0.9087340529931313,False,False,False,False,0.342828154998281,0.32820756631218495,False,False,False,False,-4296.0,-5443.160622987524,False,False,False,False,128.70074528862926,False,False,False,False
2025-10-02 18:00:00+00:00,21.37,21.37,21.355,21.365,10.0,,,,,21.051706358206694,21.046164594776908,20.97805092935274,20.97571286987085,20.95398897834489,20.94495643289193,20.929122786776805,20.929122786776805,20.914686859161456,20.82256626066329,20.811525153895136,20.7467752990338,20.808326361858292,20.846687755997646,20.84581644133843,20.844149416051067,20.73493625353544,20.634867089832177,20.63418312843193,20.561627494695774,20.28413928535564,20.282572997194148,20.144803924654084,19.76841104011065,21.051706358206694,20.97805092935274,20.929122786776805,20.84581644133843,20.634867089832177,20.28413928535564,,20.728954187450274,"rgba(38, 166, 154, 0.75)",0.1490246971488216,20.961686670890423,2.7063522813726113,74.36236194102811,23.959670644305604,True,False,True,False,False,14.291601641949836,0.0,0.0,0.0,0.0,0,1.017786561264822,0.9081027667984197,False,False,False,False,0.3428281559891491,0.33551786115066706,False,False,False,False,-4306.0,-5425.530225731904,False,False,False,False,126.8604236562474,False,False,False,False
2025-10-02 19:00:00+00:00,21.365,21.39,21.35,21.375,113.0,,,,,21.05970182809966,21.051395960745264,20.980775497702908,20.978436935565703,20.95636525358305,20.94730819880017,20.931418602515834,20.931418602515834,20.916994013046192,20.824259350214653,20.81319960671234,20.748332634937434,20.80924940187052,20.84730688012912,20.84635942187905,20.84469316889546,20.735457622901933,20.635386370534853,20.63470256720314,20.56214643558389,20.284717471594263,20.28315174658115,20.145426904710558,19.76912401319154,21.05970182809966,20.980775497702908,20.931418602515834,20.84635942187905,20.635386370534853,20.284717471594263,,20.73072202039644,"rgba(38, 166, 154, 0.75)",0.15433198100295878,20.96483536728568,2.657677495285028,74.46540396815888,23.959670644305604,True,False,True,False,False,14.632266094044194,0.0,0.0,0.0,0.0,0,1.0088932806324113,0.9100790513833996,False,False,False,False,0.34282815696046065,0.33917300905556386,False,False,False,False,-4193.0,-5406.421229984122,False,False,False,False,126.64553336700325,False,False,False,False
2025-10-03 14:00:00+00:00,21.45,21.46,21.45,21.46,0.0,,,,,21.05970182809966,21.051395960745264,20.980775497702908,20.978436935565703,20.95636525358305,20.94730819880017,20.931418602515834,20.931418602515834,20.916994013046192,20.824259350214653,20.81319960671234,20.748332634937434,20.80924940187052,20.84730688012912,20.84635942187905,20.84469316889546,20.735457622901933,20.635386370534853,20.63470256720314,20.56214643558389,20.284717471594263,20.28315174658115,20.145426904710558,19.76912401319154,21.05970182809966,20.980775497702908,20.931418602515834,20.84635942187905,20.635386370534853,20.284717471594263,,20.73072202039644,"rgba(38, 166, 154, 0.75)",0.16204598390838856,20.96483536728568,3.0557044412421743,76.51351584600623,23.959670644305604,True,False,True,False,False,17.434061888625767,0.0,0.0,0.0,0.0,0,1.0235756385068764,0.8988212180746561,False,False,False,False,0.3428281667636182,0.34100058790959104,False,False,False,False,-4193.0,-5387.608497736306,False,False,False,False,124.68203672565436,False,False,False,False
2025-10-03 15:00:00+00:00,21.46,21.5,21.45,21.5,31.0,,,,,21.062586206896547,21.05329203247427,20.98172801010842,20.979388065143414,20.957186447494088,20.948117431252225,20.932202967649257,20.932202967649257,20.91777733160814,20.824816379944927,20.81374872242193,20.74883480630918,20.809552268730563,20.84751258937761,20.84653980840322,20.844873712272516,20.735625582585946,20.635550286325994,20.63486651294676,20.562308305652877,20.284892265981746,20.283326687825724,20.145613253537146,19.76933311822286,21.062586206896547,20.98172801010842,20.932202967649257,20.84653980840322,20.635550286325994,20.284892265981746,,20.73132815670061,"rgba(38, 166, 154, 1.0)",0.1705114722301654,20.965943480416346,3.1320855576377653,78.59258504572443,24.405295000616093,True,False,True,False,True,18.689049541960177,0.0,0.0,0.0,0.0,0,1.0313725490196077,0.8803921568627453,False,False,False,False,0.3428281687902485,0.3419143783499198,False,False,False,False,-4162.0,-5368.60681560086,False,False,False,False,123.22960204773723,False,False,False,False
2025-10-03 16:00:00+00:00,21.5,21.505,21.5,21.505,120.0,,,,,21.073904344104427,21.060811519539584,20.98552702921421,20.983181105212356,20.960461200219854,20.951343242632575,20.935327740543165,20.935327740543165,20.92089572330951,20.827028995353135,20.81592911221191,20.750824998717746,20.810756819453292,20.848332638657315,20.847259017271067,20.84559349104701,20.736292410401933,20.63619915672286,20.635515490238824,20.56294795832438,20.285579692769662,20.28401467766318,20.146344892158062,19.770151515747425,21.073904344104427,20.98552702921421,20.935327740543165,20.847259017271067,20.63619915672286,20.285579692769662,,20.733731271335692,"rgba(38, 166, 154, 1.0)",0.17841676081712807,20.97034449513556,2.996666358114444,80.0665436256752,25.964932400690216,True,False,True,False,True,18.84520051143991,0.0,0.0,0.0,0.0,0,1.041136141038198,0.8716944172380026,False,False,False,False,0.342828171428558,0.3423712748892389,False,False,False,False,-4042.0,-5348.039268072164,False,False,False,False,123.17953069815991,False,False,False,False
2025-10-03 17:00:00+00:00,21.505,21.505,21.505,21.505,0.0,,,,,21.073904344104427,21.060811519539584,20.98552702921421,20.983181105212356,20.960461200219854,20.951343242632575,20.935327740543165,20.935327740543165,20.92089572330951,20.827028995353135,20.81592911221191,20.750824998717746,20.810756819453292,20.848332638657315,20.847259017271067,20.84559349104701,20.736292410401933,20.63619915672286,20.635515490238824,20.56294795832438,20.285579692769662,20.28401467766318,20.146344892158062,19.770151515747425,21.073904344104427,20.98552702921421,20.935327740543165,20.847259017271067,20.63619915672286,20.285579692769662,,20.733731271335692,"rgba(38, 166, 154, 1.0)",0.185719128240819,20.97034449513556,2.8788391908191593,81.0491826789757,27.068206442539037,True,False,True,False,True,18.84520051143991,0.0,0.0,0.0,0.0,0,1.0421155729676788,0.8716944172380026,False,False,False,False,0.3428281603636483,0.3425997176264436,False,False,False,False,-4042.0,-5327.79059724934,False,False,False,False,121.26977053229696,False,False,False,False
2025-10-03 18:00:00+00:00,21.505,21.505,21.46,21.46,150.0,,,,,21.086378809869373,21.06928509729041,20.98994306106901,20.9875917732871,20.96428904428904,20.955118887393443,20.93899349424142,20.93899349424142,20.924559949448188,20.829659530704483,20.818523743285564,20.753204909113474,20.81219528099405,20.84931060432661,20.848117087069575,20.846452342615255,20.73709358851999,20.636982423921737,20.636298908140738,20.563722248634143,20.28641791874565,20.28485361634852,20.14723926008698,19.771156721160246,21.086378809869373,20.98994306106901,20.93899349424142,20.848117087069575,20.636982423921737,20.28641791874565,,20.736515908116516,"rgba(38, 166, 154, 0.75)",0.19127045612776192,20.975395858579503,2.5336068686781354,77.59983902984591,27.068206442539037,True,False,True,False,False,16.4682904585878,0.0,0.0,0.0,0.0,0,1.0351966873706007,0.9306418219461704,False,False,False,False,0.3218101779652884,0.33220494779586596,False,False,False,False,-4192.0,-5310.181440702838,False,False,False,False,121.7152004465249,False,False,False,False
2025-10-03 19:00:00+00:00,21.46,21.49,21.46,21.49,1.0,,,,,21.08646040630182,21.069341106413923,20.989972534632425,20.9876212112154,20.96431462011505,20.95514411599775,20.939017991909676,20.939017991909676,20.924584435431722,20.829677131258457,20.818541103500156,20.753220832237893,20.812204922016743,20.849317165874233,20.848122845226925,20.846458105911754,20.73709896002797,20.636987671920792,20.636304157127224,20.563727434456414,20.286423526445457,20.284859228787283,20.147245240937377,19.77116343820589,21.08646040630182,20.989972534632425,20.939017991909676,20.848122845226925,20.636987671920792,20.286423526445457,,20.736534424077586,"rgba(38, 166, 154, 0.75)",0.19668937874640258,20.97542941018894,2.6161584986981365,76.27796752828031,30.405474141871423,True,False,True,False,False,17.45970532693983,0.0,0.0,0.0,0.0,0,0.9691358024691361,0.9341563786008237,False,False,False,False,0.3148656463239527,0.32353529705990935,False,False,False,False,-4191.0,-5292.829790459383,False,False,False,False,119.84364695122994,False,False,False,False
2025-10-06 14:00:00+00:00,21.5,21.56,21.49,21.535,100.0,,,,,21.095434267533165,21.075516166644242,20.99319104840477,20.990834571422912,20.967097973417548,20.95788599218687,20.941674480105778,20.941674480105778,20.927234316479392,20.83156284300495,20.82039905243043,20.75491528943686,20.813237298234995,20.850022864506993,20.84874213607437,20.847077834732982,20.737670640511556,20.637542212074468,20.63685877747106,20.564273059975466,20.287006727808656,20.285442893397057,20.14786473518797,19.771853867391727,21.095434267533165,20.99319104840477,20.941674480105778,20.84874213607437,20.637542212074468,20.287006727808656,,20.738542230355833,"rgba(38, 166, 154, 0.75)",0.2031248007620392,20.97909761353565,2.7367528946678936,76.6668421028061,30.405474141871423,True,False,True,False,False,18.91377629113068,0.0,0.0,0.0,0.0,0,0.9756592292089248,0.9208924949290067,False,False,False,False,0.3428281626931029,0.3331817298765061,False,False,False,False,-4091.0,-5274.19677045226,False,False,False,False,119.5359935101256,False,False,False,False
2025-10-06 15:00:00+00:00,21.535,21.54,21.52,21.535,479.0,,,,,21.13410821148744,21.103131951466125,21.00818173892828,21.0058038637852,20.980135065644628,20.97073863636363,20.954144420420945,20.954144420420945,20.93967996389115,20.84049859219981,20.829206693897245,20.76296461357621,20.818164247057815,20.853399432597694,20.851707443465443,20.85004523092052,20.740409070399295,20.64019882351726,20.639515771420317,20.566887076817792,20.28980016492837,20.28823854349609,20.15083156906891,19.775159775357558,21.13410821148744,21.00818173892828,20.954144420420945,20.851707443465443,20.64019882351726,20.28980016492837,,20.74779563838036,"rgba(38, 166, 154, 0.75)",0.2092796525534811,20.995876508630875,2.5760912959818336,76.92609181915662,30.405474141871423,True,False,True,False,False,18.91377629113068,0.0,0.0,0.0,0.0,0,0.9888097660223806,0.92472024415056,False,False,False,False,0.3428281632575477,0.33800494656702695,False,False,False,False,-4091.0,-5255.852634476256,False,False,False,False,125.10907888206164,False,False,False,False
2025-10-06 16:00:00+00:00,21.535,21.58,21.53,21.58,699.0,,,,,21.183277067628097,21.140488909534312,21.02985450991343,21.027448579098397,20.999147078941636,20.989496218810842,20.972371586336784,20.972371586336784,20.957872673399542,20.853715644728123,20.842237204066254,20.774887756986768,20.825547806364735,20.85849449503919,20.856188157756463,20.85452869749235,20.74453008843008,20.644184093613493,20.643501528674488,20.570800813259403,20.29395754816113,20.292399100941083,20.155237049861093,19.78004839996557,21.183277067628097,21.02985450991343,20.972371586336784,20.856188157756463,20.644184093613493,20.29395754816113,,20.760941108139168,"rgba(38, 166, 154, 1.0)",0.21614836829606002,21.019458973995548,2.5933160190997766,78.26147049372813,30.405474141871423,True,False,True,False,True,20.0,0.0,0.0,0.0,0.0,0,1.016528925619835,0.90805785123967,False,False,False,False,0.342828165978677,0.34041655627285194,False,False,False,False,-3392.0,-5226.955694406856,False,False,False,False,134.00661254280487,False,False,False,False
2025-10-06 17:00:00+00:00,21.58,21.69,21.58,21.69,660.0,,,,,21.22915656117519,21.1769981663251,21.052019660651762,21.04958005179034,21.018682095134675,21.008760717583428,20.99108088418949,20.99108088418949,20.97651470229875,20.867286609408215,20.85560658658208,20.78707249239908,20.83322056035391,20.86384437962952,20.860899291097688,20.859241577720972,20.74880702304811,20.648280926429415,20.647598612357655,20.57480060871725,20.298134692832377,20.296579107797708,20.159635844870753,19.784871519298424,21.22915656117519,21.052019660651762,20.99108088418949,20.860899291097688,20.648280926429415,20.298134692832377,,20.774156398161725,"rgba(38, 166, 154, 1.0)",0.22598816041682343,21.08209534355018,2.6899845342719435,81.04803648976988,27.33331207269198,True,False,True,False,True,20.0,0.0,0.0,0.0,0.0,0,1.0215384615384608,0.8810256410256414,False,False,False,False,0.34282817368977925,0.3416223649813156,False,False,False,False,-2732.0,-5188.274210772642,False,False,False,False,142.16154878245132,False,False,False,False
2025-10-06 18:00:00+00:00,21.69,21.69,21.69,21.69,0.0,,,,,21.22915656117519,21.1769981663251,21.052019660651762,21.04958005179034,21.018682095134675,21.008760717583428,20.99108088418949,20.99108088418949,20.97651470229875,20.867286609408215,20.85560658658208,20.78707249239908,20.83322056035391,20.86384437962952,20.860899291097688,20.859241577720972,20.74880702304811,20.648280926429415,20.647598612357655,20.57480060871725,20.298134692832377,20.296579107797708,20.159635844870753,19.784871519298424,21.22915656117519,21.052019660651762,20.99108088418949,20.860899291097688,20.648280926429415,20.298134692832377,,20.774156398161725,"rgba(38, 166, 154, 1.0)",0.23530080422386776,21.08209534355018,2.5835213715268686,82.90574715379772,29.13013253838433,True,False,True,False,True,20.0,0.0,0.0,0.0,0.0,0,1.0287179487179487,0.8810256410256414,False,False,False,False,0.3428281782552376,0.3422252716182766,False,False,False,False,-2732.0,-5150.192440062989,False,False,False,False,139.95749376256836,False,False,False,False
2025-10-06 19:00:00+00:00,21.69,21.69,21.595,21.64,0.0,,,,,21.22915656117519,21.1769981663251,21.052019660651762,21.04958005179034,21.018682095134675,21.008760717583428,20.99108088418949,20.99108088418949,20.97651470229875,20.867286609408215,20.85560658658208,20.78707249239908,20.83322056035391,20.86384437962952,20.860899291097688,20.859241577720972,20.74880702304811,20.648280926429415,20.647598612357655,20.57480060871725,20.298134692832377,20.296579107797708,20.159635844870753,19.784871519298424,21.22915656117519,21.052019660651762,20.99108088418949,20.860899291097688,20.648280926429415,20.298134692832377,,20.774156398161725,"rgba(38, 166, 154, 0.75)",0.24238585128020712,21.08209534355018,2.3017212164123504,79.91438917819711,29.13013253838433,True,False,True,False,False,20.0,0.0,0.0,0.0,0.0,0,1.0297741273100616,0.8809034907597539,False,False,False,False,0.30706364263548497,0.3246444571268808,False,False,False,False,-2732.0,-5112.701084403097,False,False,False,False,137.7876101383425,False,False,False,False
2025-10-07 14:00:00+00:00,21.605,21.605,21.535,21.55,246.0,,,,,21.240887081430742,21.18698434380582,21.05870634203392,21.056263109653994,21.024677450629433,21.014695071555956,20.996881696060655,20.996881696060655,20.982319647740063,20.871662024497024,20.859928099221413,20.791065136182425,20.83573427943626,20.865594827556958,20.862443226323336,20.860786520027602,20.750233280422922,20.649663452483328,20.648981320075308,20.57616011546369,20.29958210676601,20.298027634453597,20.161170404079016,19.7865765936053,21.240887081430742,21.05870634203392,20.996881696060655,20.862443226323336,20.649663452483328,20.29958210676601,,20.77816272748189,"rgba(38, 166, 154, 0.75)",0.24668654655692407,21.1508113485705,1.6182019530497034,72.28206540783245,26.96921731947093,True,False,True,False,False,16.2710511973329,0.0,0.0,0.0,0.0,0,1.0100502512562815,0.8733668341708545,False,False,False,False,0.25387777526047933,0.28926111619368006,False,False,False,False,-2978.0,-5079.604943559639,False,False,False,False,139.46532160906588,False,False,False,False
2025-10-07 15:00:00+00:00,21.55,21.555,21.52,21.52,144.0,,,,,21.246741703952267,21.19212193354725,21.06229939329992,21.05985576838975,21.027923335704543,21.017913154368213,21.00003625266262,21.00003625266262,20.985482368463135,20.87408171665224,20.862320579093595,20.793288237583027,20.837134017738673,20.866569101479293,20.863303157393783,20.86164711314615,20.75103342269123,20.650442817636627,20.64976080966166,20.57692871812921,20.300406645753466,20.298852834062647,20.16204687504627,19.787555407974057,21.246741703952267,21.06229939329992,21.00003625266262,20.863303157393783,20.650442817636627,20.300406645753466,,20.780324234045512,"rgba(38, 166, 154, 0.5)",0.25045813877613954,21.15223590969419,1.4683655005298804,65.69211654225046,21.314429332043602,False,False,True,False,False,14.794378345202489,0.0,0.0,0.0,0.0,0,1.0080726538849645,0.8930373360242185,False,False,False,False,0.2305011010901504,0.2598811086419152,False,False,False,False,-3122.0,-5049.254479318403,False,False,False,False,139.53562670039818,False,False,False,False
2025-10-07 16:00:00+00:00,21.52,21.54,21.52,21.54,10.0,,,,,21.247141859815688,21.192474752697063,21.06254776342385,21.060104117492788,21.028147942405116,21.018135865416465,21.000254620151228,21.000254620151228,20.985701316175096,20.874249516391775,20.862486502971404,20.793442471482358,20.837231245490308,20.86663682284312,20.86336294148265,20.861706943034115,20.751089045787342,20.650496991340145,20.649814991966853,20.57698214049652,20.300463941879475,20.298910176015564,20.162107773474975,19.787623405338156,21.247141859815688,21.06254776342385,21.000254620151228,20.86336294148265,20.650496991340145,20.300463941879475,,20.78047365698847,"rgba(38, 166, 154, 0.5)",0.25449734949666786,21.1523762223403,1.5230955388192489,62.184392433934214,18.531088084986237,False,False,True,False,False,15.449794539169204,0.0,0.0,0.0,0.0,0,1.0041237113402062,0.904123711340207,False,False,False,False,0.22514233050667348,0.24251171957429435,False,False,False,False,-3112.0,-5019.219526150676,False,False,False,False,137.5273224104695,False,False,False,False
2025-10-07 17:00:00+00:00,21.54,21.545,21.525,21.525,100.0,,,,,21.251059854952718,21.195946167229554,21.065008392341987,21.062564657796333,21.03037570421496,21.020345265241144,21.002421702960604,21.002421702960604,20.987874572088206,20.87591859618835,20.864137128668094,20.794977815675992,20.8381997071334,20.867311589570825,20.863958710348424,20.86230317296455,20.75164365782551,20.651037340920904,20.650355428356654,20.577515105669924,20.301035836217117,20.299482528878663,20.162715720567963,19.788302438853442,21.251059854952718,21.065008392341987,21.002421702960604,20.863958710348424,20.651037340920904,20.301035836217117,,20.781954699901082,"rgba(38, 166, 154, 0.5)",0.25798435597503905,21.15385012537432,1.4386526393158101,59.01697424599081,15.890148921000772,False,True,True,False,False,14.702452133747816,0.0,0.0,0.0,0.0,0,1.0020876826722334,0.918580375782881,False,False,False,False,0.22871341286236876,0.23561256621833154,False,False,False,False,-3212.0,-4991.200618768495,False,False,False,False,136.9455034583692,False,False,False,False
2025-10-07 18:00:00+00:00,21.525,21.56,21.515,21.55,150.0,,,,,21.256940996582113,21.201173268823705,21.068729378090033,21.066285356803867,21.033746557079226,21.02368806908049,21.005700186446173,21.005700186446173,20.991161562203224,20.878444323604295,20.866634718570033,20.79729999447116,20.83966822072229,20.868336372631443,20.864863728763268,20.863208862147022,20.752484746107584,20.651855813687543,20.651174026270905,20.5783218055486,20.301899644904505,20.300347021815593,20.163633283945366,19.789325835045435,21.256940996582113,21.068729378090033,21.005700186446173,20.864863728763268,20.651855813687543,20.301899644904505,,20.784192664991252,"rgba(38, 166, 154, 0.5)",0.2616374632236168,21.15669906558928,1.5032286644461692,58.13454276247528,15.15798017416948,False,True,True,False,False,15.538005488541469,0.0,0.0,0.0,0.0,0,0.9855222337125129,0.9141675284384705,False,False,False,False,0.2305011010901504,0.23305683365424096,False,False,False,False,-3062.0,-4961.290531655804,False,False,False,False,137.14789875358827,False,False,False,False
2025-10-07 19:00:00+00:00,21.55,21.56,21.55,21.55,200.0,,,,,21.26472849886144,21.208132266245098,21.073721435316337,21.071276881031686,21.03827415185314,21.028177920004516,21.010103798113004,21.010103798113004,20.995575599350914,20.881841016994645,20.869993397080037,20.800422035018162,20.841649110633085,20.869721506061236,20.866087402799383,20.864433398985067,20.75361995279711,20.652959051302147,20.652277423089796,20.579408308585517,20.303060341162933,20.301508624818847,20.164865145565383,19.79069757872198,21.26472849886144,21.073721435316337,21.010103798113004,20.866087402799383,20.652959051302147,20.303060341162933,,20.78719327677102,"rgba(38, 166, 154, 0.5)",0.26521281612653014,21.161053482376538,1.4665449554967995,57.54625510679826,14.44375193907031,False,True,True,False,False,15.538005488541469,0.0,0.0,0.0,0.0,0,0.9947643979057594,0.9256544502617808,False,False,False,False,0.24305623323584552,0.23805653344504324,False,False,False,False,-3062.0,-4931.844166823931,False,False,False,False,138.12234993570317,False,False,False,False
2025-10-08 14:00:00+00:00,21.58,21.65,21.58,21.63,300.0,,,,,21.27819935962251,21.219989124524194,21.082034068813932,21.079584573975946,21.045779646195307,21.035608825457942,21.017372543566925,21.017372543566925,21.00284423663924,20.887371954976103,20.875455803452205,20.805467454649914,20.844876327367384,20.871990333343398,20.868092045202754,20.866439044029175,20.755458190999573,20.654731010725378,20.654049549109626,20.581144779365566,20.304889974606567,20.30333957463487,20.166797373181197,19.792828871058763,21.27819935962251,21.082034068813932,21.017372543566925,20.868092045202754,20.654731010725378,20.304889974606567,,20.79215488371106,"rgba(38, 166, 154, 0.5)",0.27025305125315047,21.170692938713735,1.6995444053507596,60.64307955162005,14.44375193907031,False,True,True,False,True,18.162278551126608,0.0,0.0,0.0,0.0,0,0.9948293691830407,0.9038262668045516,False,False,False,False,0.286705987459933,0.2623812604524881,False,False,False,False,-2762.0,-4898.203171989452,False,False,False,False,140.63208094445196,False,False,False,False
2025-10-08 15:00:00+00:00,21.63,21.63,21.625,21.625,0.0,,,,,21.27819935962251,21.219989124524194,21.082034068813932,21.079584573975946,21.045779646195307,21.035608825457942,21.017372543566925,21.017372543566925,21.00284423663924,20.887371954976103,20.875455803452205,20.805467454649914,20.844876327367384,20.871990333343398,20.868092045202754,20.866439044029175,20.755458190999573,20.654731010725378,20.654049549109626,20.581144779365566,20.304889974606567,20.30333957463487,20.166797373181197,19.792828871058763,21.27819935962251,21.082034068813932,21.017372543566925,20.868092045202754,20.654731010725378,20.304889974606567,,20.79215488371106,"rgba(38, 166, 154, 0.5)",0.2749336201620697,21.170692938713735,1.6524245416710297,62.33805838078236,14.44375193907031,False,True,True,False,True,17.900795871866922,0.0,0.0,0.0,0.0,0,1.0062630480167016,0.9070981210855963,False,False,False,False,0.2959298688709,0.27915556466169406,False,False,False,False,-2762.0,-4865.08374296636,False,False,False,False,138.4517386042279,False,False,False,False
2025-10-08 16:00:00+00:00,21.625,21.68,21.625,21.68,526.0,,,,,21.302103579047163,21.241211595262016,21.097096899033318,21.094636694361146,21.05940386071158,21.049094489263823,21.030560290035538,21.030560290035538,21.016021687327292,20.897412360713933,20.885368954303196,20.814610350941294,20.85077130299164,20.876155150919608,20.87177459101964,20.870123052849763,20.7588169072969,20.657955657026903,20.657274414359613,20.584296998201193,20.308186940526635,20.30663879910111,20.17026963771573,19.79663871642029,21.302103579047163,21.097096899033318,21.030560290035538,20.87177459101964,20.657955657026903,20.308186940526635,,20.801124300811036,"rgba(38, 166, 154, 0.5)",0.2806505152527549,21.187992948948512,1.7530951283249352,65.41375637060962,8.744726044551818,False,True,True,False,True,19.644723500832274,0.0,0.0,0.0,0.0,0,1.0062305295950158,0.8992731048805815,False,False,False,False,0.3145272270805556,0.2968413958711248,False,False,False,False,-2236.0,-4824.322754703316,False,False,False,False,144.46023878090654,False,False,False,False
2025-10-08 17:00:00+00:00,21.68,21.7,21.68,21.7,0.0,,,,,21.302103579047163,21.241211595262016,21.097096899033318,21.094636694361146,21.05940386071158,21.049094489263823,21.030560290035538,21.030560290035538,21.016021687327292,20.897412360713933,20.885368954303196,20.814610350941294,20.85077130299164,20.876155150919608,20.87177459101964,20.870123052849763,20.7588169072969,20.657955657026903,20.657274414359613,20.584296998201193,20.308186940526635,20.30663879910111,20.17026963771573,19.79663871642029,21.302103579047163,21.097096899033318,21.030560290035538,20.87177459101964,20.657955657026903,20.308186940526635,,20.801124300811036,"rgba(38, 166, 154, 0.5)",0.2864927243072773,21.187992948948512,1.7871555108056945,68.08160943430195,11.442733239824364,False,False,True,False,True,20.0,0.0,0.0,0.0,0.0,0,1.0207468879668045,0.8952282157676351,False,True,False,False,0.34282817825523504,0.3198347870631799,False,False,False,False,-2236.0,-4784.193719746675,False,False,False,False,142.22054515639635,False,False,False,False
2025-10-08 18:00:00+00:00,21.7,21.7,21.7,21.7,0.0,,,,,21.302103579047163,21.241211595262016,21.097096899033318,21.094636694361146,21.05940386071158,21.049094489263823,21.030560290035538,21.030560290035538,21.016021687327292,20.897412360713933,20.885368954303196,20.814610350941294,20.85077130299164,20.876155150919608,20.87177459101964,20.870123052849763,20.7588169072969,20.657955657026903,20.657274414359613,20.584296998201193,20.308186940526635,20.30663879910111,20.17026963771573,19.79663871642029,21.302103579047163,21.097096899033318,21.030560290035538,20.87177459101964,20.657955657026903,20.308186940526635,,20.801124300811036,"rgba(38, 166, 154, 0.5)",0.29188920210626185,21.187992948948512,1.7541143946294104,69.86017814343018,13.328298770030202,False,False,True,False,True,20.0,0.0,0.0,0.0,0.0,0,1.0242105263157892,0.9063157894736849,False,True,False,False,0.3428281790304047,0.3313314830467923,False,False,False,False,-2236.0,-4744.686840370758,False,False,False,False,140.0155754640491,False,False,False,False
2025-10-08 19:00:00+00:00,21.7,21.7,21.59,21.7,215.0,21.66333333333333,21.66333333333333,21.66333333333333,,21.31107900920682,21.24934241175416,21.10304824990223,21.10058482519297,21.064815640672972,21.05445542745798,21.0358104040443,21.0358104040443,21.021270885980456,20.901450542354315,20.889357849216186,20.818298735337113,20.853161322096973,20.87784846453488,20.873273148066623,20.871622215189696,20.760185130463757,20.65926995612036,20.658588804828906,20.58558214877927,20.30953160479242,20.307984384730723,20.171685850461994,19.798192891690825,21.31107900920682,21.10304824990223,21.0358104040443,20.873273148066623,20.65926995612036,20.30953160479242,21.66333333333333,20.804677096121676,"rgba(38, 166, 154, 0.5)",0.29697630869793495,21.291943060837916,1.3740386933596527,71.0458906161823,14.725193135932784,False,False,True,False,True,20.0,0.0,0.0,0.0,0.0,0,0.9968717413972887,0.9103232533889476,False,True,False,False,0.3019032413351931,0.3166173621909927,False,False,False,False,-2236.0,-4705.792470752606,False,False,False,False,141.17812468166076,False,False,False,False
2025-10-09 14:00:00+00:00,21.68,21.685,21.6,21.605,400.0,21.641653116531163,21.641653116531163,21.641653116531163,,21.325170293457045,21.262511676180587,21.113154727656312,21.11069009671057,21.07408361688462,21.063651633778054,21.044843043362594,21.044843043362594,21.030318247686985,20.90852744521884,20.896356263189386,20.82480888122497,20.85738924567324,20.88084663703643,20.875929122135847,20.874279530237605,20.76262613364766,20.661625168066813,20.660944240697535,20.587891300662932,20.31196479573975,20.310419316219647,20.174254808786255,19.801025951831345,21.325170293457045,21.113154727656312,21.044843043362594,20.875929122135847,20.661625168066813,20.31196479573975,21.641653116531163,20.81075646747698,"rgba(38, 166, 154, 0.5)",0.2998994876664937,21.296791676762716,1.0277054010176594,64.35237505953604,20.954439784623915,False,True,True,False,False,15.165818293035144,0.0,0.0,0.0,0.0,0,0.9959016393442623,0.9016393442622956,False,False,False,False,0.30006706242600856,0.3083422123085006,False,False,False,False,-2636.0,-4673.702665004504,False,False,False,False,145.1908669346583,False,False,False,False
2025-10-09 15:00:00+00:00,21.605,21.605,21.605,21.605,0.0,21.641653116531163,21.641653116531163,21.641653116531163,,21.325170293457045,21.262511676180587,21.113154727656312,21.11069009671057,21.07408361688462,21.063651633778054,21.044843043362594,21.044843043362594,21.030318247686985,20.90852744521884,20.896356263189386,20.82480888122497,20.85738924567324,20.88084663703643,20.875929122135847,20.874279530237605,20.76262613364766,20.661625168066813,20.660944240697535,20.587891300662932,20.31196479573975,20.310419316219647,20.174254808786255,19.801025951831345,21.325170293457045,21.113154727656312,21.044843043362594,20.875929122135847,20.661625168066813,20.31196479573975,21.641653116531163,20.81075646747698,"rgba(38, 166, 154, 0.5)",0.30262407923570045,21.296791676762716,1.0184527418164724,59.890031355105194,16.854322898329173,False,True,True,False,False,15.165818293035144,0.0,0.0,0.0,0.0,0,0.9938335046248713,0.9208633093525184,False,False,False,False,0.27275138816263317,0.2905468002355669,False,False,False,False,-2636.0,-4642.110375624588,False,False,False,False,142.9398457418729,False,False,False,False
2025-10-09 16:00:00+00:00,21.605,21.605,21.555,21.56,0.0,21.641653116531163,21.641653116531163,21.641653116531163,,21.325170293457045,21.262511676180587,21.113154727656312,21.11069009671057,21.07408361688462,21.063651633778054,21.044843043362594,21.044843043362594,21.030318247686985,20.90852744521884,20.896356263189386,20.82480888122497,20.85738924567324,20.88084663703643,20.875929122135847,20.874279530237605,20.76262613364766,20.661625168066813,20.660944240697535,20.587891300662932,20.31196479573975,20.310419316219647,20.174254808786255,19.801025951831345,21.325170293457045,21.113154727656312,21.044843043362594,20.875929122135847,20.661625168066813,20.31196479573975,21.641653116531163,20.81075646747698,"rgba(38, 166, 154, 0.5)",0.3049637698167156,21.296791676762716,0.8630806321533606,54.28307894007063,11.761319226676228,False,True,True,False,False,12.846655072907588,0.0,0.0,0.0,0.0,0,0.9816887080366226,0.9206510681586977,False,False,False,False,0.2547614554810087,0.2726541278582878,False,False,False,False,-2636.0,-4611.007889180796,False,False,False,False,140.723724102464,False,False,False,False
2025-10-09 17:00:00+00:00,21.56,21.58,21.56,21.57,100.0,21.6316317016317,21.6316317016317,21.6316317016317,,21.327845150952324,21.265148345052303,21.115334748997903,21.112871469731513,21.076108343880563,21.065666229012486,21.046831295195545,21.046831295195545,21.032316107059557,20.910129888482437,20.897943847410755,20.82630006870376,20.85835751943041,20.881532716762223,20.876537603960287,20.874888438636884,20.763192179517755,20.662175815071897,20.66149496662932,20.588433848199276,20.312544065642623,20.310999033482926,20.174869222495648,19.801709658219078,21.327845150952324,21.115334748997903,21.046831295195545,20.876537603960287,20.662175815071897,20.312544065642623,21.6316317016317,20.81208591073846,#000000,0.30713485608074703,21.29662836116337,0.8900703825187409,51.25273671880866,9.063808811840467,False,True,False,False,False,13.207059122191488,0.0,0.0,0.0,0.0,0,0.9824016563146996,0.9461697722567292,False,False,False,False,0.24761104354481323,0.2601325857015505,False,False,False,False,-2536.0,-4578.837224232257,False,False,False,False,140.09234853498393,False,False,False,False
2025-10-09 18:00:00+00:00,21.57,21.57,21.57,21.57,0.0,21.6316317016317,21.6316317016317,21.6316317016317,,21.327845150952324,21.265148345052303,21.115334748997903,21.112871469731513,21.076108343880563,21.065666229012486,21.046831295195545,21.046831295195545,21.032316107059557,20.910129888482437,20.897943847410755,20.82630006870376,20.85835751943041,20.881532716762223,20.876537603960287,20.874888438636884,20.763192179517755,20.662175815071897,20.66149496662932,20.588433848199276,20.312544065642623,20.310999033482926,20.174869222495648,19.801709658219078,21.327845150952324,21.115334748997903,21.046831295195545,20.876537603960287,20.662175815071897,20.312544065642623,21.6316317016317,20.81208591073846,"rgba(239, 83, 80, 1.0)",0.30931630506085117,21.29662836116337,0.8837931734082014,49.232508571300684,7.146172951474782,False,True,False,True,False,13.207059122191499,0.0,0.0,0.0,0.0,0,0.9627329192546584,0.94824016563147,False,False,False,False,0.24761104354481323,0.25387181462318187,False,False,False,False,-2536.0,-4547.16532928292,False,False,False,False,137.9203741390927,False,False,False,False
2025-10-09 19:00:00+00:00,21.57,21.595,21.57,21.58,200.0,21.620710382513657,21.620710382513657,21.620710382513657,,21.333272746712282,21.270485022199736,21.119743256444192,21.11728241437712,21.080203093994246,21.069739809478694,21.050850649431982,21.050850649431982,21.036353519763836,20.913367848790955,20.901151404265963,20.82931111686896,20.86031781307027,20.882923969345295,20.877771792717585,20.87612344956331,20.764338229459856,20.66328923601652,20.662608537802935,20.589530022771854,20.31371174063988,20.312167597808187,20.176106690944604,19.80308449804903,21.333272746712282,21.119743256444192,21.050850649431982,20.877771792717585,20.66328923601652,20.31371174063988,21.620710382513654,20.81477437958122,"rgba(239, 83, 80, 1.0)",0.31131256562084675,21.297885782584068,0.9062088992563269,48.70902742466974,6.424152408071038,False,True,False,True,False,13.577908542583224,0.0,0.0,0.0,0.0,0,0.9689119170984452,0.9430051813471505,False,False,False,False,0.2565530233295289,0.2552124189763554,False,False,False,False,-2336.0,-4512.883696270781,False,False,False,False,138.88284895864166,False,False,False,False
2025-10-10 14:00:00+00:00,21.58,21.625,21.58,21.625,0.0,21.620710382513657,21.620710382513657,21.620710382513657,,21.333272746712282,21.270485022199736,21.119743256444192,21.11728241437712,21.080203093994246,21.069739809478694,21.050850649431982,21.050850649431982,21.036353519763836,20.913367848790955,20.901151404265963,20.82931111686896,20.86031781307027,20.882923969345295,20.877771792717585,20.87612344956331,20.764338229459856,20.66328923601652,20.662608537802935,20.589530022771854,20.31371174063988,20.312167597808187,20.176106690944604,19.80308449804903,21.333272746712282,21.119743256444192,21.050850649431982,20.877771792717585,20.66328923601652,20.31371174063988,21.620710382513654,20.81477437958122,#000000,0.3135898221825711,21.297885782584068,1.0431276600089634,51.60093215716543,6.424152408071038,False,True,False,False,False,15.225173656296551,0.0,0.0,0.0,0.0,0,0.9712525667351121,0.9312114989733065,False,False,False,False,0.27094480188165443,0.26307861042900493,False,False,False,False,-2336.0,-4479.133561444877,False,False,False,False,136.72962649416658,False,False,False,False
2025-10-10 15:00:00+00:00,21.625,21.625,21.42,21.42,100.0,21.607668308702788,21.607668308702788,21.607668308702788,,21.334913078740435,21.27230619182968,21.121477308367833,21.119019869513643,21.081849245082612,21.071385612434796,21.05248836396761,21.05248836396761,21.038008335469065,20.914750675421086,20.902525507816154,20.830622003858924,20.861167677095743,20.883524883868652,20.878305659024544,20.876657864643814,20.764844753522624,20.66378846095666,20.663107872484115,20.590025728278512,20.31425185614352,20.31270817725689,20.176683577544587,19.803735090381004,21.334913078740435,21.121477308367833,21.05248836396761,20.878305659024544,20.66378846095666,20.31425185614352,21.607668308702788,20.815859839902924,"rgba(239, 83, 80, 1.0)",0.3134004576364982,21.296497997984503,0.3940709051508297,44.19964037464465,2.111921952928256,False,True,False,True,False,5.2238460983024275,0.0,0.0,0.0,0.0,0,0.940886699507389,0.9339901477832517,False,False,False,False,0.2139699990603367,0.23852430474467082,False,False,False,False,-2436.0,-4447.45707212015,False,False,False,False,136.1601749206136,False,False,False,False
2025-10-10 16:00:00+00:00,21.42,21.42,21.27,21.27,174.0,21.565570507429207,21.565570507429207,21.565570507429207,,21.33464353727364,21.272990002197314,21.1230892051641,21.120644139959747,21.08350896516735,21.07307488545246,21.054219573275812,21.054219573275812,21.03979341749433,20.91643949736147,20.904218524215725,20.83230994905544,20.862245533504346,20.884277412258964,20.878976645713298,20.877330233328408,20.76551974732372,20.664478629585542,20.663798339565517,20.590725569171113,20.3150559001455,20.313513089229655,20.177557484518758,19.804752925911192,21.33464353727364,21.1230892051641,21.054219573275812,20.878976645713298,20.664478629585542,20.3150559001455,21.565570507429204,20.81697428250622,"rgba(239, 83, 80, 1.0)",0.3127498928783429,21.28862102498389,-0.05953966862311121,36.458350628218014,-4.951802827648898,False,True,False,True,False,0.0,0.0,0.0,0.0,0.0,0,0.9120234604105566,0.9833822091886614,False,False,False,False,0.09178354400928013,0.16515392437697546,False,False,False,False,-2610.0,-4418.969365575651,False,False,False,False,136.74683887533277,False,False,False,False
2025-10-10 17:00:00+00:00,21.26,21.26,21.25,21.25,245.0,21.51222454672245,21.51222454672245,21.51222454672245,,21.332625607779576,21.27260102845758,21.124561399461744,21.122137083811708,21.085159249563695,21.074783132840803,21.056017556145267,21.056017556145267,21.041679948555217,20.918404804990715,20.906200706047752,20.834344801283564,20.863534862858554,20.885171169122994,20.879775682072292,20.878131450621595,20.76635345382845,20.665349379944168,20.664669570042964,20.591618831975165,20.316110894391034,20.314569338299837,20.178714050007464,19.80612081746654,21.332625607779576,21.124561399461744,21.056017556145267,20.879775682072292,20.665349379944168,20.316110894391034,21.51222454672245,20.818110515654748,"rgba(239, 83, 80, 1.0)",0.31164699075519103,21.277442748825663,-0.08805715967018794,31.00942569192216,-9.765787553936818,False,True,False,True,False,0.0,0.0,0.0,0.0,0.0,0,0.9105211406096351,1.0127826941986244,False,False,False,False,0.031078667800795937,0.0981162960888857,False,False,False,False,-2855.0,-4394.721778512463,False,False,False,False,138.42518245866094,False,False,False,False
2025-10-10 18:00:00+00:00,21.25,21.275,21.24,21.24,194.0,21.48117526617526,21.48117526617526,21.48117526617526,,21.3310653023379,21.272278064943666,21.125688950874142,21.123280910980622,21.086430698785062,21.07610057460232,21.05740656029667,21.05740656029667,21.043138711833656,20.91993715238276,20.907746914292304,20.835935817317136,20.864545446411398,20.885872623592892,20.88040316057716,20.87876065815752,20.767009341888045,20.66603509808415,20.665355669626916,20.59232266628559,20.316943113438402,20.315402550399966,20.179626680696835,19.807200887618766,21.3310653023379,21.125688950874142,21.05740656029667,20.88040316057716,20.66603509808415,20.316943113438402,21.48117526617526,20.818995588155023,"rgba(239, 83, 80, 1.0)",0.30984394502747564,21.270610425203095,-0.09879303983294745,27.224967213608473,-13.134429920179699,False,True,False,True,False,0.0,0.0,0.0,0.0,0.0,0,0.908554572271385,1.0068829891838755,False,False,False,False,0.03275976894166664,0.06543803251527616,False,False,False,False,-3049.0,-4373.8578749696335,False,False,False,False,139.28680753682124,False,False,False,False
2025-10-10 19:00:00+00:00,21.24,21.24,21.09,21.105,0.0,21.48117526617526,21.48117526617526,21.48117526617526,,21.3310653023379,21.272278064943666,21.125688950874142,21.123280910980622,21.086430698785062,21.07610057460232,21.05740656029667,21.05740656029667,21.043138711833656,20.91993715238276,20.907746914292304,20.835935817317136,20.864545446411398,20.885872623592892,20.88040316057716,20.87876065815752,20.767009341888045,20.66603509808415,20.665355669626916,20.59232266628559,20.316943113438402,20.315402550399966,20.179626680696835,19.807200887618766,21.3310653023379,21.125688950874142,21.05740656029667,20.88040316057716,20.66603509808415,20.316943113438402,21.48117526617526,20.818995588155023,"rgba(239, 83, 80, 1.0)",0.3085900513946275,21.270610425203095,-0.536668063194659,23.025006406824854,-17.033896449208115,False,True,False,True,False,0.0,0.0,0.0,0.0,0.0,0,0.8825214899713456,1.0066857688634208,False,False,False,False,-0.029397809481760503,0.01802011151675783,False,False,False,False,-3049.0,-4353.317442799561,False,False,False,False,137.12732214865346,False,False,False,False
2025-10-13 14:00:00+00:00,21.105,21.105,21.105,21.105,0.0,21.48117526617526,21.48117526617526,21.48117526617526,,21.3310653023379,21.272278064943666,21.125688950874142,21.123280910980622,21.086430698785062,21.07610057460232,21.05740656029667,21.05740656029667,21.043138711833656,20.91993715238276,20.907746914292304,20.835935817317136,20.864545446411398,20.885872623592892,20.88040316057716,20.87876065815752,20.767009341888045,20.66603509808415,20.665355669626916,20.59232266628559,20.316943113438402,20.315402550399966,20.179626680696835,19.807200887618766,21.3310653023379,21.125688950874142,21.05740656029667,20.88040316057716,20.66603509808415,20.316943113438402,21.48117526617526,20.818995588155023,"rgba(239, 83, 80, 1.0)",0.30630444726502626,21.270610425203095,-0.5406726108021623,20.225032535635776,-19.759200481273638,False,True,False,True,False,0.0,0.0,0.0,0.0,0.0,0,0.8999028182701644,1.0340136054421778,False,False,False,False,-0.06980785679685707,-0.02589387264004962,False,False,False,False,-3049.0,-4333.095466942203,False,False,False,False,135.0013171541007,False,False,False,False
2025-10-13 15:00:00+00:00,21.105,21.105,21.105,21.105,0.0,21.48117526617526,21.48117526617526,21.48117526617526,,21.3310653023379,21.272278064943666,21.125688950874142,21.123280910980622,21.086430698785062,21.07610057460232,21.05740656029667,21.05740656029667,21.043138711833656,20.91993715238276,20.907746914292304,20.835935817317136,20.864545446411398,20.885872623592892,20.88040316057716,20.87876065815752,20.767009341888045,20.66603509808415,20.665355669626916,20.59232266628559,20.316943113438402,20.315402550399966,20.179626680696835,19.807200887618766,21.3310653023379,21.125688950874142,21.05740656029667,20.88040316057716,20.66603509808415,20.316943113438402,21.48117526617526,20.818995588155023,"rgba(239, 83, 80, 1.0)",0.3039791214972255,21.270610425203095,-0.5448085525985921,18.35838328817639,-21.792026786271627,False,True,False,True,False,0.0,0.0,0.0,0.0,0.0,0,0.8997078870496583,1.0185004868549183,False,False,False,False,-0.06980785679685707,-0.047850864718453345,False,False,False,False,-3049.0,-4313.187010090385,False,False,False,False,132.90827347729294,False,False,False,False
2025-10-13 16:00:00+00:00,21.105,21.105,21.105,21.105,0.0,21.48117526617526,21.48117526617526,21.48117526617526,,21.3310653023379,21.272278064943666,21.125688950874142,21.123280910980622,21.086430698785062,21.07610057460232,21.05740656029667,21.05740656029667,21.043138711833656,20.91993715238276,20.907746914292304,20.835935817317136,20.864545446411398,20.885872623592892,20.88040316057716,20.87876065815752,20.767009341888045,20.66603509808415,20.665355669626916,20.59232266628559,20.316943113438402,20.315402550399966,20.179626680696835,19.807200887618766,21.3310653023379,21.125688950874142,21.05740656029667,20.88040316057716,20.66603509808415,20.316943113438402,21.48117526617526,20.818995588155023,"rgba(239, 83, 80, 1.0)",0.3016131553752488,21.270610425203095,-0.5490822341520633,17.1139504565368,-23.41235324859405,False,True,False,True,False,0.0,0.0,0.0,0.0,0.0,0,0.8956262425447303,1.0397614314115322,False,False,False,False,-0.06980785679685707,-0.05882936075765521,False,False,False,False,-3049.0,-4293.587211484332,False,False,False,False,130.84768009004807,False,False,False,False
2025-10-13 17:00:00+00:00,21.105,21.345,21.105,21.345,0.0,21.48117526617526,21.48117526617526,21.48117526617526,,21.3310653023379,21.272278064943666,21.125688950874142,21.123280910980622,21.086430698785062,21.07610057460232,21.05740656029667,21.05740656029667,21.043138711833656,20.91993715238276,20.907746914292304,20.835935817317136,20.864545446411398,20.885872623592892,20.88040316057716,20.87876065815752,20.767009341888045,20.66603509808415,20.665355669626916,20.59232266628559,20.316943113438402,20.315402550399966,20.179626680696835,19.807200887618766,21.3310653023379,21.125688950874142,21.05740656029667,20.88040316057716,20.66603509808415,20.316943113438402,21.48117526617526,20.818995588155023,"rgba(239, 83, 80, 0.75)",0.2966163232918263,21.270610425203095,0.25079393464032385,28.281875842620092,-31.68909321542561,False,True,False,True,True,2.4378499946570855,0.0,0.0,0.0,0.0,0,0.8880455407969632,0.984819734345352,False,False,False,False,0.010916429446113353,-0.023956465655770927,False,False,False,False,-3049.0,-4274.291285724885,False,False,False,False,128.8190338871016,False,False,False,False
2025-10-13 18:00:00+00:00,21.345,21.36,21.305,21.305,220.0,21.462384559884555,21.462384559884555,21.462384559884555,21.323333333333334,21.330899928705684,21.273155920281358,21.127657431300644,21.12526439527093,21.088464515205906,21.078171279552286,21.059530421839835,21.059530421839835,21.045328821146875,20.92202965355717,20.909845594705228,20.838033955569465,20.865896104591258,20.886820058212976,20.881249041513684,20.879608270502946,20.767860658797474,20.666905702256113,20.666226649337954,20.59320557303192,20.317957299057763,20.316417828101542,20.18072880712513,19.808484430437208,21.330899928705684,21.127657431300644,21.059530421839835,20.881249041513684,20.666905702256113,20.317957299057763,21.462384559884555,20.840504243810983,"rgba(239, 83, 80, 0.75)",0.2907235769560421,21.280082821901498,0.08570745571924873,34.49113862916945,-26.020172513642358,False,True,False,True,True,0.9578912797546799,0.0,0.0,0.0,0.0,0,0.9267605633802808,0.9821596244131464,False,False,False,False,0.08332201763498116,0.029682775989605118,False,False,False,False,-3269.0,-4258.705374318297,False,False,False,False,130.23269227644886,False,False,False,False
2025-10-13 19:00:00+00:00,21.305,21.345,21.305,21.31,500.0,21.43206416808631,21.43206416808631,21.43206416808631,21.321018518518517,21.33039464738241,21.27491763820985,21.1319148700695,21.129555805309472,21.092895646737603,21.082688571748793,21.064174035513087,21.064174035513087,21.050123053829502,20.92666670550584,20.914499565036497,20.84270362619333,20.868914248494598,20.888941804384093,20.8831451294595,20.88150831248024,20.769774261150065,20.66886579270661,20.66818760073108,20.59519514447409,20.320247064791673,20.318710074551873,20.183218473193477,19.811387105075145,21.33039464738241,21.1319148700695,21.064174035513087,20.8831451294595,20.66886579270661,20.320247064791673,21.43206416808631,20.8433528692424,"rgba(239, 83, 80, 0.75)",0.28453909308812486,21.27370779693523,0.12754733513376318,38.81109432914405,-22.057578872203052,False,True,False,True,True,1.1379448091331525,0.0,0.0,0.0,0.0,0,0.9273066169617885,0.9850885368126757,False,False,False,False,0.07825088660595383,0.053966831297779475,False,False,False,False,-2769.0,-4235.609166964525,False,False,False,False,135.96551875278297,False,False,False,False
2025-10-14 14:00:00+00:00,21.31,21.31,21.12,21.18,2000.0,21.32685219257896,21.32685219257896,21.32685219257896,21.234485294117647,21.310519578705875,21.26555715375395,21.13772384670652,21.13553235583998,21.10074871411979,21.09107629112061,21.073437118640307,21.073437118640307,21.06012176684287,20.93898709327871,20.927039835015737,20.85615845241204,20.87757470207651,20.894983090093284,20.888585926813324,20.88696806344899,20.775702584998687,20.67520593364098,20.674532023695217,20.60178203746529,20.328245708583747,20.326719048955532,20.192058290005782,19.821997826191893,21.310519578705875,21.13772384670652,21.073437118640307,20.888585926813324,20.67520593364098,20.328245708583747,21.32685219257896,20.845967194206548,"rgba(239, 83, 80, 0.75)",0.27817961985166645,21.238910839963374,-0.211772666864623,38.05737975278615,-22.057578872203052,False,True,False,True,True,0.0,0.0,0.0,0.0,0.0,0,0.8964896489648958,0.9918991899189928,False,False,False,False,0.00419846393607403,0.029082647616926752,False,False,False,False,-4769.0,-4243.878792282904,False,False,False,False,164.86527815196462,False,False,False,False
2025-10-14 15:00:00+00:00,21.18,21.26,21.17,21.26,1500.0,21.302009803921568,21.302009803921568,21.302009803921568,21.232890995260664,21.302065192029495,21.262381462736926,21.14302930992628,21.14094308042817,21.107292862125608,21.09796120086783,21.08088162260403,21.08088162260403,21.068048642651235,20.948392405699675,20.936593924103853,20.866334518927154,20.884289355468336,20.89974270938899,20.89288228089163,20.891277870843467,20.780314210886075,20.68009835506592,20.679427509919833,20.60684420175021,20.334330174067034,20.332811102418386,20.198760453436652,19.83000190121752,21.302065192029495,21.14302930992628,21.08088162260403,20.89288228089163,20.68009835506592,20.334330174067034,21.302009803921568,20.85113907861276,"rgba(239, 83, 80, 0.75)",0.2690282312120894,21.231214059918685,0.10699970018619849,40.45713702694915,-20.007702969031556,False,True,False,True,True,0.0,0.0,0.0,0.0,0.0,0,0.9065836298932378,1.0053380782918158,False,False,False,False,0.004198463936076453,0.016640555776501604,False,False,False,False,-3269.0,-4228.764392402549,False,False,False,False,185.56504128139153,False,False,False,False
2025-10-14 16:00:00+00:00,21.26,21.34,21.26,21.34,1400.0,21.304197019867548,21.304197019867548,21.304197019867548,21.252930011862396,21.303070891240598,21.26630191444536,21.151702802333055,21.149691000036245,21.116590117965572,21.107482815970354,21.090759373925007,21.090759373925007,21.078285289850747,20.959078369447,20.94736560127982,20.877409419648647,20.891785537487472,20.905155136581875,20.897763179351966,20.89616964704585,20.785316837280828,20.685267680478308,20.684599296029106,20.612117886157204,20.340456903089887,20.338944623665533,20.20543739837399,19.83783051100906,21.303070891240598,21.151702802333055,21.090759373925007,20.897763179351966,20.685267680478308,20.340456903089887,21.304197019867548,20.858890864739237,"rgba(239, 83, 80, 0.75)",0.2598806552147941,21.235538753260048,0.4019585322871123,44.49724447290772,-15.778184218286654,False,True,False,True,True,2.1268221832751024,0.0,0.0,0.0,0.0,0,0.9292035398230089,0.990265486725665,False,False,False,False,0.06137461702160394,0.039007586399052774,False,False,False,False,-1869.0,-4192.1788979466955,False,False,False,False,204.39349025377305,False,False,False,False
2025-10-14 17:00:00+00:00,21.34,21.34,21.34,21.34,500.0,21.306507485802786,21.306507485802786,21.306507485802786,21.26004357298475,21.304211664401336,21.268272978514755,21.15506657377303,21.153078607283987,21.120133381970433,21.111097035263878,21.094485389383884,21.094485389383884,21.08212883549707,20.9630206780924,20.951334411536774,20.881466804663834,20.89456502416418,20.90717802836469,20.899589110287184,20.897999271717932,20.787169894944572,20.68717099423638,20.68650344571118,20.61405321783277,20.342685946297138,20.341176054056636,20.20785960717336,19.84065662399754,21.304211664401336,21.15506657377303,21.094485389383884,20.899589110287184,20.68717099423638,20.342685946297138,21.306507485802786,20.861817301661343,#000000,0.2559925569017673,21.237865728311828,0.39897359878070265,47.19064943688009,-12.82187936800048,False,True,False,False,True,2.1268221832751024,0.0,0.0,0.0,0.0,0,0.9407079646017696,0.990265486725665,False,False,False,False,0.08839742789836492,0.06370250714870884,False,False,False,False,-1869.0,-4156.16062045915,False,False,False,False,208.97653691650524,False,False,False,False
2025-10-14 18:00:00+00:00,21.34,21.34,21.34,21.34,0.0,21.306507485802786,21.306507485802786,21.306507485802786,21.26004357298475,21.304211664401336,21.268272978514755,21.15506657377303,21.153078607283987,21.120133381970433,21.111097035263878,21.094485389383884,21.094485389383884,21.08212883549707,20.9630206780924,20.951334411536774,20.881466804663834,20.89456502416418,20.90717802836469,20.899589110287184,20.897999271717932,20.787169894944572,20.68717099423638,20.68650344571118,20.61405321783277,20.342685946297138,20.341176054056636,20.20785960717336,19.84065662399754,21.304211664401336,21.15506657377303,21.094485389383884,20.899589110287184,20.68717099423638,20.342685946297138,21.306507485802786,20.861817301661343,#000000,0.24898845807018277,21.237865728311828,0.4101968118513476,48.986252746195014,-10.637079310181,False,False,False,False,True,2.1268221832751024,0.0,0.0,0.0,0.0,0,0.9407079646017696,0.990265486725665,False,False,False,False,0.08839742789836492,0.07604996752353688,False,False,False,False,-1869.0,-4120.700765878388,False,False,False,False,205.7365906077222,False,False,False,False
2025-10-14 19:00:00+00:00,21.34,21.34,21.185,21.23,1168.0,21.299323313892625,21.299323313892625,21.299323313892625,21.25870106110501,21.30067515654412,21.267296480894124,21.15893627602291,21.15701444668512,21.12483243612487,21.116022348882552,21.09978924712544,21.09978924712544,21.087752172431415,20.969834310158987,20.958262463874018,20.8888995656708,20.899664168612546,20.9108813549442,20.902952459235397,20.901372538611888,20.790766753958536,20.69097850232341,20.690313256303426,20.617989040917333,20.347396673129918,20.345892534016933,20.213039438949508,19.846830658514822,21.30067515654412,21.15893627602291,21.09978924712544,20.902952459235397,20.69097850232341,20.347396673129918,21.299323313892625,20.86583530368651,"rgba(239, 83, 80, 0.75)",0.24148336633426895,21.23624434190007,-0.02585826922515373,46.54691918357121,-10.637079310181,False,True,False,True,True,0.0,0.0,0.0,0.0,0.0,0,0.9152981849611057,0.9939498703543659,False,False,False,False,0.03612253611821681,0.05608625182087684,False,False,False,False,-3037.0,-4103.899203616707,False,False,False,False,220.6554031564397,False,False,False,False
2025-10-15 14:00:00+00:00,21.23,21.36,21.23,21.36,0.0,21.299323313892625,21.299323313892625,21.299323313892625,21.25870106110501,21.30067515654412,21.267296480894124,21.15893627602291,21.15701444668512,21.12483243612487,21.116022348882552,21.09978924712544,21.09978924712544,21.087752172431415,20.969834310158987,20.958262463874018,20.8888995656708,20.899664168612546,20.9108813549442,20.902952459235397,20.901372538611888,20.790766753958536,20.69097850232341,20.690313256303426,20.617989040917333,20.347396673129918,20.345892534016933,20.213039438949508,19.846830658514822,21.30067515654412,21.15893627602291,21.09978924712544,20.902952459235397,20.69097850232341,20.347396673129918,21.299323313892625,20.86583530368651,#000000,0.23320423713159721,21.23624434190007,0.5306749981137594,49.12482315986344,-9.747228659829837,False,False,False,False,True,2.6343649708436487,0.0,0.0,0.0,0.0,0,0.9252971137521224,0.9906621392190165,False,False,False,False,0.05800385468994222,0.05704505325540953,False,False,False,False,-3037.0,-4087.3581306924175,False,False,False,False,217.23438915401425,False,False,False,False
2025-10-15 15:00:00+00:00,21.36,21.36,21.36,21.36,0.0,21.299323313892625,21.299323313892625,21.299323313892625,21.25870106110501,21.30067515654412,21.267296480894124,21.15893627602291,21.15701444668512,21.12483243612487,21.116022348882552,21.09978924712544,21.09978924712544,21.087752172431415,20.969834310158987,20.958262463874018,20.8888995656708,20.899664168612546,20.9108813549442,20.902952459235397,20.901372538611888,20.790766753958536,20.69097850232341,20.690313256303426,20.617989040917333,20.347396673129918,20.345892534016933,20.213039438949508,19.846830658514822,21.30067515654412,21.15893627602291,21.09978924712544,20.902952459235397,20.69097850232341,20.347396673129918,21.299323313892625,20.86583530368651,#000000,0.22453792392197974,21.23624434190007,0.551157042597991,50.84342581072492,-7.614439790612579,False,False,False,False,True,2.6343649708436274,0.0,0.0,0.0,0.0,0,0.9514066496163681,0.9863597612958236,False,False,False,False,0.10195481289193033,0.07949993307366993,False,False,False,False,-3037.0,-4071.0735085111396,False,False,False,False,213.86641412837062,False,False,False,False
2025-10-15 16:00:00+00:00,21.36,21.36,21.31,21.31,0.0,21.299323313892625,21.299323313892625,21.299323313892625,21.25870106110501,21.30067515654412,21.267296480894124,21.15893627602291,21.15701444668512,21.12483243612487,21.116022348882552,21.09978924712544,21.09978924712544,21.087752172431415,20.969834310158987,20.958262463874018,20.8888995656708,20.899664168612546,20.9108813549442,20.902952459235397,20.901372538611888,20.790766753958536,20.69097850232341,20.690313256303426,20.617989040917333,20.347396673129918,20.345892534016933,20.213039438949508,19.846830658514822,21.30067515654412,21.15893627602291,21.09978924712544,20.902952459235397,20.69097850232341,20.347396673129918,21.299323313892625,20.86583530368651,#000000,0.21428599227760894,21.23624434190007,0.34419262461346234,50.26615535755842,-7.614439790612579,False,False,False,False,True,0.9042201899136373,0.0,0.0,0.0,0.0,0,0.9537671232876705,0.9820205479452065,False,False,False,False,0.08501333241647757,0.08225663274507375,False,False,False,False,-3037.0,-4055.0413610923624,False,False,False,False,210.55065576979123,False,False,False,False
2025-10-15 17:00:00+00:00,21.31,21.31,21.24,21.24,100.0,21.29892413487134,21.29892413487134,21.29892413487134,21.258763761053963,21.30046121232955,21.26727662842926,21.159293103644714,21.157376605238955,21.125254772214426,21.11646293803898,21.100260365654588,21.100260365654588,21.088249372298048,20.97042628075837,20.958863790169445,20.889542105684637,20.900108225372524,20.911205451697633,20.903246967455832,20.90166787697799,20.79107984673316,20.691308835355287,20.690643782517924,20.618329917581807,20.347802894899853,20.346299244304955,20.21348548422716,19.847361116312264,21.30046121232955,21.159293103644714,21.100260365654588,20.903246967455832,20.691308835355287,20.347802894899853,21.29892413487134,20.86620123778424,"rgba(239, 83, 80, 0.5)",0.21164729286359746,21.2362068970318,0.017921811882771477,47.746224548925525,-7.614439790612579,False,False,False,True,True,0.0,0.0,0.0,0.0,0.0,0,0.942078364565587,0.9897785349233404,False,False,False,False,0.04453319483281463,0.06339491378894418,False,False,False,False,-3137.0,-4040.8081616955815,False,False,False,False,208.8366921144456,False,False,False,False
2025-10-15 18:00:00+00:00,21.24,21.28,21.24,21.28,60.0,21.298710885852795,21.298710885852795,21.298710885852795,21.258827425707125,21.300345437935366,21.26727480064592,21.15951285374811,21.157599517285924,21.125513027333046,21.11673199980096,21.10054748758651,21.10054748758651,21.088551996758444,20.970784347300565,20.95922738697589,20.88993000079999,20.900376579588485,20.911401461888868,20.903425075078765,20.901846479853432,20.791268827886153,20.691508006107966,20.690843068513388,20.618535326866603,20.348047341825662,20.346543983820556,20.213753778743932,19.8476799491315,21.300345437935366,21.15951285374811,21.10054748758651,20.903425075078765,20.691508006107966,20.348047341825662,21.298710885852795,20.866424945950783,"rgba(239, 83, 80, 0.5)",0.20766858992913628,21.236198168233972,0.2109217950628711,47.54362694608677,-7.614439790612579,False,False,False,True,True,0.0,0.0,0.0,0.0,0.0,1,0.9462915601023014,0.9948849104859345,False,False,False,False,0.034441055201717585,0.048917984495330885,False,False,False,False,-3077.0,-4025.865399498751,False,False,False,False,206.52914650026815,False,False,False,False
2025-10-15 19:00:00+00:00,21.28,21.31,21.28,21.3,300.0,21.298645477815697,21.298645477815697,21.298645477815697,21.260292548614697,21.300283484899516,21.267708671620003,21.16090212828218,21.15900343237877,21.127061742172884,21.1183292893426,21.102224962460323,21.102224962460323,21.090302134140643,20.972741990388467,20.961208710912775,20.89201106297825,20.90182189155128,20.912460765534153,20.90438633443878,20.90281009833115,20.79227097172193,20.692553630600653,20.691889239376966,20.619607872598813,20.34930747987856,20.34780556588297,20.215131366928443,19.849305625157367,21.300283484899516,21.16090212828218,21.102224962460323,20.90438633443878,20.692553630600653,20.34930747987856,21.298645477815697,20.867745838506103,#000000,0.20293288732156975,21.236714756587425,0.31185306752322206,48.143318320439136,-7.614439790612579,False,False,False,False,True,0.5841142362893557,0.0,0.0,0.0,0.0,0,0.9532710280373833,0.9838572642310973,False,False,False,False,0.05800385468994222,0.053460919592636554,False,False,False,False,-2777.0,-4006.503145242956,False,False,False,False,207.97830701964384,False,False,False,False
2025-10-16 14:00:00+00:00,21.3,21.465,21.3,21.465,0.0,21.298645477815697,21.298645477815697,21.298645477815697,21.260292548614697,21.300283484899516,21.267708671620003,21.16090212828218,21.15900343237877,21.127061742172884,21.1183292893426,21.102224962460323,21.102224962460323,21.090302134140643,20.972741990388467,20.961208710912775,20.89201106297825,20.90182189155128,20.912460765534153,20.90438633443878,20.90281009833115,20.79227097172193,20.692553630600653,20.691889239376966,20.619607872598813,20.34930747987856,20.34780556588297,20.215131366928443,19.849305625157367,21.300283484899516,21.16090212828218,21.102224962460323,20.90438633443878,20.692553630600653,20.34930747987856,21.298645477815697,20.867745838506103,"rgba(38, 166, 154, 1.0)",0.1980410140429373,21.236714756587425,1.1527169991317077,53.254727451540305,-3.0256342799970284,True,False,True,False,True,5.790656589253079,0.0,0.0,0.0,0.0,0,0.9649999999999997,0.9575000000000012,False,False,False,False,0.11725189995548674,0.08535640977406164,False,False,False,False,-2777.0,-3987.4410809756237,False,False,False,False,204.75383714337028,False,False,False,False
2025-10-16 15:00:00+00:00,21.465,21.465,21.39,21.42,100.0,21.29997889404812,21.29997889404812,21.29997889404812,21.262391267414205,21.300979680696663,21.26847883921722,21.1617908380164,21.159895529395982,21.12795768930053,21.119234056153804,21.10314261481018,21.10314261481018,21.091237723859038,20.973645783373303,20.962114677136842,20.89291852532888,20.90245714794533,20.912930085127286,20.904810193741344,20.90323458084726,20.79268890430113,20.692975240704726,20.692310989150084,20.62003225681804,20.349783582739146,20.348282124676313,20.215644179580213,19.849894682995988,21.300979680696663,21.1617908380164,21.10314261481018,20.904810193741344,20.692975240704726,20.349783582739146,21.29997889404812,20.868478952325603,"rgba(38, 166, 154, 1.0)",0.1926301595760372,21.26853818057635,0.7862829982439231,54.993724094914015,-1.1408378929158545,True,False,True,False,True,4.247633077158195,0.0,0.0,0.0,0.0,0,0.9834024896265557,0.9543568464730303,False,False,False,False,0.14801812034528383,0.11668726505967274,False,False,False,False,-2877.0,-3970.2249401853037,False,False,False,False,203.12974664502343,False,False,False,False
2025-10-16 16:00:00+00:00,21.42,21.42,21.28,21.335,200.0,21.300909466721784,21.300909466721784,21.300909466721784,21.264444168323394,21.301465717124877,21.269220934555268,21.163015620995868,21.161128860312488,21.129255246009443,21.12055839077088,21.1045100450425,21.1045100450425,21.092648533199903,20.975124104299365,20.963604706218092,20.894452721123063,20.903529238384795,20.913719910305968,20.905525792441235,20.903951627738383,20.793417570940132,20.693725013319856,20.693061094319255,20.62079546511283,20.350663771666444,20.34916325577421,20.21660074197046,19.85101170864244,21.301465717124877,21.163015620995868,21.1045100450425,20.905525792441235,20.693725013319856,20.350663771666444,21.300909466721784,20.869564171345345,"rgba(38, 166, 154, 1.0)",0.18869931751954833,21.2639746356394,0.3763943892019802,53.35566032592566,-1.1408378929158545,True,False,True,False,True,1.4339320805587548,0.0,0.0,0.0,0.0,0,0.962692619626926,0.9578264395782652,False,False,False,False,0.09517176027984757,0.10592951266976015,False,False,False,False,-3077.0,-3956.3764915002603,False,False,False,False,203.0812234412246,False,False,False,False
2025-10-16 17:00:00+00:00,21.335,21.35,21.33,21.345,18.0,21.30098514545079,21.30098514545079,21.30098514545079,21.264616497231177,21.301505625413636,21.26928411091194,21.163123044373922,21.161237056767106,21.129369472992348,21.120675060338677,21.1046306604129,21.1046306604129,21.092773069941465,20.975255382227704,20.963737073129607,20.894589270366847,20.90362474518115,20.913790304647534,20.905589594592776,20.904015560929178,20.79348266089761,20.693792063346073,20.693128174484627,20.62086375925236,20.350742647004644,20.349242215975565,20.216686499030267,19.851111934964923,21.301505625413636,21.163123044373922,21.1046306604129,20.905589594592776,20.693792063346073,20.350742647004644,21.30098514545079,20.869659885793077,"rgba(38, 166, 154, 1.0)",0.1861360298854907,21.263869800562507,0.4358651008480348,52.573822011313425,-1.1408378929158545,True,False,True,False,True,1.746163796769995,0.0,0.0,0.0,0.0,0,0.9707792207792202,0.9732142857142864,False,False,False,False,0.08839742789836492,0.09716347028406254,False,False,False,False,-3059.0,-3942.463677678551,False,False,False,False,200.2117471088025,False,False,False,False
2025-10-16 18:00:00+00:00,21.345,21.345,21.345,21.345,0.0,21.30098514545079,21.30098514545079,21.30098514545079,21.264616497231177,21.301505625413636,21.26928411091194,21.163123044373922,21.161237056767106,21.129369472992348,21.120675060338677,21.1046306604129,21.1046306604129,21.092773069941465,20.975255382227704,20.963737073129607,20.894589270366847,20.90362474518115,20.913790304647534,20.905589594592776,20.904015560929178,20.79348266089761,20.693792063346073,20.693128174484627,20.62086375925236,20.350742647004644,20.349242215975565,20.216686499030267,19.851111934964923,21.301505625413636,21.163123044373922,21.1046306604129,20.905589594592776,20.693792063346073,20.350742647004644,21.30098514545079,20.869659885793077,#000000,0.1818796255717186,21.263869800562507,0.4460653532932474,52.0525964682386,-1.1408378929158545,True,False,False,False,False,1.746163796769995,0.0,0.0,0.0,0.0,0,0.9827160493827154,0.9736625514403303,False,False,False,False,0.09178354400928013,0.09447350714667133,False,False,False,False,-3059.0,-3928.766566396713,False,False,False,False,197.1076890140924,False,False,False,False
2025-10-16 19:00:00+00:00,21.345,21.345,21.235,21.255,100.0,21.30075386290926,21.30075386290926,21.30075386290926,21.264784472201814,21.301378528594412,21.2693277405461,21.163506631152547,21.161625629113434,21.129813187576946,21.121135874277808,21.10512007400729,21.10512007400729,21.093287201226495,20.975857228907685,20.96434780920579,20.895239111291737,20.904077976010484,20.914123138586824,20.90589228145683,20.904319055263684,20.793802245028463,20.694127921674994,20.693464221180953,20.62120961929964,20.35115262277814,20.349652675308004,20.217135880960246,19.851644854101618,21.301378528594412,21.163506631152547,21.10512007400729,20.90589228145683,20.694127921674994,20.35115262277814,21.30075386290926,20.870045842150372,"rgba(239, 83, 80, 0.5)",0.17784338691719853,21.26168045000805,-0.037563668370541294,48.72695531676521,3.960291157413849,False,False,False,True,False,0.0,0.0,0.0,0.0,0.0,0,0.9666937449228266,0.963444354183592,False,False,False,False,0.05463440845705875,0.07455395780186504,False,False,False,False,-3159.0,-3916.8322010262214,False,False,False,False,195.6021434479824,False,False,False,False
2025-10-17 14:00:00+00:00,21.25,21.26,21.25,21.26,200.0,21.299871589620437,21.299871589620437,21.299871589620437,21.26459040561001,21.30089337384259,21.269206819158587,21.164122870845052,21.162252238887977,21.130564422203797,21.121923546334234,21.10596926482125,21.10596926482125,21.094187561997135,20.97696806967575,20.965478395957007,20.896459078737138,20.90492886877828,20.914747494539473,20.906461050981676,20.90488949240169,20.794411625952595,20.69477361248213,20.69411030300251,20.621877477486965,20.35195235256453,20.350453379768183,20.21801517753173,19.852693330895615,21.30089337384259,21.164122870845052,21.10596926482125,20.906461050981676,20.69477361248213,20.35195235256453,21.299871589620437,20.870715979171088,"rgba(239, 83, 80, 0.5)",0.17428727450380294,21.25849308061277,0.008646181377971171,46.71893700739969,1.8767565778356925,False,False,False,True,False,0.0,0.0,0.0,0.0,0.0,0,0.9649837133550488,0.9804560260586329,False,False,False,False,0.031078667800795937,0.052816312801330485,False,False,False,False,-2959.0,-3901.982089382404,False,False,False,False,195.6703272704943,False,False,False,False
2025-10-17 15:00:00+00:00,21.26,21.27,21.215,21.27,100.0,21.29939402945644,21.29939402945644,21.29939402945644,21.264437751004017,21.300627743003094,21.269123457376867,21.164411460908745,21.16254602705219,21.130921951267513,21.122299471696653,21.10637633176874,21.10637633176874,21.09462029200557,20.977510330714463,20.966030765667515,20.897057554926533,20.905346751029427,20.915054267165626,20.906740694236312,20.905169974764643,20.794712425910962,20.695093034460623,20.694429922114466,20.622208254331756,20.35234948099432,20.350850996085082,20.218452154478765,19.853215117811445,21.300627743003094,21.164411460908745,21.10637633176874,20.906740694236312,20.695093034460623,20.35234948099432,21.29939402945644,20.871038501701765,"rgba(239, 83, 80, 0.5)",0.17077130273482,21.257424612373356,0.07363876380430968,45.83451725076377,0.8261356011098329,False,False,False,True,False,0.0,0.0,0.0,0.0,0.0,0,0.9602595296025951,0.9789132197891335,False,False,False,False,0.022675605501602702,0.03774595915146659,False,False,False,False,-2859.0,-3885.8118244307384,False,False,False,False,194.18706638257964,False,False,False,False
2025-10-17 16:00:00+00:00,21.27,21.32,21.27,21.32,200.0,21.299470565377888,21.299470565377888,21.299470565377888,21.265335410416185,21.30065663036515,21.269445569103777,21.165321379837348,21.16346515423535,21.131933992721294,21.123342503769,21.107470780543824,21.107470780543824,21.095761049774083,20.978791635534233,20.96732780886094,20.898421995343,20.906303737100494,20.915760055865064,20.907382196341686,20.905813024214833,20.79538072744555,20.695789982277645,20.69512723025127,20.622922982348463,20.3531882575173,20.35169072766332,20.21936864825594,19.85429603720046,21.30065663036515,21.165321379837348,21.107470780543824,20.907382196341686,20.695789982277645,20.3531882575173,21.299470565377888,20.8719107319012,"rgba(239, 83, 80, 0.5)",0.16792686632085393,21.257590009567238,0.37164982471308,47.444993554687905,0.8261356011098329,False,False,False,True,False,0.9701393197374344,0.0,0.0,0.0,0.0,0,0.967015285599356,0.9686242960579254,False,False,False,False,0.05800385468994222,0.04787490692070441,False,False,False,False,-2659.0,-3866.7914860674714,False,False,False,False,194.27718938440012,False,False,False,False
2025-10-17 17:00:00+00:00,21.32,21.35,21.26,21.27,958.0,21.298948038867163,21.298948038867163,21.298948038867163,21.268122402327513,21.300300321652276,21.270476447888043,21.169215434117636,21.16740316947847,21.136347939861068,21.127907871006325,21.112289625620207,21.112289625620207,21.10080164225477,20.98460703900983,20.97322396118484,20.90467426871591,20.910710739741443,20.919019191782663,20.910349550171354,20.908787882430257,20.79849514594801,20.699051748698032,20.698390754850944,20.626275821565624,20.357143494954915,20.355650543723197,20.223696964852653,19.859415797031467,21.300300321652276,21.169215434117636,21.112289625620207,20.910349550171354,20.699051748698032,20.357143494954915,21.298948038867163,20.875785895379508,"rgba(239, 83, 80, 0.5)",0.1659035321561641,21.257712806191666,0.07406227973957584,46.53941367160343,0.8261356011098329,False,False,False,True,False,0.0,0.0,0.0,0.0,0.0,0,0.9657097288676235,0.9696969696969705,False,False,False,False,0.06474677286740041,0.05631083989405241,False,False,False,False,-3617.0,-3862.918749849371,False,False,False,False,206.11785311487452,False,False,False,False
2025-10-17 18:00:00+00:00,21.27,21.27,21.27,21.27,0.0,21.298948038867163,21.298948038867163,21.298948038867163,21.268122402327513,21.300300321652276,21.270476447888043,21.169215434117636,21.16740316947847,21.136347939861068,21.127907871006325,21.112289625620207,21.112289625620207,21.10080164225477,20.98460703900983,20.97322396118484,20.90467426871591,20.910710739741443,20.919019191782663,20.910349550171354,20.908787882430257,20.79849514594801,20.699051748698032,20.698390754850944,20.626275821565624,20.357143494954915,20.355650543723197,20.223696964852653,19.859415797031467,21.300300321652276,21.169215434117636,21.112289625620207,20.910349550171354,20.699051748698032,20.357143494954915,21.298948038867163,20.875785895379508,"rgba(239, 83, 80, 0.5)",0.16405223294745014,21.257712806191666,0.07489805891437895,45.935693749547106,0.3350756667566728,False,False,False,True,False,0.0,0.0,0.0,0.0,0.0,0,0.9617224880382771,0.9824561403508784,False,False,False,False,0.041168242280179006,0.04873954108711571,False,False,False,False,-3617.0,-3859.106056053257,False,False,False,False,202.92222748518654,False,False,False,False
2025-10-17 19:00:00+00:00,21.27,21.44,21.27,21.39,400.0,21.301272742876755,21.301272742876755,21.301272742876755,21.272054735301943,21.301621702339474,21.27217900497072,21.171691855057013,21.169894508173662,21.138948207733556,21.130555524752104,21.115013877733155,21.115013877733155,21.10360390865173,20.987533801899804,20.976172809433688,20.907708203360148,20.912868268408,20.920626760036498,20.911809729899822,20.910250824054412,20.799975038690047,20.700569900664398,20.699909546482438,20.627818664096637,20.358913710894758,20.357422608510227,20.225617083291343,19.86165149380105,21.301621702339474,21.171691855057013,21.115013877733155,20.911809729899822,20.700569900664398,20.358913710894758,21.301272742876755,20.877977025838796,#000000,0.16134169995402076,21.260677457222787,0.801544441480832,50.36990659612766,-4.136183874802157,True,False,False,False,True,3.2335871636884193,0.0,0.0,0.0,0.0,0,0.962732919254658,0.9565217391304356,False,False,False,False,0.09856215653225692,0.07365084880968631,False,False,False,False,-3217.0,-3849.1509234012683,False,False,False,False,205.97769682650147,False,False,False,False
