date,Open,High,Low,Close,Volume,aVWAP_peak_875,aVWAP_peak_855,aVWAP_peak_798,aVWAP_valley_877,aVWAP_valley_859,aVWAP_valley_819,aVWAP_valley_778,aVWAP_valley_708,aVWAP_valley_663,aVWAP_valley_634,aVWAP_valley_576,aVWAP_valley_528,aVWAP_valley_505,aVWAP_valley_468,aVWAP_valley_448,aVWAP_valley_347,aVWAP_valley_306,aVWAP_valley_276,aVWAP_valley_221,aVWAP_valley_198,aVWAP_valley_135,aVWAP_valley_114,aVWAP_valley_66,aVWAP_OB_bull_778,aVWAP_OB_bull_708,aVWAP_OB_bull_663,aVWAP_OB_bull_347,aVWAP_OB_bull_221,aVWAP_OB_bull_135,Peaks_avg,Valleys_avg,color,StDev,StDev_Mean,StdDev_ZScore,QQEMOD,QQE1_Value,QQE1_Above_Upper,QQE1_Below_Lower,QQE2_Above_Threshold,QQE2_Below_Threshold,QQE2_Above_TL,banker_RSI,OB,OB_High,OB_Low,OB_Mitigated_Index,TTM_squeeze_Active,VI_plus,VI_minus,VI_Regular_Bullish,VI_Regular_Bearish,VI_Hidden_Bullish,VI_Hidden_Bearish,Fisher,Fisher_Signal,Fisher_Regular_Bullish,Fisher_Regular_Bearish,Fisher_Hidden_Bullish,Fisher_Hidden_Bearish,OBV,OBV_Smoothed,OBV_Regular_Bullish,OBV_Regular_Bearish,OBV_Hidden_Bullish,OBV_Hidden_Bearish,Volume_MA,Vol_Regular_Bullish,Vol_Regular_Bearish,Vol_Hidden_Bullish,Vol_Hidden_Bearish
2025-03-20 14:00:00+00:00,226.2,226.72,224.425,226.02,3222.0,,,,,,,,,,,,,,,,,,,,,,,,,,,,,,,,#000000,,,,,,False,False,False,False,False,,0.0,0.0,0.0,0.0,0,,,False,False,False,False,,,False,False,False,False,0.0,0.0,False,False,False,False,3222.0,False,False,False,False
2025-03-20 15:00:00+00:00,226.02,227.03,225.075,225.075,2056.0,,,,,,,,,,,,,,,,,,,,,,,,,,,,,,,,"rgba(239, 83, 80, 0.5)",,,,0.0,,False,False,False,True,False,,0.0,0.0,0.0,0.0,0,,,False,False,False,False,,,False,False,False,False,-2056.0,-31.875968992248062,False,False,False,False,3203.922480620155,False,False,False,False
2025-03-20 16:00:00+00:00,224.965,225.89,223.48,223.605,6444.0,,,,,,,,,,,,,,,,,,,,,,,,,,,,,,,,"rgba(239, 83, 80, 0.5)",,,,0.0,-50.0,False,False,False,True,True,,0.0,0.0,0.0,0.0,0,,,False,False,False,False,,,False,False,False,False,-8500.0,-163.1647136590349,False,False,False,False,3254.1562406105404,False,False,False,False
2025-03-20 17:00:00+00:00,224.0,224.73,222.505,223.42,2716.0,,,,,,,,,,,,,,,,,,,,,,,,,,,,,,,,"rgba(239, 83, 80, 0.5)",,,,0.0,-50.0,False,False,False,True,True,,0.0,0.0,0.0,0.0,0,,,False,False,False,False,,,False,False,False,False,-11216.0,-334.52650104416614,False,False,False,False,3245.8127330041752,False,False,False,False
2025-03-20 18:00:00+00:00,223.59,224.935,222.91,223.21,1799.0,,,,,,,,,,,,,,,,,,,,,,,,,,,,,,,,"rgba(239, 83, 80, 0.5)",,,,0.0,-50.0,False,False,False,True,True,,0.0,0.0,0.0,0.0,0,,,False,False,False,False,,,False,False,False,False,-13015.0,-531.1229894000705,False,False,False,False,3223.38152784132,False,False,False,False
2025-03-20 19:00:00+00:00,222.945,224.34,222.07,222.07,8148.0,,,,,,,,,,,,,,,,,,,,,,,,,,,,,,,,"rgba(239, 83, 80, 0.5)",,,,0.0,-50.0,False,False,False,True,True,,0.0,0.0,0.0,0.0,0,,,False,False,False,False,,,False,False,False,False,-21163.0,-850.9970515799143,False,False,False,False,3299.732201828276,False,False,False,False
2025-03-21 14:00:00+00:00,216.29,218.81,215.29,217.795,1863.0,,,,,,,,,,,,,,,,,,,,,,,,,,,,,,,,"rgba(239, 83, 80, 0.5)",,,,0.0,-50.0,False,False,False,True,True,,0.0,0.0,0.0,0.0,0,,,False,False,False,False,,,False,False,False,False,-23026.0,-1194.7955469042568,False,False,False,False,3277.4572839704733,False,False,False,False
2025-03-21 15:00:00+00:00,218.36,218.36,215.29,216.21,1750.0,,,,,,,,,,,,,,,,,,,,,,,,,,,,,,,,"rgba(239, 83, 80, 0.5)",,,,0.0,-50.0,False,False,False,True,True,,0.0,0.0,0.0,0.0,0,,,False,False,False,False,,,False,False,False,False,-24776.0,-1560.3956159445008,False,False,False,False,3253.7757756918613,False,False,False,False
2025-03-21 16:00:00+00:00,216.21,220.36,215.53,220.36,2736.0,,,,,,,,,,,,,,,,,,,,,,,,,,,,,,,,"rgba(239, 83, 80, 0.5)",,,,12.450636542983972,-38.79442711131443,False,False,False,True,True,,0.0,0.0,0.0,0.0,0,,,False,False,False,False,,,False,False,False,False,-22040.0,-1877.9088622089273,False,False,False,False,3245.748244285786,False,False,False,False
2025-03-21 17:00:00+00:00,220.3,221.55,219.265,220.565,2565.0,,,,,,,,,,,,,,,,,,,,,,,,,,,,,,,,"rgba(239, 83, 80, 0.5)",,,,21.175714867005258,-31.688894812274306,False,False,False,True,True,,0.0,0.0,0.0,0.0,0,,,False,False,False,False,,,False,False,False,False,-19475.0,-2150.7319806242926,False,False,False,False,3235.19400794027,False,False,False,False
2025-03-21 18:00:00+00:00,220.55,222.51,220.55,222.055,2534.0,,,,,,,,,,,,,,,,,,,,,,,,,,,,,,,,"rgba(239, 83, 80, 0.5)",,,,29.909160252300154,-24.750719034325662,False,False,False,True,True,,0.0,0.0,0.0,0.0,0,,,False,False,False,False,,,False,False,False,False,-16941.0,-2380.038461544846,False,False,False,False,3224.3227830109636,False,False,False,False
2025-03-21 19:00:00+00:00,222.04,222.04,220.44,220.65,7246.0,,,,,,,,,,,,,,,,,,,,,,,,,,,,,,,,"rgba(239, 83, 80, 0.5)",,,,33.65680667537163,-22.34041463079791,False,False,False,True,True,,0.0,0.0,0.0,0.0,0,,,False,False,False,False,,,False,False,False,False,-24187.0,-2718.130888497639,False,False,False,False,3286.6743677704835,False,False,False,False
2025-03-24 14:00:00+00:00,230.9,233.49,230.515,232.455,9709.0,,,,,,,,,,,,,,,,,,,,,,,,,,,,,,,,#000000,,,,47.021084027934606,-10.928575053752425,False,False,False,False,True,,0.0,0.0,0.0,0.0,0,,,False,False,False,False,,,False,False,False,False,-14478.0,-2900.4544406139544,False,False,False,False,3386.2453078050494,False,False,False,False
2025-03-24 15:00:00+00:00,232.2,234.36,231.98,233.92,2590.0,,,,,,,,,,,,,,,,,,,,,,,,,,,,,,,,"rgba(38, 166, 154, 0.5)",,,,56.558720094554204,-3.276276406858507,False,False,True,False,True,,0.0,0.0,0.0,0.0,0,,,False,False,False,False,,,False,False,False,False,-11888.0,-3039.7962322323424,False,False,False,False,3373.9004193119476,False,False,False,False
2025-03-24 16:00:00+00:00,233.92,235.57,232.715,232.8,5879.0,,,,,,,,,,,,,,,,,,,,,,,,,,,,,,,,"rgba(38, 166, 154, 0.5)",,233.695,,61.45113057599025,0.31367693786600626,False,False,True,False,True,,0.0,0.0,0.0,0.0,0,,,False,False,False,False,,,False,False,False,False,-17767.0,-3268.1249728178873,False,False,False,False,3412.7391725009097,False,False,False,False
2025-03-24 17:00:00+00:00,232.74,234.53,232.49,233.81,4417.0,,,,,,,,,,,,,,,,,,,,,,,,,,,,,,,,"rgba(38, 166, 154, 0.5)",,233.65853486790985,,65.24685147880902,3.341751328432494,False,False,True,False,True,,0.0,0.0,0.0,0.0,0,,,False,False,False,False,,,False,False,False,False,-13350.0,-3424.433112774199,False,False,False,False,3428.309107810973,False,False,False,False
2025-03-24 18:00:00+00:00,233.81,235.43,232.87,233.93,4209.0,,,,,,,,,,,,,,,,,,,,,,,,,,,,,,,,"rgba(38, 166, 154, 0.5)",,233.77986659772492,,67.84424833068121,5.664318733291061,False,False,True,False,True,,0.0,0.0,0.0,0.0,0,,,False,False,False,False,,,False,False,False,False,-9141.0,-3513.062056762196,False,False,False,False,3440.4128425735935,False,False,False,False
2025-03-24 19:00:00+00:00,233.52,233.99,231.14,231.7,16451.0,,,,,,,,,,,,,,,,,,,,,,,,,,,,,,,,"rgba(38, 166, 154, 0.5)",,232.98101848860748,,66.3174342415607,5.664318733291061,False,False,True,False,True,,0.0,0.0,0.0,0.0,0,,,False,False,False,False,,,False,False,False,False,-25592.0,-3855.3711721612312,False,False,False,False,3642.1273721460957,False,False,False,False
2025-03-25 14:00:00+00:00,225.19,226.13,224.09,224.765,3530.0,,,,,,,,,,,,,,,,,,,,,,,,,,,,,,,,"rgba(38, 166, 154, 0.5)",,232.16356661640472,,58.57437653061396,5.664318733291061,False,False,True,False,False,,0.0,0.0,0.0,0.0,0,,,False,False,False,False,,,False,False,False,False,-29122.0,-4247.101851662607,False,False,False,False,3640.388963275613,False,False,False,False
2025-03-25 15:00:00+00:00,224.84,225.1,221.92,222.22,5402.0,,,,,,,,,,,,,,,,,,,,,,,,,,,,,,,,#000000,,230.93338644036635,,51.741307500091075,14.272160692678327,False,False,False,False,False,,0.0,0.0,0.0,0.0,0,,,False,False,False,False,,,False,False,False,False,-34524.0,-4716.511125280242,False,False,False,False,3667.7007622945957,False,False,False,False
2025-03-25 16:00:00+00:00,222.22,223.95,222.03,223.23,3018.0,,,,,,,,,,,,,,,,,,,,,,,,,,,,,,,,"rgba(239, 83, 80, 0.5)",,230.3802773116425,,48.205185533687334,10.79169032751853,False,False,False,True,False,,0.0,0.0,0.0,0.0,0,,,False,False,False,False,,,False,False,False,False,-31506.0,-5131.852038066594,False,False,False,False,3657.62788225902,False,False,False,False
2025-03-25 17:00:00+00:00,222.96,223.48,221.22,221.395,1363.0,,,,,,,,,,,,,,,,,,,,,,,,,,,,,,,,"rgba(239, 83, 80, 0.5)",,230.12323160676772,,44.59082237040587,7.0709203136080845,False,False,False,True,False,,0.0,0.0,0.0,0.0,0,,,False,False,False,False,,,False,False,False,False,-32869.0,-5561.8853398019955,False,False,False,False,3622.052256177485,False,False,False,False
2025-03-25 18:00:00+00:00,221.395,221.8,220.23,220.76,4441.0,,,,,,,,,,,,,,,,,,,,,,,,,,,,,,,,"rgba(239, 83, 80, 0.5)",,229.28506405255592,,41.75208656412931,3.9487537858285435,False,False,False,True,False,,0.0,0.0,0.0,0.0,0,,,False,False,False,False,,,False,False,False,False,-37310.0,-6054.10417174305,False,False,False,False,3634.749120422795,False,False,False,False
2025-03-25 19:00:00+00:00,221.07,223.44,220.06,222.8,7662.0,,,,,,,,,,,,,,,,,,,,,,,,,,,,,,,,"rgba(239, 83, 80, 0.5)",,228.30848062868088,,42.21950202516267,3.7936484423353676,False,False,False,True,False,,0.0,0.0,0.0,0.0,0,,,False,False,False,False,,,False,False,False,False,-29648.0,-6419.90100628967,False,False,False,False,3697.1871185557748,False,False,False,False
2025-03-26 14:00:00+00:00,216.6,217.38,212.2,215.43,4646.0,,,,,,,,,,,,,,,,,,,,,,,,,,,,,,,,"rgba(239, 83, 80, 0.5)",,227.29540720224628,,38.066020706426684,-0.8058639161109085,False,False,False,True,False,,0.0,0.0,0.0,0.0,0,,,False,False,False,False,,,False,False,False,False,-34294.0,-6852.057579835566,False,False,False,False,3711.897395787468,False,False,False,False
2025-03-26 15:00:00+00:00,215.54,216.73,214.32,214.54,3553.0,,,,,,,,,,,,,,,,,,,,,,,,,,,,,,,,"rgba(239, 83, 80, 0.5)",,226.62967761585435,,34.895647663781766,-4.389784135004419,False,False,False,True,False,,0.0,0.0,0.0,0.0,0,,,False,False,False,False,,,False,False,False,False,-37847.0,-7332.599322783851,False,False,False,False,3709.4338702713835,False,False,False,False
2025-03-26 16:00:00+00:00,213.99,214.59,210.38,210.55,6666.0,,,,,,,,,,,,,,,,,,,,,,,,,,,,,,,,"rgba(239, 83, 80, 0.5)",,225.24573400526876,,31.168809039875075,-8.437191817368095,False,False,False,True,False,,0.0,0.0,0.0,0.0,0,,,False,False,False,False,,,False,False,False,False,-44513.0,-7909.039643360845,False,False,False,False,3755.2721048408193,False,False,False,False
2025-03-26 17:00:00+00:00,210.365,211.13,208.38,209.05,6784.0,,,,,,,,,,,,,,,,,,,,,,,,,,,,,,,,"rgba(239, 83, 80, 0.5)",,223.87836650816232,,28.15549682626059,-11.770096972743872,False,False,False,True,False,,0.0,0.0,0.0,0.0,0,,,False,False,False,False,,,False,False,False,False,-51297.0,-8581.72119927773,False,False,False,False,3802.2291264711944,False,False,False,False
2025-03-26 18:00:00+00:00,209.05,210.35,207.85,207.85,4699.0,,,,,,,,,,,,,,,,,,,,,,,,,,,,,,,,"rgba(239, 83, 80, 0.5)",,223.01519604287554,,25.727788233107855,-14.562550437348385,False,False,False,True,False,,0.0,0.0,0.0,0.0,0,,,False,False,False,False,,,False,False,False,False,-55996.0,-9316.826296963347,False,False,False,False,3816.1325508669897,False,False,False,False
2025-03-26 19:00:00+00:00,208.215,209.57,207.56,208.96,14988.0,,,,,,,,,,,,,,,,,,,,,,,,,,,,,,,,"rgba(239, 83, 80, 0.5)",,220.8187933093162,,25.580858498812063,-15.316610369125485,False,False,False,True,False,,0.0,0.0,0.0,0.0,0,,,False,False,False,False,,,False,False,False,False,-41008.0,-9808.162323367014,False,False,False,False,3989.3397981403696,False,False,False,False
2025-03-27 14:00:00+00:00,206.57,208.38,204.42,208.28,9650.0,,,,,,,,,,,,,,,,,,,,,,,,,,,,,,,,"rgba(239, 83, 80, 0.5)",,219.5790717971646,,25.17080477140349,-16.438323295463732,False,False,False,True,False,,0.0,0.0,0.0,0.0,0,,,False,False,False,False,,,False,False,False,False,-50658.0,-10441.493140059,False,False,False,False,4077.1019718126117,False,False,False,False
2025-03-27 15:00:00+00:00,208.34,208.53,204.4,205.57,3981.0,,,,,,,,,,,,,,,,,,,,,,,,,,,,,,,,"rgba(239, 83, 80, 0.5)",,219.09950233071967,,23.741803241289773,-18.515521437206385,False,False,False,True,False,,0.0,0.0,0.0,0.0,0,,,False,False,False,False,,,False,False,False,False,-54639.0,-11126.725804554208,False,False,False,False,4075.6120187612532,False,False,False,False
2025-03-27 16:00:00+00:00,205.57,207.165,204.28,204.28,1848.0,,,,,,,,,,,,,,,,,,,,,,,,,,,,,,,,"rgba(239, 83, 80, 0.5)",,218.87324595580765,,22.295984175576123,-20.541311440651338,False,False,False,True,False,,0.0,0.0,0.0,0.0,0,,,False,False,False,False,,,False,False,False,False,-56487.0,-11829.98586959988,False,False,False,False,4041.075398315342,False,False,False,False
2025-03-27 17:00:00+00:00,204.325,205.66,204.325,205.105,1883.0,,,,,,,,,,,,,,,,,,,,,,,,,,,,,,,,"rgba(239, 83, 80, 0.5)",,218.64671573824626,,22.63499876684468,-20.82608496575486,False,False,False,True,False,,0.0,0.0,0.0,0.0,0,,,False,False,False,False,,,False,False,False,False,-54604.0,-12493.148879373524,False,False,False,False,4007.6168650081277,False,False,False,False
2025-03-27 18:00:00+00:00,205.105,207.95,205.105,206.91,4349.0,,,,,,,,,,,,,,,,,,,,,,,,,,,,,,,,"rgba(239, 83, 80, 0.5)",,218.2100015491672,,25.58697950300403,-20.82608496575486,False,False,False,True,True,,0.0,0.0,0.0,0.0,0,,,False,False,False,False,,,False,False,False,False,-50255.0,-13078.603935507268,False,False,False,False,4012.909626790947,False,False,False,False
2025-03-27 19:00:00+00:00,207.14,208.54,206.325,206.97,11015.0,,,,,,,,,,,,,,,,,,,,,,,,,,,,,,,,"rgba(239, 83, 80, 0.5)",,217.28683484878687,,27.645674687330732,-20.82608496575486,False,False,False,True,True,,0.0,0.0,0.0,0.0,0,,,False,False,False,False,,,False,False,False,False,-39240.0,-13484.206975266845,False,False,False,False,4121.469167460855,False,False,False,False
2025-03-28 14:00:00+00:00,199.31,199.97,197.12,198.485,2555.0,,,,,,,,,,,,,,,,,,,,,,,,,,,,,,,,"rgba(239, 83, 80, 0.5)",,216.9263803146626,,24.91826417104142,-20.82608496575486,False,False,False,True,False,,0.0,0.0,0.0,0.0,0,,,False,False,False,False,,,False,False,False,False,-41795.0,-13923.133998906118,False,False,False,False,4097.182823779291,False,False,False,False
2025-03-28 15:00:00+00:00,197.97,198.0,196.63,196.86,8764.0,,,,,,,,,,,,,,,,,,,,,,,,,,,,,,,,"rgba(239, 83, 80, 0.5)",,215.70451309672458,,22.60039228919628,-21.72819908411896,False,False,False,True,False,,0.0,0.0,0.0,0.0,0,,,False,False,False,False,,,False,False,False,False,-50559.0,-14491.131921403698,False,False,False,False,4169.536578449379,False,False,False,False
2025-03-28 16:00:00+00:00,196.8,197.365,195.21,195.36,5804.0,,,,,,,,,,,,,,,,,,,,,,,,,,,,,,,,"rgba(239, 83, 80, 0.5)",,214.92860448278742,,20.61174027170118,-23.800953172698645,False,False,False,True,False,,0.0,0.0,0.0,0.0,0,,,False,False,False,False,,,False,False,False,False,-56363.0,-15140.30817068426,False,False,False,False,4194.877096612954,False,False,False,False
2025-03-28 17:00:00+00:00,195.21,195.38,194.225,194.65,3342.0,,,,,,,,,,,,,,,,,,,,,,,,,,,,,,,,"rgba(239, 83, 80, 0.5)",,214.48174051297002,,19.07563625799854,-25.460764372749164,False,False,False,True,False,,0.0,0.0,0.0,0.0,0,,,False,False,False,False,,,False,False,False,False,-59705.0,-15831.233625402332,False,False,False,False,4181.654195890273,False,False,False,False
2025-03-28 18:00:00+00:00,194.62,195.43,194.12,195.15,10657.0,,,,,,,,,,,,,,,,,,,,,,,,,,,,,,,,"rgba(239, 83, 80, 0.5)",,213.19003603497652,,18.86847201057433,-25.944928769463687,False,False,False,True,False,,0.0,0.0,0.0,0.0,0,,,False,False,False,False,,,False,False,False,False,-49048.0,-16346.222251365087,False,False,False,False,4282.047154093524,False,False,False,False
2025-03-28 19:00:00+00:00,194.955,196.19,193.15,196.19,11837.0,,,,,,,,,,,,,,,,,,,,,,,,,,,,,,,,"rgba(239, 83, 80, 1.0)",,211.96031941889234,,20.467545887708706,-25.944928769463687,False,True,False,True,False,,0.0,0.0,0.0,0.0,0,,,False,False,False,False,,,False,False,False,False,-37211.0,-16669.70717770051,False,False,False,False,4399.178205968043,False,False,False,False
2025-03-31 14:00:00+00:00,193.75,195.12,191.45,193.89,5951.0,,,,,,,,,,,,,,,,,,,,,,,,,,,,,,,,"rgba(239, 83, 80, 1.0)",,211.3473259118417,,20.45135274789937,-25.944928769463687,False,True,False,True,False,,0.0,0.0,0.0,0.0,0,,,False,False,False,False,,,False,False,False,False,-43162.0,-17080.440399751667,False,False,False,False,4423.237458588694,False,False,False,False
2025-03-31 15:00:00+00:00,193.88,196.665,193.855,196.14,8217.0,,,,,,,,,,,,,,,,,,,,,,,,,,,,,,,,"rgba(239, 83, 80, 0.75)",,210.6553950892421,,23.920342421595308,-25.944928769463687,False,True,False,True,True,,0.0,0.0,0.0,0.0,0,,,False,False,False,False,,,False,False,False,False,-34945.0,-17357.410316034588,False,False,False,False,4482.055482486543,False,False,False,False
2025-03-31 16:00:00+00:00,196.16,199.215,195.96,197.81,10773.0,,,,,,,,,,,,,,,,,,,,,,,,,,,,,,,,"rgba(239, 83, 80, 0.75)",,209.94960870719763,,28.508248757309524,-26.297085874149534,False,True,False,True,True,,0.0,0.0,0.0,0.0,0,,,False,False,False,False,,,False,False,False,False,-24172.0,-17463.062869274363,False,False,False,False,4579.589506013883,False,False,False,False
2025-03-31 17:00:00+00:00,197.99,199.87,197.76,198.15,4242.0,,,,,,,,,,,,,,,,,,,,,,,,,,,,,,,,"rgba(239, 83, 80, 0.5)",,209.7118050180344,,32.02614837146956,-23.092579335196895,False,False,False,True,True,,0.0,0.0,0.0,0.0,0,,,False,False,False,False,,,False,False,False,False,-19930.0,-17501.309956572433,False,False,False,False,4574.35556018421,False,False,False,False
2025-03-31 18:00:00+00:00,198.11,201.68,197.835,200.505,5843.0,,,,,,,,,,,,,,,,,,,,,,,,,,,,,,,,"rgba(239, 83, 80, 0.5)",,209.4397227060233,,37.35685398853474,-18.290766739704317,False,False,False,True,True,,0.0,0.0,0.0,0.0,0,,,False,False,False,False,,,False,False,False,False,-14087.0,-17448.37491848604,False,False,False,False,4594.024466227866,False,False,False,False
2025-03-31 19:00:00+00:00,200.9,200.9,196.46,198.2,13477.0,,,,,,,,,,,,,,,,,,,,,,,,,,,,,,,,"rgba(239, 83, 80, 0.5)",,208.77650614101503,,38.681123867355154,-17.211510553442842,False,False,False,True,True,,0.0,0.0,0.0,0.0,0,,,False,False,False,False,,,False,False,False,False,-27564.0,-17605.206315098658,False,False,False,False,4731.745017139062,False,False,False,False
2025-04-01 14:00:00+00:00,192.02,193.98,190.92,193.625,5858.0,,,,,,,,,,,,,,,,,,,,,,,,,,,,,,,,"rgba(239, 83, 80, 0.5)",,200.60415852191397,,36.29561176764793,-17.211510553442842,False,False,False,True,False,,0.0,0.0,0.0,0.0,0,,,False,False,False,False,,,False,False,False,False,-33422.0,-17850.42792261651,False,False,False,False,4749.206334702798,False,False,False,False
2025-04-01 15:00:00+00:00,193.625,198.53,193.625,198.225,4544.0,,,,,,,,,,,,,,,,,,,,,,,,,,,,,,,,"rgba(239, 83, 80, 0.5)",,201.35408642034352,,39.53453730913755,-16.701731643179926,False,False,False,True,True,0.0,0.0,0.0,0.0,0.0,0,,,False,False,False,False,,,False,False,False,False,-28878.0,-18021.398032343383,False,False,False,False,4746.024841141514,False,False,False,False
2025-04-01 16:00:00+00:00,198.17,198.97,194.28,195.84,6367.0,,,,,,,,,,,,,,,,,,,,,,,,,,,,,,,,"rgba(239, 83, 80, 0.5)",,201.53784769752798,,40.00895230269156,-16.14305454938011,False,False,False,True,True,0.0,0.0,0.0,0.0,0.0,0,,,False,False,False,False,,,False,False,False,False,-35245.0,-18288.430620989224,False,False,False,False,4771.156238953274,False,False,False,False
2025-04-01 17:00:00+00:00,195.45,198.97,190.92,194.605,6215.0,,,,,,,,,,,,,,,,,,,,,,,,,,,,,,,,"rgba(239, 83, 80, 0.5)",,201.3164427095018,,39.50408487204266,-16.14305454938011,False,False,False,True,True,0.0,0.0,0.0,0.0,0.0,0,,,False,False,False,False,,,False,False,False,False,-41460.0,-18647.679758648308,False,False,False,False,4793.541413543146,False,False,False,False
2025-04-01 18:00:00+00:00,194.68,194.69,193.365,194.01,4341.0,,,,,,,,,,,,,,,,,,,,,,,,,,,,,,,,"rgba(239, 83, 80, 0.5)",,201.11052839843438,,38.76241736701553,-16.14305454938011,False,False,False,True,True,0.0,0.0,0.0,0.0,0.0,1,,,False,False,False,False,,,False,False,False,False,-45801.0,-19068.66146781655,False,False,False,False,4786.5252675967395,False,False,False,False
2025-04-01 19:00:00+00:00,194.01,196.71,193.985,196.71,12119.0,,,,,,,,,,,,,,,,,,,,,,,,,,,,,,,,"rgba(239, 83, 80, 0.5)",,200.97419586941274,,41.16979584108178,-14.222726098248849,False,False,False,True,True,0.0,0.0,0.0,0.0,0.0,1,,,False,False,False,False,,,False,False,False,False,-33682.0,-19295.224855912416,False,False,False,False,4900.207046393689,False,False,False,False
2025-04-02 14:00:00+00:00,198.6,200.86,197.7,199.56,2021.0,,,,,,,,,,,,,,,,,,,,,,,,,,,,,,,,"rgba(239, 83, 80, 0.5)",,201.04722776483374,,45.32242991515683,-10.149118650724603,True,False,False,True,True,0.0,0.0,0.0,0.0,0.0,1,,,False,False,False,False,,,False,False,False,False,-31661.0,-19486.942300006798,False,False,False,False,4855.568177457352,False,False,False,False
2025-04-02 15:00:00+00:00,199.56,202.69,199.05,202.69,3192.0,,,,,,,,,,,,,,,,,,,,,,,,,,,,,,,,"rgba(38, 166, 154, 1.0)",,201.23254302680743,,50.391075790477856,-5.419052461292935,True,False,True,False,True,0.0,0.0,0.0,0.0,0.0,0,,,False,False,False,False,,,False,False,False,False,-28469.0,-19626.199008533826,False,False,False,False,4829.776422768091,False,False,False,False
2025-04-02 16:00:00+00:00,202.69,204.67,202.07,204.52,2942.0,,,,,,,,,,,,,,,,,,,,,,,,,,,,,,,,"rgba(38, 166, 154, 1.0)",,201.46107519110106,,54.94318109594802,-1.306443555268146,True,False,True,False,True,0.0,0.0,0.0,0.0,0.0,0,,,False,False,False,False,,,False,False,False,False,-25527.0,-19717.684295223225,False,False,False,False,4800.508571252306,False,False,False,False
2025-04-02 17:00:00+00:00,204.99,205.97,200.57,200.83,1245.0,,,,,,,,,,,,,,,,,,,,,,,,,,,,,,,,"rgba(38, 166, 154, 1.0)",,201.83857208527547,,54.38659607733658,-1.306443555268146,True,False,True,False,True,0.0,0.0,0.0,0.0,0.0,0,,,False,False,False,False,,,False,False,False,False,-26772.0,-19827.053530956196,False,False,False,False,4745.384407356921,False,False,False,False
2025-04-02 18:00:00+00:00,200.84,201.29,199.435,199.715,2956.0,,,,,,,,,,,,,,,,,,,,,,,,,,,,,,,,"rgba(38, 166, 154, 1.0)",,201.34308374616253,,53.05500279396516,-1.306443555268146,True,False,True,False,True,0.0,0.0,0.0,0.0,0.0,0,,,False,False,False,False,,,False,False,False,False,-29728.0,-19980.556576987885,False,False,False,False,4717.64201344441,False,False,False,False
2025-04-02 19:00:00+00:00,199.715,202.69,199.715,201.98,6883.0,,,,,,,,,,,,,,,,,,,,,,,,,,,,,,,,"rgba(38, 166, 154, 1.0)",,201.6183758662431,,53.98649316282331,-1.306443555268146,True,False,True,False,True,0.0,0.0,0.0,0.0,0.0,0,,,False,False,False,False,,,False,False,False,False,-22845.0,-20024.966552538463,False,False,False,False,4751.213455096434,False,False,False,False
2025-04-03 14:00:00+00:00,179.43,179.575,169.71,170.83,10370.0,,,,,,,,,,,,,,,,,,,,,,,,,,,,,,,,"rgba(239, 83, 80, 0.5)",,195.5429939517899,,42.88053108785222,-0.306399739884732,True,False,False,True,False,0.0,0.0,0.0,0.0,0.0,0,,,False,False,False,False,,,False,False,False,False,-33215.0,-20229.463195134766,False,False,False,False,4838.326424784861,False,False,False,False
2025-04-03 15:00:00+00:00,170.825,175.06,169.77,173.89,21915.0,,,,,,,,,,,,,,,,,,,,,,,,,,,,,,,,"rgba(239, 83, 80, 0.5)",,190.61935617781901,,37.19763081674551,-5.219769424979518,False,False,False,True,False,0.0,0.0,0.0,0.0,0.0,0,,,False,False,False,False,,,False,False,False,False,-11300.0,-20091.02190528771,False,False,False,False,5103.0810538579635,False,False,False,False
2025-04-03 16:00:00+00:00,173.89,175.51,172.23,172.23,4903.0,,,,,,,,,,,,,,,,,,,,,,,,,,,,,,,,"rgba(239, 83, 80, 0.5)",,189.97074696511524,,33.080078796375375,-8.736370658596009,False,False,False,True,False,0.0,0.0,0.0,0.0,0.0,0,,,False,False,False,False,,,False,False,False,False,-16203.0,-20030.742495903403,False,False,False,False,5099.9790220152045,False,False,False,False
2025-04-03 17:00:00+00:00,172.47,173.47,171.245,172.05,9246.0,,,,,,,,,,,,,,,,,,,,,,,,,,,,,,,,"rgba(239, 83, 80, 1.0)",,188.83667748676737,,30.296628005584466,-11.184209888586636,False,True,False,True,False,0.0,0.0,0.0,0.0,0.0,0,,,False,False,False,False,,,False,False,False,False,-25449.0,-20114.74648821498,False,False,False,False,5164.258417022721,False,False,False,False
2025-04-03 18:00:00+00:00,172.26,175.295,170.29,174.54,9921.0,,,,,,,,,,,,,,,,,,,,,,,,,,,,,,,,"rgba(239, 83, 80, 1.0)",,187.93646890288036,,30.130291282944466,-11.459888024283615,False,True,False,True,False,0.0,0.0,0.0,0.0,0.0,0,,,False,False,False,False,,,False,False,False,False,-15528.0,-20043.634139560483,False,False,False,False,5238.006348541749,False,False,False,False
2025-04-03 19:00:00+00:00,174.165,175.02,171.64,172.87,23690.0,,,,,,,,,,,,,,,,,,,,,,,,,,,,,,,,"rgba(239, 83, 80, 1.0)",,186.2503220359071,,29.539210026680614,-12.39823248698842,False,True,False,True,False,0.0,0.0,0.0,0.0,0.0,0,,,False,False,False,False,,,False,False,False,False,-39218.0,-20340.911129644817,False,False,False,False,5524.083769494589,False,False,False,False
2025-04-04 14:00:00+00:00,161.21,161.215,148.905,155.55,10364.0,,,,,,,,,,,,,,,,,,,,,,,155.22333333333333,,,,,,,,155.22333333333333,"rgba(239, 83, 80, 1.0)",,177.15747461562646,,25.736218370827906,-16.365675728831306,False,True,False,True,False,0.0,0.0,0.0,0.0,0.0,0,,,False,False,False,False,,,False,False,False,False,-49582.0,-20794.261344689083,False,False,False,False,5599.121230432657,True,False,False,False
2025-04-04 15:00:00+00:00,155.15,163.095,154.89,160.59,22985.0,,,,,,,,,,,,,,,,,,,,,,,158.18815411756475,,,,,,,,158.18815411756475,"rgba(239, 83, 80, 1.0)",,175.92997201933815,,26.08260142461439,-16.405827620713524,False,True,False,True,False,0.0,0.0,0.0,0.0,0.0,0,,,False,False,False,False,,,False,False,False,False,-26597.0,-20884.2262850815,False,False,False,False,5868.669738487965,False,False,False,False
2025-04-04 16:00:00+00:00,160.6,164.8,159.81,159.81,10757.0,,,,,,,,,,,,,,,,,,,,,,,158.98937555736936,,,,,,,,158.98937555736936,"rgba(239, 83, 80, 1.0)",,175.45365115277275,,26.152396998528754,-16.876897692822574,False,True,False,True,False,0.0,0.0,0.0,0.0,0.0,0,,,False,False,False,False,,,False,False,False,False,-37354.0,-21139.57161399496,False,False,False,False,5944.457804557919,False,False,False,False
2025-04-04 17:00:00+00:00,160.25,166.49,158.395,166.49,8359.0,,,,,,,,,,,,,,,,,,,,,,,159.7545018583818,,,,,,,,159.7545018583818,"rgba(239, 83, 80, 0.75)",,175.23825406815976,,29.83922126135996,-16.876897692822574,False,True,False,True,True,0.0,0.0,0.0,0.0,0.0,0,,,False,False,False,False,,,False,False,False,False,-28995.0,-21261.361201374886,False,False,False,False,5981.8925672779515,False,False,False,False
2025-04-04 18:00:00+00:00,166.49,168.33,164.35,165.56,17916.0,,,,,,,,,,,,,,,,,,,,,,,161.36470382631677,,,,,,,,161.36470382631677,"rgba(239, 83, 80, 0.5)",,175.00138825481682,,32.015777499617315,-16.876897692822574,False,False,False,True,True,0.0,0.0,0.0,0.0,0.0,0,,,False,False,False,False,,,False,False,False,False,-46911.0,-21659.030019958223,False,False,False,False,6166.917488715502,False,False,False,False
2025-04-04 19:00:00+00:00,165.6,172.4,164.9,170.99,65601.0,,,,,,,,,,,,,,,,,,,,,,,165.25559743201308,,,,,,,,165.25559743201308,"rgba(239, 83, 80, 0.5)",,174.7806381203771,,36.21690320253691,-20.305114707351237,False,False,False,True,True,0.0,0.0,0.0,0.0,0.0,0,,,False,False,False,False,,,False,False,False,False,18690.0,-21033.463663059647,False,False,False,False,7088.376132301309,False,False,False,False
2025-04-07 14:00:00+00:00,180.01,192.46,176.35,182.785,15955.0,,,,,,,,,,,,,,,,,,,,,,,167.20978250853975,,,,,,,,167.20978250853975,"rgba(239, 83, 80, 0.5)",,177.24122300255024,,43.45938377083668,-13.540442995638358,True,False,False,True,True,0.0,0.0,0.0,0.0,0.0,0,,,False,False,False,False,,,False,False,False,False,34645.0,-20170.231668283526,False,False,False,False,7225.843169009815,False,False,False,False
2025-04-07 15:00:00+00:00,182.785,184.43,173.96,176.79,5748.0,,,,,,,,,,,,,,,,,,,,,,,167.61745001109807,,,,,,,,167.61745001109807,"rgba(239, 83, 80, 0.5)",,177.0573700755514,,45.95174534187814,-11.323122179257659,True,False,False,True,True,0.0,0.0,0.0,0.0,0.0,0,,,False,False,False,False,,,False,False,False,False,28897.0,-19409.499394356648,False,False,False,False,7202.930871815864,False,False,False,False
2025-04-07 16:00:00+00:00,175.615,177.49,173.5,174.82,5454.0,,,,,,,,,,,,,,,,,,,,,,,167.8732871048615,,,,,,,,167.8732871048615,#000000,20.3025923050803,176.81205517588086,-0.09811826716248417,46.886683987704416,-10.366708780151455,True,False,False,False,True,0.0,0.0,0.0,0.0,0.0,0,,,False,False,False,False,,,False,False,False,False,23443.0,-18745.119558785227,False,False,False,False,7175.8156645008885,False,False,False,False
2025-04-07 17:00:00+00:00,177.24,185.4,175.71,181.7,5470.0,,,,,,,,,,,,,,,,,,,,,,,168.29708824360898,,,,,,,,168.29708824360898,#000000,20.25539704477404,176.9413763497595,0.23493114648513994,49.968668674148944,-7.289043009537998,True,False,False,False,True,0.0,0.0,0.0,0.0,0.0,0,,,False,False,False,False,,,False,False,False,False,28913.0,-18006.233984230417,False,False,False,False,7149.368910012502,False,False,False,False
2025-04-07 18:00:00+00:00,181.74,181.85,176.49,177.63,6226.0,,,,,,,,,,,,,,,,,,,,,,,168.66600027645111,,,,,,,,168.66600027645111,#000000,20.264819073707258,176.9657043642106,0.03278073361391526,50.387600122792556,-6.624460344543152,True,False,False,False,True,0.0,0.0,0.0,0.0,0.0,0,,,False,False,False,False,,,False,False,False,False,22687.0,-17375.33113176173,False,False,False,False,7135.053112958044,False,False,False,False
2025-04-07 19:00:00+00:00,177.71,180.12,176.24,179.145,16906.0,,,,,,,,,,,,,,,,,,,,,,,169.53322103775403,,,,,,,,169.53322103775403,#000000,20.254811399932766,177.06700728724485,0.10259254809758729,51.24106212591629,-5.4186453445735765,True,False,False,False,True,0.0,0.0,0.0,0.0,0.0,0,,,False,False,False,False,,,False,False,False,False,39593.0,-16492.101191734415,False,False,False,False,7286.540661594354,False,False,False,False
2025-04-08 14:00:00+00:00,188.965,190.585,184.7,184.7,4049.0,,,,,,,,,,,,,,,,,,,,,,,169.88744278734018,,,,,,,,169.88744278734018,"rgba(38, 166, 154, 1.0)",20.162194887578192,177.29497979173817,0.36727252412503986,53.80433456519666,-2.619805932420306,True,False,True,False,True,0.0,0.0,0.0,0.0,0.0,0,,,False,False,False,False,,,False,False,False,False,43642.0,-15559.789545350935,False,False,False,False,7236.346232732426,False,False,False,False
2025-04-08 15:00:00+00:00,185.07,185.9,182.42,183.855,4218.0,,,,,,,,,,,,,,,,,,,,,,,170.18629491487005,,,,,,,,170.18629491487005,"rgba(38, 166, 154, 1.0)",20.067806980559894,177.45210045522313,0.31906324148819454,55.09484131360717,-1.050621376307518,True,False,True,False,True,0.0,0.0,0.0,0.0,0.0,0,,,False,False,False,False,,,False,False,False,False,39424.0,-14707.327691934643,False,False,False,False,7189.550167108667,False,False,False,False
2025-04-08 16:00:00+00:00,182.94,183.67,178.25,178.465,4642.0,,,,,,,,,,,,,,,,,,,,,,,170.41180648261258,,,,,,,,170.41180648261258,"rgba(38, 166, 154, 1.0)",20.0425954867838,177.51333817643643,0.04748196530689352,53.40656921064453,-1.050621376307518,True,False,True,False,True,0.0,0.0,0.0,0.0,0.0,0,,,False,False,False,False,,,False,False,False,False,34782.0,-13940.051293610073,False,False,False,False,7150.053265293029,False,False,False,False
2025-04-08 17:00:00+00:00,178.2,180.24,176.53,179.745,5349.0,,,,,,,,,,,,,,,,,,,,,,,170.62644318147545,,,,,,,,170.62644318147545,"rgba(38, 166, 154, 1.0)",20.04503425667691,177.54528873706948,0.1097384636395823,52.85079505729796,-1.050621376307518,True,False,True,False,True,0.0,0.0,0.0,0.0,0.0,0,,,False,False,False,False,,,False,False,False,False,40131.0,-13101.740420840924,False,False,False,False,7122.129958854377,False,False,False,False
2025-04-08 18:00:00+00:00,179.26,180.195,174.15,174.245,5536.0,,,,,,,,,,,,,,,,,,,,,,,170.7695139459175,,,,,,,,170.7695139459175,#000000,20.132661841391446,177.50574697640545,-0.16196303310978774,50.03325421820228,-1.050621376307518,True,False,False,False,False,0.0,0.0,0.0,0.0,0.0,0,,,False,False,False,False,,,False,False,False,False,34595.0,-12362.256073230988,False,False,False,False,7097.538796701595,False,False,False,False
2025-04-08 19:00:00+00:00,174.245,174.245,170.0,173.61,9078.0,,,,,,,,,,,,,,,,,,,,,,,170.8442361676899,,,,,,,,170.8442361676899,"rgba(239, 83, 80, 0.5)",20.15634585497145,176.52143839855395,-0.144442768520756,47.887090232092014,3.170638084996405,True,False,False,True,False,0.0,0.0,0.0,0.0,0.0,0,,,False,False,False,False,,,False,False,False,False,25517.0,-11774.98078527392,False,False,False,False,7128.243621558934,False,False,False,False
2025-04-09 14:00:00+00:00,182.205,182.205,174.825,174.835,3085.0,,,,,,,,,,,,,,,,,,,,,,,170.93154497038472,,,,,,,,170.93154497038472,"rgba(239, 83, 80, 0.5)",20.138668311941032,176.72208536371275,-0.09370457542089877,47.16680097203873,2.2449865025711517,True,False,False,True,False,0.0,0.0,0.0,0.0,0.0,1,,,False,False,False,False,,,False,False,False,False,28602.0,-11148.98108317665,False,False,False,False,7065.557673937865,False,False,False,False
2025-04-09 15:00:00+00:00,174.79,178.03,174.79,175.585,3775.0,,,,,,,,,,,,,,,,,,,,,,,171.01640602431672,,,,,,,,171.01640602431672,"rgba(239, 83, 80, 0.5)",20.06647628003723,176.80233720488062,-0.06066522033525404,47.14553681998483,1.8912894581832802,True,False,False,True,False,0.0,0.0,0.0,0.0,0.0,1,,,False,False,False,False,,,False,False,False,False,32377.0,-10474.159671034377,False,False,False,False,7014.541275892317,False,False,False,False
2025-04-09 16:00:00+00:00,175.73,179.815,175.71,179.68,2602.0,,,,,,,,,,,,,,,,,,,,,,,171.09850128520057,,,,,,,,171.09850128520057,#000000,19.94917820046413,176.91104857025258,0.13880027547616025,49.508427087089004,1.8912894581832802,True,False,False,False,True,0.0,0.0,0.0,0.0,0.0,1,,,False,False,False,False,,,False,False,False,False,34979.0,-9769.45952109586,False,False,False,False,6946.129783242823,False,False,False,False
2025-04-09 17:00:00+00:00,179.68,203.405,179.68,203.405,10567.0,,,,,,,,,,,,,,,,,,,,,,,172.15234900385047,,,,,,,,172.15234900385047,"rgba(38, 166, 154, 1.0)",19.501978069458005,178.82879108291522,1.2601905729539056,58.21879750218055,3.0579149358588893,True,False,True,False,True,3.1498119262540065,0.0,0.0,0.0,0.0,0,,,False,False,False,False,,,False,False,False,False,45546.0,-8911.855497512977,False,False,False,False,7002.267305983243,False,False,False,False
2025-04-09 18:00:00+00:00,203.405,210.85,201.88,202.515,11298.0,,,,,,,,,,,,,,,,,,,,,,,173.60595309447524,,,,,,,,173.60595309447524,"rgba(38, 166, 154, 1.0)",18.991267494905717,184.33034512558692,0.9575271834431791,63.53767045639245,7.67922194016041,True,False,True,False,True,2.716027690433801,0.0,0.0,0.0,0.0,0,,,False,False,False,False,,,False,False,False,False,34248.0,-8242.710451039908,False,False,False,False,7068.867812867224,False,False,False,False
2025-04-09 19:00:00+00:00,199.59,204.88,199.47,201.82,17803.0,,,,,,,,,,,,,,,,,,,,,,,175.45625813871644,,,,,,,,175.45625813871644,"rgba(38, 166, 154, 1.0)",18.484777262180675,185.6648436023681,0.873970844684446,66.67016586334127,10.286363539120984,True,False,True,False,True,2.373805232471657,0.0,0.0,0.0,0.0,0,,,False,False,False,False,,,False,False,False,False,16445.0,-7859.955250248591,False,False,False,False,7235.288466931297,False,False,False,False
2025-04-10 14:00:00+00:00,185.8,191.005,185.335,189.37,4917.0,,,,,,,,,,,,,,,,,,,,,,,175.68765219861714,,,,,,,,175.68765219861714,"rgba(38, 166, 154, 0.75)",17.90880126923352,185.40474551671545,0.2214137296892492,62.630985211206266,10.286363539120984,True,False,True,False,False,0.0,0.0,0.0,0.0,0.0,0,,,False,False,False,False,,,False,False,False,False,11528.0,-7559.366796756364,False,False,False,False,7199.346010079649,False,False,False,False
2025-04-10 15:00:00+00:00,189.44,190.52,182.48,182.97,4563.0,,,,,,,,,,,,,,,,,,,,,,,175.84289246165267,,,,,,,,175.84289246165267,"rgba(38, 166, 154, 0.75)",17.32445324280571,185.1137534738887,-0.1237414793900596,57.62489165202153,15.029619094162939,True,False,True,False,False,0.0,0.0,0.0,0.0,0.0,0,,,False,False,False,False,,,False,False,False,False,6965.0,-7334.182815411305,False,False,False,False,7158.472428528026,False,False,False,False
2025-04-10 16:00:00+00:00,182.955,183.61,179.44,183.5,10118.0,,,,,,,,,,,,,,,,,,,,,,,176.06158872552191,,,,,,,,176.06158872552191,"rgba(38, 166, 154, 0.75)",16.760351911526122,184.44634766217249,-0.056463472077915036,54.49203440494787,12.256983407591925,True,False,True,False,False,0.0,0.0,0.0,0.0,0.0,0,,,False,False,False,False,,,False,False,False,False,17083.0,-6955.621841528959,False,False,False,False,7204.35657692294,False,False,False,False
2025-04-10 17:00:00+00:00,184.01,188.845,180.54,188.28,4854.0,,,,,,,,,,,,,,,,,,,,,,,176.22154787415388,,,,,,,,176.22154787415388,"rgba(38, 166, 154, 0.75)",16.33588361456054,184.32997828597323,0.24180030950428857,54.23659309877573,11.947030070652929,True,False,True,False,False,0.0,0.0,0.0,0.0,0.0,0,,,False,False,False,False,,,False,False,False,False,21937.0,-6507.674216078896,False,False,False,False,7167.916940071422,False,False,False,False
2025-04-10 18:00:00+00:00,188.325,189.52,184.69,186.75,7648.0,,,,,,,,,,,,,,,,,,,,,,,176.4907436004747,,,,,,,,176.4907436004747,"rgba(38, 166, 154, 0.75)",15.95922906958524,184.24475263666,0.15697796882397355,53.406546581119386,10.856683026196343,True,False,True,False,False,0.0,0.0,0.0,0.0,0.0,0,,,False,False,False,False,,,False,False,False,False,14289.0,-6185.24515846527,False,False,False,False,7175.360088287369,False,False,False,False
2025-04-10 19:00:00+00:00,185.885,187.83,180.51,182.855,32873.0,,,,,,,,,,,,,,,,,,,,,,,177.19348827139348,,,,,,,,177.19348827139348,#000000,15.552269682276902,183.65216304480197,-0.051257022999698226,51.206970451598494,8.412466714672306,True,False,False,False,False,0.0,0.0,0.0,0.0,0.0,0,,,False,False,False,False,,,False,False,False,False,-18584.0,-6377.473915698366,False,False,False,False,7573.773110174387,False,False,False,False
2025-04-11 14:00:00+00:00,182.235,184.99,179.63,184.405,7458.0,,,,,,,,,,,,,,,,,,,,,,,177.31876375271776,,,,,,,,177.31876375271776,#000000,15.157544964516857,183.5534019324063,0.056183113399119196,50.46712552871357,7.301816717070906,True,False,False,False,False,0.0,0.0,0.0,0.0,0.0,0,,,False,False,False,False,,,False,False,False,False,-11126.0,-6451.094475144902,False,False,False,False,7571.978178233699,False,False,False,False
2025-04-11 15:00:00+00:00,184.47,188.32,184.24,188.28,8095.0,,,,,,,,,,,,,,,,,,,,,,,177.53876006650307,,,,,,,,177.53876006650307,#000000,14.740371662164346,183.59664886105904,0.317722730897092,51.73105160201182,7.301816717070906,True,False,False,False,False,0.0,0.0,0.0,0.0,0.0,0,,,False,False,False,False,,,False,False,False,False,-3031.0,-6398.06975460002,False,False,False,False,7580.087043687439,False,False,False,False
2025-04-11 16:00:00+00:00,188.28,191.4,187.76,190.97,2561.0,,,,,,,,,,,,,,,,,,,,,,,177.62850647834165,,,,,,,,177.62850647834165,"rgba(38, 166, 154, 1.0)",14.235595676059754,183.6435237353217,0.5146589177858818,53.71225707915943,7.301816717070906,True,False,True,False,True,0.0,0.0,0.0,0.0,0.0,0,,,False,False,False,False,,,False,False,False,False,-470.0,-6306.161696389167,False,False,False,False,7502.271740684532,False,False,False,False
2025-04-11 17:00:00+00:00,190.97,193.1,188.07,191.34,3592.0,,,,,,,,,,,,,,,,,,,,,,,177.7601402615082,,,,,,,,177.7601402615082,"rgba(38, 166, 154, 1.0)",13.914687242732478,183.7194319340269,0.5476636257098251,55.19422648139192,7.301816717070906,True,False,True,False,True,0.0,0.0,0.0,0.0,0.0,0,,,False,False,False,False,,,False,False,False,False,3122.0,-6159.988646832746,False,False,False,False,7441.647372611904,False,False,False,False
2025-04-11 18:00:00+00:00,191.34,191.93,190.405,190.405,6060.0,,,,,,,,,,,,,,,,,,,,,,,177.9776362095091,,,,,,,,177.9776362095091,"rgba(38, 166, 154, 1.0)",13.599760686818634,183.84481082200116,0.48237533946881894,55.5724365401323,7.301816717070906,True,False,True,False,True,0.0,0.0,0.0,0.0,0.0,0,,,False,False,False,False,,,False,False,False,False,-2938.0,-6110.035334478749,False,False,False,False,7420.226483114045,False,False,False,False
2025-04-11 19:00:00+00:00,190.405,192.6,188.5,189.08,10054.0,,,,,,,,,,,,,,,,,,,,,,,178.30025100742904,,,,,,,,178.30025100742904,"rgba(38, 166, 154, 1.0)",13.364539070861197,184.00927927262344,0.3794160577099361,54.92798794734847,7.301816717070906,True,False,True,False,True,0.0,0.0,0.0,0.0,0.0,0,,,False,False,False,False,,,False,False,False,False,-12992.0,-6216.732461075977,False,False,False,False,7461.060181050261,False,False,False,False
2025-04-14 14:00:00+00:00,190.39,193.945,189.605,193.54,4993.0,,,,,,,,,,,,,,,,,,,,,,,178.48429198479445,,,,,,,,178.48429198479445,"rgba(38, 166, 154, 1.0)",13.164545375931286,184.1289600159596,0.7148777048728615,56.864824034193,7.301816717070906,True,False,True,False,True,0.0,0.0,0.0,0.0,0.0,0,,,False,False,False,False,,,False,False,False,False,-7999.0,-6244.364515943016,False,False,False,False,7422.795682119249,False,False,False,False
2025-04-14 15:00:00+00:00,193.005,193.005,187.15,187.92,2656.0,,,,,,,,,,,,,,,,,,,,,,,178.559467886565,,,,,,,,178.559467886565,"rgba(38, 166, 154, 0.75)",12.969084088326705,184.16226391092343,0.2897456800714899,54.544886528081435,7.301816717070906,True,False,True,False,False,0.0,0.0,0.0,0.0,0.0,1,,,False,False,False,False,,,False,False,False,False,-10655.0,-6312.746461432272,False,False,False,False,7348.891873094144,False,False,False,False
2025-04-14 16:00:00+00:00,187.645,191.14,187.61,188.86,3095.0,,,,,,,,,,,,,,,,,,,,,,,178.64452976313424,,,,,,,,178.64452976313424,"rgba(38, 166, 154, 0.75)",12.741415146204394,184.19881017983099,0.3658298365356672,53.5404929447329,7.301816717070906,True,False,True,False,False,0.0,0.0,0.0,0.0,0.0,0,,,False,False,False,False,,,False,False,False,False,-7560.0,-6332.083725596112,False,False,False,False,7282.940061108187,False,False,False,False
2025-04-14 17:00:00+00:00,189.1,190.98,189.1,190.61,1904.0,,,,,,,,,,,,,,,,,,,,,,,178.70120921380797,,,,,,,,178.70120921380797,"rgba(38, 166, 154, 0.75)",12.522862587579016,184.22786287936052,0.5096388366482368,53.899707825103974,7.301816717070906,True,False,True,False,False,0.0,0.0,0.0,0.0,0.0,1,,,False,False,False,False,,,False,False,False,False,-5656.0,-6321.601807369816,False,False,False,False,7199.545641556122,False,False,False,False
2025-04-14 18:00:00+00:00,190.365,193.09,190.365,192.225,3259.0,,,,,,,,,,,,,,,,,,,,,,,178.81076176667688,,,,,,,,178.81076176667688,"rgba(38, 166, 154, 0.75)",12.36021429994397,184.29554114227102,0.6415308558011749,55.0772729477649,7.301816717070906,True,False,True,False,False,0.0,0.0,0.0,0.0,0.0,1,,,False,False,False,False,,,False,False,False,False,-2397.0,-6260.755267720671,False,False,False,False,7138.451910679282,False,False,False,False
2025-04-14 19:00:00+00:00,192.225,193.56,189.98,190.17,10505.0,,,,,,,,,,,,,,,,,,,,,,,179.13470959859166,,,,,,,,179.13470959859166,"rgba(38, 166, 154, 0.75)",12.209165135516235,184.4813372563264,0.4659338030513946,54.301422055750436,7.301816717070906,True,False,True,False,False,0.0,0.0,0.0,0.0,0.0,0,,,False,False,False,False,,,False,False,False,False,-12902.0,-6363.720302329653,False,False,False,False,7190.646454699758,False,False,False,False
2025-04-15 14:00:00+00:00,193.61,194.03,189.43,190.85,8000.0,,,,,,,,,,,,,,,,,,,,,,,179.3741940505043,,,,,,,,179.3741940505043,"rgba(38, 166, 154, 0.5)",12.039585581446392,185.47224892909793,0.4466724402199898,54.24815276468172,7.301816717070906,False,False,True,False,False,0.0,0.0,0.0,0.0,0.0,1,,,False,False,False,False,,,False,False,False,False,-4902.0,-6341.057972060977,False,False,False,False,7203.194571681157,False,False,False,False
2025-04-15 15:00:00+00:00,190.89,191.95,190.05,190.29,13270.0,,,,,,,,,,,,,,,,,,,,,,,179.7304587028367,,,,,,,,179.7304587028367,"rgba(38, 166, 154, 0.5)",11.823080249858473,185.58549460893818,0.39790860686394564,53.73318310768553,6.985933251897642,False,False,True,False,False,0.0,0.0,0.0,0.0,0.0,1,,,False,False,False,False,,,False,False,False,False,-18172.0,-6524.48342985848,False,False,False,False,7297.253570569821,False,False,False,False
2025-04-15 16:00:00+00:00,190.29,191.955,189.17,189.18,1281.0,,,,,,,,,,,,,,,,,,,,,,,179.7616820838591,,,,,,,,179.7616820838591,"rgba(38, 166, 154, 0.5)",11.592983250598074,185.5921512576008,0.30948451014229855,52.407334938613104,5.487006918318386,False,False,True,False,False,0.0,0.0,0.0,0.0,0.0,1,,,False,False,False,False,,,False,False,False,False,-19453.0,-6724.925547225015,False,False,False,False,7203.978321413699,False,False,False,False
2025-04-15 17:00:00+00:00,189.18,189.98,188.27,188.95,2243.0,,,,,,,,,,,,,,,,,,,,,,,179.8104757034224,,,,,,,,179.8104757034224,#000000,11.51457506149687,185.58745865716187,0.29202478813846827,51.309991673983546,4.265441075679199,False,True,False,False,False,0.0,0.0,0.0,0.0,0.0,1,,,False,False,False,False,,,False,False,False,False,-21696.0,-6957.035228663387,False,False,False,False,7127.063928833641,False,False,False,False
2025-04-15 18:00:00+00:00,189.02,189.27,187.59,189.055,4053.0,,,,,,,,,,,,,,,,,,,,,,,179.89333749425842,,,,,,,,179.89333749425842,#000000,11.45592780108982,185.57508476009784,0.3037654653838792,50.689803213033315,3.5095510348299968,False,True,False,False,False,0.0,0.0,0.0,0.0,0.0,1,,,False,False,False,False,,,False,False,False,False,-17643.0,-7122.70910108721,False,False,False,False,7079.404022960251,False,False,False,False
2025-04-15 19:00:00+00:00,188.855,189.41,188.0,188.04,14114.0,,,,,,,,,,,,,,,,,,,,,,,180.1652297441854,,,,,,,,180.1652297441854,#000000,11.410682233198235,185.57338982194116,0.21616675739882357,49.17776540823995,1.949078086508763,False,True,False,False,False,0.0,0.0,0.0,0.0,0.0,1,,,False,False,False,False,,,False,False,False,False,-31757.0,-7504.636091768029,False,False,False,False,7188.467526480247,False,False,False,False
2025-04-16 14:00:00+00:00,177.24,183.29,177.24,182.745,6435.0,,,,,,,,,,,,,,,,,,,,,,181.09166666666667,180.17840914215725,,,,,,,,180.63503790441194,"rgba(239, 83, 80, 1.0)",11.377427040551035,184.87929363220942,-0.187590184019853,43.84405624293012,-2.9931111612586676,False,True,False,True,False,0.0,0.0,0.0,0.0,0.0,0,,,False,False,False,False,,,False,False,False,False,-38192.0,-7980.409175616586,False,False,False,False,7176.785859403033,False,False,False,False
2025-04-16 15:00:00+00:00,182.845,183.66,181.265,183.15,4293.0,,,,,,,,,,,,,,,,,,,,,,181.7319351230425,180.2020371323392,,,,,,,,180.96698612769086,"rgba(239, 83, 80, 1.0)",11.335057677380753,184.86711371723413,-0.15148698543110628,40.8144320909483,-5.595713454647623,False,True,False,True,False,0.0,0.0,0.0,0.0,0.0,0,,,False,False,False,False,,,False,False,False,False,-33899.0,-8382.247793048886,False,False,False,False,7132.076001117714,False,False,False,False
2025-04-16 16:00:00+00:00,183.15,183.91,182.5,182.58,4706.0,,,,,,,,,,,,,,,,,,,,,,182.11756597987127,180.2305441793488,,,,,,,,181.17405507961004,"rgba(239, 83, 80, 1.0)",11.280197895762573,184.83461113556547,-0.1998733671518656,38.37699440225789,-7.659707563145723,False,True,False,True,False,0.0,0.0,0.0,0.0,0.0,0,,,False,False,False,False,,,False,False,False,False,-38605.0,-8850.817594707043,False,False,False,False,7094.462419705036,False,False,False,False
2025-04-16 17:00:00+00:00,182.165,183.7,180.35,180.54,6981.0,,,,,,,,,,,,,,,,,,,,,,181.93457253327384,180.24991431857714,,,,,,,,181.0922434259255,"rgba(239, 83, 80, 1.0)",11.258064111584165,184.67890534329712,-0.3676391697786063,35.33642230424206,-10.315750481420743,False,True,False,True,False,0.0,0.0,0.0,0.0,0.0,0,,,False,False,False,False,,,False,False,False,False,-45586.0,-9420.355306417012,False,False,False,False,7092.703312422787,False,False,False,False
2025-04-16 18:00:00+00:00,181.08,182.38,179.69,179.785,6203.0,,,,,,,,,,,,,,,,,,,,,,181.6492754560067,180.25473027878283,,,,,,,,180.95200286739475,"rgba(239, 83, 80, 1.0)",11.212266037009801,184.52179526951275,-0.4224654725349355,32.82048701076164,-12.507906659092498,False,True,False,True,False,0.0,0.0,0.0,0.0,0.0,0,,,False,False,False,False,,,False,False,False,False,-51789.0,-10077.233518720624,False,False,False,False,7078.909462617783,False,False,False,False
2025-04-16 19:00:00+00:00,179.855,186.995,178.4,186.66,21422.0,,,,,,,,,,,,,,,,,,,,,,182.66346326272316,180.4172951889542,,,,,,,,181.54037922583868,"rgba(239, 83, 80, 0.75)",11.120725790932708,184.5087279383631,0.19344709168091614,39.31060791157211,-16.030364889566513,False,True,False,True,True,0.0,0.0,0.0,0.0,0.0,0,,,False,False,False,False,,,False,False,False,False,-30367.0,-10391.803541686195,False,False,False,False,7301.282959321383,False,False,False,False
2025-04-17 14:00:00+00:00,184.82,185.72,180.98,180.98,3514.0,,,,,,,,,,,,,,,,,,,,,,182.65667441585438,180.4323703090452,,,,,,,,181.5445223624498,"rgba(239, 83, 80, 0.75)",11.030585221706604,184.4758619591186,-0.31692443228118544,39.45825476820657,-16.030364889566513,False,True,False,True,True,0.0,0.0,0.0,0.0,0.0,0,,,False,False,False,False,,,False,False,False,False,-33881.0,-10755.977130187182,False,False,False,False,7242.565394060586,False,False,False,False
2025-04-17 15:00:00+00:00,181.05,183.85,180.99,182.2,1912.0,,,,,,,,,,,,,,,,,,,,,,182.64598796259568,180.43967050278397,,,,,,,,181.54282923268983,"rgba(239, 83, 80, 0.75)",10.887780043667215,184.45660241827306,-0.20726010345750964,40.656434906508736,-14.957949500499794,False,True,False,True,True,0.0,0.0,0.0,0.0,0.0,0,,,False,False,False,False,,,False,False,False,False,-31969.0,-11084.861205688156,False,False,False,False,7159.920969346468,False,False,False,False
2025-04-17 16:00:00+00:00,182.2,185.04,182.18,184.44,2437.0,,,,,,,,,,,,,,,,,,,,,,182.6982051879868,180.45634404301603,,,,,,,,181.5772746155014,"rgba(239, 83, 80, 0.75)",10.776059439983284,184.45097431198374,-0.0010183974990919018,43.38423292254923,-12.306446335905655,False,True,False,True,True,0.0,0.0,0.0,0.0,0.0,0,,,False,False,False,False,,,False,False,False,False,-29532.0,-11370.863357537952,False,False,False,False,7086.697388426368,False,False,False,False
2025-04-17 17:00:00+00:00,184.33,184.84,182.905,184.795,4789.0,,,,,,,,,,,,,,,,,,,,,,182.8113985037963,180.49140608256764,,,,,,,,181.65140229318197,"rgba(239, 83, 80, 0.75)",10.725573360007367,184.44616922930226,0.032523274886023565,45.50624415994157,-10.217837756840012,False,True,False,True,True,0.0,0.0,0.0,0.0,0.0,0,,,False,False,False,False,,,False,False,False,False,-24743.0,-11578.183305483099,False,False,False,False,7051.074173101928,False,False,False,False
2025-04-17 18:00:00+00:00,184.795,185.045,183.76,183.76,1882.0,,,,,,,,,,,,,,,,,,,,,,182.85152907258853,180.50503556109277,,,,,,,,181.67828231684064,"rgba(239, 83, 80, 0.75)",10.606699112073127,184.4441505131003,-0.06450173667334286,46.00634237332747,-9.560163789450534,False,True,False,True,True,0.0,0.0,0.0,0.0,0.0,0,,,False,False,False,False,,,False,False,False,False,-26625.0,-11811.46728524305,False,False,False,False,6970.933488247634,False,False,False,False
2025-04-17 19:00:00+00:00,184.13,184.53,183.2,183.625,6370.0,,,,,,,,,,,,,,,,,,,,,,182.93534461453163,180.54545976967012,,,,,,,,181.74040219210087,"rgba(239, 83, 80, 0.75)",10.52225763506756,184.4256742525584,-0.07609338987195914,46.213956394171596,-9.049802441617409,False,True,False,True,True,0.0,0.0,0.0,0.0,0.0,0,,,False,False,False,False,,,False,False,False,False,-32995.0,-12139.894149037731,False,False,False,False,6961.616689980229,False,False,False,False
2025-04-18 14:00:00+00:00,183.625,183.625,183.625,183.625,0.0,,,,,,,,,,,,,,,,,,,,,,182.93534461453163,180.54545976967012,,,,,,,,181.74040219210087,"rgba(239, 83, 80, 0.75)",10.452343857581223,184.4256742525584,-0.07660236435655099,46.352365741401016,-8.520925386406411,False,True,False,True,True,0.0,0.0,0.0,0.0,0.0,0,,,False,False,False,False,,,False,False,False,False,-32995.0,-12463.229123471254,False,False,False,False,6853.684648275109,False,False,False,False
2025-04-18 15:00:00+00:00,183.625,183.625,183.625,183.625,0.0,,,,,,,,,,,,,,,,,,,,,,182.93534461453163,180.54545976967012,,,,,,,,181.74040219210087,"rgba(239, 83, 80, 0.75)",10.387880730113427,184.4256742525584,-0.07707772868794306,46.444638639553965,-7.993048799848253,False,True,False,True,True,0.0,0.0,0.0,0.0,0.0,0,,,False,False,False,False,-0.09188498042077381,-0.09188498042077381,False,False,False,False,-32995.0,-12781.551152564722,False,False,False,False,6747.425971557665,False,False,False,False
2025-04-18 16:00:00+00:00,183.625,183.625,183.625,183.625,0.0,,,,,,,,,,,,,,,,,,,,,,182.93534461453163,180.54545976967012,,,,,,,,181.74040219210087,"rgba(239, 83, 80, 0.75)",10.280204388545448,184.4256742525584,-0.07788505192080937,46.50615390498926,-7.481391202801056,False,True,False,True,True,0.0,0.0,0.0,0.0,0.0,0,0.9717010922811593,0.9619766321465875,False,False,False,False,-0.09188498042077381,-0.09188498042077381,False,False,False,False,-32995.0,-13094.937956400927,False,False,False,False,6642.814716184678,False,False,False,False
2025-04-18 17:00:00+00:00,183.625,183.625,183.625,183.625,0.0,,,,,,,,,,,,,,,,,,,,,,182.93534461453163,180.54545976967012,,,,,,,,181.74040219210087,"rgba(239, 83, 80, 0.75)",10.113129260591908,184.4256742525584,-0.07917176097792031,46.54716408194612,-6.996889146996658,False,True,False,True,True,0.0,0.0,0.0,0.0,0.0,0,0.9705552667489767,0.9623594775488986,False,False,False,False,-0.09188498042077381,-0.09188498042077381,False,False,False,False,-32995.0,-13403.466050100136,False,False,False,False,6539.825340739954,False,False,False,False
2025-04-18 18:00:00+00:00,183.625,183.625,183.625,183.625,0.0,,,,,,,,,,,,,,,,,,,,,,182.93534461453163,180.54545976967012,,,,,,,,181.74040219210087,"rgba(239, 83, 80, 0.75)",9.86267108210918,184.4256742525584,-0.0811822928994167,46.574504199917364,-6.546686109202405,False,True,False,True,True,0.0,0.0,0.0,0.0,0.0,0,0.9730408546032784,0.9603522792138953,False,False,False,False,-0.09188498042077381,-0.09188498042077381,False,False,False,False,-32995.0,-13707.210762501683,False,False,False,False,6438.43269979825,False,False,False,False
2025-04-18 19:00:00+00:00,183.625,183.625,183.625,183.625,0.0,,,,,,,,,,,,,,,,,,,,,,182.93534461453163,180.54545976967012,,,,,,,,181.74040219210087,"rgba(239, 83, 80, 0.75)",9.54577245374818,184.4256742525584,-0.08387736628312432,46.59273094523152,-6.134802157368142,False,True,False,True,True,0.0,0.0,0.0,0.0,0.0,0,0.9745386094856163,0.9583091214142488,False,False,False,False,-0.09188498042077381,-0.09188498042077381,False,False,False,False,-32995.0,-14006.24625455592,False,False,False,False,6338.612037785873,False,False,False,False
2025-04-21 14:00:00+00:00,175.02,175.18,172.1,173.23,11789.0,,,,,,,,,,,,,,,,,,,,,,181.59133459441816,180.38841657492213,,,,,,,,180.98987558467013,"rgba(239, 83, 80, 1.0)",9.381353032037039,183.915715236349,-1.1390377485910204,37.5118286894711,-9.213589918630042,False,True,False,True,False,0.0,0.0,0.0,0.0,0.0,0,0.9693113591489705,0.9592779143329168,False,False,False,False,-0.17676980416133195,-0.1343273922910529,False,False,False,False,-44784.0,-14483.420731229471,False,False,False,False,6423.114176734929,False,False,False,False
2025-04-21 15:00:00+00:00,173.12,173.29,171.32,171.57,6473.0,,,,,,,,,,,,,,,,,,,,,,180.8997182364415,180.28767217327112,,,,,,,,180.59369520485632,"rgba(239, 83, 80, 1.0)",9.252518158819148,183.6330202667593,-1.303755373369497,30.844460553137292,-14.995093591854946,False,True,False,True,False,0.0,0.0,0.0,0.0,0.0,0,0.969393267486394,0.9613465027212256,False,False,False,False,-0.18828569232128753,-0.1613065423061702,False,False,False,False,-51257.0,-15053.553743148394,False,False,False,False,6423.887600351442,False,False,False,False
2025-04-21 16:00:00+00:00,171.57,172.68,170.17,170.21,8072.0,,,,,,,,,,,,,,,,,,,,,,180.07991226176523,180.14995044984502,,,,,,,,180.11493135580514,"rgba(239, 83, 80, 1.0)",9.0646393054957,183.27983111922094,-1.441847896947976,25.929160480051866,-19.018328235442436,False,True,False,True,False,0.0,0.0,0.0,0.0,0.0,0,0.9730293656786098,0.958383060947788,False,False,False,False,-0.19590358630037816,-0.17860506430327416,False,False,False,False,-59329.0,-15739.994770386404,False,False,False,False,6449.4397305785515,False,False,False,False
2025-04-21 17:00:00+00:00,169.99,170.52,167.36,167.88,19551.0,,,,,,,,,,,,,,,,,,,,,168.58666666666667,178.15655038560632,179.74821152116968,,,,,,168.58666666666667,,175.49714285781423,"rgba(239, 83, 80, 1.0)",9.119449281518978,181.00646022773597,-1.4393917683535349,21.930811312534505,-22.24802106270961,False,True,False,True,False,0.0,1.0,170.52,167.36,0.0,0,0.968471210903571,0.961165363790598,False,False,False,False,-0.2175403356111987,-0.19807269995723642,False,False,False,False,-78880.0,-16718.909580147854,True,False,False,False,6652.564695995938,False,False,False,False
2025-04-21 18:00:00+00:00,167.88,169.655,167.63,168.865,8301.0,,,,,,,,,,,,,,,,,,,,,168.62541181961797,177.53031786941582,179.58784970028313,,,,,,168.62541181961797,,175.24785979643897,"rgba(239, 83, 80, 1.0)",9.196748003878636,180.71451134136208,-1.2884458002290224,20.989431794233134,-22.83616927641096,False,True,False,True,False,0.0,0.0,0.0,0.0,0.0,0,0.9683759010992595,0.9656603712039664,False,False,False,False,-0.22014375883555573,-0.20910822939639606,False,False,False,False,-70579.0,-17553.94974169595,False,False,False,False,6678.121832492125,False,False,False,False
2025-04-21 19:00:00+00:00,168.99,173.33,168.93,172.6,13892.0,,,,,,,,,,,,,,,,,,,,,169.6219818417018,176.93971972061976,179.39861478533362,,,,,,169.6219818417018,,175.3201054492184,"rgba(239, 83, 80, 0.75)",9.191659798254376,180.46828868271996,-0.8560247937172633,25.864248049620212,-22.83616927641096,False,True,False,True,True,0.0,0.0,0.0,0.0,0.0,0,0.964425014626536,0.9616378469739321,False,False,False,False,-0.19846230260394285,-0.20378526600016944,False,False,False,False,-56687.0,-18160.663699189034,False,False,False,False,6789.964904856588,False,False,False,False
2025-04-22 14:00:00+00:00,178.15,179.02,176.46,177.28,3260.0,,,,,,,,,,,,,,,,,,,,,170.19892772494296,176.95454272735367,179.38857221265425,,,,,,170.19892772494296,,175.5140142216503,"rgba(239, 83, 80, 0.75)",9.136565738092477,180.50018112716148,-0.35244983941130026,33.908598694308736,-23.569777267635363,False,True,False,True,True,0.0,0.0,0.0,0.0,0.0,0,0.968529155506793,0.9581545064377681,False,False,False,False,-0.14167752720102775,-0.1727313966005986,False,False,False,False,-53427.0,-18707.428603077573,False,False,False,False,6735.2367667967965,False,False,False,False
2025-04-22 15:00:00+00:00,177.65,179.37,175.755,176.835,2211.0,,,,,,,,,,,,,,,,,,,,,170.5323957075788,176.9601348738924,179.38082560413636,,,,,,170.5323957075788,,175.6244520618692,"rgba(239, 83, 80, 0.75)",9.115593227645183,180.51475938534236,-0.4036774451697355,38.882538391443525,-19.330034632475304,False,True,False,True,True,0.0,0.0,0.0,0.0,0.0,0,0.9676975779214514,0.9569944353308244,False,False,False,False,-0.14318900509048396,-0.1579602008455413,False,False,False,False,-55638.0,-19279.99560147947,False,False,False,False,6665.093561110024,False,False,False,False
2025-04-22 16:00:00+00:00,176.835,179.36,176.835,177.94,2074.0,,,,,,,,,,,,,,,,,,,,,170.84851373193476,176.9754862849982,179.376149461469,,,,,,170.84851373193476,,175.7333831594673,"rgba(239, 83, 80, 0.5)",9.0665844249714,180.5327801151035,-0.2859709890267385,43.24248609214768,-15.547464900548633,False,False,False,True,True,0.0,0.0,0.0,0.0,0.0,0,0.9685754703866943,0.9634239081550046,False,False,False,False,-0.13863522652512203,-0.14829771368533168,False,False,False,False,-53564.0,-19811.530553394514,False,False,False,False,6593.913815976535,False,False,False,False
2025-04-22 17:00:00+00:00,177.94,178.44,175.91,177.13,1658.0,,,,,,,,,,,,,,,,,,,,,171.05391236644616,176.97755019958396,179.36996503875105,,,,,,171.05391236644616,,175.80047586826038,"rgba(239, 83, 80, 0.5)",8.545138936345051,180.5388443329706,-0.3989220489408031,45.31685218130495,-13.69845928061683,False,False,False,True,True,0.0,0.0,0.0,0.0,0.0,0,0.9646754903002708,0.9663595562567955,False,False,False,False,-0.14649097915786366,-0.14739434642159766,False,False,False,False,-55222.0,-20360.530079698474,False,False,False,False,6517.388020379999,False,False,False,False
2025-04-22 18:00:00+00:00,177.13,178.12,176.84,177.89,1244.0,,,,,,,,,,,,,,,,,,,,,171.21033907506398,176.98286943557974,179.36630164646098,,,,,,171.21033907506398,,175.85317005236823,#000000,8.178752277139198,180.54513503215406,-0.3246381528849537,47.51288262112372,-11.505650126607364,True,False,False,False,True,0.0,0.0,0.0,0.0,0.0,0,0.9649039407251984,0.9687807356894627,False,False,False,False,-0.14389174383520345,-0.14564304512840054,False,False,False,False,-53978.0,-20881.731163734155,False,False,False,False,6435.630066575658,False,False,False,False
2025-04-22 19:00:00+00:00,177.92,177.945,175.875,177.36,6547.0,,,,,,,,,,,,,,,,,,,,,171.86234850806403,176.98610611518478,179.34121653306747,,,,,,171.86234850806403,,176.0632237187721,#000000,7.7624189528779475,180.5531261323152,-0.41135709779376645,48.34558587012469,-10.39753751551521,True,False,False,False,True,0.0,0.0,0.0,0.0,0.0,0,0.9636926910026716,0.9673644008064647,False,False,False,False,-0.1487509266714318,-0.14719698589991617,False,False,False,False,-60525.0,-21496.355486777036,False,False,False,False,6437.3567322101435,False,False,False,False
2025-04-23 14:00:00+00:00,192.36,194.665,189.195,190.105,8476.0,,,,,,,,,,,,,,,,,,,,,174.31625960861328,177.72479377923142,179.50757650844824,,,,,,174.31625960861328,,177.18287663209765,"rgba(38, 166, 154, 1.0)",7.572879450458059,181.01381507018968,1.2004924928866278,57.178283185779655,-1.9221230042617776,True,False,True,False,True,1.7690065416439396,0.0,0.0,0.0,0.0,0,0.9663180301369207,0.9598841257012075,False,False,False,False,-0.01603195246575309,-0.08161446918283463,False,False,False,False,-52049.0,-21970.039897834755,False,False,False,False,6468.963604578978,False,False,False,False
2025-04-23 15:00:00+00:00,190.1,191.24,187.615,188.43,3555.0,,,,,,,,,,,,,,,,,,,,,175.05865277640396,177.96532817207884,179.5630907318005,,,,,,175.05865277640396,,177.52902389342776,"rgba(38, 166, 154, 1.0)",7.316892709266531,181.15556527921586,0.9941972651275018,61.35976289642458,1.9765639881033223,True,False,True,False,True,0.7614538802368429,0.0,0.0,0.0,0.0,0,0.966599530043639,0.9631068271551655,False,False,False,False,-0.00619494052307558,-0.043904704852955105,False,False,False,False,-55604.0,-22491.496643604758,False,False,False,False,6423.785874275428,False,False,False,False
2025-04-23 16:00:00+00:00,187.92,189.19,187.38,187.99,3431.0,,,,,,,,,,,,,,,,,,,,,175.66569072327042,178.169840776465,179.6110144636454,,,,,,175.66569072327042,,177.81551532112698,"rgba(38, 166, 154, 1.0)",7.192209248476623,181.27244208927027,0.9340047930547319,63.686793253301325,4.265231925926159,True,False,True,False,True,0.49586079451092147,0.0,0.0,0.0,0.0,0,0.9701027767469631,0.9623743526033012,False,False,False,False,-0.009642373798275285,-0.026773539325615194,False,False,False,False,-59035.0,-23058.06258711476,False,False,False,False,6377.386093278909,False,False,False,False
2025-04-23 17:00:00+00:00,187.99,188.86,186.445,188.33,2302.0,,,,,,,,,,,,,,,,,,,,,176.03317789077408,178.29844562089997,179.64172562365957,,,,,,176.03317789077408,,177.99111637844453,"rgba(38, 166, 154, 1.0)",7.212807104333453,181.34441145513824,0.9684979015541438,65.41689026754491,6.174629743645895,True,False,True,False,True,0.7012370409923427,0.0,0.0,0.0,0.0,0,0.9720609022252739,0.9611970437381364,False,False,False,False,-0.013335841766988122,-0.020054690546301657,False,False,False,False,-56733.0,-23580.154640027708,False,False,False,False,6314.201812762957,False,False,False,False
2025-04-23 18:00:00+00:00,188.33,190.205,188.305,189.22,6058.0,,,,,,,,,,,,,,,,,,,,,177.0024986474483,178.66713371664127,179.7346809866181,,,,,,177.0024986474483,,178.46810445023587,"rgba(38, 166, 154, 1.0)",7.196662765126191,181.54967965443046,1.0658162812267111,67.06316198904882,8.140717228180108,True,False,True,False,True,1.2443002883985272,0.0,0.0,0.0,0.0,0,0.9748871172284556,0.9571651279068827,False,False,False,False,0.005394612688018399,-0.007330038929141629,False,False,False,False,-50675.0,-24000.229761887742,False,False,False,False,6310.229691634849,False,False,False,False
2025-04-23 19:00:00+00:00,189.24,189.29,185.89,187.07,10782.0,,,,,,,,,,,,,,,,,,,,,178.20544651210957,179.1620317560242,179.86480415398717,,,,,,178.20544651210957,,179.07742747404032,"rgba(38, 166, 154, 1.0)",7.12924900963911,181.8086508597092,0.7379948621765337,65.47893198975201,8.140717228180108,True,False,True,False,True,0.0,0.0,0.0,0.0,0.0,0,0.9723451773375582,0.9579614445008828,False,False,False,False,-0.008065852407234696,-0.007697945668188162,False,False,False,False,-61457.0,-24580.954881858474,False,False,False,False,6379.559463857564,False,False,False,False
2025-04-24 14:00:00+00:00,193.66,197.68,193.66,197.68,3574.0,,,,,,,,,,,,,,,,,,,,,178.87419980532968,179.47817982704578,179.9567930213314,,,,,,178.87419980532968,,179.43639088456894,"rgba(38, 166, 154, 1.0)",7.298080249855582,181.98757815374293,2.1502122899467437,69.30133381195652,10.998597665453246,True,False,True,False,True,6.040709344980275,0.0,0.0,0.0,0.0,0,0.9761914222367034,0.945977733099168,False,False,False,False,0.07202261037594118,0.03216233235387651,False,False,False,False,-57883.0,-25097.265658883924,False,False,False,False,6336.062417906284,False,False,False,False
2025-04-24 15:00:00+00:00,197.68,200.32,197.24,198.77,8653.0,,,,,,,,,,,,,,,,,,,,,180.5055124610444,180.3014101761426,180.20780937671478,,,,,,180.5055124610444,,180.3382440046339,"rgba(38, 166, 154, 1.0)",7.449266994594538,182.4555692164393,2.1900719621674267,72.17967570382532,14.059807924728716,True,False,True,False,True,6.627223415466574,0.0,0.0,0.0,0.0,0,0.9821429991174858,0.9443618467605364,False,False,False,False,0.14829921750956393,0.09023077493172021,False,False,False,False,-49230.0,-25471.416578901226,False,False,False,False,6371.983930806962,False,False,False,False
2025-04-24 16:00:00+00:00,198.94,201.42,198.87,200.75,5569.0,,,,,,,,,,,,,,,,,,,,,181.4997303502552,180.8370314019397,180.3792124199238,,,,,,181.4997303502552,,180.90532472403956,"rgba(38, 166, 154, 1.0)",7.656645864926738,182.76065442656312,2.349507328769346,74.69203678265393,16.7627633619786,True,False,True,False,True,7.688401255348666,0.0,0.0,0.0,0.0,0,0.9971333553431521,0.9406862231956645,False,False,False,False,0.163564244678304,0.1268975098050121,False,False,False,False,-43661.0,-25753.42562418958,False,False,False,False,6359.534567538637,False,False,False,False
2025-04-24 17:00:00+00:00,200.75,201.31,198.78,200.12,4603.0,,,,,,,,,,,,,,,,,,,,,182.23826683428226,181.25262510229916,180.5167641634088,,,,,,182.23826683428226,,181.3358853666634,"rgba(38, 166, 154, 1.0)",7.860245822325547,182.99679551871844,2.1784566117062556,75.6209596375522,18.037945257603667,True,False,True,False,True,7.273814074073698,0.0,0.0,0.0,0.0,0,0.9935754482292231,0.9398281955704406,False,False,False,False,0.18925145363636423,0.15807448172068816,False,False,False,False,-48264.0,-26102.426777302917,False,False,False,False,6332.30147346827,False,False,False,False
2025-04-24 18:00:00+00:00,200.12,201.07,200.12,200.285,10419.0,,,,,,,,,,,,,,,,,,,,,183.74573491333754,182.14974902060823,180.8276918424474,,,,,,183.74573491333754,,182.24105859213105,"rgba(38, 166, 154, 1.0)",8.056324539769294,183.50786956054415,2.082479467732104,76.30182866586992,19.175653744352715,True,False,True,False,True,7.3644423397306085,0.0,0.0,0.0,0.0,0,1.0020880712857827,0.9364352252769932,False,False,False,False,0.22309611440109295,0.19058529806089056,False,False,False,False,-37845.0,-26284.482176104422,False,False,False,False,6395.661140546282,False,False,False,False
2025-04-24 19:00:00+00:00,200.25,200.285,198.71,198.95,39632.0,,,,,,,,,,,,,,,,,,,,,187.4675134907997,184.73572699915104,181.86113429546802,,,,,,187.4675134907997,,184.68812492847292,"rgba(38, 166, 154, 1.0)",8.17298121917626,184.99747366747155,1.7071526237930945,74.9569162983503,19.175653744352715,True,False,True,False,True,6.464434395589773,0.0,0.0,0.0,0.0,0,1.0030488793746557,0.9319759333138723,False,False,False,False,0.21602166483256052,0.20330348144672555,False,False,False,False,-77477.0,-27078.164622986522,False,False,False,False,6910.95321588665,False,False,False,False
2025-04-25 14:00:00+00:00,199.27,199.87,197.235,197.7,1973.0,,,,,,,,,,,,,,,,,,,,,187.59453651437028,184.8364647371684,181.9066667698147,,,,,,187.59453651437028,,184.77922267378446,"rgba(38, 166, 154, 0.75)",8.266799422066773,185.05657433942812,1.5294220913141372,72.41739228067819,19.175653744352715,True,False,True,False,False,5.622716272495744,0.0,0.0,0.0,0.0,0,1.0015159990595945,0.9313990158166532,False,False,False,False,0.20950520422698138,0.20640434283685347,False,False,False,False,-79450.0,-27890.131062940218,False,False,False,False,6834.395801686856,False,False,False,False
2025-04-25 15:00:00+00:00,197.44,198.81,197.33,198.23,1940.0,,,,,,,,,,,,,,,,,,,,,187.71489752806337,184.93301217680525,181.95079734377714,,,,,,187.71489752806337,,184.86623568288192,"rgba(38, 166, 154, 0.75)",8.283005041802245,185.1133184626978,1.5835655623901699,71.06740276354452,19.175653744352715,True,False,True,False,False,5.931474541024215,0.0,0.0,0.0,0.0,0,1.002142074729198,0.9317943932816748,False,False,False,False,0.2152786320811025,0.210841487458978,False,False,False,False,-77510.0,-28659.431356538043,False,False,False,False,6758.513696234348,False,False,False,False
2025-04-25 16:00:00+00:00,198.23,200.87,198.02,200.68,1621.0,,,,,,,,,,,,,,,,,,,,,187.82977680951322,185.02307503487162,181.99141999749008,,,,,,187.82977680951322,,184.94809061395833,"rgba(38, 166, 154, 0.75)",8.326211370352226,185.16677984729608,1.8631787571407357,71.65187067895934,19.175653744352715,True,False,True,False,False,7.351588020755244,0.0,0.0,0.0,0.0,0,1.0093241231174794,0.9272620762039592,False,False,False,False,0.23349404022559303,0.2221677638422855,False,False,False,False,-75889.0,-29391.67273085528,False,False,False,False,6678.862321098932,False,False,False,False
2025-04-25 17:00:00+00:00,200.49,201.39,198.89,198.98,2721.0,,,,,,,,,,,,,,,,,,,,,188.0161862121534,185.17079836604316,182.05880409554848,,,,,,188.0161862121534,,185.081929557915,"rgba(38, 166, 154, 0.75)",8.34194728114727,185.2546787547761,1.645337806946226,69.63802838864669,19.175653744352715,True,False,True,False,False,6.169921978689633,0.0,0.0,0.0,0.0,0,1.0108010213654646,0.9264649497067247,False,False,False,False,0.24275860565783022,0.23246318475005787,False,False,False,False,-78610.0,-30154.747572237367,False,False,False,False,6617.500114570266,False,False,False,False
2025-04-25 18:00:00+00:00,199.065,201.76,199.065,201.5,4102.0,,,,,,,,,,,,,,,,,,,,,188.30996644194838,185.40319546256052,182.16523693073216,,,,,,188.30996644194838,,185.292799611747,"rgba(38, 166, 154, 0.75)",8.413145364721023,185.39407002871351,1.914376760780069,69.92006517314884,19.175653744352715,True,False,True,False,False,7.632103555052215,0.0,0.0,0.0,0.0,0,1.0111455613577025,0.9234823759791123,False,False,False,False,0.24640221571373339,0.2394327002318956,False,False,False,False,-74508.0,-30842.394896698803,False,False,False,False,6578.500112793983,False,False,False,False
2025-04-25 19:00:00+00:00,201.5,202.39,200.03,200.57,8272.0,,,,,,,,,,,,,,,,,,,,,188.87290937358628,185.85786464997526,182.3787400540198,,,,,,188.87290937358628,,185.7031713591938,"rgba(38, 166, 154, 0.75)",8.512339928248458,185.66919181766107,1.750494964714712,68.80247792147091,23.53848704588377,True,False,True,False,False,6.9763091027174795,0.0,0.0,0.0,0.0,0,1.0126999902245106,0.9201994199876177,False,False,False,False,0.2571029624070029,0.24826783131944927,False,False,False,False,-82780.0,-31647.629084346885,False,False,False,False,6604.755924998727,False,False,False,False
2025-04-28 14:00:00+00:00,200.8,203.26,200.495,201.92,2914.0,,,,,,,,,,,,,,,,,,,,,189.07327728629147,186.0208806299784,182.4563632082039,,,,,,189.07327728629147,,185.85017370815794,"rgba(38, 166, 154, 0.75)",8.476000261469517,185.76880204453826,1.9055211723957084,68.98461700702596,23.342956289706265,True,False,True,False,False,7.76667512707796,0.0,0.0,0.0,0.0,0,1.0121883656509696,0.9225028515561347,False,False,False,False,0.2661037980478546,0.2571858146836519,False,False,False,False,-79866.0,-32395.20072645003,False,False,False,False,6547.534902905723,False,False,False,False
2025-04-28 15:00:00+00:00,202.125,202.125,197.465,198.35,2841.0,,,,,,,,,,,,,,,,,,,,,189.22465934872199,186.15134646610514,182.52148839416716,,,,,,189.22465934872199,,185.9658314029981,"rgba(38, 166, 154, 0.75)",8.387960076934746,185.84829903946877,1.490434008491345,64.51955787332862,18.90836079936261,True,False,True,False,False,5.2505936759471865,0.0,0.0,0.0,0.0,0,1.0052422725170211,0.9256100430905062,False,False,False,False,0.25059928952845656,0.2538925521060542,False,False,False,False,-82707.0,-33175.22862216398,False,False,False,False,6490.069245496333,False,False,False,False
2025-04-28 16:00:00+00:00,198.35,199.36,197.68,198.785,824.0,,,,,,,,,,,,,,,,,,,,,189.26472228842832,186.1867075929511,182.53949409140154,,,,,,189.26472228842832,,185.99697465759368,"rgba(38, 166, 154, 0.75)",8.323623473567784,185.8698542507023,1.5516254177415152,61.93481575221888,16.426037505068848,True,False,True,False,False,5.513236919594654,0.0,0.0,0.0,0.0,0,1.0114149430486454,0.9265759282865249,False,False,False,False,0.23321830828674853,0.24355543019640136,False,False,False,False,-81883.0,-33930.38786833198,False,False,False,False,6402.223210682436,False,False,False,False
2025-04-28 17:00:00+00:00,198.785,199.7,198.15,199.68,595.0,,,,,,,,,,,,,,,,,,,,,189.29518592077963,186.21327941518575,182.55292970421823,,,,,,189.29518592077963,,186.02046501339456,"rgba(38, 166, 154, 0.75)",8.444624241289572,185.88609729286168,1.6334536994190605,61.04388849197447,15.510102149897094,True,False,True,False,False,6.058260954734308,0.0,0.0,0.0,0.0,0,1.0137986077969954,0.9235358006812909,False,False,False,False,0.23872386929242514,0.24113964974441326,False,False,False,False,-81288.0,-34664.614413009,False,False,False,False,6312.188742299762,False,False,False,False
2025-04-28 18:00:00+00:00,199.68,202.24,199.16,201.825,1670.0,,,,,,,,,,,,,,,,,,,,,189.39593254466152,186.29811847603028,182.5948171354852,,,,,,189.39593254466152,,186.0962893853923,"rgba(38, 166, 154, 0.75)",8.59296397961459,185.93829546760486,1.848803808567539,62.27940167886986,15.510102149897094,True,False,True,False,False,7.355805536005935,0.0,0.0,0.0,0.0,0,1.0177704384689328,0.9184350840871187,False,False,False,False,0.26302642089032346,0.25208303531736836,False,False,False,False,-79618.0,-35361.56612753599,False,False,False,False,6240.216823814494,False,False,False,False
2025-04-28 19:00:00+00:00,201.75,204.23,201.71,203.22,6788.0,,,,,,,,,,,,,,,,,,,,,189.85475491578939,186.67808045274293,182.78116302130854,,,,,,189.85475491578939,,186.4379994632803,"rgba(38, 166, 154, 1.0)",8.766883755576014,186.17430252142339,1.9443279908593534,64.15734308891572,15.510102149897094,True,False,True,False,True,8.190256259356552,0.0,0.0,0.0,0.0,0,1.0235261328611716,0.9121007934946553,False,False,False,False,0.29455943162882825,0.27332123347309834,False,False,False,False,-72830.0,-35942.47207904705,False,False,False,False,6248.709586235975,False,False,False,False
2025-04-29 14:00:00+00:00,202.54,205.5,202.015,203.64,3138.0,,,,,,,,,,,,,,,,,,,,,190.06677156892846,186.85486654830743,182.8689540045271,,,,,,190.06677156892846,,186.59686404058766,"rgba(38, 166, 154, 1.0)",8.955009829924972,186.2849558463208,1.9380262538276403,65.72476666842164,11.402342871456284,True,False,True,False,True,8.442497555844792,0.0,0.0,0.0,0.0,0,1.0241123281629054,0.9104200870722963,False,False,False,False,0.3056301551152019,0.2894756942941501,False,False,False,False,-69692.0,-36465.720573945546,False,False,False,False,6200.481530635417,False,False,False,False
2025-04-29 15:00:00+00:00,203.64,205.13,203.45,204.97,1632.0,,,,,,,,,,,,,,,,,,,,,190.1807928760341,186.94965103699099,182.91605879921596,,,,,,190.1807928760341,,186.682167570747,"rgba(38, 166, 154, 1.0)",9.164466349355386,186.34452688098233,2.0323576309850004,67.75669747001255,13.429047370197495,True,False,True,False,True,9.244698980897663,0.0,0.0,0.0,0.0,0,1.0281036388195326,0.9120707298104866,False,False,False,False,0.31315731546096676,0.30131650487755846,False,False,False,False,-68060.0,-36955.554363496776,False,False,False,False,6129.652359617813,False,False,False,False
2025-04-29 16:00:00+00:00,205.05,206.465,204.18,204.18,2542.0,,,,,,,,,,,,,,,,,,,,,190.36001166224855,187.09880071179407,182.99045777124587,,,,,,190.36001166224855,,186.8164233817628,"rgba(38, 166, 154, 1.0)",9.323487100420659,186.4385679899251,1.9028751602256673,67.68107832842514,13.515627484620133,True,False,True,False,True,8.633732664884985,0.0,0.0,0.0,0.0,0,1.0339706075749608,0.9095213045765387,False,False,False,False,0.32785160025357307,0.31458405256556576,False,False,False,False,-70602.0,-37477.204683442564,False,False,False,False,6074.029842414436,False,False,False,False
2025-04-29 17:00:00+00:00,204.18,207.25,204.18,207.25,2365.0,,,,,,,,,,,,,,,,,,,,,190.53724039263844,187.24519628402285,183.06325204404365,,,,,,190.53724039263844,,186.94856290690166,"rgba(38, 166, 154, 1.0)",9.55622259044843,186.53126574421339,2.1680882858981603,69.87212109330895,15.757991530614191,True,False,True,False,True,10.488946719087547,0.0,0.0,0.0,0.0,0,1.0300042722402976,0.9108087679516249,False,False,False,False,0.3334733116919706,0.3240286821287682,False,False,False,False,-68237.0,-37954.100734862055,False,False,False,False,6016.525503772352,False,False,False,False
2025-04-29 18:00:00+00:00,207.14,209.39,207.14,209.28,7646.0,,,,,,,,,,,,,,,,,,,,,191.16690519929256,187.7609147523796,183.3193350975591,,,,,,191.16690519929256,,187.41571834974377,"rgba(38, 166, 154, 1.0)",9.842273464751607,186.8603881835358,2.2778895441948595,72.47842279017115,18.30107386020852,True,False,True,False,True,11.683201983481894,0.0,0.0,0.0,0.0,0,1.031461136485208,0.9113360490474428,False,False,False,False,0.34282825302331105,0.3334284675760396,False,False,False,False,-60591.0,-38305.06041339132,False,False,False,False,6041.7886742565015,False,False,False,False
2025-04-29 19:00:00+00:00,209.17,209.655,206.735,207.63,11388.0,,,,,,,,,,,,,,,,,,,,,191.99793258480528,188.46374738600545,183.68258720513307,,,,,,191.99793258480528,,188.04808905864795,"rgba(38, 166, 154, 1.0)",10.069439507738185,187.31458481513243,2.0175318764520633,71.39872599956212,18.30107386020852,True,False,True,False,True,10.37238435544969,0.0,0.0,0.0,0.0,0,1.027794899611266,0.9120951371253398,False,False,False,False,0.3418541080667123,0.3376412878213759,False,False,False,False,-71979.0,-38827.13699612944,False,False,False,False,6124.67567155485,False,False,False,False
2025-04-30 14:00:00+00:00,198.975,200.635,198.67,200.34,5927.0,,,,,,,,,,,,,,,,,,,,,192.19534985839488,188.6663829826521,183.80569869689012,,,,,,192.19534985839488,,188.22247717931236,"rgba(38, 166, 154, 0.75)",10.146621117796148,187.44763909863144,1.2706063182704894,62.579057128269504,17.441416775225022,True,False,True,False,False,4.923597021848913,0.0,0.0,0.0,0.0,0,1.0227791361043197,0.9190790546047268,False,False,False,False,0.22698267708026515,0.28231198245082056,False,False,False,False,-77906.0,-39433.01084115069,False,False,False,False,6121.610932460976,False,False,False,False
2025-04-30 15:00:00+00:00,200.475,202.7,200.475,202.59,3994.0,,,,,,,,,,,,,,,,,,,,,192.35675131395814,188.8230320922705,183.8980035324644,,,,,,192.35675131395814,,188.3592623128977,"rgba(38, 166, 154, 0.5)",10.258480544899848,187.55103475492234,1.4660031940650802,58.69285609753324,14.19969320573476,False,False,True,False,False,6.304426701219818,0.0,0.0,0.0,0.0,0,1.0278368388341896,0.9139298681757221,False,False,False,False,0.25239281101208905,0.26735239673145483,False,False,False,False,-73912.0,-39967.568812605714,False,False,False,False,6088.624716453828,False,False,False,False
2025-04-30 16:00:00+00:00,202.59,202.99,201.08,202.09,1708.0,,,,,,,,,,,,,,,,,,,,,192.42507738809846,188.88955927451372,183.9374766647996,,,,,,192.42507738809846,,188.41737110913724,"rgba(38, 166, 154, 0.5)",10.3582599998853,187.59512181419493,1.399354542748066,55.65331933662333,11.656302211785231,False,False,True,False,False,5.942760658048691,0.0,0.0,0.0,0.0,0,1.037001897533207,0.9082336440887714,False,False,False,False,0.258313897050777,0.2628331468911159,False,False,False,False,-75620.0,-40520.3196837281,False,False,False,False,6020.7080541832265,False,False,False,False
2025-04-30 17:00:00+00:00,202.075,203.62,201.18,203.21,2096.0,,,,,,,,,,,,,,,,,,,,,192.51290693378166,188.97407241873364,183.9873237706027,,,,,,192.51290693378166,,188.4914343743727,"rgba(38, 166, 154, 0.5)",10.464808365044997,187.65123799556557,1.4867698921658699,54.676844595247225,10.854888920394892,False,True,True,False,False,6.637835057888363,0.0,0.0,0.0,0.0,0,1.0328371314727836,0.9143534050713652,False,False,False,False,0.26315652412879026,0.26299483550995306,False,False,False,False,-73524.0,-41032.004649871844,False,False,False,False,5959.859867296665,False,False,False,False
2025-04-30 18:00:00+00:00,203.13,203.94,202.72,203.12,2603.0,,,,,,,,,,,,,,,,,,,,,192.62612259131558,189.08205589433848,184.05080360016305,,,,,,192.62612259131558,,188.58632736193906,"rgba(38, 166, 154, 0.5)",10.571598363301245,187.7231235827763,1.4564378902884876,53.9271817729791,10.045109935338566,False,True,True,False,False,6.570513572725151,0.0,0.0,0.0,0.0,0,1.0345017205035703,0.914058138856719,False,False,False,False,0.2755505871629719,0.26927271133646247,False,False,False,False,-76127.0,-41576.11310491259,False,False,False,False,5907.815528268809,False,False,False,False
2025-04-30 19:00:00+00:00,203.12,205.75,203.12,204.98,7592.0,,,,,,,,,,,,,,,,,,,,,192.9835545879077,189.41714537838368,184.24649442286608,,,,,,192.9835545879077,,188.88239812971915,"rgba(38, 166, 154, 0.5)",10.70794647374945,187.9473847597885,1.5906518847443798,55.25848737627325,10.045109935338566,False,True,True,False,False,7.740180646650124,0.0,0.0,0.0,0.0,0,1.0411387349817975,0.9102312950335887,False,False,False,False,0.290385324265112,0.2798290178007872,False,False,False,False,-68535.0,-41994.08034359611,False,False,False,False,5933.926915427432,False,False,False,False
2025-05-01 14:00:00+00:00,212.37,216.44,212.17,216.34,5424.0,,,,,,,,,,,,,,,,,,,,,193.44231325705738,189.80516002771984,184.45403538135625,,,,,,193.44231325705738,,189.2338362220445,"rgba(38, 166, 154, 0.5)",11.120054129672457,188.20670494221415,2.529960261858413,62.35127252608004,6.0088804317933295,False,False,True,False,True,14.2153646115889,0.0,0.0,0.0,0.0,0,1.0394821685432272,0.8963262404311955,False,False,False,False,0.3428282531652333,0.31132863548301026,False,False,False,False,-63111.0,-42321.47444679617,False,False,False,False,5926.021071777393,False,False,False,False
2025-05-01 15:00:00+00:00,216.28,216.28,212.66,212.87,3796.0,,,,,,,,,,,,,,,,,,,,,193.7371044142315,190.05878063783177,184.59270136618207,,,,,,193.7371044142315,,189.46286213941514,"rgba(38, 166, 154, 0.5)",11.409789325813955,188.37732653961518,2.146636783640837,63.71308024530869,7.248507163813521,False,False,True,False,True,11.616276557320298,0.0,0.0,0.0,0.0,0,1.0391062835824592,0.899989270120587,False,False,False,False,0.3428282531687053,0.32707844432585775,False,False,False,False,-66907.0,-42702.64538560554,False,False,False,False,5892.997489269217,False,False,False,False
2025-05-01 16:00:00+00:00,213.02,214.02,212.555,213.315,3356.0,,,,,,,,,,,,,,,,,,,,,193.98271502157706,190.27271264358362,184.71156232507073,,,,,,193.98271502157706,,189.65566333007715,"rgba(38, 166, 154, 0.5)",11.696806114075281,188.52198487555106,2.1196397446149353,64.82997451093959,8.434099094327735,False,False,True,False,True,11.856995927727652,0.0,0.0,0.0,0.0,0,1.0345879621953245,0.9085309235615985,False,False,False,False,0.32815648093899497,0.32761746263242636,False,False,False,False,-63551.0,-43025.87568970468,False,False,False,False,5853.664194861943,False,False,False,False
2025-05-01 17:00:00+00:00,213.36,214.3,212.39,212.885,1611.0,,,,,,,,,,,,,,,,,,,,,194.09780969932305,190.37355256102487,184.76806253576297,,,,,,194.09780969932305,,189.74647493203693,"rgba(38, 166, 154, 0.5)",11.959275054861664,188.59039326863996,2.0314447673384546,65.12958610862393,9.003551054433423,False,False,True,False,True,11.532956986595241,0.0,0.0,0.0,0.0,0,1.0321682159070125,0.9108452367095132,False,False,False,False,0.32886671536723905,0.3282420889998327,False,False,False,False,-65162.0,-43369.07141544569,False,False,False,False,5787.886455406719,False,False,False,False
2025-05-01 18:00:00+00:00,212.885,213.75,212.5,213.2,2401.0,,,,,,,,,,,,,,,,,,,,,194.26643863600623,190.5219347352237,184.85173161161777,,,,,,194.26643863600623,,189.88003499428257,"rgba(38, 166, 154, 1.0)",12.215499256685693,188.69131255303054,2.0063598656072563,65.51370730397028,9.766999364362427,True,False,True,False,True,11.709458013710485,0.0,0.0,0.0,0.0,0,1.0273907536415454,0.9148611712942901,False,False,False,False,0.3261510211333774,0.32719655506660505,False,False,False,False,-62761.0,-43669.72147102017,False,False,False,False,5735.376587881033,False,False,False,False
2025-05-01 19:00:00+00:00,213.21,213.44,210.865,210.865,7977.0,,,,,,,,,,,,,,,,,,,,,194.76511060618546,190.97110187759895,185.11236559035183,,,,,,194.76511060618546,,190.28285935804539,"rgba(38, 166, 154, 0.5)",12.405547762888018,188.9993910256324,1.7625669895673577,63.14878543575607,9.766999364362427,False,False,True,False,True,9.923073555341219,0.0,0.0,0.0,0.0,0,1.027294267366606,0.9171543633151652,False,False,False,False,0.31420129601092933,0.3206989255387672,False,False,False,False,-70738.0,-44089.38470402761,False,False,False,False,5770.130439231714,False,False,False,False
2025-05-02 14:00:00+00:00,215.835,217.48,214.93,216.64,1472.0,,,,,,,,,,,,,,,,,,,,,194.8782940060298,191.06993213385934,185.1681749742284,,,,,,194.8782940060298,,190.37213370470582,"rgba(38, 166, 154, 0.5)",12.716174987956203,189.067137393542,2.1683299130888742,65.01178408005744,9.766999364362427,False,False,True,False,True,13.139410521242457,0.0,0.0,0.0,0.0,0,1.028963959099933,0.9015208778064806,False,False,False,False,0.34282825320408045,0.3317635893714238,False,False,False,False,-69266.0,-44479.719824895394,False,False,False,False,5703.492758003315,False,False,False,False
2025-05-02 15:00:00+00:00,216.64,218.98,216.64,218.945,1339.0,,,,,,,,,,,,,,,,,,,,,194.98895181876205,191.16565557629352,185.2217516513237,,,,,,194.98895181876205,,190.4587863487931,"rgba(38, 166, 154, 1.0)",13.06858583028792,189.13272981706513,2.281216236407276,67.29855811988429,12.076149948388668,True,False,True,False,True,14.360046685198316,0.0,0.0,0.0,0.0,0,1.0313726468436109,0.9012505820528172,False,False,False,False,0.342828253235063,0.3372959213032434,False,False,False,False,-67927.0,-44843.24354854042,False,False,False,False,5635.8262036156675,False,False,False,False
2025-05-02 16:00:00+00:00,218.945,220.61,218.93,220.15,3917.0,,,,,,,,,,,,,,,,,,,,,195.33011044011707,191.45929654755545,185.38555717365114,,,,,,195.33011044011707,,190.72498805377458,"rgba(38, 166, 154, 1.0)",13.426593133448627,189.33421873866286,2.295130339845347,69.34514239462558,14.192827188374721,True,False,True,False,True,14.991692464110596,0.0,0.0,0.0,0.0,0,1.0583200462565487,0.8918577961558003,False,False,False,False,0.3428282532708142,0.3400620872870288,False,False,False,False,-64010.0,-45140.402563291726,False,False,False,False,5609.177735342557,False,False,False,False
2025-05-02 17:00:00+00:00,220.345,220.96,219.54,220.495,6879.0,,,,,,,,,,,,,,,,,,,,,195.9173809938446,191.96838581957317,185.67309535913017,,,,,,195.9173809938446,,191.18628739084932,"rgba(38, 166, 154, 1.0)",13.726784562760178,189.68561902159408,2.2444718089325635,70.86552680226988,15.812125261261272,True,False,True,False,True,15.173751602163268,0.0,0.0,0.0,0.0,0,1.0596884592315563,0.8825371343894436,False,False,False,False,0.3428282532792417,0.34144517028313526,False,False,False,False,-57131.0,-45326.30329874456,False,False,False,False,5628.864902236471,False,False,False,False
2025-05-02 18:00:00+00:00,220.495,220.91,219.57,219.61,6213.0,,,,,,,,,,,,,,,,,,,,,196.41830787655474,192.4082700848836,185.92653308891033,,,,,,196.41830787655474,,191.58437035011625,"rgba(38, 166, 154, 1.0)",13.984751366856386,189.9917166815841,2.1178984553569333,70.68712274739677,15.881321608296233,True,False,True,False,True,14.463284386974284,0.0,0.0,0.0,0.0,0,1.0555919422219078,0.8830188345252425,False,False,False,False,0.34271464231939697,0.3420799063012661,False,False,False,False,-63344.0,-45605.64743364775,False,False,False,False,5637.921260341332,False,False,False,False
2025-05-02 19:00:00+00:00,219.38,219.38,217.43,218.135,15752.0,,,,,,,,,,,,,,,,,,,,,197.51390408623743,193.39852439179265,186.5211465782758,,,,,,197.51390408623743,,192.47785835210195,"rgba(38, 166, 154, 0.75)",14.180993188448037,190.69148055902681,1.935232538108044,68.61824302742033,15.881321608296233,True,False,True,False,False,13.280376965816437,0.0,0.0,0.0,0.0,0,1.0538172161982742,0.8816994910378402,False,False,False,False,0.322007244901798,0.3320435756015321,False,False,False,False,-79096.0,-46124.877705994295,False,False,False,False,5794.728682661621,False,False,False,False
2025-05-05 14:00:00+00:00,222.14,222.43,218.085,220.96,8573.0,,,,,,,,,,,,,,,,,,,,,198.12303214242283,193.95066360886082,186.85721356880268,,,,,,198.12303214242283,,192.97696977336213,"rgba(38, 166, 154, 0.75)",14.396514475248336,191.0855774415553,2.075114959930562,69.03840637588954,15.881321608296233,True,False,True,False,False,14.835087579528334,0.0,0.0,0.0,0.0,0,1.056733691943674,0.8793899488670098,False,False,False,False,0.34282825327937233,0.3374359144404522,False,False,False,False,-70523.0,-46503.14316791686,False,False,False,False,5837.802656573844,False,False,False,False
2025-05-05 15:00:00+00:00,220.96,221.51,219.67,220.495,6379.0,,,,,,,,,,,,,,,,,,,,,198.5570118384465,194.34811104528507,187.10347850989726,,,,,,198.5570118384465,,193.33620046454294,"rgba(38, 166, 154, 0.75)",14.566970003747828,191.37163948014364,1.9992737345078233,68.68092291252962,15.881321608296233,True,False,True,False,False,14.45660392327419,0.0,0.0,0.0,0.0,0,1.057306615719554,0.8802061580841516,False,False,False,False,0.34282825328513655,0.34013208386279437,False,False,False,False,-76902.0,-46974.44327384063,False,False,False,False,5846.1933130610705,False,False,False,False
2025-05-05 16:00:00+00:00,220.495,221.45,220.21,221.45,5641.0,,,,,,,,,,,,,,,,,,,,,198.93507516581505,194.69604939926484,187.32134431518583,,,,,,198.93507516581505,,193.65082296008856,"rgba(38, 166, 154, 0.75)",14.819701724940861,191.62350300816954,2.0126246496333904,69.07775553835194,15.881321608296233,True,False,True,False,False,14.98648032199042,0.0,0.0,0.0,0.0,0,1.0857949810167609,0.8712936382998425,False,False,False,False,0.3428282532176456,0.34148016854022,False,False,False,False,-71261.0,-47350.9790370369,False,False,False,False,5843.012021385704,False,False,False,False
2025-05-05 17:00:00+00:00,221.375,223.36,220.99,222.59,9402.0,,,,,,,,,,,,,,,,,,,,,199.57252349562285,195.28338535846834,187.69183256888388,,,,,,199.57252349562285,,194.18258047432502,"rgba(38, 166, 154, 0.75)",15.012688259728261,192.051013177586,2.034211747694466,70.08520092084021,16.51757528134506,True,False,True,False,False,15.61951419323957,0.0,0.0,0.0,0.0,0,1.0769871656852925,0.8698314033494657,False,False,False,False,0.342828253178284,0.342154210859252,False,False,False,False,-61859.0,-47575.90959460222,False,False,False,False,5898.190129581274,False,False,False,False
2025-05-05 18:00:00+00:00,222.59,223.99,222.34,222.83,6409.0,,,,,,,,,,,,,,,,,,,,,200.00099103139019,195.68021123604532,187.94521899303666,,,,,,200.00099103139019,,194.54214042015738,"rgba(38, 166, 154, 1.0)",15.205328877708574,195.1338159328952,1.8214787914063582,70.91695830063387,17.57034621870973,True,False,True,False,True,15.753765622212352,0.0,0.0,0.0,0.0,0,1.070745607837596,0.8710376336489095,False,False,False,False,0.34282825319565213,0.3424912320274521,False,False,False,False,-55450.0,-47697.98851561614,False,True,False,False,5906.109662455982,False,True,False,False
2025-05-05 19:00:00+00:00,222.84,223.11,221.22,221.53,16966.0,,,,,,,,,,,,,,,,,,,,,201.01254057902923,196.63784706034852,188.57830610716218,,,,,,201.01254057902923,,195.40956458217997,"rgba(38, 166, 154, 0.75)",15.377509676369769,195.70903450206626,1.679138302713096,69.17407284204448,17.57034621870973,True,False,True,False,False,14.633676917187731,0.0,0.0,0.0,0.0,0,1.0721448043159159,0.8744114226890596,False,False,False,False,0.32984933657393717,0.3361702843006946,False,False,False,False,-72416.0,-48081.21349987015,False,False,False,False,6077.58083047992,False,False,False,False
2025-05-06 14:00:00+00:00,203.5,212.09,202.84,206.19,33376.0,,,,,,,,,,,,,,,,,,,,207.04,201.51350924835296,197.33381926917855,189.23051556630958,,,,,,201.51350924835296,,198.77946102096027,"rgba(38, 166, 154, 0.5)",15.327993053986622,196.40101310324386,0.6386346119990018,55.80209819758342,10.190403877855125,False,True,True,False,False,3.0367511850650537,0.0,0.0,0.0,0.0,0,1.0414070612668747,0.8841789052069425,False,False,False,False,0.14087459700930915,0.2385224406550019,False,False,False,False,-105792.0,-48975.95437584115,False,False,False,False,6500.812135433719,False,False,False,False
2025-05-06 15:00:00+00:00,206.52,209.075,205.23,207.645,14845.0,,,,,,,,,,,,,,,,,,,,207.12517278087694,201.72039058672667,197.6223111020266,189.5103083892333,,,,,,201.72039058672667,,198.99454571471588,"rgba(239, 83, 80, 1.0)",15.270582277965278,196.51405746516036,0.7289140867209147,48.215514906667316,3.918286344890838,False,True,False,True,False,3.926749936034181,0.0,0.0,0.0,0.0,0,1.0451248541423572,0.8966161026837804,False,False,False,False,0.13701824740937094,0.1877703440321864,False,False,False,False,-90947.0,-49626.66826148702,False,False,False,False,6630.179389147925,False,False,False,False
2025-05-06 16:00:00+00:00,207.9,208.58,204.11,204.41,8355.0,,,,,,,,,,,,,,,,,,,,206.91470688395552,201.79866794030616,197.75158940321245,189.6500514693879,,,,,,201.79866794030616,,199.02875392421552,"rgba(239, 83, 80, 1.0)",15.183811836092842,196.53994429745174,0.5183188376874281,41.80114890615979,-1.2414958280057107,False,True,False,True,False,1.7726281183058177,0.0,0.0,0.0,0.0,0,1.0327018558688843,0.9279633646661848,False,False,False,False,0.12707187968801334,0.15742111186009988,False,False,False,False,-99302.0,-50396.82844347947,False,False,False,False,6656.920793967337,False,False,False,False
2025-05-06 17:00:00+00:00,204.41,204.97,203.12,204.79,6800.0,,,,,,,,,,,,,,,,,,,,206.633443627451,201.83797521976123,197.8357045195978,189.7522047477277,,,,,,201.83797521976123,,199.01483202863443,"rgba(239, 83, 80, 1.0)",15.093243417067324,196.53821265605313,0.5467206163663803,37.90410780307148,-4.224193381747547,False,True,False,True,False,2.011400617690665,0.0,0.0,0.0,0.0,0,1.0359996470622839,0.9180792345173087,False,False,False,False,0.09887151815871476,0.12814631500940732,False,False,False,False,-92502.0,-51049.6218009449,False,False,False,False,6659.139076231409,False,False,False,False
2025-05-06 18:00:00+00:00,204.79,207.39,204.64,207.36,11487.0,,,,,,,,,,,,,,,,,,,,206.60734185556728,201.95789624214362,198.01912059005707,189.9468435166116,,,,,,201.95789624214362,,199.13280055109487,"rgba(239, 83, 80, 1.0)",15.012100903622377,196.63323964649484,0.714540917515205,37.8366724834725,-4.224193381747547,False,True,False,True,False,3.617694044888438,0.0,0.0,0.0,0.0,0,1.0399791652334576,0.8994820791524576,False,False,False,False,0.1230144070903551,0.1255803610498812,False,False,False,False,-81015.0,-51514.201307906995,False,False,False,False,6733.989633189061,False,False,False,False
2025-05-06 19:00:00+00:00,207.82,208.57,204.43,204.725,30717.0,,,,,,,,,,,,,,,,,,,,206.40397526362315,202.21402330802584,198.4434851329163,190.42895692021358,,,,,,202.21402330802584,,199.3726101561947,"rgba(239, 83, 80, 1.0)",14.908714279523496,196.8648409367327,0.5272191093005859,36.39243898006135,-5.463018085528759,False,True,False,True,False,1.8482961114789411,0.0,0.0,0.0,0.0,0,1.0374458766734684,0.9133628626884985,False,False,False,False,0.1289790916002812,0.12727972632508122,False,False,False,False,-111732.0,-52447.81058995495,False,False,False,False,7105.819251279154,False,False,False,False
2025-05-07 14:00:00+00:00,206.76,209.14,205.015,205.49,7069.0,,,,,,,,,,,,,,,,,,,,206.41303408522637,202.27774354255064,198.54258803566063,190.54023120484118,,,,,,202.27774354255064,,199.44339921706973,"rgba(239, 83, 80, 1.0)",14.802735054377264,196.93232117869104,0.5781147058210981,36.20739766221663,-5.958032241256909,False,True,False,True,False,2.3328012342737594,0.0,0.0,0.0,0.0,0,1.0365491244166105,0.9044038453867327,False,False,False,False,0.13609333007173885,0.13168652819841004,False,False,False,False,-104663.0,-53257.348410265724,False,False,False,False,7105.24841017405,False,False,False,False
2025-05-07 15:00:00+00:00,205.49,207.01,205.06,205.71,5439.0,,,,,,,,,,,,,,,,,,,,206.390632550866,202.3185565179661,198.6114107962034,190.62152269234716,,,,,,202.3185565179661,,199.48553063934565,"rgba(239, 83, 80, 1.0)",14.691196517544668,196.9761830285803,0.5944932368843836,36.32411641879278,-6.3414070291295985,False,True,False,True,False,2.4737639428564258,0.0,0.0,0.0,0.0,0,1.0372810091100213,0.9048353188507359,False,False,False,False,0.1232601985084179,0.12747336335341397,False,False,False,False,-99224.0,-53970.00967522285,False,False,False,False,7079.415101489181,False,False,False,False
2025-05-07 16:00:00+00:00,205.71,207.14,205.205,206.79,4072.0,,,,,,,,,,,,,,,,,,,,206.39022257694828,202.35226994200764,198.6652320143039,190.68360239617044,,,,,,202.35226994200764,,199.5228317323576,"rgba(239, 83, 80, 1.0)",14.578404845449908,197.0133556975898,0.670625106522653,37.63640979184216,-6.3414070291295985,False,True,False,True,False,3.1717330553912646,0.0,0.0,0.0,0.0,0,1.0323709804161694,0.9167253467225914,False,False,False,False,0.12495041731090345,0.1262118903321587,False,False,False,False,-95152.0,-54608.49014537443,False,False,False,False,7032.788510768419,False,False,False,False
2025-05-07 17:00:00+00:00,206.79,207.57,204.36,204.46,6631.0,,,,,,,,,,,,,,,,,,,,206.34250027822856,202.3937794158877,198.7410880534896,190.77782208147573,,,,,,202.3937794158877,,199.5637974572704,"rgba(239, 83, 80, 1.0)",14.22683234196868,197.0602522051545,0.5201261684244698,36.84583188550028,-6.805548183031689,False,True,False,True,False,1.549952532098004,0.0,0.0,0.0,0.0,0,1.0353193444631648,0.9062337264512177,False,False,False,False,0.12239999317496618,0.12430594175356244,False,False,False,False,-101783.0,-55339.87789505855,False,False,False,False,7026.559231531699,False,False,False,False
2025-05-07 18:00:00+00:00,204.47,207.16,203.59,206.215,9822.0,,,,,,,,,,,,,,,,,,,,206.293784589709,202.45698276190936,198.85350398897288,190.91698864720416,,,,,,202.45698276190936,,199.63031499694887,"rgba(239, 83, 80, 1.0)",13.813091257574813,197.134508132781,0.6573830359833062,38.37199980831139,-6.805548183031689,False,True,False,True,False,2.7027662737355556,0.0,0.0,0.0,0.0,0,1.042818472643754,0.9024895414650154,False,False,False,False,0.11515672095979021,0.11973133135667632,False,False,False,False,-91961.0,-55907.647230018876,False,False,False,False,7069.899398484696,False,False,False,False
2025-05-07 19:00:00+00:00,206.215,210.07,204.76,209.75,26956.0,,,,,,,,,,,,,,,,,,,,206.6030468062661,202.74668050247308,199.25247273539793,191.34941582083414,,,,,,202.74668050247308,,199.9879039662428,"rgba(239, 83, 80, 0.75)",13.348959256257583,198.29456671599766,0.8581517902702702,42.85266368204189,-6.805548183031689,False,True,False,True,True,4.96213031932572,0.0,0.0,0.0,0.0,0,1.0485855612787183,0.8898495625868695,False,False,False,False,0.1402573042084662,0.12999431778257126,False,False,False,False,-65005.0,-56048.691459010835,False,False,False,False,7378.2110357174915,False,False,False,False
2025-05-08 14:00:00+00:00,205.73,209.065,203.71,203.96,6473.0,,,,,,,,,,,,,,,,,,,,206.56449243983062,202.78060899031843,199.31670267911724,191.43442789653741,,,,,,202.78060899031843,,200.02405800145092,"rgba(239, 83, 80, 0.75)",12.737364808714169,198.29700864992134,0.444596777679193,41.58540342759048,-6.805548183031689,False,True,False,True,True,0.9929493277074926,0.0,0.0,0.0,0.0,0,1.0499044426502606,0.8904105389025726,False,False,False,False,0.12759473282472875,0.12879452530365,False,False,False,False,-71478.0,-56287.90554491764,False,False,False,False,7364.176756093964,False,False,False,False
2025-05-08 15:00:00+00:00,204.34,207.34,201.46,206.32,10368.0,,,,,,,,,,,,,,,,,,,,206.47784183067452,202.82315407466876,199.40829253867884,191.56339490986053,,,,,,202.82315407466876,,200.06817083847068,"rgba(239, 83, 80, 0.75)",12.119199810798321,198.3056572214841,0.6612930641984335,42.80245071652474,-6.805548183031689,False,True,False,True,True,2.4899504043289156,0.0,0.0,0.0,0.0,1,1.0536088984863614,0.8821683948907044,False,False,False,False,0.1032128561969428,0.1160036907502964,False,False,False,False,-61110.0,-56362.66669925999,False,False,False,False,7410.747659100259,False,False,False,False
2025-05-08 16:00:00+00:00,206.39,208.355,205.93,208.2,5431.0,,,,,,,,,,,,,,,,,,,,206.50725067122372,202.86878597215033,199.47551775828734,191.6421094765161,,,,,,202.86878597215033,,200.12341596954437,"rgba(239, 83, 80, 0.75)",11.597551562819298,198.3612067889333,0.8483508918045238,45.135696566551545,-10.26636003202092,False,True,False,True,True,3.662912984737943,0.0,0.0,0.0,0.0,1,1.0560656075923254,0.8951103775531257,False,False,False,False,0.1368949116700205,0.12644930121015846,False,False,False,False,-55679.0,-56352.06721555053,False,False,False,False,7380.053896943666,False,False,False,False
2025-05-08 17:00:00+00:00,208.2,208.2,205.49,206.28,4208.0,,,,,,,,,,,,,,,,,,,,206.51052453627287,202.89723699664432,199.52147585313259,191.6993685943881,,,,,,202.89723699664432,,200.15715149510947,"rgba(239, 83, 80, 0.75)",11.18790065969355,198.39246028463364,0.7050062344388395,45.24005818729225,-9.882223223509996,False,True,False,True,True,2.358806602006524,0.0,0.0,0.0,0.0,1,1.0552904971394346,0.8866926905838859,False,False,False,False,0.133227549223761,0.12983842521695974,False,False,False,False,-59887.0,-56406.87237499936,False,False,False,False,7330.874766758492,False,False,False,False
2025-05-08 18:00:00+00:00,205.99,207.205,205.49,205.57,2724.0,,,,,,,,,,,,,,,,,,,,206.504619976417,202.91267767565958,199.54856913071274,191.7348027620098,,,,,,202.91267767565958,,200.1751673861998,"rgba(239, 83, 80, 0.75)",10.731864406086714,198.40815933300362,0.6673435664109247,44.77804054612793,-9.882223223509996,False,True,False,True,True,1.8778836995153476,0.0,0.0,0.0,0.0,1,1.0539286418702183,0.892132335385286,False,False,False,False,0.12710263383926146,0.1284705295281106,False,False,False,False,-62611.0,-56503.060400193164,False,False,False,False,7259.450351769989,False,False,False,False
2025-05-08 19:00:00+00:00,205.52,208.28,204.9,207.94,11559.0,,,,,,,,,,,,,,,,,,,,206.53461269539704,202.99571650743317,199.67746660097268,191.89308422578299,,,,,,202.99571650743317,,200.27522000739648,"rgba(239, 83, 80, 0.75)",10.287270807053638,198.5069905631111,0.916959377643778,46.649037448900444,-7.9150594157651994,False,True,False,True,True,3.394159030920253,0.0,0.0,0.0,0.0,1,1.046422145628753,0.9361817432962649,False,False,False,False,0.13008693246037234,0.12927873099424148,False,False,False,False,-51052.0,-56418.54783584908,False,False,False,False,7326.110036238671,False,False,False,False
2025-05-09 14:00:00+00:00,205.84,206.5,202.53,204.94,3549.0,,,,,,,,,,,,,,,,,,,,206.50285741285137,203.0059137010615,199.7036325608944,191.93348341462578,,,,,,203.0059137010615,,200.28647177235828,"rgba(239, 83, 80, 0.75)",9.769525912220612,198.51465023263657,0.6576930984262006,45.50748796876593,-7.9150594157651994,False,True,False,True,True,1.3492182091445635,0.0,0.0,0.0,0.0,1,0.9899617695248502,0.9526925177498635,False,False,False,False,0.10462002905948548,0.11694938002686348,False,False,False,False,-54601.0,-56390.368799634365,False,False,False,False,7267.55019071559,False,False,False,False
2025-05-09 15:00:00+00:00,204.54,205.305,202.71,203.76,1427.0,,,,,,,,,,,,,,,,,,,,206.4854486894328,203.00817692524063,199.71253341203976,191.94872533816212,,,,,,203.00817692524063,,200.28872109121883,"rgba(239, 83, 80, 1.0)",9.240491637499769,198.51527689804308,0.5675805257669158,43.893398807666586,-7.9150594157651994,False,True,False,True,False,0.5581516223842051,0.0,0.0,0.0,0.0,1,0.9955927769901195,0.9419037884532954,False,False,False,False,0.0984131457866061,0.10768126290673478,False,False,False,False,-56028.0,-56384.750678709795,False,False,False,False,7176.999024968061,False,False,False,False
2025-05-09 16:00:00+00:00,203.87,203.88,202.215,202.215,2303.0,,,,,,,,,,,,,,,,,,,,206.44539139682257,203.00723412776173,199.72290236054667,191.97087790636164,,,,,,203.00723412776173,,200.28660144787312,"rgba(239, 83, 80, 1.0)",8.648711017849468,198.50988581673028,0.4284007380548388,41.730019708056496,-4.108177826153337,False,True,False,True,False,0.0,0.0,0.0,0.0,0.0,1,1.012542176476603,0.9362325755768379,False,False,False,False,0.08669229542126859,0.09718677916400169,False,False,False,False,-58331.0,-56414.925086791816,False,False,False,False,7101.433148611967,False,False,False,False
2025-05-09 17:00:00+00:00,202.2,202.79,201.39,201.83,4019.0,,,,,,,,,,,,,,,,,,,,206.36335936375193,203.0003469091526,199.7363192328882,192.00659106194692,,,,,,203.0003469091526,,200.2766541419349,"rgba(239, 83, 80, 1.0)",8.466834633539989,198.4943730948359,0.39396386601795214,40.013565134027424,-5.84887068289985,False,True,False,True,False,0.0,0.0,0.0,0.0,0.0,1,1.0174173827787072,0.9366514793240672,False,False,False,False,0.07502559119375289,0.08610618517887729,False,False,True,False,-62350.0,-56506.94175211287,False,False,True,False,7053.643487393177,False,False,False,False
2025-05-09 18:00:00+00:00,201.96,202.325,201.66,202.01,6974.0,,,,,,,,,,,,,,,,,,,,206.22782441541557,202.9885586135736,199.75917954815412,192.06793218407793,,,,,,202.9885586135736,,200.26087369030532,"rgba(239, 83, 80, 1.0)",8.230772393231984,198.4722957756129,0.4298143667896922,39.11100401691368,-6.8421907565642925,False,True,False,True,False,0.0,0.0,0.0,0.0,0.0,0,1.0252575761099614,0.9211456613252089,False,False,False,False,0.07383879354248228,0.07997248936067979,False,False,False,False,-55376.0,-56489.407771459955,False,False,False,False,7052.408704642895,False,False,False,False
2025-05-09 19:00:00+00:00,202.2,202.8,199.99,202.375,19789.0,,,,,,,,,,,,,,,,,,,201.72166666666664,205.8629516257285,202.94763275730352,199.81388829096363,192.23322249822837,,,,,201.72166666666664,202.94763275730352,,200.51587236777814,"rgba(239, 83, 80, 1.0)",7.967635913748484,198.6584697950855,0.4664533175394573,39.040603843488924,-7.125508853899895,False,True,False,True,False,0.0,1.0,202.8,199.99,0.0,0,1.019058837387361,0.9313387125272395,False,False,True,False,0.06657026152679153,0.07327137544373566,False,False,False,False,-35587.0,-56165.339433917936,False,False,False,False,7249.875236353857,False,False,False,False
2025-05-12 14:00:00+00:00,215.26,216.17,212.525,213.08,3422.0,,,,,,,,,,,,,,,,,,,203.52080529346716,205.9742779358258,203.00861357681583,199.88158674525158,192.29725779054903,,,,,203.52080529346716,203.00861357681583,,200.93650826838186,#000000,7.724582847129209,198.8637127530156,1.8403954657911155,48.28462971341736,-6.184037212779273,False,True,False,False,True,6.605895141421289,0.0,0.0,0.0,0.0,0,1.0145925618309342,0.9249261720191954,False,False,False,False,0.22708802088717844,0.15017969816545707,False,False,False,False,-32165.0,-55793.24114812075,False,False,False,False,7190.528333464649,False,False,False,False
2025-05-12 15:00:00+00:00,213.21,213.79,212.41,213.625,1807.0,,,,,,,,,,,,,,,,,,,204.22533122818234,206.0271274633913,203.0386410451059,199.91543124581352,192.32990790267002,,,,,204.22533122818234,203.0386410451059,,201.10728777703264,"rgba(38, 166, 154, 1.0)",7.4943587901618605,198.95151393199785,1.9579374939006937,54.72932990601767,-0.6113193214858157,True,False,True,False,True,6.932313411646511,0.0,0.0,0.0,0.0,0,1.0243040935672516,0.9254970760233919,False,False,False,False,0.2112495608487677,0.18071462950711237,False,False,False,False,-30358.0,-55398.896324118876,False,False,False,False,7107.062777907058,False,False,False,False
2025-05-12 16:00:00+00:00,213.5,215.975,213.46,215.63,4692.0,,,,,,,,,,,,,,,,,,,205.9303600359026,206.19307341187138,203.12896057059785,200.0139032249998,192.42124397782595,,,,,205.9303600359026,203.12896057059785,,201.53750824423952,"rgba(38, 166, 154, 1.0)",7.1928163299751695,199.18410643436627,2.286433131497812,60.054832244134786,3.837190079083342,True,False,True,False,True,8.130367768369062,0.0,0.0,0.0,0.0,0,1.0290117860380783,0.9131648043706069,False,False,False,False,0.23180687619593218,0.2062607528515223,False,False,False,False,-25666.0,-54937.92118731083,False,False,False,False,7069.619944141057,False,False,False,False
2025-05-12 17:00:00+00:00,215.63,216.35,215.13,215.5,2818.0,,,,,,,,,,,,,,,,,,,206.77326846614196,206.29682478908367,203.185431337085,200.07491988663182,192.4772869851348,,,,,206.77326846614196,203.185431337085,,201.76154629281547,"rgba(38, 166, 154, 1.0)",7.165754282169686,199.31256378744527,2.2589996216913835,63.4424011688355,6.573432317885349,True,False,True,False,True,8.033675289702781,0.0,0.0,0.0,0.0,0,1.0222382911129815,0.9195817873611588,False,False,False,False,0.24490110540747556,0.22558092912949892,False,False,False,False,-28484.0,-54527.78287432927,False,False,False,False,7003.7033558598005,False,False,False,False
2025-05-12 18:00:00+00:00,215.625,216.0,214.71,214.71,6400.0,,,,,,,,,,,,,,,,,,,208.1488100253459,206.51158550637746,203.3065433425726,200.20717829605175,192.60073589891982,,,,,208.1488100253459,203.3065433425726,,202.1549706138535,"rgba(38, 166, 154, 1.0)",7.139195804762573,199.55511730390862,2.1227716833290295,64.64553136405095,7.514159168642088,True,False,True,False,True,7.439076837130706,0.0,0.0,0.0,0.0,0,1.01296951924567,0.9273087055513833,False,False,False,False,0.23996131864282033,0.23277112388615961,False,False,False,False,-34884.0,-54223.228101083856,False,False,False,False,6994.343613908486,False,False,False,False
2025-05-12 19:00:00+00:00,214.79,215.93,214.49,215.42,12934.0,,,,,,,,,,,,,,,,,,,209.92727616880697,206.92180113166418,203.5467713838522,200.46993969148247,192.84768213250217,,,,,209.92727616880697,203.5467713838522,,202.74269410166158,"rgba(38, 166, 154, 1.0)",7.1463860217015975,199.96059718386704,2.1632476568138106,65.92643117713655,8.784285747781901,True,False,True,False,True,7.879862573024862,0.0,0.0,0.0,0.0,0,1.0118070000360704,0.9309374661841265,False,False,False,False,0.2381038665477414,0.2354374952169505,False,False,False,False,-21950.0,-53722.86797548566,False,False,False,False,7086.431309816881,False,False,False,False
2025-05-13 14:00:00+00:00,219.25,221.72,218.69,221.72,3137.0,,,,,,,,,,,,,,,,,,,210.54229470838862,207.0764975399644,203.62988584333908,200.555157051936,192.92107044948654,,,,,210.54229470838862,203.62988584333908,,202.94498111862293,"rgba(38, 166, 154, 1.0)",7.261951541989181,200.0985026946835,2.9773673344278433,69.96550679799972,12.698244754007646,True,False,True,False,True,11.623683567002871,0.0,0.0,0.0,0.0,0,1.008332738986758,0.9205239759408507,False,False,False,False,0.30312403098256746,0.269280763099759,False,False,False,False,-18813.0,-53181.62971229983,False,False,False,False,7025.199816641426,False,False,False,False
2025-05-13 15:00:00+00:00,221.675,224.0,221.64,222.87,3668.0,,,,,,,,,,,,,,,,,,,211.31096800586357,207.28057173166331,203.73802794841959,200.6643118683834,193.01292203679344,,,,,211.31096800586357,203.73802794841959,,203.20136031822466,"rgba(38, 166, 154, 1.0)",7.39584448576757,200.27444756350812,3.0551686801925544,73.0872566494181,15.718435468675906,True,False,True,False,True,12.275359428704064,0.0,0.0,0.0,0.0,0,1.019957506744014,0.9163503545083435,False,False,False,False,0.33814882431188586,0.30371479370582244,False,False,False,False,-15145.0,-52591.914522961844,False,False,False,False,6973.150207081093,False,False,False,False
2025-05-13 16:00:00+00:00,222.54,224.79,222.12,224.13,6553.0,,,,,,,,,,,,,,,,,,,212.55375038331798,207.65136729532406,203.93662485404334,200.86399835339847,193.18022225931463,,,,,212.55375038331798,203.93662485404334,,203.63719262907972,"rgba(38, 166, 154, 1.0)",7.526244916327232,200.58248096856866,3.128720802102518,75.63270495519531,18.23909394358502,True,False,True,False,True,12.988253874088496,0.0,0.0,0.0,0.0,0,1.0198226520596598,0.918501541895151,False,False,False,False,0.342828253064137,0.3232715233849797,False,False,False,False,-8592.0,-51909.74530555158,False,False,False,False,6966.636250382161,False,False,False,False
2025-05-13 17:00:00+00:00,224.235,224.37,222.485,224.12,6364.0,,,,,,,,,,,,,,,,,,,213.54097610266723,207.99529862227143,204.1255365336151,201.0544556692405,193.34084511460787,,,,,213.54097610266723,204.1255365336151,,204.01142240848043,"rgba(38, 166, 154, 1.0)",7.615152319346467,200.85830318627023,3.0546594261329356,77.3134905004782,20.03167988304844,True,False,True,False,True,12.980155922875255,0.0,0.0,0.0,0.0,0,1.0281787525170432,0.9176472015332733,False,False,False,False,0.34245670299964076,0.33286411319231024,False,False,False,False,-14956.0,-51336.81902174457,False,False,False,False,6957.293052701818,False,False,False,False
2025-05-13 18:00:00+00:00,224.19,226.59,223.59,226.26,9639.0,,,,,,,,,,,,,,,,,,,214.95781925480873,208.5463782737735,204.4309225520189,201.35970530336826,193.59535385712888,,,,,214.95781925480873,204.4309225520189,,204.57803584821966,"rgba(38, 166, 154, 1.0)",7.7559730147420245,201.28573812761266,3.220003708743952,79.24861647562902,22.13611793765692,True,False,True,False,True,14.202032157123018,0.0,0.0,0.0,0.0,0,1.0297818588155274,0.9076179371325849,False,False,False,False,0.3428282531032763,0.33784618314779324,False,False,False,False,-5317.0,-50623.333455515974,False,False,False,False,6998.869904597914,False,False,False,False
2025-05-13 19:00:00+00:00,226.345,228.56,225.4,227.455,26115.0,,,,,,,,,,,,,,,,,,,217.92130026955346,210.00907026930406,205.27791024229205,202.2039485744073,194.2998988729101,,,,,217.92130026955346,205.27791024229205,,205.9424256456934,"rgba(38, 166, 154, 1.0)",7.954698431438888,204.02432758102512,2.9455136006628764,80.95282981159784,24.06276961240063,True,False,True,False,True,14.87697258847868,0.0,0.0,0.0,0.0,0,1.0310637266779745,0.9032711412648413,False,False,False,False,0.34282825314578574,0.3403372181467895,False,False,False,False,20798.0,-49516.02596008162,False,False,False,False,7295.244014604148,False,False,False,False
2025-05-14 14:00:00+00:00,227.645,227.645,224.47,225.89,5720.0,,,,,,,,,,,,,,,,,,,218.33011429236907,210.27998512319022,205.44584873195976,202.37343891594278,194.44507765964252,,,,,218.33011429236907,205.44584873195976,,206.1748929446209,"rgba(38, 166, 154, 1.0)",8.06023982608801,204.1959218096485,2.6914928908362996,79.338117184506,24.06276961240063,True,False,True,False,True,13.563111029374614,0.0,0.0,0.0,0.0,0,1.0257170519181895,0.9106982935979667,False,False,False,False,0.3311606823801971,0.3357489502634933,False,False,False,False,15078.0,-48514.568193258645,False,False,False,False,7270.8216267808275,False,False,False,False
2025-05-14 15:00:00+00:00,226.13,226.36,224.99,225.93,4486.0,,,,,,,,,,,,,,,,,,,218.61367166054126,210.4829480127508,205.57413858031165,202.5033422154314,194.55714453469645,,,,,218.61367166054126,205.57413858031165,,206.34624900074633,"rgba(38, 166, 154, 0.75)",8.192746279704071,204.32503337423302,2.6370847928354717,78.28398002603461,24.06276961240063,True,False,True,False,False,13.586525503770577,0.0,0.0,0.0,0.0,0,1.0280576239840369,0.9144887331483915,False,False,False,False,0.3263484721708285,0.3310487112171609,False,False,False,False,19564.0,-47459.08651584378,False,False,False,False,7227.64609768345,False,False,False,False
2025-05-14 16:00:00+00:00,226.03,226.11,225.0,225.71,4013.0,,,,,,,,,,,,,,,,,,,218.84453363442663,210.65827534008739,205.68667488623726,202.61757362755614,194.6562283263845,,,,,218.84453363442663,205.68667488623726,,206.4926571629384,"rgba(38, 166, 154, 0.75)",8.28987812210051,204.43721014101232,2.566116117229181,77.14804845362133,24.06276961240063,True,False,True,False,False,13.397451615167707,0.0,0.0,0.0,0.0,0,1.0296723524358817,0.9155233771014847,False,False,False,False,0.3248417723498155,0.32794524178348816,False,False,False,False,15551.0,-46482.18594970666,False,False,False,False,7177.80662330076,False,False,False,False
2025-05-14 17:00:00+00:00,225.71,225.9,225.05,225.43,4068.0,,,,,,,,,,,,,,,,,,,219.05875625870647,210.83020118265475,205.79863987407555,202.73149200235062,194.75555382407774,,,,,219.05875625870647,205.79863987407555,,206.63492862837302,"rgba(38, 166, 154, 0.75)",8.387676829408488,204.5477261915104,2.4896373850829745,75.7956520368358,24.06276961240063,True,False,True,False,False,13.153102503542957,0.0,0.0,0.0,0.0,0,1.0283464566929135,0.9107037401574799,False,False,False,False,0.32383809732195495,0.32589166955272153,False,False,False,False,11483.0,-45583.50089622284,False,False,False,False,7129.5925671255545,False,False,False,False
2025-05-14 18:00:00+00:00,225.41,225.41,224.58,224.78,4088.0,,,,,,,,,,,,,,,,,,,219.2435826915318,210.9928033841635,205.90684870617352,202.84215533078154,194.85299110765226,,,,,219.2435826915318,205.90684870617352,,206.7676762440605,"rgba(38, 166, 154, 0.75)",8.392955308519896,204.65053833717002,2.3983758905991155,73.46585641805936,28.90381417735624,True,False,True,False,False,12.57964210120678,0.0,0.0,0.0,0.0,0,1.0294463056135883,0.9114509290049817,False,False,False,False,0.3178291894633306,0.32186042950802607,False,False,False,False,7395.0,-44762.128789304654,False,False,False,False,7082.436093216631,False,False,False,False
2025-05-14 19:00:00+00:00,224.85,227.15,224.6,226.695,13243.0,,,,,,,,,,,,,,,,,,,219.8832173535913,211.53884942594402,206.27118117859624,203.21266309856367,195.17704451531915,,,,,219.8832173535913,206.27118117859624,,207.21659111440286,"rgba(38, 166, 154, 0.75)",8.434945142059378,205.02274278073955,2.5693418100842798,73.60423026367947,28.710207821206282,True,False,True,False,False,13.776961608867666,0.0,0.0,0.0,0.0,0,1.0316551732645785,0.9024685113679819,False,False,False,False,0.32886282654855153,0.32536162802828883,False,False,False,False,20638.0,-43748.173304199154,False,False,False,False,7177.94871192645,False,False,False,False
2025-05-15 14:00:00+00:00,223.72,225.04,221.63,222.85,4044.0,,,,,,,,,,,,,,,,,,,219.97372911564625,211.66546230664898,206.3635747515641,203.30909548908326,195.26528970658455,,,,,219.97372911564625,206.3635747515641,,207.31543027390543,"rgba(38, 166, 154, 0.75)",8.402260454112355,206.22898604508006,1.9781598113618384,67.07862617516987,22.420457710113737,True,False,True,False,False,10.42001125541261,0.0,0.0,0.0,0.0,0,1.0217401942792825,0.9026523771073427,False,False,False,False,0.29721552351320557,0.3112885757707472,False,False,False,False,16594.0,-42812.635733591414,False,False,False,False,7129.36035980356,False,False,False,False
2025-05-15 15:00:00+00:00,222.825,224.2,222.65,224.2,5944.0,,,,,,,,,,,,,,,,,,,220.11789879520174,211.8546679848213,206.5016239148907,203.45275151232624,195.39634211092536,,,,,220.11789879520174,206.5016239148907,,207.46465686363308,"rgba(38, 166, 154, 0.75)",8.422570471735634,206.36101946965692,2.117997182713628,64.19871201637122,19.76580825134411,True,False,True,False,False,11.283208192160735,0.0,0.0,0.0,0.0,0,1.0232248122691583,0.9050827972506909,False,False,False,False,0.29832671925199156,0.30480764751136935,False,False,False,False,22538.0,-41799.447582683024,False,False,False,False,7110.982679806605,False,False,False,False
2025-05-15 16:00:00+00:00,224.2,225.1,223.37,224.65,3689.0,,,,,,,,,,,,,,,,,,,220.21812223477812,211.97580354215356,206.58959598965257,203.54390006487893,195.4790396818335,,,,,220.21812223477812,206.58959598965257,,207.56129230265933,"rgba(38, 166, 154, 0.75)",8.463576864029479,206.45190091353197,2.1501664578495934,62.75997185655116,18.392427666125712,True,False,True,False,False,11.571577149975553,0.0,0.0,0.0,0.0,0,1.04078697218331,0.8972508505103061,False,False,False,False,0.30836012020584613,0.30658388385860774,False,False,False,False,26227.0,-40744.77397674995,False,False,False,False,7057.928684770844,False,False,False,False
2025-05-15 17:00:00+00:00,224.65,224.98,223.685,224.13,3563.0,,,,,,,,,,,,,,,,,,,220.30813088341782,212.08959358108103,206.67323240029873,203.63073056095587,195.55816799338766,,,,,220.30813088341782,206.67323240029873,,207.65197108382822,"rgba(38, 166, 154, 0.75)",8.491863576919428,206.53055938984267,2.072506282130104,60.938422559007805,16.56956519369878,True,False,True,False,False,11.112037249995282,0.0,0.0,0.0,0.0,0,1.031593337681232,0.8981964581347511,False,False,False,False,0.30957187639742184,0.3080778801280148,False,False,False,False,22664.0,-39761.69220966856,False,False,False,False,7003.743743921683,False,False,False,False
2025-05-15 18:00:00+00:00,224.13,224.6,223.36,223.52,3156.0,,,,,,,,,,,,,,,,,,,220.37610984254863,212.18507400323742,206.7448272602197,203.70541594555277,195.62683038643894,,,,,220.37610984254863,206.7448272602197,,207.7276514875995,"rgba(38, 166, 154, 0.5)",8.520325823825402,206.59024247228712,1.9869847559552456,58.6938607409168,14.32337342010375,False,False,True,False,False,10.568334673039018,0.0,0.0,0.0,0.0,0,1.027692037441341,0.899733995834274,False,False,False,False,0.3051950478567138,0.3066364639923643,False,False,False,False,19508.0,-38842.782252929515,False,False,False,False,6944.088802155455,False,False,False,False
2025-05-15 19:00:00+00:00,223.5,224.41,222.77,223.81,8521.0,,,,,,,,,,,,,,,,,,,220.53908152143347,212.43176233005525,206.9333569100141,203.90271532864784,195.80949516319973,,,,,220.53908152143347,206.9333569100141,,207.92328225067007,"rgba(38, 166, 154, 0.5)",8.534674733744266,206.74336710396608,1.9996817018176605,57.62553155551686,13.135653474553742,False,False,True,False,False,10.765082879816987,0.0,0.0,0.0,0.0,0,1.0317430314027927,0.8992514743686675,False,False,False,False,0.3003657737383267,0.3035011188653455,False,False,False,False,28029.0,-37806.01043505464,False,False,False,False,6968.537037780951,False,False,False,False
2025-05-16 14:00:00+00:00,224.14,225.59,223.62,224.48,6169.0,,,,,,,,,,,,,,,,,,,220.6785183364974,212.61763195627586,207.07444941667305,204.04953384056265,195.94448693478955,,,,,220.6785183364974,207.07444941667305,,208.0729240969597,"rgba(38, 166, 154, 0.5)",8.591382598566833,206.87490223410856,2.049157695389822,57.92120694717369,13.135653474553742,False,False,True,False,False,11.224194314220682,0.0,0.0,0.0,0.0,0,1.0356132909155178,0.8927561480583748,False,False,False,False,0.3129632702215545,0.30823219454344997,False,False,False,False,34198.0,-36689.66918799953,False,False,False,False,6956.141114714579,False,False,False,False
2025-05-16 15:00:00+00:00,224.65,230.295,224.415,229.4,8167.0,,,,,,,,,,,,,,,,,,,221.00124171405966,212.92416377605701,207.2942152051423,204.27309533536777,196.14271611035514,,,,,221.00124171405966,207.2942152051423,,208.3270864281964,"rgba(38, 166, 154, 1.0)",8.757863931841527,207.13990013721872,2.541727073635937,63.0893961271103,13.135653474553742,True,False,True,False,True,14.466166916897475,0.0,0.0,0.0,0.0,0,1.0411597961077423,0.8917871080095079,False,False,False,False,0.342828253153895,0.3255302238486725,False,False,False,False,42365.0,-35464.01540213906,False,False,False,False,6974.914120687996,False,False,False,False
2025-05-16 16:00:00+00:00,229.315,232.67,229.0,231.87,14535.0,,,,,,,,,,,,,,,,,,,221.73824133390454,213.54800256104016,207.73172348386998,204.71212137472313,196.5236968957487,,,,,221.73824133390454,207.73172348386998,,208.8507571298573,"rgba(38, 166, 154, 1.0)",8.958505057478455,207.6938922599015,2.6986765743818575,68.02973278409323,12.284834664404343,True,False,True,False,True,16.002525471049616,0.0,0.0,0.0,0.0,0,1.048896725312073,0.8843062848965718,False,False,False,False,0.34282825322448235,0.3341792385365774,False,False,False,False,56900.0,-34032.01516334621,False,False,False,False,7092.124754475779,False,False,False,False
2025-05-16 17:00:00+00:00,231.77,233.44,230.84,232.245,4234.0,,,,,,,,,,,,,,,,,,,221.9538217190788,213.73159197390325,207.8614506528382,204.84203333292373,196.63626372648446,,,,,221.9538217190788,207.8614506528382,,209.00503228104571,"rgba(38, 166, 154, 1.0)",9.03489428586517,209.2830194808974,2.541477497420857,71.52958067141421,15.43028054348207,True,False,True,False,True,16.233589218870872,0.0,0.0,0.0,0.0,0,1.0536355848771943,0.8775011826678428,False,False,False,False,0.34282825324895805,0.3385037458927677,False,False,False,False,61134.0,-32556.57306779045,False,False,False,False,7047.812742778479,False,False,False,False
2025-05-16 18:00:00+00:00,232.27,232.47,228.24,228.595,4378.0,,,,,,,,,,,,,,,,,,,222.1172368198985,213.89337843733674,207.9810145907691,204.96336291135827,196.74408213400642,,,,,222.1172368198985,207.9810145907691,,209.1398149786738,"rgba(38, 166, 154, 0.75)",9.054629176422685,209.3319060711415,2.1274304616491193,67.71763901772509,15.43028054348207,True,False,True,False,False,12.817607681386786,0.0,0.0,0.0,0.0,0,1.0437906914520876,0.8834329251978033,False,False,False,False,0.32214650658088734,0.3303251262368275,False,False,False,False,56756.0,-31171.88201247587,False,False,False,False,7006.420297154006,False,False,False,False
2025-05-16 19:00:00+00:00,228.595,230.23,226.03,230.23,14299.0,,,,,,,,,,,,,,,,,,,222.5464058557451,214.3698412673625,208.34615592504133,205.33685375735453,197.0815225975756,,,,,222.5464058557451,208.34615592504133,,209.53615588061584,"rgba(38, 166, 154, 0.75)",9.084585317304796,209.59478886109358,2.271453282473926,66.58356057344426,15.43028054348207,True,False,True,False,False,13.863910101399934,0.0,0.0,0.0,0.0,0,1.036103369647834,0.8892703318976436,False,False,False,False,0.2967325586811436,0.3135288424589856,False,False,False,False,71055.0,-29586.96911305764,False,False,False,False,7119.48354836092,False,False,False,False
2025-05-19 14:00:00+00:00,228.35,229.99,227.235,227.44,9376.0,,,,,,,,,,,,,,,,,,,222.7747499188234,214.65363668280028,208.5718121634178,205.56929561205098,197.29479302728794,,,,,222.7747499188234,208.5718121634178,,209.77285748087607,"rgba(38, 166, 154, 0.5)",9.067641489890951,209.7691169783151,1.9487849228914982,62.20860332821576,18.991480253863173,False,False,True,False,False,11.334413405323026,0.0,0.0,0.0,0.0,0,1.0362251204560935,0.8902651295375997,False,False,False,False,0.302211110939026,0.3078699766990058,False,False,False,False,61679.0,-28171.992847738915,False,False,False,False,7154.468299549123,False,False,False,False
2025-05-19 15:00:00+00:00,227.415,228.03,226.09,227.53,4132.0,,,,,,,,,,,,,,,,,,,222.85213973090237,214.76605363744048,208.66463678684144,205.66576181612166,197.38483244911004,,,,,222.85213973090237,208.66463678684144,,209.8666848840832,"rgba(38, 166, 154, 0.5)",9.03871344637988,209.831836297722,1.9580401356087187,59.38642327739544,16.328476952257887,False,False,True,False,False,11.394009657229336,0.0,0.0,0.0,0.0,0,1.0346959850889126,0.8940733464309101,False,False,False,False,0.2846441981727242,0.296257087435865,False,False,False,False,65811.0,-26714.892183432887,False,False,False,False,7107.608325912703,False,False,False,False
2025-05-19 16:00:00+00:00,227.575,228.59,227.23,228.565,2874.0,,,,,,,,,,,,,,,,,,,222.9153124101701,214.8487049571604,208.7318035910404,205.73517019850706,197.44904436881555,,,,,222.9153124101701,208.7318035910404,,209.93600710513869,"rgba(38, 166, 154, 0.5)",9.050468950569796,209.88613590180262,2.063855939423051,58.630890021855194,15.472687994774802,False,False,True,False,False,12.085107324514457,0.0,0.0,0.0,0.0,0,1.0363723078467795,0.8907575681510114,False,False,False,False,0.294240317347017,0.29524870239144096,False,False,False,False,68685.0,-25235.82408756571,False,False,False,False,7041.970987526459,False,False,False,False
2025-05-19 17:00:00+00:00,228.505,229.25,227.83,228.15,4741.0,,,,,,,,,,,,,,,,,,,223.02173665525498,214.98568102313249,208.84319009606727,205.85016324883154,197.5553524097839,,,,,223.02173665525498,208.84319009606727,,210.05122468661403,"rgba(38, 166, 154, 0.5)",9.148164546375973,209.9800648656315,1.9861836811370521,57.520053965159846,14.135099975588773,False,True,True,False,False,11.699681702105586,0.0,0.0,0.0,0.0,0,1.0377438719359682,0.8894947473736868,False,False,False,False,0.30138679117565464,0.29831774678354783,False,False,False,False,63944.0,-23853.191155975543,False,False,False,False,7006.297018727599,False,False,False,False
2025-05-19 18:00:00+00:00,228.15,228.3,227.51,227.96,2586.0,,,,,,,,,,,,,,,,,,,223.0729790713281,215.05656881398733,208.90191856343068,205.9110539730493,197.61212172033115,,,,,223.0729790713281,208.90191856343068,,210.11092842842532,"rgba(38, 166, 154, 0.5)",9.22719586551317,210.02667715183279,1.9435290102807263,56.48164318769466,12.790807179458923,False,True,True,False,False,11.520787369384816,0.0,0.0,0.0,0.0,0,1.0368706158416336,0.8920841758406349,False,False,False,False,0.2941837168810301,0.296250731832289,False,False,False,False,61358.0,-22532.087417123206,False,False,False,False,6937.76528200314,False,False,False,False
2025-05-19 19:00:00+00:00,227.955,229.0,227.26,227.825,25988.0,,,,,,,,,,,,,,,,,,,223.54409231198846,215.73355677342303,209.4757902815573,206.5076586449387,198.1729940950831,,,,,223.54409231198846,209.4757902815573,,210.68681842139813,"rgba(38, 166, 154, 0.5)",9.301663992858423,210.49282713766883,1.8633411049505075,55.558116752797126,11.511502336435186,False,True,True,False,False,11.391545148299421,0.0,0.0,0.0,0.0,0,1.0360897770486914,0.8908110257748614,False,False,False,False,0.2967325586811436,0.29649164525671634,False,False,False,False,35370.0,-21634.38063546238,False,False,False,False,7233.117758251154,False,False,False,False
2025-05-20 14:00:00+00:00,230.68,230.88,227.825,228.1,2641.0,,,,,,,,,,,,,,,,,,,223.59567835657668,215.80320363818927,209.53494369167166,206.5689697857083,198.23053226508955,,,,,223.59567835657668,209.53494369167166,,210.7466655474471,"rgba(38, 166, 154, 0.5)",9.373070200419118,210.54500567332494,1.8729182595783913,55.380527616041874,10.885838508809165,False,True,True,False,False,11.588435876538146,0.0,0.0,0.0,0.0,0,1.0372115396474957,0.8869963121477114,False,False,False,False,0.31064791765462574,0.30356978145567104,False,False,False,False,38011.0,-20709.64605196684,False,False,False,False,7161.922134092221,False,False,False,False
2025-05-20 15:00:00+00:00,228.02,228.9,227.47,228.71,2732.0,,,,,,,,,,,,,,,,,,,223.64237716985085,215.87136018720685,209.5939555948229,206.63042025788667,198.28871654342547,,,,,223.64237716985085,209.5939555948229,,210.80536595063853,"rgba(38, 166, 154, 0.5)",9.451021255174952,210.59441898846976,1.9167855539009586,56.25405930532895,10.885838508809165,False,True,True,False,False,12.029617905166205,0.0,0.0,0.0,0.0,0,1.0362081044209286,0.8922606098595183,False,False,False,False,0.29735617794072206,0.3004629796981966,False,False,False,False,40743.0,-19756.89184961076,False,False,False,False,7093.2411707729625,False,False,False,False
2025-05-20 16:00:00+00:00,228.49,228.54,226.265,226.39,3214.0,,,,,,,,,,,,,,,,,,,223.6813938003138,215.94238349294457,209.65814875150622,206.69798808553813,198.35394371407142,,,,,223.6813938003138,209.65814875150622,,210.8667715688748,#000000,9.472442088348712,210.6415810541388,1.6625510928414158,52.57065066391613,7.55268667481117,False,True,False,False,False,9.74150426145156,0.0,0.0,0.0,0.0,0,1.0413214828969037,0.8902787031566242,False,False,False,False,0.28850463931678016,0.29448380950748837,False,False,False,False,37529.0,-18868.73848760129,False,False,False,False,7033.09789680749,False,False,False,False
2025-05-20 17:00:00+00:00,226.39,228.29,226.39,227.06,4856.0,,,,,,,,,,,,,,,,,,,223.74176083962413,216.04972355245113,209.75525063192325,206.80013533899503,198.45255583857005,,,,,223.74176083962413,209.75525063192325,,210.95988524031273,#000000,9.531948326596401,210.71476757364732,1.7147839944479764,51.33679727651775,6.176602585439724,False,True,False,False,False,10.243218597753685,0.0,0.0,0.0,0.0,0,1.043604541511071,0.8861353149007327,False,False,False,False,0.287799557890742,0.2911416836991152,False,False,False,False,42385.0,-17919.068123452435,False,False,False,False,6999.344441043032,False,False,False,False
2025-05-20 18:00:00+00:00,226.94,227.83,226.56,227.485,5711.0,,,,,,,,,,,,,,,,,,,223.81107057063218,216.1738803800609,209.86837653144715,206.9192373505507,198.56785268526338,,,,,223.81107057063218,209.86837653144715,,211.06808350359088,#000000,9.595351221454385,210.80085538733766,1.738773727777471,51.29071225811108,5.850506207254071,False,True,False,False,False,10.563872798738725,0.0,0.0,0.0,0.0,0,1.0470706943305796,0.8854007693763004,False,False,False,False,0.28616483967618217,0.2886532616876487,False,False,False,False,48096.0,-16895.57869518185,False,False,False,False,6979.370108623761,False,False,False,False
2025-05-20 19:00:00+00:00,227.47,228.37,226.795,227.83,14836.0,,,,,,,,,,,,,,,,,,,223.99710728873157,216.49436826921018,210.16169933206467,207.22781916921917,198.86694372619488,,,,,223.99710728873157,210.16169933206467,,211.34958755708408,#000000,9.65918145954778,211.03305999007264,1.738961016549094,51.90976103400244,5.850506207254071,False,True,False,False,False,10.827085916540778,0.0,0.0,0.0,0.0,1,1.0549716340796271,0.8781025225407757,False,False,False,False,0.2905368371604561,0.2895950494240524,False,False,False,False,62932.0,-15657.941816186785,False,False,False,False,7101.178323993934,False,False,False,False
2025-05-21 14:00:00+00:00,229.855,230.815,229.18,230.605,4379.0,,,,,,,,,,,,,,,,,,,224.08424439910476,216.60627235973203,210.25871001913367,207.32823420450387,198.96171969434786,,,,,224.08424439910476,210.25871001913367,,211.44783613536447,"rgba(38, 166, 154, 0.5)",9.762762454282184,211.12414038589782,1.99542493278195,56.46868695869066,2.114902816060763,False,True,True,False,True,12.908822674209162,0.0,0.0,0.0,0.0,1,1.0567710965133907,0.8707175341081352,False,False,False,False,0.3170340657008221,0.30331455756243725,False,False,False,False,67311.0,-14371.60163299009,False,False,False,False,7058.974008893252,False,False,False,False
2025-05-21 15:00:00+00:00,230.565,232.04,230.1,232.04,3140.0,,,,,,,,,,,,,,,,,,,224.15713541848623,216.69234165330457,210.33182441181833,207.4034276114983,199.03191010559595,,,,,224.15713541848623,210.33182441181833,,211.52332784014067,"rgba(38, 166, 154, 0.5)",9.890744422197372,211.19645942914255,2.1073783409142774,61.04265320081334,6.345665819438274,False,True,True,False,True,13.953773163676868,0.0,0.0,0.0,0.0,0,1.0563346258979087,0.8762824995232342,False,False,False,False,0.32854575651886664,0.31593015704065197,False,False,False,False,70451.0,-13056.522537904972,False,False,False,False,6998.214721933667,False,False,False,False
2025-05-21 16:00:00+00:00,232.07,233.89,232.07,232.53,7221.0,,,,,,,,,,,,,,,,,,,224.35157893021034,216.90549880552996,210.50939945843365,207.5848279693658,199.19929370955813,,,,,224.35157893021034,210.50939945843365,,211.71011977461959,"rgba(38, 166, 154, 0.5)",10.023899729336232,212.57214096222728,1.9910274021759693,64.57767173031544,9.495411918448262,False,False,True,False,True,14.309653130966321,0.0,0.0,0.0,0.0,0,1.052546275453107,0.8786097426068612,False,False,False,False,0.34282825309444215,0.32937920506754703,False,False,False,False,77672.0,-11649.878777627375,False,False,False,False,7001.668757252524,False,False,False,False
2025-05-21 17:00:00+00:00,232.44,233.06,227.82,227.915,2874.0,,,,,,,,,,,,,,,,,,,224.39798266534547,216.97187773855438,210.5691777599081,207.64715802537015,199.25909559018464,,,,,224.39798266534547,210.5691777599081,,211.76905835587255,"rgba(38, 166, 154, 0.5)",10.077935000478874,212.5707486917127,1.5225590666697264,58.785426194541316,14.490194523026176,False,True,True,False,False,9.571404884191534,0.0,0.0,0.0,0.0,0,1.0432454589706146,0.882138190761663,False,False,False,False,0.3096313195049147,0.3195052622862309,False,False,False,False,74798.0,-10309.601587276564,False,False,False,False,6937.673892798996,False,False,False,False
2025-05-21 18:00:00+00:00,227.845,229.555,226.69,227.43,5585.0,,,,,,,,,,,,,,,,,,,224.4570138449794,217.0817355615799,210.67395662756218,207.75793994758723,199.36813780054354,,,,,224.4570138449794,210.67395662756218,,211.8677567564505,"rgba(38, 166, 154, 0.5)",10.126276303942483,212.56865363103083,1.4676022975181098,54.3138367597867,10.635978749242945,False,True,True,False,False,9.092969760337148,0.0,0.0,0.0,0.0,0,1.0375508741392991,0.8911869352650573,False,False,False,False,0.27991062919411497,0.2997079457401729,False,False,False,False,69213.0,-9076.693035535842,False,False,False,False,6916.7022045385465,False,False,False,False
2025-05-21 19:00:00+00:00,227.39,228.4,225.8,227.35,13287.0,,,,,,,,,,,,,,,,,,,224.5623706136014,217.3178586679379,210.90815981100906,208.0075820331606,199.6178864189771,,,,,224.5623706136014,210.90815981100906,,212.08277150893724,#000000,10.16998148943737,212.64858446039324,1.4455695474840118,51.22473154610146,7.9980175203696575,False,True,False,False,False,9.01297380287837,0.0,0.0,0.0,0.0,0,1.0376337206326458,0.8918078517684392,False,False,False,False,0.26695213115888766,0.2833300384495303,False,False,False,False,55926.0,-8068.899345062417,False,False,False,False,7015.466511444925,False,False,False,False
2025-05-22 14:00:00+00:00,227.94,228.5,226.84,228.1,4047.0,,,,,,,,,,,,,,,,,,,224.6001906527728,217.392053854086,210.98089013858925,208.0848054350187,199.6947853207327,,,,,224.6001906527728,210.98089013858925,,212.15054508023985,#000000,10.216963355038594,212.69451689056004,1.507833842023383,50.44884487126868,7.317520224329087,False,True,False,False,False,9.608057143550699,0.0,0.0,0.0,0.0,0,1.037878400490898,0.8908391286561669,False,False,False,False,0.27416487402883755,0.27874745623918395,False,False,False,False,59973.0,-7013.986176921914,False,False,False,False,6969.443774833376,False,False,False,False
2025-05-22 15:00:00+00:00,228.225,230.04,228.22,228.92,3703.0,,,,,,,,,,,,,,,,,,,224.64716365453285,217.46704127920222,211.05178050057208,208.1593708561378,199.76788448309077,,,,,224.64716365453285,211.05178050057208,,212.21864815470718,#000000,10.272267821576765,212.75272199199762,1.5738762159260697,51.283203269602566,7.317520224329087,False,True,False,False,False,10.25941902783298,0.0,0.0,0.0,0.0,0,1.043581677280749,0.8861096191718458,False,False,False,False,0.28120341775654406,0.279975436997864,False,False,False,False,63676.0,-5918.01739898514,False,False,False,False,6918.801235688672,False,False,False,False
2025-05-22 16:00:00+00:00,228.92,229.53,228.22,228.275,1251.0,,,,,,,,,,,,,,,,,,,224.66144485950232,217.4913231549518,211.0750948914862,208.18398012149444,199.79217420254585,,,,,224.66144485950232,211.0750948914862,,212.2408034459961,#000000,10.323837618404044,212.7706609210842,1.5017999751639475,50.68142014187224,7.127107638604031,False,True,False,False,False,9.583177428963275,0.0,0.0,0.0,0.0,0,1.041480553074041,0.8987586501153344,False,False,False,False,0.27719891909011213,0.278587178043988,False,False,False,False,62425.0,-4858.435733884595,False,False,False,False,6830.928348313653,False,False,False,False
2025-05-22 17:00:00+00:00,228.44,229.84,228.255,229.61,2436.0,,,,,,,,,,,,,,,,,,,224.69280505631946,217.54065774051256,211.121755998214,208.23303629703196,199.84027000669002,,,,,224.69280505631946,211.121755998214,,212.2857050197536,"rgba(38, 166, 154, 0.5)",10.28153163652168,212.8097149920556,1.6340255131119819,52.5120008465143,7.127107638604031,False,True,True,False,False,10.660956117772916,0.0,0.0,0.0,0.0,0,1.0460377257309863,0.888190264240994,False,False,False,False,0.27990688845484146,0.27924703324941474,False,False,False,False,64861.0,-3777.5142496383214,False,False,False,False,6762.7899243087895,False,False,False,False
2025-05-22 18:00:00+00:00,229.61,231.2,229.6,230.965,2510.0,,,,,,,,,,,,,,,,,,,224.73416562085112,217.5968920239225,211.1731579035036,208.28658585341907,199.89193680319698,,,,,224.73416562085112,211.1731579035036,,212.33654764097864,"rgba(38, 166, 154, 0.5)",10.272829312808303,212.8597432249711,1.7624411176047685,55.65247885032008,7.127107638604031,False,True,True,False,True,11.740396266348323,0.0,0.0,0.0,0.0,0,1.050302485613489,0.8789789266120266,False,False,False,False,0.3012817245370297,0.2902643788932222,False,False,False,False,67371.0,-2674.4365093338515,False,False,False,False,6696.855196800127,False,False,False,False
2025-05-22 19:00:00+00:00,230.965,231.295,228.25,228.35,12825.0,,,,,,,,,,,,,,,,,,,224.8921134106854,217.8490257205932,211.4144456150732,208.54064687074478,200.14226306190645,,,,,224.8921134106854,211.4144456150732,,212.56769893580062,"rgba(38, 166, 154, 0.5)",10.161249190779676,213.05854817690022,1.504879128146493,53.162938086953105,7.127107638604031,False,True,True,False,True,8.966214822696848,0.0,0.0,0.0,0.0,0,1.0491061265483765,0.8780448610646131,False,False,False,False,0.2913325947158886,0.29079848680455544,False,False,False,False,54546.0,-1787.2979588015437,False,False,False,False,6791.865193748961,False,False,False,False
2025-05-23 14:00:00+00:00,225.67,228.18,225.505,227.34,2128.0,,,,,,,,,,,,,,,,,,227.00833333333333,224.9041954544154,217.88165582679864,211.44881433861934,208.57762391234746,200.18015702266604,,,,,224.9041954544154,211.44881433861934,,215.00012998136336,#000000,10.036057976701573,213.81128082893676,1.3480112612411952,50.090211457528696,6.142280153953621,False,True,False,False,False,7.921009420568083,0.0,0.0,0.0,0.0,0,1.0365997007907672,0.8898135285317371,False,False,False,False,0.2455772953883351,0.26818789109644525,False,False,False,False,52418.0,-946.905742386016,False,False,False,False,6719.557206248977,False,False,False,False
2025-05-23 15:00:00+00:00,227.3,227.81,226.12,227.45,3354.0,,,,,,,,,,,,,,,,,,227.08073209291013,224.92401604791866,217.93327641785106,211.50308698283348,208.63597704992875,200.23992869459656,,,,,224.92401604791866,211.50308698283348,,215.05283621433978,"rgba(239, 83, 80, 1.0)",9.952035375143705,213.84567260487282,1.3669894531429685,48.24099356464514,4.254180351268069,False,True,False,True,False,8.013677133371761,0.0,0.0,0.0,0.0,0,1.0448994927672366,0.8878452000751453,False,False,False,False,0.2274391062198089,0.24781349865812707,False,False,False,False,55772.0,-67.54286265910105,False,False,False,False,6667.378024756745,False,False,False,False
2025-05-23 16:00:00+00:00,227.45,227.68,226.44,227.155,1107.0,,,,,,,,,,,,,,,,,,227.08256918095816,224.93037781677975,217.95012330374942,211.52087754196643,208.65511991119968,200.25957278897525,,,,,224.93037781677975,211.52087754196643,,215.06644009060474,"rgba(239, 83, 80, 1.0)",9.80346837043369,213.8558576513986,1.3565752288965742,46.54535141741136,2.4626905250194824,False,True,False,True,False,7.701028818068028,0.0,0.0,0.0,0.0,0,1.0436901222332342,0.9024887126968393,False,False,False,False,0.22163715587853786,0.23472532726833245,False,False,False,False,54665.0,781.0236933511176,False,False,False,False,6581.170613520206,False,False,False,False
2025-05-23 17:00:00+00:00,227.155,228.89,227.155,228.65,2694.0,,,,,,,,,,,,,,,,,,227.4160463571403,224.9537894255161,217.99594476528574,211.56716096351184,208.70441092593228,200.30928488134924,,,,,224.9537894255161,211.56716096351184,,215.1577728864559,#000000,9.674426443413209,213.905248301709,1.524095695443516,48.274324669868875,2.4626905250194824,False,True,False,False,False,8.986703125965573,0.0,0.0,0.0,0.0,0,1.035935837742992,0.906077729728236,False,False,False,False,0.2408248515363237,0.23777508940232805,False,False,False,False,57359.0,1658.2016205859838,False,False,False,False,6520.904402457876,False,False,False,False
2025-05-23 18:00:00+00:00,228.63,229.92,228.63,229.65,4077.0,,,,,,,,,,,,,,,,,,228.02147891716564,225.00100059468,218.07234483691656,211.64159568332568,208.7829708180911,200.3873160467087,,,,,225.00100059468,211.64159568332568,,215.31778448281463,#000000,9.549237223441114,213.99589274633013,1.6393044687635108,51.067684291636425,2.4626905250194824,False,True,False,False,True,9.836392893750066,0.0,0.0,0.0,0.0,1,1.0359188428307933,0.9061949602673803,False,False,False,False,0.26605925067034053,0.2519171700363343,False,False,False,False,61436.0,2584.9891923598443,False,False,False,False,6483.014411722094,False,False,False,False
2025-05-23 19:00:00+00:00,229.65,230.595,229.19,230.395,9230.0,,,,,,,,,,,,,,,,,,228.85439390585802,225.11975886551878,218.2514434638946,211.81401399784662,208.96426287675922,200.5664187721633,,,,,225.11975886551878,211.81401399784662,,215.59504864700673,"rgba(38, 166, 154, 0.5)",9.444307624887989,214.18295954732412,1.7165938570185204,54.06758221206655,-1.7410145529102863,False,True,True,False,True,10.467837677406237,0.0,0.0,0.0,0.0,1,1.0378397929940735,0.9037172031941234,False,False,False,False,0.27862117985230084,0.26526917494431757,False,False,False,False,70666.0,3640.508739765118,False,False,False,False,6525.603335571364,False,False,False,False
2025-05-26 14:00:00+00:00,230.395,230.395,230.395,230.395,0.0,,,,,,,,,,,,,,,,,,228.85439390585802,225.11975886551878,218.2514434638946,211.81401399784662,208.96426287675922,200.5664187721633,,,,,225.11975886551878,211.81401399784662,,215.59504864700673,"rgba(38, 166, 154, 0.5)",9.271307189388342,214.18295954732412,1.7486250990832992,56.067514159019964,0.26001222015411685,False,True,True,False,True,10.467837677406237,0.0,0.0,0.0,0.0,0,1.0375634659376223,0.9033504435641351,False,False,False,False,0.28890711844316025,0.27708814669373893,False,False,False,False,70666.0,4679.663643024574,False,False,False,False,6424.431190833824,False,False,False,False
2025-05-26 15:00:00+00:00,230.395,230.395,230.395,230.395,0.0,,,,,,,,,,,,,,,,,,228.85439390585802,225.11975886551878,218.2514434638946,211.81401399784662,208.96426287675922,200.5664187721633,,,,,225.11975886551878,211.81401399784662,,215.59504864700673,"rgba(38, 166, 154, 0.5)",9.126529823630975,214.18295954732412,1.7763641565821302,57.40080212365557,1.6929721545918284,False,True,True,False,True,10.467837677406237,0.0,0.0,0.0,0.0,0,1.0416800930271657,0.9007243229611775,False,False,False,False,0.28890711844316025,0.28299763256844956,False,False,False,False,70666.0,5702.707617551325,False,False,False,False,6324.827606479811,False,False,False,False
2025-05-26 16:00:00+00:00,230.395,230.395,230.395,230.395,0.0,,,,,,,,,,,,,,,,,,228.85439390585802,225.11975886551878,218.2514434638946,211.81401399784662,208.96426287675922,200.5664187721633,,,,,225.11975886551878,211.81401399784662,,215.59504864700673,"rgba(38, 166, 154, 0.5)",9.046482005989333,214.18295954732412,1.7920823190653026,58.28966076674598,2.7850481928090858,False,False,True,False,True,10.467837677406216,0.0,0.0,0.0,0.0,0,1.046153846153846,0.8988143966125615,False,False,False,False,0.28890711844316025,0.2859523755058049,False,False,False,False,70666.0,6709.890445186188,False,False,False,False,6226.76826374369,False,False,False,False
2025-05-26 17:00:00+00:00,230.395,230.395,230.395,230.395,0.0,,,,,,,,,,,,,,,,,,228.85439390585802,225.11975886551878,218.2514434638946,211.81401399784662,208.96426287675922,200.5664187721633,,,,,225.11975886551878,211.81401399784662,,215.59504864700673,"rgba(38, 166, 154, 0.5)",8.813826664308339,214.18295954732412,1.8393872571066867,58.88223319547292,3.668607014501994,False,False,True,False,True,10.467837677406216,0.0,0.0,0.0,0.0,0,1.0460781812512403,0.8953850951044586,False,False,False,False,0.2882142936301254,0.28708333456796514,False,False,False,False,70666.0,7701.458035183301,False,False,False,False,6130.22922089495,False,False,False,False
2025-05-26 18:00:00+00:00,230.395,230.395,230.395,230.395,0.0,,,,,,,,,,,,,,,,,,228.85439390585802,225.11975886551878,218.2514434638946,211.81401399784662,208.96426287675922,200.5664187721633,,,,,225.11975886551878,211.81401399784662,,215.59504864700673,"rgba(38, 166, 154, 0.5)",8.628319873929751,214.18295954732412,1.8789336382463242,59.27728148129088,4.418926810475213,False,False,True,False,True,10.467837677406205,0.0,0.0,0.0,0.0,0,1.0444815957933242,0.9004200960219477,False,False,False,False,0.2882142936301254,0.2876488140990453,False,False,False,False,70666.0,8677.652484250226,False,False,False,False,6035.186907392703,False,False,False,False
2025-05-26 19:00:00+00:00,230.395,230.395,230.395,230.395,0.0,,,,,,,,,,,,,,,,,,228.85439390585802,225.11975886551878,218.2514434638946,211.81401399784662,208.96426287675922,200.5664187721633,,,,,225.11975886551878,211.81401399784662,,215.59504864700673,"rgba(38, 166, 154, 0.5)",8.476070463103751,214.18295954732412,1.9126835392941508,59.54064700516952,5.077663735297982,False,False,True,False,True,10.467837677406216,0.0,0.0,0.0,0.0,0,1.0422975073398195,0.9012002763226065,False,False,False,False,0.2882142936301254,0.28793155386458535,False,False,False,False,70666.0,9638.712135657199,False,False,False,False,5941.6181181308,False,False,False,False
2025-05-27 14:00:00+00:00,236.69,239.22,235.73,236.95,8266.0,,,,,,,,,,,,,,,,,,231.1168835342667,225.37055066640758,218.50294550575552,212.02589928666583,209.1788455429648,200.7639160256651,,,,,225.37055066640758,212.02589928666583,,216.15984009362094,"rgba(38, 166, 154, 1.0)",8.35907582341649,215.68549471158607,2.5438823307290885,67.86795405318676,13.00379710591261,True,False,True,False,True,16.23887954639564,0.0,0.0,0.0,0.0,0,1.0413195082964368,0.8943035378325999,False,False,False,False,0.3428282525140779,0.3153799031893316,False,False,False,False,78932.0,10713.026676189646,False,False,False,False,5977.655046531873,False,False,False,False
2025-05-27 15:00:00+00:00,237.2,238.21,237.2,237.74,3419.0,,,,,,,,,,,,,,,,,,231.7752251398006,225.47480845116803,218.6073043686392,212.11394115789804,209.26795553761474,200.8459103018644,,,,,225.47480845116803,212.11394115789804,,216.3475241594975,"rgba(38, 166, 154, 1.0)",8.214543800288086,215.81998613111514,2.6684395873713798,73.8150281931002,18.293978956188,True,False,True,False,True,16.87809340081598,0.0,0.0,0.0,0.0,0,1.0421721794162304,0.8979183517091648,False,False,False,False,0.34282825252523796,0.3291040778572848,False,False,False,False,82351.0,11823.692929271976,False,False,False,False,5937.985976043007,False,False,False,False
2025-05-27 16:00:00+00:00,237.87,238.4,237.06,237.06,2941.0,,,,,,,,,,,,,,,,,,232.2281531688879,225.56157722682124,218.69519378472106,212.1885755619984,209.34360075259596,200.9157505817902,,,,,225.56157722682124,212.1885755619984,,216.48880851280248,"rgba(38, 166, 154, 1.0)",8.102707974098424,215.92278294514796,2.608660848005441,75.80528926315591,19.88564482334627,True,False,True,False,True,16.00854447003992,0.0,0.0,0.0,0.0,0,1.0406194791132388,0.8994414999715047,False,False,False,False,0.34282825252644306,0.33596616519186395,False,False,False,False,79410.0,12871.542651298767,False,False,False,False,5891.521077189627,False,False,False,False
2025-05-27 17:00:00+00:00,237.175,237.95,237.1,237.75,2320.0,,,,,,,,,,,,,,,,,,232.54337688014297,225.62967449415152,218.76429160496153,212.24735777602527,209.40318474641347,200.97079648297645,,,,,225.62967449415152,212.24735777602527,,216.59311366411188,"rgba(38, 166, 154, 1.0)",7.887171027676818,216.0015955441792,2.757440453554719,77.6248394325419,21.50492482353168,True,False,True,False,True,16.581011117493958,0.0,0.0,0.0,0.0,0,1.0497882881585394,0.8962611976841317,False,False,False,False,0.3389608261544641,0.337463495673164,False,False,False,False,81730.0,13939.115633449173,False,False,False,False,5836.148657388238,False,False,False,False
2025-05-27 18:00:00+00:00,237.555,237.73,235.605,236.34,4916.0,,,,,,,,,,,,,,,,,,232.98739573022587,225.75911679741333,218.90104559325633,212.3659400170199,209.52398077442237,201.08359112910048,,,,,225.75911679741333,212.3659400170199,,216.7701783402397,"rgba(38, 166, 154, 0.75)",7.567103784453439,216.13289089013477,2.6703887888230886,74.93958917381234,21.50492482353168,True,False,True,False,False,14.764616511882654,0.0,0.0,0.0,0.0,0,1.0447452068980398,0.8890215312037049,False,False,False,False,0.3226807708060196,0.33007213323959184,False,False,False,False,76814.0,14913.920042232907,False,False,False,False,5821.882786731056,False,False,False,False
2025-05-27 19:00:00+00:00,236.23,236.39,233.245,234.26,13889.0,,,,,,,,,,,,,,,,,,233.3788404952492,226.04640769554163,219.23534942250848,212.66860986269134,209.8356128445818,201.38133691029304,,,,,226.04640769554163,212.66860986269134,,217.09102620514423,"rgba(38, 166, 154, 0.75)",7.103025378141873,216.37685399340324,2.5176801509999556,68.6787173751902,25.422964739383687,True,False,True,False,False,12.162349570261927,0.0,0.0,0.0,0.0,0,1.0364373049279845,0.894338974314921,False,False,False,False,0.2871585271506592,0.30861533019512555,False,False,False,False,62925.0,15658.277871035498,False,False,False,False,5946.954371432899,False,False,False,False
2025-05-28 14:00:00+00:00,233.56,234.0,231.22,231.915,1734.0,,,,,,,,,,,,,,,,,,233.3499619364683,226.07190153441303,219.27012840077785,212.70200279115832,209.87049051318124,201.41564486142562,,,,,226.07190153441303,212.70200279115832,,217.11335500623738,"rgba(38, 166, 154, 0.75)",6.527986470602206,216.39313180233916,2.3777420905452558,60.82695446077264,18.38896432128486,True,False,True,False,False,9.349273680806242,0.0,0.0,0.0,0.0,0,1.0270053552507232,0.9077006787135942,False,False,False,False,0.24610590195529555,0.27736061607521056,False,False,False,False,61191.0,16364.211547453551,False,False,False,False,5881.63724939518,False,False,False,False
2025-05-28 15:00:00+00:00,231.915,233.35,231.91,232.59,7363.0,,,,,,,,,,,,,,,,,,233.26989946321066,226.18191277925658,219.4184295366125,212.84424859636187,210.01895116556219,201.5615979773657,,,,,226.18191277925658,212.84424859636187,,217.2158399197282,"rgba(38, 166, 154, 0.5)",5.887812999656503,216.47537059662167,2.736946537588484,56.68665964113788,14.883586586837069,False,True,True,False,False,9.96576843136079,0.0,0.0,0.0,0.0,0,1.0217459998276408,0.9149981327741231,False,False,False,False,0.24647402005027733,0.26191731806274393,False,False,False,False,68554.0,17173.355554469774,False,False,False,False,5904.604113745642,False,False,False,False
2025-05-28 16:00:00+00:00,232.53,233.92,232.53,233.45,2700.0,,,,,,,,,,,,,,,,,,233.27105819954946,226.22551881162957,219.4747618292547,212.89768716947933,210.07453855536735,201.6159473136214,,,,,226.22551881162957,212.89768716947933,,217.25991864648367,"rgba(38, 166, 154, 0.5)",5.172873696436497,216.51355057589262,3.2740891075253957,55.2845737991267,13.700179185718696,False,True,True,False,False,10.750155689217952,0.0,0.0,0.0,0.0,0,1.02278802942069,0.9165065098333883,False,False,False,False,0.25745600709851924,0.25968666258063156,False,False,False,False,71254.0,18011.815158276444,False,False,False,False,5854.920329036407,False,False,False,False
2025-05-28 17:00:00+00:00,233.3,234.51,233.3,234.46,2106.0,,,,,,,,,,,,,,,,,,233.2949313437794,226.26291933502543,219.52087731928177,212.94078231249836,210.119181333084,201.65926453474492,,,,,226.26291933502543,212.94078231249836,,217.29965936306903,"rgba(38, 166, 154, 0.5)",4.949810564216272,216.54904478657454,3.618513270570264,55.84637368108999,13.700179185718696,False,True,True,False,False,11.665585651348213,0.0,0.0,0.0,0.0,0,1.0208945289325562,0.9136147245655413,False,False,False,False,0.2700818581229296,0.2648842603517806,False,False,False,False,73360.0,18869.926551171382,False,False,False,False,5796.797533237393,False,False,False,False
2025-05-28 18:00:00+00:00,234.46,235.07,232.67,233.49,1880.0,,,,,,,,,,,,,,,,,,233.3063041210224,226.29454159583622,219.56082517340772,212.97847684717112,210.1583190870263,201.69742346457835,,,,,226.29454159583622,212.97847684717112,,217.33264838150703,"rgba(38, 166, 154, 0.5)",4.705413177519764,216.57851124431335,3.5940496865358704,54.461982560698175,12.454618803712151,False,True,True,False,False,10.472142007262502,0.0,0.0,0.0,0.0,0,1.0169530752762832,0.9158855522768036,False,False,False,False,0.2694299739879167,0.26715711716984863,False,False,False,False,71480.0,19685.58660464159,False,False,False,False,5736.071990086425,False,False,False,False
2025-05-28 19:00:00+00:00,233.33,234.19,231.47,231.88,9086.0,,,,,,,,,,,,,,,,,,233.21971678083563,226.41905172502442,219.73429813997546,213.14806681285376,210.33588764905753,201.87354295509505,,,,,226.41905172502442,213.14806681285376,,217.45509401047363,#000000,4.493508192256849,216.68699144982233,3.381101780643918,50.99831364713353,8.836824695954888,False,True,False,False,False,8.524114058146154,0.0,0.0,0.0,0.0,0,1.0134951203266631,0.9206220497523963,False,False,False,False,0.2501588223957167,0.25865796978278266,False,False,False,False,62394.0,20347.732548755674,False,False,False,False,5788.008858457178,False,False,False,False
2025-05-29 14:00:00+00:00,237.565,239.8,231.0,235.89,8538.0,,,,,,,,,,,,,,,,,,233.43781197773615,226.5879156032541,219.93103430564776,213.32944653631483,210.52279150732838,202.05350793745126,,,,,226.5879156032541,213.32944653631483,,217.64375131128872,"rgba(38, 166, 154, 0.5)",4.322057861964343,218.56798045954048,4.007817593766961,54.13979303859968,8.836824695954888,False,True,True,False,False,12.163871445108839,0.0,0.0,0.0,0.0,0,1.0034957085204346,0.912237821860967,False,False,False,False,0.2981448102018788,0.2784013899923307,False,False,False,False,70932.0,21131.984757302096,False,False,False,False,5830.644380031485,False,False,False,False
2025-05-29 15:00:00+00:00,235.58,237.45,234.5,235.75,3953.0,,,,,,,,,,,,,,,,,,233.53951445996734,226.6668574661717,220.0224004433798,213.41368951130664,210.60954207865868,202.13701077878656,,,,,226.6668574661717,213.41368951130664,,217.73150245637842,"rgba(38, 166, 154, 0.5)",4.086451772637945,218.65282743917766,4.183867450804523,56.005455668425455,8.836824695954888,False,True,True,False,True,11.994181505212921,0.0,0.0,0.0,0.0,0,1.0145926283781865,0.9196766034840432,False,False,False,False,0.30905863413463996,0.29373001206348537,False,False,False,False,66979.0,21842.791195173384,False,False,False,False,5801.533614449601,False,False,False,False
2025-05-29 16:00:00+00:00,235.75,238.06,235.53,237.98,3333.0,,,,,,,,,,,,,,,,,,233.66237194633493,226.74154037683243,220.10482118284122,213.48827938306167,210.68593436244402,202.20977513407092,,,,,226.74154037683243,213.48827938306167,,217.81545373093084,"rgba(38, 166, 154, 0.5)",3.9107474482008424,218.74582096676696,4.918287178601064,59.51803821046551,2.033190679757311,False,False,True,False,True,13.92669165001892,0.0,0.0,0.0,0.0,0,1.0261245875065133,0.9105540438835172,False,False,False,False,0.323885943098152,0.3088079775808187,False,False,False,False,70312.0,22594.251796798602,False,False,False,False,5763.261775465886,False,False,False,False
2025-05-29 17:00:00+00:00,237.98,238.55,237.565,237.645,3302.0,,,,,,,,,,,,,,,,,,233.7997496807901,226.81958745651278,220.18915429700567,213.56397722940108,210.76325696677057,202.2830636189454,,,,,226.81958745651278,213.56397722940108,,217.90313154157093,"rgba(38, 166, 154, 1.0)",3.933868127104326,218.84331765946285,4.7794388965389265,61.24365925386946,3.9303392869609723,True,False,True,False,True,13.510541561817366,0.0,0.0,0.0,0.0,0,1.0272897685165003,0.9151663106499845,False,False,False,False,0.34282825239518894,0.32581811498800384,False,False,False,False,67010.0,23282.868048011027,False,False,False,False,5725.102678171841,False,False,False,False
2025-05-29 18:00:00+00:00,237.645,238.5,237.055,237.705,6094.0,,,,,,,,,,,,,,,,,,234.02194961419042,226.9586815578704,220.3412733063875,213.70150894968876,210.90394390827856,202.41690523971323,,,,,226.9586815578704,213.70150894968876,,218.0573770960215,"rgba(38, 166, 154, 1.0)",3.9755035796383873,219.00280369257925,4.704359066159341,62.45957015212854,5.426969534902305,True,False,True,False,True,13.563086104339607,0.0,0.0,0.0,0.0,0,1.0240818345847154,0.9160409754961872,False,False,False,False,0.33718215803735346,0.3315001365126786,False,False,False,False,73104.0,24055.28869842946,False,False,False,False,5730.822016494759,False,False,False,False
2025-05-29 19:00:00+00:00,237.685,238.01,234.98,235.01,20821.0,,,,,,,,,,,,,,,,,,234.34059308374145,227.3352923704597,220.79130864120845,214.12641956315235,211.34306857832954,202.8443532836174,,,,,227.3352923704597,214.12641956315235,,218.46350592008483,"rgba(38, 166, 154, 0.5)",3.973002725604856,219.35851694376498,3.93945943086465,58.522266755321255,5.426969534902305,False,False,True,False,False,10.225163713717713,0.0,0.0,0.0,0.0,0,1.0177217396356875,0.9194387147380958,False,False,False,False,0.31157780232992865,0.32153896942130367,False,False,False,False,52283.0,24492.927633337527,False,False,False,False,5964.778264301041,False,False,False,False
2025-05-30 14:00:00+00:00,226.5,230.305,226.33,229.86,8710.0,,,,,,,,,,,,,,,,,228.83166666666668,233.99279371223267,227.3609204074503,220.88682809235755,214.24271502281445,211.47015131530299,202.98199000066668,,,,,227.3609204074503,214.24271502281445,,219.96672360249877,#000000,3.918778623615639,220.682814813917,2.341848332737853,50.48485368742003,7.932317076659402,False,True,False,False,False,4.3905177230738985,0.0,0.0,0.0,0.0,0,1.0015781840930416,0.930588335655586,False,False,False,False,0.15591122250845532,0.2387250959648795,False,False,False,False,43573.0,24788.74270878966,False,False,False,False,6007.339841598699,False,False,False,False
2025-05-30 15:00:00+00:00,229.86,230.19,228.55,229.15,1414.0,,,,,,,,,,,,,,,,,228.89661234031342,233.94515013452914,227.36628762194223,220.90301629232528,214.2620175860184,211.4911560523692,203.00459627337352,,,,,227.36628762194223,214.2620175860184,,219.98126232869586,"rgba(239, 83, 80, 1.0)",3.8977847520070887,220.68196753155325,2.1725243971171833,44.5832584751964,2.63152482821215,False,True,False,True,False,3.6332007944247415,0.0,0.0,0.0,0.0,0,1.0067725561765712,0.9358817155241245,False,False,False,False,0.17538360580069023,0.20705435088278487,False,False,False,False,42159.0,25058.049023382067,False,False,False,False,5936.125270411122,False,False,False,False
2025-05-30 16:00:00+00:00,229.24,229.78,226.92,228.12,2222.0,,,,,,,,,,,,,,,,,228.78443625465738,233.85614558688863,227.3702225445808,220.92524324976034,214.2901925805799,211.52217237808497,203.03866243593674,,,,,227.3702225445808,214.2901925805799,,219.96958214721266,"rgba(239, 83, 80, 1.0)",3.8930736912845303,220.6643061837196,1.915117567122237,39.8647606946176,-1.5525399316125288,False,True,False,True,False,2.53829170850031,0.0,0.0,0.0,0.0,0,0.9967405285313377,0.9502017072029935,False,False,False,False,0.15651068222431608,0.1817825165535505,False,False,False,False,39937.0,25288.730433872268,False,False,False,False,5878.541932885369,False,False,False,False
2025-05-30 17:00:00+00:00,228.085,230.23,228.085,229.6,1554.0,,,,,,,,,,,,,,,,,228.84263453237412,233.8067398527895,227.37607488193044,220.94287994483233,214.31127892559385,211.54512798797847,203.0634045539489,,,,,227.37607488193044,214.31127892559385,,219.98402009706393,"rgba(239, 83, 80, 1.0)",3.8657562608724403,220.66417166275383,2.3115343374570356,39.129615084923245,-2.2154418220056016,False,True,False,True,False,3.988070799432645,0.0,0.0,0.0,0.0,0,0.9988841415965581,0.9483621841460012,False,False,False,False,0.17144197021854918,0.17661224338604983,False,False,False,False,41491.0,25539.92841164169,False,False,False,False,5811.494771135208,False,False,False,False
2025-05-30 18:00:00+00:00,229.6,231.005,229.55,230.73,2609.0,,,,,,,,,,,,,,,,,229.09323046015305,233.74626878658984,227.39149695625787,220.9762790679889,214.34919012371296,211.5859643069005,203.10661298125112,,,,,227.39149695625787,214.34919012371296,,220.03557752612204,"rgba(239, 83, 80, 1.0)",3.83905986638183,220.68090506147638,2.617592662860583,40.34275481783559,-2.2154418220056016,False,True,False,True,False,5.0779986903812855,0.0,0.0,0.0,0.0,0,1.0034945012994259,0.9394482211813763,False,False,False,False,0.19227915879639398,0.1844457010912219,False,False,False,False,44100.0,25827.681459523214,False,False,False,False,5761.843689412181,False,False,False,False
2025-05-30 19:00:00+00:00,230.835,233.52,230.835,232.885,5653.0,,,,,,,,,,,,,,,,,229.94010987275516,233.6965036797809,227.44587958856704,221.06287456174542,214.44079029303717,211.68310025031244,203.20653541174718,,,,,227.44587958856704,214.44079029303717,,220.21082766542077,"rgba(239, 83, 80, 0.75)",3.8213938697959606,220.76560576307412,3.171459066995618,44.004525776771516,-2.2154418220056016,False,True,False,True,True,7.1058747464542655,0.0,0.0,0.0,0.0,0,1.0074249813277096,0.932750464976641,False,False,False,False,0.22801926347953488,0.20623248228537838,False,False,False,False,49753.0,26198.616630693396,False,False,False,False,5760.156190351527,False,False,False,False
2025-06-02 14:00:00+00:00,232.5,233.66,231.74,232.25,4302.0,,,,,,,,,,,,,,,,,230.36437481106407,233.66482876836957,227.48759971056617,221.1286840746694,214.51040437937303,211.7569002242707,203.28247586321805,,,,,227.48759971056617,214.51040437937303,,220.31360969021873,"rgba(239, 83, 80, 0.75)",3.7911596469252684,220.8214015455469,3.014538958738388,45.63755574878538,-2.2154418220056016,False,True,False,True,True,6.396082200861567,0.0,0.0,0.0,0.0,0,1.0097344227311924,0.9308651358580466,False,False,False,False,0.23794527450055217,0.22208887839296526,False,False,False,False,45451.0,26497.103194558615,False,False,False,False,5737.549117632899,False,False,False,False
2025-06-02 15:00:00+00:00,232.29,232.57,230.415,231.545,2910.0,,,,,,,,,,,,,,,,,230.47786869340229,233.62529810349358,227.50971730675352,221.16875898468572,214.55449345377102,211.80404335117436,203.33180432222528,,,,,227.50971730675352,214.55449345377102,,220.3531406022151,"rgba(239, 83, 80, 0.75)",3.742212755351088,220.84296941925672,2.8598135061776366,45.81810457988591,-2.2154418220056016,False,True,False,True,True,5.606645404914374,0.0,0.0,0.0,0.0,0,1.0106537105059048,0.9330630881126248,False,False,False,False,0.2150724826876302,0.21858068054029772,False,False,False,False,42541.0,26745.84578068949,False,False,False,False,5693.711146816884,False,False,False,False
2025-06-02 16:00:00+00:00,231.705,232.05,230.58,232.05,1790.0,,,,,,,,,,,,,,,,,230.5400242266718,233.60225235586864,227.52337041640376,221.1933749901295,214.58157975547482,211.83300372290958,203.36211539672826,,,,,227.52337041640376,214.58157975547482,,220.37653155202662,"rgba(239, 83, 80, 0.75)",3.725010583455158,220.85630743051746,3.005009601637096,46.7092737106924,-2.2154418220056016,False,True,False,True,True,6.095117819993771,0.0,0.0,0.0,0.0,0,1.0113069059788422,0.9488143349578031,False,False,False,False,0.21172937778997222,0.21515502916513496,False,False,False,False,44331.0,27018.483830601283,False,False,False,False,5633.188493377863,False,False,False,False
2025-06-02 17:00:00+00:00,231.86,232.45,231.27,232.28,3213.0,,,,,,,,,,,,,,,,,230.67647889577333,233.5707905228119,227.55029414719303,221.23913174018315,214.63123746809086,211.88592907299773,203.41720638722063,,,,,227.55029414719303,214.63123746809086,,220.42443831918152,#000000,3.628183203804139,220.88538462077426,3.140584347361104,47.673217536224854,-2.2154418220056016,False,True,False,False,True,6.319797661568632,0.0,0.0,0.0,0.0,0,1.0083045085877862,0.9519173425572516,False,False,False,False,0.2220092898880946,0.21858215952661478,False,False,False,False,47544.0,27336.708887491182,False,False,False,False,5595.66619115495,False,False,False,False
2025-06-02 18:00:00+00:00,232.28,234.63,232.02,234.56,2812.0,,,,,,,,,,,,,,,,,230.90787118950942,233.5735929964752,227.5826866682804,221.28527280899385,214.67878818736082,211.93600129463778,203.4681670573767,,,,,227.5826866682804,214.67878818736082,,220.4903400289477,"rgba(38, 166, 154, 0.5)",3.585075177319599,220.9286238682655,3.8022567052348597,51.56977387659937,-4.900202643751783,False,True,True,False,True,8.512770664142817,0.0,0.0,0.0,0.0,0,1.0037021618246156,0.9504148205417942,False,False,False,False,0.24987942548054967,0.23423079250358222,False,False,False,False,50356.0,27693.597121793642,False,False,False,False,5552.508575788206,False,False,False,False
2025-06-02 19:00:00+00:00,234.56,234.56,233.08,233.49,9823.0,,,,,,,,,,,,,,,,,231.49336662270625,233.58119485276737,227.69274823554218,221.44347542193424,214.84282300625875,212.10891726545825,203.64469283663465,,,,,227.69274823554218,214.84282300625875,,220.6867454630431,"rgba(38, 166, 154, 0.5)",3.5330992226547018,221.06651328473146,3.5163141288553414,52.33170552099816,-3.821960637673506,False,True,True,False,True,7.255041589622955,0.0,0.0,0.0,0.0,0,1.005039393488925,0.9516723650958819,False,False,False,False,0.259380850228469,0.24680582136602564,False,False,False,False,40533.0,27892.657631533275,False,False,False,False,5618.717745155831,False,False,False,False
2025-06-03 14:00:00+00:00,234.955,239.63,234.84,239.405,3456.0,,,,,,,,,,,,,,,,,231.93608131225065,233.66536731415894,227.7572160480254,221.51712835124695,214.91270860270004,212.180939321333,203.7150171390911,,,,,227.7572160480254,214.91270860270004,,220.812065441258,"rgba(38, 166, 154, 0.5)",3.5903699626187033,221.15979797326924,5.081705288505502,58.46728192053375,2.148643399730261,False,False,True,False,True,12.559549839392897,0.0,0.0,0.0,0.0,0,1.0060823684596216,0.9350285798036052,False,False,False,False,0.326301178064549,0.2865534997152873,False,False,False,False,43989.0,28142.213327168418,False,False,False,False,5585.1872374789955,False,False,False,False
2025-06-03 15:00:00+00:00,239.55,239.75,237.99,238.82,3027.0,,,,,,,,,,,,,,,,,232.32749213322114,233.7513006486234,227.81791576759082,221.5845834479508,214.97593666195243,212.24587104320173,203.77797926552242,,,,,227.81791576759082,214.97593666195243,,220.92586842400894,"rgba(38, 166, 154, 1.0)",3.601114877418735,221.2466171112122,4.8799839735699635,61.635337360143645,5.147056524446938,True,False,True,False,True,11.873069102884443,0.0,0.0,0.0,0.0,0,1.0211751239984739,0.9307809702697148,False,False,False,False,0.34282825243898923,0.3146908760771383,False,False,False,False,40962.0,28340.969709692938,False,False,False,False,5545.525419843661,False,False,False,False
2025-06-03 16:00:00+00:00,238.82,240.505,238.47,239.69,4251.0,,,,,,,,,,,,,,,,,232.8595486556067,233.88323605904552,227.90739678178562,221.68224663268563,215.0667627440619,212.33891736730615,203.86778205307604,,,,,227.90739678178562,215.0667627440619,,221.08655575622396,"rgba(38, 166, 154, 1.0)",3.6342736711925454,221.37222718764434,5.0402843785687965,64.40314661195602,7.789045002974277,True,False,True,False,True,12.615302039717019,0.0,0.0,0.0,0.0,0,1.0208025530406006,0.9370900065007977,False,False,False,False,0.34282825247102783,0.32875956427408304,False,False,False,False,45213.0,28602.551574658937,False,False,False,False,5525.455258295698,False,False,False,False
2025-06-03 17:00:00+00:00,239.81,240.0,238.59,239.09,3238.0,,,,,,,,,,,,,,,,,233.19761647863916,233.97418687412934,227.97274897251418,221.75457412351562,215.1345745805271,212.40851683603714,203.93525666488085,,,,,227.97274897251418,215.1345745805271,,221.19678207574907,"rgba(38, 166, 154, 1.0)",3.6554386853000613,221.46060161900522,4.822785963252357,65.18788041140648,8.67934419193655,True,False,True,False,True,11.8962956790741,0.0,0.0,0.0,0.0,0,1.0164945708452915,0.9357821237314713,False,False,False,False,0.33908994792071206,0.3339247560973976,False,False,False,False,41975.0,28809.87635644717,False,False,False,False,5489.990835686463,False,False,False,False
2025-06-03 18:00:00+00:00,239.12,239.59,238.21,239.13,6281.0,,,,,,,,,,,,,,,,,233.73724651254983,234.13407500322282,228.09462105342348,221.89120318841677,215.26368119335606,212.5412530826048,204.06448886186612,,,,,228.09462105342348,215.26368119335606,,221.38950984220565,"rgba(38, 166, 154, 1.0)",3.751597728104626,221.61935453339066,4.667516811685464,65.74871179174967,9.511995732311775,True,False,True,False,True,11.931504210294019,0.0,0.0,0.0,0.0,0,1.0137668943897318,0.9368438174666547,False,False,False,False,0.33144751045183046,0.33268613327461405,False,False,False,False,48256.0,29111.3666454945,False,False,False,False,5502.254543660316,False,False,False,False
2025-06-03 19:00:00+00:00,239.11,239.75,237.99,239.74,8217.0,,,,,,,,,,,,,,,,,234.32756957508633,234.33579151056904,228.25265860524829,222.068589286823,215.431775829932,212.71410372771024,204.23300244061818,,,,,228.25265860524829,215.431775829932,,221.62335585371244,"rgba(38, 166, 154, 1.0)",3.8669353160797812,221.81810849400728,4.634649933622778,66.73126738230715,10.819729308611528,True,False,True,False,True,12.474373004293984,0.0,0.0,0.0,0.0,0,1.0108289879118273,0.9419145532116615,False,False,False,False,0.33086860579946603,0.33177736953704007,False,False,False,False,56473.0,29535.578015331797,False,False,False,False,5544.343620502791,False,False,False,False
2025-06-04 14:00:00+00:00,240.67,243.61,240.035,243.315,2521.0,,,,,,,,,,,,,,,,,234.58587909012044,234.43290997198284,228.31403010679742,222.13221106691356,215.4896797901564,212.77296868168824,204.28902724161853,,,,,228.31403010679742,215.4896797901564,,221.7166722784682,"rgba(38, 166, 154, 1.0)",4.091735597299088,221.89765311554487,5.234293950614134,70.16751735297535,14.35692971603578,True,False,True,False,True,15.535358991075462,0.0,0.0,0.0,0.0,0,1.01193559781009,0.9335962795078587,False,False,False,False,0.34282825258333005,0.33730281106018506,False,False,False,False,58994.0,29992.297736024328,False,False,False,False,5497.470075998872,False,True,False,False
2025-06-04 15:00:00+00:00,243.315,243.86,242.2,242.905,1829.0,,,,,,,,,,,,,,,,,234.77838446153584,234.50775043882095,228.3603300683304,222.17963922082538,215.5325761492612,212.8164919270581,204.3302829825946,,,,,228.3603300683304,215.5325761492612,,221.78649360691807,"rgba(38, 166, 154, 1.0)",4.266673010271931,223.9606248261354,4.440081329939371,71.60459734064916,15.947333489943674,True,False,True,False,True,15.019629174690248,0.0,0.0,0.0,0.0,0,1.021619392654119,0.9302229683956288,False,True,False,False,0.34282825263646355,0.34006553184832433,False,False,False,False,57165.0,30413.57994166736,False,False,False,False,5440.594570944626,False,False,False,False
2025-06-04 16:00:00+00:00,242.665,243.17,241.595,242.65,2776.0,,,,,,,,,,,,,,,,,235.0369133134805,234.6121020663114,228.4275847083943,222.2494363347925,215.5962074283518,212.88118402523497,204.39189724872713,,,,,228.4275847083943,215.5962074283518,,221.88504644647037,"rgba(38, 166, 154, 1.0)",4.432310371040326,224.02736510753965,4.20156381965854,71.99827214184842,16.626058588241023,True,False,True,False,True,14.695361062752156,0.0,0.0,0.0,0.0,0,1.0505435878347993,0.9237581227996713,False,False,False,False,0.33135279333307044,0.3357091625906974,False,False,False,False,54389.0,30785.29188055624,False,False,False,False,5399.2830272090505,False,False,False,False
2025-06-04 17:00:00+00:00,242.67,242.97,241.44,242.765,1271.0,,,,,,,,,,,,,,,,,235.1483582700477,234.65849547224695,228.45798977266884,222.2811073702207,215.62515456393487,212.91062957014046,204.4199820134611,,,,,228.45798977266884,215.62515456393487,,221.92881671896012,"rgba(38, 166, 154, 1.0)",4.559899042663744,224.06107439545036,4.101828884707808,72.36415671687506,17.35267543805209,True,False,True,False,True,14.795160940041555,0.0,0.0,0.0,0.0,0,1.0429580104973757,0.9144120219945013,False,False,False,False,0.3282217755121116,0.3319654690514045,False,False,False,False,55660.0,31170.946270004977,False,False,False,False,5335.278639190305,False,False,False,False
2025-06-04 18:00:00+00:00,242.765,242.92,241.325,241.6,1744.0,,,,,,,,,,,,,,,,,235.28686260311676,234.7176625991666,228.4981745787743,222.32344853005924,215.664116485002,212.950331561022,204.45800183197628,,,,,228.4981745787743,215.664116485002,,221.98551402701676,"rgba(38, 166, 154, 0.75)",4.644040520965214,224.1013733030833,3.7679745940889826,69.80598267417733,17.35267543805209,True,False,True,False,False,13.28484620381468,0.0,0.0,0.0,0.0,0,1.0465156602197316,0.9122334137229865,False,False,False,False,0.3267686295699244,0.32936704931066446,False,False,False,False,53916.0,31523.582761942886,False,False,False,False,5279.599900598207,False,False,False,False
2025-06-04 19:00:00+00:00,241.48,241.575,239.5,239.505,7677.0,,,,,,,,,,,,,,,,,235.6905815291175,234.90654840163972,228.64954199408467,222.49120917430443,215.8229017903571,213.11331520581518,204.6166594597793,,,,,228.64954199408467,215.8229017903571,,222.18439393644258,"rgba(38, 166, 154, 0.75)",4.686497480063032,224.21557620989492,3.2624414832501816,64.0305559252591,19.138303823428686,True,False,True,False,False,10.641637147122434,0.0,0.0,0.0,0.0,0,1.0437699831472178,0.9050889102392464,False,False,False,False,0.29909999624608835,0.3142335227783764,False,False,False,False,46239.0,31751.728765633692,False,False,False,False,5316.768894387382,False,False,False,False
2025-06-05 14:00:00+00:00,241.73,242.43,240.41,241.84,2014.0,,,,,,,,,,,,,,,,,235.81460327618885,234.96621955038998,228.69323015186262,222.53805718236885,215.86653500679049,213.15789187035162,204.65963899175895,,,,,228.69323015186262,215.86653500679049,,222.24231086138735,"rgba(38, 166, 154, 0.75)",4.770055621335793,224.26700205770126,3.6840236964317934,63.21164723080455,18.37091344063157,True,False,True,False,False,12.760902874196166,0.0,0.0,0.0,0.0,0,1.038976167238611,0.9072190913956486,False,False,False,False,0.3144480210182514,0.3143407718983139,False,False,False,False,48253.0,32007.562428182006,False,False,False,False,5265.563175094554,False,False,False,False
2025-06-05 15:00:00+00:00,242.19,242.34,241.315,241.93,2186.0,,,,,,,,,,,,,,,,,235.9501815384615,235.03269532071153,228.7414199133619,222.58944857281318,215.9142815503309,213.20662985543248,204.7065564810685,,,,,228.7414199133619,215.9142815503309,,222.30588760459713,"rgba(38, 166, 154, 0.75)",4.844714861588522,224.3249806379255,3.633860787485444,62.771124174386536,17.801043760923022,True,False,True,False,False,12.841405706449667,0.0,0.0,0.0,0.0,0,1.0429073335135048,0.9103381396753729,False,False,False,False,0.3215833708032598,0.31796207135078686,False,False,False,False,50439.0,32293.321150225693,False,False,False,False,5217.818009589211,False,False,False,False
2025-06-05 16:00:00+00:00,241.93,242.31,237.465,237.93,3409.0,,,,,,,,,,,,,,,,,236.0611522758128,235.0949374855173,228.8009655131278,222.65819967513323,215.9808895652066,213.27536896717106,204.77433135146148,,,,,228.8009655131278,215.9808895652066,,222.3779778333472,"rgba(38, 166, 154, 0.5)",4.835494841313244,224.3724146185716,2.803763797987296,56.463080345596836,11.8398256926449,False,False,True,False,False,7.974171898308189,0.0,0.0,0.0,0.0,0,1.0296877232532664,0.913286446839924,False,False,False,False,0.28788275548531506,0.30292241341805093,False,False,False,False,47030.0,32521.796791307464,False,False,False,False,5189.774319518061,False,False,False,False
2025-06-05 17:00:00+00:00,237.93,240.69,237.93,239.965,2696.0,,,,,,,,,,,,,,,,,236.15137494972888,235.14626721378588,228.84889110114625,222.71312550217777,216.03395861877382,213.33008594060664,204.8281974791091,,,,,228.84889110114625,216.03395861877382,,222.4359858293326,"rgba(38, 166, 154, 0.5)",4.8580475149656905,224.41551547224634,3.2007683086367424,54.93429959412167,10.470821689162733,False,True,True,False,False,9.84824864920914,0.0,0.0,0.0,0.0,0,1.030941711136799,0.9118937150638943,False,False,False,False,0.2779755596421535,0.2904489865301022,False,False,False,False,49726.0,32788.52862400037,False,False,False,False,5151.111151773594,False,False,False,False
2025-06-05 18:00:00+00:00,240.15,241.045,238.85,238.86,2586.0,,,,,,,,,,,,,,,,,236.23499177582525,235.19502046505434,228.89470241061397,222.7656516895685,216.08476034829323,213.38246956995866,204.8797932615547,,,,,228.89470241061397,216.08476034829323,,222.49105564583837,#000000,4.866157083034152,224.45823284524053,2.9595771178392942,52.52592806619319,8.184083548940976,False,True,False,False,False,8.553804834123067,0.0,0.0,0.0,0.0,0,1.03336866920874,0.9112542126164894,False,False,False,False,0.28891520480020716,0.2896820956651547,False,False,False,False,47140.0,33011.032056186414,False,False,False,False,5111.341986629817,False,False,False,False
2025-06-05 19:00:00+00:00,238.86,238.905,235.81,237.255,7221.0,,,,,,,,,,,,,,,,,236.3042870389964,235.25835334737198,228.9939471781818,222.89111434551464,216.21192150930287,213.51511148059058,205.01372235831263,,,,,228.9939471781818,216.21192150930287,,222.59835103689582,"rgba(239, 83, 80, 1.0)",4.811078185429232,224.52004013982415,2.6470074626400337,49.0749608285536,4.929732183887744,False,True,False,True,False,6.706312620600979,0.0,0.0,0.0,0.0,0,1.026432415321304,0.9193573915796136,False,False,False,False,0.24485821757084633,0.2672701566180005,False,False,False,False,39919.0,33118.132334385075,False,False,False,False,5144.049862806099,False,False,False,False
2025-06-06 14:00:00+00:00,236.72,237.215,233.63,236.9,3188.0,,,,,,,,,,,,,,,,,236.29364341052022,235.26686821828395,229.02973966841373,222.94048109021801,216.26386579047343,213.56976860483772,205.06993750212794,,,,,229.02973966841373,216.26386579047343,,222.63347204069643,"rgba(239, 83, 80, 1.0)",4.761189245980755,224.53524607610333,2.5969885432162996,46.379800988596436,2.395731632168193,False,True,False,True,False,6.3005824692409185,0.0,0.0,0.0,0.0,0,1.0218385529584908,0.923296038992894,False,False,False,False,0.21254954979382368,0.2399098532059121,False,False,False,False,36731.0,33174.145786565154,False,False,False,False,5113.723508343988,False,False,False,False
2025-06-06 15:00:00+00:00,236.64,237.585,235.08,236.62,2317.0,,,,,,,,,,,,,,,,,236.29626773295652,235.27771214123763,229.05744398008082,222.97753633232625,216.30242843335438,213.6102344020399,205.11134363014668,,,,,229.05744398008082,216.30242843335438,,222.66185237887746,"rgba(239, 83, 80, 1.0)",4.712987941140962,224.55185537060066,2.56061436611225,44.25105603256568,0.3423658904697149,False,True,False,True,False,5.976954006192777,0.0,0.0,0.0,0.0,0,1.0229283091170367,0.9307201021874498,False,False,False,False,0.22768545625778483,0.23379765473184846,False,False,False,False,34414.0,33193.368332509875,False,False,False,False,5070.363453951058,False,False,False,False
2025-06-06 16:00:00+00:00,236.62,237.22,235.14,235.18,1785.0,,,,,,,,,,,,,,,,,236.2896188132756,235.28177524041183,229.07697295261912,223.00471636828027,216.33118066704702,213.64051919082965,205.1425770252229,,,,,229.07697295261912,216.33118066704702,,222.68105146538375,"rgba(239, 83, 80, 1.0)",4.659852994240778,224.56182033005734,2.2786512113291817,41.18883777541224,-2.6090402381118807,False,True,False,True,False,4.319986206534338,0.0,0.0,0.0,0.0,0,1.0290274588440762,0.9299783304764058,False,False,False,False,0.225141960222461,0.22946980747715473,False,False,False,False,32629.0,33184.618435881814,False,False,False,False,5019.42758644794,False,False,False,False
2025-06-06 17:00:00+00:00,235.18,236.01,234.26,234.32,2383.0,,,,,,,,,,,,,,,,,236.26200506425093,235.2778235765011,229.09910828720763,223.03805884678007,216.36750623561747,213.6790367989356,205.18284300822052,,,,,229.09910828720763,216.36750623561747,,222.70091168821617,"rgba(239, 83, 80, 1.0)",4.642331147871004,224.56846344411048,2.1005689265320115,38.25350726386899,-5.428002815673864,False,True,False,True,False,3.343057141949725,0.0,0.0,0.0,0.0,0,1.0339113616993376,0.9273421621976001,False,False,False,False,0.2077877896774765,0.2186287985773156,False,False,False,False,30246.0,33139.05846013171,False,False,False,False,4978.5527401464215,False,False,False,False
2025-06-06 18:00:00+00:00,234.405,235.54,234.24,234.63,4134.0,,,,,,,,,,,,,,,,,236.21460531314762,235.27017534214522,229.13671376401354,223.09516713554714,216.4299834025351,213.74533775629044,205.25229706119458,,,,,229.13671376401354,216.4299834025351,,222.73489711069624,"rgba(239, 83, 80, 1.0)",4.6363496222595915,224.58195137055972,2.1672327257630783,36.97458603378003,-6.757296041824205,False,True,False,True,False,3.666213603669327,0.0,0.0,0.0,0.0,0,1.0192639873657194,0.9319591359994733,False,False,False,False,0.20373726834340275,0.21118303346035916,False,False,False,False,34380.0,33158.297863850596,False,False,False,False,4965.458899213919,False,False,False,False
2025-06-06 19:00:00+00:00,234.68,235.41,234.215,234.83,8096.0,,,,,,,,,,,,,,,,,236.13106529209617,235.2563484977913,229.20913324495743,223.2055580000077,216.55121858918983,213.87407451410678,205.38744479004575,,,,,229.20913324495743,216.55121858918983,,222.80212041831354,"rgba(239, 83, 80, 1.0)",4.633127558461975,224.6162540861995,2.2045034989693018,36.58904535096731,-7.3872454508107595,False,True,False,True,False,3.877370175005236,0.0,0.0,0.0,0.0,0,1.020732755770121,0.931535612724026,False,False,False,False,0.2024573587101559,0.20682019608525753,False,False,False,False,42476.0,33302.75836208547,False,False,False,False,5013.9944201563385,False,False,False,False
2025-06-09 14:00:00+00:00,234.25,235.47,233.42,233.42,2825.0,,,,,,,,,,,,,,,,,236.0895976304232,235.24416683184293,229.23080457770294,223.2412482315957,216.59150562865258,213.917105313951,205.43317400076924,,,,,229.23080457770294,216.59150562865258,,222.82108603070535,"rgba(239, 83, 80, 1.0)",4.5758531947022005,224.62426018500133,1.9222076060442947,34.60199817487384,-9.57295786197502,False,True,False,True,False,2.232719405095974,0.0,0.0,0.0,0.0,0,1.0180839292497235,0.9281267031097752,False,False,False,False,0.19639693484420503,0.20160856546473127,False,False,False,False,39651.0,33401.18071306089,False,False,False,False,4980.056522169418,False,False,False,False
2025-06-09 15:00:00+00:00,233.42,234.29,232.655,233.3,1048.0,,,,,,,,,,,,,,,,,236.06945955590038,235.23702566815297,229.2376665013141,223.253593716771,216.6058184517287,213.93247933331958,205.44969490595696,,,,,229.2376665013141,216.6058184517287,,222.82653401902053,"rgba(239, 83, 80, 1.0)",4.507327470678698,224.6254544072563,1.9245430133873798,33.137599416400604,-11.251064253572281,False,True,False,True,False,2.093123406675854,0.0,0.0,0.0,0.0,0,1.0176073884588555,0.935201488322647,False,False,False,False,0.1804267510376028,0.19101765825116704,False,False,False,False,38603.0,33481.8290740987,False,False,False,False,4919.094405546636,False,False,False,False
2025-06-09 16:00:00+00:00,233.45,234.035,233.01,233.92,1225.0,,,,,,,,,,,,,,,,,236.04839517471078,235.2298390157133,229.24611806744292,223.26832628023382,216.6227562036097,213.95064021121493,205.46914688430917,,,,,229.24611806744292,216.6227562036097,,222.83360311960496,"rgba(239, 83, 80, 1.0)",4.433120925956236,224.62785433179792,2.0960731329921316,33.87532047138576,-11.251064253572281,False,True,False,True,False,2.7813090718265734,0.0,0.0,0.0,0.0,0,1.0319089759797724,0.9339570164348924,False,False,False,False,0.1812455566832018,0.18613160746718443,False,False,False,False,39828.0,33580.2193210119,False,False,False,False,4861.821624065293,False,False,False,False
2025-06-09 17:00:00+00:00,233.92,234.3,233.445,233.51,599.0,,,,,,,,,,,,,,,,,236.03863898107963,235.22656285420737,229.25032930075008,223.27558192474885,216.6310731094032,213.95955184546844,205.478681328422,,,,,229.25032930075008,216.6310731094032,,222.83720276343996,"rgba(239, 83, 80, 1.0)",4.372577880876597,224.62925354687505,2.031009325634828,33.75481879240233,-11.30617493551641,False,True,False,True,False,2.2890190695180443,0.0,0.0,0.0,0.0,0,1.032962002136426,0.9286162402292416,False,False,False,False,0.18698399710051256,0.1865578022838485,False,False,False,False,39229.0,33667.79731603497,False,False,False,False,4795.731366327846,False,False,False,False
2025-06-09 18:00:00+00:00,233.51,233.7,232.63,233.205,1965.0,,,,,,,,,,,,,,,,,235.99932845842338,235.21177829490958,229.26233644406688,223.298014699327,216.65738806658675,213.98788471161805,205.50928033348137,,,,,229.26233644406688,216.65738806658675,,222.84657300120188,"rgba(239, 83, 80, 1.0)",4.326605102354348,224.63105712524407,1.981679092942959,33.208917900461316,-12.241366517174676,False,True,False,True,False,1.9194701314086622,0.0,0.0,0.0,0.0,0,1.0319412824085086,0.9256685582248801,False,False,False,False,0.1753963117056798,0.18097705699476413,False,False,False,False,37264.0,33723.55239640652,False,False,False,False,4751.844058322763,False,False,False,False
2025-06-09 19:00:00+00:00,233.14,233.29,231.575,232.42,8811.0,,,,,,,,,,,,,,,,232.4283333333333,235.79203909399953,235.124513062837,229.3051448066592,223.38982397767128,216.76905152061107,214.10898282567376,205.6419615763073,,,,232.4283333333333,229.3051448066592,216.76905152061107,,224.06998127463658,"rgba(239, 83, 80, 1.0)",4.2715637968169515,225.96684613395388,1.5107239814268525,31.69222448597109,-14.037525254929477,False,True,False,True,False,0.9655444090853713,1.0,233.29,231.575,0.0,0,1.0311264235162334,0.9234398601517283,False,False,False,False,0.16344805690255435,0.17221255694865922,False,False,False,False,28453.0,33641.83840576455,False,False,False,False,4814.776708581325,False,False,False,False
2025-06-10 14:00:00+00:00,234.09,235.0,232.5,232.85,3134.0,,,,,,,,,,,,,,,,232.6963871912934,235.74466073249764,235.10604570689912,229.32498370682146,223.42567730525886,216.8109555230658,214.1540547133281,205.690628419298,,,,232.6963871912934,229.32498370682146,216.8109555230658,,224.1191741623078,"rgba(239, 83, 80, 1.0)",4.236661201363891,225.98680972210076,1.6199525880638739,32.16085726185249,-14.037525254929477,False,True,False,True,False,1.4752093911003215,0.0,0.0,0.0,0.0,0,1.032864562255497,0.9163294212869281,False,False,False,False,0.18497417667744212,0.17859336681305066,False,False,False,False,31587.0,33609.98044598525,False,False,False,False,4788.718154959909,False,False,False,False
2025-06-10 15:00:00+00:00,232.7,234.56,231.58,232.77,1993.0,,,,,,,,,,,,,,,,232.73551119242356,235.7094193671733,235.0911692397652,229.33604475059096,223.4472594275578,216.83672855506865,214.18189781777957,205.72095492785377,,,,232.73551119242356,229.33604475059096,216.83672855506865,,224.1323731597766,"rgba(239, 83, 80, 1.0)",4.220583072097441,225.99093122852815,1.6061924752266423,32.33143567186031,-14.037525254929477,False,True,False,True,False,1.3753934687174443,0.0,0.0,0.0,0.0,0,1.0353736222993697,0.9194613906771377,False,False,False,False,0.11081895527733938,0.14470616104519501,False,False,False,False,29594.0,33547.7171832568,False,False,False,False,4745.373687441151,False,False,False,False
2025-06-10 16:00:00+00:00,232.77,235.59,232.77,235.57,1521.0,,,,,,,,,,,,,,,,232.92322045410438,235.69918484435354,235.08880153314766,229.3483074656899,223.46654745791565,216.85837689296153,214.2049790745798,205.7454723985088,,,,232.92322045410438,229.3483074656899,216.85837689296153,,224.16686126515765,"rgba(239, 83, 80, 0.75)",4.156407604070876,226.00839616678098,2.300449028111239,39.98785946736231,-14.04983497378511,False,True,False,True,True,4.654513799923798,0.0,0.0,0.0,0.0,0,1.0325499186252034,0.9270076824807932,False,False,False,False,0.1356709667332034,0.1401885638891992,False,False,False,False,31115.0,33510.000637779944,False,False,False,False,4695.38339771338,False,False,False,False
2025-06-10 17:00:00+00:00,235.37,235.53,233.59,233.985,2940.0,,,,,,,,,,,,,,,,233.15413690961464,235.67493896242314,235.08151323403075,229.37062790337754,223.5027295857411,216.89942822374735,214.2488481351294,205.7922956734581,,,,233.15413690961464,229.37062790337754,216.89942822374735,,224.21556482844025,"rgba(239, 83, 80, 0.75)",4.065872175752283,226.03378722792408,1.9555983140578617,41.84232234296182,-12.478948121619943,False,True,False,True,True,2.656684530697177,0.0,0.0,0.0,0.0,1,1.035607634947523,0.9189179749576512,False,False,False,False,0.13333827247262792,0.13676341818091356,False,False,False,False,28175.0,33427.28744959731,False,False,False,False,4668.168151237203,False,False,False,False
2025-06-10 18:00:00+00:00,233.49,236.11,233.49,235.97,1347.0,,,,,,,,,,,,,,,,233.29301605388432,235.67092470025747,235.082013729533,229.38245857318068,223.52047433735578,216.91905384791252,214.2697018623487,205.81431261801131,,,,233.29301605388432,229.38245857318068,216.91905384791252,,224.2439944653105,#000000,3.974265896290973,226.04980733806582,2.4961069341616797,46.689818880948835,-8.124839073846346,False,True,False,False,True,4.903410160121272,0.0,0.0,0.0,0.0,0,1.0315794986383633,0.9245513581453808,False,False,False,False,0.13557659126588492,0.13617000472339924,False,False,False,False,29522.0,33366.740357355484,False,False,False,False,4616.677172148255,False,False,False,False
2025-06-10 19:00:00+00:00,235.81,237.64,235.66,237.55,5303.0,,,,,,,,,,,,,,,,234.06721805261685,235.71129307369097,235.11533595490624,229.44254549365618,223.6002707415246,217.00331375647283,214.35827185463413,205.90584557606775,,,,234.06721805261685,229.44254549365618,217.00331375647283,,224.40051181294618,"rgba(38, 166, 154, 0.5)",3.8783056774750286,226.146058237742,2.94044428434082,52.12005863521437,-3.360804970552138,False,False,True,False,True,6.6280565203168,0.0,0.0,0.0,0.0,0,1.0332369942196533,0.9207291594122153,False,False,False,False,0.18057880880153043,0.15837440676246484,False,False,False,False,34825.0,33389.34903398563,False,False,False,False,4627.317836145956,False,False,False,False
2025-06-11 14:00:00+00:00,237.53,240.79,237.11,240.65,1169.0,,,,,,,,,,,,,,,,234.31019636636404,235.7375851138233,235.13257577585222,229.46014764306182,223.62109127175063,217.02417067073702,214.37991099258693,205.92761313305573,,,,234.31019636636404,229.46014764306182,217.02417067073702,,224.44916137090397,"rgba(38, 166, 154, 1.0)",3.8559158912465294,226.1776882609654,3.75327474644579,58.82838858958363,2.4695549159892067,True,False,True,False,True,9.837850083333603,0.0,0.0,0.0,0.0,0,1.0394205200815,0.909296543150188,False,False,False,False,0.23757753050243796,0.1979759686324514,False,False,False,False,35994.0,33429.73121950523,False,False,False,False,4573.700505352996,False,False,False,False
2025-06-11 15:00:00+00:00,240.67,241.505,240.44,241.07,1721.0,,,,,,,,,,,,,,,,234.72258611021627,235.7906241565057,235.16624517352005,229.489768496363,223.65450502640797,217.05683310224072,214.41358267932583,205.96102573369814,,,,234.72258611021627,229.489768496363,217.05683310224072,,224.5318963097847,"rgba(38, 166, 154, 1.0)",3.8567135953767626,226.2326243041583,3.8471551824921644,63.6405419910332,6.4929454808277285,True,False,True,False,True,10.258040879018019,0.0,0.0,0.0,0.0,0,1.0517470910631235,0.9064644962741402,False,False,False,False,0.277409714251055,0.23769284144175318,False,False,False,False,37715.0,33496.16949517182,False,False,False,False,4529.472590541321,False,False,False,False
2025-06-11 16:00:00+00:00,240.87,242.87,240.07,242.86,1886.0,,,,,,,,,,,,,,,,235.17856160938805,235.85766706982554,235.20849844784414,229.52465805053512,223.692926426505,217.0939085723002,214.45166975606278,205.99853676944215,,,,235.17856160938805,229.52465805053512,217.0939085723002,,224.62580333773786,"rgba(38, 166, 154, 1.0)",3.9056780703478933,226.29658581628172,4.2408549515303315,68.18346322910385,10.36267024006846,True,False,True,False,True,12.024091851073038,0.0,0.0,0.0,0.0,0,1.0478307285741786,0.9129316228845444,False,False,False,False,0.28665688934294925,0.26217486539235124,False,False,False,False,39601.0,33590.818030130395,False,False,False,False,4488.488519370137,False,False,False,False
2025-06-11 17:00:00+00:00,242.73,245.22,242.73,244.665,4449.0,,,,,,,,,,,,,,,,236.3502551496761,236.0671851216636,235.3390862919872,229.62111743380848,223.79413260160916,217.18889048481898,214.5484917183246,206.0922889369715,,,,236.3502551496761,229.62111743380848,217.18889048481898,,224.87518096735747,"rgba(38, 166, 154, 1.0)",3.9960946588550477,226.47281455439898,4.552491119120136,72.31253659858973,13.960822245716024,True,False,True,False,True,13.743456464128457,0.0,0.0,0.0,0.0,0,1.0467943671827167,0.9127263185515612,False,False,False,False,0.34282825082693635,0.3025015581096438,False,False,False,False,44050.0,33752.97589012837,False,False,False,False,4487.876294263623,False,False,False,False
2025-06-11 18:00:00+00:00,244.5,244.72,241.28,241.63,3789.0,,,,,,,,,,,,,,,,236.9667481543756,236.20272492266898,235.42705820235412,229.69302655882746,223.8725877245778,217.26431565550706,214.6258624260013,206.16830581168855,,,,236.9667481543756,229.69302655882746,217.26431565550706,,225.02757868200013,"rgba(38, 166, 154, 1.0)",4.002356094391611,226.587365964147,3.7584446963456863,69.27694123776416,13.960822245716024,True,False,True,False,True,9.772422928377146,0.0,0.0,0.0,0.0,0,1.0399344022052024,0.91746192362044,False,False,False,False,0.3082263377146566,0.30536394791215016,False,False,False,False,40261.0,33853.87548873103,False,False,False,False,4477.0410028796905,False,False,False,False
2025-06-11 19:00:00+00:00,241.48,243.47,241.34,243.23,8267.0,,,,,,,,,,,,,,,,237.98620537448735,236.48558626992133,235.6152816023037,229.8488156658801,224.04274240082933,217.42821516077436,214.79401667668463,206.33368609805277,,,,237.98620537448735,229.8488156658801,217.42821516077436,,225.31681865611668,"rgba(38, 166, 154, 0.75)",4.037067905086276,226.8170797775093,4.065554657084704,68.64325170632353,13.960822245716024,True,False,True,False,False,11.305639166377716,0.0,0.0,0.0,0.0,0,1.0388369822897785,0.920426021475387,False,False,False,False,0.2874612838777325,0.29641261589494133,False,False,False,False,48528.0,34081.38129510729,False,False,False,False,4535.8000570986105,False,False,False,False
2025-06-12 14:00:00+00:00,248.38,254.46,247.715,254.05,5770.0,,,,,,,,,,,,,,,,239.54651909788868,236.94669094767704,235.90811039030447,230.033360084306,224.21864288754128,217.58345968814734,214.94933156365983,206.4778370291276,,,,239.54651909788868,230.033360084306,217.58345968814734,,225.70799396108154,"rgba(38, 166, 154, 1.0)",4.485025158868476,227.1267932966012,6.002910964760621,73.2559188115885,14.616306896994331,True,False,True,False,True,20.0,0.0,0.0,0.0,0.0,0,1.0404141390178603,0.9064967634798522,False,False,False,False,0.34282825174659776,0.31962043382076955,False,False,False,False,54298.0,34394.817244020356,False,False,False,False,4554.934939934291,False,False,False,False
2025-06-12 15:00:00+00:00,254.13,257.5,254.13,257.285,6914.0,,,,,,,,,,,,,,,,241.50991993425288,237.60931130594926,236.3338537886701,230.29216779085124,224.45810106759228,217.79025180803586,215.15475581123877,206.6652896931371,,,,241.50991993425288,230.29216779085124,217.79025180803586,,226.22670639996593,"rgba(38, 166, 154, 1.0)",5.038422061904056,227.55019109293966,5.901611365964719,77.11792199629627,18.39689541295253,True,False,True,False,True,20.0,0.0,0.0,0.0,0.0,0,1.0556947453954497,0.9026950162513544,False,False,False,False,0.342828252135044,0.33122434297790676,False,False,False,False,61212.0,34810.587519306864,False,False,False,False,4591.509592028333,False,False,False,False
2025-06-12 16:00:00+00:00,257.205,260.32,257.05,259.32,10860.0,,,,,,,,,,,,,,,,244.21221362738643,238.69542637807666,237.05010843744455,230.72803700097182,224.85711998180597,218.13220254814846,215.4933968277168,206.97212025689626,,,,244.21221362738643,230.72803700097182,218.13220254814846,,227.01757813230586,"rgba(38, 166, 154, 1.0)",5.617769505437544,230.65358194191808,5.102811361401558,80.13247751439114,21.406731054571935,True,False,True,False,True,20.0,0.0,0.0,0.0,0.0,0,1.068707586603713,0.8900847844849471,False,False,False,False,0.3428282523201814,0.33702629764904407,False,False,False,False,72072.0,35388.283836836985,False,False,False,False,4688.695489826343,False,False,False,False
2025-06-12 17:00:00+00:00,259.11,259.91,255.87,256.13,5055.0,,,,,,,,,,,,,,,,245.09539117030792,239.12709402219303,237.34501838265297,230.9152007945121,225.03116751612876,218.28329160536947,215.6435209400286,207.10936950401327,,,,245.09539117030792,230.9152007945121,218.28329160536947,,227.31875674190076,"rgba(38, 166, 154, 1.0)",6.029839555334033,230.88887382321917,4.186036120057683,78.31957105677344,21.406731054571935,True,False,True,False,True,19.89845267996179,0.0,0.0,0.0,0.0,0,1.0623899371069183,0.8881341719077568,False,False,False,False,0.32626085664807053,0.3316435771485573,False,False,False,False,67017.0,35878.65152928913,False,False,False,False,4694.374629518958,False,False,False,False
2025-06-12 18:00:00+00:00,255.88,258.26,255.88,258.26,4748.0,,,,,,,,,,,,,,,,245.83260286322698,239.51817745620258,237.6165052499964,231.08968589836738,225.1937715563889,218.4247366481666,215.78409816543498,207.2380206309398,,,,245.83260286322698,231.08968589836738,218.4247366481666,,227.58719980859047,"rgba(38, 166, 154, 1.0)",6.492830264750097,231.11421335492346,4.180886537640198,77.87767651396616,21.406731054571935,True,False,True,False,True,20.0,0.0,0.0,0.0,0.0,0,1.06212528599342,0.8932847909951738,False,False,False,False,0.30935174461687837,0.3204976608827178,False,False,False,False,71765.0,36435.02902495906,False,False,False,False,4695.206030611686,False,False,False,False
2025-06-12 19:00:00+00:00,258.19,258.44,256.425,256.425,23888.0,,,,,,,,,,,,,,,,248.43073887574633,241.22139617860918,238.85479892742364,231.92202858726338,225.97863119899782,219.11455395856808,216.4711138249476,207.87074436372495,,,,248.43073887574633,231.92202858726338,219.11455395856808,,228.73300073941013,"rgba(38, 166, 154, 0.75)",6.843322830348458,232.12896907195704,3.5503265782371143,75.50528278961622,21.406731054571935,True,False,True,False,False,19.17716308109213,0.0,0.0,0.0,0.0,0,1.0635314080383285,0.8924008517434121,False,False,False,False,0.31680515346458893,0.31865140717365337,False,False,False,False,47877.0,36612.42392379691,False,False,False,False,4992.768727811505,False,False,False,False
2025-06-13 14:00:00+00:00,251.15,252.32,246.98,249.84,4174.0,,,,,,,,,,,,,,,,248.48042886048694,241.3627726591043,238.97408171411374,232.02096833016455,226.08022224990964,219.20962833547486,216.56742728578996,207.9633213211001,,,,248.48042886048694,232.02096833016455,219.20962833547486,,228.83235634451802,"rgba(38, 166, 154, 0.75)",6.979803145860426,232.19464309387712,2.528059393277871,68.11349881665495,26.127891990975584,True,False,True,False,False,12.041511391318164,0.0,0.0,0.0,0.0,0,1.046077210460772,0.9003897721207809,False,False,False,False,0.16273405940243554,0.24069273328804447,False,False,False,False,43703.0,36722.35533583107,False,False,False,False,4980.074639008226,False,False,False,False
2025-06-13 15:00:00+00:00,249.84,251.255,249.84,250.48,3812.0,,,,,,,,,,,,,,,,248.5502973976029,241.49999296737488,239.08881467372277,232.11447221710392,226.1754062242824,219.2982391584162,216.6570434635422,208.04914890594975,,,,248.5502973976029,232.11447221710392,219.2982391584162,,228.92917687599936,"rgba(38, 166, 154, 0.75)",7.121107290024793,232.26721106031155,2.557578224555163,63.593654005797504,21.870298398920298,True,False,True,False,False,12.511069397991744,0.0,0.0,0.0,0.0,0,1.0554671774560096,0.9091292773196544,False,False,False,False,0.1799880587089753,0.2103403959985099,False,False,False,False,47515.0,36889.683160081746,False,False,False,False,4961.964954682517,False,False,False,False
2025-06-13 16:00:00+00:00,250.58,251.625,250.37,251.47,2409.0,,,,,,,,,,,,,,,,248.6053581958582,241.59051676091804,239.1640822647691,232.17508183489517,226.23672304916553,219.35510334303277,216.7144819993078,208.10401135373027,,,,248.6053581958582,232.17508183489517,219.35510334303277,,228.9931698502096,"rgba(38, 166, 154, 0.75)",7.2652996298652415,232.31843390957187,2.6360325198017143,61.241656992534175,19.590276091291784,True,False,True,False,False,13.238153044058258,0.0,0.0,0.0,0.0,0,1.0731073929193653,0.9052792478879722,False,False,False,False,0.18829900886572615,0.19931970243211802,False,False,False,False,49924.0,37091.76559170838,False,False,False,False,4922.384102671935,False,False,False,False
2025-06-13 17:00:00+00:00,251.47,251.7,248.92,250.245,2959.0,,,,,,,,,,,,,,,,248.64795113141008,241.68954421512194,239.24866896057267,232.24562783400262,226.30902318888283,219.42277697353097,216.78300431662814,208.1698558962454,,,,248.64795113141008,232.24562783400262,219.42277697353097,,229.06455656454935,"rgba(38, 166, 154, 0.75)",7.347946041993262,232.3741913888626,2.432082177659761,58.59413652974218,16.919626722434955,True,False,True,False,False,11.960600902224932,0.0,0.0,0.0,0.0,0,1.0647262964903093,0.902665007857517,False,False,False,False,0.17424109376027785,0.18678039809619795,False,False,False,False,46965.0,37244.83899338732,False,False,False,False,4891.944039064618,False,False,False,False
2025-06-13 18:00:00+00:00,250.53,250.53,247.27,248.33,7166.0,,,,,,,,,,,,,,,,248.65153449920084,241.8779221429231,239.41974560511508,232.39947017458303,226.47092197612346,219.57712793727296,216.94003317693776,208.32252363285068,,,,248.65153449920084,232.39947017458303,219.57712793727296,,229.20740989312586,"rgba(38, 166, 154, 0.5)",7.39384998458875,232.47978030828125,2.143703175579151,55.2031463227605,13.519913428562248,False,False,True,False,False,9.997533715957683,0.0,0.0,0.0,0.0,0,1.0566830634915467,0.9098934749324038,False,False,False,False,0.14703279929309435,0.16690659869464614,False,False,False,False,39799.0,37284.43838883868,False,False,False,False,4927.2007206295075,False,False,False,False
2025-06-13 19:00:00+00:00,248.33,249.27,244.25,245.24,9746.0,,,,,,,,,,,,,,,,248.47688984614928,242.03197389526312,239.58376153875824,232.5733170627865,226.66347815875218,219.76697461908194,217.1348113799934,208.51580280617225,,,,248.47688984614928,232.5733170627865,219.76697461908194,,229.3433761633696,#000000,7.4001436965601055,234.2142507104214,1.4899371879364776,50.64303848681175,9.077562916366034,False,False,False,False,False,6.951510428055492,0.0,0.0,0.0,0.0,0,1.0452694764962422,0.9146429778400038,False,False,False,False,0.10613400877369669,0.1365203037341714,False,False,False,False,30053.0,37172.323064980716,False,False,False,False,5001.910786976337,False,False,False,False
2025-06-16 14:00:00+00:00,251.88,257.06,251.66,256.6,1891.0,,,,,,,,,,,,,,,,248.56926181213558,242.12068696574676,239.65571597826522,232.62804773403553,226.71709512032388,219.81570587027105,217.18370396736748,208.5618210098691,,,,248.56926181213558,232.62804773403553,219.81570587027105,,229.40650480725182,"rgba(38, 166, 154, 0.5)",7.648698580345654,234.34534912733335,2.9095996709627117,54.830022244966536,9.077562916366034,False,False,True,False,True,15.015659697722612,0.0,0.0,0.0,0.0,0,1.047871760952455,0.886919305890592,False,False,False,False,0.2539878527509308,0.1952540782425511,False,False,False,False,31944.0,37091.26379265543,False,False,False,False,4953.679611984456,False,False,False,False
2025-06-16 15:00:00+00:00,256.82,259.84,256.75,259.03,8679.0,,,,,,,,,,,,,,,,249.16853769479894,242.6165607550566,240.04910362296744,232.91372043374082,226.99005616374774,220.05924377160608,217.4266680283836,208.78736080527136,,,,249.16853769479894,232.91372043374082,220.05924377160608,,229.7514064094466,"rgba(38, 166, 154, 1.0)",7.943673760913685,234.9135264126184,3.0359345453038435,58.62605168437004,9.077562916366034,True,False,True,False,True,16.528137000421303,0.0,0.0,0.0,0.0,0,1.0647619047619048,0.8778164924506389,False,False,False,False,0.33437585662744695,0.264814967434999,False,False,False,False,40623.0,37146.0193927693,False,False,False,False,5011.436517225006,False,False,False,False
2025-06-16 16:00:00+00:00,259.2,260.7,259.19,259.22,10253.0,,,,,,,,,,,,,,,,249.8669564856604,243.2051777984596,240.52116573198205,233.2581468923437,227.31821762063078,220.35161058072134,217.71806071596265,209.0573640048811,,,,249.8669564856604,233.2581468923437,220.35161058072134,,230.1620874788302,"rgba(38, 166, 154, 1.0)",8.200020860773831,235.43971939154852,2.900026842883833,61.23729518367963,2.5106426297603903,True,False,True,False,True,16.645531122246883,0.0,0.0,0.0,0.0,0,1.0692552119662098,0.8781988684801982,False,False,False,False,0.3428282521779266,0.3038216098064628,False,False,False,False,50876.0,37358.88730916048,False,False,False,False,5092.701067345549,False,False,False,False
2025-06-16 17:00:00+00:00,259.18,259.66,258.29,258.45,3179.0,,,,,,,,,,,,,,,,250.04688175687804,243.36998594904867,240.65628241109974,233.3595600385182,227.4158319800247,220.43932589427547,217.80566822004047,209.13901655510767,,,,250.04688175687804,233.3595600385182,220.43932589427547,,230.27906910062413,"rgba(38, 166, 154, 1.0)",8.452225733311659,235.57188205600164,2.7067566184173,62.27839473753082,3.7972008454098685,True,False,True,False,True,15.890906617131822,0.0,0.0,0.0,0.0,0,1.0649081162655434,0.8945341361042553,False,False,False,False,0.32127582044407804,0.3125487151252704,False,False,False,False,47697.0,37519.16812607271,False,False,False,False,5063.031283355695,False,False,False,False
2025-06-16 18:00:00+00:00,258.68,258.78,257.21,257.59,2561.0,,,,,,,,,,,,,,,,250.171633280131,243.49230787825243,240.7581235582101,233.43767745405384,227.49168870509214,220.50797430356042,217.874361374232,209.2033596766165,,,,250.171633280131,233.43767745405384,220.50797430356042,,230.36714077876854,"rgba(38, 166, 154, 1.0)",8.662332652466715,235.66580228539132,2.530980810159195,62.153527406381755,4.156188080381646,True,False,True,False,True,15.045890178269168,0.0,0.0,0.0,0.0,0,1.047410314433561,0.9041349516560379,False,False,False,False,0.29979036870892134,0.3061695419170959,False,False,False,False,45136.0,37637.258542722746,False,False,False,False,5024.240100668009,False,False,False,False
2025-06-16 19:00:00+00:00,257.59,258.18,256.085,258.18,8023.0,,,,,,,,,,,,,,,,250.51986652178817,243.85274072397021,241.06261580561818,233.67546619290928,227.72397120301,220.71925028845345,218.0860216689605,209.40227683264462,,,,250.51986652178817,233.67546619290928,220.71925028845345,,230.6302761546693,"rgba(38, 166, 154, 1.0)",8.886993114750949,235.9359984096629,2.502984001800984,62.43370047465896,5.037904337188472,True,False,True,False,True,15.433570516350414,0.0,0.0,0.0,0.0,0,1.038087237684651,0.9083243517403157,False,False,False,False,0.28110143071794935,0.2936354863175226,False,False,False,False,53159.0,37877.90569709914,False,False,False,False,5070.73250220804,False,False,False,False
2025-06-17 14:00:00+00:00,262.0,262.65,257.92,258.57,2257.0,,,,,,,,,,,,,,,,250.6414413052564,243.96687190008424,241.15765865812293,233.74770629328512,227.79352093138854,220.7818328335576,218.148507971557,209.46052406859118,,,,250.6414413052564,233.74770629328512,220.7818328335576,,230.71225799523037,"rgba(38, 166, 154, 1.0)",9.106222701642055,236.0253401913591,2.4757421981976764,62.87753139533481,6.118171651954512,True,False,True,False,True,15.692244543415633,0.0,0.0,0.0,0.0,0,1.052063552348399,0.8912520572224333,False,False,False,False,0.3428282522006743,0.31823186925909847,False,False,False,False,55416.0,38149.8141359038,False,False,False,False,5027.108742483884,False,False,False,False
2025-06-17 15:00:00+00:00,258.59,259.83,258.505,259.07,1995.0,,,,,,,,,,,,,,,,250.73957501539556,244.0627401054768,241.2382723641651,233.80981277674843,227.85363648818722,220.83616429926005,218.20281833347755,209.511306362166,,,,250.73957501539556,233.80981277674843,220.83616429926005,,230.7817907181096,"rgba(38, 166, 154, 1.0)",9.32468587882445,236.09915381381023,2.4634445046942064,63.52584421580403,7.379346872329741,True,False,True,False,True,16.02727307020652,0.0,0.0,0.0,0.0,0,1.0614689301627356,0.8921059776099143,False,False,False,False,0.3182743268639075,0.318253098061503,False,False,False,False,57411.0,38448.437172556456,False,False,False,False,4980.0993046159165,False,False,False,False
2025-06-17 16:00:00+00:00,259.07,259.87,257.405,257.405,1411.0,,,,,,,,,,,,,,,,250.80026140280333,244.12577388292956,241.2919810683802,233.8519866578203,227.8947846896307,220.87358920283222,218.2402930262561,209.54650413233722,,,,250.80026140280333,233.8519866578203,220.87358920283222,,230.8281467578737,"rgba(38, 166, 154, 1.0)",9.469650995786035,236.14664425915916,2.2448932648416204,61.82888014680885,7.379346872329741,True,False,True,False,True,14.312910409485944,0.0,0.0,0.0,0.0,0,1.0549663259266369,0.8917950440722433,False,False,False,False,0.30675922731766764,0.3125061626895853,False,False,False,False,56000.0,38720.55442569511,False,False,False,False,4924.764431676134,False,False,False,False
2025-06-17 17:00:00+00:00,257.405,258.13,256.53,257.23,1235.0,,,,,,,,,,,,,,,,250.84602508817463,244.1768780658431,241.33614618036697,233.88737677887605,227.9296074455261,220.90547047661448,218.27227426862848,209.5766820640099,,,,250.84602508817463,233.88737677887605,220.90547047661448,,230.86630754600498,"rgba(38, 166, 154, 0.75)",9.528332068101406,236.18428727377562,2.2087509729725356,60.473232490159724,7.379346872329741,True,False,True,False,False,14.132871323820353,0.0,0.0,0.0,0.0,0,1.0558909725669812,0.8909725669810866,False,False,False,False,0.2786789621744547,0.29559256243202003,False,False,False,False,54765.0,38969.30551987038,False,False,False,False,4867.558781572628,False,False,False,False
2025-06-17 18:00:00+00:00,257.23,259.14,256.845,259.14,1181.0,,,,,,,,,,,,,,,,250.89640424334453,244.22936444811717,241.38099086520884,233.922674027613,227.9640504421761,220.93680743502034,218.3036519108848,209.6061561276513,,,,250.89640424334453,233.922674027613,220.93680743502034,,230.90501243750202,"rgba(38, 166, 154, 0.75)",9.601407409971833,236.22392712709893,2.386741015603699,61.3138365968547,7.379346872329741,True,False,True,False,False,15.469351175038923,0.0,0.0,0.0,0.0,0,1.0530895736867318,0.889861088935015,False,False,False,False,0.29285090559386323,0.2942217340129416,False,False,False,False,55946.0,39232.51008545378,False,False,False,False,4810.402831470727,False,False,False,False
2025-06-17 19:00:00+00:00,259.14,259.41,258.14,258.71,3940.0,,,,,,,,,,,,,,,,251.06796812535563,244.40630364786412,241.53220021546514,234.0415092951147,228.07981862537392,221.04202700005214,218.40896338136653,209.70499000465827,,,,251.06796812535563,234.0415092951147,221.04202700005214,,231.0354725369063,"rgba(38, 166, 154, 0.75)",9.626810071054381,236.3583621648696,2.3218114484606547,61.23537299188072,7.379346872329741,True,False,True,False,False,15.015299851588239,0.0,0.0,0.0,0.0,0,1.055335463258786,0.8910543130990414,False,False,False,False,0.3097389531867055,0.30198034359982356,False,False,False,False,52006.0,39430.54868878008,False,False,False,False,4796.908213928545,False,False,False,False
2025-06-18 14:00:00+00:00,260.91,266.95,260.91,265.29,9078.0,,,,,,,,,,,,,,,,251.70579374962622,244.95173638283947,241.98146102874185,234.37243465826947,228.3916257626533,221.3181073901434,218.68310369818155,209.9571690162121,,,,251.70579374962622,234.37243465826947,221.3181073901434,,231.42017896083343,"rgba(38, 166, 154, 1.0)",9.833943697655522,236.79684596536245,2.8974290387111457,65.64256552005313,11.177843726328163,True,False,True,False,True,19.374518156300358,0.0,0.0,0.0,0.0,0,1.0568263379622407,0.8695896395693554,False,False,False,False,0.34282825241833936,0.32240429800908144,False,False,False,False,61084.0,39766.261112209846,False,False,False,False,4863.281729991668,False,False,False,False
2025-06-18 15:00:00+00:00,265.29,266.06,263.44,264.275,7929.0,,,,,,,,,,,,,,,,252.22327011677635,245.4091860251063,242.3631672028576,234.6575906265161,228.6611692530422,221.55753533798637,218.92096459467092,210.17637016701133,,,,252.22327011677635,234.6575906265161,221.55753533798637,,231.74615666549587,"rgba(38, 166, 154, 1.0)",10.006439146239668,237.15871880915947,2.7098831856715555,67.18358051502548,12.752205211531404,True,False,True,False,True,18.30719159519325,0.0,0.0,0.0,0.0,0,1.0653222543802323,0.8748949677901221,False,False,False,False,0.34282825246153886,0.3326162752353101,False,False,False,False,53155.0,39973.83845930737,False,False,False,False,4910.8122458057505,False,False,False,False
2025-06-18 16:00:00+00:00,264.27,266.12,264.22,265.36,4216.0,,,,,,,,,,,,,,,,252.4952660431719,245.6516987198088,242.56663473922404,234.81023635256273,228.80539293817517,221.68565018555867,219.0482016832189,210.2935748072805,,,,252.4952660431719,234.81023635256273,221.68565018555867,,231.91958193362507,"rgba(38, 166, 154, 1.0)",10.221428825033987,237.34984106233918,2.74033693499477,68.8393495965181,14.440994150762293,True,False,True,False,True,18.99804103416387,0.0,0.0,0.0,0.0,0,1.0662294057937063,0.880128054969938,False,False,False,False,0.3428282524829495,0.33772226385912985,False,False,False,False,57371.0,40243.56189404679,False,False,False,False,4900.0399629250405,False,False,False,False
2025-06-18 17:00:00+00:00,265.19,268.28,265.19,266.89,5970.0,,,,,,,,,,,,,,,,252.90618967003647,246.01157778246815,242.86796115648343,235.034703067488,229.0163095318932,221.87221016842528,219.2332020635758,210.463357900746,,,,252.90618967003647,235.034703067488,221.87221016842528,,232.17568891763955,"rgba(38, 166, 154, 1.0)",10.445878198282037,237.6343683379533,2.800686654268873,70.79158886171376,16.395076416221116,True,False,True,False,True,19.96308071460686,0.0,0.0,0.0,0.0,0,1.0700048161324904,0.8678826106545279,False,False,False,False,0.34282825255876015,0.340275258208945,False,False,False,False,63341.0,40601.66170964296,False,False,False,False,4916.628490631629,False,False,False,False
2025-06-18 18:00:00+00:00,267.26,268.53,265.41,265.91,5337.0,,,,,,,,,,,,,,,,253.2497788614145,246.3205299444013,243.12919035822097,235.2316581054163,229.20204951477757,222.03706104353967,219.39679023163077,210.61382171238128,,,,253.2497788614145,235.2316581054163,222.03706104353967,,232.39760997147278,"rgba(38, 166, 154, 1.0)",10.60700416646464,240.40807198414632,2.4042536059787003,70.55467109168661,16.395076416221116,True,False,True,False,True,18.905432505283883,0.0,0.0,0.0,0.0,0,1.0748038820501693,0.8667948280673465,False,False,False,False,0.3428282525696332,0.34155175538928906,False,False,False,False,58004.0,40871.4654040671,False,False,False,False,4923.1458783737735,False,False,False,False
2025-06-18 19:00:00+00:00,265.34,267.41,264.565,266.13,8982.0,,,,,,,,,,,,,,,,253.7671831915584,246.80576765088728,243.5455197271148,235.55159716119164,229.50573928442478,222.30818985147215,219.66620829096613,210.86262392803127,,,,253.7671831915584,235.55159716119164,222.30818985147215,,232.7516036357058,"rgba(38, 166, 154, 1.0)",10.760398399303007,240.75635612820355,2.3580580318884845,70.54995759681252,16.574191485228823,True,False,True,False,True,19.04818088375263,0.0,0.0,0.0,0.0,0,1.0715864648869242,0.8698737073163187,False,False,False,False,0.3247995803842153,0.3331756678867522,False,False,False,False,66986.0,41276.341909430404,False,False,False,False,4986.073849251699,False,False,False,False
2025-06-19 14:00:00+00:00,266.13,266.13,266.13,266.13,0.0,,,,,,,,,,,,,,,,253.7671831915584,246.80576765088728,243.5455197271148,235.55159716119164,229.50573928442478,222.30818985147215,219.66620829096613,210.86262392803127,,,,253.7671831915584,235.55159716119164,222.30818985147215,,232.7516036357058,"rgba(38, 166, 154, 1.0)",10.896448389062678,240.75635612820355,2.3286159825494397,70.54681526689646,16.900900346255582,True,False,True,False,True,19.04818088375264,0.0,0.0,0.0,0.0,0,1.0761984574080108,0.8719058925772457,False,False,False,False,0.32740156292876504,0.3302886154077586,False,False,False,False,66986.0,41674.941259671796,False,False,False,False,4908.770378720666,False,False,False,False
2025-06-19 15:00:00+00:00,266.13,266.13,266.13,266.13,0.0,,,,,,,,,,,,,,,,253.7671831915584,246.80576765088728,243.5455197271148,235.55159716119164,229.50573928442478,222.30818985147215,219.66620829096613,210.86262392803127,,,,253.7671831915584,235.55159716119164,222.30818985147215,,232.7516036357058,"rgba(38, 166, 154, 1.0)",11.049032182149416,240.75635612820355,2.2964585000294933,70.54472038028575,17.255537330012842,True,False,True,False,True,19.04818088375263,0.0,0.0,0.0,0.0,0,1.0758398053710116,0.8729609182495865,False,False,False,False,0.32740156292876504,0.32884508916826183,False,False,False,False,66986.0,42067.36077502572,False,False,False,False,4832.6654116087175,False,False,False,False
2025-06-19 16:00:00+00:00,266.13,266.13,266.13,266.13,0.0,,,,,,,,,,,,,,,,253.7671831915584,246.80576765088728,243.5455197271148,235.55159716119164,229.50573928442478,222.30818985147215,219.66620829096613,210.86262392803127,,,,253.7671831915584,235.55159716119164,222.30818985147215,,232.7516036357058,"rgba(38, 166, 154, 1.0)",11.166626490986463,240.75635612820355,2.272274790625233,70.54332378921194,17.613876798878053,True,False,True,False,True,19.04818088375263,0.0,0.0,0.0,0.0,0,1.0732939787485243,0.8786147186147183,False,False,False,False,0.32740156292876504,0.32812332604851346,False,False,False,False,66986.0,42453.69626688579,False,False,False,False,4757.740366467497,False,False,False,False
2025-06-19 17:00:00+00:00,266.13,266.13,266.13,266.13,0.0,,,,,,,,,,,,,,,,253.7671831915584,246.80576765088728,243.5455197271148,235.55159716119164,229.50573928442478,222.30818985147215,219.66620829096613,210.86262392803127,,,,253.7671831915584,235.55159716119164,222.30818985147215,,232.7516036357058,"rgba(38, 166, 154, 1.0)",11.343848177249203,240.75635612820355,2.2367756933387803,70.54239272849607,17.96026159006493,True,False,True,False,True,19.04818088375263,0.0,0.0,0.0,0.0,0,1.0708300996246258,0.88174921203098,False,False,False,False,0.32740156292876504,0.3277624444886392,False,False,False,False,66986.0,42834.04206119764,False,False,False,False,4683.976949933117,False,False,False,False
2025-06-19 18:00:00+00:00,266.13,266.13,266.13,266.13,0.0,,,,,,,,,,,,,,,,253.7671831915584,246.80576765088728,243.5455197271148,235.55159716119164,229.50573928442478,222.30818985147215,219.66620829096613,210.86262392803127,,,,253.7671831915584,235.55159716119164,222.30818985147215,,232.7516036357058,"rgba(38, 166, 154, 1.0)",11.50120746696667,240.75635612820355,2.2061721731977846,70.54177202135216,18.28514620296164,True,False,True,False,True,19.04818088375263,0.0,0.0,0.0,0.0,0,1.0650660378861507,0.8868513709433299,False,False,False,False,0.32740156292876504,0.32758200370870216,False,False,False,False,66986.0,43208.49102148915,False,False,False,False,4611.357152259735,False,False,False,False
2025-06-19 19:00:00+00:00,266.13,266.13,266.13,266.13,0.0,,,,,,,,,,,,,,,,253.7671831915584,246.80576765088728,243.5455197271148,235.55159716119164,229.50573928442478,222.30818985147215,219.66620829096613,210.86262392803127,,,,253.7671831915584,235.55159716119164,222.30818985147215,,232.7516036357058,"rgba(38, 166, 154, 1.0)",11.65388005332598,240.75635612820355,2.1772700384499744,70.54135821658954,18.58327945528437,True,False,True,False,True,19.04818088375263,0.0,0.0,0.0,0.0,0,1.0799429673196264,0.8822404770005993,False,False,False,False,0.32740156292876504,0.32749178331873363,False,False,False,False,66986.0,43577.13457154358,False,False,False,False,4539.863242922374,False,False,False,False
2025-06-20 14:00:00+00:00,264.6,265.885,261.03,261.6,2680.0,,,,,,,,,,,,,,,,253.87540960313643,246.92265201325708,243.64958356143433,235.63589936550093,229.58754005732283,222.3825748609886,219.7404934536267,210.93215186011912,,,,253.87540960313643,235.63589936550093,222.3825748609886,,232.84078809692326,"rgba(38, 166, 154, 0.5)",11.707415769887946,243.0109311904376,1.587802908424457,60.68594720270089,13.360173798408091,False,True,True,False,False,13.694644384750767,0.0,0.0,0.0,0.0,0,1.0673841006337872,0.8718109577582599,False,False,False,False,0.2792684692293835,0.3033801262740585,False,False,False,False,64306.0,43898.5123301243,False,False,False,False,4511.028153884818,False,False,False,False
2025-06-20 15:00:00+00:00,262.22,265.89,262.22,264.37,2262.0,,,,,,,,,,,,,,,,253.97794274024125,247.0280706668434,243.74253665465884,235.71008607387677,229.65900248281582,222.44719003751314,219.8049103683338,210.99218147197155,,,,253.97794274024125,235.71008607387677,222.44719003751314,,232.92024006203184,"rgba(38, 166, 154, 0.5)",11.79861052782909,243.10765718709644,1.8021056600480716,58.518871897866404,11.76117157424607,False,True,True,False,False,15.797389892364212,0.0,0.0,0.0,0.0,0,1.071691411749648,0.8668085242544474,False,False,False,False,0.2899136368894744,0.29664688158176644,False,False,False,False,66568.0,44249.97725523865,False,False,False,False,4476.159500336216,False,False,False,False
2025-06-20 16:00:00+00:00,264.69,265.42,264.01,264.01,2389.0,,,,,,,,,,,,,,,,254.08737018363362,247.14007063239643,243.841322513943,235.78889672941503,229.734854154832,222.51573822913306,219.87323078539845,211.05581530416896,,,,254.08737018363362,235.78889672941503,222.51573822913306,,233.00466231661505,"rgba(38, 166, 154, 0.5)",11.879980735644798,243.19931520738328,1.7517439847504257,56.50188342046424,10.179756729159308,False,True,True,False,False,15.386252163303414,0.0,0.0,0.0,0.0,0,1.07415057482307,0.8685272360457293,False,False,False,False,0.3017471954117093,0.29919703849673784,False,False,False,False,64179.0,44558.95435205665,False,False,False,False,4443.8004383155,False,False,False,False
2025-06-20 17:00:00+00:00,264.22,264.3,261.83,263.495,2729.0,,,,,,,,,,,,,,,,254.19465574462947,247.25700941371,243.94613964823353,235.87443006651145,229.81794111244508,222.59140445043758,219.94880162999922,211.12659456997105,,,,254.19465574462947,235.87443006651145,222.59140445043758,,233.09462207949218,"rgba(38, 166, 154, 0.5)",11.975342509725454,243.2625676037936,1.6895076178218016,54.30867559619992,8.337521879655483,False,True,True,False,False,14.792734268760814,0.0,0.0,0.0,0.0,0,1.0630274936061384,0.8776374680306901,False,False,False,False,0.27230918391865505,0.2857531112076964,False,False,False,False,61450.0,44820.831028768946,False,False,False,False,4417.214385008283,False,False,False,False
2025-06-20 18:00:00+00:00,263.495,264.42,262.735,262.735,2992.0,,,,,,,,,,,,,,,,254.31054177304964,247.38397654266453,244.06028314354361,235.967896362765,229.90880235999435,222.6742197909776,220.0315216564484,211.20410578290242,,,,254.31054177304964,235.967896362765,222.6742197909776,,233.1926684265432,#000000,12.049389019313432,243.3393214124739,1.609681499737259,51.606051996719096,5.96862949263123,False,True,False,False,False,13.913550465317588,0.0,0.0,0.0,0.0,0,1.0658417817514168,0.8757723317633908,False,False,False,False,0.2814013938775434,0.2835772525426199,False,False,False,False,58458.0,45032.2600050671,False,False,False,False,4395.118037953891,False,False,False,False
2025-06-20 19:00:00+00:00,262.735,266.47,262.735,265.89,6426.0,,,,,,,,,,,,,,,,254.59590436268945,247.67898999660954,244.3226428458327,236.17910692892912,230.11234467653503,222.85849868329814,220.21520073445168,211.37532137664448,,,,254.59590436268945,236.17910692892912,222.85849868329814,,233.41725120062375,"rgba(38, 166, 154, 0.5)",12.165650004296504,243.57824379551397,1.833996226803027,54.435311889006485,5.96862949263123,False,True,True,False,True,16.346279525991125,0.0,0.0,0.0,0.0,0,1.065281852057401,0.8711012447474824,False,False,False,False,0.2997243869570751,0.2916508197498475,False,False,False,False,64884.0,45340.03891971722,False,False,False,False,4426.604580001117,False,False,False,False
2025-06-23 14:00:00+00:00,267.58,269.63,266.96,268.55,3730.0,,,,,,,,,,,,,,,,254.80562664861012,247.87792893587175,244.49608064480802,236.31436762186402,230.2406386670837,222.9731648150513,220.32904624273212,211.48037622996964,,,,254.80562664861012,236.31436762186402,222.9731648150513,,233.56465372574883,"rgba(38, 166, 154, 0.5)",12.323383155830953,243.77663552565068,2.0102730038566987,58.93862541134813,3.785002278455181,False,True,True,False,True,18.289268369268814,0.0,0.0,0.0,0.0,0,1.0705432094876601,0.8660167262532871,False,False,False,False,0.34282825262863154,0.3172395361892395,False,False,False,False,68614.0,45700.875525613075,False,False,False,False,4415.804508993348,False,False,False,False
2025-06-23 15:00:00+00:00,268.55,270.41,267.63,268.11,3989.0,,,,,,,,,,,,,,,,255.02835292701036,248.0899183799941,244.6813911952991,236.4592742175678,230.37809526496304,223.0960599938847,220.45105168244189,211.5929603664776,,,,255.02835292701036,236.4592742175678,223.0960599938847,,233.72213800345483,"rgba(38, 166, 154, 0.5)",12.450395263815444,243.97853221240584,1.938208970580027,61.14090233294266,5.673014179371506,False,False,True,False,True,17.770552126762727,0.0,0.0,0.0,0.0,0,1.076970365699874,0.8637452711223196,False,False,False,False,0.3428282526593448,0.33003389442429215,False,False,False,False,64625.0,45994.272804285734,False,False,False,False,4409.187384822908,False,False,False,False
2025-06-23 16:00:00+00:00,267.765,267.765,262.44,265.23,3439.0,,,,,,,,,,,,,,,,255.1660938341304,248.23819494338431,244.8154855961119,236.5694472004693,230.48484676260574,223.1932281329144,220.54799519705355,211.68362001413809,,,,255.1660938341304,236.5694472004693,223.1932281329144,,233.83736396010096,"rgba(38, 166, 154, 0.5)",12.493763901019873,244.08356907886522,1.6925588708626549,58.09956319610144,5.673014179371506,False,True,True,False,False,14.448658456138933,0.0,0.0,0.0,0.0,0,1.0676665885477699,0.8629325833919219,False,False,False,False,0.2752679113628136,0.3026509028935529,False,False,False,False,61186.0,46229.80345848286,False,False,False,False,4394.145719941933,False,False,False,False
2025-06-23 17:00:00+00:00,264.85,269.445,264.665,269.3,4043.0,,,,,,,,,,,,,,,,255.36518574299143,248.436145550762,244.99122349856452,236.70984177455603,230.61907338345523,223.31409169821868,220.66819020593982,211.79509091741315,,,,255.36518574299143,236.70984177455603,223.31409169821868,,233.98735534648762,"rgba(38, 166, 154, 0.5)",12.623886866636388,244.25303300539676,1.9840931132549806,60.02372204139463,5.673014179371506,False,False,True,False,False,17.421760486870966,0.0,0.0,0.0,0.0,0,1.0720022283088064,0.8578988904879062,False,False,False,False,0.3085220902457379,0.3055864965696454,False,False,False,False,65229.0,46524.364645173046,False,False,False,False,4388.701600252911,False,False,False,False
2025-06-23 18:00:00+00:00,269.3,270.21,268.725,269.22,4117.0,,,,,,,,,,,,,,,,255.58655066527575,248.6497743532457,245.17965586997693,236.85872158315362,230.7605400693981,223.44084798827217,220.79404452476373,211.91134067382708,,,,255.58655066527575,236.85872158315362,223.44084798827217,,234.14768446598913,"rgba(38, 166, 154, 0.5)",12.74147340469444,244.4452895212345,1.94441487980798,61.19080611991345,5.673014179371506,False,False,True,False,True,17.33083151244288,0.0,0.0,0.0,0.0,0,1.0835137308263239,0.8552387431964368,False,False,False,False,0.3428282526283084,0.3242073745989769,False,False,False,False,61112.0,46750.529534395166,False,False,False,False,4384.489172342012,False,False,False,False
2025-06-23 19:00:00+00:00,269.48,270.87,269.17,270.03,12600.0,,,,,,,,,,,,,,,,256.2520251648716,249.29664742270197,245.75342126856464,237.31483037937556,231.1942020636245,223.829815616688,221.18021789121033,212.26814192144775,,,,256.2520251648716,237.31483037937556,223.829815616688,,234.63616271606054,"rgba(38, 166, 154, 1.0)",12.811174922735006,245.01299950510605,1.9527483346198151,62.677527794778115,6.90653939543899,True,False,True,False,True,17.911126058563607,0.0,0.0,0.0,0.0,0,1.0826876981365499,0.8569241475295747,False,False,False,False,0.34282825263934297,0.33351781361915994,False,False,False,False,73712.0,47168.53682843555,False,False,False,False,4511.861433235935,False,False,False,False
2025-06-24 14:00:00+00:00,271.285,275.74,271.285,274.86,2565.0,,,,,,,,,,,,,,,,256.4166636161439,249.44768081689696,245.88542138796205,237.417143810833,231.2901476710214,223.91488705278277,221.2643697898864,212.34515677893995,,,,256.4166636161439,237.417143810833,223.91488705278277,,234.74768386555832,"rgba(38, 166, 154, 1.0)",12.995319774289884,245.15594438179943,2.2857502650275285,66.88712250015365,10.991924803593285,True,False,True,False,True,20.0,0.0,0.0,0.0,0.0,0,1.0796961052037408,0.8458405162550146,False,False,False,False,0.3428282527765895,0.33817303319787473,False,False,False,False,76277.0,47619.83083109547,False,False,False,False,4481.677535046229,False,False,False,False
2025-06-24 15:00:00+00:00,274.81,276.2,274.81,275.93,3247.0,,,,,,,,,,,,,,,,256.64033718900305,249.64920049684193,246.06067994356025,237.55177875104118,231.4157600245249,224.0257765544238,221.37390643651796,212.4450320939867,,,,256.64033718900305,237.55177875104118,224.0257765544238,,234.89530893623746,"rgba(38, 166, 154, 1.0)",13.169224026474502,245.34996367031027,2.322083386858157,70.23240969360324,14.158997235338745,True,False,True,False,True,20.0,0.0,0.0,0.0,0.0,0,1.0887468342843192,0.8464894882982935,False,False,False,False,0.3428282528457883,0.3405006430218315,False,False,False,False,79524.0,48114.4691127839,False,False,False,False,4462.535247681171,False,False,False,False
2025-06-24 16:00:00+00:00,275.92,278.005,275.89,277.41,1654.0,,,,,,,,,,,,,,,,256.7608565400093,249.7563448383269,246.15351586449157,237.6226025094968,231.48156887804714,224.0836673562236,221.43102553369255,212.49695530000685,,,,256.7608565400093,237.6226025094968,224.0836673562236,,234.97331710253684,"rgba(38, 166, 154, 1.0)",13.331567419657711,245.45426917703156,2.396997278493224,73.1738026109011,16.935129911746742,True,False,True,False,True,20.0,0.0,0.0,0.0,0.0,0,1.0877988145947337,0.8413952007761213,False,False,False,False,0.3428282528923471,0.3416644479570893,False,False,False,False,81178.0,48627.08199475625,False,False,False,False,4418.992065546579,False,False,False,False
2025-06-24 17:00:00+00:00,277.41,277.41,275.0,275.0,5685.0,,,,,,,,,,,,,,,,257.1387217054399,250.10113362454373,246.4552024109741,237.85616764748812,231.69992691189876,224.2768365461812,221.62190322502988,212.67121370693437,,,,257.1387217054399,237.85616764748812,224.2768365461812,,235.22763822231127,"rgba(38, 166, 154, 1.0)",13.410888602479792,245.7759388605511,2.179129363138929,71.31787196523726,16.935129911746742,True,False,True,False,True,20.0,0.0,0.0,0.0,0.0,0,1.0844833034867793,0.8443364283456977,False,False,False,False,0.3315611994916892,0.3366128237243893,False,False,False,False,75493.0,49043.60785530266,False,False,False,False,4438.6200955381055,False,False,False,False
2025-06-24 18:00:00+00:00,275.065,275.81,274.44,274.92,16069.0,,,,,,,,,,,,,,,,258.09033345562153,251.0011865050954,247.2547906605056,238.48847130431955,232.29539856404062,224.80731891939465,222.14691795401745,213.15285316414386,,,,258.09033345562153,238.48847130431955,224.80731891939465,,235.90465881589233,"rgba(38, 166, 154, 0.75)",13.463682940909885,246.5714835273519,2.105554371494455,69.95934761258793,16.935129911746742,True,False,True,False,False,19.934571384874058,0.0,0.0,0.0,0.0,0,1.0824578493817907,0.8497714499812657,False,False,False,False,0.31531573768233884,0.32596428070336403,False,False,False,False,59424.0,49204.54416762355,False,False,False,False,4618.936063049143,False,False,False,False
2025-06-24 19:00:00+00:00,274.925,276.82,274.765,276.535,16900.0,,,,,,,,,,,,,,,,259.0398907284285,251.91623501520564,248.07695833868522,239.14796014446057,232.9182701250432,225.36409311290421,222.6981237024914,213.6593612662916,,,,259.0398907284285,239.14796014446057,225.36409311290421,,236.6026115541888,"rgba(38, 166, 154, 0.75)",13.502111603959603,247.36368952230873,2.1604998783402567,70.24253912399578,16.935129911746742,True,False,True,False,False,20.0,0.0,0.0,0.0,0.0,0,1.082921234509056,0.8476823164918965,False,False,False,False,0.3253368089415298,0.32565054482244693,False,False,False,False,76324.0,49625.000847195275,False,False,False,False,4809.340155094893,False,False,False,False
2025-06-25 14:00:00+00:00,277.45,281.92,277.45,281.91,4572.0,,,,,,,,,,,,,,,,259.3416483713744,252.19534864482725,248.32500763643844,239.34315434573347,233.10057329137945,225.52550409202712,222.8574145496583,213.80452649488683,,,,259.3416483713744,239.34315434573347,225.52550409202712,,236.81164717829068,"rgba(38, 166, 154, 1.0)",13.624993998511508,247.61522749551236,2.5170486319652157,73.24927629965505,17.446102157751568,True,False,True,False,True,20.0,0.0,0.0,0.0,0.0,0,1.0868016360517787,0.8361456027443442,False,False,False,False,0.3428282529735141,0.3342393988979805,False,False,False,False,80896.0,50109.82253948682,False,False,False,False,4805.660462767841,False,False,False,False
2025-06-25 15:00:00+00:00,281.92,284.38,281.9,283.86,2428.0,,,,,,,,,,,,,,,,259.5204280155443,252.3566390593636,248.46717342695962,239.45346317036893,233.20282545408753,225.61542911929163,222.94597182155053,213.88476747523922,,,,259.5204280155443,239.45346317036893,225.61542911929163,,236.93083719280065,"rgba(38, 166, 154, 1.0)",13.774377309711163,247.76373386820575,2.620537053703749,75.98444057745786,20.211966604670295,True,False,True,False,True,20.0,0.0,0.0,0.0,0.0,0,1.0991282073673025,0.830167809166193,False,False,False,False,0.3428282530643835,0.338533825981182,False,False,False,False,83324.0,50624.771027246716,False,False,False,False,4768.797509856711,False,False,False,False
2025-06-25 16:00:00+00:00,283.89,288.04,283.73,287.46,4237.0,,,,,,,,,,,,,,,,259.86494199191014,252.66124279925754,248.73381138298754,239.6578277517498,233.39098386267074,225.77988206569452,223.10760728928386,214.03043602601113,,,,259.86494199191014,239.6578277517498,225.77988206569452,,237.15334164619566,"rgba(38, 166, 154, 1.0)",13.994493634644515,248.0486694001967,2.8162026886229956,78.92071246142442,23.105158367385897,True,False,True,False,True,20.0,0.0,0.0,0.0,0.0,0,1.1058460903164913,0.8274046544553573,False,False,False,False,0.34282825312880405,0.340681039554993,False,False,False,False,87561.0,51197.42574000258,False,False,False,False,4760.552587223274,False,False,False,False
2025-06-25 17:00:00+00:00,287.46,288.49,286.0,286.0,2911.0,,,,,,,,,,,,,,,,260.1002311417655,252.86994516589075,248.91685972093836,239.7984592226181,233.52050532564442,225.89313272178285,223.21891508297097,214.13075666778076,,,,260.1002311417655,239.7984592226181,225.89313272178285,,237.306100631174,"rgba(38, 166, 154, 1.0)",14.103773585511341,248.24280063116316,2.6770990855684476,78.73296894480303,23.105158367385897,True,False,True,False,True,20.0,0.0,0.0,0.0,0.0,0,1.1085493446188208,0.824472462234761,False,False,False,False,0.34282825315849746,0.34175464635674524,False,False,False,False,84650.0,51716.07030217308,False,False,False,False,4731.877353312835,False,False,False,False
2025-06-25 18:00:00+00:00,286.5,287.87,285.89,286.44,4007.0,,,,,,,,,,,,,,,,260.41632366168176,253.15228333846594,249.1653328785744,239.9902778936545,233.6974470499588,226.04809088069956,223.3712642161326,214.26821392465015,,,,260.41632366168176,239.9902778936545,226.04809088069956,,237.51365423047724,"rgba(38, 166, 154, 1.0)",14.185811891077133,248.50325790078642,2.6742735904369184,78.78879219425133,23.498320394227576,True,False,True,False,True,20.0,0.0,0.0,0.0,0.0,0,1.1084335582282192,0.8271780580815482,False,False,False,False,0.33824748426676116,0.3400010653117532,False,False,False,False,88657.0,52288.79789438745,False,False,False,False,4720.638944734342,False,False,False,False
2025-06-25 19:00:00+00:00,286.575,287.47,285.87,286.0,7994.0,,,,,,,,,,,,,,,,261.01840333455823,253.69702494252178,249.6477012910009,240.36599315824944,234.045065861805,226.35343822596175,223.67166371663694,214.5398145198328,,,,261.01840333455823,240.36599315824944,226.35343822596175,,237.91738813132085,"rgba(38, 166, 154, 1.0)",14.235558075176693,248.99902199217954,2.59919406126698,78.10410168464048,23.498320394227576,True,False,True,False,True,20.0,0.0,0.0,0.0,0.0,0,1.1081496443312548,0.827507976932759,False,False,False,False,0.3356181695255904,0.3378096174186718,False,False,False,False,80663.0,52728.70800455198,False,False,False,False,4771.38872853691,False,False,False,False
2025-06-26 14:00:00+00:00,287.41,292.68,287.41,291.01,6075.0,,,,,,,,,,,,,,,,261.52536035254735,254.1473662310184,250.04417728241188,240.67142222280307,234.32572217528482,226.5984314017019,223.9121806278369,214.75603069407563,,,,261.52536035254735,240.67142222280307,226.5984314017019,,238.24758637345997,"rgba(38, 166, 154, 1.0)",14.375365916847478,249.41398114916086,2.8935624380934817,79.66505978274922,25.006087856323703,True,False,True,False,True,20.0,0.0,0.0,0.0,0.0,0,1.1114850712851547,0.8100651461092887,False,False,False,False,0.3428282532155111,0.34031893531709145,False,False,False,False,86738.0,53255.98384944265,False,False,False,False,4791.599756001454,False,False,False,False
2025-06-26 15:00:00+00:00,291.38,293.65,291.205,293.03,3736.0,,,,,,,,,,,,,,,,261.8522958072612,254.4358184875232,250.29765278636353,240.8658731429204,234.50384499210583,226.75347880986556,224.06423876031005,214.8923470130267,,,,261.8522958072612,240.8658731429204,226.75347880986556,,238.45819372492207,"rgba(38, 166, 154, 1.0)",14.523591946762112,249.68063428889414,2.9847551397758827,81.31127635823336,26.847810845856046,True,False,True,False,True,20.0,0.0,0.0,0.0,0.0,0,1.1288913320217566,0.8025402152528639,False,False,False,False,0.3428282532601022,0.3415735942885968,False,False,False,False,90474.0,53833.00735565284,False,False,False,False,4775.233868311509,False,False,False,False
2025-06-26 16:00:00+00:00,293.1,296.19,293.1,296.05,4462.0,,,,,,,,,,,,,,,,262.26467847688804,254.79675789098297,250.6140001012475,241.10727015878894,234.72419500488047,226.94465395891436,224.25151634454528,215.05971350221506,,,,262.26467847688804,241.10727015878894,226.94465395891436,,238.72034817980784,"rgba(38, 166, 154, 1.0)",14.696841455421072,250.01575068108954,3.1322546044021107,83.18244851683198,28.835528514080764,True,False,True,False,True,20.0,0.0,0.0,0.0,0.0,0,1.1407334567329936,0.7888998149005083,False,False,False,False,0.34282825329872635,0.34220092379366157,False,False,False,False,94936.0,54470.2630555652,False,False,False,False,4770.377529267919,False,False,False,False
2025-06-26 17:00:00+00:00,295.51,296.32,295.295,295.65,5380.0,,,,,,,,,,,,,,,,262.75795715542466,255.23032085701797,250.9949583211763,241.3989143770322,234.99055848634447,227.17590026125077,224.47804809440635,215.2621972954006,,,,262.75795715542466,241.3989143770322,227.17590026125077,,239.03610685600665,"rgba(38, 166, 154, 1.0)",14.818515564676462,250.41612218646165,3.052524229981867,83.79331405616442,29.63377342575069,True,False,True,False,True,20.0,0.0,0.0,0.0,0.0,0,1.145260536564884,0.7863875255179597,False,False,False,False,0.34282825331796085,0.3425145885558112,False,False,False,False,89556.0,55014.2279694324,False,False,False,False,4779.82904044206,False,False,False,False
2025-06-26 18:00:00+00:00,295.65,298.28,295.39,297.5,7431.0,,,,,,,,,,,,,,,,263.4418202140971,255.833049665745,251.5256937628406,241.80618426922027,235.36246596523412,227.49877380330622,224.79426077442264,215.54470379056787,,,,263.4418202140971,241.80618426922027,227.49877380330622,,239.47586903067923,"rgba(38, 166, 154, 1.0)",14.944929162920214,250.97029290618647,3.1134110163103443,84.71297468901571,30.7477724188294,True,False,True,False,True,20.0,0.0,0.0,0.0,0.0,0,1.1431186841384477,0.7833037812279252,False,False,False,False,0.3428282533344181,0.3426714209451146,False,False,False,False,96987.0,55664.96862106911,False,False,False,False,4820.93246617164,False,False,False,False
2025-06-26 19:00:00+00:00,297.72,300.25,297.72,299.62,27613.0,,,,,,,,,,,,,,,,265.9081552421873,258.03704047768497,253.48296394652294,243.32537290048543,236.75285437546952,228.7089663451988,225.97961768359443,216.60471042209699,,,,265.9081552421873,243.32537290048543,228.7089663451988,,241.09996017415506,"rgba(38, 166, 154, 1.0)",15.160677910691545,256.6309390523314,2.835563238062859,85.84966932407639,32.05378223173702,True,False,True,False,True,20.0,0.0,0.0,0.0,0.0,0,1.1463323621855128,0.7796690443044325,False,False,False,False,0.34282825336730577,0.3427498371562102,False,False,False,False,124600.0,56733.72879748664,False,False,False,False,5174.2978542930105,False,False,False,False
2025-06-27 14:00:00+00:00,296.55,299.62,295.345,298.77,6850.0,,,,,,,,,,,,,,,,266.4465776148607,258.5335371492314,253.93092095140526,243.68148755350845,237.08153827133168,228.99752454016556,226.26278852388916,216.85949555193653,,,,266.4465776148607,243.68148755350845,228.99752454016556,,241.4742337695411,"rgba(38, 166, 154, 1.0)",15.257138434130349,257.045151177606,2.734775528355642,85.13729651739766,32.05378223173702,True,False,True,False,True,20.0,0.0,0.0,0.0,0.0,0,1.1405670073659564,0.7842459886941121,False,False,False,False,0.3271608606175424,0.3349553488868763,False,False,False,False,117750.0,57679.7174983008,False,False,False,False,5200.277732521026,False,False,False,False
2025-06-27 15:00:00+00:00,298.87,298.97,296.62,297.105,5525.0,,,,,,,,,,,,,,,,266.86318903441287,258.9216306885601,254.28290476065328,243.96353657257964,237.34258560220135,229.22735737596784,226.48846902224645,217.0629630077489,,,,266.86318903441287,243.96353657257964,229.22735737596784,,241.7690795080463,"rgba(38, 166, 154, 0.75)",15.310989580002284,257.36737545112203,2.5953661806928134,81.8904741284035,35.55687210899232,True,False,True,False,False,20.0,0.0,0.0,0.0,0.0,0,1.1477893052102086,0.7833604847237694,False,False,False,False,0.3304064902696486,0.3326809195782624,False,False,False,False,112225.0,58525.38079290078,False,False,False,False,5205.31218628039,False,False,False,False
2025-06-27 16:00:00+00:00,297.06,297.75,295.765,296.75,10642.0,,,,,,,,,,,,,,,,267.61463803789195,259.632596382273,254.9327283368437,244.49048317395992,237.83242678403417,229.66054051759653,226.91425452541873,217.4480810352247,,,,267.61463803789195,244.49048317395992,229.66054051759653,,242.31571859915533,"rgba(38, 166, 154, 0.75)",15.353073153355071,257.94898398502033,2.5272475176411553,79.14102657683449,32.973774708618876,True,False,True,False,False,20.0,0.0,0.0,0.0,0.0,0,1.1496028565182534,0.798965240836551,False,False,False,False,0.3196564351680318,0.32616867737314714,False,False,False,False,101583.0,59192.94078060774,False,False,False,False,5289.60191982643,False,False,False,False
2025-06-27 17:00:00+00:00,296.75,297.82,295.0,296.2,4697.0,,,,,,,,,,,,,,,,267.92986107476844,259.9345479984566,255.2104711422935,244.71790692675853,238.04456063604877,229.84879765459067,227.09943715755475,217.61599368446684,,,,267.92986107476844,244.71790692675853,229.84879765459067,,242.55019703436727,"rgba(38, 166, 154, 0.75)",15.417309569161919,258.19499783295544,2.465086531249466,76.35114820823452,30.41603834837268,True,False,True,False,False,20.0,0.0,0.0,0.0,0.0,0,1.137223169896047,0.7918325095860844,False,False,False,False,0.3160718424279244,0.3211202599005358,False,False,False,False,96886.0,59777.32929563708,False,False,False,False,5280.414293162455,False,False,False,False
2025-06-27 18:00:00+00:00,296.595,298.005,294.75,295.465,6674.0,,,,,,,,,,,,,,,,268.36195308773756,260.3520669378688,255.5962523163669,245.0359930943661,238.34198411064938,230.11340700280573,227.35986488074147,217.85255225340651,,,,268.36195308773756,245.0359930943661,230.11340700280573,,242.8767592104928,"rgba(38, 166, 154, 0.75)",15.43761024018771,258.53439786180087,2.392248642348808,73.18521879867515,27.55267715951014,True,False,True,False,False,20.0,0.0,0.0,0.0,0.0,0,1.133209183228096,0.7935083073879002,False,False,False,False,0.31573699574335884,0.3184286278219473,False,False,False,False,90212.0,60249.18465539464,False,False,False,False,5302.020273113424,False,False,False,False
2025-06-27 19:00:00+00:00,295.6,297.42,295.44,295.58,13933.0,,,,,,,,,,,,,,,,269.2248547024169,261.1950679757543,256.38002407081916,245.68844546764154,238.95395530203837,230.6596674878018,227.89783248911635,218.34229447154829,,,,269.2248547024169,245.68844546764154,230.6596674878018,,243.5427677458921,"rgba(38, 166, 154, 0.5)",15.468244410247596,259.2239764470329,2.350365212026356,71.18122929820575,25.768031935900254,False,False,True,False,False,20.0,0.0,0.0,0.0,0.0,0,1.1289222868582531,0.7972233908287749,False,False,False,False,0.31627793602789905,0.3173532819249232,False,False,False,False,104145.0,60929.739932055185,False,False,False,False,5435.83391228996,False,False,False,False
2025-06-30 14:00:00+00:00,297.525,297.91,295.4,295.9,2436.0,,,,,,,,,,,,,,,,269.37163283946734,261.339446732902,256.5148193913502,245.80138269364664,239.060096212941,230.75461769797658,227.99137643164025,218.42757123374966,,,,269.37163283946734,245.80138269364664,230.75461769797658,,243.6576179042092,"rgba(38, 166, 154, 0.5)",15.51445465881355,259.3429201090335,2.356323873117827,70.16611925902615,24.811341132320905,False,False,True,False,False,20.0,0.0,0.0,0.0,0.0,0,1.129884592022676,0.7962861192259847,False,False,False,False,0.31859828652944094,0.3179757842271821,False,False,False,False,106581.0,61637.51140597681,False,False,False,False,5389.324859386239,False,False,False,False
2025-06-30 15:00:00+00:00,295.9,295.9,291.42,293.97,4379.0,,,,,,,,,,,,,,,,269.60615297239775,261.57671067399934,256.73897367273435,245.99261491971333,239.24117525072845,230.91777790360226,228.1524276142533,218.5752245475302,,,,269.60615297239775,245.99261491971333,230.91777790360226,,243.85013219436985,"rgba(38, 166, 154, 0.5)",15.41662710245784,259.5287663878337,2.234031697288407,65.72022192716373,20.661612969497128,False,True,True,False,False,20.0,0.0,0.0,0.0,0.0,0,1.1238550607753899,0.8015150642318098,False,False,False,False,0.28797191265030303,0.30297384843874253,False,False,False,False,102202.0,62266.41820588415,False,False,False,False,5373.660908077924,False,False,False,False
2025-06-30 16:00:00+00:00,294.28,294.555,292.76,293.17,2854.0,,,,,,,,,,,,,,,,269.7549174703615,261.72821288967765,256.8825707684487,246.11573576217594,239.35797141755134,231.02321090844555,228.25654083303164,218.67080368272755,,,,269.7549174703615,246.11573576217594,231.02321090844555,,243.97374546655246,"rgba(38, 166, 154, 0.5)",15.3102836525828,259.64720782786236,2.1895604897223744,61.39563890122205,16.761380872640984,False,True,True,False,False,20.0,0.0,0.0,0.0,0.0,0,1.1420679116648786,0.7926358012900562,False,False,False,False,0.2879217291844606,0.29544778881160155,False,False,False,False,99348.0,62841.32645075416,False,False,False,False,5334.596397875166,False,False,False,False
2025-06-30 17:00:00+00:00,293.17,293.27,291.06,292.565,3820.0,,,,,,,,,,,,,,,,269.94126700856924,261.9212032037839,257.0667997892915,246.27539714236923,239.51007692566105,231.16108275810893,228.3928287357086,218.79631280762896,,,,269.94126700856924,246.27539714236923,231.16108275810893,,244.1331210463902,"rgba(38, 166, 154, 0.5)",15.381401443899712,259.7947096775289,2.130513948419691,57.499998022226464,13.312258997302955,False,True,True,False,False,20.0,0.0,0.0,0.0,0.0,0,1.1303301893711584,0.7964150030070548,False,False,False,False,0.2728504832171883,0.28414913601439495,False,False,False,False,95528.0,63348.096583300605,False,False,False,False,5311.114283179427,False,False,False,False
2025-06-30 18:00:00+00:00,292.57,294.28,292.46,294.09,5605.0,,,,,,,,,,,,,,,,270.22490215404355,262.21204178961267,257.34360742056134,246.51429654565482,239.7371888449572,231.3665758112847,228.59583715885498,218.98296946631146,,,,270.22490215404355,246.51429654565482,231.3665758112847,,244.37217739891008,"rgba(38, 166, 154, 0.5)",15.509393791918972,260.02454639649113,2.1964400453393824,57.25633045732309,13.146239912227692,False,True,True,False,False,20.0,0.0,0.0,0.0,0.0,0,1.1396454057235335,0.7916133303906414,False,False,False,False,0.2843516026594163,0.2842503693369056,False,False,False,False,101133.0,63933.90903937346,False,False,False,False,5315.670650882071,False,False,False,False
2025-06-30 19:00:00+00:00,294.215,295.08,293.39,294.46,7161.0,,,,,,,,,,,,,,,,270.58809118398943,262.5840554540408,257.69792595462894,246.82051533904615,240.0283239565189,231.63008676657074,228.85614388752683,219.22231712706596,,,,270.58809118398943,246.82051533904615,231.63008676657074,,244.67843245867346,"rgba(38, 166, 154, 0.5)",15.652563565473654,260.32368842634827,2.1808767254553376,57.62569583592859,13.146239912227692,False,True,True,False,False,20.0,0.0,0.0,0.0,0.0,0,1.1391401714942389,0.7903026195597718,False,False,False,False,0.2924321158496444,0.288341242593275,False,False,False,False,108294.0,64621.66238760023,False,False,False,False,5344.280408232736,False,False,False,False
2025-07-01 14:00:00+00:00,293.22,294.03,285.475,287.54,3412.0,,,,,,,,,,,,,,,,270.7195418964746,262.72921240191545,257.84029791328567,246.94892872136285,240.1525260911673,231.74432617664417,228.96947324396737,219.3278205562162,,,,270.7195418964746,246.94892872136285,231.74432617664417,,244.80401587512918,"rgba(239, 83, 80, 1.0)",15.630825490758472,260.427925819849,1.734526061734915,49.36835152627318,5.610055332754115,False,True,False,True,False,16.4991114841117,0.0,0.0,0.0,0.0,0,1.107840876333237,0.798875756702219,False,False,False,False,0.24472471779357197,0.2665329801934235,False,False,False,False,104882.0,65245.85366841263,False,False,False,False,5314.322572446181,False,False,False,False
2025-07-01 15:00:00+00:00,287.2,287.49,283.335,284.885,6455.0,,,,,,,,,,,,,,,,270.9128527999483,262.96065843329677,258.0739148208475,247.16811239724683,240.36774673583858,231.94503407879063,229.1692938553398,219.51577273675767,,,,270.9128527999483,247.16811239724683,231.94503407879063,,245.01417323225826,"rgba(239, 83, 80, 1.0)",15.597402269274586,260.5763177349476,1.5585083878318753,42.1252940272092,-0.8378787031766421,False,True,False,True,False,13.636675171735114,0.0,0.0,0.0,0.0,0,1.0977276315978348,0.8258472933982164,False,False,False,False,0.20025929434386766,0.23339613726864555,False,False,False,False,98427.0,65760.29004564654,False,False,False,False,5332.007493803605,False,False,False,False
2025-07-01 16:00:00+00:00,284.885,288.47,284.34,287.355,13590.0,,,,,,,,,,,,,,,,271.34396506689836,263.46417009969025,258.5791543738344,247.63914855442346,240.82898652413456,232.37434724690883,229.5964006453175,219.916856062519,,,,271.34396506689836,247.63914855442346,232.37434724690883,,245.4678785717158,"rgba(239, 83, 80, 1.0)",15.556706148739224,260.9275432181727,1.6987822826472254,40.73258632985179,-1.863909705177612,False,True,False,True,False,15.406475927582086,0.0,0.0,0.0,0.0,0,1.0973967619998568,0.8245488909492894,False,False,False,False,0.21035322073937235,0.22187467900400895,False,False,False,False,112017.0,66477.44833951248,False,False,False,False,5460.038385372542,False,False,False,False
2025-07-01 17:00:00+00:00,287.36,291.695,287.3,291.59,6087.0,,,,,,,,,,,,,,,,271.57144211948804,263.7154966401867,258.826941240546,247.86493688429275,241.04802526420283,232.57661367977497,229.797161245488,220.10421396714025,,,,271.57144211948804,247.86493688429275,232.57661367977497,,245.68810388013995,"rgba(239, 83, 80, 0.75)",15.441086451180032,261.122217732578,1.973163116711491,44.26258458897081,-1.863909705177612,False,True,False,True,True,18.26910774026991,0.0,0.0,0.0,0.0,0,1.108925205164911,0.8134310376596311,False,False,False,False,0.24208736367761738,0.23198102134081316,False,False,False,False,118104.0,67277.85999316345,False,False,False,False,5469.758720483044,False,False,False,False
2025-07-01 18:00:00+00:00,291.59,291.68,287.66,287.66,5765.0,,,,,,,,,,,,,,,,271.76837787185946,263.9386616899275,259.04926047674974,248.07060809714977,241.248691434619,232.76293368686396,229.9823411630939,220.27773224537881,,,,271.76837787185946,248.07060809714977,232.76293368686396,,245.8873258332053,"rgba(239, 83, 80, 0.75)",15.266097615777166,261.291869213618,1.7272345199162864,43.473395052525554,-1.863909705177612,False,True,False,True,True,14.211229514837658,0.0,0.0,0.0,0.0,0,1.1086922871255078,0.8133487187425235,False,False,False,False,0.2430888552882481,0.23753493831453065,False,False,False,False,112339.0,67976.48231885085,False,False,False,False,5474.336104661602,False,False,False,False
2025-07-01 19:00:00+00:00,287.18,288.905,286.61,288.905,11015.0,,,,,,,,,,,,,,,,272.1143678139969,264.3400211586998,259.45311622332173,248.4497747152584,241.62064314272496,233.11013708379423,230.327847236942,220.60273067118257,,,,272.1143678139969,248.4497747152584,233.11013708379423,,246.25232975574008,"rgba(239, 83, 80, 0.75)",15.108634120032027,261.59432441838914,1.8076204218487584,44.13733903137007,-1.863909705177612,False,True,False,True,True,15.054311607910549,0.0,0.0,0.0,0.0,0,1.1034705271722354,0.8228403894172761,False,False,False,False,0.2222453170246729,0.22989012766960176,False,False,False,False,123354.0,68835.04848445006,False,False,False,False,5560.237870480802,False,False,False,False
2025-07-02 14:00:00+00:00,285.845,293.765,285.845,293.765,20878.0,,,,,,,,,,,,,,,,272.84654410046585,265.1563185731768,260.26514200875334,249.20170426426847,242.35390834113733,233.79148197504176,231.00482345140892,221.23712474582396,,,,272.84654410046585,249.20170426426847,233.79148197504176,,246.98213093250956,#000000,14.973757976137824,262.2536680750019,2.1044371075861217,48.44278903795229,-8.907520915217233,False,True,False,False,True,18.192595959516318,0.0,0.0,0.0,0.0,0,1.0977635871067613,0.8180322883839214,False,False,False,False,0.2436730627716025,0.23678159522060213,False,False,False,False,144232.0,70003.99346918728,False,False,False,False,5797.722554659394,False,False,False,False
2025-07-02 15:00:00+00:00,293.34,293.35,288.62,289.6,7086.0,,,,,,,,,,,,,,,,273.0746279655143,265.4160172033752,260.52617076656736,249.44734568398368,242.59485645620578,234.01671873794805,231.22891024976886,221.4480205569855,,,,273.0746279655143,249.44734568398368,234.01671873794805,,247.2190834525436,#000000,14.708652755228716,262.4631192766643,1.8449603219906687,48.07935010591311,-8.907520915217233,False,True,False,False,True,14.112901984919812,0.0,0.0,0.0,0.0,0,1.1003407178336362,0.8196658502209868,False,False,False,False,0.25612134971263384,0.24645147246661797,False,False,False,False,137146.0,71044.95481075026,False,False,False,False,5817.695848385604,False,False,False,False
2025-07-02 16:00:00+00:00,289.655,289.655,286.73,286.99,3403.0,,,,,,,,,,,,,,,,273.1652616377446,265.52549013448277,260.6386633951863,249.556501764395,242.7031689705252,234.11905412985132,231.33099739164308,221.54485880293578,,,,273.1652616377446,249.556501764395,234.11905412985132,,247.32299952834552,"rgba(239, 83, 80, 0.75)",14.301873439934905,262.54758717307664,1.709035737840694,46.14749901227,-8.907520915217233,False,True,False,True,True,11.686313471704882,0.0,0.0,0.0,0.0,0,1.094881139733289,0.8444462850989805,False,False,False,False,0.22678033520903096,0.23661590383782447,False,False,False,False,133743.0,72017.01752686266,False,False,False,False,5780.258703449394,False,False,False,False
2025-07-02 17:00:00+00:00,287.05,287.72,282.67,282.67,6146.0,,,,,,,,,,,,,,,,273.2883313675411,265.6903981069783,260.8140652677875,249.73448948761498,242.88265991658213,234.2911167532164,231.50327014600526,221.70999909591293,,,,273.2883313675411,249.73448948761498,234.2911167532164,,247.4892912677048,"rgba(239, 83, 80, 1.0)",14.118652485277188,262.66538995566873,1.416892303652344,42.51717282820569,-8.907520915217233,False,True,False,True,False,7.87481888986817,0.0,0.0,0.0,0.0,0,1.0742995512750353,0.8514693006457253,False,False,False,False,0.19570566692788202,0.21616078538285324,False,False,True,False,127597.0,72878.72268148494,False,False,False,False,5785.929111147852,False,False,False,False
2025-07-02 18:00:00+00:00,282.785,286.28,282.155,285.45,5682.0,,,,,,,,,,,,,,,284.6283333333334,273.4024938770328,265.84251584245385,260.9758000680505,249.89872192719488,243.04832047456043,234.4500120951823,231.6623676289787,221.86256809838903,,,,273.4024938770328,249.89872192719488,234.4500120951823,,251.75234814946396,"rgba(239, 83, 80, 1.0)",13.988189390140464,265.28494946298895,1.4415768885159876,42.414672992619955,-8.907520915217233,False,True,False,True,False,9.758484406863644,0.0,0.0,0.0,0.0,0,1.0711701172565766,0.858285496640095,False,False,False,False,0.18565498958742616,0.2009078874851397,False,False,False,False,133279.0,73815.16108952393,False,False,False,False,5784.317807099048,False,False,False,False
2025-07-02 19:00:00+00:00,285.41,288.85,285.37,288.62,14962.0,,,,,,,,,,,,,,,286.79174982238584,273.76948505869336,266.2934574593269,261.44380513233006,250.36042076891707,243.50918734161863,234.88826773976723,232.10014013203192,222.2797390526665,,,,273.76948505869336,250.36042076891707,234.88826773976723,,252.38180583419307,"rgba(239, 83, 80, 1.0)",13.879054654050254,265.72613998312875,1.6495258926147582,44.67889738334718,-8.907520915217233,False,True,False,True,False,11.821378137038145,0.0,0.0,0.0,0.0,0,1.0791445730981493,0.8507601991126493,False,False,False,False,0.21551147719640137,0.20820968234077053,False,False,False,False,148241.0,74969.05006488014,False,False,False,False,5926.607453500613,False,False,False,False
2025-07-03 14:00:00+00:00,292.14,293.815,291.16,293.815,2844.0,,,,,,,,,,,,,,,287.53498822093553,273.8630808590013,266.39791909822003,261.54860692415326,250.45924854773327,243.60614417250767,234.97907398860409,232.19047433779352,222.3648417866677,,,,273.8630808590013,250.45924854773327,234.97907398860409,,252.54937532617956,#000000,13.808398467717655,265.8477636141619,2.0253787179752996,49.27827948747824,-6.968408752323832,False,True,False,False,True,14.994203949629274,0.0,0.0,0.0,0.0,0,1.088056124566547,0.8434617289901052,False,False,False,False,0.272085580680889,0.24014763151082977,False,False,False,False,151085.0,76149.14231193626,False,False,False,False,5878.815089880448,False,False,False,False
2025-07-03 15:00:00+00:00,293.815,295.725,292.12,294.93,2252.0,,,,,,,,,,,,,,,288.12321561771563,273.9416660022391,266.484169033414,261.63459160693094,250.5396170495288,243.684709585289,235.05242046346535,232.26337485040247,222.4333502251609,,,,273.9416660022391,250.5396170495288,235.05242046346535,,252.68412382601622,"rgba(38, 166, 154, 0.5)",13.720271306054261,268.4936561509203,1.9268091176458233,52.9287125418789,-3.4756340800712096,False,True,True,False,True,15.647006658928536,0.0,0.0,0.0,0.0,0,1.090767386091127,0.8395683453237403,False,False,False,False,0.28745994378529777,0.2638037876480638,False,False,False,False,153337.0,77345.85328384422,False,False,False,False,5822.585398564472,False,False,False,False
2025-07-03 16:00:00+00:00,294.91,294.91,293.35,293.71,3739.0,,,,,,,,,,,,,,,288.8673353912955,274.0691064407579,266.62482447070647,261.77519208806444,250.67158863580357,243.81392577621378,235.1732476315802,232.38351200673108,222.54638316014734,,,,274.0691064407579,250.67158863580357,235.1732476315802,,252.88056840014445,"rgba(38, 166, 154, 0.5)",13.60766087788757,268.63127568546463,1.8429856931023496,54.37079996054402,-2.022482902969344,False,True,True,False,True,14.559184837967273,0.0,0.0,0.0,0.0,0,1.0898769469987397,0.8503257285327466,False,False,False,False,0.2896938929439877,0.27674884029602576,False,False,False,False,149598.0,78466.04160502492,False,False,False,False,5790.281748974325,False,False,False,False
2025-07-03 17:00:00+00:00,293.71,293.71,293.71,293.71,0.0,,,,,,,,,,,,,,,288.8673353912955,274.0691064407579,266.62482447070647,261.77519208806444,250.67158863580357,243.81392577621378,235.1732476315802,232.38351200673108,222.54638316014734,,,,274.0691064407579,250.67158863580357,235.1732476315802,,252.88056840014445,"rgba(38, 166, 154, 0.5)",13.485642439610858,268.63127568546463,1.85966107486823,55.33219157298743,-0.8944183318302166,False,True,True,False,True,14.559184837967262,0.0,0.0,0.0,0.0,0,1.0854180692069475,0.853561330281405,False,False,False,False,0.28517505509180635,0.280961947693916,False,False,False,False,149598.0,79568.86266541212,False,False,False,False,5700.509938912707,False,False,False,False
2025-07-03 18:00:00+00:00,293.71,293.71,293.71,293.71,0.0,,,,,,,,,,,,,,,288.8673353912955,274.0691064407579,266.62482447070647,261.77519208806444,250.67158863580357,243.81392577621378,235.1732476315802,232.38351200673108,222.54638316014734,,,,274.0691064407579,250.67158863580357,235.1732476315802,,252.88056840014445,"rgba(38, 166, 154, 0.5)",13.356729931367337,268.63127568546463,1.8776095978132894,55.973119314616376,0.03815172539378864,False,True,True,False,True,14.559184837967262,0.0,0.0,0.0,0.0,0,1.087418024474342,0.8510715975931302,False,False,False,False,0.28517505509180635,0.2830685013928612,False,False,False,False,149598.0,80654.5857248631,False,False,False,False,5612.129939859797,False,False,False,False
2025-07-03 19:00:00+00:00,293.71,293.71,293.71,293.71,0.0,,,,,,,,,,,,,,,288.8673353912955,274.0691064407579,266.62482447070647,261.77519208806444,250.67158863580357,243.81392577621378,235.1732476315802,232.38351200673108,222.54638316014734,,,,274.0691064407579,250.67158863580357,235.1732476315802,,252.88056840014445,"rgba(38, 166, 154, 0.5)",13.171736743758267,268.63127568546463,1.9039800750967397,56.40040447570234,0.8467581559209023,False,True,True,False,True,14.559184837967262,0.0,0.0,0.0,0.0,0,1.0882021480264494,0.8499097068527739,False,False,False,False,0.28517505509180635,0.28412177824233376,False,False,False,False,149598.0,81723.47586866366,False,False,False,False,5525.120173350342,False,False,False,False
2025-07-04 14:00:00+00:00,293.71,293.71,293.71,293.71,0.0,,,,,,,,,,,,,,,288.8673353912955,274.0691064407579,266.62482447070647,261.77519208806444,250.67158863580357,243.81392577621378,235.1732476315802,232.38351200673108,222.54638316014734,,,,274.0691064407579,250.67158863580357,235.1732476315802,,252.88056840014445,"rgba(38, 166, 154, 0.5)",12.961432144066883,268.63127568546463,1.934872939640021,56.68526124975964,1.5693207178060646,False,True,True,False,True,14.559184837967251,0.0,0.0,0.0,0.0,0,1.08889949543161,0.8491204145642977,False,False,False,False,0.28517505509180635,0.2846484166670701,False,False,False,False,149598.0,82775.79407225027,False,False,False,False,5439.459395468942,False,False,False,False
2025-07-04 15:00:00+00:00,293.71,293.71,293.71,293.71,0.0,,,,,,,,,,,,,,,288.8673353912955,274.0691064407579,266.62482447070647,261.77519208806444,250.67158863580357,243.81392577621378,235.1732476315802,232.38351200673108,222.54638316014734,,,,274.0691064407579,250.67158863580357,235.1732476315802,,252.88056840014445,"rgba(38, 166, 154, 0.5)",12.776551636875846,268.63127568546463,1.962871127304242,56.875165765797846,2.2250041077284237,False,False,True,False,True,14.559184837967262,0.0,0.0,0.0,0.0,0,1.0944863530379916,0.8446303662049096,False,False,False,False,0.28517505509180635,0.2849117358794382,False,False,False,False,149598.0,83811.79726492855,False,False,False,False,5355.126691663221,False,False,False,False
2025-07-04 16:00:00+00:00,293.71,293.71,293.71,293.71,0.0,,,,,,,,,,,,,,,288.8673353912955,274.0691064407579,266.62482447070647,261.77519208806444,250.67158863580357,243.81392577621378,235.1732476315802,232.38351200673108,222.54638316014734,,,,274.0691064407579,250.67158863580357,235.1732476315802,,252.88056840014445,"rgba(38, 166, 154, 0.5)",12.561071768842309,268.63127568546463,1.9965433504442696,57.00176877648998,2.8230517629599845,False,False,True,False,True,14.559184837967251,0.0,0.0,0.0,0.0,0,1.0952367784306944,0.848240580712063,False,False,False,False,0.28517505509180635,0.2850433954856223,False,False,False,False,149598.0,84831.73839260406,False,False,False,False,5272.101471637435,False,False,False,False
2025-07-04 17:00:00+00:00,293.71,293.71,293.71,293.71,0.0,,,,,,,,,,,,,,,288.8673353912955,274.0691064407579,266.62482447070647,261.77519208806444,250.67158863580357,243.81392577621378,235.1732476315802,232.38351200673108,222.54638316014734,,,,274.0691064407579,250.67158863580357,235.1732476315802,,252.88056840014445,"rgba(38, 166, 154, 0.5)",12.4719496622783,268.63127568546463,2.010810257708667,57.08617078361807,3.3678868224216956,False,False,True,False,True,14.559184837967251,0.0,0.0,0.0,0.0,0,1.0929977814753185,0.8475596228508037,False,False,False,False,0.28517505509180635,0.2851092252887143,False,False,False,False,149598.0,85835.86647954043,False,False,False,False,5190.363464325226,False,False,False,False
2025-07-04 18:00:00+00:00,293.71,293.71,293.71,293.71,0.0,,,,,,,,,,,,,,,288.8673353912955,274.0691064407579,266.62482447070647,261.77519208806444,250.67158863580357,243.81392577621378,235.1732476315802,232.38351200673108,222.54638316014734,,,,274.0691064407579,250.67158863580357,235.1732476315802,,252.88056840014445,"rgba(38, 166, 154, 0.5)",12.350233906674607,268.63127568546463,2.0306274766975636,57.142438788370136,3.861936538639924,False,False,True,False,True,14.559184837967251,0.0,0.0,0.0,0.0,0,1.1050863656167864,0.8453992213742597,False,False,False,False,0.28517505509180635,0.2851421401902603,False,False,False,False,149598.0,86824.42668915995,False,False,False,False,5109.892712940339,False,False,False,False
2025-07-04 19:00:00+00:00,293.71,293.71,293.71,293.71,0.0,,,,,,,,,,,,,,,288.8673353912955,274.0691064407579,266.62482447070647,261.77519208806444,250.67158863580357,243.81392577621378,235.1732476315802,232.38351200673108,222.54638316014734,,,,274.0691064407579,250.67158863580357,235.1732476315802,,252.88056840014445,"rgba(38, 166, 154, 0.5)",12.236784420548588,268.63127568546463,2.0494537986974724,57.179950791538175,4.307097726818718,False,False,True,False,True,14.559184837967262,0.0,0.0,0.0,0.0,0,1.1045907165823872,0.839601127494723,False,False,False,False,0.28517505509180635,0.28515859764103335,False,False,False,False,149598.0,87797.66038390166,False,False,False,False,5030.669570104054,False,False,False,False
2025-07-07 14:00:00+00:00,293.98,293.98,288.31,288.44,4005.0,,,,,,,,,,,,,,,289.031917632302,274.178490116913,266.7534890335844,261.90708737884665,250.79991280274103,243.94132013691961,235.29391295233518,232.5038837388173,222.66073336743966,,,,274.178490116913,250.79991280274103,235.29391295233518,,253.00786079554433,"rgba(239, 83, 80, 1.0)",12.096927816376368,268.65661318389436,1.6354058746489024,49.39431588853516,2.6699228425592594,False,True,False,True,False,9.216130287034193,0.0,0.0,0.0,0.0,0,1.0858417258114283,0.8414032036356488,False,False,False,False,0.25781516909088825,0.27148688336596083,False,False,False,False,145593.0,88693.71216089543,False,False,False,False,5014.767716303992,False,False,False,False
2025-07-07 15:00:00+00:00,289.09,289.555,287.49,288.82,3286.0,,,,,,,,,,,,,,,288.9952550086121,274.25818925383396,266.85079675319696,262.00825366102697,250.9002763459555,244.04168045525225,235.38961142185065,232.59950892469783,222.7520223170056,,,,274.25818925383396,250.9002763459555,235.38961142185065,,253.08839934904796,"rgba(239, 83, 80, 1.0)",11.93098374700079,268.67536383651566,1.6884304421710652,44.91268983942033,-1.2368023906500767,False,True,False,True,False,9.503634084653612,0.0,0.0,0.0,0.0,0,1.0923362592842671,0.8473722709880703,False,False,False,False,0.2302268126192544,0.2508568479926076,False,False,False,False,148879.0,89626.817398711,False,False,False,False,4987.965116051217,False,False,False,False
2025-07-07 16:00:00+00:00,288.65,289.51,286.175,286.92,2981.0,,,,,,,,,,,,,,,288.88574782185776,274.32432107047816,266.9339574878628,262.0956489246608,250.98825502577128,244.1301264985612,235.47436452016086,232.68429965611742,222.83325706071858,,,,274.32432107047816,250.98825502577128,235.47436452016086,,253.1499975629099,"rgba(239, 83, 80, 1.0)",11.751355861201823,268.69066740401615,1.5512535584229623,40.09062015794112,-5.362748892599036,False,True,False,True,False,7.6604618291504885,0.0,0.0,0.0,0.0,0,1.0949598761086865,0.8427284246093194,False,False,False,False,0.22313075771568602,0.2369938028541468,False,False,False,False,145898.0,90499.23883438991,False,False,False,False,4956.8493778178645,False,False,False,False
2025-07-07 17:00:00+00:00,286.92,287.07,285.51,287.07,4315.0,,,,,,,,,,,,,,,288.65702835897673,274.4118372736287,267.04745585523256,262.21624146730863,251.1114461266986,244.25462598139998,235.59424589990354,232.80437595809957,222.94869956207293,,,,274.4118372736287,251.1114461266986,235.59424589990354,,253.22732849814676,"rgba(239, 83, 80, 1.0)",11.562640834302908,268.711540831776,1.587739291681526,37.186883404964206,-7.712458373357293,False,True,False,True,False,7.778578123986016,0.0,0.0,0.0,0.0,0,1.089242105560339,0.8502420914442195,False,False,False,False,0.2070111362938134,0.22200246957398012,False,False,False,False,150213.0,91425.03358114355,False,False,False,False,4946.898224673401,False,False,False,False
2025-07-07 18:00:00+00:00,287.0,287.0,284.29,285.6,5143.0,,,,,,,,,,,,,,,288.3406633271692,274.5067409978967,267.17472830041106,262.3530540469914,251.2533829671559,244.39885720066357,235.73383158263977,232.94435821543314,223.08376649773345,,,,274.5067409978967,251.2533829671559,235.73383158263977,,253.30993145956603,"rgba(239, 83, 80, 1.0)",11.36113073375954,268.73749119223623,1.4842280405819936,33.90353856609298,-10.516917602988592,False,True,False,True,False,6.351637246257781,0.0,0.0,0.0,0.0,0,1.0852622532790464,0.8495090235415104,False,False,False,False,0.2003456147790444,0.21117404217651226,False,False,False,False,145070.0,92256.73848686226,False,False,False,False,4949.938562275363,False,False,False,False
2025-07-07 19:00:00+00:00,285.53,286.52,284.76,286.28,6802.0,,,,,,,,,,,,,,,288.0386008998233,274.63229045679384,267.3424068367316,262.5332747325515,251.44052989302574,244.5891013073658,235.91807324568543,233.1291396805187,223.26214575193382,,,,274.63229045679384,251.44052989302574,235.91807324568543,,253.4317292004922,"rgba(239, 83, 80, 1.0)",11.150600998630372,268.80181099786745,1.567466094812232,33.23647434229456,-11.033970367730362,False,True,False,True,False,6.905706736121793,0.0,0.0,0.0,0.0,0,1.0890635786033271,0.847456433230491,False,False,False,False,0.20029401336247266,0.20573402776949246,False,False,False,False,151872.0,93181.00610722098,False,False,False,False,4978.652693092799,False,False,False,False
2025-07-08 14:00:00+00:00,286.74,286.875,280.4,282.68,8266.0,,,,,,,,,,,,,,283.3183333333333,287.4315761210594,274.74753737560195,267.51481019665084,262.7251915340747,251.6486955547409,244.80389529456323,236.1288801440637,233.34124851155573,223.46883339439836,,,,274.74753737560195,251.6486955547409,236.1288801440637,,256.5129001460042,"rgba(239, 83, 80, 1.0)",10.932917236370326,270.7536379651372,1.0908673117169123,29.89597552162261,-14.173594184137855,False,True,False,True,False,3.483698689429218,0.0,0.0,0.0,0.0,0,1.0757310672331915,0.8473576050431829,False,False,True,False,0.17970902401905992,0.19272152589427619,False,False,False,False,143606.0,93962.78895827182,False,False,False,False,5029.619318006089,False,False,False,False
2025-07-08 15:00:00+00:00,283.01,285.14,282.09,285.13,8631.0,,,,,,,,,,,,,,283.7278252549762,287.03954488304896,274.8756085515119,267.69983203116936,262.92949175332285,251.86860049375193,245.03026156450161,236.3507092875421,233.56434052741335,223.68600536374876,,,,274.8756085515119,251.86860049375193,236.3507092875421,,256.6772219710987,"rgba(239, 83, 80, 1.0)",10.70126926967115,270.83537662759716,1.335787653985658,32.084624980593226,-14.173594184137855,False,True,False,True,False,5.500152254239069,0.0,0.0,0.0,0.0,0,1.080081227810855,0.8525742861484473,False,False,False,False,0.17947861730529158,0.18610007159978387,False,False,False,False,152237.0,94866.26509845364,False,False,False,False,5085.4546774168475,False,False,False,False
2025-07-08 16:00:00+00:00,285.13,286.785,285.085,286.25,11218.0,,,,,,,,,,,,,,284.650392435829,286.90625797414987,275.07043213102924,267.961645720554,263.21280526848193,252.16675839784534,245.33487192891027,236.64744752117687,233.86228912817938,223.9748516099913,,,,275.07043213102924,252.16675839784534,236.64744752117687,,256.9787752116147,"rgba(239, 83, 80, 0.75)",10.458151516169638,271.03446619035935,1.4548970519422566,35.26971555615246,-14.173594184137855,False,True,False,True,True,6.402383920706779,0.0,0.0,0.0,0.0,0,1.0906400807533285,0.8480482307554023,False,False,False,False,0.20334030844172457,0.19472019002075422,False,False,False,False,163455.0,95929.6563372373,False,False,False,False,5180.5328994724,False,False,False,False
2025-07-08 17:00:00+00:00,286.08,286.92,284.505,286.795,4106.0,,,,,,,,,,,,,,284.83172123770214,286.8674966565418,275.1402637458041,268.0557887472171,263.3149234845872,252.27469934348127,245.44532726333046,236.75524793483555,233.970568996769,224.0799633442096,,,,275.1402637458041,252.27469934348127,236.75524793483555,,257.07360007544787,"rgba(239, 83, 80, 0.75)",10.06819946775732,271.1000438335891,1.558864245456487,38.22390887479891,-18.10638934755876,False,True,False,True,True,6.841728411932738,0.0,0.0,0.0,0.0,0,1.0909555018972055,0.8447464642980329,False,False,False,False,0.20104233708014,0.1978812635504471,False,False,False,False,167561.0,97040.21980487704,False,False,False,False,5163.873474674378,False,False,False,False
2025-07-08 18:00:00+00:00,286.735,287.01,284.33,285.365,3520.0,,,,,,,,,,,,,,284.9042674612723,286.81765518281156,275.19669451554637,268.1334798450316,263.399817543312,252.36531507053385,245.53837181834365,236.84634715693468,234.0621422186214,224.16905913262542,,,,275.19669451554637,252.36531507053385,236.84634715693468,,257.1433149945033,"rgba(239, 83, 80, 0.75)",9.741874039055274,271.1476199809411,1.4594091405884826,38.54647782234029,-17.653901336028262,False,True,False,True,True,5.4619786440633895,0.0,0.0,0.0,0.0,0,1.0890860643353566,0.8445045737988621,False,False,False,False,0.2006036376614726,0.19924245060595985,False,False,False,False,164041.0,98078.99159084793,False,False,False,False,5138.38706421431,False,False,False,False
2025-07-08 19:00:00+00:00,285.26,286.27,283.93,286.05,18124.0,,,,,,,,,,,,,,285.07667483523625,286.5865627161527,275.47373168620754,268.519445519171,263.8239479876038,252.82208673706836,246.00890543116205,237.308629638071,234.5271681497213,224.62262109915693,,,,275.47373168620754,252.82208673706836,237.308629638071,,257.47697737995503,"rgba(239, 83, 80, 0.75)",9.383161143029698,271.37761317448894,1.563693365365518,39.91481287880235,-16.091236417924634,False,True,False,True,True,6.030323825451472,0.0,0.0,0.0,0.0,0,1.0864396809980437,0.8478858596774409,False,False,False,False,0.19472719165401375,0.1969848211299868,False,False,False,False,182165.0,99382.65063595105,False,False,False,False,5339.714396552073,False,False,False,False
2025-07-09 14:00:00+00:00,289.31,290.03,285.0,286.35,2638.0,,,,,,,,,,,,,,285.17238441616666,286.5992259778042,275.5195283906181,268.57973169625353,263.88910416390644,252.8909535601359,246.07940055008575,237.37754921354139,234.59640364003567,224.68992008248543,,,,275.5195283906181,252.8909535601359,237.37754921354139,,257.5394201691033,"rgba(239, 83, 80, 0.75)",8.98211275533635,271.4245538939402,1.6616854533686967,41.3483183350852,-14.436468423950387,False,True,False,True,True,6.281321247827265,0.0,0.0,0.0,0.0,0,1.0906150619121722,0.8377156776507201,False,False,False,False,0.21972108508778118,0.208352953108884,False,False,False,False,184803.0,100706.99713771926,False,False,False,False,5297.827351644289,False,False,False,False
2025-07-09 15:00:00+00:00,286.35,287.67,285.67,287.44,2889.0,,,,,,,,,,,,,,285.2577178183369,286.6074231316921,275.56841424056233,268.64460025643444,263.95943251679597,252.96561765255277,246.15595151463643,237.45250534668875,234.6717300456515,224.76322079676484,,,,275.56841424056233,252.96561765255277,237.45250534668875,,257.60466133201163,"rgba(239, 83, 80, 0.5)",8.521458838647597,271.4733894416366,1.8736945000484686,44.16877184107372,-11.525060774076799,False,False,False,True,True,7.19615995773264,0.0,0.0,0.0,0.0,1,1.0952104067503243,0.8431144526179136,False,False,False,False,0.20971238919311713,0.20903267115100055,False,False,False,False,187692.0,102055.6018332585,False,False,False,False,5260.48119115368,False,False,False,False
2025-07-09 16:00:00+00:00,287.44,288.04,287.02,287.25,1583.0,,,,,,,,,,,,,,285.3142865108651,286.618644068521,275.5962182857808,268.6809363378227,263.9986381408609,253.0070026653278,246.19829850177865,237.49390314014877,234.71331447203147,224.80364096251304,,,,275.5962182857808,253.0070026653278,237.49390314014877,,257.642488308565,"rgba(239, 83, 80, 0.5)",8.143859698743551,271.5022255589971,1.9336991332785955,45.72885382286776,-9.835023033769701,False,False,False,True,True,7.001984150092692,0.0,0.0,0.0,0.0,1,1.096985334057577,0.8463063552417157,False,False,False,False,0.21872477323112974,0.21387872219106513,False,False,False,False,186109.0,103358.75529320797,False,False,False,False,5203.465978887732,False,False,False,False
2025-07-09 17:00:00+00:00,287.44,289.2,287.44,288.6,3316.0,,,,,,,,,,,,,,285.4741290901266,286.6681128188503,275.6588103162623,268.760537881903,264.0837460241036,253.09582297476848,246.28881835166874,237.5820910632138,234.8018213368685,224.88946028720395,,,,275.6588103162623,253.09582297476848,237.5820910632138,,257.730335014497,#000000,7.832781832993304,271.57109332502404,2.174056042675246,49.04638292702863,-6.543520080311062,True,False,False,False,True,8.147018367212159,0.0,0.0,0.0,0.0,0,1.100389465370264,0.841000081706021,False,False,False,False,0.2251103162674953,0.2194945192292802,False,False,False,False,189425.0,104693.115676259,False,False,False,False,5174.202940455363,False,False,False,False
2025-07-09 18:00:00+00:00,288.6,289.85,286.86,286.98,2778.0,,,,,,,,,,,,,,285.5744706695095,286.69584212165523,275.7086733484599,268.82499163413274,264.1530857977012,253.16880688030602,246.36342717642356,237.6549876918328,234.87503183346064,224.96059460183292,,,,275.7086733484599,253.16880688030602,237.6549876918328,,257.7979911755314,#000000,7.484474680514995,271.62356595208263,2.051771794738804,48.42248591345297,-6.543520080311062,True,False,False,False,True,6.467208112556666,0.0,0.0,0.0,0.0,0,1.0955245821309956,0.8421081287090971,False,False,False,False,0.22481369693425216,0.22215410808176617,False,False,False,False,186647.0,105963.7185339914,False,False,False,False,5137.052507270008,False,False,False,False
2025-07-09 19:00:00+00:00,287.02,287.32,285.57,285.79,10288.0,,,,,,,,,,,,,,285.66120868182577,286.65964995351203,275.865024341693,269.03937948366683,264.3885815205687,253.4235783394598,246.6264005393529,237.91420946087794,235.13592452793253,225.215685902295,,,,275.865024341693,253.4235783394598,237.91420946087794,,257.9929642751184,"rgba(239, 83, 80, 0.5)",6.994824471522805,271.766241418947,2.0048764108586674,46.24380772214688,-6.543520080311062,True,False,False,True,False,5.251932126369585,0.0,0.0,0.0,0.0,1,1.0899457928141425,0.848846394813543,False,False,False,False,0.2038306953631916,0.21299240172247888,False,False,False,False,176359.0,107055.1182466427,False,False,False,False,5216.912158320086,False,False,False,False
2025-07-10 14:00:00+00:00,285.13,287.53,282.44,286.93,2764.0,,,,,,,,,,,,,,285.6602470430141,286.63881180276,275.9038808024696,269.09412278356524,264.4493007080743,253.49013204673057,246.69541165078286,237.98253225885,235.20475669409953,225.28319479193826,,,,275.9038808024696,253.49013204673057,237.98253225885,,258.04023905822845,"rgba(239, 83, 80, 0.5)",6.630842757576343,273.5500076266436,2.0178419037412008,46.87938035861075,-6.543520080311062,True,False,False,True,False,6.254396224589129,0.0,0.0,0.0,0.0,1,1.0811461659180688,0.850857730396666,False,False,False,False,0.18381118442290742,0.19840179307269315,False,False,False,False,179123.0,108172.44974669475,False,False,False,False,5178.882512454658,False,False,False,False
2025-07-10 15:00:00+00:00,286.95,288.99,284.79,288.985,5261.0,,,,,,,,,,,,,,285.77905032676676,286.6741419306471,275.99168325915514,269.2095288439907,264.5744976040715,253.62371217886476,246.83265635459537,238.11735214905877,235.3403138471873,225.41542436791846,,,,275.99168325915514,253.62371217886476,238.11735214905877,,258.1558360862256,#000000,6.229151127223743,273.69651772643664,2.454344414080264,50.40338982114319,-4.752219753555174,True,False,False,False,True,8.025035279265282,0.0,0.0,0.0,0.0,1,1.0811457772996231,0.8519365250134473,False,False,False,False,0.19964337427194284,0.199022583672318,False,False,False,False,184384.0,109354.02416922661,False,False,False,False,5180.155651796446,False,False,False,False
2025-07-10 16:00:00+00:00,288.98,289.45,287.945,288.61,3876.0,,,,,,,,,,,,,,285.90451651392596,286.7273500196187,276.06147765410213,269.29857853317736,264.6701601671071,253.72456674858805,246.9358462536739,238.21836992994324,235.44179163886722,225.51417097564232,,,,276.06147765410213,253.72456674858805,238.21836992994324,,258.2496828434646,"rgba(38, 166, 154, 1.0)",5.82470021809344,273.7946739805084,2.5435345107496428,52.07254698674756,-3.0517194231174827,True,False,True,False,True,7.628748440551142,0.0,0.0,0.0,0.0,1,1.0862360500507269,0.8583429151166716,False,False,False,False,0.21627052451679982,0.2076465540945589,False,False,False,False,180508.0,110457.1865852076,False,False,False,False,5159.936184326734,False,False,False,False
2025-07-10 17:00:00+00:00,288.61,291.63,288.48,291.04,4016.0,,,,,,,,,,,,,,286.097356194295,286.8257016891627,276.14271483278907,269.3980824906824,264.77550633214855,253.83355230020518,247.04659950870862,238.3261550460625,235.54990289294318,225.61892916704537,,,,276.14271483278907,253.83355230020518,238.3261550460625,,258.36145004540424,"rgba(38, 166, 154, 1.0)",5.582806496593411,273.9180806922171,3.0669018025666155,56.24222103310092,0.9260175004884701,True,False,True,False,True,9.689991703975846,0.0,0.0,0.0,0.0,1,1.0782330311264154,0.8551962551451393,False,False,False,False,0.231578699036545,0.21961262656555194,False,False,False,False,184524.0,111605.50927380903,False,False,False,False,5142.200739608491,False,False,False,False
2025-07-10 18:00:00+00:00,290.7,291.49,290.24,291.23,5322.0,,,,,,,,,,,,,,286.36127065668654,286.96893359722816,276.25346232926324,269.5322568521959,264.91704624689766,253.97935306579322,247.194533883026,238.46995494418468,235.6940872283402,225.7585228892973,,,,276.25346232926324,253.97935306579322,238.46995494418468,,258.51294216929125,"rgba(38, 166, 154, 1.0)",5.360236355218965,274.07211086599193,3.200957569212858,59.23179861329441,3.7064457054087683,True,False,True,False,True,9.849028194573389,0.0,0.0,0.0,0.0,0,1.0843148908580071,0.858655716446941,False,False,False,False,0.23977267175580588,0.2296926491606789,False,False,False,False,189846.0,112818.54013778098,False,False,False,False,5144.9883250409175,False,False,False,False
2025-07-10 19:00:00+00:00,291.24,291.43,288.73,289.87,6030.0,,,,,,,,,,,,,,286.5715610045942,287.0830893048716,276.368775833148,269.67545004833767,265.06964037987547,254.13884999353982,247.35723779172062,238.62892638878884,235.8536794800144,225.91361097656818,,,,276.368775833148,254.13884999353982,238.62892638878884,,258.6660821201459,"rgba(38, 166, 154, 1.0)",5.167835082650066,274.20212336144687,3.0318066246260034,58.50376848260047,3.7064457054087683,True,False,True,False,True,8.366282363844416,0.0,0.0,0.0,0.0,0,1.0730080730080727,0.8652428652428645,False,False,False,False,0.2301008745951133,0.2298967618778961,False,False,False,False,183816.0,113919.27594959832,False,False,False,False,5158.709436280593,False,False,False,False
2025-07-11 14:00:00+00:00,287.48,291.11,287.48,289.71,3692.0,,,,,,,,,,,,,,286.6691040116448,287.1358925286062,276.4354852071497,269.75968060538395,265.1600177152828,254.23425166315246,247.45490928337952,238.72469004046113,235.94989572718856,226.00734708788892,,,,276.4354852071497,254.23425166315246,238.72469004046113,,258.75312738701376,"rgba(38, 166, 154, 1.0)",4.871574381550834,274.2696354163472,3.169481439537707,57.70849026696869,3.7064457054087683,True,False,True,False,True,8.191758370622708,0.0,0.0,0.0,0.0,0,1.0735103626943003,0.864826208981001,False,False,False,False,0.22047119944481322,0.22518398066135464,False,False,False,False,180124.0,114945.70577983711,False,False,False,False,5135.969755097947,False,False,False,False
2025-07-11 15:00:00+00:00,289.67,290.625,289.23,289.68,4611.0,,,,,,,,,,,,,,286.79877890828163,287.20983413243357,276.52045760881066,269.86605454608105,265.2738525765975,254.35406358499742,247.57744788345937,238.84475189045318,236.07049878819612,226.12478518420104,,,,276.52045760881066,254.35406358499742,238.84475189045318,,258.86405251035114,"rgba(38, 166, 154, 0.75)",4.5439553175571,274.35872745405607,3.371792078752414,57.11421585001209,3.7064457054087683,True,False,True,False,False,8.15845054429975,0.0,0.0,0.0,0.0,0,1.0782261880619208,0.8624890150746968,False,False,False,False,0.21896850581386904,0.22207624323761183,False,False,False,False,175513.0,115884.73359720397,False,False,False,False,5127.830689127436,False,False,False,False
2025-07-11 16:00:00+00:00,290.06,291.79,289.64,290.53,3869.0,,,,,,,,,,,,,,286.92646320998654,287.28693022354156,276.5952049830584,269.9580215602889,265.37167796418794,254.45625069365624,247.68167824812397,238.9466489964781,236.17279369767252,226.22423814829477,,,,276.5952049830584,254.45625069365624,238.9466489964781,,258.9619907725289,"rgba(38, 166, 154, 0.75)",4.256333701274394,274.44192454240186,3.7797965541990184,58.16448655074003,3.7064457054087683,True,False,True,False,False,8.92331735136409,0.0,0.0,0.0,0.0,0,1.0760925307350064,0.8751611248943152,False,False,False,False,0.22942940101953657,0.2257528221285742,False,False,False,False,179382.0,116869.18733988298,False,False,False,False,5108.313934257242,False,False,False,False
2025-07-11 17:00:00+00:00,290.63,291.455,289.64,290.655,4018.0,,,,,,,,,,,,,,287.04808041429396,287.3618336471994,276.67161623954865,270.05235275637517,265.4721965618089,254.561561876834,247.78921460856492,239.05190419105793,236.27848706350815,226.32708533185382,,,,276.67161623954865,254.561561876834,239.05190419105793,,259.0614332691045,"rgba(38, 166, 154, 0.75)",4.141120645214995,274.5247443936277,3.895142640920287,59.07695149648197,4.4963559015381165,True,False,True,False,False,9.036585407116842,0.0,0.0,0.0,0.0,0,1.0587981398457293,0.8842137506613564,False,False,False,False,0.22720032325662376,0.22647657269259897,False,False,False,False,183400.0,117900.67280748168,False,False,False,False,5091.409842253254,False,False,False,False
2025-07-11 18:00:00+00:00,290.66,291.77,290.27,291.65,3862.0,,,,,,,,,,,,,,287.1776186924184,287.4445108353764,276.7476556845169,270.14504211861214,265.5705286136043,254.66401406171627,247.8936231965683,239.15393367712483,236.3808956972236,226.42662185264047,,,,276.7476556845169,254.66401406171627,239.15393367712483,,259.1604444429801,"rgba(38, 166, 154, 1.0)",4.071099590270617,274.60991304931895,4.185622722520608,61.32102504658716,6.871519732330334,True,False,True,False,True,9.942410144764093,0.0,0.0,0.0,0.0,0,1.0526809201320868,0.8906503610007268,False,False,False,False,0.23349409752973407,0.22998533511116653,False,False,False,False,187262.0,118976.04222131916,False,False,False,False,5072.349224543901,False,False,False,False
2025-07-11 19:00:00+00:00,291.555,292.3,290.18,291.37,7354.0,,,,,,,,,,,,,,287.40630132594123,287.5946397986985,276.8908000877562,270.3197566076197,265.75609591420556,254.8578105763266,248.09129902589393,239.34731631043834,236.57503857027774,226.61547233911523,,,,276.8908000877562,254.8578105763266,239.34731631043834,,259.3454530556273,"rgba(38, 166, 154, 1.0)",4.056156972728635,274.7668915535681,4.093310135199912,61.97874234587579,7.7253432939000675,True,False,True,False,True,9.608779944934948,0.0,0.0,0.0,0.0,0,1.0560322998143037,0.8874148894265931,False,False,False,False,0.2364307141504806,0.23320802463082357,False,False,False,False,179908.0,119920.72373726769,False,False,False,False,5107.723655171127,False,False,False,False
2025-07-14 14:00:00+00:00,290.32,295.83,290.17,294.83,2618.0,,,,,,,,,,,,,,287.52691984156456,287.6772377762975,276.9492092149463,270.3880852965709,265.8274747947362,254.930682546911,248.16500435732942,239.41888266053147,236.64674706792482,226.6848466329456,,,,276.9492092149463,254.930682546911,239.41888266053147,,259.4215090189758,"rgba(38, 166, 154, 1.0)",4.049263363108355,274.8381729595556,4.937151587269927,66.66225450460036,12.236148206691112,True,False,True,False,True,12.694517807072415,0.0,0.0,0.0,0.0,0,1.0554641761918033,0.8740033454139942,False,False,False,False,0.2600729984943889,0.24664051156260625,False,False,False,False,182526.0,120891.34817544957,False,False,False,False,5069.123288424287,False,False,False,False
2025-07-14 15:00:00+00:00,294.825,296.73,294.32,294.74,3164.0,,,,,,,,,,,,,,287.70453613807985,287.80107322756777,277.0262088066143,270.47597260824654,265.9183581257433,255.02213639668926,248.25699259970284,239.5077542122887,236.7356789377254,226.7705643907341,,,,277.0262088066143,255.02213639668926,239.5077542122887,,259.52192754433923,"rgba(38, 166, 154, 1.0)",4.044459284123003,274.936683139278,4.896406532873813,69.52987835867549,14.883521289877649,True,False,True,False,True,12.584817270421812,0.0,0.0,0.0,0.0,0,1.0654422924295794,0.8721368997062052,False,False,False,False,0.29450270278257984,0.27057160717259304,False,False,False,False,179362.0,121797.86990916352,False,False,False,False,5039.586493254918,False,False,False,False
2025-07-14 16:00:00+00:00,294.74,295.345,293.67,295.07,2424.0,,,,,,,,,,,,,,287.8253656165471,287.8862246346902,277.08293826128653,270.54135151328194,265.98626562175497,255.09093523870848,248.3263746586341,239.57495717612082,236.80296913892775,226.83554584214423,,,,277.08293826128653,255.09093523870848,239.57495717612082,,259.59529277020965,"rgba(38, 166, 154, 1.0)",4.034016823187236,275.00661661601646,4.9735497553358385,71.76985085684916,16.94439032761717,True,False,True,False,True,12.875583513458963,0.0,0.0,0.0,0.0,0,1.0802390948551908,0.8675158329182372,False,False,False,False,0.2805510681422441,0.2755613376574186,False,False,False,False,181786.0,122727.91843770361,False,False,False,False,4999.0347646773225,False,False,False,False
2025-07-14 17:00:00+00:00,294.99,297.56,294.92,297.14,2667.0,,,,,,,,,,,,,,287.98800464177833,288.0022515953132,277.1514299620268,270.6183414796095,266.0653892460548,255.1698693769055,248.405500886833,239.65117684479023,236.87917847302637,226.9088379837323,,,,277.1514299620268,255.1698693769055,239.65117684479023,,259.683998049007,"rgba(38, 166, 154, 1.0)",4.097069761507434,275.0950643517107,5.380659088455043,74.99941622087535,19.929391361732158,True,False,True,False,True,14.674395412434556,0.0,0.0,0.0,0.0,0,1.0753935611969931,0.85867252871933,False,False,False,False,0.3043733582375351,0.2899673479474768,False,False,False,False,184453.0,123684.8964464214,False,False,False,False,4962.879186930388,False,False,False,False
2025-07-14 18:00:00+00:00,297.14,297.78,296.21,296.33,2623.0,,,,,,,,,,,,,,288.1463516070218,288.11640591481876,277.2191280089408,270.69429540058985,266.1434015632113,255.24764477688532,248.48344479060557,239.72624700988962,236.95423348221513,226.98101182177314,,,,277.2191280089408,255.24764477688532,239.72624700988962,,259.7712164375951,"rgba(38, 166, 154, 1.0)",4.136463704906638,275.1817377758983,5.112643004461955,74.76177634119843,19.929391361732158,True,False,True,False,True,13.649479544287267,0.0,0.0,0.0,0.0,0,1.0774800561121105,0.8592237824663816,False,False,False,False,0.31485909935930845,0.3024132236533926,False,False,False,False,181830.0,124586.37092012029,False,False,False,False,4926.601990233793,False,False,False,False
2025-07-14 19:00:00+00:00,296.33,297.26,294.77,295.71,8612.0,,,,,,,,,,,,,,288.58030286319797,288.43592444639006,277.42851796913413,270.93247724683096,266.3896585605125,255.4957232735143,248.7330718164369,239.9676458183775,237.19581774690465,227.21402547372432,,,,277.42851796913413,255.4957232735143,239.9676458183775,,260.0373165215023,"rgba(38, 166, 154, 0.75)",4.131109810970684,275.43597984713676,4.907644938176902,72.85826656031955,19.929391361732158,True,False,True,False,False,12.865117000419083,0.0,0.0,0.0,0.0,0,1.0775721477699778,0.8607955754094867,False,False,False,False,0.3012610818077097,0.3018371527305512,False,False,False,False,173218.0,125340.34966554478,False,False,False,False,4983.739943873578,False,False,False,False
2025-07-15 14:00:00+00:00,297.27,300.385,297.27,299.39,2407.0,,,,,,,,,,,,,,288.74074232232704,288.5557215599193,277.4958846775689,271.00641111699326,266.464913490604,255.56979882149588,248.80692770281718,240.038464841866,237.26653347951864,227.28179754369546,,,,277.4958846775689,255.56979882149588,240.038464841866,,260.1227195556806,"rgba(38, 166, 154, 0.75)",4.209091457895503,275.5225590735917,5.6704495887437245,74.89043503135885,19.929391361732158,True,False,True,False,False,16.025467262627497,0.0,0.0,0.0,0.0,0,1.0845786604141356,0.8448684991101436,False,False,False,False,0.34059622151696095,0.32121668712375606,False,False,False,False,175625.0,126119.95664747432,False,False,False,False,4943.790487379414,False,False,False,False
2025-07-15 15:00:00+00:00,299.62,300.18,298.28,299.14,4667.0,,,,,,,,,,,,,,289.04352840530805,288.7844100049871,277.62642577853154,271.1495996027968,266.610666349608,255.71331841084617,248.95003791981563,240.17572417031278,237.4035956818153,227.4131768175302,,,,277.62642577853154,255.71331841084617,240.17572417031278,,260.28704831415513,"rgba(38, 166, 154, 1.0)",4.246824121287001,275.6882120783954,5.522194291977772,75.6169314073872,20.7464090024812,True,False,True,False,True,15.705651257964675,0.0,0.0,0.0,0.0,0,1.0968164847379365,0.840482229885712,False,False,False,False,0.3428282527647194,0.33202246994423773,False,False,False,False,170958.0,126815.12011030417,False,False,False,False,4939.499161993687,False,False,False,False
2025-07-15 16:00:00+00:00,299.265,302.13,298.64,299.87,5314.0,,,,,,,,,,,,,,289.39996301923196,289.0573208141793,277.78005775697955,271.31670430303564,266.7801644676266,255.87937047166963,249.1152675814917,240.33390862559517,237.5614694814609,227.56428976737106,,,,277.78005775697955,255.87937047166963,240.33390862559517,,260.47885162886416,"rgba(38, 166, 154, 1.0)",4.253668557636596,275.8828649293349,5.639164111082673,76.65707585532864,21.964891343259296,True,False,True,False,True,16.319956861302707,0.0,0.0,0.0,0.0,0,1.0973316984877675,0.858439890231797,False,False,False,False,0.3428282527029897,0.3374253613236137,False,False,False,False,176272.0,127581.89344192736,False,False,False,False,4945.305376536421,False,False,False,False
2025-07-15 17:00:00+00:00,299.89,302.27,299.13,302.27,2871.0,,,,,,,,,,,,,,289.6003472964224,289.212276769738,277.8658922317175,271.4093167567315,266.87377483170997,255.97060107809534,249.20584970013286,240.42046043598015,237.64780404723487,227.6468023765387,,,,277.8658922317175,255.97060107809534,240.42046043598015,,260.58531255243014,"rgba(38, 166, 154, 1.0)",4.356509758890401,275.9917637673738,6.031947060143671,78.85272739066667,24.242801356961763,True,False,True,False,True,18.290953240257195,0.0,0.0,0.0,0.0,0,1.0843651442588478,0.8665459642565113,False,False,False,False,0.3428282527153706,0.34012680701949216,False,False,False,False,179143.0,128381.2904428277,False,False,False,False,4913.145603256787,False,False,False,False
2025-07-15 18:00:00+00:00,302.235,303.49,300.45,300.45,3715.0,,,,,,,,,,,,,,289.8549251649202,289.41091364975443,277.97716305260235,271.5292648367488,266.9949927536642,256.08873089947224,249.32313291004135,240.53253235241172,237.75959223683103,227.753644975944,,,,277.97716305260235,256.08873089947224,240.53253235241172,,260.72248928323904,"rgba(38, 166, 154, 0.75)",4.434386911322389,276.13165582044627,5.484037515414208,76.067381053068,24.242801356961763,True,False,True,False,False,15.927618234265289,0.0,0.0,0.0,0.0,0,1.0812367295890166,0.8664960297838915,False,False,False,False,0.342828252763523,0.3414775298915076,False,False,False,False,175428.0,129110.69679255129,False,False,False,False,4894.5697024311,False,False,False,False
2025-07-15 19:00:00+00:00,300.75,303.24,300.75,301.69,7108.0,,,,,,,,,,,,,,290.32972294355477,289.78649639691884,278.19100650853636,271.7593748753909,267.22743383677664,256.3151759803049,249.54791135202288,240.74732457343458,237.97382779481916,227.95839743006937,,,,278.19100650853636,256.3151759803049,240.74732457343458,,260.9836671691828,"rgba(38, 166, 154, 0.75)",4.552641644800743,276.39704623694485,5.555665421621859,75.2435316774822,24.242801356961763,True,False,True,False,False,16.949997935320305,0.0,0.0,0.0,0.0,0,1.083509544361729,0.8638878428873498,False,False,False,False,0.34282825276444345,0.34215289132797555,False,False,False,False,182536.0,129938.99606708538,False,False,False,False,4928.886451230618,False,False,False,False
2025-07-16 14:00:00+00:00,298.77,301.85,297.41,298.48,4983.0,,,,,,,,,,,,,,290.56963617792894,289.98192302058453,278.32216695273013,271.9046361446831,267.3762463232562,256.46345190988336,249.69643792333355,240.89052935995082,238.11698084713362,228.09615005570527,,,,278.32216695273013,256.46345190988336,240.89052935995082,,261.141815871519,"rgba(38, 166, 154, 0.75)",4.593281533203831,276.5486724392702,4.7746534590124785,68.94754548541911,23.91911869013495,True,False,True,False,False,12.930033183941852,0.0,0.0,0.0,0.0,0,1.0763286411950586,0.8664751508187294,False,False,False,False,0.3042608540972158,0.3232068727125957,False,False,False,False,177553.0,130677.19767844838,False,False,False,False,4929.725420978981,False,False,False,False
2025-07-16 15:00:00+00:00,298.355,298.85,293.07,296.69,2802.0,,,,,,,,,,,,,296.2033333333334,290.6535991124444,290.0533619787611,278.3845818888035,271.9766290109737,267.45138662758336,256.5404811957552,249.77446117058926,240.96656409993514,238.19319116687183,228.17007318468623,,,,278.3845818888035,256.5404811957552,240.96656409993514,,264.39706025179424,"rgba(38, 166, 154, 0.75)",4.610354012128051,278.5975930854279,3.9242988427738985,62.343313432750136,18.03070087216794,True,False,True,False,False,10.795720382579923,0.0,0.0,0.0,0.0,0,1.0663899825177308,0.8746961922765318,False,False,False,False,0.24564737589092336,0.28442712430175954,False,False,False,False,174751.0,131360.5124431236,False,False,False,False,4896.737429956051,False,False,False,False
2025-07-16 16:00:00+00:00,296.43,298.53,296.43,298.24,993.0,,,,,,,,,,,,,296.603673254282,290.69079581128744,290.08448797536977,278.40848694966246,272.0036450775369,267.47933368619584,256.56875824310794,249.80295813621544,240.99420487192788,238.22086241683792,228.1968205769195,,,,278.40848694966246,256.56875824310794,240.99420487192788,,264.4594569999403,"rgba(38, 166, 154, 0.75)",4.653444556806426,278.64248729873555,4.211399203757544,59.821939607498564,15.992090042074068,True,False,True,False,False,12.143818243645867,0.0,0.0,0.0,0.0,0,1.0712577508556365,0.8874711804213021,False,False,False,False,0.26963302354064794,0.2770300739212037,False,False,False,False,175744.0,132048.6285292767,False,False,False,False,4836.214369026499,False,False,False,False
2025-07-16 17:00:00+00:00,298.375,298.43,297.07,297.94,1440.0,,,,,,,,,,,,,296.93641642788924,290.7446524277113,290.12964720505624,278.4431912232635,272.04284342367407,267.5198765471631,256.6097748909647,249.84429180372817,241.03429682864106,238.2609981268199,228.23561639700554,,,,278.4431912232635,256.6097748909647,241.03429682864106,,264.52741866381064,"rgba(38, 166, 154, 0.5)",4.68609749180817,278.69522938922745,4.106779819330389,57.710238529252045,14.153721371170121,False,False,True,False,False,11.783936126369277,0.0,0.0,0.0,0.0,0,1.0714081159254267,0.879693003808814,False,False,False,False,0.27392475175699144,0.27547741283909755,False,False,False,False,174304.0,132703.7505675825,False,False,False,False,4783.559882685004,False,False,False,False
2025-07-16 18:00:00+00:00,297.78,298.32,296.82,297.02,2318.0,,,,,,,,,,,,,297.07459729026,290.8245255795696,290.19726725060866,278.49757067975077,272.1046518385485,267.58399615178007,256.67494729094267,249.91008775920574,241.09823096513585,238.32502996568098,228.29759374324163,,,,278.49757067975077,256.67494729094267,241.09823096513585,,264.5989544104295,"rgba(38, 166, 154, 0.5)",4.721778960262508,278.7577610888462,3.8676606984030584,54.96051443893212,11.596163116904705,False,False,True,False,False,10.67673357050576,0.0,0.0,0.0,0.0,0,1.074046952401464,0.8797903654246529,False,False,False,False,0.27106251498379186,0.2732699639114447,False,False,False,False,171986.0,133312.7776905657,False,False,False,False,4745.334148069732,False,False,False,False
2025-07-16 19:00:00+00:00,296.91,298.02,296.14,297.5,8495.0,,,,,,,,,,,,,297.1515661349286,291.09448207811397,290.4291617819309,278.6924843696448,272.3271366061013,267.81534551995696,256.91105003376026,250.14882672109553,241.33061159690854,238.55785399859545,228.52323599623912,,,,278.6924843696448,256.91105003376026,241.33061159690854,,264.816523167025,"rgba(38, 166, 154, 0.5)",4.769410839588566,278.9579502878643,3.887702346425499,53.84011663131992,10.44536527800971,False,False,True,False,False,11.110687162168862,0.0,0.0,0.0,0.0,0,1.074546993586892,0.8757550106885117,False,False,False,False,0.2621219463275573,0.267695955119501,False,False,False,False,180481.0,134044.06795892902,False,False,False,False,4803.468502363224,False,False,False,False
2025-07-17 14:00:00+00:00,303.29,304.73,301.99,303.88,5071.0,,,,,,,,,,,,,298.68392758495514,291.4002022789399,290.6824686374292,278.84590586373514,272.49128689483956,267.98101664004963,257.07255277277966,250.30915508136457,241.48398005897215,238.71082378850627,228.6695419639253,,,,278.84590586373514,257.07255277277966,241.48398005897215,,265.1209874150452,"rgba(38, 166, 154, 0.5)",4.977929283847165,279.2097320245506,4.955929778974909,59.344936677126334,10.44536527800971,False,False,True,False,True,16.4665865914251,0.0,0.0,0.0,0.0,0,1.0764627659574462,0.8711238116794924,False,False,False,False,0.3428282527541679,0.30526210393683445,False,False,False,False,185552.0,134842.64054871307,False,False,False,False,4807.616277520383,False,False,False,False
2025-07-17 15:00:00+00:00,303.87,307.77,303.87,307.06,5776.0,,,,,,,,,,,,,300.30524632831384,291.8041445937451,291.0174858298739,279.03722574301486,272.6922477627084,268.1820475020214,257.2657622784468,250.49980876477875,241.66531342229206,238.8914061354752,228.84147967258764,,,,279.03722574301486,257.2657622784468,241.66531342229206,,265.4729243666598,"rgba(38, 166, 154, 1.0)",5.279910981541376,279.5141055622183,5.217113419919855,64.77871888142133,7.467396298262329,True,False,True,False,True,18.860207474477487,0.0,0.0,0.0,0.0,0,1.0775409329626193,0.8642963462240566,False,False,False,False,0.342828252683064,0.3240451783099492,False,False,False,False,191328.0,135718.38255570977,False,False,False,False,4822.629978644098,False,False,False,False
2025-07-17 16:00:00+00:00,307.23,309.08,307.03,307.89,4383.0,,,,,,,,,,,,,301.3835155700492,292.13205225506545,291.29064545763697,279.18994619936785,272.85110100760215,268.3402086118172,257.4166180283958,250.64817569531235,241.80598465531935,239.03137214791454,228.9744100195132,,,,279.18994619936785,257.4166180283958,241.80598465531935,,265.7330936043631,"rgba(38, 166, 154, 1.0)",5.58917742421079,279.7473843587223,5.035198116877016,68.80553617269652,11.102859709158992,True,False,True,False,True,19.46505065850686,0.0,0.0,0.0,0.0,0,1.0863153081056356,0.8774151137532864,False,False,False,False,0.34282825276912215,0.3334367155395357,False,False,False,False,195711.0,136648.50065562126,False,False,False,False,4815.814009982948,False,False,False,False
2025-07-17 17:00:00+00:00,307.89,310.13,307.89,309.83,2390.0,,,,,,,,,,,,,301.9443022058532,292.3193369442553,291.44708426099737,279.2762256994802,272.9402618327421,268.42869746240024,257.5005780060303,250.73055947766824,241.88392227624135,239.10887114040992,229.04788156969832,,,,279.2762256994802,257.5005780060303,241.88392227624135,,265.8752473523433,"rgba(38, 166, 154, 1.0)",5.930803884107116,279.87716036157747,5.05038443754441,72.38326861310154,14.380459480622747,True,False,True,False,True,20.0,0.0,0.0,0.0,0.0,0,1.0816309012875531,0.8717310443490697,False,False,False,False,0.34282825280334117,0.33813248417143843,False,False,False,False,198101.0,137601.2525834411,False,False,False,False,4778.204490448328,False,False,False,False
2025-07-17 18:00:00+00:00,309.7,310.23,308.79,308.97,2126.0,,,,,,,,,,,,,302.3829788977668,292.4829787238856,291.584332298473,279.3526787343166,273.0193093374612,268.50718052199795,257.57510273051525,250.80370706498388,241.95314763452873,239.17771176540955,229.1131624940445,,,,279.3526787343166,257.57510273051525,241.95314763452873,,265.9956627457621,"rgba(38, 166, 154, 1.0)",6.1710293065850115,279.9887375108118,4.696341736420335,73.3209534553373,15.352403295811683,True,False,True,False,True,19.78223006814862,0.0,0.0,0.0,0.0,0,1.0820822828329126,0.8714473985789589,False,False,False,False,0.34282825282069557,0.340480368496067,False,False,False,False,195975.0,138506.2719232327,False,False,False,False,4737.085040984012,False,False,False,False
2025-07-17 19:00:00+00:00,309.15,309.92,308.84,309.27,7165.0,,,,,,,,,,,,,303.5438750902022,293.0124419204315,292.0320959737251,279.6076123564179,273.28329983517176,268.7695643556573,257.82475803187583,251.04894419595436,242.18545256699366,239.40877018511384,229.33242763496162,,,,279.6076123564179,257.82475803187583,242.18545256699366,,266.3681129224096,"rgba(38, 166, 154, 1.0)",6.431604452845826,280.3422027125267,4.497757519070287,74.11950328058072,16.411765887601803,True,False,True,False,True,20.0,0.0,0.0,0.0,0.0,0,1.079906636313863,0.877820361352044,False,False,False,False,0.34075655940137595,0.3406184639487215,False,False,False,False,203140.0,139508.3452267485,False,False,False,False,4774.727133371856,False,False,False,False
2025-07-18 14:00:00+00:00,310.96,311.0,306.65,307.45,3010.0,,,,,,,,,,,,,303.85966622433955,293.21236153287134,292.2032994063061,279.7099458885205,273.3900877166371,268.8761589720154,257.92694615991917,251.14964011424078,242.28115397832985,239.50403473946878,229.42306329924455,,,,279.7099458885205,257.92694615991917,242.28115397832985,,266.5033052756266,"rgba(38, 166, 154, 1.0)",6.6446806266862115,280.47391740213124,4.059801232511919,71.49114883096722,16.411765887601803,True,False,True,False,True,17.72126259722761,0.0,0.0,0.0,0.0,0,1.072704301384023,0.8758686039166136,False,False,False,False,0.3319433762264749,0.3362809200875982,False,False,False,False,200130.0,140448.21584338805,False,False,False,False,4747.367022776944,False,False,False,False
2025-07-18 15:00:00+00:00,307.255,310.6,306.25,310.32,3876.0,,,,,,,,,,,,,304.2637904838332,293.4736358434376,292.4277322623093,279.84380095020214,273.52933941972606,269.0149628776995,258.05971930972913,251.28034448393987,242.4052649490804,239.62754592012462,229.54048723259146,,,,279.84380095020214,258.05971930972913,242.4052649490804,,266.67878397569757,"rgba(38, 166, 154, 1.0)",6.9029537469449185,280.6457081695187,4.298781785060408,71.78489316026256,16.411765887601803,True,False,True,False,True,19.851301945946382,0.0,0.0,0.0,0.0,0,1.0736637456577984,0.8743442025359881,False,False,False,False,0.32562231195986396,0.3309516160237311,False,False,False,False,204006.0,141433.60784581615,False,False,False,False,4733.857456532341,False,False,False,False
2025-07-18 16:00:00+00:00,310.32,311.17,309.05,309.745,2346.0,,,,,,,,,,,,,304.52111028082743,293.6368377521104,292.56814189845505,279.926791894038,273.6152927892846,269.10045480028015,258.14120957801714,251.36043984650354,242.48120778256188,239.70309011481632,229.6122222957067,,,,279.926791894038,258.14120957801714,242.48120778256188,,266.78789082114554,"rgba(38, 166, 154, 1.0)",7.1340083561244665,280.75280508277007,4.063941822039003,71.03121205676293,16.411765887601803,True,False,True,False,True,19.135639645168833,0.0,0.0,0.0,0.0,0,1.0767296133680033,0.869843841027608,False,False,False,False,0.3428282528410339,0.33688993443238247,False,False,False,False,201660.0,142367.3503598345,False,False,False,False,4696.83641069463,False,False,False,False
2025-07-18 17:00:00+00:00,309.745,311.14,308.36,310.73,1829.0,,,,,,,,,,,,,304.7092093669011,293.7625288257219,292.6766079791534,279.9913665644368,273.68218560168356,269.1670027994167,258.204672148854,251.42282659004644,242.54037372785575,239.76194768755227,229.6681214151336,,,,279.9913665644368,258.204672148854,242.54037372785575,,266.87153115515963,"rgba(38, 166, 154, 1.0)",7.399916442797775,280.83526003487304,4.039875341325383,71.2449926095741,16.411765887601803,True,False,True,False,True,19.862835809868606,0.0,0.0,0.0,0.0,0,1.0741826794298843,0.8709486416759473,False,False,False,False,0.3371710776012788,0.3370305060168306,False,False,False,False,203489.0,143314.9728348758,False,False,False,False,4652.373830683861,False,False,False,False
2025-07-18 18:00:00+00:00,310.585,311.61,309.95,309.99,1065.0,,,,,,,,,,,,,304.8214893346646,293.8367855854731,292.7407308221482,280.02938823939434,273.7214928993057,269.20606894613337,258.2418669278852,251.45936449852226,242.57500164542378,239.7963884365326,229.70081280748897,,,,280.02938823939434,258.2418669278852,242.57500164542378,,266.9208536493611,"rgba(38, 166, 154, 0.75)",7.61018494702701,280.8839364908693,3.8246197315482147,70.04394777799033,16.411765887601803,True,False,True,False,False,18.925554556645373,0.0,0.0,0.0,0.0,0,1.0782993054093872,0.8702308285974878,False,False,False,False,0.34282825286314067,0.33992937943998563,False,False,False,False,202424.0,144231.39186069168,False,False,False,False,4596.75563175853,False,False,False,False
2025-07-18 19:00:00+00:00,310.22,311.2,309.73,310.78,5025.0,,,,,,,,,,,,,305.30204608218264,294.1795465354068,293.0380568996148,280.20782757726585,273.90609803235407,269.3896404163175,258.4168305933664,251.63130904864752,242.73803997715305,239.9585614902303,229.85480650917685,,,,280.20782757726585,258.4168305933664,242.73803997715305,,267.14752392379233,"rgba(38, 166, 154, 0.75)",7.798901676543239,281.10887185512524,3.8045265058433286,69.9256720884949,16.411765887601803,True,False,True,False,False,19.52267050468507,0.0,0.0,0.0,0.0,0,1.0773627356447126,0.8719098925362285,False,False,False,False,0.33794649350420686,0.33893793647209625,False,False,False,False,207449.0,145211.50981633988,False,False,False,False,4603.395079328166,False,False,False,False
2025-07-21 14:00:00+00:00,310.365,311.92,309.995,310.77,2600.0,,,,,,,,,,,,,305.53393382235686,294.3548492762976,293.19081794033195,280.30031785813225,274.001731145575,269.4847290778355,258.50746182882017,251.72037169743305,242.82249427862558,240.04256537997338,229.9345747369162,,,,280.30031785813225,258.50746182882017,242.82249427862558,,267.26307700384524,"rgba(38, 166, 154, 0.75)",7.896245770636757,281.2241144367924,3.7417636711711686,69.82591095522383,16.411765887601803,True,False,True,False,False,19.509671300390636,0.0,0.0,0.0,0.0,0,1.0776854219948846,0.8705937951740238,False,False,False,False,0.34282825286889357,0.34088309467049493,False,False,False,False,204849.0,146136.12206724932,False,False,False,False,4572.334690501372,False,False,False,False
2025-07-21 15:00:00+00:00,310.9,313.35,310.18,312.075,4809.0,,,,,,,,,,,,,305.98509760215643,294.6881074742934,293.48174760987035,280.4753241252025,274.1819510408883,269.66357022606815,258.677371654552,251.8870978573089,242.98037761265508,240.1995443629883,230.08347101087264,,,,280.4753241252025,258.677371654552,242.98037761265508,,267.4821509615324,"rgba(38, 166, 154, 0.75)",8.062603150818981,281.44309927377833,3.799256909117515,70.941236714986,16.776102252232903,True,False,True,False,False,20.0,0.0,0.0,0.0,0.0,0,1.0775166028273027,0.8677836258921432,False,False,False,False,0.3428282528945364,0.3418556737825157,False,False,False,False,209658.0,147120.95738403613,False,False,False,False,4576.003920106002,False,False,False,False
2025-07-21 16:00:00+00:00,312.075,314.13,310.47,313.62,2392.0,,,,,,,,,,,,,306.21621611763527,294.85736431009155,293.6298084972803,280.56404873828814,274.27301383158226,269.75379070139405,258.76286097019107,251.97088399100815,243.05963059607046,240.27831712027393,230.158117970974,,,,280.56404873828814,258.76286097019107,243.05963059607046,,267.59309571316265,"rgba(38, 166, 154, 1.0)",8.298118326813274,281.55429308115873,3.864214229776531,72.88805147933553,18.954483510693578,True,False,True,False,True,20.0,0.0,0.0,0.0,0.0,0,1.092059759302808,0.8650989071794158,False,False,False,False,0.3428282529110624,0.342341963346789,False,False,False,False,212050.0,148127.60920753944,False,False,False,False,4542.143394212885,False,False,False,False
2025-07-21 17:00:00+00:00,313.97,314.58,313.315,313.83,880.0,,,,,,,,,,,,,306.31183650934906,294.92285303937035,293.6870030533503,280.59774801411834,274.30742128971514,269.7877866990738,258.79492318100796,252.0022418019724,243.08923003092718,240.30772059765624,230.18593419172134,,,,280.59774801411834,258.79492318100796,243.08923003092718,,267.6358816734784,"rgba(38, 166, 154, 1.0)",8.558224511182932,284.2285378107195,3.458832162044896,74.34195513990268,20.568542080180848,True,False,True,False,True,20.0,0.0,0.0,0.0,0.0,0,1.0991839296924037,0.8644486294203805,False,False,False,False,0.3428282529597703,0.3425851081532797,False,False,False,False,212930.0,149132.29743687992,False,False,False,False,4485.365977248343,False,False,False,False
2025-07-21 18:00:00+00:00,313.75,313.75,311.33,312.15,1907.0,,,,,,,,,,,,,306.4718023650352,295.0521574261124,293.80074361661684,280.66726828948725,274.37896581115785,269.85878245906724,258.8623902300614,252.06844469098635,243.1519332593388,240.3700632309821,230.24507219957005,,,,280.66726828948725,258.8623902300614,243.1519332593388,,267.7206930525832,"rgba(38, 166, 154, 0.75)",8.76175630147946,284.25926907105793,3.1832351835935655,71.35667146866719,20.568542080180848,True,False,True,False,False,19.55345029634012,0.0,0.0,0.0,0.0,0,1.088160438368357,0.8656384295509225,False,False,False,False,0.3224751312659394,0.33253011970960955,False,False,False,False,211023.0,150091.8432130523,False,False,False,False,4445.391310934416,False,False,False,False
2025-07-21 19:00:00+00:00,312.26,312.45,309.52,309.63,5295.0,,,,,,,,,,,,,306.74754257860747,295.363606701672,294.07830177616125,280.8473970630223,274.5664824027737,270.04603618626976,259.0422987256372,252.24581261272718,243.3207410326836,240.5381060072533,230.40509012479697,,,,280.8473970630223,259.0422987256372,243.3207410326836,,267.92740138287314,"rgba(38, 166, 154, 0.5)",8.895377798115138,284.3828133271086,2.8382365815020356,64.88058733482788,19.222820610386066,False,False,True,False,False,16.27836743366592,0.0,0.0,0.0,0.0,0,1.0890756302521007,0.8663101604278072,False,False,False,False,0.2998575547251007,0.3161938372173551,False,False,False,False,205728.0,150954.41928726854,False,False,False,False,4458.563538671867,False,False,False,False
2025-07-22 14:00:00+00:00,296.97,302.13,295.01,300.21,3864.0,,,,,,,,,,,,299.1166666666666,306.3873326451413,295.41790803883237,294.1385613519751,280.92745237938624,274.65905111018077,270.1433729107887,259.1438630180294,252.3493491328746,243.42256096376465,240.6403085019458,230.50487999663736,,,,280.92745237938624,259.1438630180294,243.42256096376465,,270.570942226352,#000000,8.90153738366701,286.02774009887787,1.5932371330759598,52.53225077741086,8.270813985887166,False,True,False,False,False,5.626039565935127,0.0,0.0,0.0,0.0,0,1.064170979592931,0.8788313534096697,False,False,False,False,0.12496914672532099,0.22058149197133806,False,False,False,False,201864.0,151743.71511227213,False,False,False,False,4449.345499312613,False,False,False,False
2025-07-22 15:00:00+00:00,300.465,301.12,298.96,300.02,2025.0,,,,,,,,,,,,299.4318729835286,306.2339403964299,295.45264117800804,294.1752792440023,280.97122754305826,274.7090930088813,270.1957298349811,259.19810022474064,252.40448683599683,243.47664911803926,240.69456468530282,230.55775819042643,,,,280.97122754305826,259.19810022474064,243.47664911803926,,270.6251119369496,"rgba(239, 83, 80, 1.0)",8.90578573605974,286.01657747549814,1.5723960736896747,44.203361495052704,1.4389222604933707,False,True,False,True,False,5.432848635643037,0.0,0.0,0.0,0.0,0,1.0750804529602647,0.886557959793717,False,False,False,False,0.14304784178803184,0.18181466687968495,False,False,False,False,199839.0,152489.3784438648,False,False,False,False,4411.7587473852855,False,False,False,False
2025-07-22 16:00:00+00:00,300.02,301.34,298.92,301.34,1465.0,,,,,,,,,,,,299.65129634665936,306.1360882241516,295.48015239214635,294.20380222192955,281.00359955050305,274.7458856505258,270.2341264238129,259.2377282344991,252.44471507586118,243.51606054133717,240.73408515678219,230.5962381166695,,,,281.00359955050305,259.2377282344991,243.51606054133717,,270.66531482790646,"rgba(239, 83, 80, 1.0)",8.917479208412038,286.0207948048065,1.7178851598266218,40.4692529438982,-1.2531194297061177,False,True,False,True,False,6.5948179627429475,0.0,0.0,0.0,0.0,0,1.0667135116143938,0.8943421212653541,False,False,False,False,0.14428920774702575,0.16305193731335535,False,False,False,False,201304.0,153246.19428194442,False,False,False,False,4366.072565255281,False,False,False,False
2025-07-22 17:00:00+00:00,301.34,301.34,298.79,299.35,1197.0,,,,,,,,,,,,299.6758453202354,306.0488218902138,295.49929791829953,294.224337274225,281.0290159559367,274.7750482162169,270.264696834097,259.26949741637463,252.47705198845625,243.54782323157602,240.76595608135733,230.6273299414611,,,,281.0290159559367,259.26949741637463,243.54782323157602,,270.68372683903743,"rgba(239, 83, 80, 1.0)",8.916856977174183,286.0158344059735,1.4953885240236517,36.73415836006359,-4.278886869201884,False,True,False,True,False,4.550784597323396,0.0,0.0,0.0,0.0,0,1.0645915870032585,0.896385737658369,False,False,False,False,0.143392621583787,0.15322227944857117,False,False,False,False,200107.0,153972.71840160422,False,False,False,False,4316.9396572668265,False,False,False,False
2025-07-22 18:00:00+00:00,299.19,302.75,299.03,302.73,7183.0,,,,,,,,,,,,300.510143426126,305.70046715460853,295.65391261430494,294.3804385472552,281.1935819366519,274.96025109898,270.4571561193956,259.46693759081825,252.6770157490762,243.7433318868412,240.96189744795484,230.81782831538996,,,,281.1935819366519,259.46693759081825,243.7433318868412,,270.87691349061686,"rgba(239, 83, 80, 1.0)",8.937603688053821,286.1159860720777,1.8588890834496203,38.43848878543675,-4.278886869201884,False,True,False,True,False,7.482225024121735,0.0,0.0,0.0,0.0,0,1.08063397990947,0.8857504043932741,False,False,False,False,0.14727463972044044,0.1502484595845058,False,False,False,False,207290.0,154799.34292250956,False,False,False,False,4361.374701340209,False,False,False,False
2025-07-22 19:00:00+00:00,302.73,303.33,300.52,300.89,5791.0,,,,,,,,,,,,300.79797336430505,305.46069520086814,295.77444369908056,294.50279986245374,281.32483640129544,275.1081309320301,270.61097936447646,259.62506448981003,252.8372958695575,243.90020289169502,241.11914795700352,230.97083163291788,,,,281.32483640129544,259.62506448981003,243.90020289169502,,271.0027001387911,"rgba(239, 83, 80, 1.0)",8.942937480705787,286.19924709175683,1.642721190876954,38.20433734730837,-4.278886869201884,False,True,False,True,False,5.618781693250909,0.0,0.0,0.0,0.0,0,1.0790592158309755,0.8881418009375043,False,False,False,False,0.152786457076872,0.15151745833068891,False,False,False,False,201499.0,155523.36861363344,False,False,False,False,4383.539434652764,False,False,False,False
2025-07-23 14:00:00+00:00,304.39,305.275,303.52,304.445,2859.0,,,,,,,,,,,,301.22187076224844,305.43144636979,295.8603273269304,294.58526433406183,281.39799260458636,275.18828412703414,270.69325889593466,259.70793680502703,252.92061614516112,243.98112523790445,241.2001056787777,231.04914653209138,,,,281.39799260458636,259.70793680502703,243.98112523790445,,271.10311456829567,"rgba(239, 83, 80, 0.75)",8.977738352611784,286.28571063035986,2.0227020053839366,41.700242182657064,-4.278886869201884,False,True,False,True,True,8.577259517495243,0.0,0.0,0.0,0.0,0,1.0684311146665217,0.8797201469770721,False,False,False,False,0.1887226360588019,0.1701200471947454,False,False,False,False,204358.0,156280.49468163913,False,False,False,False,4359.90316434807,False,False,False,False
2025-07-23 15:00:00+00:00,304.985,305.15,302.55,303.515,3866.0,,,,,,,,,,,,301.5662475516224,305.36983689905844,295.96482751640076,294.6871058887522,281.49330210892145,275.29348695161224,270.8016695999977,259.8178273241188,253.0313850580415,244.08898816963583,241.308084162877,231.15380844399786,,,,281.49330210892145,259.8178273241188,244.08898816963583,,271.2147141395863,"rgba(239, 83, 80, 0.75)",9.000549979193302,286.3809896448931,1.903662597809672,43.231708358741486,-4.278886869201884,False,True,False,True,True,7.636635012429963,0.0,0.0,0.0,0.0,0,1.064436719732731,0.8821365290195177,False,False,False,False,0.16671109243028814,0.16841556981251676,False,False,False,False,200492.0,156965.94437649744,False,False,False,False,4352.245750947325,False,False,False,False
2025-07-23 16:00:00+00:00,303.515,303.67,300.97,302.27,1450.0,,,,,,,,,,,,301.6022332210999,305.32854888432854,295.9962064723327,294.7187574935966,281.5265474608652,275.3307646422217,270.84038386475225,259.8575600380962,253.07163393075774,244.12837256416066,241.34755830197568,231.19221121282354,,,,281.5265474608652,259.8575600380962,244.12837256416066,,271.24506484058423,"rgba(239, 83, 80, 0.75)",9.010860000353716,286.4051812403819,1.7606331425630068,43.1873977571418,-4.278886869201884,False,True,False,True,True,6.385411056860775,0.0,0.0,0.0,0.0,0,1.0583109462573808,0.8996468069438572,False,False,False,False,0.1331078474437542,0.15076170862813548,False,False,False,False,199042.0,157618.28632414865,False,False,False,False,4307.249692793103,False,False,False,False
2025-07-23 17:00:00+00:00,302.27,303.12,300.95,302.79,1725.0,,,,,,,,,,,,301.6398035534341,305.28059290975887,296.0330367396072,294.7559890322481,281.5659282602982,275.374951118181,270.88629240102625,259.90471305718495,253.11941446714638,244.1751436563512,241.3944395983872,231.23783261047402,,,,281.5659282602982,259.90471305718495,244.1751436563512,,271.2806781170081,"rgba(239, 83, 80, 0.75)",8.97365877554125,286.4337867050715,1.8226916917667166,43.75376751533122,-4.278886869201884,False,True,False,True,True,6.825350858284789,0.0,0.0,0.0,0.0,0,1.0485391974090654,0.9026086246547008,False,False,False,False,0.12817954240611532,0.1394706255171254,False,False,False,False,200767.0,158287.2586292006,False,False,False,False,4267.21481383507,False,False,False,False
2025-07-23 18:00:00+00:00,303.37,305.12,302.82,304.56,3309.0,,,,,,,,,,,,301.880529932247,305.2478946037772,296.123373398404,294.8439691089619,281.647870442199,275.4652011238647,270.9792330003077,259.99887144319854,253.21430551108227,244.2675483326499,241.48693886443849,231.327494012579,,,,281.647870442199,259.99887144319854,244.2675483326499,,271.3736024811424,"rgba(239, 83, 80, 0.75)",8.953472712956147,286.51628784747834,2.01527527150571,46.10422989655313,-10.9746506351877,False,True,False,True,True,8.310526856478731,0.0,0.0,0.0,0.0,0,1.0505779953760368,0.9020535835713315,False,False,False,False,0.16177465248060668,0.15062263899886605,False,False,False,False,204076.0,158997.16159618975,False,False,False,False,4252.35877020972,False,False,False,False
2025-07-23 19:00:00+00:00,304.615,304.96,303.875,304.28,6276.0,,,,,,,,,,,,302.2617631471999,305.20168394914407,296.2935408119882,295.00996765393637,281.8030647255213,275.6360399333658,271.15517003170544,260.17718429516935,253.39403472714366,244.44262471542987,241.66220177205983,231.49742261519967,,,,281.8030647255213,260.17718429516935,244.44262471542987,,271.54455819815524,"rgba(239, 83, 80, 0.75)",8.896662261062637,286.67008152785814,1.9793848474178741,47.35361503344866,-9.27690090720003,False,True,False,True,True,8.01858991597636,0.0,0.0,0.0,0.0,0,1.0560704292636318,0.9005118405787212,False,False,False,False,0.16959314896192934,0.1601078939803977,False,False,False,False,197800.0,159598.75599004727,False,False,False,False,4283.733052842127,False,False,False,False
2025-07-24 14:00:00+00:00,302.93,305.24,302.81,304.28,2378.0,,,,,,,,,,,,302.3630609077779,305.18029654558774,296.3541683029665,295.06964789651676,281.8606406948726,275.6996604049432,271.22082854369205,260.24397607941614,253.46145746960255,244.50840717626758,241.72807857126722,231.56137239132937,,,,281.8606406948726,260.24397607941614,244.50840717626758,,271.60429958201996,#000000,8.835891257045615,286.7235669758562,1.9869453474933279,48.18653845804569,-7.975095849137787,False,True,False,False,True,8.01858991597636,0.0,0.0,0.0,0.0,0,1.0545340718864407,0.8956816418743281,False,False,False,False,0.15970605404915744,0.15990697401477758,False,False,False,False,197800.0,160191.02333903877,False,False,False,False,4254.1868039608535,False,False,False,False
2025-07-24 15:00:00+00:00,304.58,305.15,302.65,303.42,5332.0,,,,,,,,,,,,302.5137554734537,305.11968981083226,296.48042345530973,295.19529800133535,281.98653557646236,275.83943886151167,271.36545704880103,260.3917452765671,253.6108848034242,244.65446762322097,241.87441174648285,231.70362404461792,,,,281.98653557646236,260.3917452765671,244.65446762322097,,271.7279776435016,"rgba(239, 83, 80, 0.75)",8.73404771234222,286.8330705427332,1.8991113861019524,47.612724273518296,-7.975095849137787,False,True,False,True,True,7.0985368914784,0.0,0.0,0.0,0.0,0,1.0531495527825354,0.8987983579370906,False,False,False,False,0.13731108800861125,0.14860903101169443,False,False,False,False,192468.0,160691.44158184438,False,False,False,False,4270.897086069987,False,False,False,False
2025-07-24 16:00:00+00:00,303.42,304.19,302.23,302.56,1772.0,,,,,,,,,,,,302.5305860994481,305.090364179995,296.5172141604768,295.2326744720733,282.0266293758743,275.8843489381348,271.4121355174799,260.43978977486313,253.6596112596629,244.70223759773555,241.92230522886678,231.75028619678488,,,,282.0266293758743,260.43978977486313,244.70223759773555,,271.76401523344964,"rgba(239, 83, 80, 0.75)",8.631872109116138,286.864047815964,1.8183717258113075,46.1303281743414,-7.975095849137787,False,True,False,True,True,6.180493693373709,0.0,0.0,0.0,0.0,0,1.0476393024244999,0.9135302753804146,False,False,False,False,0.10030173924330864,0.12445538512750154,False,False,False,False,190696.0,161156.62853406384,False,False,False,False,4232.154495588282,False,False,False,False
2025-07-24 17:00:00+00:00,302.43,304.89,302.43,304.43,2839.0,,,,,,,,,,,,302.60437212878065,305.0649908496034,296.5835810515518,295.2988522082639,282.09336220630837,275.9584327090159,271.48881275389675,260.51820382684355,253.73893531421385,244.7798188660287,242.00003899378922,231.82588576703776,,,,282.09336220630837,260.51820382684355,244.7798188660287,,271.82960722294445,#000000,8.454652319159372,286.9225556908567,2.0707468087681247,47.945912737828046,-7.054450491060834,False,True,False,False,True,7.8466377237371105,0.0,0.0,0.0,0.0,0,1.0359784294084553,0.9183555854384785,False,False,False,False,0.10655741502174831,0.11550640007462493,False,False,False,False,193535.0,161658.61878934965,False,False,False,False,4210.555201083038,False,False,False,False
2025-07-24 18:00:00+00:00,304.65,306.3,304.65,305.6,3794.0,,,,,,,,,,,,302.7977943690737,305.0776735273365,296.6893871498455,295.4018628000658,282.18840242003074,276.06245905664065,271.5957482974884,260.6264019325447,253.84792056336167,244.88597712084086,242.10629408554618,231.92890585709128,,,,282.18840242003074,260.6264019325447,244.88597712084086,,271.93406893165553,#000000,8.335282237693644,287.0197966800374,2.229103081349734,50.679137530961135,-4.215092881927916,False,True,False,False,True,8.868813263898783,0.0,0.0,0.0,0.0,0,1.0366906574203258,0.9234137783364876,False,False,False,False,0.14669143948112834,0.13109891977787663,False,False,False,False,197329.0,162211.64795540625,False,False,False,False,4204.096980911208,False,False,False,False
2025-07-24 19:00:00+00:00,305.6,306.52,303.88,304.61,6764.0,,,,,,,,,,,,303.0312972499178,305.07412947613733,296.8613155113674,295.57138690796256,282.35225541619195,276.2429129970126,271.7818766211248,260.81582278473024,254.03916811800224,245.07272534372115,242.29332158757586,232.11058261790495,,,,282.35225541619195,260.81582278473024,245.07272534372115,,272.1038995526374,#000000,8.220894370582894,287.175604070135,2.1207419952080984,50.95898837180675,-3.69953290641142,False,True,False,False,True,7.780858333434175,0.0,0.0,0.0,0.0,1,1.0282798713044916,0.9240806970546405,False,False,False,False,0.1405834358526283,0.13584117781525246,False,False,False,False,190565.0,162651.2348088108,False,False,False,False,4243.78539981181,False,False,False,False
2025-07-25 14:00:00+00:00,308.61,309.905,307.505,308.63,1062.0,,,,,,,,,,,,303.1236579883297,305.10091922944173,296.8995647302495,295.60762531670827,282.3819092170856,276.27463733200716,271.8141253679705,260.847878913623,254.07122251928527,245.10373325725683,242.32430108847487,232.14045987491363,,,,282.3819092170856,260.847878913623,245.10373325725683,,272.14083623627886,"rgba(38, 166, 154, 0.5)",8.155959829398874,287.21167950960705,2.6260944068396124,55.56540455286939,0.7834363538630527,False,False,True,False,True,11.20956815794898,0.0,0.0,0.0,0.0,0,1.030322103938042,0.9112777428094472,False,False,False,False,0.21938234335626508,0.17761176058575878,False,False,False,False,191627.0,163100.47147844164,False,False,False,False,4194.455393613177,False,False,False,False
2025-07-25 15:00:00+00:00,308.76,309.7,308.29,309.285,1356.0,,,,,,,,,,,,303.2457057324265,305.1384206398705,296.94973844605283,295.6550535948356,282.42026648796895,276.3155674616022,271.855678773037,260.8890987084981,254.11240423619958,245.1435374456427,242.36405997362203,232.17877936031752,,,,282.42026648796895,260.8890987084981,245.1435374456427,,272.18902590500613,"rgba(38, 166, 154, 1.0)",8.05648798476595,287.25894509029115,2.733952430805836,59.19683847218454,4.163999579902509,True,False,True,False,True,11.746000472156766,0.0,0.0,0.0,0.0,0,1.0325420294616943,0.9106976616833692,False,False,False,False,0.22601057465207156,0.20181116761891515,False,False,False,False,192983.0,163563.76649427976,False,False,False,False,4150.448333247081,False,False,False,False
2025-07-25 16:00:00+00:00,309.14,310.17,308.765,310.17,1800.0,,,,,,,,,,,,303.41633033315225,305.19464133013906,297.0190204393735,295.7203333755038,282.4721739889511,276.3707502858849,271.91159654656985,260.94439762421905,254.16758056511514,245.19680171508398,242.41724596888628,232.22998997681458,,,,282.4721739889511,260.94439762421905,245.19680171508398,,272.2550718458078,"rgba(38, 166, 154, 1.0)",7.973944349349076,287.32410738151555,2.865067978603263,62.374198745371565,7.064380137765674,True,False,True,False,True,12.470965418078066,0.0,0.0,0.0,0.0,0,1.033977413215908,0.9264748781063775,False,False,False,False,0.23685227598959613,0.21933172180425564,False,False,False,False,194783.0,164047.78561839944,False,False,False,False,4114.007273816893,False,False,False,False
2025-07-25 17:00:00+00:00,309.84,310.51,309.51,309.65,1125.0,,,,,,,,,,,,303.52152559510057,305.23052028074926,297.0625780364788,295.76137146095965,282.5047396842926,276.40534136715644,271.9466350771532,260.97902912090126,254.20212694450993,245.23014433993492,242.45053749710365,232.26203999316695,,,,282.5047396842926,260.97902912090126,245.23014433993492,,272.29638244979225,"rgba(38, 166, 154, 1.0)",7.8763706268992895,287.36491658581474,2.8293594181662147,63.51173362570236,8.123287256560353,True,False,True,False,True,11.873995004664277,0.0,0.0,0.0,0.0,0,1.026164859547034,0.9284408534628321,False,False,False,False,0.24936809181801034,0.234349906811133,False,False,False,False,193658.0,164506.85870958705,False,False,False,False,4067.66607577322,False,False,False,False
2025-07-25 18:00:00+00:00,309.65,310.65,308.42,308.99,2384.0,,,,,,,,,,,,303.71565860515346,305.29621677171815,297.15009277788056,295.8442812981086,282.57214759548754,276.47723721653966,272.0196251904332,261.0514519288577,254.27448903767055,245.30010210642567,242.52041694031294,232.32940125709308,,,,282.57214759548754,261.0514519288577,245.30010210642567,,272.3792600604734,"rgba(38, 166, 154, 1.0)",7.7818940305514595,287.4462416958003,2.7684466300388566,63.00691185333367,8.123287256560353,True,False,True,False,True,11.11284311129241,0.0,0.0,0.0,0.0,0,1.0180762504372158,0.9351661420076954,False,False,False,False,0.23840550578460876,0.23637770629787086,False,False,False,False,191274.0,164921.8531481981,False,False,False,False,4041.562725761232,False,False,False,False
2025-07-25 19:00:00+00:00,308.935,309.11,307.48,308.4,3724.0,,,,,,,,,,,,303.943742058225,305.36989829325705,297.27307446529875,295.9621293130468,282.67277180594834,276.58544227634417,272.1299636937305,261.16176162938837,254.38505216205746,245.40733582012854,242.62761569006383,232.43299486435615,,,,282.67277180594834,261.16176162938837,245.40733582012854,,272.49598183932045,"rgba(38, 166, 154, 1.0)",7.66291979847549,287.55911197154745,2.7197058792914346,61.53874070342286,8.123287256560353,True,False,True,False,True,10.430073288468424,0.0,0.0,0.0,0.0,0,1.0092882283926479,0.9399407788144591,False,False,False,False,0.2100435227426652,0.22321061452026802,False,False,False,False,187550.0,165272.67713039657,False,False,False,False,4036.6392726486547,False,False,False,False
2025-07-28 14:00:00+00:00,311.73,315.025,311.68,312.26,1119.0,,,,,,,,,,,,304.07611231727685,305.4250936213191,297.3248483862641,296.0102816081495,282.70831605704575,276.62256276381305,272.16723730161254,261.1980709481084,254.42104746545996,245.44186671181112,242.6620378989654,232.46597503074233,,,,282.70831605704575,261.1980709481084,245.44186671181112,,272.5436208425474,"rgba(38, 166, 154, 1.0)",7.624926064921901,287.60729811734495,3.2331725806586618,64.52388168290537,9.382701361699887,True,False,True,False,True,13.676052330010023,0.0,0.0,0.0,0.0,0,1.0114731211036312,0.9347690861589928,False,False,False,False,0.32836788601290456,0.2757892502665863,False,False,False,False,188669.0,165635.4108182974,False,False,False,False,3991.4045552432494,False,False,False,False
2025-07-28 15:00:00+00:00,312.26,312.71,310.12,312.04,642.0,,,,,,,,,,,,304.1389560662854,305.45075077050035,297.3518235679015,296.03557387735185,282.7277535435948,276.6430275088569,272.18787742107565,261.2183311700246,254.44119812268914,245.46126204433753,242.6813886108604,232.48456389046478,,,,282.7277535435948,261.2183311700246,245.46126204433753,,272.5685422161619,"rgba(38, 166, 154, 1.0)",7.528690862835192,287.6322300815874,3.2419673437382994,66.08899949149642,10.99373607551449,True,False,True,False,True,13.417550751900528,0.0,0.0,0.0,0.0,0,1.0013275988438826,0.9472002876464165,False,False,False,False,0.28215211179024724,0.27897068102841677,False,False,False,False,188027.0,165982.56723971912,False,False,False,False,3939.4758024487805,False,False,False,False
2025-07-28 16:00:00+00:00,312.04,312.77,311.45,312.77,1130.0,,,,,,,,,,,,304.2572707963169,305.5005097808274,297.4013956293499,296.0819021319779,282.762737681755,276.6797164464945,272.22480426156386,261.2544515645596,254.47706921584378,245.49573697660276,242.7157707560821,232.5175533725561,,,,282.762737681755,261.2544515645596,245.49573697660276,,272.6140765511608,"rgba(38, 166, 154, 1.0)",7.395299250810551,287.67802930456367,3.3929621837393733,67.78130047870937,12.750004319988491,True,False,True,False,True,14.01944792442496,0.0,0.0,0.0,0.0,0,1.0116703848298938,0.9448410485220304,False,False,False,False,0.29858605886302114,0.2887783699457189,False,False,False,False,189157.0,166341.86077088624,False,False,False,False,3895.91803806973,False,False,False,False
2025-07-28 17:00:00+00:00,312.77,314.98,312.03,314.67,737.0,,,,,,,,,,,,304.3472031497991,305.5399177290323,297.4369180310141,296.11486994477326,282.7867143240324,276.70465235809695,272.24978921506414,261.2787024721286,254.50107240531509,245.5187283105659,242.73868011092097,232.53947599952718,,,,282.7867143240324,261.2787024721286,245.5187283105659,,272.64639367085584,"rgba(38, 166, 154, 1.0)",7.31503428896125,287.71088675026226,3.685439081320561,70.41124600423035,15.359146183953285,True,False,True,False,True,15.56232672248716,0.0,0.0,0.0,0.0,0,1.0097160356347439,0.9369710467706016,False,False,False,False,0.3320612805528239,0.3104198252492714,False,False,False,False,189894.0,166707.01021629886,False,False,False,False,3846.9425646112845,False,False,False,False
2025-07-28 18:00:00+00:00,314.61,317.11,314.32,316.51,3066.0,,,,,,,,,,,,304.7819759896303,305.7399420514453,297.6015988523659,296.2666644651744,282.89272913485127,276.8138313599766,272.35860067354116,261.383341108298,254.60422146863098,245.61712298233724,242.83661770903714,232.63288584632934,,,,282.89272913485127,261.383341108298,245.61712298233724,,272.7941276368014,"rgba(38, 166, 154, 1.0)",7.315247850082619,287.86283464214773,3.916089508509095,73.34420703210316,18.187580758453933,True,False,True,False,True,17.01215177236373,0.0,0.0,0.0,0.0,0,1.0184302995791727,0.9278065582422469,False,False,False,False,0.3428282521080492,0.3266240386786603,False,False,False,False,192960.0,167114.03331372057,False,False,False,False,3834.8349279506447,False,False,False,False
2025-07-28 19:00:00+00:00,316.57,317.13,315.16,316.73,8042.0,,,,,,,,,,,,305.81387826206026,306.2471484132508,298.0281635642589,296.66108342597454,283.1706017891036,277.0999463374092,272.64378705208793,261.65770885945767,254.8747174428656,245.87522126511507,243.0935223499351,232.87795945951513,,,,283.1706017891036,261.65770885945767,245.87522126511507,,273.17031151841945,"rgba(38, 166, 154, 1.0)",7.292133325815691,288.24982587817755,3.9056024964596636,75.43250778600546,20.206419557753804,True,False,True,False,True,17.184211422105843,0.0,0.0,0.0,0.0,0,1.0229427405994629,0.9277749161225658,False,False,False,False,0.34282825213854917,0.33472614540860474,False,False,False,False,201002.0,167639.428146066,False,False,False,False,3900.062293408774,False,False,False,False
2025-07-29 14:00:00+00:00,325.75,326.64,319.91,320.6,4908.0,,,,,,,,,,,,306.6700528334597,306.7049919160735,298.36189103584206,296.96588047118126,283.3684154610126,277.29911495247893,272.83984605662744,261.8421696186607,255.05475528722462,246.045243987843,243.26229306864633,233.037601943895,,,,283.3684154610126,261.8421696186607,246.045243987843,,273.45435471941204,"rgba(38, 166, 154, 1.0)",7.418197829396741,291.2916085216108,3.9508775786817543,78.69557644624523,23.307769230154094,True,False,True,False,True,20.0,0.0,0.0,0.0,0.0,0,1.0275006150733992,0.9101036056969469,False,False,False,False,0.34282825254787597,0.3387771989782403,False,False,False,False,205910.0,168232.7703453518,False,False,False,False,3915.689234596235,False,False,False,False
2025-07-29 15:00:00+00:00,320.7,321.63,318.79,321.215,4197.0,,,,,,,,,,,,307.2571930443667,307.03284201782793,298.6188112997717,297.2024099404861,283.52810029307415,277.4611581628856,273.00010537021785,261.99425897198313,255.20376903156782,246.1865511641094,243.4027058631103,233.1708671148165,,,,283.52810029307415,261.99425897198313,246.1865511641094,,273.6715643561848,"rgba(38, 166, 154, 1.0)",7.54422005951158,291.46847691634366,3.9429553816040372,81.10199477257463,25.585557860276936,True,False,True,False,True,20.0,0.0,0.0,0.0,0.0,0,1.022499795456405,0.9223825237952387,False,False,False,False,0.2865907682445531,0.3126839836113967,False,False,False,False,210107.0,168881.98320821457,False,False,False,False,3920.0506418117975,False,False,False,False
2025-07-29 16:00:00+00:00,321.21,323.145,319.65,323.145,1499.0,,,,,,,,,,,,307.4763973314793,307.1582431126507,298.7150480105969,297.2908657168918,283.5869994253765,277.52065744819765,273.05880261530916,262.0497150023025,255.25799177502444,246.23786205920635,243.4536626883201,233.21914586583642,,,,283.5869994253765,262.0497150023025,246.23786205920635,,273.75211592093257,"rgba(38, 166, 154, 1.0)",7.673641676323395,291.55336412773005,4.116902665620185,83.37325691196793,27.76802825665061,True,False,True,False,True,20.0,0.0,0.0,0.0,0.0,0,1.0248874624308115,0.9198025322653036,False,False,False,False,0.30815277024619336,0.31041837692879504,False,False,False,False,211606.0,169544.37106545153,False,False,False,False,3882.5149729464983,False,False,False,False
2025-07-29 17:00:00+00:00,323.145,324.87,323.145,324.87,2404.0,,,,,,,,,,,,307.86862038078976,307.3857527552734,298.8829356069913,297.44459296033796,283.6867552228165,277.6206985690005,273.15708500765476,262.1418652735936,255.3477778916871,246.32251696224182,243.53765125614567,233.29847925618006,,,,283.6867552228165,262.1418652735936,246.32251696224182,,273.89122759522604,"rgba(38, 166, 154, 1.0)",7.827893074257779,291.7206984698522,4.234766777686335,85.39089665094114,29.751286452406646,True,False,True,False,True,20.0,0.0,0.0,0.0,0.0,0,1.0455604275143875,0.9089613592765144,False,False,False,False,0.3428282525817426,0.32662331475526885,False,False,False,False,214010.0,170233.760661336,False,False,False,False,3859.5922601876377,False,False,False,False
2025-07-29 18:00:00+00:00,324.87,325.27,322.73,322.815,2541.0,,,,,,,,,,,,308.24718739250494,307.61020301205025,299.053257863528,297.6010625326598,283.7898832163937,277.72442034742545,273.2591631117853,262.23789285952176,255.44148001599862,246.41100676000445,243.62547980005107,233.38154890956426,,,,283.7898832163937,262.23789285952176,246.41100676000445,,274.0318821517906,"rgba(38, 166, 154, 0.75)",7.885936099868059,291.8764824450751,3.923252377792222,82.45909014970238,29.751286452406646,True,False,True,False,False,20.0,0.0,0.0,0.0,0.0,0,1.0406678609033353,0.9043744615679147,False,False,False,False,0.3426907349724438,0.3346570248638563,False,False,False,False,211469.0,170873.06669759436,False,False,False,False,3839.1489693320154,False,False,False,False
2025-07-29 19:00:00+00:00,322.815,322.88,320.15,321.04,13791.0,,,,,,,,,,,,309.76116230934997,308.57053146850774,299.8571654853194,298.347972846965,284.3093443378506,278.2521052696965,273.78163098415007,262.7349779342786,255.92895646850207,246.87387689838633,244.08551252534244,233.81857909624247,,,,284.3093443378506,262.7349779342786,246.87387689838633,,274.6934846353826,"rgba(38, 166, 154, 0.75)",7.892816974491683,292.5185215904823,3.6135993653083007,77.38046787328177,33.44571657926335,True,False,True,False,False,18.308437420415146,0.0,0.0,0.0,0.0,0,1.0382068193300835,0.9075280269823717,False,False,False,False,0.29777310437244686,0.3162150646181516,False,False,False,False,197678.0,171288.64705887195,False,False,False,False,3993.4412333733794,False,False,False,False
2025-07-30 14:00:00+00:00,322.895,324.645,321.68,324.23,3252.0,,,,,,,,,,,,310.12587291170746,308.81278208853064,300.0565769852747,298.5332144691849,284.43677551135977,278.38082924163973,273.9087053068705,262.85525547108443,256.04662075560447,246.98533616355195,244.19621122796462,233.92353072294705,,,,284.43677551135977,262.85525547108443,246.98533616355195,,274.85514257131,"rgba(38, 166, 154, 0.75)",7.970722819813878,292.6903271879368,3.956940107572286,76.1615643327425,32.3211578142063,True,False,True,False,False,20.0,0.0,0.0,0.0,0.0,0,1.0366354124201662,0.9041853512705534,False,False,False,False,0.3274114993248575,0.32181328197150455,False,False,False,False,200930.0,171748.20291842433,False,False,False,False,3981.946020452862,False,False,False,False
2025-07-30 15:00:00+00:00,323.92,324.31,320.19,321.955,2552.0,,,,,,,,,,,,310.37096016344566,308.9802951582821,300.20174705686486,298.6688363345626,284.5327214918576,278.47829050220344,274.0052381342554,262.9471912427045,256.1368065356416,247.0710189478621,244.28137296114429,234.00446576193332,,,,284.5327214918576,262.9471912427045,247.0710189478621,,274.97324535756314,"rgba(38, 166, 154, 0.75)",7.985919914067852,292.80926427241934,3.6496403722053414,71.97543908077952,28.36764200448971,True,False,True,False,False,17.86680911740067,0.0,0.0,0.0,0.0,0,1.0298612236081865,0.9078783951617262,False,False,False,False,0.3109301288516165,0.31637170541156057,False,False,False,False,198378.0,172161.0679894565,False,False,False,False,3959.7763147094065,False,False,False,False
2025-07-30 16:00:00+00:00,322.21,322.91,320.84,321.41,2607.0,,,,,,,,,,,,310.6024210195551,309.14166145175386,300.34521124821515,298.80326484518775,284.6291136047502,278.5764254406582,274.10257275830406,263.0401318715159,256.22808146989104,247.15784479620157,244.36769696749417,234.08658776995634,,,,284.6291136047502,263.0401318715159,247.15784479620157,,275.09008443695694,"rgba(38, 166, 154, 0.75)",7.959507615833928,292.92495211082894,3.5787449756949155,68.4282998086432,25.068398585656297,True,False,True,False,False,17.220563437148794,0.0,0.0,0.0,0.0,0,1.0551772522801373,0.9082717730730611,False,False,False,False,0.3042045901856292,0.31028814779859487,False,False,False,False,195771.0,172527.1134469843,False,False,False,False,3938.803038512361,False,False,False,False
2025-07-30 17:00:00+00:00,321.5,321.91,320.31,321.35,3156.0,,,,,,,,,,,,310.8575258748591,309.32361802312215,300.51210451121017,298.96020352057195,284.74348018415816,278.69317982501826,274.2185691149752,263.15123934030095,256.33734687489397,247.26193992928606,244.47122823911013,234.1851980593493,,,,284.74348018415816,263.15123934030095,247.26193992928606,,275.22630279140463,"rgba(38, 166, 154, 0.75)",7.995634888506494,293.05728247141076,3.5385204456070487,65.97359875906542,22.752217036069624,True,False,True,False,False,17.148526672748083,0.0,0.0,0.0,0.0,0,1.060175691403869,0.8923959430249963,False,False,False,False,0.2905661494304521,0.30042714861452346,False,False,False,False,192615.0,172838.55354858143,False,False,False,False,3926.6665572951147,False,False,False,False
2025-07-30 18:00:00+00:00,321.195,321.96,317.58,317.58,3482.0,,,,,,,,,,,,311.0694127963906,309.48286098899536,300.67433768878004,299.1143182623058,284.8614383389124,278.8147747612461,274.34005843858455,263.2688092565462,256.45349075722663,247.37311830188338,244.58193846155154,234.29105349047902,,,,284.8614383389124,263.2688092565462,247.37311830188338,,275.3604676285752,"rgba(38, 166, 154, 0.5)",7.939275282356767,293.1771000012433,3.073693647200596,59.50883006027897,16.75143295607596,False,False,True,False,False,12.75356377238608,0.0,0.0,0.0,0.0,0,1.0497909224336077,0.8950458309102496,False,False,False,False,0.26692438831716997,0.28367576846584674,False,False,False,False,189133.0,173091.18062534762,False,False,False,False,3919.7725021432525,False,False,False,False
2025-07-30 19:00:00+00:00,316.58,321.2,316.06,320.74,5205.0,,,,,,,,,,,,311.37737947781676,309.7184164511193,300.915409385539,299.3436597084053,285.03776092224655,278.99649362516465,274.52162499838477,263.44455641109033,256.6271160502498,247.53934800341725,244.74746941824787,234.44934385205022,,,,285.03776092224655,263.44455641109033,247.53934800341725,,275.55988152531097,"rgba(38, 166, 154, 0.5)",7.937821624045693,293.359553971069,3.4493652447402767,58.453959820788846,15.809295780730352,False,False,True,False,False,15.193264586327697,0.0,0.0,0.0,0.0,0,1.0373077613961394,0.9062746127592549,False,False,False,False,0.24703918335104616,0.26535747590844644,False,False,False,False,194338.0,173420.5886776678,False,False,False,False,3939.6985098619616,False,False,False,False
2025-07-31 14:00:00+00:00,331.5,332.25,326.505,326.505,7502.0,,,,,,,,,,,,312.2461163242103,310.3415118690737,301.41822255119365,299.8113689522801,285.35524437520473,279.3139160854426,274.8332997348918,263.7368020049179,256.9117025603035,247.8077424850501,245.01367382596726,234.70076663549577,,,,285.35524437520473,263.7368020049179,247.8077424850501,,275.95753061700265,"rgba(38, 166, 154, 0.5)",8.11175313862635,296.58599430747404,3.6883525892890354,61.72070205123142,15.809295780730352,False,False,True,False,True,19.26025553463641,0.0,0.0,0.0,0.0,0,1.0482475734069772,0.8913346600062279,False,False,False,False,0.34282825279691226,0.30409286435267935,False,False,False,False,201840.0,173861.19970592103,False,False,False,False,3994.9279903292177,False,False,False,False
2025-07-31 15:00:00+00:00,326.71,327.93,322.98,324.125,6267.0,,,,,,,,,,,,312.7675072613004,310.7387683423207,301.77311209358106,300.14550823939453,285.59621178508985,279.55778570747333,275.0745302249132,263.9661711401492,257.13646651688805,248.0211691605712,245.2257253247511,234.90216946701992,,,,285.59621178508985,263.9661711401492,248.0211691605712,,276.24209377195444,"rgba(38, 166, 154, 0.5)",8.182809022305735,296.7955275894222,3.339864383499563,61.33996667553416,15.809295780730352,False,False,True,False,True,16.635208724906654,0.0,0.0,0.0,0.0,1,1.0412500000000005,0.8962634408602155,False,False,False,False,0.28056570233706013,0.29232928334486974,False,False,False,False,195573.0,174197.81676474397,False,False,False,False,4030.1539129597727,False,False,False,False
2025-07-31 16:00:00+00:00,323.94,326.8,323.7,326.54,4263.0,,,,,,,,,,,,313.1165577270211,311.00900941895236,302.0152481428685,300.37375530934145,285.76120944754604,279.72460834830144,275.23947967497077,264.12291347475644,257.29000879195286,248.16692967814737,245.3705306888013,235.03966941072537,,,,285.76120944754604,264.12291347475644,248.16692967814737,,276.4358266761154,"rgba(38, 166, 154, 0.5)",8.286422032948902,296.97778670886413,3.5675485961961724,62.581136572501094,15.809295780730352,False,False,True,False,True,18.27099920296032,0.0,0.0,0.0,0.0,0,1.0458358298382266,0.9112152077999897,False,False,False,False,0.27737300807689785,0.28485114571088377,False,False,False,False,199836.0,174595.30797769368,False,False,False,False,4033.7639298131094,False,False,False,False
2025-07-31 17:00:00+00:00,326.54,327.5,322.14,322.14,4526.0,,,,,,,,,,,,313.41814902482935,311.25239079153494,302.2483582025233,300.5951767555603,285.9272770326999,279.89369993782054,275.40738597122186,264.2837415893636,257.44811257595956,248.31759807210673,245.52035619747377,235.1823820148256,,,,285.9272770326999,264.2837415893636,248.31759807210673,,276.6245523471599,"rgba(38, 166, 154, 0.5)",8.335647022236026,297.1338203841767,2.999908651256132,59.307482772357595,15.809295780730352,False,False,True,False,True,13.651728514077632,0.0,0.0,0.0,0.0,0,1.0351392914982513,0.9093618584901815,False,False,False,False,0.2706939258474463,0.27777253577916505,False,False,False,False,195310.0,174916.4659935434,False,False,False,False,4041.395496792751,False,False,False,False
2025-07-31 18:00:00+00:00,322.7,324.22,321.725,322.91,1585.0,,,,,,,,,,,,313.51039216464306,311.3290776903798,302.32520574021123,300.66853787888203,285.9836091077949,279.9513057535859,275.4647369859705,264.33894172687474,257.50249366961077,248.36954180659424,245.57203911235612,235.2317036257047,,,,285.9836091077949,264.33894172687474,248.36954180659424,,276.68729877188395,"rgba(38, 166, 154, 0.5)",8.384850043518101,297.1827405932338,3.0683028644805224,57.69022792196951,14.329200505529144,False,False,True,False,False,14.189524008096637,0.0,0.0,0.0,0.0,0,1.0391999236984457,0.9081247530418436,False,False,False,False,0.24225572140743337,0.2600141285932992,False,False,False,False,196895.0,175257.21845875974,False,False,False,False,4003.311845679685,False,False,False,False
2025-07-31 19:00:00+00:00,323.3,326.575,323.3,323.95,6732.0,,,,,,,,,,,,313.94846622103654,311.68876493735354,302.67105573653834,300.9976065603004,286.23160848545064,280.20362863778195,275.7152355383425,264.57883550374805,257.7382859293769,248.59424280241666,245.79546955166293,235.44451664086438,,,,286.23160848545064,264.57883550374805,248.59424280241666,,276.96730971207273,"rgba(38, 166, 154, 0.5)",8.456210587226938,297.44237835783343,3.134692705288842,57.39719644295003,13.672032593130588,False,True,True,False,False,14.915453027262586,0.0,0.0,0.0,0.0,1,1.0536954975655124,0.8949751080474868,False,False,False,False,0.2725166606762709,0.26626539463478505,False,False,False,False,203627.0,175697.06003304254,False,False,False,False,4045.6170883823256,False,False,False,False
2025-08-01 14:00:00+00:00,306.655,315.76,306.655,311.975,2057.0,,,,,,,,,,,311.4633333333333,313.9188494243018,311.68691449017996,302.7125557709959,301.041379473009,286.28101350995445,280.2575043143017,275.77082667050706,264.63578812937413,257.795905523525,248.65081009819824,245.8521435519184,235.4997841183915,,,,286.28101350995445,264.63578812937413,248.65081009819824,,279.6589852621531,"rgba(239, 83, 80, 1.0)",8.406963142497583,299.20007920125136,1.5195642685966897,49.60483201771727,6.17486384705127,False,True,False,True,False,3.8552639419728543,0.0,0.0,0.0,0.0,0,1.0274323432343238,0.9017557755775583,False,False,False,False,0.06805186458165055,0.1671586296082178,False,False,False,False,201570.0,176098.1908852434,False,False,False,False,4014.7858156942275,False,False,False,False
2025-08-01 15:00:00+00:00,311.965,316.75,310.72,316.75,2333.0,,,,,,,,,,,313.204668944571,313.92980060212847,311.7150760558999,302.77660031314696,301.1060547127963,286.3440744810755,280.32477702080416,275.8394369070393,264.70472336023477,257.865087756299,248.71818469019595,245.91950775878738,235.56506960951626,,,,286.3440744810755,264.70472336023477,248.71818469019595,,279.8471586317304,"rgba(239, 83, 80, 1.0)",8.35803462500763,299.2889431458982,2.0891343045956643,47.764232627361466,4.44444835721589,False,True,False,True,False,7.2463044775727,0.0,0.0,0.0,0.0,0,1.0294781012326255,0.9065565171780756,False,False,False,False,0.10478113392354271,0.13596988176588026,False,False,False,False,203903.0,176529.27319710012,False,False,False,False,3988.7116170012937,False,False,False,False
2025-08-01 16:00:00+00:00,316.81,317.49,313.835,313.835,2915.0,,,,,,,,,,,313.9423632215378,313.9482155468092,311.75311117886093,302.85774040845143,301.1878484579631,286.42334036129915,280.409225806299,275.92551194268106,264.7911270656595,257.95176752041107,248.802572634839,246.00387437484727,235.64681269238497,,,,286.42334036129915,264.7911270656595,248.802572634839,,279.97257778554183,"rgba(239, 83, 80, 1.0)",8.301108618572043,299.33736997426524,1.7464691394712313,45.14394864222527,1.8895018377322117,False,True,False,True,False,4.874719650890793,0.0,0.0,0.0,0.0,0,1.0292421529386986,0.9118258900358126,False,False,False,False,0.13297659944126933,0.1344732406035748,False,False,False,False,200988.0,176908.47826381173,False,False,False,False,3972.0649252648395,False,False,False,False
2025-08-01 17:00:00+00:00,314.01,314.1,311.64,311.895,1851.0,,,,,,,,,,,313.65986875637105,313.93376180433063,311.75879926708933,302.89822620206115,301.22998448952046,286.4690567789896,280.4587700530007,275.9764816849279,264.8431085099864,258.00426033146925,248.8540222911586,246.05539743351622,235.69699474952708,,,,286.4690567789896,264.8431085099864,248.8540222911586,,279.98759479630377,"rgba(239, 83, 80, 1.0)",8.177133070476847,299.31702427379946,1.538188949329039,42.51545865891775,-0.7041452970472264,False,True,False,True,False,3.3406449506435365,0.0,0.0,0.0,0.0,0,1.0209975832970168,0.9255576244998223,False,False,False,False,0.09218430471984093,0.11332877266170786,False,False,False,False,199137.0,177253.10650778364,False,False,False,False,3939.1801977413534,False,False,False,False
2025-08-01 18:00:00+00:00,312.07,313.7,310.03,312.14,2898.0,,,,,,,,,,,313.2503881145954,313.9023836384647,311.76099971731026,302.9571125572103,301.2919323360063,286.5387040532839,280.53461575106536,276.05471831741517,264.9232648901376,258.0853583989941,248.93366479919604,246.13519158611282,235.77482989832248,,,,286.5387040532839,264.9232648901376,248.93366479919604,,280.01101261985497,"rgba(239, 83, 80, 1.0)",8.006858435681437,299.28592126810247,1.6053835390188897,40.95824217175859,-2.3545565541938913,False,True,False,True,False,3.5175640758109488,0.0,0.0,0.0,0.0,0,1.0134750003283386,0.9249287506074263,False,False,False,False,0.07758496154193302,0.09545686710182044,False,False,False,False,202035.0,177637.32191076374,False,False,False,False,3923.0378690942002,False,False,False,False
2025-08-01 19:00:00+00:00,312.49,315.3,311.76,314.68,5928.0,,,,,,,,,,,313.46893662180696,313.9027279381734,311.8088724235829,303.10089135351524,301.43929172181345,286.69086817996117,280.6982201400762,276.2223645781276,265.0931679700366,258.2564891583858,249.100991364918,246.3026482513392,235.93762823069903,,,,286.69086817996117,265.0931679700366,249.100991364918,,280.15562291787967,"rgba(239, 83, 80, 1.0)",7.873478159833013,299.32780493437326,1.9498618976231905,41.95326235623767,-2.3545565541938913,False,True,False,True,False,5.337036142611996,0.0,0.0,0.0,0.0,0,1.0169162903876434,0.9183333550208855,False,False,False,False,0.10179290891303326,0.09862488800742686,False,False,False,False,207963.0,178107.48746253486,False,False,False,False,3954.12255329429,False,False,False,False
2025-08-04 14:00:00+00:00,322.41,325.24,322.41,323.76,3477.0,,,,,,,,,,,315.14341806856487,314.0820179787922,311.9633361420064,303.2590242061034,301.5914000850265,286.8114735632161,280.8217875175987,276.3456274792052,265.21235265921047,258.3741262707962,249.21364952852355,246.414794802283,236.04487157799707,,,,286.8114735632161,265.21235265921047,249.21364952852355,,280.40599075994794,#000000,7.844228627838438,299.5414926543877,3.087430070518733,47.90415945198757,-8.746434384183438,False,True,False,False,True,11.255572628155363,0.0,0.0,0.0,0.0,0,1.02385988019402,0.9117792327858061,False,False,False,False,0.255327735403525,0.17697631170547592,False,False,False,False,211440.0,178624.2706026506,False,False,False,False,3946.725304406006,False,False,False,False
2025-08-04 15:00:00+00:00,323.76,324.38,321.93,323.95,6285.0,,,,,,,,,,,317.0183574226259,314.3779961571243,312.22395801511976,303.5335969088331,301.8565078737824,287.02526291378183,281.04138250172093,276.56503691277896,265.4251651290917,258.58445873054495,249.41538758382197,246.61568861947768,236.23721718900177,,,,287.02526291378183,265.4251651290917,249.41538758382197,,280.7630781505927,"rgba(38, 166, 154, 0.5)",7.780154630925767,299.85544971256513,3.09692434539284,51.960083742875256,-4.952333647292548,False,True,True,False,True,11.371000092485069,0.0,0.0,0.0,0.0,0,1.0225044366968323,0.9144881751016355,False,False,False,False,0.24504716271114446,0.21101173720831018,False,False,False,False,217725.0,179230.4834615242,False,False,False,False,3982.9776252679285,False,False,False,False
2025-08-04 16:00:00+00:00,323.95,326.31,323.87,325.86,3505.0,,,,,,,,,,,317.95249047969537,314.5685131701968,312.3883512636398,303.6980186827587,302.01453576722844,287.14966162248555,281.16838801409654,276.6915054259735,265.54709156094185,258.70463466840727,249.5303331635965,246.73006687938087,236.34647893012354,,,,287.14966162248555,265.54709156094185,249.5303331635965,,280.9607745868096,"rgba(38, 166, 154, 0.5)",7.753060937522401,300.0406486561869,3.330213905433855,55.590717446333095,-1.5758336931317345,False,True,True,False,True,12.531333659403007,0.0,0.0,0.0,0.0,0,1.0272207558263178,0.910181513403971,False,False,False,False,0.2748849778316422,0.24294835751997618,False,False,False,False,221230.0,179881.6387566944,False,False,False,False,3975.567119449821,False,False,False,False
2025-08-04 17:00:00+00:00,325.91,328.29,325.63,328.19,1530.0,,,,,,,,,,,318.3920642789591,314.6648435338017,312.46983202223817,303.775653031011,302.08877770080227,287.20657424791153,281.22612903752787,276.74879320824374,265.60195492601673,258.7585468436541,249.5817362322331,246.78117337232007,236.39517220756431,,,,287.20657424791153,265.60195492601673,249.5817362322331,,281.05317312632957,"rgba(38, 166, 154, 0.5)",7.898091596956122,300.1307499936979,3.552662014848745,59.09115613033222,1.6985775684959776,False,True,True,False,True,13.917892330233233,0.0,0.0,0.0,0.0,0,1.031415043928869,0.9058542829093715,False,False,False,False,0.30418099089765455,0.27356467420881536,False,False,False,False,222760.0,180546.41955116423,False,False,False,False,3937.6513501560253,False,False,False,False
2025-08-04 18:00:00+00:00,328.19,330.115,328.04,328.89,5630.0,,,,,,,,,,,319.94917662527007,315.05149026420503,312.7944539758212,304.0766101876796,302.3758001380886,287.4231392206725,281.444894333759,276.9653009803935,265.8083563564073,258.9609416592727,249.77429060985344,246.97250279260123,236.57713485484842,,,,287.4231392206725,265.8083563564073,249.77429060985344,,281.3980070768363,"rgba(38, 166, 154, 0.5)",8.085870322600352,300.4777404634697,3.5138158791783787,61.74843043526228,4.241170035088771,False,False,True,False,True,14.33071254405574,0.0,0.0,0.0,0.0,0,1.0372128674925205,0.9018247904458131,False,False,False,False,0.33798053763960834,0.30577260592421185,False,False,False,False,228390.0,181288.1804883555,False,False,False,False,3963.8893137194977,False,False,False,False
2025-08-04 19:00:00+00:00,328.89,330.36,327.96,329.86,7264.0,,,,,,,,,,,321.4512096497566,315.5333148489026,313.2042763810099,304.4602033029074,302.7423400419976,287.7017769668996,281.7264316867494,277.24402123716857,266.0742671927911,259.22176220774855,250.02253484924643,247.21918278121615,236.81181158746833,,,,287.7017769668996,266.0742671927911,250.02253484924643,,281.8010102102971,"rgba(38, 166, 154, 0.5)",8.292346849916173,300.89094306319464,3.493469033690772,63.98910122077543,6.484667781521701,False,False,True,False,True,14.905004673691323,0.0,0.0,0.0,0.0,0,1.0367966964088196,0.9018017353685819,False,False,False,False,0.33931212551702006,0.32254236572061595,False,False,False,False,235654.0,182131.06141101662,False,False,False,False,4015.053820483536,False,False,False,False
2025-08-05 14:00:00+00:00,331.95,331.95,321.79,324.08,2365.0,,,,,,,,,,,321.6722011393758,315.6459119419169,313.30583546319764,304.5656448192574,302.8443543259599,287.7842504373704,281.8107929323733,277.32816120338146,266.1556671570817,259.3021048200384,250.09952206230224,247.29581631484004,236.88512092314193,,,,287.7842504373704,266.1556671570817,250.09952206230224,,281.89964488771056,"rgba(38, 166, 154, 0.5)",8.374006278011716,303.37756619642,2.47222573237615,60.400729512066675,6.484667781521701,False,False,True,False,False,10.012014896962299,0.0,0.0,0.0,0.0,0,1.021103623588096,0.9003813041080126,False,False,False,False,0.3027597308383729,0.3126510482794944,False,False,False,False,233289.0,182924.20774572954,False,False,False,False,3989.4715907085974,False,False,False,False
2025-08-05 15:00:00+00:00,324.08,325.51,323.33,324.185,1675.0,,,,,,,,,,,321.7621445094844,315.7120407052942,313.36781351948514,304.6341615748554,302.9111016861704,287.8400091605277,281.8681898930603,277.3856236868362,266.2116467903644,259.3575281242612,250.1528063623778,247.3489002180503,236.9360384462981,,,,287.8400091605277,266.2116467903644,250.1528063623778,,281.96061574438966,"rgba(38, 166, 154, 0.5)",8.44636601746198,303.3993251694108,2.4609015033941195,58.07911506509822,6.484667781521701,False,True,True,False,False,10.077511832577297,0.0,0.0,0.0,0.0,0,1.024667795882339,0.9162630913471865,False,False,False,False,0.2645019350201155,0.2885764916498049,False,False,False,False,234964.0,183731.02623029187,False,False,False,False,3953.588310232495,False,False,False,False
2025-08-05 16:00:00+00:00,324.54,325.335,323.43,324.94,1843.0,,,,,,,,,,,321.86245884733745,315.7855304568643,313.43660049295653,304.70986475691615,302.98483813649597,287.9015439521662,281.93150102037254,277.4489919046012,266.27335645814554,259.41861358906,250.21152554714112,247.4073956047856,236.99213956729596,,,,287.9015439521662,266.27335645814554,250.21152554714112,,282.02802771801066,"rgba(38, 166, 154, 0.5)",8.52823640292528,303.4492662704429,2.5199505166373624,57.08005066058321,6.484667781521701,False,True,True,False,False,10.554068980551225,0.0,0.0,0.0,0.0,0,1.0381314620671396,0.9165753902817738,False,False,False,False,0.2639224577111661,0.27624947468048555,False,False,False,False,236807.0,184553.90954455093,False,False,False,False,3920.8660108490453,False,False,False,False
2025-08-05 17:00:00+00:00,324.91,328.785,324.46,328.365,2647.0,,,,,,,,,,,322.12328010749707,315.92000517616776,313.55696919699227,304.8318868891229,303.1026900196154,287.99588849137245,282.02770289627614,277.54477994406415,266.3657545730718,259.5096876768089,250.2986816236676,247.49411817618335,237.07500955119275,,,,287.99588849137245,266.3657545730718,250.2986816236676,,282.14203494784863,"rgba(38, 166, 154, 0.5)",8.654562610670625,303.59216218324144,2.8624020567157196,58.702355791895876,6.484667781521701,False,True,True,False,False,12.671899828794142,0.0,0.0,0.0,0.0,0,1.042354518573498,0.8981719799360737,False,False,False,False,0.2988573598323845,0.287553417256435,False,False,False,False,239454.0,185405.07373765868,False,False,False,False,3901.116150215727,False,False,False,False
2025-08-05 18:00:00+00:00,328.365,328.365,324.79,325.69,1675.0,,,,,,,,,,,322.24793198277195,315.99665720796924,313.6269847949296,304.9052668730847,303.17384564443915,288.05395738990927,282.0871300490433,277.6040820604352,266.42319512323553,259.5664093535458,250.35307166491882,247.5482647835654,237.12683494123056,,,,288.05395738990927,266.42319512323553,250.35307166491882,,282.20874091300607,"rgba(38, 166, 154, 0.5)",8.74280425254016,303.6596197071285,2.5198299832082722,57.339261794687445,6.484667781521701,False,True,True,False,False,10.43438661692118,0.0,0.0,0.0,0.0,0,1.0462664959739658,0.8991277922015773,False,False,False,False,0.2981487898567369,0.29285110355658595,False,False,False,False,237779.0,186217.07259443915,False,False,False,False,3866.6027215302115,False,False,False,False
2025-08-05 19:00:00+00:00,325.69,327.88,325.69,327.82,3127.0,,,,,,,,,,,322.50665966161057,316.1483189936834,313.76427918480766,305.04630598534465,303.3103552865039,288.1642894632448,282.19976793188204,277.71632850744,266.5316502990899,259.673386846212,250.45553461681547,247.65023733706283,237.2243440973169,,,,288.1642894632448,266.5316502990899,250.45553461681547,,282.3378044777703,"rgba(38, 166, 154, 0.5)",8.860749052185264,303.79866043187815,2.7109829458715606,57.88116166354175,6.484667781521701,False,True,True,False,False,11.746050556950102,0.0,0.0,0.0,0.0,0,1.0499360865877407,0.8946085751490322,False,False,False,False,0.3014185188792976,0.2971348112179418,False,False,False,False,240906.0,187064.96294181218,False,False,False,False,3855.136012669278,False,False,False,False
2025-08-06 14:00:00+00:00,324.98,328.015,324.15,328.015,3813.0,,,,,,,,,,,322.76281055323847,316.3211623307895,313.92302217825676,305.2127854617391,303.47193856486865,288.2966020753565,282.33513016979833,277.8514013753295,266.6624983624296,259.80259828162247,250.57945110069178,247.77359832162944,237.34242712750333,,,,288.2966020753565,266.6624983624296,250.57945110069178,,282.4873404540964,"rgba(38, 166, 154, 0.5)",8.981306988699457,303.94709140406474,2.6797779684202085,58.37618638555132,6.484667781521701,False,True,True,False,False,11.865866457063618,0.0,0.0,0.0,0.0,0,1.0492111910776418,0.8945593632334021,False,False,False,False,0.2903735115412976,0.2937541613796197,False,False,False,False,244719.0,187958.823981474,False,False,False,False,3854.482741155026,False,False,False,False
2025-08-06 15:00:00+00:00,327.75,328.195,326.24,326.91,6555.0,,,,,,,,,,,323.17404549800835,316.6160697821757,314.19502728226865,305.4981451328652,303.74912115077,288.5242306466281,282.5679393075602,278.08370696464516,266.88756288202615,260.02485023034507,250.79262139116676,247.9858120014369,237.54557807210134,,,,288.5242306466281,266.88756288202615,250.79262139116676,,282.7419007955383,"rgba(38, 166, 154, 0.5)",9.068810237134405,304.20116157275186,2.5040592793817003,57.544964035953655,6.484667781521701,False,True,True,False,False,10.924742909396823,0.0,0.0,0.0,0.0,1,1.0530471755416078,0.8930362183342667,False,False,False,False,0.3082539901803434,0.30100407577998156,False,False,False,False,238164.0,188737.19880346666,False,False,False,False,3896.351225788281,False,False,False,False
2025-08-06 16:00:00+00:00,327.12,330.34,326.82,330.275,1885.0,,,,,,,,,,,323.33199617352903,316.71374033820933,314.2831481423574,305.58641094110027,303.83445128921767,288.5926130319524,282.6374704115691,278.1528543035986,266.95414505183646,260.0904166786183,250.85532703238042,248.04818777565586,237.6051475838164,,,,288.5926130319524,266.95414505183646,250.85532703238042,,282.82199298106474,"rgba(38, 166, 154, 0.5)",9.22116259354608,304.2897367971215,2.818002929594325,59.45238036106426,6.484667781521701,False,False,True,False,False,13.011655395838677,0.0,0.0,0.0,0.0,0,1.0652737129971694,0.8879839754353985,False,False,False,False,0.32997489984038697,0.31548948781018427,False,False,False,False,240049.0,189532.7306049633,False,False,False,False,3865.1674858535794,False,False,False,False
2025-08-06 17:00:00+00:00,330.255,330.65,329.53,329.76,2212.0,,,,,,,,,,,323.5321511274443,316.83399920086896,314.39097601094795,305.69279350424097,303.9371350415937,288.6742112714176,282.72025931860986,278.235083325264,267.033142766075,260.1681272397064,250.92956609064987,248.1220144112114,237.6755889112163,,,,288.6742112714176,267.033142766075,250.92956609064987,,282.918849863019,"rgba(38, 166, 154, 0.5)",9.35295516579495,304.39920611078344,2.7115273664482515,60.133226669580786,6.484667781521701,False,False,True,False,False,12.566258935965937,0.0,0.0,0.0,0.0,0,1.0680355722652015,0.882534403393344,False,False,False,False,0.34282825277331963,0.32915887029175195,False,False,False,False,237837.0,190281.63400643674,False,False,False,False,3839.5369821969343,False,False,False,False
2025-08-06 18:00:00+00:00,329.58,330.005,327.62,330.005,3468.0,,,,,,,,,,,323.78808161549995,317.00742513627216,314.5488751346745,305.85249725693063,304.0917980607924,288.79912351739864,282.8473701965427,278.36156842269446,267.155088302343,260.28827555753145,251.04454795235546,248.23640700110704,237.78489219786107,,,,288.79912351739864,267.155088302343,251.04454795235546,,283.06199618092336,"rgba(38, 166, 154, 0.5)",9.489222641152997,304.5521076708074,2.6822947771093624,60.77670852542284,6.484667781521701,False,False,True,False,True,12.719259530413613,0.0,0.0,0.0,0.0,0,1.0561216510472433,0.8882379124911282,False,False,False,False,0.32199195871483555,0.32557541450329375,False,False,False,False,241305.0,191072.69394432145,False,False,False,False,3833.776718907059,False,False,False,False
2025-08-06 19:00:00+00:00,330.005,332.75,330.005,332.54,8036.0,,,,,,,,,,,324.542459615098,317.4715466755899,314.9636991272678,306.2539355595953,304.47873214227695,289.1037452288041,283.1553406211186,278.6668657033362,267.44738768234043,260.5753422963761,251.31835516675858,248.50856433036867,238.0442179060644,,,,289.1037452288041,267.44738768234043,251.31835516675858,,283.42539938884573,"rgba(38, 166, 154, 0.5)",9.678441254052517,304.966610985761,2.8489493597632363,63.060934700253696,8.837839477983906,False,False,True,False,True,14.29005416196211,0.0,0.0,0.0,0.0,0,1.0632054718772916,0.8820517135679001,False,False,False,False,0.34282825281889096,0.33420183366109235,False,False,False,False,249341.0,191976.07853433196,False,False,False,False,3898.9274674511357,False,False,False,False
2025-08-07 14:00:00+00:00,333.19,333.19,326.085,327.21,6568.0,,,,,,,,,,,324.84996456999704,317.7561520729124,315.2314682329648,306.53619879684345,304.7538556260492,289.3326107956679,283.38915289811234,278.90015387416884,267.67351479870865,260.7986531742659,251.53264904462318,248.72189118397148,238.24850190835653,,,,289.3326107956679,267.67351479870865,251.53264904462318,,283.6711359212801,"rgba(38, 166, 154, 0.5)",9.75876479362706,305.20740739742007,2.254649340144836,58.77605111983687,13.153862337823632,False,False,True,False,False,9.706468156102044,0.0,0.0,0.0,0.0,0,1.0536313247853084,0.8824606893926783,False,False,False,False,0.315294488015768,0.32474816083843017,False,False,False,False,242773.0,192763.6277043423,False,False,False,False,3940.308436948017,False,False,False,False
2025-08-07 15:00:00+00:00,327.47,330.31,325.71,329.39,9542.0,,,,,,,,,,,325.1916841109045,318.1325166618196,315.5927786485595,306.92752595699153,305.13687000497583,289.6574730411579,283.7219566091415,279.2328301515438,267.9971722535305,261.11879310108327,251.84043922048224,249.02842415580452,238.54248567434468,,,,289.6574730411579,267.9971722535305,251.84043922048224,,284.0093038146415,"rgba(38, 166, 154, 0.5)",9.86237987058649,305.5289303581203,2.419402817066782,57.678490626120606,12.089963682018386,False,False,True,False,False,11.075991711655867,0.0,0.0,0.0,0.0,1,1.0534036864396756,0.8881527577313494,False,False,False,False,0.2899539965250079,0.30735107868171907,False,False,False,False,252315.0,193686.90479419744,False,False,False,False,4027.156368158125,False,False,False,False
2025-08-07 16:00:00+00:00,329.39,332.89,329.39,332.89,4094.0,,,,,,,,,,,325.4459252251738,318.3343163065832,315.779477839095,307.11589129328155,305.31982365491615,289.8067530529779,283.873516678852,279.3835410584178,268.14239762079575,261.2618126681335,251.9773176283101,249.1645775173909,238.67257499862166,,,,289.8067530529779,268.14239762079575,251.9773176283101,,284.1752250417346,"rgba(38, 166, 154, 0.5)",10.007387326777467,305.7053742878547,2.716455836520437,59.33086133522083,12.089963682018386,False,False,True,False,False,13.199608012069412,0.0,0.0,0.0,0.0,0,1.0597957729755403,0.8905485632866307,False,False,False,False,0.33904127877145634,0.3231961787265877,False,False,False,False,256409.0,194659.34037878353,False,False,False,False,4028.1927035355184,False,False,False,False
2025-08-07 17:00:00+00:00,332.59,333.55,330.69,331.38,4309.0,,,,,,,,,,,325.6988840379832,318.542648298528,315.9731749924353,307.31227186458756,305.5107636493496,289.9632906434626,284.03250252829804,279.5416866185332,268.2948953006973,261.41203763280527,252.12114859483563,249.30765714186313,238.8093243935919,,,,289.9632906434626,268.2948953006973,252.12114859483563,,284.3477142843824,"rgba(38, 166, 154, 0.5)",9.954863620499337,305.8874271853019,2.5608158771962577,58.922117258522704,12.089963682018386,False,False,True,False,False,11.928284764232469,0.0,0.0,0.0,0.0,0,1.0611669352545268,0.8836145606218604,False,False,False,False,0.34282825284404,0.3330122157853138,False,False,False,False,252100.0,195549.89324112795,False,False,False,False,4032.5463050310914,False,False,False,False
2025-08-07 18:00:00+00:00,331.38,332.515,329.34,332.515,3617.0,,,,,,,,,,,325.8830145706607,318.707323669982,316.12803474154,307.4719696886574,305.6664326978048,290.0924951854411,284.16399012922375,279.67265000545166,268.42150524723974,261.53690199947783,252.2408532878304,249.4267732418996,238.92329067800839,,,,290.0924951854411,268.42150524723974,252.2408532878304,,284.4873257802475,"rgba(38, 166, 154, 0.5)",9.901942354277075,306.0314460844226,2.6745817101366973,59.454631339999,12.089963682018386,False,False,True,False,False,12.617955465617225,0.0,0.0,0.0,0.0,1,1.054489937870625,0.8875187154427461,False,False,False,False,0.32420286530987136,0.32860754054759256,False,False,False,False,255717.0,196482.71660173062,False,False,False,False,4026.1037266585163,False,False,False,False
2025-08-07 19:00:00+00:00,332.47,334.43,330.72,334.43,13288.0,,,,,,,,,,,326.6515720404245,319.3555759807638,316.7328508077063,308.0821538051837,306.2600865649806,290.5799741616582,284.65835890410045,280.1641048561361,268.8950099356493,262.00312644903954,252.6871093031354,249.87062975605158,239.34739239210933,,,,290.5799741616582,268.8950099356493,252.6871093031354,,285.0221496120722,"rgba(38, 166, 154, 1.0)",9.901207740056307,306.5990555507697,2.810863601683406,61.10755825115615,12.089963682018386,True,False,True,False,True,13.770648413754369,0.0,0.0,0.0,0.0,0,1.0569650719107722,0.8866568828881718,False,False,False,False,0.3428282528590636,0.3357178967033281,False,False,False,False,269005.0,197607.09308852546,False,False,False,False,4169.699017718074,False,False,False,False
2025-08-08 14:00:00+00:00,337.285,341.59,336.74,340.48,1304.0,,,,,,,,,,,326.7838322265381,319.4441053096882,316.81211825619164,308.15536499661266,306.33050456447194,290.63432540111006,284.7126728537315,280.217618181475,268.9456991071839,262.05264221641,252.73410281176356,249.91726506671392,239.39163418537424,,,,290.63432540111006,268.9456991071839,252.73410281176356,,285.0870680905588,"rgba(38, 166, 154, 1.0)",9.986110045802945,306.6755697963814,3.385144971221927,65.28834923166944,11.146218589958117,True,False,True,False,True,17.21292127516203,0.0,0.0,0.0,0.0,0,1.0663884012138267,0.877989512725413,False,False,False,False,0.3428282530483624,0.33927307487584524,False,False,False,False,270309.0,198734.25443599018,False,False,False,False,4125.26957558291,False,False,False,False
2025-08-08 15:00:00+00:00,339.92,342.22,337.94,341.99,6765.0,,,,,,,,,,,327.4848208030582,319.9159284134303,317.23434982858964,308.54303774407293,306.70316844890493,290.9207368940721,284.998412903542,280.4988754833927,269.2116316503137,262.3121866524903,252.9802004063574,250.16142137076346,239.62307313451373,,,,290.9207368940721,269.2116316503137,252.9802004063574,,285.4298341333463,"rgba(38, 166, 154, 1.0)",10.166601191786409,307.0810712156507,3.433687239797723,68.67217483438804,14.243337760620136,True,False,True,False,True,18.02863497214906,0.0,0.0,0.0,0.0,0,1.0717563428307233,0.8713980234641395,False,False,False,False,0.3428282530710657,0.34105066397345546,False,False,False,False,277074.0,199948.82413465698,False,False,False,False,4166.195628674648,False,False,False,False
2025-08-08 16:00:00+00:00,342.19,344.17,341.14,342.32,3850.0,,,,,,,,,,,327.9039868364291,320.1979870716452,317.4862299846538,308.77186428495656,306.9228664655196,291.0882031949541,285.16501974283665,280.6625962121045,269.36594110731426,262.46255512067836,253.12254539313665,250.30257782342724,239.75668632206157,,,,291.0882031949541,269.36594110731426,253.12254539313665,,285.63146611997826,"rgba(38, 166, 154, 1.0)",10.283505113260498,307.32165408873897,3.403347936894682,71.06253690675547,16.388324992185318,True,False,True,False,True,18.207411129232884,0.0,0.0,0.0,0.0,0,1.0868030149936707,0.8667409962486793,False,False,False,False,0.34282825308721737,0.3419394585303364,False,False,False,False,280924.0,201204.2532178406,False,False,False,False,4161.293370865739,False,False,False,False
2025-08-08 17:00:00+00:00,342.32,343.18,341.43,343.18,2518.0,,,,,,,,,,,328.1666896022837,320.37911932809646,317.6486168319349,308.92009784384413,307.0653165932688,291.1972569717128,285.2735649145113,280.7692991621588,269.46658602027287,262.56066080690226,253.2154536132811,250.39471796724067,239.84393057751106,,,,291.1972569717128,269.46658602027287,253.2154536132811,,285.76163924869377,"rgba(38, 166, 154, 1.0)",10.475551600004891,307.4758139533059,3.4083347025542277,73.02608373054136,18.18544571206199,True,False,True,False,True,18.677407006919534,0.0,0.0,0.0,0.0,0,1.0824874726969036,0.8717017275413785,False,False,False,False,0.3380314813604252,0.3399854699453808,False,False,False,False,283442.0,202479.2570439206,False,False,False,False,4135.81595426317,False,False,False,False
2025-08-08 18:00:00+00:00,342.92,345.46,342.46,345.425,4045.0,,,,,,,,,,,328.6212863476769,320.6877880216476,317.9241672809506,309.16846889508355,307.3035889397671,291.3777575988399,285.45268406658636,280.94505338163276,269.63176663059534,262.7213937105459,253.36738483957978,250.5453153241773,239.98629325878818,,,,291.3777575988399,269.63176663059534,253.36738483957978,,285.97945756122084,"rgba(38, 166, 154, 1.0)",10.68580542311068,307.73706539963484,3.5269156706574267,75.24847378245678,20.27270957302315,True,False,True,False,True,19.892213673861463,0.0,0.0,0.0,0.0,0,1.0772534686656112,0.8679113511500145,False,False,False,False,0.34282825306049103,0.3414068615029359,False,False,False,False,287487.0,203797.20654711564,False,False,False,False,4134.407954972268,False,False,False,False
2025-08-08 19:00:00+00:00,345.325,345.51,344.185,345.15,7987.0,,,,,,,,,,,329.4743759145019,321.28693885807127,318.4618916257058,309.65563532638697,307.7714718455061,291.7339173044276,285.80616650983325,281.291962985257,269.9579592934331,263.0388512175511,253.66753614919025,250.84283931652337,240.26759868861092,,,,291.7339173044276,269.9579592934331,253.66753614919025,,286.40439577192296,"rgba(38, 166, 154, 1.0)",10.826023944250394,308.2423212016643,3.4091628642607064,76.3018510650661,21.333298933538146,True,False,True,False,True,19.63707510913349,0.0,0.0,0.0,0.0,0,1.0803651793750806,0.8723274924895092,False,False,False,False,0.3428282530821368,0.34211755729253635,False,False,False,False,279500.0,204970.8932673154,False,False,False,False,4194.138064197504,False,False,False,False
2025-08-11 14:00:00+00:00,343.2,344.12,335.93,337.99,4515.0,,,,,,,,,,,329.75760456909995,321.53559530598346,318.69419393434737,309.8824170852229,307.9917707106762,291.9121907451957,285.9853850608798,281.46929899534143,270.1274260720661,263.2050270142953,253.8259818084089,251.00023730801288,240.41747892363946,,,,291.9121907451957,270.1274260720661,253.8259818084089,,286.60035442562844,"rgba(38, 166, 154, 0.75)",10.771499976269807,308.4557698393146,2.7418864805970298,68.62145988821541,24.15469332230768,True,False,True,False,False,13.327559572163807,0.0,0.0,0.0,0.0,0,1.0538437704410095,0.8751678314455887,False,False,False,False,0.27978442335143466,0.3109509903219855,False,False,False,False,274985.0,206056.38329417873,False,False,False,False,4199.1126678533565,False,False,False,False
2025-08-11 15:00:00+00:00,337.73,338.08,332.88,333.76,3608.0,,,,,,,,,,,329.8730061993739,321.68111146134044,318.83703022059865,310.0342304256124,308.1409996547508,292.04044958870094,286.11589602259016,281.5994221335696,270.2536069758372,263.32958784427825,253.94562559609412,251.11931334719458,240.5315639545409,,,,292.04044958870094,270.2536069758372,253.94562559609412,,286.73091103265244,"rgba(38, 166, 154, 0.5)",10.664840619178255,308.58466769087295,2.360591518250635,60.38170997600166,16.878985097592775,False,False,True,False,False,9.914696714596062,0.0,0.0,0.0,0.0,0,1.0500222498602252,0.8895265914355159,False,False,False,False,0.22229877713055682,0.26662488372627113,False,False,False,False,271377.0,207069.10603380387,False,False,False,False,4189.948130367258,False,False,False,False
2025-08-11 16:00:00+00:00,333.6,334.135,331.245,333.81,4765.0,,,,,,,,,,,329.96472264287166,321.8423878659746,319.0006567266975,310.2172748621609,308.3221657515931,292.2014361274863,286.2807236414399,281.76439564561025,270.4147699501468,263.48921122970245,254.09951094877013,251.27260890537988,240.67887721141113,,,,292.2014361274863,270.4147699501468,254.09951094877013,,286.88836473148035,"rgba(38, 166, 154, 0.5)",10.536713504148752,308.73148970967037,2.38010744815783,54.932133794632435,12.331462209496088,False,True,True,False,False,9.945015147302659,0.0,0.0,0.0,0.0,0,1.0492267952864802,0.8976260958019504,False,False,False,False,0.186013626304557,0.22631925501541406,False,False,False,False,276142.0,208140.00361467514,False,False,False,False,4198.863663229781,False,False,False,False
2025-08-11 17:00:00+00:00,333.47,334.47,332.04,332.56,1501.0,,,,,,,,,,,329.99217241654213,321.8920706592264,319.0512787686674,310.2742337514744,308.3785983646977,292.25183697217096,286.33236156783704,281.8161039737984,270.46533366961603,263.53931336654244,254.14783724138408,251.32075553068822,240.72516451012842,,,,292.25183697217096,270.46533366961603,254.14783724138408,,286.93746621482876,#000000,10.3753820626514,308.7770849217131,2.2922447515353723,50.39598093152146,8.530265603796089,False,True,False,False,False,8.947440947121152,0.0,0.0,0.0,0.0,0,1.046932725199544,0.8959977194982901,False,False,False,False,0.1914001889067431,0.20885972196107858,False,False,False,False,274641.0,209171.0268144476,False,False,False,False,4157.036319613815,False,False,False,False
2025-08-11 18:00:00+00:00,332.465,332.73,330.48,331.45,2107.0,,,,,,,,,,,330.0115950920246,321.9519593343573,319.1143133322964,310.3485747609571,308.4526817384829,292.31983331061525,286.4023790702749,281.8864341629184,270.53450927232706,263.6080362729103,254.21431217054146,251.38703056177934,240.78902760221095,,,,292.31983331061525,270.53450927232706,254.21431217054146,,287.00159128320735,"rgba(239, 83, 80, 1.0)",10.162381821173716,308.83358346397233,2.2255035221079256,46.57422147720637,5.23568271276455,False,True,False,True,False,8.063537911103815,0.0,0.0,0.0,0.0,0,1.042430460556316,0.9026447788417699,False,False,False,False,0.1706797373954517,0.18976972967826514,False,False,False,False,272534.0,210153.398491743,False,False,False,False,4125.252810782593,False,False,False,False
2025-08-11 19:00:00+00:00,331.45,332.695,330.09,332.67,5129.0,,,,,,,,,,,330.0647039972644,322.0986262490425,319.26834458958984,310.5296223461885,308.6331021091772,292.4854865696399,286.57291249737654,282.0577171032552,270.7029765516788,263.7753972805777,254.37620645633987,251.5484367054221,240.9445654490418,,,,292.4854865696399,270.7029765516788,254.37620645633987,,287.1583152234303,"rgba(239, 83, 80, 1.0)",9.919974568136523,308.97272128827495,2.3888447040824037,45.386561010512416,4.157722843819137,False,True,False,True,False,8.844755866727407,0.0,0.0,0.0,0.0,0,1.0414665786658777,0.9021370536425504,False,False,False,False,0.16654595325139024,0.1781578414648277,False,False,False,False,277663.0,211200.05898024308,False,False,False,False,4140.814782708444,False,False,False,False
2025-08-12 14:00:00+00:00,337.12,340.86,334.505,340.45,6264.0,,,,,,,,,,,330.3606730935916,322.3929541648284,319.5504973855935,310.8158162745546,308.91310635730713,292.7205063276893,286.81043475799993,282.29362972139245,270.93018049327253,263.9989589715511,254.59025971019204,251.76127631081152,241.14793560772907,,,,292.7205063276893,270.93018049327253,254.59025971019204,,287.4066330135779,#000000,9.841254276705891,309.2330627193718,3.1720486436894784,50.75022898284655,4.157722843819137,False,True,False,False,True,13.514327885579345,0.0,0.0,0.0,0.0,0,1.0452161047345772,0.8900085186513635,False,False,False,False,0.2466707715680147,0.21241430651642118,False,False,False,False,283927.0,212327.6084534176,False,False,False,False,4173.73238297653,False,False,False,False
2025-08-12 15:00:00+00:00,340.5,342.86,340.16,342.86,2996.0,,,,,,,,,,,330.5498014741364,322.5584194725053,319.7058093329076,310.966924997854,309.0601122865625,292.84022615359925,286.93058317093266,282.41245076997075,271.0436735871895,264.11020166567044,254.69632781245946,251.8666261403608,241.2482443539033,,,,292.84022615359925,271.0436735871895,254.69632781245946,,287.53764624754245,"rgba(38, 166, 154, 0.5)",9.826074281870477,309.3768108717696,3.4075855899042344,55.62890051174415,-3.6884479314563947,False,True,True,False,True,14.856211810365583,0.0,0.0,0.0,0.0,0,1.0580195226794433,0.8868602516455475,False,False,False,False,0.2958550220944841,0.2541346643054526,False,False,False,False,286923.0,213484.12615181424,False,False,False,False,4155.472966186197,False,False,False,False
2025-08-12 16:00:00+00:00,343.01,346.44,342.96,345.71,5075.0,,,,,,,,,,,330.9391693985309,322.8758593652897,319.9997420082815,311.24465377589,309.3291776271351,293.0543192302904,287.1442278241654,282.6229922880869,271.2434019244809,264.30533444273925,254.88172686875166,252.05059553559872,241.42288208015094,,,,293.0543192302904,271.2434019244809,254.88172686875166,,287.77800633610707,"rgba(38, 166, 154, 1.0)",9.832353934889898,309.6489179153667,3.6675939783525564,60.2535962235889,0.6605790887343801,True,False,True,False,True,16.39948980733233,0.0,0.0,0.0,0.0,0,1.064386612083315,0.8864433847676464,False,False,False,False,0.34065961991791144,0.297397142111682,False,False,False,False,291998.0,214701.3955138016,False,False,False,False,4169.729199268581,False,False,False,False
2025-08-12 17:00:00+00:00,345.71,346.835,343.695,346.835,3375.0,,,,,,,,,,,331.19992367166856,323.0890406699731,320.1972227919788,311.43090981442793,309.5096155632131,293.19777145146213,287.2872725653163,282.76390238466803,271.3769771885795,264.4357857823337,255.00562554516915,252.17352375334855,241.5395356258008,,,,293.19777145146213,271.3769771885795,255.00562554516915,,287.9390082159954,"rgba(38, 166, 154, 1.0)",9.944862903590751,309.8314569137777,3.7208701059983014,63.84670170776184,4.101666747225664,True,False,True,False,True,16.99896431641697,0.0,0.0,0.0,0.0,0,1.0566122476477064,0.8877635804271188,False,False,False,False,0.3428282529561856,0.3201126975339338,False,False,False,False,295373.0,215952.11806397524,False,False,False,False,4157.407816334185,False,False,False,False
2025-08-12 18:00:00+00:00,346.87,346.96,345.995,346.345,5144.0,,,,,,,,,,,331.59700819229084,323.4154552872049,320.49990323960066,311.7162169239226,309.7860487793517,293.41758200977074,287.5063456147323,282.9796506350821,271.58140411688447,264.6353814686927,255.19515425787725,252.36155224676253,241.71792909230348,,,,293.41758200977074,271.58140411688447,255.19515425787725,,288.18535629726745,"rgba(38, 166, 154, 1.0)",10.031888128985344,310.1108214031103,3.61190018578831,65.6740367707022,6.038778293857185,True,False,True,False,True,16.582574925768533,0.0,0.0,0.0,0.0,0,1.0633378317588849,0.8841880341880348,False,False,False,False,0.3428282529492531,0.33147047524159345,False,False,False,False,290229.0,217103.69762887483,False,False,False,False,4172.703819181716,False,False,False,False
2025-08-12 19:00:00+00:00,346.23,349.21,346.23,348.43,9600.0,,,,,,,,,,,332.35593697045846,324.0395744687428,321.07860282311475,312.25924415818724,310.31201560512915,293.8346348397915,287.921338157677,283.38797806318433,271.96765695594263,265.01217903550054,255.55263969332768,252.71611188681877,242.05405815605312,,,,293.8346348397915,271.96765695594263,255.55263969332768,,288.6532285241483,"rgba(38, 166, 154, 1.0)",10.171031896857459,313.7275770335527,3.411888126825099,67.9454821718337,8.53874644351167,True,False,True,False,True,17.70845251300542,0.0,0.0,0.0,0.0,0,1.0610082258282019,0.8841978693756467,False,False,False,False,0.3428282529844479,0.33714936411302066,False,False,False,False,299829.0,218386.2604563341,False,False,False,False,4256.847946016108,False,False,False,False
2025-08-13 14:00:00+00:00,347.4,347.56,342.38,343.99,6509.0,,,,,,,,,,,332.73063379698823,324.38882436965173,321.4106096347588,312.58494045301325,310.6297937532498,294.09670553054076,288.18413456895826,283.6478679487196,272.21600712480455,265.25559474264077,255.7848238566425,252.9467069455242,242.27366077598757,,,,294.09670553054076,272.21600712480455,255.7848238566425,,288.9346387308831,"rgba(38, 166, 154, 1.0)",10.15982629001542,313.95310503985434,2.956437846743941,64.67689179332628,8.53874644351167,True,False,True,False,True,13.981949183810581,0.0,0.0,0.0,0.0,0,1.0470272796048243,0.8875773218815366,False,False,False,False,0.30396213669928235,0.3205557504061515,False,False,False,False,293320.0,219548.02386011186,False,False,False,False,4291.7650321243855,False,False,False,False
2025-08-13 15:00:00+00:00,343.99,344.08,332.1,336.725,17717.0,,,,,,,,,,,333.10651371020543,324.9730316570869,322.00982816139395,313.25241811536097,311.29346134337584,294.6995048762297,288.7999848893824,284.2642142935849,272.81889179602706,265.85284724800016,256.36135912994234,253.52102167019336,242.8260697379797,,,,294.6995048762297,272.81889179602706,256.36135912994234,,289.5214728175971,"rgba(38, 166, 154, 0.5)",9.987872343296715,314.24624819426174,2.2506046366145966,57.32216631956654,16.775041245592703,False,True,True,False,False,8.385660279930747,0.0,0.0,0.0,0.0,0,1.0267917456581905,0.8963522259266528,False,False,False,False,0.21025058234359692,0.2654031663748742,False,False,False,False,275603.0,220417.0932576295,False,False,False,False,4499.908209920906,False,False,False,False
2025-08-13 16:00:00+00:00,336.59,336.935,326.17,331.465,13740.0,,,,,,,,,,,333.01769229146424,325.1896664588605,322.2747327119862,313.6223330125979,311.6718111121696,295.09069557766975,289.2086699040166,284.6789662949481,273.23547812196085,266.2704269477026,256.76971147293983,253.92910844308295,243.22275718626182,,,,295.09069557766975,273.23547812196085,256.76971147293983,,289.8601576565893,"rgba(239, 83, 80, 1.0)",9.738683921483855,314.33682186364786,1.7587774974980757,49.881225064505806,9.854833773743223,False,True,False,True,False,4.68321124295095,0.0,0.0,0.0,0.0,0,1.0116666666666672,0.9231075268817209,False,False,False,False,0.12448469500682788,0.19494393069085103,False,False,False,False,261863.0,221059.6654551856,False,False,False,False,4643.165446976396,False,False,False,False
2025-08-13 17:00:00+00:00,331.44,336.565,331.0,335.09,9438.0,,,,,,,,,,,333.062244748582,325.3902189748382,322.4988880857404,313.904833700777,311.9577869872873,295.3741471378902,289.5024877149735,284.97581581906337,273.5312951925039,266.56591892051296,257.0576674385307,254.21660830251963,243.50144605189047,,,,295.3741471378902,273.5312951925039,257.0576674385307,,290.1184122365469,"rgba(239, 83, 80, 1.0)",9.596710499669157,314.50356414327234,2.1451554527394925,47.556737639772976,7.697120364369383,False,True,False,True,False,6.812329396394418,0.0,0.0,0.0,0.0,0,1.01972624369219,0.9240608963758766,False,False,False,False,0.1534744721545655,0.17420920142270827,False,False,False,False,271301.0,221838.60087448504,False,False,False,False,4717.503967178312,False,False,False,False
2025-08-13 18:00:00+00:00,334.62,337.5,334.52,336.9,5344.0,,,,,,,,,,,333.1290102161055,325.5258140976324,322.6440769755974,314.0774758171082,312.1314100468524,295.54136104772704,289.67484957364604,285.149387877994,273.70324434104407,266.7372257185806,257.2241540529322,254.38271141084712,243.66210530535557,,,,295.54136104772704,273.70324434104407,257.2241540529322,,290.2756020370325,"rgba(239, 83, 80, 1.0)",9.456647789013369,314.628913473866,2.3550720110363277,47.22449844662336,7.099225151380622,False,True,False,True,False,7.848287788096297,0.0,0.0,0.0,0.0,0,1.0264976343305106,0.9261462549796546,False,False,False,False,0.1826896046452101,0.17844940303395918,False,False,False,False,276645.0,222688.3124888341,False,False,False,False,4727.217083966246,False,False,False,False
2025-08-13 19:00:00+00:00,336.84,339.82,335.99,337.38,10714.0,,,,,,,,,,,333.31131287860296,325.8223478029484,322.9555399179095,314.4373635449136,312.4922087418019,295.88408322143266,290.0270476572247,285.503448716313,274.05293094568486,267.0851252551292,257.5618087635086,254.71945987789348,243.98745863287115,,,,295.88408322143266,274.05293094568486,257.5618087635086,,290.6030873812487,"rgba(239, 83, 80, 1.0)",9.325738819126812,314.9132596653345,2.409111038858054,47.33661174189745,6.6575408552947835,False,True,False,True,False,8.12323435811372,0.0,0.0,0.0,0.0,0,1.0285488807601662,0.9216052213418086,False,False,False,False,0.20778704669547,0.19311822486471458,False,False,False,False,287359.0,223690.9588068367,False,False,False,False,4820.035423749715,False,False,False,False
2025-08-14 14:00:00+00:00,320.195,322.22,316.505,318.34,8246.0,,,,,,,,,,,332.8884409302537,325.69750521490766,322.89400808885915,314.49042733087094,312.56227871825746,296.02784700637335,290.1896823780481,285.67626311389665,274.24116497703244,267.2802756752274,257.7595644493074,254.91879477055252,244.18666823624233,,,,296.02784700637335,274.24116497703244,257.7595644493074,,290.67791699152536,"rgba(239, 83, 80, 1.0)",9.259264729630512,314.7811388227563,0.38435678006429413,40.19386588009176,-0.49819804333658624,False,True,False,True,False,0.0,0.0,0.0,0.0,0.0,0,1.010191501602696,0.9319984383989485,False,False,False,False,-0.031601512961007,0.0807583559518538,False,False,False,False,279113.0,224550.21525944388,False,False,False,False,4873.151153614061,False,False,False,False
2025-08-14 15:00:00+00:00,318.43,318.615,314.44,317.775,13646.0,,,,,,,,,,,332.1440296927066,325.4394037379449,322.7438636674604,314.5365301538808,312.63872398923485,296.24071909744464,290.4357351585309,285.94078307963406,274.53493089917197,267.58717775117,258.0730342486438,255.2353582283094,244.50492810893513,,,,296.24071909744464,274.53493089917197,258.0730342486438,,290.7734782933129,"rgba(239, 83, 80, 1.0)",9.2373600627005,314.54906435988386,0.3492270105549001,35.30274679720372,-5.280838204567125,False,True,False,True,False,0.0,0.0,0.0,0.0,0.0,0,1.0059315869812426,0.9396801655517201,False,False,False,False,-0.067844435423327,0.0064569602642634005,False,False,False,False,265467.0,225184.5840151114,False,False,False,False,5009.1643140231445,False,False,False,False
2025-08-14 16:00:00+00:00,317.0,317.34,314.52,315.14,10754.0,,,,,,,,,,,331.5593118856858,325.2174916436687,322.60588305057286,314.5530253174462,312.67979666003174,296.39529014878246,290.6172895742751,286.13765548085206,274.7567224708966,267.82019120019004,258.31243374299953,255.47745031464223,244.7493982172302,,,,296.39529014878246,274.7567224708966,258.31243374299953,,290.8370722851748,"rgba(239, 83, 80, 1.0)",9.267678954206628,314.37272207182326,0.08279073239027718,31.422481225162,-9.080307309473035,False,True,False,True,False,0.0,0.0,0.0,0.0,0.0,0,1.0120768977982257,0.9384037134406842,False,False,False,False,-0.07550249546331561,-0.034522767599526105,False,False,False,False,254713.0,225642.38891410193,False,False,False,False,5098.23153396077,False,False,False,False
2025-08-14 17:00:00+00:00,314.99,318.15,314.97,315.11,6648.0,,,,,,,,,,,331.22695814067123,325.09095474980273,322.5281267144841,314.56665006364545,312.70804406988117,296.49162676502425,290.73003909225145,286.2597325320581,274.8940012573707,267.9643358480054,258.4604857179723,255.627153960959,244.90055736621247,,,,296.49162676502425,274.8940012573707,258.4604857179723,,290.88066663679524,"rgba(239, 83, 80, 1.0)",9.356024875368528,314.2817210807003,0.08852893513358323,28.828287220960732,-11.743260632901851,False,True,False,True,False,0.0,0.0,0.0,0.0,0.0,0,1.0220327083505414,0.9302056661435539,False,False,False,False,-0.0762612409179384,-0.05539200425873225,False,False,False,False,248065.0,225990.02629527863,False,False,False,False,5122.258952038898,False,False,False,False
2025-08-14 18:00:00+00:00,315.43,317.535,314.32,317.22,10389.0,,,,,,,,,,316.35833333333335,330.74436713164727,324.90604309765,322.4154017922829,314.59134243045696,312.7548717173,296.6424385035777,290.9061856216302,286.4503080254024,275.10816805045266,268.18918673753154,258.6914603756391,255.86070749195298,245.1364287009395,,,,296.6424385035777,275.10816805045266,258.6914603756391,,292.76823164355693,"rgba(239, 83, 80, 1.0)",9.411617518065237,315.433001622226,0.18987154698370787,28.84680259552089,-12.144037771036814,False,True,False,True,False,0.0,0.0,0.0,0.0,0.0,0,1.0137207841036686,0.9309737430340242,False,False,False,False,-0.08455818603641416,-0.0699750951475732,False,False,False,False,258454.0,226493.34371705726,False,False,False,False,5203.9138520072875,False,False,False,False
2025-08-14 19:00:00+00:00,316.62,322.44,315.95,321.85,15501.0,,,,,,,,,,318.586589609888,330.25177103136997,324.75823848964006,322.3534268294631,314.70193189346367,312.89244752061757,296.9049306305661,291.2023293354027,286.7650436940127,275.45209792485144,268.54644247044746,259.0547038150121,256.2270955829131,245.50372144355254,,,,296.9049306305661,275.45209792485144,259.0547038150121,,293.0857693050857,"rgba(239, 83, 80, 1.0)",9.423413127578515,315.4798683060341,0.6759898571487973,32.295344348685454,-12.144037771036814,False,True,False,True,False,0.0,0.0,0.0,0.0,0.0,0,1.01559553539575,0.9214922786810056,False,False,False,False,-0.04179564786362236,-0.05588537150559778,False,False,False,False,273955.0,227229.18334935096,False,False,False,False,5363.558598487795,False,False,False,False
2025-08-15 14:00:00+00:00,320.37,328.98,318.63,328.37,4814.0,,,,,,,,,,319.6433486950669,330.1821192910301,324.7635940822072,322.3777301968401,314.76800169348536,312.9645526131294,297.00344348467615,291.30956838031994,286.87679800995926,275.5702726470297,268.6675872246813,259.1762634374803,256.34931177218243,245.62503003821612,,,,297.00344348467615,275.5702726470297,259.1762634374803,,293.2341158261646,"rgba(239, 83, 80, 0.75)",9.41216390568256,315.5603018951547,1.3609726980117203,38.37974070619738,-20.423317108624644,False,True,False,True,True,2.3782061336066285,0.0,0.0,0.0,0.0,0,1.0211864831038802,0.9095669586983735,False,False,False,False,0.018313657818235057,-0.018785856843681364,False,False,False,False,278769.0,228028.25027416722,False,False,False,False,5355.038310139147,False,False,False,False
2025-08-15 15:00:00+00:00,328.54,330.63,326.09,326.78,6866.0,,,,,,,,,,321.14008637210543,330.13568006465744,324.80429779398276,322.44060015262284,314.8828615312583,313.08651988801523,297.15510322697895,291.47254291120754,287.04539061230685,275.74629701639043,268.8470837341346,259.35540972192155,256.52918473913553,245.80283214466206,,,,297.15510322697895,275.74629701639043,259.35540972192155,,293.46027785067,"rgba(239, 83, 80, 0.75)",9.388725000988705,315.7043122588593,1.1796796412691073,41.61478222273995,-17.20942229483999,False,True,False,True,True,1.4572357073502253,0.0,0.0,0.0,0.0,0,1.0372882368759153,0.9061619209816054,False,False,False,False,0.07014329438573776,0.025678718771028196,False,False,False,False,271903.0,228708.47895208708,False,False,False,False,5378.464072772649,False,False,False,False
2025-08-15 16:00:00+00:00,326.89,331.09,326.56,330.17,4958.0,,,,,,,,,,322.0882767039754,330.1235414395384,324.84668262974026,322.4969896897606,314.9736388274993,313.18183618020083,297.26879071978954,291.5939518571878,287.1705400597794,275.8761640484019,268.9791718195832,259.4869007925431,256.661122559173,245.93299264572445,,,,297.26879071978954,275.8761640484019,259.4869007925431,,293.620042855207,"rgba(239, 83, 80, 0.75)",9.344043997395964,315.8132629918167,1.536458626712834,45.58275701054494,-13.29881069487736,False,True,False,True,True,3.3135045495802586,0.0,0.0,0.0,0.0,0,1.0357074909629809,0.9112619784313142,False,False,False,False,0.07642105810901016,0.051049888440019175,False,False,False,False,276861.0,229455.02966600822,False,False,False,False,5371.9452499389645,False,False,False,False
2025-08-15 17:00:00+00:00,330.17,330.17,327.325,329.42,3768.0,,,,,,,,,,322.6485111384713,330.1113494123463,324.87620180854657,322.5373459712503,315.04042650804786,313.25218363827105,297.35384523973113,291.6849658437192,287.26447870525607,275.9738850209162,269.0786707504714,259.58607104790303,256.76065829244874,246.03128428893604,,,,297.35384523973113,275.9738850209162,259.58607104790303,,293.728562690451,#000000,9.327009170313357,315.8857041669865,1.4510863649723214,47.775131743965126,-11.007123166801414,False,True,False,False,True,2.8697882237277703,0.0,0.0,0.0,0.0,0,1.0335453961628003,0.9190214337320386,False,False,False,False,0.07537435987181844,0.06321212415591881,False,False,False,False,273093.0,230131.587345605,False,False,False,False,5347.077881722857,False,False,False,False
2025-08-15 18:00:00+00:00,329.21,329.515,326.95,327.785,6975.0,,,,,,,,,,323.3601156664351,330.0723777919204,324.9181310292302,322.60060508090686,315.1546139477767,313.3734979592776,297.5057026137771,291.84829264723004,287.4335802351448,276.150815535463,269.2592674663592,259.7665607765124,256.9419312950815,246.21067848202682,,,,297.5057026137771,276.150815535463,259.7665607765124,,293.8997264662244,#000000,9.290651231067914,315.9925134515219,1.2692852476308727,48.21754128855201,-10.194104191662866,False,True,False,False,True,1.9005542320039375,0.0,0.0,0.0,0.0,0,1.0264236810713825,0.9230445373349777,False,False,False,False,0.06842295664705808,0.06581754040148845,False,False,False,False,266118.0,230689.5162239677,False,False,False,False,5372.316984331805,False,False,False,False
2025-08-15 19:00:00+00:00,327.84,332.18,327.37,329.82,12027.0,,,,,,,,,,324.5444125649585,330.0633212264729,325.02553667412724,322.7392777596017,315.37226169735425,313.60182027981926,297.7784747634479,292.13960452884487,287.73399950797085,276.463025177705,269.57704745101245,260.08327462850144,257.2597924989807,246.5245823836197,,,,297.7784747634479,276.463025177705,260.08327462850144,,294.2076022244583,#000000,9.24594530903705,317.93693996328113,1.2852185081718228,49.79939471001373,-8.196780257585665,False,True,False,False,True,3.0381360134273407,0.0,0.0,0.0,0.0,0,1.0254106289828773,0.9202178053912822,False,False,False,False,0.08926584912914631,0.07754169476531739,False,False,False,False,278145.0,231425.26015847982,False,False,False,False,5475.490364419684,False,False,False,False
2025-08-18 14:00:00+00:00,326.89,329.59,326.89,329.57,9703.0,,,,,,,,,,325.07987140171457,330.0285145538783,325.089457632888,322.83035796084124,315.5300708563444,313.7691663302649,297.98770954073495,292.36457269534026,287.96698351180544,276.7070970283266,269.8263332009045,260.33268526918073,257.510336181533,246.7727736449912,,,,297.98770954073495,276.7070970283266,260.33268526918073,,294.41399498633916,#000000,9.198829573514727,318.0323467949844,1.254252305992799,50.67080639488856,-6.826761614420434,False,False,False,False,True,2.8861937666296953,0.0,0.0,0.0,0.0,0,1.0221336170466637,0.9253462727824129,False,False,False,False,0.06852414169268238,0.07303291822899988,False,False,False,False,268442.0,231999.1631017592,False,False,False,False,5541.03314946744,False,False,False,False
2025-08-18 15:00:00+00:00,329.685,329.92,327.84,329.165,3985.0,,,,,,,,,,325.276388347302,330.0177132934721,325.11714564926234,322.8687848754485,315.595217274118,313.8381471634433,298.07363208130295,292.4569018067643,288.06258324767884,276.8072359202245,269.9286105408726,260.4350279309475,257.6131450323581,246.87463279600436,,,,298.07363208130295,276.8072359202245,260.4350279309475,,294.49751185422855,#000000,9.093883450774095,318.0792729311177,1.2190311354758632,50.9275365904723,-5.97669326471685,False,False,False,False,True,2.636317205010805,0.0,0.0,0.0,0.0,0,1.0238759166823792,0.924224231177621,False,False,False,False,0.07716397748007707,0.07509844785453848,False,False,False,False,264457.0,232502.3853792513,False,False,False,False,5516.908604514457,False,False,False,False
2025-08-18 16:00:00+00:00,329.26,331.86,327.485,327.485,6585.0,,,,,,,,,,325.5585731147234,329.9998145262147,325.1616753621344,322.9309168899485,315.70124415467427,313.95053732246635,298.2144305765657,292.6083229775955,288.2194621124354,276.9717719158505,270.09675522115157,260.6033987405733,257.78230936195797,247.04233282307555,,,,298.2144305765657,276.9717719158505,260.6033987405733,,294.6315389356691,#000000,9.038452641032697,318.15471754270413,1.0322875859235392,49.73212477223193,-5.97669326471685,False,False,False,False,True,1.5961570715544937,0.0,0.0,0.0,0.0,0,1.0275164721759151,0.9225212352147341,False,False,False,False,0.08787862396426974,0.08148853590940411,False,False,False,False,257872.0,232895.7127377125,False,False,False,False,5533.468161033612,False,False,False,False
2025-08-18 17:00:00+00:00,327.485,328.71,325.9,326.87,5225.0,,,,,,,,,,325.65072976783114,329.96276501985886,325.1799600726398,322.96496301917216,315.773012900042,314.028065828621,298.31880865521157,292.72172664357544,288.3376730496277,277.0971346980611,270.2254701776593,260.7329373228162,257.91261682908754,247.1720241095606,,,,298.31880865521157,277.0971346980611,260.7329373228162,,294.7198491495546,#000000,9.036823057525238,318.1821714425722,0.9613808417099827,48.43370287220972,-5.97669326471685,False,True,False,False,True,1.2147278687264134,0.0,0.0,0.0,0.0,0,1.0252418680574913,0.9277580921288375,False,False,False,False,0.05591986213014507,0.06870419901977459,False,False,False,False,252647.0,233201.93424565496,False,False,False,False,5528.685708924564,False,False,False,False
2025-08-18 18:00:00+00:00,326.76,327.3,325.445,325.885,6384.0,,,,,,,,,,325.6874696439596,329.90388307084544,325.1913482537005,322.9965710044846,315.8522755929458,314.1148011238376,298.4411551687689,292.8554844639926,288.4776241924402,277.2465672456285,270.379339450272,260.8882733674822,258.0689908517423,247.32803926343024,,,,298.4411551687689,277.2465672456285,260.8882733674822,,294.8165587638236,"rgba(239, 83, 80, 1.0)",9.024490802937253,318.2005854621449,0.8515067171827594,46.74060191853545,-5.97669326471685,False,True,False,True,False,0.5994649799832281,0.0,0.0,0.0,0.0,0,1.0187720958024202,0.9316635960762838,False,False,False,False,0.043366941614060295,0.056035570316917444,False,False,False,False,246263.0,233404.43138913318,False,False,False,False,5541.946395607904,False,False,False,False
2025-08-18 19:00:00+00:00,325.885,327.11,323.53,327.11,12009.0,,,,,,,,,,325.71267755909474,329.7895736976338,325.2061258334323,323.049112539324,315.99402940868293,314.27078012463306,298.66601680317007,293.10203611372094,288.7360790358648,277.52354667589174,270.6649953850319,261.17718580137654,258.35995735698174,247.61877272625523,,,,298.66601680317007,277.52354667589174,261.17718580137654,,294.99077779007814,"rgba(239, 83, 80, 1.0)",9.02203394299286,318.2368778695355,0.9834946517083348,46.94184317025676,-5.97669326471685,False,True,False,True,False,1.3539404326954525,0.0,0.0,0.0,0.0,0,1.0163062391250313,0.9320904797414868,False,False,False,False,0.029214818784941733,0.042625194550929585,False,False,False,False,258272.0,233789.97508852647,False,False,False,False,5642.210792575223,False,False,False,False
2025-08-19 14:00:00+00:00,291.425,292.21,285.33,288.73,10888.0,,,,,,,,,,322.3616857238827,328.7500335409623,324.54504002323216,322.4986627446701,315.65059581215996,313.9686708148136,298.59302982242514,293.0728530427879,288.736207091244,277.58120896386964,270.748971864757,261.2878340843512,258.477688268969,247.7562922651103,,,,298.59302982242514,277.58120896386964,261.2878340843512,,294.57348386165967,"rgba(239, 83, 80, 1.0)",10.154447985584362,317.2527965949132,-2.808896814027235,35.82597484767822,-8.447371298654076,False,True,False,True,False,0.0,0.0,0.0,0.0,0.0,0,0.9929096953010617,0.9379736461661713,False,False,False,False,-0.34282825441539394,-0.1501015299322322,False,False,False,False,247384.0,234000.73516467336,False,False,False,False,5723.540857806615,False,False,False,False
2025-08-19 15:00:00+00:00,288.5,294.61,287.95,294.27,11396.0,,,,,,,,,,319.75393449605616,327.8078764789306,323.9438924562786,321.9993059637401,315.34614313972884,313.70312567383814,298.54470876190265,293.06729551974536,288.7591071836011,277.65974189603253,270.85305395706047,261.4174171589424,258.6141512429497,247.911519744593,,,,298.54470876190265,277.65974189603253,261.4174171589424,,294.2415195480999,"rgba(239, 83, 80, 1.0)",10.907144545855724,316.46777486507983,-2.035159135533242,31.403628205112458,-12.254075300894357,False,True,False,True,False,0.0,0.0,0.0,0.0,0.0,0,0.9981575562994247,0.9334348805603951,False,False,False,False,-0.31160686822400707,-0.23085419907811963,False,False,False,False,258780.0,234384.90981328307,False,False,False,False,5811.485960786357,False,False,False,False
2025-08-19 16:00:00+00:00,294.305,295.0,290.79,291.46,10757.0,,,,,,,,,,317.6863890412243,326.96547474955344,323.3990664839541,321.54500645524485,315.0676504088997,313.45996617216014,298.50077433307354,293.0630367271517,288.7813026474959,277.73380775256305,270.95101677200205,261.53929426352937,258.7424868039812,248.05751265979575,,,,298.50077433307354,277.73380775256305,261.53929426352937,,293.96377037647346,"rgba(239, 83, 80, 1.0)",11.720457897769144,315.81908522070006,-2.078339040434295,28.03509631901735,-15.145434568331368,False,True,False,True,False,0.0,0.0,0.0,0.0,0.0,0,1.00284302505132,0.9343106799643945,False,False,False,False,-0.2918283908374266,-0.26134129495777314,False,False,False,False,248023.0,234596.35307199185,False,False,False,False,5888.1605970532355,False,False,False,False
2025-08-19 17:00:00+00:00,291.62,293.44,288.36,292.43,13540.0,,,,,,,,,,315.4023657529263,325.9311969975609,322.7180531678436,320.97354188725365,314.71142111566917,313.147413522539,298.43735775499243,293.04952846043653,288.8012293858389,277.81966556641083,271.06734227004716,261.686389970878,258.89785820075394,248.23578071652102,,,,298.43735775499243,277.81966556641083,261.686389970878,,293.6342246264051,"rgba(239, 83, 80, 1.0)",12.294853837029516,315.0639047755022,-1.8409250793477194,26.346747065028858,-16.632337185485888,False,True,False,True,False,0.0,0.0,0.0,0.0,0.0,0,0.9980991346536807,0.939950758535791,False,False,False,False,-0.3162946275902487,-0.28881796127401094,False,False,False,False,261563.0,235014.4406212633,False,False,False,False,6006.793766091169,False,False,False,False
2025-08-19 18:00:00+00:00,291.87,293.56,287.37,289.37,11711.0,,,,,,,,,,313.63311428361027,325.05181859491694,322.1283093878753,320.4753297116177,314.3950109449784,312.8682744115141,298.3733597602514,293.02882770167076,288.8096892862453,277.88598615221775,271.1604820296193,261.80689645648266,259.0256879198291,248.3841472510116,,,,298.3733597602514,277.88598615221775,261.80689645648266,,293.35906670656004,"rgba(239, 83, 80, 1.0)",13.02387802745093,314.44494281815076,-1.9253054094409772,24.684360898787123,-18.280395517509113,False,True,False,True,False,0.0,0.0,0.0,0.0,0.0,0,0.9958011209024888,0.9414139229785015,False,False,False,False,-0.32167745953403787,-0.30524771040402443,False,False,False,False,249852.0,235244.48030155376,False,False,False,False,6095.231072043244,False,False,False,False
2025-08-19 19:00:00+00:00,289.31,289.37,284.785,285.47,12900.0,,,,,,,,,,311.695661479498,324.03813919377296,321.43340717283616,319.88267419652544,314.00607355328935,312.52167051767066,298.274156975749,292.97906092523215,288.79353190684094,277.93717309638265,271.2429502076627,261.921913824052,259.14930334331103,248.53252771226394,,,,298.274156975749,277.93717309638265,261.921913824052,,293.0291602932205,"rgba(239, 83, 80, 1.0)",13.822834598351319,313.73405844718604,-2.044736790133996,22.925742344034084,-20.13539214623515,False,True,False,True,False,0.0,0.0,0.0,0.0,0.0,0,0.9860989198000826,0.9500743421170486,False,False,False,False,-0.34282825441539394,-0.32403798240970916,False,False,False,False,236952.0,235270.95347517307,False,False,False,False,6200.731365499938,False,False,False,False
2025-08-20 14:00:00+00:00,279.1,279.5,274.41,278.31,3273.0,,,,,,,,,,311.08457824677566,323.728775031249,321.21635549798293,319.6952820663856,313.87686336753677,312.40476385509544,298.22985933679104,292.94880907017466,288.7729872100533,277.9363783038207,271.2513236718566,261.94016135183966,259.1700901273676,248.560987630285,,,,298.22985933679104,277.9363783038207,261.94016135183966,,292.9155153405153,"rgba(239, 83, 80, 1.0)",14.839898815251114,313.50721733327816,-2.3717963155588113,20.72650501232635,-22.453942332504063,False,True,False,True,False,0.0,0.0,0.0,0.0,0.0,0,0.9797632280033173,0.9563859630551002,False,False,False,False,-0.34282825441539394,-0.3334331184125515,False,False,False,False,233679.0,235246.27202594557,False,False,False,False,6155.340181538698,False,False,False,False
2025-08-20 15:00:00+00:00,279.105,284.92,278.58,280.67,5465.0,,,,,,,,,,310.226489582397,323.26491286682773,320.8911926068683,319.41517565550237,313.6864830284012,312.2333082617397,298.1703813382778,292.91143697640234,288.7508121171151,277.9449961158902,271.27426951002826,261.97835632660974,259.2122511240279,248.6149278138995,,,,298.1703813382778,277.9449961158902,261.97835632660974,,292.75535666599905,"rgba(239, 83, 80, 1.0)",15.68636047855293,313.17890684174984,-2.072431453184912,20.810589442947474,-22.710591791946765,False,True,False,True,False,0.0,0.0,0.0,0.0,0.0,0,0.9899030623871546,0.9444142549126162,False,False,False,False,-0.29341913529520836,-0.31342612685387994,False,False,False,False,239144.0,235306.70191701615,False,False,False,False,6144.63723298771,False,False,False,False
2025-08-20 16:00:00+00:00,280.63,282.43,279.44,279.48,1622.0,,,,,,,,,,309.97327991010496,323.1261425747231,320.79343198973055,319.33079164413584,313.62877511828526,312.18124504767235,298.1518248151069,292.8994903138952,288.7434189993604,277.946849945538,271.2804288244869,261.98911610679517,259.2242045730441,248.63044487213085,,,,298.1518248151069,277.946849945538,261.98911610679517,,292.7071031953579,"rgba(239, 83, 80, 1.0)",16.549889007005092,313.0807872880644,-2.0302726667134836,20.65289630749112,-23.329738054102563,False,True,False,True,False,0.0,0.0,0.0,0.0,0.0,0,1.0041693507980818,0.9426669529740177,False,False,False,False,-0.30171354273826284,-0.30756983479607136,False,False,False,False,237522.0,235341.04762372907,False,False,False,False,6074.518826274722,False,False,False,False
2025-08-20 17:00:00+00:00,280.195,281.44,278.51,280.76,2426.0,,,,,,,,,,309.59981537564215,322.91922763257594,320.64732337107176,319.204570961444,313.5422827670686,312.10317108041977,298.12380892325336,292.8813591081243,288.7321019653046,277.94938170033777,271.28941182619394,262.0050002637281,259.24187862768764,248.65346986922512,,,,298.12380892325336,277.94938170033777,262.0050002637281,,292.63520024800545,"rgba(239, 83, 80, 1.0)",17.357369674004282,312.93487119107914,-1.8536720594979714,21.494922008795708,-23.329738054102563,False,True,False,True,False,0.0,0.0,0.0,0.0,0.0,0,0.9954432551241046,0.9427101016779545,False,False,False,False,-0.31153569763494765,-0.30955276621550953,False,False,False,False,239948.0,235412.47324196584,False,False,False,False,6017.952642921626,False,False,False,False
2025-08-20 18:00:00+00:00,280.76,281.93,280.355,280.81,4774.0,,,,,,,,,,308.91080025529493,322.5253020202757,320.36845258843994,318.96357192669245,313.3774123839467,311.9544476990465,298.0713719635364,292.8480645808062,288.7119952904507,277.95607347685086,271.30860251810094,262.0375367474325,259.27788551865154,248.6998198044893,,,,298.0713719635364,277.95607347685086,262.0375367474325,,292.5008097695725,"rgba(239, 83, 80, 1.0)",18.10904201952461,312.66053355397463,-1.758819352212799,22.096348016217775,-23.329738054102563,False,True,False,True,False,0.0,0.0,0.0,0.0,0.0,0,0.9988098753501027,0.9421402557425752,False,False,False,False,-0.29959799100897555,-0.30457537861224254,False,False,False,False,244722.0,235556.8069901524,False,False,False,False,5998.666555434469,False,False,False,False
2025-08-20 19:00:00+00:00,280.81,283.86,280.02,280.22,8205.0,,,,,,,,,,307.8144917356308,321.8706313981155,319.902229228312,318.55999960970547,313.10081980022824,311.7048715836178,297.9837542161583,292.7928867616784,288.67917912981983,277.96875225045426,271.3425395520896,262.09417917466396,259.3404415031192,248.77999364118665,,,,297.9837542161583,277.96875225045426,262.09417917466396,,292.2810549703414,"rgba(239, 83, 80, 1.0)",18.830752725216293,312.21081540056616,-1.6988601500633154,22.33923048909122,-23.329738054102563,False,True,False,True,False,0.0,0.0,0.0,0.0,0.0,0,0.9984465811393528,0.9388274365910495,False,False,False,False,-0.2914911371865205,-0.2980332578993815,False,False,False,False,236517.0,235571.69370348335,False,False,False,False,6032.873275505252,False,False,False,False
2025-08-21 14:00:00+00:00,275.34,278.275,274.4,276.02,2013.0,,,,,,,,,,307.509070270002,321.6932241393184,319.7745289923495,318.44882044416727,313.0228271969884,311.6340032592005,297.95579912602597,292.7733831283089,288.6655506147927,277.9671694075275,271.3465834170172,262.1043359267608,259.3521694450453,248.79651318439298,,,,297.95579912602597,277.9671694075275,262.1043359267608,,292.2174270394212,"rgba(239, 83, 80, 1.0)",19.63340062745729,312.08562882068804,-1.836952726887787,21.43483568599695,-24.316295485324936,False,True,False,True,False,0.0,0.0,0.0,0.0,0.0,0,0.9907765651822009,0.9480392418461104,False,False,False,False,-0.34282825441539394,-0.3204307561573877,False,False,False,False,234504.0,235555.14031273167,False,False,False,False,5970.549658830752,False,False,False,False
2025-08-21 15:00:00+00:00,276.02,276.75,274.77,275.3,2520.0,,,,,,,,,,307.1274752506578,321.47004253983516,319.6134350696657,318.30841154547613,312.9240042793447,311.54412475040294,297.919900383635,292.74811183924714,288.64767611311476,277.96447983810197,271.350989885963,262.11646863376103,259.3662855097133,248.8166949072716,,,,297.919900383635,277.96447983810197,262.11646863376103,,292.13700718187073,"rgba(239, 83, 80, 1.0)",20.400421577079335,311.92810787366705,-1.795458379880744,20.65973434917363,-25.43709510135156,False,True,False,True,False,0.0,0.0,0.0,0.0,0.0,0,0.9887676479757717,0.951712466040173,False,False,False,False,-0.34282825441539394,-0.3316295052863908,False,False,False,False,231984.0,235499.7737962552,False,False,False,False,5917.052764895392,False,False,False,False
2025-08-21 16:00:00+00:00,275.02,275.05,273.82,273.87,1088.0,,,,,,,,,,306.95854279310123,321.37151391373897,319.5421077959601,318.2461529530481,312.8799499671622,311.5039952486292,297.90349435647215,292.7363602060111,288.63917075514644,277.9626518196515,271.3522824651579,262.12117273609624,259.37186275445345,248.82495703770064,,,,297.90349435647215,277.9626518196515,262.12117273609624,,292.1010153430235,"rgba(239, 83, 80, 1.0)",21.15423690869586,311.85821498790546,-1.795773355090377,19.78923178109621,-26.597921133290345,False,True,False,True,False,0.0,0.0,0.0,0.0,0.0,0,0.9858977114000215,0.9615701443358046,False,False,False,False,-0.34282825441539394,-0.33722887985089234,False,False,False,False,230896.0,235428.39745832875,True,False,False,False,5842.183729780734,True,False,False,False
2025-08-21 17:00:00+00:00,273.96,276.28,272.53,276.08,2461.0,,,,,,,,,274.96333333333325,306.5909894831675,321.153523265461,319.38413333784524,318.10825747199647,312.7825123468454,311.4152820981282,297.8675901969874,292.7108617915895,288.6209252239881,277.95931973850105,271.3559248440365,262.13242782409753,259.38506985274984,248.84415205229791,,,274.96333333333325,297.8675901969874,277.95931973850105,262.13242782409753,,290.8849535240684,"rgba(239, 83, 80, 0.75)",21.81220855144963,310.55938239067683,-1.5807377922940942,21.614386376306996,-26.597921133290345,False,True,False,True,True,0.0,1.0,276.28,272.53,0.0,0,0.9853548260271279,0.9592276212091428,True,False,False,False,-0.34282825441539394,-0.3400285671331431,False,False,False,False,233357.0,235396.2827690523,False,False,False,False,5789.762276605839,False,False,False,False
2025-08-21 18:00:00+00:00,276.08,278.61,276.08,278.385,5698.0,,,,,,,,,276.868719205785,305.84224517186084,320.68593381694876,319.04483760540944,317.8123109643261,312.5749610670235,311.2267774043465,297.7947415276227,292.66113744831716,288.58726905658654,277.95863304902264,271.3706868964927,262.1639364603185,259.42090323943677,248.8931176746227,,,276.868719205785,297.7947415276227,277.95863304902264,262.1639364603185,,290.860414039208,"rgba(239, 83, 80, 0.75)",22.371449398692032,310.3360573468834,-1.428206853184554,25.16407369552944,-28.42273953334214,False,True,False,True,True,0.0,0.0,0.0,0.0,0.0,0,0.9945209152663569,0.9524043618162321,False,False,False,False,-0.3134069908720341,-0.3267177790025886,False,False,False,False,239055.0,235453.00706720655,False,False,False,False,5788.33960565071,False,False,False,False
2025-08-21 19:00:00+00:00,278.385,278.385,276.49,277.035,11611.0,,,,,,,,,277.123969819592,304.41109030090223,319.755252623793,318.3639221990565,317.21675891281564,312.15491086105345,310.8447307741673,297.64507539949625,292.5582224592977,288.5169027083608,277.9552249614564,271.3987210751353,262.22615338734715,259.4919468698823,248.9910452552852,,,277.123969819592,297.64507539949625,277.9552249614564,262.22615338734715,,290.5769285071761,"rgba(239, 83, 80, 0.75)",22.932576739628676,309.7197235044272,-1.4252529872906199,26.905508243212672,-26.789909725053402,False,True,False,True,True,0.0,0.0,0.0,0.0,0.0,0,0.9952872792309414,0.951799687010955,False,False,False,False,-0.3124900325523065,-0.31960390577744757,False,False,False,False,227444.0,235328.8364150018,False,False,False,False,5878.613410214264,False,False,False,False
2025-08-22 14:00:00+00:00,276.055,288.21,276.055,285.4,4508.0,,,,,,,,,278.25620548095674,304.0064135581492,319.4534731982144,318.14275176163346,317.0238167906575,312.02174782334345,310.72447449770374,297.60429005736137,292.5339942100147,288.5041132014177,277.96583767089874,271.420372341045,262.259599709548,259.5284925575855,249.03679395387962,,,278.25620548095674,297.60429005736137,277.96583767089874,262.259599709548,,290.56549178749384,"rgba(239, 83, 80, 0.5)",23.262719158143774,309.583307862007,-1.0395735639331307,34.756623427770734,-19.64559637343298,False,False,False,True,True,0.0,0.0,0.0,0.0,0.0,0,0.9913700676685124,0.9389313647947977,False,False,False,False,-0.2665751182656966,-0.2930895120215721,False,False,False,False,231952.0,235276.48236205603,False,False,False,False,5857.363589900864,False,False,False,False
2025-08-22 15:00:00+00:00,285.635,289.72,285.635,287.35,3667.0,,,,,,,,,279.47816192521026,303.75495163640807,319.24065720739424,317.98702438446225,316.88845267098276,311.9305403985075,310.6427609923506,297.58125845414395,292.52353440422036,288.5022782830057,277.9815524686413,271.44439139131674,262.2923531467003,259.5635760116912,249.07863816986728,,,279.47816192521026,297.58125845414395,277.9815524686413,262.2923531467003,,290.5926754363269,"rgba(239, 83, 80, 0.5)",23.549466780751022,309.51508540902876,-0.9412138973416646,41.15157618741381,-14.166403270786155,True,False,False,True,True,0.0,0.0,0.0,0.0,0.0,0,1.0059071803699855,0.9359472897751602,False,False,False,False,-0.2137129183725614,-0.2534012151970667,False,False,False,False,235619.0,235281.7927130319,False,False,False,False,5823.404464476044,False,False,False,False
2025-08-22 16:00:00+00:00,287.4,291.33,286.61,291.32,5534.0,,,,,,,,,281.17662360484684,303.439003748617,318.9466033237108,317.77165836649505,316.701558472727,311.8064071670954,310.53210478933556,297.55424135030614,292.5147561587787,288.50596945658395,278.01055419254135,271.48539818804676,262.3458814370013,259.6204738011072,249.14519006893582,,,281.17662360484684,297.55424135030614,278.01055419254135,262.3458814370013,,290.637094941742,#000000,23.745641460284837,309.42722274572503,-0.7625493198829693,47.54401040060424,-8.786579481064365,True,False,False,False,True,0.0,0.0,0.0,0.0,0.0,0,1.0094347012489666,0.9338874624657295,False,False,False,False,-0.20156847120680868,-0.22748484320193768,False,False,False,False,241153.0,235372.81918259728,False,False,False,False,5818.917573553935,False,False,False,False
2025-08-22 17:00:00+00:00,291.135,295.54,291.135,294.71,4829.0,,,,,,,,,282.7672610594828,303.25277604052116,318.72962693077477,317.61311975683594,316.5647101005515,311.71886226565476,310.45509520973746,297.5429536779567,292.5182864290234,288.5195515116031,278.0444149279426,271.5289147439626,262.39928322405166,259.67658411276244,249.2088482443072,,,282.7672610594828,297.5429536779567,278.0444149279426,262.39928322405166,,290.7026858823445,"rgba(38, 166, 154, 1.0)",23.880725579769425,309.3887924153533,-0.6146711232169789,53.36021624809359,-3.9468412940771387,True,False,True,False,True,0.0,0.0,0.0,0.0,0.0,0,1.017531836635553,0.9266456157396162,False,False,False,False,-0.16094018803534085,-0.19421251561863928,False,False,False,False,245982.0,235537.3026061229,False,False,False,False,5803.570014274029,False,False,False,False
2025-08-22 18:00:00+00:00,294.53,294.98,292.97,294.38,9220.0,,,,,,,,,284.96764931549126,302.9276776194425,318.33068747426006,317.3200998576586,316.311468408664,311.55695122036326,310.3127551960101,297.523384924256,292.52662272985896,288.5468278222176,278.10994824497914,271.61269984841783,262.50175903315636,259.784189668027,249.33074304184368,,,284.96764931549126,297.523384924256,278.10994824497914,262.50175903315636,,290.777564293643,"rgba(38, 166, 154, 1.0)",24.017032591945238,309.2838096305815,-0.6205516678017882,56.96231802593561,-1.037606695053853,True,False,True,False,True,0.0,0.0,0.0,0.0,0.0,0,1.0214423260413235,0.92595805214857,False,False,False,False,-0.1550567774739469,-0.17463464654629307,False,False,False,False,236762.0,235556.29016261708,False,False,False,False,5856.53792102947,False,False,False,False
2025-08-22 19:00:00+00:00,294.38,295.33,293.01,294.045,24930.0,,,,,,,,,288.11948696716263,302.15586777494354,317.3147868936554,316.5637931815586,315.655026305929,311.1341520915394,309.9404317253787,297.4718513519053,292.54898814067997,288.61950359931046,278.28469609935007,271.8363463674167,262.77571481641974,260.0719588978006,249.65717859500703,,,288.11948696716263,297.4718513519053,278.28469609935007,262.77571481641974,,290.80998552053717,"rgba(38, 166, 154, 1.0)",24.12792813766348,308.89525146420056,-0.6154797618540412,59.05767548479442,0.724777012314668,True,False,True,False,True,0.0,0.0,0.0,0.0,0.0,0,1.0211698971004182,0.926547398011418,False,False,False,False,-0.15325928917347925,-0.16394696785988616,False,False,False,False,211832.0,235188.47171048349,False,False,False,False,6152.250511401106,False,False,False,False
2025-08-25 14:00:00+00:00,309.32,313.7,309.31,312.44,6083.0,,,,,,,,,289.9548333991164,302.3582963668471,317.2590454896968,316.5263176016927,315.62750999950504,311.13816829295087,309.9509048186231,297.524784635067,292.6144126655495,288.6929703987781,278.3737172557986,271.9330111918285,262.87914940480664,260.1775351229733,249.7675036785613,,,289.9548333991164,297.524784635067,278.3737172557986,262.87914940480664,,290.98521068811965,"rgba(38, 166, 154, 1.0)",24.090605849547142,309.01011383781866,0.14237442526775673,66.20236821016083,7.275213203089834,True,False,True,False,True,1.4086497934044537,0.0,0.0,0.0,0.0,0,1.0189117535664691,0.9219374658081896,False,False,False,False,0.003983516488971375,-0.07998172568545739,False,False,False,False,217915.0,234920.66594753024,False,False,False,False,6151.176860061554,False,False,False,False
2025-08-25 15:00:00+00:00,312.19,313.73,311.01,312.05,5789.0,,,,,,,,,291.48624459464804,302.5519499972419,317.2113061172161,316.4945293652164,315.60471412914507,311.1444341465806,309.9631239645581,297.57636113613046,292.67770257603246,288.7637977918136,278.45912370666525,272.0255963723443,262.97807522689146,260.27847500416516,249.87288670426167,,,291.48624459464804,297.57636113613046,278.45912370666525,262.97807522689146,,291.1392213888607,"rgba(38, 166, 154, 1.0)",24.050213045263426,309.11112574369065,0.12219743129835428,70.66856267567364,11.271550240195815,True,False,True,False,True,1.2204590105132347,0.0,0.0,0.0,0.0,0,1.0230663715697084,0.9222677584132086,False,False,False,False,0.011770985761673155,-0.03410536996189212,False,False,False,False,212126.0,234567.26027392512,False,False,False,False,6145.561714944321,False,False,False,False
2025-08-25 16:00:00+00:00,312.05,312.82,310.64,310.76,2944.0,,,,,,,,,292.1582170329461,302.63912294635185,317.18323347083117,316.47530825169844,315.59029745803076,311.14517470039374,309.9669927169785,297.600930334485,292.7083315872223,288.7983469547154,278.5012957915551,272.07151879907127,263.02736033116753,260.3288146721226,249.9256091090555,,,292.1582170329461,297.600930334485,278.5012957915551,263.02736033116753,,291.208036943775,"rgba(38, 166, 154, 1.0)",23.99023941293889,309.1533021712565,0.06697298018113776,72.59653687442447,13.081898762310303,True,False,True,False,True,0.5920664010908965,0.0,0.0,0.0,0.0,0,1.0213268137520304,0.9306899702219815,False,False,False,False,0.00600907411837215,-0.014048147921759985,False,False,False,False,209182.0,234173.69034719758,False,False,False,False,6095.925099208749,False,False,False,False
2025-08-25 17:00:00+00:00,310.76,311.89,309.795,309.795,3103.0,,,,,,,,,292.7877341211444,302.71978519624196,317.1493050579673,316.45158327208907,315.5719149800049,311.14324021622366,309.96847532757056,297.6250252070337,292.7389349499674,288.8331816119849,278.54439828509857,272.11868443557233,263.07822012599263,260.3808190705345,249.98025717766944,,,292.7877341211444,297.6250252070337,278.54439828509857,263.07822012599263,,291.2727706023397,"rgba(38, 166, 154, 1.0)",23.970530103472424,309.1897349456804,0.025250382519989505,73.0608959739606,13.805127043330124,True,False,True,False,True,0.11932600061720677,0.0,0.0,0.0,0.0,0,1.0185474671511259,0.9319954370695849,False,False,False,False,-0.00198049816060576,-0.008014323041182872,False,False,False,False,206079.0,233738.11375266738,False,False,False,False,6049.523159686133,False,False,False,False
2025-08-25 18:00:00+00:00,309.87,312.16,309.87,311.48,2244.0,,,,,,,,,293.2330953743392,302.7820816140365,317.12745534270016,316.43647820604815,315.56046396529035,311.1432975243049,309.97091791549104,297.6433071969489,292.76184186744706,288.85908822012806,278.5761551166998,272.15332135042803,263.1154565312855,260.4188669316009,250.0201569103322,,,293.2330953743392,297.6433071969489,278.5761551166998,263.1154565312855,,291.3201322711387,"rgba(38, 166, 154, 1.0)",23.92832510562318,309.21751602642667,0.09455254237755517,73.88647210880316,15.08405259806321,True,False,True,False,True,0.9445090211227587,0.0,0.0,0.0,0.0,0,1.0177159874132127,0.9323164918970448,False,False,False,False,-0.00042760737731718036,-0.004220965209250026,False,False,False,False,208323.0,233344.0809813082,False,False,False,False,5990.522800621232,False,False,False,False
2025-08-25 19:00:00+00:00,311.53,313.42,311.125,312.195,9739.0,,,,,,,,,295.0421337762147,303.07551577865,317.05125744535445,316.38511086171656,315.5234688773723,311.15345832001645,309.99082091015396,297.7283530128166,292.86637836998614,288.9762228803082,278.7177961456127,272.3070655604608,263.2800031356861,260.58682606033136,250.1957595363038,,,295.0421337762147,297.7283530128166,278.7177961456127,263.2800031356861,,291.52534471139893,"rgba(38, 166, 154, 1.0)",23.851752348415122,309.3444796275912,0.11950989305815826,74.66212257337237,16.424378425335036,True,False,True,False,True,1.2961913363740045,0.0,0.0,0.0,0.0,0,1.0185359776423448,0.9309151823293712,False,False,False,False,0.010893153558794435,0.0033360941747722045,False,False,False,False,218062.0,233107.14949322588,False,False,False,False,6048.638726192996,False,False,False,False
2025-08-26 14:00:00+00:00,315.39,324.825,315.39,323.56,10996.0,,,,,,,,,297.5852133690909,303.69047769100723,317.1241301956411,316.45164717858427,315.5948562887561,311.25744218398165,310.10099389723905,297.8820607763974,293.03732649043525,289.1577466491505,278.918892796916,272.51809086007347,263.4984160888559,260.80801316912226,250.4214614823078,,,297.5852133690909,297.8820607763974,278.918892796916,263.4984160888559,,291.86978460783723,"rgba(38, 166, 154, 1.0)",23.800041742715308,309.6384731771051,0.5849370758837431,77.8009794766279,19.940251636316177,True,False,True,False,True,6.567213148300546,0.0,0.0,0.0,0.0,0,1.0217909262384592,0.9146977067407923,False,False,False,False,0.08160602748605347,0.04247106083041284,False,False,False,False,229058.0,233044.371981703,False,False,False,False,6125.342001755896,False,False,False,False
2025-08-26 15:00:00+00:00,323.77,326.82,322.55,326.7,6251.0,,,,,,,,,299.03662804016494,304.09918612101933,317.2044047139938,316.52023299429743,315.663449508098,311.33944179902284,310.1853246246393,297.98371155108435,293.14757235648756,289.2730908904776,279.04335070975577,272.64726436418397,263.63060530328164,260.94151211865363,250.55651677436896,,,299.03662804016494,297.98371155108435,279.04335070975577,263.63060530328164,,292.08481945796865,"rgba(38, 166, 154, 1.0)",23.754145839760533,309.8352038737535,0.7099727449689042,80.38816235985811,22.824435781780238,True,False,True,False,True,7.919702928745739,0.0,0.0,0.0,0.0,0,1.03504003162993,0.909245164903957,False,False,False,False,0.12325352068956619,0.08286229075998952,False,False,False,False,235309.0,233079.48249361457,False,False,False,False,6127.290187775184,False,False,False,False
2025-08-26 16:00:00+00:00,327.01,329.605,326.305,327.85,7402.0,,,,,,,,,300.71993173712104,304.6196529319275,317.32671814665866,316.6232602518223,315.7645888340152,311.45284744559365,310.3006550310159,298.11429202645445,293.28746141149156,289.41836194596357,279.19797440169157,272.8068072671989,263.79287586289456,261.1051422545672,250.7212705742832,,,300.71993173712104,298.11429202645445,279.19797440169157,263.79287586289456,,292.3501226748466,"rgba(38, 166, 154, 1.0)",23.696044883802255,310.0863630332002,0.7496456498925013,82.29091526184095,25.029543264517557,True,False,True,False,True,8.411528301294279,0.0,0.0,0.0,0.0,0,1.039929103272348,0.9108490214429473,False,False,False,False,0.1532592882519434,0.11806078950596646,False,False,False,False,242711.0,233228.80834642675,False,False,False,False,6147.053130600375,False,False,False,False
2025-08-26 17:00:00+00:00,327.85,329.8,327.72,327.87,5650.0,,,,,,,,,301.9015343348988,305.01078715021515,317.4229110216953,316.70437955562676,315.8440738077829,311.5411941110951,310.3903667938364,298.2150039870417,293.3951479420698,289.5300700036004,279.3166518442058,272.92916352370855,263.9172327306561,261.2305165848571,250.84743864433435,,,301.9015343348988,298.2150039870417,279.3166518442058,263.9172327306561,,292.5464314690416,"rgba(38, 166, 154, 1.0)",23.561434983220025,310.2735393095159,0.7468331492973979,83.56276792277059,26.65817247093004,True,False,True,False,True,8.420191226712252,0.0,0.0,0.0,0.0,0,1.0448950156253887,0.9066123991810141,False,False,False,False,0.1606861676731465,0.13937347858955648,False,False,False,False,248361.0,233463.41596896274,False,False,False,False,6139.346880513547,False,False,False,False
2025-08-26 18:00:00+00:00,327.74,329.73,327.74,329.73,2271.0,,,,,,,,,302.35874930210736,305.16836250385785,317.46319629144944,316.73832980828075,315.87725701001875,311.5777036366714,310.4273724109267,298.25610044949656,293.4389881620791,289.57548384298605,279.36477655345794,272.97872546069635,263.9675489070485,261.2812300510255,250.89842951227823,,,302.35874930210736,298.25610044949656,279.36477655345794,263.9675489070485,,292.6248169268254,"rgba(38, 166, 154, 1.0)",23.41672889312446,310.34882166974023,0.8276637791177751,84.73635048377153,28.218917583013535,True,False,True,False,True,9.232153817139213,0.0,0.0,0.0,0.0,0,1.0426758079340241,0.9069312997325516,False,False,False,False,0.1604552587518821,0.14991436867071928,False,False,False,False,250632.0,233729.59556634314,False,False,False,False,6079.372510273027,False,False,False,False
2025-08-26 19:00:00+00:00,329.39,331.465,329.39,330.72,14321.0,,,,,,,,,305.0613702309086,306.17421929100493,317.74209026251634,316.97302435991776,316.1054537692964,311.8233847552837,310.67539142110456,298.52490299119364,293.72419807629245,289.8699663305412,279.6749626950503,273.2973340084736,264.2901307200161,261.6061350766405,251.22442487818998,,,305.0613702309086,298.52490299119364,279.6749626950503,264.2901307200161,,293.117799257762,"rgba(38, 166, 154, 1.0)",23.27346857349538,310.82995032744986,0.8546233497486331,85.69271334180483,29.58812550396665,True,False,True,False,True,9.664902936038121,0.0,0.0,0.0,0.0,0,1.044512255796212,0.9075839994693027,False,False,False,False,0.17612747360810918,0.16302092113941424,False,False,False,False,264953.0,234213.67935601223,False,False,False,False,6207.149680656391,False,False,False,False
2025-08-27 14:00:00+00:00,330.74,332.3,328.84,332.15,5237.0,,,,,,,,,305.9439426471096,306.5305799056214,317.8455562188187,317.0604028174184,316.1903752577549,311.91434152117586,310.7671352314691,298.62382177839055,293.82900641621217,289.978099243602,279.78872118323216,273.414120835359,264.4083265986522,261.72516770739,251.3438261093499,,,305.9439426471096,298.62382177839055,279.78872118323216,264.4083265986522,,293.2908948981038,"rgba(38, 166, 154, 1.0)",23.128075035481928,310.99982445651256,0.9144805830593289,86.58485795690015,30.899460011334654,True,False,True,False,True,10.292458578881686,0.0,0.0,0.0,0.0,0,1.0397581379938705,0.9098318562080675,False,False,False,False,0.1774508077256773,0.1702358644325458,False,False,False,False,270190.0,234771.4517690973,False,False,False,False,6192.108600336137,False,False,False,False
2025-08-27 15:00:00+00:00,332.5,335.86,332.36,335.86,3717.0,,,,,,,,,306.6194047701822,306.81352281614113,317.9376941266423,317.1374912678745,316.26447033488967,311.9903866766178,310.8431844919966,298.70140229070273,293.91018375427507,290.06118701028925,279.874795737165,273.5018758250414,264.4964743113048,261.81377227969364,251.43216773858424,,,306.6194047701822,298.70140229070273,279.874795737165,264.4964743113048,,293.42653422876003,"rgba(38, 166, 154, 1.0)",22.983738112645344,311.1374965716751,1.0756519808552338,87.77057519348588,32.46230297313895,True,False,True,False,True,11.89705969755165,0.0,0.0,0.0,0.0,0,1.0437238804737443,0.9040948809858107,False,False,False,False,0.21053588083743024,0.19038587263498802,False,False,False,False,273907.0,235378.2044548477,False,False,False,False,6153.734823586739,False,False,False,False
2025-08-27 16:00:00+00:00,335.545,335.87,331.8,334.37,5369.0,,,,,,,,,307.5185574622699,307.20259777109356,318.0636874772215,317.24339157439033,316.36654423943787,312.096074301173,310.94907611793616,298.81076959766875,294.0249265428576,290.17883876889454,279.9971139086883,273.6267865365141,264.62217953005666,261.9401868202229,251.55840275507995,,,307.5185574622699,298.81076959766875,279.9971139086883,264.62217953005666,,293.61327556023366,"rgba(38, 166, 154, 1.0)",22.824739749264545,311.32587448470565,1.009611753230916,86.62503453376694,32.46230297313895,True,False,True,False,True,11.022856611915,0.0,0.0,0.0,0.0,0,1.0405971145025437,0.9150362772079057,False,False,False,False,0.20795028036264326,0.19916807649881563,False,False,False,False,268538.0,235892.3098121369,False,False,False,False,6141.568392213301,False,False,False,False
2025-08-27 17:00:00+00:00,334.21,335.41,333.18,333.27,4270.0,,,,,,,,,308.1910658210402,307.5034995912483,318.1621179121447,317.3263726587057,316.44661673481926,312.17917878990227,311.0323866322435,298.89712022994024,294.1155783040305,290.2718317917174,280.0938928281187,273.7256629271176,264.7217434399889,262.04032608413667,251.65845023100954,,,308.1910658210402,298.89712022994024,280.0938928281187,264.7217434399889,,293.75772293174424,"rgba(38, 166, 154, 0.75)",22.766057269026884,311.47141782763754,0.9575036166679294,84.43342143116841,32.46230297313895,True,False,True,False,False,10.375829423475764,0.0,0.0,0.0,0.0,0,1.0448125020870207,0.907352990282833,False,False,False,False,0.2122768449236238,0.20572246071121972,False,False,False,False,264268.0,236332.2429933441,False,False,False,False,6112.55182799294,False,False,False,False
2025-08-27 18:00:00+00:00,333.27,336.1,333.205,335.745,4293.0,,,,,,,,,308.8600812240638,307.8111651176684,318.2664382376971,317.41425655802374,316.5312340884951,312.26614552092815,311.11939737813003,298.9861296209447,294.2087259657637,290.3671944980196,280.19275775904424,273.8264950296525,264.8230888090362,262.1422089041506,251.7600884895388,,,308.8600812240638,298.9861296209447,280.19275775904424,264.8230888090362,,293.9050271467438,"rgba(38, 166, 154, 0.75)",22.789743281723954,311.6211525172672,1.0585396765780473,83.72995370804995,32.46230297313895,True,False,True,False,False,11.47287411363347,0.0,0.0,0.0,0.0,0,1.0434619112878964,0.9086389009593208,False,False,False,False,0.2156447457420259,0.21068360322662283,False,False,False,False,268561.0,236831.91364461006,False,False,False,False,6084.341722132584,False,False,False,False
2025-08-27 19:00:00+00:00,335.715,336.32,331.12,332.13,13137.0,,,,,,,,,310.58521342264254,308.65088130277064,318.54384104931074,317.65049295817465,316.76032645224313,312.50716393097616,311.3617239034808,299.2421304534185,294.47850756149757,290.6446688701,280.4830882750733,274.1238505876635,265.1233847169428,262.44444986072966,252.06278726790387,,,310.58521342264254,299.2421304534185,280.4830882750733,265.1233847169428,,294.3108340408619,"rgba(38, 166, 154, 0.75)",22.771477496803378,312.02574502633775,0.8828700279322873,78.93396749430117,33.600894106243274,True,False,True,False,False,9.339019108214998,0.0,0.0,0.0,0.0,0,1.033939001188073,0.9116672066997334,False,False,False,False,0.20686984342621076,0.20877672332641678,False,False,False,False,255424.0,237120.16304546883,False,False,False,False,6193.685261324326,False,False,False,False
2025-08-28 14:00:00+00:00,340.77,352.1,340.635,350.73,9655.0,,,,,,,,,312.42956678243536,309.5807993070992,318.9384258664717,317.9789296815896,317.0711233388258,312.80361741157895,311.6535797379972,299.5078926273469,294.74846027317375,290.91566426881,280.75311975094877,274.39416633584085,265.3894917128037,262.71054999994635,252.32368899760203,,,312.42956678243536,299.5078926273469,280.75311975094877,265.3894917128037,,294.7466050728314,"rgba(38, 166, 154, 0.75)",23.059642078983927,312.503631115037,1.6577173554572082,80.61319230006302,33.600894106243274,True,False,True,False,False,16.87018969234413,0.0,0.0,0.0,0.0,0,1.035284903390419,0.8895186880798392,False,False,False,False,0.3292252470906045,0.2690009852085107,False,False,False,False,265079.0,237553.63338584916,False,False,False,False,6247.349055722399,False,False,False,False
2025-08-28 15:00:00+00:00,351.0,353.74,349.42,353.405,6944.0,,,,,,,,,313.7971834272043,310.2960751901815,319.25762380138696,318.24468105001307,317.3220343686526,313.03997764917784,311.8856097843796,299.7143551492171,294.9567663947483,291.12381929798215,280.95855241075867,274.59884710463285,265.5899053396316,262.91067591411013,252.51899559316774,,,313.7971834272043,299.7143551492171,280.95855241075867,265.5899053396316,,295.08100683168294,"rgba(38, 166, 154, 1.0)",23.409628870913558,312.8764488630868,1.731276961305006,82.11560795618142,33.600894106243274,True,False,True,False,True,17.8324432303215,0.0,0.0,0.0,0.0,0,1.0535005275153626,0.8833103803748179,False,False,False,False,0.3428282534556821,0.3059146193320964,False,False,False,False,272023.0,238088.04217056467,False,False,False,False,6258.14984555616,False,False,False,False
2025-08-28 16:00:00+00:00,353.67,355.17,352.365,353.24,6599.0,,,,,,,,,315.0568432131574,310.97594452204584,319.56802178047826,318.503714852079,317.56664337016275,313.26993868292294,312.1112560510642,299.91427304152984,295.15814763867877,291.324842063941,281.15651127521437,274.7958631102212,265.7825784914023,263.10300753036864,252.70649543332786,,,315.0568432131574,299.91427304152984,281.15651127521437,265.7825784914023,,295.399605403773,"rgba(38, 166, 154, 1.0)",23.735712284987606,313.23324038620285,1.685509123697151,82.97679966435308,33.600894106243274,True,False,True,False,True,17.735822076543847,0.0,0.0,0.0,0.0,0,1.0568838855871039,0.8847323134984314,False,False,False,False,0.3428282534821351,0.32437143640711574,False,False,False,False,265424.0,238511.85547024585,False,False,False,False,6263.434344074669,False,False,False,False
2025-08-28 17:00:00+00:00,353.28,355.23,353.17,354.28,5482.0,,,,,,,,,316.0604653570394,311.5328831245503,319.8263768243052,318.7198753774074,317.77089076736223,313.46197808112925,312.2997005057523,300.0811778810848,295.32619916953445,291.4925499151639,281.32157781017634,274.9600977856615,265.94315069264405,263.2632811124891,252.86270644010844,,,316.0604653570394,300.0811778810848,281.32157781017634,265.94315069264405,,295.6615273896272,"rgba(38, 166, 154, 1.0)",23.98505308773899,313.52704420050566,1.6990980028444036,83.72384083185415,29.253525942209947,True,False,True,False,True,18.116608312077673,0.0,0.0,0.0,0.0,0,1.0607872486751082,0.883708887899996,False,False,False,False,0.3428282534871934,0.33359984494715456,False,False,False,False,270906.0,239014.09026915676,False,False,False,False,6251.319082926224,False,False,False,False
2025-08-28 18:00:00+00:00,354.25,359.43,354.25,357.59,12771.0,,,,,,,,,318.371583173448,312.859725893897,320.46243852480933,319.2532456401008,318.2746845321582,313.9333875525162,312.7617713578932,300.48640627217645,295.732864678121,291.89747420802655,281.7182333938514,275.3538075421679,266.32703125164903,263.64616520150093,253.23498893853267,,,318.371583173448,300.48640627217645,281.7182333938514,266.32703125164903,,296.2875872107232,"rgba(38, 166, 154, 1.0)",24.269705726565583,316.96507585106286,1.6738943853146573,84.75525223333794,30.472499306485787,True,False,True,False,True,19.319075480204265,0.0,0.0,0.0,0.0,0,1.0611752014619578,0.8752747208514132,False,False,False,False,0.3428282535169193,0.3382140492320369,False,False,False,False,283677.0,239706.53848203804,False,False,False,False,6352.399407221941,False,False,False,False
2025-08-28 19:00:00+00:00,357.59,358.34,355.01,356.22,20357.0,,,,,,,,,321.51489259301235,314.7968774549652,321.41760918575585,320.0611630656629,319.04023438762283,314.65451554036946,313.4697542118365,301.11421580017554,296.36424845454854,292.5271684113119,282.3372985480145,275.969339801812,266.92851819869884,264.24640225861623,253.8197328383714,,,321.51489259301235,301.11421580017554,282.3372985480145,266.92851819869884,,297.21746471671827,"rgba(38, 166, 154, 1.0)",24.474102219314968,317.96325965019213,1.5631519394250004,84.05417691376087,30.472499306485787,True,False,True,False,True,18.484446228947313,0.0,0.0,0.0,0.0,0,1.0630765154981818,0.8757656768061143,False,False,False,False,0.3413464940946963,0.3397802716633666,False,False,False,False,263320.0,240072.6386606111,False,False,False,False,6569.524997807647,False,False,False,False
2025-08-29 14:00:00+00:00,348.27,348.27,336.96,337.55,5432.0,,,,,,,,,321.93247243717184,315.10259105297587,321.5545295338234,320.18116176930414,319.15650368454243,314.7726806158158,313.58777454088965,301.2328806515829,296.4874087464785,292.65267962233247,282.46639430566836,276.1005156953368,267.0599596053338,264.3784087036167,253.95112139098939,,,321.93247243717184,301.2328806515829,282.46639430566836,267.0599596053338,,297.3744721570575,"rgba(38, 166, 154, 0.75)",24.33892643890101,318.00769663430833,0.8029238025247134,71.9092250519245,26.88117546180095,True,False,True,False,False,8.241358326000338,0.0,0.0,0.0,0.0,0,1.0462525188373752,0.8820674460361143,False,False,False,False,0.21957218845400753,0.2796762300586871,False,False,False,False,257888.0,240348.84581315974,False,False,False,False,6551.888951330009,False,False,False,False
2025-08-29 15:00:00+00:00,337.21,337.55,332.45,332.68,7847.0,,,,,,,,,322.30300620420627,315.4204426130202,321.6817170595088,320.29688905245763,319.27127457954896,314.898264338096,313.71513864007267,301.37433401846647,296.6374838787709,292.80784089541686,282.6306246621183,276.2695894719752,267.23186769904726,264.5516822663661,254.12565805771376,,,322.30300620420627,301.37433401846647,282.6306246621183,267.23186769904726,,297.5477208957857,"rgba(38, 166, 154, 0.5)",24.157931580026908,317.9933619269185,0.6079426967673007,62.05666768190021,18.39767723595368,False,False,True,False,False,5.882485137445315,0.0,0.0,0.0,0.0,0,1.0415663642565336,0.8976797798182402,False,False,False,False,0.15640523503661116,0.2180407325476491,False,False,False,False,250041.0,240499.11176954483,False,False,False,False,6571.96819239466,False,False,False,False
2025-08-29 16:00:00+00:00,332.68,334.805,329.45,330.48,5451.0,,,,,,,,,322.4932151044097,315.604865844185,321.75024007282514,320.36109229813536,319.33604088125287,314.97272929773874,313.79138771058945,301.4640204250537,296.73373888406815,292.9080970431408,282.73827257340895,276.38112015682253,267.34606820669364,264.6669875001566,254.24246184553851,,,322.4932151044097,301.4640204250537,282.73827257340895,267.34606820669364,,297.65268918960123,#000000,23.916545760375683,317.9805956791323,0.5226258192174391,54.7368748558482,12.432421162618027,False,False,False,False,False,4.839564553112748,0.0,0.0,0.0,0.0,0,1.029809976247031,0.9108551068883608,False,False,False,False,0.13292144342799322,0.17548108798782117,False,False,False,False,244590.0,240562.5363932728,False,False,False,False,6554.588840574588,False,False,False,False
2025-08-29 17:00:00+00:00,330.27,330.46,328.27,328.845,4370.0,,,,,,,,,322.6015577524287,315.7280621151478,321.79131787185764,320.40119831668727,319.3774461769386,315.023437119508,313.8439078226217,301.5298692188162,296.80526387823636,292.9831599821684,282.82003069668474,276.46635653188576,267.43393806107696,264.75585318060007,254.33296590172645,,,322.6015577524287,301.5298692188162,282.82003069668474,267.43393806107696,,297.7262909750923,"rgba(239, 83, 80, 1.0)",23.735270816630145,317.9620692007793,0.4585130240686191,49.28754760176652,8.087108303412194,False,True,False,True,False,4.066425063861125,0.0,0.0,0.0,0.0,0,1.0336376359819326,0.9104745848972582,False,False,False,False,0.11047392989967973,0.14297750894375044,False,False,False,False,240220.0,240557.22575151664,False,False,False,False,6520.719246147075,False,False,False,False
2025-08-29 18:00:00+00:00,328.845,330.69,327.68,330.2,4982.0,,,,,,,,,322.7268804179811,315.86920745444434,321.83967287492567,320.4481873493029,319.425808693683,315.082149931863,313.90463236526836,301.6054548975739,296.8872532046397,293.0691375915539,282.91355248656316,276.563804034306,267.5343459736399,264.8573859302719,254.43633436205533,,,322.7268804179811,301.6054548975739,282.91355248656316,267.5343459736399,,297.8109205045382,"rgba(239, 83, 80, 1.0)",23.667216407840005,317.956725977314,0.5173094212562428,46.43929747154917,5.878269970871287,False,True,False,True,False,4.642587602488984,0.0,0.0,0.0,0.0,0,1.0315586873876594,0.9082984713760796,False,False,False,False,0.10901536754496428,0.12599643824435736,False,False,False,False,245202.0,240629.23775536907,False,False,False,False,6496.863133803709,False,False,False,False
2025-08-29 19:00:00+00:00,330.095,332.55,329.6,330.87,8647.0,,,,,,,,,322.97914446585935,316.13333057897387,321.9381076875698,320.54174893260597,319.5208348263256,315.19328585348944,314.0188239430599,301.74259968032374,297.03501021921863,293.22344100372896,283.0801248875628,276.7368050537824,267.71200175666667,265.0368824145217,254.61860347286668,,,322.97914446585935,301.74259968032374,283.0801248875628,267.71200175666667,,297.96738298510377,"rgba(239, 83, 80, 1.0)",23.6617646918688,317.9938111288863,0.544177031543996,44.951523263170714,4.570937833870715,False,True,False,True,False,4.929755727605222,0.0,0.0,0.0,0.0,0,1.0372369303484175,0.9060933158751954,False,False,False,False,0.12435454182229222,0.1251754900333248,False,False,False,False,253849.0,240834.1953095494,False,False,False,False,6530.198589093574,False,False,False,False
2025-09-01 14:00:00+00:00,330.87,330.87,330.87,330.87,0.0,,,,,,,,,322.97914446585935,316.13333057897387,321.9381076875698,320.54174893260597,319.5208348263256,315.19328585348944,314.0188239430599,301.74259968032374,297.03501021921863,293.22344100372896,283.0801248875628,276.7368050537824,267.71200175666667,265.0368824145217,254.61860347286668,,,322.97914446585935,301.74259968032374,283.0801248875628,267.71200175666667,,297.96738298510377,"rgba(239, 83, 80, 1.0)",23.618609275678214,317.9938111288863,0.5451713401420819,43.95967379091841,3.408979651697493,False,True,False,True,False,4.929755727605222,0.0,0.0,0.0,0.0,0,1.0400872123315668,0.9031526295960814,False,False,False,False,0.12268807864367935,0.12393178433850208,False,False,False,False,253849.0,241035.97522723078,False,False,False,False,6428.955200115379,False,False,False,False
2025-09-01 15:00:00+00:00,330.87,330.87,330.87,330.87,0.0,,,,,,,,,322.97914446585935,316.13333057897387,321.9381076875698,320.54174893260597,319.5208348263256,315.19328585348944,314.0188239430599,301.74259968032374,297.03501021921863,293.22344100372896,283.0801248875628,276.7368050537824,267.71200175666667,265.0368824145217,254.61860347286668,,,322.97914446585935,301.74259968032374,283.0801248875628,267.71200175666667,,297.96738298510377,"rgba(239, 83, 80, 1.0)",23.553439731772386,317.9938111288863,0.5466797638794293,43.298440809416874,2.3270281595655575,False,True,False,True,False,4.929755727605222,0.0,0.0,0.0,0.0,0,1.0384131591678758,0.9070069343654243,False,False,False,False,0.12268807864367935,0.12330993149109071,False,False,False,False,253849.0,241234.6267740954,False,False,False,False,6329.281476082582,False,False,False,False
2025-09-01 16:00:00+00:00,330.87,330.87,330.87,330.87,0.0,,,,,,,,,322.97914446585935,316.13333057897387,321.9381076875698,320.54174893260597,319.5208348263256,315.19328585348944,314.0188239430599,301.74259968032374,297.03501021921863,293.22344100372896,283.0801248875628,276.7368050537824,267.71200175666667,265.0368824145217,254.61860347286668,,,322.97914446585935,301.74259968032374,283.0801248875628,267.71200175666667,,297.96738298510377,"rgba(239, 83, 80, 1.0)",23.481667216198424,317.9938111288863,0.5483507091962908,42.857618821749185,1.2998850298552327,False,True,False,True,False,4.929755727605222,0.0,0.0,0.0,0.0,0,1.0556979454384083,0.8999842403430626,False,False,False,False,0.12268807864367935,0.12299900506738504,False,False,False,False,253849.0,241430.1984520164,False,False,False,False,6231.153081104558,False,False,False,False
2025-09-01 17:00:00+00:00,330.87,330.87,330.87,330.87,0.0,,,,,,,,,322.97914446585935,316.13333057897387,321.9381076875698,320.54174893260597,319.5208348263256,315.19328585348944,314.0188239430599,301.74259968032374,297.03501021921863,293.22344100372896,283.0801248875628,276.7368050537824,267.71200175666667,265.0368824145217,254.61860347286668,,,322.97914446585935,301.74259968032374,283.0801248875628,267.71200175666667,,297.96738298510377,"rgba(239, 83, 80, 1.0)",23.55098151528656,317.9938111288863,0.5467368255015602,42.56373749663739,0.3224556580230882,False,True,False,True,False,4.929755727605222,0.0,0.0,0.0,0.0,0,1.0494491223660505,0.9006325667127475,False,False,False,False,0.12268807864367935,0.1228435418555322,False,False,False,False,253849.0,241622.73801089983,False,False,False,False,6134.546056591309,False,False,False,False
2025-09-01 18:00:00+00:00,330.87,330.87,330.87,330.87,0.0,,,,,,,,,322.97914446585935,316.13333057897387,321.9381076875698,320.54174893260597,319.5208348263256,315.19328585348944,314.0188239430599,301.74259968032374,297.03501021921863,293.22344100372896,283.0801248875628,276.7368050537824,267.71200175666667,265.0368824145217,254.61860347286668,,,322.97914446585935,301.74259968032374,283.0801248875628,267.71200175666667,,297.96738298510377,"rgba(239, 83, 80, 1.0)",23.619807851779633,317.9938111288863,0.5451436756774269,42.36781661322952,-0.6016926134004379,False,True,False,True,False,4.929755727605222,0.0,0.0,0.0,0.0,0,1.0445019557593738,0.9012678715942809,False,False,False,False,0.12268807864367935,0.12276581024960578,False,False,False,False,253849.0,241812.29246034322,False,False,False,False,6039.436815403847,False,False,False,False
2025-09-01 19:00:00+00:00,330.87,330.87,330.87,330.87,0.0,,,,,,,,,322.97914446585935,316.13333057897387,321.9381076875698,320.54174893260597,319.5208348263256,315.19328585348944,314.0188239430599,301.74259968032374,297.03501021921863,293.22344100372896,283.0801248875628,276.7368050537824,267.71200175666667,265.0368824145217,254.61860347286668,,,322.97914446585935,301.74259968032374,283.0801248875628,267.71200175666667,,297.96738298510377,"rgba(239, 83, 80, 1.0)",23.6886763787387,317.9938111288863,0.5435588154123489,42.237202690957616,-1.4665303027099839,False,True,False,True,False,4.929755727605222,0.0,0.0,0.0,0.0,0,1.048403480851928,0.8951173263806586,False,False,False,False,0.12268807864367935,0.12272694444664256,False,False,False,False,253849.0,241998.90808111307,False,False,False,False,5945.80213609526,False,False,False,False
2025-09-02 14:00:00+00:00,324.23,330.18,324.23,329.04,7363.0,,,,,,,,327.81666666666666,323.10147226973106,316.30437331284065,321.9913711123992,320.5962304215632,319.5783957468528,315.2678585784429,314.0968293315906,301.8457547558433,297.1481015590942,293.3428357939483,283.21167552137126,276.87464440890255,267.85491045305656,265.1816054516548,254.76667176750578,,327.81666666666666,323.10147226973106,301.8457547558433,283.21167552137126,267.85491045305656,,299.9362123219665,"rgba(239, 83, 80, 1.0)",23.740557155511127,319.10585376946256,0.41844621276006383,40.544409296959714,-3.7117982484654775,False,True,False,True,False,3.9163413211725846,1.0,330.18,324.23,0.0,0,1.040850361336186,0.8949682462139715,False,False,False,False,0.09300025877676753,0.10786360161170505,False,False,False,False,246486.0,242068.47539768496,False,False,False,False,5967.77419600076,False,False,False,False
2025-09-02 15:00:00+00:00,329.03,329.755,325.93,326.48,7957.0,,,,,,,,327.59419614882506,323.215504427826,316.47700086253366,322.04370348186814,320.65075835646326,319.6365210984236,315.34474590427686,314.1775410946809,301.95449449753374,297.26769190894055,293.46934779620534,283.35161493223524,277.0215243585214,268.0074882742069,265.3361911050442,254.92507895268514,,327.59419614882506,323.215504427826,301.95449449753374,283.35161493223524,268.0074882742069,,300.0295877000169,"rgba(239, 83, 80, 1.0)",23.772984343086023,319.10102791820157,0.31039317467705746,37.52106511473445,-7.0161434237760645,False,True,False,True,False,2.513467683685647,0.0,0.0,0.0,0.0,0,1.0407802463315456,0.8984282262613333,False,False,False,False,0.09815105707249339,0.10300732934209922,False,False,False,False,238529.0,242013.59981012394,False,False,False,False,5998.614906140282,False,False,False,False
2025-09-02 16:00:00+00:00,327.105,330.49,326.59,330.24,2910.0,,,,,,,,327.8356272627537,323.2722625570701,316.5485301643157,322.0686617369194,320.6755123607253,319.66222729613185,315.3765989843944,314.2106219937993,301.9967026294604,297.3136737192537,293.51771276338576,283.4045601859492,277.0768529139881,268.06470232371964,265.39409404308816,254.984208171599,,327.8356272627537,323.2722625570701,301.9967026294604,283.4045601859492,268.06470232371964,,300.0876593191596,"rgba(239, 83, 80, 0.75)",23.82174054351527,319.1264691266138,0.46652891937451274,40.11429070054369,-7.0161434237760645,False,True,False,True,True,4.39456620140853,0.0,0.0,0.0,0.0,0,1.0372000374554151,0.9017306104381431,False,False,False,False,0.1037925998443783,0.10339996459323876,False,False,False,False,241439.0,242004.69128593596,False,False,False,False,5950.729403719502,False,False,False,False
2025-09-02 17:00:00+00:00,330.2,331.33,329.31,330.17,2598.0,,,,,,,,328.13928101594007,323.3319401488319,316.61756185378704,322.09445404441595,320.70052269927726,319.6878721571873,315.4073115370009,314.242329311363,302.0358869084738,297.35611146852926,293.56218925439816,283.4529259895864,277.1272523456933,268.11666337427613,265.4466423375985,255.0377454453933,,328.13928101594007,323.3319401488319,302.0358869084738,283.4529259895864,268.11666337427613,,300.14729311823453,"rgba(239, 83, 80, 0.75)",23.835409800555077,319.1593853629027,0.4619435843238955,41.77956436599107,-7.0161434237760645,False,True,False,True,True,4.355444740293727,0.0,0.0,0.0,0.0,0,1.0426793426870093,0.8987622138737679,False,False,False,False,0.1182204016133263,0.11081018310328253,False,False,False,False,238841.0,241955.64180863462,False,False,False,False,5898.749102886642,False,False,False,False
2025-09-02 18:00:00+00:00,330.11,334.105,330.11,333.31,4274.0,,,,,,,,328.88317909595514,323.4589011523201,316.7480011971526,322.1480549674687,320.75094284497305,319.7386590142184,315.46513027650053,314.3014665941987,302.1052053894938,297.4304206815938,293.63957165877684,283.53607005538504,277.21344104793695,268.2050281577598,265.53588381353836,255.1282702675634,,328.88317909595514,323.4589011523201,302.1052053894938,283.53607005538504,268.2050281577598,,300.2680141384272,"rgba(239, 83, 80, 0.75)",23.887591092788178,319.2423746514186,0.5889093334668032,46.09461631896637,-9.231056720227059,False,True,False,True,True,5.913640881559278,0.0,0.0,0.0,0.0,0,1.040629407466567,0.8975938418664717,False,False,False,False,0.13275847494869558,0.12178432902598905,False,False,False,False,243115.0,241973.6163542372,False,False,False,False,5873.559194314756,False,False,False,False
2025-09-02 19:00:00+00:00,333.31,335.545,333.31,334.885,6172.0,,,,,,,,330.0074605636205,323.6767452962428,316.95690065394723,322.23977709786743,320.8356946412429,319.8230769834524,315.55800425256854,314.3958335695788,302.2115352431223,297.5434813213531,293.75670410625617,283.6606987959084,277.34207753593734,268.3363042024179,265.66831081313467,255.26211256010893,,330.0074605636205,323.6767452962428,302.2115352431223,283.6606987959084,268.3363042024179,,300.45466985229746,#000000,23.9316086934768,319.3860139939852,0.6476366133397224,50.32884070658547,-5.295108455462291,False,True,False,False,True,6.68487306286282,0.0,0.0,0.0,0.0,0,1.0431074796153486,0.8984380978293213,False,False,False,False,0.15171196464506334,0.1367481468355262,False,False,False,False,249287.0,242087.00214719475,False,False,False,False,5878.186183550186,False,False,False,False
2025-09-03 14:00:00+00:00,335.47,338.805,335.47,337.23,1773.0,,,,,,,,330.3916475524758,323.75223837386676,317.02468948372365,322.2713501232425,320.8643979263185,319.8513724104658,315.58812468161943,314.42623519756,302.24438370014525,297.5780934643824,293.7923538939936,283.6982019825593,277.38058991563287,268.3753889983661,265.7076839160018,255.301729379319,,330.3916475524758,323.75223837386676,302.24438370014525,283.6982019825593,268.3753889983661,,300.51553006247957,"rgba(38, 166, 154, 0.5)",24.00748161483256,319.43749232427956,0.7411234531458601,54.95001639599032,-1.1019890871427904,False,True,True,False,True,7.824183315552403,0.0,0.0,0.0,0.0,0,1.041557186689495,0.895331491244427,False,False,False,False,0.17399043157338517,0.1553692892044557,False,False,False,False,251060.0,242226.1183929747,False,False,False,False,5814.539886130803,False,False,False,False
2025-09-03 15:00:00+00:00,337.135,337.7,335.14,336.73,3707.0,,,,,,,,331.0100879722842,323.89992277177276,317.1604721771377,322.33409400083303,320.9217248287283,319.90804294589515,315.64895598948885,314.48774221807037,302.31159963783927,297.64908991490137,293.8655962871978,283.7755004513817,277.4600848967907,268.4561996464424,265.78912373847226,255.38378515426817,,331.0100879722842,323.89992277177276,302.31159963783927,283.7755004513817,268.4561996464424,,300.628876414469,"rgba(38, 166, 154, 0.5)",24.088170660425895,319.5319107479837,0.7139641068830018,57.379197387079664,1.0523979786683242,False,True,True,False,True,7.524742920083476,0.0,0.0,0.0,0.0,0,1.0411222397342688,0.8976477367092038,False,False,False,False,0.1680762037479997,0.1617227464762277,False,False,False,False,247353.0,242305.60492951772,False,False,False,False,5781.8648491365275,False,False,False,False
2025-09-03 16:00:00+00:00,336.73,337.53,332.87,334.415,3191.0,,,,,,,,331.3238952309426,324.0087194214161,317.2664044245845,322.3816794523078,320.96575769240354,319.9518933227397,315.6970828322756,314.53662548106433,302.366577790205,297.7075136165698,293.92610769199047,283.83986436030835,277.5265117668094,268.5239921880769,265.85751006865763,255.4529092246548,,331.3238952309426,324.0087194214161,302.366577790205,283.83986436030835,268.5239921880769,,300.7083152853129,"rgba(38, 166, 154, 0.5)",24.128922726781482,319.59435241074976,0.6142274877775763,56.15847644334276,1.0523979786683242,False,True,True,False,True,6.138827055977568,0.0,0.0,0.0,0.0,0,1.0481807140291153,0.8996955026771813,False,False,False,False,0.15804640733832934,0.15988457690727853,False,False,False,False,244162.0,242334.38624843993,False,False,False,False,5741.696401863093,False,False,False,False
2025-09-03 17:00:00+00:00,334.59,336.175,334.51,335.485,2389.0,,,,,,,,331.55335439599384,324.0920868785356,317.34689578716734,322.4183436624007,320.9996028167344,319.98553996912796,315.7337990631239,314.5738769595165,302.40818613353304,297.7516630637029,293.97179170473396,283.88837065967476,277.576533486737,268.5750004214954,265.90895442872795,255.5048752562999,,331.55335439599384,324.0920868785356,302.40818613353304,283.88837065967476,268.5750004214954,,300.76805466796907,"rgba(38, 166, 154, 0.5)",24.182404123995887,319.64238480562847,0.6551298668708925,56.36992205108725,1.0523979786683242,False,True,True,False,True,6.679964363906937,0.0,0.0,0.0,0.0,0,1.048223915090302,0.890755799024223,False,False,False,False,0.15921625743905884,0.1595504171731687,False,False,False,False,246551.0,242399.76010505325,False,False,False,False,5689.7166126869215,False,False,False,False
2025-09-03 18:00:00+00:00,334.71,335.98,333.38,335.41,3450.0,,,,,,,,331.807295234143,324.2054617788498,317.45890717609797,322.4690361115225,321.0466238907546,320.0324075342214,315.78532758250725,314.62623748768124,302.4672412485161,297.81444960421294,294.03684614143754,283.9576253731929,277.6480364932675,268.64801165363934,265.9826139249163,255.57936356024248,,331.807295234143,324.2054617788498,302.4672412485161,283.9576253731929,268.64801165363934,,300.8478427997002,"rgba(38, 166, 154, 0.5)",24.237623323820852,319.7053436363211,0.6479453927417173,56.412197388350016,1.0523979786683242,False,True,True,False,True,6.634080923083154,0.0,0.0,0.0,0.0,0,1.046063486906787,0.8909198163615998,False,False,False,False,0.15378109286290953,0.15666575501803912,False,False,False,False,243101.0,242410.632041409,False,False,False,False,5654.992324118131,False,False,False,False
2025-09-03 19:00:00+00:00,335.58,338.53,334.865,337.465,5618.0,,,,,,,,332.36973331128496,324.41910964570786,317.6591333016443,322.56402275967434,321.1336196722353,320.11841961978985,315.87748513467295,314.71939764042656,302.5689353724697,297.92180716881586,294.1475777153073,284.07447470892976,277.76820491286423,268.7701914261531,266.1057476038594,255.70345790163117,,332.36973331128496,324.41910964570786,302.5689353724697,284.07447470892976,268.7701914261531,,300.9950823684667,"rgba(38, 166, 154, 0.5)",24.326047553530223,319.83150700629596,0.7248811363580936,58.44799468022302,2.922249129535217,False,True,True,False,True,7.691230827708338,0.0,0.0,0.0,0.0,0,1.0468943913315132,0.8923371877059492,False,False,False,False,0.17036218483335958,0.16351396992569933,False,False,False,False,248719.0,242508.43619580576,False,False,False,False,5654.418799713199,False,False,False,False
2025-09-04 14:00:00+00:00,343.655,356.31,343.655,354.5,9878.0,,,,,,,,335.45154680700614,325.19394814218083,318.25922315922566,322.89373601452814,321.4227375496456,320.3963088053121,316.1480109903093,314.98718603861823,302.82126852689765,298.1789150835825,294.40653743795326,284.33481513249956,278.02991816063695,269.02953117141203,266.36542335502526,255.95960401065815,,335.45154680700614,325.19394814218083,302.82126852689765,284.33481513249956,269.02953117141203,,301.4924193990932,"rgba(38, 166, 154, 0.5)",24.68985402972335,320.356748721022,1.3828859108633864,66.84563732720909,10.872211767275815,False,False,True,False,True,15.476753356247801,0.0,0.0,0.0,0.0,0,1.0494866170104509,0.8714916048744276,False,False,False,False,0.28236956120832024,0.2229417655670098,False,False,False,False,258597.0,242757.8712935452,False,False,False,False,5719.900678787413,False,False,False,False
2025-09-04 15:00:00+00:00,354.5,357.15,353.29,355.45,11285.0,,,,,,,,338.53777539677077,326.1471806229002,318.9948963083826,323.3102897019462,321.78736281108183,320.7459701873053,316.4848504554039,315.3198087479239,303.12868686740217,298.4904097953585,294.7190829718821,284.64651603153953,278.3420276482824,269.3374196613746,266.6733467245867,256.26216288505896,,338.53777539677077,326.1471806229002,303.12868686740217,284.64651603153953,269.3374196613746,,302.05798667607496,"rgba(38, 166, 154, 1.0)",25.06693786069111,320.9749199691852,1.3753207600549064,72.63027414694575,16.030806721519042,True,False,True,False,True,15.86598565466025,0.0,0.0,0.0,0.0,0,1.0638802245789147,0.8696444167186523,False,False,False,False,0.3283415285938436,0.2756416470804267,False,False,False,False,269882.0,243178.40042077706,False,False,False,False,5806.181288418616,False,False,False,False
2025-09-04 16:00:00+00:00,355.45,357.39,354.52,354.52,6639.0,,,,,,,,339.9576190806862,326.6835729423486,319.41627775980004,323.55173445994893,321.99936130618306,320.9494775463598,316.6812262283786,315.5138090184186,303.3084832092143,298.6726564967768,294.9020018489774,284.82907852615443,278.52489411225434,269.51790392304287,266.8538706794382,256.43962161173107,,339.9576190806862,326.6835729423486,303.3084832092143,284.82907852615443,269.51790392304287,,302.36259929685707,"rgba(38, 166, 154, 1.0)",25.40815102561732,321.31047851583736,1.307042037442225,75.46944566789472,18.449372993474384,True,False,True,False,True,15.27628824312431,0.0,0.0,0.0,0.0,0,1.0686018029426954,0.8692533284455033,False,False,False,False,0.3348973963079047,0.3052695216941657,False,False,False,False,263243.0,243489.47948402082,False,False,False,False,5819.093206427629,False,False,False,False
2025-09-04 17:00:00+00:00,354.295,356.87,354.295,355.765,1700.0,,,,,,,,340.2872160626587,326.81855941854144,319.52310849254627,323.61329739435354,322.05348594664815,321.00145491764727,316.73140770293537,315.5633900960703,303.3544703465648,298.7192721393074,294.94879194320686,284.8757846472703,278.5716811487296,269.56408701171756,266.900064864484,256.485036422407,,340.2872160626587,326.81855941854144,303.3544703465648,284.8757846472703,269.56408701171756,,302.43819428469305,"rgba(38, 166, 154, 1.0)",25.552187574939712,321.3939770897524,1.3451303458634958,77.68749259257802,20.457230773310258,True,False,True,False,True,15.8010979495543,0.0,0.0,0.0,0.0,0,1.064677486475239,0.8705534748231375,False,False,False,False,0.3315714274956292,0.3184204745948974,False,False,False,False,264943.0,243822.09220519877,False,False,False,False,5755.2312962504575,False,False,False,False
2025-09-04 18:00:00+00:00,355.765,357.55,355.765,356.35,2549.0,,,,,,,,340.7841015102314,327.0249455251082,319.6861296286383,323.70777905175987,322.1365093432092,321.08114257744063,316.808165842451,315.6391891920644,303.4244723443341,298.790142544487,295.0198664204195,284.94660172238184,278.64255647078636,269.6339741619489,266.96994960202625,256.55367941922003,,340.7841015102314,327.0249455251082,303.4244723443341,284.94660172238184,269.6339741619489,,302.5530753347817,"rgba(38, 166, 154, 1.0)",25.756669691103617,321.5215544738362,1.3522107455605412,79.3248889189949,22.085576887153792,True,False,True,False,True,16.049470283789674,0.0,0.0,0.0,0.0,0,1.0663505922222314,0.8726242247689955,False,False,False,False,0.34118942251686785,0.3298049485558826,False,False,False,False,267492.0,244189.06751984684,False,False,False,False,5705.522283905489,False,False,False,False
2025-09-04 19:00:00+00:00,356.27,362.18,356.195,362.09,10263.0,,,,,,,,342.9054418491329,327.92557978193173,320.3909255651679,324.12386580310505,322.5013256134674,321.4306024587923,317.14196755589165,315.96816686276674,303.72343782376464,299.0914122900846,295.32102575804345,285.2445846901609,278.9397473142022,269.9258343632552,267.26148950615726,256.8390206198663,,342.9054418491329,327.92557978193173,303.72343782376464,285.2445846901609,269.9258343632552,,303.0459017409869,"rgba(38, 166, 154, 1.0)",26.00866086743331,322.07883301601134,1.5383785881144127,81.73422528448822,24.537759961324483,True,False,True,False,True,18.425964050746803,0.0,0.0,0.0,0.0,0,1.0620404716168776,0.8664966549645624,False,False,False,False,0.34282825354179663,0.33631660104883965,False,False,False,False,277755.0,244709.4695738027,False,False,False,False,5776.180853147263,False,False,False,False
2025-09-05 14:00:00+00:00,369.86,369.86,363.15,363.45,8877.0,,,,,,,,344.85931328973066,328.78848432814704,321.0601570955463,324.5283056420526,322.855161505992,321.7687933884176,317.4618488134899,316.2826839763184,304.0036912875923,299.3721652921747,295.6005143248682,285.51863695053663,279.2118216583045,270.19159322240296,267.5265791840784,257.09723357546534,,344.85931328973066,328.78848432814704,304.0036912875923,285.51863695053663,270.19159322240296,,303.50793647094486,"rgba(38, 166, 154, 1.0)",26.26766900789159,322.612559838198,1.5546655529096693,83.59639407127695,26.528992375914413,True,False,True,False,True,18.972042077659506,0.0,0.0,0.0,0.0,0,1.0743026433489529,0.8554569850557637,False,False,False,False,0.34282825361120545,0.3395724273300226,False,False,False,False,286632.0,245359.43128583676,False,False,False,False,5824.255568602344,False,False,False,False
2025-09-05 15:00:00+00:00,363.675,369.97,362.72,369.295,5855.0,,,,,,,,346.0723934051343,329.3637440823538,321.5086480079776,324.8025621031343,323.095314919357,321.99830408858577,317.67852848002195,316.49563544608725,304.1926455063936,299.56116771471847,295.788466932089,285.7025105811444,279.39415008764996,270.3694441513632,267.70391500713197,257.26975470254155,,346.0723934051343,329.3637440823538,304.1926455063936,285.7025105811444,270.3694441513632,,303.81232407598026,"rgba(38, 166, 154, 1.0)",26.571835024130166,322.96644690133917,1.743521027305393,85.75222946635033,28.834541021087716,True,False,True,False,True,20.0,0.0,0.0,0.0,0.0,0,1.0691708620493017,0.8608110530003091,False,False,False,False,0.3415420974106753,0.34055726237034895,False,False,False,False,292487.0,246090.09126590128,False,False,False,False,5824.7322264534705,False,False,False,False
2025-09-05 16:00:00+00:00,369.175,369.69,365.13,366.28,4588.0,,,,,,,,346.92317362020356,329.7992471237866,321.85183310768406,325.0135527036985,323.2804521768278,322.17538003521713,317.8460070068748,316.6603061982027,304.33923640604365,299.707896114605,295.9344558812693,285.8454994184967,279.53601935489115,270.5079317040397,267.84202605620106,257.4042046443687,,346.92317362020356,329.7992471237866,304.33923640604365,285.8454994184967,270.5079317040397,,304.04170134702565,"rgba(38, 166, 154, 1.0)",26.69120894061851,323.23283095263344,1.6127845367789855,83.8407342665786,28.834541021087716,True,False,True,False,True,19.233099404546103,0.0,0.0,0.0,0.0,0,1.0798151253630004,0.8614094645997787,False,False,False,False,0.34282825361903074,0.34169275799468984,False,False,False,False,287899.0,246738.29140131365,False,False,False,False,5805.55808340768,False,False,False,False
2025-09-05 17:00:00+00:00,366.45,367.96,365.26,367.26,3979.0,,,,,,,,347.5999757296073,330.16681834511735,322.14395995655633,325.19394559622856,323.4390036013397,322.3271253139872,317.9897307868345,316.8016701285533,304.46539927114634,299.83424335172253,296.0602164079203,285.9687871458485,279.65839611847616,270.62745938655615,267.96124505889986,257.5203223004415,,347.5999757296073,330.16681834511735,304.46539927114634,285.9687871458485,270.62745938655615,,304.2348936562022,"rgba(38, 166, 154, 0.75)",26.63212424382969,323.4569221316827,1.6447459266590758,82.82744057504163,28.834541021087716,True,False,True,False,False,19.617538418004948,0.0,0.0,0.0,0.0,0,1.0808927912033808,0.8590899766134655,False,False,False,False,0.3364706282856402,0.339081693140165,False,False,False,False,291878.0,247438.13184470413,False,False,False,False,5777.239353432367,False,False,False,False
2025-09-05 18:00:00+00:00,366.915,369.75,366.915,369.72,4385.0,,,,,,,,348.3655455930807,330.58483408643895,322.4755192837779,325.40026478027875,323.62026736382296,322.5005081849059,318.15349021170186,316.96263189398456,304.60821635156,299.9770075840554,296.20213373741893,286.1075174196076,279.7958992302659,270.7615282016114,268.0949055985216,257.65030219679966,,348.3655455930807,330.58483408643895,304.60821635156,286.1075174196076,270.7615282016114,,304.4537857323645,"rgba(38, 166, 154, 0.75)",26.62818380118315,323.71229096515253,1.727782464563102,82.78960806391382,28.834541021087716,True,False,True,False,False,20.0,0.0,0.0,0.0,0.0,0,1.0776541911740545,0.8602339565603124,False,False,False,False,0.3428282536268522,0.3409549733835086,False,False,False,False,296263.0,248195.10654478622,False,False,False,False,5755.654247177601,False,False,False,False
2025-09-05 19:00:00+00:00,369.735,371.24,368.985,369.955,15598.0,,,,,,,,350.8355823807647,332.0480481287235,323.6488529704995,326.1395444680517,324.2711982443353,323.1234731863183,318.74188331764753,317.54098225055463,305.1210469099821,300.48932946404557,296.7112131482851,286.6047464063769,280.2884990494538,271.2415898817621,268.5734311780725,258.11544055020767,,350.8355823807647,332.0480481287235,305.1210469099821,286.6047464063769,271.2415898817621,,305.2184288459425,"rgba(38, 166, 154, 0.75)",26.54717965169753,324.60594827276964,1.7082436749295344,82.8254366298469,28.834541021087716,True,False,True,False,False,20.0,0.0,0.0,0.0,0.0,0,1.0789977880290433,0.8587298846321465,False,False,False,False,0.3428282536415178,0.3418916135125132,False,False,False,False,311861.0,249182.17466037092,False,False,False,False,5908.248754973297,False,False,False,False
2025-09-08 14:00:00+00:00,375.2,376.235,368.04,369.97,3100.0,,,,,,,,351.290950727348,332.33593432788643,323.88179405336473,326.2880086833543,324.4021629894217,323.24886264877557,318.8602829157342,317.6573549279525,305.22411953713646,300.5922248699708,296.81340814838455,286.70445971450687,280.38722830846285,271.3377472633299,268.6692631051328,258.2085389813922,,351.290950727348,332.33593432788643,305.22411953713646,286.70445971450687,271.3377472633299,,305.36889632513464,"rgba(38, 166, 154, 0.75)",26.44198344940832,327.7875733993603,1.595282240507703,82.85365652073793,28.834541021087716,True,False,True,False,False,20.0,0.0,0.0,0.0,0.0,0,1.0790115401867635,0.8500509725563752,False,False,False,False,0.34282825365755226,0.3423599335850327,False,False,False,False,314961.0,250202.00140982252,False,False,False,False,5864.710014586114,False,False,False,False
2025-09-08 15:00:00+00:00,370.55,370.55,366.43,369.205,3698.0,,,,,,,,351.73938768579563,332.650660446781,324.14117667176544,326.453375116342,324.54856883244076,323.3892951463804,318.99364299438855,317.78861523369045,305.3416830200574,300.7099377893762,296.930574560621,286.81933895879695,280.50125546411806,271.44913960808344,268.78036480727735,258.31676556047717,,351.73938768579563,332.650660446781,305.3416830200574,286.81933895879695,271.44913960808344,,305.53461136852445,"rgba(38, 166, 154, 0.75)",26.26732473200539,327.9005886680893,1.572463574167618,81.71735544207465,28.834541021087716,True,False,True,False,False,20.0,0.0,0.0,0.0,0.0,0,1.0740849409521016,0.8625394263918431,False,False,False,False,0.3154289964593872,0.32889446502221,False,False,False,False,311263.0,251148.68355850744,False,False,False,False,5831.1176112591975,False,False,False,False
2025-09-08 16:00:00+00:00,368.86,369.07,364.9,366.4,2918.0,,,,,,,,352.0387298530929,332.88204908348337,324.3349347544938,326.57701351452613,324.658374509554,323.4947849539838,319.0942900678411,317.88779112004744,305.4313152750319,300.7998966599828,297.0202698267357,286.90762065474144,280.58905169827705,271.53510903494197,268.86616160111646,258.40051836970497,,352.0387298530929,332.88204908348337,305.4313152750319,286.90762065474144,271.53510903494197,,305.65736943609716,"rgba(38, 166, 154, 0.75)",25.96790921520358,327.9895619247458,1.4791501986908453,77.06554143443246,31.588980150432974,True,False,True,False,False,18.148859956987796,0.0,0.0,0.0,0.0,0,1.0656289406023285,0.8720419894207618,False,False,False,False,0.3042581062481792,0.3165762856351946,False,False,False,False,308345.0,252035.44815449955,False,False,False,False,5785.952997131148,False,False,False,False
2025-09-08 17:00:00+00:00,366.36,368.42,366.36,367.165,2739.0,,,,,,,,352.3186954873215,333.09972664857145,324.5174413296932,326.6938860288509,324.7622040700677,323.5945331964832,319.18941385481827,317.98151414244944,305.5159294293874,300.88478459257016,297.10488552430195,286.9908531372007,280.6718007380015,271.616107841409,268.946989802979,258.47939612245403,,352.3186954873215,333.09972664857145,305.5159294293874,286.9908531372007,271.616107841409,,305.77301012166,"rgba(38, 166, 154, 0.75)",25.50780742640868,328.09967653265255,1.531504563065756,74.42825556820786,29.038430389688614,True,False,True,False,False,18.47676368104175,0.0,0.0,0.0,0.0,0,1.066295754507651,0.8736789336138457,False,False,False,False,0.30725688259778505,0.3119165841164898,False,False,False,False,311084.0,252950.92957846078,False,False,False,False,5738.713415780277,False,False,False,False
2025-09-08 18:00:00+00:00,367.165,371.13,367.165,371.1,2318.0,,,,,,,,352.58566217085826,333.29502252924436,324.6795812382502,326.79828666711956,324.85478536968213,323.6833702228159,319.27376278172244,318.0645328526397,305.5902275982678,300.95913492086027,297.1788635341895,287.0633313742519,280.74371114887333,271.6863257423947,269.0170149059403,258.54758181452723,,352.58566217085826,333.29502252924436,305.5902275982678,287.0633313742519,271.6863257423947,,305.8763246794773,"rgba(38, 166, 154, 0.75)",25.033772821625043,328.2248583566552,1.712691968120274,74.7253277663748,29.038430389688614,True,False,True,False,False,20.0,0.0,0.0,0.0,0.0,0,1.062263578104358,0.8726255241283672,False,False,False,False,0.3203331753838758,0.3161248797501828,False,False,False,False,313402.0,253888.15547646914,False,False,False,False,5685.679099256551,False,False,False,False
2025-09-08 19:00:00+00:00,371.1,371.2,368.245,370.23,6345.0,,,,,,,,353.2801307795121,333.82046158830155,325.1184267562499,327.0821047429737,325.10679188842386,323.9252918889019,319.50364111123724,318.29083056577065,305.79302064119213,301.1621087388848,297.3808528279253,287.2612997990353,280.9401630553132,271.87820097162233,269.2083733694935,258.7339543855447,,353.2801307795121,333.82046158830155,305.79302064119213,287.2612997990353,271.87820097162233,,306.15535331939884,"rgba(38, 166, 154, 0.75)",24.418435416119927,328.55383723636595,1.7067499228931509,73.73425564946632,28.100428824922403,True,False,True,False,False,19.51111407183485,0.0,0.0,0.0,0.0,0,1.0634346081402013,0.8711407747113254,False,False,False,False,0.32463424275550673,0.3203795612528447,False,False,False,False,307057.0,254712.47864737659,False,False,False,False,5695.901128725442,False,False,False,False
2025-09-09 14:00:00+00:00,372.01,372.08,365.75,370.8,2682.0,,,,,,,,353.55138980791634,334.0359514727172,325.2999501505235,327.1999852064168,325.21164585783947,324.02602182456354,319.59951553359997,318.3852506492302,305.87789241082413,301.24711278720787,297.4654871288281,287.3443442499879,281.0226180412016,271.9587929787512,269.28876243060654,258.8122993970076,,353.55138980791634,334.0359514727172,305.87789241082413,287.3443442499879,271.9587929787512,,306.2704387454514,"rgba(38, 166, 154, 0.75)",23.80431465451633,328.6846429992323,1.7692320746053176,73.3911625615284,27.52431781124676,True,False,True,False,False,19.754344774041915,0.0,0.0,0.0,0.0,0,1.0573483416954457,0.8741203492539257,False,False,False,False,0.3185973054356032,0.31948843334422394,False,False,False,False,309739.0,255565.60300943276,False,False,False,False,5649.173979442876,False,False,False,False
2025-09-09 15:00:00+00:00,370.8,371.81,369.71,369.83,4727.0,,,,,,,,354.0339738911544,334.41902607032006,325.62278076184805,327.41057753287083,325.399005409412,324.2059935180619,319.7706533422754,318.55375536640315,306.02905171374954,301.3984003783708,297.61604230671213,287.4919119012631,281.16905586398076,272.1018290408808,269.43141276499836,258.95124080348194,,354.0339738911544,334.41902607032006,306.02905171374954,287.4919119012631,272.1018290408808,,306.47529441661146,"rgba(38, 166, 154, 0.75)",23.16542901717126,328.9243269222736,1.765806842921201,71.69229094175688,25.68087567099151,True,False,True,False,False,19.038549031935563,0.0,0.0,0.0,0.0,0,1.0609122190497107,0.8747996843757878,False,False,False,False,0.33242444864830306,0.32595644099626353,False,False,False,False,305012.0,256332.21381548807,False,False,False,False,5634.876708443761,False,False,False,False
2025-09-09 16:00:00+00:00,369.83,371.04,368.57,369.74,4446.0,,,,,,,,354.44593623814256,334.76551339262755,325.9177820566179,327.603748758859,325.57122957086364,324.37157585808353,319.9284661662599,318.7092276251835,306.16911617718904,301.53872416673175,297.7557908970144,287.62911827642466,281.30532639043105,272.23507420765026,269.5643334530967,259.0808280057429,,354.44593623814256,334.76551339262755,306.16911617718904,287.62911827642466,272.23507420765026,,306.6619869525574,"rgba(38, 166, 154, 0.75)",22.3905196818134,329.13472035779836,1.813503224544766,70.41647014127955,24.280568428282947,True,False,True,False,False,18.971339620012724,0.0,0.0,0.0,0.0,1,1.0747731964698433,0.8740839440373084,False,False,False,False,0.3252523022245098,0.3256043716103867,False,False,False,False,300566.0,257018.00895013165,False,False,False,False,5616.444511413625,False,False,False,False
2025-09-09 17:00:00+00:00,369.85,370.345,368.55,368.665,3561.0,,,,,,,,354.74842650538994,335.0335260807169,326.1480588393538,327.75503182278555,325.7063619816748,324.5016017826568,320.0526448333235,318.83162654686646,306.2798089109085,301.6497220763104,297.86640804501485,287.73788769830173,281.41343563528716,272.3408831462917,269.6699095550523,259.18384358930103,,354.74842650538994,335.0335260807169,306.2798089109085,287.73788769830173,272.3408831462917,,306.80744856557726,"rgba(38, 166, 154, 0.75)",21.79887753495203,329.2945431871071,1.8060772509853718,67.80236062579158,21.693634609835655,True,False,True,False,False,18.159831723188127,0.0,0.0,0.0,0.0,0,1.080206782464847,0.8645326716294456,False,False,False,False,0.32257577129399795,0.3240900714521923,False,False,False,False,297005.0,257637.962299742,False,False,False,False,5584.577154647522,False,False,False,False
2025-09-09 18:00:00+00:00,368.68,368.94,367.06,367.46,5226.0,,,,,,,,355.13057467824285,335.40394025179666,326.4710099564609,327.9678089719983,325.89698233205746,324.68526838908383,320.22871804529365,319.0053378181542,306.4380414395869,301.8086777636508,298.0250280834647,287.8943199978172,281.5691493913153,272.4935617604595,269.8223225961574,259.3328031892197,,355.13057467824285,335.40394025179666,306.4380414395869,287.8943199978172,272.4935617604595,,307.0108465415475,"rgba(38, 166, 154, 0.5)",21.177481145256888,329.50772306216487,1.7921053347902645,64.19260917190354,18.306599788080675,False,False,True,False,False,17.248639905977164,0.0,0.0,0.0,0.0,0,1.0805812855225438,0.8600971018575283,False,False,False,False,0.31178371162004437,0.31793689153611837,False,False,False,False,291779.0,258167.28071369947,False,False,False,False,5579.017818916552,False,False,False,False
2025-09-09 19:00:00+00:00,367.46,369.95,367.21,368.99,7937.0,,,,,,,,355.70816278779114,335.9658950612036,326.9624609992383,328.2938510998497,326.18933135715633,324.96698965960405,320.49865253992357,319.2716216087619,306.68029506865986,302.05189619082824,298.2676388169424,288.1333887494656,281.80701695130733,272.72668346321984,270.0550067549135,259.5601196415393,,355.70816278779114,335.9658950612036,306.68029506865986,288.1333887494656,272.72668346321984,,307.3211881719003,"rgba(38, 166, 154, 0.5)",20.64360558501357,329.8444739985267,1.896254306945845,63.4120101808057,17.582039716010698,False,False,True,False,False,17.97133092880234,0.0,0.0,0.0,0.0,1,1.0794716793640275,0.8590510102683004,False,False,False,False,0.31609941905898314,0.31701815529755073,False,False,False,False,299716.0,258811.44690418473,False,False,False,False,5615.575682189163,False,False,False,False
2025-09-10 14:00:00+00:00,365.48,369.81,364.72,365.89,12823.0,,,,,,,,356.42146241608947,336.7841187024435,327.6974993957669,328.78534569177845,326.6324690195237,325.39505742967384,320.91143892687086,319.67946578537305,307.0557940719571,302.4299733378381,298.645569192306,288.5075694420491,282.1801980842956,273.0934901642662,270.42139312507464,259.91899075888927,,356.42146241608947,336.7841187024435,307.0557940719571,288.5075694420491,273.0934901642662,,307.78498972151226,"rgba(38, 166, 154, 0.5)",20.101411507519796,332.9861584348129,1.6368920935168145,58.658080893412674,13.172567084126612,False,True,True,False,False,15.626614180322182,0.0,0.0,0.0,0.0,0,1.0775665963339047,0.8570733878412237,False,False,False,False,0.30633076479338806,0.3116744600454694,False,False,False,False,286893.0,259246.8198203989,False,False,False,False,5727.318694868401,False,False,False,False
2025-09-10 15:00:00+00:00,365.68,369.42,365.52,368.37,7399.0,,,,,,,,356.82726681874055,337.2513113951788,328.119561377661,329.0703190389299,326.8898185816614,325.64374862348143,321.15121923038413,319.9163731705663,307.27379348266356,302.6493602432939,298.86480385323654,288.7244969772473,282.3964744902839,273.30600522931195,270.6336423359401,260.12682880806545,,356.82726681874055,337.2513113951788,307.27379348266356,288.7244969772473,273.30600522931195,,308.05281397854037,"rgba(38, 166, 154, 0.5)",19.527347129807044,333.2772814019576,1.7971063024979954,58.132668890999625,12.739569093852026,False,True,True,False,False,16.824310697325384,0.0,0.0,0.0,0.0,1,1.0793588130309981,0.8579617886780654,False,False,False,False,0.30784986622975646,0.30976216313761296,False,False,False,False,294292.0,259790.1559472144,False,False,False,False,5753.236234482843,False,False,False,False
2025-09-10 16:00:00+00:00,368.84,370.53,368.53,370.35,5408.0,,,,,,,,357.15777225950785,337.6061361501684,328.4380030832849,329.2867934471242,327.0851453162803,325.83236568001706,321.3325070543903,320.09535492239235,307.43746594752565,302.8137604122672,299.0288695895259,288.88636109166913,282.55761135871006,273.46406250539513,270.7914279546465,260.2810935993941,,357.15777225950785,337.6061361501684,307.43746594752565,288.88636109166913,273.46406250539513,,308.25592064826867,"rgba(38, 166, 154, 0.5)",18.907298281519825,333.5222636792888,1.9478053274648444,59.54038158997449,12.739569093852026,False,True,True,False,False,17.76491026060882,0.0,0.0,0.0,0.0,1,1.0806024206477765,0.8650285344032694,False,False,False,False,0.3231930345834452,0.31647759886052906,False,False,False,False,299700.0,260408.91321935062,False,False,False,False,5747.883734723419,False,False,False,False
2025-09-10 17:00:00+00:00,370.345,371.02,368.64,369.45,8077.0,,,,,,,,357.61752533249853,338.12030191274977,328.9035189809771,329.6050658768787,327.372907447704,326.1104553931546,321.60021027317464,320.3597575286659,307.67993668660574,303.05743898794094,299.27215388293723,289.1266125637243,282.79689596085115,273.6989196650571,271.0259154208692,260.5104763965638,,357.61752533249853,338.12030191274977,307.67993668660574,289.1266125637243,273.6989196650571,,308.55363076939705,"rgba(38, 166, 154, 0.5)",18.75605370910404,333.86127655733117,1.897452630208365,59.24996343146656,12.739569093852026,False,True,True,False,False,17.07442644948996,0.0,0.0,0.0,0.0,1,1.0714279777587536,0.8674667752686648,False,False,False,False,0.32543964036255774,0.32095861961154337,False,False,False,False,291623.0,260892.85254928318,False,False,False,False,5783.9940644176295,False,False,False,False
2025-09-10 18:00:00+00:00,369.62,369.98,366.57,367.75,6204.0,,,,,,,,357.9045136418866,338.4846981748909,329.2402406035027,329.8365100092389,327.5830418695552,326.31390702749655,321.79704444912926,320.5544038524811,307.8601202189496,303.23893400781594,299.45365974024327,289.3065308930536,282.9764272832961,273.8755384330828,271.20235904767054,260.6834374019921,,357.9045136418866,338.4846981748909,307.8601202189496,289.3065308930536,273.8755384330828,,308.7694604158928,"rgba(38, 166, 154, 0.5)",18.534285977202952,334.07984331802237,1.8166416943923116,56.873583812553484,11.315500502301667,False,True,True,False,False,15.772151349550647,0.0,0.0,0.0,0.0,1,1.0635168727085287,0.8749449215599874,False,False,False,False,0.31382854061657506,0.3173935801140592,False,False,False,False,285419.0,261273.1028973563,False,False,False,False,5790.505784349139,False,False,False,False
2025-09-10 19:00:00+00:00,367.75,372.31,367.0,372.31,21003.0,,,,,,,,358.9762966545374,339.75160100924563,330.40740155573224,330.6484667036446,328.3204984191958,327.02765041315075,322.485683215998,321.23495765476014,308.4866028373688,303.8687522075934,300.08267640382417,289.92826182098315,283.59590406636784,274.4839453941881,271.80988086180224,261.27808077695914,,358.9762966545374,339.75160100924563,308.4866028373688,289.92826182098315,274.4839453941881,,309.5241662497094,"rgba(38, 166, 154, 0.5)",18.3248722527918,334.9176416103818,2.040524914650986,59.310409924271816,11.315500502301667,False,True,True,False,True,17.979566773329065,0.0,0.0,0.0,0.0,1,1.0627832036912777,0.8721886726807323,False,False,False,False,0.3241287359522809,0.32076115803317007,False,False,False,False,306422.0,261973.08579817245,False,False,False,False,6026.3584078476015,False,False,False,False
2025-09-11 14:00:00+00:00,371.4,376.0,371.07,373.01,3933.0,,,,,,,,359.20119390930086,339.99850694463896,330.63351325088337,330.80742006965585,328.4648246277989,327.16724866077175,322.61992056447696,321.3675140806211,308.60779597820033,303.99031637807445,300.20389498136933,290.0476659615789,283.71466452665493,274.600344466408,271.92604551643507,261.391573696252,,359.20119390930086,339.99850694463896,308.60779597820033,290.0476659615789,274.600344466408,,309.67140272582003,"rgba(38, 166, 154, 0.5)",18.061723723025583,337.8434753374018,1.9470192990366106,61.4327674581305,6.88629042949443,False,True,True,False,True,18.31052082592507,0.0,0.0,0.0,0.0,1,1.0652868076701503,0.8671549666694096,False,False,False,False,0.34282825366823605,0.33179470585070303,False,False,False,False,310355.0,262723.1929951,False,False,False,False,5993.903238733686,False,False,False,False
2025-09-11 15:00:00+00:00,372.895,374.51,371.17,371.37,3907.0,,,,,,,,359.40230013949304,340.2328971893582,330.85053116599,330.9604353807105,328.6040789413839,327.3020796910112,322.74993049468253,321.4959833016976,308.7258695563879,304.1089044303949,300.32225876658885,290.1645089657519,283.8310034814516,274.7145232747245,272.04003298808897,261.5030740708829,,359.40230013949304,340.2328971893582,308.7258695563879,290.1645089657519,274.7145232747245,,309.8130257399124,"rgba(38, 166, 154, 0.5)",17.77251844615663,337.9725521905564,1.8791623657966094,60.67989432755239,6.88629042949443,False,True,True,False,True,17.033485842026142,0.0,0.0,0.0,0.0,1,1.0650260729384282,0.8733858630389365,False,False,False,False,0.337644343024614,0.3347195244376585,False,False,False,False,306448.0,263401.0969796721,False,False,False,False,5961.548149761071,False,False,False,False
2025-09-11 16:00:00+00:00,371.365,372.04,368.73,369.51,2328.0,,,,,,,,359.4988515202417,340.3612513909712,330.971798355357,331.0461334200649,328.6823760372114,327.37803186694384,322.82356483702245,321.5688415362303,308.7935283587683,304.17703989715415,300.3903978972681,290.2320653394115,283.89841583472094,274.780860846533,272.1063046642372,261.56805508887237,,359.4988515202417,340.3612513909712,308.7935283587683,290.2320653394115,274.780860846533,,309.892344805688,"rgba(38, 166, 154, 0.5)",17.431217084705054,338.01997947695685,1.806530225056627,57.96548326097904,6.88629042949443,False,True,True,False,False,15.598537103184857,0.0,0.0,0.0,0.0,1,1.0690880248525207,0.8756052018441101,False,False,False,False,0.31946991731815705,0.3270947208779078,False,False,False,False,304120.0,264032.39780169266,False,False,False,False,5905.2140699198135,False,False,False,False
2025-09-11 17:00:00+00:00,369.13,369.69,365.68,365.7,1996.0,,,,,,,,359.5566668655584,340.4591525719422,331.06706381977824,331.1135581356191,328.744312785558,327.4382731316712,322.88242747816537,321.62719444803514,308.8485202541664,304.2326309213543,300.4461452419755,290.28767339343216,283.95407493714555,274.8358348369502,272.1612759429459,261.6221328569611,,359.5566668655584,340.4591525719422,308.8485202541664,290.28767339343216,274.8358348369502,,309.9548086013287,#000000,17.278904576402404,338.0313997816603,1.6012936523838652,52.55896887377992,7.4776744881320525,False,True,False,False,False,12.73916951249885,0.0,0.0,0.0,0.0,1,1.0821165438713995,0.8720529135967846,False,False,False,False,0.2997143090333297,0.3134045149556187,False,False,False,False,302124.0,264622.9652776354,False,False,False,False,5844.606099843538,False,False,False,False
2025-09-11 18:00:00+00:00,365.73,366.25,362.17,366.06,5978.0,,,,,,,,359.6752141478302,340.72421638504835,331.33214620310883,331.30173017903417,328.91804468267316,327.60765331022446,323.0490595848216,321.7926544170141,309.00640515319174,304.3927345712381,300.6070608792242,290.4489843525817,284.11593199637724,274.9961761633324,272.3217304743973,261.78039538266825,,359.6752141478302,340.72421638504835,309.00640515319174,290.4489843525817,274.9961761633324,,310.12938361767283,"rgba(239, 83, 80, 1.0)",17.172832101533142,338.05785744548854,1.6306071350928488,49.36952549942336,4.660598365262366,False,True,False,True,False,12.928053706682359,0.0,0.0,0.0,0.0,0,1.0871442723724205,0.864330287968976,False,False,False,False,0.27461608304956603,0.29401029900259235,False,False,False,False,308102.0,265297.0588392224,False,False,False,False,5846.674222326584,False,False,False,False
2025-09-11 19:00:00+00:00,366.06,366.36,362.67,362.67,9424.0,,,,,,,,359.81990164440816,341.1149392024128,331.73035348116275,331.5860620584591,329.1815710840072,327.86500652376566,323.30330690779823,322.0453730940094,309.24939961980834,304.6395745416949,300.85547170929766,290.6987187703768,284.3668649813097,275.24519308531416,272.57103051510103,262.02666973536606,,359.81990164440816,341.1149392024128,309.24939961980834,290.6987187703768,275.24519308531416,,310.39371480964326,"rgba(239, 83, 80, 1.0)",17.03390416622696,338.1633822706317,1.43869646618991,44.59823639964969,0.39311030178410533,False,True,False,True,False,10.437475199731988,0.0,0.0,0.0,0.0,0,1.0800659146507199,0.8630826991030167,False,False,False,False,0.27680506560170925,0.2854076823021508,False,False,False,False,298678.0,265814.59281070734,False,False,False,False,5902.136637484311,False,False,False,False
2025-09-12 14:00:00+00:00,363.1,365.12,359.075,359.075,7148.0,,,,,,,,359.852058652678,341.36714404186984,332.00013428015467,331.77997041643187,329.36285543020307,328.04275222563564,323.48084728813603,322.2223096117052,309.4228751695869,304.81662527078174,301.0342517826531,290.8797819666426,284.549457248185,275.4271841360599,272.75342836861057,262.2075447458981,,359.852058652678,341.36714404186984,309.4228751695869,290.8797819666426,275.4271841360599,,310.574951289702,"rgba(239, 83, 80, 1.0)",16.852781168346322,338.2109898986555,1.238015843968368,39.30861101329141,-4.276914838794667,False,True,False,True,False,7.896604083399957,0.0,0.0,0.0,0.0,0,1.0676266044735128,0.8674677415266051,False,False,False,False,0.2595237161970614,0.27246569924960606,False,False,False,False,291530.0,266213.28129426227,False,False,False,False,5921.452348531066,False,False,False,False
2025-09-12 15:00:00+00:00,359.055,360.69,358.37,359.465,5099.0,,,,,,,,359.8459608055983,341.5290778310542,332.17927132609617,331.90936315010464,329.4845359265043,328.1623756456117,323.6011954653933,322.34245333501815,309.54214892802537,304.9387157724611,301.1577950072672,291.0054776770316,284.6764979561404,275.5541476185317,272.88076107954737,262.3341107848343,,359.8459608055983,341.5290778310542,309.54214892802537,291.0054776770316,275.5541476185317,,310.6964930193262,"rgba(239, 83, 80, 1.0)",16.695667579584484,338.2361981934782,1.2715156015971742,36.294156137130116,-6.849959035957504,False,True,False,True,False,8.116790726772162,0.0,0.0,0.0,0.0,0,1.064114402866849,0.8785655588407221,False,False,False,False,0.24133442682118458,0.2569000630353953,False,False,False,False,296629.0,266684.8428245838,False,False,False,False,5908.701149329033,False,False,False,False
2025-09-12 16:00:00+00:00,359.49,361.145,358.63,358.65,7072.0,,,,,,,,359.83705252625407,341.7485356631303,332.42359765734426,332.08662252099236,329.65149679514667,328.3266134962437,323.76663252170965,322.5076610955995,309.70652734984463,305.1070454245233,301.32818289166363,291.1789652432358,284.85190633258594,275.72953515375525,273.0566785669626,262.50904604001397,,359.83705252625407,341.7485356631303,309.70652734984463,291.1789652432358,275.72953515375525,,310.86350620493783,"rgba(239, 83, 80, 1.0)",16.539958102610075,338.28887930430676,1.2310261349743168,33.7980526860891,-9.088184700411901,False,True,False,True,False,7.539261487691249,0.0,0.0,0.0,0.0,0,1.0790525238923814,0.869603994159154,False,False,False,False,0.2438574873534546,0.250378775194425,False,False,False,False,289557.0,267039.4499125747,False,False,False,False,5926.736790424707,False,False,False,False
2025-09-12 17:00:00+00:00,358.62,358.66,356.25,358.06,3803.0,,,,,,,,359.809254702528,341.8524658997986,332.54447482496187,332.1747390788631,329.7350870341998,328.40910846684676,323.8504695256355,322.59155588679823,309.7912626251832,305.1941234343854,301.41654627264677,291.26942174238394,284.94360308287094,275.8215065645397,273.1489995032928,262.6010988186295,,359.809254702528,341.8524658997986,309.7912626251832,291.26942174238394,275.8215065645397,,310.94710734147276,"rgba(239, 83, 80, 1.0)",16.395491991938467,340.0577773235799,1.0979983208354867,31.7711500327034,-11.031905809583549,False,True,False,True,False,7.117768188012381,0.0,0.0,0.0,0.0,0,1.0787447155612466,0.8672356026452888,False,False,False,False,0.22674836664701278,0.2385635709207189,False,False,False,False,285754.0,267329.5979759457,False,False,False,False,5893.810638635176,False,False,False,False
2025-09-12 18:00:00+00:00,358.08,361.445,357.77,360.72,6177.0,,,,,,,,359.81268487621276,342.04278773893594,332.75628473732536,332.3294974579815,329.8810009245279,328.5526740355122,323.9950520432791,322.73593715314695,309.93490174333084,305.34117791484636,301.5653811436251,291.42094152687116,285.0967894912302,275.9746768653165,273.3026303934607,262.7538785570868,,359.81268487621276,342.04278773893594,309.93490174333084,291.42094152687116,275.9746768653165,,311.0935185376681,"rgba(239, 83, 80, 1.0)",16.31439498344136,340.1944766058777,1.258123480212116,34.29505402856054,-11.031905809583549,False,True,False,True,False,8.675902862638122,0.0,0.0,0.0,0.0,0,1.0819733912952023,0.860979158267454,False,False,False,False,0.24188112711807783,0.24022234901939837,False,False,False,False,291931.0,267711.01506158995,False,False,False,False,5898.201171369514,False,False,False,False
2025-09-12 19:00:00+00:00,360.71,361.02,357.0,358.115,16075.0,,,,,,,,359.75747064151403,342.48615299931595,333.26751983249335,332.7061937681739,330.23850199814655,328.9054240091697,324.35288850551984,323.0938958588786,310.29551734197986,305.7114101342511,301.9408628629362,291.8049135745105,285.4858307185951,276.3647141509258,273.6940964822568,263.14408309069745,,359.75747064151403,342.48615299931595,310.29551734197986,291.8049135745105,276.3647141509258,,311.4530922480853,"rgba(239, 83, 80, 1.0)",16.189621295006773,340.3272678815762,1.098712057206054,34.00363334582991,-11.031905809583549,False,True,False,True,False,6.799612104100415,0.0,0.0,0.0,0.0,0,1.079717501268969,0.8633451770430398,False,False,False,False,0.23766988496774732,0.23894611699357285,False,False,False,False,275856.0,267837.2938978444,False,False,False,False,6055.980998169986,False,False,False,False
2025-09-15 14:00:00+00:00,362.14,368.3,362.03,367.74,11736.0,,,,,,,,359.97877513780844,342.93451226215814,333.7318747163882,333.0499209506204,330.55955504939453,329.2196991167764,324.66412360895583,323.4034981776705,310.5946988963891,306.0153245952972,302.2467990331118,292.1128206970479,285.7953764975869,276.67223560608096,274.0020235419581,263.44860712034387,,359.97877513780844,342.93451226215814,310.5946988963891,292.1128206970479,276.67223560608096,,311.7768653129742,"rgba(239, 83, 80, 0.75)",16.119114010594622,340.7421816874195,1.6748946806155511,42.350871724913496,-15.01301912496509,False,True,False,True,True,12.115888999961062,0.0,0.0,0.0,0.0,0,1.0818087497838489,0.8480632889503715,False,False,False,False,0.2814787842669379,0.2602124506302554,False,False,False,False,287592.0,268143.5684110561,False,False,False,False,6144.043308275877,False,False,False,False
2025-09-15 15:00:00+00:00,367.85,368.145,365.26,366.31,5025.0,,,,,,,,360.0769912592769,343.125741830765,333.9300045424274,333.19734711116797,330.697363947741,329.35462160160387,324.7977160703328,323.5363873505362,310.72307700318106,306.1456976307442,302.3780189020994,292.24484975711243,285.92808919567045,276.8040670329296,274.13402339232584,263.5791386600892,,360.0769912592769,343.125741830765,310.72307700318106,292.24484975711243,276.8040670329296,,311.91582095550024,#000000,16.058622891494547,340.90576785942994,1.5819682865848612,46.726115898482874,-11.035005671194178,False,True,False,False,True,11.098410813714732,0.0,0.0,0.0,0.0,0,1.0851060127545915,0.8559148765867111,False,False,False,False,0.29258220014604525,0.2763973253881503,False,False,False,False,282567.0,268367.18750545837,False,False,False,False,6126.693799620437,False,False,False,False
2025-09-15 16:00:00+00:00,366.095,366.095,359.97,360.2,5974.0,,,,,,,,360.1119936408339,343.30638833828993,334.1305355668353,333.34761793048335,330.8395284725048,329.49459136308434,324.93850732783005,323.6769645576257,310.86274525667557,306.28851796913875,302.5224787747061,292.3917740879285,286.0765591574871,276.9524908511133,274.2828756796159,263.727155981936,,360.1119936408339,343.30638833828993,310.86274525667557,292.3917740879285,276.9524908511133,,312.0594203097555,"rgba(239, 83, 80, 0.75)",15.877855832507722,341.00770401024295,1.208746079584843,45.479923021167295,-11.035005671194178,False,True,False,True,True,6.926534575231187,0.0,0.0,0.0,0.0,0,1.0713616092940939,0.8695777880967607,False,False,False,False,0.2661890104968689,0.27129316794250957,False,False,False,False,276593.0,268494.7194821179,False,False,False,False,6124.3264538898875,False,False,False,False
2025-09-15 17:00:00+00:00,360.2,360.2,357.36,359.4,4697.0,,,,,,,,360.0968041310685,343.42296193736746,334.26893637552314,333.4520411603101,330.93939786976875,329.59341071637044,325.0392788501726,323.7779072005486,310.96540900451714,306.3940846746158,302.62968030202603,292.50173703841733,286.18813963183476,277.0645870773703,274.395434382674,263.8395612578221,,360.0968041310685,343.42296193736746,310.96540900451714,292.50173703841733,277.0645870773703,,312.16058572565044,"rgba(239, 83, 80, 0.75)",15.885567930878272,341.045494515159,1.155420162798434,44.18921557022763,-11.035005671194178,False,True,False,True,True,6.3995703959667445,0.0,0.0,0.0,0.0,0,1.0538766399817219,0.8824485707004576,False,False,False,False,0.236051031873811,0.2536720999081603,False,False,False,False,271896.0,268547.4525134029,False,False,False,False,6102.197361581517,False,False,False,False
2025-09-15 18:00:00+00:00,359.39,360.13,357.13,359.54,4146.0,,,,,,,,360.0831052385456,343.5240818575604,334.3895662995971,333.54331932349584,331.02679815293686,329.6799317668356,325.1275956523521,323.8663957743298,311.05556585556116,306.48682250855575,302.7238792368044,292.59842142713234,286.28627537898893,277.16321492085405,274.4944781853668,263.93850470810605,,360.0831052385456,343.5240818575604,311.05556585556116,292.59842142713234,277.16321492085405,,312.2492472679389,"rgba(239, 83, 80, 1.0)",15.897849549462943,341.08078379120906,1.1611140331501342,43.45096389203202,-11.035005671194178,False,True,False,True,False,6.478274390354798,0.0,0.0,0.0,0.0,0,1.052788326827678,0.8830656175379543,False,False,False,False,0.2349959126917289,0.24433400629994462,False,False,False,False,276042.0,268663.6470480788,False,False,False,False,6071.868720316686,False,False,False,False
2025-09-15 19:00:00+00:00,359.87,360.8,357.17,358.78,18037.0,,,,,,,,360.0262681271005,343.9486180435031,334.9005676248428,333.93267126381835,331.4005395437138,330.0502631399685,325.50633084366075,324.2460527364609,311.44374196630724,306.8863663403317,303.12992540758563,293.0156831730877,286.7100499884572,277.58945305124575,274.9225922665105,264.3664934176093,,360.0262681271005,343.9486180435031,311.44374196630724,293.0156831730877,277.58945305124575,,312.62972605838775,"rgba(239, 83, 80, 1.0)",15.906388969943018,341.25272715941543,1.1019014355617969,42.442061656560305,-11.035005671194178,False,True,False,True,False,5.963733437933019,0.0,0.0,0.0,0.0,0,1.0514395325918626,0.8804290440658874,False,False,False,False,0.23749386357503627,0.24091393493749044,False,False,False,False,258005.0,268498.39670624817,False,False,False,False,6257.374631629606,False,False,False,False
2025-09-16 14:00:00+00:00,359.23,364.77,358.32,360.46,8271.0,,,,,,,,360.05155671383466,344.1638678602814,335.1492879015148,334.12308142879726,331.58243561892124,330.23005169848483,325.688768707407,324.4286132399299,311.6280438838879,307.0754439800554,303.3216507920284,293.2117916562031,286.908774001076,277.788831097676,275.12271714126496,264.5661376164425,,360.05155671383466,344.1638678602814,311.6280438838879,293.2117916562031,277.788831097676,,312.81506583361283,"rgba(239, 83, 80, 1.0)",15.922634241803712,341.38162745166824,1.1981919736775006,43.439932539710064,-11.035005671194178,False,True,False,True,False,6.9333105734785825,0.0,0.0,0.0,0.0,0,1.0537557351977276,0.8731570897968097,False,False,False,False,0.25559574440535904,0.24825483967142475,False,False,False,False,266276.0,268463.9409433606,False,False,False,False,6288.593629588837,False,False,False,False
2025-09-16 15:00:00+00:00,359.67,359.67,354.67,356.205,4266.0,,,,,,,,360.0158501153643,344.2450545901648,335.25468507919084,334.2046874597531,331.6617751351961,330.309099774941,325.7707353025205,324.51104760562214,311.71430093514203,307.16468015645785,303.41267269506955,293.306076854862,287.00489942332484,277.8859683532184,275.2203935208988,264.66418248796725,,360.0158501153643,344.2450545901648,311.71430093514203,293.306076854862,277.8859683532184,,312.8966318431058,"rgba(239, 83, 80, 1.0)",15.919588053208088,341.406081414994,0.9296043676220466,41.176987357737914,-11.035005671194178,False,True,False,True,False,4.063550501677,0.0,0.0,0.0,0.0,0,1.0451836923425901,0.8855445337241866,False,False,False,False,0.22475250058162988,0.23650367012652732,False,False,False,False,262010.0,268363.87984346354,False,False,False,False,6257.235588820018,False,False,False,False
2025-09-16 16:00:00+00:00,356.205,358.345,355.69,357.25,8177.0,,,,,,,,359.9547471845436,344.4007915350627,335.45614827094255,334.361167644246,331.8139430844339,330.46070898254976,325.9278856173759,324.6690866533086,311.8796191130028,307.3356799886583,303.58708085189863,293.4867209387593,287.18906250766526,278.0720733398044,275.4075306398551,264.8520334271255,,359.9547471845436,344.4007915350627,311.8796191130028,293.4867209387593,278.0720733398044,,313.05339248620203,"rgba(239, 83, 80, 1.0)",15.921713515804168,341.46154119627005,0.9916306299606544,40.73916119838886,-11.035005671194178,False,True,False,True,False,4.680784377650966,0.0,0.0,0.0,0.0,0,1.0482254770176145,0.8836827680114517,False,False,False,False,0.22368526094786187,0.2300944655371946,False,False,False,False,270187.0,268392.1452722471,False,False,False,False,6286.999378140637,False,False,False,False
2025-09-16 17:00:00+00:00,356.9,358.41,356.61,358.13,34571.0,,,,,,,,359.77288594716015,345.0498385970353,336.2917029088181,335.0172234396639,332.45299504092003,331.09769306656034,326.58813938624536,325.33313963898746,312.5748773487775,308.05475257932585,304.3205187193213,294.24663612566354,287.9639258546918,278.8554394540875,276.19530184048955,265.64316583826405,,359.77288594716015,345.0498385970353,312.5748773487775,294.24663612566354,278.8554394540875,,313.71613973662573,"rgba(239, 83, 80, 1.0)",15.805869846473673,341.77293250351147,1.0348729715838971,41.366137697536196,-11.035005671194178,False,True,False,True,False,5.202651022686123,0.0,0.0,0.0,0.0,0,1.0481966640468083,0.8840887258754694,False,False,False,False,0.22713373785598423,0.2286141016965894,False,False,False,False,304758.0,268955.9569734526,False,False,False,False,6725.511015688844,False,False,False,False
2025-09-16 18:00:00+00:00,358.17,358.18,355.75,357.52,10615.0,,,,,,,,359.70903767184024,345.2282629252763,336.52935945889084,335.2064864954859,332.63867523371266,331.28330934475963,326.78181011047604,325.5282395948143,312.7815162811553,308.2689698454836,304.53940065994226,294.47432125730967,288.1965367898047,279.09118229233763,276.43250898589184,265.8819062099195,,359.70903767184024,345.2282629252763,312.7815162811553,294.47432125730967,279.09118229233763,,313.9107201973188,"rgba(239, 83, 80, 1.0)",15.599566940745534,341.8631153558505,1.0036743137563808,41.29381043434214,-11.035005671194178,False,True,False,True,False,4.783836698904928,0.0,0.0,0.0,0.0,0,1.0474759246764402,0.8874966044812085,False,False,False,False,0.2233179666462129,0.22596603417140115,False,False,False,False,294143.0,269346.45376456185,False,False,False,False,6785.813170484366,False,False,False,False
2025-09-16 19:00:00+00:00,357.53,358.06,354.91,355.36,26342.0,,,,,,,,359.50401037904646,345.6123961171258,337.06777474884757,335.64085506857685,333.06856738340656,331.71463563506904,327.23587895641845,325.9866265001509,313.27429760734424,308.78143822513687,305.0642347660802,295.023025305975,288.75847378854513,279.66239720318663,277.0076887907329,266.4623232063491,,359.50401037904646,345.6123961171258,313.27429760734424,295.023025305975,279.66239720318663,,314.36653898012446,"rgba(239, 83, 80, 1.0)",15.33519582558604,342.0495041140631,0.8679703889877293,39.58772610392636,-11.035005671194178,False,True,False,True,False,3.3063364949617515,0.0,0.0,0.0,0.0,0,1.048752506808887,0.8822566096559211,False,False,False,False,0.2199625808865572,0.22296430752897917,False,False,False,False,267801.0,269322.49324108026,False,False,False,False,7089.009865515616,False,False,False,False
2025-09-17 14:00:00+00:00,352.82,355.99,352.67,355.31,2710.0,,,,,,,,359.47576731396043,345.64512290249905,337.1173908566793,335.68141965853016,333.10916862430753,331.75556772934584,327.2794849042493,326.0307682344927,313.32266011375395,308.83193771619995,305.1161029879905,295.07759107594376,288.81452129152575,279.71957403312456,277.0653125855752,266.5206505637219,,359.47576731396043,345.64512290249905,313.32266011375395,295.07759107594376,279.71957403312456,,314.41019003699375,"rgba(239, 83, 80, 1.0)",15.0207030032477,342.06306451734184,0.881911817296033,38.4125003333749,-7.302225099014635,False,True,False,True,False,3.272098384655539,0.0,0.0,0.0,0.0,0,1.045509337712479,0.8837109763980362,False,False,False,False,0.20495705761823452,0.21396068257360684,False,False,False,False,265091.0,269256.8886947069,False,False,False,False,7021.118239693669,False,False,False,False
2025-09-17 15:00:00+00:00,354.73,356.9,352.975,352.975,2360.0,,,,,,,,359.44955389510193,345.6722579076526,337.1594566434835,335.71591230537564,333.1437915037004,331.79051543604265,327.31682996355664,326.06859853367683,313.364304980369,308.87546710486106,305.16084433249614,295.1247310756156,288.8629762678712,279.76904771684707,277.11518345188443,266.5711671642639,,359.44955389510193,345.6722579076526,313.364304980369,295.1247310756156,279.76904771684707,,314.4475398926749,"rgba(239, 83, 80, 1.0)",14.72760071467426,342.0736254580601,0.7402003050692438,35.927864588569086,-9.88836047338971,False,True,False,True,False,1.6745467542565677,0.0,0.0,0.0,0.0,0,1.0493579279098395,0.8818604813576485,False,False,False,False,0.20917766841277605,0.21156917549319143,False,False,False,False,262731.0,269155.7121257967,False,False,False,False,6948.8528406286505,False,False,False,False
2025-09-17 16:00:00+00:00,352.855,354.005,352.0,352.845,1844.0,,,,,,,,359.42401657007304,345.69007706052014,337.18963367976033,335.74084546660885,333.16906426186915,331.81613244726424,327.3444987230269,326.0966935037756,313.39572718899547,308.90842406217035,305.19479926526145,295.16068300651295,288.90001634329565,279.806967716715,277.1534330341336,266.60999875585543,,359.42401657007304,345.69007706052014,313.39572718899547,295.16068300651295,279.806967716715,,314.47506319286487,"rgba(239, 83, 80, 1.0)",14.438572479414523,342.0780555280861,0.7457069933516385,34.18077353071406,-11.6930531859052,False,True,False,True,False,1.5857440372786868,0.0,0.0,0.0,0.0,0,1.0708375548801081,0.8784757401778674,False,False,False,False,0.19575903050787297,0.2036641030005322,False,False,False,False,260887.0,269027.51503857505,False,False,False,False,6869.707835347585,False,False,False,False
2025-09-17 17:00:00+00:00,352.72,354.0,352.28,353.71,1581.0,,,,,,,,359.4035565578894,345.7060814677209,337.21603665297783,335.76263593681654,333.19109647224985,331.83844053055657,327.3685250666989,326.12107492430306,313.4228865596515,308.93688478765125,305.22410433610094,295.1916741808989,288.9319277228713,279.8396168559079,277.18636082830994,266.6434106217304,,359.4035565578894,345.7060814677209,313.4228865596515,295.1916741808989,279.8396168559079,,314.4990195938959,"rgba(239, 83, 80, 1.0)",14.134824284355748,342.0829265689768,0.8225835141008354,34.441814334793534,-11.6930531859052,False,True,False,True,False,2.1585405356414036,0.0,0.0,0.0,0.0,0,1.0670687826679797,0.8818934171653661,False,False,False,False,0.1967102026773724,0.2001871528389523,False,False,False,False,262468.0,268925.8171310002,False,False,False,False,6787.712365032119,False,False,False,False
2025-09-17 18:00:00+00:00,354.73,356.865,349.255,355.37,2005.0,,,,,,,353.83,359.3799261093466,345.72760663057204,337.2504316419614,335.7909770663497,333.2196602104149,331.8673214874433,327.39951668094864,326.1524993976017,313.45770744749524,308.9733317656248,305.2616030406631,295.2312668521086,288.97266567191264,279.88126173452605,277.2283523738844,266.6859902141869,353.83,359.3799261093466,345.72760663057204,313.45770744749524,295.2312668521086,279.88126173452605,,316.8417716661788,"rgba(239, 83, 80, 0.75)",13.813904663566985,343.4487061548095,0.8629923352976318,37.16450891156452,-11.6930531859052,False,True,False,True,True,3.254713860971787,1.0,356.865,349.255,0.0,1,1.0556036429324105,0.8779918711425562,False,False,True,False,0.19615675077125824,0.19817195180510527,False,False,False,False,264473.0,268856.7812064886,False,False,False,False,6713.5617857292955,False,False,False,False
2025-09-17 19:00:00+00:00,355.555,361.41,355.35,358.855,5443.0,,,,,,,357.27085101145724,359.37034985962134,345.8190950128581,337.36940364798045,335.88743362731907,333.31442886012246,331.96207022303776,327.49820768743115,326.25190076240574,313.5629232815918,309.08233132544984,305.37295047577226,295.34709498739704,289.091009832584,280.0012627661959,277.34910820078926,266.8076061833026,357.27085101145724,359.37034985962134,345.8190950128581,313.5629232815918,295.34709498739704,280.0012627661959,,317.13870751443034,"rgba(239, 83, 80, 0.75)",13.477096309220018,343.6779335004573,1.1261377192325701,43.13706492792212,-11.255321880878967,False,True,False,True,True,5.495408647892241,0.0,0.0,0.0,0.0,1,1.0715130911686266,0.8667499342624242,False,False,False,False,0.23323852061765177,0.21570523621137852,False,False,False,False,269916.0,268873.20320328727,False,False,False,False,6693.863153392407,False,False,False,False
2025-09-18 14:00:00+00:00,368.485,373.22,367.9,369.69,4629.0,,,,,,,362.2533020065689,359.4748152400317,345.9667017719346,337.5250379300384,336.0109784770372,333.4316948942633,332.07745840680883,327.61318515636395,326.3665009276307,313.6752585408921,309.1965536236959,305.48809550968724,295.4634942129542,289.2082878175183,280.1182316384278,277.4663218730501,266.92397670511696,362.2533020065689,359.4748152400317,345.9667017719346,313.6752585408921,295.4634942129542,280.1182316384278,,317.5446996901188,"rgba(38, 166, 154, 1.0)",13.194626828531694,344.0577326853429,1.9426291965476883,53.58483810465246,-1.958412088627668,True,False,True,False,True,11.761161677287138,0.0,0.0,0.0,0.0,0,1.078746566283447,0.8544196672185274,False,False,False,False,0.32075858373890487,0.2682319099751417,False,False,False,False,274545.0,268961.13803734485,False,False,False,False,6661.849771169269,False,False,False,False
2025-09-18 15:00:00+00:00,369.7,375.48,368.89,374.335,6144.0,,,,,,,365.84385974059234,359.64347372434696,346.18080626005093,337.74576912426795,336.1860843860767,333.597232964786,332.2400213781016,327.774197916564,326.52675206027124,313.83057513360745,309.35400649274914,305.6464790601461,295.62284711920825,289.36846328983296,280.277533597914,277.6258405916688,267.0819526889866,365.84385974059234,359.64347372434696,346.18080626005093,313.83057513360745,295.62284711920825,280.277533597914,,317.9144644428924,"rgba(38, 166, 154, 1.0)",12.951704460861743,344.4313311164868,2.3088597314645307,62.01636706664095,5.115141418826589,True,False,True,False,True,14.160418420170508,0.0,0.0,0.0,0.0,0,1.0850442314780686,0.843070401769259,False,False,False,False,0.33277474635911863,0.30050332816713016,False,False,False,False,280689.0,269142.9653545953,False,False,False,False,6653.821092546489,False,False,False,False
2025-09-18 16:00:00+00:00,373.93,379.1,373.65,378.99,3721.0,,,,,,,367.7775870476711,359.7763790936803,346.3296448246795,337.8944738156447,336.3037828883427,333.7078231092881,332.3483000356682,327.88049233771767,326.6323126976161,313.93113418924065,309.4554812402085,305.7482134651892,295.72444610139814,289.4702032243466,280.37825952941085,277.72658514868687,267.1813182058453,367.7775870476711,359.7763790936803,346.3296448246795,313.93113418924065,295.72444610139814,280.37825952941085,,318.13331982086083,"rgba(38, 166, 154, 1.0)",12.765101928786825,344.66719722266555,2.6887997423610424,68.78296660044535,10.61202573426121,True,False,True,False,True,16.432668707634825,0.0,0.0,0.0,0.0,0,1.1055513138047266,0.8274269539470008,False,False,False,False,0.34282825368904546,0.3216657909280878,False,False,False,False,284410.0,269379.6635661519,False,False,False,False,6608.350998088404,False,False,False,False
2025-09-18 17:00:00+00:00,379.03,380.88,378.92,379.67,10287.0,,,,,,,371.62240358062616,360.1862592802391,346.76747888554115,338.32635398267894,336.6459444954821,334.0285848486549,332.6619762468136,328.1872035425252,326.9366107789191,314.2187316761716,309.7450473253549,306.0380495876488,296.01284916081323,289.75847010458784,280.66301675562994,278.01122777759434,267.46150074598586,371.62240358062616,360.1862592802391,346.76747888554115,314.2187316761716,296.01284916081323,280.66301675562994,,318.6630416926628,"rgba(38, 166, 154, 1.0)",12.498440975573114,345.2718355626024,2.752196414306808,73.44755718352275,14.324377153921574,True,False,True,False,True,16.756916820442097,0.0,0.0,0.0,0.0,0,1.1090468497576738,0.8332644550475258,False,False,False,False,0.34282825371331543,0.3322470223207016,False,False,False,False,294697.0,269772.1804100876,False,False,False,False,6665.384315947497,False,False,False,False
2025-09-18 18:00:00+00:00,379.66,380.07,376.99,378.74,5837.0,,,,,,,372.69234080281615,360.39743408053306,347.00185272758154,338.5603676623081,336.83227700373584,334.2038042743757,332.8335553662203,328.35554575442325,327.1037726628952,314.37778301586013,309.90544448413203,306.1987906823646,296.17323971861816,289.9190100206907,280.8218839033509,278.17010147736215,267.61813748009604,372.69234080281615,360.39743408053306,347.00185272758154,314.37778301586013,296.17323971861816,280.8218839033509,,318.8920788892567,"rgba(38, 166, 154, 1.0)",12.075752994635696,345.54193000984276,2.749151129946475,75.49419024301282,15.92184104405979,True,False,True,False,True,16.05341340011921,0.0,0.0,0.0,0.0,0,1.1037882914185904,0.8301372950434797,False,False,False,False,0.33323991910650974,0.33274347071360566,False,False,False,False,288860.0,270068.11559752806,False,False,False,False,6652.541148258389,False,False,False,False
2025-09-18 19:00:00+00:00,378.54,381.47,378.54,378.775,8945.0,,,,,,,374.00574163493644,360.7290004994414,347.36550164666176,338.9225367870756,337.1213614991897,334.4756231264754,333.09968422997065,328.6164196532698,327.3627630478668,314.6237572566874,310.153342025764,306.4471099558695,296.42077989893943,290.16665688821536,281.0668119527167,278.41500093578287,267.85946733219737,374.00574163493644,360.7290004994414,347.36550164666176,314.6237572566874,296.42077989893943,281.0668119527167,,319.2265622571212,"rgba(38, 166, 154, 1.0)",11.738167571132806,345.9429263435735,2.7970356921099886,76.86969357039733,17.255219738278782,True,False,True,False,True,16.070764109319622,0.0,0.0,0.0,0.0,0,1.1084461807185924,0.8256484420487197,False,False,False,False,0.3428282537140136,0.33778586221380963,False,False,False,False,297805.0,270498.14481307025,False,False,False,False,6688.0831459598085,False,False,False,False
2025-09-19 14:00:00+00:00,372.52,376.94,371.14,374.27,3625.0,,,,,,,374.01368268952257,360.82205293839814,347.4859129138376,339.0479687400146,337.22243692080747,334.57159147524027,333.1940674817663,328.7101051610268,327.4560616089522,314.71455121371963,310.24541615292026,306.5397636520423,296.514098906404,290.26050365433974,281.16022486799983,278.50855564355925,267.9521907940867,374.01368268952257,360.82205293839814,347.4859129138376,314.71455121371963,296.514098906404,281.16022486799983,,319.3187755773317,"rgba(38, 166, 154, 0.75)",11.270200702469323,346.048831405767,2.50405199865249,72.72214802193943,17.255219738278782,True,False,True,False,False,12.681035605297144,0.0,0.0,0.0,0.0,0,1.0925922486954263,0.8335252279522367,False,False,False,False,0.3015372209951038,0.3196615416044567,False,False,False,False,294180.0,270865.30535860406,False,False,False,False,6640.593484782137,False,False,False,False
2025-09-19 15:00:00+00:00,375.06,378.225,374.85,378.09,2420.0,,,,,,,374.1524038123241,360.89702804492225,347.57449922915157,339.1381834120457,337.29495614632333,334.6401416111472,333.2613418778878,328.7764672545746,327.522048646177,314.7780005044075,310.3095571276593,306.6041602533044,296.5786268513272,290.32522896084623,281.2244496389437,278.57282606260435,268.0157124240371,374.1524038123241,360.89702804492225,347.57449922915157,314.7780005044075,296.5786268513272,281.2244496389437,,319.3920959916284,"rgba(38, 166, 154, 0.75)",10.935211965883656,346.13523697446254,2.922189631552809,71.78321911260439,17.255219738278782,True,False,True,False,False,14.625421832652648,0.0,0.0,0.0,0.0,0,1.0990057648926395,0.8336814548695238,False,False,False,False,0.3186968426119886,0.31917919210822265,False,False,False,False,296600.0,271264.2928724242,False,False,False,False,6575.157926878538,False,False,False,False
2025-09-19 16:00:00+00:00,378.09,381.32,377.815,380.52,2152.0,,,,,,,374.3758595976429,360.9746965806199,347.6603499275648,339.2240092562595,337.3637971743168,334.7049695757719,333.32484765588475,328.83877757263014,327.5839248648873,314.8368738259115,310.36890553307,306.66362297367226,296.63793674868214,290.38458076144695,281.283174159119,278.6315488832527,268.07360177492654,374.3758595976429,360.9746965806199,347.6603499275648,314.8368738259115,296.63793674868214,281.283174159119,,319.46655746268584,"rgba(38, 166, 154, 0.75)",10.664177013649248,346.22482231981314,3.2159235200514678,72.15309479482039,17.255219738278782,True,False,True,False,False,15.823887439340194,0.0,0.0,0.0,0.0,0,1.1125603684573646,0.82040500475489,False,False,False,False,0.33976280934580616,0.3294710007270144,False,False,False,False,298752.0,271690.4588744021,False,False,False,False,6506.581834988948,False,False,False,False
2025-09-19 17:00:00+00:00,380.48,380.525,378.13,378.8,1825.0,,,,,,,374.5286807345455,361.03753203051895,347.7311500594398,339.29520331629396,337.4209996977217,334.7589114280514,333.3777221026636,328.8907433728117,327.63555025740135,314.88615595051414,310.41862646168096,306.7134703800264,296.6877257749155,290.43444044079274,281.3325506564552,278.680935063827,268.1223261378756,374.5286807345455,361.03753203051895,347.7311500594398,314.88615595051414,296.6877257749155,281.3325506564552,,319.5266308156197,"rgba(38, 166, 154, 0.75)",10.396628136259872,346.29668813066894,3.1263320610622465,70.61970262538179,17.255219738278782,True,False,True,False,False,14.540123266091129,0.0,0.0,0.0,0.0,0,1.1123708554978995,0.8191837229017802,False,False,False,False,0.3380838062427958,0.33377740348490514,False,False,False,False,296927.0,272081.7230778997,False,False,False,False,6433.999170880592,False,False,False,False
2025-09-19 18:00:00+00:00,378.33,381.11,378.33,381.06,2406.0,,,,,,,374.75689779998544,361.1243154108685,347.82700433334844,339.39105575364374,337.49800254040474,334.83144763379335,333.44878485460976,328.96046919492954,327.7047910165692,314.95203636732,310.4850329789307,306.7800016928189,296.75408048469984,290.50083878283107,281.3982450409068,278.7466265343054,268.1870835470266,374.75689779998544,361.1243154108685,347.82700433334844,314.95203636732,296.75408048469984,281.3982450409068,,319.60863023335247,"rgba(38, 166, 154, 0.75)",10.121718412932545,346.39545263264637,3.4247689920974937,70.65422095694964,17.255219738278782,True,False,True,False,False,15.664606306203751,0.0,0.0,0.0,0.0,0,1.1147015362310764,0.8158381427681899,False,False,False,False,0.3408306348816492,0.3373040191832772,False,False,False,False,299333.0,272504.2234952966,False,False,False,False,6371.549571332055,False,False,False,False
2025-09-19 19:00:00+00:00,380.79,384.45,380.77,383.385,5680.0,,,,,,,375.4644171695921,361.35472849582726,348.0697796720706,339.63044254641824,337.6901330344678,335.01192287670835,333.62534629969275,329.1329707643651,327.87591100925056,315.11345960275423,310.6473614640437,306.9423540166621,296.9153708353793,290.66191175526995,281.5572208933247,278.905493953895,268.34334523386593,375.4644171695921,361.35472849582726,348.0697796720706,315.11345960275423,296.9153708353793,281.5572208933247,,319.82012762491695,"rgba(38, 166, 154, 0.75)",9.767367822051066,346.6546617549974,3.7605155159693306,71.66868384949304,17.255219738278782,True,False,True,False,False,16.800899401736825,0.0,0.0,0.0,0.0,0,1.121650385269596,0.81189177131066,False,False,False,False,0.3428282537117815,0.34006613644752937,False,False,False,False,305013.0,273008.23553412926,False,False,False,False,6360.827872551713,False,False,False,False
2025-09-22 14:00:00+00:00,384.005,387.18,383.3,385.49,3491.0,,,,,,,375.9660565272312,361.50982153283246,348.22773993042813,339.78454898725295,337.81378663132034,335.1278297312576,333.7386175401973,329.2432645329919,327.98522945455665,315.21587324120816,310.7501490238106,307.0450098130802,297.01702533082585,290.76325920545355,281.6570442546404,279.0051956248293,268.44122876474825,375.9660565272312,361.50982153283246,348.22773993042813,315.21587324120816,297.01702533082585,281.6570442546404,,319.95833412509796,"rgba(38, 166, 154, 0.75)",9.458252354143566,346.8264825459631,4.087807768958378,73.16716175248067,17.255219738278782,True,False,True,False,False,17.81266398483288,0.0,0.0,0.0,0.0,0,1.1194544628535934,0.8116209425442947,False,False,False,False,0.3428282537283434,0.3414471950879364,False,False,False,False,308504.0,273558.55746383267,False,False,False,False,6316.334417163314,False,False,False,False
2025-09-22 15:00:00+00:00,385.63,388.45,385.39,385.75,3502.0,,,,,,,376.4790769682346,361.67118169362425,348.38996854832465,339.9421688486292,337.94032065502387,335.24634869864906,333.8543944233086,329.3558429674769,328.0967741842172,315.32007293375574,310.85464040230886,307.1493025331912,297.1201557632297,290.86600276811413,281.75815272436574,279.1061569350064,268.54026829245527,376.4790769682346,361.67118169362425,348.38996854832465,315.32007293375574,297.1201557632297,281.75815272436574,,320.09946054940673,"rgba(38, 166, 154, 0.75)",9.093485638308449,347.00311068713614,4.260950185002049,74.26834646331645,18.222591492428705,True,False,True,False,False,17.93769210588101,0.0,0.0,0.0,0.0,0,1.1223054861689334,0.8092608011841982,False,False,False,False,0.34282825370857517,0.3421377243982558,False,False,False,False,312006.0,274154.64184423833,False,False,False,False,6272.701325424348,False,False,False,False
2025-09-22 16:00:00+00:00,385.75,391.29,385.69,388.74,6387.0,,,,,,,377.46311517768805,361.9839302238806,348.6979951476876,340.23940692212335,338.17904454872547,335.4696605318099,334.07238796553406,329.56732726390595,328.306196174821,315.51476256173675,311.04959890076236,307.34368818274606,297.31192052757655,291.0568117829962,281.94564130116373,279.2932974929152,268.7235916630979,377.46311517768805,361.9839302238806,348.6979951476876,315.51476256173675,297.31192052757655,281.94564130116373,,320.36578684524534,"rgba(38, 166, 154, 1.0)",8.851872602825054,347.3399424806963,4.676982981667739,76.12145335275787,20.450359991079623,True,False,True,False,True,19.36503213215351,0.0,0.0,0.0,0.0,0,1.1251837908202926,0.8200020603302146,False,False,False,False,0.34282825368070563,0.3424829890394807,False,False,False,False,318393.0,274840.50786215713,False,False,False,False,6274.4733978983895,False,False,False,False
2025-09-22 17:00:00+00:00,388.74,389.66,388.21,388.835,2950.0,,,,,,,377.8774078871441,362.1276929151202,348.8398348543721,340.37639502268604,338.2892604371069,335.5728064653407,334.1730916132161,329.66503828640333,328.4029585255424,315.6047385715175,311.13969563374167,307.4335188333224,297.4005384491845,291.14498633993725,282.03228166018823,279.3797763685784,268.80830680309987,377.8774078871441,362.1276929151202,348.8398348543721,315.6047385715175,297.4005384491845,282.03228166018823,,320.4863722745001,"rgba(38, 166, 154, 1.0)",9.103336311983504,347.492654392849,4.541449880603501,77.39097464476887,22.059556318250742,True,False,True,False,True,19.410113827307534,0.0,0.0,0.0,0.0,0,1.113007862153383,0.8253848688856456,False,False,False,False,0.342828253674477,0.34265562135697886,False,False,False,False,321343.0,275561.4767325113,False,False,False,False,6222.931174675158,False,False,False,False
2025-09-22 18:00:00+00:00,388.8,389.34,387.905,388.08,3051.0,,,,,,,378.25884639053254,362.2722442103393,348.98380942677966,340.51592887044677,338.4017156460336,335.67814919367123,334.27598254343366,329.76497458507407,328.50195075844545,315.69698076612303,311.23210801321835,307.52569370560445,297.4915503438206,291.23558440538494,282.1213557549279,279.46869756432295,268.8954616963257,378.25884639053254,362.2722442103393,348.98380942677966,315.69698076612303,297.4915503438206,282.1213557549279,,320.60711963967555,"rgba(38, 166, 154, 1.0)",9.3195431716365,347.64508141010305,4.3387232448215185,77.08113203919424,22.14937820768185,True,False,True,False,True,18.793769141847214,0.0,0.0,0.0,0.0,0,1.1112858604615912,0.827955053624891,False,False,False,False,0.34040903582645277,0.3415323285917158,False,False,False,False,318292.0,276223.9654653406,False,False,False,False,6173.753947160814,False,False,False,False
2025-09-22 19:00:00+00:00,388.26,390.65,388.05,389.36,7955.0,,,,,,,379.21343666288107,362.654649055541,349.36288411061014,340.8828087255674,338.6978658975278,335.9555615021033,334.5469131613618,330.02797530348386,328.76243123416157,315.93939299060133,311.47485565252293,307.767738253137,297.7303660322851,291.4732210090976,282.3548880394483,279.70179900771785,269.12383665437955,379.21343666288107,362.654649055541,349.36288411061014,315.93939299060133,297.7303660322851,282.3548880394483,,320.92180137014276,"rgba(38, 166, 154, 1.0)",9.53142463237219,348.0434143639601,4.334775464279888,77.47433338216351,22.95631484641835,True,False,True,False,True,19.42146486943358,0.0,0.0,0.0,0.0,0,1.1033397663209337,0.8328785876581707,False,False,False,False,0.34282825363881964,0.3421802911152677,False,False,False,False,326247.0,276999.51638835855,False,False,False,False,6201.370165034289,False,False,False,False
2025-09-23 14:00:00+00:00,387.16,392.54,387.09,391.55,1739.0,,,390.3933333333334,,,,379.4198387724625,362.7400109362142,349.44693576202775,340.9639824730776,338.7634675113054,336.016997302683,334.60690235448965,330.0861620222762,328.8200490039275,315.99292074815844,311.528426579432,307.82113177180076,297.78299766456746,291.5255665730857,282.40629875229496,279.7531064594709,269.17407603910397,379.4198387724625,362.7400109362142,349.44693576202775,315.99292074815844,297.78299766456746,282.40629875229496,390.3933333333334,320.99111004272817,"rgba(38, 166, 154, 1.0)",9.805931511635182,351.14680331039665,4.120281346210009,78.66590036941722,24.47423646566753,True,False,True,False,True,20.0,0.0,0.0,0.0,0.0,0,1.0973884297520664,0.829336481700118,False,False,False,False,0.34282825364101194,0.34250427237813985,False,False,False,False,327986.0,277790.0045063685,False,False,False,False,6132.186131467865,False,False,False,False
2025-09-23 15:00:00+00:00,391.41,392.41,390.15,390.68,2021.0,,,390.7624166666667,,,,379.6647609347122,362.8410045916532,349.54581665642286,341.0592916320847,338.8405095417484,336.08912109820994,334.67731395225434,330.1544120052802,328.887620234167,316.05560530999844,311.59113465756894,307.8836123648319,297.8445420551546,291.5867530740565,282.46636443009567,279.81304400804754,269.2327405202831,379.6647609347122,362.8410045916532,349.54581665642286,316.05560530999844,297.8445420551546,282.46636443009567,390.7624166666667,321.0725674745041,"rgba(38, 166, 154, 1.0)",10.034080955957046,351.26558980214315,3.9280538368047804,77.99560312950614,24.47423646566753,True,False,True,False,True,19.749830402362868,0.0,0.0,0.0,0.0,0,1.1031049564059212,0.8302239687142815,False,False,False,False,0.3428282534946074,0.3426662629363736,False,False,False,False,325965.0,278536.90366130846,False,False,False,False,6068.446811600146,False,False,False,False
2025-09-23 16:00:00+00:00,390.68,391.75,389.23,390.95,2965.0,,,390.70991375464683,,,,379.9929668952074,362.9856049286563,349.6885210463774,341.1972501006419,338.9521864342904,336.19375479979294,334.7795000245294,330.2535496151486,328.9857944906523,316.1468462101884,311.68245028295195,307.97462761399976,297.9342645598143,291.67599014542753,282.5540126489693,279.90051676904744,269.31839673551406,379.9929668952074,362.9856049286563,349.6885210463774,316.1468462101884,297.9342645598143,282.5540126489693,390.70991375464683,321.18919019418877,"rgba(38, 166, 154, 1.0)",10.320045960687384,351.405978579856,3.8317679563425187,77.69329579866589,24.47423646566753,True,False,True,False,True,19.884099878948525,0.0,0.0,0.0,0.0,0,1.1027373189113205,0.8369128040923111,False,False,False,False,0.3355713328951245,0.33911879791574906,False,False,False,False,328930.0,279318.191976637,False,False,False,False,6020.331357156733,False,False,False,False
2025-09-23 17:00:00+00:00,390.95,391.06,385.7,387.68,5006.0,,,389.616092688887,,,,380.3847414239917,363.2046261811981,349.91267045291363,341.4167667368722,339.1305945232202,336.36144792678164,334.9435102155913,330.41330503377947,329.14415872285895,316.2952427278669,311.8312867533889,308.1232138490261,298.0812868223087,291.8224988375751,282.69826219235716,280.04456722719664,269.45977127998054,380.3847414239917,363.2046261811981,349.91267045291363,316.2952427278669,298.0812868223087,282.69826219235716,389.616092688887,321.36870299452397,"rgba(38, 166, 154, 0.75)",10.513465196237721,351.5668664168512,3.434941088317104,72.30153757946309,26.050566142536454,True,False,True,False,False,17.117516186954532,0.0,0.0,0.0,0.0,0,1.0920515908472865,0.8391476632609455,False,False,False,False,0.3163525093653041,0.3277356536405266,False,False,False,False,323924.0,280009.7548917279,False,False,False,False,6004.6052896039155,False,False,False,False
2025-09-23 18:00:00+00:00,387.68,387.68,382.22,382.41,6799.0,,,387.5933592372729,,,,380.61254433782346,363.4488154380755,350.1811966427052,341.6861269811953,339.351023061507,336.56982953875513,335.14784967029357,330.6137761749708,329.34324479082835,316.4845267665092,312.0218455747934,308.3139873301169,298.27127238141964,292.0124486671841,282.88605959125766,280.23230463378655,269.64472118643346,380.61254433782346,363.4488154380755,350.1811966427052,316.4845267665092,298.27127238141964,282.88605959125766,387.5933592372729,321.57773957456794,"rgba(38, 166, 154, 0.75)",10.617330933158938,351.7058268402138,2.891891884418351,63.21042104933234,17.840204319380447,True,False,True,False,False,12.902600600020378,0.0,0.0,0.0,0.0,0,1.0854661262304575,0.8449334105385057,False,False,False,False,0.28557994118321234,0.3066577974118695,False,False,False,False,317125.0,280585.1850484453,False,False,False,False,6016.92148666432,False,False,False,False
2025-09-23 19:00:00+00:00,382.44,383.475,379.59,380.205,11070.0,,,385.16119076576575,,,,380.65584804664564,363.778161819764,350.5714490736991,342.0868502239403,339.68147690294165,336.88398439653014,335.45668467567975,330.91878711003534,329.6466565677107,316.7768309078284,312.317087955519,308.61029101529346,298.568017139041,292.3099885390043,283.1812850654343,280.5277042328201,269.936685278985,380.65584804664564,363.778161819764,350.5714490736991,316.7768309078284,298.568017139041,283.1812850654343,385.16119076576575,321.87692876181603,"rgba(38, 166, 154, 0.5)",10.677448801140207,351.91033904107707,2.6499458331189967,55.46807654720731,11.250585949129842,False,False,True,False,False,11.218306021699878,0.0,0.0,0.0,0.0,0,1.0817384446709883,0.851766719883052,False,False,False,False,0.2552513524818598,0.28095457494686465,False,False,False,False,306055.0,280980.0659004074,False,False,False,False,6095.263789196656,False,False,False,False
2025-09-24 14:00:00+00:00,376.23,377.19,371.885,373.17,3287.0,,,384.0538110803661,,,,380.4834450676283,363.83496352717486,350.6592596912613,342.18317275450823,339.7621562123995,336.96176045219585,335.53362775685247,330.99609298773265,329.7238839339609,316.8537131349438,312.39538430755056,308.6893457036202,298.64827179514384,292.3910102425798,283.2623541386243,280.6089943226905,270.0176359576689,380.4834450676283,363.83496352717486,350.6592596912613,316.8537131349438,298.64827179514384,283.2623541386243,384.0538110803661,321.9414748227374,"rgba(239, 83, 80, 1.0)",10.679257755025288,351.91403721248184,1.9903970177623864,46.484103333990994,3.6714544055578813,False,True,False,True,False,6.155802529447321,0.0,0.0,0.0,0.0,0,1.069554716694083,0.8603200562903517,False,False,False,False,0.19248161413311052,0.2367180945399876,False,False,False,False,302768.0,281317.86332830804,False,False,False,False,6051.724815720739,False,False,False,False
2025-09-24 15:00:00+00:00,373.13,373.13,368.63,368.63,2071.0,,,383.22892942960124,,,,380.3151578070264,363.85675312349923,350.70497192385807,342.23608280342114,339.8069640936895,337.00539807627433,335.5769955671258,331.04020388632546,329.7680814779718,316.8987099804995,312.44146001233645,308.73605271899913,298.69610500266094,292.43951079787104,283.311138877078,280.6579770619694,270.06664064486284,380.3151578070264,363.85675312349923,350.70497192385807,316.8987099804995,298.69610500266094,283.311138877078,383.22892942960124,321.9740119914982,"rgba(239, 83, 80, 1.0)",10.680402867189747,351.89734144558497,1.5666692317213837,38.856663687570915,-2.5816366505104753,False,True,False,True,False,3.134632958902756,0.0,0.0,0.0,0.0,0,1.0606430722036018,0.8709121551250733,False,False,False,False,0.14176799493980266,0.18924304473989512,False,False,False,False,300697.0,281618.3150596521,False,False,False,False,5990.008151911115,False,False,False,False
2025-09-24 16:00:00+00:00,368.63,370.17,366.27,369.33,1887.0,,,382.4792032840277,,,,380.1440412348543,363.8716341997653,350.74314906170196,342.2814658977768,339.8456083874373,337.0432149465108,335.61465883782853,331.0787292081016,329.80673483345083,316.9384587059297,312.48225908499376,308.77748226456083,298.7386943308858,292.48277468218083,283.3547539847636,280.70179384790856,270.11056316616293,380.1440412348543,363.8716341997653,350.74314906170196,316.9384587059297,298.7386943308858,283.3547539847636,382.4792032840277,322.00094215734197,"rgba(239, 83, 80, 1.0)",10.680680694139285,351.8778838343368,1.6339891309773489,34.510869230135974,-5.955736550853558,False,True,False,True,False,3.553094030443596,0.0,0.0,0.0,0.0,0,1.05505814849045,0.8949668823166973,False,False,False,False,0.10181063631149875,0.14552684052569692,False,False,False,False,302584.0,281943.3644385722,False,False,False,False,5926.395622424121,False,False,False,False
2025-09-24 17:00:00+00:00,369.33,369.33,365.09,366.115,7253.0,,,379.9077742754773,,,,379.43766388630536,363.90713618370006,350.87418385478315,342.44298370763494,339.9842243045607,337.1797374205206,335.7510088651265,331.2192203190119,329.9479390799315,317.0855298129711,312.63366669009065,308.93156092905895,298.8978340806945,292.64480773662024,283.51855786050476,280.86646944585476,270.27603778603003,379.43766388630536,363.90713618370006,350.87418385478315,317.0855298129711,298.8978340806945,283.51855786050476,379.9077742754773,322.0940330566705,"rgba(239, 83, 80, 1.0)",10.690048463136812,351.8010284634089,1.3389996861053446,30.491266748239923,-9.332830036781644,False,True,False,True,False,1.4663806036626035,0.0,0.0,0.0,0.0,0,1.0390021758804613,0.9004197716288294,False,False,False,False,0.08225366852505872,0.11389025452537782,False,False,False,False,295331.0,282150.9246798347,False,False,False,False,5946.96313215398,False,False,False,False
2025-09-24 18:00:00+00:00,365.83,368.59,365.09,368.03,3739.0,,,378.9173845907282,,,,379.112488333856,363.9275047325477,350.9425403350152,342.526744106655,340.05616165431326,337.25055154067303,335.82171428314024,331.2920062362288,330.0210798922752,317.16160257596124,312.7119515065833,309.011206194447,298.98005339891955,292.7285014616199,283.6031454409556,280.9515013961867,270.3614658743181,379.112488333856,363.9275047325477,350.9425403350152,317.16160257596124,298.98005339891955,283.6031454409556,378.9173845907282,322.1447187625704,"rgba(239, 83, 80, 1.0)",10.69199844036269,351.7814022858749,1.5196969775814804,29.88898232170009,-9.870716391847125,False,True,False,True,False,2.6347794786318275,0.0,0.0,0.0,0.0,0,1.0317594749100147,0.9072430850961445,False,False,False,False,0.07841785557184308,0.09615405504861045,False,False,False,False,299070.0,282413.2359251086,False,False,False,False,5912.731145608957,False,False,False,False
2025-09-24 19:00:00+00:00,368.26,368.87,365.19,367.15,6501.0,,,377.4999631320009,,,,378.57916442427995,363.96057832842797,351.0588398733229,342.670065511094,340.1795776152381,337.3722049155963,335.9432484597722,331.4172776098881,330.14700254576087,317.29288386753507,312.84711777784935,309.1487736882883,299.1221901810365,292.87324895666035,283.74951934655655,281.0986637098731,270.5093869238436,378.57916442427995,363.96057832842797,351.0588398733229,317.29288386753507,299.1221901810365,283.74951934655655,377.4999631320009,322.23351433735434,"rgba(239, 83, 80, 1.0)",10.689009617109722,351.7622753958722,1.439583755214971,29.106048011645264,-10.943754556610997,False,True,False,True,False,2.0606292312718573,0.0,0.0,0.0,0.0,0,1.0291386026519296,0.9073647650298388,False,False,False,False,0.08038730263980737,0.08827067884420892,False,False,False,False,292569.0,282570.68963169603,False,False,False,False,5921.851592963857,False,False,False,False
2025-09-25 14:00:00+00:00,356.99,361.06,356.45,359.68,4430.0,,,376.11018859470005,,,,378.0074581908836,363.92570618826255,351.0979816506334,342.73504005390816,340.23818428123536,337.4323395379768,336.00436175764867,331.4830824182583,330.21382006747484,317.36762233015276,312.9252962449452,309.2292370112524,299.2073343144037,292.96095315905296,283.83941302182234,281.1893446757351,270.6015897502794,378.0074581908836,363.92570618826255,351.0979816506334,317.36762233015276,299.2073343144037,283.83941302182234,376.11018859470005,322.26228027376027,"rgba(239, 83, 80, 1.0)",10.749967795052417,351.6780673741328,0.7443680556466431,26.051709384780956,-14.276333685072416,False,True,False,True,False,0.0,0.0,0.0,0.0,0.0,0,1.0162218783028842,0.9120017363732447,False,False,False,False,-0.005021501940756953,0.04162458845172598,False,False,False,False,288139.0,282657.02002500306,False,False,False,False,5898.722110902401,False,False,False,False
2025-09-25 15:00:00+00:00,359.15,364.82,358.675,364.82,3262.0,,,375.40874963727225,,,,377.6857495981271,363.919686742801,351.13986427950516,342.79334654368915,340.2895621205132,337.4839612135859,336.05635976420484,331.537825605122,330.2691225676683,317.42736408408797,312.98730684414704,309.2927165588718,299.2737498098154,293.02899973076916,283.9087249050636,281.25915550509575,270.6722009605414,377.6857495981271,363.919686742801,351.13986427950516,317.42736408408797,299.2737498098154,283.9087249050636,375.40874963727225,322.2956292255064,"rgba(239, 83, 80, 1.0)",10.764412265167286,351.6505410345352,1.2234257329664004,28.711208903087414,-14.276333685072416,False,True,False,True,False,0.5676309357696887,0.0,0.0,0.0,0.0,0,1.0171751793373418,0.9088797737446386,False,False,False,False,0.02580830305840583,0.0337164457550659,False,False,False,False,291401.0,282792.58560601075,False,False,False,False,5857.842698330272,False,False,False,False
2025-09-25 16:00:00+00:00,364.82,364.82,360.09,361.25,3814.0,,,374.6351399266954,,,,377.3091077012489,363.90837353252806,351.1854540598817,342.8586550664516,340.3474279468759,337.54234531076156,336.11527346012184,331.6001235857502,330.33212184834616,317.49591293854246,313.0585722501405,309.36575319002276,299.35035194053506,293.10757546624785,283.98887485946693,281.339910469973,270.7539811539567,377.3091077012489,363.90837353252806,351.1854540598817,317.49591293854246,299.35035194053506,283.98887485946693,374.6351399266954,322.33293028122654,"rgba(239, 83, 80, 1.0)",10.808841423945369,351.61764189924554,0.8911554645824864,29.113084334227835,-14.276333685072416,False,True,False,True,False,0.0,0.0,0.0,0.0,0.0,0,1.0208060839343776,0.9106562278112038,False,False,False,False,0.033102213547363854,0.033409329651214875,False,False,False,False,287587.0,282866.9176121191,False,False,False,False,5826.155214635229,False,False,False,False
2025-09-25 17:00:00+00:00,360.95,361.24,358.74,359.17,2477.0,,,374.09426584310336,,,,377.0380692599227,363.8919365593492,351.20853662745986,342.89569841044545,340.3808164231071,337.5765138523931,336.149958142711,331.637352911985,330.369899046991,317.53799052316145,313.10254268082747,309.4109797203375,299.39815089355443,293.1567844158918,284.03928474105857,281.39075449758275,270.80565757821233,377.0380692599227,363.8919365593492,351.20853662745986,317.53799052316145,299.39815089355443,284.03928474105857,374.09426584310336,322.35240742852886,"rgba(239, 83, 80, 1.0)",10.875040655203161,351.5867498596952,0.6973077509072675,28.648915262020278,-14.276333685072416,False,True,False,True,False,0.0,0.0,0.0,0.0,0.0,0,1.0121071950260312,0.9239765534289675,False,False,False,False,0.007699722446015579,0.020554526048615226,False,False,False,False,285110.0,282901.694083249,False,False,False,False,5774.230327586621,False,False,False,False
2025-09-25 18:00:00+00:00,359.485,363.05,357.78,362.55,1155.0,,,373.8786866927668,,,,376.9245785138937,363.8868895852296,351.2210337939634,342.91435897560876,340.3974782387391,337.5934226949577,336.1670619881847,331.6555489082361,330.3883257307754,317.5582371511428,313.1236366521396,309.4326309383524,299.42093359474575,293.1801907554579,284.0632049448635,281.4148663877112,270.83011505856575,376.9245785138937,363.8868895852296,351.2210337939634,317.5582371511428,299.42093359474575,284.0632049448635,373.8786866927668,322.3630890536804,"rgba(239, 83, 80, 0.75)",10.90427263272145,351.57660319017793,1.0063391827615535,31.19032266811964,-14.276333685072416,False,True,False,True,True,0.0,0.0,0.0,0.0,0.0,0,1.0113326357487202,0.9207836615718075,False,False,False,False,0.012077839932564179,0.016316182990589703,False,False,False,False,286265.0,282953.8383610281,False,False,False,False,5702.61435351551,False,False,False,False
2025-09-25 19:00:00+00:00,362.65,363.49,360.655,361.03,7389.0,,,372.7103579218977,,,,376.26128011063855,363.8619385102957,351.30502851091734,343.03673258795493,340.50649906433443,337.703759211818,336.2785401022293,331.77377936872966,330.5079727044596,317.6890919525159,313.2598226283482,309.5723129262768,299.5676961383151,293.330865174691,284.21706696035375,281.5699307384909,270.98730124424816,376.26128011063855,363.8619385102957,351.30502851091734,317.6890919525159,299.5676961383151,284.21706696035375,372.7103579218977,322.43703634909514,"rgba(239, 83, 80, 0.75)",10.946656014553948,351.5301957077828,0.8678270587462376,32.20166633027846,-14.276333685072416,False,True,False,True,True,0.0,0.0,0.0,0.0,0.0,0,1.0141101374618553,0.9191933331466914,False,False,False,False,0.029158474896056188,0.022737328943322945,False,False,False,False,278876.0,282890.61606085714,False,False,False,False,5728.759867414494,False,False,False,False
2025-09-26 14:00:00+00:00,361.15,361.15,355.345,356.33,852.0,,,372.5447966553864,,,,376.1678904187135,363.8536273326127,351.3108350939145,343.04765502926284,340.51657324625427,337.714247665686,336.28926235408284,331.7854868082553,330.5198984806746,317.70272465512596,313.2741470338362,309.5871036455646,299.58345652948987,293.34715316789294,284.2338288548264,281.58685586216376,271.0045701819578,376.1678904187135,363.8536273326127,351.3108350939145,317.70272465512596,299.58345652948987,284.2338288548264,372.5447966553864,322.4426656682538,"rgba(239, 83, 80, 0.75)",11.047926953643483,351.51871007546777,0.43549255391714087,31.00251296326912,-14.276333685072416,False,True,False,True,True,0.0,0.0,0.0,0.0,0.0,0,1.0041303520545026,0.9252545503485275,False,False,False,False,-0.01024928641114882,0.006244021266087063,False,False,False,False,278024.0,282815.1646490609,True,False,False,False,5653.15118729954,False,False,False,False
2025-09-26 15:00:00+00:00,356.51,358.35,355.89,357.33,1628.0,,,372.22974707501,,,,375.98805336631733,363.83674796678395,351.321165538061,343.0678818256918,340.53531966021524,337.73383749145296,336.3093190237857,331.80746595044144,330.5423056001808,317.7284753141659,313.30123433515365,309.61509442646565,299.6133307212695,293.3780508310236,284.2656536832729,281.61899756303495,271.03738919509516,375.98805336631733,363.83674796678395,351.321165538061,317.7284753141659,299.6133307212695,284.2656536832729,372.22974707501,322.45296014661244,"rgba(239, 83, 80, 0.75)",11.1298243403441,351.49606264787406,0.5241715568662391,31.10314418402881,-14.276333685072416,False,True,False,True,True,0.0,0.0,0.0,0.0,0.0,0,1.0090585963373793,0.9305072254200444,False,False,False,False,-0.021866145699962435,-0.007811062216937686,False,False,False,False,279652.0,282766.1233366724,False,False,False,False,5590.745742535205,False,False,False,False
2025-09-26 16:00:00+00:00,357.33,358.955,357.265,358.365,1058.0,,,372.04506786645607,,,,375.8791486557366,363.82747591101645,351.32900593486204,343.0819290224636,340.5482137363332,337.74720388068147,336.322959131017,331.82229406118023,330.55739573162634,317.7456178213501,313.31922253357055,309.6336512502868,299.633067261125,293.3984304786433,284.28660585626085,281.64014866420354,271.05895277130827,375.8791486557366,363.82747591101645,351.32900593486204,317.7456178213501,299.633067261125,284.28660585626085,372.04506786645607,322.4606660412744,"rgba(239, 83, 80, 0.75)",11.196875619149285,351.4839004138231,0.6145553295607398,32.13607800687987,-14.276333685072416,False,True,False,True,True,0.0,0.0,0.0,0.0,0.0,0,1.0100835466267446,0.9571256096972036,False,False,False,False,-0.011665765717879991,-0.009738413967408838,False,False,False,False,280710.0,282734.2454554837,False,False,False,False,5520.470614743961,False,False,False,False
2025-09-26 17:00:00+00:00,358.365,358.41,355.19,356.935,2165.0,,,371.64650974550267,,,356.8450000000001,375.643699989906,363.80407213542156,351.3418505918353,343.1080323921173,340.57252643677856,337.77269912166497,336.34909861296086,331.85103456730616,330.58671776701976,317.7794822886975,313.35488114780156,309.6705257621449,299.6724829225833,293.4392256844427,284.3286611148563,281.68263144944825,271.1023622473845,375.643699989906,363.80407213542156,351.3418505918353,317.7794822886975,299.6724829225833,284.3286611148563,371.64650974550267,324.3836102351317,"rgba(239, 83, 80, 0.75)",11.276008050264002,352.6051550307367,0.38398739606805676,32.12324577682485,-14.276333685072416,False,True,False,True,True,0.0,0.0,0.0,0.0,0.0,0,0.9890819338914973,0.9612640952427044,True,False,False,False,-0.02516410899019792,-0.01745126147880338,False,False,False,False,278545.0,282669.2959135382,False,False,False,False,5468.447814515373,False,False,False,False
2025-09-26 18:00:00+00:00,356.925,359.43,356.925,358.63,976.0,,,371.49092059274153,,,357.3059147829778,375.54767786559387,363.795810702324,351.3491770413515,343.121034842684,340.5844600394536,337.7850625062008,336.3617119967008,331.86473710225107,330.6006605171077,317.7953084390158,313.37148487923923,309.68765237321935,299.69069462687685,293.45802919049214,284.3479915173068,281.7021449985115,271.12225553482887,375.54767786559387,363.795810702324,351.3491770413515,317.7953084390158,299.69069462687685,284.3479915173068,371.49092059274153,324.4162116086742,"rgba(239, 83, 80, 0.75)",11.33579516399573,352.61746122724617,0.5304029126999928,33.83091766844272,-14.276333685072416,False,True,False,True,True,0.0,0.0,0.0,0.0,0.0,0,0.9867318773909258,0.9620357367681952,False,False,False,False,-0.0109703976526742,-0.01421082956573879,False,False,False,False,279521.0,282620.485124181,False,False,False,False,5398.797460801956,False,False,False,False
2025-09-26 19:00:00+00:00,358.675,360.78,358.125,359.0,3123.0,,,371.0516872050492,,,358.30092326521924,375.2644279411052,363.7742188327696,351.3757723731769,343.16514453985286,340.62462629850364,337.8263926937548,336.40375918931886,331.9100964016993,330.6467432379233,317.8470800273241,313.42567960995706,309.74346809908644,299.7498584695491,293.51902507144337,284.41058993290466,281.7653099280846,271.1865588388539,375.2644279411052,363.7742188327696,351.3757723731769,317.8470800273241,299.7498584695491,284.41058993290466,371.0516872050492,324.49664859725146,"rgba(239, 83, 80, 0.75)",11.387363275158533,352.6401741579974,0.5584985468827979,35.35175079894279,-14.276333685072416,False,True,False,True,True,0.0,0.0,0.0,0.0,0.0,0,0.9875113664944765,0.9595836477257337,False,False,False,False,0.0021630929840348962,-0.006023868290851947,False,False,False,False,282644.0,282620.8496958991,False,False,False,False,5363.513779239135,False,False,False,False
2025-09-29 14:00:00+00:00,364.535,365.27,362.38,362.7,533.0,,,371.0052227637615,,,358.7046981511451,375.22937692614533,363.77395320054444,351.38265999155936,343.17457784168346,340.632982991375,337.8347901314271,336.4122172490525,331.91899299824144,330.6557298125735,317.85678584867327,313.43575142800455,309.75377792104194,299.7606467501395,293.5300796666054,284.4218543163465,281.77665618291576,271.1980402936306,375.22937692614533,363.77395320054444,351.38265999155936,317.85678584867327,299.7606467501395,284.4218543163465,371.0052227637615,324.52519842783914,"rgba(239, 83, 80, 0.75)",11.405766224644449,354.01200219581364,0.7617197856829809,39.868467062233535,-14.62199321768017,False,True,False,True,True,0.0,0.0,0.0,0.0,0.0,0,0.9871418642366209,0.9587612943084409,False,False,False,False,0.04723681825879231,0.02060647498397018,False,False,False,False,283177.0,282629.47218123404,False,False,False,False,5288.622092739304,False,False,False,False
2025-09-29 15:00:00+00:00,362.775,362.8,360.545,362.1,900.0,,,370.91133853575485,,,359.0683816205448,375.1625112108036,363.7712468659946,351.3926989494266,343.1892037202036,340.6460697097839,337.84805291054045,336.4256242352129,331.9332256301286,330.67013699145025,317.872577914054,313.45219338359175,309.7706478387434,299.778387632285,293.5483017260372,284.44047420314047,281.79542441701324,271.21707739449545,375.1625112108036,363.7712468659946,351.3926989494266,317.872577914054,299.778387632285,284.44047420314047,370.91133853575485,324.55456868630273,"rgba(239, 83, 80, 0.75)",11.428280364523744,353.97508567832097,0.7109481096474352,42.38767259051875,-12.236775318982268,False,True,False,True,True,0.0,0.0,0.0,0.0,0.0,0,0.9820946632229609,0.9613453669578338,False,False,False,False,0.02503527146252189,0.022820873223246035,False,False,False,False,282277.0,282624.00749625365,False,False,False,False,5220.581440138694,False,False,False,False
2025-09-29 16:00:00+00:00,362.37,364.105,361.91,363.72,494.0,,,370.86859104454027,,,359.3202738778334,375.12999376780124,363.77084811463055,351.3989559282053,343.1978375516763,340.653730763653,337.85576044881043,336.4333913044921,331.9414055806717,330.6784020988763,317.8815231060423,313.4614801472031,309.7801571998421,299.7883454591018,293.5585089040368,284.45087945960677,281.805906381629,271.227688125514,375.12999376780124,363.77084811463055,351.3989559282053,317.8815231060423,299.7883454591018,284.45087945960677,370.86859104454027,324.574171567757,"rgba(239, 83, 80, 0.75)",11.430125468090235,353.9975031403378,0.8506028115618459,45.53871261779436,-9.301613460990062,False,True,False,True,True,0.4697322021193173,0.0,0.0,0.0,0.0,0,1.0092633348005284,0.9531731423312393,False,False,False,False,0.038800574808659186,0.030810724015952612,False,False,False,False,282771.0,282626.28644980007,False,False,False,False,5147.301107733443,False,False,False,False
2025-09-29 17:00:00+00:00,363.54,363.54,361.84,362.46,687.0,,,370.8050684356134,,,359.57509837050384,375.08267817970375,363.7696296537484,351.407183055902,343.20945423113267,340.66407861545287,337.866204975756,336.4439310980481,331.9525448346611,330.6896665092128,317.8937840782566,313.47422558738924,309.7932199591452,299.80205070087294,293.5725703134727,284.465229392253,281.8203660126481,271.24233900938395,375.08267817970375,363.7696296537484,351.407183055902,317.8937840782566,299.80205070087294,284.465229392253,370.8050684356134,324.5957919209746,"rgba(239, 83, 80, 0.75)",11.43429151108319,354.0082447053877,0.7391586340456716,46.456641588676675,-8.420026372385976,False,True,False,True,True,0.0,0.0,0.0,0.0,0.0,0,1.0179017317760775,0.9320579943616594,False,False,False,False,0.03552566683065513,0.033168195423303876,False,False,False,False,282084.0,282617.8789079427,False,False,False,False,5078.149152574785,False,False,False,False
2025-09-29 18:00:00+00:00,362.46,362.545,361.04,361.47,1700.0,,,370.63465795056106,,,359.91418258019786,374.9585146954068,363.76421368245013,351.4258072908894,343.236767926325,340.6885615539575,337.8910442865589,336.4690517503643,331.9792409378627,330.7166968841987,317.92346607787823,313.5051408295661,309.82494873604304,299.8354381392586,293.60687351134055,284.5002944947764,281.8557136477958,271.27820469214197,374.9585146954068,363.76421368245013,351.4258072908894,317.92346607787823,299.8354381392586,284.5002944947764,370.63465795056106,324.63189787316736,"rgba(239, 83, 80, 0.75)",11.451977154134015,353.9997476192235,0.6523111494402388,46.15023576534796,-8.420026372385976,False,True,False,True,True,0.0,0.0,0.0,0.0,0.0,0,1.022506341958397,0.9279756468797566,False,False,False,False,0.026272136759562005,0.02972016609143294,False,False,False,False,280384.0,282583.2451264241,False,False,False,False,5025.7747471085095,False,False,False,False
2025-09-29 19:00:00+00:00,361.06,363.76,360.445,363.495,10549.0,,,369.79639103384875,,,361.23860415581953,374.2846398862454,363.7452135478865,351.5496876505354,343.4124830728628,340.8455459167711,338.0496975121465,336.6292333178951,332.1487174048955,330.8881254934312,318.1104486097044,313.6995905266504,310.0243035534384,300.04475620216164,293.8217116785473,284.7196512148867,282.07677335002285,271.5022916873671,374.2846398862454,363.7452135478865,351.5496876505354,318.1104486097044,300.04475620216164,284.7196512148867,369.79639103384875,324.8217485989593,#000000,11.46137172741302,354.0592908890399,0.8232617644179535,48.05266793285496,-6.593308796193384,False,False,False,False,True,0.3541025412532335,0.0,0.0,0.0,0.0,0,1.0236810399813714,0.9169189336951131,False,False,False,False,0.02946775337161751,0.029593959731525225,False,False,False,False,290933.0,282712.6986903555,False,False,False,False,5111.4061463781445,False,False,False,False
2025-09-30 14:00:00+00:00,364.23,364.23,358.27,358.785,7250.0,,,369.1720260924189,,,361.03158919782453,373.78543138619017,363.70943599460037,351.6170242091525,343.5181295876673,340.9416432822756,338.1481499029603,336.7292035806793,332.25599673600146,330.9969961858794,318.2319127386406,313.82652969827865,310.1549019083681,300.1829134470388,293.96402014026194,284.86557344966974,282.2239824762768,271.6520615322443,373.78543138619017,363.70943599460037,351.6170242091525,318.2319127386406,300.1829134470388,284.86557344966974,369.1720260924189,324.879749747445,"rgba(239, 83, 80, 1.0)",11.506109726406429,353.98394965289236,0.41726095624564485,45.294675995109976,-6.593308796193384,False,True,False,True,False,0.0,0.0,0.0,0.0,0.0,0,1.0203500367347353,0.9169291774438665,False,False,False,False,0.020681059008743764,0.025137509370134495,False,False,False,False,283683.0,282727.7421215128,False,False,False,False,5144.562640232747,False,False,False,False
2025-09-30 15:00:00+00:00,358.78,359.05,356.32,358.34,7371.0,,,368.4569092675339,,,360.38656363059937,373.22424453275545,363.6464538874018,351.66512502794166,343.6083641977673,341.02584736177715,338.2361177455879,336.8192473120449,332.354534214844,331.0974383715656,318.3473443453713,313.9479279011996,310.28035385788183,300.31686990003845,294.1026086848062,285.0084172614278,282.3682684446416,271.7994984753644,373.22424453275545,363.6464538874018,351.66512502794166,318.3473443453713,300.31686990003845,285.0084172614278,368.4569092675339,324.9019569529453,"rgba(239, 83, 80, 1.0)",11.5553540755305,353.8468064470284,0.38884083720863977,43.13567320950641,-2.1360251268429735,False,True,False,True,False,0.0,0.0,0.0,0.0,0.0,0,1.0125658245818947,0.931069202654128,False,False,False,False,-0.016044295507583694,0.0045466069312754005,False,False,False,False,276312.0,282628.27325141185,False,False,False,False,5179.081048911309,False,False,False,False
2025-09-30 16:00:00+00:00,358.34,359.1,355.83,358.8,3299.0,,,368.16562208734473,,,360.17732390879365,372.9858278237889,363.6187380188029,351.68643837390266,343.64840301067676,341.06327869581395,338.27524903660145,336.85931276864943,332.3984027093023,331.14216135681727,318.39879881732077,314.00205331101114,310.336296268078,300.3766298020949,294.1644480691135,285.0721741132892,282.4326733748414,271.8653279968233,372.9858278237889,363.6187380188029,351.68643837390266,318.39879881732077,300.3766298020949,285.0721741132892,368.16562208734473,324.9168631919845,"rgba(239, 83, 80, 1.0)",11.586226808099225,354.78709358791446,0.3463514462948695,42.253659365799194,-3.0871871846615733,False,True,False,True,False,0.0,0.0,0.0,0.0,0.0,0,1.008962599153755,0.9280591371497736,False,False,False,False,-0.018311059622539348,-0.0068822263456319735,False,False,False,False,279611.0,282581.4938211574,False,False,False,False,5149.932505517335,False,False,False,False
2025-09-30 17:00:00+00:00,358.75,359.875,357.55,359.18,2960.0,,,367.94080406012574,,,360.0850866125487,372.7913439213769,363.598233651615,351.7083638208552,343.6865383834006,341.0986251397236,338.31193420739817,336.89676248396626,332.4391091134253,331.18359396871455,318.4459691344194,314.051561041081,310.38738725595675,300.4310347903826,294.2206636157454,285.13003597570787,282.49109928688836,271.92496426239467,372.7913439213769,363.598233651615,351.7083638208552,318.4459691344194,300.4310347903826,285.13003597570787,367.94080406012574,324.9379059258667,"rgba(239, 83, 80, 1.0)",11.585196455778702,354.78148630875273,0.3796667331483441,42.15696353984611,-3.404834423032213,False,True,False,True,False,0.0,0.0,0.0,0.0,0.0,0,1.012346170695767,0.926848938627584,False,False,False,False,-0.0054592822093826356,-0.006170754277507304,False,False,False,False,282571.0,282581.33112625574,False,False,False,False,5115.980063571329,False,False,False,False
2025-09-30 18:00:00+00:00,359.07,361.32,358.47,361.29,1357.0,,,367.8576869844143,,,360.0936895427851,372.7133253400054,363.5918384602661,351.72045554933015,343.70566907443214,341.11613903561414,338.329925950514,336.9150512847022,332.45877987927463,331.2035684222171,318.468354085379,314.0749753631381,310.41149332658404,300.4565785145721,294.2469966619782,285.15706818602894,282.51837709684577,271.95274554072336,372.7133253400054,363.5918384602661,351.72045554933015,318.468354085379,300.4565785145721,285.15706818602894,367.8576869844143,324.9519461841328,"rgba(239, 83, 80, 0.5)",11.569910636829164,354.79537773553056,0.5613372884485273,44.68454380281544,-3.404834423032213,False,False,False,True,True,0.0,0.0,0.0,0.0,0.0,0,1.0140981723857994,0.9244005306615452,False,False,False,False,0.006721130721464897,0.00027518822197879645,False,False,False,False,283928.0,282602.20971344557,False,False,False,False,5057.7013028958045,False,False,False,False
2025-09-30 19:00:00+00:00,361.68,365.76,361.68,364.2,6383.0,,,367.66260764502493,,,360.5795081780476,372.4600376077206,363.5944906869348,351.7998713092408,343.8139648334348,341.21308570192656,338.42762179923,337.01355497301176,332.5625621618299,331.30845657739115,318.58214807470677,314.19314555660713,310.5325400702611,300.5834816219631,294.37716004151486,285.2899004391717,282.6522199040177,272.088381827728,372.4600376077206,363.5944906869348,351.7998713092408,318.58214807470677,300.5834816219631,285.2899004391717,367.66260764502493,325.05956285359656,#000000,11.529796275052421,354.978687017123,0.7997810857100408,49.252989587240535,-5.358642612222525,False,False,False,False,True,1.045545607403394,0.0,0.0,0.0,0.0,0,1.019509322865555,0.9169970559371936,False,False,False,False,0.04615291316402865,0.023214050693003724,False,False,False,False,290311.0,282721.7258419193,False,False,False,False,5078.248569517575,False,False,False,False
2025-10-01 14:00:00+00:00,360.16,366.91,360.01,365.38,4201.0,,,367.55120903454383,,,360.853653394627,372.30518933214574,363.59753443541973,351.8525171503053,343.88538250292265,341.2770571872389,338.49206636765706,337.0785215280754,332.63097086454553,331.3775863281701,318.6570936532498,314.2709573039741,310.61223621889974,300.6670160624315,294.46283277467256,285.3773242962941,282.7403070566684,272.177646697233,372.30518933214574,363.59753443541973,351.8525171503053,318.6570936532498,300.6670160624315,285.3773242962941,367.55120903454383,325.12866073080727,"rgba(38, 166, 154, 1.0)",11.478477250143007,355.0539272627341,0.8996030146017207,53.30832349104122,-1.6777266485683668,True,False,True,False,True,1.813093302911028,0.0,0.0,0.0,0.0,0,1.0160147172734317,0.9158791634391946,False,False,False,False,0.04346941862225241,0.03334173465762807,False,False,False,False,294512.0,282904.5207901066,False,False,False,False,5064.647816501798,False,False,False,False
2025-10-01 15:00:00+00:00,365.38,367.88,364.57,367.88,954.0,,,367.5457479398396,,,360.9565741381614,372.2820324537524,363.60187544221503,351.8670087985544,343.9036688636027,341.29323250561595,338.50818092781026,337.09468841364924,332.64778222009335,331.394525139912,318.6750790226395,314.2895410582048,310.63120531465967,300.68675436273963,294.4830054484942,285.39782436364334,282.76094134972743,272.19848318750087,372.2820324537524,363.60187544221503,351.8670087985544,318.6750790226395,300.68675436273963,285.39782436364334,367.5457479398396,325.14846683394313,"rgba(38, 166, 154, 1.0)",11.449064205831753,355.0837227126425,1.117670148171544,57.91335980203243,2.4266205552143205,True,False,True,False,True,3.41918233173433,0.0,0.0,0.0,0.0,0,1.0246868445864044,0.9145484982009201,False,False,False,False,0.07204714843929334,0.0526944415484607,False,False,False,False,295466.0,283099.2724057639,False,False,False,False,5000.916842602545,False,False,False,False
2025-10-01 16:00:00+00:00,367.815,370.7,367.3,369.965,1232.0,,,367.5617724011318,,,361.14016686262636,372.2661053879611,363.61194381379255,351.8888691737217,343.92986353774654,341.316174166499,338.5308353066237,337.1173282745196,332.67108511998975,331.4179477407874,318.6995133588185,314.3146834785707,310.6567926903036,300.71320796907764,294.5099563933492,285.42511042549046,282.78838032537044,272.2261016600908,372.2661053879611,363.61194381379255,351.8888691737217,318.6995133588185,300.71320796907764,285.42511042549046,367.5617724011318,325.1791147602966,"rgba(38, 166, 154, 1.0)",11.394784456534472,355.138164819993,1.3011948788118024,62.3184540388879,6.290233909643511,True,False,True,False,True,4.731493787296294,0.0,0.0,0.0,0.0,0,1.041648111216528,0.9085522876449749,False,False,False,False,0.09851769271031331,0.075606067129387,False,False,False,False,296698.0,283310.10539172107,False,False,False,False,4942.48402333739,False,False,False,False
2025-10-01 17:00:00+00:00,369.965,371.54,369.13,369.92,1880.0,,,367.5975599215896,,,361.4336515323888,372.24925386505646,363.6295838184143,351.9237912699476,343.9711059051746,341.35220179264496,338.5663217437055,337.15275188327524,332.70743531414155,331.4544581349532,318.7373978193905,314.3536155109819,310.6963771245381,300.7540505349839,294.5515260236085,285.467147973951,282.8306410294657,272.2685959999854,372.24925386505646,363.6295838184143,351.9237912699476,318.7373978193905,300.7540505349839,285.467147973951,367.5975599215896,325.22777262647816,"rgba(38, 166, 154, 1.0)",11.396916822681995,355.22392019485,1.28947855229601,65.18525758763107,8.764938143929328,True,False,True,False,True,4.699314588247077,0.0,0.0,0.0,0.0,0,1.0420149304443218,0.9058450068439295,False,False,False,False,0.1101097266275095,0.09285789687844825,False,False,False,False,294818.0,283488.52236239205,False,False,False,False,4895.003650882546,False,False,False,False
2025-10-01 18:00:00+00:00,369.92,372.45,369.92,372.125,1512.0,,,367.6397096503703,,,361.6893011457179,372.24436802160784,363.6465009277889,351.9537748861307,344.00582310628215,341.3824166870505,338.5959763699368,337.1823066085707,332.7376323884405,331.48475686157906,318.76859586841954,314.38561639888405,310.72887057788415,300.78747862930015,294.5855002270913,285.5014455873835,282.86510573950176,272.30319948056285,372.24436802160784,363.6465009277889,351.9537748861307,318.76859586841954,300.78747862930015,285.5014455873835,367.6397096503703,325.26937052845176,"rgba(38, 166, 154, 1.0)",11.404905720195822,355.29809128466525,1.4754097164992466,68.45205946469571,11.710929049782862,True,False,True,False,True,6.089901710124096,0.0,0.0,0.0,0.0,0,1.0426033198656481,0.9054471109380327,False,False,False,False,0.11291344962445922,0.10288567325145373,False,False,False,False,296330.0,283687.6150389441,False,False,False,False,4842.553981876615,False,False,False,False
2025-10-01 19:00:00+00:00,372.065,374.24,371.22,371.61,3236.0,,,367.7463283973038,,,362.23930902988013,372.2459103287779,363.6863951366391,352.02044319312455,344.0821423859433,341.4487171265506,338.6609154392095,337.2469672319573,332.8035304561854,331.5508364330156,318.8363273426938,314.4550122698033,310.79927747925865,300.85978292591557,294.6589218220127,285.57548965219894,282.93949100087093,272.3778173420862,372.2459103287779,363.6863951366391,352.02044319312455,318.8363273426938,300.85978292591557,285.57548965219894,367.7463283973038,325.3604048108957,"rgba(38, 166, 154, 1.0)",11.374198437259615,355.455750949511,1.4202538437847971,69.74404167150252,12.938039230930393,True,False,True,False,True,5.7094185657794725,0.0,0.0,0.0,0.0,0,1.0397609677889526,0.9037846766749261,False,False,False,False,0.12372391855316531,0.11330479590230952,False,False,False,False,293094.0,283833.4504646969,False,False,False,False,4817.646168204109,False,False,False,False
2025-10-02 14:00:00+00:00,367.18,370.9,367.18,368.365,2202.0,,,367.76251649273905,,,362.462196652505,372.21414344201395,363.7023296948644,352.0577029888481,344.12736509394256,341.4885194213288,338.7003322624189,337.2864063399212,332.8442429003183,331.59178747342656,318.8792753051673,314.4992565355401,310.8443441638663,300.90646725955935,294.7065300317269,285.6237489256683,282.9880352028582,272.426732519304,372.21414344201395,363.7023296948644,352.0577029888481,318.8792753051673,300.90646725955935,285.6237489256683,367.76251649273905,325.40830090073774,"rgba(38, 166, 154, 0.75)",11.326951790925172,355.5155173912814,1.1344166414668833,65.76445380491069,12.938039230930393,True,False,True,False,False,3.3458614340455313,0.0,0.0,0.0,0.0,0,1.0301935884740108,0.9143608861963849,False,False,False,False,0.07193995095435102,0.09262237342833027,False,False,False,False,290892.0,283942.88534121326,False,False,False,False,4777.093514433503,False,False,False,False
2025-10-02 15:00:00+00:00,368.365,369.9,366.22,369.69,825.0,,,367.76726144385464,,,362.53920706095755,372.20166091200247,363.70802815078525,352.0714443905309,344.14412074754017,341.5032866490806,338.7149700094992,337.30105817775893,332.85938288774867,331.6070198843376,318.8952790362472,314.51574999864516,310.8611492114165,300.92388700447617,294.7243002570007,285.6417693422855,283.0061637950654,272.4450060577323,372.20166091200247,363.70802815078525,352.0714443905309,318.8952790362472,300.92388700447617,285.6417693422855,367.76726144385464,325.425749087395,"rgba(38, 166, 154, 0.75)",11.28058054022015,355.53606922994425,1.2547165209796487,64.29912112117279,12.938039230930393,True,False,True,False,False,4.209617767047764,0.0,0.0,0.0,0.0,0,1.022054196396589,0.9193250137959748,False,False,False,False,0.0593061817715918,0.07596427759996104,False,False,False,False,291717.0,284063.41425065184,False,False,False,False,4715.820746767867,False,False,False,False
2025-10-02 16:00:00+00:00,369.69,370.69,368.16,370.69,1424.0,,,367.78732073984753,,,362.6940256597186,372.18769207859333,363.72032317962834,352.0968890518502,344.1744555247055,341.5299056628455,338.74125159153266,337.32731915161645,332.8863932411923,331.6341650772678,318.92356855366705,314.54484894806177,310.890756834832,300.9544854386831,294.75546850253954,285.6733211467238,283.0378910412259,272.4769385801069,372.18769207859333,363.72032317962834,352.0968890518502,318.92356855366705,300.9544854386831,285.6733211467238,367.78732073984753,325.4583166258217,"rgba(38, 166, 154, 0.75)",11.225536253972836,355.57853997912946,1.346168207823696,64.18374954193919,12.938039230930393,True,False,True,False,False,4.860749902459087,0.0,0.0,0.0,0.0,0,1.0228223622261277,0.9250385873627605,False,False,False,False,0.07529568235664515,0.07562997997830309,False,False,False,False,293141.0,284204.1520142076,False,False,False,False,4664.784766197822,False,False,False,False
2025-10-02 17:00:00+00:00,370.13,370.375,367.17,367.96,1032.0,,,367.79228014055576,,,362.78184873128674,372.17191467961817,363.7272534026027,352.1138899310281,344.1952455678649,341.54825092149684,338.7594482557312,337.3455384488907,332.905232075923,331.65312205535304,318.94350989539794,314.56540595993505,310.9117063820796,300.97621113224545,294.7776362657594,285.69580742737696,283.06051386725767,272.4997481178593,372.17191467961817,363.7272534026027,352.1138899310281,318.94350989539794,300.97621113224545,285.69580742737696,367.79228014055576,325.4795712843171,"rgba(38, 166, 154, 0.75)",11.184806387192774,355.6020214517465,1.10488980501299,60.47321278184427,17.062047921743954,True,False,True,False,False,2.8655930712235502,0.0,0.0,0.0,0.0,0,1.020890460733492,0.9230366745797203,False,False,False,False,0.0676480554409432,0.07163901770962314,False,False,False,False,292109.0,284326.7077969331,False,False,False,False,4608.462521760646,False,False,False,False
2025-10-02 18:00:00+00:00,367.965,368.78,367.41,367.48,1877.0,,,367.79349867685323,,,362.91858185258076,372.13883724997936,363.7381984695863,352.1435701916691,344.2320182522379,341.58079760897795,338.7918078731923,337.3779716566544,332.9388571855772,331.68697954710706,318.9792909426533,314.60233133833276,310.94936607555775,301.0153323739693,294.81758658596567,285.7363722854942,283.1013351974377,272.5409421572099,372.13883724997936,363.7381984695863,352.1435701916691,318.9792909426533,301.0153323739693,285.7363722854942,367.79349867685323,325.5161209357879,"rgba(38, 166, 154, 0.75)",11.089098534433527,355.63820147416646,1.0678774734540202,57.42273952760316,14.004154627488305,True,False,True,False,False,2.5181373247584418,0.0,0.0,0.0,0.0,0,1.0259198221303407,0.9253220474514128,False,False,False,False,0.059715756097275974,0.06567738690344956,False,False,False,False,290232.0,284418.2627148101,False,False,False,False,4566.114265609319,False,False,False,False
2025-10-02 19:00:00+00:00,367.705,369.585,367.59,369.35,6898.0,,,367.839427561411,,,363.44906015753486,372.0478173015097,363.7870396866909,352.2582273846379,344.3715803666194,341.7040210322535,338.91398409051504,337.50027396077917,333.0652262463369,331.8141211989372,319.11288840228445,314.7400100766377,311.08964532988057,301.1607517068353,294.9659374696758,285.88682826997604,283.25269725769533,272.6935335922152,372.0478173015097,363.7870396866909,352.2582273846379,319.11288840228445,301.1607517068353,285.88682826997604,367.839427561411,325.6563135295008,"rgba(38, 166, 154, 0.75)",11.004817781975493,355.7855613123531,1.2325909393850922,57.4184980724813,13.732331888273919,True,False,True,False,False,3.781479925771908,0.0,0.0,0.0,0.0,0,1.0230275980353947,0.9211331566227491,False,False,False,False,0.06548123823776911,0.06557931257060934,False,False,False,False,297130.0,284615.3439130301,False,False,False,False,4602.267532809175,False,False,False,False
2025-10-03 14:00:00+00:00,370.81,376.28,368.865,376.05,4017.0,,,367.98604007680876,,,363.9587684432214,372.07445832594834,363.84215528691294,352.34375009625495,344.4682224342702,341.7881054548704,338.9962264739519,337.5821028429722,333.14840987490464,331.8974862743813,319.19797648960184,314.8270824245289,311.17791360770326,301.25124640720196,295.0577551894542,285.9793445227491,283.34561783854315,272.78667954756384,372.07445832594834,363.84215528691294,352.34375009625495,319.19797648960184,301.25124640720196,285.9793445227491,367.98604007680876,325.76240564083525,"rgba(38, 166, 154, 1.0)",10.958418291867183,355.9365965330654,1.835429432536062,62.173871580057565,13.732331888273919,True,False,True,False,True,8.04789543337684,0.0,0.0,0.0,0.0,0,1.0274573031212897,0.9085625464621211,False,False,False,False,0.10416802833858846,0.0848736704545989,False,False,False,False,301147.0,284871.64865856455,False,False,False,False,4593.193617571823,False,False,False,False
2025-10-03 15:00:00+00:00,375.715,375.715,370.25,372.36,3999.0,,,368.1017990618899,,,364.37337061166255,372.08532118493116,363.89117105404586,352.4244375189693,344.56067694240244,341.8688818679822,339.0754709922597,337.6610526034808,333.22893928213983,331.97825874182973,319.28093900683024,314.9121060043645,311.26419950931324,301.33992557762303,295.14784018767665,286.0702508776678,283.4369555834452,272.87836050492876,372.08532118493116,363.89117105404586,352.4244375189693,319.28093900683024,301.33992557762303,286.0702508776678,368.1017990618899,325.85989766953077,"rgba(38, 166, 154, 1.0)",10.876262361446829,356.0618095876845,1.4985102299561894,61.235279422513706,13.732331888273919,True,False,True,False,True,5.343040636270484,0.0,0.0,0.0,0.0,0,1.026508086071958,0.9142837913197317,False,False,False,False,0.037594430181210975,0.06123405031790494,False,False,False,False,297148.0,285061.97968711396,False,False,False,False,4583.981313423423,False,False,False,False
2025-10-03 16:00:00+00:00,371.6,371.67,370.0,371.34,2202.0,,,368.13991132837435,,,364.5407194494754,372.07616096236256,363.9125951930492,352.46475128135904,344.6081479322504,341.9106414677707,339.11666181357555,337.7021884909439,333.2711619342127,332.02067342785307,319.32500237869743,314.95738655228575,311.31024314869995,301.3874531413049,295.1962252069708,286.11920493149324,283.4861741744433,272.9278777085887,372.07616096236256,363.9125951930492,352.46475128135904,319.32500237869743,301.3874531413049,286.11920493149324,368.13991132837435,325.90740384418535,"rgba(38, 166, 154, 1.0)",10.751092250401667,356.1134552762932,1.4162788644230895,59.605222503198775,13.732331888273919,True,False,True,False,True,4.611666213578509,0.0,0.0,0.0,0.0,0,1.0203457486421277,0.9453872047185456,False,False,False,False,-0.02252683316892214,0.0193536085744914,False,False,False,False,294946.0,285215.2203121199,False,False,False,False,4547.051370579649,False,False,False,False
2025-10-03 17:00:00+00:00,371.34,371.46,361.02,363.54,5490.0,,,368.05112588155794,,,364.58804118856585,371.9369159581704,363.92323550630675,352.5340301738643,344.7005276913151,341.9940702082447,339.2007391494276,337.7869405827368,333.3602824426912,332.1107161313926,319.42253099843856,315.0585862558685,311.4138682625402,301.49604958884237,295.3075976987394,286.2328844836061,283.6007195687773,273.0439996993244,371.9369159581704,363.92323550630675,352.5340301738643,319.42253099843856,301.49604958884237,286.2328844836061,368.05112588155794,325.9839853104918,#000000,10.643440712395053,357.43907678603307,0.5732096770983077,52.80979673786661,9.20859786511209,True,False,False,False,False,0.0,0.0,0.0,0.0,0.0,0,0.9835922567998044,0.948149963244303,False,False,False,False,-0.10210569881642911,-0.04137604512096886,False,False,False,False,289456.0,285280.96883441263,False,False,False,False,4561.670729175314,False,False,False,False
2025-10-03 18:00:00+00:00,363.54,367.39,363.13,364.46,1255.0,,,368.02911993126366,,,364.59345324863716,371.9042590718817,363.92505588900553,352.54933669781866,344.7211772154294,342.0127764790948,339.2196294636334,337.80599891025696,333.3803655579661,332.13101733840983,319.44459988187,315.0815040818392,311.43734898173864,301.52068817329314,295.33288173878697,286.2587118594438,283.6267484869427,273.0704043705133,371.9042590718817,363.92505588900553,352.54933669781866,319.44459988187,301.52068817329314,286.2587118594438,368.02911993126366,326.00088652480895,"rgba(239, 83, 80, 0.5)",10.478948374102123,357.4379975326732,0.6701056457803628,49.06497391439642,5.79292940475375,False,False,False,True,False,0.0,0.0,0.0,0.0,0.0,0,0.9853572231508368,0.9567168118237004,False,False,False,False,-0.11921151924983144,-0.08029378218540015,False,False,False,False,290711.0,285365.15536411165,False,False,False,False,4510.404516319882,False,False,False,False
2025-10-03 19:00:00+00:00,365.01,366.71,364.7,365.93,4097.0,,,367.97749235688184,,,364.643017706634,371.8116508389372,363.9353003032555,352.60218711223786,344.79090148537915,342.075715847302,339.28298191102834,337.86982505601947,333.44737764885457,332.19869965736564,319.5177378328884,315.1573509527672,311.5149835600912,301.60198416428443,295.41622566311554,286.34374986633924,283.71242562644716,273.1572348417308,371.8116508389372,363.9353003032555,352.60218711223786,319.5177378328884,301.60198416428443,286.34374986633924,367.97749235688184,326.05996389303766,"rgba(239, 83, 80, 0.5)",10.297032036749059,357.4653989553711,0.8220427997523579,47.837179532557755,4.629455033876248,False,False,False,True,False,0.8877828221730226,0.0,0.0,0.0,0.0,0,0.9883898354819152,0.9565327960249616,False,False,False,False,-0.11143606702862013,-0.09586492460701014,False,False,False,False,294808.0,285511.5560561409,False,False,False,False,4503.995143973836,False,False,False,False
2025-10-06 14:00:00+00:00,368.49,368.94,364.43,368.94,4072.0,,,367.9654289118348,,,364.7543786057378,371.7468716107292,363.95441459950774,352.6608495480658,344.86517806440503,342.14229062190105,339.34956715048224,337.9367221168664,333.51710530894127,332.2690050421233,319.59279600514736,315.23497012670407,311.59427388583833,301.68466100435165,295.50081155428734,286.42984786354435,283.7991184803228,273.24491516637175,371.7468716107292,363.95441459950774,352.6608495480658,319.59279600514736,301.68466100435165,286.42984786354435,367.9654289118348,326.1265431530737,#000000,10.116799398185869,357.53080425629236,1.1277475508463204,49.39437576584091,4.629455033876248,False,False,False,False,False,2.8104351785057986,0.0,0.0,0.0,0.0,0,0.9850656236926345,0.9537472150063728,False,False,False,False,-0.09435846773116938,-0.09511169616908977,False,False,False,False,298880.0,285718.81875294494,False,False,False,False,4497.297544842459,False,False,False,False
2025-10-06 15:00:00+00:00,368.65,374.46,367.55,373.955,6242.0,,,368.0984340411482,,,365.1709546653874,371.75223052043475,364.0210868333971,352.77730355012346,345.00086655430283,342.2619103527808,339.4674690484952,338.054415514697,333.6377064657125,332.39011208990934,319.71830060700626,315.36384238168193,311.7252545771587,301.8197400206194,295.6382687743619,286.5688696812493,283.93887586336473,273.38548452076935,371.75223052043475,364.0210868333971,352.77730355012346,319.71830060700626,301.8197400206194,286.5688696812493,368.0984340411482,326.2607051123029,"rgba(38, 166, 154, 1.0)",9.971112203593323,357.75797916112737,1.6243946019417617,53.54352077832018,4.629455033876248,True,False,True,False,True,5.859871083854209,0.0,0.0,0.0,0.0,0,0.9903173801569424,0.9521016238054543,False,False,False,False,-0.01959430483143797,-0.057353000500263866,False,False,False,False,305122.0,286019.6432684032,False,False,False,False,4524.347195310017,False,False,False,False
2025-10-06 16:00:00+00:00,373.77,377.42,373.64,376.64,2805.0,,,368.21264679735424,,,365.4415953380876,371.7931888259515,364.06522220441417,352.8397420360062,345.07017449051193,342.3223852318119,339.5265137719454,338.11310559938505,333.6971584314411,332.4496467577499,319.77870967018555,315.42555142919656,311.7877377765175,301.8836467604911,295.70303431640633,286.63404974908525,284.0043189064875,273.45102343146567,371.7931888259515,364.06522220441417,352.8397420360062,319.77870967018555,301.8836467604911,286.63404974908525,368.21264679735424,326.3326002626189,"rgba(38, 166, 154, 1.0)",9.898931179454017,357.89582316993784,1.893555626385918,57.65584140247791,0.6384959411259032,True,False,True,False,True,7.419473620591255,0.0,0.0,0.0,0.0,0,0.9906234706861119,0.9592443965939124,False,False,False,False,0.05849717211390173,0.0005720858068189311,False,False,False,False,307927.0,286359.29220997833,False,False,False,False,4497.690649646295,False,False,False,False
2025-10-06 17:00:00+00:00,376.53,380.6,376.22,378.99,3727.0,,378.6033333333333,368.410907622524,,,365.8684247544797,371.8813848638793,364.13663990764735,352.9318487728811,345.1698171356407,342.4088447192884,339.6104797394527,338.1963648151324,333.7809373503486,332.5334047073111,319.86263110305225,315.51100634762685,311.87406385284396,301.9714842667139,295.7918219987081,286.72312570138183,284.0936827622922,273.54026977726454,371.8813848638793,364.13663990764735,352.9318487728811,319.86263110305225,301.9714842667139,286.72312570138183,373.50712047792865,326.4381240319969,"rgba(38, 166, 154, 1.0)",9.942359098398779,359.96251299671275,1.9137799002202251,61.47077269137157,4.223644225265446,True,False,True,False,True,8.7540413936727,0.0,0.0,0.0,0.0,0,0.9964959250364193,0.9529705893932835,False,False,False,False,0.10851287255740993,0.05454247918211443,False,False,False,False,311654.0,286751.4582222267,False,False,False,False,4485.741957403717,False,False,False,False
2025-10-06 18:00:00+00:00,378.765,379.12,372.09,372.22,6022.0,,376.05427325879583,368.592322172061,,,366.2970290538083,371.9345791043522,364.21806670397956,353.0555880824174,345.3098535939623,342.53184775166085,339.73111233998594,338.31650652261527,333.90324445549027,332.65603326075086,319.98823392813637,315.6395957246867,312.0044802571663,302.1053658730534,295.9277528899842,286.86024057356354,284.231429377842,273.6785008293787,371.9345791043522,364.21806670397956,353.0555880824174,319.98823392813637,302.1053658730534,286.86024057356354,372.32329771542845,326.5771922401575,"rgba(38, 166, 154, 1.0)",9.935694127380547,360.02163442567434,1.227731592572856,58.618886931155586,4.223644225265446,True,False,True,False,True,4.158753342395919,0.0,0.0,0.0,0.0,0,0.9837006562836716,0.955549025369772,False,False,False,False,0.05979488937095906,0.05716868427653675,False,False,False,False,305632.0,287044.1798001767,False,False,False,False,4509.559911552496,False,False,False,False
2025-10-06 19:00:00+00:00,372.245,373.67,369.33,370.175,13433.0,,373.1593349006413,368.7465512018276,,,366.77297878172266,371.8962681820992,364.3361499558778,353.2833112795852,345.58140454035623,342.7738541257479,339.9710373094999,338.55658975599056,334.15067403528803,332.9048592588731,320.2488923844744,315.9078751175432,312.2776338050657,302.38821310724177,296.21615984387086,287.1526850172144,284.52560516331425,273.9750757479746,371.8962681820992,364.3361499558778,353.2833112795852,320.2488923844744,302.38821310724177,287.1526850172144,370.95294305123446,326.8288481895411,"rgba(38, 166, 154, 0.75)",9.891287381485508,360.0682930383235,1.0217787201890676,55.41716607493582,4.223644225265446,True,False,True,False,False,2.842312747120051,0.0,0.0,0.0,0.0,0,0.9781093167216705,0.962955730438009,False,False,False,False,-0.01105720801633846,0.023055738130099146,False,False,False,False,292199.0,287124.0994931972,False,False,False,False,4647.907819900519,False,False,False,False
2025-10-07 14:00:00+00:00,368.5,371.24,367.345,368.62,2957.0,,372.6965363377838,368.7509211172907,,,366.8223996514682,371.8693103768799,364.3540645890759,353.3271425872784,345.6358043276481,342.82286710885006,340.02000988664213,338.60576016485453,334.20178576390543,332.9563664623594,320.3036807771581,315.9644645265031,312.33539978658973,302.4483694849644,296.2776694538987,287.21526772925927,284.5886113784752,274.03878498024403,371.8693103768799,364.3540645890759,353.3271425872784,320.3036807771581,302.4483694849644,287.21526772925927,370.72372872753726,326.8770977242253,#000000,9.83996889552686,360.06493523799315,0.8694198988673518,52.313373614708695,9.90279525936404,False,False,False,False,False,1.8506570516488878,0.0,0.0,0.0,0.0,0,0.971061093247589,0.9712559680405342,False,False,False,False,-0.04915914941059126,-0.013051705640246058,False,False,False,False,289242.0,287156.9351599694,False,False,False,False,4621.692194785782,False,False,False,False
2025-10-07 15:00:00+00:00,368.17,368.28,358.355,360.08,6306.0,,370.6638832896696,368.56761860234684,,362.2383333333333,366.62115823378167,371.6774223596269,364.3371205320953,353.3796007971642,345.71740767790027,342.8997401534231,340.0994716604033,338.6866996566577,334.28903246941206,333.04503786760085,320.4038036473198,316.06927389671444,312.44341442351197,302.56317995348337,296.3962209006706,287.3373009160274,284.71182536183665,274.16462002141515,371.6774223596269,364.3371205320953,353.3796007971642,320.4038036473198,302.56317995348337,287.3373009160274,369.61575094600823,328.7937191506515,"rgba(239, 83, 80, 1.0)",9.86930318058683,360.85305478556245,-0.07832921650264868,46.12176045795664,4.080669230836662,False,True,False,True,False,0.0,0.0,0.0,0.0,0.0,0,0.9496315910660837,0.9795840049121194,False,False,False,False,-0.15333405859239405,-0.08319288211632005,False,False,False,False,282936.0,287091.4943047761,False,False,False,False,4647.805494091428,False,False,False,False
2025-10-07 16:00:00+00:00,360.22,365.42,360.22,363.99,1818.0,,370.26837910671367,368.52449483098314,,362.45577424913836,366.57852520474995,371.62906292933724,364.3345241679243,353.3962560933257,345.74215982422163,342.9228973614426,340.1232756198158,338.7108898692172,334.3149556199351,333.07134945568686,320.43324840306036,316.10003606790127,312.4750738817234,302.5967352273419,296.43082302920124,287.3728644556428,284.747719285383,274.2012307138466,371.62906292933724,364.3345241679243,353.3962560933257,320.43324840306036,302.5967352273419,287.3728644556428,369.39643696884843,328.82302112941557,"rgba(239, 83, 80, 1.0)",9.848042643133294,360.82439783346894,0.32144480697779476,44.67519160664807,2.6968726758075405,False,True,False,True,False,0.0,0.0,0.0,0.0,0.0,0,0.9545055517504174,0.9943566047018646,False,False,False,False,-0.16212744886287098,-0.12266016548959552,False,False,False,False,284754.0,287055.25408299663,False,False,False,False,4603.932540694662,False,False,False,False
2025-10-07 17:00:00+00:00,363.99,365.65,363.875,364.365,2151.0,,369.935316178759,368.48775592502284,,362.91093333333333,366.55013151506535,371.5820852484831,364.335327290242,353.4187302053078,345.7737288395043,342.9521411498438,340.15310485963295,338.7411047452899,334.3470714659437,333.1038852385285,320.4691889671419,316.13747660174795,312.5135283721431,302.6373178128263,296.4725864833434,287.4156861447088,284.7909132896971,274.2451988939105,371.5820852484831,364.335327290242,353.4187302053078,320.4691889671419,302.6373178128263,287.4156861447088,369.2115360518909,328.8710600240366,"rgba(239, 83, 80, 1.0)",9.859606895571746,360.81764125524694,0.3597870363722409,43.96169839114409,1.7740358087064223,False,True,False,True,False,0.0,0.0,0.0,0.0,0.0,0,0.964503062252888,0.9828668889061168,False,False,False,False,-0.127921363042285,-0.12529076426594027,False,False,False,False,286905.0,287052.92456233,False,False,False,False,4565.902578823427,False,False,False,False
2025-10-07 18:00:00+00:00,364.365,367.31,364.29,367.21,3068.0,,369.6504980328588,368.4583117610912,,363.68329461140667,366.5444277867371,371.5317127198472,364.34279868628647,353.4552965481446,345.82247432981563,342.9968611378868,340.19836752136246,338.78680124697985,334.395235525839,333.152583586667,320.5222504299476,316.1925813399027,312.5700013833632,302.69663836641485,296.5334970146117,287.4779767268293,284.85370456355537,274.3089739167292,371.5317127198472,364.34279868628647,353.4552965481446,320.5222504299476,302.69663836641485,287.4779767268293,369.05440489697503,328.9508146022277,"rgba(239, 83, 80, 1.0)",9.82046358009634,360.8401435299984,0.6486309345835489,45.38961819236768,1.7740358087064223,False,True,False,True,False,1.0039899256570415,0.0,0.0,0.0,0.0,0,0.9684558216350128,0.9769854762714335,False,False,False,False,-0.10977790719828019,-0.11753433573211022,False,False,False,False,289973.0,287098.19704973575,False,False,False,False,4542.6792830277145,False,False,False,False
2025-10-07 19:00:00+00:00,367.22,372.415,366.67,370.54,10578.0,,369.6979367425755,368.52032286830365,,366.42130136699967,366.76290113006615,371.4792619102489,364.4154922477925,353.6148143632595,346.01809819498146,343.17342349607,340.3746438556699,338.96371412573126,334.5788453703904,333.3375555924327,320.71860196893124,316.39525946439596,312.776815745632,302.9118713913298,296.7535089817626,287.7017846311655,285.07901258328815,274.5367777313562,371.4792619102489,364.4154922477925,353.6148143632595,320.71860196893124,302.9118713913298,287.7017846311655,369.1091298054396,329.263878113237,#000000,9.74271794357193,361.0842486486008,0.9705455301246763,48.337841266837046,1.7740358087064223,False,True,False,False,True,2.92348009393843,0.0,0.0,0.0,0.0,0,0.9704548962111279,0.9660467628675053,False,False,False,False,-0.044838987590896114,-0.08118666166150316,False,False,False,False,300551.0,287306.76763811195,False,False,False,False,4636.2501468567425,False,False,False,False
2025-10-08 14:00:00+00:00,375.62,380.1,375.62,376.69,1530.0,,369.9284321250888,368.5766281991184,,367.0854995874425,366.86353361304106,371.5065698536457,364.4402563001005,353.6482881402671,346.0550542267032,343.2059790524844,340.4064868458626,338.99538252184146,334.6109262216874,333.3696851180571,320.75124102152927,316.4285934468577,312.8105684005638,302.94640652630073,296.78851625166436,287.737038255215,285.1144123155198,274.57225508279566,371.5065698536457,364.4402563001005,353.6482881402671,320.75124102152927,302.94640652630073,287.737038255215,369.2525301621036,329.33351014639896,"rgba(38, 166, 154, 0.5)",9.71946900220147,361.17522400553537,1.596257572399327,53.260150106892794,-4.120582404247315,False,False,True,False,True,6.282774096089451,0.0,0.0,0.0,0.0,0,0.976620129591282,0.9594526247483084,False,False,False,False,0.09892703664606216,0.008870187492279497,False,False,False,False,302081.0,287535.8255041877,False,False,False,False,4588.091229851211,False,False,False,False
2025-10-08 15:00:00+00:00,376.69,377.97,374.79,377.97,1573.0,,370.1350044830678,368.63018321655466,,367.657359384251,366.9596816985273,371.5317747513986,364.46452854007435,353.6817981690558,346.09228278153176,343.2388392168895,340.4386740417276,339.02741358487816,334.6434283993878,333.40225005535314,320.7844273384796,316.46251229685924,312.8449327391705,302.98161236420856,296.82422615195526,287.7730277994799,285.1505581639642,274.60850565708915,371.5317747513986,364.46452854007435,353.6817981690558,320.7844273384796,302.98161236420856,287.7730277994799,369.3825938498112,329.3983070070674,"rgba(38, 166, 154, 1.0)",9.677537600499392,361.25852842882483,1.7268309626937364,57.075599019416536,-0.43750131203243114,True,False,True,False,True,6.956294780563869,0.0,0.0,0.0,0.0,0,0.9729863787248658,0.963667060933267,False,False,False,False,0.07321722208011455,0.041043704786197024,False,False,False,False,303654.0,287785.71968241734,False,False,False,False,4541.345629388402,False,False,False,False
2025-10-08 16:00:00+00:00,378.035,379.215,376.88,377.81,1202.0,,370.30819792145684,368.6758172098967,,368.09645067195726,367.0396048657921,371.5546359820972,364.4845842821718,353.7085034176964,346.1216451720604,343.26469387407514,340.4639441045397,339.052536286957,334.66885217460606,333.42770609006413,320.81023775719336,316.488858930219,312.8716006348467,303.0088769469472,296.85185256494873,287.8008357458917,285.17847799973737,274.63647543587376,371.5546359820972,364.4845842821718,353.7085034176964,320.81023775719336,303.0088769469472,287.8008357458917,369.4920075656768,329.4489669967197,"rgba(38, 166, 154, 1.0)",9.592470125477512,361.3259722861189,1.7184340944778858,59.48835421712802,1.949786974168191,True,False,True,False,True,6.853963367985351,0.0,0.0,0.0,0.0,0,0.9815930870747909,0.9626863519709333,False,False,False,False,0.10219281231619766,0.07161825855119734,False,False,False,False,302452.0,288013.10387338756,False,False,False,False,4489.572828932768,False,False,False,False
2025-10-08 17:00:00+00:00,377.81,378.02,375.26,377.655,1629.0,,370.5022481873057,368.730441673802,,368.5810792720371,367.1364401918741,371.580617975931,364.50968110319735,353.7431287685098,346.1601177253234,343.29867397257567,340.497234291169,339.085667087095,334.70247324146493,333.4613930062643,320.84457472746493,316.52395457993794,312.9071581156203,303.0453078207481,296.88880642916166,287.83808138729955,285.2158858981531,274.6739941483238,371.580617975931,364.50968110319735,353.7431287685098,320.84457472746493,303.0453078207481,287.83808138729955,369.61634493055385,329.51022472327105,"rgba(38, 166, 154, 1.0)",9.45972076088635,361.4048275129046,1.7178279251419226,60.95601863085552,3.5559288128743844,True,False,True,False,True,6.75305752912212,0.0,0.0,0.0,0.0,0,0.9709030517716408,0.9645095949850725,False,False,False,False,0.07772586475018052,0.07467206165068893,False,False,False,False,300823.0,288211.7069141102,False,False,False,False,4445.2228625927255,False,False,False,False
2025-10-08 18:00:00+00:00,377.505,379.24,376.38,378.88,1705.0,,370.7287310294228,368.7949771694993,,369.09893182298265,367.2477886752162,371.61347537424354,364.53833422546876,353.781107197535,346.20183130579255,343.33541838722834,340.5331455263212,339.1213671733451,334.73859323410994,333.4975570875151,320.8812285954237,316.56136519617877,312.9450217578269,303.08401219747805,296.92802120733637,287.8775506375186,285.25551301403993,274.71368961582255,371.61347537424354,364.53833422546876,353.781107197535,320.8812285954237,303.08401219747805,287.8775506375186,369.76185409946106,329.5765238016518,"rgba(38, 166, 154, 1.0)",9.333412533612387,361.49359305641644,1.8628135080250596,62.59871258381215,5.4189825152409625,True,False,True,False,True,7.424860392908101,0.0,0.0,0.0,0.0,0,0.975260678964383,0.9607182940516273,False,False,False,False,0.0980565210892125,0.08636429136995072,False,False,False,False,302528.0,288433.66494644963,False,False,False,False,4402.738787203691,False,False,False,False
2025-10-08 19:00:00+00:00,379.11,383.46,378.77,383.33,7291.0,,371.9767611170949,369.16602722090585,,371.49249547416196,367.8521909143023,371.82736864471923,364.69229967022306,353.96654133737536,346.39942154823757,343.5082157760602,340.70090976817494,339.2876418111175,334.9054312182735,333.6642549434757,321.04749548471983,316.7303742478723,313.11556586828755,303.25717741531025,297.1028778988032,288.05281822397865,285.43129664803087,274.88913117974624,371.82736864471923,364.69229967022306,353.96654133737536,321.04749548471983,303.25717741531025,288.05281822397865,370.57139416900037,329.8907109512037,"rgba(38, 166, 154, 1.0)",9.20257724036778,361.95413901387525,2.32281245001215,65.78664142166201,8.716337911671047,True,False,True,False,True,9.803775501958874,0.0,0.0,0.0,0.0,0,0.9799954209833442,0.9515578196249025,False,False,False,False,0.15598279300455462,0.12117354218725267,False,False,False,False,309819.0,288765.2205286752,False,False,False,False,4447.518030812936,False,False,False,False
2025-10-09 14:00:00+00:00,375.83,378.79,375.83,377.85,1947.0,,372.13712498319313,369.22871321799295,,371.77871394839616,367.95753073494416,371.8587798461891,364.7226163439369,354.0079629937796,346.44536811127574,343.548876908299,340.74075390282667,339.32729618751733,334.9456620264876,333.7045628458534,321.08856726936216,316.77234473890263,313.1580836364331,303.30073095997335,297.1470524065987,288.09733937374307,285.4760106791814,274.93397703557986,371.8587798461891,364.7226163439369,354.0079629937796,321.08856726936216,303.30073095997335,288.09733937374307,370.68291910059304,329.9480121025937,"rgba(38, 166, 154, 1.0)",8.973854829200526,362.02648646091046,1.7632905635603273,63.02510034884599,8.716337911671047,True,False,True,False,True,6.2112278167749615,0.0,0.0,0.0,0.0,0,0.968900424728646,0.9496649362907034,False,False,False,False,0.08935928848175446,0.10526641533450357,False,False,False,False,307872.0,289061.44966776547,False,False,False,False,4408.7503094049825,False,False,False,False
2025-10-09 15:00:00+00:00,377.85,379.16,376.02,376.535,2571.0,,372.32581127352245,369.3075793407632,,372.10237097158495,368.08957289977707,371.89789806211957,364.7616451315155,354.06185320547127,346.50534241030357,343.6020237860027,340.79287635939096,339.3791890790392,334.9983566490892,333.75737041403863,321.1424691931236,316.82744837823986,313.21392278001,303.3579700445693,297.2051277217984,288.1558960586025,285.534827430906,274.9929904766116,371.89789806211957,364.7616451315155,354.06185320547127,321.1424691931236,303.3579700445693,288.1558960586025,370.8166953071428,330.01995531853646,"rgba(38, 166, 154, 0.75)",8.74281752934495,362.1153202409378,1.649317249349317,60.187503237597234,8.716337911671047,True,False,True,False,False,5.3774683169569,0.0,0.0,0.0,0.0,0,0.9689993398094882,0.9509101197774216,False,False,False,False,0.09422799398858096,0.09974720466154227,False,False,False,False,305301.0,289313.2256419086,False,False,False,False,4380.25805654599,False,False,False,False
2025-10-09 16:00:00+00:00,376.535,377.2,375.07,375.22,1352.0,,372.3926707592436,369.34117777684645,,372.21506421293503,368.1470545812072,371.9128767805805,364.77976585034486,354.08837606533365,346.5353462373632,343.62873731524644,340.8191692203624,339.4054078010031,335.02509214214814,333.78419093528356,321.17006226561057,316.85571061020795,313.242602576216,303.3874614582985,297.2350969344713,288.1861718122638,285.56525234955046,275.0235692221323,371.9128767805805,364.77976585034486,354.08837606533365,321.17006226561057,303.3874614582985,288.1861718122638,370.866924268045,330.05300044055565,"rgba(38, 166, 154, 0.5)",8.447772078492644,362.1523903360975,1.5468705289968274,57.29165552651447,14.22300100160443,False,False,True,False,False,4.544157670794938,0.0,0.0,0.0,0.0,0,0.9717464291811306,0.9540867618885035,False,False,False,False,0.06897141410539276,0.08435930938346752,False,False,False,False,303949.0,289540.1368722666,False,False,False,False,4333.3083192352,False,False,False,False
2025-10-09 17:00:00+00:00,375.18,377.665,373.65,377.4,1701.0,,372.48282210829507,369.38558998295247,,372.36248527996787,368.22195262842837,371.93350838525623,364.803319416231,354.1222787560851,346.5735329924161,343.6627091186696,340.8525783750279,339.43871018443826,335.05901544339537,333.81821350167155,321.20499762426005,316.8914758394007,313.27888353459747,303.4247405436502,297.27296557069786,288.2244104689612,285.6036749555514,275.06217084222726,371.93350838525623,364.803319416231,354.1222787560851,321.20499762426005,303.4247405436502,288.2244104689612,370.9342060456238,330.095348603207,"rgba(38, 166, 154, 0.5)",8.085883947737925,362.20087747457706,1.8797106938042278,56.871571524093,13.556663608164733,False,False,True,False,False,5.758507161772506,0.0,0.0,0.0,0.0,0,0.9675425038639883,0.952475322631115,False,False,False,False,0.060703410895507785,0.07253136013948765,False,False,False,False,305650.0,289789.90219207644,False,False,False,False,4292.49733754163,False,False,False,False
2025-10-09 18:00:00+00:00,377.4,380.47,376.525,380.0,1830.0,,372.64310205535617,369.4517245065347,,372.61415571720687,368.3282125383911,371.9695767400942,364.83464142357445,354.1631742067628,346.61831839162966,343.70226820496225,340.8912488652946,339.4771530527658,335.0978910349196,333.85713296808075,321.24441538891574,316.93169256003995,313.31957837223706,303.46632282528867,297.3150881098007,288.2668008800318,285.64623276986254,275.1047990389768,371.9695767400942,364.83464142357445,354.1631742067628,321.24441538891574,303.46632282528867,288.2668008800318,371.0474132809454,330.1499317415177,"rgba(38, 166, 154, 0.5)",7.782545493051798,362.2723680862745,2.2778706439368173,58.22416583027214,13.556663608164733,False,False,True,False,False,7.181060171328479,0.0,0.0,0.0,0.0,0,0.967699257215219,0.9497344497155492,False,False,False,False,0.110039679962754,0.09128552005112082,False,False,False,False,307480.0,290064.1672743698,False,False,False,False,4254.319084246411,False,False,False,False
2025-10-09 19:00:00+00:00,380.0,383.59,380.0,382.735,6009.0,382.1083333333333,373.35052213930345,369.7313311360456,,373.66556489313996,368.7603898767739,372.1367399126188,364.95889667064904,354.3132163015595,346.7785511149047,343.8429347562403,341.0279961078714,339.612752687688,335.2340697623778,333.99323105687535,321.3804200220221,317.06998159307307,313.45916114466763,303.6081501891142,297.4583516376352,288.4104778925034,285.7903499556194,275.24871038508104,372.1367399126188,364.95889667064904,354.3132163015595,321.3804200220221,303.6081501891142,288.4104778925034,375.06339553622746,330.355260313706,"rgba(38, 166, 154, 1.0)",7.516909473720264,364.4787523818445,2.4286906316992174,60.64279607040142,13.556663608164733,True,False,True,False,True,8.644374715410894,0.0,0.0,0.0,0.0,0,0.9741184235338491,0.9448896850839148,False,False,False,False,0.16801824231697,0.12965188118404541,False,False,False,False,313489.0,290427.34297554236,False,False,False,False,4281.523439529413,False,False,False,False
2025-10-10 14:00:00+00:00,379.415,379.415,370.63,372.69,1465.0,380.56701899919716,373.36652910279116,369.7555114754858,,373.68079786215895,368.80200796109057,372.14518051205806,364.9751535629399,354.33927303651336,346.80875099288187,343.8700580172791,341.0548425070511,339.6395882441611,335.2616012738614,334.020891921308,321.409204441134,317.09954216987796,313.4892175756823,303.6391944450944,297.48996834650274,288.4425057237323,285.82255745344526,275.28115994955925,372.14518051205806,364.9751535629399,354.33927303651336,321.409204441134,303.6391944450944,288.4425057237323,374.56301985915803,330.3827103155964,"rgba(38, 166, 154, 0.5)",7.1918466485517785,364.42397832676,1.1493601125247204,55.163821462873024,11.5322291372213,False,True,True,False,False,2.3866124046827153,0.0,0.0,0.0,0.0,0,0.9570033117190332,0.9454354864145309,False,False,False,False,0.04972089998614433,0.08968639058509487,False,False,False,False,312024.0,290762.1748673944,False,False,False,False,4237.856409459189,False,False,False,False
2025-10-10 15:00:00+00:00,372.69,375.39,361.29,368.625,3609.0,376.61642289993677,373.1583033437068,369.738311407941,368.435,373.36172674924865,368.7952732708608,372.1089452801884,364.99001090510603,354.38452257652494,346.8671705650907,343.92392843861535,341.10924852713975,339.69445057500485,335.3191755620515,334.07905293394975,321.4721979705906,317.1648432693256,313.55606580701954,303.7092715477014,297.5618572562353,288.51596810631384,285.8965932334663,275.35632040895234,372.1089452801884,364.99001090510603,354.38452257652494,321.4721979705906,303.7092715477014,288.51596810631384,373.17101255052813,332.31508114916926,#000000,6.9995162844503245,365.3972093340959,0.46114481840334215,49.612470399786346,6.391645210378854,False,True,False,False,False,0.06751548155678577,0.0,0.0,0.0,0.0,0,0.939857790921621,0.9579123196144473,False,False,False,False,-0.0656371723379957,0.012024609123549586,False,False,False,False,308415.0,291035.8620787526,False,False,False,False,4228.106697684628,False,False,False,False
2025-10-10 16:00:00+00:00,368.625,370.52,367.08,367.46,5245.0,373.96209262208066,372.88049971156346,369.7125810867771,368.3866216775845,372.9549595850109,368.78379348712514,372.05638539198515,365.0108706732398,354.44938950067063,346.95119256219,344.00153960252806,341.1876979032616,339.7735854581589,335.4022880752119,334.16302928785876,321.56328821451547,317.2592997702063,313.65278348503324,303.8107174285871,297.665954779554,288.6223827323544,286.00384777589676,275.46524033075826,372.05638539198515,365.0108706732398,354.44938950067063,321.56328821451547,303.8107174285871,288.6223827323544,372.18505780680704,332.3582433860866,"rgba(239, 83, 80, 1.0)",6.854867541322584,365.22923797848006,0.3254274437941243,45.399548930381115,2.591739862686758,False,True,False,True,False,0.0,0.0,0.0,0.0,0.0,0,0.9428422372527667,0.9734667167006839,False,False,False,False,-0.057675388301913696,-0.022825389589182055,False,False,False,False,303170.0,291223.98824807425,False,False,False,False,4243.872485317424,False,False,False,False
2025-10-10 17:00:00+00:00,367.47,373.05,366.63,370.72,4729.0,373.1022264171851,372.7443905232866,369.7195127620043,368.9947494417041,372.76243811530014,368.81467694506415,372.0324223001013,365.03935603895883,354.5147820757993,347.03264103684256,344.07617797017934,341.26265247345356,339.84898189265414,335.48089499828376,334.24231560840326,321.6482269748637,317.3471218764788,313.74252205051874,303.9044255421919,297.76190597471697,288.72022202424176,286.10239685227884,275.56510397280806,372.0324223001013,365.03935603895883,354.5147820757993,321.6482269748637,303.9044255421919,288.72022202424176,371.855376567492,332.4447007082421,"rgba(239, 83, 80, 1.0)",6.8353673856908514,365.2199817043244,0.8046412117056551,44.93468062610319,2.1500010694407976,False,True,False,True,False,1.2449710269743441,0.0,0.0,0.0,0.0,0,0.9421615472127418,0.9662980659840729,False,False,False,False,-0.0397001603194222,-0.03126277495430213,False,False,False,False,307899.0,291482.51556205755,False,False,False,False,4251.393842134208,False,False,False,False
2025-10-10 18:00:00+00:00,369.75,369.92,367.17,367.17,1800.0,372.70724861822055,372.65817895140935,369.7093375050488,368.88849260005634,372.64407913672443,368.8083903662162,372.01379584584504,365.0457924629336,354.536286500701,347.0607592265033,344.1022530236664,341.2890652553071,339.87564891919493,335.5089601013374,334.2706869139549,321.67911778038837,317.37917989559134,313.7753673775582,303.9389240346374,297.797330209035,288.756466271563,286.138934825554,275.60223830171503,372.01379584584504,365.0457924629336,354.536286500701,321.67911778038837,303.9389240346374,288.756466271563,371.6915883582262,332.4555884524242,"rgba(239, 83, 80, 1.0)",6.835330631865273,365.1845635873755,0.29046677030789,42.86109117859468,0.009960636010099222,False,True,False,True,False,0.0,0.0,0.0,0.0,0.0,0,0.946153216342349,0.9660580588229941,False,False,False,False,-0.06208801936749632,-0.046675397160899225,False,False,False,False,306099.0,291709.1277238861,False,False,False,False,4213.387736054608,False,False,False,False
2025-10-10 19:00:00+00:00,366.89,367.92,361.835,362.66,10984.0,369.9259783989835,371.79353647719705,369.50525154474366,366.90966492206167,371.50601484495235,368.5746225464953,371.79328474245585,365.03424514301616,354.6282383668368,347.1988108099888,344.23415656256293,341.4255389542227,340.0146687666468,335.65854814646343,334.42269483357677,321.85077113010544,317.55876635274154,313.96043112539525,304.1357323008417,298.0006264559148,288.9659491358016,286.3504851510258,275.81854931801183,371.79328474245585,365.03424514301616,354.6282383668368,321.85077113010544,304.1357323008417,288.9659491358016,370.4082554736414,332.4020899804559,"rgba(239, 83, 80, 1.0)",6.859525757783143,364.7620708165422,-0.30644550232310785,39.5862899150209,-3.2658439104931247,False,True,False,True,False,0.0,0.0,0.0,0.0,0.0,0,0.9422139244865778,0.9655513059870577,False,False,False,False,-0.12590636379592093,-0.08629088047841008,False,False,False,False,295115.0,291761.9319452212,False,False,False,False,4318.358468828955,False,False,False,False
2025-10-13 14:00:00+00:00,362.66,362.66,362.66,362.66,0.0,369.9259783989835,371.79353647719705,369.50525154474366,366.90966492206167,371.50601484495235,368.5746225464953,371.79328474245585,365.03424514301616,354.6282383668368,347.1988108099888,344.23415656256293,341.4255389542227,340.0146687666468,335.65854814646343,334.42269483357677,321.85077113010544,317.55876635274154,313.96043112539525,304.1357323008417,298.0006264559148,288.9659491358016,286.3504851510258,275.81854931801183,371.79328474245585,365.03424514301616,354.6282383668368,321.85077113010544,304.1357323008417,288.9659491358016,370.4082554736414,332.4020899804559,"rgba(239, 83, 80, 1.0)",6.882480076911066,364.7620708165422,-0.30542345100192214,37.40308907263838,-5.517281416691674,False,True,False,True,False,0.0,0.0,0.0,0.0,0.0,0,0.9496996037325836,0.9686181771698834,False,False,False,False,-0.16496070040210112,-0.1256257904402556,False,False,False,False,295115.0,291813.91749645805,False,False,False,False,4251.407174738583,False,False,False,False
2025-10-13 15:00:00+00:00,362.66,362.66,362.66,362.66,0.0,369.9259783989835,371.79353647719705,369.50525154474366,366.90966492206167,371.50601484495235,368.5746225464953,371.79328474245585,365.03424514301616,354.6282383668368,347.1988108099888,344.23415656256293,341.4255389542227,340.0146687666468,335.65854814646343,334.42269483357677,321.85077113010544,317.55876635274154,313.96043112539525,304.1357323008417,298.0006264559148,288.9659491358016,286.3504851510258,275.81854931801183,371.79328474245585,365.03424514301616,354.6282383668368,321.85077113010544,304.1357323008417,288.9659491358016,370.4082554736414,332.4020899804559,"rgba(239, 83, 80, 1.0)",6.907336859858811,364.7620708165422,-0.30432435237929306,35.94762184438337,-7.154058567390237,False,True,False,True,False,0.0,0.0,0.0,0.0,0.0,0,0.9484391086924551,0.9686075158111487,False,False,False,False,-0.16496070040210112,-0.14529324542117836,False,False,False,False,295115.0,291865.09707015636,False,False,False,False,4185.493885207752,False,False,False,False
2025-10-13 16:00:00+00:00,362.66,362.66,362.66,362.66,0.0,369.9259783989835,371.79353647719705,369.50525154474366,366.90966492206167,371.50601484495235,368.5746225464953,371.79328474245585,365.03424514301616,354.6282383668368,347.1988108099888,344.23415656256293,341.4255389542227,340.0146687666468,335.65854814646343,334.42269483357677,321.85077113010544,317.55876635274154,313.96043112539525,304.1357323008417,298.0006264559148,288.9659491358016,286.3504851510258,275.81854931801183,371.79328474245585,365.03424514301616,354.6282383668368,321.85077113010544,304.1357323008417,288.9659491358016,370.4082554736414,332.4020899804559,"rgba(239, 83, 80, 1.0)",6.931328861975993,364.7620708165422,-0.3032709684392166,34.97731035888003,-8.419310038236176,False,True,False,True,False,0.0,0.0,0.0,0.0,0.0,0,0.9545433418545205,0.965949337671392,False,False,False,False,-0.16496070040210112,-0.15512697291163974,False,False,False,False,295115.0,291915.48316209187,False,False,False,False,4120.602507142516,False,False,False,False
2025-10-13 17:00:00+00:00,362.66,383.04,362.66,382.4,995.0,370.1004191545145,371.8321587763708,369.52684335065214,367.2414407450722,371.5602306390013,368.6082910666921,371.80401197353547,365.0469092053979,354.64679075682045,347.21991033241346,344.2531089183182,341.4442534545212,340.03335418234025,335.6776489799834,334.44186968353705,321.8706066410933,317.5791032850934,313.9810863595887,304.15701856581813,298.02228184619634,288.9878615563009,286.3725137920058,275.84072395498157,371.80401197353547,365.0469092053979,354.64679075682045,321.8706066410933,304.15701856581813,288.9878615563009,370.4864737605125,332.4394507969356,"rgba(239, 83, 80, 0.75)",7.075016712811027,364.8083246307547,2.486450009000159,45.64580595450703,-11.571526433204845,False,True,False,True,True,7.35169764877946,0.0,0.0,0.0,0.0,0,0.9572881721784026,0.9224279816885068,False,False,False,False,0.012221233212067474,-0.07145286984978613,False,False,False,False,296110.0,291980.51443089667,False,False,False,False,4072.143553543407,False,False,False,False
2025-10-13 18:00:00+00:00,382.4,382.965,378.57,379.15,4447.0,371.24694142504393,372.16062252581935,369.6827335154636,369.0570498915401,372.0005922392948,368.838084452113,371.89820366864353,365.1246311786811,354.7455037689501,347.32750993737534,344.3486828770552,341.53776247331376,340.1263332612026,335.7716479775961,334.53597522870155,321.96593371689426,317.67633404354075,314.0794635803003,304.2575439524198,298.1241172641673,289.09037438169645,286.4754355182031,275.9438547691692,371.89820366864353,365.1246311786811,354.7455037689501,321.96593371689426,304.2575439524198,289.09037438169645,371.03009915544226,332.6462517090429,"rgba(38, 166, 154, 0.5)",7.183004175277291,365.1027110347146,1.9556286788240775,50.84163884005868,-6.99951332298987,False,True,True,False,True,5.527677992331128,0.0,0.0,0.0,0.0,0,0.9854880202217583,0.9236395579179477,False,False,False,False,0.1498498010928615,0.039198465621537684,False,False,False,False,291663.0,291975.5917265417,False,False,False,False,4077.955281395447,False,False,False,False
2025-10-13 19:00:00+00:00,379.15,382.79,377.79,382.42,11179.0,373.4075660893346,372.9520764819427,370.0825240766196,372.16280589932074,373.01974230267916,369.4140509930015,372.1470334384908,365.32634580608806,354.99773259701186,347.60119597558713,344.59183089280356,341.7754975569839,340.36263926318594,336.0102741177351,334.77480731370565,322.20735565171003,317.92242674790776,314.32835145225266,304.51163305828607,298.3813988628325,289.3492329898961,286.7352903616732,276.20412201830896,372.1470334384908,365.32634580608806,354.99773259701186,322.20735565171003,304.51163305828607,289.3492329898961,372.14738888263236,333.09118836497305,"rgba(38, 166, 154, 0.5)",7.324542617093492,365.73026018592395,2.2786050524338197,55.449856936648345,-2.937715605752686,False,False,True,False,True,7.072369431558496,0.0,0.0,0.0,0.0,0,0.9884101676466132,0.9198704508346643,False,False,False,False,0.14144057096909035,0.09031951829531401,False,False,False,False,302842.0,292144.0631726418,False,False,False,False,4188.048997962959,False,False,False,False
2025-10-14 14:00:00+00:00,370.645,379.46,368.44,375.88,923.0,373.4288653627843,372.9641207517067,370.09564243058225,372.21389507564544,373.034319462984,369.43422391250834,372.1525428406203,365.33605751187844,355.01326376109705,347.6192977888251,344.6082551249262,341.7918132034651,340.37897122460055,336.0270742813656,334.79169909668383,322.2250380516501,317.94060500596237,314.34685158122284,304.5307859793668,298.40092835657606,289.36905116729,286.75522773020987,276.22424329157917,372.1525428406203,365.33605751187844,355.01326376109705,322.2250380516501,304.5307859793668,289.36905116729,372.16287618169105,333.10970722242286,"rgba(38, 166, 154, 0.5)",7.294461290773427,365.74599649337677,1.3892737383419207,54.940679723739834,-2.937715605752686,False,False,True,False,True,3.509844109862396,0.0,0.0,0.0,0.0,0,0.9643864659809712,0.9268455082265947,False,False,False,False,0.03119749807935675,0.06075850818733538,False,False,False,False,301919.0,292295.6125808179,False,False,False,False,4137.428083265859,False,False,False,False
2025-10-14 15:00:00+00:00,374.605,378.19,374.605,377.95,1260.0,373.51230214961856,373.00330734332516,370.1226084250257,372.3450277095186,373.08278133476057,369.47378895488345,372.1671397712925,365.352598970817,355.03693511922387,347.6460931830303,344.632380811268,341.81563433904955,340.40275222138274,336.051364012256,334.816078895849,322.2502265659505,317.9664177581811,314.37306054885903,304.55778084070795,298.42838405200007,289.3968269602987,286.7831488894997,276.25234580743125,372.1671397712925,365.352598970817,355.03693511922387,322.2502265659505,304.55778084070795,289.3968269602987,372.21273930598977,333.141538337313,"rgba(38, 166, 154, 1.0)",7.338185953637293,365.7811486023305,1.6582915007267947,55.45913359655583,-2.748979611239406,True,False,True,False,True,4.498232228962458,0.0,0.0,0.0,0.0,0,0.9765200999517779,0.9282714479856209,False,False,False,False,0.07352059312859707,0.06713955065796623,False,False,False,False,303179.0,292464.3472694874,False,False,False,False,4092.8167951532096,False,False,False,False
2025-10-14 16:00:00+00:00,377.95,379.82,376.87,376.885,1581.0,373.63901397238715,373.062986826521,370.160801602445,372.5314697053958,373.1564571257571,369.52906451890897,372.18894336691903,365.37497575380326,355.0678423175083,347.6807271588674,344.6634849721121,341.8462806179501,340.43331775823106,336.08250368417436,334.8473144189184,322.2823441934451,317.99929246564216,314.4064110773002,304.59206572047697,298.46322099523286,289.43202943623686,286.8185252620229,276.2879158315135,372.18894336691903,365.37497575380326,355.0678423175083,322.2823441934451,304.59206572047697,289.43202943623686,372.287600800451,333.18420931902085,"rgba(38, 166, 154, 1.0)",7.339246719826507,365.8311600539232,1.5061273136131987,55.21500288198955,-2.5326656228793425,True,False,True,False,True,3.9253688254039893,0.0,0.0,0.0,0.0,0,0.9782608695652176,0.9407502131287298,False,False,False,False,0.10737899929643387,0.08725927497720004,False,False,False,False,301598.0,292605.9542885651,False,False,False,False,4053.8738991043224,False,False,False,False
2025-10-14 17:00:00+00:00,376.885,379.43,376.34,378.14,1256.0,373.73705871573964,373.1104424835544,370.19131207196,372.67375420068873,373.2147389798266,369.5730423137762,372.20648499746324,365.39285414013153,355.0924564508778,347.7082866189176,344.6882366785889,341.8706653176754,340.4576368685034,336.10727508748226,334.8721610227996,322.30788430715836,318.0254322075885,314.4329274857375,304.61932141719967,298.49091376470903,289.46001080383814,286.8466443164978,276.3161871654414,372.20648499746324,365.39285414013153,355.0924564508778,322.30788430715836,304.61932141719967,289.46001080383814,372.346271090418,333.2178457072451,"rgba(38, 166, 154, 1.0)",7.261033139459025,365.8705388590789,1.6897679579844458,55.65381612908104,-1.5331423504293866,True,False,True,False,True,4.535930264781591,0.0,0.0,0.0,0.0,0,0.9715931788120626,0.9411890030093476,False,False,False,False,0.09936235039150865,0.09331081268435434,False,False,False,False,302854.0,292764.8387181997,False,False,False,False,4010.496009195728,False,False,False,False
2025-10-14 18:00:00+00:00,378.14,379.31,377.655,378.89,1943.0,373.9022187781164,373.1916301384758,370.2419391314027,372.9049871540776,373.31409062520703,369.6453629542758,372.23644179032203,365.4218323308232,355.1315059678139,347.7517330209672,344.72719903533067,341.9089993600316,340.4958450351248,336.1461307351784,334.9111191009384,322.3478077533805,318.0662617290826,314.47432226438735,304.6618177455914,298.53406493758104,289.5035792576972,286.89041886690325,276.36016997928556,372.23644179032203,365.4218323308232,355.1315059678139,322.3478077533805,304.6618177455914,289.5035792576972,372.4452626826649,333.27168448219993,"rgba(38, 166, 154, 1.0)",7.20660376459605,365.9355156390056,1.7975852126956136,56.32454107335049,-0.28315714517704293,True,False,True,False,True,4.90313209133155,0.0,0.0,0.0,0.0,0,0.9835648811228875,0.9376253222572328,False,False,False,False,0.10977790545316682,0.10154435906876058,False,False,False,False,304797.0,292951.3838543516,False,False,False,False,3978.441807502771,False,False,False,False
2025-10-14 19:00:00+00:00,378.89,379.355,375.3,375.9,2324.0,374.01694064614753,373.255040939814,370.28909610468816,373.0804454646899,373.3902133159261,369.713625439358,372.26208946979517,365.45170860430085,355.17454225917504,347.8005735048007,344.7712609430907,341.9525437959612,340.5393318304327,336.1905830629449,334.95574557053897,322.3939885559381,318.1136025185394,314.5224022797206,304.71137037831227,298.58447932538587,289.5546031068379,286.9417149326302,276.4118196588172,372.26208946979517,365.45170860430085,355.17454225917504,322.3939885559381,304.71137037831227,289.5546031068379,372.52035923021657,333.3258322008598,"rgba(38, 166, 154, 1.0)",7.120948601278645,365.9923162895592,1.3913432416380234,54.757354408241085,-0.28315714517704293,True,False,True,False,True,3.2444075664931518,0.0,0.0,0.0,0.0,0,0.9840560939663259,0.927149301058461,False,False,False,False,0.08966345644935335,0.09560390775905697,False,False,False,False,302473.0,293099.005810098,False,False,False,False,3952.7915469213326,False,False,False,False
