date,Close,High,Low,Open,Volume,aVWAP_peak_185,aVWAP_peak_176,aVWAP_peak_169,aVWAP_peak_150,aVWAP_peak_138,aVWAP_peak_132,aVWAP_peak_99,aVWAP_peak_87,aVWAP_peak_70,aVWAP_valley_189,aVWAP_valley_176,aVWAP_valley_163,aVWAP_valley_149,aVWAP_valley_120,aVWAP_OB_bull_120,Peaks_avg,Valleys_avg,color,StDev,StDev_Mean,StdDev_ZScore,QQEMOD,QQE1_Value,QQE1_Above_Upper,QQE1_Below_Lower,QQE2_Above_Threshold,QQE2_Below_Threshold,QQE2_Above_TL,banker_RSI,OB,OB_High,OB_Low,OB_Mitigated_Index,TTM_squeeze_Active,VI_plus,VI_minus,VI_Regular_Bullish,VI_Regular_Bearish,VI_Hidden_Bullish,VI_Hidden_Bearish,Fisher,Fisher_Signal,Fisher_Regular_Bullish,Fisher_Regular_Bearish,Fisher_Hidden_Bullish,Fisher_Hidden_Bearish,OBV,OBV_Smoothed,OBV_Regular_Bullish,OBV_Regular_Bearish,OBV_Hidden_Bullish,OBV_Hidden_Bearish,Volume_MA,Vol_Regular_Bullish,Vol_Regular_Bearish,Vol_Hidden_Bullish,Vol_Hidden_Bearish
2021-12-31 00:00:00+00:00,32.1,32.1,29.403,31.5,23263,,,,,,,,,,,,,,,,,,#000000,,,,,,False,False,False,False,False,,0.0,0.0,0.0,0.0,0,,,False,False,False,False,,,False,False,False,False,0,0.0,False,False,False,False,23263.0,False,False,False,False
2022-01-07 00:00:00+00:00,30.0,32.4,28.521,32.4,21824,,,,,,,,,,,,,,,,,,#000000,,,,0.0,,False,False,False,True,False,,0.0,0.0,0.0,0.0,0,,,False,False,False,False,,,False,False,False,False,-21824,-1616.5925925925926,False,False,False,False,23156.407407407405,False,False,False,False
2022-01-14 00:00:00+00:00,33.6,34.5,29.4,29.4,63003,,,,,,,,,,,,,,,,,,#000000,,,,18.499486125385406,-96.24871531346352,False,False,False,True,True,,0.0,0.0,0.0,0.0,0,,,False,False,False,False,,,False,False,False,False,41179,1553.4513031550066,False,False,False,False,26108.006858710563,False,False,False,False
2022-01-21 00:00:00+00:00,29.4,34.5,28.5,33.3,20869,,,,,,,,,,,,,,,,,,#000000,,,,23.43828673824035,-90.56831471164206,False,False,False,True,True,,0.0,0.0,0.0,0.0,0,,,False,False,False,False,,,False,False,False,False,20310,2942.8252806990804,False,False,False,False,25719.932276583855,False,False,False,False
2022-01-28 00:00:00+00:00,28.68,31.8,26.403,27.6,16188,,,,,,,,,,,,,,,,,,#000000,,28.961000000000006,,26.18974376238181,-86.39943735430144,False,False,False,True,True,,0.0,0.0,0.0,0.0,0,,,False,False,False,False,,,False,False,False,False,4122,3030.1715562028526,False,False,False,False,25013.863219059123,False,False,False,False
2022-02-04 00:00:00+00:00,31.8,34.2,27.8328,27.8328,24810,,,,,,,,,,,,,,,,,,#000000,,30.362893897263284,,33.13911433446212,-77.766942087828,False,False,False,True,True,,0.0,0.0,0.0,0.0,0,,,False,False,False,False,,,False,False,False,False,28932,4948.825515002642,False,False,False,False,24998.762239869557,False,False,False,False
2022-02-11 00:00:00+00:00,30.6,33.0,29.7,31.2,23179,,,,,,,,,,,,,,,,,,#000000,,30.629116724060022,,36.70325116266349,-72.15741951667584,False,False,False,True,True,,0.0,0.0,0.0,0.0,0,,,False,False,False,False,,,False,False,False,False,5753,5008.393995372816,False,False,False,False,24863.965036916255,False,False,False,False
2022-02-18 00:00:00+00:00,29.997,33.9,28.95,31.2,25649,,,,,,,,,,,,,,,,,,#000000,,30.720456493665534,,38.602331347188944,-67.87649884093028,False,False,False,True,True,,0.0,0.0,0.0,0.0,0,,,False,False,False,False,,,False,False,False,False,-19896,3163.6240697896446,False,False,False,False,24922.11577492246,False,False,False,False
2022-02-25 00:00:00+00:00,27.603,30.0,25.2,29.4,11254,,,,,,,,,,,,,,,,,,#000000,,30.3731438365651,,37.800014530868694,-66.01661401036327,False,False,False,True,True,,0.0,0.0,0.0,0.0,0,,,False,False,False,False,,,False,False,False,False,-31150,621.8741386941156,False,False,False,False,23909.66275455783,False,False,False,False
2022-03-04 00:00:00+00:00,26.154,28.41,25.5,27.0,11502,,,,,,,,,,,,,,,,,,#000000,,29.996649153505892,,36.18835932524514,-64.83727365318956,False,False,False,True,True,,0.0,0.0,0.0,0.0,0,,,False,False,False,False,-0.34282825441539394,-0.34282825441539394,False,False,False,False,-42652,-2583.598019727671,False,False,False,False,22990.576624590583,False,False,False,False
2022-03-11 00:00:00+00:00,27.0,27.72,24.9,26.1,14101,,,,,,,,,,,,,,,,,,#000000,,29.611891848156425,,36.19497071565854,-61.89689233013468,False,False,False,True,True,,0.0,0.0,0.0,0.0,0,,,False,False,False,False,-0.34282825441539394,-0.34282825441539394,False,False,False,False,-28551,-4507.109277525621,False,False,False,False,22332.089467213504,False,False,False,False
2022-03-18 00:00:00+00:00,26.4,27.57,24.06,25.56,21961,,,,,,,,,,,,,,,,,,#000000,,27.544870109119778,,35.750479472848845,-59.36808872301639,False,False,False,True,True,,0.0,0.0,0.0,0.0,0,,,False,False,False,False,-0.34282825441539394,-0.34282825441539394,False,False,False,False,-50512,-7914.878960671871,False,False,False,False,22304.60135853102,False,False,False,False
2022-03-25 00:00:00+00:00,27.579,32.1,24.84,26.16,55020,,,,,,,,,,,,,,,,,,#000000,,28.187908958114818,,36.99707223840902,-55.20826250178628,False,False,False,True,True,,0.0,0.0,0.0,0.0,0,,,False,False,False,False,-0.02177125456388879,-0.18229975448964136,False,False,False,False,4508,-6994.6657043258065,False,False,False,False,24727.964220862057,False,False,False,False
2022-04-01 00:00:00+00:00,27.9,28.6497,25.2,28.17,29159,,,,,,,,,,,,,,,,,,#000000,,27.987134108888807,,38.295573879227454,-51.09086994963725,False,False,False,True,True,,0.0,0.0,0.0,0.0,0,,,False,False,False,False,-0.20213826430789958,-0.19221900939877046,False,False,False,False,33667,-3982.6904669683395,False,False,False,False,25056.189093390796,False,False,False,False
2022-04-08 00:00:00+00:00,26.406,29.4,26.406,29.4,15598,,,,,,,,,,,,,,,,,,#000000,,27.935034382124346,,37.96151962621991,-48.66956625579265,False,False,False,True,True,,0.0,0.0,0.0,0.0,0,,,False,False,False,False,-0.08455387292725307,-0.13838644116301177,False,False,False,False,18069,-2349.2319138595735,False,False,False,False,24355.582493880367,False,False,False,False
2022-04-15 00:00:00+00:00,25.08,27.051,24.603,26.7,8029,,,,,,,,,,,,,,,,,,#000000,,27.81030474045065,,36.749170535334706,-47.266284042620526,False,False,False,True,True,,0.0,0.0,0.0,0.0,0,,,False,False,False,False,-0.3412447866216922,-0.239815613892352,False,False,False,False,10040,-1431.5110313514572,False,False,False,False,23146.20601285219,False,False,False,False
2022-04-22 00:00:00+00:00,23.1,25.578,21.6,25.323,10541,,,,,,,,,,,,,,,,,,#000000,,27.521320453225638,,34.64953745058499,-46.94665661674305,False,False,False,True,True,,0.0,0.0,0.0,0.0,0,,,False,False,False,False,-0.34282825441539394,-0.291321934153873,False,False,False,False,-501,-1362.5842882883862,False,False,False,False,22212.487048937215,False,False,False,False
2022-04-29 00:00:00+00:00,22.497,25.05,21.6,22.2,15453,,,,,,,,,,,,,,,,,,#000000,,27.132236938175954,,32.812881221902714,-46.53781812218044,False,False,False,True,True,,0.0,0.0,0.0,0.0,0,,,False,False,False,False,-0.34282825441539394,-0.31707509428463343,False,False,False,False,-15954,-2443.4298965633207,False,False,False,False,21711.784304571498,False,False,False,False
2022-05-06 00:00:00+00:00,22.512,24.6,21.0,22.368,7266,,,,,,,,,,,,,,,,,,#000000,,26.959773301478307,,31.52288369177706,-45.72055081749917,False,False,False,True,True,,0.0,0.0,0.0,0.0,0,,,False,False,False,False,-0.34282825441539394,-0.3299516743500137,False,False,False,False,-8688,-2905.990644966038,False,False,False,False,20641.726207936572,False,False,False,False
2022-05-13 00:00:00+00:00,17.98797,22.2,15.675,21.70053,10388,,,,,,,,,,,,,,,,,,#000000,,24.541556578492973,,28.527260763824096,-45.72055081749917,False,False,False,True,True,,0.0,0.0,0.0,0.0,0,,,False,False,False,False,-0.34282825441539394,-0.33638996438270385,False,False,False,False,-19076,-4103.769115709294,False,False,False,False,19882.190933274604,False,False,False,False
2022-05-20 00:00:00+00:00,19.593,21.0,18.0,19.53,19178,,,,,,,,,,,,,,,,,,#000000,,24.22578515901595,,28.39210386988598,-45.151390562472955,False,False,False,True,True,,0.0,0.0,0.0,0.0,0,,,False,False,False,False,-0.2997177440560159,-0.3180538542193599,False,False,False,False,102,-3792.2306626937907,False,False,False,False,19830.02864192093,False,False,False,False
2022-05-27 00:00:00+00:00,19.5,20.511,17.403,18.903,19801,,,,,,,,,,,,,,,,,,#000000,,23.798201846997763,,28.251591146425508,-43.534676955941606,False,False,False,True,True,,0.0,0.0,0.0,0.0,0,,,False,False,False,False,-0.3413138965096658,-0.3296838753645128,False,False,False,False,-19699,-4970.509872864621,False,False,False,False,19827.87837214901,False,False,False,False
2022-06-03 00:00:00+00:00,19.8,22.50303,19.203,19.203,12227,,,,,,,,,,,,,,,,,,#000000,,23.690083783698604,,28.534540603407528,-41.58141444938882,False,False,False,True,True,,0.0,0.0,0.0,0.0,0,,,False,False,False,False,-0.19128784694158393,-0.2604858611530484,False,False,False,False,-7472,-5155.805437837612,False,False,False,False,19264.850344582417,False,False,False,False
2022-06-10 00:00:00+00:00,20.93988,21.897,18.336,21.117,24028,,,,,,,,,,,,,,,,,,#000000,,23.45427001216167,,30.160248515509252,-38.45146721245259,False,False,False,True,True,,0.0,0.0,0.0,0.0,0,,,False,False,False,False,-0.24818023518358145,-0.2543330481683149,False,False,False,True,16556,-3547.523553553344,False,False,False,False,19617.67624498372,False,False,False,False
2022-06-17 00:00:00+00:00,17.10003,20.13,17.1,18.6,9880,,,,,,,,,,,,,,,,,,#000000,,23.24351323699083,,29.339865056191904,-37.87422410087554,False,False,False,True,True,,0.0,0.0,0.0,0.0,0,,,False,False,False,False,-0.34282825441539394,-0.2985806512918544,False,False,False,False,6676,-2790.225512549392,False,False,False,False,18896.36689350344,False,False,False,False
2022-06-24 00:00:00+00:00,19.197,20.7,17.2125,17.235,22222,,,,,,,,,,,,,,,,,,#000000,,22.930289318340964,,30.956076177063395,-35.00737153925651,False,False,False,True,True,,0.0,0.0,0.0,0.0,0,,,False,False,False,False,-0.2928105023330718,-0.2956955768124631,False,False,False,False,28898,-442.9495486568444,False,False,False,False,19142.71008657726,False,False,False,False
2022-07-01 00:00:00+00:00,18.9,20.4,18.009,18.246,7072,,,,,,,,,,,,,,,,,,#000000,,22.843201140365174,,31.95221346930476,-32.85875928154476,False,False,False,True,True,,0.0,0.0,0.0,0.0,0,0.8805954668638294,1.0987477920507878,False,False,False,False,-0.2526359670849851,-0.2741657719487241,False,False,False,False,21826,1206.602269762181,False,False,False,False,18248.58341349746,False,False,False,False
2022-07-08 00:00:00+00:00,17.394,19.2,16.5,18.9,9765,,,,,,,,,,,,,,,,,,#000000,,22.672218233748172,,31.884366152358385,-31.816531903966343,False,False,False,True,True,,0.0,0.0,0.0,0.0,0,0.8732611400095202,1.1141889485007137,False,False,False,False,-0.34282825441539394,-0.308497013182059,False,False,False,False,12061,2010.6317312612787,False,False,False,False,17620.169827312464,False,False,False,False
2022-07-15 00:00:00+00:00,14.595,17.394,13.8,17.394,8570,,,,,,,,,,,,,,,,,,#000000,,22.448650986165312,,30.601511862278464,-31.816531903966343,False,False,False,True,True,,0.0,0.0,0.0,0.0,0,0.8367231939037465,1.153713029119625,False,False,False,False,-0.34282825441539394,-0.3256626337987265,False,False,False,False,3491,2120.2886400567395,False,False,False,False,16949.78687714117,False,False,False,False
2022-07-22 00:00:00+00:00,11.424,14.778,11.253,14.778,19673,,,,,,,,,,,,,,,,,,#000000,,21.789079121293042,,28.574602698554553,-31.816531903966343,False,False,False,True,True,,0.0,0.0,0.0,0.0,0,0.8163550387028794,1.1834685990251812,False,False,False,False,-0.34282825441539394,-0.33424544410706025,False,False,False,False,-16182,764.5635556080922,False,False,False,False,17151.506367723305,False,False,False,False
2022-07-29 00:00:00+00:00,10.19997,11.709,8.25,11.703,33742,,,,,,,,,,,,,,,,,,#000000,,20.59723931619127,,26.7545161404028,-31.816531903966343,False,False,False,True,True,,0.0,0.0,0.0,0.0,0,0.8035780515150236,1.190804911232161,False,False,False,False,-0.34282825441539394,-0.33853684926122707,False,False,False,False,-49924,-2990.1448559184328,False,False,False,False,18380.431821966024,False,False,False,False
2022-08-05 00:00:00+00:00,11.436,14.4,9.363,10.2,73309,,,,,,,,,,,,,,,,,,#000000,,19.05614919530652,,26.71205944910525,-31.816531903966343,False,False,False,True,True,,0.0,0.0,0.0,0.0,0,0.7976449810286205,1.1904232020141716,False,False,False,False,-0.2179386910278583,-0.27823777014454265,False,False,False,True,23385,-1036.4304221466969,False,False,False,False,22449.21464996854,False,False,False,False
2022-08-12 00:00:00+00:00,9.585,11.781,9.45,11.7,39093,,,,,,,,,,,,,,,,,,#000000,,18.313587166553326,,26.04907405808281,-31.816531903966343,False,False,False,True,True,,0.0,0.0,0.0,0.0,0,0.7771578613130764,1.2070460866425523,False,False,False,False,-0.2970288977350046,-0.28763333393977364,False,False,False,False,-15708,-2123.2133538395337,False,False,False,False,23682.08763885976,False,False,False,False
2022-08-19 00:00:00+00:00,7.5,9.681,7.46097,9.681,57818,,,,,,,,,,,,,,,,,,#000000,,17.187242138661883,,24.939410559369126,-31.816531903966343,False,False,False,True,True,,0.0,0.0,0.0,0.0,0,0.7574492204802833,1.2450814341421699,False,False,False,False,-0.34282825441539394,-0.3152307941775838,False,False,False,False,-73526,-7412.308660962532,False,False,False,False,26210.673739684964,False,False,False,False
2022-08-26 00:00:00+00:00,6.909,7.494,6.45,7.35,25076,,,,,,,,,,,,,,,,,,#000000,,16.715132624233902,,23.975977608447867,-31.816531903966343,False,False,False,True,False,,0.0,0.0,0.0,0.0,0,0.7777133964196556,1.2361916433738025,False,False,False,False,-0.34282825441539394,-0.3290295242964889,False,False,False,False,-98602,-14167.100612002345,False,False,False,False,26126.623833041634,False,False,False,False
2022-09-02 00:00:00+00:00,7.791,9.3,6.42,6.42,76253,,,,,,,,,,,,,,,,,,#000000,,15.633770171438861,,24.214340768808157,-31.816531903966343,False,False,False,True,False,,0.0,0.0,0.0,0.0,0,0.7739707479236203,1.198518053098762,False,False,False,False,-0.2899494543413798,-0.3094894893189344,False,False,False,True,-22349,-14773.167233335505,False,False,False,False,29839.688734297808,False,False,False,False
2022-09-09 00:00:00+00:00,7.76697,8.1,7.164,7.95,10361,,,,,,,,,,,,,,,,,,#000000,,15.504650402723511,,24.37605504600893,-31.816531903966343,False,False,False,True,False,,0.0,0.0,0.0,0.0,0,0.7843960257357048,1.2085555413245548,False,False,False,False,-0.2985180872502619,-0.3040037882845982,False,False,False,False,-32710,-16101.821512347691,False,False,False,False,28396.822902127602,False,False,False,False
2022-09-16 00:00:00+00:00,7.059,8.68797,6.9,8.094,19516,,,,,,,,,,,,,,,,,,#000000,,15.26878880402644,,24.23202805286828,-31.816531903966343,False,False,False,True,False,,0.0,0.0,0.0,0.0,0,0.7867669207413993,1.2041683126109384,False,False,False,False,-0.27373871885959894,-0.28887125357209853,False,False,False,False,-52226,-18777.686585507123,False,False,False,False,27738.98416863667,False,False,False,False
2022-09-23 00:00:00+00:00,4.683,7.494,4.341,6.648,37064,,,,,,,,,,,,,,,,,,#000000,,14.744652002576204,,23.334821750196117,-31.816531903966343,False,False,False,True,False,,0.0,0.0,0.0,0.0,0,0.7355185531995301,1.2839635556745548,False,False,False,False,-0.34282825441539394,-0.31584975399374626,False,False,False,False,-89290,-24000.820912506595,False,False,False,False,28429.726082070993,False,False,False,False
2022-09-30 00:00:00+00:00,4.782,6.0,4.275,4.68,27333,,,,,,,,,,,,,,,,,,#000000,,14.374397648905482,,22.810569832985752,-31.816531903966343,False,False,False,True,False,,0.0,0.0,0.0,0.0,0,0.7245624552656081,1.265749393512493,False,False,False,False,-0.34282825441539394,-0.3293390042045701,False,False,False,False,-61957,-26812.389733802403,False,False,False,False,28348.4871130287,False,False,False,False
2022-10-07 00:00:00+00:00,6.21,13.791,4.209,4.95,2268319,,,,,,,,,,,,,,,,,,#000000,,8.608589701845332,,24.09623107758591,-31.590342373732966,False,False,False,True,False,,0.0,0.0,0.0,0.0,0,0.730791524840563,1.1648198706594153,False,False,False,False,0.048039584630000874,-0.1406497097872846,False,False,False,True,2206362,138607.93543166443,False,False,False,False,194272.22880835988,False,False,False,False
2022-10-14 00:00:00+00:00,5.7,9.0,4.818,5.7,1531257,,,,,,,,,,,,,,,,,,#000000,,7.838270906436073,,24.799641640127476,-30.570895326063784,False,False,False,True,False,,0.0,0.0,0.0,0.0,0,0.7631963291760333,1.1890907936623718,False,False,False,False,-0.11709857103650835,-0.1288741404118965,False,False,False,False,675105,178348.45873302262,False,False,False,False,293308.1377855184,False,False,False,False
2022-10-21 00:00:00+00:00,4.932,6.105,4.77,5.529,122917,,,,,,,,,,,,,,,,,,#000000,,7.764270953172657,,24.97921653042112,-30.0752608635605,False,False,False,True,False,,0.0,0.0,0.0,0.0,0,0.7902176564990149,1.2113861318941932,False,False,False,False,-0.2863130928625961,-0.2075936166372463,False,False,False,False,552188,206040.27660465057,False,False,False,False,280686.57202362816,False,False,False,False
2022-10-28 00:00:00+00:00,4.794,5.4,4.212,4.866,85114,,,,,,,,,,,,,,,,,,#000000,,7.706249349893087,,25.048454601128128,-29.688849930591317,False,False,False,True,False,,0.0,0.0,0.0,0.0,0,0.7779159817527861,1.219191742646089,False,False,False,False,-0.34282825441539394,-0.27521093552632014,False,False,False,False,467074,225376.10796726905,False,False,False,False,266199.7148366927,False,False,False,False
2022-11-04 00:00:00+00:00,3.93,5.088,3.75,4.944,71118,,,,,,,,,,,,,,,,,,#000000,,7.650611151361369,,24.725452142769566,-29.688849930591317,False,False,False,True,False,,0.0,0.0,0.0,0.0,0,0.7734547900251139,1.2235728293852808,False,False,False,False,-0.34282825441539394,-0.30901959497085707,False,False,False,False,395956,238011.65552524914,False,False,False,False,251749.21744138215,False,False,False,False
2022-11-11 00:00:00+00:00,2.88,4.35,2.55,4.35,142541,,,,,,,,,,,,,,,,,,#000000,,7.51291307625611,,24.06383053536738,-29.688849930591317,False,False,False,True,False,,0.0,0.0,0.0,0.0,0,0.8164624973135611,1.2206516586239875,False,False,False,False,-0.34282825441539394,-0.3259239246931255,False,False,False,False,253415,239152.6440048603,False,False,False,False,243659.71985313162,False,False,False,False
2022-11-18 00:00:00+00:00,2.84,4.09,2.6515,2.85,517098,,,,,,,,,,,,,,,,,,#000000,,7.0719446213910135,,23.574807021319337,-29.688849930591317,False,False,False,True,False,,0.0,0.0,0.0,0.0,0,0.7831528010809287,1.2129144175073787,False,False,False,False,-0.34282825441539394,-0.3343760895542597,False,False,False,False,-263683,201905.55926375955,False,False,False,False,263914.40727141814,False,False,False,False
2022-11-25 00:00:00+00:00,2.5703,2.879,2.5408,2.71,28704,,,,,,,,,,,,,,,,,,#000000,,7.0470929194033705,,23.109225595972617,-29.688849930591317,False,False,False,True,False,,0.0,0.0,0.0,0.0,0,0.7815713807887447,1.23105941245163,False,False,False,False,-0.34282825441539394,-0.3386021719848268,False,False,False,False,-292387,165291.29561459218,False,False,False,False,246491.414140202,False,False,False,False
2022-12-02 00:00:00+00:00,2.7,2.809,2.5,2.58,27789,,,,,,,,,,,,,,,,,,#000000,,7.023334335180404,,22.98394194992577,-29.688849930591317,False,False,False,True,False,,0.0,0.0,0.0,0.0,0,0.7455813842747279,1.2707868840867784,False,False,False,False,-0.34282825441539394,-0.34071521320011033,False,False,False,False,-264598,133447.64408758536,False,False,False,False,230291.23531500183,False,False,False,False
2022-12-09 00:00:00+00:00,2.4601,2.7,2.4,2.7,44166,,,,,,,,,,,,,,,,,,#000000,,6.9848153620903695,,22.777304461688306,-29.688849930591317,False,False,False,True,False,0.0,0.0,0.0,0.0,0.0,0,0.7446325724509026,1.2766319576677916,False,False,False,False,-0.34282825441539394,-0.34177173380775216,False,False,False,False,-308764,100691.22600702349,False,False,False,False,216504.18084722394,False,False,False,False
2022-12-16 00:00:00+00:00,2.3,3.2199,2.3,2.42,112381,,,,,,,,,,,,,,,,,,#000000,,6.891576667441562,,22.548506131509047,-29.688849930591317,False,False,False,True,False,0.0,0.0,0.0,0.0,0.0,0,0.7636474709824544,1.2660289035555852,False,False,False,False,-0.30755514220084895,-0.32466343800430053,False,False,False,False,-421145,62036.69074724398,False,False,False,False,208791.35263631845,False,False,False,False
2022-12-23 00:00:00+00:00,1.85,2.52,1.84,2.52,21536,,,,,,,,,,,,,,,,,,#000000,,6.871969300888315,,22.15260379137839,-29.688849930591317,False,False,False,True,False,0.0,0.0,0.0,0.0,0.0,0,0.7445414919700464,1.3018956936590942,False,False,False,False,-0.34282825441539394,-0.33374584620984726,False,False,False,False,-442681,24650.195136337017,True,False,False,False,194920.58577436896,True,False,False,False
2022-12-30 00:00:00+00:00,2.0888,2.0901,1.82,1.95,14391,,,,,,,,,,,,,,,,,,#000000,,6.858764416308759,,22.334209788580253,-29.688849930591317,False,False,False,True,False,0.0,0.0,0.0,0.0,0.0,0,0.7211542269368978,1.3151568475189699,False,False,False,False,-0.34282825441539394,-0.33828705031262063,False,False,False,False,-428290,-8900.930429317574,False,False,False,False,181548.02386515643,False,False,False,False
2023-01-06 00:00:00+00:00,2.95,2.95,1.8,1.8,61820,,,,,,,,,,,,,,,,,,#000000,,5.596899039340888,,24.091662155235866,-28.562302619772957,False,False,False,True,True,0.0,0.0,0.0,0.0,0.0,0,0.7398489616778734,1.2873584568546597,True,False,False,False,-0.2210421329823829,-0.2796645916475018,False,False,False,False,-366470,-35387.52817529405,False,False,False,False,172679.28135662634,False,False,False,False
2023-01-13 00:00:00+00:00,3.94,4.45,2.65,3.0,445522,,,,,,,,,,,,,,,,,,#000000,,5.6694495135265335,,27.049195230899983,-25.664314793523012,False,False,False,True,True,0.0,0.0,0.0,0.0,0.0,0,0.7961804851401396,1.2363765581979984,False,False,False,False,0.3428282079777276,0.03158180816511291,False,False,False,False,79052,-26910.52608823523,False,False,False,False,192889.85310798735,False,False,False,False
2023-01-20 00:00:00+00:00,3.62,4.69,3.2001,4.0559,263933,,,,,,,,,,,,,,,,,,#000000,,5.610026277163077,,28.885759878629052,-23.931378012417742,False,False,False,True,True,0.0,0.0,0.0,0.0,0.0,0,0.8470785357004608,1.1913107499867173,False,False,False,False,0.34282821719642054,0.18720501268076672,False,False,False,False,-184881,-38612.04267429188,False,False,False,False,198152.30843332162,False,False,False,False
2023-01-27 00:00:00+00:00,3.7463,4.2399,3.63,3.65,37954,,,,,,,,,,,,,,,,,,#000000,,5.601335169617439,,30.420338195827377,-22.51604425277744,False,False,False,True,True,0.0,0.0,0.0,0.0,0.0,0,0.9070205874389548,1.1494790465398461,False,False,False,False,0.33907374073940005,0.26313937671008336,False,False,False,False,-146927,-46635.372846566555,False,False,False,False,186285.7670678904,False,False,False,False
2023-02-03 00:00:00+00:00,4.38,4.6199,3.68,3.68,106529,,,,,,,,,,,,,,,,,,#000000,,5.591486569238699,,32.629735907061885,-20.47288861749698,False,False,False,True,True,0.0,0.0,0.0,0.0,0.0,0,0.8754681688860529,1.2133604583575521,False,False,False,False,0.3428282206709147,0.302983798690499,False,False,False,False,-40398,-46173.345228302365,False,False,False,False,180377.85839619482,False,False,False,True
2023-02-10 00:00:00+00:00,3.85,6.1,3.77,6.02,2489827,,,,,,,,,,,,,,,,,,#000000,,5.03927736209258,,33.658130194703894,-19.579535223666483,False,False,False,True,True,0.0,0.0,0.0,0.0,0.0,0,0.8755310036186914,1.123791584357464,False,False,False,False,0.34282822956069564,0.32290601412559733,False,False,False,False,-2530225,-230177.17150768737,False,False,False,False,351448.16518166184,False,False,False,False
2023-02-17 00:00:00+00:00,3.91,4.1405,3.7861,3.8501,62478,,,,,,,,,,,,,,,,,,#000000,,5.027453971888753,,34.503473130154546,-18.833224142160685,False,False,False,True,True,0.0,0.0,0.0,0.0,0.0,0,0.9159193261827694,1.125852084333312,False,False,False,False,0.11529582808575348,0.21910092110567542,False,False,False,False,-2467747,-395923.08472934016,False,False,False,False,330042.967760798,False,False,False,False
2023-02-24 00:00:00+00:00,3.6,3.9,3.3625,3.9,14906,,,,,,,,,,,,,,,,,,#000000,,5.023579346926904,,34.76664611033671,-18.60812880262884,False,False,False,True,True,0.0,0.0,0.0,0.0,0.0,0,0.9283891629010005,1.0823611043577872,False,False,False,False,0.041268554783570735,0.13018473794462307,False,False,False,False,-2482653,-550495.6710456853,False,False,False,False,306699.48866740556,False,False,False,False
2023-03-03 00:00:00+00:00,3.44,3.85,3.4,3.59,67773,,,,,,,,,,,,,,,,,,#000000,,5.005442461769622,,34.77560940901891,-18.576078019951133,True,False,False,True,True,0.0,0.0,0.0,0.0,0.0,0,0.9257889863532293,1.1325545408230149,False,False,False,False,0.03988202297656775,0.08503338046059541,False,False,False,False,-2550426,-698638.6583756346,False,False,False,False,289001.2302475978,False,False,False,False
2023-03-10 00:00:00+00:00,2.78,3.6001,2.6101,3.51,30410,,,,,,,,,,,,,,,,,,#000000,,4.99367198035923,,34.061162296448956,-18.576078019951133,True,False,False,True,True,0.0,0.0,0.0,0.0,0.0,0,0.8884911528448176,1.109217185415182,False,False,False,False,-0.1427325437117124,-0.028849581625558493,False,False,False,False,-2580836,-838060.6836811432,False,False,False,False,269846.32430333126,False,False,False,False
2023-03-17 00:00:00+00:00,2.53,3.3,2.52,2.63,66522,,,,,,,,,,,,,,,,,,#000000,,4.9654449168706964,,33.28725744785141,-18.576078019951133,True,False,False,True,True,0.0,0.0,0.0,0.0,0.0,0,0.89002831770819,1.134164702589083,False,False,False,False,-0.34282825441539394,-0.18583891802047622,False,False,False,False,-2647358,-972082.7071121696,False,False,False,False,254785.26324382526,False,False,False,False
2023-03-24 00:00:00+00:00,2.7376,3.3,2.475,2.53,58811,,,,,,,,,,,,,,,,,,#000000,,4.941935997632997,,33.22090153937829,-18.576078019951133,True,False,False,True,True,0.0,0.0,0.0,0.0,0.0,0,0.9499499765141723,1.1107681855937668,False,False,False,False,-0.34282825441539394,-0.26433358621793507,False,False,False,False,-2588547,-1091820.8028816385,False,False,False,False,240268.65115169005,False,False,False,False
2023-03-31 00:00:00+00:00,2.58,2.99,2.5356,2.96,9036,,,,,,,,,,,,,,,,,,#000000,,4.938120648171115,,32.98675716363868,-18.576078019951133,True,False,False,True,True,0.0,0.0,0.0,0.0,0.0,0,0.9516803664756108,1.0821164625656037,False,False,False,False,-0.34282825441539394,-0.3035809203166645,False,False,False,False,-2597583,-1203358.7434089247,False,False,False,False,223140.30662193525,False,False,False,False
2023-04-07 00:00:00+00:00,2.73,2.765,2.23,2.765,7062,,,,,,,,,,,,,,,,,,#000000,,4.934958983330108,,33.20126455257117,-18.576078019951133,True,False,False,True,True,0.0,0.0,0.0,0.0,0.0,0,0.9269496833511787,1.4021969910139704,False,False,False,False,-0.34282825441539394,-0.3232045873660292,False,False,False,False,-2590521,-1306111.5031564117,False,False,False,False,207134.50613142154,False,False,False,False
2023-04-14 00:00:00+00:00,2.58,3.2801,2.36,2.73,36999,,,,,,,,,,,,,,,,,,#000000,,4.91986150146526,,33.15458060209887,-18.576078019951133,True,False,False,True,True,0.0,0.0,0.0,0.0,0.0,0,0.8971903679240586,1.2364828982524851,False,False,False,False,-0.24760221437732097,-0.2854034008716751,False,False,False,False,-2627520,-1403993.6140337144,False,False,False,False,194531.87604761252,False,False,False,False
2023-04-21 00:00:00+00:00,2.5001,3.5699,2.4099,2.62,51102,,,,,,,,,,,,,,,,,,#000000,,4.900363731203245,,33.01081996783235,-18.576078019951133,True,False,False,True,True,0.0,0.0,0.0,0.0,0.0,0,0.9005299275319921,1.1051120454032548,False,False,False,False,-0.1087152914067664,-0.19705934613922074,False,False,False,False,-2678622,-1498410.5315126986,False,False,False,False,183907.4407848264,False,False,False,False
2023-04-28 00:00:00+00:00,2.5,2.9789,2.21,2.24,34793,,,,,,,,,,,,,,,,,,#000000,,4.152656794028007,,32.90798747246584,-18.576078019951133,True,False,False,True,True,0.0,0.0,0.0,0.0,0.0,0,0.9139892890717053,1.10213665579126,False,False,False,False,-0.28070952698012136,-0.23888443655967107,True,False,False,False,-2713415,-1588410.862511758,False,False,False,False,172861.92665261705,False,False,False,False
2023-05-05 00:00:00+00:00,5.8,44.0,2.8984,4.0,44211006,,,,,,,,,17.56613333333333,,,,,,,17.56613333333333,,#000000,,17.090516504382432,,39.699195385554,-13.132637418178795,True,False,False,True,True,0.0,0.0,0.0,0.0,0.0,1,0.9800536196398029,0.38228415896165735,False,False,False,False,0.34282825088032226,0.0519719071603256,False,False,False,False,41497591,1603144.8310076315,False,False,False,False,3434946.672826497,False,False,False,False
2023-05-12 00:00:00+00:00,4.0,7.0,3.43,5.92,2906458,,,,,,,,,16.7792665831251,,,,,,,16.7792665831251,,#000000,,16.35750671684613,,41.75638311730985,-11.314394068921949,True,False,False,True,True,0.0,0.0,0.0,0.0,0.0,1,1.0070537142787288,0.9531117484990229,False,False,False,False,-0.2494440268615139,-0.09873605985059415,False,False,False,False,38591133,4342995.8064885475,False,False,False,False,3395799.363728238,False,False,False,False
2023-05-19 00:00:00+00:00,5.67,10.49,3.69,3.71,62592617,,,,,,,,,10.98122397394031,,,,,,,10.98122397394031,,#000000,,10.880053721623675,,45.446734864652704,-7.960819332077833,True,False,False,True,True,0.0,0.0,0.0,0.0,0.0,1,1.008758202428738,0.9036979076921338,False,False,False,False,-0.18749829033390167,-0.14311717509224792,False,False,False,False,101183750,11516385.006007914,False,False,False,False,7780748.818266887,False,False,False,False
2023-05-26 00:00:00+00:00,4.44,5.87,4.2,5.81,1547751,,,,,,,,,10.895744645915206,,,,,,,10.895744645915206,,#000000,,10.797208659044959,,46.46506751703471,-7.202778610962149,True,False,False,False,True,0.0,0.0,0.0,0.0,0.0,1,1.017201319765991,0.9527351872903206,False,False,False,False,-0.2554833758281319,-0.1993002754601899,False,False,False,False,99635999,18043763.820377696,False,False,False,False,7319045.276173044,False,False,False,False
2023-06-02 00:00:00+00:00,4.87,6.12,4.31,4.42,3346649,,,,,,,,,10.726498881227284,,,,,,,10.726498881227284,,"rgba(239, 83, 80, 0.5)",10.48693665716697,10.63319791114573,-0.5495597141046,47.736432887392475,-6.14291694842165,True,False,False,False,True,0.0,0.0,0.0,0.0,0.0,1,1.018898621579412,0.9493528892510356,False,False,False,False,-0.2494440268615139,-0.2243721511608519,False,False,False,False,102982648,24335533.018868238,False,False,False,False,7024793.700160227,False,False,False,False
2023-06-09 00:00:00+00:00,4.21,5.2,4.1,4.77,1028865,,,,,,,,,10.671127334498593,,,,,,,10.671127334498593,,"rgba(239, 83, 80, 0.5)",10.269718013454154,10.579424386514534,-0.6202141459161855,47.80294121209684,-6.14291694842165,True,False,False,False,True,0.0,0.0,0.0,0.0,0.0,1,1.0172177067239874,0.960792637871969,False,False,False,False,-0.2684629691320687,-0.2464175601464603,False,False,False,False,101953783,30085033.01747059,False,False,False,False,6580650.833481691,False,False,False,False
2023-06-16 00:00:00+00:00,4.18,4.44,3.75,4.41,696260,,,,,,,,,10.631937250323018,,,,,,,10.631937250323018,,"rgba(239, 83, 80, 0.5)",10.088921613582785,10.541324580699698,-0.6305257216128434,47.81193946208923,-6.14291694842165,True,False,False,False,True,0.0,0.0,0.0,0.0,0.0,1,1.0139020094306186,0.977919307433047,False,False,False,False,-0.2904091974828367,-0.2684133788146485,False,False,False,False,101257523,35357069.31247277,False,False,False,False,6144770.031001565,False,False,False,False
2023-06-23 00:00:00+00:00,4.14,4.58,4.0222,4.06,284035,,,,,,,,,10.616386479226733,,,,,,,10.616386479226733,,"rgba(239, 83, 80, 0.5)",9.791627723891885,10.52620875801906,-0.6522111479418796,47.7637296529467,-6.14291694842165,True,False,False,False,True,0.0,0.0,0.0,0.0,0.0,1,1.023808463221607,0.9665455860934169,False,False,False,False,-0.2833349682626875,-0.275874173538668,False,False,False,False,100973488,40217544.770808116,False,False,False,False,5710641.510186634,False,False,False,False
2023-06-30 00:00:00+00:00,4.27,4.37,3.86,4.12,445007,,,,,,,,,10.591867398290244,,,,,,,10.591867398290244,,"rgba(239, 83, 80, 0.5)",9.59006138917729,10.50236919436348,-0.6498779248062917,47.93467630730952,-5.935096973845994,True,False,False,False,True,0.0,0.0,0.0,0.0,0.0,1,1.021818338383376,0.9636948554144892,False,False,False,False,-0.2897214826636789,-0.2827978281011735,False,False,False,False,101418495,44750948.491489,False,False,False,False,5320594.509432068,False,False,False,False
2023-07-07 00:00:00+00:00,4.0,4.31,3.92,4.25,201976,,,,,,,,,10.580645266443405,,,,,,,10.580645266443405,,"rgba(239, 83, 80, 0.5)",9.39367974244068,10.491455143327983,-0.6910449708009061,47.647135619615646,-5.935096973845994,True,False,False,False,True,0.0,0.0,0.0,0.0,0.0,1,1.0231312565590216,0.9758247375031943,False,False,False,False,-0.3420630760744593,-0.3124304520878164,False,False,False,False,101216519,48933583.3439713,False,False,False,False,4941437.582807471,False,False,False,False
2023-07-14 00:00:00+00:00,3.87,4.46,3.82,4.04,520325,,,,,,,,,10.551794607426707,,,,,,,10.551794607426707,,"rgba(239, 83, 80, 0.5)",9.090046754969988,10.463392588414333,-0.7253419884567032,47.23977830344396,-5.935096973845994,True,False,False,False,True,0.0,0.0,0.0,0.0,0.0,1,1.0103808140016681,0.9940831017584953,False,False,False,False,-0.3317401070000723,-0.32208527954394434,False,False,False,False,100696194,52767850.79997343,False,False,False,False,4613947.76185877,False,False,False,False
2023-07-21 00:00:00+00:00,3.31,3.9367,3.25,3.89,315855,,,,,,,,,10.532931336357755,,,,,,,10.532931336357755,,"rgba(239, 83, 80, 0.5)",8.804704373522485,10.44502334318324,-0.8103648959117457,46.09035845777359,-5.935096973845994,True,False,False,False,True,0.0,0.0,0.0,0.0,0.0,1,0.9948533232029227,1.0046774004324046,False,False,False,False,-0.34282825441539394,-0.33245676697966914,False,False,False,False,100380339,56294701.777753174,False,False,False,False,4295570.520239602,False,False,False,False
2023-07-28 00:00:00+00:00,3.12,3.5299,3.08,3.41,325948,,,,,,,,,10.512867280129582,,,,,,,10.512867280129582,,"rgba(239, 83, 80, 0.5)",8.515848059364695,10.425474769261502,-0.8578681439986272,44.984301149268646,-5.935096973845994,True,False,False,True,False,0.0,0.0,0.0,0.0,0.0,1,0.9865825932106578,1.0042223391983154,False,False,False,False,-0.34282825441539394,-0.33764251069753154,False,False,False,False,100054391,59536160.23866035,False,False,False,False,4001524.407629261,False,False,False,False
2023-08-04 00:00:00+00:00,3.09,3.49,3.01,3.29,212383,,,,,,,,,10.499769670935738,,,,,,,10.499769670935738,,"rgba(239, 83, 80, 0.5)",8.278439759633619,10.412711896517713,-0.8845521751844936,44.14733507485087,-5.935096973845994,True,False,False,True,False,0.0,0.0,0.0,0.0,0.0,1,0.9848047828862176,1.0101663104113445,False,False,False,False,-0.34282825441539394,-0.34023538255646274,False,False,False,False,99842008,62521778.59135218,False,False,False,False,3720847.26632339,False,False,False,False
2023-08-11 00:00:00+00:00,2.46,3.13,2.419,3.03,193462,,,,,,,,,10.487021667293046,,,,,,,10.487021667293046,,"rgba(239, 83, 80, 0.5)",8.070845218593163,8.495196983991434,-0.7477775648686563,42.582438815437875,-3.997583734297997,True,False,False,True,False,0.0,0.0,0.0,0.0,0.0,1,0.9746303930601998,1.0369369018625623,False,False,False,False,-0.34282825441539394,-0.34153181848592834,False,False,False,False,99648546,65271909.51051128,False,False,False,False,3459559.468817954,False,False,False,False
2023-08-18 00:00:00+00:00,2.53,2.9499,2.42,2.57,210278,,,,,,,,,10.473148343265454,,,,,,,10.473148343265454,,"rgba(239, 83, 80, 1.0)",7.817807140868944,8.480205796124812,-0.761109309670621,41.63095455511978,-4.958845761599427,True,False,False,True,False,0.0,0.0,0.0,0.0,0.0,1,0.9744772474261499,1.0112504350877798,False,False,False,False,-0.34282825441539394,-0.34218003645066114,False,False,False,False,99858824,67833903.17639934,False,False,False,False,3218871.952609217,False,False,False,False
2023-08-25 00:00:00+00:00,2.54,2.65,2.44,2.58,67729,,,,,,,,,10.468639118564466,,,,,,,10.468639118564466,,"rgba(239, 83, 80, 1.0)",7.561769465023633,8.473015119629906,-0.7846067176568393,40.9764986969078,-5.638281537963316,True,False,False,True,False,0.0,0.0,0.0,0.0,0.0,1,0.9809087322062707,1.0123083682740102,False,False,False,False,-0.34282825441539394,-0.34250414543302754,False,False,False,False,99926553,70211136.49666604,False,False,False,False,2985453.9561196454,False,False,False,False
2023-09-01 00:00:00+00:00,2.79,5.34,2.69,4.98,47759977,,,,,,,,3.6066666666666665,8.50462904229118,,,,,,,6.055647854478924,,"rgba(239, 83, 80, 0.5)",7.238321799024181,6.052964383818642,-0.4507901796046884,41.157218682255355,-5.638281537963316,True,False,False,True,False,0.0,0.0,0.0,0.0,0.0,1,0.9824095210005213,0.9726246073803408,False,False,False,False,0.2858121990148818,-0.028345973209072867,False,False,False,False,147686530,75950054.53395003,False,False,False,False,6302085.292703375,False,False,False,False
2023-09-08 00:00:00+00:00,3.95,4.2,3.14,3.98,18627622,,,,,,,,3.6506255910836596,8.028500609012385,,,,,,,5.839563100048022,,#000000,6.861386209135392,5.837516915217675,-0.275092650039812,43.90189147935226,-5.638281537963316,True,False,False,True,True,0.0,0.0,0.0,0.0,0.0,1,0.9948790069859519,0.9802900830615341,False,False,False,False,0.13635606237697648,0.054005044583951806,False,False,False,False,166314152,82643691.38328707,False,False,False,False,7215088.011762384,False,False,False,False
2023-09-15 00:00:00+00:00,3.38,4.35,3.34,3.89,605948,,,,,,,,3.650981727538624,8.014374313289872,,,,,,,5.832678020414248,,"rgba(239, 83, 80, 0.5)",6.512781640322678,5.830648784347195,-0.3762829647434298,44.756483922579996,-8.649967420093212,True,False,False,True,True,0.0,0.0,0.0,0.0,0.0,1,0.9989139574476338,0.9741178328464151,False,False,False,False,0.2110078750040624,0.1325064597940071,False,False,False,False,165708204,88796618.24378432,False,False,False,False,6725522.084965171,False,False,False,False
2023-09-22 00:00:00+00:00,3.09,3.41,3.04,3.4,176214,,,,,,,,3.6497461481216225,8.009801084500262,,,,,,,5.829773616310942,,"rgba(239, 83, 80, 0.5)",6.18592361248481,5.8277516105008855,-0.44257766212556965,44.832259936884846,-8.550195051441072,True,False,False,True,True,0.0,0.0,0.0,0.0,0.0,1,0.9953522542403358,0.9870576869727895,False,False,False,False,-0.024698919510068557,0.05390377014196927,False,False,False,False,165531990,94480719.85535586,False,False,False,False,6240388.152745529,False,False,False,False
2023-09-29 00:00:00+00:00,2.99,3.18,2.85,3.03,149165,,,,,,,,3.648321215245373,8.005797917415602,,,,,,,5.827059566330488,,"rgba(239, 83, 80, 0.5)",5.906144287883502,5.825044317875448,-0.48001609505063425,44.69949374411683,-8.550195051441072,True,False,False,True,True,0.0,0.0,0.0,0.0,0.0,1,0.9918446347052687,0.985918030199988,False,False,False,False,-0.11954585448554546,-0.03282104217178809,False,False,False,False,165382825,99732727.64384802,False,False,False,False,5789186.437727341,False,False,False,False
2023-10-06 00:00:00+00:00,2.61,2.9934,2.46,2.98,130937,,,,,,,,3.646456604099156,8.002065413769333,,,,,,,5.824261008934245,,"rgba(239, 83, 80, 0.5)",5.626526524941644,5.822252743874408,-0.5709122190457858,43.8966789419311,-8.550195051441072,True,False,False,True,True,0.0,0.0,0.0,0.0,0.0,1,0.9906658082859802,0.9853814603736748,False,False,False,False,-0.2537286276675113,-0.1432748349196497,False,False,False,False,165251888,104585998.78134076,False,False,False,False,5370056.849747539,False,False,False,False
2023-10-13 00:00:00+00:00,2.39,2.64,2.315,2.61,138132,,,,,,,,3.644007956767076,7.997956306575854,,,,,,,5.820982131671465,,"rgba(239, 83, 80, 0.5)",5.3203047335497855,4.43182947754925,-0.38378055013907286,42.92248896822292,-8.550195051441072,True,False,False,True,True,0.0,0.0,0.0,0.0,0.0,0,0.986715033670081,0.997489177976866,False,False,False,False,-0.34282825441539394,-0.24305154466752182,False,False,False,False,165113756,109069536.35309331,True,False,False,False,4982506.860877351,True,False,False,False
2023-10-20 00:00:00+00:00,2.68,2.9909,2.33,2.39,231057,,,,,,,,3.6406792132546077,7.991366721713151,,,,,,,5.816022967483879,,"rgba(239, 83, 80, 0.5)",5.151078458188217,4.462737292896574,-0.34609010663829304,42.99444388461026,-8.550195051441072,True,False,False,True,True,0.0,0.0,0.0,0.0,0.0,0,0.9861260609670488,0.9966049054436384,False,False,False,False,-0.25697648654622585,-0.25001401560687386,False,False,False,False,165344813,113238075.36397529,False,False,False,False,4630547.611923473,False,False,False,False
2023-10-27 00:00:00+00:00,3.01,3.2,2.5841,2.6,119468,,,,,,,,3.6394319068470535,7.988134838017662,,,,,,,5.813783372432358,,"rgba(239, 83, 80, 0.5)",4.907653451785804,4.482470892740528,-0.3000356294930978,43.893044847838986,-8.550195051441072,True,False,False,True,True,0.0,0.0,0.0,0.0,0.0,1,0.9925483758642989,0.9852260856588568,False,False,False,False,-0.1532350517295113,-0.20162453366819258,False,False,False,False,165464281,117106683.188866,False,False,False,False,4296393.566595809,False,False,False,False
2023-11-03 00:00:00+00:00,2.98,3.14,2.7,3.0,112924,,,,,,,,3.6382712753599566,7.985088986746289,,,,,,,5.811680131053123,,"rgba(239, 83, 80, 0.5)",4.6448620035491155,4.4938136653606255,-0.32591144025461427,44.468239521717734,-8.550195051441072,True,False,False,True,True,0.0,0.0,0.0,0.0,0.0,1,0.9761642292793639,2.380181225576355,False,False,False,False,-0.1409753447183568,-0.1712999391932747,False,False,False,False,165351357,120680362.7304315,False,False,False,False,3986506.932033156,False,False,False,False
2023-11-10 00:00:00+00:00,3.01,3.24,2.99,3.07,48491,,,,,,,,3.6378737546807742,7.983818450624384,,,,,,,5.8108461026525795,,"rgba(239, 83, 80, 0.5)",4.341399643256164,4.500002796737017,-0.34320793273467814,44.962379697388734,-7.989979400342904,True,False,False,True,True,0.0,0.0,0.0,0.0,0.0,1,0.9634481829899385,1.1281237375194781,False,False,False,False,-0.02232548599813962,-0.09681271259570715,False,False,False,False,165399848,123992917.19484398,False,False,False,False,3694802.0481788483,False,False,False,False
2023-11-17 00:00:00+00:00,3.3,3.45,2.84,2.89,108645,,,,,,,,3.637170984676219,7.981041846536762,,,,,,,5.80910641560649,,"rgba(239, 83, 80, 0.5)",3.941121996418607,4.515046655576935,-0.3082996813296004,46.12794770552556,-6.790011832232402,True,False,False,False,True,0.0,0.0,0.0,0.0,0.0,1,0.9313148657862176,1.3338299537890457,False,False,False,False,-0.007842963159877696,-0.052327837877792424,False,False,False,False,165508493,127068145.03226295,False,False,False,False,3429160.7853507856,False,False,False,False
2023-11-24 00:00:00+00:00,3.34,5.16,2.9,4.49,11069759,,,,,,,3.8000000000000003,3.659907055847458,7.747742257817083,,,,,,,5.06921643788818,,"rgba(239, 83, 80, 0.5)",3.6844331288344896,3.712590684132709,-0.10112564704100692,47.07335654423592,-5.824374758506693,True,False,False,False,True,0.0,0.0,0.0,0.0,0.0,1,0.9112331723106349,1.013731884946421,False,False,False,False,0.34282820670798286,0.1452501844150952,False,False,False,False,176578252,130735560.36320645,False,False,False,False,3995131.02347295,False,False,False,False
2023-12-01 00:00:00+00:00,3.05,3.67,2.91,3.22,2872907,,,,,,,3.678429625295478,3.6441733793297146,7.6829670875731475,,,,,,,5.001856697399447,,"rgba(239, 83, 80, 0.5)",3.2858490841157995,3.648679352524052,-0.18219928462878662,46.94644179779409,-5.824374758506693,True,False,False,False,True,0.0,0.0,0.0,0.0,0.0,1,0.9012435045629638,1.1044440422946666,False,False,False,False,0.01541182588284494,0.08033100514897007,False,False,False,False,173705345,133918507.37333931,False,False,False,False,3912003.318030509,False,False,False,False
2023-12-08 00:00:00+00:00,2.49,3.0284,2.4001,2.95,710435,,,,,,,3.628058583128581,3.635559565035456,7.665226403483266,,,,,,,4.976281517215767,,"rgba(239, 83, 80, 1.0)",2.8402626133084254,3.6203468099433618,-0.3979726397999158,45.45492245374108,-5.824374758506693,True,False,False,True,True,0.0,0.0,0.0,0.0,0.0,1,0.8818712150086816,1.0910515394062594,False,False,False,False,-0.23350608077535223,-0.07658753781319108,False,False,False,False,172994910,136813055.71605492,False,False,False,False,3674850.1092875083,False,False,False,False
2023-12-15 00:00:00+00:00,2.99,3.05,2.25,2.42,1018921,,,,,,,3.5718382232894603,3.624964390429626,7.640620705974772,,,,,,,4.945807773231286,,"rgba(239, 83, 80, 1.0)",2.4055998609031857,3.3742181509060973,-0.1597182295986008,45.91126470016442,-5.824374758506693,True,False,False,True,True,0.0,0.0,0.0,0.0,0.0,1,0.8930759352434685,1.0493884339277069,False,False,False,False,-0.26253671305063325,-0.16956212543191218,False,False,False,False,174013831,139568668.70005086,False,False,False,False,3478114.619710656,False,False,False,False
2023-12-22 00:00:00+00:00,2.71,3.5998,2.54,2.97,1423258,,,,,,,3.5200618785984594,3.613701789273468,7.607960644459473,,,,,,,4.913908104110466,,"rgba(255, 0, 0, 1.0)",2.0841564829292407,3.373950719939067,-0.3185704746151773,45.53834159321241,-5.824374758506693,True,False,False,True,True,0.0,0.0,0.0,0.0,0.0,1,0.8967409139387975,1.0271043563869062,False,False,False,False,-0.1299040901976426,-0.1497331078147774,False,False,False,False,172590573,142014735.68523228,False,False,False,False,3325903.0182506074,False,False,False,False
2023-12-29 00:00:00+00:00,2.57,2.7,2.43,2.61,321689,,,,,,,3.5024528013628546,3.6097681539801485,7.6000394225377645,,,,,,,4.904086792626923,,"rgba(255, 0, 0, 1.0)",1.905684475397755,3.355592892290547,-0.41223660182600685,44.926648014431414,-5.824374758506693,True,False,False,True,False,0.0,0.0,0.0,0.0,0.0,1,0.897698262800689,1.0627010647350617,False,False,False,False,-0.34282825441539394,-0.24628068111508566,False,False,False,False,172268884,144255783.7085484,False,False,False,False,3103368.6465283404,False,False,False,False
2024-01-05 00:00:00+00:00,2.6018,2.9738,2.5,2.63,335232,,,,,,,3.4871457185337187,3.6061884988418935,7.592015832783128,,,,,,,4.895116683386246,,"rgba(255, 26, 202, 1.0)",1.7664793999990152,3.343419669443154,-0.4198292204503306,44.59566701749748,-5.824374758506693,True,False,False,True,False,0.0,0.0,0.0,0.0,0.0,1,0.8986577944017937,1.045184488690962,False,False,False,False,-0.25814214836527344,-0.25221141474017955,False,False,False,False,172604116,146355660.17458186,False,False,False,False,2898321.487526241,False,False,False,False
2024-01-12 00:00:00+00:00,2.34,2.68,2.32,2.55,237459,,,,,,,3.473411656012398,3.602994246908832,7.58606463628999,,,,,,,4.887490179737074,,"rgba(255, 26, 202, 1.0)",1.5366795615834963,3.3293225281942616,-0.643805353391177,43.676121937317596,-3.6795010131165853,True,False,False,True,False,0.0,0.0,0.0,0.0,0.0,1,0.8929765886287626,1.069112296998354,False,False,False,False,-0.34282825441539394,-0.29751983457778675,False,False,False,False,172366657,148282400.68016836,False,False,False,False,2701220.5625242973,False,False,False,False
2024-01-19 00:00:00+00:00,2.06,2.3799,2.02,2.31,186136,,,,,,,3.459892561541734,3.599870530551344,7.581143578059889,,,,,,,4.880302223384322,,"rgba(255, 26, 202, 1.0)",1.3883743500869772,3.313516467629963,-0.9028663397241776,42.322856022190194,-5.0265705618053715,True,False,False,True,False,0.0,0.0,0.0,0.0,0.0,1,0.9055116430392438,1.0584125358678145,False,False,False,False,-0.34282825441539394,-0.32017404449659037,False,False,False,False,172180521,150052631.8149707,False,False,False,False,2514918.0023373123,False,False,False,False
2024-01-26 00:00:00+00:00,1.95,2.65,1.64,2.37,1641763,,,,,,,3.345576941161119,3.571523641431857,7.53754074707654,,,,,,,4.818213776556505,,"rgba(255, 26, 202, 1.0)",1.3263435738825122,2.8238899859000077,-0.6588715044186712,41.08703465595207,-6.231479063647853,True,False,False,True,False,0.0,0.0,0.0,0.0,0.0,1,0.8973769388125016,1.0216629120381158,False,False,False,False,-0.34282825441539394,-0.3315011494559922,False,False,False,False,170538758,151570122.6434914,False,False,False,False,2450239.85401603,False,False,False,False
2024-02-02 00:00:00+00:00,2.03,2.1,1.79,1.97,264980,,,,,,,3.327470808704351,3.5667271401230454,7.530431683104349,,,,,,,4.808209877310582,,"rgba(255, 26, 202, 1.0)",1.2789346346901649,2.804394536198253,-0.6054996988848131,40.53213219601271,-6.774265856637612,False,False,False,True,False,0.0,0.0,0.0,0.0,0.0,1,0.907959978055853,1.0485070142898192,False,False,False,False,-0.34282825441539394,-0.33716470193569303,False,False,False,False,170803738,152994834.89212167,False,False,False,False,2288368.7537185466,False,False,False,False
2024-02-09 00:00:00+00:00,2.23,2.42,1.98,2.11,457140,,,,,,,3.3025998939499823,3.5597386735117076,7.518730334843788,,,,,,,4.793689634101826,,"rgba(255, 26, 202, 1.0)",1.1845352428243525,2.793337566925912,-0.4755768731563575,40.9569281242816,-6.774265856637612,False,False,False,True,False,0.0,0.0,0.0,0.0,0.0,1,0.9480297850915548,1.0131647984736465,False,False,False,False,-0.1823823808111586,-0.2597735413734258,False,False,False,False,171260878,154347875.12233487,False,False,False,False,2152722.1793690245,False,False,False,False
2024-02-16 00:00:00+00:00,2.36,2.4499,1.9,2.2,1335459,,,,,,,3.237523521079807,3.5401241085967774,7.485009730983634,,,,,,,4.754219120220073,,"rgba(255, 26, 202, 1.0)",1.0763766415220466,2.7627227432076373,-0.3741466766114218,41.7878707718215,-6.774265856637612,True,False,False,True,False,0.0,0.0,0.0,0.0,0.0,1,0.9437964899277339,1.0020329830320036,False,False,False,False,-0.197616935548044,-0.2286952384607349,False,False,False,False,172596337,155699613.03919896,False,False,False,False,2092184.1660824302,False,False,False,False
2024-02-23 00:00:00+00:00,1.96,2.3999,1.95,2.32,524080,,,,,,,3.2109858150345554,3.5318134466509545,7.4715607431749005,,,,,,,4.738120001620136,,"rgba(255, 26, 202, 1.0)",0.9973318510310129,2.742677211503665,-0.7847710976988811,41.190716538297416,-6.774265856637612,False,False,False,True,False,0.0,0.0,0.0,0.0,0.0,1,0.9460697183245854,0.9889431421342088,False,False,False,False,-0.197616935548044,-0.21315608700438943,False,False,False,False,172072257,156912401.48073977,False,False,False,False,1976028.301928176,False,False,False,False
2024-03-01 00:00:00+00:00,2.08,2.1299,1.86,1.94,478505,,,,,,,3.186144461682952,3.523888751026962,7.459157755633019,,,,,,,4.72306365611431,,"rgba(255, 26, 202, 1.0)",0.9933463971266769,2.7217587942749812,-0.6460574036723874,41.27471822339829,-6.774265856637612,False,False,False,True,False,0.0,0.0,0.0,0.0,0.0,1,0.9264021014200249,1.1698065464535523,False,False,False,False,-0.29678723567426085,-0.25497166133932514,False,False,False,False,172550762,158070798.55624056,False,False,False,False,1865100.6499334965,False,False,False,False
2024-03-08 00:00:00+00:00,1.87,2.11,1.74,2.1,297277,,,,,,,3.1697319775203168,3.5186278176123116,7.451315927277476,,,,,,,4.713225240803368,,"rgba(255, 26, 202, 1.0)",0.9896139967292232,2.7061383268803456,-0.8449136023175392,40.710835910572456,-6.774265856637612,False,False,False,True,False,0.0,0.0,0.0,0.0,0.0,1,0.9073420617933836,1.1316596286226643,False,False,False,False,-0.34282825441539394,-0.29889995787735957,False,False,False,False,172253485,159121367.92244497,False,False,False,False,1748965.5647532374,False,False,False,False
2024-03-15 00:00:00+00:00,1.4,1.86,1.33,1.78,485277,,,,,,,3.1361007476384724,3.5081233292257035,7.437695962113653,,,,,,,4.693973346325943,,"rgba(255, 26, 202, 1.0)",0.9477068441888487,2.665233544394254,-1.3350473853306182,39.04960330717194,-8.3587622476186,False,False,False,True,False,0.0,0.0,0.0,0.0,0.0,1,0.8633643286520019,1.1616086636665497,False,False,False,False,-0.34282825441539394,-0.3208641061463767,False,False,False,False,171768208,160058170.89115274,False,False,False,False,1655359.0044011457,False,False,False,False
2024-03-22 00:00:00+00:00,1.45,1.49,1.33,1.37,140039,,,,,,,3.1260229723714597,3.5049502457639177,7.433706461919818,,,,,,,4.688226560018399,,"rgba(255, 26, 202, 1.0)",0.9197249252891114,2.6528127716465963,-1.3077962101206484,38.09762646451846,-9.287191861805184,False,True,False,True,False,0.0,0.0,0.0,0.0,0.0,0,0.8815993762728269,1.1255788631765729,False,False,False,False,-0.34282825441539394,-0.3318461802808853,False,False,False,False,171908247,160935954.3066229,False,False,False,False,1543113.078149209,False,False,False,False
2024-03-29 00:00:00+00:00,1.03,1.425,0.9549,1.42,2607223,,,,,,,2.929610030489147,3.4396893748823083,7.356887892218492,,,,,,,4.575395765863316,,"rgba(255, 26, 202, 1.0)",0.9245700999543478,2.4183971710513017,-1.5016678249922382,36.377279310944715,-10.93629139727409,False,True,False,True,False,0.0,0.0,0.0,0.0,0.0,0,0.8689325551404603,1.111570522621216,False,False,False,False,-0.34282825441539394,-0.3373372173481396,False,False,False,False,169301024,161555589.0987249,False,False,False,False,1621936.0353233418,False,False,False,False
2024-04-05 00:00:00+00:00,0.92,1.06,0.83,1.0,2362743,,,,,,,2.7659406934187625,3.378707019957608,7.286687276508761,,,,,,,4.477111663295044,,"rgba(255, 26, 202, 1.0)",0.9334114986251392,2.2448887947751626,-1.4194048356235667,34.893574671806206,-12.326282439032276,False,True,False,True,False,0.0,0.0,0.0,0.0,0.0,0,0.8842198100407056,1.1259701492537313,False,False,False,False,-0.34282825441539394,-0.34008273588176674,False,False,False,False,166938281,161954307.0173379,False,False,False,False,1676810.6252993906,False,False,False,False
2024-04-12 00:00:00+00:00,0.681,1.14,0.68,1.0,2713412,,,,,,,2.5994082804345218,3.309436425978541,7.206660798681061,,,,,,,4.371835168364708,,"rgba(255, 26, 202, 1.0)",0.9639978091447605,2.082955172158459,-1.4543136497397702,33.292011108370005,-13.811950754741893,False,True,False,True,False,0.0,0.0,0.0,0.0,0.0,0,0.8849344537815125,1.0956907563025209,False,False,False,False,-0.34282825441539394,-0.3414554951485803,False,False,False,False,164224869,162122496.79383138,False,False,False,False,1753595.9123142506,False,False,False,False
2024-04-19 00:00:00+00:00,0.67,0.76,0.585175,0.698,901820,,,,,,,2.545729239368153,3.2857895017547794,7.179836415073656,,,,,0.6717250000000001,0.6717250000000001,4.337118385398863,0.6717250000000001,"rgba(255, 26, 202, 1.0)",0.9991398351933186,1.561304744000751,-0.8920720730029714,32.12302035797567,-14.873530620322256,False,True,False,True,False,0.0,1.0,0.76,0.585175,0.0,0,0.8734147964493525,1.1497193153762353,True,False,False,False,-0.34282825441539394,-0.3421418747819871,False,False,False,False,163323049,162211426.58688092,True,False,False,False,1690501.4002909728,False,False,False,False
2024-04-26 00:00:00+00:00,0.7104,0.78,0.59,0.69,556559,,,,,,,2.514435112699192,3.2715258211755365,7.163446274244818,,,,,0.6800222397835771,0.6800222397835771,4.3164690693731815,0.6800222397835771,"rgba(255, 26, 202, 1.0)",1.0310589532379386,1.5418328054456443,-0.8063872612081121,31.523229860096762,-15.405212507626807,False,True,False,True,False,0.0,0.0,0.0,0.0,0.0,0,0.8517011893912674,1.167828962563628,False,False,False,False,-0.3367212072824631,-0.33943154103222506,False,False,False,False,163879608,162334995.5804453,False,False,False,False,1606505.666936086,False,False,False,False
2024-05-03 00:00:00+00:00,0.698,0.76,0.6762,0.717,309420,,,,,,,2.497657065332375,3.263718275722774,7.154395078545947,,,,,0.6855143271567261,0.6855143271567261,4.3052568065336985,0.6855143271567261,"rgba(255, 26, 202, 1.0)",1.0610573668538454,1.5319429076279758,-0.7859545899018735,31.062132456904585,-15.836941079615237,False,True,False,True,False,0.0,0.0,0.0,0.0,0.0,0,0.8456362891416624,1.1692826945301347,False,False,False,False,-0.31754388932679894,-0.32848771517951203,False,False,False,False,163570188,162426491.31522712,False,False,False,False,1510425.2471630427,False,False,False,False
2024-05-10 00:00:00+00:00,0.7299,0.78,0.69,0.6979,407206,,,,,,,2.476311713180001,3.253603138511894,7.142562420283095,,,,,0.6944607951859114,0.6944607951859114,4.290825757324996,0.6944607951859114,"rgba(255, 26, 202, 1.0)",1.089134967355735,1.5201900337056047,-0.7256125800683056,30.940849771470372,-15.977557582791277,False,True,False,True,False,0.0,0.0,0.0,0.0,0.0,0,0.8238720828767212,1.1781224359177114,False,False,False,False,-0.3063464423143773,-0.3174170787469447,False,False,False,False,163977394,162541372.99558067,False,False,False,False,1428705.3029287432,False,False,False,False
2024-05-17 00:00:00+00:00,0.825,0.92,0.6899,0.7,431709,,,,,,,2.455230808584045,3.2432978523772564,7.1302180208462556,,,,,0.7138662379276489,0.7138662379276489,4.276248893935852,0.7138662379276489,"rgba(255, 26, 202, 1.0)",1.1128606155114922,1.5119996896480914,-0.6173277049007014,31.490798941049633,-15.977557582791277,False,True,False,True,False,0.0,0.0,0.0,0.0,0.0,0,0.8302280207629287,1.1886661675700825,False,False,False,False,-0.23978498985707178,-0.2786010343020082,False,False,False,False,164409103,162679723.36627838,False,False,False,False,1354853.7249340215,False,False,False,False
2024-05-24 00:00:00+00:00,1.01,1.1,0.82,0.87,703532,,,,,,,2.4253343039659585,3.227816215895495,7.110726609537513,,,,,0.7697196431524023,0.7697196431524023,4.254625709799655,0.7697196431524023,"rgba(255, 26, 202, 1.0)",1.1307352166166744,1.509793226596174,-0.4420073057347843,33.087224485659,-15.977557582791277,False,True,False,True,True,0.0,0.0,0.0,0.0,0.0,0,0.8062097558663619,1.3605152151883306,False,False,False,False,-0.07288848961963637,-0.17574476196082228,False,False,False,False,165112635,162859939.04285035,False,False,False,False,1306607.6712352051,False,False,False,False
2024-05-31 00:00:00+00:00,0.969,1.15,0.84,1.02,564164,,,,,,,2.4023740076900046,3.2156060735976326,7.095209875405144,,,,,0.8012613865164847,0.8012613865164847,4.23772998556426,0.8012613865164847,"rgba(255, 26, 202, 1.0)",1.145186227260076,1.5055729112963592,-0.468546423737684,34.07199956003382,-19.008304356243475,False,True,False,True,True,0.0,0.0,0.0,0.0,0.0,0,0.7989446617906873,1.2308664077331875,False,False,False,False,0.08148180663369226,-0.04713147766356501,False,False,False,False,164548471,162985015.4841207,False,False,False,False,1251611.843736301,False,False,False,False
2024-06-07 00:00:00+00:00,1.17,1.25,0.9105,0.9497,921900,,,,,,,2.369538125210791,3.1970298376592674,7.070533086143758,,,,,0.8606361512357069,0.8606361512357069,4.2123670163379385,0.8606361512357069,"rgba(255, 26, 202, 1.0)",1.1575808379095414,1.5054715268720367,-0.2898039738441593,36.073625193599085,-17.081098458512308,False,True,False,True,True,0.0,0.0,0.0,0.0,0.0,0,0.8512483612456713,1.168021693351201,False,False,False,False,0.3428280727314303,0.14784829753393264,False,False,False,False,165470371,163169115.89270434,False,False,False,False,1227188.7442002788,False,False,False,False
2024-06-14 00:00:00+00:00,1.17,1.3,1.04,1.04,343473,,,,,,,2.3582882660431173,3.190388452959258,7.061482957007293,,,,,0.8813098118214977,0.8813098118214977,4.20338655866989,0.8813098118214977,"rgba(255, 26, 202, 1.0)",1.1720524651909658,1.5059837536794884,-0.2866627251406751,37.50335778900285,-15.737239417603426,False,True,False,True,True,0.0,0.0,0.0,0.0,0.0,0,0.8716312800304813,1.1743973446597844,False,False,False,False,0.34282810551334,0.2453382015236363,False,False,False,False,165470371,163339579.23398548,False,False,False,False,1161728.3187039618,False,False,False,False
2024-06-21 00:00:00+00:00,1.18,1.18,1.06,1.18,136570,,,,,,,2.3537621121866352,3.1877207839706885,7.057873914973377,,,,,0.8880055956326904,0.8880055956326904,4.199785603710233,0.8880055956326904,"rgba(255, 26, 202, 1.0)",1.1774663268603265,1.50570833887189,-0.2766179647280276,38.59315097146269,-14.722156908616277,False,True,False,True,True,0.0,0.0,0.0,0.0,0.0,0,0.8274247529486323,1.2687420961951403,False,False,False,False,0.2700340877827071,0.2576861446531717,False,False,False,False,165606941,163507531.95739394,False,False,False,False,1085790.6654666313,False,False,False,False
2024-06-28 00:00:00+00:00,1.15,1.2,1.11,1.14,105275,,,,,,,2.350334090055328,3.1856825029628526,7.0551011470783305,,,,,0.8931959167746265,0.8931959167746265,4.197039246698837,0.8931959167746265,"rgba(255, 26, 202, 1.0)",1.1862399626163196,1.50556031994271,-0.29973726324183303,39.21905163129627,-14.135883864868653,False,True,False,True,True,0.0,0.0,0.0,0.0,0.0,0,0.8432932699952873,1.169428309562291,False,False,False,False,0.32008911470380197,0.2888876296784868,False,False,False,False,165501666,163655245.59017956,False,False,False,False,1013159.875432066,False,False,False,False
2024-07-05 00:00:00+00:00,1.4,1.44,1.07,1.17,582078,,,,,,,2.334059632910874,3.175312299213291,7.040205529463038,,,,,0.933226724322091,0.933226724322091,4.1831924871957336,0.933226724322091,"rgba(255, 26, 202, 1.0)",1.1886536824809548,1.510438480336069,-0.09291056088394248,41.41600235743172,-12.036997908006953,False,False,False,True,True,0.0,0.0,0.0,0.0,0.0,0,0.828513067830983,1.1754434224811758,False,False,False,False,0.34282811646466893,0.31585787307157787,False,False,False,False,166083744,163835134.36127737,False,False,False,False,981227.8846593203,False,False,False,False
2024-07-12 00:00:00+00:00,1.33,1.5,1.24,1.39,469166,,,,,,1.356666666666667,2.3219657226026214,3.167272294285153,7.028366509457631,,,,,0.9641092949670588,0.9641092949670588,3.4685677982530176,0.9641092949670588,"rgba(255, 26, 202, 1.0)",1.1807413026240678,1.2735786071519142,0.04778472026234328,42.581915379970845,-10.955973463715686,False,False,False,True,True,0.0,0.0,0.0,0.0,0.0,0,0.8679367636216122,1.1356165073123354,False,False,False,False,0.34282813777642246,0.3293430054240002,False,False,False,False,165614578,163966945.00118273,False,False,False,False,943297.3746845559,False,False,False,False
2024-07-19 00:00:00+00:00,1.28,1.45,1.1383,1.3,242938,,,,,,1.3337296637382556,2.315392226427611,3.162983428449272,7.022183088337025,,,,,0.9759480937394364,0.9759480937394364,3.458572101738041,0.9759480937394364,"rgba(255, 26, 202, 1.0)",1.181479468290774,1.2703079898690763,0.008203282740871454,43.12206328016825,-10.455078206348738,True,False,False,True,True,0.0,0.0,0.0,0.0,0.0,0,0.8908004729160275,1.1066026582169157,False,False,False,False,0.24626467160443327,0.28780383851421676,False,False,False,False,165371640,164070996.4825766,False,False,False,False,891418.9024857,False,False,False,False
2024-07-26 00:00:00+00:00,1.23,1.33,1.12,1.28,91554,,,,,,1.321532876505512,2.312786359162492,3.1613182194730007,7.019830773975776,,,,,0.9793400035326408,0.9793400035326408,3.4538670572791954,0.9793400035326408,"rgba(255, 26, 202, 1.0)",1.181022768823335,1.267789986788,-0.03199767844073879,43.20861043799312,-10.347424065157647,True,False,False,True,True,0.0,0.0,0.0,0.0,0.0,0,0.926922962977593,1.1691963830158432,False,False,False,False,0.09688729287879429,0.19234556569650552,False,False,True,False,165280086,164160558.66905242,False,False,False,False,832169.6504497222,False,False,False,False
2024-08-02 00:00:00+00:00,1.37,1.49,1.15,1.19,357232,,,,,,1.326189884600034,2.303754589301935,3.1552159631204963,7.010844509536595,,,,,0.9972566009824744,0.9972566009824744,3.449001236639765,0.9972566009824744,"rgba(255, 26, 202, 1.0)",1.1819759391203006,1.273112072550887,0.0819711503782581,44.33720095716889,-9.208830266747817,True,False,False,True,True,0.0,0.0,0.0,0.0,0.0,0,0.9114722170307782,1.0754125558626704,False,False,False,False,0.24689727640358616,0.21962142105004584,False,False,False,False,165637318,164269948.24912262,False,False,False,False,796989.0837497428,False,False,False,False
2024-08-09 00:00:00+00:00,1.56,1.61,1.21,1.26,293510,,,,,,1.353193877291896,2.2973885494398716,3.1505706352135703,7.003642449182037,,,,,1.0155658318084608,1.0155658318084608,3.4511988777818434,1.0155658318084608,"rgba(255, 26, 202, 1.0)",1.1818678336238835,1.2849922956856519,0.23268905074699442,46.46528128662188,-7.134063831774512,True,False,False,False,True,0.0,0.0,0.0,0.0,0.0,0,0.8938656312522867,1.1021790506577367,False,False,False,False,0.34282802980361693,0.2812247254268314,False,False,False,False,165930828,164392976.37881723,False,False,False,False,759694.3368053174,False,False,False,False
2024-08-16 00:00:00+00:00,2.0,2.19,1.4142,1.58,709557,,,,,,1.5220195941663042,2.2896981199709967,3.1421305480299706,6.987584460859224,,,,,1.0899904154654707,1.0899904154654707,3.4853581807566236,1.0899904154654707,"rgba(255, 26, 202, 1.0)",1.182645607716914,1.3533523107381347,0.5467806120805813,50.44399605271876,-3.357513712434617,True,False,False,False,True,0.0,0.0,0.0,0.0,0.0,0,0.933321597183324,1.0287941105865408,False,False,False,False,0.34282814583051197,0.3120264356286717,False,False,False,False,166640385,164559451.09149742,False,False,False,False,755980.4600049235,False,False,False,False
2024-08-23 00:00:00+00:00,5.45,12.18,1.15,1.82,166816784,,,,,6.26,6.1993257136618505,5.498141445222819,5.035952149947082,6.679329584795205,,,,,6.019808920314763,6.019808920314763,5.934549778725391,6.019808920314763,"rgba(239, 83, 80, 0.5)",1.2316291315880903,6.043517339091731,-0.4818961519093304,60.07500226450846,5.6514131295550385,True,False,True,False,True,0.6923611837797097,0.0,0.0,0.0,0.0,0,0.9545966784887491,0.46630162758673194,False,False,False,False,0.34282824105817833,0.327427338343425,False,False,False,False,333457169,177070393.15879393,False,False,False,False,13056780.72222678,False,False,False,False
2024-08-30 00:00:00+00:00,6.08,6.6,4.9,5.55,9446551,,,,,6.238562640948556,6.1813606500004115,5.5139761651745625,5.063354009926945,6.660133074244487,,,,,6.011621735840561,6.011621735840561,5.931477308058993,6.011621735840561,#000000,1.2985908052046342,6.033591745932765,0.03573739616916675,67.4299131651955,12.196941403091245,True,False,True,False,True,3.012451030167032,0.0,0.0,0.0,0.0,0,1.151608220142199,0.7727087545548684,False,False,False,False,0.22407571908832113,0.27575152871587305,False,False,False,False,342903720,189354343.29517955,False,False,False,False,12789356.29835813,False,False,False,False
2024-09-06 00:00:00+00:00,5.62,7.46,5.2,5.93,4205501,,,,,6.235178333652392,6.17933363742403,5.525047071269456,5.078379149579417,6.654282058224731,,,,,6.013443817410418,6.013443817410418,5.934444050030005,6.013443817410418,#000000,1.3459455515846432,6.034727943314258,-0.308131293146279,70.82151770011959,14.865149174882191,True,False,True,False,True,1.2389180342714603,0.0,0.0,0.0,0.0,0,1.1577554054256345,0.7519670486957543,False,False,False,False,0.2978639350210859,0.28680773186847947,False,False,False,False,338698219,200416852.60664773,False,False,False,False,12153515.165146416,False,False,False,False
2024-09-13 00:00:00+00:00,5.47,6.18,5.34,5.44,1031738,,,,,6.2319276870900335,6.176434998700248,5.525692333561744,5.080465138773726,6.651778797745754,,,,,6.011538920247762,6.011538920247762,5.933259791174301,6.011538920247762,"rgba(239, 83, 80, 0.5)",1.3862138615641713,6.032653868684952,-0.40589254247542084,72.6585158640359,16.140904113142355,True,False,True,False,True,0.6665352672804552,0.0,0.0,0.0,0.0,0,1.1810472801451104,0.802597131184315,False,False,False,False,0.22386859874816736,0.25533816530832343,False,False,False,False,337666481,210583491.74689603,False,False,False,False,11329679.819580015,False,False,False,False
2024-09-20 00:00:00+00:00,3.88,5.838,3.25,5.48,1776035,,,,,6.213426065879835,6.158680752633164,5.5161062813012816,5.075841667187056,6.641694563473733,,,,,5.995867920841391,5.995867920841391,5.921149866095014,5.995867920841391,"rgba(255, 0, 0, 1.0)",1.3936549076167253,6.016661558637414,-1.5331353170429374,68.96217578014225,16.140904113142355,True,False,True,False,True,0.0,0.0,0.0,0.0,0.0,0,1.077540552788442,0.8210634103726344,False,False,False,False,0.07280113007425813,0.1640696476912908,False,False,False,False,335890446,219865488.3582371,False,False,False,False,10622002.42553705,False,False,False,False
2024-09-27 00:00:00+00:00,3.57,4.17,3.3301,3.88,697847,,,,,6.203854399864259,6.149425606595059,5.510406816243897,5.07252740820349,6.636681657811521,,,,,5.987491543955154,5.987491543955154,5.914579177743645,5.987491543955154,"rgba(255, 0, 0, 1.0)",1.3975706749515546,6.008154756340201,-1.7445663393192745,65.54970459453517,22.662884927299757,True,False,True,False,False,0.0,0.0,0.0,0.0,0.0,0,1.0958374733316858,0.8892413841800787,False,False,False,False,-0.02365643963112576,0.07020660403008251,False,False,False,False,335192599,228408237.29466397,False,False,False,False,9886879.801423196,False,False,False,False
2024-10-04 00:00:00+00:00,3.23,4.07,3.1,3.56,533560,,,,,6.195939004541137,6.141757541394997,5.505541293109454,5.069596374587096,6.6325706924832595,,,,,5.980509393356116,5.980509393356116,5.909080981223189,5.980509393356116,"rgba(255, 26, 202, 1.0)",1.3989529930951752,6.001072100220552,-1.9808185935465716,62.28958623813328,20.249377810466754,True,False,True,False,False,0.0,0.0,0.0,0.0,0.0,0,1.0889372101337487,0.8820700429504039,False,False,False,False,-0.05036059100333695,0.00992300651337278,False,False,False,False,334659039,236278667.05061477,False,False,False,False,9194041.29761407,False,False,False,False
2024-10-11 00:00:00+00:00,2.73,3.3287,2.659,3.22,1902279,,,,,6.162364828246209,6.109115206703476,5.483661782913612,5.055607485179725,6.615419626377392,,,,,5.950444490124305,5.950444490124305,5.885233785884083,5.950444490124305,"rgba(255, 26, 202, 1.0)",1.3503169538330133,5.97064044265128,-2.3999109493903554,58.820911978375136,17.17515518098547,True,False,True,False,False,0.0,0.0,0.0,0.0,0.0,0,1.0769041699819204,0.9149468636485957,False,False,False,False,-0.13183540160089605,-0.06095619754376164,False,False,False,False,332756760,243425192.45427296,False,False,False,False,8653910.757050065,False,False,False,False
2024-10-18 00:00:00+00:00,1.96,2.7199,1.8,2.71,2314359,,,,,6.113282813731904,6.061235202662946,5.449973607001919,5.0330086835408405,6.5906115233803995,,,,,5.905880491088318,5.905880491088318,5.849622366063601,5.905880491088318,"rgba(255, 26, 202, 1.0)",1.342934927534708,5.925621281025933,-2.952951181563071,54.78980085748232,13.535962428906423,True,False,True,False,False,0.0,0.0,0.0,0.0,0.0,0,1.0454810578175435,0.9256281027615758,False,False,False,False,-0.2745568972435672,-0.1677565473936644,False,False,False,False,330442401,249870911.6058083,False,False,False,False,8184314.330601912,False,False,False,False
2024-10-25 00:00:00+00:00,1.73,2.08,1.68,1.94,899846,,,,,6.092956880601927,6.041382808354484,5.435763706277853,5.023318757647725,6.580327508181244,,,,,5.887333716677644,5.887333716677644,5.834749932212647,5.887333716677644,"rgba(255, 26, 202, 1.0)",1.297751826435268,5.906898153735493,-3.2185646505378562,51.48203120521534,10.572490156067332,True,False,False,False,False,0.0,0.0,0.0,0.0,0.0,0,1.040447965241493,0.9509298275183999,False,False,False,False,-0.34282825441539394,-0.2552924009045292,False,False,False,False,329542555,255772514.82019287,False,False,False,False,7644724.08389066,False,False,False,False
2024-11-01 00:00:00+00:00,1.49,1.82,1.45,1.7,1025193,,,,,6.068724913004187,6.017697017408431,5.4186263426580386,5.011514435489021,6.568067552459974,,,,,5.865153052623525,5.865153052623525,5.81692605220393,5.865153052623525,"rgba(255, 26, 202, 1.0)",1.2844315878695036,5.884516409866556,-3.421370551276907,48.67316701930061,8.038799990337225,False,False,False,False,False,0.0,0.0,0.0,0.0,0.0,0,1.0283012225446273,0.9603441950438583,False,False,False,False,-0.34282825441539394,-0.2990603276599616,False,False,False,False,328517362,261161022.0186971,False,False,False,False,7154388.448046907,False,False,False,False
2024-11-08 00:00:00+00:00,1.64,1.67,1.2794,1.47,1198792,,,,,6.040362808011229,5.98996655339369,5.398485078114327,4.997586203132431,6.553644928232738,,,,1.5297999999999998,5.839164020388238,5.839164020388238,5.796009114176884,3.684482010194119,"rgba(255, 26, 202, 1.0)",1.2582494591274225,4.849823345448289,-2.5510230281952633,47.06073327012071,6.578888305847009,False,False,False,False,False,0.0,0.0,0.0,0.0,0.0,0,1.0212312124110787,0.9670115410129264,False,False,False,False,-0.34282825441539394,-0.32094429103767774,False,False,False,False,329716154,266239179.94323805,False,False,False,False,6713233.155598988,False,False,False,False
2024-11-15 00:00:00+00:00,2.8,3.3699,1.74,1.74,11224255,,,,2.636633333333333,5.852231562159123,5.806575046357653,5.270748120320934,4.912347987458387,6.451399322433439,,,,2.5298267708745956,5.668965381719781,5.668965381719781,5.154989228677144,4.099396076297189,"rgba(255, 26, 202, 1.0)",1.2423464376429711,4.206316678181176,-1.1319843125636486,48.5738957521485,6.578888305847009,False,False,False,False,False,0.0,0.0,0.0,0.0,0.0,0,1.0326557837214392,0.9159287270150183,False,False,False,False,-0.1651095997547063,-0.24302694539619202,False,True,False,False,340940409,271772604.31781304,False,False,False,False,7047382.921850915,False,False,False,False
2024-11-22 00:00:00+00:00,2.51,2.99,2.46,2.83,665339,,,,2.637567861568696,5.841785052802035,5.796385857708242,5.263591875516818,4.907523811947651,6.445531644175769,,,,2.5361051410846227,5.65949515027745,5.65949515027745,5.1487310172865355,4.0978001456810365,"rgba(255, 26, 202, 1.0)",1.2258138358385375,4.202960978290899,-1.3810914257896283,49.026278616048415,6.578888305847009,False,False,False,False,False,0.0,0.0,0.0,0.0,0.0,0,1.0526913976531853,0.9359361600270019,False,False,False,False,-0.06122094034879164,-0.15212394287249184,False,False,False,False,340275070,276846861.03501207,False,False,False,False,6574638.927639736,False,False,False,False
2024-11-29 00:00:00+00:00,2.61,2.705,2.3,2.57,481064,,,,2.633708878554937,5.834003354795524,5.788791574166683,5.258215092155685,4.903871281474852,6.441172068009382,,,,2.536184134933005,5.6524242711971855,5.6524242711971855,5.143293708192844,4.094304203065096,"rgba(255, 26, 202, 1.0)",1.2095918874509877,4.198171985612538,-1.3129816776130536,49.56706700064534,6.578888305847009,False,False,False,False,False,0.0,0.0,0.0,0.0,0.0,0,1.046340383314853,0.9476452192062507,False,False,False,False,-0.0318817316766712,-0.09200283727458153,False,False,False,False,340756134,281580881.2546408,False,False,False,False,6123263.00707383,False,False,False,False
2024-12-06 00:00:00+00:00,2.34,2.65,2.03,2.6,568129,,,,2.6208124199097385,5.824310151636117,5.779323843447192,5.251431409984982,4.89921172921458,6.435774986156396,,,,2.528300331320282,5.643585603826241,5.643585603826241,5.135144090058167,4.085942967573262,"rgba(255, 26, 202, 1.0)",1.1898424341698386,4.188186686578332,-1.5533037261928089,49.33733208372739,6.578888305847009,False,False,False,False,False,0.0,0.0,0.0,0.0,0.0,0,1.0343209591099807,0.9534147552243069,False,False,False,False,-0.05944585554924635,-0.07572434641191395,False,False,False,False,340188005,285922149.680223,False,False,False,False,5711771.599142435,False,False,False,False
2024-12-13 00:00:00+00:00,2.07,2.7,1.9784,2.34,531589,,,,2.606157794261521,5.815054560288709,5.770280042785358,5.244916038182489,4.894713483270445,6.4306265324239735,,,,2.5181958108076294,5.63513254374415,5.63513254374415,5.126958075202082,4.076664177275889,"rgba(255, 26, 202, 1.0)",1.175193166927313,4.177422052035804,-1.7932558760071062,48.56859970648835,6.578888305847009,False,False,False,False,False,0.0,0.0,0.0,0.0,0.0,0,1.0277281217988632,0.9541346134533111,False,False,False,False,0.04561662091090154,-0.015053862750506204,False,False,False,False,339656416,289902465.7039102,False,False,False,False,5328054.369576328,False,False,False,False
2024-12-20 00:00:00+00:00,1.85,2.125,1.8,2.07,437045,,,,2.58475220021263,5.8067917165708645,5.762197311332716,5.239002646611147,4.890574457710062,6.426075477576437,,,,2.5010337819699306,5.627551340170814,5.627551340170814,5.118232301668976,4.064292561070372,"rgba(255, 26, 202, 1.0)",1.1631567903993454,4.163693752521535,-1.9891503635783934,47.532989138564304,5.933323393394353,False,False,False,False,False,0.0,0.0,0.0,0.0,0.0,0,1.0209427739284243,0.969574960435147,False,False,False,False,-0.07263086601032208,-0.04384236438041414,True,False,False,False,339219371,293555569.7999168,False,False,False,False,4965757.379237341,False,False,False,False
2024-12-27 00:00:00+00:00,2.03,2.25,1.772,1.85,203022,,,,2.5765881395101013,5.80305629501205,5.758544230247754,5.236339173922176,4.888715405923533,6.424007790597531,,,,2.494619233334215,5.624127708280744,5.624127708280744,5.114541839202191,4.059373470807479,"rgba(255, 26, 202, 1.0)",1.1579771113469635,4.15820197452603,-1.8378618658968977,47.28103570949769,5.322054987528922,False,False,False,False,False,0.0,0.0,0.0,0.0,0.0,0,1.0181157517429724,0.9665158935441094,False,False,False,False,-0.0469360024157318,-0.04538918339807297,False,False,False,False,339422393,296953112.2591822,False,False,False,False,4612962.165960501,False,False,False,False
2025-01-03 00:00:00+00:00,2.02,2.06,1.64,1.94,317387,,,,2.5618510399946954,5.797061116094046,5.752679068719504,5.232041297743739,4.885702114624513,6.420698150950785,,,,2.4826775288969465,5.618624667625338,5.618624667625338,5.108338798021214,4.050651098261142,"rgba(255, 26, 202, 1.0)",1.1545909315564047,4.1485671884262985,-1.8435682545652425,47.07651278595503,4.727975456036681,False,False,False,False,False,0.0,0.0,0.0,0.0,0.0,0,1.0150711776426176,0.9806620962667786,False,False,False,False,-0.13266197070040495,-0.08902557704923895,False,False,False,False,339105006,300075474.758502,False,False,False,False,4294771.41292639,False,False,False,False
2025-01-10 00:00:00+00:00,1.93,2.36,1.91,2.09,208940,,,,2.5547822794031743,5.7932863738430145,5.748987919235149,5.22935384353605,4.8838281103716765,6.418599151000341,,,,2.477188534597004,5.6151665994361695,5.6151665994361695,5.104806279564901,4.046177567016587,"rgba(255, 26, 202, 1.0)",1.1516210469633068,4.143561276769585,-1.922126451758149,46.69819504641496,3.9525385856962743,False,False,False,False,False,0.0,0.0,0.0,0.0,0.0,0,1.0182346964032152,0.9729654911871606,False,False,False,False,0.01855684874770719,-0.03523436415076588,False,False,False,False,338896066,302951074.1097241,False,False,False,False,3992117.2341911015,False,False,False,False
2025-01-17 00:00:00+00:00,1.9674,2.17,1.725,1.94,188694,,,,2.5471374021683237,5.78978121440066,5.745559105448669,5.226844499925627,4.882070315225674,6.416656307455586,,,,2.47102928588385,5.611950538789873,5.611950538789873,5.10134147410409,4.0414899123368615,"rgba(255, 26, 202, 1.0)",1.152007208865957,4.138376751975376,-1.8845166378016847,46.547495456948866,3.392686927708837,False,False,False,False,False,0.0,0.0,0.0,0.0,0.0,0,1.015454707589539,0.9776221281839259,False,False,False,False,-0.2623124296902607,-0.14877339692051328,False,False,False,False,339084760,305627643.4349297,False,False,False,False,3710382.1798065756,False,False,False,False
2025-01-24 00:00:00+00:00,1.65,2.0,1.59,1.97,542438,,,,2.518883334383141,5.779197403917352,5.735199244655298,5.219196329290815,4.876671693051815,6.410821409136639,,,,2.4473117107030125,5.6022141339389995,5.6022141339389995,5.089994902405843,4.024762922321006,"rgba(255, 26, 202, 1.0)",1.153877894261225,4.1201479234147005,-2.1407359788240186,45.57544438020195,2.0535817250292325,False,False,False,True,False,0.0,0.0,0.0,0.0,0.0,0,1.01159527683361,0.9793772250592008,False,False,False,False,-0.34282825441539394,-0.2458008256679536,False,False,False,False,338542322,308065767.7730831,False,False,False,False,3475719.6479690517,False,False,False,False
2025-01-31 00:00:00+00:00,1.4199,1.71,1.2998,1.71,289408,,,,2.499617267468039,5.773196531718066,5.729321037019842,5.214813197822059,4.873551054627431,6.407534331545553,,,,2.4306446674148035,5.59667698124812,5.59667698124812,5.083005570033499,4.0136608243314615,"rgba(255, 26, 202, 1.0)",1.1575200144779227,4.108194875905188,-2.322460814742535,44.28408892643782,0.4506005614626929,False,False,False,True,False,0.0,0.0,0.0,0.0,0.0,0,1.0012761703317723,0.9938891692677612,False,False,False,False,-0.34282825441539394,-0.2943145400416738,False,False,False,False,338252914,310301852.6787806,False,False,False,False,3239696.5629343074,False,False,False,False
2025-02-07 00:00:00+00:00,1.14,1.39,1.071,1.31,286170,,,,2.47629638122292,5.766898808601189,5.723148025090396,5.210169672045875,4.870220493553399,6.404106493325897,,,,2.4101060716864136,5.590850268441243,5.590850268441243,5.075139978973279,4.000478170063828,"rgba(255, 26, 202, 1.0)",1.1627969356885577,4.094112321650229,-2.5405229674955523,42.6652186275087,-1.4146779463584735,False,True,False,True,False,0.0,0.0,0.0,0.0,0.0,0,0.9910166915666376,1.0070836123847304,False,False,False,False,-0.34282825441539394,-0.3185713972285339,False,False,False,False,337966744,312351103.8877598,False,False,False,False,3020916.8175317664,False,False,False,False
2025-02-14 00:00:00+00:00,1.065,1.08,1.03,1.05,275629,,,,2.4521993894013128,5.760661329864435,5.717032110506889,5.205549309703485,4.866894415304099,6.40071920602301,,,1.0583333333333333,2.3887149885645425,5.5850717276552775,5.5850717276552775,5.067175960133872,3.0107066831843845,"rgba(255, 26, 202, 1.0)",1.1527565520270504,2.9149772602909056,-1.6048291003315802,41.323954797907824,-2.9637493112443565,False,True,False,True,False,0.0,0.0,0.0,0.0,0.0,0,0.9807777097769793,1.0345487927664698,True,False,False,False,-0.34282825441539394,-0.3306998258219639,False,False,False,False,337691115,314228141.74792576,True,False,False,False,2817562.164381265,True,False,False,False
2025-02-21 00:00:00+00:00,1.12,1.25,1.0401,1.22,194028,,,,2.436648205278085,5.756353392759677,5.712808704384112,5.202364328843335,4.864604619707347,6.39837225083134,,,1.090708721329254,2.3749217258162543,5.581083042773891,5.581083042773891,5.061858583633982,3.015571163306466,"rgba(255, 26, 202, 1.0)",1.1507686743020105,2.914658011295818,-1.559529774638985,40.596260816631485,-3.90000479541672,False,True,False,True,False,0.0,0.0,0.0,0.0,0.0,0,0.9841659130274836,1.555393757312855,False,False,False,False,-0.2822318518138391,-0.30646583881790146,False,False,False,False,337885143,315980512.21104234,False,False,False,False,2623226.300353023,False,False,False,False
2025-02-28 00:00:00+00:00,1.92,2.7,1.2699,1.32,13585494,,,,2.2222827829787746,5.524074041834888,5.485414016594021,5.034061161995439,4.745042606626208,6.264111590666888,,,1.9341421060601434,2.1956734434710627,5.367366695117757,5.367366695117757,4.879164366782703,3.1657274148829875,"rgba(255, 26, 202, 1.0)",1.1459107022061024,2.969043093586217,-0.9154667039644572,43.02288984272163,-3.90000479541672,False,True,False,True,False,0.0,0.0,0.0,0.0,0.0,1,0.7953906342376243,1.1917518777279106,False,False,False,False,0.2429738756505379,-0.031745981583681776,False,False,False,False,351470637,318609410.3435577,False,False,False,False,3435246.129956503,False,False,False,False
2025-03-07 00:00:00+00:00,1.89,2.17,1.6,1.78,493963,,,,2.2168459892556207,5.515993013050908,5.47749594014957,5.028126128709105,4.740766111564688,6.259298655724027,,,1.932530247738797,2.1908570585237266,5.359906520634946,5.359906520634946,4.87308763974232,3.1610979422991563,"rgba(255, 26, 202, 1.0)",1.141973809101472,2.964056577142263,-0.9405264539187222,44.6619135243014,-3.90000479541672,False,False,False,True,True,0.0,0.0,0.0,0.0,0.0,1,0.7776170073810502,1.2882550656750198,False,False,False,False,0.17911332351233988,0.07368367096432905,False,False,False,False,350976674,321006985.4292201,False,False,False,False,3217373.3055152805,False,False,False,False
2025-03-14 00:00:00+00:00,2.02,2.14,1.76,1.83,274324,,,,2.2146747816675476,5.5116274724778735,5.473219409141776,5.0249304099396,4.738468617508951,6.256683230919307,,,1.933285353649628,2.1889903088601295,5.355880318161615,5.355880318161615,4.869933986942509,3.1593853268904577,"rgba(255, 26, 202, 1.0)",1.1406518552599472,2.9621444791637943,-0.8259702334408474,46.27573857567711,-8.977146206791843,False,False,False,False,True,0.0,0.0,0.0,0.0,0.0,1,0.7728604703584039,1.2236716623221993,False,False,False,False,0.22044734520566706,0.14706550808499805,False,False,False,False,351250998,323247282.65668523,False,False,False,False,2999369.6532548894,False,False,False,False
2025-03-21 00:00:00+00:00,2.64,2.85,1.92,1.98,410519,,,,2.2180366953907513,5.5060288144511444,5.467744568824368,5.020936888985714,4.735653864224126,6.253228409485706,,,1.9477485400630534,2.1925534112028098,5.350755116654006,5.350755116654006,4.866938206893636,3.163685689306623,"rgba(255, 26, 202, 1.0)",1.1418108136583918,2.9660918652769395,-0.28559185232458295,49.33002235632787,-5.9643364211892305,False,False,False,False,True,0.0,0.0,0.0,0.0,0.0,1,0.8926149184655802,1.1801300203915952,False,False,False,False,0.3428281987268567,0.24494685340592737,False,False,False,False,351661517,325352040.75619006,False,False,False,False,2807602.9381989716,False,False,False,False
2025-03-28 00:00:00+00:00,2.51,2.96,2.3,2.52,328173,,,2.59,2.221911189919298,5.5017443086124445,5.463556886020222,5.017903152631369,4.733527653840626,6.250558579693545,,,1.9612922894316738,2.1965415972392135,5.346841178481402,5.346841178481402,4.539885967245358,3.1682250217174293,"rgba(255, 26, 202, 1.0)",1.1408628432726748,2.2424362691475466,0.2345275178608858,51.03621433241294,-4.3004809903563554,False,False,False,False,True,0.0,0.0,0.0,0.0,0.0,1,0.9107593217708454,1.0672473777467375,False,False,False,False,0.34282820738951736,0.29388753039772236,False,False,False,False,351333344,327276581.737213,False,False,False,False,2623941.461295344,False,False,False,False
2025-04-04 00:00:00+00:00,2.19,2.58,1.9301,2.38,245808,,,2.4372713793662157,2.2219998740791147,5.498151313442802,5.46003990771626,5.015302726857252,4.7316733304183005,6.248366792900765,,,1.9655229524390425,2.1968163116239117,5.3435385202952785,5.3435385202952785,4.516115046397244,3.168625928119411,"rgba(255, 26, 202, 1.0)",1.1361660428343832,2.2054026293770708,-0.013556671117054352,51.124716827894254,-4.165846528137109,False,False,False,False,True,0.0,0.0,0.0,0.0,0.0,1,0.8996414350522001,1.0871583562801694,False,False,False,False,0.17463188081970205,0.2342597056087122,False,False,True,False,351087536,329040356.1270491,False,False,False,False,2447783.4271253184,False,False,False,False
2025-04-11 00:00:00+00:00,2.66,2.75,1.9598,2.06,227768,,,2.4427624261458383,2.2236707859491274,5.49505621775394,5.45701285973685,5.0130904859181795,4.730110862033716,6.246450797185377,,,1.9724981138051128,2.198599735892083,5.340703697738921,5.340703697738921,4.515450633531861,3.170600515812039,"rgba(255, 26, 202, 1.0)",1.1334598728567447,2.2093827654480407,0.3975590537812642,52.59438259471599,-2.6585682684667233,True,False,False,False,True,0.0,0.0,0.0,0.0,0.0,0,0.9312705546310976,1.026768517183999,False,False,False,False,0.21811423097246851,0.22618696829059037,False,False,False,False,351315304,330690352.2657862,False,False,False,False,2283337.8399308505,False,False,False,False
2025-04-18 00:00:00+00:00,2.49,2.84,2.0,2.615,152710,,,2.442853769238211,2.2247147538373295,5.492975550690159,5.454977792201898,5.011601715375717,4.729058380232274,6.245162783984496,,,1.9769396383109172,2.199721022907378,5.338797441407933,5.338797441407933,4.514477820794298,3.171819367542076,"rgba(255, 26, 202, 1.0)",1.129449257380804,2.211057296073459,0.24697232045059753,53.03757176194525,-2.128741586745832,True,False,False,False,True,0.0,0.0,0.0,0.0,0.0,0,0.9907869937130128,0.9815410367597633,False,False,False,False,0.24689739984886497,0.23654218406972766,False,False,False,False,351162594,332206814.61646867,False,False,False,False,2125513.555491528,False,False,False,False
2025-04-25 00:00:00+00:00,2.36,2.52,1.9834,2.52,209126,,,2.4149866391654524,2.2251226805005317,5.489985733944572,5.452051664139763,5.009442443609534,4.7275206812021695,6.243328250601716,,,1.980904194949869,2.200270209142086,5.3360510112110955,5.3360510112110955,4.50891972759482,3.1724084717676835,"rgba(255, 26, 202, 1.0)",1.1211466966675232,2.205320930939485,0.13796505802521672,52.89024540762081,-2.128741586745832,True,False,False,False,True,0.0,0.0,0.0,0.0,0.0,0,0.997622593202184,0.9608119758601772,False,False,False,False,0.16329714708541773,0.19991966557757268,False,False,False,False,350953468,333595455.6078414,False,False,False,False,1983558.921751415,False,False,False,False
2025-05-02 00:00:00+00:00,2.62,2.85,2.26,2.31,196804,,,2.438376475552213,2.227248983058467,5.487430529738212,5.449553819956931,5.007628866968374,4.726246482790716,6.241729329447207,,,1.9879697603830444,2.2024659339307022,5.3337154187853955,5.3337154187853955,4.511173498216016,3.1747170376997143,"rgba(255, 26, 202, 1.0)",1.1133387565336306,2.214015288231107,0.3646551504529697,53.6040285206713,-1.277348675509721,True,False,False,False,True,0.0,0.0,0.0,0.0,0.0,0,1.030275323872563,0.9233780616581246,False,False,False,False,0.26992706424756024,0.23492336491256646,False,True,False,False,351150272,334895812.37763095,False,False,False,False,1851206.7053253842,False,False,False,False
2025-05-09 00:00:00+00:00,2.2,2.6782,2.2,2.62,60196,,,2.4350299190826314,2.2274930151232284,5.4865915996595715,5.448732962455195,5.007025162982963,4.72581768628282,6.2412115743500625,,,1.989312253902469,2.2027454514923606,5.332945591719263,5.332945591719263,4.510271702848067,3.175001099038031,"rgba(255, 26, 202, 1.0)",1.1076286874771586,2.2136451599001723,-0.012319254687463583,52.61662713224605,-1.277348675509721,True,False,False,False,True,0.0,0.0,0.0,0.0,0.0,0,1.0371869077498335,0.9252036060031757,False,False,False,False,0.16229043030264576,0.1986068976076061,False,False,False,False,351090076,336095387.4607694,False,False,False,False,1718539.245671652,False,False,False,False
2025-05-16 00:00:00+00:00,2.17,3.95,1.8,3.375,14178165,,2.64,2.621333284885007,2.352526551850696,5.317458018251915,5.28334857720406,4.886407881890569,4.640456082875574,6.131538201205946,,2.64,2.2885256258470377,2.3319683769623607,5.1782113845012505,5.1782113845012505,4.234133574770471,3.109676346827662,"rgba(255, 26, 202, 1.0)",1.106594255967557,2.5474647276830114,-0.3411049042116823,51.808342036275135,-1.277348675509721,False,False,False,False,True,0.0,0.0,0.0,0.0,0.0,1,0.9887894753249993,0.9513607881036258,False,False,False,False,0.3428281743443112,0.27071753597595866,True,False,False,False,336911911,336155870.6858976,False,False,False,False,2641474.486733011,False,False,False,False
2025-05-23 00:00:00+00:00,2.28,2.5899,1.9701,2.16,761731,,2.6216449083715174,2.6054410782665864,2.3513644117067423,5.307792782863833,5.273877493347832,4.87929176138021,4.63527751219491,6.125246640820818,,2.6216449083715174,2.2883200759492333,2.3311561365843807,5.16929206330143,5.16929206330143,4.224992073619056,3.1026032960516403,"rgba(255, 26, 202, 1.0)",1.1015826870232666,2.5342627427397137,-0.23081584862847762,51.625022787490046,-1.277348675509721,False,False,False,False,True,0.0,0.0,0.0,0.0,0.0,1,0.9547565459471861,1.0124067632670526,False,False,False,False,-0.3095566336792584,-0.01941954885164987,False,False,False,False,337673642,336268298.19064593,False,False,False,False,2502234.2284564916,False,False,False,False
2025-05-30 00:00:00+00:00,2.68,2.7377,2.29,2.4,317430,,2.620554480975238,2.6047519377336887,2.3528095611974935,5.304166220388028,5.270327888021247,4.87666647685195,4.633390376809333,6.122827627042269,,2.620554480975238,2.291114343439041,2.332696737328049,5.165961830235921,5.165961830235921,4.223186821127406,3.1025818479945624,"rgba(255, 26, 202, 1.0)",1.101346526768517,2.5342438107808016,0.13234362271687977,52.842768055607706,-1.277348675509721,False,False,False,False,True,0.0,0.0,0.0,0.0,0.0,1,0.9839441320066745,0.9850009270131636,False,False,False,False,-0.05246269084268695,-0.03594111984716841,False,False,False,False,337991072,336395911.0654129,False,False,False,False,2340396.8782004556,False,False,False,False
2025-06-06 00:00:00+00:00,2.73,2.9,2.5,2.74,313020,,2.6223526578664345,2.606690898491672,2.3551307473990684,5.300783016666473,5.267018650449911,4.874241077996147,4.631659508560035,6.120539805183037,,2.6223526578664345,2.295183235415228,2.335089086154305,5.162863775987161,5.162863775987161,4.222302045326597,3.1038721888557825,"rgba(255, 0, 0, 1.0)",1.1025155173870025,2.5366448624099425,0.17537634123129212,53.87366837242898,-0.3400281988939611,True,False,False,False,True,0.0,0.0,0.0,0.0,0.0,1,1.0137961280621515,0.9711797506421904,False,False,False,False,0.14571860331096864,0.054888741731900115,False,False,False,False,338304092,336537257.8013082,False,False,False,False,2190220.81314857,False,False,False,False
2025-06-13 00:00:00+00:00,2.4,2.74,2.37,2.63,832581,,2.6163114660572475,2.60186280709436,2.3576488753071567,5.29111264536388,5.257550069827495,4.86720275818709,4.626577318718655,6.114101643450726,,2.6163114660572475,2.3004256759866686,2.33787947831112,5.153970289228115,5.153970289228115,4.216545948000826,3.1021467273957875,"rgba(255, 26, 202, 1.0)",1.101409458285088,2.5337278537988808,-0.1214152037581893,53.27317182642045,-0.3400281988939611,True,False,False,False,True,0.0,0.0,0.0,0.0,0.0,1,1.0090842697349034,0.9839840096352197,False,False,False,False,-0.008841931224313973,0.02302340525379307,False,False,True,False,337471511,336606461.74195206,False,False,False,False,2089654.9010634907,False,False,False,False
2025-06-20 00:00:00+00:00,2.96,3.2,2.32,2.32,639593,,2.6242059390473558,2.60965039076219,2.3636919297167767,5.284585465158492,5.251168961814971,4.862559887971787,4.623281639614131,6.109612850714644,,2.6242059390473558,2.310414085479223,2.3440287497426047,5.148007037708896,5.148007037708896,4.2160946331000435,3.10666395299452,"rgba(255, 0, 0, 1.0)",1.1059131457628226,2.5421190885840312,0.3778605155540747,54.6488723062765,0.6300030803171381,True,False,True,False,True,0.0,0.0,0.0,0.0,0.0,1,1.0167157457128009,0.9205043181312019,False,False,False,False,0.21131904289197778,0.11717122407288542,False,False,False,False,338111104,336717916.7240297,False,False,False,False,1982242.908392121,False,False,False,False
2025-06-27 00:00:00+00:00,3.51,3.57,2.93,3.16,1341383,,2.676190694852267,2.6588921218900827,2.3892918216701315,5.27382525945906,5.24068675822956,4.855313058833822,4.618359803753928,6.101694749953646,,2.676190694852267,2.3497022949334654,2.36954598491048,5.138325336092827,5.138325336092827,4.2267817835803125,3.1334410776972597,"rgba(239, 83, 80, 1.0)",1.1185003092654369,2.5902439516320204,0.8223118409077771,57.08192683362249,3.0526123502109,True,False,True,False,True,0.0,0.0,0.0,0.0,0.0,1,1.0556276950215602,0.9062867502940024,False,False,False,False,0.3428281802235156,0.2299997021482005,False,False,False,False,339452487,336920477.48521274,False,False,False,False,1934771.8040667786,False,False,False,False
2025-07-04 00:00:00+00:00,3.51,3.851,3.2,3.44,414755,,2.69481502324971,2.6765627661200444,2.398418970002862,5.270835397178261,5.237779265716943,4.85335556634917,4.617062574362158,6.099417640249494,,2.69481502324971,2.363397111658938,2.378620811859369,5.135655714724265,5.135655714724265,4.231030900403581,3.1431221653730708,"rgba(239, 83, 80, 1.0)",1.1304871034275745,2.607397481069601,0.7984191205664868,58.8198229245839,4.750428137264308,True,False,True,False,True,0.0,0.0,0.0,0.0,0.0,1,1.0791307814028774,0.8791476922705257,False,False,False,False,0.3428281949487105,0.2864139485484555,False,False,False,False,339452487,337108033.7455674,False,False,False,False,1822177.9667284987,False,False,False,False
2025-07-11 00:00:00+00:00,3.84,4.0,3.38,3.49,294555,,2.710939311017656,2.691832525256091,2.4060637747805154,5.26898389131131,5.235983694820326,4.8521973703348005,4.616327307346027,6.0979404285541285,,2.710939311017656,2.3747400691055054,2.386202601272385,5.1340222198941055,5.1340222198941055,4.235033537927606,3.1514760503224126,"rgba(239, 83, 80, 0.5)",1.1481327404768171,2.6221128040992268,1.0607546958333294,60.87157547743607,6.722873283254671,True,False,True,False,True,1.0690010058449602,0.0,0.0,0.0,0.0,1,1.072946184105121,0.8894030154118393,False,False,False,False,0.3428282018864897,0.3146210752174726,False,False,False,False,339747042,337303515.83848834,False,False,False,False,1709020.7099337953,False,False,False,False
2025-07-18 00:00:00+00:00,3.38,4.37,3.11,3.84,1059331,3.62,2.7587246511077383,2.7374094361987704,2.4304419070530296,5.261842327403252,5.229046424776115,4.8476046290566055,4.613332461895707,6.092373479152746,,2.7587246511077383,2.41057943025065,2.410429021764572,5.12767603413939,5.12767603413939,4.176752812960441,3.1768522843155877,"rgba(239, 83, 80, 1.0)",1.157195421615926,2.9687146846035617,0.3554156089056357,60.39213768934415,6.722873283254671,True,False,True,False,True,0.0,0.0,0.0,0.0,0.0,1,1.0647117840204303,0.8626185698650127,False,False,False,False,0.34282820368542455,0.3287246394514486,False,False,False,False,338687711,337406048.8134151,False,False,False,False,1660895.5462349956,False,False,False,False
2025-07-25 00:00:00+00:00,3.32,3.69,3.0528,3.43,207897,3.576404717383139,2.764805629334519,2.743297256526545,2.4340685303568326,5.260222360076425,5.227468258767566,4.846513066112487,4.612590158875815,6.091166771964749,,2.764805629334519,2.4158797094751243,2.414052193117371,5.126218398563888,5.126218398563888,4.172948527710897,3.1802389826227255,"rgba(239, 83, 80, 1.0)",1.1649399281685273,2.9623283081446807,0.30703015941571893,59.80936786116605,6.722873283254671,True,False,True,False,True,0.0,0.0,0.0,0.0,0.0,1,1.0682626508193769,0.8930758148748424,False,False,False,False,0.16484980282300268,0.24678722113722562,False,False,False,False,338479814,337485586.97538435,False,False,False,False,1553266.0242916625,False,False,False,False
2025-08-01 00:00:00+00:00,3.31,3.55,2.96,3.37,116690,3.550850168772042,2.767703501003144,2.746121747893708,2.435913721643598,5.259275738172456,5.2265453957462595,4.845867892948399,4.612147123509479,6.090469913091768,,2.767703501003144,2.4185743433357647,2.41589966369007,5.125363974352642,5.125363974352642,4.170543911420094,3.1818853705954053,"rgba(239, 83, 80, 1.0)",1.1723195480447215,2.9580947296680096,0.30017862528943007,59.35090727304204,6.722873283254671,True,False,True,False,True,0.0,0.0,0.0,0.0,0.0,1,1.0785764426666071,0.8857900542636523,False,False,False,False,0.06904844768441659,0.1579178344108211,False,False,False,False,338363124,337550589.7179485,False,False,False,False,1446852.985455243,False,False,False,False
2025-08-08 00:00:00+00:00,3.32,3.58,3.0932,3.27,117721,3.5336202395737812,2.77092370745207,2.749249566831977,2.4378947821112287,5.258349401895865,5.225642754755052,4.84524143163208,4.611719731573414,6.089781646560141,,2.77092370745207,2.4214581354531566,2.4178803784333436,5.124529644497869,5.124529644497869,4.1691581402650675,3.1836979664591096,"rgba(239, 83, 80, 1.0)",1.179735360700161,2.956179305327475,0.308391785812541,59.05573007609159,6.722873283254671,True,False,True,False,True,0.0,0.0,0.0,0.0,0.0,1,1.0996445019433527,0.868963305744915,False,False,False,False,0.10571352505062655,0.13181567973072383,False,False,False,False,338480845,337619497.51661897,False,False,False,False,1348398.7643104102,False,False,False,False
2025-08-15 00:00:00+00:00,3.09,3.5617,2.82,3.29,177132,3.4939065648223218,2.774217942449151,2.752505926225426,2.4402822256549874,5.256831674215792,5.224161722043972,4.844191681219448,4.610989963751388,6.088681458879212,3.1572333333333336,2.774217942449151,2.4249404071540064,2.4202803409102036,5.123154170172772,5.123154170172772,4.165085462140189,3.179965238803893,"rgba(255, 0, 0, 1.0)",1.1836983484085284,3.0498939457634897,0.033881988844904926,57.80382810178333,6.722873283254671,True,False,True,False,False,0.0,0.0,0.0,0.0,0.0,1,1.0870826433035952,0.8610075324536567,False,False,False,False,0.024148967155862837,0.07798232344329334,False,False,False,False,338303713,337670180.14501756,False,False,False,False,1261638.26325038,False,False,False,False
2025-08-22 00:00:00+00:00,3.71,3.73,2.9,3.08,110261,3.4909950917963832,2.7777685601524174,2.7559377264678973,2.442357102260416,5.256018110366181,5.223369826464126,4.84365089211759,4.6106264357104845,6.088064607787605,3.2682771262116104,2.7777685601524174,2.4279416378960015,2.422350061654012,5.122424848768048,5.122424848768048,4.165420928124789,3.203752446936418,"rgba(239, 83, 80, 0.5)",1.1925139172050703,3.0787023345782067,0.5293838975912197,58.88931208418067,6.722873283254671,True,False,True,False,False,0.6334807896020358,0.0,0.0,0.0,0.0,1,1.0879048145984043,0.8655521715074641,False,False,False,False,0.04380346645300907,0.0608928949481512,False,False,False,False,338413974,337725275.9861274,False,False,False,False,1176351.0585651668,False,False,False,False
2025-08-29 00:00:00+00:00,4.075,4.3,3.5722,3.61,209357,3.542476088422558,2.789725832262529,2.767343480258049,2.4483623363619262,5.2549321654274594,5.222320962705522,4.8430185609210765,4.6102542251343,6.087131552530894,3.5692466732427444,2.789725832262529,2.4365633593442904,2.4283004497093406,5.121483956426202,5.121483956426202,4.173951689336034,3.2690640541970213,"rgba(239, 83, 80, 0.5)",1.207592964144834,3.1727936065475904,0.7471113365514795,60.62945387810799,6.730499804161113,True,False,True,False,True,2.2822220754793676,0.0,0.0,0.0,0.0,1,1.1239959106177886,0.9129113047617503,False,False,False,False,0.34282815503163133,0.20186052498989127,False,False,False,False,338623331,337791798.57974756,False,False,False,False,1104721.869041821,False,False,False,False
2025-09-05 00:00:00+00:00,3.984,4.19,3.78,4.19,80744,3.5596487445488094,2.794282923041847,2.7716940243890154,2.4506693199564245,5.254514582183424,5.221917653216541,4.84277557556076,4.610111308048655,6.08677230360603,3.627329825533541,2.794282923041847,2.4398678884783402,2.4305865904075428,5.121122212837792,5.121122212837792,4.176931826061279,3.2826378880598126,"rgba(239, 83, 80, 0.5)",1.2147592633146962,3.193886104041511,0.6504283768970953,61.446280197304965,7.5664849267335725,True,False,True,False,True,1.8487766048689451,0.0,0.0,0.0,0.0,1,1.1184051858197515,0.8892338584266842,False,False,False,False,0.34282816115121223,0.2723443430705518,False,False,False,False,338542587,337847412.5368033,False,False,False,False,1028871.6565202046,False,False,False,False
2025-09-12 00:00:00+00:00,8.07,8.24,4.0,4.09,1829227,5.062187199541496,3.110456474369529,3.0711683478639906,2.592775324539085,5.265717606447651,5.233262434746286,4.855056415337659,4.621232282983789,6.089406884998174,6.015914599268743,3.110456474369529,2.6396049169785463,2.5703400691989136,5.132923691853652,5.132923691853652,4.433473663425296,3.893847950333877,"rgba(0, 255, 0, 1.0)",1.3743391267720033,4.324753686887324,2.72512529124407,67.50400993603768,13.368222830316363,True,False,True,False,True,16.803616275832827,0.0,0.0,0.0,0.0,0,1.0997167036738444,0.7240900963387665,False,False,False,False,0.34282822912964267,0.3075862861000972,False,False,False,False,340371814,338034405.23778087,False,False,False,False,1088157.237518708,False,False,False,False
2025-09-19 00:00:00+00:00,7.31,9.915,6.5,8.4,2226516,6.095132267253651,3.5338951895458015,3.4753169833565956,2.7974436785203602,5.289283585093562,5.2569128571533685,4.878556242549622,4.6417047165642495,6.097904281512024,6.92532212366142,3.5338951895458015,2.919694964775892,2.771697916588981,5.156893590322651,5.156893590322651,4.674016644616581,4.26150075697895,"rgba(0, 255, 255, 0.75)",1.4717065949225736,5.022061192501669,1.554616127556797,69.59526924856122,15.21374432392652,True,False,True,False,True,13.374544996965366,0.0,0.0,0.0,0.0,0,1.1844628340199044,0.7127742740370788,False,False,False,False,0.342828239651406,0.32520726287575163,False,False,False,False,338145298,338042619.51646376,False,False,False,False,1172480.1088136185,False,False,False,False
2025-09-26 00:00:00+00:00,6.0,7.71,5.97,7.31,243695,6.112892662510147,3.562846699647475,3.5032699624244095,2.813233573922507,5.290522659014449,5.258172588149087,4.879971501537096,4.643011479254137,6.098140438870896,6.90706737355917,3.562846699647475,2.9407536285568003,2.7872742977987546,5.158218664446877,5.158218664446877,4.684673507258911,4.271232132801815,"rgba(38, 166, 154, 0.5)",1.5106613728233071,5.0364133588410676,0.637857469909398,67.90736795937482,15.21374432392652,True,False,True,False,True,7.926488211943052,0.0,0.0,0.0,0.0,0,1.1414162582127376,0.8146531149220542,False,False,False,False,0.1512315816494762,0.23821942226261392,False,False,False,False,337901603,338032173.84857756,False,False,False,False,1103681.2118644617,False,False,False,False
