date,Close,High,Low,Open,Volume,aVWAP_peak_189,aVWAP_valley_189,aVWAP_valley_179,aVWAP_valley_171,aVWAP_valley_157,aVWAP_valley_122,aVWAP_valley_107,aVWAP_valley_102,aVWAP_valley_91,aVWAP_valley_74,aVWAP_valley_60,aVWAP_valley_52,aVWAP_valley_45,aVWAP_valley_39,aVWAP_valley_28,aVWAP_OB_bull_171,aVWAP_OB_bull_122,aVWAP_OB_bull_107,aVWAP_OB_bull_91,aVWAP_OB_bull_52,Peaks_avg,Valleys_avg,color,StDev,StDev_Mean,StdDev_ZScore,QQEMOD,QQE1_Value,QQE1_Above_Upper,QQE1_Below_Lower,QQE2_Above_Threshold,QQE2_Below_Threshold,QQE2_Above_TL,banker_RSI,OB,OB_High,OB_Low,OB_Mitigated_Index,TTM_squeeze_Active,VI_plus,VI_minus,VI_Regular_Bullish,VI_Regular_Bearish,VI_Hidden_Bullish,VI_Hidden_Bearish,Fisher,Fisher_Signal,Fisher_Regular_Bullish,Fisher_Regular_Bearish,Fisher_Hidden_Bullish,Fisher_Hidden_Bearish,OBV,OBV_Smoothed,OBV_Regular_Bullish,OBV_Regular_Bearish,OBV_Hidden_Bullish,OBV_Hidden_Bearish,Volume_MA,Vol_Regular_Bullish,Vol_Regular_Bearish,Vol_Hidden_Bullish,Vol_Hidden_Bearish
2021-12-31 00:00:00+00:00,39.1391452214,39.4069053562,37.9203749527,37.9203749527,1677226,,,,,,,,,,,,,,,,,,,,,,,#000000,,,,,,False,False,False,False,False,,0.0,0.0,0.0,0.0,0,,,False,False,False,False,,,False,False,False,False,0,0.0,False,False,False,False,1677226.0,False,False,False,False
2022-01-07 00:00:00+00:00,38.4097296818,40.0901553554,37.7080134665,39.2776418429,2179595,,,,,,,,,,,,,,,,,,,,,,,#000000,,,,0.0,,False,False,False,True,False,,0.0,0.0,0.0,0.0,0,,,False,False,False,False,,,False,False,False,False,-2179595,-161451.48148148146,False,False,False,False,1714438.5185185187,False,False,False,False
2022-01-14 00:00:00+00:00,37.5972161693,38.7975202218,36.9785979268,37.8834425203,2917293,,,,,,,,,,,,,,,,,,,,,,,#000000,,,,0.0,-50.0,False,False,False,True,True,,0.0,0.0,0.0,0.0,0,,,False,False,False,False,,,False,False,False,False,-5096888,-527039.3717421124,False,False,False,False,1803538.85048011,False,False,False,False
2022-01-21 00:00:00+00:00,35.9721891443,38.7975202218,35.8336925228,37.6987803584,2812875,,,,,,,,,,,,,,,,,,,,,,,#000000,,,,0.0,-50.0,False,False,False,True,True,,0.0,0.0,0.0,0.0,0,,,False,False,False,False,,,False,False,False,False,-7909763,-1073907.788650104,False,False,False,False,1878304.4911852868,False,False,False,False
2022-01-28 00:00:00+00:00,35.9260236038,37.0524627916,34.5779898217,35.2889391451,4120260,,,,,,,,,,,,,,,,,,,,,,,#000000,,35.852158739033335,,0.0,-50.0,False,False,False,True,True,,0.0,0.0,0.0,0.0,0,,,False,False,False,False,,,False,False,False,False,-12030023,-1885471.8783797259,False,False,False,False,2044375.2696160064,False,False,False,False
2022-02-04 00:00:00+00:00,37.3940877912,38.0219391417,35.6213310366,35.658263469,2578132,,,,,,,,,,,,,,,,,,,,,,,#000000,,36.29874216950831,,10.129511582731968,-40.42444608194869,False,False,False,True,True,,0.0,0.0,0.0,0.0,0,,,False,False,False,False,,,False,False,False,False,-9451891,-2445947.3688701163,False,False,False,False,2083912.8052000059,False,False,False,False
2022-02-11 00:00:00+00:00,35.9260236038,38.6959560328,35.8983242795,37.5048850883,1639586,,,,,,,,,,,,,,,,,,,,,,,#000000,,36.40519541993971,,14.576353576529748,-36.636259008197214,False,False,False,True,True,,0.0,0.0,0.0,0.0,0,,,False,False,False,False,,,False,False,False,False,-11091477,-3086356.971176034,False,False,False,False,2050999.708518524,False,False,False,False
2022-02-18 00:00:00+00:00,35.0488783346,37.0247634673,34.8088175241,36.0091215767,2449284,,,,,,,,,,,,,,,,,,,,,,,#000000,,36.22861398932978,,16.652806726945613,-35.15869749096881,False,False,False,True,True,,0.0,0.0,0.0,0.0,0,,,False,False,False,False,,,False,False,False,False,-13540761,-3860757.2696074387,False,False,False,False,2080502.248628263,False,False,False,False
2022-02-25 00:00:00+00:00,36.0829864415,37.948074277,34.2732972545,34.799584416,5033592,,,,,,,,,,,,,,,,,,,,,,,#000000,,36.18815610622379,,21.689534780854018,-30.82763715576276,False,False,False,True,True,,0.0,0.0,0.0,0.0,0,,,False,False,False,False,,,False,False,False,False,-8507169,-4204935.916303184,False,False,False,False,2299249.637618762,False,False,False,False
2022-03-04 00:00:00+00:00,33.7285438768,36.803168873,33.5808141473,35.464368199,4766463,,,,,,,,,,,,,,,,,,,,,,,#000000,,35.84457864922139,,22.54820103711905,-30.516875246009075,False,False,False,True,True,,0.0,0.0,0.0,0.0,0,,,False,False,False,False,-0.34282825441539394,-0.34282825441539394,False,False,False,False,-13273632,-4876691.181762207,False,False,False,False,2482006.1829803353,False,False,False,False
2022-03-11 00:00:00+00:00,34.5041249569,35.0765776589,31.9742533385,33.7193107687,4161615,,,,,,,,,,,,,,,,,,,,,,,#000000,,34.680556702733526,,25.094314412308847,-28.481599894398844,False,False,False,True,True,,0.0,0.0,0.0,0.0,0,,,False,False,False,False,-0.34282825441539394,-0.34282825441539394,False,False,False,False,-9112017,-5190419.020150192,False,False,False,False,2606421.6509077176,False,False,False,False
2022-03-18 00:00:00+00:00,35.8848364621,35.9404862472,33.1791739451,34.5225911731,2914522,,,,,,,,,,,,,,,,,,,,,,,#000000,,34.890597839335115,,29.777538216290086,-24.389726592958624,False,False,False,True,True,,0.0,0.0,0.0,0.0,0,,,False,False,False,False,-0.1752825261986198,-0.25905539030700686,False,False,False,False,-6197495,-5265017.240879808,False,False,False,False,2629243.898988628,False,False,False,False
2022-03-25 00:00:00+00:00,35.6529623573,36.0703357459,34.0854934087,36.0146859608,2291524,,,,,,,,,,,,,,,,,,,,,,,#000000,,34.99897343674175,,32.81872165717773,-21.90249708735798,False,False,False,True,True,,0.0,0.0,0.0,0.0,0,,,False,False,False,False,-0.05972850799591599,-0.15939194915146143,False,False,False,False,-8489019,-5503832.185999822,False,False,False,False,2604227.6101746554,False,False,False,False
2022-04-01 00:00:00+00:00,34.0483935519,37.0163820936,33.8860816785,35.5694876795,3273410,,,,,,,,,,,,,,,,,,,,,,,#000000,,35.01570191177927,,33.14586479494331,-21.90249708735798,False,False,False,True,True,,0.0,0.0,0.0,0.0,0,,,False,False,False,False,0.006991516361280963,-0.07620021639509024,False,False,False,False,-11762429,-5967431.949999835,False,False,False,False,2653796.676087644,False,False,False,False
2022-04-08 00:00:00+00:00,32.9075729562,35.5973125721,32.8333732426,33.9834688026,3044851,,,,,,,,,,,,,,,,,,,,,,,#000000,,34.719587865031464,,32.32667458426529,-21.90249708735798,False,False,False,True,True,,0.0,0.0,0.0,0.0,0,,,False,False,False,False,-0.21241007546777158,-0.1443051459314309,False,False,False,False,-14807280,-6622235.509259107,False,False,False,False,2682763.663044115,False,False,False,False
2022-04-15 00:00:00+00:00,33.0745223117,33.3063964165,32.0728261788,32.6014991378,1856364,,,,,,,,,,,,,,,,,,,,,,,#000000,,34.50079034230698,,32.0747555733138,-21.90249708735798,False,False,False,True,True,,0.0,0.0,0.0,0.0,0,,,False,False,False,False,-0.34282825441539394,-0.24356670017341242,False,False,False,False,-12950916,-7091026.6567213945,False,False,False,False,2621548.8731889953,False,False,False,False
2022-04-22 00:00:00+00:00,32.8148233143,35.0037148638,32.610774102,32.9539477772,2294282,,,,,,,,,,,,,,,,,,,,,,,#000000,,34.39546012694647,,31.651133794077303,-21.90249708735798,False,False,False,True,True,,0.0,0.0,0.0,0.0,0,,,False,False,False,False,-0.11488695997959976,-0.17922683007650608,False,False,False,False,-15245198,-7695039.348816106,False,False,False,False,2597306.8825824033,False,False,False,False
2022-04-29 00:00:00+00:00,31.4235786853,33.1208971326,31.3772038644,32.4716496391,2089985,,,,,,,,,,,,,,,,,,,,,,,#000000,,34.16583164795308,,30.171114167013872,-21.90249708735798,False,False,False,True,False,,0.0,0.0,0.0,0.0,0,,,False,False,False,False,-0.34282825441539394,-0.26102754224595004,False,False,False,False,-17335183,-8409124.063718617,False,False,False,False,2559727.4838725957,False,False,False,False
2022-05-06 00:00:00+00:00,28.6781892843,33.1950968462,27.9825669698,31.2937291866,4626129,,,,,,,,,,,,,,,,,,,,,,,#000000,,33.441733305044586,,27.43738428798983,-16.98176359501535,False,False,False,True,False,,0.0,0.0,0.0,0.0,0,,,False,False,False,False,-0.34282825441539394,-0.301927898330672,False,False,False,False,-21961312,-9412989.836776497,False,False,False,False,2712794.262844996,False,False,False,False
2022-05-13 00:00:00+00:00,28.7431140336,29.3459867061,27.0550705505,28.2051661104,4707378,,,,,,,,,,,,,,,,,,,,,,,#000000,,32.70896620060205,,25.611424534331825,-18.735993971351576,False,False,False,True,False,,0.0,0.0,0.0,0.0,0,,,False,False,False,False,-0.34282825441539394,-0.32237807637303295,False,False,False,False,-17253934,-9993800.515533794,False,False,False,False,2860541.206337959,False,False,False,False
2022-05-20 00:00:00+00:00,28.4092153227,30.1621835551,27.6208433663,28.5019649646,6042093,,,,,,,,,,,,,,,,,,,,,,,#000000,,32.10930415903436,,24.127623306581896,-20.17205360079564,False,False,False,True,False,,0.0,0.0,0.0,0.0,0,,,False,False,False,False,-0.27374127758257333,-0.2980596769778031,True,False,False,False,-23296027,-10979150.625494253,False,False,False,False,3096211.7095721844,False,False,False,False
2022-05-27 00:00:00+00:00,28.8049467096,28.9541951381,26.9206852992,28.5019649646,4037295,,,,,,,,,,,,,,,,,,,,,,,#000000,,31.758283737373148,,23.898366601193874,-20.44128821722705,False,False,False,True,False,,0.0,0.0,0.0,0.0,0,,,False,False,False,False,-0.34282825441539394,-0.3204439656965985,False,False,False,False,-19258732,-11592452.949531715,False,False,False,False,3165921.582937208,False,False,False,False
2022-06-03 00:00:00+00:00,29.262020022,30.0175901915,28.5437619596,28.7489785489,3198601,,,,,,,,,,,,,,,,,,,,,,,#000000,,31.598949780253786,,24.682108439341395,-20.44128821722705,False,False,False,True,False,,0.0,0.0,0.0,0.0,0,,,False,False,False,False,-0.21527732574252975,-0.26786064571956414,False,False,False,True,-16060131,-11923392.06438122,False,False,False,False,3168342.2804974145,False,False,False,False
2022-06-10 00:00:00+00:00,27.275150317,30.0175901915,27.2238461697,29.4299245041,2803444,,,,,,,,,,,,,,,,,,,,,,,#000000,,31.412094554415564,,23.96569430601925,-20.556557182652178,False,False,False,True,False,,0.0,0.0,0.0,0.0,0,,,False,False,False,False,-0.26414302544065393,-0.26600183558010904,False,False,False,False,-18863575,-12437479.689241871,False,False,False,False,3141312.778238347,False,False,False,False
2022-06-17 00:00:00+00:00,25.6800577369,26.9766534599,25.0550799423,26.5102521207,3542035,,,,,,,,,,,,,,,,,,,,,,,#000000,,29.76351608661718,,22.655426007785735,-21.96222753429293,False,False,False,True,False,,0.0,0.0,0.0,0.0,0,,,False,False,False,False,-0.34282825441539394,-0.3044150449977515,False,False,False,False,-22405610,-13175859.712260993,False,False,False,False,3170995.9057762474,False,False,False,False
2022-06-24 00:00:00+00:00,26.7247967367,26.9393413527,25.3768968664,26.3330196118,2311387,,,,,,,,,,,,,,,,,,,,,,,#000000,,29.66348877014245,,23.591334756984864,-21.96222753429293,False,False,False,True,False,,0.0,0.0,0.0,0.0,0,,,False,False,False,False,-0.3293648351622709,-0.3168899400800112,False,False,False,False,-20094223,-13688331.066908326,False,False,False,False,3107321.172015044,False,False,False,False
2022-07-01 00:00:00+00:00,26.9486693795,27.4430547991,25.8199781386,26.8927012188,3951757,,,,,,,,,,,,,,,,,,,,,,,#000000,,29.530201955314592,,24.6474403516161,-21.96222753429293,False,False,False,True,False,,0.0,0.0,0.0,0.0,0,0.8163311536735883,1.179979047499133,False,False,False,False,-0.2712762528920083,-0.2940830964860097,False,False,False,True,-16142466,-13870118.839729931,False,False,False,False,3169871.9740880034,False,False,False,False
2022-07-08 00:00:00+00:00,26.2024272368,26.3703317189,25.0923920495,26.109146969,4522835,,,,,,,,,,,,,,,,,,,,,,,#000000,,29.250686274861962,,24.923128879473843,-21.96222753429293,False,False,False,True,False,,0.0,0.0,0.0,0.0,0,0.7978187567497981,1.1997689967962002,False,False,False,False,-0.34282825441539394,-0.31845567545070186,False,False,False,False,-20665301,-14373465.666416604,False,False,False,False,3270091.457488892,False,False,False,False
2022-07-15 00:00:00+00:00,25.1017200763,25.978554594,23.945044755,25.9225864333,6874358,,,,,,,,,,,,,,,25.008439808433334,,,,,,,25.008439808433334,#000000,,27.28095567734614,,24.472819112079335,-21.96222753429293,False,False,False,True,False,,0.0,0.0,0.0,0.0,0,0.7892728589873773,1.181039424501018,False,False,False,False,-0.34282825441539394,-0.33064196493304787,False,False,False,False,-27539659,-15348739.24668204,False,False,False,False,3537074.164341567,True,False,False,False
2022-07-22 00:00:00+00:00,26.8274050313,27.2658222902,25.157688237,25.4841691744,2596490,,,,,,,,,,,,,,,25.394597348704718,,,,,,,25.394597348704718,#000000,,27.340821367823423,,26.984085892959385,-21.96222753429293,False,False,False,True,True,,0.0,0.0,0.0,0.0,0,0.8226394435403572,1.1622924712525808,False,False,False,False,-0.13989031739273264,-0.23526614116289024,False,False,False,False,-24943169,-16059437.746927815,False,False,False,False,3467401.2632792285,False,False,False,False
2022-07-29 00:00:00+00:00,27.3497745312,27.4150707187,25.157688237,26.9206852992,2558156,,,,,,,,,,,,,,,25.65963131297959,,,,,,,25.65963131297959,#000000,,27.38128573027526,,29.545577413997314,-25.261060202098207,False,False,False,True,True,,0.0,0.0,0.0,0.0,0,0.8417445019320193,1.1331126085329744,False,False,False,False,-0.12828004620726322,-0.18177309368507671,False,False,False,False,-22385013,-16527998.876785014,False,False,False,False,3400049.762295582,False,False,False,False
2022-08-05 00:00:00+00:00,28.9821792185,29.8636777496,26.8460610849,27.3031343973,4658407,,,,,,,,,,,,,,,26.470398434056904,,,,,,,26.470398434056904,#000000,,27.670319554857436,,33.549172087058984,-21.41265232183926,False,False,False,True,True,,0.0,0.0,0.0,0.0,0,0.8532896816696365,1.1088422152808917,False,False,False,False,0.19080271184528994,0.00451480908010661,False,False,False,False,-17726606,-16616784.589615753,False,False,False,False,3493261.409532946,False,False,False,False
2022-08-12 00:00:00+00:00,29.9243099237,30.1108704594,28.441153665,29.1687397542,2203842,,,,,,,,,,,,,,,26.822909611303967,,,,,,,26.822909611303967,#000000,,27.819111418360635,,37.51242683696185,-17.70742444792225,False,False,False,True,True,,0.0,0.0,0.0,0.0,0,0.8715273983910249,1.1175382513439842,False,False,False,False,0.34282823724754186,0.17367152316382423,False,False,False,False,-15522764,-16535746.027421992,False,False,False,False,3397748.8606786537,False,False,False,False
2022-08-19 00:00:00+00:00,30.082886379,31.0903132717,29.4112684506,29.5885009595,2620795,,,,,,,,,,,,,,,27.23370699165682,,,,,,,27.23370699165682,#000000,,28.22727485613494,,40.52645688109771,-14.974215822425435,False,False,False,True,True,,0.0,0.0,0.0,0.0,0,0.9032948412321742,1.0762455041601426,False,False,False,False,0.34282824041163457,0.2582498817877294,False,False,False,False,-12901969,-16266577.358724067,False,False,False,False,3340196.7228506054,False,False,False,False
2022-08-26 00:00:00+00:00,28.3804895951,29.7779426518,28.3335951972,29.5045487184,2704248,,,,,,,,,,,,,,,27.412041438253315,,,,,,,27.412041438253315,#000000,,28.135432587228998,,40.99065560668235,-14.66445885229917,False,False,False,True,True,,0.0,0.0,0.0,0.0,0,0.8862822831132308,1.110450823434644,False,False,False,False,0.18288836317673865,0.22056912248223404,False,False,False,False,-15606217,-16217661.776596358,False,False,False,False,3293089.410046857,False,False,False,False
2022-09-02 00:00:00+00:00,28.0991232078,28.624340464,27.3769494805,28.0709865691,2449910,,,,,,,,,,,,,,,27.46913417285503,,,,,,,27.46913417285503,#000000,,28.045124772923142,,41.065554525929755,-14.623539273299343,False,False,False,True,True,,0.0,0.0,0.0,0.0,0,0.8779648996243523,1.1143109862359617,False,False,False,False,0.04924968778677576,0.1349094051345049,False,False,False,False,-18056127,-16353844.385737367,False,False,False,False,3230631.675969312,False,False,False,False
2022-09-09 00:00:00+00:00,29.8904892067,29.9467624842,27.8365145797,28.1647753648,1632560,,,,,,,,,,,,,,,27.570406607691023,,,,,,,27.570406607691023,#000000,,28.102463281173087,,43.24954799183414,-12.496106291825697,False,False,False,True,True,,0.0,0.0,0.0,0.0,1,0.9116335952574351,1.0634959954649479,False,False,False,False,0.16179186023354916,0.14835063268402704,False,True,False,False,-16423567,-16359009.023830896,False,False,False,False,3112255.9962678812,False,False,False,False
2022-09-16 00:00:00+00:00,29.2527253956,31.4286254571,29.0182534062,29.9655202433,3051988,,,,,,,,,,,,,,,27.797179095497118,,,,,,,27.797179095497118,#000000,,28.56693082364432,,44.16683818248099,-11.58250868118995,False,False,False,True,True,,0.0,0.0,0.0,0.0,1,0.9106897862503893,1.0531219875671936,False,False,False,False,0.33900282861136616,0.2436767306476966,False,False,False,False,-19475555,-16589864.281324904,False,False,False,False,3107791.7002480384,False,False,False,False
2022-09-23 00:00:00+00:00,26.8329744651,29.9420730444,26.4109248842,29.0088745266,2807183,,,,,,,,,,,,,,,27.791547819888166,,,,,,,27.791547819888166,#000000,,28.240663882996284,,42.72391286206693,-11.58250868118995,False,False,False,True,True,,0.0,0.0,0.0,0.0,1,0.8534440153301769,1.07914142716425,False,False,False,False,-0.008950627285058375,0.11736305168131911,False,False,False,False,-22282738,-17011558.630856395,False,False,False,False,3085524.389118554,False,False,False,False
2022-09-30 00:00:00+00:00,26.5140925596,27.7896201818,25.9794964238,26.6266391145,3372978,,,,,,,,,,,,,,26.761069721733335,27.698936703038015,,,,,,,27.230003212385675,#000000,,27.784926744664823,,41.44927378416877,-11.58250868118995,False,False,False,True,True,,0.0,0.0,0.0,0.0,1,0.8460627792933068,1.134704632410837,False,False,False,False,-0.23462712940724714,-0.05863203886296402,False,False,False,False,-25655716,-17651866.58412629,False,False,False,False,3106817.249183846,False,False,False,False
2022-10-07 00:00:00+00:00,27.4050861192,28.6806137415,26.5609869574,26.879868863,2499329,,,,,,,,,,,,,,27.096378498945022,27.68956873453561,,,,,,,27.392973616740314,#000000,,27.80675865342012,,41.620878879135375,-11.58250868118995,False,False,False,True,True,,0.0,0.0,0.0,0.0,1,0.8722746059623236,1.0948001444439148,False,False,False,False,-0.1878268375202578,-0.12322943819161092,False,False,False,False,-23156387,-18059608.83715397,False,False,False,False,3061818.1196146724,False,False,False,False
2022-10-14 00:00:00+00:00,28.0522288099,28.6712348619,26.5797447166,27.6208003495,2494295,,,,,,,,,,,,,,27.296527135275756,27.694153676475594,,,,,,,27.495340405875673,#000000,,27.830395430464577,,42.49784163556688,-11.58250868118995,False,False,False,True,True,,0.0,0.0,0.0,0.0,1,0.8876249993617294,1.0539950471522153,False,False,False,False,-0.18687475120105196,-0.15505209469633144,False,False,False,False,-20662092,-18252385.36773516,False,False,False,False,3019779.3700135853,False,False,False,False
2022-10-21 00:00:00+00:00,29.177694359,29.9748991229,28.1647753648,28.6618559823,2809673,,,,,,,,,,,,,,27.7513688370759,27.781642467146394,,,,,,,27.76650565211115,#000000,,28.033032051442692,,44.36089708330668,-11.064777179255884,False,False,False,True,True,,0.0,0.0,0.0,0.0,1,0.9029758347015281,1.0593314262807536,False,False,False,False,0.09877645003497217,-0.028137822330679636,False,False,False,False,-17852419,-18222758.229384407,False,False,False,False,3004215.935197764,False,False,False,False
2022-10-28 00:00:00+00:00,30.2468866306,30.2609549499,28.7744025372,28.9807378879,2740985,,,,,,,,,,,,,,28.14711327616991,27.894480250972986,,,,,,,28.020796763571447,#000000,,28.71354882722027,,46.76628682414231,-8.650198088959797,False,False,False,False,True,,0.0,0.0,0.0,0.0,1,0.934775187405856,1.0216668132733029,False,False,False,False,0.1928471859341529,0.08235468180173663,False,False,False,False,-15111434,-17992289.767948527,False,False,False,False,2984717.3474053373,False,False,False,True
2022-11-04 00:00:00+00:00,27.2362662869,30.2609549499,26.129558497,29.928004725,4356952,,,,,,,,,,,,,,28.082377256658447,27.89291079822767,,,,,,,27.98764402744306,#000000,,28.20815648431318,,45.73903524662336,-8.650198088959797,False,False,False,True,True,,0.0,0.0,0.0,0.0,1,0.9468840019672504,1.0234070718567307,False,False,False,False,-0.0710321543232958,0.005661263739220414,False,False,False,False,-19468386,-18101630.22958197,False,False,False,False,3086364.3587086457,False,False,False,False
2022-11-11 00:00:00+00:00,27.2456451664,27.5551481924,25.1260183824,27.4050861192,2717770,,,,,,,,,,,,,26.642270580399998,27.89593089244496,27.831279656669594,,,,,,,27.456493709838185,#000000,,27.500135497472037,,45.01514467260771,-8.650198088959797,False,False,False,True,True,,0.0,0.0,0.0,0.0,1,0.9456623201838963,1.0030190430013157,False,False,False,False,-0.34282825441539394,-0.16858349533808675,False,False,False,False,-16750616,-18001555.10146479,False,False,False,False,3059061.0728783756,False,False,False,False
2022-11-18 00:00:00+00:00,26.8986266222,27.630179229,25.6043412408,26.9642787792,2344875,,,,,,,,,,,,,26.674126827197686,27.7768745921198,27.785592028166242,,,,,,,27.41219781582791,#000000,,27.370292963187467,,44.207876910186435,-8.650198088959797,False,False,False,True,True,,0.0,0.0,0.0,0.0,1,0.9435901667950716,1.0163484977849915,False,False,False,False,-0.29090875456699405,-0.2297461249525404,False,False,False,False,-19095491,-18082587.390245173,False,False,False,False,3006158.400813311,False,False,False,False
2022-11-25 00:00:00+00:00,27.4625738832,27.5474805012,26.2233472927,26.6641546328,1592179,,,,,,,,,,,,,26.77070651716099,27.732225814087403,27.766519622586546,,,,,,,27.42315065127831,#000000,,27.356867679679468,,44.280780655041426,-8.650198088959797,False,False,False,True,True,,0.0,0.0,0.0,0.0,1,0.9668427614573203,0.9961035902832832,False,False,False,False,-0.22031531610746147,-0.22503072053000095,False,False,False,False,-17503312,-18039678.102078862,False,False,False,False,2901419.1859382507,False,False,False,False
2022-12-02 00:00:00+00:00,27.8588047671,28.0191839344,26.2927493688,27.3116287846,2054766,,,,,,,,,,,,,26.916868243849066,27.706184693324545,27.75387434603925,,,,,,,27.458975761070956,#000000,,27.38346004611216,,44.78907573661355,-8.650198088959797,False,False,False,True,True,,0.0,0.0,0.0,0.0,1,0.93888043364595,1.006828115913511,False,False,False,False,-0.16201769479572267,-0.19352420766286182,False,False,False,False,-15448546,-17847742.39081376,False,False,False,False,2838704.13512801,False,False,False,False
2022-12-09 00:00:00+00:00,27.2738925099,27.8540877328,26.6135077034,27.7833322178,2337261,,,,,,,,,,,,,26.986750985181985,27.66959480833159,27.73521750695176,,,,,,,27.463854433488446,#000000,,27.3784327875288,,44.579733208072525,-8.650198088959797,False,False,False,True,True,0.0,0.0,0.0,0.0,0.0,1,0.9675746966397231,1.0100106842927197,False,False,False,False,-0.1454637783976693,-0.16949399303026558,False,False,False,False,-17785807,-17843154.584086817,False,False,False,False,2801560.199192602,False,False,False,False
2022-12-16 00:00:00+00:00,25.8493481415,27.9342773165,25.7031200772,27.3304969219,3174676,,,,,,,,,,,,,26.877107141657675,27.55489943925055,27.6761743780397,,,,,,,27.36939365298264,#000000,,27.248794826757802,,43.14712855589404,-8.650198088959797,False,False,False,True,False,0.0,0.0,0.0,0.0,0.0,1,0.9873573869266734,0.9574713565497022,False,False,False,False,-0.23490522640597886,-0.20219960971812223,False,False,False,False,-20960483,-18074067.800080385,False,False,False,False,2829198.406659817,False,False,False,False
2022-12-23 00:00:00+00:00,25.5285898069,25.9436888282,25.0851885797,25.8493481415,3300984,,,,,,,,,,,,,26.621289019736036,27.367173948706387,27.574390107805343,,,,,,,27.187617692082586,#000000,,27.01307461369432,,41.852523387544316,-8.650198088959797,False,False,False,True,False,0.0,0.0,0.0,0.0,0.0,1,0.9694658918107216,0.9937455053704254,False,False,False,False,-0.34282825441539394,-0.2725139320667581,False,False,False,False,-24261467,-18532393.6667411,False,False,False,False,2864145.4876479786,False,False,False,False
2022-12-30 00:00:00+00:00,25.8493481415,25.9059525535,24.8116005884,25.6229304936,1894067,,,,,,,,,,,,25.5223004278,26.514083825012097,27.27446392445053,27.520293180744428,,,,,25.5223004278,,26.707785339501765,#000000,,26.468357946370357,,41.367498095675906,-8.650198088959797,False,False,False,True,False,0.0,1.0,25.905952,24.8116,0.0,1,0.955505831395098,1.0039971003994113,False,False,False,False,-0.34282825441539394,-0.307671093241076,False,False,False,False,-22367400,-18816468.209945463,False,False,False,False,2792287.8218962764,False,False,False,False
2023-01-06 00:00:00+00:00,27.3871013339,27.4106865056,25.7172711802,26.1889746135,1825109,,,,,,,,,,,,26.16812611767869,26.541945388063933,27.254321400014273,27.503399596577676,,,,,26.16812611767869,,26.866948125583644,#000000,,26.63432706795699,,42.97173452640858,-8.650198088959797,False,False,False,True,False,0.0,0.0,0.0,0.0,0.0,1,0.9976292430749629,0.9658078899993543,False,False,False,False,-0.04961089329941414,-0.17864099327024507,False,False,False,False,-20542291,-18944306.93513469,False,False,False,False,2720644.9462002562,False,False,False,False
2023-01-13 00:00:00+00:00,29.2927832042,29.5192008521,26.9814363813,27.4625738832,2604528,,,,,,,,,,,,27.168832570859983,26.76649040051771,27.33739618400204,27.540768177756984,,,,,27.168832570859983,,27.20337183328418,#000000,,27.015257973906586,,46.11035422156361,-8.189142069105905,False,False,False,False,True,0.0,0.0,0.0,0.0,0.0,1,1.047733696066227,0.9227213087785396,False,False,False,False,0.3428282288007713,0.08209361776526311,False,False,False,False,-17937763,-18869748.125124715,False,False,False,False,2712043.690926163,False,False,False,False
2023-01-20 00:00:00+00:00,29.1984425175,29.7220333284,28.6984368783,29.2739150669,1027239,,,,,,,,,,,,27.453553913601162,26.86725131334044,27.381890253367768,27.56289986723466,,,,,27.453553913601162,,27.31639883688601,#000000,,27.147771658659387,,48.245401576576555,-6.139025606755219,False,False,False,False,True,0.0,0.0,0.0,0.0,0.0,1,1.0596777170524538,0.9431653471668753,False,False,False,False,0.34282823518481975,0.21246092647504145,False,False,False,False,-18965002,-18876803.96770807,False,False,False,False,2587243.343450151,False,False,False,False
2023-01-27 00:00:00+00:00,28.6323983976,29.2267447235,27.4720079519,28.566359917,2638472,,,,,,,,,,,,27.715082505926112,27.018438861511907,27.443079083140724,27.59197033188291,,,,,27.715082505926112,,27.442142695615413,#000000,,27.303167921176012,,49.117552141058454,-5.311089316223402,False,False,False,False,True,0.0,0.0,0.0,0.0,0.0,1,1.0362035050971201,0.9552507750645832,False,False,False,False,0.1845470073917497,0.19850396693339556,False,False,False,False,-21603474,-19078779.52565562,False,False,False,False,2591038.0587501395,False,False,False,False
2023-02-03 00:00:00+00:00,29.3871238908,29.9154317361,28.2267334451,28.396546681,3012129,,,,,,,,,,,,28.053639698381513,27.231390474861808,27.55007213746572,27.649501845546602,,,,,28.053639698381513,,27.62115103906391,#000000,,27.521790196670345,,50.53956699173473,-3.931494933416488,False,False,False,False,True,0.0,0.0,0.0,0.0,0.0,1,1.0183639937717723,0.9895071315804008,False,False,False,False,0.31629642496149574,0.2574001959474457,False,False,False,False,-18591345,-19042673.264495946,False,False,False,False,2622229.980324203,False,False,False,False
2023-02-10 00:00:00+00:00,27.3116287846,29.1324040369,26.9248319693,29.1229699682,3197634,,,,,,,,,,,,28.001523889924684,27.284324324521414,27.56480390442318,27.654702445908782,,,,,28.001523889924684,,27.626338641194515,#000000,,27.537887123339857,,49.3186879538715,-3.931494933416488,False,False,False,False,True,0.0,0.0,0.0,0.0,0.0,1,0.9555805586202917,1.0050493119638597,False,False,False,False,0.12821170260966014,0.1928059492785529,True,False,False,False,-21788979,-19246103.31897773,False,False,False,False,2664852.5003001885,False,False,False,False
2023-02-17 00:00:00+00:00,28.1135246211,28.424848887,27.2738925099,27.4154035399,1556852,,,,,,,,,,,,27.995903424866228,27.313145710065825,27.575636423839615,27.659720677011133,,,,,27.995903424866228,,27.6361015589457,#000000,,27.553327835218198,,49.31433808878241,-3.931494933416488,False,False,False,False,True,0.0,0.0,0.0,0.0,0.0,1,0.9426654012049448,1.0389079438069801,False,False,False,False,0.09710132660637556,0.14495363794246424,False,False,False,False,-20232127,-19319142.110164564,False,False,False,False,2582778.3891668413,False,False,False,False
2023-02-24 00:00:00+00:00,29.5569371268,30.3588329633,26.4153922614,27.8022003551,4429219,,,,,,,,,,,28.777054117166667,28.151857838008056,27.476437996787386,27.667412227432852,27.713431545148328,,,,,28.151857838008056,,27.957238744908658,#000000,,27.980313727353902,,50.73490215695574,-3.6896400884116787,False,False,False,False,True,0.0,0.0,0.0,0.0,0.0,1,0.9551403850604627,0.9808097286184501,False,False,False,False,0.1912446581368559,0.16809914803966008,False,False,False,False,-15802908,-19058680.324226446,False,False,False,False,2719551.7677470753,False,False,False,False
2023-03-03 00:00:00+00:00,31.7550751257,31.8069625034,29.2173106549,29.6324096761,4522966,,,,,,,,,,,29.863005972658772,28.621727629958563,27.829230858541134,27.903241826222313,27.863772310840744,,,,,28.621727629958563,,28.416195719644303,#000000,,28.53683818135606,,53.55472004025471,-0.9332147482758018,True,False,False,False,True,0.0,0.0,0.0,0.0,0.0,1,1.0265996547757166,0.9326065587734413,False,False,False,False,0.3428282400430699,0.255463694041365,False,False,False,False,-11279942,-18482477.485394858,False,True,False,False,2853138.007173218,False,True,False,False
2023-03-10 00:00:00+00:00,29.3493876162,32.0097949796,29.1041018309,31.830547675,3852580,,,,,,,,,,,29.950686396474403,28.814944178794402,28.01553270207924,28.03394103919375,27.951569106297786,,,,,28.814944178794402,,28.553334684567915,#000000,,29.233897854895346,,53.154060341872366,-0.9332147482758018,True,False,False,False,True,0.0,0.0,0.0,0.0,0.0,1,1.015648635521748,0.9542381529189252,False,False,False,False,0.34282823586635214,0.2991459649538586,True,False,False,False,-15132522,-18234332.63462487,False,False,False,False,2927170.747382609,False,False,False,False
2023-03-17 00:00:00+00:00,29.8239839145,30.4694425097,28.5045906095,28.8273199071,3676213,,,,,,,,,,,29.87231557253791,28.899168900772,28.128022335980095,28.11611196301595,28.009707662497238,,,,,28.899168900772,,28.605065286960638,#000000,,29.195723013169022,,53.25932106600387,-0.9332147482758018,True,False,False,False,True,0.0,0.0,0.0,0.0,0.0,1,0.9826632574518531,1.0100447424499879,False,False,False,False,0.06930380246245028,0.18422488370815443,False,False,False,False,-11456309,-17732256.80983784,False,False,False,False,2982655.358687601,False,False,False,False
2023-03-24 00:00:00+00:00,30.2036654411,30.9725205324,29.738555571,30.0043326396,2163781,,,,,,,,,,,29.922519918404664,28.982730941364544,28.215374491599846,28.18171100930792,28.05640318757216,,,,,28.982730941364544,,28.671747909649827,#000000,,29.274528277329345,,53.65262142522191,-0.6747944304107634,True,False,False,False,True,0.0,0.0,0.0,0.0,0.0,0,1.0564886904163122,0.9718537482714794,False,False,False,False,0.2886633816215795,0.23644413266486697,False,False,False,False,-9292528,-17107091.712812815,False,False,False,False,2921997.998784816,False,False,False,False
2023-03-31 00:00:00+00:00,31.5040746697,31.5610268987,30.0945070022,30.3840141662,1597538,,,,,,,,,,,30.01175430520102,29.069778393820737,28.297029214660615,28.24387395036109,28.100751208716638,,,,,29.069778393820737,,28.744637414552024,#000000,,29.37706553349448,,54.98088102322862,0.7224892032456438,True,False,True,False,True,0.0,0.0,0.0,0.0,0.0,0,1.0722619951065064,0.9180769891896735,False,False,False,False,0.3428282295477295,0.28963618110629824,False,False,False,False,-7694990,-16409898.9933452,False,False,False,False,2823889.8507266818,False,False,False,False
2023-04-07 00:00:00+00:00,29.852460029,32.5814210014,29.8097458572,31.5040746697,1923568,,,,,,,,,,,30.075635386447438,29.15063462929914,28.379097601544494,28.307486013399018,28.147093431834755,,,,,29.15063462929914,,28.81198941250497,#000000,,30.048459030103423,,54.279439437978425,0.7224892032456438,True,False,True,False,True,0.0,0.0,0.0,0.0,0.0,0,1.0555853433626612,0.9174407102960035,False,False,False,False,0.3428282322811889,0.3162322066937436,False,False,False,False,-9618558,-15906836.697541852,False,False,False,False,2757199.3432654464,False,False,False,False
2023-04-14 00:00:00+00:00,30.374522128,30.9915046088,29.6436351893,29.6721113038,1683912,,,,,,,,,,,30.094057526952323,29.19863234793191,28.434843890105512,28.35162891014894,28.18014150864838,,,,,29.19863234793191,,28.851860836757414,#000000,,30.020366801849764,,54.21871963514501,0.7224892032456438,True,False,True,False,True,0.0,0.0,0.0,0.0,0.0,0,1.0527715350996054,0.9472216788503942,False,False,False,False,0.15812733556543082,0.2371797711295872,False,False,False,False,-7934646,-15316304.053279493,False,False,False,False,2677696.5770976353,False,False,False,False
2023-04-21 00:00:00+00:00,30.8491240363,30.9630284943,29.9189042961,30.3555380517,2040644,,,,,,,,,,,30.132123818509523,29.26307736623,28.506308510791317,28.408792145049812,28.223197192792004,,,,,29.26307736623,,28.90669980667453,#000000,,30.058268697650966,,54.57758176730152,0.7224892032456438,True,False,True,False,True,0.0,0.0,0.0,0.0,0.0,0,1.0298151040730903,0.9751143936038459,False,False,False,False,0.18318272024052418,0.2101812456850557,False,False,False,False,-5894002,-14618355.753036568,False,False,False,False,2630507.4973126254,False,False,False,False
2023-04-28 00:00:00+00:00,30.9250603416,31.1433772194,29.9378883725,30.83013996,1795854,,,,,,,,,,,30.166933403030885,29.318629748029434,28.567985410686035,28.458750889125426,28.261256263463363,,,,,29.318629748029434,,28.95471114286703,#000000,,30.096659870421796,,54.900403403213105,1.1353103103321942,True,False,True,False,True,0.0,0.0,0.0,0.0,0.0,0,1.01813502923043,0.9770945486211232,False,False,False,False,0.17793889938413043,0.19406007253459306,False,True,False,False,-4098148,-13839081.10466349,False,False,False,False,2568681.312326505,False,False,False,False
2023-05-05 00:00:00+00:00,28.0015125868,31.3237259445,27.2753716672,30.7542036546,4098351,,,,,,,,,,,29.999301546148228,29.281257014331235,28.586250790647494,28.47835092438484,28.28202710216237,,,,,29.281257014331235,,28.925437475534835,#000000,,29.82769042759446,,52.30802232238554,1.1353103103321942,True,False,False,False,False,0.0,0.0,0.0,0.0,0.0,1,1.0178101876937982,0.9734325353226366,False,False,False,False,-0.34282825441539394,-0.07438409094040044,False,False,False,False,-8196499,-13421112.059873601,False,False,False,False,2681990.178080097,False,False,False,False
2023-05-12 00:00:00+00:00,29.1310651284,29.1927633765,27.9445603578,28.0774488921,3041699,,,,,,,,,,,29.890724060529074,29.250880294470125,28.593621466858476,28.48791109634558,28.2937956045789,,,,,29.250880294470125,,28.90338650455643,#000000,,29.691163859758536,,51.515000634750294,1.1353103103321942,True,False,False,False,False,0.0,0.0,0.0,0.0,0.0,1,1.052670562086187,0.9609555701895258,False,False,False,False,-0.34282825441539394,-0.2086061726778972,False,False,False,False,-5154800,-12808792.648031114,False,False,False,False,2708635.2760000895,False,False,False,False
2023-05-19 00:00:00+00:00,27.8021797853,29.3398899681,27.612339022,29.1690332811,3565775,,,,,,,,,,,29.738473659971863,29.1874111513604,28.577060777474944,28.478741499806326,28.29259876319088,,,,,29.1874111513604,,28.854857170360884,#000000,,29.515044180465225,,49.82524722974759,3.5241914038406605,True,False,False,False,False,0.0,0.0,0.0,0.0,0.0,1,1.0362105438518285,0.9592213763932833,False,False,False,False,-0.34282825441539394,-0.2757172135466456,False,False,False,False,-8720575,-12505961.711139921,False,False,False,False,2772127.1074074903,False,False,False,False
2023-05-26 00:00:00+00:00,27.0847534386,28.1154170448,26.4494320617,27.8021797853,3109166,,,,,,,,,,,29.549536568753958,29.084001376060307,28.52196682505489,28.437455375140654,28.26670593164381,,,,,29.084001376060307,,28.771933215330723,#000000,,29.301570638518058,,48.046353836344174,1.788368653918134,True,False,False,False,False,0.0,0.0,0.0,0.0,0.0,1,0.9993141738525827,0.9829865583711809,False,False,False,False,-0.34282825441539394,-0.30927273398101973,False,False,False,False,-11829741,-12455871.28809252,True,False,False,False,2797092.9513032315,False,False,False,False
2023-06-02 00:00:00+00:00,27.8203887172,27.849049832,25.7758958651,27.2471664222,3046455,,,,,,,,,,27.14844480476667,29.38533472305555,28.989358824050875,28.469548323655975,28.397425877452715,28.240947780041033,,,,,28.989358824050875,,28.4385100555038,#000000,3.4487619430861236,28.665653649045243,-0.24509228117057505,47.51710543161195,1.2625705012101704,True,False,False,False,False,0.0,0.0,0.0,0.0,0.0,1,0.9841499940422976,0.9981766492259359,False,False,False,False,-0.34282825441539394,-0.32605049419820686,False,False,False,False,-8783286,-12183827.933419,False,False,False,False,2815564.214169659,False,False,False,False
2023-06-09 00:00:00+00:00,28.2789665532,29.0193786843,27.4573479304,27.6388683238,3105225,,,,,,,,,,27.705442175709653,29.311476185335007,28.954348603914585,28.46139877621616,28.392960736961474,28.2411989703643,,,,,28.954348603914585,,28.511137574750197,#000000,3.283276024641171,28.748787119299166,-0.14309505584456997,47.59738255360572,1.2625705012101704,True,False,False,False,False,0.0,0.0,0.0,0.0,0.0,1,1.0119511512466761,0.971193045288948,False,False,False,False,-0.11580722627861093,-0.2209288602384089,False,False,False,False,-5678061,-11701919.271684261,False,False,False,False,2837020.5686756102,False,False,False,False
2023-06-16 00:00:00+00:00,29.4731796678,29.5305018973,28.0592313401,28.307627668,3396341,,,,,,,,,,28.173390913494657,29.29214869151535,28.957637190871008,28.48341367017103,28.413351705411557,28.26028496089874,,,,,28.957637190871008,,28.59670452206039,#000000,3.1265261905688577,28.86390273389549,0.1948734463643355,48.80009684555866,1.2625705012101704,True,False,False,False,False,0.0,0.0,0.0,0.0,0.0,1,1.043297179925329,0.9618630428021361,False,False,False,False,0.020948267682848333,-0.09999029627778029,False,False,False,False,-2281720,-11004126.733040983,False,False,False,False,2878451.7117366763,False,False,False,False
2023-06-23 00:00:00+00:00,28.9477258974,29.8362204546,28.4700406515,29.3585352088,2091585,,,,,,,,,,28.33714230122234,29.283982183595835,28.961384659061327,28.49763636906613,28.426511847286406,28.272526609656342,,,,,28.961384659061327,,28.629863994981402,#000000,2.9885926014380244,28.905997647696363,0.013962508534471969,49.14202538976079,1.2625705012101704,True,False,False,False,False,0.0,0.0,0.0,0.0,0.0,1,1.063825776070643,0.9154343887531178,False,False,False,False,0.08457007872525021,-0.007710108776265039,False,False,False,False,-4373305,-10512954.752815725,False,False,False,False,2820165.2886450705,False,False,False,False
2023-06-30 00:00:00+00:00,30.8011446512,30.9540039299,29.0146018318,29.0146018318,2381331,,,,,,,,,,28.6631422511678,29.32569676751204,29.003474880886866,28.543766335370325,28.466466081049195,28.305512720672063,,,,,29.003474880886866,,28.718009839443045,"rgba(38, 166, 154, 0.5)",2.8980302963794236,29.035827743213478,0.6091437036362163,51.05262440321625,1.2625705012101704,True,False,False,False,True,0.0,0.0,0.0,0.0,0.0,1,1.0776999877875884,0.892507617679406,False,False,False,False,0.235786851712279,0.11403837146800698,False,False,False,False,-1991974,-9881770.993347893,False,False,False,False,2787659.045041732,False,False,False,False
2023-07-07 00:00:00+00:00,30.5623020283,31.4985651101,30.0750630775,30.9062354053,1509550,,,,,,,,,,28.862287203966357,29.362389641574776,29.037960045119654,28.579223074509795,28.497118753252266,28.330610250346297,,,,,29.037960045119654,,28.77826482812819,"rgba(38, 166, 154, 0.5)",2.8028711180031727,29.124737574703065,0.5128899592861362,52.164526628992604,-1.4407013361655459,True,False,False,False,True,0.0,0.0,0.0,0.0,0.0,1,1.081237615700607,0.9112493108634638,False,False,False,False,0.34282823577941013,0.22843330362370856,False,False,False,False,-3501524,-9409160.104951752,False,False,False,False,2692984.300964567,False,False,False,False
2023-07-14 00:00:00+00:00,29.78845193,31.5654410445,29.7597908153,30.5718557332,3692997,,,,,,,,,,29.152167725841263,29.423742496422154,29.1006983907224,28.64815684215599,28.557682550898033,28.38137976313153,,,,,29.1006983907224,,28.877304628195223,#000000,2.645320400666684,29.500226132177747,0.10895685745651586,52.14007741867208,-1.413844625139248,True,False,False,False,True,0.0,0.0,0.0,0.0,0.0,1,1.0501873830396604,0.9516291551282516,False,False,False,False,0.3198540914144391,0.27414369751907386,False,False,False,False,-7194521,-9245112.763844214,False,False,False,False,2767059.3157079327,False,False,False,False
2023-07-21 00:00:00+00:00,30.1037241923,30.7724835365,29.5973778317,29.6164852415,2399344,,,,,,,,,,29.26376303479129,29.45164634047081,29.132059603910385,28.684967865161,28.59058865615662,28.40963844147878,,,,,29.132059603910385,,28.922110656994814,#000000,2.5332260423626587,29.530469062772504,0.22629450350701402,52.427351873852324,-1.0474693637609604,True,False,False,False,True,0.0,0.0,0.0,0.0,0.0,1,1.0117577844015475,0.9720579265405583,False,False,False,False,0.23424021472549744,0.2541919561222856,False,False,False,False,-4795177,-8915487.892448347,False,False,False,False,2739821.144174012,False,False,False,False
2023-07-28 00:00:00+00:00,29.6929148809,30.3903353398,29.1817916678,29.9986334382,2523503,,,,,,,,,,29.315103057864228,29.463307835180732,29.15090803113292,28.71172272362605,28.615239848495186,28.431776528899285,,,,,29.15090803113292,,28.9480096708664,#000000,2.4424729717852594,29.51635695496207,0.07228654235992538,52.174937797588754,-1.0474693637609604,True,False,False,False,True,0.0,0.0,0.0,0.0,0.0,1,1.0285888118599518,0.9694135686862838,False,False,False,False,0.16529934840651972,0.20974565226440267,False,False,False,False,-7318680,-8797205.826341063,False,False,False,False,2723797.5779389,False,False,False,False
2023-08-04 00:00:00+00:00,29.4827333727,30.1132778972,27.6579757336,29.8839889792,3796924,,,,,,,,,,29.283790817643148,29.442605148081388,29.148023532439304,28.725244323663663,28.629730913583764,28.447550474725016,,,,,29.148023532439304,,28.94615753502271,#000000,2.306838006999678,29.420949095947428,0.026783101615761126,51.75530628825678,-1.0474693637609604,True,False,False,False,True,0.0,0.0,0.0,0.0,0.0,1,0.981948746548799,0.9894687017191357,False,False,False,False,0.014279808020730355,0.11201273014256652,False,False,False,False,-11115604,-8968939.024389872,False,False,False,False,2803288.4240175,False,False,False,False
2023-08-11 00:00:00+00:00,29.329874094,30.4572112742,28.7853129138,29.6547000612,2112256,,,,,,,,,,29.300681687048197,29.44501172920576,29.15691854985801,28.741039258578258,28.64483132734051,28.461828452744054,,,,,29.15691854985801,,28.958385167462463,#000000,2.2433278796962086,29.419197720074557,-0.039817463547349226,51.274399253343766,-1.0474693637609604,True,False,False,False,True,0.0,0.0,0.0,0.0,0.0,1,1.0369562144907283,0.9713251571517326,False,False,False,False,0.028151750438547698,0.07008224029055711,False,False,False,False,-13227860,-9284414.652212845,False,False,False,False,2752100.8370532407,False,False,False,False
2023-08-18 00:00:00+00:00,28.5846851105,29.2916592744,28.3362887827,29.0910314711,2063760,,,,,,,,,,29.264498417826204,29.425179725024506,29.147446891573896,28.740973026873082,28.646335868966688,28.46535542970692,,,,,29.147446891573896,,28.94829822666188,#000000,2.151787974607904,29.36821394254828,-0.3641291992028412,50.05373121437498,-1.0474693637609604,True,False,False,False,False,0.0,0.0,0.0,0.0,0.0,1,1.019788903890406,0.979909383263298,False,False,False,False,-0.33574012470653253,-0.13282894220798772,False,False,False,False,-15291620,-9729392.826123005,False,False,False,False,2701112.626901149,False,False,False,False
2023-08-25 00:00:00+00:00,27.902001184,28.7757592089,27.4116489923,28.7470980941,2011598,,,,,,,,,,29.19172820576922,29.38806670724421,29.123372642350635,28.728074467446497,28.636735550794345,28.459991520161434,,,,,29.123372642350635,,28.92132818229439,"rgba(239, 83, 80, 0.5)",1.9980797491827003,29.28574183201202,-0.6925352446908243,48.419505915950666,1.5067425732183324,True,False,False,False,False,0.0,0.0,0.0,0.0,0.0,1,1.019459241044564,1.0322728068733023,False,False,False,False,-0.34282825441539394,-0.23782859831169084,False,False,False,False,-17303218,-10290416.913076855,False,False,False,False,2650037.469352916,False,False,False,False
2023-09-01 00:00:00+00:00,29.0076973026,29.1230742889,27.7673947,28.0558371658,1888293,,,,,,,,,,29.16242249005514,29.369667531999752,29.11364839347147,28.726478236426576,28.636677731366042,28.46196551842153,,,,,29.11364839347147,,28.911809983623414,#000000,1.8344883808168133,29.250089552540622,-0.1321307087443615,48.67842397391148,1.5067425732183324,True,False,False,False,False,0.0,0.0,0.0,0.0,0.0,1,0.9651050944921677,1.057869135350317,False,False,False,False,-0.24886400170548306,-0.24334630000858695,False,False,False,False,-15414925,-10670010.104700793,False,False,False,False,2593611.953104552,False,False,False,False
2023-09-08 00:00:00+00:00,27.1039770289,28.9019350652,27.0366737869,28.8250170743,1190729,,,,,,,,,,29.11501205587797,29.34411956845572,29.095962997952018,28.71555579655121,28.628072832590362,28.45637681312,,,,,29.095962997952018,,28.892516677424542,"rgba(239, 83, 80, 1.0)",1.7384975815105597,29.200394906095006,-1.2058790874897007,46.862964145695244,-0.06947445289158338,False,False,False,False,False,0.0,0.0,0.0,0.0,0.0,1,0.94777926608828,1.0664026190429279,False,False,False,False,-0.34282825441539394,-0.29308727721199046,False,False,False,False,-16605654,-11109687.430278512,False,False,False,False,2489694.69731903,False,False,False,False
2023-09-15 00:00:00+00:00,27.2770425083,27.7385504535,26.8059198143,27.2866572572,2488035,,,,,,,,,,28.99961795425282,29.28068378922767,29.05014922791859,28.684759821555907,28.60306848347511,28.438958063334024,,,,,29.05014922791859,,28.842872889960685,"rgba(239, 83, 80, 0.5)",1.6748636381850444,29.083482082213013,-1.0785591929564793,45.7909281854824,-1.1149378988733503,False,False,False,True,False,0.0,0.0,0.0,0.0,0.0,1,0.9551709521751971,1.0591618457696408,False,False,False,False,-0.34282825441539394,-0.3179577658136922,False,False,False,False,-14117619,-11332497.176183807,False,False,False,False,2489571.7567768795,False,False,False,False
2023-09-22 00:00:00+00:00,26.2001906363,27.3058867549,26.1136578966,27.2770425083,2013134,,,,,,,,,,28.880903201752478,29.214377009712184,29.00009944410804,28.648319320598834,28.572699540083338,28.41659106581052,,,,,29.00009944410804,,28.788831597010898,"rgba(255, 0, 0, 1.0)",1.6152458273707104,28.966771487543458,-1.7127924458080073,43.998695310367175,-2.8371592998544912,False,False,False,True,False,0.0,0.0,0.0,0.0,0.0,1,0.9098614536533194,1.0812094121052254,False,False,False,False,-0.34282825441539394,-0.33039301011454303,False,False,False,False,-16130753,-11687923.533503525,True,False,False,False,2454280.071089703,False,False,False,False
2023-09-29 00:00:00+00:00,26.9309115494,27.2530056362,25.950207166,26.1136578966,2035602,,,,,,,,,26.711374783866667,28.779951582026495,29.15460879649607,28.95486882786476,28.61560577472319,28.545402005452335,28.39652186247104,,,,26.711374783866667,28.95486882786476,,28.451190518985793,"rgba(239, 83, 80, 0.5)",1.5460117336942552,28.278414809495438,-0.8715996332547392,43.705731694267044,-3.1099387050305154,False,False,False,True,False,0.0,1.0,27.253006,25.950207,0.0,1,0.8972604400464378,1.096653615129387,True,False,False,False,-0.34282825441539394,-0.33661063226496846,False,False,False,False,-14095151,-11866236.67916993,False,False,False,False,2423266.8806386143,False,False,False,False
2023-10-06 00:00:00+00:00,27.161665522,27.3731899969,26.4694036043,26.9405262983,2084127,,,,,,,,,26.858105420042847,28.699073936660735,29.103224233107568,28.916127651313754,28.588167944103414,28.52256167767052,28.37991123363037,,,,26.858105420042847,28.916127651313754,,28.438167442361316,"rgba(239, 83, 80, 0.5)",1.5134943982435451,28.250425211639147,-0.7193681660815427,43.805434321383814,-3.1099387050305154,False,False,False,True,False,0.0,0.0,0.0,0.0,0.0,1,0.9123644939131448,1.123324041951309,False,False,False,False,-0.2662434633583219,-0.3014270478116452,False,False,False,False,-12011024,-11876961.665898085,False,False,False,False,2398145.4079987174,False,False,False,False
2023-10-13 00:00:00+00:00,28.1327551566,28.44042712,26.9693705449,26.9693705449,2120523,,,,,,,,,27.194321216981233,28.661416056048672,29.073457010730138,28.894991175251636,28.57557633034236,28.51255193560351,28.3735388464944,,,,27.194321216981233,28.894991175251636,,28.46940751020742,#000000,1.5134525152587412,28.304989659325592,-0.11380238295494105,45.13567585516941,-3.1099387050305154,False,False,False,True,False,0.0,0.0,0.0,0.0,0.0,1,0.9290175754499588,1.0575764422065903,False,False,False,False,-0.08909058839816646,-0.19525881810490583,False,False,False,False,-9890501,-11729816.431387115,False,False,False,False,2377580.785183998,False,False,False,False
2023-10-20 00:00:00+00:00,27.9212306817,28.8442465721,27.7289357046,28.2000583986,2049626,,,,,,,,,27.43426773964596,28.64105907140163,29.053103422515107,28.881293260598582,28.56893550334956,28.507638263087845,28.37115158682717,,,,27.43426773964596,28.881293260598582,,28.49392126391798,#000000,1.5138603682467462,28.349374731388153,-0.28281607648134816,45.83591785130506,-3.1099387050305154,False,False,False,True,True,0.0,0.0,0.0,0.0,0.0,0,0.941035960086608,1.0468586247428333,False,False,False,False,0.17441696875461604,-0.010420924675144896,False,False,False,False,-11940127,-11745394.992025107,False,False,False,False,2353287.8381333314,False,False,False,False
2023-10-27 00:00:00+00:00,26.2290348829,27.9596896772,26.185768513,27.7097062069,1991913,,,,,,,,,27.309742545947493,28.570199995836543,29.00491940835502,28.84387586318733,28.5414413012415,28.484391235012353,28.35378707435851,,,,27.309742545947493,28.84387586318733,,28.444051060562675,"rgba(239, 83, 80, 1.0)",1.534132249190142,28.26310635791931,-1.3258775285462403,44.51435644311572,-3.1099387050305154,False,False,False,True,True,0.0,0.0,0.0,0.0,0.0,0,0.9040097032199725,1.072007374651685,False,False,False,False,-0.1627651860539868,-0.08659305536456585,False,False,False,False,-13932040,-11907368.696319543,False,False,False,False,2326519.331604936,False,False,False,False
2023-11-03 00:00:00+00:00,31.9594252018,32.1228759324,26.5463215951,26.5463215951,4315575,,,,,,,,,28.167040864283756,28.695841914234936,29.058069912457974,28.89487394316637,28.59553180049744,28.533577892955336,28.396955618816563,,,,28.167040864283756,28.89487394316637,,28.62027027805891,"rgba(0, 255, 0, 1.0)",1.5889467261795676,28.576131444541232,2.129268213663457,49.0649927128493,-4.308585383384909,True,False,False,False,True,2.6268839974662797,0.0,0.0,0.0,0.0,0,0.9708515765514835,0.9692262833229365,False,False,False,False,0.34282822731478463,0.1281175859751094,False,False,False,False,-9616465,-11737672.126221798,False,False,False,False,2473856.7885230887,False,False,False,False
2023-11-10 00:00:00+00:00,32.5843838776,32.757449357,31.747900727,31.747900727,3170740,,,,,,,,,28.91585850437337,28.89134533744467,29.161850907963856,28.987493358988665,28.68320630434602,28.61215569218656,28.46360460135319,,,,28.91585850437337,28.987493358988665,,28.816502100950903,"rgba(0, 255, 0, 1.0)",1.6582385761038114,28.914396170604252,2.213184375205363,52.73156361053995,-0.951581330922977,True,False,False,False,True,3.6507161765123826,0.0,0.0,0.0,0.0,0,1.0763592923310665,0.9045782824378377,False,False,False,False,0.3428282413088887,0.23547291364199907,False,False,False,False,-6445725,-11345676.042797962,False,False,False,False,2525477.767151008,False,False,False,False
2023-11-17 00:00:00+00:00,34.3534976673,34.6130958865,32.3824741516,32.3920889004,4098665,,,,,,,,,29.828150264265904,29.20669655252602,29.34210211952399,29.147506770521712,28.832129004428662,28.745758440218992,28.576694161653283,,,,29.828150264265904,29.147506770521712,,29.097005330448365,"rgba(0, 255, 0, 1.0)",1.787465979635944,29.38379726908135,2.780304886826901,56.44404116222158,2.3784071284831896,True,False,True,False,True,6.451799034632291,0.0,0.0,0.0,0.0,0,1.0977529944902717,0.8663131734778234,False,False,False,False,0.3428282436752776,0.28915057865863836,False,False,False,False,-2347060,-10679111.891479595,False,False,False,False,2642010.154769452,False,False,False,False
2023-11-24 00:00:00+00:00,34.6970368243,34.81494876,34.0265962062,34.4881041513,2072976,,,,,,,,,30.233805849780836,29.374242866403197,29.442136191895678,29.236550230844312,28.9148080010487,28.82014988606275,28.639843890019463,,,,30.233805849780836,29.236550230844312,,29.23736241657928,"rgba(0, 255, 0, 1.0)",1.8930438992843583,29.61259844175582,2.685853394348798,59.296279152731586,4.845345674390934,True,False,True,False,True,6.980927886471694,0.0,0.0,0.0,0.0,0,1.1657914793251043,0.8300067836840079,False,False,False,False,0.34282824494305886,0.3159894118008486,False,False,False,False,-274084,-9908369.084703328,False,False,False,False,2599859.4766383814,False,False,False,False
2023-12-01 00:00:00+00:00,35.8954860071,35.9099833762,34.3490999648,34.5327333073,3361607,,,,,,,,,30.86805306524575,29.667020926518365,29.622901957876472,29.39768093911775,29.063991270258963,28.954656153631497,28.754229832749864,,,,30.86805306524575,29.39768093911775,,29.475504877914094,"rgba(0, 255, 0, 1.0)",2.0559088721104186,29.99287149473936,2.871048708643161,62.015380373705035,7.190296995667872,True,False,True,False,True,8.799962321879836,0.0,0.0,0.0,0.0,0,1.1915257118734714,0.7955232814648762,False,False,False,False,0.3428282457303186,0.32940882876558364,False,False,False,False,3087523,-8945710.411762342,False,False,False,False,2656285.2191096125,False,True,False,False
2023-12-08 00:00:00+00:00,35.2962614157,36.3835641017,35.1899473753,35.7891719667,2759813,,,,,,,,,31.304612144204725,29.89605240812238,29.769095556682807,29.528807322646426,29.185849908509315,29.064975084195844,28.848551843227156,,,,31.304612144204725,29.528807322646426,,29.656849181084095,"rgba(0, 255, 0, 1.0)",2.1779560692239666,31.751359136637134,1.6276279990927278,63.236433361397104,8.133507058922213,True,False,True,False,True,7.671953884835702,0.0,0.0,0.0,0.0,0,1.1730313688962675,0.8104479907587612,False,False,False,False,0.3428282460609748,0.33611853741327924,False,False,False,False,327710,-8258790.381261428,False,False,False,False,2663953.943620011,False,False,False,False
2023-12-15 00:00:00+00:00,33.3246192118,34.5327333073,30.4219559612,34.4457490924,15590981,,,,,,,,32.75976949343334,31.801573000982675,30.40711604335952,30.130929498014634,29.872373661884062,29.52531554062335,29.3807647186547,29.130115615106508,,,,31.801573000982675,29.872373661884062,,30.375994696507348,"rgba(38, 166, 154, 1.0)",2.2142566196554516,32.123217807472294,0.5425755053245129,61.93995083386103,8.133507058922213,True,False,True,False,True,4.09723236688539,0.0,0.0,0.0,0.0,0,1.052963978576969,0.8602590453382067,False,False,False,False,0.07951248468215719,0.20781551104771823,False,False,False,False,-15263271,-8777640.797464285,False,False,False,False,3621511.503351862,False,False,False,False
2023-12-22 00:00:00+00:00,31.6139296525,33.9398875583,31.4206313972,33.0540016544,6781386,,,,,,,,32.627928899335316,31.869245611463118,30.545251059508438,30.240609163759785,29.980787968330137,29.636385080639293,29.48628742413541,29.227110746158957,,,,31.869245611463118,29.980787968330137,,30.45170074416631,#000000,2.187534631170442,32.08293814228915,-0.214400486788274,59.400441602731476,8.133507058922213,True,False,True,False,False,1.1808345670034655,0.0,0.0,0.0,0.0,0,1.06436822740432,0.8831997511779579,False,False,False,False,0.0949988565371986,0.1514071837924584,False,False,False,False,-22044657,-9760382.738392856,False,False,False,False,3855576.280881354,False,False,False,False
2023-12-29 00:00:00+00:00,31.9522015992,32.290473546,31.5462752631,31.6912489546,4006658,,,,,,,,32.521868717317716,31.873533695243424,30.60176397730003,30.28906807893777,30.03039406847276,29.68891050884574,29.53695746386116,29.274735650655476,,,,31.873533695243424,30.03039406847276,,30.477154020079258,"rgba(38, 166, 154, 0.5)",2.1965733910186125,32.03493761286299,-0.03766594551371868,57.85444919941993,13.534008208532377,True,False,True,False,False,1.725969804384647,0.0,0.0,0.0,0.0,0,1.058341096834177,0.9429953639553736,False,False,False,False,0.037025871849638556,0.09421652782104847,False,False,False,False,-18037999,-10373539.498511905,False,False,False,False,3866767.519334587,False,False,False,False
2024-01-05 00:00:00+00:00,30.7440875037,31.8700498407,30.4638050335,31.6139296525,4279089,,,,,,,,32.31308100246514,31.813803832788746,30.619485889483332,30.310976505813983,30.056742429293326,29.720836394781518,29.56922160542099,29.30708610616551,,,,31.813803832788746,30.056742429293326,,30.46390422077657,#000000,2.194200567063914,31.91171585367401,-0.5321429442233838,55.654831055758976,11.488956230740321,True,False,True,False,False,0.0,0.0,0.0,0.0,0.0,0,1.0088058831386642,0.9626979878963225,False,False,False,False,-0.14354648006880455,-0.024664976123878038,False,False,False,False,-22317088,-11258246.79491843,False,False,False,False,3897309.8512357287,False,False,False,False
2024-01-12 00:00:00+00:00,30.3961506441,30.8648989132,29.9032400932,30.8020769802,4571603,,,,,,,,32.06328436921143,31.713977221613487,30.60959989902144,30.313350610899807,30.065853619101766,29.737434607126,29.587749002971854,29.32800761243092,,,,31.713977221613487,30.065853619101766,,30.427407117797088,#000000,2.198520939558242,31.751358417556595,-0.6164179513017977,53.77641758489243,9.740450011446086,True,False,False,False,False,0.0,0.0,0.0,0.0,0.0,0,1.0034185300112264,0.9862654882609613,False,False,False,False,-0.34282825441539394,-0.18374661526963598,False,False,False,False,-26888691,-12416057.476776322,False,False,False,False,3947257.4918849343,False,False,False,False
2024-01-19 00:00:00+00:00,31.0243699738,31.0920243632,29.6519523613,30.0385488719,3148717,,,,,,,30.589448899433336,31.942365136318987,31.662240779651615,30.60902387165679,30.319083181477538,30.07558547225374,29.751786210238826,29.60311936144948,29.34460135490695,,,30.589448899433336,31.662240779651615,30.07558547225374,,30.43302825193192,#000000,2.2070580502527917,31.59583935739807,-0.2589281163368658,53.01410974300911,9.026103112485906,True,False,False,False,False,0.19748028773695836,1.0,31.092024,29.651953,0.0,0,1.0013972026565128,0.9633811802970393,False,False,False,False,-0.34282825441539394,-0.26328743484251493,False,False,False,False,-23739974,-13254866.108126225,False,False,False,False,3888106.344337902,False,False,False,False
2024-01-26 00:00:00+00:00,32.2421489821,32.454777063,30.9277208462,31.1500138398,3973227,,,,,,,31.306573139993347,31.936034224319535,31.673908229215204,30.653094775323765,30.35880390074357,30.11681840515085,29.795973635191032,29.6462703326155,29.385916191191843,,,31.306573139993347,31.673908229215204,30.11681840515085,,30.54148809263829,"rgba(38, 166, 154, 0.5)",2.232447777726668,31.769531350454887,0.21170377930469841,53.536803902869785,9.026103112485906,True,False,False,False,False,2.1970846156141306,0.0,0.0,0.0,0.0,0,1.0391954443148,0.9246367535798554,False,False,False,False,-0.17083966613349003,-0.21706355048800247,False,False,False,False,-19766747,-13737227.655672431,False,False,False,False,3894411.57809065,False,False,False,False
2024-02-02 00:00:00+00:00,32.5610911034,33.0829963927,31.7260426405,32.3098033715,3547113,,,,,,,31.68895609749565,31.97627268415755,31.71046284553706,30.70746354177931,30.405555199190328,30.163729273547393,29.84450998640382,29.693133401385726,29.43003609696993,,,31.68895609749565,31.71046284553706,30.163729273547393,,30.62445768071853,"rgba(38, 166, 154, 0.5)",2.262548465393379,31.889703412120433,0.29673958438845577,54.18094237880515,9.026103112485906,True,False,True,False,False,2.7135037611459403,0.0,0.0,0.0,0.0,0,1.0933971376770162,0.9019941200504338,False,False,False,False,-0.08244331256526342,-0.14975343152663295,False,False,False,False,-16219634,-13921109.607104104,False,False,False,False,3868685.7574913427,False,False,False,False
2024-02-09 00:00:00+00:00,33.0829963927,33.1699806075,31.6525893035,32.329133197,2604836,,,,,,,31.874642461265903,32.01165908809555,31.741122378532417,30.74921264278209,30.44145539568837,30.199587538569883,29.881399366514536,29.728723318525176,29.46350024750949,,,31.874642461265903,31.741122378532417,30.199587538569883,,30.676811381942603,"rgba(38, 166, 154, 0.5)",2.2996512694541904,31.958379177049856,0.4890381557361355,55.089334887742055,9.026103112485906,True,False,True,False,False,3.5596605003851387,0.0,0.0,0.0,0.0,0,1.0661133824547897,0.9075551563728838,False,False,False,False,-0.08161311958009393,-0.11568327555336344,False,False,False,False,-13614798,-13898419.858429726,False,False,False,False,3775067.2569364286,False,False,False,False
2024-02-16 00:00:00+00:00,33.3826086884,33.7595402862,32.2228191566,33.0926613054,2605257,,,,,,,32.07923722010491,32.06824080294073,31.785432388246104,30.799511875774208,30.483933259491536,30.241383995799772,29.92367955932064,29.769283380697797,29.501305478535105,,,32.07923722010491,31.785432388246104,30.241383995799772,,30.739111995656756,"rgba(38, 166, 154, 1.0)",2.3452809556081236,32.045820670044826,0.5699905655902737,55.99845491126223,9.026103112485906,True,False,True,False,False,4.0461922743422924,0.0,0.0,0.0,0.0,0,1.0893172554852781,0.8696977832923588,False,False,False,False,0.3428282261372929,0.11357247529196474,False,False,False,False,-11009541,-13684428.831879377,False,False,False,False,3688414.645311508,False,False,False,False
2024-02-23 00:00:00+00:00,34.2717806627,35.3832456306,32.6480753183,33.1313209565,3098121,,,,,,,32.4093042071033,32.184422113205805,31.87056553943359,30.88070395673713,30.550843834952452,30.30593748077423,29.987508773864832,29.82999953146144,29.557147986995346,,,32.4093042071033,31.87056553943359,30.30593748077423,,30.841825936058676,"rgba(38, 166, 154, 1.0)",2.411289805275242,32.761445022707306,0.6263600653428284,57.40620988165038,9.026103112485906,True,False,True,False,True,5.4799566659793655,0.0,0.0,0.0,0.0,0,1.1163554007867413,0.8265016316860725,False,False,False,False,0.3428282340881645,0.2282003546900646,False,False,False,False,-7911420,-13256798.548036462,False,False,False,False,3644689.190103248,False,False,False,False
2024-03-01 00:00:00+00:00,33.4502630777,34.2911104882,32.9090279629,34.2331210116,3560790,,,,,,,32.58954396947537,32.26860420984273,31.93865915047968,30.954081128866065,30.613283980568056,30.36712427689486,30.04899467576013,29.888979805375342,29.612097074341452,,,32.58954396947537,31.93865915047968,30.36712427689486,,30.920152030178187,"rgba(38, 166, 154, 0.5)",2.434041317638214,32.77153906564723,0.2788465450994662,57.38058518058581,9.026103112485906,True,False,True,False,True,3.9754326657186745,0.0,0.0,0.0,0.0,0,1.1142008658775682,0.8582924602234194,False,False,False,False,0.260455437513111,0.2443278961015878,False,False,False,False,-11472210,-13124606.803737465,False,False,False,False,3638474.4352807854,False,False,False,False
2024-03-08 00:00:00+00:00,32.9283577884,33.7981999372,32.7930490097,33.3052893862,2078594,,,,,,,32.63882721245715,32.30002285704991,31.967200848959706,30.989126721757366,30.64402008786081,30.397681811822167,30.08015594629492,29.919096213427228,29.64047600349455,,,32.63882721245715,31.967200848959706,30.397681811822167,,30.9529564114582,"rgba(38, 166, 154, 0.5)",2.437924088083706,32.76029228176689,0.06893795727873467,56.727567412314755,9.026103112485906,True,False,True,False,True,3.0298039318067076,0.0,0.0,0.0,0.0,0,1.1328887549945648,0.8637058277359048,False,False,False,False,0.20229049131488314,0.2233091937082355,False,False,False,False,-13550804,-13156176.966423579,False,False,False,False,3522927.7363710976,False,False,False,False
2024-03-15 00:00:00+00:00,33.22471566,34.3040084426,32.290473546,32.8027139225,5746784,,,,,,,32.75886739115004,32.3852736428495,32.04565547649406,31.084677032478925,30.728488368529536,30.481722021514017,30.165840634038457,30.00202620579,29.7187861459682,,,32.75886739115004,32.04565547649406,30.481722021514017,,31.04125965764586,"rgba(38, 166, 154, 0.5)",2.457882483945241,32.79102457097698,0.17644907429702958,56.55669519518197,9.026103112485906,True,False,True,False,True,3.525684788234706,0.0,0.0,0.0,0.0,1,1.1237653352222248,0.8302859363498015,False,False,False,False,0.20259546645959095,0.21295233008391323,False,False,False,False,-7804020,-12759720.894836647,False,False,False,False,3687657.8299732385,False,False,False,False
2024-03-22 00:00:00+00:00,36.394530499,37.7937217731,32.5294955342,33.2344390184,9950918,,,,,,,33.45338545922975,32.80511663535434,32.37798900735434,31.38782597127181,30.983778092194562,30.726955376224122,30.405925330071373,30.230734695814917,29.929436041771282,,,33.45338545922975,32.37798900735434,30.726955376224122,,31.3667940676985,"rgba(0, 255, 255, 0.75)",2.5671517091029483,34.04436412341807,0.9154762327634923,59.05263707107092,4.1256268431452625,True,False,True,False,True,8.524612812398058,0.0,0.0,0.0,0.0,0,1.1323787708527027,0.7651517390602603,False,False,False,False,0.34282823895158776,0.2778902845177505,False,False,False,False,2146898,-11655526.902626526,False,False,False,False,4151603.0277529983,False,False,False,False
2024-03-29 00:00:00+00:00,36.102829747,36.948761928,35.3930245836,36.394530499,2295045,,,,,,,33.59853495172427,32.903685829061246,32.45818171718357,31.460850413220452,31.045796987710844,30.786523977266906,30.46413781334769,30.2862425998336,29.980623856649775,,,33.59853495172427,32.45818171718357,30.786523977266906,,31.442730905110928,"rgba(0, 255, 255, 0.75)",2.6655297666353857,34.170939620101066,0.7247677932846719,60.459032061480194,5.608903166219619,True,False,True,False,True,7.979638542545814,0.0,0.0,0.0,0.0,0,1.1924133653524271,0.782228199057749,False,False,False,False,0.3428282378815456,0.3103592611996481,False,False,False,False,-148147,-10803128.391320858,False,False,False,False,4014080.210882406,False,False,False,False
2024-04-05 00:00:00+00:00,35.1791106988,36.5598275919,35.0040902475,36.1222764638,3390802,,,,,,,33.74466862335796,33.01544605718264,32.5533276172291,31.55216052812777,31.124859906885476,30.86311492104904,30.539645477959652,30.35861937826618,30.0479124811879,,,33.74466862335796,32.5533276172291,30.86311492104904,,31.533306110138412,"rgba(38, 166, 154, 1.0)",2.7332846770113206,34.260414299272895,0.33611442205560726,60.292409600243616,5.608903166219619,True,False,True,False,True,6.266280278131141,0.0,0.0,0.0,0.0,0,1.1719525338665044,0.7951173959671376,False,False,False,False,0.26808832965768176,0.28922379542866494,False,False,False,False,-3538949,-10265041.029000796,False,False,False,False,3967911.4545207466,False,False,False,False
2024-04-12 00:00:00+00:00,34.6054325531,36.5112107999,34.2845617258,35.2666209244,4619672,,,,,,,33.871437625472026,33.12943378730952,32.65617083779053,31.657131397167134,31.217866139927192,30.954082020540127,30.630187455519415,30.445922810771375,30.12982344835541,,,33.871437625472026,32.65617083779053,30.954082020540127,,31.632450613650306,"rgba(38, 166, 154, 0.5)",2.76479767021597,34.30765209988273,0.10770424773759676,59.47382921644028,5.608903166219619,True,False,True,False,True,5.216632950483483,0.0,0.0,0.0,0.0,1,1.1456328318142919,0.8199009320901752,False,False,False,False,0.19680041778327587,0.2430121066059704,False,False,False,False,-8158621,-10109009.915741479,False,False,False,False,4016190.0134451357,False,False,False,False
2024-04-19 00:00:00+00:00,34.2262215754,35.3346844332,33.7983938057,34.8679632299,4107218,,,,,,,33.915090846312644,33.189869293860745,32.717664787851206,31.728136904036923,31.283249157265313,31.019114229153192,30.69601954221155,30.51001718763111,30.190855201816923,,,33.915090846312644,32.717664787851206,31.019114229153192,,31.694446350015514,"rgba(38, 166, 154, 0.5)",2.784833067617949,34.28162602144751,-0.019895069004944786,58.427310082276236,5.608903166219619,True,False,True,False,True,4.523818768150523,0.0,0.0,0.0,0.0,1,1.1203473451474746,0.8519403952543434,False,False,False,False,-0.0030091783789177157,0.12000146411352634,False,False,False,False,-12265839,-10268775.033093961,False,False,False,False,4022932.8272640146,False,False,False,False
2024-04-26 00:00:00+00:00,34.3234551594,35.1267990306,33.6719901465,34.2262215754,2111261,,,,,,,33.93214005457053,33.217025080629924,32.7462994368319,31.762232786140714,31.315028177103265,31.050863614170776,30.7282917774004,30.541528300861227,30.220992770362383,,,33.93214005457053,32.7462994368319,31.050863614170776,,31.723822444230123,"rgba(38, 166, 154, 0.5)",2.7980755028914777,34.26934510955318,0.019338309416920083,57.776673281739896,5.608903166219619,True,False,True,False,True,4.682718706558788,0.0,0.0,0.0,0.0,1,1.1486732897782455,0.8378487609247776,False,False,False,False,-0.07678703260122614,0.0216072157561501,False,False,False,False,-10154578,-10260315.993605519,False,False,False,False,3881327.5067259395,False,False,False,False
2024-05-03 00:00:00+00:00,32.1843163109,35.3152377164,31.3383841299,34.4790288938,3618263,,,,,,32.94597938573333,33.873119408392334,33.206775815579135,32.75204503463274,31.7878098988994,31.343269061820067,31.081108641304965,30.761145653110603,30.574669327331506,30.25422734423363,,32.94597938573333,33.873119408392334,32.75204503463274,31.081108641304965,,31.85801495710377,#000000,2.7866466809154407,34.082150925575725,-0.6810460140760529,54.85472856331419,9.224861214814744,False,False,True,False,False,0.8438913772206398,1.0,35.31524,31.338385,0.0,1,1.1063751208817303,0.918349626179008,False,False,True,False,-0.33481582082925715,-0.15660430253655352,False,False,False,False,-13772841,-10520503.031116221,False,False,False,False,3861841.246968462,False,False,False,False
2024-05-10 00:00:00+00:00,32.6607608726,32.7482710983,31.4258943556,32.2718265365,3081897,,,,,,32.6388685032072,33.79576408925906,33.177804559057925,32.740712168321586,31.796673877718053,31.356859293122287,31.097164705481813,30.780051263035038,30.594437966137292,30.275037887130427,,32.6388685032072,33.79576408925906,32.740712168321586,31.097164705481813,,31.82533743124708,#000000,2.783680585748476,33.88677286369173,-0.440428401652297,53.29605039940553,7.683372379201451,False,False,False,False,False,1.6470463707313172,0.0,0.0,0.0,0.0,1,1.0029485130028346,0.9831920132741359,False,False,False,False,-0.34282825441539394,-0.24971627847597372,False,False,False,False,-10690944,-10533128.288070576,False,False,False,False,3804067.599044872,False,False,False,False
2024-05-17 00:00:00+00:00,34.4012420266,34.8193464379,32.7288243814,32.7871645319,4601282,,,,,,33.18617576440702,33.80841687765302,33.21365230905984,32.78355651118696,31.85411613095789,31.412638832642923,31.153816709570183,30.83855480786528,30.652145617430925,30.331097704052684,,33.18617576440702,33.80841687765302,32.78355651118696,31.153816709570183,,31.923417126482672,"rgba(38, 166, 154, 0.5)",2.796486013377071,33.99510601231696,0.14523084054069255,53.93604549627922,7.683372379201451,False,False,False,False,False,4.493552607215051,0.0,0.0,0.0,0.0,1,1.0150320748394264,0.9774631272229745,False,False,False,False,-0.057420172654846204,-0.15356822556540997,False,False,False,False,-6089662,-10203982.637102386,False,False,False,False,3863120.517634141,False,False,False,False
2024-05-24 00:00:00+00:00,36.7896769808,36.8581319884,34.3526252346,34.362348593,8983417,,,,,,34.43237898841287,34.06371232332093,33.436452223607404,32.98645744398793,32.056399752843205,31.595292432237454,31.332698074484146,31.016277430717082,30.824233330781986,30.493630041246604,,34.43237898841287,34.06371232332093,32.98645744398793,31.332698074484146,,32.22375320416396,"rgba(38, 166, 154, 1.0)",2.83494379531761,34.4963360756348,0.8089546286430945,56.31567385673336,7.683372379201451,True,False,True,False,True,8.127352983867382,0.0,0.0,0.0,0.0,1,1.0141347649401034,0.9424870380279172,False,False,False,False,0.24329441077678932,0.04486309260568967,False,False,False,False,2893755,-9233779.849168876,False,False,False,False,4242401.73855013,False,False,False,False
2024-05-31 00:00:00+00:00,37.4253306234,37.4546684839,34.7751438978,36.8385734148,4182284,,,,,,34.7946469618663,34.19169297975271,33.54825457351874,33.088171528932456,32.156240109933606,31.685494253577108,31.420866560749882,31.103610070386715,30.908768299227763,30.573425572392562,,34.7946469618663,34.19169297975271,33.088171528932456,31.420866560749882,,32.34711709103378,"rgba(0, 255, 255, 0.75)",2.876470698973157,34.68411102177479,0.9529801929161914,58.46139928871165,3.9643497640817102,True,False,True,False,True,9.050403400283574,0.0,0.0,0.0,0.0,1,1.0157376621460779,0.9532011926093822,False,False,False,False,0.3327077448502035,0.18878541872794657,False,False,False,False,7076039,-8025645.119600812,False,False,False,False,4237948.572731602,False,False,False,False
2024-06-07 00:00:00+00:00,37.5035649179,37.8653985299,36.2811540666,37.4546684839,3077963,,,,,,35.0652942269366,34.30203305756274,33.642653513907966,33.173072357113476,32.23762524102114,31.758597898922424,31.492041100357696,31.173775333241842,30.976550862395683,30.63720579439065,,35.0652942269366,34.30203305756274,33.173072357113476,31.492041100357696,,32.445884938585024,"rgba(0, 255, 255, 0.75)",2.918871259703543,34.838502833233264,0.9130454369328421,60.050133588356815,5.472285118783269,True,False,True,False,True,9.164530137830006,0.0,0.0,0.0,0.0,1,1.028190122270539,0.9547342193508083,False,False,False,False,0.3428282395612254,0.265806829144586,False,False,False,False,10154002,-6679004.592222974,False,False,False,False,4152023.7154922243,False,False,False,False
2024-06-14 00:00:00+00:00,36.7310012599,38.2076735683,36.439578513,37.3764341894,2599248,,,,,,35.24298935545362,34.38642235757942,33.7167400956288,33.24054865793726,32.30312690632245,31.8178431766636,31.549868312471144,31.23091550429491,31.031851984423014,30.689391381709765,,35.24298935545362,34.38642235757942,33.24054865793726,31.549868312471144,,32.5209697732484,"rgba(38, 166, 154, 1.0)",2.9627842231917296,35.6324960638379,0.3707678701214051,60.19195276137078,5.6160157458876725,True,False,True,False,True,7.722057396352582,0.0,0.0,0.0,0.0,1,1.117780921882667,0.923214748419131,False,False,False,False,0.3428282402713764,0.3043175347079812,False,False,False,False,7554754,-5624652.10391016,False,False,False,False,4037003.29212243,False,False,False,False
2024-06-21 00:00:00+00:00,36.9559248565,37.371544546,36.5598637407,36.5745326709,2012509,,,,,,35.35059993656476,34.44467568425217,33.76932220473421,33.28909709193593,32.35096901921886,31.861437386159892,31.592542819065788,31.27320189485988,31.072859791134427,30.728211251510224,,35.35059993656476,34.44467568425217,33.28909709193593,31.592542819065788,,32.57329170794362,"rgba(38, 166, 154, 1.0)",3.0310174574072537,35.67034218224403,0.4241422863184903,60.4809560366177,5.962176627424441,True,False,True,False,True,8.062873608144272,0.0,0.0,0.0,0.0,1,1.1037030034371023,0.9255462739256746,False,False,False,False,0.29299433478162357,0.29865593474480234,False,False,False,False,9567263,-4499325.059176074,False,False,False,False,3887040.751965213,False,False,False,False
2024-06-28 00:00:00+00:00,37.0830555851,37.7040402975,36.0953476172,36.9265869961,2616703,,,,,,35.47176821935204,34.516543929296496,33.83516168453756,33.350331140343535,32.41170292870157,31.917008875287504,31.647016427350124,31.327243779186592,31.12532391673278,30.777959839245657,,35.47176821935204,34.516543929296496,33.350331140343535,31.647016427350124,,32.638006074003385,"rgba(38, 166, 154, 1.0)",3.0966544659694906,35.726986344641496,0.43791428955375844,60.79804980208239,6.376296548174594,True,False,True,False,True,8.257874687763103,0.0,0.0,0.0,0.0,1,1.0898217238842631,0.8863912870130478,False,False,False,False,0.2839627506678138,0.29130934270630804,False,False,False,False,12183966,-3263525.721459328,False,False,False,False,3792941.659227049,False,False,False,False
2024-07-05 00:00:00+00:00,37.4644477707,38.0609842661,36.6527669654,37.3177584685,1708532,,,,,,35.56173096765295,34.5692018505627,33.88244458144856,33.39387514587282,32.454185693477136,31.955695949064467,31.684834257069785,31.36464183045098,31.1615761982186,30.81225535810812,,35.56173096765295,34.5692018505627,33.39387514587282,31.684834257069785,,32.68404418319262,"rgba(38, 166, 154, 1.0)",3.160879593279398,35.793905053748816,0.5285056477643306,61.365747315371145,7.056323648438109,True,False,True,False,True,8.847816683249714,0.0,0.0,0.0,0.0,1,1.125189619212286,0.8719858566716515,False,False,False,False,0.3428282403606176,0.3170687915334628,False,False,False,False,13892498,-1992709.1494993782,False,False,False,False,3638540.943728749,False,False,False,False
2024-07-12 00:00:00+00:00,38.686858622,39.1367058153,37.5133442047,37.6111370728,1949886,,,,,,35.70804884874852,34.64854034326172,33.95062618804978,33.45522469215827,32.51194271938493,32.00760742065499,31.7352407660964,31.414120520306202,31.20934555650407,30.85715710821387,,35.70804884874852,34.64854034326172,33.45522469215827,31.7352407660964,,32.74978541633787,"rgba(0, 255, 255, 0.75)",3.2607393140878673,35.9343258748799,0.8441437606581778,62.79700403836941,8.562645604220783,True,False,True,False,True,10.706459564707618,0.0,0.0,0.0,0.0,0,1.1510604356319654,0.8308839726721238,False,False,False,False,0.34282824254196553,0.32994851703771416,False,False,False,False,15842384,-671591.1384253502,False,False,False,False,3513455.3923414345,False,False,False,False
2024-07-19 00:00:00+00:00,38.5206107462,39.22960904,38.119659987,38.6966379088,2023337,,,,,,35.85385221233429,34.73120002853981,34.02196740530018,33.5195404202155,32.572469331087184,32.06206605173194,31.78812142352108,31.466016148802492,31.259457241121677,30.90427301126718,,35.85385221233429,34.73120002853981,33.5195404202155,31.78812142352108,,32.817896327392134,"rgba(0, 255, 255, 0.75)",3.320293747768341,36.06614231755513,0.7392323134947262,63.55644140673411,9.404184910887182,True,False,True,False,True,10.373579265981853,0.0,0.0,0.0,0.0,0,1.1694774776282895,0.8324749526363185,False,False,False,False,0.34282823930162637,0.33638837816967027,False,False,False,False,13819047,401789.4644209719,False,False,False,False,3403076.252167995,False,False,False,False
2024-07-26 00:00:00+00:00,39.048692234,39.3518501251,37.8165020959,38.6673000484,2748722,,,,,,36.03741165209984,34.84131702798069,34.11781755149807,33.60631595586684,32.65433642815953,32.13590793578418,31.85986740952953,31.53645219703639,31.32751197797855,30.96831798915307,,36.03741165209984,34.84131702798069,33.60631595586684,31.85986740952953,,32.90852561250867,"rgba(0, 255, 255, 0.75)",3.399942595969035,36.22401310573834,0.8308020057781558,64.54356772635396,10.465066064162656,True,False,True,False,True,11.1770502039763,0.0,0.0,0.0,0.0,0,1.1374102222224598,0.857674945897209,False,False,False,False,0.32115198549753843,0.32877018183360435,False,False,False,False,16567769,1599269.4300194185,False,False,False,False,3354605.5668222173,False,False,False,False
2024-08-02 00:00:00+00:00,40.4275716742,41.0730046037,38.8726650714,39.1171472416,3506940,,,,,,36.344253219816146,35.020241429548555,34.26960394742398,33.741701811935165,32.77875796019815,32.247056229735115,31.967289006256262,31.64127018282918,31.428459856551022,31.062824619042278,,36.344253219816146,35.020241429548555,33.741701811935165,31.967289006256262,,33.05014582633358,"rgba(0, 255, 255, 0.75)",3.5303817810747256,36.50949743066429,1.1098160160862165,66.30365854413348,12.2490970483342,True,False,True,False,True,13.223415853269572,0.0,0.0,0.0,0.0,0,1.1402421596660166,0.8382655320711097,False,False,False,False,0.34282823521707123,0.3357992085253378,False,False,False,False,20074709,2967820.5092772394,False,False,False,False,3365889.5989094605,False,False,False,False
2024-08-09 00:00:00+00:00,40.7796259994,40.8871981543,39.0095750867,39.3811879855,3372091,,,,,,36.60557512029275,35.184403959786025,34.410888142339864,33.868660470570354,32.896141012843316,32.3523864174578,32.06922640106972,31.740844913492833,31.524467873336654,31.152868573482195,,36.60557512029275,35.184403959786025,33.868660470570354,32.06922640106972,,33.18054628846715,"rgba(0, 255, 255, 0.75)",3.673243516265935,36.74150196093739,1.0993346944140507,67.80954963098867,13.754316429642742,True,False,True,False,True,13.735185821995508,0.0,0.0,0.0,0.0,0,1.143408295961282,0.8448229234524806,False,False,False,False,0.33694733352463735,0.3363732710249876,False,False,False,False,23446800,4484781.953034481,False,False,False,False,3366348.961953204,False,False,False,False
2024-08-16 00:00:00+00:00,41.2588110531,41.4250589289,40.4080131006,40.750288139,2939247,,,,,,36.850874123757706,35.34081566412239,34.54499109165496,33.988846614936705,33.00639175856758,32.45111343009432,32.16461891113636,31.83383204225282,31.61404613958295,31.2367613985428,,36.850874123757706,35.34081566412239,33.988846614936705,32.16461891113636,,33.30322911746486,"rgba(0, 255, 255, 0.75)",3.8073416588625397,36.962780914187356,1.1283542491944627,69.2224613553762,15.152808288314702,True,False,True,False,True,14.432070851586378,0.0,0.0,0.0,0.0,0,1.1614753575935726,0.8442436706259355,False,False,False,False,0.34282823597659084,0.3396007535007892,False,False,False,False,26386047,6107097.882439334,False,False,False,False,3334711.7795863003,False,False,False,False
2024-08-23 00:00:00+00:00,41.7943603387,42.1579604639,41.1457763316,41.3077074872,6849551,,,,,,37.4055584737414,35.713989583447216,34.86751492930392,34.27902942479713,33.272550582941946,32.68996398147746,32.39541672537718,32.0587115097807,31.83075642105433,31.439819609504205,,37.4055584737414,35.713989583447216,34.27902942479713,32.39541672537718,,33.59533112414255,"rgba(0, 255, 255, 0.75)",3.951710469780541,37.46119053596739,1.0965301825296063,70.60044633271947,16.50798283169388,True,False,True,False,True,15.20771984828145,0.0,0.0,0.0,0.0,0,1.173720243373587,0.8571458765657494,False,False,False,False,0.34282823882973706,0.3412144961652631,False,False,False,False,33235598,8116616.40966605,False,False,False,False,3595070.240357686,False,False,False,False
2024-08-30 00:00:00+00:00,44.8407397662,44.860393827,41.8631495516,41.8631495516,3285517,,,,,,37.741053101219535,35.93688618085302,35.05773984290258,34.44882704794966,33.42571528117183,32.8265832495156,32.52694236750087,32.18629213023298,31.95342328091601,31.554329426512577,,37.741053101219535,35.93688618085302,34.44882704794966,32.52694236750087,,33.76577919087747,"rgba(0, 255, 0, 1.0)",4.194427520415193,37.772604236432045,1.6851252037055835,73.24606777731368,19.055402357236602,True,False,True,False,True,19.344736128449014,0.0,0.0,0.0,0.0,0,1.1756249357066832,0.7845835239318633,False,False,False,False,0.34282824295379233,0.3420213695595277,False,False,False,False,36521115,10220653.34228338,False,False,False,False,3572140.370701561,False,False,False,False
2024-09-06 00:00:00+00:00,43.25858787,44.9193560095,42.875333684,44.6245450972,2278770,,,,,,37.94802703942078,36.08127326859984,35.18255066962029,34.56103220794619,33.527676215570004,32.917959030460416,32.61506148109917,32.27190253976617,32.03584617555692,31.63143568366823,,37.94802703942078,36.08127326859984,34.56103220794619,32.61506148109917,,33.8772764311708,"rgba(0, 255, 0, 1.0)",4.368111438308913,37.962272067364026,1.2124955778798558,72.60661265865983,19.055402357236602,True,False,True,False,True,16.00771889112497,0.0,0.0,0.0,0.0,0,1.1941808244672842,0.7781461830536552,False,False,False,False,0.34282824309116644,0.3424248063253471,False,False,False,False,34242345,12000037.909521647,False,False,False,False,3476335.1580570014,False,False,False,False
2024-09-13 00:00:00+00:00,44.2216368503,44.3886963673,42.7279282278,43.3175500525,2396981,,,,,,38.15408766531702,36.22928073899428,35.31142107242417,34.67735156370163,33.633744638126686,33.013263303713295,32.70704473753256,32.361327119412884,32.122000931745646,31.71212193241324,,38.15408766531702,36.22928073899428,34.67735156370163,32.70704473753256,,33.992164370338145,"rgba(0, 255, 0, 1.0)",4.549399869911909,38.15040671051206,1.3345123122592215,72.70830353781001,19.055402357236602,True,False,True,False,True,17.275873686239738,0.0,0.0,0.0,0.0,0,1.2025516428803429,0.7970782619108636,False,False,False,False,0.29839605181405515,0.32041042906970113,False,False,False,False,36639326,13825170.360668192,False,False,False,False,3396382.9982009274,False,False,False,False
2024-09-20 00:00:00+00:00,44.9291830399,45.8725779594,44.3788693369,44.3788693369,3015799,,,,,,38.44805787097931,36.43785519568518,35.491883432103506,34.83961143552661,33.78057677854994,33.144807182346014,32.83378432951344,32.484284052839,32.240332504808876,31.822743034096433,,38.44805787097931,36.43785519568518,34.83961143552661,32.83378432951344,,34.15239358164483,"rgba(0, 255, 0, 1.0)",4.743473680731491,38.4225916536906,1.3716933673817748,73.17023632192307,19.055402357236602,True,False,True,False,True,18.191401408447515,0.0,0.0,0.0,0.0,0,1.2448193882869443,0.8208101065296892,False,False,False,False,0.34282824309303334,0.33161933608136723,False,False,False,False,39655125,15738500.333952028,False,False,False,False,3368191.5909267846,False,False,False,False
2024-09-27 00:00:00+00:00,46.0396374764,46.9240702134,44.9193560095,45.1060695873,2273682,,,,,,38.681666695847795,36.60446406450656,35.63598047377913,34.96911877682091,33.897449314169904,33.249452578990834,32.93454437438972,32.581949471376305,32.33429302104964,31.91053154925406,,38.681666695847795,36.60446406450656,34.96911877682091,32.93454437438972,,34.27994503201849,"rgba(0, 255, 0, 1.0)",4.962539521071034,38.64002171879408,1.491094574902027,74.07325737120432,19.9869710929175,True,False,True,False,True,19.59859794630087,0.0,0.0,0.0,0.0,0,1.1935435606429428,0.7825370241347372,False,False,False,False,0.34282824432130377,0.3372237902013355,False,False,False,False,41928807,17678523.04995558,False,False,False,False,3287116.8064136896,False,False,False,False
2024-10-04 00:00:00+00:00,46.1575618413,46.4916808753,45.7349995336,46.1673888717,2306137,,,,,,38.90933120237134,36.770512633302246,35.780438256382276,35.09937974058284,34.01533130042141,33.35523256534131,33.03646536759863,32.680792524166534,32.429441595992856,31.999512026143144,,38.90933120237134,36.770512633302246,35.09937974058284,33.03646536759863,,34.40764372123026,"rgba(0, 255, 0, 1.0)",5.168688222329341,38.85158391810026,1.4135071818874771,74.7778528710995,20.76429191102369,True,False,True,False,True,19.74690915906039,0.0,0.0,0.0,0.0,0,1.2226806771161964,0.7797436334784631,False,False,False,False,0.3428282424013927,0.3400260163013641,False,False,False,False,44234944,19645665.342551462,False,False,False,False,3214451.6355682313,False,False,False,False
2024-10-11 00:00:00+00:00,46.8356269397,46.8896756069,45.7300860184,46.2165240238,2177580,,,,,,39.12190284702401,36.92785878785641,35.91782091535518,35.22351076110851,34.12779500481593,33.456280852715096,33.13385532121994,32.77525371281312,32.520399471906146,32.08461349563991,,39.12190284702401,36.92785878785641,35.22351076110851,33.13385532121994,,34.52892911704543,"rgba(0, 255, 0, 1.0)",5.348886032133294,39.04928969753242,1.4556932406843888,75.62622890971828,21.684664596786988,True,False,True,False,True,20.0,0.0,0.0,0.0,0.0,0,1.2435709562348427,0.7647896480896567,False,False,False,False,0.34282824277256946,0.34142712953696674,False,False,False,False,46412524,21628395.61347358,False,False,False,False,3137646.329229844,False,False,False,False
2024-10-18 00:00:00+00:00,46.7177025747,47.1795730041,46.2066969934,46.6390863314,2170675,,,,,,39.32813343659568,37.08314890875547,36.05403360349975,35.34690764664106,34.239827459494855,33.557118492441795,33.23109214699019,32.86960216740911,32.61129048022725,32.169714455278275,,39.32813343659568,37.08314890875547,35.34690764664106,33.23109214699019,,34.64908687973334,"rgba(0, 255, 0, 1.0)",5.523160893389804,39.24111919863558,1.3536783592548423,76.0211399956633,22.174688358078967,True,False,True,False,True,20.0,0.0,0.0,0.0,0.0,0,1.268005335089951,0.7292725081357779,False,False,False,False,0.3428282415937042,0.34212768556533546,False,False,False,False,44241849,23303466.23469776,False,False,False,False,3066018.8233609665,False,False,False,False
2024-10-25 00:00:00+00:00,47.2385351865,47.6709245246,45.8332698377,46.5211619665,2088913,,,,,,39.52170265449656,37.231207068788436,36.18446257790418,35.46535730488233,34.347581146940485,33.654267321364884,33.3248178227242,32.96057675324067,32.69896979248607,32.251865813358386,,39.52170265449656,37.231207068788436,35.46535730488233,33.3248178227242,,34.76408082561862,"rgba(0, 255, 0, 1.0)",5.679561512832065,39.421263666363046,1.3763864521011129,76.58588348734585,22.841468888959895,True,False,True,False,True,20.0,0.0,0.0,0.0,0.0,0,1.2603045794583863,0.716154306680227,False,False,False,False,0.3428282398933473,0.3424779627293414,False,False,False,False,46330762,25009191.84694237,False,False,False,False,2993640.614223117,False,False,False,False
2024-11-01 00:00:00+00:00,48.8010330219,49.0565358126,47.3171514298,47.3859406427,2482228,,,,,,39.782728421273525,37.42741968178528,36.35622020486368,35.6207535693952,34.488040505279486,33.78054502970897,33.446462446980405,33.07844442437168,32.81245405885237,32.35801947186324,,39.782728421273525,37.42741968178528,35.6207535693952,33.446462446980405,,34.91510878143738,"rgba(0, 255, 0, 1.0)",5.856793637389935,39.66617864267142,1.5597022782075523,77.7530950622488,24.08147716709638,True,False,True,False,True,20.0,0.0,0.0,0.0,0.0,0,1.3597619560493512,0.6724808333672614,False,False,False,False,0.34282823906520626,0.34265310089727385,False,True,False,False,48812990,26772436.154576268,False,False,False,False,2955758.198354738,False,False,False,False
2024-11-08 00:00:00+00:00,48.4177788359,49.7051198197,47.9067732545,48.8796492652,4281770,,,,,,40.212395152032315,37.7585311813168,36.64815952320708,35.885994463116184,34.72867072633548,33.997509262158665,33.65565720611629,33.281291882827176,33.0079121971346,32.54108336526758,,40.212395152032315,37.7585311813168,35.885994463116184,33.65565720611629,,35.17172049595122,"rgba(0, 255, 0, 1.0)",6.015176332900171,40.06940352318692,1.3878853836838356,77.87359767448626,24.308493798252044,True,False,True,False,True,20.0,0.0,0.0,0.0,0.0,0,1.3673302066388529,0.6024960035306206,False,False,False,False,0.34282824030127,0.34274067059927193,False,False,False,False,44531220,28087901.624607656,False,False,False,False,3053981.2947729058,False,False,False,False
2024-11-15 00:00:00+00:00,47.4547298556,48.9287844172,46.7275296051,48.5357032008,3448121,,,,,,40.49292740115223,37.98880857821185,36.855173265338365,36.076225221694315,34.903489794439764,34.156411157053526,33.80934702447035,33.430767146349545,33.15229048833737,32.67683605034042,,40.49292740115223,37.98880857821185,36.076225221694315,33.80934702447035,,35.35422761273877,"rgba(0, 255, 255, 0.75)",6.137160382427452,40.33125689306917,1.1607115536572081,76.2419828389022,24.308493798252044,True,False,True,False,True,19.903097079985695,0.0,0.0,0.0,0.0,0,1.3118070013382768,0.6695053443161202,False,False,False,False,0.21005846706347553,0.27639956883137373,False,False,True,False,41083099,29050508.837599684,False,False,False,False,3083176.828493431,False,False,False,False
2024-11-22 00:00:00+00:00,49.1709716612,49.4571362564,47.2821672016,47.297497369,6225441,,,,,,41.00866637738372,38.416083275943656,37.24044911087534,36.430958658222,35.229630096691814,34.45329248924031,34.096549464008554,33.71007494156625,33.42216236367728,32.930716457283815,,41.00866637738372,38.416083275943656,36.430958658222,34.096549464008554,,35.69385832348927,"rgba(0, 255, 0, 1.0)",6.310644957665071,40.815581487705984,1.3240152519348034,76.09488118206731,24.308493798252044,True,False,True,False,True,20.0,0.0,0.0,0.0,0.0,0,1.289562565913277,0.7017678068195626,False,False,False,False,0.25728696950745156,0.26684326916941264,False,True,False,False,47308540,30402955.590370078,False,False,False,False,3315937.1374939177,False,False,False,False
2024-11-29 00:00:00+00:00,48.9637490232,49.763036341,48.4308908114,49.4077975331,1561409,,,,,,41.13443435527937,38.52206632667647,37.33654273433708,36.519733436113114,35.31147620991972,34.527981031855774,34.16885645998356,33.78043308419151,33.49018972205051,32.9947828631755,,41.13443435527937,38.52206632667647,36.519733436113114,34.16885645998356,,35.77864962235826,"rgba(0, 255, 255, 0.75)",6.455789914574904,40.934043642360066,1.2437990528024594,75.6372694826677,24.308493798252044,True,False,True,False,False,20.0,0.0,0.0,0.0,0.0,0,1.316089609259218,0.6991255613666004,False,False,False,False,0.34282823108943605,0.3048357501294243,False,False,False,False,45747131,31539561.17626859,False,False,False,False,3185972.090272146,False,False,False,False
2024-12-06 00:00:00+00:00,47.6020002596,49.9307880003,47.5625292809,49.0722942145,2789292,,,,,,41.330904219156416,38.69420673553356,37.4945209902357,36.66672026290221,35.44810336969324,34.653293739252135,34.29041369169511,33.89894155362628,33.60494744881198,33.10312661092781,,41.330904219156416,38.69420673553356,36.66672026290221,34.29041369169511,,35.91851786218344,"rgba(0, 255, 255, 0.75)",6.5751608024324195,43.35364357234891,0.646122097223759,73.1199754502904,26.47518768398095,True,False,True,False,False,18.584515379411947,0.0,0.0,0.0,0.0,0,1.2549202186140067,0.7102964044630808,False,False,False,False,0.2580918228990145,0.28146378651421944,False,False,False,False,42957839,32385359.533582028,False,False,False,False,3156588.379881616,False,False,False,False
2024-12-13 00:00:00+00:00,48.1743294501,48.8009312363,47.0592743031,47.5131905576,2940321,,,,,,41.51692838587141,38.862866370266,37.65096602162416,36.8132018171286,35.5852068629211,34.779613751932885,34.413156015408845,34.01879636211525,33.721164792872116,33.213087211925306,,41.51692838587141,38.862866370266,36.8132018171286,34.413156015408845,,36.05749875920657,"rgba(0, 255, 255, 0.75)",6.695784100191225,43.44015393295639,0.707038256655916,71.74170405828039,25.13096803138238,True,False,True,False,False,19.32762342564844,0.0,0.0,0.0,0.0,0,1.2396326210824096,0.7444801065818935,False,False,False,False,0.0537311238516641,0.16759745518294178,False,False,False,False,45898160,33386307.716279656,False,False,False,False,3140568.5739644594,False,False,False,False
2024-12-20 00:00:00+00:00,46.1613095386,48.736790896,45.8356739647,48.1052552375,2184686,,,,,,41.62627153681531,38.969678851156345,37.75219748171254,36.90915776782099,35.67630439562006,34.864257880035915,34.49567745429736,34.0996403268896,33.799752995499325,33.28774752690747,,41.62627153681531,38.969678851156345,36.90915776782099,34.49567745429736,,36.14806862167549,"rgba(38, 166, 154, 1.0)",6.753133619655989,43.427935508073645,0.40475639672972985,67.96613836381398,21.534992199239255,True,False,True,False,False,15.069600688510697,0.0,0.0,0.0,0.0,0,1.1985786618714156,0.7391809180364256,False,False,False,False,-0.16874151721866,-0.0005720310178591037,False,False,False,False,43713474,34151282.99655524,False,False,False,False,3069762.457374499,False,False,False,False
2024-12-27 00:00:00+00:00,46.2402514959,46.6941677505,45.7863352414,45.9244836667,1827894,,,,,,41.70321789527884,39.049523849459796,37.82912943012042,36.982759738042326,35.746920449892244,34.93028169146189,34.56020265493381,34.16300419666445,33.86146215642978,33.346546123541444,,41.70321789527884,39.049523849459796,36.982759738042326,34.56020265493381,,36.2173048185825,"rgba(38, 166, 154, 1.0)",6.808554326065774,43.405337806372145,0.4163752764187704,65.34009405876493,19.134294839285317,True,False,True,False,False,15.17766100046354,0.0,0.0,0.0,0.0,0,1.211112133189329,0.7887474958722771,False,False,False,False,-0.34282825441539394,-0.17170014271662654,False,False,False,False,45541368,34994992.99681041,False,False,False,False,2977772.2012726846,False,False,False,False
2025-01-03 00:00:00+00:00,46.2895902193,46.7287048568,44.9707661449,46.0231611133,1476490,,,,,45.99635374033333,41.760280984693054,39.11060535729103,37.88848816543852,37.03982556135186,35.801965453346064,34.98191774213893,34.61073022524694,34.212681874387414,33.90988949835595,33.39276156132995,,41.760280984693054,39.11060535729103,37.03982556135186,34.61073022524694,,37.53127386025831,"rgba(38, 166, 154, 1.0)",6.852042567655932,44.76395136399841,0.2226546084963263,63.51128009351787,17.518741005405516,False,False,True,False,False,15.246373738487147,0.0,0.0,0.0,0.0,0,1.1786573661238078,0.7976369170369757,False,False,False,False,-0.34282825441539394,-0.25726419856601024,False,False,False,False,47017858,35885575.58963927,False,False,False,False,2866566.112289523,False,False,False,False
2025-01-10 00:00:00+00:00,47.6612067276,48.0559165141,45.3521544762,46.4277386446,2262485,,,,,46.61764198296567,41.865331234877225,39.215796442631195,37.989099087136836,37.135746414503664,35.89355593278849,35.067402634060656,34.69419972439715,34.294563603736016,33.9895918272054,33.46864381303284,,41.865331234877225,39.215796442631195,37.135746414503664,34.69419972439715,,37.67629288843023,"rgba(38, 166, 154, 1.0)",6.911772038948327,44.95274356806861,0.39186233924802616,63.44960305858401,17.518741005405516,False,False,True,False,False,17.131896728956022,0.0,0.0,0.0,0.0,0,1.1651830387271471,0.7977716355684081,False,False,False,False,-0.15765665706255436,-0.2074604278142823,False,False,False,False,49280343,36877780.58299933,False,False,False,False,2821819.3632310396,False,False,False,False
2025-01-17 00:00:00+00:00,49.0920297039,49.3584588098,47.1086130264,47.266496941,3390631,,,,,47.52220509865426,42.058608172813244,39.39753976199077,38.160097979204366,37.297338263058236,36.046136501735525,35.20901970052278,34.832140988957434,34.429532884256325,34.12074776313933,33.593177623804074,,42.058608172813244,39.39753976199077,37.297338263058236,34.832140988957434,,37.90733671143323,"rgba(0, 255, 255, 0.75)",6.990887621930649,45.33200104257959,0.5378471039249831,64.5172310989414,17.518741005405516,False,False,True,False,False,19.01245215777924,0.0,0.0,0.0,0.0,0,1.185756977189464,0.7768283258405985,False,False,False,False,0.15575550366987684,-0.025852462072202737,False,False,False,False,52670974,38047646.76203641,False,False,False,False,2863953.558547259,False,False,False,False
2025-01-24 00:00:00+00:00,50.4833817015,50.5820591481,49.5558137031,49.5854169371,1424900,,,,,47.96941796623247,42.1568699178148,39.48555419219605,38.24175035453315,37.37389173654433,36.117688983486865,35.27508008490615,34.896337817101696,34.49219336498115,34.18153827453794,33.65074659057272,,42.1568699178148,39.48555419219605,37.37389173654433,34.896337817101696,,38.019032269233456,"rgba(0, 255, 255, 0.75)",7.079419331883949,45.54405600516553,0.6977020945897318,66.21228938465363,17.518741005405516,True,False,True,False,True,20.0,0.0,0.0,0.0,0.0,0,1.2348943672060424,0.7515519884449251,False,False,False,False,0.34282823686094205,0.15848788739436964,False,False,False,False,54095874,39236404.3352189,False,False,False,False,2757356.9986548694,False,False,False,False
2025-01-31 00:00:00+00:00,50.9274302114,52.1707660391,50.1084074043,50.3254977869,2010817,,,,,48.55931252858256,42.305992306781825,39.617138980037076,38.36327752798539,37.487543834471744,36.22354369930247,35.372643997193244,34.99107373292595,34.58458069941189,34.27111967767181,33.7355059413293,,42.305992306781825,39.617138980037076,37.487543834471744,34.99107373292595,,38.1776226984364,"rgba(0, 255, 255, 0.75)",7.153132755727285,45.84794698825777,0.7101061026828076,67.70074068150996,13.352792880341468,True,False,True,False,True,20.0,0.0,0.0,0.0,0.0,0,1.2247766495089532,0.7536600292743353,False,False,False,False,0.3428282404139113,0.25065806390414047,False,False,False,False,56106691,40486055.19927676,False,False,False,False,2702057.739495249,False,False,False,False
2025-02-07 00:00:00+00:00,50.5031171908,52.5802774426,49.4077975331,49.7729040857,2729408,,,,,49.025566203534495,42.49530260027871,39.78741564398999,38.521568796250286,37.63617026383689,36.36258174363691,35.50117824289541,35.11602185408381,34.7065581070707,34.38949967337896,33.84767922293045,,42.49530260027871,39.78741564398999,37.63617026383689,35.11602185408381,,38.354186312895614,"rgba(0, 255, 255, 0.75)",7.2230340501883585,46.139272124917625,0.6041567900082895,68.09914176751109,13.73696874419008,True,False,True,False,True,20.0,0.0,0.0,0.0,0.0,1,1.2011971602927431,0.7478863480912296,False,False,False,False,0.3225825595532896,0.28662031172871505,False,False,False,False,53377283,41440960.9622933,False,False,False,False,2704083.6847178233,False,False,False,False
2025-02-14 00:00:00+00:00,50.2761590636,50.7300753181,49.5262104691,50.5623236588,2276146,,,,,49.193952843577065,42.634989813120384,39.917345240984645,38.64369097490778,37.75159696879897,36.47138015883673,35.602247638763195,35.21445563850834,34.80282455420371,34.483064748338805,33.936551362298815,,42.634989813120384,39.917345240984645,37.75159696879897,35.21445563850834,,38.471554858003955,"rgba(0, 255, 255, 0.75)",7.238910973321433,46.28863356466246,0.5508460476490621,68.02190239399275,13.73696874419008,True,False,True,False,True,19.86763842614942,0.0,0.0,0.0,0.0,0,1.1737750788213541,0.7985668200859187,False,False,False,False,0.20669922049595307,0.24665976611233406,False,False,False,False,51101137,42156529.55767898,False,False,False,False,2672384.5969609474,False,False,False,False
2025-02-21 00:00:00+00:00,53.4535728454,54.6574376944,50.1774816169,50.2268203402,3419723,,,,,49.836616780179014,42.90431355466258,40.15423555326872,38.86249948839326,37.95633868492743,36.66188977338831,35.777981518878676,35.38508795795017,34.96917148319693,34.64438868575222,34.08923882636469,,42.90431355466258,40.15423555326872,37.95633868492743,35.38508795795017,,38.71525234805973,"rgba(0, 255, 255, 0.75)",7.322134144685654,49.1740788812734,0.5844599237822782,69.94877441353125,15.642211074325402,True,False,True,False,True,20.0,0.0,0.0,0.0,0.0,0,1.160398851262833,0.7501181184520965,False,True,False,False,0.3428282431381601,0.2947440046252471,False,False,False,False,54520860,43072405.8867398,False,False,False,False,2727742.9971860624,False,True,False,False
2025-02-28 00:00:00+00:00,53.3154244201,54.4046260761,52.6838887616,53.670663228,2421423,,,,,50.24727698836059,43.099545411303765,40.32584548236452,39.02102964401317,38.10471114893522,36.79990352311308,35.905329843607014,35.50873739147358,35.08970085083932,34.76128611210852,34.19989031748619,,43.099545411303765,40.32584548236452,38.10471114893522,35.50873739147358,,38.88633663961188,"rgba(0, 255, 255, 0.75)",7.359575699179858,49.484856280212,0.5204876335893759,71.11266759586834,16.811708451744195,True,False,True,False,True,20.0,0.0,0.0,0.0,0.0,0,1.2017289813768413,0.8036914197105438,False,False,False,False,0.3428282447896158,0.31878612470743145,False,False,False,False,52099437,43741074.858092405,False,False,False,False,2705052.627024132,False,False,False,False
2025-03-07 00:00:00+00:00,48.8552038319,53.8778858659,48.1249907268,53.522647058,2545706,,,,,50.25139447582629,43.23651762615708,40.45901392223835,39.14812712079481,38.22598908885606,36.91534102945236,36.01335090337846,35.614211456208764,35.19308657214913,34.861988126697845,34.29587938325247,,43.23651762615708,40.45901392223835,38.22598908885606,35.614211456208764,,38.991902032175915,"rgba(38, 166, 154, 1.0)",7.301311402202927,49.32281229387711,-0.06404444848579151,66.53059675110119,21.010644696062172,True,False,True,False,False,14.30248106670663,0.0,0.0,0.0,0.0,1,1.0844463129344029,0.8280746695015231,False,False,False,False,0.11235935262421158,0.21557273866582152,False,False,False,False,49553731,44171641.97971519,False,False,False,False,2693249.1731704925,False,False,False,False
2025-03-14 00:00:00+00:00,46.1292323274,49.4374007671,45.4550892373,48.3223456201,6107899,,,,,49.59233745791605,43.40141165001167,40.66254397301905,39.35526662721286,38.430857682776185,37.11843052259246,36.207979278679915,35.80603385811712,35.38283419945323,35.048109833188896,34.47529983908546,,43.40141165001167,40.66254397301905,38.430857682776185,35.80603385811712,,39.100580508296744,"rgba(38, 166, 154, 0.5)",7.19658385951719,48.53760205290537,-0.33465457674343674,60.99879278496157,15.848475373321506,False,True,True,False,False,9.421322830388057,0.0,0.0,0.0,0.0,1,1.0360755918650897,0.9047434865073769,False,False,False,False,-0.2643777575427638,-0.02440250943847115,False,False,False,False,43445832,44117878.27751406,False,False,False,False,2946186.1973800855,False,False,False,False
2025-03-21 00:00:00+00:00,44.7809461472,46.8926002382,44.483530078,46.1986294102,2187066,,,,,49.30708342867948,43.4320034947514,40.71453156060577,39.411646995820824,38.48847629869833,37.17757688189021,36.265790874060606,35.863441506987755,35.44003174427221,35.10452591181932,34.530165526970826,,43.4320034947514,40.71453156060577,38.48847629869833,35.863441506987755,,39.1205108697586,"rgba(38, 166, 154, 0.5)",7.0898841767684555,48.265869535786805,-0.49153460080573885,56.094751949672364,11.419849504621368,False,True,True,False,False,7.15496808927098,0.0,0.0,0.0,0.0,0,0.9923150134496467,0.9794995502298853,False,False,False,False,-0.34282825441539394,-0.18361538192693255,False,False,False,False,41258766,43906092.18288339,False,False,False,False,2889955.0716482275,False,False,False,False
2025-03-28 00:00:00+00:00,44.5727548987,45.6285819443,43.2145548496,45.207242513,3503853,,,,,48.83328074089296,43.45707075711842,40.77964214911205,39.48632365455796,38.56685319397832,37.26023579084161,36.34777775069321,35.94530357156285,35.522021111205156,35.18571695690572,34.6096211325742,,43.45707075711842,40.77964214911205,38.56685319397832,35.94530357156285,,39.138422567686824,"rgba(38, 166, 154, 0.5)",6.9675991459278075,47.8405905744264,-0.4690045462268419,52.447077860725884,8.25244252691283,False,True,False,False,False,6.80892456198395,0.0,0.0,0.0,0.0,0,0.9608294453445962,1.020007052740038,False,False,False,False,-0.34282825441539394,-0.26322181817116325,False,False,False,False,37754913,43450449.28044759,False,False,False,False,2935428.992266877,False,False,False,False
2025-04-04 00:00:00+00:00,39.4373707712,45.177500906,38.9416773226,44.2555110916,4339883,,,,,48.00551620572955,43.3912187279921,40.78817042692016,39.51682474618767,38.608660854564725,37.314567139038154,36.40691170420568,36.006306367659384,35.58499169541659,35.24944325455767,34.67407792237029,,43.3912187279921,40.78817042692016,38.608660854564725,36.006306367659384,,39.08726111222717,#000000,6.774522191310772,47.10960058522777,-1.1325123156092727,46.94446467384039,3.327749182817513,False,True,False,False,False,0.0,0.0,0.0,0.0,0.0,0,0.8832798368080164,1.0185602505041376,False,False,False,False,-0.34282825441539394,-0.3030250362932786,False,False,False,False,33415030,42707084.88930333,True,False,False,False,3039462.6224693307,False,False,False,False
2025-04-11 00:00:00+00:00,41.1326423654,41.5440679278,36.8399371005,38.2576203635,5732378,,,,39.838882464566666,46.98401393161629,43.26021080273742,40.76253529969477,39.524283845104286,38.63406784702543,37.35988943322649,36.46144214418607,36.06434555157201,35.64656104352984,35.312939469583384,34.74009217908135,39.838882464566666,43.26021080273742,40.76253529969477,38.63406784702543,36.06434555157201,,39.453623236325924,#000000,6.703353446083583,44.93751045012991,-0.5676066636398078,44.47333484066102,1.3344903215735968,False,True,False,True,False,1.345316312611871,1.0,41.544067,36.839935,0.0,0,0.8579292943144741,1.0782897343482978,True,False,False,False,-0.34282825441539394,-0.32292664535433624,False,False,False,False,39147408,42443405.1197253,False,False,False,False,3238937.8356197504,False,False,False,False
2025-04-18 00:00:00+00:00,40.7757430824,42.1042015247,39.8240116611,41.9654073591,2531771,,,,40.164366115958636,46.66557292934259,43.22240449345078,40.764171044944604,39.53822720003229,38.6545613261688,37.38775104327165,36.49238204292649,36.09648206389183,35.67993849283918,35.34687995138222,34.77467782377499,40.164366115958636,43.22240449345078,40.764171044944604,38.6545613261688,36.09648206389183,,39.46658567528269,#000000,6.639462055964743,44.77649703013306,-0.6025720026728479,42.52276744798049,-0.25074100832088675,False,True,False,True,False,0.8357367658556925,0.0,0.0,0.0,0.0,0,0.8977102165906927,1.0727863098815968,False,False,False,False,-0.25382236838556843,-0.28837450686995236,False,False,False,False,36615637,42011718.59233825,False,False,False,False,3186555.107055324,False,False,False,False
2025-04-25 00:00:00+00:00,42.1339431316,43.2046409806,39.9231503508,40.3494467166,3170272,,,,40.60507852148014,46.3633985534134,43.193512959356916,40.7785659424596,39.56596872887746,38.68924865953572,37.43034440672134,36.53789749275048,36.14316069849768,35.72786820265807,35.395238219929674,34.82339325039226,40.60507852148014,43.193512959356916,40.7785659424596,38.68924865953572,36.14316069849768,,39.50350441657508,#000000,6.601450505300318,44.6639246648892,-0.383246307952756,42.28124536334231,-0.3122583612551466,False,True,False,True,False,2.709449936042649,0.0,0.0,0.0,0.0,0,0.9066806418831777,1.0624575130104585,False,False,False,False,-0.2246300296502406,-0.2565022682600965,False,False,False,False,39785909,41846843.8077206,False,False,False,False,3185348.950977152,False,False,False,False
2025-05-02 00:00:00+00:00,47.0214805349,47.4378630317,41.2516087931,42.2826511662,5662303,,,,42.13912989679915,46.2518799645605,43.26288188079263,40.891448579714634,39.690012521512635,38.81756807509729,37.56403508885656,36.67025796228023,36.27522602113879,35.8600253122621,35.52614651092273,34.95161894712298,42.13912989679915,43.26288188079263,40.891448579714634,38.81756807509729,36.27522602113879,,39.74224653030145,"rgba(38, 166, 154, 1.0)",6.603670778649987,44.995175776312784,0.30684521177802576,45.433536765377156,-0.3122583612551466,False,True,False,True,False,8.846524045901536,0.0,0.0,0.0,0.0,0,0.9111810276085605,1.0210793179956577,False,False,False,False,-0.09331733955673724,-0.17490980390841687,False,False,False,False,45448212,42113611.82196352,False,False,False,False,3368827.028682548,False,False,False,False
2025-05-09 00:00:00+00:00,46.8132892864,47.8790302009,46.258112624,46.7934615485,3063270,,,,42.87521862210132,46.2890723539643,43.3299780358842,40.97376607132023,39.775309039506254,38.90323590377268,37.650501871694374,36.7544577174355,36.35870060558603,35.94303504880714,35.60800367001417,35.03123781858901,42.87521862210132,43.3299780358842,40.97376607132023,38.90323590377268,36.35870060558603,,39.8853275270072,"rgba(38, 166, 154, 1.0)",6.613230640173507,45.22585954501126,0.24003846648649332,47.54771483188702,-0.3122583612551466,False,True,False,False,True,8.538267998678855,0.0,0.0,0.0,0.0,0,0.9711947164024396,1.0239586526194824,False,False,False,False,0.1106512384057704,-0.032129282751323235,False,False,False,False,42384942,42133710.35366993,False,False,False,False,3346193.1747060632,False,False,False,False
2025-05-16 00:00:00+00:00,49.6883112884,49.8965025368,47.7055374939,48.3598528461,2871649,,,,43.65094058618824,46.41679305421216,43.425848742417884,41.07537385285591,39.87639543219791,39.00250964297353,37.74816111273262,36.848202785137,36.45111161310184,36.03441636745906,35.697745088936244,35.1179540105407,43.65094058618824,43.425848742417884,41.07537385285591,39.00250964297353,36.45111161310184,,40.052975318927615,"rgba(38, 166, 154, 1.0)",6.654198639178968,45.53533977181877,0.624112946092281,50.64521532456718,-7.261458593483681,False,True,False,False,True,11.811789698740835,0.0,0.0,0.0,0.0,0,0.9949065185820174,0.9740082008531097,False,False,False,False,0.34282824670745077,0.15534948197806375,False,False,False,False,45256591,42365034.84599067,False,False,False,False,3311041.754357466,False,False,False,False
2025-05-23 00:00:00+00:00,48.8065269307,50.768348152,47.8206370784,49.4008090882,5600339,,,,44.72298932206507,46.638028613442415,43.60503612092635,41.267227351760084,40.0680852540391,39.19130939830469,37.93447600229715,37.02750075261584,36.62801870916489,36.209494577858614,35.86981814509417,35.28444645075019,44.72298932206507,43.60503612092635,41.267227351760084,39.19130939830469,36.62801870916489,,40.32921661024742,"rgba(38, 166, 154, 1.0)",6.647010300877275,46.595550991027054,0.33262712702297803,52.23603944138743,-5.756548064307225,False,True,False,False,True,10.493915608770106,0.0,0.0,0.0,0.0,0,0.9890977179648794,0.9696955092741596,False,False,False,False,0.3428282470839578,0.24908886453101078,False,False,False,False,39656252,42164384.26480618,False,False,False,False,3480619.3281087647,False,False,False,False
2025-05-30 00:00:00+00:00,46.4065324418,50.6189709016,46.3268645749,49.8222922331,3637498,,,,45.06804806858532,46.695637434050816,43.68857279405901,41.36649061239376,40.17050446644875,39.294091743108616,38.038081243200565,37.12852249137256,36.728199533039565,36.309123951897625,35.968120416994836,35.380162513948584,45.06804806858532,43.68857279405901,41.36649061239376,39.294091743108616,36.728199533039565,,40.44872723381566,"rgba(38, 166, 154, 0.5)",6.571831693306243,46.59388677822748,-0.02850869364446833,51.798071345431445,-5.756548064307225,False,True,False,False,True,7.035181845493913,0.0,0.0,0.0,0.0,0,0.9556118105362077,0.9766868830431925,False,False,False,False,0.28370011992614586,0.2663944922285783,False,False,False,False,36018754,41709152.39333905,False,False,False,False,3492239.9704710785,False,False,False,False
2025-06-06 00:00:00+00:00,47.6314258946,48.0297652289,45.8388988904,46.4065324418,3063541,,,47.1666966713,45.25001088571916,46.714769341649365,43.74615804267311,41.43995490947748,40.2478511464123,39.37260976074506,38.11824101476218,37.20729831883379,36.80655309697216,36.38726820167521,36.04540113978246,35.45568934304834,45.25001088571916,43.74615804267311,41.43995490947748,39.37260976074506,36.80655309697216,,41.60701431885446,"rgba(38, 166, 154, 1.0)",6.510050244475355,46.68262328348334,0.1457442839126852,52.2017710498334,-5.626487987938326,False,True,False,False,True,8.437585344555433,0.0,0.0,0.0,0.0,0,0.9604016951840477,1.0120826680754789,False,False,False,False,0.17765541903192258,0.22202495563025043,False,False,False,False,39082295,41514570.36420283,False,False,False,False,3460484.4911769247,False,False,False,False
2025-06-13 00:00:00+00:00,46.1276949078,48.7268590639,45.9882761408,47.8704294952,2897803,,,47.06019889081869,45.378684751467596,46.72338353954986,43.79552196996941,41.505158666875914,40.31718833939047,39.44340446180665,38.19097443286606,37.2790685544798,36.87804823537897,36.458675208172735,36.116104871388295,35.5249247905054,45.378684751467596,43.79552196996941,41.505158666875914,39.44340446180665,36.87804823537897,,41.65716318426034,"rgba(38, 166, 154, 0.5)",6.398274604196157,46.63651277665423,-0.07952423119203633,51.53661925343707,-5.626487987938326,False,True,False,False,True,6.3351961963719,0.0,0.0,0.0,0.0,0,0.969188201323121,0.9887361211638208,False,False,False,False,0.20633918502013088,0.21418207032519065,True,False,False,False,36184492,41119749.744632244,False,False,False,False,3418804.380719375,False,False,False,False
2025-06-20 00:00:00+00:00,46.356740025,47.8554917702,46.2671136748,46.6554945257,1436775,,,47.01480265805516,45.43112328563323,46.72524002982548,43.818517870927295,41.536211477815776,40.3504187586726,39.47745826906332,38.22610136443284,37.3138215214667,36.9127020463469,36.49331814193559,36.150433536395965,35.55858349706024,45.43112328563323,43.818517870927295,41.536211477815776,39.47745826906332,36.9127020463469,,41.68063972822394,"rgba(38, 166, 154, 0.5)",6.270979519132671,46.61701109744108,-0.0415040539754587,51.20661500496233,-5.626487987938326,False,True,False,False,True,6.60305928292966,0.0,0.0,0.0,0.0,0,0.9862878418809524,0.9971719996343513,False,False,False,False,0.15428134032778307,0.18423170532648686,False,False,False,False,37621267,40860602.87465948,False,False,False,False,3271987.389554977,False,False,False,False
2025-06-27 00:00:00+00:00,48.5774818135,49.4538283489,45.9185667573,46.2272797413,2340760,,,47.24758117698427,45.57333343855637,46.76110637188873,43.86936885397811,41.5969278521248,40.41337854546842,39.54089838275966,38.290337343879386,37.37672154396526,36.9751731242916,36.55552790892755,36.21190158277927,35.6185781614199,45.57333343855637,43.86936885397811,41.5969278521248,39.54089838275966,36.9751731242916,,41.76448266338965,"rgba(38, 166, 154, 1.0)",6.174246945719622,46.72979133071409,0.29925762591450006,52.32090766565308,-4.838948336801771,False,True,False,False,True,9.144734992424453,0.0,0.0,0.0,0.0,0,0.9830072561213011,0.9518794876096193,False,False,False,False,0.19513121309805267,0.18968145921226975,False,False,False,False,39962027,40794041.69875878,False,False,False,False,3203007.582921275,False,False,False,False
2025-07-04 00:00:00+00:00,50.628929385,50.768348152,48.3882706297,48.7965684474,1824655,,,47.670616317528655,45.75462842634893,46.82996694859374,43.926494261377236,41.65764589879276,40.47416833313405,39.60094232881289,38.34975826637666,37.434139323449315,37.03190247125233,36.611731333109,36.267220730845416,35.67223887129615,45.75462842634893,43.926494261377236,41.65764589879276,39.60094232881289,37.03190247125233,,41.87302625756666,"rgba(0, 255, 255, 0.75)",6.128093398290255,46.95015147027084,0.6003136172427698,54.22163398897713,-2.7460362781437055,False,True,True,False,True,11.373467755072095,0.0,0.0,0.0,0.0,0,1.0237743265354213,0.9364173897895937,False,False,False,False,0.3428282402633503,0.26625484973781,False,False,False,False,41786682,40867570.60996183,False,False,False,False,3100907.391593773,False,False,False,False
2025-07-11 00:00:00+00:00,50.8380575355,51.3758156367,50.0015449335,50.4994691013,2549224,,,48.22477115555483,46.02854654645985,46.94518214444373,44.01505377371664,41.749171619827415,40.56497403653829,39.69016521325868,38.437502978740376,37.518627160171185,37.11525768492267,36.69419468263718,36.34830222197608,35.75075905170918,46.02854654645985,44.01505377371664,41.749171619827415,39.69016521325868,37.11525768492267,,42.02892523136337,"rgba(0, 255, 255, 0.75)",6.082664716360231,47.269590245901576,0.5866618424652769,55.68854437550649,-1.1033355018387994,False,True,True,False,True,11.596673587015047,0.0,0.0,0.0,0.0,0,1.039664077721747,0.9444058385598162,False,False,False,False,0.3428282346873999,0.304541542212605,False,False,False,False,44335906,41124484.34255725,False,False,False,False,3060041.9551794194,False,False,False,False
2025-07-18 00:00:00+00:00,52.1824527886,53.6264328753,49.6629564994,50.8280990521,2384069,,,48.7449126640251,46.31186993792219,47.07607292462399,44.10885614991944,41.84324992390014,40.65736187859143,39.78039558877529,38.525588309570885,37.60308458592553,37.19843899706289,36.77634271622979,36.428970998615966,35.82872012731977,46.31186993792219,44.10885614991944,41.84324992390014,39.78039558877529,37.19843899706289,,42.184983096031694,"rgba(0, 255, 255, 0.75)",6.064008306828725,48.89351014357033,0.5423710652450736,57.43683482615559,0.790057955045846,False,False,True,False,True,13.022895048841061,0.0,0.0,0.0,0.0,0,1.0130357479373715,0.9339071541004582,False,False,False,False,0.3428282386913902,0.32368489045199755,False,False,False,False,46719975,41538965.13199745,False,False,False,False,3009969.8844253886,False,False,False,False
2025-07-25 00:00:00+00:00,52.0330755382,53.0687578073,51.1567290029,52.2820376222,2151447,,,49.130394752786444,46.55585434633227,47.19450496884393,44.194404433614984,41.92884445950695,40.74137078766871,39.86242569586724,38.60563765539816,37.67983946436889,37.27403204764253,36.850991924495546,36.50227791593195,35.89957075508258,46.55585434633227,44.194404433614984,41.92884445950695,39.86242569586724,37.27403204764253,,42.31673086120301,"rgba(0, 255, 255, 0.75)",6.038370506802412,49.14741665495499,0.47788701935302413,58.559702965546165,2.066469620823682,False,False,True,False,True,12.798973557613625,0.0,0.0,0.0,0.0,0,1.0069716483127977,0.9569101800676116,False,False,False,False,0.34282824011259816,0.33325656528229786,False,False,False,False,44568528,41763377.196293935,False,False,False,False,2946375.5966901747,False,False,False,False
2025-08-01 00:00:00+00:00,50.9575593357,52.6803769564,48.9907588728,52.1525773385,3829760,,,49.42784677149107,46.85807826935521,47.34317160220074,44.31956787556113,42.05998773415132,40.872269891594435,39.99158301953557,38.73323617965206,37.80316774209076,37.395873534046046,36.971676682008365,36.621085179945545,36.01486047999902,46.85807826935521,44.31956787556113,42.05998773415132,39.99158301953557,37.395873534046046,,42.48047826196783,"rgba(0, 255, 255, 0.75)",6.003005201390355,49.23262414790698,0.28734527622823036,58.44764405151095,2.167296018328706,False,False,True,False,True,11.188127656932426,0.0,0.0,0.0,0.0,0,0.9741914358784132,0.9814926337298269,False,False,False,False,0.16880649238105197,0.2510315288316749,False,False,True,False,40738768,41687480.21879068,False,False,False,False,3011811.4784168284,False,False,False,False
2025-08-08 00:00:00+00:00,51.3658571534,52.9990484238,50.9177254023,51.5550683371,2514720,,,49.662591520271135,47.073388870173595,47.45727846895859,44.409982877480026,42.152461731295844,40.963837453030116,40.081515956075975,38.821586595774484,37.888297763219796,37.47987037253673,37.054768444497604,36.70281001476245,36.094051273313774,47.073388870173595,44.409982877480026,42.152461731295844,40.081515956075975,37.47987037253673,,42.599081160881624,"rgba(0, 255, 255, 0.75)",5.947024608400725,49.40993813717761,0.32889035190126353,58.615793651404374,2.5873706916444235,False,False,True,False,True,11.638450906676791,0.0,0.0,0.0,0.0,0,1.0058191084397852,0.9823521934514572,False,False,False,False,0.3209071167688256,0.2859693228002502,False,False,False,False,43253488,41803480.79517656,False,False,False,False,2974989.887422989,False,False,False,False
2025-08-15 00:00:00+00:00,56.1359706812,57.5201998677,45.8090234404,51.2662723198,13975818,53.1550646631,53.1550646631,50.91514367984383,48.26652079378298,48.17252159419479,44.96315931879407,42.70603080617108,41.50817331308833,40.61409853830175,39.342198653968765,38.38882320774893,37.97323600283997,37.54227601151943,37.18200242701241,36.55795104493305,48.26652079378298,44.96315931879407,42.70603080617108,40.61409853830175,37.97323600283997,53.1550646631,44.80317345689945,"rgba(0, 255, 0, 1.0)",5.971672833547673,52.416992452873,0.622769922597655,61.15048515368338,5.270520495477733,False,False,True,False,True,16.55537014995385,0.0,0.0,0.0,0.0,0,0.9487692113862687,0.915618263294298,False,False,False,False,0.2784273979239471,0.28219836036209867,False,True,False,False,57229306,42946134.51405237,False,False,False,False,3789866.0439101756,False,False,False,False
2025-08-22 00:00:00+00:00,55.7,57.1417775002,53.69,55.797382247,13587407,54.31623195831657,54.31623195831657,52.103214659703944,49.426881748746524,48.970663191244604,45.57422354323426,43.303149192770334,42.09071552852054,41.181601871328965,39.893663239614234,38.91770710817348,38.493938285031554,38.05609964702606,37.68671717311849,37.046060245102574,49.426881748746524,45.57422354323426,43.303149192770334,41.181601871328965,38.493938285031554,54.31623195831657,45.577805204165344,"rgba(0, 255, 0, 1.0)",5.976452145207038,53.56567380669832,0.35712261078060453,62.57915015378795,6.8265932133010665,False,False,True,False,True,15.897527762446778,0.0,0.0,0.0,0.0,0,1.0270636953475738,0.9616437582629175,False,False,False,False,0.34282824555011193,0.3125133029561053,False,False,False,False,43641899,42997672.62412257,False,False,False,False,4515609.818435348,False,False,False,False
2025-08-29 00:00:00+00:00,54.6,55.88,54.46,55.69,3852581,54.39763111598252,54.39763111598252,52.29969279251044,49.66813468877014,49.150446162294784,45.726234109704265,43.45553055858886,42.24098657726832,41.3290577780683,40.03816392586775,39.05716633669669,38.631569395158685,38.19221753939681,37.82069466139397,37.17607070711069,49.66813468877014,45.726234109704265,43.45553055858886,41.3290577780683,38.631569395158685,54.39763111598252,45.73630440457521,"rgba(0, 255, 255, 0.75)",6.011655968580777,53.68857974875549,0.15160885054100684,62.63926666199575,7.070852336039785,False,False,True,False,True,14.24655907397202,0.0,0.0,0.0,0.0,0,1.0081478999357818,0.972560580602687,False,False,False,False,0.3194447453936523,0.3159790241748788,False,False,False,False,39789318,42760016.72603942,False,False,False,False,4466496.572625322,False,False,False,False
2025-09-05 00:00:00+00:00,55.5,55.6,52.41,53.82,4012686,54.409603113202515,54.409603113202515,52.446040611077315,49.87745588783225,49.31220469420284,45.87153353016109,43.6036807389941,42.38810314257731,41.474080618971946,40.18104735065067,39.195597565147004,38.76838899029237,38.327723629414024,37.95423489294218,37.30592282919649,49.87745588783225,45.87153353016109,43.6036807389941,41.474080618971946,38.76838899029237,54.409603113202515,45.8759347252817,"rgba(0, 255, 0, 1.0)",6.0512551630871085,53.74943544126703,0.28928949640257773,63.135573872158275,7.7680084087398455,False,False,True,False,True,15.154056150517096,0.0,0.0,0.0,0.0,0,1.0366352926867646,0.9689901745201673,False,False,False,False,0.17216523031799022,0.2440721272464345,False,False,False,False,43802004,42837200.96855502,False,False,False,False,4432880.974653076,False,False,False,False
