date,Open,High,Low,Close,Volume,aVWAP_peak_865,aVWAP_valley_860,aVWAP_valley_828,aVWAP_valley_791,aVWAP_valley_778,aVWAP_valley_750,aVWAP_valley_702,aVWAP_valley_654,aVWAP_valley_593,aVWAP_valley_578,aVWAP_valley_558,aVWAP_valley_540,aVWAP_valley_523,aVWAP_valley_487,aVWAP_valley_450,aVWAP_valley_372,aVWAP_valley_337,aVWAP_valley_309,aVWAP_valley_293,aVWAP_valley_257,aVWAP_OB_bull_828,aVWAP_OB_bull_778,aVWAP_OB_bull_654,aVWAP_OB_bull_593,aVWAP_OB_bull_257,Peaks_avg,Valleys_avg,color,StDev,StDev_Mean,StdDev_ZScore,QQEMOD,QQE1_Value,QQE1_Above_Upper,QQE1_Below_Lower,QQE2_Above_Threshold,QQE2_Below_Threshold,QQE2_Above_TL,banker_RSI,OB,OB_High,OB_Low,OB_Mitigated_Index,TTM_squeeze_Active,VI_plus,VI_minus,VI_Regular_Bullish,VI_Regular_Bearish,VI_Hidden_Bullish,VI_Hidden_Bearish,Fisher,Fisher_Signal,Fisher_Regular_Bullish,Fisher_Regular_Bearish,Fisher_Hidden_Bullish,Fisher_Hidden_Bearish,OBV,OBV_Smoothed,OBV_Regular_Bullish,OBV_Regular_Bearish,OBV_Hidden_Bullish,OBV_Hidden_Bearish,Volume_MA,Vol_Regular_Bullish,Vol_Regular_Bearish,Vol_Hidden_Bullish,Vol_Hidden_Bearish
2025-02-07 15:00:00+00:00,45.435,45.435,44.585,44.585,515.0,,,,,,,,,,,,,,,,,,,,,,,,,,,,#000000,,,,,,False,False,False,False,False,,0.0,0.0,0.0,0.0,0,,,False,False,False,False,,,False,False,False,False,0.0,0.0,False,False,False,False,515.0,False,False,False,False
2025-02-07 16:00:00+00:00,44.585,44.65,44.08,44.34,916.0,,,,,,,,,,,,,,,,,,,,,,,,,,,,"rgba(239, 83, 80, 0.5)",,,,0.0,,False,False,False,True,False,,0.0,0.0,0.0,0.0,0,,,False,False,False,False,,,False,False,False,False,-916.0,-14.2015503875969,False,False,False,False,521.2170542635658,False,False,False,False
2025-02-07 17:00:00+00:00,44.34,44.34,44.02,44.31,401.0,,,,,,,,,,,,,,,,,,,,,,,,,,,,"rgba(239, 83, 80, 0.5)",,,,0.0,-50.0,False,False,False,True,True,,0.0,0.0,0.0,0.0,0,,,False,False,False,False,,,False,False,False,False,-1317.0,-34.39997596298299,False,False,False,False,519.3532239649059,False,False,False,False
2025-02-07 18:00:00+00:00,44.31,44.505,44.14,44.2,663.0,,,,,,,,,,,,,,,,,,,,,,,,,,,,"rgba(239, 83, 80, 0.5)",,,,0.0,-50.0,False,False,False,True,True,,0.0,0.0,0.0,0.0,0,,,False,False,False,False,,,False,False,False,False,-1980.0,-64.56431742092124,False,False,False,False,521.5803057638996,False,False,False,False
2025-02-07 19:00:00+00:00,44.175,44.365,44.075,44.365,437.0,,,,,,,,,,,,,,,,,,,,,,,,,,,,"rgba(239, 83, 80, 0.5)",,,,11.994256397983756,-39.205169241814616,False,False,False,True,True,,0.0,0.0,0.0,0.0,0,,,False,False,False,False,,,False,False,False,False,-1543.0,-87.48580087175966,False,False,False,False,520.2689831939167,False,False,False,False
2025-02-07 20:00:00+00:00,44.365,44.575,44.24,44.54,2217.0,,,,,,,,,,,,,,,,,,,,,,,,,,,,"rgba(239, 83, 80, 0.5)",,,,26.400180920334307,-26.959492555578148,False,False,False,True,True,,0.0,0.0,0.0,0.0,0,,,False,False,False,False,,,False,False,False,False,674.0,-75.67981946289517,False,False,False,False,546.5748904312203,False,False,False,False
2025-02-10 15:00:00+00:00,44.84,45.25,44.84,45.02,543.0,,,,,,,,,,,,,,,,,,,,,,,,,,,,#000000,,,,43.18551012762847,-13.100867945089917,False,False,False,False,True,,0.0,0.0,0.0,0.0,0,,,False,False,False,False,,,False,False,False,False,1217.0,-55.63827187432315,False,False,False,False,546.519465773372,False,False,False,False
2025-02-10 16:00:00+00:00,45.02,45.24,45.02,45.14,565.0,,,,,,,,,,,,,,,,,,,,,,,,,,,,"rgba(38, 166, 154, 0.5)",,,,55.29902480672499,-3.820340552950114,False,False,True,False,True,,0.0,0.0,0.0,0.0,0,,,False,False,False,False,,,False,False,False,False,1782.0,-27.147756031310387,False,False,False,False,546.8059856838623,False,False,False,False
2025-02-10 17:00:00+00:00,45.14,45.2,45.04,45.145,881.0,,,,,,,,,,,,,,,,,,,,,,,,,,,,"rgba(38, 166, 154, 0.5)",,,,63.41261149709023,2.033550219113316,False,False,True,False,True,,0.0,0.0,0.0,0.0,0,,,False,False,False,False,,,False,False,False,False,2663.0,14.559961116461867,False,False,False,False,551.9872882313992,False,False,False,False
2025-02-10 18:00:00+00:00,45.145,45.52,45.145,45.52,1497.0,,,,,,,,,,,,,,,,,,,,,,,,,,,,"rgba(38, 166, 154, 0.5)",,,,70.98747548616078,7.85988487268272,False,False,True,False,True,,0.0,0.0,0.0,0.0,0,,,False,False,False,False,,,False,False,False,False,4160.0,78.83034931620665,False,False,False,False,566.6386481037806,False,False,False,False
2025-02-10 19:00:00+00:00,45.52,45.615,45.27,45.42,674.0,,,,,,,,,,,,,,,,,,,,,,,,,,,,"rgba(38, 166, 154, 0.5)",,45.435,,73.528718304833,9.553048259306124,False,False,True,False,True,,0.0,0.0,0.0,0.0,0,,,False,False,False,False,,,False,False,False,False,3486.0,131.6546849857228,False,False,False,False,568.3031651874429,False,False,False,False
2025-02-10 20:00:00+00:00,45.36,45.545,45.16,45.19,1240.0,,,,,,,,,,,,,,,,,,,,,,,,,,,,"rgba(38, 166, 154, 0.5)",,45.34645942180424,,70.39118303780742,9.553048259306124,False,False,True,False,True,,0.0,0.0,0.0,0.0,0,,,False,False,False,False,,,False,False,False,False,2246.0,164.435232505324,False,False,False,False,578.7170696031415,False,False,False,False
2025-02-11 15:00:00+00:00,45.05,45.5,45.02,45.385,323.0,,,,,,,,,,,,,,,,,,,,,,,,,,,,"rgba(38, 166, 154, 0.5)",,45.33999180450007,,70.08850845210597,9.553048259306124,False,False,True,False,True,,0.0,0.0,0.0,0.0,0,,,False,False,False,False,,,False,False,False,False,2569.0,201.71530641997015,False,False,False,False,574.7524638728602,False,False,False,False
2025-02-11 16:00:00+00:00,45.385,45.55,45.025,45.025,402.0,,,,,,,,,,,,,,,,,,,,,,,,,,,,"rgba(38, 166, 154, 0.5)",,45.31866679297713,,64.39724240398984,9.553048259306124,False,False,True,False,False,,0.0,0.0,0.0,0.0,0,,,False,False,False,False,,,False,False,False,False,2167.0,232.18483655299386,False,False,False,False,572.0741310996375,False,False,False,False
2025-02-11 17:00:00+00:00,45.025,45.12,44.855,44.91,671.0,,,,,,,,,,,,,,,,,,,,,,,,,,,,"rgba(38, 166, 154, 0.5)",,45.24629607250755,,59.216003702784846,22.76098756808655,False,False,True,False,False,,0.0,0.0,0.0,0.0,0,,,False,False,False,False,,,False,False,False,False,1496.0,251.77887009480787,False,False,False,False,573.6078655011935,False,False,False,False
2025-02-11 18:00:00+00:00,44.9,44.93,44.735,44.815,672.0,,,,,,,,,,,,,,,,,,,,,,,,,,,,"rgba(38, 166, 154, 0.5)",,45.17547965846308,,54.65472177021316,18.007816008951465,False,False,True,False,False,,0.0,0.0,0.0,0.0,0,,,False,False,False,False,,,False,False,False,False,824.0,260.6505155196946,False,False,False,False,575.1333249507874,False,False,False,False
2025-02-11 19:00:00+00:00,44.84,45.04,44.795,44.97,468.0,,,,,,,,,,,,,,,,,,,,,,,,,,,,"rgba(38, 166, 154, 0.5)",,45.150188764044934,,53.628189620638175,16.427003943783873,False,False,True,False,False,,0.0,0.0,0.0,0.0,0,,,False,False,False,False,,,False,False,False,False,1292.0,276.6404300077613,False,False,False,False,573.4723431686047,False,False,False,False
2025-02-11 20:00:00+00:00,44.97,45.09,44.82,45.01,1264.0,,,,,,,,,,,,,,,,,,,,,,,,,,,,"rgba(38, 166, 154, 0.5)",,45.11106638665266,,53.447532686206486,15.397720983890252,False,False,True,False,False,,0.0,0.0,0.0,0.0,0,,,False,False,False,False,,,False,False,False,False,2556.0,311.9793380696565,False,False,False,False,584.1781983132774,False,False,False,False
2025-02-12 15:00:00+00:00,44.795,45.23,44.4,45.01,986.0,,,,,,,,,,,,,,,,,,,,,,,,,,,,"rgba(38, 166, 154, 0.5)",,44.97853084577114,,53.32709472991869,14.268198635028256,False,False,True,False,False,,0.0,0.0,0.0,0.0,0,,,False,False,False,False,,,False,False,False,False,2556.0,346.7703560840804,False,False,False,False,590.4079936882654,False,False,False,False
2025-02-12 16:00:00+00:00,45.01,45.01,44.57,44.99,1107.0,,,,,,,,,,,,,,,,,,,,,,,,,,,,"rgba(38, 166, 154, 0.5)",,44.956734730101715,,52.90414068069582,12.804081823275794,False,False,True,False,False,,0.0,0.0,0.0,0.0,1,,,False,False,False,False,,,False,False,False,False,1449.0,363.8591877726993,False,False,False,False,598.4171720806953,False,False,False,False
2025-02-12 17:00:00+00:00,45.005,45.24,45.005,45.22,761.0,,,,,,,,,,,,,,,,,,,,,,,,,,,,"rgba(38, 166, 154, 0.5)",,44.999892564896,,55.82368465311449,12.804081823275794,False,False,True,False,False,,0.0,0.0,0.0,0.0,0,,,False,False,False,False,,,False,False,False,False,2210.0,392.48152594676594,False,False,False,False,600.9378360794442,False,False,False,False
2025-02-12 18:00:00+00:00,45.22,45.27,45.04,45.04,369.0,,,,,,,,,,,,,,,,,,,,,,,,,,,,"rgba(38, 166, 154, 0.5)",,45.011023585502784,,54.68819141957799,12.804081823275794,False,False,True,False,False,,0.0,0.0,0.0,0.0,0,,,False,False,False,False,,,False,False,False,False,1841.0,414.9391767072812,False,False,False,False,597.341900636352,False,False,False,False
2025-02-12 19:00:00+00:00,45.04,45.085,44.93,45.04,452.0,,,,,,,,,,,,,,,,,,,,,,,,,,,,"rgba(38, 166, 154, 0.5)",,45.013408460665474,,53.931195930553656,11.579777820931483,False,False,True,False,False,,0.0,0.0,0.0,0.0,0,,,False,False,False,False,,,False,False,False,False,1841.0,437.0486468358505,False,False,False,False,595.0885378357883,False,False,False,False
2025-02-12 20:00:00+00:00,45.04,45.1,44.83,44.91,772.0,,,,,,,,,,,,,,,,,,,,,,,,,,,,#000000,,45.00716480325259,,51.320531256100544,8.45301005767869,False,False,False,False,False,,0.0,0.0,0.0,0.0,1,,,False,False,False,False,,,False,False,False,False,1069.0,446.8463422337443,False,False,False,False,597.8313512026754,False,False,False,False
2025-02-13 15:00:00+00:00,45.19,45.61,45.19,45.505,735.0,,,,,,,,,,,,,,,,,,,,,,,,,,,,"rgba(38, 166, 154, 0.5)",,45.05344776340425,,56.4606265896482,8.45301005767869,False,False,True,False,True,,0.0,0.0,0.0,0.0,1,,,False,False,False,False,,,False,False,False,False,1804.0,467.88748421461645,False,False,False,False,599.9579969204633,False,False,False,False
2025-02-13 16:00:00+00:00,45.505,45.66,45.38,45.46,351.0,,,,,,,,,,,,,,,,,,,,,,,,,,,,"rgba(38, 166, 154, 0.5)",,45.07490991044338,,59.18534943257521,2.2282504516317374,False,False,True,False,True,,0.0,0.0,0.0,0.0,1,,,False,False,False,False,,,False,False,False,False,1453.0,483.1605464748549,False,False,False,False,596.0981830147197,False,False,False,False
2025-02-13 17:00:00+00:00,45.46,45.65,45.395,45.48,1145.0,,,,,,,,,,,,,,,,,,,,,,,,,,,,"rgba(38, 166, 154, 0.5)",,45.13257747930439,,61.18493527268247,4.353383571026498,False,False,True,False,True,,0.0,0.0,0.0,0.0,0,,,False,False,False,False,,,False,False,False,False,2598.0,515.9487550566402,False,False,False,False,604.608288704414,False,False,False,False
2025-02-13 18:00:00+00:00,45.48,45.77,45.42,45.77,273.0,,,,,,,,,,,,,,,,,,,,,,,,,,,,"rgba(38, 166, 154, 0.5)",,45.1483592659757,,64.86404999727694,8.018199149971757,False,False,True,False,True,,0.0,0.0,0.0,0.0,0,,,False,False,False,False,,,False,False,False,False,2871.0,552.4611774588627,False,False,False,False,599.4670749260509,False,False,False,False
2025-02-13 19:00:00+00:00,45.77,46.14,45.77,46.05,368.0,,,,,,,,,,,,,,,,,,,,,,,,,,,,"rgba(38, 166, 154, 0.5)",,45.18114984963897,,68.9838852460675,11.99073345455998,False,False,True,False,True,,0.0,0.0,0.0,0.0,0,,,False,False,False,False,,,False,False,False,False,3239.0,594.1129421494229,False,False,False,False,595.8784381054919,False,False,False,False
2025-02-13 20:00:00+00:00,46.05,46.52,46.04,46.42,2521.0,,,,,,,,,,,,,,,,,,,,,,,,,,,,"rgba(38, 166, 154, 0.5)",,45.41979708886612,,73.33347698352222,16.090819485640026,False,False,True,False,True,,0.0,0.0,0.0,0.0,0,,,False,False,False,False,,,False,False,False,False,5760.0,674.2042143641605,False,False,False,False,625.7252840263369,False,False,False,False
2025-02-14 15:00:00+00:00,46.64,46.98,46.44,46.555,636.0,,,,,,,,,,,,,,,,,,,,,,,,,,,,"rgba(38, 166, 154, 0.5)",,45.87342828442521,,76.7108750549214,19.260500397734802,False,False,True,False,True,,0.0,0.0,0.0,0.0,0,,,False,False,False,False,,,False,False,False,False,6396.0,762.9142265445611,False,False,False,False,625.8845819484092,False,False,False,False
2025-02-14 16:00:00+00:00,46.555,46.88,46.555,46.635,1699.0,,,,,,,,,,,,,,,,,,,,,,,,,,,,"rgba(38, 166, 154, 0.5)",,45.974445641217955,,79.24072740976277,21.702443521424655,False,False,True,False,True,,0.0,0.0,0.0,0.0,0,,,False,False,False,False,,,False,False,False,False,8095.0,876.5899749702268,False,False,False,False,642.5220302902943,False,False,False,False
2025-02-14 17:00:00+00:00,46.635,46.635,46.42,46.595,741.0,,,,,,,,,,,,,,,,,,,,,,,,,,,,"rgba(38, 166, 154, 0.5)",,45.99341118734504,,80.15132533598813,22.767251102624044,False,False,True,False,True,,0.0,0.0,0.0,0.0,0,,,False,False,False,False,,,False,False,False,False,7354.0,977.0149365985953,False,False,False,False,644.0488205183517,False,False,False,False
2025-02-14 18:00:00+00:00,46.595,46.595,46.295,46.46,483.0,,,,,,,,,,,,,,,,,,,,,,,,,,,,"rgba(38, 166, 154, 0.5)",,46.00005522041169,,78.16536322219861,22.767251102624044,False,False,True,False,True,,0.0,0.0,0.0,0.0,0,,,False,False,False,False,,,False,False,False,False,6871.0,1068.3945499846636,False,False,False,False,641.5519395800827,False,False,False,False
2025-02-14 19:00:00+00:00,46.47,46.63,46.45,46.545,877.0,,,,,,,,,,,,,,,,,,,,,,,,,,,,"rgba(38, 166, 154, 0.5)",,46.02406363786593,,77.38320559424498,22.767251102624044,False,False,True,False,True,,0.0,0.0,0.0,0.0,0,,,False,False,False,False,,,False,False,False,False,7748.0,1171.954324403506,False,False,False,False,645.2022971059729,False,False,False,False
2025-02-14 20:00:00+00:00,46.545,46.55,46.32,46.48,976.0,,,,,,,,,,,,,,,,,,,,,,,,,,,,"rgba(38, 166, 154, 0.5)",,46.04047385211373,,75.56270622617741,22.767251102624044,False,False,True,False,False,,0.0,0.0,0.0,0.0,0,,,False,False,False,False,,,False,False,False,False,6772.0,1258.7767379786453,False,False,False,False,650.3309436624694,False,False,False,False
2025-02-17 15:00:00+00:00,46.48,46.48,46.48,46.48,0.0,,,,,,,,,,,,,,,,,,,,,,,,,,,,"rgba(38, 166, 154, 0.5)",,46.04047385211373,,74.34903998079903,22.767251102624044,False,False,True,False,False,,0.0,0.0,0.0,0.0,0,,,False,False,False,False,,,False,False,False,False,6772.0,1344.253067622387,False,False,False,False,640.2482933731287,False,False,False,False
2025-02-17 16:00:00+00:00,46.48,46.48,46.48,46.48,0.0,,,,,,,,,,,,,,,,,,,,,,,,,,,,"rgba(38, 166, 154, 0.5)",,46.04047385211373,,73.53992915054678,22.767251102624044,False,False,True,False,False,,0.0,0.0,0.0,0.0,0,,,False,False,False,False,,,False,False,False,False,6772.0,1428.4041828530478,False,False,False,False,630.3219632433128,False,False,False,False
2025-02-17 17:00:00+00:00,46.48,46.48,46.48,46.48,0.0,,,,,,,,,,,,,,,,,,,,,,,,,,,,"rgba(38, 166, 154, 0.5)",,46.04047385211373,,73.00052193037861,22.767251102624044,False,False,True,False,False,,0.0,0.0,0.0,0.0,0,,,False,False,False,False,,,False,False,False,False,6772.0,1511.2506296305198,False,False,False,False,620.5495297046567,False,False,False,False
2025-02-17 18:00:00+00:00,46.48,46.48,46.48,46.48,0.0,,,,,,,,,,,,,,,,,,,,,,,,,,,,"rgba(38, 166, 154, 0.5)",,46.04047385211373,,72.64091711693317,27.59355487695413,False,False,True,False,False,,0.0,0.0,0.0,0.0,0,,,False,False,False,False,,,False,False,False,False,6772.0,1592.8126353726823,False,False,False,False,610.9286067634993,False,False,False,False
2025-02-17 19:00:00+00:00,46.48,46.48,46.48,46.48,0.0,,,,,,,,,,,,,,,,,,,,,,,,,,,,"rgba(38, 166, 154, 0.5)",,46.04047385211373,,72.4011805746362,26.890570435592423,False,False,True,False,False,,0.0,0.0,0.0,0.0,0,,,False,False,False,False,,,False,False,False,False,6772.0,1673.110113894036,False,False,False,False,601.4568454183287,False,False,False,False
2025-02-17 20:00:00+00:00,46.48,46.48,46.48,46.48,0.0,,,,,,,,,,,,,,,,,,,,,,,,,,,,"rgba(38, 166, 154, 0.75)",,46.04047385211373,,72.2413562131049,26.27067426037455,True,False,True,False,False,,0.0,0.0,0.0,0.0,0,,,False,False,False,False,,,False,False,False,False,6772.0,1752.1626702677718,False,False,False,False,592.1319330862616,False,False,False,False
2025-02-18 15:00:00+00:00,46.86,47.04,46.63,47.01,486.0,,,,,,,,,,,,,,,,,,,,,,,,,,,,"rgba(38, 166, 154, 1.0)",,46.068858185350784,,76.70895963780347,22.688499930714144,True,False,True,False,True,,0.0,0.0,0.0,0.0,0,,,False,False,False,False,,,False,False,False,False,7258.0,1837.5244893333875,False,False,False,False,590.4864767593427,False,False,False,False
2025-02-18 16:00:00+00:00,47.01,47.01,46.705,46.855,1904.0,,,,,,,,,,,,,,,,,,,,,,,,,,,,"rgba(38, 166, 154, 1.0)",,46.15510792927092,,75.73286711233214,22.688499930714144,True,False,True,False,True,,0.0,0.0,0.0,0.0,0,,,False,False,False,False,,,False,False,False,False,5354.0,1892.0434894987613,False,False,False,False,610.8510275072599,False,False,False,False
2025-02-18 17:00:00+00:00,46.855,47.07,46.78,47.05,993.0,,,,,,,,,,,,,,,,,,,,,,,,,,,,"rgba(38, 166, 154, 1.0)",,46.19942469525589,,76.51472313748981,22.688499930714144,True,False,True,False,True,,0.0,0.0,0.0,0.0,0,,,False,False,False,False,,,False,False,False,False,6347.0,1961.112582684827,False,False,False,False,616.7758177784652,False,False,False,False
2025-02-18 18:00:00+00:00,47.015,47.015,46.53,46.66,1659.0,,,,,,,,,,,,,,,,,,,,,,,,,,,,"rgba(38, 166, 154, 0.75)",,46.238736889073266,,70.02351827344972,24.267820952403454,True,False,True,False,False,,0.0,0.0,0.0,0.0,0,,,False,False,False,False,,,False,False,False,False,4688.0,2003.389906984287,False,False,False,False,632.9343322315123,False,False,False,False
2025-02-18 19:00:00+00:00,46.66,47.04,46.645,47.015,2715.0,,,,,,,,,,,,,,,,,,,,,,,,,,,,"rgba(38, 166, 154, 0.75)",,46.31461863586205,,68.7926525608851,23.256945745636443,True,False,True,False,False,,0.0,0.0,0.0,0.0,0,,,False,False,False,False,,,False,False,False,False,7403.0,2087.1047921473214,False,False,False,False,665.2144201038918,False,False,False,False
2025-02-18 20:00:00+00:00,47.015,47.12,46.92,47.045,4460.0,,,,,,,,,,,,,,,,,,,,,,,,,,,,"rgba(38, 166, 154, 0.5)",,46.42936672517362,,68.19816014782273,22.68412477020074,False,False,True,False,False,,0.0,0.0,0.0,0.0,0,,,False,False,False,False,,,False,False,False,False,11863.0,2238.669058935735,False,False,False,False,724.0483050635214,False,False,False,False
2025-02-19 15:00:00+00:00,46.925,46.945,46.44,46.58,2545.0,,,,,,,,,,,,,,,,,,,,,,,,,,,,"rgba(38, 166, 154, 0.5)",,46.4438892279564,,61.99532150099522,16.93600112324191,False,True,True,False,False,,0.0,0.0,0.0,0.0,0,,,False,False,False,False,,,False,False,False,False,9318.0,2348.4261277894443,False,False,False,False,752.2801142873428,False,False,False,False
2025-02-19 16:00:00+00:00,46.58,46.695,46.46,46.52,2206.0,,,,,,,,,,,,,,,,,,,,,,,,,,,,"rgba(38, 166, 154, 0.5)",,46.44798822422812,,57.259010631666726,12.766711755872365,False,True,True,False,False,16.215471907092873,0.0,0.0,0.0,0.0,0,,,False,False,False,False,,,False,False,False,False,7112.0,2422.2799862733286,False,False,False,False,774.8184070890894,False,False,False,False
2025-02-19 17:00:00+00:00,46.52,46.99,46.52,46.99,2223.0,,,,,,,,,,,,,,,,,,,,,,,,,,,,"rgba(38, 166, 154, 0.5)",,46.471406612053926,,58.32528263380067,12.766711755872365,False,True,True,False,False,20.0,0.0,0.0,0.0,0.0,0,,,False,False,False,False,,,False,False,False,False,9335.0,2529.453939974517,False,False,False,False,797.2708348861578,False,False,False,False
2025-02-19 18:00:00+00:00,46.99,47.33,46.95,47.215,3065.0,,,,,,,,,,,,,,,,,,,,,,,,,,,,"rgba(38, 166, 154, 0.5)",,46.528443929252454,,60.559730063744254,12.766711755872365,False,True,True,False,True,20.0,0.0,0.0,0.0,0.0,0,,,False,False,False,False,,,False,False,False,False,12400.0,2682.4856618353774,False,False,False,False,832.4294265933491,False,False,False,False
2025-02-19 19:00:00+00:00,47.215,47.555,47.11,47.49,3491.0,,,,,,,,,,,,,,,,,,,,,,,,,,,,"rgba(38, 166, 154, 0.5)",,46.602635396244104,,63.64805287353937,7.568319996802757,False,True,True,False,True,20.0,0.0,0.0,0.0,0.0,0,,,False,False,False,False,,,False,False,False,False,15891.0,2887.2688298689372,False,False,False,False,873.6475750182584,False,False,False,False
2025-02-19 20:00:00+00:00,47.42,47.96,47.41,47.895,5853.0,,,,,,,,,,,,,,,,,,,,,,,,,,,,"rgba(38, 166, 154, 0.5)",,47.00123433118797,,67.5692605241297,11.231697389015288,False,False,True,False,True,20.0,0.0,0.0,0.0,0.0,0,,,False,False,False,False,,,False,False,False,False,21744.0,3179.621251111279,False,False,False,False,950.8468374210761,False,False,False,False
2025-02-20 15:00:00+00:00,47.195,47.305,46.75,46.79,3109.0,,,,,,,,,,,,,,,,,,,,,,,,,,,,"rgba(38, 166, 154, 0.5)",,46.93957803993371,,61.0744015781473,17.972959447817175,False,True,True,False,False,12.780427261571823,0.0,0.0,0.0,0.0,0,,,False,False,False,False,,,False,False,False,False,18635.0,3419.239526287848,False,False,False,False,984.306576375788,False,False,False,False
2025-02-20 16:00:00+00:00,46.82,46.945,46.715,46.77,1052.0,,,,,,,,,,,,,,,,,,,,,,,,,,,,"rgba(38, 166, 154, 0.5)",,46.92247697002263,,56.62709610759355,14.053478839647497,False,True,True,False,False,12.524807149983236,0.0,0.0,0.0,0.0,0,,,False,False,False,False,,,False,False,False,False,17583.0,3638.832711926796,False,False,False,False,985.3560868195743,False,False,False,False
2025-02-20 17:00:00+00:00,46.765,46.9,46.74,46.76,2878.0,,,,,,,,,,,,,,,,,,,,,,,,,,,,"rgba(38, 166, 154, 0.5)",,46.88929422372788,,53.59694124030164,11.367092061728421,False,True,True,False,False,12.39496142566042,0.0,0.0,0.0,0.0,0,,,False,False,False,False,,,False,False,False,False,14705.0,3810.4011970132024,False,False,False,False,1014.6994033029918,False,False,False,False
2025-02-20 18:00:00+00:00,46.76,46.76,46.25,46.33,1937.0,,,,,,,,,,,,,,,,,,,,,,,,,,,,"rgba(239, 83, 80, 1.0)",,46.85326341317094,,48.95255080339791,7.096346212856616,False,True,False,True,False,7.053778460512454,0.0,0.0,0.0,0.0,0,,,False,False,False,False,,,False,False,False,False,12768.0,3949.278697834703,False,False,False,False,1028.9986373603097,False,False,False,False
2025-02-20 19:00:00+00:00,46.33,46.78,46.33,46.765,1104.0,,,,,,,,,,,,,,,,,,,,,,,,,,,,#000000,,46.841749941549516,,49.045922876901734,7.096346212856616,False,True,False,False,False,11.085977284007257,0.0,0.0,0.0,0.0,0,,,False,False,False,False,,,False,False,False,False,13872.0,4103.1193381783505,False,False,False,False,1030.1614491841808,False,False,False,False
2025-02-20 20:00:00+00:00,46.73,46.88,46.5,46.83,2122.0,,,,,,,,,,,,,,,,,,,,,,,,,,,,#000000,,46.82949719011403,,49.54760808918859,7.096346212856616,False,True,False,False,False,11.659114725552875,0.0,0.0,0.0,0.0,0,,,False,False,False,False,,,False,False,False,False,15994.0,4287.474077121322,False,False,False,False,1047.0891786541933,False,False,False,False
2025-02-21 15:00:00+00:00,46.46,46.625,46.35,46.565,2111.0,,,,,,,,,,,,,,,,,,,,,,,,,,,,"rgba(239, 83, 80, 1.0)",,46.807960493291056,,48.08874650348035,5.4633614033320015,False,True,False,True,False,8.542545530797533,0.0,0.0,0.0,0.0,0,,,False,False,False,False,,,False,False,False,False,13883.0,4436.241920886882,False,False,False,False,1063.5839200704074,False,False,False,False
2025-02-21 16:00:00+00:00,46.69,46.76,46.15,46.25,1727.0,,,,,,,,,,,,,,,,,,,,,,,,,,,,"rgba(239, 83, 80, 1.0)",,46.7876470529929,,45.24023989200406,2.3679554821885773,False,True,False,True,False,5.0506134030703755,0.0,0.0,0.0,0.0,0,,,False,False,False,False,,,False,False,False,False,12156.0,4555.928092656078,False,False,False,False,1073.8694406894708,False,False,False,False
2025-02-21 17:00:00+00:00,46.25,46.27,45.805,45.805,1111.0,,,,,,,,,,,,,,,,,,,,,,,,,,,,"rgba(239, 83, 80, 1.0)",,46.76492362160672,,41.16266328400505,-1.7449876468048728,False,True,False,True,False,0.5013983605572818,0.0,0.0,0.0,0.0,0,,,False,False,False,False,,,False,False,False,False,11045.0,4656.53385866141,False,False,False,False,1074.4451082756805,False,False,False,False
2025-02-21 18:00:00+00:00,45.805,45.99,45.59,45.605,1867.0,,,,,,,,,,,,,,,,,,,,,,,,,,,,"rgba(239, 83, 80, 1.0)",,46.72061334897918,,37.5957264598509,-5.261559324747658,False,True,False,True,False,0.0,0.0,0.0,0.0,0.0,0,,,False,False,False,False,,,False,False,False,False,9178.0,4726.634108914722,False,False,False,False,1086.7327810155923,False,False,False,False
2025-02-21 19:00:00+00:00,45.61,45.715,45.23,45.51,1965.0,,,,,,,,,,,,,,,,,,,,,,,,,,,,"rgba(239, 83, 80, 1.0)",,46.66881637652402,,34.815858575533795,-8.016915295673833,False,True,False,True,False,0.0,0.0,0.0,0.0,0.0,0,,,False,False,False,False,,,False,False,False,False,7213.0,4765.18241730364,False,False,False,False,1100.3493270463582,False,False,False,False
2025-02-21 20:00:00+00:00,45.55,45.74,45.3,45.31,5412.0,,,,,,,,,,,,,,,,,,,,,,,,,,,,"rgba(239, 83, 80, 1.0)",,46.54612066153457,,32.12675684502884,-10.708108273709797,False,True,False,True,False,0.0,0.0,0.0,0.0,0.0,0,,,False,False,False,False,,,False,False,False,False,1801.0,4719.226100756297,False,False,False,False,1167.1966243014533,False,False,False,False
2025-02-24 15:00:00+00:00,43.265,44.695,43.045,43.39,3839.0,,,,,,,,,,,,,,,,,,,,,,,,,,,,"rgba(239, 83, 80, 1.0)",,46.362053543952705,,26.047991213661746,-16.466941135610476,False,True,False,True,False,0.0,0.0,0.0,0.0,0.0,0,,,False,False,False,False,,,False,False,False,False,-2038.0,4614.462905395733,False,False,False,False,1208.6199324518184,False,False,False,False
2025-02-24 16:00:00+00:00,43.39,44.0,43.39,43.745,3824.0,,,,,,,,,,,,,,,,,,,,,,,,,,,,"rgba(239, 83, 80, 1.0)",,46.203769015441374,,24.604620059401565,-17.860620908015242,False,True,False,True,False,0.0,0.0,0.0,0.0,0.0,0,,,False,False,False,False,,,False,False,False,False,1786.0,4570.610767327582,False,False,False,False,1249.16846063086,False,False,False,False
2025-02-24 17:00:00+00:00,43.745,44.2,43.745,44.06,1160.0,,,,,,,,,,,,,,,,,,,,,,,,,,,,"rgba(239, 83, 80, 1.0)",,46.16502981239014,,25.813182554413146,-17.860620908015242,False,True,False,True,False,0.0,0.0,0.0,0.0,0.0,0,,,False,False,False,False,,,False,False,False,False,2946.0,4545.423003493045,False,False,False,False,1247.7860038768931,False,False,False,False
2025-02-24 18:00:00+00:00,44.06,44.16,43.77,43.77,1668.0,,,,,,,,,,,,,,,,,,,,,,,,,,,,"rgba(239, 83, 80, 1.0)",,46.10935049925449,,25.87240807568777,-17.860620908015242,False,True,False,True,False,0.0,0.0,0.0,0.0,0.0,0,,,False,False,False,False,,,False,False,False,False,1278.0,4494.765282508657,False,False,False,False,1254.3009495532203,False,False,False,False
2025-02-24 19:00:00+00:00,43.79,43.89,43.55,43.55,1939.0,,,,,,,,,,,,,,,,,,,,,,,,,,,,"rgba(239, 83, 80, 1.0)",,46.04161659066091,,25.362538236471114,-18.11141932764498,False,True,False,True,False,0.0,0.0,0.0,0.0,0.0,0,,,False,False,False,False,,,False,False,False,False,-661.0,4414.830937043406,False,False,False,False,1264.9164387074338,False,False,False,False
2025-02-24 20:00:00+00:00,43.55,44.06,43.51,43.55,4246.0,,,,,,,,,,,,,,,,,,,,,,,,,,,,"rgba(239, 83, 80, 1.0)",,45.90918173155646,,25.022625010326678,-18.982560966152654,False,True,False,True,False,0.0,0.0,0.0,0.0,0.0,0,,,False,False,False,False,,,False,False,False,False,-661.0,4336.135883755912,False,False,False,False,1311.1347884949155,False,False,False,False
2025-02-25 15:00:00+00:00,42.88,42.88,42.06,42.5,1478.0,,,,,,,,,,,,,,,,,,,,,,,,,,,,"rgba(239, 83, 80, 1.0)",,45.842632864776704,,22.548803264057717,-21.788779282648022,False,True,False,True,False,0.0,0.0,0.0,0.0,0.0,0,,,False,False,False,False,,,False,False,False,False,-2139.0,4235.746180131789,False,False,False,False,1313.72184603763,False,False,False,False
2025-02-25 16:00:00+00:00,42.5,42.5,42.03,42.445,1681.0,,,,,,,,,,,,,,,,,,,,,,,,,,,,"rgba(239, 83, 80, 1.0)",,45.76685375772141,,20.805375853171792,-23.79709445552202,False,True,False,True,False,0.0,0.0,0.0,0.0,0.0,0,,,False,False,False,False,,,False,False,False,False,-3820.0,4110.850890517342,False,False,False,False,1319.4160809827831,False,False,False,False
2025-02-25 17:00:00+00:00,42.445,42.445,42.02,42.05,1667.0,,,,,,,,,,,,,,,,,,,,,,,,,,,,"rgba(239, 83, 80, 1.0)",1.2450481484231422,45.69183527393886,-2.925055772783773,18.980129917234752,-25.825245153189975,False,True,False,True,False,0.0,0.0,0.0,0.0,0.0,0,,,False,False,False,False,,,False,False,False,False,-5487.0,3962.047000741879,False,False,False,False,1324.8049789520423,False,False,False,False
2025-02-25 18:00:00+00:00,42.05,42.335,41.93,42.025,1518.0,,,,,,,,,,,,,,,,,,,,,,,,,,,,"rgba(239, 83, 80, 1.0)",1.3066726707436993,45.624956822323085,-2.7550563373106693,17.721854714666424,-27.295336880192266,False,True,False,True,False,0.0,0.0,0.0,0.0,0.0,0,,,False,False,False,False,,,False,False,False,False,-7005.0,3792.0152642962685,False,False,False,False,1327.8002505961967,False,False,False,False
2025-02-25 19:00:00+00:00,42.025,42.025,41.67,41.945,2465.0,,,,,,,,,,,,,,,,,,,,,,,,,,,,"rgba(239, 83, 80, 1.0)",1.3648762673683026,45.51537984696963,-2.6159000140385524,16.739212711093323,-28.514589595251444,False,True,False,True,False,0.0,0.0,0.0,0.0,0.0,0,,,False,False,False,False,,,False,False,False,False,-9470.0,3586.402624539737,False,False,False,False,1345.4312544629222,False,False,False,False
2025-02-25 20:00:00+00:00,41.945,42.325,41.92,42.09,6307.0,,,,,,,,,,,,,,,,,,,,,,,,,,,,"rgba(239, 83, 80, 1.0)",1.4148226833159094,45.279931713123254,-2.2546512370348992,17.637645033558087,-28.514589595251444,False,True,False,True,False,0.0,0.0,0.0,0.0,0.0,0,,,False,False,False,False,,,False,False,False,False,-3163.0,3481.760723384082,False,False,False,False,1422.3548009053575,False,False,False,False
2025-02-26 15:00:00+00:00,42.37,43.08,42.37,43.06,1535.0,,,,,,,,,,,,,,,,,,,,,,,,,,,,"rgba(239, 83, 80, 0.75)",1.4349489804786029,45.23992465415955,-1.5191652691599338,26.066478291783753,-28.930457970586524,False,True,False,True,True,0.0,0.0,0.0,0.0,0.0,0,,,False,False,False,False,,,False,False,False,False,-1628.0,3402.539626897507,False,False,False,False,1424.1012381006233,False,False,False,False
2025-02-26 16:00:00+00:00,43.06,43.185,42.69,42.69,2413.0,,,,,,,,,,,,,,,,,,,,,,,,,,,,"rgba(239, 83, 80, 0.75)",1.4653127053036599,45.18020472790163,-1.699435703306472,30.094616232410388,-25.426647797249892,False,True,False,True,True,0.0,0.0,0.0,0.0,0.0,0,,,False,False,False,False,,,False,False,False,False,-4041.0,3287.135911751809,False,False,False,False,1439.433001851001,False,False,False,False
2025-02-26 17:00:00+00:00,42.7,42.775,42.28,42.28,1336.0,,,,,,,,,,,,,,,,,,,,,,,,,,,,"rgba(239, 83, 80, 0.75)",1.507161232908407,45.14270384890841,-1.8994011963697994,31.231761741307185,-24.517936049121968,False,True,False,True,True,0.0,0.0,0.0,0.0,0.0,0,,,False,False,False,False,,,False,False,False,False,-5377.0,3152.8082231975172,False,False,False,False,1437.8293894192027,False,False,False,False
2025-02-26 18:00:00+00:00,42.28,42.35,41.825,41.94,1752.0,,,,,,,,,,,,,,,,,,,,,,,,,,,,"rgba(239, 83, 80, 0.75)",1.5595743442154801,45.08777167751477,-2.01835307767788,30.8506771024698,-24.517936049121968,False,True,False,True,True,0.0,0.0,0.0,0.0,0.0,0,,,False,False,False,False,,,False,False,False,False,-7129.0,2993.4003437680985,False,False,False,False,1442.70025159875,False,False,False,False
2025-02-26 19:00:00+00:00,41.94,41.94,41.5,41.5,1503.0,,,,,,,,,,,,,,,,,,,,,,,,,,,,"rgba(239, 83, 80, 0.75)",1.6228269822795114,45.03625969215588,-2.1790737587987703,29.299839094174587,-24.517936049121968,False,True,False,True,True,0.0,0.0,0.0,0.0,0.0,0,,,False,False,False,False,,,False,False,False,False,-8632.0,2813.161578748438,False,False,False,False,1443.6351314189242,False,False,False,False
2025-02-26 20:00:00+00:00,41.5,41.88,41.5,41.82,3986.0,,,,,,,,,,,,,,,,,,,,,,,,,,,,"rgba(239, 83, 80, 0.75)",1.6729217387983686,44.91046882779924,-1.847348119236632,30.6194309507123,-24.517936049121968,False,True,False,True,True,0.0,0.0,0.0,0.0,0.0,0,,,False,False,False,False,,,False,False,False,False,-4646.0,2697.5156627988495,False,False,False,False,1483.0516410093285,False,False,False,False
2025-02-27 15:00:00+00:00,41.83,42.03,41.61,42.01,297.0,,,,,,,,,,,,,,,,,,,,,,,,,,,,"rgba(239, 83, 80, 0.75)",1.7151766305176526,44.901925395255,-1.6860802227594467,32.8354262426825,-22.51166490102971,False,True,False,True,True,0.0,0.0,0.0,0.0,0.0,0,,,False,False,False,False,,,False,False,False,False,-4349.0,2588.267357949255,False,False,False,False,1464.6632434743,False,False,False,False
2025-02-27 16:00:00+00:00,42.05,42.52,42.05,42.17,622.0,,,,,,,,,,,,,,,,,,,,,,,,,,,,"rgba(239, 83, 80, 0.75)",1.7515125432577425,44.886375013911255,-1.5508738572085279,35.43859190806441,-19.892837942627636,False,True,False,True,True,0.0,0.0,0.0,0.0,0.0,0,,,False,False,False,False,,,False,False,False,False,-3727.0,2490.356236120584,False,False,False,False,1451.598697063846,False,False,False,False
2025-02-27 17:00:00+00:00,42.17,42.26,41.75,41.795,759.0,,,,,,,,,,,,,,,,,,,,,,,,,,,,"rgba(239, 83, 80, 0.75)",1.7952919233623559,44.86538749617961,-1.710244142595571,35.489807709777494,-19.623463299525273,False,True,False,True,True,0.0,0.0,0.0,0.0,0.0,0,,,False,False,False,False,,,False,False,False,False,-4486.0,2382.195674320265,False,False,False,False,1440.8607327682826,False,False,False,False
2025-02-27 18:00:00+00:00,41.795,42.16,41.795,42.03,737.0,,,,,,,,,,,,,,,,,,,,,,,,,,,,"rgba(239, 83, 80, 0.5)",1.83110481344948,44.8457223488348,-1.5377177363924188,37.25391335444817,-17.691615720460412,False,False,False,True,True,0.0,0.0,0.0,0.0,0.0,0,,,False,False,False,False,,,False,False,False,False,-3749.0,2287.1383770439816,False,False,False,False,1429.948163267999,False,False,False,False
2025-02-27 19:00:00+00:00,41.905,41.905,41.17,41.38,1229.0,,,,,,,,,,,,,,,,,,,,,,,,,,,,"rgba(239, 83, 80, 0.5)",1.8812746972429373,44.80765392528086,-1.821984811842834,35.704771460826855,-17.691615720460412,False,False,False,True,True,0.0,0.0,0.0,0.0,0.0,0,,,False,False,False,False,,,False,False,False,False,-4978.0,2174.500572748726,False,False,False,False,1426.832687868495,False,False,False,False
2025-02-27 20:00:00+00:00,41.38,41.38,40.57,40.57,5012.0,,,,,,,,,,,,,,,,,,,,,,,,,,,,"rgba(239, 83, 80, 1.0)",1.9516563812901724,43.8738016554158,-1.6928193339197177,32.28752682106783,-12.863459701678408,False,True,False,True,False,0.0,0.0,0.0,0.0,0.0,0,,,False,False,False,False,,,False,False,False,False,-9990.0,1985.9036646440943,False,False,False,False,1482.4166772038673,False,False,False,False
2025-02-28 15:00:00+00:00,43.245,44.6,43.245,43.79,3193.0,,,,,,,,,,,,,,,,,,,,,,,,,,,,"rgba(239, 83, 80, 0.5)",1.9566294607939614,44.09488444579431,-0.155821248684762,42.315635308163586,-13.376626055664268,False,False,False,True,True,0.0,0.0,0.0,0.0,0.0,0,,,False,False,False,False,,,False,False,False,False,-6797.0,1849.7346155798448,False,False,False,False,1508.9373488751253,False,False,False,False
2025-02-28 16:00:00+00:00,43.775,44.41,43.775,43.95,2909.0,,,,,,,,,,,,,,,,,,,,,,,,,,,,#000000,1.9603628548109515,44.19070651191607,-0.12278671335020727,49.33892391134164,-7.367654505658322,True,False,False,False,True,0.0,0.0,0.0,0.0,0.0,0,,,False,False,False,False,,,False,False,False,False,-3888.0,1760.7774897569016,False,False,False,False,1530.6437465669837,False,False,False,False
2025-02-28 17:00:00+00:00,43.93,44.26,43.755,43.83,1533.0,,,,,,,,,,,,,,,,,,,,,,,,,,,,"rgba(38, 166, 154, 1.0)",1.9648786313754998,44.218447313534824,-0.19769532190540237,53.5515505840893,-3.957190277535581,True,False,True,False,True,0.0,0.0,0.0,0.0,0.0,0,,,False,False,False,False,,,False,False,False,False,-5421.0,1649.43210231881,False,False,False,False,1530.6802776279608,False,False,False,False
2025-02-28 18:00:00+00:00,43.985,44.275,43.63,43.855,2949.0,,,,,,,,,,,,,,,,,,,,,,,,,,,,"rgba(38, 166, 154, 1.0)",1.9690662441558167,44.251874960411065,-0.20155490532072864,56.42564487796633,-1.583539743141209,True,False,True,False,True,0.0,0.0,0.0,0.0,0.0,0,,,False,False,False,False,,,False,False,False,False,-2472.0,1585.5339301898362,False,False,False,False,1552.6697306879923,False,False,False,False
2025-02-28 19:00:00+00:00,43.89,44.41,43.89,44.41,2475.0,,,,,,,,,,,,,,,,,,,,,,,,,,,,"rgba(38, 166, 154, 1.0)",1.9700558093343226,44.28259745213273,0.06466951203291993,59.78649972924487,1.4413130017848843,True,False,True,False,True,0.12434254376763576,0.0,0.0,0.0,0.0,0,,,False,False,False,False,,,False,False,False,False,3.0,1560.998520419451,False,False,False,False,1566.9694247858529,False,False,False,False
2025-02-28 20:00:00+00:00,44.4,45.27,44.36,45.27,7011.0,,,,,,,,,,,,,,,,,,,,,,,,,,,,"rgba(38, 166, 154, 1.0)",1.9701586527782828,44.49806278587071,0.391814747020867,63.88580552395141,5.249454338053596,True,False,True,False,True,4.16198561464363,0.0,0.0,0.0,0.0,0,,,False,False,False,False,,,False,False,False,False,7014.0,1645.5411790175992,False,False,False,False,1651.3729995953745,False,False,False,False
2025-03-03 15:00:00+00:00,43.1,43.62,42.96,43.14,1559.0,,,,,,,,,,,,,,,,,,,,,,,,,,,,"rgba(38, 166, 154, 0.75)",1.9811118181556682,44.43163172645339,-0.651973157000216,59.00420317472414,5.249454338053596,True,False,True,False,False,0.0,0.0,0.0,0.0,0.0,0,,,False,False,False,False,,,False,False,False,False,5455.0,1704.602556087094,False,False,False,False,1649.940860066764,False,False,False,False
2025-03-03 16:00:00+00:00,43.14,43.64,42.86,43.61,2704.0,,,,,,,,,,,,,,,,,,,,,,,,,,,,"rgba(38, 166, 154, 0.75)",1.9868157148272978,44.36117693422881,-0.37808082985396785,56.98374450336892,5.249454338053596,True,False,True,False,False,0.0,0.0,0.0,0.0,0.0,0,,,False,False,False,False,,,False,False,False,False,8159.0,1804.6707335121,False,False,False,False,1666.2828622362713,False,False,False,False
2025-03-03 17:00:00+00:00,43.61,43.66,43.35,43.39,1122.0,,,,,,,,,,,,,,,,,,,,,,,,,,,,"rgba(38, 166, 154, 0.75)",1.994461086867089,44.34145573672825,-0.47704903494647843,54.98409257364496,13.877280583101715,True,False,True,False,False,0.0,0.0,0.0,0.0,0.0,0,,,False,False,False,False,,,False,False,False,False,7037.0,1885.7921174886565,False,False,False,False,1657.844368248112,False,False,False,False
2025-03-03 18:00:00+00:00,43.33,43.33,42.605,42.835,2583.0,,,,,,,,,,,,,,,,,,,,,,,,,,,,#000000,2.0069587453172595,44.27478155892272,-0.7173946959707523,52.036601208497146,10.788018961092078,True,False,False,False,False,0.0,0.0,0.0,0.0,0.0,0,,,False,False,False,False,,,False,False,False,False,4454.0,1925.6092939617006,False,False,False,False,1672.1878664148078,False,False,False,False
2025-03-03 19:00:00+00:00,42.835,42.955,42.46,42.51,3627.0,,,,,,,,,,,,,,,,,,,,,,,,,,,,#000000,2.023585654451257,44.183943565559765,-0.8272165608001885,49.165786451060654,7.763496004903871,True,False,False,False,False,0.0,0.0,0.0,0.0,0.0,0,,,False,False,False,False,,,False,False,False,False,827.0,1908.5765917297363,False,False,False,False,1702.4950312765936,False,False,False,False
2025-03-03 20:00:00+00:00,42.48,42.48,41.44,41.615,5915.0,,,,,,,,,,,,,,,,,,,,,,,,,,,,"rgba(239, 83, 80, 0.5)",2.0551534323817897,44.001689601151746,-1.1613194244021603,45.01840346740582,3.588569690259689,True,False,False,True,False,0.0,0.0,0.0,0.0,0.0,0,,,False,False,False,False,,,False,False,False,False,-5088.0,1800.1025360440037,False,False,False,False,1767.805185830445,False,False,False,False
2025-03-04 15:00:00+00:00,40.11,40.375,39.82,39.93,1179.0,,,,,,,,,,,,,,,,,,,,,,,,,,,,"rgba(239, 83, 80, 0.5)",2.1255790583587695,43.94018929530559,-1.886633799639518,39.23825854707639,-1.9739951187841314,False,False,False,True,False,0.0,0.0,0.0,0.0,0.0,0,,,False,False,False,False,,,False,False,False,False,-6267.0,1675.0311788960346,True,False,False,False,1758.6764232594303,True,False,False,False
2025-03-04 16:00:00+00:00,40.02,40.77,39.8,40.67,1988.0,,,,,,,,,,,,,,,,,,,,,,,,,,,,"rgba(239, 83, 80, 0.5)",2.168938103196012,43.36255754233431,-1.2414174191355305,38.000319352829806,-3.3003989757488483,False,False,False,True,False,0.0,0.0,0.0,0.0,0.0,0,,,False,False,False,False,,,False,False,False,False,-4279.0,1582.7206179829177,False,False,False,False,1762.2318275499817,False,False,False,False
2025-03-04 17:00:00+00:00,40.67,41.41,40.67,41.29,2440.0,,,,,,,,,,,,,,,,,,,,,,,,,,,,"rgba(239, 83, 80, 0.5)",2.1916888979107516,43.355559673465564,-0.9424511277282916,39.168934746733065,-3.3003989757488483,False,False,False,True,False,0.0,0.0,0.0,0.0,0.0,0,,,False,False,False,False,,,False,False,False,False,-1839.0,1529.670685921167,False,False,False,False,1772.7398612313773,False,False,False,False
2025-03-04 18:00:00+00:00,41.29,41.93,41.24,41.53,5637.0,,,,,,,,,,,,,,,,,,,,,,,,,,,,"rgba(239, 83, 80, 0.5)",2.2059053625367717,43.31574731394681,-0.809530338098101,40.70517751072951,-3.3003989757488483,False,False,False,True,False,0.0,0.0,0.0,0.0,0.0,0,,,False,False,False,False,,,False,False,False,False,3798.0,1564.8385822634746,False,False,False,False,1832.6508711347667,False,False,False,False
2025-03-04 19:00:00+00:00,41.5,41.81,41.5,41.76,2057.0,,,,,,,,,,,,,,,,,,,,,,,,,,,,"rgba(239, 83, 80, 0.5)",2.2130414031943166,43.296573031391965,-0.6943263823144333,42.48242898397143,-3.3003989757488483,True,False,False,True,True,0.0,0.0,0.0,0.0,0.0,0,,,False,False,False,False,,,False,False,False,False,5855.0,1631.3527127710177,False,False,False,False,1836.1291522024446,False,False,False,False
2025-03-04 20:00:00+00:00,41.76,42.2,41.25,41.51,9541.0,,,,,,,,,,,,,,,,,,,,,,,,,,,,"rgba(239, 83, 80, 0.5)",2.222891496138222,43.19298864362607,-0.7571168662752511,42.94851648658793,-3.3003989757488483,True,False,False,True,True,0.0,0.0,0.0,0.0,0.0,0,,,False,False,False,False,,,False,False,False,False,-3686.0,1548.9131358288314,False,False,False,False,1955.584514183802,False,False,False,False
2025-03-05 15:00:00+00:00,41.535,41.91,41.35,41.515,5896.0,,,,,,,,,,,,,,,,,,,,,,,,,,,,"rgba(239, 83, 80, 0.5)",2.2323728376968095,43.128505570547425,-0.7227760270601192,43.278934264909864,-3.3003989757488483,True,False,False,True,True,0.0,0.0,0.0,0.0,0.0,0,,,False,False,False,False,,,False,False,False,False,2210.0,1559.162544575671,False,False,False,False,2016.6762271421924,False,False,False,False
2025-03-05 16:00:00+00:00,41.5,41.83,41.31,41.74,3824.0,,,,,,,,,,,,,,,,,,,,,,,,,,,,"rgba(239, 83, 80, 0.5)",2.2351653565611627,43.091373867934756,-0.6045968205295845,44.444719923832814,-3.3003989757488483,True,False,False,True,True,0.0,0.0,0.0,0.0,0.0,0,,,False,False,False,False,,,False,False,False,False,6034.0,1628.5398694659707,False,False,False,False,2044.696750752391,False,False,False,False
2025-03-05 17:00:00+00:00,41.95,42.445,41.95,42.205,1138.0,,,,,,,,,,,,,,,,,,,,,,,,,,,,"rgba(239, 83, 80, 0.5)",2.230910487582059,43.08842472574133,-0.39599290543423943,47.08930532194509,-8.675632912557866,True,False,False,True,True,0.0,0.0,0.0,0.0,0.0,0,,,False,False,False,False,,,False,False,False,False,7172.0,1714.4849877688239,False,False,False,False,2030.6394367872376,False,False,False,False
2025-03-05 18:00:00+00:00,42.205,42.51,42.18,42.51,1111.0,,,,,,,,,,,,,,,,,,,,,,,,,,,,#000000,2.221948280712713,43.0879803255382,-0.26012321283770207,49.99642031976061,-5.631469444948102,True,False,False,False,True,0.0,0.0,0.0,0.0,0.0,0,,,False,False,False,False,,,False,False,False,False,8283.0,1816.3224298189195,False,False,False,False,2016.3814610230943,False,False,False,False
2025-03-05 19:00:00+00:00,42.51,43.02,42.51,42.985,1079.0,,,,,,,,,,,,,,,,,,,,,,,,,,,,"rgba(38, 166, 154, 1.0)",2.2078918647629697,43.09271506561135,-0.0487863863853294,53.58594460627762,-2.0880709758261276,True,False,True,False,True,0.0,0.0,0.0,0.0,0.0,0,,,False,False,False,False,,,False,False,False,False,9362.0,1933.3096789690137,False,False,False,False,2001.8484151157595,False,False,False,False
2025-03-05 20:00:00+00:00,42.985,43.26,42.705,43.05,5534.0,,,,,,,,,,,,,,,,,,,,,,,,,,,,"rgba(38, 166, 154, 1.0)",2.1923467454424883,43.106734301291866,-0.025878343108730065,56.200862803587604,0.46279550190418206,True,False,True,False,True,0.0,0.0,0.0,0.0,0.0,0,,,False,False,False,False,,,False,False,False,False,14896.0,2134.281621930734,False,False,False,False,2056.610455191484,False,False,False,False
2025-03-06 15:00:00+00:00,41.46,42.74,41.46,42.64,2297.0,,,,,,,,,,,,,,,,,,,,,,,,,,,,"rgba(38, 166, 154, 1.0)",2.1785433847594815,43.07368180452378,-0.19906962035170075,55.74363685812686,0.46279550190418206,True,False,True,False,True,0.0,0.0,0.0,0.0,0.0,0,,,False,False,False,False,,,False,False,False,False,12599.0,2296.525317714754,False,False,False,False,2060.3374248784376,False,False,False,False
2025-03-06 16:00:00+00:00,42.64,42.95,42.3,42.3,1708.0,,,,,,,,,,,,,,,,,,,,,,,,,,,,"rgba(38, 166, 154, 0.75)",2.1664582713362983,43.066112440383066,-0.3536243695617182,53.77347959415343,0.46279550190418206,True,False,True,False,False,0.0,0.0,0.0,0.0,0.0,0,,,False,False,False,False,,,False,False,False,False,10891.0,2429.772987207548,False,False,False,False,2054.8748291438883,False,False,False,False
2025-03-06 17:00:00+00:00,42.3,42.3,41.865,42.11,3206.0,,,,,,,,,,,,,,,,,,,,,,,,,,,,#000000,2.1547930065091916,43.031316007636875,-0.4275658983734246,51.56003668270894,0.46279550190418206,True,False,False,False,False,0.0,0.0,0.0,0.0,0.0,0,,,False,False,False,False,,,False,False,False,False,7685.0,2511.2493750027797,False,False,False,False,2072.7217310176266,False,False,False,False
2025-03-06 18:00:00+00:00,42.11,42.11,41.61,42.04,3958.0,,,,,,,,,,,,,,,,,,,,,,,,,,,,#000000,2.1322628254407987,42.98932898671494,-0.44522137486437,49.739339934612865,5.061986673639467,True,False,False,False,False,0.0,0.0,0.0,0.0,0.0,0,,,False,False,False,False,,,False,False,False,False,3727.0,2530.0982219019616,False,False,False,False,2101.9508514669656,False,False,False,False
2025-03-06 19:00:00+00:00,42.03,42.24,41.64,41.795,3782.0,,,,,,,,,,,,,,,,,,,,,,,,,,,,"rgba(239, 83, 80, 0.5)",2.113389319177713,42.95579845356224,-0.5492591653741702,47.30245203597835,2.604015082545345,False,False,False,True,False,0.0,0.0,0.0,0.0,0.0,0,,,False,False,False,False,,,False,False,False,False,-55.0,2490.019179701931,False,False,False,False,2127.9981250876326,False,False,False,False
2025-03-06 20:00:00+00:00,41.795,42.15,41.76,41.83,8388.0,,,,,,,,,,,,,,,,,,,,,,,,,,,,"rgba(239, 83, 80, 0.5)",2.0875481372234868,42.89826491930933,-0.5117318735127031,45.9202514533267,1.1344784731220372,False,False,False,True,False,0.0,0.0,0.0,0.0,0.0,0,,,False,False,False,False,,,False,False,False,False,8333.0,2580.608029629033,False,False,False,False,2225.0524177219327,False,False,False,False
2025-03-07 15:00:00+00:00,42.275,42.445,41.66,42.01,3364.0,,,,,,,,,,,,,,,,,,,,,,,,,,,,"rgba(239, 83, 80, 0.5)",2.0654492171119805,42.88289985305515,-0.4226198571348496,46.28917799378847,1.1344784731220372,False,False,False,True,False,0.0,0.0,0.0,0.0,0.0,0,,,False,False,False,False,,,False,False,False,False,11697.0,2721.947440022381,False,False,False,False,2242.710519772755,False,False,False,False
2025-03-07 16:00:00+00:00,42.01,42.01,41.09,41.105,2146.0,,,,,,,,,,,,,,,,,,,,,,,,,,,,"rgba(239, 83, 80, 1.0)",2.0450222184303772,42.697687978221886,-0.778812065643145,42.17599621592858,-2.7711420414891066,False,True,False,True,False,0.0,0.0,0.0,0.0,0.0,0,,,False,False,False,False,,,False,False,False,False,9551.0,2827.8242238980033,False,False,False,False,2241.2111318693014,False,False,False,False
2025-03-07 17:00:00+00:00,41.21,42.24,41.19,41.89,5584.0,,,,,,,,,,,,,,,,,,,,,,,,,,,,"rgba(239, 83, 80, 0.5)",2.010429199839576,42.6957943276922,-0.4008071150958694,44.13316776079179,-2.7711420414891066,False,False,False,True,False,0.0,0.0,0.0,0.0,0.0,0,,,False,False,False,False,,,False,False,False,False,15135.0,3018.633150659274,False,False,False,False,2293.037315871328,False,False,False,False
2025-03-07 18:00:00+00:00,41.89,42.635,41.89,42.6,2229.0,,,,,,,,,,,,,,,,,,,,,,,,,,,,#000000,1.9783286648851692,42.71229384451554,-0.05676197616135703,48.52788879001827,-6.81989003706272,False,False,False,False,True,0.0,0.0,0.0,0.0,0.0,0,,,False,False,False,False,,,False,False,False,False,17364.0,3241.041939021146,False,False,False,False,2292.0444892686714,False,False,False,False
2025-03-07 19:00:00+00:00,42.6,43.115,42.6,43.06,2445.0,,,,,,,,,,,,,,,,,,,,,,,,,,,,"rgba(38, 166, 154, 1.0)",1.9439987348455534,42.745421188081075,0.16182048181421285,53.095080404933164,-2.6612295841234967,True,False,True,False,True,0.0,0.0,0.0,0.0,0.0,0,,,False,False,False,False,,,False,False,False,False,19809.0,3497.909505858027,False,False,False,False,2294.415892535824,False,False,False,False
2025-03-07 20:00:00+00:00,43.055,43.94,43.01,43.9,9648.0,,,,,,,,,,,,,,,,,,,,,,,,,,,,"rgba(38, 166, 154, 1.0)",1.8975060160856176,42.969001223769254,0.49064338575922417,58.547322150044394,2.214580442374448,True,False,True,False,True,1.9601509623314222,-1.0,43.94,43.01,354.0,0,,,False,False,False,False,,,False,False,False,False,29457.0,3900.3760251470494,False,False,False,False,2408.424948465501,False,False,False,False
2025-03-10 14:00:00+00:00,42.55,42.98,41.86,42.24,6045.0,,,,,,,,,,,,,,,,,,,,,,,,,,,,"rgba(38, 166, 154, 0.75)",1.8445105872036454,42.90246677249685,-0.35915585255662646,55.27627583616177,2.214580442374448,True,False,True,False,False,0.0,0.0,0.0,0.0,0.0,0,,,False,False,False,False,,,False,False,False,False,23412.0,4202.881823206785,False,False,False,False,2464.8059570164237,False,False,False,False
2025-03-10 15:00:00+00:00,42.24,42.41,42.24,42.41,37.0,,,,,,,,,,,,,,,,,,,,,,,,,,,,"rgba(38, 166, 154, 0.75)",1.777630995160409,42.902182131361016,-0.27687530916201547,53.663360043715,2.214580442374448,True,False,True,False,False,0.0,0.0,0.0,0.0,0.0,0,,,False,False,False,False,-0.13709298582214335,-0.13709298582214335,False,False,False,False,23449.0,4501.271252304354,False,False,False,False,2427.1655545820604,False,False,False,False
2025-03-10 16:00:00+00:00,42.41,42.41,42.41,42.41,0.0,,,,,,,,,,,,,,,,,,,,,,,,,,,,"rgba(38, 166, 154, 0.75)",1.6905475604235702,42.902182131361016,-0.2911377017028153,52.58808284875049,2.214580442374448,True,False,True,False,False,0.0,0.0,0.0,0.0,0.0,0,0.9097802429263494,0.9648248262304286,False,False,False,False,-0.12956699419844228,-0.13332999001029283,False,False,False,False,23449.0,4795.034488702735,False,False,False,False,2389.53508086761,False,False,False,False
2025-03-10 17:00:00+00:00,42.41,42.56,41.81,41.82,4233.0,,,,,,,,,,,,,,,,,,,,,,,,,,,,#000000,1.6397454345385813,42.857937004894275,-0.6329866716087833,49.73005469714847,6.592036369187639,False,False,False,False,False,0.0,0.0,0.0,0.0,0.0,0,0.9086770782267662,0.9518173541564532,False,False,False,False,-0.14952287701140635,-0.1414264335108496,False,False,False,False,19216.0,5018.615349343003,False,False,False,False,2418.1159323270267,False,False,False,False
2025-03-10 18:00:00+00:00,41.845,42.14,41.73,41.93,3564.0,,,,,,,,,,,,,,,,,,,,,,,,,,,,"rgba(239, 83, 80, 1.0)",1.5841600297949798,42.82317987300444,-0.563819220410476,48.31023983446695,5.021960673560258,False,True,False,True,False,0.0,0.0,0.0,0.0,0.0,0,0.9085122753025106,0.953416800727425,False,False,False,False,-0.17183631802168384,-0.15663137576626673,False,False,False,False,22780.0,5293.985654004351,False,False,False,False,2435.881576787073,False,False,False,False
2025-03-10 19:00:00+00:00,41.93,42.42,41.69,42.22,12391.0,,,,,,,,,,,,,,,,,,,,,,,,,,,,#000000,1.5220437214778428,42.75829164671685,-0.35366372142988806,48.66581117115118,5.021960673560258,False,True,False,False,False,0.0,0.0,0.0,0.0,0.0,0,0.9067501739735555,0.9520528879610296,False,False,False,False,-0.1611060499952639,-0.15886871288076532,False,False,False,False,35171.0,5757.1951787484695,False,False,False,False,2590.2244980771957,False,False,False,False
2025-03-11 14:00:00+00:00,40.155,41.19,40.12,41.055,3138.0,,,,,,,,,,,,,,,,,,,,,,,,,,,,"rgba(239, 83, 80, 1.0)",1.4821617004586034,42.70683013457358,-1.1144736327098979,44.877405658718644,1.172972402722415,False,True,False,True,False,0.0,0.0,0.0,0.0,0.0,0,0.8882025522671733,0.9540456149877818,False,False,False,False,-0.2893166831491638,-0.22409269801496456,False,False,False,False,32033.0,6164.571997682602,False,False,False,False,2598.717141517859,False,False,False,False
2025-03-11 15:00:00+00:00,41.08,42.16,41.08,41.92,10895.0,,,,,,,,,,,,,,,,,,,,,,,,,,,,"rgba(239, 83, 80, 1.0)",1.411668155758291,42.63979713819954,-0.5098911775146566,45.89719412593985,1.172972402722415,False,True,False,True,False,0.0,0.0,0.0,0.0,0.0,0,0.8997044202606473,0.94397420395002,False,False,False,False,-0.20019745532381225,-0.21214507666938842,False,False,False,False,42928.0,6734.547625625507,False,False,False,False,2727.341681959442,False,False,False,False
2025-03-11 16:00:00+00:00,41.92,41.955,41.43,41.54,9424.0,,,,,,,,,,,,,,,,,,,,,,,,,,,,"rgba(239, 83, 80, 1.0)",1.3352648385954087,42.58702958205962,-0.7841362640545624,45.341034017022615,1.1114787120976217,False,True,False,True,False,0.0,0.0,0.0,0.0,0.0,0,0.900127954744427,0.9525893999595929,False,False,False,False,-0.19364328394851993,-0.20289418030895418,False,False,False,False,33504.0,7149.577894995654,False,False,False,False,2831.1658419290634,False,False,False,False
2025-03-11 17:00:00+00:00,41.535,41.56,40.885,40.9,10191.0,,,,,,,,,,,,,,,,,,,,,,,,,,,,"rgba(239, 83, 80, 1.0)",1.271329665003201,42.50286270048973,-1.26077660626734,43.08569438096436,-1.353656703448081,False,True,False,True,False,0.0,0.0,0.0,0.0,0.0,0,0.8910307898259702,0.9580321285140562,False,False,False,False,-0.23645195204052166,-0.21967306617473792,False,False,False,False,23313.0,7400.173586546109,False,False,False,False,2945.2717978681476,False,False,False,False
2025-03-11 18:00:00+00:00,40.9,41.75,40.9,41.64,8557.0,,,,,,,,,,,,,,,,,,,,,,,,,,,,"rgba(239, 83, 80, 1.0)",1.2023522665895416,42.45833477825881,-0.6806114988080871,44.501272767392116,-1.353656703448081,False,True,False,True,False,0.0,0.0,0.0,0.0,0.0,0,0.8919617986470351,0.9553654330813102,False,False,False,False,-0.22704841809327342,-0.22336074213400567,False,False,False,False,31870.0,7779.5507402430685,False,False,False,False,3032.2753358856953,False,False,False,False
2025-03-11 19:00:00+00:00,41.56,41.635,40.68,40.75,22214.0,,,,,,,,,,,,,,,,,,,,,,,,,,,,"rgba(239, 83, 80, 1.0)",1.1579914344079567,42.31446763351433,-1.351018312423178,42.89362058453156,-1.9516111051826428,False,True,False,True,False,0.0,0.0,0.0,0.0,0.0,0,0.8884501480750243,0.9613688713392561,False,False,False,False,-0.24243641162763,-0.23289857688081783,False,False,False,False,9656.0,7808.642976828447,False,False,False,False,3329.6664159494826,False,False,False,False
2025-03-12 14:00:00+00:00,40.17,40.525,39.98,40.225,3280.0,,,,,,,,,,,,,,,,,,,,,,,,,,,,"rgba(239, 83, 80, 1.0)",1.127873906759787,42.28302249091063,-1.8246919966639015,40.54005634851358,-4.398085290617658,False,True,False,True,False,0.0,0.0,0.0,0.0,0.0,0,0.8793848167539264,0.9744109947643977,False,False,False,False,-0.3277718855885436,-0.28033523123468074,False,False,False,False,6376.0,7786.431457807851,False,False,False,False,3328.896393996777,False,False,False,False
2025-03-12 15:00:00+00:00,40.225,40.77,40.09,40.705,2359.0,,,,,,,,,,,,,,,,,,,,,,,,,,,,"rgba(239, 83, 80, 1.0)",1.0848023110475427,42.264459128024725,-1.437551443376656,40.90986640006226,-4.398085290617658,False,True,False,True,False,0.0,0.0,0.0,0.0,0.0,0,0.8827172566660146,0.9704022426494553,False,False,False,False,-0.3107040148674332,-0.29551962305105695,False,False,False,False,8735.0,7801.137946834086,False,False,False,False,3313.859240601478,False,False,False,False
2025-03-12 16:00:00+00:00,40.69,40.99,40.42,40.64,4281.0,,,,,,,,,,,,,,,,,,,,,,,,,,,,"rgba(239, 83, 80, 1.0)",1.0454287020984292,42.23538955744721,-1.5260625179363057,40.967298147499264,-4.527503766373883,False,True,False,True,False,0.0,0.0,0.0,0.0,0.0,0,0.8889757114019664,0.9669857394022267,False,False,False,False,-0.2845993397105266,-0.29005948138079174,False,False,False,False,4454.0,7749.244335255262,False,False,False,False,3328.8536709797495,False,False,False,False
2025-03-12 17:00:00+00:00,40.64,40.855,40.365,40.38,5602.0,,,,,,,,,,,,,,,,,,,,,,,,,,,,"rgba(239, 83, 80, 1.0)",1.0598906878873433,42.19520660480146,-1.7126356760617187,40.214670572042685,-5.597367437544349,False,True,False,True,False,0.0,0.0,0.0,0.0,0.0,0,0.8881433224755699,0.9693811074918564,False,False,False,False,-0.2935730255845628,-0.29181625348267726,False,False,False,False,-1148.0,7611.302562615646,False,False,False,False,3364.096249724249,False,False,False,False
2025-03-12 18:00:00+00:00,40.38,40.75,40.375,40.55,3905.0,,,,,,,,,,,,,,,,,,,,,,,,,,,,"rgba(239, 83, 80, 1.0)",1.062754630855797,42.168967459020934,-1.5233689997824258,40.54550500375205,-5.6039991435374645,False,True,False,True,False,0.0,0.0,0.0,0.0,0.0,0,0.8906453291699189,0.9651964610981001,False,False,False,False,-0.29807708212302214,-0.2949466678028497,False,False,False,False,2757.0,7536.042057768891,False,False,False,False,3372.482354379687,False,False,False,False
2025-03-12 19:00:00+00:00,40.55,40.61,40.355,40.605,7460.0,,,,,,,,,,,,,,,,,,,,,,,,,,,,"rgba(239, 83, 80, 1.0)",1.0557492450712453,42.12032775037969,-1.4353102855190116,41.052499898251625,-5.6039991435374645,False,True,False,True,False,0.0,0.0,0.0,0.0,0.0,0,0.8920306812272486,0.9645735829433174,False,False,False,False,-0.3056896052761212,-0.30031813653948547,False,False,False,False,10217.0,7577.607297183326,False,False,False,False,3435.8547209784515,False,False,False,False
2025-03-13 14:00:00+00:00,39.67,40.21,39.51,40.03,2219.0,,,,,,,,,,,,,,,,,,,,,,,,,,,,"rgba(239, 83, 80, 1.0)",1.0664944258459097,42.10049944723483,-1.9414067219269107,39.333615783991505,-7.308897662441282,False,True,False,True,False,0.0,0.0,0.0,0.0,0.0,0,0.8802237366593798,0.9664395010929663,False,False,False,False,-0.34282825441539394,-0.3215731954774397,False,False,False,False,7998.0,7584.125013506065,False,False,False,False,3416.9887563121188,False,False,False,False
2025-03-13 15:00:00+00:00,40.03,40.165,39.92,39.94,1890.0,,,,,,,,,,,,,,,,,,,,,,,,,,,,"rgba(239, 83, 80, 1.0)",1.0815561778131555,42.08470167223933,-1.9829775986077758,37.88641400391958,-8.856853527516051,False,True,False,True,False,0.0,0.0,0.0,0.0,0.0,0,0.8851373078654574,0.9676506527750979,False,False,False,False,-0.32565035425838906,-0.32361177486791437,False,False,False,False,6108.0,7561.239354381941,False,False,False,False,3393.31451202821,False,False,False,False
2025-03-13 16:00:00+00:00,39.94,40.19,39.785,39.785,1111.0,,,,,,,,,,,,,,,,,,,,,,,,,,,,"rgba(239, 83, 80, 1.0)",1.0983575986055047,42.07511325028033,-2.085034284997805,36.379051560169614,-10.408231640035424,False,True,False,True,False,0.0,0.0,0.0,0.0,0.0,0,0.8881919296430414,0.9689601655457833,False,False,False,False,-0.3308073236912432,-0.3272095492795788,False,False,False,False,4997.0,7521.483705476794,False,False,False,False,3357.929790911494,False,False,False,False
2025-03-13 17:00:00+00:00,39.785,39.9,39.56,39.58,5824.0,,,,,,,,,,,,,,,,,,,,,,,,,,,,"rgba(239, 83, 80, 1.0)",1.131724097310148,42.02045419704346,-2.1564038468774083,34.65424111525945,-12.117239740458785,False,True,False,True,False,0.0,0.0,0.0,0.0,0.0,0,0.8829318829318824,0.9698264698264695,False,False,False,False,-0.34282825441539394,-0.3350189018474864,False,False,False,False,-827.0,7392.049849577928,True,False,False,False,3396.1634375640288,True,False,False,False
2025-03-13 18:00:00+00:00,39.58,40.1,39.51,40.07,2138.0,,,,,,,,,,,,,,,,,,,,,,,,,,,,"rgba(239, 83, 80, 0.75)",1.1511273831563078,42.00302932280672,-1.6792488399559147,36.90416946945863,-12.117239740458785,False,True,False,True,True,0.0,0.0,0.0,0.0,0.0,0,0.8773852501289322,0.9705389375966992,False,False,False,False,-0.33586125188991395,-0.33544007686870014,False,False,False,False,1311.0,7297.770006948814,False,False,False,False,3376.6570276793154,False,False,False,False
2025-03-13 19:00:00+00:00,40.08,40.14,39.49,39.61,5876.0,,,,,,,,,,,,,,,,,,,,,,,,,,,,"rgba(239, 83, 80, 0.75)",1.181810635583559,41.75264606404516,-1.8130197846689335,36.53569361151892,-12.117239740458785,False,True,False,True,True,0.0,0.0,0.0,0.0,0.0,0,0.8773403436778656,0.9705693767632723,False,False,False,False,-0.33493470169538275,-0.33518738928204145,False,False,False,False,-4565.0,7113.851092112398,False,False,False,False,3415.406531126148,False,False,False,False
2025-03-14 14:00:00+00:00,40.36,40.45,39.94,40.22,2950.0,,,,,,,,,,,,,,,,,,,,,,,,,,,,"rgba(239, 83, 80, 0.75)",1.197488919243827,41.749609827320484,-1.2773477923172607,39.88595849405191,-13.604231179378985,False,True,False,True,True,0.0,0.0,0.0,0.0,0.0,0,0.8813322316150761,0.9603381427572614,False,False,False,False,-0.3001178861753024,-0.3176526377286719,False,False,False,False,-1615.0,6978.520067428484,False,False,False,False,3408.190925992409,False,False,False,False
2025-03-14 15:00:00+00:00,40.22,40.41,40.14,40.205,2470.0,,,,,,,,,,,,,,,,,,,,,,,,,,,,"rgba(239, 83, 80, 0.75)",1.2128734847831932,41.74319971255012,-1.2682276691250156,42.04761858190194,-11.637157543414553,False,True,False,True,True,0.0,0.0,0.0,0.0,0.0,0,0.8851458717345706,0.9610373101125024,False,False,False,False,-0.29287972872986984,-0.3052661832292709,False,False,False,False,-4085.0,6806.992624522616,False,False,False,False,3393.6453302405885,False,False,False,False
2025-03-14 16:00:00+00:00,40.205,40.21,39.93,40.16,1393.0,,,,,,,,,,,,,,,,,,,,,,,,,,,,"rgba(239, 83, 80, 0.75)",1.228132464904087,41.736220697566324,-1.283428899251047,43.251065323365665,-10.53119976029133,False,True,False,True,True,0.0,0.0,0.0,0.0,0.0,0,0.8808230557863119,0.9711802671097192,False,False,False,False,-0.31148926065412524,-0.3083777219416981,False,False,False,False,-5478.0,6616.527622592033,False,False,False,False,3362.627573182595,False,False,False,False
2025-03-14 17:00:00+00:00,40.1,40.325,40.07,40.1,1869.0,,,,,,,,,,,,,,,,,,,,,,,,,,,,"rgba(239, 83, 80, 0.75)",1.2354864162283299,41.727824480663095,-1.317557570266524,43.710267358315676,-10.029020258827956,False,True,False,True,True,0.0,0.0,0.0,0.0,0.0,0,0.8801457427767834,0.9703400664791614,False,False,False,False,-0.29989123456263717,-0.30413447825216766,False,False,False,False,-7347.0,6400.038822241769,False,False,False,False,3339.470556544105,False,False,False,False
2025-03-14 18:00:00+00:00,40.1,40.34,40.07,40.12,1226.0,,,,,,,,,,,,,,,,,,,,,,,,,,,,"rgba(239, 83, 80, 0.75)",1.2456932221071293,41.72227133893863,-1.2862487412658015,44.1711265561632,-9.437169897510891,False,True,False,True,True,0.0,0.0,0.0,0.0,0.0,0,0.8799769923947078,0.9700262031060265,False,False,False,False,-0.2992114591029102,-0.3016729686775389,False,False,False,False,-6121.0,6205.914189338796,False,False,False,False,3306.703571171328,False,False,False,False
2025-03-14 19:00:00+00:00,40.12,40.31,40.1,40.31,4860.0,,,,,,,,,,,,,,,,,,,,,,,,,,,,"rgba(239, 83, 80, 0.5)",1.255153118687672,41.70195955750871,-1.10899581635432,45.98329199978215,-7.578054795486359,False,False,False,True,True,0.0,0.0,0.0,0.0,0.0,0,0.8798258531276009,0.9718932069914846,False,False,False,False,-0.2992114591029102,-0.3004422138902245,False,False,False,False,-1261.0,6090.148077876179,False,False,False,False,3330.7856863469665,False,False,False,False
2025-03-17 14:00:00+00:00,40.55,40.63,40.15,40.3,2509.0,,,,,,,,,,,,,,,,,,,,,,,,,,,,"rgba(239, 83, 80, 0.5)",1.2656200631090606,41.69330063948256,-1.1008838118920512,47.11128537478942,-6.3903591047895105,False,False,False,True,True,0.0,0.0,0.0,0.0,0.0,0,0.8761588133751037,0.9725720861837476,False,False,False,False,-0.2825267045204051,-0.29148445920531485,False,False,False,False,-3770.0,5937.2775650408885,False,False,False,False,3318.0448229927497,False,False,False,False
2025-03-17 15:00:00+00:00,40.255,40.395,40.115,40.26,2126.0,,,,,,,,,,,,,,,,,,,,,,,,,,,,"rgba(239, 83, 80, 0.5)",1.2763790210613164,41.68415226899804,-1.1157753657012102,47.51215701529257,-5.851299367112183,False,False,False,True,True,0.0,0.0,0.0,0.0,0.0,0,0.8719312864559963,0.9803858727004677,False,False,False,False,-0.2946864453624468,-0.29308545228388083,False,False,False,False,-5896.0,5753.815897365836,False,False,False,False,3299.5635079075905,False,False,False,False
2025-03-17 16:00:00+00:00,40.22,40.4,40.15,40.325,2329.0,,,,,,,,,,,,,,,,,,,,,,,,,,,,#000000,1.2859246261520085,41.67465831255046,-1.0495625366388446,48.42622303000921,-4.805661316379549,True,False,False,False,True,0.0,0.0,0.0,0.0,0.0,0,0.8669798571336635,0.9864212626295128,False,False,False,False,-0.29287972872986984,-0.29298259050687536,False,False,False,False,-3567.0,5609.307123763265,False,False,False,False,3284.516011660961,False,False,False,False
2025-03-17 17:00:00+00:00,40.315,40.64,40.26,40.425,3977.0,,,,,,,,,,,,,,,,,,,,,,,,,,,,#000000,1.2932293784264508,41.6621257190078,-0.9566173949072239,50.047324121358045,-3.1331888572598103,True,False,False,False,True,0.0,0.0,0.0,0.0,0.0,0,0.8670096463022504,0.9820578778135045,False,False,False,False,-0.277148588020412,-0.28506558926364367,False,False,False,False,410.0,5528.697710991742,False,False,False,False,3295.2521975266823,False,False,False,False
2025-03-17 18:00:00+00:00,40.445,40.8,40.42,40.755,4929.0,,,,,,,,,,,,,,,,,,,,,,,,,,,,"rgba(38, 166, 154, 1.0)",1.295811384478537,41.65229972983941,-0.6924616812195269,54.00357019600756,0.5875308044428493,True,False,True,False,True,0.0,0.0,0.0,0.0,0.0,0,0.8710774562022715,0.9768979015593915,False,False,False,False,-0.26288214219850553,-0.27397386573107463,False,False,False,False,5339.0,5525.756661208923,False,False,False,False,3320.581620820842,False,False,False,False
2025-03-17 19:00:00+00:00,40.75,41.06,40.74,41.06,11148.0,,,,,,,,,,,,,,,,,,,,,,,,,,,,"rgba(38, 166, 154, 1.0)",1.2973087770700937,41.643962914832755,-0.45013409695076906,58.6860772425655,4.787691817721601,True,False,True,False,True,0.0,0.0,0.0,0.0,0.0,0,0.8768204272791426,0.9730544684673123,False,False,False,False,-0.23728425179322024,-0.2556290587621474,False,False,False,False,16487.0,5695.698418399482,False,False,False,False,3441.936944529046,False,False,False,False
2025-03-18 14:00:00+00:00,40.03,40.245,39.93,39.93,5490.0,,,,,,,,,,,,,,,,,,,,,,,,,,,,"rgba(38, 166, 154, 0.75)",1.310889035373743,41.613966759684715,-1.284599012001504,52.695417857810654,7.3456352654349715,True,False,True,False,False,0.0,0.0,0.0,0.0,0.0,0,0.8682892818660073,0.9738226532293845,False,False,False,False,-0.3098926234856478,-0.2827608411238976,False,False,False,False,10997.0,5777.889140594839,False,False,False,False,3473.6898601177427,False,False,False,False
2025-03-18 15:00:00+00:00,39.85,40.07,39.665,40.02,4519.0,,,,,,,,,,,,,,,,,,,,,,,,,,,,#000000,1.3231828164565187,41.448926097427034,-1.0799158511245575,49.38824695842824,4.66434522866529,True,False,False,False,False,0.0,0.0,0.0,0.0,0.0,0,0.8668732608145708,0.9750822160384517,False,False,False,False,-0.3300793566645733,-0.30642009889423544,False,False,False,False,15516.0,5928.867603531353,False,False,False,False,3489.8962188756072,False,False,False,False
2025-03-18 16:00:00+00:00,40.01,40.45,40.01,40.28,5409.0,,,,,,,,,,,,,,,,,,,,,,,,,,,,#000000,1.3265696702737213,41.44394648251679,-0.8774107448699818,49.118856203099796,4.611413370132361,True,False,False,False,False,0.0,0.0,0.0,0.0,0.0,0,0.8699371069182387,0.9695597484276726,False,False,False,False,-0.2969474753321009,-0.3016837871131682,False,False,False,False,20925.0,6161.365780220789,False,False,False,False,3519.649765869784,False,False,False,False
2025-03-18 17:00:00+00:00,40.295,40.445,40.145,40.29,5305.0,,,,,,,,,,,,,,,,,,,,,,,,,,,,#000000,1.308792397800576,41.43181972167317,-0.8724223364927848,49.0141797389081,4.4360359596276595,True,False,False,False,False,0.0,0.0,0.0,0.0,0.0,0,0.8721177944862155,0.9697368421052631,False,False,False,False,-0.29107486938067106,-0.2963793282469196,False,False,False,False,26230.0,6472.507396031319,False,False,False,False,3547.32961446095,False,False,False,False
2025-03-18 18:00:00+00:00,40.27,40.295,40.04,40.09,4985.0,,,,,,,,,,,,,,,,,,,,,,,,,,,,"rgba(239, 83, 80, 0.5)",1.2877254442698025,41.41229007184235,-1.0268416126483726,47.48773815390321,2.8001156786541515,False,False,False,True,False,0.0,0.0,0.0,0.0,0.0,0,0.8712135406907751,0.9717069514708636,False,False,False,False,-0.3026130367298557,-0.2994961824883876,False,False,False,False,21245.0,6701.538289116105,False,False,False,False,3569.6190778026407,False,False,False,False
2025-03-18 19:00:00+00:00,40.09,40.24,39.97,40.075,12383.0,,,,,,,,,,,,,,,,,,,,,,,,,,,,"rgba(239, 83, 80, 0.5)",1.2675654930926923,41.36374052022972,-1.0167052726288401,46.35904895659709,1.5017339346686924,False,False,False,True,False,0.0,0.0,0.0,0.0,0.0,0,0.8707749766573293,0.9724867724867721,False,False,False,False,-0.3082975161319033,-0.3038968493101455,False,False,False,False,8862.0,6735.033819517405,False,False,False,False,3706.260642487871,False,False,False,False
2025-03-19 14:00:00+00:00,40.51,40.855,40.5,40.71,2571.0,,,,,,,,,,,,,,,,,,,,,,,,,,,,#000000,1.237584857405471,41.363189801628494,-0.5277939510328765,50.50956855290085,1.5017339346686924,True,False,False,False,True,0.0,0.0,0.0,0.0,0.0,0,0.8733123728500091,0.966339929720732,False,False,False,False,-0.25689503077571907,-0.2803959400429323,False,False,False,False,11433.0,6807.870504486128,False,False,False,False,3688.6597022942606,False,False,False,False
2025-03-19 15:00:00+00:00,40.75,41.32,40.75,41.22,3301.0,,,,,,,,,,,,,,,,,,,,,,,,,,,,"rgba(38, 166, 154, 1.0)",1.1856999187388595,41.36931197521829,-0.12592728805877057,55.913887696633076,0.2752920742987399,True,False,True,False,True,0.0,0.0,0.0,0.0,0.0,0,0.8768279997552466,0.9604111852169123,False,False,False,False,-0.22547322430789796,-0.2529345821754151,False,False,False,False,14734.0,6930.756233098746,False,False,False,False,3682.649474351714,False,False,False,False
2025-03-19 16:00:00+00:00,41.245,41.295,41.1,41.1,3096.0,,,,,,,,,,,,,,,,,,,,,,,,,,,,"rgba(38, 166, 154, 1.0)",1.0928386171998516,41.37511287299672,-0.25174153682602807,58.440619149830894,2.5219858463469507,True,False,True,False,True,0.0,0.0,0.0,0.0,0.0,0,0.8805777504609709,0.9655808236017206,False,False,False,False,-0.21133753633582816,-0.23213605925562164,False,False,False,False,11638.0,7003.736756616594,False,False,False,False,3673.5541336640904,False,False,False,False
2025-03-19 17:00:00+00:00,41.14,41.24,40.905,40.93,5881.0,,,,,,,,,,,,,,,,,,,,,,,,,,,,"rgba(38, 166, 154, 1.0)",1.0715914955492012,41.37967172037924,-0.4196297957261985,58.609834304919424,2.7318007021302364,True,False,True,False,True,0.0,0.0,0.0,0.0,0.0,0,0.877304005898255,0.9659007127058241,False,False,False,False,-0.2222034652750856,-0.22716976226535363,False,False,False,False,5757.0,6984.407504576026,False,False,False,False,3707.778100584027,False,False,False,False
2025-03-19 18:00:00+00:00,40.89,41.7,40.89,41.7,4164.0,,,,,,,,,,,,,,,,,,,,,,,,,,,,"rgba(38, 166, 154, 1.0)",1.0368895056113199,41.38982980438411,0.29913524434122696,62.38035588667672,6.386375278268012,True,False,True,False,True,0.0,0.0,0.0,0.0,0.0,0,0.8769841269841268,0.9612332112332109,False,False,False,False,-0.2028962422373426,-0.2150330022513481,False,False,False,False,9921.0,7029.936070396553,False,False,False,False,3714.85130832691,False,False,False,False
2025-03-19 19:00:00+00:00,41.69,41.88,41.0,41.17,8094.0,,,,,,,,,,,,,,,,,,,,,,,,,,,,"rgba(38, 166, 154, 1.0)",1.0054570338144178,41.399070073371576,-0.22782681473970814,60.89712872311166,6.386375278268012,True,False,True,False,True,0.0,-1.0,41.88,41.0,349.0,0,0.8823243374665694,0.9589715536105029,False,False,False,False,-0.1903947009965822,-0.20271385162396516,False,False,False,False,1827.0,6949.270394886529,False,False,False,False,3782.7450864923844,False,False,False,False
2025-03-20 14:00:00+00:00,41.0,41.48,41.0,41.4,3408.0,,,,,,,,,,,,,,,,,,,,,,,,,,,,"rgba(38, 166, 154, 1.0)",0.9873221951911935,41.401286186851465,-0.0013027022563967881,60.99165415567071,6.386375278268012,True,False,True,False,True,0.0,0.0,0.0,0.0,0.0,0,0.881049244034246,0.964175116886271,False,False,False,False,-0.20765441647545904,-0.20518413404971209,False,False,False,False,5235.0,6922.692559306893,False,False,False,False,3776.935085151417,False,False,False,False
2025-03-20 15:00:00+00:00,41.4,41.65,41.32,41.39,3274.0,,,,,,,,,,,,,,,,,,,,,,,,,,,,"rgba(38, 166, 154, 1.0)",0.9752712166089932,41.40837894770391,-0.018844960653931587,60.97789929347385,6.386375278268012,True,False,True,False,True,0.0,0.0,0.0,0.0,0.0,0,0.8817823582903908,0.9631403455592598,False,False,False,False,-0.1865270138013238,-0.19585557392551795,False,False,False,False,1961.0,6845.767093271126,False,False,False,False,3769.1376419707744,False,False,False,False
2025-03-20 16:00:00+00:00,41.345,41.44,40.955,41.075,3016.0,,,,,,,,,,,,,,,,,,,,,,,,,,,,"rgba(38, 166, 154, 0.75)",0.9738680192505341,41.40660522351649,-0.3405032478340196,58.577386611010134,6.386375278268012,True,False,True,False,False,0.0,0.0,0.0,0.0,0.0,0,0.8842207516240662,0.9647258818529533,False,False,False,False,-0.21133753633582883,-0.20359655513067337,False,False,False,False,-1055.0,6723.274580197155,False,False,False,False,3757.46108938208,False,False,False,False
2025-03-20 17:00:00+00:00,40.95,41.18,40.86,40.93,3195.0,,,,,,,,,,,,,,,,,,,,,,,,,,,,"rgba(38, 166, 154, 0.75)",0.9636758641634702,41.401438212035224,-0.48920828005219513,55.94720306072034,11.000257300903876,True,False,True,False,False,0.0,0.0,0.0,0.0,0.0,0,0.8829451722464823,0.9648835516739444,False,False,False,False,-0.22678245286708318,-0.21518950399887826,False,False,False,False,-4250.0,6553.1462921320835,False,False,False,False,3748.740762414916,False,False,False,False
2025-03-20 18:00:00+00:00,40.93,41.29,40.725,41.155,6085.0,,,,,,,,,,,,,,,,,,,,,,,,,,,,"rgba(38, 166, 154, 0.75)",0.9619191262291468,41.39655462784317,-0.2511173977692894,55.6920548117971,10.515811982889943,True,False,True,False,False,0.0,0.0,0.0,0.0,0.0,0,0.8807172714605923,0.9671654449627428,False,False,False,False,-0.2278740606951906,-0.2215317823470344,False,False,False,False,1835.0,6479.996737215307,False,False,False,False,3784.961835865847,False,False,False,False
2025-03-20 19:00:00+00:00,41.14,41.67,40.91,41.48,16722.0,,,,,,,,,,,,,,,,,,,,,,,,,,,,"rgba(38, 166, 154, 0.75)",0.962479320007179,41.41194205870683,0.07071106867279142,57.44929936823738,10.515811982889943,True,False,True,False,False,0.0,0.0,0.0,0.0,0.0,0,0.8783091117409393,0.9668335041910386,False,False,False,False,-0.20332842611128346,-0.21243010422915892,False,False,False,False,18557.0,6667.237097878635,False,False,False,False,3985.5360709687025,False,False,False,False
2025-03-21 14:00:00+00:00,39.55,40.15,39.34,40.15,5475.0,,,,,,,,,,,,,,,,,,,,,,,,,,,,#000000,0.968797001765938,41.37738074970947,-1.266912209133781,51.04856810222398,6.057086584406093,True,False,False,False,False,0.0,0.0,0.0,0.0,0.0,0,0.8625457983689868,0.972402789268408,False,False,False,False,-0.3414323080427962,-0.27693120613597755,False,False,False,False,13082.0,6766.690786283617,False,False,False,False,4008.628534984691,False,False,False,False
2025-03-21 15:00:00+00:00,40.15,40.15,39.28,39.36,1879.0,,,,,,,,,,,,,,,,,,,,,,,,,,,,"rgba(239, 83, 80, 1.0)",0.9880863614369434,41.36387190303142,-2.028033157058514,44.239765332809185,-0.04798479679003265,False,True,False,True,False,0.0,0.0,0.0,0.0,0.0,0,0.8588249146355822,0.9772754032732837,False,False,False,False,-0.34282825441539394,-0.3098797302756857,False,False,False,False,11203.0,6835.4707740931735,False,False,False,False,3975.6110383182618,False,False,False,False
2025-03-21 16:00:00+00:00,39.36,39.56,39.23,39.47,1390.0,,,,,,,,,,,,,,,,,,,,,,,,,,,,"rgba(239, 83, 80, 1.0)",1.0052995026807336,41.3530447201142,-1.8731181255863238,40.40089030638465,-3.2810742269281974,False,True,False,True,False,0.0,0.0,0.0,0.0,0.0,0,0.8692266539856149,0.9832966771681625,False,False,False,False,-0.34282825441539394,-0.32635399234553986,False,False,False,False,12593.0,6924.73479309948,False,False,False,False,3935.5240454761183,False,False,False,False
2025-03-21 17:00:00+00:00,39.47,39.53,39.04,39.15,1593.0,,,,,,,,,,,,,,,,,,,,,,,,,,,,"rgba(239, 83, 80, 1.0)",1.028880998030457,41.33965997908305,-2.1281955671011774,36.858072738544706,-6.334628675028355,False,True,False,True,False,0.0,0.0,0.0,0.0,0.0,0,0.8677925925925924,0.9794370370370367,False,False,False,False,-0.34282825441539394,-0.3345911233804669,False,False,False,False,11000.0,6987.917199408015,False,False,False,False,3899.2058432206745,False,False,False,False
2025-03-21 18:00:00+00:00,39.15,39.18,38.44,38.56,6391.0,,,,,,,,,,,,,,,,,,,,,,,,,,,,"rgba(239, 83, 80, 1.0)",1.0656470690034845,41.27528834066704,-2.5480184008821767,32.93249123000589,-9.826815579536913,False,True,False,True,False,0.0,0.0,0.0,0.0,0.0,0,0.8613383556000236,0.9831675592960979,False,False,False,False,-0.34282825441539394,-0.3387096888979304,False,False,False,False,4609.0,6951.034762207891,False,False,False,False,3937.838310767641,False,False,False,False
2025-03-21 19:00:00+00:00,38.42,38.765,38.0,38.11,14948.0,,,,,,,,,,,,,,,,,,,,,,,,,,,,"rgba(239, 83, 80, 1.0)",1.1084093301859588,40.91849204652623,-2.533804046971573,29.31973029738414,-13.0905555999354,False,True,False,True,False,0.0,0.0,0.0,0.0,0.0,0,0.8623401009271211,0.9864452529045882,False,False,False,False,-0.34282825441539394,-0.3407689716566622,False,False,False,False,-10339.0,6682.972207755055,False,False,False,False,4108.53849199605,False,False,False,False
2025-03-24 14:00:00+00:00,39.03,39.37,38.975,39.045,3085.0,,,,,,,,,,,,,,,,,,,,,,,,,,,,"rgba(239, 83, 80, 0.75)",1.1155510091672622,40.91124187975941,-1.6729328057822488,32.56630401536118,-13.0905555999354,False,True,False,True,True,0.0,0.0,0.0,0.0,0.0,0,0.8639851197395956,0.9745989304812834,False,False,False,False,-0.2738864194250096,-0.3073276955408359,False,False,False,False,-7254.0,6466.895119262728,False,False,False,False,4092.6696781666537,False,False,False,False
2025-03-24 15:00:00+00:00,39.03,39.62,38.96,39.62,3006.0,,,,,,,,,,,,,,,,,,,,,,,,,,,,"rgba(239, 83, 80, 0.75)",1.0990863445575314,40.907338935430936,-1.1712809842516907,37.39041333847546,-20.769230638830606,False,True,False,True,True,0.0,0.0,0.0,0.0,0.0,0,0.8622827346465817,0.9729432213209732,False,False,False,False,-0.2619314276118977,-0.28462956157636676,False,False,False,False,-4248.0,6300.772714312919,False,False,False,False,4075.822086257093,False,False,False,False
2025-03-24 16:00:00+00:00,39.615,39.83,39.61,39.73,4535.0,,,,,,,,,,,,,,,,,,,,,,,,,,,,"rgba(239, 83, 80, 0.75)",1.0771094869357023,40.90675743268576,-1.09251422158907,41.090322470785466,-17.321238777851185,False,True,False,True,True,0.0,0.0,0.0,0.0,0.0,0,0.8735471873547185,0.9698396094839606,False,False,False,False,-0.224336392269388,-0.25448297692287736,False,False,False,False,287.0,6207.535928044502,False,False,False,False,4082.9411236794635,False,False,False,False
2025-03-24 17:00:00+00:00,39.73,39.99,39.65,39.935,4397.0,,,,,,,,,,,,,,,,,,,,,,,,,,,,"rgba(239, 83, 80, 0.75)",1.0610161625994878,40.905831286091086,-0.9150014112061674,44.48992257465942,-14.086363288070743,False,True,False,True,True,0.0,0.0,0.0,0.0,0.0,0,0.875947300921068,0.9694531887606389,False,False,False,False,-0.2090545792791415,-0.23176877810100943,False,False,False,False,4684.0,6183.915215981796,False,False,False,False,4087.810253544898,False,False,False,False
2025-03-24 18:00:00+00:00,39.95,40.0,39.67,39.83,3979.0,,,,,,,,,,,,,,,,,,,,,,,,,,,,"rgba(239, 83, 80, 0.5)",1.0520862072033041,40.90225077829457,-1.0191662726430681,46.237269228453634,-12.27612361816658,False,False,False,True,True,0.0,0.0,0.0,0.0,0.0,0,0.88001401296199,0.9635662988264142,False,False,False,False,-0.20334082546135024,-0.21755480178117984,False,False,False,False,705.0,6098.97079402859,False,False,False,False,4086.1232728697832,False,False,False,False
2025-03-24 19:00:00+00:00,39.82,40.275,39.72,40.225,14237.0,,,,,,,,,,,,,,,,,,,,,,,,,,,,#000000,1.0420093937084365,40.89676453730262,-0.644681843905322,49.3100046993824,-9.129874450155526,False,False,False,False,True,0.0,0.0,0.0,0.0,0.0,0,0.8833197342347591,0.9571628394917819,False,False,False,False,-0.1826669385263331,-0.20011087015375645,False,False,False,False,14942.0,6236.072022028146,False,False,False,False,4243.5012066237405,False,False,False,False
2025-03-25 14:00:00+00:00,41.345,41.6,40.85,41.02,2658.0,,,,,,,,,,,,,,,,,,,,,,,,,,,,"rgba(38, 166, 154, 1.0)",1.0314252057008313,40.9237319501483,0.0933349789394468,54.40185031264066,-4.1625694661088986,True,False,True,False,True,0.0,0.0,0.0,0.0,0.0,0,0.8944970004614674,0.9452007383479463,False,False,False,False,-0.06725710031195375,-0.1336839852328551,False,False,False,False,17600.0,6412.256951919183,False,False,False,False,4218.919792567558,False,False,False,False
2025-03-25 15:00:00+00:00,41.02,41.08,40.58,40.62,882.0,,,,,,,,,,,,,,,,,,,,,,,,,,,,"rgba(38, 166, 154, 1.0)",1.0238819786998665,40.9187645054063,-0.2917958432920924,55.5583739500956,-2.8588274039449217,True,False,True,False,True,0.0,0.0,0.0,0.0,0.0,0,0.890650219045423,0.9515217892552454,False,False,False,False,-0.07904099342044466,-0.10636248932664988,False,False,False,False,16718.0,6572.035913904932,False,False,False,False,4167.184601985115,False,False,False,False
2025-03-25 16:00:00+00:00,40.65,41.18,40.65,41.115,3513.0,,,,,,,,,,,,,,,,,,,,,,,,,,,,"rgba(38, 166, 154, 1.0)",1.0166295976110409,40.92518610497858,0.1867089994895519,58.10482529387042,-0.13611334857218083,True,False,True,False,True,0.0,0.0,0.0,0.0,0.0,0,0.908449461986241,0.9439642500146999,False,False,False,False,-0.07027090248319007,-0.08831669590491997,False,False,False,False,20231.0,6783.80279896067,False,False,False,False,4157.042205055112,False,False,False,False
2025-03-25 17:00:00+00:00,41.115,41.42,40.98,40.99,1876.0,,,,,,,,,,,,,,,,,,,,,,,,,,,,"rgba(38, 166, 154, 1.0)",1.0056577561589086,40.93218500607759,0.0574897310425334,59.07205791084882,1.1768416878287553,True,False,True,False,True,0.0,0.0,0.0,0.0,0.0,0,0.9080893183291108,0.9328345018558886,False,False,False,False,-0.040936186482233385,-0.06462644119357668,False,False,False,False,18355.0,6963.201205178334,False,False,False,False,4121.677209627901,False,False,False,False
2025-03-25 18:00:00+00:00,40.99,41.11,40.875,41.04,1565.0,,,,,,,,,,,,,,,,,,,,,,,,,,,,"rgba(38, 166, 154, 1.0)",1.0053217762855444,40.935461933603776,0.10398468317524158,59.91656260074873,2.473966906089899,True,False,True,False,True,0.0,0.0,0.0,0.0,0.0,0,0.9024159725914112,0.9386850965798335,False,False,False,False,-0.06228407235857723,-0.06345525677607695,False,False,False,False,19920.0,7164.081806648437,False,False,False,False,4082.0388032770807,False,False,False,False
2025-03-25 19:00:00+00:00,41.04,41.465,40.865,41.4,4917.0,,,,,,,,,,,,,,,,,,,,,,,,,,,,"rgba(38, 166, 154, 1.0)",0.9989733558838365,40.954431571090446,0.44602633922637364,61.89590229885325,4.842753600321508,True,False,True,False,True,1.0260816359606864,0.0,0.0,0.0,0.0,0,0.9022450061870247,0.9341818396087439,False,False,False,False,-0.044533891465312926,-0.053994574120694944,False,False,False,False,24837.0,7438.080538328306,False,False,False,False,4094.983938109994,False,False,False,False
2025-03-26 14:00:00+00:00,39.72,39.895,39.56,39.77,1062.0,,,,,,,,,,,,,,,,,,,,,,,,,,,,"rgba(38, 166, 154, 0.75)",0.9787494226984164,40.945756701822624,-1.201284695096989,55.30202476703039,4.842753600321508,True,False,True,False,False,0.0,0.0,0.0,0.0,0.0,0,0.8964159573852121,0.9329511898558276,False,False,False,False,-0.19441047561873523,-0.12420252486971509,False,False,False,False,23775.0,7691.36611137748,False,False,False,False,4047.960931317591,False,False,False,False
2025-03-26 15:00:00+00:00,39.75,39.935,39.52,39.52,996.0,,,,,,,,,,,,,,,,,,,,,,,,,,,,#000000,0.9454149668053243,40.93767073716049,-1.4995222065829696,50.08404133517871,7.581687593305837,False,False,False,False,False,0.0,0.0,0.0,0.0,0.0,0,0.8962537694270472,0.9343539781953144,False,False,False,False,-0.19441047561873523,-0.15930650024422516,False,False,False,False,22779.0,7925.282915852247,False,False,False,False,4000.6437075762333,False,False,False,False
2025-03-26 16:00:00+00:00,39.52,39.77,39.52,39.6,1027.0,,,,,,,,,,,,,,,,,,,,,,,,,,,,"rgba(239, 83, 80, 1.0)",0.86969213772143,40.92972837338849,-1.5289644642210332,47.020731841748514,4.727351571294022,False,True,False,True,False,0.0,0.0,0.0,0.0,0.0,0,0.9048599670510711,0.929336314426924,False,False,False,False,-0.20321436838636867,-0.18126043431529693,False,False,False,False,23806.0,8171.49558382353,False,False,False,False,3954.540704357997,False,False,False,False
2025-03-26 17:00:00+00:00,39.6,39.74,39.445,39.46,565.0,,,,,,,,,,,,,,,,,,,,,,,,,,,,"rgba(239, 83, 80, 1.0)",0.8553244050288148,40.925266456910855,-1.713111947111448,44.44609017912988,2.235652307463205,False,True,False,True,False,0.0,0.0,0.0,0.0,0.0,0,0.9041330110252934,0.9250633806968926,False,False,False,False,-0.20883298560578883,-0.19504670996054288,False,False,False,False,23241.0,8405.13131120611,False,False,False,False,3901.98968568578,False,False,False,False
2025-03-26 18:00:00+00:00,39.475,39.7,39.4,39.49,1223.0,,,,,,,,,,,,,,,,,,,,,,,,,,,,"rgba(239, 83, 80, 1.0)",0.8334604407567082,40.91598057906989,-1.710915730775683,42.91841507656884,0.6022453652491322,False,True,False,True,False,0.0,0.0,0.0,0.0,0.0,0,0.9035781766650921,0.9247756258856871,False,False,False,False,-0.21339091272002358,-0.20421881134028325,False,False,False,False,24464.0,8654.106019559504,False,False,False,False,3860.454961876698,False,False,False,False
2025-03-26 19:00:00+00:00,39.49,39.98,39.43,39.86,3360.0,,,,,,,,,,,,,,,,,,,,,,,,,,,,"rgba(239, 83, 80, 1.0)",0.8044552182677791,40.898206458854546,-1.2905708550068204,44.19715246526657,0.6022453652491322,False,True,False,True,False,0.0,0.0,0.0,0.0,0.0,0,0.9051576775714708,0.9203065134099616,False,False,False,False,-0.1968085319295852,-0.20051367163493422,False,False,False,False,27824.0,8951.313678170984,False,False,False,False,3852.6959702196946,False,False,False,False
2025-03-27 14:00:00+00:00,39.455,39.58,39.29,39.47,1444.0,,,,,,,,,,,,,,,,,,,,,,,,,,,,"rgba(239, 83, 80, 1.0)",0.7952440273671515,40.88867878835765,-1.7839540311349882,43.18516135538857,0.26740098342084906,False,True,False,True,False,0.0,0.0,0.0,0.0,0.0,0,0.9035159924741297,0.9182737535277514,False,False,False,False,-0.2257686207304595,-0.21314114618269686,False,False,False,False,26380.0,9221.525869207091,False,False,False,False,3815.351846650397,False,False,False,False
2025-03-27 15:00:00+00:00,39.48,39.61,38.9,39.01,690.0,,,,,,,,,,,,,,,,,,,,,,,,,,,,"rgba(239, 83, 80, 1.0)",0.7906592186271316,40.8831961266941,-2.369157384829643,40.63084042188692,-2.541620840631218,False,True,False,True,False,0.0,0.0,0.0,0.0,0.0,0,0.8963618255316657,0.921729451051614,False,False,False,False,-0.24528143527714627,-0.22921129072992158,False,False,False,False,25690.0,9476.851049529461,False,False,False,False,3766.896779260468,False,False,False,False
2025-03-27 16:00:00+00:00,39.01,39.26,39.01,39.02,759.0,,,,,,,,,,,,,,,,,,,,,,,,,,,,"rgba(239, 83, 80, 1.0)",0.7750303801078761,40.87699091186025,-2.396023381176065,38.9997299379789,-4.4457303955999805,False,True,False,True,False,0.0,0.0,0.0,0.0,0.0,0,0.8947461733940074,0.9363512794752081,False,False,False,False,-0.25839158995627903,-0.2438014403431003,False,False,False,False,26449.0,9739.985141784819,False,False,False,False,3720.2627206672823,False,False,False,False
2025-03-27 17:00:00+00:00,39.02,39.21,39.02,39.035,531.0,,,,,,,,,,,,,,,,,,,,,,,,,,,,"rgba(239, 83, 80, 1.0)",0.7840391951041287,40.87272774677434,-2.3439233118062055,38.03235424457425,-5.753269511799878,False,True,False,True,False,0.0,0.0,0.0,0.0,0.0,0,0.8906880189798341,0.9379596678529061,False,False,False,False,-0.2605849742471109,-0.25219320729510564,False,False,False,False,26980.0,10007.272193850169,False,False,False,False,3670.8167870135258,False,False,False,False
2025-03-27 18:00:00+00:00,38.99,39.3,38.99,39.085,1905.0,,,,,,,,,,,,,,,,,,,,,,,,,,,,"rgba(239, 83, 80, 1.0)",0.772589975517637,40.858464079420926,-2.2954790194277384,37.82582047025133,-6.405429549024504,False,True,False,True,False,0.0,0.0,0.0,0.0,0.0,0,0.8949652261784461,0.9318789752125065,False,False,False,False,-0.25729581048908085,-0.2547445088920932,False,False,False,False,28885.0,10299.950144333112,False,False,False,False,3643.439782563704,False,False,False,False
2025-03-27 19:00:00+00:00,39.085,39.3,38.925,38.94,6668.0,,,,,,,,,,,,,,,,,,,,,,,,,,,,"rgba(239, 83, 80, 1.0)",0.7723019003118532,40.81207675762981,-2.4240219490252115,36.90346684548257,-7.751498618802444,False,True,False,True,False,0.0,0.0,0.0,0.0,0.0,0,0.8994223783719407,0.926695646995772,False,False,False,False,-0.2608593193692272,-0.2578019141306602,False,False,False,False,22217.0,10484.710607211668,False,False,False,False,3690.3321890355846,False,False,False,False
2025-03-28 14:00:00+00:00,38.95,38.95,38.16,38.16,638.0,,,,,,,,,,,,,,,,,,,,,,,,,,,,"rgba(239, 83, 80, 1.0)",0.803693517623694,40.806014749911434,-3.292318143531868,33.06587768435158,-11.69030813005481,False,True,False,True,False,0.0,0.0,0.0,0.0,0.0,0,0.8946213603747848,0.9262883235485971,False,False,False,False,-0.3230928574658851,-0.2904473857982727,False,False,False,False,21579.0,10656.715093921564,False,False,False,False,3643.0092093606145,False,False,False,False
2025-03-28 15:00:00+00:00,38.15,38.53,38.05,38.21,721.0,,,,,,,,,,,,,,,,,,,,,,,,,,,,"rgba(239, 83, 80, 1.0)",0.8169602910283927,40.79870132410154,-3.1686990818646463,30.992427531020354,-13.830946859554338,False,True,False,True,False,0.0,0.0,0.0,0.0,0.0,0,0.8934431084522892,0.9306402890481548,False,False,False,False,-0.34282825441539394,-0.3166378201068333,False,False,False,False,22300.0,10837.231138977044,False,False,False,False,3597.7067409984343,False,False,False,False
2025-03-28 16:00:00+00:00,38.245,38.45,38.185,38.39,1534.0,,,,,,,,,,,,,,,,,,,,,,,,,,,,"rgba(239, 83, 80, 1.0)",0.8380924125011349,40.78412795599186,-2.8566395785006833,31.39490081294281,-13.830946859554338,False,True,False,True,False,0.0,0.0,0.0,0.0,0.0,0,0.8935437930215998,0.9332423451222404,False,False,False,False,-0.33970991108145715,-0.3281738655941452,False,False,False,False,23834.0,11038.731431396005,False,False,False,False,3565.711287649621,False,False,False,False
2025-03-28 17:00:00+00:00,38.39,38.41,38.125,38.41,1665.0,,,,,,,,,,,,,,,,,,,,,,,,,,,,"rgba(239, 83, 80, 1.0)",0.8604171521278257,40.76864270221959,-2.7412781072374357,31.868109554343935,-13.830946859554338,False,True,False,True,False,0.0,0.0,0.0,0.0,0.0,0,0.8877848515499493,0.9393705003867436,False,False,False,False,-0.34282825441539394,-0.33550106000476954,False,False,False,False,25499.0,11262.92164176196,False,False,False,False,3536.2428955930377,False,False,False,False
2025-03-28 18:00:00+00:00,38.41,38.68,38.405,38.56,2282.0,,,,,,,,,,,,,,,,,,,,,,,,,,,,"rgba(239, 83, 80, 0.75)",0.8748364480352284,40.75073023998275,-2.5041597716954413,33.774962949943635,-13.830946859554338,False,True,False,True,True,0.0,0.0,0.0,0.0,0.0,0,0.8943914081145585,0.9328758949880669,False,False,False,False,-0.31202643440341965,-0.3237637472040946,False,False,False,False,27781.0,11519.015879874178,False,False,False,False,3516.7972693047736,False,False,False,False
2025-03-28 19:00:00+00:00,38.59,38.7,38.34,38.54,9012.0,,,,,,,,,,,,,,,,,,,,,,,,,,,,"rgba(239, 83, 80, 0.75)",0.8891799440906543,40.685665207900506,-2.4130832259097272,34.914056087715345,-13.830946859554338,False,True,False,True,True,0.0,0.0,0.0,0.0,0.0,0,0.8930723790202278,0.931439823378483,False,False,False,False,-0.3145244432077789,-0.3191440952059368,False,False,False,False,18769.0,11631.418734449771,False,False,False,False,3601.9942108659397,False,False,False,False
2025-03-31 14:00:00+00:00,36.775,37.14,36.66,36.87,2046.0,,,,,,,,,,,,,,,,,,,,,,,,,,,,"rgba(239, 83, 80, 1.0)",0.9596501333186317,40.42266856402391,-3.702045610870896,29.50367798871393,-15.923085820172986,False,True,False,True,False,0.0,0.0,0.0,0.0,0.0,0,0.8951836349702292,0.9326180510522901,False,False,False,False,-0.34282825441539394,-0.3309861748106654,False,False,False,False,16723.0,11710.357978876908,False,False,False,False,3577.870269612204,False,False,False,False
2025-03-31 15:00:00+00:00,36.955,37.57,36.955,37.345,2618.0,,,,,,,,,,,,,,,,,,,,,,,,,,,,"rgba(239, 83, 80, 1.0)",1.0040325090749658,40.40888128393338,-3.051575776920008,29.62027147978568,-15.923085820172986,False,True,False,True,False,0.0,0.0,0.0,0.0,0.0,0,0.9046101174665014,0.9202526415205715,False,False,False,False,-0.3092697153323538,-0.3201279450715096,False,False,False,False,19341.0,11828.662506336179,False,False,False,False,3562.9885600058133,False,False,False,False
2025-03-31 16:00:00+00:00,37.34,37.89,37.34,37.6,9574.0,,,,,,,,,,,,,,,,,,,,,,,,,,,,"rgba(239, 83, 80, 0.75)",1.0362648101507894,40.34679190221809,-2.6506660028515228,31.489275315139523,-15.923085820172986,False,True,False,True,True,0.0,0.0,0.0,0.0,0.0,0,0.905263157894737,0.9395506309633734,False,False,False,False,-0.27727269956315387,-0.29870032231733173,False,False,False,False,28915.0,12093.566963602283,False,False,False,False,3656.1825358196766,False,False,False,False
2025-03-31 17:00:00+00:00,37.67,38.0,37.55,37.775,4815.0,,,,,,,,,,,,,,,,,,,,,,,,,,,,"rgba(239, 83, 80, 0.75)",1.064540623338929,40.31636992701647,-2.387292576064846,33.940986900878165,-15.923085820172986,False,True,False,True,True,0.0,0.0,0.0,0.0,0.0,0,0.9010982230997039,0.9357107601184599,False,False,False,False,-0.2629334901418636,-0.28081690622959765,False,False,False,False,33730.0,12429.015537809999,False,False,False,False,3674.1486980550303,False,False,False,False
2025-03-31 18:00:00+00:00,37.775,38.55,37.775,38.38,3610.0,,,,,,,,,,,,,,,,,,,,,,,,,,,,"rgba(239, 83, 80, 0.75)",1.0781519891517195,40.30336566793666,-1.7839466858934654,39.2129171509002,-15.791845808918595,False,True,False,True,True,0.0,0.0,0.0,0.0,0.0,0,0.9044397983027916,0.9273152133808878,False,False,False,False,-0.22862711905622735,-0.2547220126429125,False,False,False,False,37340.0,12815.232351177285,False,False,False,False,3673.154144596813,False,False,False,False
2025-03-31 19:00:00+00:00,38.38,38.605,38.205,38.405,4867.0,,,,,,,,,,,,,,,,,,,,,,,,,,,,"rgba(239, 83, 80, 0.5)",1.090827572438876,40.2884542881084,-1.7266287868919215,42.86531807580989,-12.54873930256138,False,False,False,True,True,0.0,0.0,0.0,0.0,0.0,0,0.9109973478073151,0.9266021094183682,False,False,False,False,-0.20742877413871302,-0.23107539339081276,False,False,False,False,42207.0,13270.91867131407,False,False,False,False,3691.663382665079,False,False,False,False
2025-04-01 14:00:00+00:00,37.94,38.25,37.46,38.25,796.0,,,,,,,,,,,,,,,,,,,,,,,,,,,,"rgba(239, 83, 80, 0.5)",1.1055417651969075,40.28401929301183,-1.8398393955288992,44.39270638283694,-11.219475958975764,False,False,False,True,True,0.0,0.0,0.0,0.0,0.0,0,0.8976121785034682,0.9314959179915291,False,False,False,False,-0.2558036702847345,-0.24343953183777362,False,False,False,False,41411.0,13707.199001991372,False,False,False,False,3646.769376732287,False,False,False,False
2025-04-01 15:00:00+00:00,38.25,38.62,38.25,38.6,1562.0,,,,,,,,,,,,,,,,,,,,,,,,,,,,#000000,1.1137837142651452,40.27950433001875,-1.5079268160487145,47.53331757021839,-8.29523857326248,True,False,False,False,True,0.0,0.0,0.0,0.0,0.0,0,0.9008836433294198,0.9370944818636843,False,False,False,False,-0.17848777034026297,-0.2109636510890183,False,False,False,False,42973.0,14160.932350797706,False,False,False,False,3614.447370891476,False,False,False,False
2025-04-01 16:00:00+00:00,38.6,38.71,38.16,38.4,2198.0,,,,,,,,,,,,,,,,,,,,,,,,,,,,#000000,1.1250680379826776,40.272154364501034,-1.6640365749416666,48.33087867241771,-7.482770568611471,True,False,False,False,True,0.0,0.0,0.0,0.0,0.0,0,0.9173772977070308,0.9345587770829387,False,False,False,False,-0.17848777034026297,-0.19472571071464062,False,False,False,False,40775.0,14573.553554661306,False,False,False,False,3592.4869465365696,False,False,False,False
2025-04-01 17:00:00+00:00,38.4,38.42,38.17,38.31,1996.0,,,,,,,,,,,,,,,,,,,,,,,,,,,,#000000,1.1362931673482266,40.26411163146069,-1.7197248805262217,48.275293806410204,-7.301827534009483,True,False,False,False,True,0.0,0.0,0.0,0.0,0.0,0,0.9182193958664546,0.9380604133545312,False,False,False,False,-0.19296552932852326,-0.19384562002158195,False,False,False,False,38779.0,14948.83179412392,False,False,False,False,3567.735210931351,False,False,False,False
2025-04-01 18:00:00+00:00,38.225,38.3,37.96,38.03,5592.0,,,,,,,,,,,,,,,,,,,,,,,,,,,,"rgba(239, 83, 80, 0.5)",1.1520146864679903,40.23624219758999,-1.9151163813320786,46.473253697557084,-7.301827534009483,True,False,False,True,True,0.0,0.0,0.0,0.0,0.0,0,0.9092353651560416,0.9397444861119941,False,False,False,False,-0.2095464336953577,-0.20169602685846982,False,False,False,False,33187.0,15231.594091889441,False,False,False,False,3599.119161149469,False,False,False,False
2025-04-01 19:00:00+00:00,38.08,38.465,38.06,38.35,6024.0,,,,,,,,,,,,,,,,,,,,,,,,,,,,"rgba(239, 83, 80, 0.5)",1.161486225597341,40.21210767240112,-1.6032111542635405,47.63027885560334,-7.301827534009483,True,False,False,True,True,0.0,0.0,0.0,0.0,0.0,0,0.9194917959522441,0.9335376364681094,False,False,False,False,-0.1956923032107017,-0.19869416503458576,False,False,False,False,39211.0,15603.367826898906,False,False,False,False,3636.7142129145936,False,False,False,False
2025-04-02 14:00:00+00:00,38.66,39.07,38.66,39.025,1013.0,,,,,,,,,,,,,,,,,,,,,,,,,,,,"rgba(38, 166, 154, 1.0)",1.1630011193475738,40.21077506389453,-1.0195820486911775,52.1913691573817,-3.0739879167862014,True,False,True,False,True,0.0,0.0,0.0,0.0,0.0,0,0.9252610134963076,0.9222689075630254,False,False,False,False,-0.13354105477056888,-0.16611760990257732,False,False,False,False,40224.0,15985.083054388846,False,False,False,False,3596.0364731794834,False,False,False,False
2025-04-02 15:00:00+00:00,38.98,39.17,38.64,38.96,710.0,,,,,,,,,,,,,,,,,,,,,,,,,,,,"rgba(38, 166, 154, 1.0)",1.1647358746332854,40.20982984572157,-1.0730585988991515,54.74128098751779,-0.6365694603961103,True,False,True,False,True,0.0,0.0,0.0,0.0,0.0,0,0.9379487179487179,0.9147435897435897,False,False,False,False,-0.1294560087504318,-0.14778680932650456,False,False,False,False,39514.0,16349.87246439832,False,False,False,False,3551.291721657321,False,False,False,False
2025-04-02 16:00:00+00:00,38.96,39.615,38.96,39.61,741.0,,,,,,,,,,,,,,,,,,,,,,,,,,,,"rgba(38, 166, 154, 1.0)",1.162267556922235,40.210284916851364,-0.5164773922116186,59.28852886394885,3.5990718871109593,True,False,True,False,True,0.0,0.0,0.0,0.0,0.0,0,0.9506895654436641,0.8964350767629459,False,False,False,False,-0.09058920207913673,-0.11918800570282065,False,False,False,False,40255.0,16720.49459673323,False,False,False,False,3507.72130736806,False,False,False,False
2025-04-02 17:00:00+00:00,39.61,39.83,39.32,39.35,1687.0,,,,,,,,,,,,,,,,,,,,,,,,,,,,"rgba(38, 166, 154, 1.0)",1.16028208747814,40.170020542865075,-0.7067423962800103,60.328826218015735,4.56348960633332,True,False,True,False,True,0.0,0.0,0.0,0.0,0.0,0,0.9553664921465971,0.8981675392670159,False,False,False,False,-0.061560541448757236,-0.09037427357578895,False,False,False,False,38568.0,17059.215610737367,False,False,False,False,3479.4930700445243,False,False,False,False
2025-04-02 18:00:00+00:00,39.35,39.385,39.03,39.1,2129.0,,,,,,,,,,,,,,,,,,,,,,,,,,,,"rgba(38, 166, 154, 1.0)",1.159624403312066,40.158210447270115,-0.9125458590278898,59.226290786823164,4.56348960633332,True,False,True,False,True,0.0,0.0,0.0,0.0,0.0,0,0.939880286785503,0.9119252779056766,False,False,False,False,-0.09869180540513184,-0.0945330394904604,False,False,False,False,36439.0,17359.677384214305,False,False,False,False,3458.55519298957,False,False,False,False
2025-04-02 19:00:00+00:00,39.15,39.57,39.11,39.49,3779.0,,,,,,,,,,,,,,,,,,,,,,,,,,,,"rgba(38, 166, 154, 1.0)",1.1568043041925056,40.16109580810189,-0.5801290725403548,60.376356758554195,4.841502142242035,True,False,True,False,True,0.0,0.0,0.0,0.0,0.0,0,0.933109044132199,0.9159575169866088,False,False,False,False,-0.08527837365482249,-0.08990570657264144,False,False,False,False,40218.0,17714.06998290866,False,False,False,False,3463.5233295323674,False,False,False,False
2025-04-03 14:00:00+00:00,37.59,37.59,36.58,36.61,702.0,,,,,,,,,,,,,,,,,,,,,,,,,,,,#000000,1.203525553013673,40.14275677925492,-2.9353400685251447,50.232113528337216,6.458439857212042,True,False,False,False,False,0.0,0.0,0.0,0.0,0.0,0,0.9142802474647618,0.9182345812870721,False,False,False,False,-0.3221278416450957,-0.2060167741088686,False,False,False,False,39516.0,18052.08440177829,False,False,False,False,3420.7090143458186,False,False,False,False
2025-04-03 15:00:00+00:00,36.61,36.97,36.3,36.83,2724.0,,,,,,,,,,,,,,,,,,,,,,,,,,,,"rgba(239, 83, 80, 0.5)",1.235833697520844,40.081133723139736,-2.630721050624939,44.47233247413126,1.4681257513117956,False,False,False,True,False,0.0,0.0,0.0,0.0,0.0,0,0.9135889393842412,0.9308711515073931,False,False,False,False,-0.34282825441539394,-0.27442251426213127,False,False,False,False,42240.0,18427.090845161572,False,False,False,False,3409.907324200922,False,False,False,False
2025-04-03 16:00:00+00:00,36.83,37.08,36.83,36.84,1033.0,,,,,,,,,,,,,,,,,,,,,,,,,,,,"rgba(239, 83, 80, 1.0)",1.2601042964127824,40.06407078373913,-2.558574550469587,40.68145990378546,-1.7310324461709854,False,True,False,True,False,0.0,0.0,0.0,0.0,0.0,0,0.9187712871923398,0.9254546622967674,False,False,False,False,-0.3085559347465426,-0.2914892245043369,False,False,False,False,43273.0,18812.298739035035,False,False,False,False,3373.0560478567218,False,False,False,False
2025-04-03 17:00:00+00:00,36.84,37.0,36.73,36.73,754.0,,,,,,,,,,,,,,,,,,,,,,,,,,,,"rgba(239, 83, 80, 1.0)",1.2973596714547724,40.05192179697833,-2.560524941594145,37.86287262035384,-4.192564108628858,False,True,False,True,False,0.0,0.0,0.0,0.0,0.0,0,0.9177358003997163,0.9252143639997422,False,False,False,False,-0.3181210943120995,-0.3048051594082182,False,False,False,False,42519.0,19179.844495018988,False,False,False,False,3332.450527734912,False,False,False,False
2025-04-03 18:00:00+00:00,36.78,37.03,36.54,37.01,1523.0,,,,,,,,,,,,,,,,,,,,,,,,,,,,"rgba(239, 83, 80, 1.0)",1.324517362378977,40.029768945827364,-2.279901367546842,37.57199516061476,-4.543620755811517,False,True,False,True,False,0.0,0.0,0.0,0.0,0.0,0,0.9094905611585207,0.9321825704680629,False,False,False,False,-0.3266709532174589,-0.3157380563128386,False,False,False,False,44042.0,19565.30427029001,False,False,False,False,3304.3970311808825,False,False,False,False
2025-04-03 19:00:00+00:00,37.07,37.07,36.6,36.79,4254.0,,,,,,,,,,,,,,,,,,,,,,,,,,,,"rgba(239, 83, 80, 1.0)",1.3531191027793628,39.975720517184136,-2.3543533681850586,36.65670813098167,-5.72126912578814,False,True,False,True,False,0.0,0.0,0.0,0.0,0.0,0,0.9074599896747546,0.932627774909654,False,False,False,False,-0.32132195952095516,-0.3185300079168969,False,False,False,False,39788.0,19878.8344366421,False,False,False,False,3319.119557829241,False,False,False,False
2025-04-04 14:00:00+00:00,32.74,32.74,31.03,32.06,2223.0,,,,,,,,,,,,,,,,,,,,,,,,,,,,"rgba(239, 83, 80, 1.0)",1.5871650089911546,39.8842572435067,-4.929706236706926,29.244556923981612,-12.864997379637266,False,True,False,True,False,0.0,0.0,0.0,0.0,0.0,0,0.886377372174544,0.9464523147588544,False,False,False,False,-0.34282825441539394,-0.33067913116614545,False,False,False,False,37565.0,20153.038553903465,False,False,False,False,3302.1254561574697,False,False,False,False
2025-04-04 15:00:00+00:00,32.06,33.005,32.06,32.26,2265.0,,,,,,,,,,,,,,,,,,,,,,,,,,,,"rgba(239, 83, 80, 1.0)",1.775147914151733,39.80648740236537,-4.251187938877485,25.076661474141453,-16.759930422332054,False,True,False,True,False,0.0,0.0,0.0,0.0,0.0,0,0.8969562078922041,0.9464027911453321,False,False,False,False,-0.3019845509033905,-0.31633184103476797,False,False,False,False,39830.0,20458.10772361039,False,False,False,False,3286.04599172092,False,False,False,False
2025-04-04 16:00:00+00:00,32.22,32.4,31.785,31.86,1545.0,,,,,,,,,,,,,,,,,,,,,,,,,,,,"rgba(239, 83, 80, 1.0)",1.958725799277912,39.753384684576865,-4.029856903649698,21.977178089464395,-19.701305852109428,False,True,False,True,False,0.0,0.0,0.0,0.0,0.0,0,0.9113153569906874,0.9505752023860249,False,False,False,False,-0.3296249963824774,-0.32297841870862265,False,False,False,False,38285.0,20734.493650376116,False,False,False,False,3259.0530306089677,False,False,False,False
2025-04-04 17:00:00+00:00,31.86,31.86,31.215,31.805,1666.0,,,,,,,,,,,,,,,,,,,,,,,,,,,,"rgba(239, 83, 80, 1.0)",2.11716123256705,39.6955930214954,-3.7269684047294236,19.864485492806544,-21.83440074030274,False,True,False,True,False,0.0,0.0,0.0,0.0,0.0,0,0.8941441441441439,0.9597029461894325,False,False,False,False,-0.34282825441539394,-0.3329033365620083,False,False,False,False,36619.0,20980.765066649354,False,False,False,False,3234.3545340103788,False,False,False,False
2025-04-04 18:00:00+00:00,31.885,32.05,31.02,31.04,4056.0,,,,,,,,,,,,,,,,,,,,,,,,,,,,"rgba(239, 83, 80, 1.0)",2.2848784007702596,39.10582323103996,-3.530088615797182,17.8240219461032,-24.01591994959408,False,True,False,True,False,0.0,0.0,0.0,0.0,0.0,0,0.8978062488668641,0.9498398501238896,False,False,False,False,-0.34282825441539394,-0.3378657954887011,False,False,False,False,32563.0,21160.33460049975,True,False,False,False,3247.0932234055663,False,False,False,False
2025-04-04 19:00:00+00:00,31.1,32.03,31.1,31.775,9395.0,,,,,,,,,,,,,,,,,,,,,,,,,,,,"rgba(239, 83, 80, 1.0)",2.40555365880821,38.873789839561226,-2.9510004125529257,19.794912254325467,-24.01591994959408,False,True,False,True,False,0.0,0.0,0.0,0.0,0.0,0,0.9017122258936617,0.9473715830579753,False,False,False,False,-0.3409684456389348,-0.33941712056381795,False,False,False,False,41958.0,21482.779025298205,False,False,False,False,3342.4096075388134,False,False,False,False
2025-04-07 14:00:00+00:00,31.21,34.185,31.21,33.12,3718.0,,,,,,,,,,,,,,,,,,,,,,,,,,,,"rgba(239, 83, 80, 0.75)",2.472372491907097,38.82201021004437,-2.3062909123560305,26.004469542233732,-32.098799698837794,False,True,False,True,True,0.0,0.0,0.0,0.0,0.0,0,0.9053738317757011,0.92517523364486,False,False,False,False,-0.27227580876764657,-0.3058464646657323,False,False,False,False,45676.0,21857.867722580402,False,False,False,False,3348.2327143986768,False,False,False,False
2025-04-07 15:00:00+00:00,33.12,33.44,31.56,32.39,3957.0,,,,,,,,,,,,,,,,,,,,,,,,,,,,"rgba(239, 83, 80, 0.75)",2.543110737900613,38.754738945237314,-2.5027376316658265,28.796572004058316,-29.36596874822481,False,True,False,True,True,0.0,0.0,0.0,0.0,0.0,0,0.9096337122516936,0.9339763463084166,False,False,False,False,-0.2840597489032737,-0.294953106784503,False,False,False,False,41719.0,22165.792254013264,False,False,False,False,3357.6709668886197,False,False,False,False
2025-04-07 16:00:00+00:00,32.255,32.48,31.74,31.85,3314.0,,,,,,,,,,,,,,,,,,,,,,,,,,,,"rgba(239, 83, 80, 0.75)",2.631740295314522,38.69069176360189,-2.5993035011018635,29.735296938537324,-28.232548444277796,False,True,False,True,True,0.0,0.0,0.0,0.0,0.0,0,0.9128037222126486,0.9483600436555805,False,False,False,False,-0.3075604029973673,-0.3012567548909352,False,False,False,False,38405.0,22417.562916741743,False,False,False,False,3356.9938976345325,False,False,False,False
2025-04-07 17:00:00+00:00,32.36,33.24,32.02,33.18,3602.0,,,,,,,,,,,,,,,,,,,,,,,,,,,,"rgba(239, 83, 80, 0.75)",2.6704503736632876,38.63971877898928,-2.0444936303009102,34.51891435080119,-23.48397392146819,False,True,False,True,True,0.0,0.0,0.0,0.0,0.0,0,0.9210421070673598,0.9330400502770952,False,False,False,False,-0.27629478298910287,-0.288775768940019,False,False,False,False,42007.0,22721.275119582955,False,False,False,False,3360.792441857253,False,False,False,False
2025-04-07 18:00:00+00:00,33.125,33.17,32.07,32.11,3294.0,,,,,,,,,,,,,,,,,,,,,,,,,,,,"rgba(239, 83, 80, 0.5)",2.732983264222949,38.58729428548918,-2.370045353106407,35.625806257053696,-22.19008312420089,False,False,False,True,True,0.0,0.0,0.0,0.0,0.0,0,0.9213052920333754,0.9373071208138073,False,False,False,False,-0.27689092470915083,-0.28283334682458494,False,False,False,False,38713.0,22969.208838659186,False,False,False,False,3359.756900123032,False,False,False,False
2025-04-07 19:00:00+00:00,32.125,32.72,31.91,32.14,13424.0,,,,,,,,,,,,,,,,,,,,,,,,,,,,"rgba(239, 83, 80, 0.5)",2.7927791592663826,38.375374195733485,-2.23267714349867,36.45592437877757,-21.01066194914975,False,False,False,True,True,0.0,0.0,0.0,0.0,0.0,0,0.9115413168865283,0.947004739877791,False,False,False,False,-0.2951679460682373,-0.2890006464464111,False,False,False,False,52137.0,23421.422655114082,False,False,False,False,3515.791676865311,False,False,False,False
2025-04-08 14:00:00+00:00,33.95,34.2,32.97,32.97,3188.0,,,,,,,,,,,,,,,,,,,,,,,,,,,,"rgba(239, 83, 80, 0.5)",2.827730980043136,38.34379519791306,-1.9003912450791505,39.51850751697039,-17.73211971752967,False,False,False,True,True,0.0,0.0,0.0,0.0,0.0,0,0.9076879910213245,0.932996632996633,False,False,False,False,-0.2201734962722936,-0.2545870713593523,False,False,False,False,55325.0,23916.051761236344,False,False,False,False,3510.709635363523,False,False,False,False
2025-04-08 15:00:00+00:00,32.97,33.1,32.56,32.9,3187.0,,,,,,,,,,,,,,,,,,,,,,,,,,,,"rgba(239, 83, 80, 0.5)",2.8562879898709976,38.30541047590205,-1.892459897276039,41.38664046810827,-15.622561152332125,True,False,False,True,True,0.0,0.0,0.0,0.0,0.0,1,0.8980385525870815,0.9544019839927854,False,False,False,False,-0.2569911428222112,-0.25578910709078173,False,False,False,False,52138.0,24353.601346333453,False,False,False,False,3505.690881326879,False,False,False,False
2025-04-08 16:00:00+00:00,32.895,32.98,32.04,32.04,3726.0,,,,,,,,,,,,,,,,,,,,,,,,,,,,"rgba(239, 83, 80, 0.5)",2.8951945709405846,38.253856978580615,-2.14626576084034,40.583269614569716,-15.622561152332125,False,False,False,True,True,0.0,0.0,0.0,0.0,0.0,0,0.9137655518776395,0.9547426092911769,False,False,False,False,-0.2777566998883496,-0.26677290348956567,False,False,False,False,48412.0,24726.599775072467,False,False,False,False,3509.106526577625,False,False,False,False
2025-04-08 17:00:00+00:00,31.95,32.32,31.65,32.32,3144.0,,,,,,,,,,,,,,,,,,,,,,,,,,,,"rgba(239, 83, 80, 0.5)",2.9418522264931597,38.20824900529913,-2.0015447928593706,41.0143300341287,-15.190340167510868,False,False,False,True,True,0.0,0.0,0.0,0.0,0.0,0,0.9055158324821246,0.956020882987175,False,False,False,False,-0.3124779012466692,-0.2896254023681174,False,False,False,False,51556.0,25142.559468482195,False,False,False,False,3503.445960274096,False,False,False,False
2025-04-08 18:00:00+00:00,32.32,32.48,31.935,31.975,2296.0,,,,,,,,,,,,,,,,,,,,,,,,,,,,"rgba(239, 83, 80, 0.5)",3.000730552190098,38.17591847810359,-2.066469604736026,40.43902996160215,-15.190340167510868,False,False,False,True,True,0.0,0.0,0.0,0.0,0.0,0,0.9073938300152276,0.9544864925836104,False,False,False,False,-0.29673727706197744,-0.29318133971504745,False,False,False,False,49260.0,25516.473275172393,False,False,False,False,3484.7258678667454,False,False,False,False
2025-04-08 19:00:00+00:00,31.945,31.945,31.01,31.62,3720.0,,,,,,,,,,,,,,,,,,,,31.525,,,,,31.525,,31.525,"rgba(239, 83, 80, 0.5)",3.062800251139246,37.76935674805569,-2.0077563810334556,39.18112903508997,-15.190340167510868,False,False,False,True,True,0.0,1.0,31.945,31.01,0.0,1,0.9036232699448633,0.9619669179700687,True,False,False,False,-0.34282825441539394,-0.31800479706522067,False,False,False,False,45540.0,25826.91554997592,False,False,False,False,3488.373528830052,False,False,False,False
2025-04-09 14:00:00+00:00,32.25,32.56,31.715,31.715,942.0,,,,,,,,,,,,,,,,,,,,31.62030459030459,,,,,31.62030459030459,,31.62030459030459,"rgba(239, 83, 80, 0.5)",3.120791585017714,37.76189481313798,-1.9376157133234693,38.75851169183258,-15.190340167510868,False,False,False,True,True,0.0,0.0,0.0,0.0,0.0,1,0.9119127516778524,0.949552572706935,False,False,False,False,-0.2972764809666099,-0.3076406390159153,False,False,False,False,46482.0,26147.149417418157,False,False,False,False,3448.8948694683454,False,False,False,False
2025-04-09 15:00:00+00:00,31.7,32.27,31.7,31.825,2058.0,,,,,,,,,,,,,,,,,,,,31.715659226190475,,,,,31.715659226190475,,31.715659226190475,"rgba(239, 83, 80, 0.5)",3.1765806167032307,37.739479934355295,-1.8619014116171102,38.99466957747453,-15.190340167510868,False,False,False,True,True,0.0,0.0,0.0,0.0,0.0,1,0.9120349619004932,0.9558493948901836,False,False,False,False,-0.3064564621961777,-0.3070485506060465,False,False,False,False,48540.0,26494.325395442684,False,False,False,False,3427.3306079262006,False,False,False,False
2025-04-09 16:00:00+00:00,31.75,32.28,31.75,31.9,2729.0,,,,,,,,,,,,,,,,,,,,31.791041732811234,,,,,31.791041732811234,,31.791041732811234,"rgba(239, 83, 80, 0.5)",3.22979686974585,37.708099747064495,-1.798286388060538,39.53212738080604,-14.49247008698758,False,False,False,True,True,0.0,0.0,0.0,0.0,0.0,1,0.9292802555035931,0.9526633968290179,False,False,False,False,-0.3043316661207136,-0.30569010836338006,False,False,False,False,51269.0,26878.42887768388,False,False,False,False,3416.503776795562,False,False,False,False
2025-04-09 17:00:00+00:00,31.9,35.4,31.47,35.36,2966.0,,,,,,,,,,,,,,,,,,,,32.33708793126594,,,,,32.33708793126594,,32.33708793126594,#000000,3.226214802978132,37.719858674422014,-0.7314635938820996,49.67646006938574,-4.9387090452881495,True,False,False,False,True,0.0,0.0,0.0,0.0,0.0,0,0.918061771368584,0.9306591524393613,False,False,False,False,-0.20640634116091933,-0.2560482247621497,False,False,False,False,54235.0,27302.561763301183,False,False,False,False,3409.5192221165607,False,False,False,False
2025-04-09 18:00:00+00:00,35.36,36.54,35.18,35.615,2966.0,,,,,,,,,,,,,,,,,,,,33.00068157683722,,,,,33.00068157683722,,33.00068157683722,"rgba(38, 166, 154, 1.0)",3.214476264908163,37.7541800762171,-0.6654832389245252,56.833506261977995,1.309273438628459,True,False,True,False,True,0.0,0.0,0.0,0.0,0.0,0,0.9556005693638455,0.9165662980400746,False,False,False,False,-0.04099472343057054,-0.14852147409636013,False,False,False,False,57201.0,27766.103441389536,False,False,False,False,3402.6429551070014,False,False,False,False
2025-04-09 19:00:00+00:00,35.615,36.67,35.615,36.6,4986.0,,,,,,,,,,,,,,,,,,,,33.807156347686615,,,,,33.807156347686615,,33.807156347686615,"rgba(38, 166, 154, 1.0)",3.19741015975899,37.72694854812379,-0.35245667331235686,63.00990181792296,6.5071979783604945,True,False,True,False,True,0.0,0.0,0.0,0.0,0.0,0,0.9664703958128886,0.9111874386653581,False,False,False,False,-0.022344465452126504,-0.08543296977424332,False,False,False,False,62187.0,28299.760752375743,False,False,False,False,3427.1911263456527,False,False,False,False
2025-04-10 14:00:00+00:00,34.54,34.54,33.65,34.0,1424.0,,,,,,,,,,,,,,,,,,,,33.8238970217062,,,,,33.8238970217062,,33.8238970217062,"rgba(38, 166, 154, 0.75)",3.19348299363421,37.69473076833915,-1.1569595879183043,59.5267942385322,6.5071979783604945,True,False,True,False,False,0.0,0.0,0.0,0.0,0.0,0,0.9470738727214583,0.9159471271719433,False,False,False,False,-0.15869334223281434,-0.12206315600352882,False,False,False,False,60763.0,28803.066787222633,False,False,False,False,3396.1338995806036,False,False,False,False
2025-04-10 15:00:00+00:00,34.0,34.3,33.35,33.35,1296.0,,,,,,,,,,,,,,,,,,,,33.815070819075665,,,,,33.815070819075665,,33.815070819075665,"rgba(38, 166, 154, 0.75)",3.1972721157233823,37.66732970369113,-1.3503166284970194,55.8307381478015,13.58601793042709,True,False,True,False,False,0.0,0.0,0.0,0.0,0.0,0,0.946268656716418,0.917324093816631,False,False,False,False,-0.1770068638464274,-0.1495350099249781,False,False,False,False,59467.0,29278.476604474992,False,False,False,False,3363.5736840832296,False,False,False,False
2025-04-10 16:00:00+00:00,33.49,33.585,32.63,33.535,998.0,,,,,,,,,,,,,,,,,,,,33.791656217562796,,,,,33.791656217562796,,33.791656217562796,"rgba(38, 166, 154, 0.75)",3.190491931625288,37.64545436407998,-1.2883450114183654,53.78770491088031,11.781494034424377,True,False,True,False,False,0.0,0.0,0.0,0.0,0.0,0,0.9452572218971113,0.9156780337287863,False,False,False,False,-0.22628544683823937,-0.18791022838160873,False,False,False,False,60465.0,29761.988595103285,False,False,False,False,3326.898123089691,False,False,False,False
2025-04-10 17:00:00+00:00,33.535,34.28,33.23,34.23,1423.0,,,,,,,,,,,,,,,,,,,,33.798444148241074,,,,,33.798444148241074,,33.798444148241074,"rgba(38, 166, 154, 0.75)",3.1594416985991605,37.62802193771713,-1.0755134172039806,53.9985744961519,11.781494034424377,True,False,True,False,False,0.0,0.0,0.0,0.0,0.0,0,0.9506650415982195,0.9112394679667214,False,False,False,False,-0.18177357416868833,-0.18484190127514855,False,False,False,False,61888.0,30260.066291303232,False,False,False,False,3297.380322731711,False,False,False,False
2025-04-10 18:00:00+00:00,34.13,34.53,33.985,33.995,3836.0,,,,,,,,,,,,,,,,,,,,33.84701585786986,,,,,33.84701585786986,,33.84701585786986,"rgba(38, 166, 154, 0.75)",3.135367989954726,37.59811782090132,-1.1491849864019799,53.51410621526167,11.002960796790155,True,False,True,False,False,0.0,0.0,0.0,0.0,0.0,0,0.9551574260574577,0.9108979115869819,False,False,False,False,-0.14772274716619296,-0.16628232422067074,False,False,False,False,58052.0,30690.94898446132,False,False,False,False,3305.731015402537,False,False,False,False
2025-04-10 19:00:00+00:00,34.12,34.5,33.42,33.9,8605.0,,,,,,,,,,,,,,,,,,,,33.86810016952576,,,,,33.86810016952576,,33.86810016952576,"rgba(38, 166, 154, 0.75)",3.0997589313417175,37.5315673640723,-1.1715644488845443,52.92089299826238,9.939808533404822,True,False,True,False,False,0.0,0.0,0.0,0.0,0.0,0,0.9500632111251582,0.910345554150864,False,False,False,False,-0.16783616090978726,-0.167059242565229,False,False,False,False,49447.0,30981.740473074322,False,False,False,False,3387.890224466064,False,False,False,False
2025-04-11 14:00:00+00:00,34.155,34.25,33.57,33.57,2318.0,,,,,,,,,,,,,,,,,,,,33.86398804645657,,,,,33.86398804645657,,33.86398804645657,#000000,3.066957266391919,37.513682995887834,-1.2858617363545226,51.544789205561976,8.119797508881689,True,False,False,False,False,0.0,0.0,0.0,0.0,0.0,0,0.9516933578367027,0.9121554213704385,False,False,False,False,-0.17122937759511342,-0.16914431008017122,False,False,False,False,47129.0,31232.085582018906,False,False,False,False,3371.302779125505,False,False,False,False
2025-04-11 15:00:00+00:00,33.74,33.81,33.125,33.81,1160.0,,,,,,,,,,,,,,,,,,,,33.8560827479663,,,,,33.8560827479663,,33.8560827479663,#000000,3.0268316069079395,37.503542544478165,-1.220266940535652,51.38623878519259,7.430001170049906,True,False,False,False,False,0.0,0.0,0.0,0.0,0.0,0,0.947467461188647,0.9156865819873504,False,False,False,False,-0.20143958828016711,-0.18529194918016917,False,False,False,False,48289.0,31496.533867569,False,False,False,False,3337.019015108055,False,False,False,False
2025-04-11 16:00:00+00:00,33.81,34.305,33.725,34.26,1813.0,,,,,,,,,,,,,,,,,,,,33.86617013567684,,,,,33.86617013567684,,33.86617013567684,"rgba(38, 166, 154, 0.75)",2.9704537024162705,37.493338037307105,-1.08849972469761,52.67894001128519,7.430001170049906,True,False,True,False,False,0.0,0.0,0.0,0.0,0.0,0,0.9634748791254993,0.9099747740172377,False,False,False,False,-0.16410803685740283,-0.174699993018786,False,False,False,False,50102.0,31784.990706831497,False,False,False,False,3313.390813323434,False,False,False,False
2025-04-11 17:00:00+00:00,34.26,34.74,33.96,34.62,1352.0,,,,,,,,,,,,,,,,,,,,33.883568278315984,,,,,33.883568278315984,,33.883568278315984,"rgba(38, 166, 154, 1.0)",2.9422267215633493,37.48833497790892,-0.9748857750788272,54.60896809719638,7.430001170049906,True,False,True,False,True,0.0,0.0,0.0,0.0,0.0,0,0.9618500130650641,0.905461196759864,False,False,False,False,-0.1414938425550344,-0.1580969177869102,False,False,False,False,51454.0,32089.936587345735,False,False,False,False,3282.981653426946,False,False,False,False
2025-04-11 18:00:00+00:00,34.62,34.85,34.365,34.615,1688.0,,,,,,,,,,,,,,,,,,,,33.91006388648804,,,,,33.91006388648804,,33.91006388648804,"rgba(38, 166, 154, 1.0)",2.916463037422039,37.48352470154511,-0.9835628515562097,55.87386285370924,7.430001170049906,True,False,True,False,True,0.0,0.0,0.0,0.0,0.0,0,0.9675212782622319,0.9046524985640436,False,False,False,False,-0.12420967415677928,-0.14115329597184473,False,False,False,False,49766.0,32363.984082115567,False,False,False,False,3258.2532556993965,False,False,False,False
2025-04-11 19:00:00+00:00,34.625,34.97,34.625,34.94,6794.0,,,,,,,,,,,,,,,,,,,,34.02974501011166,,,,,34.02974501011166,,34.02974501011166,"rgba(38, 166, 154, 1.0)",2.8859694016721185,37.47036449139863,-0.8767814689693336,57.765062402282936,2.9786182019242204,True,False,True,False,True,0.0,0.0,0.0,0.0,0.0,0,0.972486164769761,0.9002819254463819,False,False,False,False,-0.11150404792978173,-0.12632867195081324,False,False,False,False,56560.0,32739.11611185021,False,False,False,False,3313.0710346808014,False,False,False,False
2025-04-14 14:00:00+00:00,36.24,36.56,36.2,36.325,1551.0,,,,,,,,,,,,,,,,,,,,34.09595664378337,,,,,34.09595664378337,,34.09595664378337,"rgba(38, 166, 154, 1.0)",2.85528247920173,37.47798380728537,-0.40380726449444454,62.434942118839146,7.497961996769824,True,False,True,False,True,0.06098026015260061,0.0,0.0,0.0,0.0,0,0.9765495867768597,0.8993801652892561,False,False,False,False,-0.006677594362024595,-0.06650313315641891,False,False,False,False,58111.0,33132.47865275176,False,False,False,False,3285.7521039105563,False,False,False,False
2025-04-14 15:00:00+00:00,36.26,36.26,35.45,35.49,751.0,,,,,,,,,,,,,,,,,,,,34.118162471106615,,,,,34.118162471106615,,34.118162471106615,"rgba(38, 166, 154, 1.0)",2.8224486557623614,37.47927277962825,-0.704803885649759,61.89186245974217,7.497961996769824,True,False,True,False,True,0.0,0.0,0.0,0.0,0.0,0,0.9684102035557847,0.9024478227261015,False,False,False,False,-0.041325035077072136,-0.053914084116745524,False,False,False,False,57360.0,33508.099138755606,False,False,False,False,3246.453621679385,False,False,False,False
2025-04-14 16:00:00+00:00,35.49,35.65,35.38,35.64,1153.0,,,,,,,,,,,,,,,,,,,,34.14750308101446,,,,,34.14750308101446,,34.14750308101446,"rgba(38, 166, 154, 1.0)",2.780941816613166,37.480156002577786,-0.6617024461226815,61.92123035951123,7.497961996769824,True,False,True,False,True,0.0,0.0,0.0,0.0,0.0,0,0.9662536934321705,0.914830750090716,False,False,False,False,-0.06381117849698965,-0.058862631306867585,False,False,False,False,58513.0,33895.77202032528,False,False,False,False,3213.99697638203,False,False,False,False
2025-04-14 17:00:00+00:00,35.55,35.78,35.465,35.67,1091.0,,,,,,,,,,,,,,,,,,,,34.17573105403216,,,,,34.17573105403216,,34.17573105403216,"rgba(38, 166, 154, 1.0)",2.7453963923906692,37.48125092056658,-0.6597411308570111,62.025668076212696,7.6769014894357,True,False,True,False,True,0.0,0.0,0.0,0.0,0.0,0,0.9650777202072538,0.9131088082901553,False,False,False,False,-0.05669569604373344,-0.05777916367530051,False,False,False,False,59604.0,34294.349198304735,False,False,False,False,3181.082294577657,False,False,False,False
2025-04-14 18:00:00+00:00,35.67,36.355,35.67,36.29,2097.0,,,,,,,,,,,,,,,,,,,,34.243478546031,,,,,34.243478546031,,34.243478546031,"rgba(38, 166, 154, 1.0)",2.7179989028762295,37.48729340242304,-0.44050547671525836,63.79106130584911,9.643703449570722,True,False,True,False,True,0.07867195411667893,0.0,0.0,0.0,0.0,0,0.9695062174294411,0.9054744337237501,False,False,False,False,-0.030924171123502608,-0.04435166739940156,False,False,False,False,61701.0,34719.2585130597,False,False,False,False,3164.2748171423445,False,False,False,False
2025-04-14 19:00:00+00:00,36.36,36.62,36.01,36.02,6355.0,,,,,,,,,,,,,,,,,,,,34.433265604189366,,,,,34.433265604189366,,34.433265604189366,"rgba(38, 166, 154, 1.0)",2.688842649318317,37.50477705531186,-0.5521993098734447,63.57868777341014,9.704888465658094,True,False,True,False,True,0.0,0.0,0.0,0.0,0.0,0,0.971673863870039,0.9042771951470285,False,False,False,False,-0.010964719370629516,-0.027658193385015538,False,False,False,False,55346.0,35039.05295471769,False,False,False,False,3213.7434246285097,False,False,False,False
2025-04-15 14:00:00+00:00,37.01,37.25,36.64,36.81,835.0,,,,,,,,,,,,,,,,,,,,34.464050473044665,,,,,34.464050473044665,,34.464050473044665,"rgba(38, 166, 154, 1.0)",2.662077563662507,37.50903083863295,-0.26258845654039403,65.51631256183902,11.778780218611026,True,False,True,False,True,1.555541487279136,0.0,0.0,0.0,0.0,0,0.9720525351252293,0.8930462227652212,False,False,False,False,0.03059409975156039,0.001467953183272426,False,False,False,False,56181.0,35366.83507945075,False,False,False,False,3176.8636816110134,False,False,False,False
2025-04-15 15:00:00+00:00,36.84,37.01,36.61,36.645,910.0,,,,,,,,,,,,,,,,,,,,34.494791497707055,,,,,34.494791497707055,,34.494791497707055,"rgba(38, 166, 154, 1.0)",2.632744017762346,37.512998518020524,-0.3296934727282224,65.92318657227479,12.381678979027733,True,False,True,False,True,1.074477309505692,0.0,0.0,0.0,0.0,0,0.9714967991057819,0.8953866476984048,False,False,False,False,0.02168463379101206,0.011576293487142243,False,False,False,False,55271.0,35675.42678364531,False,False,False,False,3141.718508252703,False,False,False,False
2025-04-15 16:00:00+00:00,36.645,36.93,36.54,36.54,1499.0,,,,,,,,,,,,,,,,,,,,34.5418316838825,,,,,34.5418316838825,,34.5418316838825,"rgba(38, 166, 154, 1.0)",2.6047238756668287,37.51875850676658,-0.37576286527339187,65.60142120142154,12.381678979027733,True,False,True,False,True,0.7653224049580452,0.0,0.0,0.0,0.0,0,0.9702502034174125,0.899359235150529,False,False,False,False,0.016736507840199574,0.01415640066367091,False,False,False,False,53772.0,35955.99381025545,False,False,False,False,3116.2500042487854,False,False,False,False
2025-04-15 17:00:00+00:00,36.54,36.795,36.51,36.795,697.0,,,,,,,,,,,,,,,,,,,,34.56331688400725,,,,,34.56331688400725,,34.56331688400725,"rgba(38, 166, 154, 1.0)",2.5903432065902554,37.52141779707596,-0.28043303112415185,66.17988875478875,13.098098080546634,True,False,True,False,True,1.5054677287128015,0.0,0.0,0.0,0.0,0,0.9703025680142385,0.8983473175692855,False,False,False,False,0.011294506307522628,0.012725453485596769,False,False,False,False,54469.0,36243.01716203443,False,False,False,False,3078.742252244928,False,False,False,False
2025-04-15 18:00:00+00:00,36.795,36.97,36.575,36.93,1631.0,,,,,,,,,,,,,,,,,,,,34.61480486851655,,,,,34.61480486851655,,34.61480486851655,"rgba(38, 166, 154, 1.0)",2.5760457196156104,37.52819743832559,-0.23221538102780756,66.98865140580389,14.09311357334839,True,False,True,False,True,1.8991989205794297,0.0,0.0,0.0,0.0,0,0.9706509596831524,0.8967705900274195,False,False,False,False,0.01921045324288261,0.015967953364239687,False,False,False,False,56100.0,36550.87736107266,False,False,False,False,3056.296635931053,False,False,False,False
2025-04-15 19:00:00+00:00,36.93,37.09,36.79,37.02,8311.0,,,,,,,,,,,,,,,,,,,,34.85927142350906,,,,,34.85927142350906,,34.85927142350906,"rgba(38, 166, 154, 1.0)",2.55955047784743,37.562142297074494,-0.21181152775327586,67.82419429464339,15.080125505345592,True,False,True,False,True,2.164640969981466,0.0,0.0,0.0,0.0,0,0.9716942778737677,0.8979062912897651,False,False,False,False,0.030264041644777966,0.023115997504508826,False,False,False,False,64411.0,36982.8172469475,False,False,False,False,3137.764905141424,False,False,False,False
2025-04-16 14:00:00+00:00,36.49,36.95,36.49,36.93,663.0,,,,,,,,,,,,,,,,,,,,34.8751496770779,,,,,34.8751496770779,,34.8751496770779,"rgba(38, 166, 154, 1.0)",2.5417364107991887,37.564091161739874,-0.24947164428450694,67.66594732513514,15.112756778079358,True,False,True,False,True,1.879779547162805,0.0,0.0,0.0,0.0,0,0.966358839050132,0.900395778364116,False,False,False,False,0.015746988729282676,0.01943149311689575,False,False,False,False,63748.0,37397.78132063824,False,False,False,False,3099.3964569996965,False,False,False,False
2025-04-16 15:00:00+00:00,36.93,37.315,36.84,36.86,674.0,,,,,,,,,,,,,,,,,,,,34.892808476438844,,,,,34.892808476438844,,34.892808476438844,"rgba(38, 166, 154, 1.0)",2.520561252385545,37.566558538653716,-0.2803179402940537,66.96986449318428,15.112756778079358,True,False,True,False,True,1.6551916607485175,0.0,0.0,0.0,0.0,0,0.966715639090126,0.8994883226100614,False,False,False,False,0.039343291248427684,0.029387392182661717,False,False,False,False,63074.0,37795.86223039578,False,False,False,False,3061.7934111547397,False,False,False,False
2025-04-16 16:00:00+00:00,36.96,37.23,36.92,36.93,774.0,,,,,,,,,,,,,,,,,,,,34.91293381749649,,,,,34.91293381749649,,34.91293381749649,"rgba(38, 166, 154, 1.0)",2.499932211693634,37.569397514021794,-0.2557659407846986,66.83562709492368,15.112756778079358,True,False,True,False,True,1.8731757704664247,0.0,0.0,0.0,0.0,0,0.973145453617195,0.8989635983049983,False,False,False,False,0.039178160635203144,0.03428277640893243,False,False,False,False,63848.0,38199.77134310282,False,False,False,False,3026.323745865519,False,False,False,False
2025-04-16 17:00:00+00:00,36.88,36.91,35.795,35.795,2039.0,,,,,,,,,,,,,,,,,,,,34.943328696272516,,,,,34.943328696272516,,34.943328696272516,"rgba(38, 166, 154, 0.75)",2.4941404899853064,37.57036679271445,-0.7118150721032197,59.113664483138656,11.898009143854516,True,False,True,False,False,0.0,0.0,0.0,0.0,0.0,0,0.9646277808746769,0.9009780570617749,False,False,False,False,-0.008491338941264115,0.012895718733834157,False,False,False,False,61809.0,38565.80589592293,False,False,False,False,3011.016400968379,False,False,False,False
2025-04-16 18:00:00+00:00,35.85,36.26,35.82,35.82,2303.0,,,,,,,,,,,,,,,,,,,,34.97060333919699,,,,,34.97060333919699,,34.97060333919699,"rgba(38, 166, 154, 0.5)",2.483683997250568,37.56961651867018,-0.7044440921659122,54.12438232824718,7.659384302933326,False,False,True,False,False,0.0,0.0,0.0,0.0,0.0,0,0.9611409463978112,0.9111865437227683,False,False,False,False,-0.029108896308055084,-0.008106588787110463,False,False,False,False,64112.0,38961.87092079234,False,False,False,False,3000.039402503753,False,False,False,False
2025-04-16 19:00:00+00:00,35.84,36.36,35.61,36.34,4281.0,,,,,,,,,,,,,,,,,,,36.10333333333333,35.024074180257074,,,,,35.024074180257074,,35.563703756795206,"rgba(38, 166, 154, 0.5)",2.472216060997221,37.372963698174445,-0.41782905405030557,53.87227412357991,7.659384302933326,False,False,True,False,False,0.025521317871302074,0.0,0.0,0.0,0.0,0,0.9578374016542264,0.9105305628404279,False,False,False,False,-0.032739649701161014,-0.02042311924413574,False,False,False,False,68393.0,39418.16749566378,False,False,False,False,3019.899256728501,False,False,False,False
2025-04-17 14:00:00+00:00,37.09,37.105,36.58,36.855,3406.0,,,,,,,,,,,,,,,,,,,36.432693725337145,35.09004739890536,,,,,35.09004739890536,,35.76137056212126,"rgba(38, 166, 154, 0.5)",2.4619940500949764,37.398105574394435,-0.22059581109608573,56.119441509086606,7.659384302933326,False,False,True,False,True,1.6450634557947375,0.0,0.0,0.0,0.0,0,0.9664325137982942,0.9040140491721025,False,False,False,False,0.023829137248621228,0.0017030090022427443,False,False,False,False,71799.0,39920.195906583715,False,False,False,False,3025.885314763718,False,False,False,False
2025-04-17 15:00:00+00:00,36.86,37.42,36.86,37.25,3565.0,,,,,,,,,,,,,,,,,,,36.66840857921555,35.1662177623046,,,,,35.1662177623046,,35.917313170760075,"rgba(38, 166, 154, 1.0)",2.4461759087557335,37.42196155688219,-0.07029811562883781,59.169663251279324,4.638408195013291,True,False,True,False,True,2.864589545265261,0.0,0.0,0.0,0.0,0,0.969983490920006,0.9005452999149531,False,False,False,False,0.04347227709525099,0.02258764304874687,False,False,False,False,75364.0,40469.7122491173,False,False,False,False,3034.2436819766835,False,False,False,False
2025-04-17 16:00:00+00:00,37.45,37.625,37.17,37.52,1280.0,,,,,,,,,,,,,,,,,,,36.74704755825088,35.19561242503875,,,,,35.19561242503875,,35.971329991644815,"rgba(38, 166, 154, 1.0)",2.432924607164083,37.43107278757994,0.03655156931628778,62.16788673462942,7.306753198746698,True,False,True,False,True,3.6914720703468795,0.0,0.0,0.0,0.0,0,0.9719433848624776,0.9033828548484242,False,False,False,False,0.060500886078300425,0.04154426456352365,False,False,False,False,76644.0,41030.55391967362,False,False,False,False,3007.0461055119285,False,False,False,False
2025-04-17 17:00:00+00:00,37.54,37.855,37.515,37.78,1207.0,,,,,,,,,,,,,,,,,,,36.83223063299124,35.22599688457967,,,,,35.22599688457967,,36.029113758785456,"rgba(38, 166, 154, 1.0)",2.42569665297469,37.32821859318649,0.18624810578003606,65.04541308495104,9.879850028516785,True,False,True,False,True,4.485719636625323,0.0,0.0,0.0,0.0,0,0.9732259687971817,0.905888273779567,False,False,False,False,0.07955536793411942,0.06054981624882154,False,False,False,False,77851.0,41601.41354882596,False,False,False,False,2979.138413953604,False,False,False,False
2025-04-17 18:00:00+00:00,37.77,37.8,37.35,37.38,3056.0,,,,,,,,,,,,,,,,,,,36.95555681254341,35.293629739445564,,,,,35.293629739445564,,36.124593275994485,"rgba(38, 166, 154, 1.0)",2.406927502024181,37.33966810016114,0.016756591050184497,64.0054705153279,9.879850028516785,True,False,True,False,True,3.1197661102989827,0.0,0.0,0.0,0.0,0,0.9681240901561166,0.9064304000803173,False,False,False,False,0.07225889677745055,0.06640435651313605,False,False,False,False,74795.0,42116.04279613099,False,False,False,False,2980.3300664504472,False,False,False,False
2025-04-17 19:00:00+00:00,37.38,37.62,37.04,37.38,6928.0,,,,,,,,,,,,,,,,,,,37.069775464036304,35.42277993177822,,,,,35.42277993177822,,36.24627769790726,"rgba(38, 166, 154, 1.0)",2.391612505900307,37.361630748716934,0.007680697118680559,63.312175468912486,9.879850028516785,True,False,True,False,True,3.1197661102989827,0.0,0.0,0.0,0.0,0,0.967050575863796,0.9079118678017026,False,False,False,False,0.05603408657042604,0.06121922154178104,False,False,False,False,74795.0,42622.69329541578,False,False,False,False,3041.5342514667195,False,False,False,False
2025-04-18 14:00:00+00:00,37.38,37.38,37.38,37.38,0.0,,,,,,,,,,,,,,,,,,,37.069775464036304,35.42277993177822,,,,,35.42277993177822,,36.24627769790726,"rgba(38, 166, 154, 0.75)",2.377731999082282,37.361630748716934,0.007725534791203861,62.84997877130221,9.879850028516785,True,False,True,False,False,3.1197661102989827,0.0,0.0,0.0,0.0,0,0.9703655088852992,0.9142265751211633,False,False,False,False,0.05934260254749711,0.060280912044639076,False,False,False,False,74795.0,43121.488748200034,False,False,False,False,2994.378681676538,False,False,False,False
2025-04-18 15:00:00+00:00,37.38,37.38,37.38,37.38,0.0,,,,,,,,,,,,,,,,,,,37.069775464036304,35.42277993177822,,,,,35.42277993177822,,36.24627769790726,"rgba(38, 166, 154, 0.75)",2.3684624578858706,37.361630748716934,0.007755770509221235,62.54184763956202,9.879850028516785,True,False,True,False,False,3.1197661102989827,0.0,0.0,0.0,0.0,0,0.9689792176039121,0.9152913610431948,False,False,False,False,0.05934260254749711,0.059811757296068094,False,False,False,False,74795.0,43612.55093815042,False,False,False,False,2947.9542059916303,False,False,False,False
2025-04-18 16:00:00+00:00,37.38,37.38,37.38,37.38,0.0,,,,,,,,,,,,,,,,,,,37.069775464036304,35.42277993177822,,,,,35.42277993177822,,36.24627769790726,"rgba(38, 166, 154, 0.75)",2.3536105328921577,37.361630748716934,0.007804711538444901,62.33642688506857,9.879850028516785,True,False,True,False,False,3.1197661102989827,0.0,0.0,0.0,0.0,0,0.9688267813267815,0.9107800982800982,False,False,False,False,0.05934260254749711,0.0595771799217826,False,False,False,False,74795.0,44095.99976081476,False,False,False,False,2902.2494896196667,False,False,False,False
2025-04-18 17:00:00+00:00,37.38,37.38,37.38,37.38,0.0,,,,,,,,,,,,,,,,,,,37.069775464036304,35.42277993177822,,,,,35.42277993177822,,36.24627769790726,"rgba(38, 166, 154, 0.75)",2.324815565677153,37.361630748716934,0.007901380029567391,62.19947971540626,9.879850028516785,True,False,True,False,False,3.1197661102989827,0.0,0.0,0.0,0.0,0,0.9654340010272215,0.9122239342578327,False,False,False,False,0.0671094785756346,0.0633433292487086,False,False,False,False,74795.0,44571.95325289515,False,False,False,False,2857.253373501532,False,False,False,False
2025-04-18 18:00:00+00:00,37.38,37.38,37.38,37.38,0.0,,,,,,,,,,,,,,,,,,,37.069775464036304,35.42277993177822,,,,,35.42277993177822,,36.24627769790726,"rgba(38, 166, 154, 0.75)",2.296920788383543,37.361630748716934,0.00799733772969865,62.10818160229806,9.879850028516785,True,False,True,False,False,3.1197661102989827,0.0,0.0,0.0,0.0,0,0.9690290610643679,0.9096164765395138,False,False,False,False,0.0671094785756346,0.0652264039121716,False,False,False,False,74795.0,45040.527621067326,False,False,False,False,2812.9548715867795,False,False,False,False
2025-04-18 19:00:00+00:00,37.38,37.38,37.38,37.38,0.0,,,,,,,,,,,,,,,,,,,37.069775464036304,35.42277993177822,,,,,35.42277993177822,,36.24627769790726,"rgba(38, 166, 154, 0.75)",2.2522802759518656,37.361630748716934,0.008155846090383048,62.04731619355926,9.879850028516785,True,False,True,False,False,3.1197661102989827,0.0,0.0,0.0,0.0,0,0.9699104044745973,0.9066238541612718,False,False,False,False,0.0671094785756346,0.0661679412439031,False,False,False,False,74795.0,45501.837270353106,False,False,False,False,2769.3431681513257,False,False,False,False
2025-04-21 14:00:00+00:00,36.46,36.46,35.975,36.07,840.0,,,,,,,,,,,,,,,,,,,37.03894814694188,35.42842343194769,,,,,35.42842343194769,,36.233685789444785,#000000,2.2000910443897492,37.35542458506202,-0.5842597234054749,51.41782662403857,5.23235564398837,False,True,False,False,False,0.0,0.0,0.0,0.0,0.0,0,0.9665759613903577,0.9085588129588745,False,False,False,False,-0.011182634965318069,0.027492653139292514,False,False,False,False,73955.0,45942.971576239106,False,False,False,False,2739.430870970685,False,False,False,False
2025-04-21 15:00:00+00:00,36.07,36.16,35.68,35.68,745.0,,,,,,,,,,,,,,,,,,,37.00365431220695,35.431168110804784,,,,,35.431168110804784,,36.21741121150586,"rgba(239, 83, 80, 1.0)",2.1502479953349143,37.34833368008804,-0.7758796583964198,42.85754385281045,-2.1830952633163037,False,True,False,True,False,0.0,0.0,0.0,0.0,0.0,0,0.9615364811286752,0.9152978734359716,False,False,False,False,-0.02920810101021716,-0.0008577239354623234,False,False,False,False,73210.0,46365.71620296408,False,False,False,False,2708.5094621184267,False,False,False,False
2025-04-21 16:00:00+00:00,35.715,35.89,35.715,35.72,976.0,,,,,,,,,,,,,,,,,,,36.95803086795516,35.43414596126315,,,,,35.43414596126315,,36.19608841460915,"rgba(239, 83, 80, 1.0)",2.087522664277984,37.339375653419346,-0.7757403936878663,37.562506029742146,-6.414311346521714,False,True,False,True,False,0.0,0.0,0.0,0.0,0.0,0,0.9752561071710009,0.9140530601523509,False,False,False,False,-0.03717279648785185,-0.019015260211657087,False,False,False,False,74186.0,46797.03843237549,False,False,False,False,2681.648850302637,False,False,False,False
2025-04-21 17:00:00+00:00,35.79,35.81,35.615,35.68,1342.0,,,,,,,,,,,,,,,,,,35.701666666666675,36.89699992760443,35.4372942572683,,,,,35.4372942572683,,36.01198695051314,"rgba(239, 83, 80, 1.0)",2.0804057448160065,37.11935813969967,-0.6918641439470594,33.8673030284695,-9.300075439104276,False,True,False,True,False,0.0,0.0,0.0,0.0,0.0,0,0.9746560846560847,0.9142857142857141,False,False,False,False,-0.04327655085605325,-0.03114590553385517,False,False,False,False,72844.0,47200.86729388905,False,False,False,False,2660.8791006855417,False,False,False,False
2025-04-21 18:00:00+00:00,35.64,35.86,35.635,35.755,821.0,,,,,,,,,,,,,,,,,,35.72001232855603,36.863896720216545,35.43952952273156,,,,,35.43952952273156,,36.00781285716804,"rgba(239, 83, 80, 1.0)",2.0710206605866968,37.11427033529261,-0.6563287180860574,32.31815146247172,-10.449575808237682,False,True,False,True,False,0.0,0.0,0.0,0.0,0.0,0,0.975369458128079,0.9074103501244768,False,False,False,False,-0.04090251063498072,-0.03602420808441795,False,False,False,False,73665.0,47611.163924991546,False,False,False,False,2632.353843310572,False,False,False,False
2025-04-21 19:00:00+00:00,35.78,36.38,35.78,36.38,4100.0,,,,,,,,,,,,,,,,,,36.02113789983501,36.77774510707592,35.465051181819454,,,,,35.465051181819454,,36.08797806291013,"rgba(239, 83, 80, 0.75)",2.0660058475625243,37.116512731168214,-0.35649111643955417,37.39903156987016,-10.449575808237682,False,True,False,True,True,0.0,0.0,0.0,0.0,0.0,0,0.9786840156564055,0.9014598540145985,False,False,False,False,-0.018368316467157697,-0.027196262275787822,False,False,False,False,77765.0,48078.665259487796,False,False,False,False,2655.108047290253,False,False,False,False
2025-04-22 14:00:00+00:00,37.54,38.02,37.49,37.715,2241.0,,,,,,,,,,,,,,,,,,36.474536884603324,36.83983974358974,35.50714741685644,,,,,35.50714741685644,,36.27384134834983,#000000,2.0806290195797756,37.15607965495441,0.26863046693373416,47.49387192036703,-11.21791212289991,False,True,False,False,True,4.381357108984584,0.0,0.0,0.0,0.0,0,0.9914597086869958,0.8931677669495963,False,False,False,False,0.09533522527508308,0.03406948149964763,False,False,False,False,80006.0,48573.66269732519,False,False,False,False,2648.687767487303,False,False,False,False
2025-04-22 15:00:00+00:00,37.715,37.995,37.595,37.995,2057.0,,,,,,,,,,,,,,,,,,36.74471262191081,36.896886777943635,35.54644257475815,,,,,35.54644257475815,,36.39601399153753,"rgba(38, 166, 154, 0.5)",2.096844890662129,37.18525298635767,0.38617401661342377,55.118140804422694,-4.650758731224684,False,False,True,False,True,5.322668295498762,0.0,0.0,0.0,0.0,0,0.9971598380055752,0.8886551307000472,False,False,False,False,0.09806901965160991,0.06606925057562876,False,False,False,False,82063.0,49092.877229149606,False,False,False,False,2639.51431372781,False,False,False,False
2025-04-22 16:00:00+00:00,37.995,38.45,37.995,38.215,1490.0,,,,,,,,,,,,,,,,,,36.92711891129367,36.94831337767923,35.578377036520415,,,,,35.578377036520415,,36.484603108497765,"rgba(38, 166, 154, 1.0)",2.119938960960569,37.2081192605415,0.47495742000150454,60.87634823911661,0.24583002630225792,True,False,True,False,True,6.059430423385251,0.0,0.0,0.0,0.0,0,1.0002121790791427,0.894016549968173,False,False,False,False,0.1273863145383299,0.09672778255697934,False,False,False,False,83553.0,49627.14269846511,False,False,False,False,2621.692386383193,False,False,False,False
2025-04-22 17:00:00+00:00,38.215,38.27,37.67,37.72,2151.0,,,,,,,,,,,,,,,,,,37.07244965497818,36.99816759702942,35.61750521432586,,,,,35.61750521432586,,36.56270748877782,"rgba(38, 166, 154, 1.0)",2.1152000246181255,37.22992499572479,0.23169203790250972,61.15504131991989,0.3704385741509171,True,False,True,False,True,4.1382045879154035,0.0,0.0,0.0,0.0,0,0.9969214437367304,0.8985138004246284,False,False,False,False,0.11004711800615109,0.10338745028156521,False,False,False,False,81402.0,50119.776145000535,False,False,False,False,2614.3948300051593,False,False,False,False
2025-04-22 18:00:00+00:00,37.72,38.08,37.72,38.07,2856.0,,,,,,,,,,,,,,,,,,37.220493023801154,37.061327426822324,35.66899380860629,,,,,35.66899380860629,,36.650271419743255,"rgba(38, 166, 154, 1.0)",2.1176978767750763,37.256253547081535,0.3842599370962559,62.68128524907745,2.0768281191325215,True,False,True,False,True,5.329610844521014,0.0,0.0,0.0,0.0,0,0.9905660377358491,0.9029043883824464,False,False,False,False,0.10525229429838755,0.10431987228997638,False,False,False,False,84258.0,50649.05093345014,False,False,False,False,2618.1406465942264,False,False,False,False
2025-04-22 19:00:00+00:00,38.06,38.08,37.7,37.96,4448.0,,,,,,,,,,,,,,,,,,37.363790415077965,37.140626909395266,35.74338256407199,,,,,35.74338256407199,,36.74926662951507,"rgba(38, 166, 154, 1.0)",2.107276533202928,37.28909770739046,0.3183741108670776,62.91422784156265,2.825947931694394,True,False,True,False,True,4.8988000794238715,0.0,0.0,0.0,0.0,0,0.9899343081161264,0.9046408137317227,False,False,False,False,0.10456771800777521,0.1044437951488758,False,False,False,False,79810.0,51101.15867091603,False,False,False,False,2646.5105590501294,False,False,False,False
2025-04-23 14:00:00+00:00,39.735,40.17,39.55,39.55,3273.0,,,,,,,,,,,,,,,,,,37.67985982754214,37.30830797250455,35.838933472029254,,,,,35.838933472029254,,36.94236709069198,"rgba(38, 166, 154, 1.0)",2.1274507330657455,37.35091188021243,1.0336728769359513,67.56144079397814,7.74232420611213,True,False,True,False,True,10.037485962715241,0.0,0.0,0.0,0.0,0,0.9926241429461873,0.8989195927695822,False,False,False,False,0.24220385114480908,0.17332382314684244,False,False,False,False,83083.0,51597.00117214214,False,False,False,False,2656.223573638499,False,False,False,False
2025-04-23 15:00:00+00:00,39.51,39.65,38.94,39.05,2447.0,,,,,,,,,,,,,,,,,,37.817684321359486,37.395424344359306,35.89794772652554,,,,,35.89794772652554,,37.03701879741478,"rgba(38, 166, 154, 1.0)",2.1106245457146855,37.38370087762478,0.789481542682895,67.70859344292052,8.43979077975635,True,False,True,False,True,8.083206479428359,0.0,0.0,0.0,0.0,0,0.9857905927500908,0.9073276979723073,False,False,False,False,0.2020246678351895,0.18767424549101597,False,False,False,False,80636.0,52047.21820823295,False,False,False,False,2652.9797973030186,False,False,False,False
2025-04-23 16:00:00+00:00,39.05,39.06,38.63,39.06,1541.0,,,,,,,,,,,,,,,,,,37.87655496460064,37.43800730231966,35.930832490921986,,,,,35.930832490921986,,37.0817982526141,"rgba(38, 166, 154, 1.0)",2.107877037116716,37.400166380790836,0.7874432853443809,67.83426666082106,9.275849694202577,True,False,True,False,True,8.114576273162175,0.0,0.0,0.0,0.0,0,0.9771132292866869,0.9209699382004817,False,False,False,False,0.17180435112471784,0.1797392983078669,False,False,False,False,82177.0,52514.34660810531,False,False,False,False,2635.739800445607,False,False,False,False
2025-04-23 17:00:00+00:00,39.06,39.135,38.88,39.045,1417.0,,,,,,,,,,,,,,,,,,37.93023445092323,37.47770560317347,35.96146989930662,,,,,35.96146989930662,,37.12313665113444,"rgba(38, 166, 154, 1.0)",2.127464753945319,37.41556163510732,0.7659061621918456,67.81947585939345,10.056563337086196,True,False,True,False,True,8.054981604390129,0.0,0.0,0.0,0.0,0,0.9825150958256761,0.9145182462588602,False,False,False,False,0.1831867725451494,0.18146303542650816,False,False,False,False,80760.0,52952.263714956396,False,False,False,False,2616.844609741024,False,False,False,False
2025-04-23 18:00:00+00:00,39.045,39.1,38.81,38.85,1498.0,,,,,,,,,,,,,,,,,,37.97703291038024,37.51497843563468,35.992167103033324,,,,,35.992167103033324,,37.16139281634941,"rgba(38, 166, 154, 1.0)",2.1263565611687887,37.430294046477684,0.6676706905364694,66.45997819577681,10.056563337086196,True,False,True,False,True,7.272449936471908,0.0,0.0,0.0,0.0,0,0.9813069348638831,0.9160128481912483,False,False,False,False,0.17950437708269387,0.18048370625460103,False,False,False,False,79262.0,53360.16660309661,False,False,False,False,2599.498181683024,False,False,False,False
2025-04-23 19:00:00+00:00,38.88,38.88,38.47,38.48,3914.0,,,,,,,,,,,,,,,,,,38.04663155036147,37.584240142210724,36.06126371205582,,,,,36.06126371205582,,37.23071180154267,"rgba(38, 166, 154, 0.75)",2.102233524800021,37.45944639337001,0.4854615791207453,63.15107752430015,10.056563337086196,True,False,True,False,False,5.798507205937717,0.0,0.0,0.0,0.0,0,0.9742428232815381,0.9208322359757701,False,False,False,False,0.16175484654307884,0.17111927639883995,False,False,False,False,75348.0,53701.06324490906,False,False,False,False,2619.878054835225,False,False,False,False
2025-04-24 14:00:00+00:00,39.51,39.92,39.46,39.77,946.0,,,,,,,,,,,,,,,,,,38.08986545162644,37.61634906991797,36.084435450366534,,,,,36.084435450366534,,37.26354999063698,"rgba(38, 166, 154, 0.75)",2.129699308387093,37.47191816046886,1.079063992968835,65.39688556620204,10.056563337086196,True,False,True,False,False,9.944891003902267,0.0,0.0,0.0,0.0,0,0.9757619889732655,0.9096535940913345,False,False,False,False,0.23367181284601435,0.20239554462242715,False,False,False,False,76294.0,54051.34133413528,False,False,False,False,2593.926457085842,False,False,False,False
2025-04-24 15:00:00+00:00,39.77,39.97,39.565,39.84,1785.0,,,,,,,,,,,,,,,,,,38.16912328993486,37.676446296554246,36.128253828988406,,,,,36.128253828988406,,37.32460780515917,"rgba(38, 166, 154, 1.0)",2.1324997956339153,37.49541178541687,1.0994553056386913,67.07888831442312,10.956868143265417,True,False,True,False,True,10.160010230322232,0.0,0.0,0.0,0.0,0,0.9769114504612497,0.9126491895554281,False,False,False,False,0.3346769712853302,0.2685362579538787,False,False,False,False,78079.0,54423.86317391613,False,False,False,False,2581.3849616271464,False,False,False,False
2025-04-24 16:00:00+00:00,39.84,40.21,39.84,40.18,1343.0,,,,,,,,,,,,,,,,,,38.233701831778845,37.725321208721226,36.16305724743265,,,,,36.16305724743265,,37.37402676264424,"rgba(38, 166, 154, 1.0)",2.139468417179466,37.51448511857456,1.2458771814633638,69.10081410549442,13.197399198227963,True,False,True,False,True,11.205538063579162,0.0,0.0,0.0,0.0,0,0.9886730535118827,0.9080611866828984,False,False,False,False,0.34282824575019827,0.30568225185203846,False,False,False,False,79422.0,54811.43118672363,False,False,False,False,2562.185194780214,False,False,False,False
2025-04-24 17:00:00+00:00,40.09,40.09,39.85,39.96,1353.0,,,,,,,,,,,,,,,,,,38.29085760833353,37.77037655815888,36.196536631645145,,,,,36.196536631645145,,37.41925693271252,"rgba(38, 166, 154, 1.0)",2.1545063459165976,37.53234742899126,1.1267790301986507,68.92763127032637,13.382942044724174,True,False,True,False,True,10.297411868812237,0.0,0.0,0.0,0.0,0,0.988239033693579,0.9087200678109767,False,False,False,False,0.3380698358607175,0.32187604385637797,False,False,False,False,78069.0,55172.013648944965,False,False,False,False,2543.4381374967993,False,False,False,False
2025-04-24 18:00:00+00:00,39.96,40.11,39.9,40.025,2705.0,,,,,,,,,,,,,,,,,,38.397306302597876,37.85697156677902,36.262512381195926,,,,,36.262512381195926,,37.50559675019094,"rgba(38, 166, 154, 1.0)",2.165436483058888,37.56716147831848,1.1350314548176366,69.02494222669587,13.92189391074593,True,False,True,False,True,10.502254417637435,0.0,0.0,0.0,0.0,0,0.9887640449438201,0.9067203731185073,False,False,False,False,0.3410961954445021,0.33148611965044006,False,False,False,False,80774.0,55568.94366989155,False,False,False,False,2545.9429725743685,False,False,False,False
2025-04-24 19:00:00+00:00,40.025,40.025,39.765,39.97,5581.0,,,,,,,,,,,,,,,,,,38.56965117929789,38.00928410478924,36.38851430958245,,,,,36.38851430958245,,37.65581653122319,"rgba(38, 166, 154, 1.0)",2.1499076933883385,37.6309710126509,1.0879671692614368,68.65206642724672,13.998502646167317,True,False,True,False,True,10.269169694804262,0.0,0.0,0.0,0.0,0,0.9881236413763851,0.90726896771115,False,False,False,False,0.33160474027574605,0.33154542996309305,False,False,False,False,75193.0,55873.19260524207,False,False,False,False,2592.9981202863937,False,False,False,False
2025-04-25 14:00:00+00:00,40.28,40.3,39.735,39.9,1022.0,,,,,,,,,,,,,,,,,,38.5982552833575,38.035550088102845,36.41101907910744,,,,,36.41101907910744,,37.681608150189255,"rgba(38, 166, 154, 1.0)",2.13503547030482,37.64225271546134,1.057475304715345,67.80485737838933,13.998502646167317,True,False,True,False,True,9.968352459390335,0.0,0.0,0.0,0.0,0,0.9883155334672731,0.9041979486094955,False,False,False,False,0.3421784953300783,0.3368619626465857,False,False,False,False,74171.0,56156.8795415949,False,False,False,False,2568.6415602819534,False,False,False,False
2025-04-25 15:00:00+00:00,39.9,40.0,39.71,39.82,1088.0,,,,,,,,,,,,,,,,,,38.624600504353126,38.060862729452744,36.433774152859954,,,,,36.433774152859954,,37.70641246222194,"rgba(38, 166, 154, 1.0)",2.103702148530059,37.65336837023749,1.029913683967298,66.51538556613205,13.998502646167317,True,False,True,False,True,9.620215062530388,0.0,0.0,0.0,0.0,0,0.9877001378432828,0.9100837663026188,False,False,False,False,0.328167625549638,0.33251479409811185,False,False,False,False,73083.0,56419.30001381823,False,False,False,False,2545.6858771768066,False,False,False,False
2025-04-25 16:00:00+00:00,39.82,39.965,39.82,39.925,445.0,,,,,,,,,,,,,,,,,,38.63557220165561,38.071354353278394,36.44315669640325,,,,,36.44315669640325,,37.716694417112414,"rgba(38, 166, 154, 0.75)",2.057361681885404,37.65798017648964,1.1019063120845243,66.21240611228933,13.998502646167317,True,False,True,False,False,9.977022231044334,0.0,0.0,0.0,0.0,0,0.9932896628854448,0.9087713692283108,False,False,False,False,0.33138969973951876,0.3319522469188153,False,False,False,False,73528.0,56684.55117639469,False,False,False,False,2513.1171038872435,False,False,False,False
2025-04-25 17:00:00+00:00,39.925,40.17,39.625,39.625,669.0,,,,,,,,,,,,,,,,,,38.65048591678881,38.086083712904575,36.456775629192514,,,,,36.456775629192514,,37.7311150862953,"rgba(38, 166, 154, 0.75)",2.0010146682878016,37.66455442856161,0.9797257374009539,63.17708669290282,16.792013483584427,True,False,True,False,False,8.646133239691263,0.0,0.0,0.0,0.0,0,0.9953585147247122,0.9067434912505333,False,False,False,False,0.3318198104076863,0.3318860286632508,False,False,False,False,72859.0,56935.31782482268,False,False,False,False,2484.526141036278,False,False,False,False
2025-04-25 18:00:00+00:00,39.625,39.94,39.625,39.81,1671.0,,,,,,,,,,,,,,,,,,38.68566621774531,38.121493079713744,36.490165302543694,,,,,36.490165302543694,,37.765774866667584,"rgba(38, 166, 154, 0.75)",1.944782099468895,37.68055899236384,1.0949509501438204,62.33268328284265,15.859150216467299,True,False,True,False,False,9.293681080465888,0.0,0.0,0.0,0.0,0,0.9941888361678308,0.9055286026550088,False,False,False,False,0.32195682425539024,0.32692142645932054,False,False,False,False,74530.0,57208.10359498047,False,False,False,False,2471.9133326481187,False,False,False,False
2025-04-25 19:00:00+00:00,39.81,40.22,39.79,40.21,2705.0,,,,,,,,,,,,,,,,,,38.7516248455136,38.18495668706101,36.547313960412964,,,,,36.547313960412964,,37.82796516432919,"rgba(38, 166, 154, 1.0)",1.8921434887402695,37.70894970554387,1.3218079439214465,63.96168561695788,15.859150216467299,True,False,True,False,True,10.67859672456278,0.0,0.0,0.0,0.0,0,0.995852166976868,0.9022600372241425,False,False,False,False,0.3410961954445021,0.3340088109519113,False,False,False,False,77235.0,57518.59811288775,False,False,False,False,2475.527079428768,False,False,False,False
2025-04-28 14:00:00+00:00,39.825,40.4,39.825,40.02,930.0,,,,,,,,,,,,,,,,,,38.77301074246328,38.20592527212138,36.56658874339563,,,,,36.56658874339563,,37.848508252660096,"rgba(38, 166, 154, 1.0)",1.9136299241197858,37.7184754292679,1.2027009724938014,63.21107837856141,15.859150216467299,True,False,True,False,True,9.812150145673357,0.0,0.0,0.0,0.0,0,0.9965531869763496,0.901580231201612,False,False,False,False,0.34282824583800425,0.3384185283949578,False,False,False,False,76305.0,57809.86015764918,False,False,False,False,2451.5654192825855,False,False,False,False
2025-04-28 15:00:00+00:00,40.02,40.13,39.52,39.83,1336.0,,,,,,,,,,,,,,,,,39.82666666666667,38.79679923954373,38.23126269127106,36.59193080502171,,,,,36.59193080502171,,38.36166485062579,"rgba(38, 166, 154, 0.75)",1.9320728261133457,37.74353392827269,1.0799106759989725,60.973993676601616,14.410749992764877,True,False,True,False,False,8.945900908731964,0.0,0.0,0.0,0.0,1,0.994022745305475,0.9046813012430571,False,False,False,False,0.3183624282128822,0.32839047830392,False,False,False,False,74969.0,58075.89333349958,False,False,False,False,2434.2698313867313,False,False,False,False
2025-04-28 16:00:00+00:00,39.94,40.0,39.61,39.61,1804.0,,,,,,,,,,,,,,,,,39.77687473460722,38.824702848521625,38.26245302514621,36.62463123760827,,,,,36.62463123760827,,38.37216546147083,"rgba(38, 166, 154, 0.5)",1.9521150645454857,37.756204028524806,0.9496345810470019,57.61657099709655,11.272030522140632,False,False,True,False,False,7.944938688136276,0.0,0.0,0.0,0.0,0,1.0030810092961489,0.9019389110225762,False,False,False,False,0.316674399559182,0.322532438931551,False,False,False,False,73165.0,58309.8329717399,False,False,False,False,2424.4982060939137,False,False,False,False
2025-04-28 17:00:00+00:00,39.61,39.83,39.6,39.745,790.0,,,,,,,,,,,,,,,,,39.76644698897371,38.83621727727501,38.27557480532558,36.63867042873001,,,,,36.63867042873001,,38.379227375076084,"rgba(38, 166, 154, 0.5)",1.9387891340490069,37.76215535609747,1.022723208563435,56.42606435630246,10.19432621810791,False,False,True,False,False,8.441879032405861,0.0,0.0,0.0,0.0,0,1.0041544607190416,0.8990146471371504,False,False,False,False,0.30909968686826156,0.31581606289990627,False,False,False,False,73955.0,58552.393700860215,False,False,False,False,2399.157148635093,False,False,False,False
2025-04-28 18:00:00+00:00,39.745,39.915,39.535,39.84,4488.0,,,,,,,,,,,,,,,,,39.76478696444128,38.8990166322049,38.34772725962907,36.717036259865466,,,,,36.717036259865466,,38.43214177903518,"rgba(38, 166, 154, 0.5)",1.9071830956571902,37.79828294308964,1.0705406636413248,56.371325565889,10.066524327790859,False,False,True,False,False,8.794195159438427,0.0,0.0,0.0,0.0,1,1.0020214916480479,0.8973827002872644,False,False,False,False,0.30993961132400755,0.31287783711195694,False,False,False,False,78443.0,58860.77519387013,False,False,False,False,2431.5423091213706,False,False,False,False
2025-04-28 19:00:00+00:00,39.84,40.3,39.795,40.14,7376.0,,,,,,,,,,,,,,,,,39.911217128867506,39.01715170734136,38.4754828007246,36.85009906525337,,,,,36.85009906525337,,38.56348767554671,"rgba(38, 166, 154, 0.5)",1.8818455815483282,37.8696719670782,1.206436944233141,58.467816821733024,10.066524327790859,False,False,True,False,True,9.904529607193222,0.0,0.0,0.0,0.0,1,1.0054134380639,0.8931111346990765,False,False,False,False,0.33726312395992586,0.3250704805359414,False,False,False,False,85819.0,59278.73216760858,False,False,False,False,2508.2005678946825,False,False,False,False
2025-04-29 14:00:00+00:00,40.75,41.065,40.635,41.055,679.0,,,,,,,,,,,,,,,,,39.95272941581174,39.034523091829044,38.49197148329291,36.864870573178464,,,,,36.864870573178464,,38.586023641028035,"rgba(38, 166, 154, 1.0)",1.890533017455726,37.8795036938808,1.679683071810496,64.02530748486224,9.898038341251493,True,False,True,False,True,13.133662471712494,0.0,0.0,0.0,0.0,0,1.0060615644107107,0.8904701665612482,False,False,False,False,0.34282824651293886,0.33394936352444016,False,False,False,False,86498.0,59700.73632004875,False,False,False,False,2479.840869167633,False,False,False,False
2025-04-29 15:00:00+00:00,41.055,41.21,40.9,40.945,883.0,,,,,,,,,,,,,,,,,40.00694284397327,39.057818582795846,38.51395413500987,36.88439032503579,,,,,36.88439032503579,,38.61577647170369,"rgba(38, 166, 154, 1.0)",1.8862226302350855,37.892532892588534,1.618296302081281,66.64710447026461,12.155873055913183,True,False,True,False,True,12.60058824823846,0.0,0.0,0.0,0.0,0,1.009545406602679,0.8890939774285411,False,False,False,False,0.34282824668208556,0.33838880510326286,False,False,False,False,85615.0,60102.507849970476,False,False,False,False,2455.0836463898404,False,False,False,False
2025-04-29 16:00:00+00:00,40.945,41.28,40.945,41.16,1620.0,,,,,,,,,,,,,,,,,40.102677065767296,39.10148497472282,38.55503401261571,36.92066965864058,,,,,36.92066965864058,,38.6699664279366,"rgba(38, 166, 154, 1.0)",1.8798976467250297,37.91661899948063,1.7252965905721829,69.20860741101045,14.407939105884452,True,False,True,False,True,13.344357790457401,0.0,0.0,0.0,0.0,0,1.0174770814346217,0.884790650297539,False,False,False,False,0.34282824672823664,0.34060852591574975,False,False,False,False,87235.0,60523.16664299419,False,False,False,False,2442.1366131124787,False,False,False,False
2025-04-29 17:00:00+00:00,41.145,41.485,41.07,41.475,727.0,,,,,,,,,,,,,,,,,40.148454719247496,39.12250356795887,38.5745579623601,36.93757135072244,,,,,36.93757135072244,,38.69577190007223,"rgba(38, 166, 154, 1.0)",1.866782251086908,37.92801930417424,1.9000505783470885,71.98757164401404,16.902994037697013,True,False,True,False,True,14.423815976265338,0.0,0.0,0.0,0.0,0,1.016616476661648,0.8877715637771563,False,False,False,False,0.34282824685766333,0.34171838638670654,False,False,False,False,87962.0,60948.57491209506,False,False,False,False,2415.5453477929054,False,False,False,False
2025-04-29 18:00:00+00:00,41.475,41.56,41.405,41.44,898.0,,,,,,,,,,,,,,,,,40.205988382440985,39.14935919173891,38.599371856817285,36.958858336995725,,,,,36.958858336995725,,38.728394441998226,"rgba(38, 166, 154, 1.0)",1.8539758033155123,37.94244961228964,1.8865135032806772,73.44189377664148,18.233565108552128,True,False,True,False,True,14.246659764922104,0.0,0.0,0.0,0.0,0,1.0161473240805747,0.8899389749959496,False,False,False,False,0.3428282470125193,0.3422733166996129,False,False,False,False,87064.0,61353.465223535444,False,False,False,False,2392.017512943403,False,False,False,False
2025-04-29 19:00:00+00:00,41.46,41.7,41.46,41.68,4303.0,,,,,,,,,,,,,,,,,40.44915435271443,39.277496686527364,38.718324742189246,37.06133847570804,,,,,37.06133847570804,,38.87657856428477,"rgba(38, 166, 154, 1.0)",1.8547111987128184,38.0105041298474,1.97847291411151,75.24899311350423,19.989086978917882,True,False,True,False,True,15.077297579112123,0.0,0.0,0.0,0.0,0,1.0142864873640347,0.8891714919638506,False,False,False,False,0.34282824708396503,0.342550781891789,False,False,False,False,91367.0,61818.791344100784,False,False,False,False,2421.6451484016443,False,False,False,False
2025-04-30 14:00:00+00:00,40.77,41.4,40.77,41.285,2302.0,,,,,,,,,,,,,,,,,40.508596510573646,39.328226762302315,38.768640051858306,37.1089569562938,,,,,37.1089569562938,,38.92860507025702,"rgba(38, 166, 154, 0.75)",1.8499557871512804,38.03854911565981,1.7548802554569947,72.13246897662671,19.989086978917882,True,False,True,False,False,13.055408383955026,0.0,0.0,0.0,0.0,0,1.0026477899059765,0.8954933535069705,False,False,False,False,0.3069517581378784,0.3247512700148337,False,False,False,False,89065.0,62241.21318372713,False,False,False,False,2419.7901848605334,False,False,False,False
2025-04-30 15:00:00+00:00,41.36,41.925,41.36,41.92,2214.0,,,,,,,,,,,,,,,,,40.60088941762973,39.38929319611731,38.826481758746326,37.160179802384924,,,,,37.160179802384924,,38.994211043719574,"rgba(38, 166, 154, 0.75)",1.8565643533684166,38.07113675540511,2.073110602178586,72.65966936400045,19.989086978917882,True,False,True,False,False,15.255254355568301,0.0,0.0,0.0,0.0,0,1.0035571844346234,0.8898889727282526,False,False,False,False,0.34282824712904275,0.33378975857193827,False,False,False,False,91279.0,62691.41142894066,False,False,False,False,2416.5996393588193,False,False,False,False
2025-04-30 16:00:00+00:00,41.92,42.01,41.75,41.82,2197.0,,,,,,,,,,,,,,,,,40.688382410306694,39.44997266812735,38.884064613213525,37.21125873947141,,,,,37.21125873947141,,39.05841960777975,"rgba(38, 166, 154, 0.75)",1.8636618584181524,38.103542714609546,1.9941693116716606,72.05246033072429,19.989086978917882,True,False,True,False,False,14.743112575519483,0.0,0.0,0.0,0.0,0,1.01759244176576,0.8859749144811857,False,False,False,False,0.3428282472953978,0.33830900293366806,False,False,False,False,89082.0,63100.56784089507,False,False,False,False,2413.1949937873646,False,False,False,False
2025-04-30 17:00:00+00:00,41.91,42.045,41.73,41.985,1621.0,,,,,,,,,,,,,,,,,40.748447760595305,39.49393452792692,38.9259972080447,37.24871718301934,,,,,37.24871718301934,,39.10427416989657,"rgba(38, 166, 154, 0.75)",1.8975571659895432,38.12713691368397,2.0330681760010223,72.3041143390662,19.989086978917882,True,False,True,False,False,15.313346187105477,0.0,0.0,0.0,0.0,0,1.008801477778985,0.8895468868847113,False,False,False,False,0.34282824730052736,0.34056862511709773,False,False,False,False,90703.0,63528.51252553235,False,False,False,False,2400.912900860429,False,False,False,False
2025-04-30 18:00:00+00:00,41.985,42.42,41.98,42.235,3625.0,,,,,,,,,,,,,,,,,40.89233644395013,39.597963788163575,39.02444291075001,37.33546362639871,,,,,37.33546362639871,,39.21255169231561,"rgba(38, 166, 154, 0.75)",1.9194404965561913,38.18261842128491,2.111230635169867,73.40757370147966,19.989086978917882,True,False,True,False,False,16.174033064466702,0.0,0.0,0.0,0.0,0,1.0125108790252393,0.8863141862489117,False,False,False,False,0.3428282475078853,0.3416984363124915,False,False,False,False,94328.0,64006.02395924502,False,False,False,False,2419.8909954207325,False,False,False,False
2025-04-30 19:00:00+00:00,42.24,42.94,42.14,42.93,11718.0,,,,,,,,,,,,,,,,,41.3211185099799,39.93622840318236,39.346352106944785,37.620751959424105,,,,,37.620751959424105,,39.55611274488278,"rgba(38, 166, 154, 1.0)",1.9594229661715226,38.3653632312623,2.329582151247544,76.12702422842058,21.686771774835904,True,False,True,False,True,18.48580105411689,0.0,0.0,0.0,0.0,0,1.0140586136044123,0.8782307775494752,False,False,False,False,0.34282824772018394,0.34226334201633773,False,False,False,False,106046.0,64657.8065335203,False,False,False,False,2564.0477241738995,False,False,False,False
2025-05-01 14:00:00+00:00,43.41,43.97,43.21,43.93,1402.0,,,,,,,,,,,,,,,,,41.38793853243436,39.985211737864255,39.39190180404556,37.65942423912617,,,,,37.65942423912617,,39.606119078367584,"rgba(38, 166, 154, 1.0)",2.0265458163944827,38.39126923489297,2.7330893386665362,79.68005934624524,25.118377634027254,True,False,True,False,True,20.0,0.0,0.0,0.0,0.0,0,1.0247960498067843,0.869686560755689,False,False,False,False,0.34282824830057357,0.3425457951584556,False,False,False,False,107448.0,65321.22038571379,False,False,False,False,2546.0314803882575,False,False,False,False
2025-05-01 15:00:00+00:00,43.93,43.975,43.15,43.31,2420.0,,,,,,,,,,,,,,,,,41.484474139521275,40.061891717010454,39.464336097153655,37.72258983974331,,,,,37.72258983974331,,39.68332294835717,"rgba(38, 166, 154, 0.75)",2.077244705750285,38.43271472535481,2.3479589386574222,77.27722912578741,25.118377634027254,True,False,True,False,False,18.347124588419558,0.0,0.0,0.0,0.0,0,1.0233030464991981,0.8722608230892569,False,False,False,False,0.3411476037665101,0.34184669946248286,False,False,False,False,105028.0,65936.82937198179,False,False,False,False,2544.0775039481296,False,False,False,False
2025-05-01 16:00:00+00:00,43.31,43.53,43.29,43.35,1690.0,,,,,,,,,,,,,,,,,41.54400751175445,40.11214100227519,39.51233612606355,37.76522964301826,,,,,37.76522964301826,,39.73342857077786,"rgba(38, 166, 154, 0.75)",2.1190696411737284,38.460343960367645,2.30745415092825,75.78389497026514,25.118377634027254,True,False,True,False,False,18.471273807414928,0.0,0.0,0.0,0.0,0,1.0218115397013,0.882024282797894,False,False,False,False,0.3318609659188246,0.3368538326906537,False,False,False,False,106718.0,66569.09558326889,False,False,False,False,2530.835992259011,False,False,False,False
2025-05-01 17:00:00+00:00,43.35,43.555,43.335,43.465,957.0,,,,,,,,,,,,,,,,,41.577170632758104,40.140451343059695,39.53942427769754,37.78935366158201,,,,,37.78935366158201,,39.76159997877434,"rgba(38, 166, 154, 0.75)",2.1712724089514595,38.475974932929375,2.297742580112232,75.12249965302547,25.118377634027254,True,False,True,False,False,18.83236751970858,0.0,0.0,0.0,0.0,0,1.0225851660198364,0.882438551099612,False,False,False,False,0.3339873957251603,0.33542061420790703,False,False,False,False,107675.0,67206.39642693914,False,False,False,False,2506.4354342394913,False,False,False,False
2025-05-01 18:00:00+00:00,43.465,43.68,43.44,43.65,2157.0,,,,,,,,,,,,,,,,,41.653064718187174,40.205127007168144,39.601244781716545,37.844293962067525,,,,,37.844293962067525,,39.82593261728485,"rgba(38, 166, 154, 0.75)",2.2214460674593512,38.5117178594155,2.313034836115157,75.22762241226485,25.118377634027254,True,False,True,False,False,19.415214397152024,0.0,0.0,0.0,0.0,0,1.020358438464454,0.8853754940711465,False,False,False,False,0.34099491000747134,0.3382077621076892,False,False,False,False,109832.0,67867.2584978393,False,False,False,False,2501.0178306078715,False,False,False,False
2025-05-01 19:00:00+00:00,43.65,43.8,43.31,43.31,5093.0,,,,,,,,,,,,,,,,,41.8018709470305,40.34367464631246,39.735926812499855,37.967424891874366,,,,,37.967424891874366,,39.96222432442929,"rgba(38, 166, 154, 0.75)",2.2561722148504173,38.59056461440144,2.0917886296687067,72.41912211652446,26.79041763748259,True,False,True,False,False,17.612939077521958,0.0,0.0,0.0,0.0,0,1.0150555104251289,0.8863796371513675,False,False,False,False,0.34068956841114967,0.3394486652594194,False,False,False,False,104739.0,68438.91340484953,False,False,False,False,2541.2036006759663,False,False,False,False
2025-05-02 14:00:00+00:00,44.36,44.51,44.14,44.185,2382.0,,,,,,,,,,,,,,,,,41.89306994217866,40.420170569398984,39.80863950584098,38.03133540663144,,,,,38.03133540663144,,40.03830385601252,"rgba(38, 166, 154, 0.75)",2.313879037071333,38.63296647024837,2.3994484762603743,73.30141553730036,26.79041763748259,True,False,True,False,False,20.0,0.0,0.0,0.0,0.0,0,1.0180315552216377,0.8734034560480841,False,False,False,False,0.34282824865039985,0.34113845695490963,False,False,False,False,107121.0,69038.63567764255,False,False,False,False,2538.735327797269,False,False,False,False
2025-05-02 15:00:00+00:00,44.185,44.39,44.18,44.35,4135.0,,,,,,,,,,,,,,,,,42.03809548028347,40.54705489672814,39.93025152565276,38.13974865746389,,,,,38.13974865746389,,40.16378764003206,"rgba(38, 166, 154, 0.75)",2.372574756034659,38.70449961162796,2.3794826165172145,74.30650308426969,26.79041763748259,True,False,True,False,False,20.0,0.0,0.0,0.0,0.0,0,1.0177591217307072,0.8764395651705953,False,False,False,False,0.3405240004495512,0.3408312287022304,False,False,False,False,111256.0,69693.16845783414,False,False,False,False,2563.483617288784,False,False,False,False
2025-05-02 16:00:00+00:00,44.35,44.67,44.35,44.625,810.0,,,,,,,,,,,,,,,,,42.06729812668458,40.5724815637111,39.95458093224932,38.16136340103876,,,,,38.16136340103876,,40.188931005920935,"rgba(38, 166, 154, 1.0)",2.4347416534242097,38.71884873972964,2.425781500047029,75.65520026999843,26.79041763748259,True,False,True,False,True,20.0,0.0,0.0,0.0,0.0,0,1.0355403011514617,0.8689105403011513,False,False,False,False,0.34282824873223566,0.34182973871723304,False,False,False,False,112066.0,70350.11158251888,False,False,False,False,2536.2978247726787,False,False,False,False
2025-05-02 17:00:00+00:00,44.61,44.635,44.42,44.56,1926.0,,,,,,,,,,,,,,,,,42.133811254128645,40.631513269753924,40.01129042584171,38.212098038972705,,,,,38.212098038972705,,40.24717824717425,"rgba(38, 166, 154, 1.0)",2.4881476738422847,38.75243601611447,2.334091358378776,75.97066218620417,26.79041763748259,True,False,True,False,True,20.0,0.0,0.0,0.0,0.0,0,1.0396149780225898,0.8617370500194738,False,False,False,False,0.34282824873985657,0.3423289937285448,False,False,False,False,110140.0,70967.00907736355,False,False,False,False,2526.8358429932573,False,False,False,False
2025-05-02 18:00:00+00:00,44.55,44.65,44.4,44.51,2163.0,,,,,,,,,,,,,,,,,42.20382761770399,40.69544696134696,40.07307704897607,38.267959490461166,,,,,38.267959490461166,,40.31007777962205,"rgba(38, 166, 154, 1.0)",2.533971764029902,38.78927088434516,2.257613599670455,75.69652817577948,26.79041763748259,True,False,True,False,True,20.0,0.0,0.0,0.0,0.0,0,1.0334946864741559,0.8627941912869305,False,False,False,False,0.34268636695204374,0.3425076803402943,False,False,False,False,107977.0,71540.80738624163,False,False,False,False,2521.1949772104163,False,False,False,False
2025-05-02 19:00:00+00:00,44.52,44.69,44.42,44.575,7037.0,,,,,,,,,,,,,,,,,42.409295072628886,40.89175402139613,40.2646525671818,38.44420953980357,,,,,38.44420953980357,,40.5024778002526,"rgba(38, 166, 154, 1.0)",2.577571528004971,39.162757338606255,2.099744896539418,75.73742289080431,26.79041763748259,True,False,True,False,True,20.0,0.0,0.0,0.0,0.0,0,1.034830022811996,0.8614588549490904,False,False,False,False,0.34282824875179146,0.34266796454604287,False,False,False,False,115014.0,72214.81037250145,False,False,False,False,2591.2074581838983,False,False,False,False
2025-05-05 14:00:00+00:00,43.895,43.98,43.69,43.98,567.0,,,,,,,,,,,,,,,,,42.419572737334,40.90394313938252,40.27705437320809,38.45645480859715,,,,,38.45645480859715,,40.51425626463044,"rgba(38, 166, 154, 0.5)",2.5822046938771077,39.167841554849176,1.8635851977813194,70.26664440033525,23.719050224419874,False,False,True,False,False,17.959585831729967,0.0,0.0,0.0,0.0,0,1.031852426323953,0.8636716153334809,False,False,False,False,0.3025700273925443,0.32261899596929355,False,False,False,False,114447.0,72869.57300238515,False,False,False,False,2559.8243968167058,False,False,False,False
2025-05-05 15:00:00+00:00,43.98,44.04,43.84,43.965,1483.0,,,,,,,,,,,,,,,,,42.44695280766801,40.936044721112225,40.30967066244922,38.48860389183187,,,,,38.48860389183187,,40.545318020765336,"rgba(38, 166, 154, 0.5)",2.58238371444844,39.18329781509104,1.851662151583181,66.49819732118704,20.33371605169883,False,True,True,False,False,17.877924053260244,0.0,0.0,0.0,0.0,0,1.0329481053450384,0.8630403378153129,False,False,False,False,0.30837928267953957,0.31549913932441653,False,False,False,False,112964.0,73491.19202560397,False,False,False,False,2543.1294449280745,False,False,False,False
2025-05-05 16:00:00+00:00,43.965,43.965,43.7,43.765,1764.0,,,,,,,,,,,,,,,,,42.47538488220386,40.97164474577381,40.3462737862351,38.52540129022311,,,,,38.52540129022311,,40.57967617610897,"rgba(38, 166, 154, 0.5)",2.584729475101664,39.20109895040282,1.765717106397631,62.3304052207619,16.674474672209115,False,True,True,False,False,16.780966203964038,0.0,0.0,0.0,0.0,0,1.0559204686667851,0.8517072016095626,False,False,False,False,0.30243195449817295,0.30896554691129474,False,False,False,False,111200.0,74075.82470737756,False,False,False,False,2531.0499186501197,False,False,False,False
2025-05-05 17:00:00+00:00,43.765,43.825,43.67,43.825,803.0,,,,,,,,,,,,,,,,,42.487593534028356,40.98735434458261,40.362510024996105,38.54186894541249,,,,,38.54186894541249,,40.594831712254894,"rgba(38, 166, 154, 0.5)",2.5938938398192213,39.209371451728856,1.7794207601776133,59.97578055683675,14.707022158017267,False,True,True,False,False,16.99070087906509,0.0,0.0,0.0,0.0,0,1.0437847201481396,0.8551460486231407,False,False,False,False,0.2977440916080784,0.30335481925968655,False,False,False,False,112003.0,74663.8429289686,False,False,False,False,2504.258447043141,False,False,False,False
2025-05-05 18:00:00+00:00,43.825,43.92,43.64,43.76,1766.0,,,,,,,,,,,,,,,,,42.51365183927042,41.02129149853422,40.39768198070369,38.57772439492317,,,,,38.57772439492317,,40.62758742835787,"rgba(38, 166, 154, 0.5)",2.604962822442222,39.22812805039565,1.739706958794752,57.80562224110917,12.812420185644527,False,True,True,False,False,16.62581326891579,0.0,0.0,0.0,0.0,0,1.046899364279717,0.8461676862180639,False,False,False,False,0.29953499868795336,0.3014449089738199,False,False,False,False,110237.0,75215.36474402335,False,False,False,False,2492.8125796471236,False,False,False,False
2025-05-05 19:00:00+00:00,43.705,43.84,43.46,43.48,4652.0,,,,,,,,,,,,,,,,,42.568372263621974,41.101257939186546,40.482191591202366,38.666671870254675,,,,,38.666671870254675,,40.70462341606639,"rgba(38, 166, 154, 0.5)",2.6123397455051243,39.27435539727552,1.6099148703612702,53.92795418607536,9.298603078079793,False,True,True,False,False,15.05565021371305,0.0,0.0,0.0,0.0,0,1.051741772456531,0.8401419890499969,False,False,False,False,0.2923824342739497,0.2969136716238848,False,False,False,False,105585.0,75686.21180225554,False,False,False,False,2526.2883536060826,False,False,False,False
2025-05-06 14:00:00+00:00,43.29,43.84,43.29,43.635,392.0,,,,,,,,,,,,,,,,43.58833333333333,42.57270969841615,41.107756673043625,40.489097926108265,38.67401564837408,,,,,38.67401564837408,,41.28638265585509,#000000,2.623451869524488,39.48837737792635,1.580597940539021,52.747646081463955,8.25436443462955,False,True,False,False,False,15.630347321395028,0.0,0.0,0.0,0.0,0,1.0523449319213314,0.8415128593040845,False,False,False,False,0.2877214796381306,0.2923175756310077,False,False,False,False,105977.0,76155.83642547639,False,False,False,False,2493.198611689709,False,False,False,False
2025-05-06 15:00:00+00:00,43.7,43.84,43.64,43.72,1444.0,,,,,,,,,,,,,,,,43.70237472766885,42.590610456008434,41.132788084658735,40.515453791062576,38.701672345150904,,,,,38.701672345150904,,41.3285798809099,"rgba(38, 166, 154, 0.5)",2.6276569770784386,39.50961256963767,1.6023352618284492,52.722783949845166,8.09880423718917,False,True,True,False,False,15.947152849240588,0.0,0.0,0.0,0.0,0,1.0568181818181819,0.8404203323558161,False,False,False,False,0.29733106910186063,0.2948243223664342,False,False,False,False,107421.0,76640.56764368605,False,False,False,False,2476.931966547233,False,False,False,False
2025-05-06 16:00:00+00:00,43.72,44.02,43.535,43.545,3185.0,,,,,,,,,,,,,,,,43.70086835291775,42.627109187506676,41.1856602197679,40.571512308491585,38.76122076132766,,,,,38.76122076132766,,41.36927416600231,#000000,2.6263250143652974,39.54312143325906,1.5237560259494667,51.01309349426759,6.261395253549772,False,True,False,False,False,14.938901369369574,0.0,0.0,0.0,0.0,0,1.0558916194076875,0.8603024574669186,False,False,False,False,0.29939717047275477,0.29711074641959445,False,False,False,False,104236.0,77068.40380424906,False,False,False,False,2487.9097655154933,False,False,False,False
2025-05-06 17:00:00+00:00,43.53,43.74,43.52,43.59,2828.0,,,,,,,,,,,,,,,,43.670530428504705,42.65519582752057,41.22931694353425,40.61837613372515,38.8120454371601,,,,,38.8120454371601,,41.397092954088954,#000000,2.623063785275038,39.57005119558678,1.5325394780637096,50.347388091334736,5.370588462579342,False,True,False,False,False,15.113106097555082,0.0,0.0,0.0,0.0,0,1.0523876946840007,0.8513322177886472,False,False,False,False,0.29128463405065325,0.2941976902351239,False,False,False,False,107064.0,77533.45180728396,False,False,False,False,2493.1824823292063,False,False,False,False
2025-05-06 18:00:00+00:00,43.59,43.96,43.59,43.77,4218.0,,,,,,,,,,,,,,,,43.70646501477861,42.70060821979362,41.29568094672653,40.689169574808396,38.88831285731295,,,,,38.88831285731295,,41.45604732268402,#000000,2.619901555815016,39.616788543393696,1.5852547769926797,51.75319641084834,5.370588462579342,False,True,False,False,False,15.81378836168464,0.0,0.0,0.0,0.0,0,1.0512157268494573,0.8353595447490947,False,False,False,False,0.2992593533036157,0.2967285217693698,False,False,False,False,111282.0,78056.68511259738,False,False,False,False,2519.9238391923195,False,False,False,False
2025-05-06 19:00:00+00:00,43.75,44.175,43.685,44.03,10154.0,,,,,,,,,,,,,,,,43.82384231132713,42.81307048858716,41.453304790667715,40.856966088264386,39.06941835359998,,,,,39.06941835359998,,41.603320406489274,"rgba(38, 166, 154, 0.5)",2.6180852676084165,39.73400355270634,1.6408924875155009,54.96638317933946,5.370588462579342,False,True,True,False,True,16.817153637127813,0.0,0.0,0.0,0.0,0,1.0516226118817067,0.8427767600104685,False,False,False,False,0.30782515572517094,0.3022768387472704,False,False,False,False,121436.0,78729.23263023153,False,False,False,False,2638.2816091273226,False,False,False,False
2025-05-07 14:00:00+00:00,44.47,44.705,44.14,44.15,1380.0,,,,,,,,,,,,,,,,43.85353586712428,42.83123220873163,41.47623491390922,40.881000165403584,39.09481672612387,,,,,39.09481672612387,,41.627363976258515,"rgba(38, 166, 154, 0.5)",2.6152042932618573,39.751981238232474,1.6817113573494564,58.03999079232628,3.1102037922193873,False,True,True,False,True,17.278005845537763,0.0,0.0,0.0,0.0,0,1.055932091860236,0.8326643416463776,False,False,False,False,0.3353423734747744,0.3188096061110224,False,False,False,False,122816.0,79412.74840340624,False,False,False,False,2618.7733671253486,False,False,False,False
2025-05-07 15:00:00+00:00,44.15,44.82,44.05,44.69,2516.0,,,,,,,,,,,,,,,,43.91774016923843,42.86726918564381,41.51981030172675,40.92631924782703,39.14214008769133,,,,,39.14214008769133,,41.67465579842547,"rgba(38, 166, 154, 0.5)",2.6187424772516112,39.786562844315746,1.8724396149217557,63.29032770473132,7.9602151136436206,False,True,True,False,True,19.30372528414818,0.0,0.0,0.0,0.0,0,1.0568832707880707,0.825136612021858,False,False,False,False,0.33604703050351004,0.3274283183072662,False,False,False,False,125332.0,80124.67478474877,False,False,False,False,2617.1799815885215,False,False,False,False
2025-05-07 16:00:00+00:00,44.69,44.715,44.51,44.665,2056.0,,,,,,,,,,,,,,,,43.96971923472829,42.897480458926935,41.55577514998125,40.96363117637836,39.18098122610377,,,,,39.18098122610377,,41.713517449223716,"rgba(38, 166, 154, 0.5)",2.6181384160822168,39.81512783231363,1.852412438508015,66.45173796318409,10.762480471666905,False,False,True,False,True,19.147637983179806,0.0,0.0,0.0,0.0,0,1.0614117964637604,0.8466054798218382,False,False,False,False,0.3428282487765845,0.33512828354192536,False,False,False,False,123276.0,80793.68757878366,False,False,False,False,2608.4795167576917,False,False,False,False
2025-05-07 17:00:00+00:00,44.665,44.74,44.55,44.7,2547.0,,,,,,,,,,,,,,,,44.02722688802084,42.93419338601017,41.59966249323064,41.009234892150744,39.22863205352645,,,,,39.22863205352645,,41.75978994258777,"rgba(38, 166, 154, 0.5)",2.584078491193402,39.84984172476386,1.8769392229243769,68.75204963250255,12.830478537439333,False,False,True,False,True,19.279389779704307,0.0,0.0,0.0,0.0,0,1.0678058041768377,0.8306211011662598,False,False,False,False,0.3428282487905023,0.33897826616621385,False,False,False,False,125823.0,81491.81645353121,False,False,False,False,2607.526345955247,False,False,False,False
2025-05-07 18:00:00+00:00,44.74,44.74,44.28,44.72,2259.0,,,,,,,,,,,,,,,,44.065090815367356,42.9639919476571,41.63653194126516,41.04785023217962,39.269569480095825,,,,,39.269569480095825,,41.79660688331302,"rgba(38, 166, 154, 1.0)",2.533352560974864,39.87873993879029,1.9110092040828044,70.40520900815372,14.40650411305846,True,False,True,False,True,19.35592649024393,0.0,0.0,0.0,0.0,0,1.0716625716625716,0.8278733278733277,False,False,False,False,0.335253481380888,0.3371158737735509,False,False,False,False,128082.0,82214.14488060823,False,False,False,False,2602.122836715631,False,False,False,False
2025-05-07 19:00:00+00:00,44.72,44.865,44.245,44.81,12521.0,,,,,,,,,,,,,,,,44.22329824175825,43.116847964376596,41.82925987519239,41.25098967530972,39.48801980492866,,,,,39.48801980492866,,41.98168311231312,"rgba(38, 166, 154, 1.0)",2.47853341734595,40.03067401450261,1.9282878947886717,72.06659810000369,16.09233685950673,True,False,True,False,True,19.704688104407996,0.0,0.0,0.0,0.0,0,1.0765605791558532,0.8170331921868598,False,False,False,False,0.33777424639771264,0.3374450600856318,False,False,False,False,140603.0,83119.39844835074,False,False,False,False,2755.9038780068613,False,False,False,False
2025-05-08 14:00:00+00:00,44.755,45.095,44.55,44.59,1368.0,,,,,,,,,,,,,,,,44.238525859861745,43.13291154608047,41.84955928479944,41.272445046436154,39.51127934982175,,,,,39.51127934982175,,42.00094421739991,"rgba(38, 166, 154, 0.5)",2.4111446330407307,40.04685851741719,1.8842260312080024,69.42204298651599,16.09233685950673,False,False,True,False,False,18.246887244054804,0.0,0.0,0.0,0.0,0,1.0768337658789786,0.8160770386559213,False,False,False,False,0.34282824886531815,0.340136654475475,False,False,False,False,139235.0,83989.4077747329,False,False,False,False,2734.3859884253598,False,False,False,False
2025-05-08 15:00:00+00:00,44.59,45.725,44.46,45.61,2692.0,,,,,,,,,,,,,,,,44.29428188054884,43.17351758308101,41.8957187550727,41.32011396144072,39.56094289238242,,,,,39.56094289238242,,42.04891501450514,"rgba(38, 166, 154, 1.0)",2.3583188545698146,40.083977404466914,2.3432041790384184,72.89345182639082,16.795274355068685,True,False,True,False,True,20.0,0.0,0.0,0.0,0.0,0,1.0882873078492723,0.8013875663175077,False,False,False,False,0.34282824876475415,0.3414824516201146,False,False,False,False,141927.0,84887.66501853548,False,False,False,False,2733.72884131799,False,False,False,False
2025-05-08 16:00:00+00:00,45.61,45.89,45.57,45.89,1613.0,,,,,,,,,,,,,,,,44.341217569160825,43.202963605458834,41.926947451859235,41.35181664787774,39.5929587517385,,,,,39.5929587517385,,42.08318080521903,"rgba(38, 166, 154, 1.0)",2.3241471399047815,40.42064467567094,2.3532741238375867,76.00825908435344,19.769519916942855,True,False,True,False,True,20.0,0.0,0.0,0.0,0.0,0,1.0958979283852381,0.8071751955000687,False,False,False,False,0.3428282490268336,0.3421553503234741,False,False,False,False,143540.0,85797.00354537989,False,False,False,False,2716.3532003673236,False,False,False,False
2025-05-08 17:00:00+00:00,45.89,45.89,45.5,45.65,3173.0,,,,,,,,,,,,,,,,44.41938259792197,43.25674736885325,41.9853298639199,41.41146011485718,39.6539512260591,,,,,39.6539512260591,,42.14537423432228,"rgba(38, 166, 154, 1.0)",2.315302719880129,40.463185957049475,2.240231481790451,75.26076338619161,19.769519916942855,True,False,True,False,True,20.0,0.0,0.0,0.0,0.0,0,1.0953789024893412,0.8027093934809516,False,False,False,False,0.3409393034895068,0.3415473269064905,False,False,False,False,140367.0,86643.05000204068,False,False,False,False,2723.432995710466,False,False,False,False
2025-05-08 18:00:00+00:00,45.56,45.67,45.36,45.37,3659.0,,,,,,,,,,,,,,,,44.4854460822343,43.31072916179884,42.046679806901956,41.47489314540263,39.72034876666543,,,,,39.72034876666543,,42.207619392600634,"rgba(38, 166, 154, 0.75)",2.3026386880984075,40.506066165635026,2.1123304578808075,71.83373310863362,19.769519916942855,True,False,True,False,False,19.700971499255207,0.0,0.0,0.0,0.0,0,1.0930473168712929,0.8052834873775694,False,False,False,False,0.3302642138166904,0.3359057703615904,False,False,False,False,136708.0,87419.25077720283,False,False,False,False,2737.9379105056523,False,False,False,False
2025-05-08 19:00:00+00:00,45.37,45.515,45.135,45.16,9596.0,,,,,,,,,,,,,,,,44.59681395245633,43.428686881361536,42.18906928051019,41.624445715200906,39.88176502889591,,,,,39.88176502889591,,42.34415617168497,"rgba(38, 166, 154, 0.5)",2.286939465118553,40.60993316374715,1.9895877899929348,67.57106471566321,23.97267291151286,False,False,True,False,False,18.360698049086878,0.0,0.0,0.0,0.0,0,1.0986364955033363,0.8427618218740932,False,False,False,False,0.31924437841648645,0.32757507438903843,False,False,False,False,127112.0,88034.64223802139,False,False,False,False,2844.2644545288204,False,False,False,False
2025-05-09 14:00:00+00:00,44.765,45.32,44.765,44.945,3266.0,,,,,,,,,,,,,,,,44.61585618129737,43.46043855604398,42.230853454818124,41.66925206055646,39.93203369389272,,,,,39.93203369389272,,42.38168678932173,"rgba(38, 166, 154, 0.5)",2.251081271720658,40.64035569585645,1.9122562824456408,62.856140603057824,19.604671529113844,False,True,True,False,False,17.000437932720086,0.0,0.0,0.0,0.0,0,1.0399207455786308,0.860497541645263,False,False,False,False,0.30299634905719386,0.31528571172311615,False,False,False,False,123846.0,88589.85708704432,False,False,False,False,2850.8029901175205,False,False,False,False
2025-05-09 15:00:00+00:00,44.99,45.24,44.91,45.24,3494.0,,,,,,,,,,,,,,,,44.6400142547841,43.49554829299805,42.276077386586195,41.717566907204976,39.985977184071935,,,,,39.985977184071935,,42.42303680512905,"rgba(38, 166, 154, 0.5)",2.2248098552216735,40.67530258738238,2.051724735893354,61.70138685716208,18.517482468097526,False,True,True,False,False,18.159935695981233,0.0,0.0,0.0,0.0,0,1.0360480640854475,0.8621124462245957,False,False,False,False,0.30485756033293426,0.31007163602802523,False,False,False,False,127340.0,89190.6344965475,False,False,False,False,2860.775036782365,False,False,False,False
2025-05-09 16:00:00+00:00,45.24,45.28,44.945,45.185,2259.0,,,,,,,,,,,,,,,,44.65465713912817,43.517562012097606,42.30463940590005,41.74815224665488,40.0203060973607,,,,,40.0203060973607,,42.44906338022828,"rgba(38, 166, 154, 0.5)",2.1900775460374087,40.6977517440198,2.048899256603564,60.413589456841734,17.129062381694624,False,True,True,False,False,17.806963609118437,0.0,0.0,0.0,0.0,0,1.0669804768886486,0.8548499112585847,False,False,False,False,0.30700766178777295,0.3085396489078991,False,False,False,False,125081.0,89747.07427179483,False,False,False,False,2851.4451912508557,False,False,False,False
2025-05-09 17:00:00+00:00,45.21,45.545,45.14,45.44,1146.0,,,,,,,,,,,,,,,,44.66527248411903,43.530116265811095,42.32011320342609,41.764536733720455,40.038350054643224,,,,,40.038350054643224,,42.463677748343976,"rgba(38, 166, 154, 0.5)",2.1918866939873625,40.71044490083482,2.1577552854985504,61.242642723812054,17.129062381694624,False,True,True,False,False,18.814103761371808,0.0,0.0,0.0,0.0,0,1.0752529182879378,0.8457587548638131,False,False,False,False,0.3202561963977593,0.3143979226528292,False,False,False,False,126227.0,90312.65451564296,False,False,False,False,2825.0041805337883,False,False,False,False
2025-05-09 18:00:00+00:00,45.44,45.69,45.26,45.66,1918.0,,,,,,,,,,,,,,,,44.68624700901896,43.55256053466455,42.34701705689363,41.79284301988172,40.06918537264295,,,,,40.06918537264295,,42.48957059862037,"rgba(38, 166, 154, 0.5)",2.184803374169708,40.73297413722527,2.255134682152872,63.086170483452236,17.129062381694624,False,True,True,False,False,19.671831539513775,0.0,0.0,0.0,0.0,0,1.0890545311887014,0.8309925460965085,False,False,False,False,0.3275028823061977,0.32095040247951345,False,False,False,False,128145.0,90899.2025076485,False,False,False,False,2810.942100215435,False,False,False,False
2025-05-09 19:00:00+00:00,45.675,45.8,45.52,45.73,9434.0,,,,,,,,,,,,,,,,44.791798215100584,43.663677416264065,42.47885147332929,41.93132931993607,40.219891962618256,,,,,40.219891962618256,,42.61710967744965,"rgba(38, 166, 154, 0.5)",2.1756226156586336,40.844758374090006,2.245445322524865,64.71411042852719,17.129062381694624,False,True,True,False,True,19.94471077797252,0.0,0.0,0.0,0.0,0,1.0847430704471448,0.8382177746009054,False,False,False,False,0.3386060993120197,0.32977825089576657,False,False,False,False,137579.0,91622.92029822759,False,False,False,False,2913.625168429149,False,False,False,False
2025-05-12 14:00:00+00:00,47.905,48.37,47.72,47.73,3352.0,,,,,,,,,,,,,,,,44.90591925309109,43.741471776892546,42.55446484260442,42.00637585497236,40.2928305321379,,,,,40.2928305321379,,42.70021245193966,"rgba(38, 166, 154, 1.0)",2.211368100039749,40.9141781639021,3.0821742594439083,71.52795640268626,15.24305826419851,True,False,True,False,True,20.0,0.0,0.0,0.0,0.0,0,1.0736356648731749,0.8362029208301308,False,False,False,False,0.3428282493345666,0.3363032501151666,False,False,False,False,140931.0,92387.38665019305,False,False,False,False,2920.4216774457514,False,False,False,False
2025-05-12 15:00:00+00:00,47.73,47.99,47.73,47.78,2160.0,,,,,,,,,,,,,,,,44.97273965268238,43.78888361996517,42.60114664062853,42.052898297608635,40.3384602608963,,,,,40.3384602608963,,42.750825694356195,"rgba(38, 166, 154, 1.0)",2.237307980587278,40.95634876660135,3.049938270728149,76.14407956430792,19.463178659646616,True,False,True,False,True,20.0,0.0,0.0,0.0,0.0,0,1.0835279464424725,0.8395609528257825,False,False,False,False,0.3334575101970373,0.33488038015610194,False,False,False,False,143091.0,93173.48918274819,False,False,False,False,2908.6321940744992,False,False,False,False
2025-05-12 16:00:00+00:00,47.78,48.53,47.78,48.53,3304.0,,,,,,,,,,,,,,,,45.084316716700364,43.867096207433335,42.676937785030766,42.128029645724176,40.4112947613668,,,,,40.4112947613668,,42.83353502325109,"rgba(38, 166, 154, 1.0)",2.269946534672079,41.02463508828351,3.306406030748531,80.1991043835315,23.126495262783223,True,False,True,False,True,20.0,0.0,0.0,0.0,0.0,0,1.0818818040435458,0.8274494556765163,False,False,False,False,0.3428282493726187,0.33885431476436034,False,False,False,False,146395.0,93998.62888534124,False,False,False,False,2914.761927499701,False,False,False,False
2025-05-12 17:00:00+00:00,48.47,48.785,48.415,48.415,4440.0,,,,,,,,,,,,,,,,45.234118754110746,43.973915733597025,42.78020958250166,42.230305184732686,40.510238396861666,,,,,40.510238396861666,,42.94575753036076,"rgba(38, 166, 154, 1.0)",2.3210664681454185,41.11673573969726,3.1443581476295273,81.91814151265234,24.705839785526237,True,False,True,False,True,20.0,0.0,0.0,0.0,0.0,0,1.0991638665312182,0.8157380636086584,False,False,False,False,0.34282824933717926,0.3408412820507698,False,False,False,False,141955.0,94742.13851502587,False,False,False,False,2938.40902939893,False,False,False,False
2025-05-12 18:00:00+00:00,48.43,48.62,48.29,48.58,3612.0,,,,,,,,,,,,,,,,45.34530629831613,44.056515955922755,42.86098733241268,42.31059726897887,40.588562011557464,,,,,40.588562011557464,,43.032393773437576,"rgba(38, 166, 154, 1.0)",2.3717079944230686,41.1878572923934,3.1168013621359725,83.31413707677504,26.1613245942399,True,False,True,False,True,20.0,0.0,0.0,0.0,0.0,0,1.0881776104181375,0.8253706754530479,False,False,False,False,0.3353102887809676,0.3380757854158687,False,False,False,False,145567.0,95530.12086363012,False,False,False,False,2948.8523002609622,False,False,False,False
2025-05-12 19:00:00+00:00,48.605,49.55,48.54,49.55,20085.0,,,,,,,,,,,,,,,,45.96154098351987,44.53193665015752,43.32376497109156,42.769702294618014,41.03457898418258,,,,,41.03457898418258,,43.52430477671391,"rgba(38, 166, 154, 1.0)",2.4525655587199475,41.58962533487905,3.245733691732854,85.41651252435584,28.37764811290225,True,False,True,False,True,20.0,0.0,0.0,0.0,0.0,0,1.0880950519815524,0.8182599859298054,False,False,False,False,0.3428282492852979,0.3404520173505833,False,False,False,False,165652.0,96617.28178047304,False,False,False,False,3214.529008784048,False,False,False,False
2025-05-13 14:00:00+00:00,54.65,58.645,54.55,58.33,11554.0,,,,,,,,,,,,,,,,46.90294193157736,45.16868327717552,43.88089658209517,43.30054663047732,41.50086032461213,,,,,41.50086032461213,,44.1507857491875,"rgba(38, 166, 154, 1.0)",2.968665990940241,42.07307290987385,5.4761725097195,89.31030859718047,32.23654592039475,True,False,True,False,True,20.0,0.0,0.0,0.0,0.0,0,1.0859800206682744,0.7849121598346539,False,False,False,False,0.34282825101788184,0.34164013418423256,False,False,False,False,177206.0,97866.71927224865,False,False,False,False,3343.823132678869,False,False,False,False
2025-05-13 15:00:00+00:00,58.335,59.41,58.03,59.275,10818.0,,,,,,,,,,,,,,,,47.77760940787598,45.78725238069469,44.42617370080854,43.82099335396923,41.959223033451664,,,,,41.959223033451664,,44.75425037536003,"rgba(38, 166, 154, 1.0)",3.4463258043239264,42.53758650978933,4.85659639875345,91.98378348178174,34.903288933794755,True,False,True,False,True,20.0,0.0,0.0,0.0,0.0,0,1.1286684782608698,0.7792798913043478,False,False,False,False,0.3428282512235921,0.3422341927039123,False,False,False,False,188024.0,99264.50657035332,False,False,False,False,3459.701843800127,False,False,False,False
2025-05-13 16:00:00+00:00,59.39,61.65,59.22,61.53,6204.0,,,,,,,,,,,,,,,,48.30003086599374,46.165198233476026,44.760028116105886,44.139659842851586,42.23955327692587,,,,,42.23955327692587,,45.12089406707062,"rgba(38, 166, 154, 1.0)",3.973850321587082,42.81936895215301,4.708438802087118,93.92377347730809,36.92819131411915,True,False,True,False,True,20.0,0.0,0.0,0.0,0.0,0,1.1390270124983202,0.7568203198494825,False,False,False,False,0.3428282514432525,0.34253122207358244,False,False,False,False,194228.0,100736.80879406875,False,False,False,False,3502.249102035784,False,False,False,False
2025-05-13 17:00:00+00:00,61.545,62.635,60.435,60.52,12090.0,,,,,,,,,,,,,,,,49.235158203238235,46.868149411726776,45.38816203803214,44.74149966826987,42.77372947043433,,,,,42.77372947043433,,45.80133975834027,"rgba(38, 166, 154, 1.0)",4.367779413959496,44.363208914836115,3.6990858635228956,92.54467946453815,36.92819131411915,True,False,True,False,True,20.0,0.0,0.0,0.0,0.0,0,1.1633986928104578,0.7449659998679606,False,False,False,False,0.3428282515689003,0.34267973682124137,False,False,False,False,182138.0,101998.84276625373,False,False,False,False,3635.392526810423,False,False,False,False
2025-05-13 18:00:00+00:00,60.48,60.75,60.24,60.625,8826.0,,,,,,,,,,,,,,,,49.8033976597195,47.31944019908908,45.79935368553769,45.13818008823792,43.13179487091653,,,,,43.13179487091653,,46.238433300700144,"rgba(38, 166, 154, 1.0)",4.71643194080563,44.68260503575149,3.3801812820234045,91.65761309669475,36.92819131411915,True,False,True,False,True,20.0,0.0,0.0,0.0,0.0,0,1.1612372490950973,0.7625534715366897,False,False,False,False,0.31338217246807537,0.32803095464465837,False,False,False,False,190964.0,103378.14752956762,False,False,False,False,3715.867061278478,False,False,False,False
2025-05-13 19:00:00+00:00,60.53,60.91,59.405,59.65,21781.0,,,,,,,,,,,,,,,,50.92751637580402,48.27381799662437,46.69006260849851,46.004749023232556,43.930537132638484,,,,,43.930537132638484,,47.16533662735959,"rgba(38, 166, 154, 0.75)",4.987143740126603,45.377705306739486,2.8618173922731565,88.36229820787482,36.92819131411915,True,False,True,False,False,20.0,0.0,0.0,0.0,0.0,0,1.1468282252316466,0.7658264757338171,False,False,False,False,0.30380663559844606,0.3159187951215522,False,False,False,False,169183.0,104398.37780042703,False,False,False,False,3995.946641723773,False,False,False,False
2025-05-14 14:00:00+00:00,58.36,59.5,58.22,59.25,7368.0,,,,,,,,,,,,,,,,51.2177015107403,48.540114215851595,46.94582316181209,46.25611409890277,44.16811905419555,,,,,44.16811905419555,,47.42557440830046,"rgba(38, 166, 154, 0.75)",5.211561448330911,45.57347561315477,2.6242661671437,85.07547697026472,41.4305711289516,True,False,True,False,False,20.0,0.0,0.0,0.0,0.0,0,1.1256578102939292,0.7916185342061351,False,False,False,False,0.26785672626558216,0.29188776069356714,False,False,False,False,161815.0,105288.55798956768,False,False,False,False,4048.226538751311,False,False,False,False
2025-05-14 15:00:00+00:00,59.355,59.885,59.01,59.185,3066.0,,,,,,,,,,,,,,,,51.337850357914064,48.650853651615996,47.05231821976004,46.360825243013664,44.26720138609692,,,,,44.26720138609692,,47.53380977168014,"rgba(38, 166, 154, 0.75)",5.4143565396765245,45.657069177774865,2.498529737207397,82.69436321233653,39.02850445621503,True,False,True,False,False,20.0,0.0,0.0,0.0,0.0,0,1.1309881675727538,0.7907898944675409,False,False,False,False,0.2840457506916898,0.2879667556926285,False,False,False,False,158749.0,106117.40205174492,False,False,False,False,4032.9982203210584,False,False,False,False
2025-05-14 16:00:00+00:00,59.185,59.51,58.85,59.075,4390.0,,,,,,,,,,,,,,,,51.499389265424895,48.80241934687915,47.19905013428416,46.505441486570184,44.40485222988197,,,,,44.40485222988197,,47.68223049260807,"rgba(38, 166, 154, 0.75)",5.599764950021981,45.771902351844105,2.3756528652338664,80.75292953364718,37.014438630162104,True,False,True,False,False,20.0,0.0,0.0,0.0,0.0,0,1.1297596804329622,0.8096772115198763,False,False,False,False,0.27665706511550303,0.2823119104040658,False,False,False,False,154359.0,106865.33380288066,False,False,False,False,4038.53313163391,False,False,False,False
2025-05-14 17:00:00+00:00,59.075,59.09,58.74,58.79,3062.0,,,,,,,,,,,,,,,,51.604295722405496,48.902860163464894,47.29702456030721,46.60226203167998,44.4976227919369,,,,,44.4976227919369,,47.780813053958894,"rgba(38, 166, 154, 0.75)",5.756859441625249,45.84823261881609,2.248060337830699,78.47968930824518,34.67157748912703,True,False,True,False,False,20.0,0.0,0.0,0.0,0.0,0,1.1288118109728582,0.8118754432338339,False,False,False,False,0.2693663682520172,0.2758391393280415,False,False,False,False,151297.0,107554.19684469646,False,False,False,False,4023.3930830814465,False,False,False,False
2025-05-14 18:00:00+00:00,58.79,58.805,58.15,58.2,2191.0,,,,,,,,,,,,,,,,51.67262639456784,48.970048920525166,47.36321141921494,46.66789609880035,44.56104723739249,,,,,44.56104723739249,,47.84696601410016,"rgba(38, 166, 154, 0.75)",5.879703608390616,45.899085182862834,2.092097771660323,74.95054703718974,31.203116531936686,True,False,True,False,False,20.0,0.0,0.0,0.0,0.0,0,1.1216910819840662,0.8151503469545103,False,False,False,False,0.25739036006592475,0.2666147496969831,False,False,False,False,149106.0,108198.41084710427,False,False,False,False,3994.9838879949125,False,False,False,False
2025-05-14 19:00:00+00:00,58.2,58.295,57.84,58.285,10941.0,,,,,,,,,,,,,,,,51.98248326487479,49.28342838252902,47.67514865511961,46.97837018137085,44.86382505470289,,,,,44.86382505470289,,48.15665110771943,"rgba(38, 166, 154, 0.5)",5.9887738047687,46.1396369887493,2.028021663062256,72.73766684159101,29.000257616981614,False,False,True,False,False,20.0,0.0,0.0,0.0,0.0,0,1.117835619951276,0.8203615848185664,False,False,False,False,0.24623239098047275,0.2564235703387279,False,False,False,False,160047.0,109002.26494249799,False,False,False,False,4102.674060274061,False,False,False,False
2025-05-15 14:00:00+00:00,57.78,58.42,57.57,58.12,4341.0,,,,,,,,,,,,,,,,52.095422118895485,49.40052810915146,47.792794013025414,47.095850407311886,44.9793417497943,,,,,44.9793417497943,,48.272787279635715,"rgba(38, 166, 154, 0.5)",6.083502185981845,47.035294067310396,1.8220928658876758,70.63052290545822,26.85973806305843,False,False,True,False,False,20.0,0.0,0.0,0.0,0.0,0,1.1128816368156034,0.8220409203900821,False,False,False,False,0.24426564810943427,0.2503446092240811,False,False,False,False,155706.0,109726.35385811818,False,False,False,False,4106.369036083765,False,False,False,False
2025-05-15 15:00:00+00:00,58.12,58.45,58.1,58.45,3000.0,,,,,,,,,,,,,,,,52.1748175175256,49.48235758132793,47.87485774530923,47.177753473723776,45.05978392855471,,,,,45.05978392855471,,48.35391404928825,"rgba(38, 166, 154, 0.5)",6.176574848964746,47.10395131576308,1.8369483025270283,69.88365090151017,25.917024257815314,False,False,True,False,False,20.0,0.0,0.0,0.0,0.0,0,1.116822727562265,0.8233008471877187,False,False,False,False,0.25187173630246934,0.25110817276327524,False,False,False,False,158706.0,110485.72821690704,False,False,False,False,4089.2160277723888,False,False,False,False
2025-05-15 16:00:00+00:00,58.41,59.23,58.34,59.23,10313.0,,,,,,,,,,,,,,,,52.45813475546307,49.77089150315962,48.16311270935331,47.46509060809098,45.34124775656474,,,,,45.34124775656474,,48.63969546652634,"rgba(38, 166, 154, 0.5)",6.282477427785126,47.351822295764194,1.8906837057150288,70.8097808302387,25.917024257815314,False,False,True,False,False,20.0,0.0,0.0,0.0,0.0,0,1.1240251093779723,0.8133282607317228,False,False,False,False,0.2658000422497896,0.2584541075065324,False,False,False,False,169019.0,111393.22080269142,False,False,False,False,4185.708802535607,False,False,False,False
2025-05-15 17:00:00+00:00,59.255,59.4,59.06,59.36,4671.0,,,,,,,,,,,,,,,,52.5851209675811,49.900494848772404,48.292750544988856,47.594383998518516,45.4681015784091,,,,,45.4681015784091,,48.768170387653996,"rgba(38, 166, 154, 0.5)",6.39295484276407,47.46143905371107,1.8611989665086461,71.65241559007973,25.917024257815314,False,False,True,False,False,20.0,0.0,0.0,0.0,0.0,0,1.1289380081300815,0.8154852642276421,False,False,False,False,0.2780358687126746,0.2682449881096035,False,False,False,False,173690.0,112359.06234063418,False,False,False,False,4193.232697069939,False,False,False,False
2025-05-15 18:00:00+00:00,59.36,59.45,58.64,59.065,11572.0,,,,,,,,,,,,,,,,52.87045289834351,50.19960022256931,48.59502393461622,47.89696901126656,45.76775008673639,,,,,45.76775008673639,,49.06595923070639,"rgba(38, 166, 154, 0.5)",6.4836698692154195,47.706099653496196,1.7519245389769247,70.7633376847988,25.866773031271137,False,True,True,False,False,20.0,0.0,0.0,0.0,0.0,0,1.1226629610914605,0.815563415866599,False,False,False,False,0.2729393977796508,0.27059219294462716,False,False,False,False,162118.0,113130.5187384538,False,False,False,False,4307.632190138622,False,False,False,False
2025-05-15 19:00:00+00:00,59.065,59.35,58.405,58.59,17492.0,,,,,,,,,,,,,,,,53.240063556519914,50.603642614458586,49.01000736336438,48.31481191102177,46.18769479649001,,,,,46.18769479649001,,49.471244048370934,"rgba(38, 166, 154, 0.5)",6.556577675190748,48.03539877205051,1.6097729258797242,67.93846499698772,22.906253756250052,False,True,True,False,False,20.0,0.0,0.0,0.0,0.0,0,1.1342281879194631,0.8125870583765986,False,False,False,False,0.2683369372510981,0.26946456509786265,False,False,False,False,144626.0,113618.82077351652,False,False,False,False,4512.0409933922865,False,False,False,False
2025-05-16 14:00:00+00:00,59.41,60.68,59.26,60.45,4659.0,,,,,,,,,,,,,,,,53.35292953834254,50.721621176437225,49.12937056441426,48.43439576947392,46.30650539542139,,,,,46.30650539542139,,49.58896448881787,"rgba(38, 166, 154, 0.5)",6.66760568274245,48.138743825791806,1.8464283522453984,69.82050134623812,22.906253756250052,False,True,True,False,False,20.0,0.0,0.0,0.0,0.0,0,1.133817234319747,0.7837955208139463,False,False,False,False,0.2985662610387056,0.28401541306828415,False,False,False,False,149285.0,114171.78479253176,False,False,False,False,4514.319427603259,False,False,False,False
2025-05-16 15:00:00+00:00,60.485,61.08,60.13,60.215,2626.0,,,,,,,,,,,,,,,,53.41808706921781,50.78923139329434,49.19760080809841,48.50269435810148,46.374232942875445,,,,,46.374232942875445,,49.656369314317494,"rgba(38, 166, 154, 0.5)",6.761178698081144,49.081733140845984,1.6466458521964071,70.07354813029914,22.906253756250052,False,True,True,False,True,20.0,0.0,0.0,0.0,0.0,0,1.146853146853147,0.7806176124760196,False,False,False,False,0.31637998809475615,0.3001977005815202,False,False,False,False,146659.0,114675.4625476863,False,False,False,False,4485.043157407859,False,False,False,False
2025-05-16 16:00:00+00:00,60.215,60.91,60.215,60.76,4160.0,,,,,,,,,,,,,,,,53.52109200217953,50.89610443256115,49.30547142125828,48.61068387257453,46.481361128424716,,,,,46.481361128424716,,49.76294257139964,"rgba(38, 166, 154, 0.5)",6.860232182922267,49.17769564898224,1.6883254155523382,71.18649619187548,22.906253756250052,False,True,True,False,True,20.0,0.0,0.0,0.0,0.0,0,1.1389903995044905,0.7892846082378444,False,False,False,False,0.3151817579599701,0.3076897292707451,False,False,False,False,150819.0,115235.82746942759,False,False,False,False,4480.003728610838,False,False,False,False
2025-05-16 17:00:00+00:00,60.76,60.99,60.57,60.69,4461.0,,,,,,,,,,,,,,,,53.63016487574003,51.00956112480481,49.420126432419174,48.72552094643121,46.595438432835834,,,,,46.595438432835834,,49.87616236244621,"rgba(38, 166, 154, 0.5)",6.941074892093907,49.27823046620544,1.6440925521193992,71.59267604720189,22.906253756250052,False,True,True,False,True,20.0,0.0,0.0,0.0,0.0,0,1.140233308513279,0.7918838421444527,False,False,False,False,0.3213231972570335,0.3145064632638893,False,False,False,False,146358.0,115718.34177222716,False,False,False,False,4479.709097159507,False,False,False,False
2025-05-16 18:00:00+00:00,60.67,60.76,60.4,60.63,5988.0,,,,,,,,,,,,,,,,53.768457944493264,51.15547564642519,49.5684297238325,48.8743713861132,46.74409925988185,,,,,46.74409925988185,,50.0221667921492,"rgba(38, 166, 154, 0.5)",7.019343605897664,49.40137382521134,1.5996689726592606,71.54828289304608,22.906253756250052,False,True,True,False,True,20.0,0.0,0.0,0.0,0.0,0,1.1344349878859419,0.7970429272535255,False,False,False,False,0.315675040548749,0.3150907519063192,False,False,False,False,140370.0,116100.53802382053,False,False,False,False,4503.093452242305,False,False,False,False
2025-05-16 19:00:00+00:00,60.62,60.69,60.01,60.31,14844.0,,,,,,,,,,,,,,,,54.07652075322261,51.48928234997318,49.91135661151589,49.21991629095588,47.092691661138076,,,,,47.092691661138076,,50.357953533361126,"rgba(38, 166, 154, 0.5)",7.079698047335082,49.67669444993585,1.5019433708852465,69.78791774027246,22.906253756250052,False,True,True,False,True,20.0,0.0,0.0,0.0,0.0,0,1.1247757500773277,0.8016084132384782,False,False,False,False,0.30920365351132506,0.3121472027088221,False,False,False,False,125526.0,116246.66921724967,False,False,False,False,4663.417584765681,False,False,False,False
2025-05-19 14:00:00+00:00,59.07,60.05,59.055,59.71,3940.0,,,,,,,,,,,,,,,,54.14449902058387,51.56685296821819,49.99260853671337,49.30235419604842,47.17728825324155,,,,,47.17728825324155,,50.43672059496108,"rgba(38, 166, 154, 0.5)",7.121657378083385,49.73652716211589,1.4004426650146176,65.67871283347934,19.42710473458476,False,True,True,False,False,20.0,0.0,0.0,0.0,0.0,0,1.1106823471762832,0.8075462452529706,False,False,False,False,0.28695421626622347,0.2995507094875228,False,False,False,False,121586.0,116329.44953946285,False,False,False,False,4652.201808257685,False,False,False,False
2025-05-19 15:00:00+00:00,59.71,60.01,59.56,59.76,4621.0,,,,,,,,,,,,,,,,54.2245674614162,51.65786566163993,50.087856742584975,49.39897209230527,47.27641116856129,,,,,47.27641116856129,,50.52913462530153,"rgba(38, 166, 154, 0.5)",7.160090742542312,49.809566187225684,1.3897077803292257,63.113740946694065,17.060318342948435,False,True,True,False,False,20.0,0.0,0.0,0.0,0.0,0,1.1208588957055217,0.8055214723926383,False,False,False,False,0.2934113230817983,0.29648101628466056,False,False,False,False,126207.0,116482.58985668048,False,False,False,False,4651.718059292449,False,False,False,False
2025-05-19 16:00:00+00:00,59.81,59.91,59.65,59.88,3178.0,,,,,,,,,,,,,,,,54.27867953576986,51.71957301626605,50.15253654002436,49.464622319770285,47.34387800632297,,,,,47.34387800632297,,50.59185788363071,"rgba(38, 166, 154, 0.5)",7.202720055520474,49.859852742750775,1.3911615584128327,61.85414200133813,15.89565491317326,False,True,True,False,False,20.0,0.0,0.0,0.0,0.0,0,1.1174168297455969,0.8044275929549901,False,False,False,False,0.2932722117657318,0.29487661402519616,False,False,False,False,129385.0,116682.62722324357,False,False,False,False,4628.869717287915,False,False,False,False
2025-05-19 17:00:00+00:00,59.88,60.28,59.845,60.07,3530.0,,,,,,,,,,,,,,,,54.340247640348295,51.78912710779939,50.22522471272129,49.53833045087778,47.41946679470844,,,,,47.41946679470844,,50.662479341291046,"rgba(38, 166, 154, 0.5)",7.254344426828774,49.91827366956361,1.3993995505496286,61.74878853285126,15.699935005033353,False,True,True,False,False,20.0,0.0,0.0,0.0,0.0,0,1.1191678325932235,0.8009611290224464,False,False,False,False,0.30114950553089165,0.29801305977804393,False,False,False,False,132915.0,116934.29191745685,False,False,False,False,4611.832977485002,False,False,False,False
2025-05-19 18:00:00+00:00,60.13,60.29,59.99,60.29,7038.0,,,,,,,,,,,,,,,,54.461767838660045,51.92644141445106,50.368813545499165,49.68397923802604,47.56898729028556,,,,,47.56898729028556,,50.80199786538437,"rgba(38, 166, 154, 0.5)",7.295038016189927,50.035466611732296,1.4056860794295722,62.52370526112582,15.699935005033353,False,True,True,False,False,20.0,0.0,0.0,0.0,0.0,0,1.120492151039457,0.8015637311352201,False,False,False,False,0.303316852407801,0.30066495609292243,False,False,False,False,139953.0,117291.17111253503,False,False,False,False,4649.447970082133,False,False,False,False
2025-05-19 19:00:00+00:00,60.305,60.38,60.04,60.265,20023.0,,,,,,,,,,,,,,,,54.783556653911866,52.29534110285311,50.75708912385321,50.078813270248546,47.97707387622934,,,,,47.97707387622934,,51.17837480541921,"rgba(38, 166, 154, 0.5)",7.3285404486914505,50.35476933703354,1.3522789063320222,62.86182884057271,15.699935005033353,False,True,True,False,False,20.0,0.0,0.0,0.0,0.0,0,1.1206011951469788,0.8012917245125852,False,False,False,False,0.3052768352066096,0.302970895649766,False,False,False,False,119930.0,117332.08318830967,False,False,False,False,4887.797613956828,False,False,False,False
2025-05-20 14:00:00+00:00,60.895,61.89,60.895,61.835,4292.0,,,,,,,,,,,,,,,,54.86341833488933,52.382565027255126,50.84735014113772,50.17007376322303,48.07014916670665,,,,,48.07014916670665,,51.266711286642376,"rgba(38, 166, 154, 0.5)",7.385192808574355,50.43550551295488,1.5435608497330062,67.5992393138928,13.796877573054651,False,True,True,False,True,20.0,0.0,0.0,0.0,0.0,0,1.1209448259531138,0.7919725313757991,False,False,False,False,0.3387464574129311,0.32085867653134853,False,False,False,False,124222.0,117438.90360399478,False,False,False,False,4878.56044164742,False,False,False,False
2025-05-20 15:00:00+00:00,61.835,62.14,61.44,61.6,4789.0,,,,,,,,,,,,,,,,54.95275809096675,52.47991127677903,50.948023240011324,50.27184537765266,48.173924302504375,,,,,48.173924302504375,,51.365292457582825,"rgba(38, 166, 154, 0.5)",7.431418882259439,50.52597738608596,1.4901626175790414,69.2459589020009,15.305022423026045,False,True,True,False,True,20.0,0.0,0.0,0.0,0.0,0,1.1263503992484734,0.7907468294974165,False,False,False,False,0.3428282515751768,0.3318434640532627,False,False,False,False,119433.0,117469.81982718866,False,False,False,False,4877.171907668389,False,False,False,False
2025-05-20 16:00:00+00:00,61.64,61.775,61.34,61.775,3524.0,,,,,,,,,,,,,,,,55.01611048738549,52.54952284267247,51.02026815673195,50.34497451591196,48.24874834120457,,,,,48.24874834120457,,51.435924868781285,"rgba(38, 166, 154, 0.5)",7.467812629442906,50.59033782498169,1.4977159618227698,70.77375630754506,16.748989714767305,False,True,True,False,True,20.0,0.0,0.0,0.0,0.0,0,1.132379142415964,0.7926713386387932,False,False,False,False,0.33623901027399344,0.3340412371636281,False,False,False,False,122957.0,117554.89238800744,False,False,False,False,4856.192498247175,False,False,False,False
2025-05-20 17:00:00+00:00,61.795,61.94,61.14,61.155,4044.0,,,,,,,,,,,,,,,,55.08499419835158,52.62622278793638,51.10029713353458,50.426141377648904,48.332210126578325,,,,,48.332210126578325,,51.51397312480996,"rgba(38, 166, 154, 0.5)",7.497779145661441,50.660670728139564,1.3996583612272626,67.91128649291744,16.748989714767305,False,True,True,False,False,20.0,0.0,0.0,0.0,0.0,0,1.133002011596261,0.7879540882735769,False,False,False,False,0.3357441893154905,0.33489271323955927,False,False,False,False,118913.0,117575.94831997632,False,False,False,False,4843.600366491404,False,False,False,False
2025-05-20 18:00:00+00:00,61.155,61.365,60.635,60.715,5554.0,,,,,,,,,,,,,,,,55.16983001418992,52.72347184915717,51.202917358429666,50.53064152540193,48.44075174751805,,,,,48.44075174751805,,51.613522498939346,"rgba(38, 166, 154, 0.5)",7.515987049837952,50.74830685163766,1.326065769176283,63.68493381827161,18.25759715973966,False,True,True,False,False,20.0,0.0,0.0,0.0,0.0,0,1.1262495589791839,0.7932494413736328,False,False,False,False,0.320551770229287,0.3277222417344231,False,False,False,False,113359.0,117510.56927625576,False,False,False,False,4854.614314297739,False,False,False,False
2025-05-20 19:00:00+00:00,60.63,60.92,60.42,60.88,16685.0,,,,,,,,,,,,,,,,55.40351533080049,52.99672443028019,51.493647011392206,50.8276042186031,48.75166822216096,,,,,48.75166822216096,,51.89463184264739,"rgba(38, 166, 154, 0.5)",7.5341028668984515,50.99457879956032,1.3120900225389662,61.53965270324662,16.380090683745493,False,True,True,False,False,20.0,0.0,0.0,0.0,0.0,0,1.1244506943223767,0.7982656588738503,False,False,False,False,0.3112959652518771,0.3195091034931501,False,False,False,False,130044.0,117704.88603166265,False,False,False,False,5038.031146634208,False,False,False,False
2025-05-21 14:00:00+00:00,62.105,63.57,62.08,63.56,6399.0,,,,,,,,,,,,,,,,55.52491376437536,53.12670964964287,51.627424631245276,50.96266765744223,48.889152567805844,,,,,48.889152567805844,,52.02617365410232,"rgba(38, 166, 154, 0.5)",7.591582089500189,51.11905950599977,1.6387810007622945,66.54374498858995,11.225139529796955,False,True,True,False,True,20.0,0.0,0.0,0.0,0.0,0,1.125968109339408,0.7870728929384966,False,False,False,False,0.3428282516460627,0.3311686775696064,False,False,False,False,136443.0,117995.39942652058,False,False,False,False,5059.1314389344525,False,False,False,False
2025-05-21 15:00:00+00:00,63.555,63.69,63.105,63.16,4213.0,,,,,,,,,,,,,,,,55.60532559102075,53.21256589756459,51.71570163002633,51.051766846960966,48.979797801993534,,,,,48.979797801993534,,52.11303155351324,"rgba(38, 166, 154, 0.5)",7.631879585594064,52.11527065332816,1.447183386844817,68.08155284315248,12.515883631146714,False,True,True,False,True,20.0,0.0,0.0,0.0,0.0,0,1.13633773928897,0.7918185961713766,False,False,False,False,0.34282825152699514,0.33699846454830074,False,False,False,False,132230.0,118216.09090827995,False,False,False,False,5046.013122051748,False,False,False,False
2025-05-21 16:00:00+00:00,63.11,63.345,62.65,62.65,4135.0,,,,,,,,,,,,,,,,55.67827353272527,53.29185665811257,51.79784506740726,51.13490679538496,49.06498827012937,,,,,49.06498827012937,,52.193574064751886,"rgba(38, 166, 154, 0.5)",7.655837045932487,52.17645289959546,1.368047287000327,66.9292686194556,12.515883631146714,False,True,True,False,True,20.0,0.0,0.0,0.0,0.0,0,1.1256695271554455,0.7996314001036686,False,False,False,False,0.331300115634072,0.3341492900911864,False,False,False,False,128095.0,118369.25228954692,False,False,False,False,5031.888887601333,False,False,False,False
2025-05-21 17:00:00+00:00,62.65,62.65,61.515,61.84,4530.0,,,,,,,,,,,,,,,,55.746969144299705,53.36940699370248,51.87942363161559,51.217934013048975,49.15125780395495,,,,,49.15125780395495,,52.27299831732434,"rgba(38, 166, 154, 0.5)",7.649771307304058,52.226104772598866,1.256755900430869,63.125519634630805,12.515883631146714,False,True,True,False,False,20.0,0.0,0.0,0.0,0.0,0,1.1104511707595661,0.8089663049685895,False,False,False,False,0.3051020429609631,0.3196256665260747,False,False,False,False,123565.0,118449.80651761596,False,False,False,False,5024.107664537747,False,False,False,False
2025-05-21 18:00:00+00:00,61.89,61.945,61.33,61.33,4334.0,,,,,,,,,,,,,,,,55.80650926774235,53.43837847345383,51.952718376259256,51.29280339144059,49.22976604543055,,,,,49.22976604543055,,52.34403511086532,"rgba(38, 166, 154, 0.5)",7.628585957548755,52.27194569336317,1.1873831345733952,58.910140874509146,15.024505317466051,False,True,True,False,False,20.0,0.0,0.0,0.0,0.0,0,1.1035799794778247,0.8225401892600616,False,False,False,False,0.2925285766269839,0.30607712157652933,False,False,False,False,119231.0,118461.91804447462,False,False,False,False,5013.4083209015025,False,False,False,False
2025-05-21 19:00:00+00:00,61.34,61.42,60.815,60.815,13511.0,,,,,,,,,,,,,,,,55.96839919830555,53.6328086794261,52.162251695023535,51.50791803386058,49.45820077420195,,,,,49.45820077420195,,52.545915676163546,"rgba(38, 166, 154, 0.5)",7.589931003021633,52.4105656281522,1.107313672351159,54.527188919749165,11.033540330182753,False,True,True,False,False,20.0,0.0,0.0,0.0,0.0,0,1.1014079689904805,0.8264834976913868,False,False,False,False,0.2779487964544271,0.2920129590154782,False,False,False,False,105720.0,118264.36892750602,False,False,False,False,5145.153928329386,False,False,False,False
2025-05-22 14:00:00+00:00,61.33,61.715,60.9,60.94,2122.0,,,,,,,,,,,,,,,,55.993732992944295,53.66311805698716,52.19489231895276,51.54142438265059,49.49378683960893,,,,,49.49378683960893,,52.57739091822875,#000000,7.5467853355517684,52.435235093280916,1.126938759825911,52.05515780720883,8.79932993166419,False,True,False,False,False,20.0,0.0,0.0,0.0,0.0,0,1.1002209506543539,0.8210866239873096,False,False,False,False,0.28326237370425456,0.2876376663598664,False,False,False,False,107842.0,118102.78181235088,False,False,False,False,5098.283324789395,False,False,False,False
2025-05-22 15:00:00+00:00,60.895,61.28,60.895,61.225,4811.0,,,,,,,,,,,,,,,,56.04970570503273,53.730476703214315,52.267607299651054,51.61613490741326,49.573320100954305,,,,,49.573320100954305,,52.64744894325313,#000000,7.49870886784405,52.490511335201674,1.1647990099006973,51.46497790163388,8.150606388642458,False,True,False,False,False,20.0,0.0,0.0,0.0,0.0,0,1.1003852254702018,0.8260253795603899,False,False,False,False,0.2750649720306455,0.2813513191952559,False,False,False,False,112653.0,118018.28907107412,False,False,False,False,5093.829319753901,False,False,False,False
2025-05-22 16:00:00+00:00,61.255,61.265,60.63,60.71,2549.0,,,,,,,,,,,,,,,,56.07735003934932,53.76441520440565,52.30451898177925,51.654159765911785,49.61406418021691,,,,,49.61406418021691,,52.68290163433259,#000000,7.431299779608725,52.517671729404185,1.1024085306147022,49.24922270817959,5.851533647087308,False,True,False,False,False,20.0,0.0,0.0,0.0,0.0,0,1.0961527369210362,0.831574090096326,False,False,False,False,0.2710418269228497,0.2761965730590528,False,False,False,False,110104.0,117895.58691493343,False,False,False,False,5054.37460161818,False,False,False,False
2025-05-22 17:00:00+00:00,60.82,61.17,60.65,61.155,3142.0,,,,,,,,,,,,,,,,56.11185820633676,53.806526290347605,52.35023315412788,51.70122447719151,49.66443025131076,,,,,49.66443025131076,,52.72685447586291,#000000,7.3643204551244255,52.552446755984434,1.1681394497206492,49.53021470103568,5.8432091708881515,False,True,False,False,False,20.0,0.0,0.0,0.0,0.0,0,1.1036476096884213,0.8262905370252613,False,False,False,False,0.26996565659515703,0.27308111482710495,False,False,False,False,113246.0,117823.50029609725,False,False,False,False,5024.725382988441,False,False,False,False
2025-05-22 18:00:00+00:00,61.115,61.4,61.115,61.26,3732.0,,,,,,,,,,,,,,,,56.15442754080921,53.85774457170676,52.40556665257464,51.75810114400348,49.725072442948246,,,,,49.725072442948246,,52.78018247040846,#000000,7.292140751434861,52.596644315093116,1.1880401078657472,50.12919241673542,5.8432091708881515,False,True,False,False,False,20.0,0.0,0.0,0.0,0.0,0,1.1127967573827449,0.8165026056745802,False,False,False,False,0.2799619380092566,0.2765215264181808,False,False,False,False,116978.0,117810.39176437481,False,False,False,False,5004.6831289886195,False,False,False,False
2025-05-22 19:00:00+00:00,61.26,61.33,60.695,60.695,10041.0,,,,,,,,,,,,,,,,56.25788491975735,53.985730891683275,52.54530492879085,51.902278528793666,49.88024508266017,,,,,49.88024508266017,,52.91428887033705,"rgba(239, 83, 80, 1.0)",7.201544609092898,52.70416391365161,1.1096003038374442,48.299570643729496,3.9385522362172907,False,True,False,True,False,20.0,0.0,0.0,0.0,0.0,0,1.1045774241900153,0.8189784388331605,False,False,False,False,0.2729086432355083,0.27471508482684454,False,False,False,False,106937.0,117641.81204709769,False,False,False,False,5082.7655610973225,False,False,False,False
2025-05-23 14:00:00+00:00,60.2,60.7,60.125,60.4,1616.0,,,,,,,,,,,,,,,60.408333333333324,56.27237609522617,54.00444413392712,52.56605153621382,51.92379824700107,49.90370661825445,,,,,49.90370661825445,,54.179784993992655,"rgba(239, 83, 80, 1.0)",7.100391183234426,53.434630770713945,0.9809838711045684,46.02207782770189,1.4736633069280103,False,True,False,True,False,19.977528301228766,0.0,0.0,0.0,0.0,0,1.0984887663046603,0.8264092397862437,False,False,False,False,0.25574505797228614,0.26523007139956534,False,False,False,False,105321.0,117450.79170528222,False,False,False,False,5029.017257824496,False,False,False,False
2025-05-23 15:00:00+00:00,60.4,60.765,60.35,60.62,1264.0,,,,,,,,,,,,,,,60.48294444444445,56.28410343757677,54.01939194042989,52.58255305102817,51.94089049978361,49.922280769980866,,,,,49.922280769980866,,54.20536069054063,"rgba(239, 83, 80, 1.0)",6.996735725380015,53.449822505343604,1.0247889553191547,45.60186746548612,0.7574770492772984,False,True,False,True,False,20.0,0.0,0.0,0.0,0.0,0,1.1049758676166401,0.8231441048034935,False,False,False,False,0.25641189911249185,0.2608209852560286,False,False,False,False,106585.0,117282.32981837861,False,False,False,False,4970.6448972380695,False,False,False,False
2025-05-23 16:00:00+00:00,60.605,60.99,60.42,60.925,1871.0,,,,,,,,,,,,,,,60.59927208307023,56.302148757699776,54.0420645343469,52.607462416315265,51.96665022039152,49.95017008194473,,,,,49.95017008194473,,54.244628015628074,"rgba(239, 83, 80, 1.0)",6.893144072061483,53.473558090378425,1.080993205962852,46.80759286176991,0.7574770492772984,False,True,False,True,False,20.0,0.0,0.0,0.0,0.0,0,1.1067324434126524,0.8287289611143355,False,False,False,False,0.2607143621770539,0.26076767371654125,False,False,False,False,108456.0,117145.48749561305,False,False,False,False,4922.588387203371,False,False,False,False
2025-05-23 17:00:00+00:00,60.95,61.33,60.935,61.32,3044.0,,,,,,,,,,,,,,,60.83190784691041,56.33390392256779,54.0808897592585,52.6497165970525,52.01020690036573,49.99697356906502,,,,,49.99697356906502,,54.317266432536655,#000000,6.7872856314760615,53.51745812931896,1.149582070702421,49.39219658476006,0.7574770492772984,False,True,False,False,True,20.0,0.0,0.0,0.0,0.0,0,1.1113755078351715,0.8252466627974464,False,False,False,False,0.2734987745327317,0.26713322412463647,False,False,False,False,111500.0,117057.96055769657,False,False,False,False,4893.462985851381,False,False,False,False
2025-05-23 18:00:00+00:00,61.32,61.48,60.97,61.18,4200.0,,,,,,,,,,,,,,,60.964295261914685,56.3771809612563,54.1338840708732,52.70744045631252,52.06973120515808,50.06100096527723,,,,,50.06100096527723,,54.385588820132,#000000,6.683228023928105,53.56831938106869,1.1389227767897556,50.3830588228276,0.7574770492772984,False,True,False,False,True,20.0,0.0,0.0,0.0,0.0,1,1.1084134893962219,0.826573183451153,False,False,False,False,0.27627637555790613,0.27170479984127127,False,False,False,False,107300.0,116906.67434749972,False,False,False,False,4882.711621729653,False,False,False,False
2025-05-23 19:00:00+00:00,61.22,61.635,61.19,61.4,6560.0,,,,,,,,,,,,,,,61.12128204437259,56.445971429325745,54.21737423069947,52.798125444862485,52.163161092911515,50.16130887571308,,,,,50.16130887571308,,54.48453718631415,"rgba(38, 166, 154, 0.5)",6.571675330434909,53.64734129321395,1.1797081135280287,52.09866140590445,-2.3877995947401445,False,True,True,False,True,20.0,0.0,0.0,0.0,0.0,1,1.111612567262628,0.8245674940693167,False,False,False,False,0.28191947786610083,0.27681213885368605,False,False,False,False,113860.0,116859.43908629817,False,False,False,False,4908.716092710589,False,False,False,False
2025-05-26 14:00:00+00:00,61.4,61.4,61.4,61.4,0.0,,,,,,,,,,,,,,,61.12128204437259,56.445971429325745,54.21737423069947,52.798125444862485,52.163161092911515,50.16130887571308,,,,,50.16130887571308,,54.48453718631415,"rgba(38, 166, 154, 0.5)",6.45125424497682,53.64734129321395,1.2017289060995466,53.24239646128902,-1.1038171820469032,False,True,True,False,True,20.0,0.0,0.0,0.0,0.0,0,1.1137405022910505,0.8270981961603157,False,False,False,False,0.2815427299802934,0.2791774344169897,False,False,False,False,113860.0,116812.93615472765,False,False,False,False,4832.611967242207,False,False,False,False
2025-05-26 15:00:00+00:00,61.4,61.4,61.4,61.4,0.0,,,,,,,,,,,,,,,61.12128204437259,56.445971429325745,54.21737423069947,52.798125444862485,52.163161092911515,50.16130887571308,,,,,50.16130887571308,,54.48453718631415,"rgba(38, 166, 154, 0.5)",6.321116342847828,53.64734129321395,1.2264698648614454,54.00488649821206,-0.15396929440517937,False,True,True,False,True,20.0,0.0,0.0,0.0,0.0,0,1.1156553609866775,0.82558613066496,False,False,False,False,0.2815427299802934,0.28036008219864156,False,False,False,False,113860.0,116767.15419884039,False,False,False,False,4757.687750695816,False,False,False,False
2025-05-26 16:00:00+00:00,61.4,61.4,61.4,61.4,0.0,,,,,,,,,,,,,,,61.12128204437259,56.445971429325745,54.21737423069947,52.798125444862485,52.163161092911515,50.16130887571308,,,,,50.16130887571308,,54.48453718631415,"rgba(38, 166, 154, 0.5)",6.182559142422142,53.64734129321395,1.2539562547150644,54.513213189494095,0.5897879839132969,False,True,True,False,True,20.0,0.0,0.0,0.0,0.0,0,1.1167720777699695,0.8276528460997892,False,False,False,False,0.2815427299802934,0.28095140608946745,False,False,False,False,113860.0,116722.08204071883,False,False,False,False,4683.9251499098345,False,False,False,False
2025-05-26 17:00:00+00:00,61.4,61.4,61.4,61.4,0.0,,,,,,,,,,,,,,,61.12128204437259,56.445971429325745,54.21737423069947,52.798125444862485,52.163161092911515,50.16130887571308,,,,,50.16130887571308,,54.48453718631415,"rgba(38, 166, 154, 0.5)",6.026396135201902,53.64734129321395,1.2864502320882218,54.85209765034878,1.2023965826090688,False,True,True,False,True,20.0,0.0,0.0,0.0,0.0,0,1.1174638617933952,0.8235397814079208,False,False,False,False,0.2815427299802934,0.2812470680348804,False,False,False,False,113860.0,116677.70867574643,False,False,False,False,4611.306155337589,False,False,False,False
2025-05-26 18:00:00+00:00,61.4,61.4,61.4,61.4,0.0,,,,,,,,,,,,,,,61.12128204437259,56.445971429325745,54.21737423069947,52.798125444862485,52.163161092911515,50.16130887571308,,,,,50.16130887571308,,54.48453718631415,"rgba(38, 166, 154, 0.5)",5.886548131197004,53.64734129321395,1.3170127099953877,55.078020624251906,1.726898750049763,False,True,True,False,True,20.0,0.0,0.0,0.0,0.0,0,1.1163694155041497,0.8228265348166461,False,False,False,False,0.2815427299802934,0.2813948990075869,False,False,False,False,113860.0,116634.02326992089,False,False,False,False,4539.813036650185,False,False,False,False
2025-05-26 19:00:00+00:00,61.4,61.4,61.4,61.4,0.0,,,,,,,,,,,,,,,61.12128204437259,56.445971429325745,54.21737423069947,52.798125444862485,52.163161092911515,50.16130887571308,,,,,50.16130887571308,,54.48453718631415,"rgba(38, 166, 154, 0.5)",5.743361896474214,53.64734129321395,1.3498468051517563,55.22863594018732,2.1875880932237664,False,True,True,False,True,20.0,0.0,0.0,0.0,0.0,0,1.119431279620853,0.8241113744075828,False,False,False,False,0.2815427299802934,0.2814688144939401,False,False,False,False,113860.0,116591.01515720892,False,False,False,False,4469.428338407546,False,False,False,False
2025-05-27 14:00:00+00:00,63.11,63.425,62.7,62.7,4891.0,,,,,,,,,,,,,,,61.50102704085985,56.511521833322334,54.291395870196254,52.87634101845766,52.24296585743201,50.24498957595654,,,,,50.24498957595654,,54.61137353270411,"rgba(38, 166, 154, 1.0)",5.594624440534737,54.54786235218455,1.4571376031518328,62.331951998797926,8.900661837284552,True,False,True,False,True,20.0,0.0,0.0,0.0,0.0,0,1.1170595749622576,0.8165137614678899,False,False,False,False,0.33238702290711136,0.3069279187005257,False,False,False,False,118751.0,116624.50329430646,False,False,False,False,4475.964333160917,False,False,False,False
2025-05-27 15:00:00+00:00,62.74,62.96,62.445,62.47,3338.0,,,,,,,,,,,,,,,61.64110401732378,56.55333816929981,54.33937390838418,52.927374794227234,52.29516367911244,50.30006471605569,,,,,50.30006471605569,,54.67606988073385,"rgba(38, 166, 154, 1.0)",5.420832381812749,54.58999508357696,1.4536521997730416,64.87470165773202,11.076633055473884,True,False,True,False,True,20.0,0.0,0.0,0.0,0.0,0,1.112071465862289,0.8253378966297348,False,False,False,False,0.32124394001151346,0.3140859293560196,False,False,False,False,115413.0,116605.7202974955,False,False,False,False,4458.321475282453,False,False,False,False
2025-05-27 16:00:00+00:00,62.47,62.605,62.32,62.55,2589.0,,,,,,,,,,,,,,,61.716074456133185,56.58467604907471,54.37561490612485,52.966051685915076,52.33477110620997,50.341987020277564,,,,,50.341987020277564,,54.71986253728923,"rgba(38, 166, 154, 1.0)",5.224934421761642,54.620934625187104,1.5175435201231722,66.89567719854729,12.81269558422131,True,False,True,False,True,20.0,0.0,0.0,0.0,0.0,0,1.1105872766428027,0.8309760782259473,False,False,False,False,0.31385799806998327,0.3139719637130014,False,False,False,False,118002.0,116627.36804482115,False,False,False,False,4429.339746983501,False,False,False,False
2025-05-27 17:00:00+00:00,62.55,62.78,62.45,62.67,2036.0,,,,,,,,,,,,,,,61.77553318051089,56.60967440735366,54.40438296405172,52.99669741216721,52.366134501839326,50.37513497511108,,,,,50.37513497511108,,54.75459290683898,"rgba(38, 166, 154, 1.0)",5.003936394623675,54.64789140759409,1.6031595847271403,68.74722188764925,14.46006074126268,True,False,True,False,True,20.0,0.0,0.0,0.0,0.0,0,1.116029197080292,0.8252262773722628,False,False,False,False,0.31854725986131166,0.31625961178715656,False,False,False,False,120038.0,116680.24605963012,False,False,False,False,4392.233704394609,False,False,False,False
2025-05-27 18:00:00+00:00,62.625,62.715,62.355,62.5,4088.0,,,,,,,,,,,,,,,61.86165333220648,56.658343459701555,54.46077998825284,53.05695097083623,52.42786588744152,50.440561967146316,,,,,50.440561967146316,,54.81769260093082,"rgba(38, 166, 154, 1.0)",4.7705846828469705,54.698005712627946,1.6354377515663365,68.13169427510638,14.46006074126268,True,False,True,False,True,20.0,0.0,0.0,0.0,0.0,0,1.1139085226940824,0.824405631170045,False,False,False,False,0.31608564104231224,0.3161726264147344,False,False,False,False,115950.0,116668.92441529478,False,False,False,False,4387.516902776088,False,False,False,False
2025-05-27 19:00:00+00:00,62.5,62.765,62.5,62.67,11807.0,,,,,,,,,,,,,,,62.0571753621963,56.79734106804581,54.62174648547381,53.22895566711286,52.604117313739735,50.62749585413833,,,,,50.62749585413833,,54.989471958451134,"rgba(38, 166, 154, 1.0)",4.512821021996604,54.84496134218144,1.73395723421722,68.59668557856222,14.46006074126268,True,False,True,False,True,20.0,0.0,0.0,0.0,0.0,0,1.1156720775429172,0.8219082097395772,False,False,False,False,0.31907628177177827,0.31762445409325635,False,False,False,False,127757.0,116840.83256389486,False,False,False,False,4502.547648469481,False,False,False,False
2025-05-28 14:00:00+00:00,63.015,63.19,62.55,62.66,3809.0,,,,,,,,,,,,,,,62.11253151513966,56.84196801987226,54.67331009318681,53.28402814495004,52.66054465431652,50.687348160951906,,,,,50.687348160951906,,55.043288431402864,"rgba(38, 166, 154, 1.0)",4.237715021518257,54.89282540567693,1.8328685517744656,68.78563683430505,14.811223578453692,True,False,True,False,True,20.0,0.0,0.0,0.0,0.0,0,1.116660845267202,0.8184887646990336,False,False,False,False,0.32618639589492887,0.3219054249940926,False,False,False,False,123948.0,116951.0212063151,False,False,False,False,4491.794971749024,False,False,False,False
2025-05-28 15:00:00+00:00,62.66,62.785,62.155,62.21,3746.0,,,,,,,,,,,,,,,62.13102298620099,56.882189988083354,54.72082289118505,53.33523046252234,52.71317727992649,50.74363404907137,,,,,50.74363404907137,,55.08767960949826,"rgba(38, 166, 154, 0.75)",3.9360421368045038,54.932068052989464,1.8490482810021853,64.09053776714023,18.234078626358198,True,False,True,False,False,20.0,0.0,0.0,0.0,0.0,0,1.1088763587746322,0.8279369877346974,False,False,False,False,0.3126551389896807,0.3172802819918866,False,False,False,False,120202.0,117001.42397831021,False,False,False,False,4480.232259008729,False,False,False,False
2025-05-28 16:00:00+00:00,62.085,62.49,62.07,62.435,4043.0,,,,,,,,,,,,,,,62.14479505506321,56.924549242365984,54.77110861893898,53.389537771274576,52.7690470696805,50.803510840563874,,,,,50.803510840563874,,55.13375809964786,"rgba(38, 166, 154, 0.75)",3.601393188878263,54.973185133823506,2.0719245233261105,62.549699782165874,16.789824471667174,True,False,True,False,False,20.0,0.0,0.0,0.0,0.0,0,1.1044907028417732,0.837270494678985,False,False,False,False,0.3062139940063004,0.3117471379990935,False,False,False,False,124245.0,117113.72748252244,False,False,False,False,4473.453464295415,False,False,False,False
2025-05-28 17:00:00+00:00,62.45,62.7,62.42,62.665,3245.0,,,,,,,,,,,,,,,62.16830246565937,56.95970698399293,54.81237997315608,53.433923692422,52.81464401921586,50.852211072108005,,,,,50.852211072108005,,55.17352803442571,"rgba(38, 166, 154, 0.75)",3.328637410263671,55.00923513834185,2.2999696025923453,62.98118053045714,16.789824471667174,True,False,True,False,False,20.0,0.0,0.0,0.0,0.0,0,1.105521759475901,0.8364529714553113,False,False,False,False,0.31527341513465085,0.31351027656687214,False,False,False,False,127490.0,117274.59992465388,False,False,False,False,4454.4076741513,False,False,False,False
2025-05-28 18:00:00+00:00,62.76,63.045,62.67,62.8,3934.0,,,,,,,,,,,,,,,62.20819141155047,57.00356476714071,54.86338038588585,53.48857739208451,52.87071936677769,50.91192719717944,,,,,50.91192719717944,,55.224393420103105,"rgba(38, 166, 154, 0.75)",3.0224734784486933,55.055820634821806,2.562199278305313,64.07087926499531,16.789824471667174,True,False,True,False,False,20.0,0.0,0.0,0.0,0.0,0,1.1078047354574685,0.8332651271558024,False,False,False,False,0.325006614816691,0.3192584456917816,False,False,False,False,131424.0,117493.9704684577,False,False,False,False,4446.339338117946,False,False,False,False
2025-05-28 19:00:00+00:00,62.84,62.91,62.49,62.77,11427.0,,,,,,,,,,,,,,,62.284138755569316,57.12488585585218,55.005826933873834,53.64187712309869,53.02826027141682,51.08041659540631,,,,,51.08041659540631,,55.36090092253619,"rgba(38, 166, 154, 1.0)",2.7120693704748904,55.181528131990135,2.7980375246379143,64.43595045180861,16.789824471667174,True,False,True,False,True,20.0,0.0,0.0,0.0,0.0,0,1.1042324330644218,0.8372500876885305,False,False,False,False,0.31984643948966934,0.31955244259072546,False,False,False,False,119997.0,117532.77712786145,False,False,False,False,4554.566635201389,False,False,False,False
2025-05-29 14:00:00+00:00,63.065,63.185,62.1,62.775,4456.0,,,,,,,,,,,,,,,62.30602231874156,57.170511318936896,55.05972773334929,53.70005061221073,53.08810980423243,51.1446212788022,,,,,51.1446212788022,,55.41150717771219,"rgba(38, 166, 154, 1.0)",2.337723074097733,55.22840259101123,3.2281827957323173,64.71485074805035,16.789824471667174,True,False,True,False,True,20.0,0.0,0.0,0.0,0.0,0,1.0947258848022206,0.8366874855424472,False,False,False,False,0.3179666768089656,0.31875955969984554,False,False,False,False,124453.0,117640.06740494887,False,False,False,False,4553.038470314545,False,False,False,False
2025-05-29 15:00:00+00:00,62.775,63.19,62.61,62.61,2548.0,,,,,,,,,,,,,,,62.32101602928184,57.19681044139618,55.090676599856316,53.73340743110932,53.12241233850067,51.18138402983949,,,,,51.18138402983949,,55.44095114499731,"rgba(38, 166, 154, 0.75)",1.8831494560633366,55.255782603422276,3.9052754803389207,62.681841768377886,16.21680041423599,True,False,True,False,False,20.0,0.0,0.0,0.0,0.0,1,1.0998501958976723,0.8390758239225629,False,False,False,False,0.326401902673917,0.32258073118688124,False,False,False,False,121905.0,117706.19039091865,False,False,False,False,4521.95260255773,False,False,False,False
2025-05-29 16:00:00+00:00,62.61,63.05,62.61,63.05,1392.0,,,,,,,,,,,,,,,62.33045197740114,57.211328891975704,55.10769790489546,53.751727357361794,53.14124258744203,51.20154212927561,,,,,51.20154212927561,,55.457331808058626,"rgba(38, 166, 154, 1.0)",1.3748820031261852,55.271052050490596,5.657902228570707,64.55828559310687,16.21680041423599,True,False,True,False,True,20.0,0.0,0.0,0.0,0.0,1,1.1102421503881357,0.8395898505387555,False,False,False,False,0.3236275349446726,0.3231041330657769,False,False,False,False,123297.0,117792.86960966409,False,False,False,False,4473.42620561885,False,False,False,False
2025-05-29 17:00:00+00:00,63.07,63.12,62.84,62.97,2412.0,,,,,,,,,,,,,,,62.3481007593943,57.23663359063851,55.13729257948325,53.78355164249749,53.17394359340532,51.236525458175734,,,,,51.236525458175734,,55.48600793726576,"rgba(38, 166, 154, 1.0)",1.3606953111286426,55.297833052457165,5.638416539540419,64.76798320245628,16.21680041423599,True,False,True,False,True,20.0,0.0,0.0,0.0,0.0,1,1.1073880162885397,0.8450843513670739,False,False,False,False,0.32852426567301146,0.32581419936939415,False,False,False,False,120885.0,117840.80961571581,False,False,False,False,4441.466109407705,False,False,False,False
2025-05-29 18:00:00+00:00,62.97,63.215,62.79,62.79,5976.0,,,,,,,,,,,,,,,62.3850857619593,57.29789806390912,55.20925109608129,53.86108056971734,53.25366719348928,51.32198278507821,,,,,51.32198278507821,,55.554827578372425,"rgba(38, 166, 154, 0.75)",1.3613467828076733,55.362191697379465,5.456220557778268,62.65353894657637,16.029698966745883,True,False,True,False,False,20.0,0.0,0.0,0.0,0.0,1,1.1020728096150496,0.845265052546014,False,False,False,False,0.32928709292422326,0.32755064614680873,False,False,False,False,114909.0,117795.35520306905,False,False,False,False,4465.257332517663,False,False,False,False
2025-05-29 19:00:00+00:00,62.79,63.2,62.755,63.05,14874.0,,,,,,,,,,,,,,,62.46909565859944,57.446634115953,55.384285662508674,54.0499048613069,53.44794718990366,51.53060692725328,,,,,51.53060692725328,,55.7214124025875,"rgba(38, 166, 154, 0.75)",1.379968265726481,55.51870904217183,5.457582717573103,63.24315964834942,16.029698966745883,True,False,True,False,False,20.0,0.0,0.0,0.0,0.0,1,1.1017450286973158,0.8460780335091892,False,False,False,False,0.3282228026107076,0.32788672437875815,False,False,False,False,129783.0,117981.210161161,False,False,False,False,4626.633187827467,False,False,False,False
2025-05-30 14:00:00+00:00,64.355,65.15,64.355,64.59,14610.0,,,,,,,,,,,,,,,62.7322255256808,57.62774003621641,55.58534985741514,54.26167643577007,53.6639615588992,51.75765250123626,,,,,51.75765250123626,,55.938100985869646,"rgba(38, 166, 154, 1.0)",1.4373757619630345,56.53335047584339,5.60511018576909,69.44879348700758,15.717286680492904,True,False,True,False,True,20.0,0.0,0.0,0.0,0.0,0,1.100335589556908,0.8425004265968944,False,False,False,False,0.3428282510809757,0.33535748772986695,False,False,False,False,144393.0,118390.69527494145,False,False,False,False,4781.4140686363435,False,False,False,False
2025-05-30 15:00:00+00:00,64.59,64.61,64.185,64.46,5579.0,,,,,,,,,,,,,,,62.80494629765633,57.69188825636676,55.657567696754484,54.338227876488766,53.74223848824689,51.84046870285693,,,,,51.84046870285693,,56.01255621972836,"rgba(38, 166, 154, 1.0)",1.4871749232185096,56.59665936978522,5.287434926079248,72.37227306293221,18.2181885491392,True,False,True,False,True,20.0,0.0,0.0,0.0,0.0,0,1.096995315891694,0.8539357934422485,False,False,False,False,0.3305578063041457,0.33295764701700636,False,False,False,False,138814.0,118707.3356582757,False,False,False,False,4793.779741990818,False,False,False,False
2025-05-30 16:00:00+00:00,64.49,64.56,63.36,63.45,6946.0,,,,,,,,,,,,,,,62.85514536454857,57.76277623995793,55.73951553595477,54.42609732397872,53.83247422978098,51.93699929599798,,,,,51.93699929599798,,56.092167998369824,"rgba(38, 166, 154, 0.75)",1.499613364584674,56.657163836851986,4.529725010172425,67.02281616735536,21.816132722812455,True,False,True,False,False,20.0,0.0,0.0,0.0,0.0,0,1.0784011859961224,0.863553426844566,False,False,False,False,0.3155664058285247,0.3242620264227655,False,False,False,False,131868.0,118911.37696589933,False,False,False,False,4827.147497928945,False,False,False,False
2025-05-30 17:00:00+00:00,63.405,64.28,63.405,64.14,3925.0,,,,,,,,,,,,,,,62.88555767118795,57.80309890066041,55.78595463812435,54.47582393019464,53.88351676758478,51.991548846086914,,,,,51.991548846086914,,56.137583458973175,"rgba(38, 166, 154, 0.75)",1.519261209147176,56.69491519949312,4.900463959509713,66.03410826789947,21.143671457748894,True,False,True,False,False,20.0,0.0,0.0,0.0,0.0,0,1.0795532254387965,0.8668794164577162,False,False,False,False,0.3115636772097586,0.31791285181626205,False,False,False,False,135793.0,119173.10755557529,False,False,False,False,4813.160715015319,False,False,False,False
2025-05-30 18:00:00+00:00,64.1,64.53,64.1,64.45,5971.0,,,,,,,,,,,,,,,62.9457770679289,57.86755358292328,55.85917377348659,54.55378234154503,53.963374250319795,52.076461408479005,,,,,52.076461408479005,,56.211020404113775,"rgba(38, 166, 154, 0.75)",1.5426650772407642,56.761254039113965,4.984066907535273,66.35905430089448,21.143671457748894,True,False,True,False,False,20.0,0.0,0.0,0.0,0.0,0,1.0856931650176274,0.8592630501535312,False,False,False,False,0.32769535214177253,0.3228041019790173,False,False,False,False,141764.0,119523.35395006249,False,False,False,False,4831.111711681748,False,False,False,False
2025-05-30 19:00:00+00:00,64.45,64.74,63.5,63.535,24188.0,,,,,,,,,,,,,,,63.08478839099687,58.099527873960405,56.128867545204415,54.843925694431995,54.26175844744788,52.39705972316998,,,,,52.39705972316998,,56.46932127920193,"rgba(38, 166, 154, 0.5)",1.5397817003336518,56.98431802911152,4.254292650360128,61.78916698285555,17.20015225166148,False,False,True,False,False,19.486129030481397,0.0,0.0,0.0,0.0,0,1.0774592467678472,0.8587970770095559,False,False,False,False,0.320884682645796,0.3218443923124067,False,False,False,False,117576.0,119493.16241595299,False,False,False,False,5131.218506849473,False,False,False,False
2025-06-02 14:00:00+00:00,61.09,61.76,60.45,60.92,18827.0,,,,,,,,,,,,,,,62.88165923232495,58.18473664925277,56.2535258667845,54.98980915092315,54.41626545402327,52.57540225383099,,,,,52.57540225383099,,56.55023310118994,#000000,1.5101923479893655,57.01143706757141,2.588122590895367,51.583499302827434,7.971995709517458,False,True,False,False,False,8.508193702757989,0.0,0.0,0.0,0.0,0,1.0592624870635656,0.8776621820360584,False,False,False,False,0.2199100846670812,0.27087723848974393,False,False,False,False,98749.0,119171.54749477543,False,False,False,False,5343.556204417698,False,False,False,False
2025-06-02 15:00:00+00:00,60.92,61.08,59.54,60.01,10032.0,,,,,,,,,,,,,,60.209999999999994,62.747140323757144,58.215498745842616,56.306288813146544,55.05445443981811,54.485758597656655,52.65840095081325,,,,,52.65840095081325,,57.096791695862045,"rgba(239, 83, 80, 1.0)",1.471739869420186,57.52742594848404,1.6868293800411944,43.348828920544385,0.930859637440939,False,True,False,True,False,5.19941709842394,0.0,0.0,0.0,0.0,0,1.0501911788464644,0.8876622327535139,True,False,False,False,0.1940123140372637,0.23244477626350382,False,False,False,False,88717.0,118699.38396772464,True,False,False,False,5416.245255511997,True,False,False,False
2025-06-02 16:00:00+00:00,60.04,60.95,59.84,60.915,7037.0,,,,,,,,,,,,,,60.35772931435156,62.6728132418077,58.2403028257881,56.34578862190145,55.10193889863841,54.536508141079906,52.71826397268594,,,,,52.71826397268594,,57.13904928803614,"rgba(239, 83, 80, 1.0)",1.425654257897322,57.54113923669441,2.3665350449565854,41.112964339018895,-0.6208377560756873,False,True,False,True,False,7.897517192112193,0.0,0.0,0.0,0.0,0,1.053474206242251,0.8982265107002315,False,False,False,False,0.1967624786184606,0.21460362744098221,False,False,False,False,95754.0,118343.64158062813,False,False,False,False,5441.373236046695,False,False,False,False
2025-06-02 17:00:00+00:00,60.915,61.04,60.11,60.17,4578.0,,,,,,,,,,,,,,60.37512827027611,62.62433620729177,58.25528636754776,56.37032581550422,55.131678812041194,54.568378793453434,52.75609568951618,,,,,52.75609568951618,,57.15446142223295,"rgba(239, 83, 80, 1.0)",1.3789383793526642,57.54566182280936,1.9031584126497565,38.278474342932626,-3.0646596684238716,False,True,False,True,False,5.290494809467816,0.0,0.0,0.0,0.0,0,1.0555228670767585,0.8967638405990906,False,False,False,False,0.20259612449241726,0.20859987596669974,False,False,False,False,91176.0,117922.43783519203,False,False,False,False,5427.987604480079,False,False,False,False
2025-06-02 18:00:00+00:00,60.135,60.55,60.05,60.19,8218.0,,,,,,,,,,,,,,60.34436547798427,62.53577044448605,58.27954339708434,56.41176229874456,55.18249266002353,54.62303935309008,52.82154555060247,,,,,52.82154555060247,,57.17121702600218,"rgba(239, 83, 80, 1.0)",1.3406364865939187,57.549045876302216,1.969925591393912,36.463216477060314,-4.794638813662317,False,True,False,True,False,5.35049724842467,0.0,0.0,0.0,0.0,0,1.0529603331375792,0.9051839197053013,False,False,False,False,0.1936889565138641,0.20114441624028193,False,False,False,False,99394.0,117635.17523309603,False,False,False,False,5471.243610612171,False,False,False,False
2025-06-02 19:00:00+00:00,60.22,61.245,60.19,61.125,38544.0,,,,,,,,,,,,,,60.63113559619348,62.284052393503124,58.4175479506302,56.622949718430604,55.43417190766025,54.89142527551211,53.13706527743522,,,,,53.13706527743522,,57.34547830276643,"rgba(239, 83, 80, 1.0)",1.3139783240349634,57.64852484516265,2.6457629408693712,38.57456948243644,-4.794638813662317,False,True,False,True,False,8.097595363423675,0.0,0.0,0.0,0.0,0,1.053230329647071,0.8983014974337264,False,False,False,False,0.20722407583564734,0.20418424603796465,False,False,False,False,137938.0,117949.9477101023,False,False,False,False,5983.999523625936,False,False,False,False
2025-06-03 14:00:00+00:00,62.4,62.885,62.36,62.865,9297.0,,,,,,,,,,,,,,60.87906011118832,62.29865633515413,58.47226919629451,56.691893638740765,55.51116396341794,54.97176033169074,53.22685923653888,,,,,53.22685923653888,,57.43595183043219,"rgba(239, 83, 80, 0.75)",1.2964605037699874,57.71459784946219,3.972664138676744,44.50089326248921,-4.794638813662317,False,True,False,True,True,12.759274310152033,0.0,0.0,0.0,0.0,0,1.0623405030987967,0.893338888599552,False,False,False,False,0.2700265656845339,0.23710540586124929,False,False,False,False,147235.0,118403.97952855032,False,False,False,False,6035.363872096852,False,False,False,False
2025-06-03 15:00:00+00:00,62.86,62.89,62.26,62.49,7780.0,,,,,,,,,,,,,,61.03082740643692,62.30568048669206,58.51534268257774,56.74692501941093,55.57297430639229,55.03639129155312,53.29949495931019,,,,,53.29949495931019,,57.50109087891047,#000000,1.2652421233219826,57.76384921557407,3.7353726194454304,47.4310847152234,-11.481881449645591,False,True,False,False,True,11.434794988251806,0.0,0.0,0.0,0.0,0,1.0608623462875524,0.8941005551808229,False,False,False,False,0.2684370495126416,0.25277122768694543,False,False,False,False,139455.0,118730.35193896039,False,False,False,False,6062.412494234885,False,False,False,False
2025-06-03 16:00:00+00:00,62.49,63.1,62.49,62.87,5943.0,,,,,,,,,,,,,,61.14712587545162,62.31657198461143,58.54982673219504,56.790219049446904,55.621285426486324,55.086793443875685,53.35583946267592,,,,,53.35583946267592,,57.55252313924899,#000000,1.220436434267584,57.803803737664715,4.151134889196945,50.29272700312232,-8.58971209534144,False,True,False,False,True,12.411521124065203,0.0,0.0,0.0,0.0,0,1.0680611926319077,0.8904152357165157,False,False,False,False,0.27581030476773705,0.26429076622734127,False,False,False,False,145398.0,119143.80384688349,False,False,False,False,6060.56113773512,False,False,False,False
2025-06-03 17:00:00+00:00,62.82,63.23,62.8,62.98,7962.0,,,,,,,,,,,,,,61.29582267676818,62.335518405329594,58.59711594021215,56.84899734875443,55.68663144167141,55.15488112573005,53.4317308799372,,,,,53.4317308799372,,57.621528259771864,"rgba(38, 166, 154, 0.5)",1.2197863385484335,57.85863089504552,4.19857883557623,52.473801433190964,-6.251910221841769,False,True,True,False,True,12.694311139629981,0.0,0.0,0.0,0.0,0,1.0695598006644518,0.8899501661129569,False,False,False,False,0.283212927877747,0.27375184705254413,False,False,False,False,153360.0,119674.28750817211,False,False,False,False,6090.040810018296,False,False,False,False
2025-06-03 18:00:00+00:00,63.01,63.09,62.58,63.06,6147.0,,,,,,,,,,,,,,61.38983950488607,62.34749919705966,58.63218490842743,56.89294470119828,55.735661807657436,55.20603616461367,53.488947030739304,,,,,53.488947030739304,,57.67044475922599,"rgba(38, 166, 154, 0.5)",1.2154753824751388,57.89821554616835,4.2467206890858025,54.14400518274455,-4.299392817246371,False,True,True,False,True,12.902527487708973,0.0,0.0,0.0,0.0,0,1.0685548594211154,0.8909025009061254,False,False,False,False,0.27715402306736486,0.2754529350599545,False,False,False,False,159507.0,120291.84894215394,False,False,False,False,6090.923898235066,False,False,False,False
2025-06-03 19:00:00+00:00,63.065,63.27,62.995,63.025,31946.0,,,,,,,,,,,,,,61.78644056762968,62.42075661063089,58.81319563569321,57.118228149049116,55.98648033684995,55.467569108618065,53.78119253580846,,,,,53.78119253580846,,57.91055184918277,"rgba(38, 166, 154, 0.5)",1.2175988888183706,58.09987078468996,4.044952127124287,55.11682990835631,-2.9054339049693922,False,True,True,False,True,12.771581249326477,0.0,0.0,0.0,0.0,0,1.0730723483477271,0.8877281894813054,False,False,False,False,0.28717897522169805,0.2813159551408263,False,False,False,False,127561.0,120404.54895855466,False,False,False,False,6491.777791285685,False,False,False,False
2025-06-04 14:00:00+00:00,64.1,64.44,63.57,63.95,5805.0,,,,,,,,,,,,,,61.8755772948377,62.448095198711194,58.851032321776465,57.16325424752828,56.03571008691683,55.51857098903578,53.83729120701182,,,,,53.83729120701182,,57.961361620831156,"rgba(38, 166, 154, 0.5)",1.234667679692375,58.14379377067057,4.702646975237973,58.3293050573063,0.5762101610843686,False,False,True,False,True,15.174960307788393,0.0,0.0,0.0,0.0,0,1.0728378654671844,0.8786035575546921,False,False,False,False,0.3169152771100949,0.29911561612546056,False,False,False,False,133366.0,120605.5016878794,False,False,False,False,6481.130073591334,False,False,False,False
2025-06-04 15:00:00+00:00,63.95,64.2,63.89,63.95,2828.0,,,,,,,,,,,,,,61.916952179874116,62.4612956479557,58.86935997932765,57.18506116631376,56.05955403928631,55.543274359549166,53.864468989385585,,,,,53.864468989385585,,57.985709480241745,"rgba(38, 166, 154, 0.5)",1.2491612573421085,58.16496381438162,4.631136413826538,60.470955156606294,2.986087153249656,False,False,True,False,True,15.174960307788403,0.0,0.0,0.0,0.0,0,1.078005115089514,0.880153452685422,False,False,False,False,0.31829126643488603,0.3087034412801733,False,False,False,False,133366.0,120803.33887101305,False,False,False,False,6424.492398031778,False,False,False,False
2025-06-04 16:00:00+00:00,63.95,64.64,63.92,64.58,3305.0,,,,,,,,,,,,,,61.97143125956463,62.48002181804939,58.8921297956309,57.21173006799394,56.088516072363284,55.573204925472616,53.897188361534795,,,,,53.897188361534795,,58.016317471515656,"rgba(38, 166, 154, 1.0)",1.2723021731560025,58.191675503296004,5.021074892026215,63.47022939836695,6.156493902402296,True,False,True,False,True,16.769840814101627,0.0,0.0,0.0,0.0,0,1.0799121732026142,0.8758680555555554,False,False,False,False,0.326348704174698,0.31752607272743566,False,False,False,False,136671.0,121049.34912107486,False,False,False,False,6376.1281748064785,False,False,False,False
2025-06-04 17:00:00+00:00,64.57,64.95,64.55,64.88,5650.0,,,,,,,,,,,,,,62.07424638232563,62.517985272817405,58.933521957103785,57.259469011409806,56.14000838972141,55.626284822381706,53.95484105601178,,,,,53.95484105601178,,58.07233669882451,"rgba(38, 166, 154, 1.0)",1.2882728957995335,58.24082697075617,5.153545534405889,66.15025006508891,8.97058672702152,True,False,True,False,True,17.514500924093003,0.0,0.0,0.0,0.0,0,1.082658105284615,0.8730061662335015,False,False,False,False,0.342740591282282,0.33013333200485884,False,False,False,False,142321.0,121379.14215795742,False,False,False,False,6364.870373646688,False,False,False,False
2025-06-04 18:00:00+00:00,64.88,64.89,64.255,64.31,3184.0,,,,,,,,,,,,,,62.122749058487514,62.53600988196515,58.9553793049864,57.28501765165767,56.16773443693015,55.65493199472547,53.98614602250394,,,,,53.98614602250394,,58.10113833589376,"rgba(38, 166, 154, 1.0)",1.286738327135778,58.26624153141152,4.696960012096338,64.95606072129317,8.97058672702152,True,False,True,False,True,15.276238050220748,0.0,0.0,0.0,0.0,0,1.0805983819264233,0.8756423955630183,False,False,False,False,0.3365296108996961,0.3333314714522775,False,False,False,False,139137.0,121654.45778341545,False,False,False,False,6315.554553900227,False,False,False,False
2025-06-04 19:00:00+00:00,64.29,64.34,63.98,64.06,8481.0,,,,,,,,,,,,,,62.22467739613883,62.5739095816161,59.00904918979003,57.3488530611257,56.23755194272802,55.72728099748328,54.06581460387923,,,,,54.06581460387923,,58.16959096753731,"rgba(38, 166, 154, 0.75)",1.2799011891750505,58.32703857674937,4.4792218897349105,62.947833682548136,8.97058672702152,True,False,True,False,False,14.309215431770745,0.0,0.0,0.0,0.0,0,1.0778415730907982,0.8785630811442507,False,False,False,False,0.32204914841769194,0.3276903099349847,False,False,False,False,130656.0,121794.01657747102,False,False,False,False,6349.127351514177,False,False,False,False
2025-06-05 14:00:00+00:00,64.83,64.835,64.07,64.73,4051.0,,,,,,,,,,,,,,62.279714207087146,62.596089824074085,59.036357308057305,57.380782025248244,56.27221576112278,55.76310413881611,54.10499265374305,,,,,54.10499265374305,,58.20475084544982,"rgba(38, 166, 154, 0.75)",1.2904719263860192,58.358428813902755,4.937396200427935,63.65011859955291,8.97058672702152,True,False,True,False,False,16.036466226124563,0.0,0.0,0.0,0.0,0,1.077623722295314,0.8761765003542153,False,False,False,False,0.3321942769917082,0.32994229346334647,False,False,False,False,134707.0,121994.21787084355,False,False,False,False,6313.497470095352,False,False,False,False
2025-06-05 15:00:00+00:00,64.73,65.3,64.55,65.28,1915.0,,,,,,,,,,,,,,62.31035832228353,62.60903891797799,59.05033226385274,57.39682019406242,56.289482663560754,55.78089264122389,54.124290391477665,,,,,54.124290391477665,,58.22303077063413,"rgba(38, 166, 154, 0.75)",1.3182030595867813,58.37478188287413,5.238356918463273,65.52811170125047,9.480106108220298,True,False,True,False,False,17.409389115605766,0.0,0.0,0.0,0.0,0,1.0813061471686685,0.8739779953568183,False,False,False,False,0.3428282508028705,0.3363852721331085,False,False,False,False,136622.0,122221.00519067544,False,False,False,False,6245.303710869067,False,False,False,False
2025-06-05 16:00:00+00:00,65.28,65.31,64.22,64.22,3668.0,,,,,,,,,,,,,,62.35762954227168,62.62884758499895,59.07487849874236,57.42551627100894,56.32063866790382,55.81309241031063,54.15951468973344,,,,,54.15951468973344,,58.25430252356711,"rgba(38, 166, 154, 0.75)",1.3155352317378606,59.02907332615125,3.9458667077972396,61.97948936146962,9.480106108220298,True,False,True,False,False,13.363155457632871,0.0,0.0,0.0,0.0,0,1.0741820374930893,0.8808363069809518,False,True,False,False,0.3370556404610324,0.3367204562970705,False,False,False,False,132954.0,122387.40821097503,False,False,False,False,6205.345513801329,False,False,False,False
2025-06-05 17:00:00+00:00,64.22,64.83,64.22,64.72,3950.0,,,,,,,,,,,,,,62.40653046511498,62.64981067094595,59.10110118177073,57.45619190133402,56.35395613394452,55.847531486650716,54.19720680042962,,,,,54.19720680042962,,58.28747552002722,"rgba(38, 166, 154, 0.5)",1.3426295028709962,59.057099910126695,4.217768250857073,61.107858750577265,9.480106108220298,False,False,True,False,False,14.635355970733158,0.0,0.0,0.0,0.0,0,1.0752076516486282,0.8866347847973823,False,False,False,False,0.3283843852319941,0.3325524207645323,False,False,False,False,136904.0,122612.47164956457,False,False,False,False,6170.37891668813,False,False,False,False
2025-06-05 18:00:00+00:00,64.71,65.005,64.495,64.71,2662.0,,,,,,,,,,,,,,62.44042881943494,62.66473620906606,59.11910153851815,57.47713919413523,56.37665571264069,55.87097558418176,54.22281145314278,,,,,54.22281145314278,,58.31026407301709,"rgba(38, 166, 154, 0.5)",1.3662488528542522,59.07824152337393,4.122059070615624,60.48263723460291,9.480106108220298,False,False,True,False,False,14.597614785262792,0.0,0.0,0.0,0.0,0,1.073120546020275,0.8841714343069358,False,False,False,False,0.33649242840606197,0.33452242458529713,False,False,False,False,134242.0,122792.77441468759,False,False,False,False,6115.985445111569,False,False,False,False
2025-06-05 19:00:00+00:00,64.71,65.14,64.095,65.05,9845.0,,,,,,,,,,,,,,62.55894162154873,62.718773169476165,59.18497761283708,57.5538365538247,56.45979703083146,55.95685748075818,54.31665772419127,,,,,54.31665772419127,,58.392834456209656,"rgba(38, 166, 154, 0.75)",1.3975109727356514,59.15143021380281,4.220768137977934,61.134003918061495,9.480106108220298,True,False,True,False,False,15.467265508628156,0.0,0.0,0.0,0.0,0,1.0681196198437577,0.8840622978554014,False,False,False,False,0.3317125926134716,0.3331175085993844,False,False,False,False,144087.0,123122.91744701802,False,False,False,False,6173.799624257126,False,False,False,False
2025-06-06 14:00:00+00:00,65.17,65.17,64.72,64.975,1918.0,,,,,,,,,,,,,,62.58253974407689,62.72994387841033,59.19807168813734,57.568986880077524,56.476175819661556,55.973759372699575,54.33508145801863,,,,,54.33508145801863,,58.409222691583125,"rgba(38, 166, 154, 0.75)",1.4188219259848223,59.16650887695886,4.093883112927924,61.170038054236045,9.480106108220298,True,False,True,False,False,15.175029761635813,0.0,0.0,0.0,0.0,0,1.0770340880816125,0.8837521771584972,False,False,False,False,0.34282825078293866,0.3379728796911615,False,False,False,False,142169.0,123418.20554861464,False,False,False,False,6107.81823473376,False,False,False,False
2025-06-06 15:00:00+00:00,65.035,65.17,64.44,64.58,3943.0,,,,,,,,,,,,,,62.62515627437855,62.750274378428195,59.22375971046342,57.59899583384259,56.50876124985065,56.0074418867073,54.37195879062051,,,,,54.37195879062051,,58.440906874898744,"rgba(38, 166, 154, 0.5)",1.422960924547969,59.19355904504389,3.785375172313473,59.11545124744399,13.579495589297217,False,False,True,False,False,13.636296876661085,0.0,0.0,0.0,0.0,0,1.0745140925585326,0.8851220360888801,False,False,False,False,0.337683912357446,0.33782839602430376,False,False,False,False,138226.0,123647.78375716326,False,False,False,False,6074.255161327034,False,False,False,False
2025-06-06 16:00:00+00:00,64.59,64.93,64.5,64.7,3215.0,,,,,,,,,,,,,,62.65835409402488,62.766383455718184,59.24445358983444,57.62321059070255,56.535076417866556,56.03465184800499,54.40177664778799,,,,,54.40177664778799,,58.46627237770566,"rgba(38, 166, 154, 0.5)",1.430337599535949,59.215119356312286,3.8346755657316156,58.250103308864425,12.460167891795336,False,False,True,False,False,13.959187417296771,0.0,0.0,0.0,0.0,0,1.0721608440330448,0.8896685577784412,False,False,False,False,0.3342928625669019,0.3360606292956028,False,False,False,False,141441.0,123923.64757488164,False,False,False,False,6029.925623942119,False,False,False,False
2025-06-06 17:00:00+00:00,64.7,64.99,64.695,64.82,2597.0,,,,,,,,,,,,,,62.685995765301875,62.780028413251976,59.26143567747718,57.64299350287886,56.556533347070605,56.056822390907186,54.42602805708261,,,,,54.42602805708261,,58.487119593424325,"rgba(38, 166, 154, 0.5)",1.4489066614213366,59.23339981792894,3.855735038577816,58.20155659945938,12.085526224303273,False,False,True,False,False,14.285183493759025,0.0,0.0,0.0,0.0,1,1.0757286432160804,0.8943216080402011,False,False,False,False,0.33901856201091785,0.3375395956532603,False,False,False,False,144038.0,124235.49800007728,False,False,False,False,5976.701970857745,False,False,False,False
2025-06-06 18:00:00+00:00,64.83,64.97,64.74,64.93,4423.0,,,,,,,,,,,,,,62.7324436637246,62.803357562909845,59.29035353746927,57.67664674341586,56.59302006100496,56.09451767955571,54.467250042570036,,,,,54.467250042570036,,58.52251275580718,"rgba(38, 166, 154, 0.5)",1.4719147761014277,59.26461429450363,3.848990306695571,58.67517090350807,12.085526224303273,False,False,True,False,False,14.586975691320479,0.0,0.0,0.0,0.0,0,1.065083995573886,0.8960869127854342,False,False,False,False,0.33948264896014624,0.33851112230670327,False,False,False,False,148461.0,124611.08717837065,False,False,False,False,5952.613568208788,False,False,False,False
2025-06-06 19:00:00+00:00,64.93,64.95,64.11,64.12,15062.0,,,,,,,,,,,,,,62.844130645070074,62.8613157695181,59.37825263640218,57.78135123209675,56.70774903300715,56.21352424543917,54.59877200182159,,,,,54.59877200182159,,58.626442223336426,"rgba(38, 166, 154, 0.5)",1.48164288836624,59.34829731789872,3.2205484328027842,54.402874105259606,8.051997620511266,False,True,True,False,False,11.361457168467933,0.0,0.0,0.0,0.0,0,1.0591828559983978,0.8967554576406969,False,False,False,False,0.32746141755125885,0.33298626992898106,False,False,False,False,133399.0,124747.33388878351,False,False,False,False,6093.844365600899,False,False,False,False
2025-06-09 14:00:00+00:00,63.85,64.19,63.555,63.58,8476.0,,,,,,,,,,,,,,62.87807188558416,62.879681586565304,59.420462207875566,57.833472697588014,56.76576399939179,56.274055415303906,54.66668714164424,,,,,54.66668714164424,,58.67402784770756,"rgba(239, 83, 80, 1.0)",1.4820681404613543,59.38265541964982,2.8320861003351583,49.298637854210035,3.364605345586888,False,True,False,True,False,9.296797819271042,0.0,0.0,0.0,0.0,0,1.0548485302190946,0.9024804112392076,False,False,False,False,0.3034143716051005,0.31820032076704075,False,False,False,False,124923.0,124750.05739438375,False,False,False,False,6130.777011095459,False,False,False,False
2025-06-09 15:00:00+00:00,63.61,64.35,63.61,64.1,8671.0,,,,,,,,,,,,,,62.91913494489209,62.90265780555912,59.46519514804019,57.88802386175005,56.826176601376496,56.33697458911096,54.73697336978973,,,,,54.73697336978973,,58.725019474359804,"rgba(239, 83, 80, 1.0)",1.4821119184246303,59.42313388262575,3.1555418043904475,48.694554701174916,2.9250719529203266,False,True,False,True,False,10.804842545091827,0.0,0.0,0.0,0.0,0,1.0571215510812826,0.8994282873477505,False,False,False,False,0.307322140321535,0.31276123054428784,False,False,False,False,133594.0,124887.17278361811,False,False,False,False,6170.160313249017,False,False,False,False
2025-06-09 16:00:00+00:00,64.085,64.46,64.01,64.35,3643.0,,,,,,,,,,,,,,62.93928947282413,62.91416358670441,59.48476147230346,57.911591881272784,56.852142266941414,56.363966914848106,54.76698630190241,,,,,54.76698630190241,,58.7475574138281,#000000,1.4765318599105561,59.44205109939833,3.323970876523434,49.50635938108863,2.9250719529203266,False,True,False,False,False,11.519631306671908,0.0,0.0,0.0,0.0,0,1.064845227431074,0.8962874489897481,False,False,False,False,0.3165859944114585,0.3146736124778732,False,False,False,False,137237.0,125078.64297301938,False,False,False,False,6130.979533198645,False,False,False,False
2025-06-09 17:00:00+00:00,64.35,64.69,64.35,64.475,1759.0,,,,,,,,,,,,,,62.95046064453323,62.920585389381166,59.49460636124685,57.923321515512846,56.86500427415759,56.37731418929416,54.781761842572884,,,,,54.781761842572884,,58.75900774524268,#000000,1.4734572784268085,59.451998422921555,3.4089903050609203,50.65945199921037,2.9250719529203266,False,True,False,False,True,11.878221659594711,0.0,0.0,0.0,0.0,0,1.066779458598726,0.8932125796178345,False,False,False,False,0.32703773658547486,0.320855674531674,False,False,False,False,138996.0,125294.41595018186,False,False,False,False,6063.19690477696,False,False,False,False
2025-06-09 18:00:00+00:00,64.475,64.745,64.29,64.66,4456.0,,,,,,,,,,,,,,62.979124570203716,62.93723114487334,59.519670647013434,57.953118950843574,56.89764875832814,56.41117938317215,54.81922193636424,,,,,54.81922193636424,,58.78817077011409,"rgba(38, 166, 154, 0.5)",1.476403052343957,59.47752455820459,3.510203689681918,52.35099430778692,2.9250719529203266,False,True,True,False,True,12.412152268024698,0.0,0.0,0.0,0.0,0,1.065755467196819,0.8931908548707751,False,False,False,False,0.32675992130671005,0.323807797919192,False,False,False,False,143452.0,125575.9288811868,False,False,False,False,6038.2791233075495,False,False,False,False
2025-06-09 19:00:00+00:00,64.665,64.745,64.34,64.58,7905.0,,,,,,,,,,,,,,63.0272415564551,62.965769940877365,59.563443648501725,58.0052483313722,56.954809845058826,56.47049953850667,54.88490804444661,,,,,54.88490804444661,,58.83884584360264,"rgba(38, 166, 154, 0.5)",1.46742815100977,59.52181893762058,3.4469701694756036,52.96152391483264,-1.0925816176470207,False,False,True,False,True,12.087101190530376,0.0,0.0,0.0,0.0,0,1.064314115308151,0.8958250497017892,False,False,False,False,0.3275925598365199,0.32570017887785596,False,False,False,False,135547.0,125730.51913109088,False,False,False,False,6067.220532248518,False,False,False,False
2025-06-10 14:00:00+00:00,63.48,63.835,62.005,62.2,5514.0,,,,,,,,,,,,,,63.02000018910026,62.9622962657602,59.582227852787206,58.03085498631084,56.98446643494055,56.50188977736299,54.92142124694288,,,,,54.92142124694288,,58.85759382188642,"rgba(239, 83, 80, 1.0)",1.4553213941799703,59.53205788554919,1.8332322503608316,44.65747709241472,-0.699055950317657,False,True,False,True,False,3.2533780273430075,0.0,0.0,0.0,0.0,0,1.041656528298214,0.9010170811231689,False,False,False,False,0.2668565471214573,0.2962783629996566,False,False,False,False,130033.0,125797.22426084141,False,False,False,False,6058.643469733037,False,False,False,False
2025-06-10 15:00:00+00:00,62.08,62.28,61.46,62.04,7316.0,,,,,,,,,,,,,61.92666666666667,62.99056307947466,62.945858770593894,59.60082748838602,58.05896455979507,57.01820168453241,56.538032725451366,54.96468938628359,,,,,54.96468938628359,,59.25547554514796,"rgba(239, 83, 80, 1.0)",1.4459295834714534,59.95738948172796,1.4403263769401655,38.79238936040267,-5.786182275554914,False,True,False,True,False,2.712625594036542,0.0,0.0,0.0,0.0,0,1.0336447693275888,0.917655032192477,False,False,False,False,0.21443916659830428,0.25535876479898045,False,False,False,False,122717.0,125749.46884594465,False,False,False,False,6078.137369427098,False,False,False,False
2025-06-10 16:00:00+00:00,61.985,62.09,61.86,61.925,5434.0,,,,,,,,,,,,,61.940162875816995,62.97032517919853,62.93435247684968,59.61463809035093,58.07975076827293,57.04312189653972,56.56472386571686,54.99662729557328,,,,,54.99662729557328,,59.26796280603986,"rgba(239, 83, 80, 1.0)",1.4268833863339243,59.96029330309199,1.3769216992258275,34.63272518730649,-9.248841865567307,False,True,False,True,False,2.320754478380284,0.0,0.0,0.0,0.0,0,1.0363320941759604,0.9247087980173482,False,False,False,False,0.21868858933846286,0.23702367706872166,False,False,False,False,117283.0,125618.20576306178,False,False,False,False,6068.150743544507,False,False,False,False
2025-06-10 17:00:00+00:00,61.87,62.055,61.71,61.94,5607.0,,,,,,,,,,,,,61.92840451417261,62.949134699829415,62.92208441124147,59.628379303940015,58.10065772319096,57.06827987166985,56.59170412592853,55.0290118865591,,,,,55.0290118865591,,59.27720706706649,"rgba(239, 83, 80, 1.0)",1.4003193007816863,59.96203155665508,1.412512447868696,31.958942398511397,-11.453900760194315,False,True,False,True,False,2.3695003730565105,0.0,0.0,0.0,0.0,0,1.0347167194928686,0.9213549920760697,False,False,False,False,0.21276949694424344,0.22489658700648255,False,False,False,False,122890.0,125575.90799929337,False,False,False,False,6061.001119613585,False,False,False,False
2025-06-10 18:00:00+00:00,61.805,62.55,61.74,62.48,5895.0,,,,,,,,,,,,,62.008196093792954,62.934993250468246,62.91387589266907,59.64487781741384,58.12442332403391,57.09637280971263,56.621654462003825,55.06447580458331,,,,,55.06447580458331,,59.30110868183472,"rgba(239, 83, 80, 1.0)",1.3740996003599142,59.97264890629433,1.8247229626214299,33.61905724865349,-11.453900760194315,False,True,False,True,False,4.115936342596321,0.0,0.0,0.0,0.0,0,1.03449811918432,0.92184715897842,False,False,False,False,0.22148404264970964,0.2231903148280961,False,False,False,False,128785.0,125625.66136364541,False,False,False,False,6058.427458844381,False,False,False,False
2025-06-10 19:00:00+00:00,62.515,62.715,62.34,62.4,10592.0,,,,,,,,,,,,,62.15313659931887,62.91906588271724,62.904576057153086,59.676553954685666,58.168771010165024,57.14829253383231,56.67682893820765,55.1293252096447,,,,,55.1293252096447,,59.34706877321557,"rgba(239, 83, 80, 0.75)",1.3542751061215832,59.996675062683856,1.7746209218885092,34.443617363419264,-11.453900760194315,False,True,False,True,True,3.829391917263859,0.0,0.0,0.0,0.0,0,1.0341499628804753,0.9227418955704033,False,False,False,False,0.23761457616439266,0.2304024454962444,False,False,False,False,118193.0,125510.42630374392,False,False,False,False,6128.715405218887,False,False,False,False
2025-06-11 14:00:00+00:00,62.92,63.69,62.92,63.425,1386.0,,,,,,,,,,,,,62.19873203606587,62.92102950926912,62.905822204121534,59.68189995808266,58.17565037278679,57.15609538432187,56.68502962613952,55.13870954573538,,,,,55.13870954573538,,59.35787107956534,"rgba(239, 83, 80, 0.75)",1.3401140128978304,60.00317435944263,2.5533839715309683,40.28288005361483,-16.723884690536558,False,True,False,True,True,7.047079827327575,0.0,0.0,0.0,0.0,0,1.0356424964455557,0.9112124332009608,False,False,False,False,0.26817357276309967,0.24928800912967203,False,False,False,False,119579.0,125418.46620601145,False,False,False,False,6055.184933820145,False,False,False,False
2025-06-11 15:00:00+00:00,63.425,63.445,62.775,62.88,1899.0,,,,,,,,,,,,,62.24029902873578,62.92173442652573,62.90631461518806,59.68857836897778,58.184479860702325,57.16621767198378,56.69570865606982,55.15104554500852,,,,,55.15104554500852,,59.369297271648975,"rgba(239, 83, 80, 0.75)",1.3221910494208946,60.01004414603403,2.1706060218929624,41.93580164741823,-15.13302438425098,False,True,False,True,True,5.082686557322852,0.0,0.0,0.0,0.0,0,1.0318756456293965,0.9224752816173938,False,False,False,False,0.18706658553046068,0.21817729733006636,False,False,False,False,117680.0,125298.48998576321,False,False,False,False,5990.7479581020025,False,False,False,False
2025-06-11 16:00:00+00:00,62.88,62.88,62.35,62.55,4311.0,,,,,,,,,,,,,62.27615979421928,62.91712065069795,62.90359466827401,59.70165948840196,58.202597296732236,57.18735415998518,56.71814483893239,55.177352136111615,,,,,55.177352136111615,,59.38549787916933,"rgba(239, 83, 80, 0.75)",1.309049438497258,60.019609789087426,1.9329982019757552,41.81681065453938,-15.020880659162351,False,True,False,True,True,3.9152915375000283,0.0,0.0,0.0,0.0,0,1.0193919209282338,0.9654061022776105,False,False,False,False,0.10916539380991411,0.16367134556999025,False,False,False,False,113369.0,125113.53665265061,False,False,False,False,5964.705354100421,False,False,False,False
2025-06-11 17:00:00+00:00,62.55,62.99,62.33,62.745,6012.0,,,,,,,,,,,,,62.3273029321115,62.91272424157191,62.90101705791048,59.72029945845877,58.228157482282676,57.217070293020114,56.74965153367843,55.214195575188285,,,,,55.214195575188285,,59.40880232177777,"rgba(239, 83, 80, 0.75)",1.2946458801357639,60.034001937367194,2.0940074071440393,42.73204605606255,-13.775734925744246,False,True,False,True,True,4.534660370204236,0.0,0.0,0.0,0.0,0,0.9816478995236033,0.9722282373321784,False,False,False,False,0.11349196532841196,0.1385816554492011,False,False,False,False,119381.0,125024.66011540021,False,False,False,False,5965.438604424445,False,False,False,False
2025-06-11 18:00:00+00:00,62.69,62.91,62.3,62.62,4131.0,,,,,,,,,,,,,62.34951204128077,62.908779189656144,62.89864214761479,59.732638687754815,58.24524685798372,57.23701392407556,56.77082551269291,55.23903970454701,,,,,55.23903970454701,,59.42271225820072,"rgba(239, 83, 80, 0.75)",1.280416412416968,60.042758382076705,2.0128152005318194,42.814546034061856,-13.230031093859836,False,True,False,True,True,4.083936286699469,0.0,0.0,0.0,0.0,0,0.9678042853987185,0.9972940136956041,False,False,False,False,0.10820449167936,0.12339307356428054,False,False,False,False,115250.0,124873.11499733198,False,False,False,False,5936.997695828717,False,False,False,False
2025-06-11 19:00:00+00:00,62.6,62.88,62.425,62.795,13943.0,,,,,,,,,,,,,62.42296984136528,62.899982902031425,62.89331737954072,59.77479786333583,58.303125000388256,57.30436171143969,56.842260362255914,55.322684277121986,,,,,55.322684277121986,,59.47043741718489,"rgba(239, 83, 80, 0.75)",1.2649941245447278,60.07429305914108,2.1507664644988838,43.87659523575449,-11.735953260733126,False,True,False,True,True,4.6534433798113035,0.0,0.0,0.0,0.0,0,0.9548961090151471,1.0086716594402836,False,False,False,False,0.11277058052705445,0.1180818270456675,False,False,False,False,129193.0,124940.08995861365,False,False,False,False,6061.121762560055,False,False,False,False
2025-06-12 14:00:00+00:00,62.535,62.775,62.205,62.715,9386.0,,,,,,,,,,,,,62.44053089981382,62.8907441530864,62.88749794788124,59.80123094223963,58.34007667250474,57.34765960152124,56.88830044916977,55.37693175503434,,,,,55.37693175503434,,59.4966215526564,"rgba(239, 83, 80, 0.75)",1.2494565232936872,60.092019398093484,2.099297216834797,44.17789142466623,-10.963786426735254,False,True,False,True,True,4.356166551465446,0.0,0.0,0.0,0.0,0,0.9544303797468353,0.9884106891701828,False,False,False,False,0.09716796008925448,0.107624893567461,False,False,False,False,119807.0,124860.50716855763,False,False,False,False,6112.670262365325,False,False,False,False
2025-06-12 15:00:00+00:00,62.725,63.065,62.635,63.045,9079.0,,,,,,,,,,,,,62.491215148270605,62.891374428426566,62.8879615295831,59.82950540370333,58.378126050992385,57.391632962610466,56.93483789779574,55.4311548567348,,,,,55.4311548567348,,59.52947603476463,"rgba(239, 83, 80, 0.75)",1.232366536090956,60.11548339310178,2.37714715638952,46.39619628481181,-8.46028772569305,False,True,False,True,True,5.448761650480133,0.0,0.0,0.0,0.0,0,0.9682801822323462,0.986788154897494,False,False,False,False,0.13180840804474472,0.11971665080610286,False,False,False,False,128886.0,124922.91791013037,False,False,False,False,6158.659870700746,False,False,False,False
2025-06-12 16:00:00+00:00,63.055,63.32,62.915,63.04,10373.0,,,,,,,,,,,,,62.55652788263916,62.89714925203046,62.891810504578764,59.863001737919035,58.422494069872954,57.44261111527835,56.98868120478792,55.4935992993491,,,,,55.4935992993491,,59.56948438330697,#000000,1.2146441291003303,60.14499927914029,2.3834147397592016,47.843468872234965,-6.78095897841817,False,False,False,False,True,5.429529382294049,0.0,0.0,0.0,0.0,0,0.9865168539325844,0.9691731489484298,False,False,False,False,0.15774884636061426,0.13873274858335854,False,False,False,False,118513.0,124823.53933788028,False,False,False,False,6223.998477356548,False,False,False,False
2025-06-12 17:00:00+00:00,63.04,63.12,62.365,62.955,15875.0,,,,,,,,,,,,,62.59317677852792,62.89360717496033,62.889604961810676,59.90864749122962,58.48484860263147,57.515128934417724,57.06560841476719,55.583788865207616,,,,,55.583788865207616,,59.61680140294407,#000000,1.2135555570667662,60.18014703827889,2.2865479421709285,48.22591611257066,-6.103263405784823,False,False,False,False,True,5.097365642644082,0.0,0.0,0.0,0.0,0,0.9710345623449311,0.975881368645779,False,False,False,False,0.12143513413755298,0.13008394136045576,False,False,False,False,102638.0,124479.57748768058,False,False,False,False,6373.626407940167,False,False,False,False
2025-06-12 18:00:00+00:00,62.955,63.23,62.87,63.14,8147.0,,,,,,,,,,,,,62.62639800032388,62.8975638142833,62.89231198924507,59.93362927377492,58.51809546497907,57.55342481929889,57.10609880909589,55.630891939370535,,,,,55.630891939370535,,59.644801763796444,#000000,1.210476322744673,60.201611489609135,2.4274646725251663,49.80304767311834,-4.321718887887187,False,False,False,False,True,5.732684545347727,0.0,0.0,0.0,0.0,0,0.9786347055758208,0.9701812286491809,False,False,False,False,0.15118458820898903,0.1406342647847224,False,False,False,False,110785.0,124267.25845686383,False,False,False,False,6401.120572158149,False,False,False,False
2025-06-12 19:00:00+00:00,63.155,63.305,62.97,63.16,16553.0,,,,,,,,,,,,,62.68954705174135,62.90779441603869,62.89940666586382,59.98421785131842,58.58512752043994,57.63052933821165,57.187587432549286,55.725614704118854,,,,,55.725614704118854,,59.70122812253525,#000000,1.2079490212071762,60.2456302712268,2.4126595391092667,51.00137918600893,-2.9474055711414664,False,False,False,False,True,5.802062832548479,0.0,0.0,0.0,0.0,1,0.981063238359972,0.9644429001621494,False,False,False,False,0.15969637896664982,0.1501653218756861,False,False,False,False,127338.0,124314.86685288145,False,False,False,False,6558.514051659573,False,False,False,False
2025-06-13 14:00:00+00:00,61.18,61.515,60.625,61.41,4228.0,,,,,,,,,,,,61.18333333333333,62.644113593071125,62.889773071627914,62.88718758122275,59.98902333774085,58.59470651018527,57.642998814862295,57.201312070479204,55.74313132053073,,,,,55.74313132053073,,59.86395329256149,"rgba(239, 83, 80, 1.0)",1.2244885860206443,60.56627556718233,0.689042300965508,43.26062536399188,-2.2870942414093207,False,True,False,True,False,0.0,0.0,0.0,0.0,0.0,1,0.9759124914985264,0.9636136930401269,True,False,False,False,-0.038003901449437286,0.056080710213124406,False,False,False,False,123110.0,124296.18674663523,False,False,False,False,6522.382050858649,False,False,False,False
2025-06-13 15:00:00+00:00,61.46,61.58,61.255,61.42,3184.0,,,,,,,,,,,,61.28428314445044,62.61688752316575,62.87828334081322,62.87935333758815,59.99332396836512,58.60252436186959,57.65295113010208,57.21219197235256,55.75681522579273,,,,,55.75681522579273,,59.875179333833294,"rgba(239, 83, 80, 1.0)",1.2392482354987358,60.56985608249313,0.6860158385980909,38.17414368086965,-6.720781764036296,False,True,False,True,False,0.0,0.0,0.0,0.0,0.0,0,0.9865478487910092,0.957032580315586,False,False,False,False,-0.004985657495977767,0.025547526358573318,False,False,False,False,126294.0,124327.1605955246,False,False,False,False,6470.624189605026,False,False,False,False
2025-06-13 16:00:00+00:00,61.42,61.55,61.165,61.43,2481.0,,,,,,,,,,,,61.30870531352135,62.595873047982145,62.869232327098004,62.873154762500555,59.996571392880035,58.60850721957862,57.66059459845038,57.22055728207631,55.76736342456296,,,,,55.76736342456296,,59.87783992985003,"rgba(239, 83, 80, 1.0)",1.2545727423164066,60.569862367738814,0.6856020406381956,34.865887141354946,-9.484627369086326,False,True,False,True,False,0.0,0.0,0.0,0.0,0.0,0,0.9885306704707559,0.9585734664764621,False,False,False,False,-0.024990212988827525,0.00027865668487289663,False,False,False,False,128775.0,124396.11934598158,False,False,False,False,6408.769551006498,False,False,False,False
2025-06-13 17:00:00+00:00,61.425,61.44,61.2,61.32,1792.0,,,,,,,,,,,,61.310437455427184,62.580385291912776,62.86249447456603,62.86852562012888,59.99880353082246,58.61271683878271,57.666004762537284,57.226489373642906,55.774874288346886,,,,,55.774874288346886,,59.877859070685226,"rgba(239, 83, 80, 1.0)",1.2715350480328582,60.56893625399109,0.5906748281699754,32.27512098462566,-11.693873331667646,False,True,False,True,False,0.0,0.0,0.0,0.0,0.0,0,0.9828600811289493,0.9601211220933553,False,False,False,False,-0.05845936555297611,-0.029090354434051606,False,False,False,False,126983.0,124436.22602278808,False,False,False,False,6337.191728510273,False,False,False,False
2025-06-13 18:00:00+00:00,61.33,61.35,61.02,61.195,3540.0,,,,,,,,,,,,61.28204674329502,62.54778583745688,62.848233403276765,62.85869093365258,60.00275370727534,58.62059184516612,57.67626195496087,57.23778228601936,55.789301148082345,,,,,55.789301148082345,,59.87371642879836,"rgba(239, 83, 80, 1.0)",1.2871339241649584,60.56488547577544,0.48954853290294015,30.09905129008336,-13.649403359849288,False,True,False,True,False,0.0,0.0,0.0,0.0,0.0,0,0.9779196135932376,0.9698694727157723,False,False,False,False,-0.07916372480747562,-0.05412703962076361,False,False,False,False,123443.0,124420.82716972158,False,False,False,False,6293.8244148899585,False,False,False,False
2025-06-13 19:00:00+00:00,61.195,61.23,60.76,61.11,11572.0,,,,,,,,,,,,61.17464249729447,62.440094580588585,62.799065147904166,62.8244202043834,60.013820934918606,58.64446811764491,57.70791749748007,57.27282200833139,55.83459094924536,,,,,55.83459094924536,,59.856871326421214,"rgba(239, 83, 80, 1.0)",1.3060439026591808,60.54912517935694,0.42944561013690585,28.333958275286783,-15.346903500698076,False,True,False,True,False,0.0,0.0,0.0,0.0,0.0,0,0.9666992019291496,0.9732445312051444,False,False,False,False,-0.0999982463870069,-0.07706264300388525,False,False,False,False,111871.0,124226.25620584993,True,False,False,False,6375.6565945040675,True,False,False,False
2025-06-16 14:00:00+00:00,63.825,63.945,63.115,63.945,6950.0,,,,,,,,,,,,61.68820374156716,62.490400789301,62.81298237793792,62.83382999255586,60.037240081915364,58.674150350272576,57.741482721190096,57.30808638219044,55.875014447258444,,,,,55.875014447258444,,59.94015454268765,"rgba(239, 83, 80, 0.75)",1.3082070702821802,60.59647595769481,2.5596284551366297,41.66645832749286,-15.776423812108867,False,True,False,True,True,7.951381847135817,0.0,0.0,0.0,0.0,0,0.9760969588149478,0.9637526652452026,False,False,False,False,0.17793598198642693,0.05043666949127084,False,False,False,False,118821.0,124142.45378405381,False,False,False,False,6384.561143426485,False,False,False,False
2025-06-16 15:00:00+00:00,63.94,64.07,63.51,63.54,12921.0,,,,,,,,,,,,62.24705690551698,62.57646195563878,62.83881426955427,62.85155619281738,60.08044245549931,58.72882811026287,57.80328791263661,57.37301355619675,55.9494332685677,,,,,55.9494332685677,,60.0498771807434,#000000,1.3083217260048403,61.052009453150085,1.901665696898096,48.61617798925067,-9.943156936918186,False,False,False,False,True,6.424960990671185,0.0,0.0,0.0,0.0,0,0.9830938292476751,0.9610594533671455,False,False,False,False,0.19092348668698744,0.12068007808912914,False,False,False,False,105900.0,123859.62504321575,False,False,False,False,6485.901280737702,False,False,False,False
2025-06-16 16:00:00+00:00,63.59,63.68,63.29,63.345,1766.0,,,,,,,,,,,,62.29049321413331,62.58471731218777,62.84117342902919,62.85318041938678,60.08583721714437,58.73581125331547,57.811256448609726,57.38141374906025,55.959146826387794,,,,,55.959146826387794,,60.06033665213941,"rgba(38, 166, 154, 1.0)",1.3076904439869712,61.05670913439708,1.7498719793548603,52.33095587253115,-6.972013228321963,True,False,True,False,True,5.695414395471069,0.0,0.0,0.0,0.0,0,0.9781097385808674,0.9877621373168628,False,False,False,False,0.15247816027101865,0.1365791191800739,False,False,False,False,104134.0,123553.80139913489,False,False,False,False,6412.724516695257,False,False,False,False
2025-06-16 17:00:00+00:00,63.345,63.345,62.99,63.015,1471.0,,,,,,,,,,,,62.31484550646228,62.58892781938972,62.84207347778515,62.85378653178329,60.089887714577124,58.74121531737779,57.817498262443436,57.388022347850786,55.966871424124015,,,,,55.966871424124015,,60.067014266865954,"rgba(38, 166, 154, 1.0)",1.3070102152241379,61.05816238527766,1.497186167276254,53.2654761262165,-6.234752107768948,True,False,True,False,True,4.465911382873436,0.0,0.0,0.0,0.0,0,0.9644220756681708,0.9961818812912185,False,False,False,False,0.11292541401950433,0.12475226659978911,False,False,False,False,102663.0,123229.91300534985,False,False,False,False,6336.108632715485,False,False,False,False
2025-06-16 18:00:00+00:00,63.015,63.155,62.475,62.6,10008.0,,,,,,,,,,,,62.38642106053777,62.59681791182455,62.839926458553336,62.852084515058856,60.11379667627021,58.77452392179104,57.85661331543323,57.42967903533652,56.016265373360966,,,,,56.016265373360966,,60.09623647424072,"rgba(38, 166, 154, 1.0)",1.3070687065342617,61.0584416233277,1.179401181411339,52.074452034467114,-6.234752107768948,True,False,True,False,True,2.941997746443974,0.0,0.0,0.0,0.0,0,0.9574726609963546,0.9964126598391483,False,False,False,False,0.06941586270271746,0.09708406465125329,False,False,False,False,92655.0,122755.88334635217,False,False,False,False,6393.037181045478,False,False,False,False
2025-06-16 19:00:00+00:00,62.605,62.755,62.42,62.74,7009.0,,,,,,,,,,,,62.41280480758693,62.598252300836506,62.836902589717766,62.849802381275175,60.12962769975608,58.79691458515399,57.88305861139694,57.45790019609058,56.04989807815496,,,,,56.04989807815496,,60.11279569444098,"rgba(38, 166, 154, 1.0)",1.307945307696569,61.06127981070764,1.2834788881568515,51.885940041439575,-6.234752107768948,True,False,True,False,True,3.41455894031926,0.0,0.0,0.0,0.0,0,0.9526815707170156,1.0019691879995365,False,False,False,False,0.04148413550111452,0.06928410007618391,False,False,False,False,99664.0,122397.8696510599,False,False,False,False,6402.58699219206,False,False,False,False
2025-06-17 14:00:00+00:00,63.37,63.37,62.97,63.01,788.0,,,,,,,,,,,,62.42099625855363,62.60025825480768,62.83737358609351,62.85012232397291,60.13173211908481,58.799727116615784,57.886310724871294,57.46134509752723,56.05393092079855,,,,,56.05393092079855,,60.115755155813936,"rgba(38, 166, 154, 1.0)",1.307872238710776,61.06309098943167,1.4886079488065864,52.93456046043906,-5.4541191180350665,True,False,True,False,True,4.326656156815655,0.0,0.0,0.0,0.0,0,0.9584872979214779,0.994515011547344,False,False,False,False,0.11323532387523434,0.09125971197570912,False,False,False,False,100452.0,122057.62360995819,False,False,False,False,6315.539131847997,False,False,False,False
2025-06-17 15:00:00+00:00,63.01,63.51,63.01,63.455,2003.0,,,,,,,,,,,,62.44697017294717,62.60731706150841,62.83945143052054,62.85156509281422,60.137440388219545,58.80720398810623,57.89488757948353,57.470404647908744,56.06446299431333,,,,,56.06446299431333,,60.12441148398019,"rgba(38, 166, 154, 1.0)",1.3075355127546864,61.06908313426906,1.8247434524392727,55.413093424724586,-2.5455349387274495,True,False,True,False,True,5.8092915850108255,0.0,0.0,0.0,0.0,0,0.9633765332099052,0.9920735940754455,False,False,False,False,0.12440698641997566,0.10783334919784239,False,False,False,False,102455.0,121753.70696484255,False,False,False,False,6248.6780600364,False,False,False,False
2025-06-17 16:00:00+00:00,63.61,63.63,62.95,62.95,1807.0,,,,,,,,,,,,62.465406436428026,62.612276184691886,62.840742780305575,62.852453726043656,60.14233377468613,58.813707284026364,57.90239125090873,57.47834723957508,56.073744744068094,,,,,56.073744744068094,,60.13126704674817,"rgba(38, 166, 154, 1.0)",1.3077166401053228,61.073466084102336,1.4349698232382606,54.41694617679119,-2.5455349387274495,True,False,True,False,True,3.8927376234093636,0.0,0.0,0.0,0.0,0,0.9765857067971345,0.9861960510221911,False,False,False,False,0.11907852669079542,0.11345593794431891,False,False,False,False,100648.0,121426.48670182173,False,False,False,False,6179.814834299402,False,False,False,False
2025-06-17 17:00:00+00:00,62.95,63.02,62.57,62.635,1319.0,,,,,,,,,,,,62.47040907572408,62.61309363694129,62.84046660805715,62.852233121980674,60.14538507474907,58.81797001131576,57.907404397764374,57.483689387066335,56.08009058680783,,,,,56.08009058680783,,60.13452687782295,"rgba(38, 166, 154, 1.0)",1.2985747835477226,61.07473926533495,1.2015178135543323,52.27537135545424,-2.5455349387274495,True,False,True,False,True,2.7195083339812847,0.0,0.0,0.0,0.0,0,0.9662764284466188,0.9928359252140485,False,False,False,False,0.05532257830570876,0.08438925812501383,False,False,False,False,99329.0,121083.89000877023,False,False,False,False,6104.453364000186,False,False,False,False
2025-06-17 18:00:00+00:00,62.635,62.635,62.36,62.56,2516.0,,,,,,,,,,,,62.472009200893545,62.611965271138764,62.838762844121575,62.850969666343815,60.150686660000844,58.82561422249226,57.91649781295309,57.49341799578565,56.09175718655406,,,,,56.09175718655406,,60.139075651142626,#000000,1.2911561548526054,61.07547198648365,1.1497664383482902,50.49338557443059,-2.5455349387274495,True,False,False,False,False,2.4397169986310665,0.0,0.0,0.0,0.0,0,0.962788259958071,0.9961565338923828,False,False,False,False,-0.0008448610132062248,0.0417721985559038,False,False,False,False,96813.0,120707.5971404172,False,False,False,False,6048.818428124215,False,False,False,False
2025-06-17 19:00:00+00:00,62.55,62.565,62.09,62.22,7346.0,,,,,,,,,,,,62.455990092824344,62.601203683376,62.83044285960737,62.84485800179097,60.16456209505526,58.84639453750284,57.941546222798955,57.520337166135015,56.124386722758494,,,,,56.124386722758494,,60.14774682020547,"rgba(239, 83, 80, 0.5)",1.2947557006330865,61.073812772970314,0.8852536632734985,47.71792512935633,-2.5455349387274495,True,False,False,True,False,1.171227866119544,0.0,0.0,0.0,0.0,0,0.9573923166472641,1.0012805587892897,False,False,False,False,-0.029540333634873545,0.006115932460515127,False,False,False,False,89467.0,120223.24679715492,False,False,False,False,6068.929770323839,False,False,False,False
2025-06-18 14:00:00+00:00,62.1,63.0,61.925,62.995,2147.0,,,,,,,,,,,62.63999999999999,62.46064629297881,62.60158095056923,62.82960014866815,62.84420583058648,60.16924208922761,58.85303028648911,57.94939487953948,57.528718051063414,56.13439350531803,,,,,56.13439350531803,,60.40108120344403,#000000,1.2891467357534825,61.3882389147815,1.2463756379752782,49.84833830330527,-2.5455349387274495,True,False,False,False,False,3.880835152603339,0.0,0.0,0.0,0.0,0,0.9541967118546294,0.9963657340640323,False,False,False,False,-0.01603094681459564,-0.004957507177040257,False,False,False,False,91614.0,119779.69258324553,False,False,False,False,6008.12465760564,False,False,False,False
2025-06-18 15:00:00+00:00,62.995,63.1,62.76,62.81,2267.0,,,,,,,,,,,62.7683982782057,62.47181939581778,62.6045122855153,62.82988104420704,62.84435925021724,60.174662554420316,58.860472658420676,57.958093985973655,57.53796900700481,56.145331035838886,,,,,56.145331035838886,,60.419549949562146,#000000,1.2796669576573734,61.397879502851445,1.1035062589516729,50.32098072716537,-2.5455349387274495,True,False,False,False,False,3.181909581641566,0.0,0.0,0.0,0.0,0,0.9632535333141047,0.9962503605422557,False,False,False,False,0.0437199687309152,0.019381230776937472,False,False,False,False,89347.0,119307.86789203243,False,False,False,False,5950.1227249295835,False,False,False,False
2025-06-18 16:00:00+00:00,62.795,63.06,62.795,63.01,2027.0,,,,,,,,,,,62.82712234125136,62.482806439912345,62.60766865409932,62.83039916634492,62.84468968753637,60.1796064974222,58.867210900177,57.96594841687113,57.54631373115273,56.15517465764498,,,,,56.15517465764498,,60.43069404924124,#000000,1.2785225143959633,61.404028955243106,1.2561147939703128,51.611759262221966,-2.5455349387274495,True,False,False,False,True,3.8770957201313365,0.0,0.0,0.0,0.0,0,0.96044071968587,1.0096700462990094,False,False,False,False,0.04336407417616648,0.03137265247655198,False,False,False,False,91374.0,118874.78466890015,False,False,False,False,5889.29911679114,False,False,False,False
2025-06-18 17:00:00+00:00,63.04,63.14,62.63,62.78,2710.0,,,,,,,,,,,62.83389738826358,62.49364011308046,62.61055163870974,62.83050708619719,62.84471080680879,60.18593987689899,58.87595451843917,57.9761907197641,57.557214333927426,56.16808819433275,,,,,56.16808819433275,,60.437669467642216,#000000,1.2542070751614107,61.407860203835945,1.0940297047738055,51.16978540375879,-2.5455349387274495,True,False,False,False,True,2.9911959373008052,0.0,0.0,0.0,0.0,0,0.9520117474302495,1.0116886930983846,False,False,False,False,0.03731547243450085,0.03434406245552642,False,False,False,False,88664.0,118406.40041046758,False,False,False,False,5840.007657616083,False,False,False,False
2025-06-18 18:00:00+00:00,62.84,63.145,62.265,62.27,3741.0,,,,,,,,,,,62.75441785603475,62.49623708500273,62.60973484586722,62.82846659152349,62.8431562612201,60.1936871848776,58.88708549109112,57.98942215332684,57.57136811791051,56.185062822741656,,,,,56.185062822741656,,60.4358638409596,"rgba(239, 83, 80, 0.5)",1.20547157980903,61.4058982470435,0.7168163625171411,48.319859062880866,-2.5455349387274495,True,False,False,True,False,1.05835169660849,0.0,0.0,0.0,0.0,1,0.9491644267850883,1.007303961668809,False,False,False,False,0.01172281163716541,0.023033437046345914,False,False,False,False,84923.0,117887.27792348359,False,False,False,False,5807.464903234438,False,False,False,False
2025-06-18 19:00:00+00:00,62.27,63.01,62.27,62.7,9790.0,,,,,,,,,,,62.71366524116039,62.51145053439992,62.611774012868,62.82520540193885,62.84057605361007,60.214570967072305,58.91668330851945,58.02443904884654,57.608766523957634,56.229750962702816,,,,,56.229750962702816,,60.449688205507606,#000000,1.1787214099013,61.41195850326924,1.0927446349164192,48.836205451547066,-2.5455349387274495,True,False,False,False,False,2.602005882943832,0.0,0.0,0.0,0.0,1,0.9515261372938839,1.0108174482516665,False,False,False,False,0.002486542638410006,0.01275998984237796,False,False,False,False,94713.0,117527.98679288694,False,False,False,False,5869.209633416849,False,False,False,False
2025-06-19 14:00:00+00:00,62.7,62.7,62.7,62.7,0.0,,,,,,,,,,,62.71366524116039,62.51145053439992,62.611774012868,62.82520540193885,62.84057605361007,60.214570967072305,58.91668330851945,58.02443904884654,57.608766523957634,56.229750962702816,,,,,56.229750962702816,,60.449688205507606,#000000,1.1276302505606721,61.41195850326924,1.1422551816877318,49.18043637732453,-2.5455349387274495,True,False,False,False,False,2.602005882943832,0.0,0.0,0.0,0.0,1,0.962137296532201,1.0077848549186128,False,False,False,False,0.01101227847986123,0.011886134161119595,False,False,False,False,94713.0,117174.26606741581,False,False,False,False,5778.21413522434,False,False,False,False
2025-06-19 15:00:00+00:00,62.7,62.7,62.7,62.7,0.0,,,,,,,,,,,62.71366524116039,62.51145053439992,62.611774012868,62.82520540193885,62.84057605361007,60.214570967072305,58.91668330851945,58.02443904884654,57.608766523957634,56.229750962702816,,,,,56.229750962702816,,60.449688205507606,#000000,1.073799946136086,61.41195850326924,1.1995171925325514,49.40992366117618,-2.5455349387274495,True,False,False,False,False,2.602005882943832,0.0,0.0,0.0,0.0,0,0.9644636924537257,1.0025510204081634,False,False,False,False,0.01101227847986123,0.011449206320490412,False,False,False,False,94713.0,116826.02938420005,False,False,False,False,5688.629419949543,False,False,False,False
2025-06-19 16:00:00+00:00,62.7,62.7,62.7,62.7,0.0,,,,,,,,,,,62.71366524116039,62.51145053439992,62.611774012868,62.82520540193885,62.84057605361007,60.214570967072305,58.91668330851945,58.02443904884654,57.608766523957634,56.229750962702816,,,,,56.229750962702816,,60.449688205507606,#000000,1.0475817584026914,61.41195850326924,1.229537920452829,49.56291518374395,-2.5455349387274495,True,False,False,False,False,2.602005882943832,0.0,0.0,0.0,0.0,0,0.9576541242799361,1.0213874249295258,False,False,False,False,0.01101227847986123,0.011230742400175821,False,False,False,False,94713.0,116483.19171932872,False,False,False,False,5600.433614989085,False,False,False,False
2025-06-19 17:00:00+00:00,62.7,62.7,62.7,62.7,0.0,,,,,,,,,,,62.71366524116039,62.51145053439992,62.611774012868,62.82520540193885,62.84057605361007,60.214570967072305,58.91668330851945,58.02443904884654,57.608766523957634,56.229750962702816,,,,,56.229750962702816,,60.449688205507606,#000000,1.048530619227209,61.41195850326924,1.2284252582724564,49.66490953212246,-2.5455349387274495,True,False,False,False,False,2.602005882943832,0.0,0.0,0.0,0.0,1,0.9446947719276589,1.0230232701685082,False,False,False,False,0.01101227847986123,0.011121510440018526,False,False,False,False,94713.0,116145.66936709106,False,False,False,False,5513.605186849719,False,False,False,False
2025-06-19 18:00:00+00:00,62.7,62.7,62.7,62.7,0.0,,,,,,,,,,,62.71366524116039,62.51145053439992,62.611774012868,62.82520540193885,62.84057605361007,60.214570967072305,58.91668330851945,58.02443904884654,57.608766523957634,56.229750962702816,,,,,56.229750962702816,,60.449688205507606,#000000,1.0468138402857263,61.41195850326924,1.230439880675626,49.7329057643748,-2.5455349387274495,True,False,False,False,False,2.602005882943832,0.0,0.0,0.0,0.0,1,0.9498817083800273,1.0189266591956168,False,False,False,False,0.01101227847986123,0.011066894459939879,False,False,False,False,94713.0,115813.37991953925,False,False,False,False,5428.122935890809,False,False,False,False
2025-06-19 19:00:00+00:00,62.7,62.7,62.7,62.7,0.0,,,,,,,,,,,62.71366524116039,62.51145053439992,62.611774012868,62.82520540193885,62.84057605361007,60.214570967072305,58.91668330851945,58.02443904884654,57.608766523957634,56.229750962702816,,,,,56.229750962702816,,60.449688205507606,#000000,1.0477879186744123,61.41195850326924,1.2292959994807944,49.77823658587636,-2.5455349387274495,True,False,False,False,False,2.602005882943832,0.0,0.0,0.0,0.0,1,0.963498579096937,1.0104199557941267,False,False,False,False,0.01101227847986123,0.011039586469900553,False,False,False,False,94713.0,115486.2422463681,False,False,False,False,5343.965991148315,False,False,False,False
2025-06-20 14:00:00+00:00,62.96,62.98,62.3,62.67,1709.0,,,,,,,,,,,62.709204419662996,62.513661540233315,62.6120428189545,62.824615331306184,62.84010854040677,60.21816559847789,58.92178885921874,58.030484974192596,57.61522591262493,56.23747679079491,,,,,56.23747679079491,,60.45227747858728,#000000,1.049389410625374,61.413134903838795,1.197710862559771,49.48089276690605,-2.5455349387274495,True,False,False,False,False,2.4720260212971006,0.0,0.0,0.0,0.0,1,0.9608152448258455,0.9979808177688039,False,False,False,False,0.002486542638410006,0.00676306455415528,False,False,False,False,93004.0,115137.68035107557,False,False,False,False,5287.609929270046,False,False,False,False
2025-06-20 15:00:00+00:00,62.67,62.76,62.38,62.43,1633.0,,,,,,,,,,,62.697541051849576,62.51380680616233,62.611450731070626,62.823648883397446,62.83936773518777,60.221412083991645,58.926489028743426,58.036089284636695,57.621227710870144,56.24469621682653,,,,,56.24469621682653,,60.45357295327362,"rgba(239, 83, 80, 0.5)",1.053232719848609,61.41341532063806,0.9652042328385546,46.828009981178226,-0.8595314167507269,True,False,False,True,False,1.4270314705022429,0.0,0.0,0.0,0.0,1,0.9682338796431057,0.9941150414478264,False,False,False,False,-0.007459779330505926,-0.00034835738817532314,False,False,False,False,91371.0,114769.20468671781,False,False,False,False,5230.949310211596,False,False,False,False
2025-06-20 16:00:00+00:00,62.47,62.53,62.29,62.29,1253.0,,,,,,,,,,,62.68249508132615,62.512168388223095,62.6102204876713,62.822535044523754,62.83852701326635,60.223731399838314,58.92993376860432,58.04023338054567,57.625679209721234,56.2500894372129,,,,,56.2500894372129,,60.45356132109331,"rgba(239, 83, 80, 0.5)",1.0584348975869842,61.412894376882775,0.8286816932405062,43.81429343403755,-3.6785157575150365,False,False,False,True,False,0.8182887116544535,0.0,0.0,0.0,0.0,0,0.9668176887243954,1.0018505519749854,False,False,False,False,-0.030202943719923315,-0.015275650554049319,False,False,False,False,90118.0,114387.0154667687,False,False,False,False,5169.275677495137,False,False,False,False
2025-06-20 17:00:00+00:00,62.35,62.37,61.55,61.765,2183.0,,,,,,,,,,,62.624141321565965,62.50015638234324,62.60392735456132,62.81858427477839,62.83559177756052,60.22686858168492,58.93509241519064,58.04664440889092,57.632640306659134,56.25873542407611,,,,,56.25873542407611,,60.44823822473112,"rgba(239, 83, 80, 1.0)",1.0676988938485745,61.4080656650617,0.33430243020268946,38.339945094178915,-8.581088283644831,False,True,False,True,False,0.0,0.0,0.0,0.0,0.0,0,0.9576722934382534,0.998350044421881,False,False,False,False,-0.09441301207070536,-0.05484433131237734,False,False,False,False,87935.0,113976.90669984205,False,False,False,False,5122.976829782034,False,False,False,False
2025-06-20 18:00:00+00:00,61.765,62.115,61.61,61.65,2449.0,,,,,,,,,,,62.56024930270457,62.48501729052148,62.59598788394018,62.81370054379735,62.831961164262644,60.23015689503232,58.94065703005788,58.05361885156976,57.640233980562265,56.268226211188605,,,,,56.268226211188605,,60.44198091536369,"rgba(239, 83, 80, 1.0)",1.078160357625109,61.40228996816289,0.2297524946871036,34.11068016127889,-12.144648867355443,False,True,False,True,False,0.0,0.0,0.0,0.0,0.0,0,0.9617340452580725,1.0013984235952198,False,False,False,False,-0.10840980265955306,-0.0816270669859652,False,False,False,False,85486.0,113535.18721612355,False,False,False,False,5081.519824669133,False,False,False,False
2025-06-20 19:00:00+00:00,61.655,61.96,61.29,61.95,6695.0,,,,,,,,,,,62.41683923082237,62.44353075580837,62.573536545070034,62.79983491931435,62.821614188421805,60.23874305230874,58.955450339430946,58.07225797868786,57.66056279301061,56.2937341668462,,,,,56.2937341668462,,60.42761039697213,"rgba(239, 83, 80, 1.0)",1.073643611074529,61.38791864863062,0.5235269372178736,35.18367351290929,-12.144648867355443,False,True,False,True,False,0.0,0.0,0.0,0.0,0.0,0,0.9574927039715773,1.0021570866641292,False,False,False,False,-0.14269371269148748,-0.11216038983872634,False,False,False,False,92181.0,113204.11454610614,False,False,False,False,5106.53502118589,False,False,False,False
2025-06-23 14:00:00+00:00,61.32,61.92,61.27,61.56,2567.0,,,,,,,,,,,62.36487037801688,62.42570488084475,62.5637530807651,62.793877966862595,62.8171587357654,60.24168140569589,58.96077687551604,58.07906385780716,57.66801872049087,56.30318344238165,,,,,56.30318344238165,,60.42180893441463,"rgba(239, 83, 80, 1.0)",1.0681386226116323,61.381999973720085,0.1666450613354867,33.5746167151924,-12.144648867355443,False,True,False,True,False,0.0,0.0,0.0,0.0,0.0,0,0.9512025755949751,1.0051764408812573,False,False,False,False,-0.147046456309028,-0.12960342307387718,False,False,False,False,89614.0,112838.37633608899,False,False,False,False,5067.162385198511,False,False,False,False
2025-06-23 15:00:00+00:00,61.63,61.775,61.41,61.42,2045.0,,,,,,,,,,,62.32560054917931,62.41123907018116,62.55571889384494,62.78898613375494,62.81349403242772,60.243929070805684,58.964926910588844,58.084392383952434,57.67386515625906,56.31061839294209,,,,,56.31061839294209,,60.41727705939361,"rgba(239, 83, 80, 1.0)",1.07477970506145,61.377291446321614,0.039737030274446736,31.792111539429328,-13.680522167819923,False,True,False,True,False,0.0,0.0,0.0,0.0,0.0,0,0.9581301070501045,1.0061442959396971,False,False,False,False,-0.14740943255427544,-0.1385064278140763,False,False,False,False,87569.0,112446.60305956048,False,False,False,False,5020.307154420239,False,False,False,False
2025-06-23 16:00:00+00:00,61.42,61.42,60.275,60.5,2322.0,,,,,,,,,,60.73166666666666,62.24432525217035,62.38082736141112,62.53968633522345,62.779948668276,62.80675956162346,60.24488963206353,58.96815505389984,58.08901885217587,57.67910541105111,56.31774068086871,,,,,56.31774068086871,,60.434738497766375,"rgba(239, 83, 80, 1.0)",1.1067209215496778,61.51899449541668,-0.9207330191154588,27.390671162022535,-17.721873010201122,False,True,False,True,False,0.0,0.0,0.0,0.0,0.0,0,0.9513238161121942,1.0026413433117416,False,False,False,False,-0.2577679893504842,-0.19813720858228023,False,False,False,False,85247.0,112024.90378731924,False,False,False,False,4978.472934971864,False,False,False,False
2025-06-23 17:00:00+00:00,60.52,61.585,60.5,61.49,2399.0,,,,,,,,,,60.96541799053873,62.191645110596546,62.358989944222465,62.52755513416384,62.7727728079972,62.80137964877298,60.246812156223776,58.97234461555137,58.09461085918008,57.68531362659408,56.3258394493761,,,,,56.3258394493761,,60.449334667565196,"rgba(239, 83, 80, 0.75)",1.1007255878816462,61.52311826083646,-0.030087663266006457,32.39381153816302,-23.028917396532695,False,True,False,True,True,0.0,0.0,0.0,0.0,0.0,0,0.9517305893358277,1.0013719987527283,False,False,False,False,-0.22838938250077176,-0.213263295541526,False,False,False,False,87646.0,111646.93628674065,False,False,False,False,4938.481106522688,False,False,False,False
2025-06-23 18:00:00+00:00,61.48,61.51,61.34,61.43,3005.0,,,,,,,,,,61.144819009405474,62.14652006203133,62.33802639619485,62.51528365518961,62.765197696469876,62.79566755023477,60.249805547816266,58.97812359513292,58.10211640632049,57.69357829397191,56.336434228282435,,,,,56.336434228282435,,60.460506585549986,"rgba(239, 83, 80, 0.75)",1.079564380780431,61.52526752925519,-0.0882462694687265,35.45289431634472,-20.40140852720974,False,True,False,True,True,0.0,0.0,0.0,0.0,0.0,0,0.9611407082419303,1.0051394547163899,False,False,False,False,-0.17182185564922642,-0.19254257559537621,False,False,False,False,84641.0,111228.2396001245,False,False,False,False,4908.50465525877,False,False,False,False
2025-06-23 19:00:00+00:00,61.45,61.905,61.45,61.81,4863.0,,,,,,,,,,61.36764927052718,62.109497177672246,62.31638576427496,62.50122124044281,62.75578015112292,62.78849394355188,60.25582396432168,58.98853812002001,58.11526272792004,57.70792676772119,56.35447512719197,,,,,56.35447512719197,,60.47827765952427,"rgba(239, 83, 80, 0.75)",1.0751771821288623,61.53032145440251,0.2601232152673895,39.873798997690116,-16.464629501926296,False,True,False,True,True,0.0,0.0,0.0,0.0,0.0,0,0.9559772058363076,1.004320871688897,False,False,False,False,-0.13508921397485332,-0.16381589478511477,False,False,False,False,89504.0,110891.42968384351,False,False,False,False,4907.799156727626,False,False,False,False
2025-06-24 14:00:00+00:00,62.055,62.645,62.055,62.325,1920.0,,,,,,,,,,61.496542605738966,62.11721940233867,62.316731422006384,62.50011276150499,62.754309857765875,62.78731870567556,60.259185930643824,58.993556048150666,58.12131467711785,57.714434429503136,56.362383730343325,,,,,56.362383730343325,,60.49300996098084,"rgba(239, 83, 80, 0.5)",1.054366010777224,61.53784194181611,0.7465700242021641,45.507301580116504,-11.45078045763755,True,False,False,True,True,1.3178624481048686,0.0,0.0,0.0,0.0,0,0.9602095546962705,0.997630036173132,False,False,False,False,-0.038738425198147186,-0.10127715999163098,False,False,False,False,91424.0,110589.60906859011,False,False,False,False,4861.476689181461,False,False,False,False
2025-06-24 15:00:00+00:00,62.325,62.455,62.065,62.08,775.0,,,,,,,,,,61.532212553432785,62.11831606837607,62.31609072645851,62.4992735200019,62.753516597421,62.78669583256927,60.26044779813221,58.99549173947273,58.123670778626284,57.716975781837725,56.365494595249416,,,,,56.365494595249416,,60.49710781741617,#000000,1.034264211629242,61.53975099134029,0.5223510613488894,47.79487992239173,-9.51021493248777,True,False,False,False,True,0.2923590256792288,0.0,0.0,0.0,0.0,0,0.9576805442856251,1.0020597965170712,False,False,False,False,-0.05155262427512461,-0.0764148921333778,False,False,False,False,90649.0,110280.45233884452,False,False,False,False,4798.120461442213,False,False,False,False
2025-06-24 16:00:00+00:00,62.08,62.27,62.05,62.16,772.0,,,,,,,,,,61.56239764989205,62.11885898906735,62.31524195915186,62.498331066428676,62.75267172147422,62.78603447003145,60.26167726114224,58.99739357605426,58.1259920512242,57.71948187329171,56.36856890129909,,,,,56.36856890129909,,60.50060450173246,#000000,1.0021424661793978,61.54130152606653,0.6173757672321886,49.75983271032243,-7.671641832115242,True,False,False,False,True,0.6253509281492668,0.0,0.0,0.0,0.0,0,0.9549953314659198,1.001431683784625,False,False,False,False,-0.06581067450894877,-0.07111278332116328,False,False,False,False,91421.0,109988.05772893995,False,False,False,False,4735.6999891717915,False,False,False,False
2025-06-24 17:00:00+00:00,62.135,62.2,61.72,62.1,3618.0,,,,,,,,,,61.644097624614545,62.112404674829065,62.30757372822954,62.49201258598845,62.74772786997352,62.78219886499661,60.26695433215925,59.00584555354927,58.1364231274525,57.730784911195855,56.38255305134198,,,,,56.38255305134198,,60.50987057493915,#000000,0.9702961700714199,61.54412866860139,0.5728883082757068,50.66097080102036,-6.644241568826828,True,False,False,False,True,0.3682567114206243,0.0,0.0,0.0,0.0,0,0.9511787636903658,1.0022894622857497,False,False,False,False,-0.09441301207070422,-0.08276289769593376,False,False,False,False,87803.0,109644.10334554552,False,False,False,False,4718.371307169128,False,False,False,False
2025-06-24 18:00:00+00:00,62.1,62.41,62.1,62.21,2253.0,,,,,,,,,,61.705326614067886,62.11681761662803,62.30654396976994,62.490011816540544,62.74564117625242,62.780542280022495,60.27066295632269,59.01149220782812,58.14328038970783,57.738175926963336,56.391586096946085,,,,,56.391586096946085,,60.51818918645903,"rgba(38, 166, 154, 1.0)",0.9468797739438299,61.54784505406219,0.6993020277324956,51.97471497332229,-5.088855528503295,True,False,True,False,True,0.839896667026327,0.0,0.0,0.0,0.0,0,0.9560500523947484,0.9996917955988412,False,False,False,False,-0.052264981645535516,-0.06751393967073463,False,False,False,False,90056.0,109340.41182080838,False,False,False,False,4680.1484962052655,False,False,False,False
2025-06-24 19:00:00+00:00,62.245,62.34,62.07,62.29,5136.0,,,,,,,,,,61.80553141435416,62.12533260291126,62.3040860678956,62.485448943590846,62.740885934648894,62.77675735077253,60.27903689833666,59.0242646304737,58.15880174706457,57.7549096347119,56.41205093584782,,,,,56.41205093584782,,60.533373287328,"rgba(38, 166, 154, 1.0)",0.9177914295229197,61.5542573146058,0.8016447547093015,53.387866356182286,-3.3798256683224537,True,False,True,False,True,1.1860723395652712,0.0,0.0,0.0,0.0,0,0.9558272408920563,1.000552927443632,False,False,False,False,-0.05939159075342519,-0.0634527652120799,False,False,False,False,95192.0,109121.05659878034,False,False,False,False,4687.215961380378,False,False,False,False
2025-06-25 14:00:00+00:00,62.385,62.71,61.72,61.83,4323.0,,,,,,,,,,61.844254019838985,62.12309200825715,62.29811094935677,62.47957005931389,62.73581433104039,62.77276296621605,60.28550527692475,59.03444925087843,58.17130815307365,57.76844010589591,56.42873429660278,,,,,56.42873429660278,,60.5401855833999,#000000,0.8864964189992668,61.762131831052216,0.07655774743500551,50.82994795944791,-3.3798256683224537,True,False,False,False,True,0.0,0.0,0.0,0.0,0.0,0,0.9521092564491653,0.9960546282245827,False,False,False,False,-0.057965809889025256,-0.060709287550552576,False,False,False,False,90869.0,108838.07897709381,False,False,False,False,4681.569202289209,False,False,False,False
2025-06-25 15:00:00+00:00,61.86,61.86,61.06,61.06,2896.0,,,,,,,,,,61.800530404682725,62.093330623585985,62.28054964970652,62.468295558151915,62.72853414872589,62.767177318964265,60.28799515160926,59.0395447330082,58.17802418346243,57.77587009104982,56.438361910806016,,,,,56.438361910806016,,60.532564888523005,"rgba(239, 83, 80, 0.5)",0.8616988615087973,61.73886120183785,-0.787817220332856,45.15947275541371,1.8966597124743245,False,False,False,True,False,0.0,0.0,0.0,0.0,0.0,0,0.9446348061316504,1.006311992786294,False,False,False,False,-0.16670491082925032,-0.11370709918990145,False,False,False,False,87973.0,108514.58938054972,False,False,False,False,4653.885958842864,False,False,False,False
2025-06-25 16:00:00+00:00,61.065,61.21,60.91,61.015,5899.0,,,,,,,,,,61.689610470952275,62.01917804797135,62.23666888423301,62.44049757148955,62.71100176185944,62.753733260196256,60.29166482590113,59.04858456237733,58.190400430682914,57.789716050783255,56.45673297935921,,,,,56.45673297935921,,60.511617167800516,"rgba(239, 83, 80, 1.0)",0.8600676958467145,61.70174654379366,-0.7984796395795053,41.189539465248934,-1.8345530073736924,False,True,False,True,False,0.0,0.0,0.0,0.0,0.0,0,0.9416206261510128,1.0233271945979128,False,False,False,False,-0.22577239698613405,-0.16973974808801776,False,False,False,False,82074.0,108104.65776224661,False,False,False,False,4673.190052504215,False,False,False,False
2025-06-25 17:00:00+00:00,61.015,61.2,60.71,60.72,2745.0,,,,,,,,,,61.63762494370157,61.98277079318645,62.214558366845736,62.42641302635979,62.70215545018201,62.746939324774985,60.29298147935578,59.05241101997992,58.19578568766373,57.795788018171244,56.46491998037723,,,,,56.46491998037723,,60.50112255369076,"rgba(239, 83, 80, 1.0)",0.8754012361894206,61.68653523270244,-1.1041054007528275,37.31975420123525,-5.443614881078382,False,True,False,True,False,0.0,0.0,0.0,0.0,0.0,0,0.9422781700951796,1.017746392385631,False,False,False,False,-0.24152132326728454,-0.20563053567765116,False,False,False,False,79329.0,107658.52353337457,False,False,False,False,4643.295633085544,False,False,False,False
2025-06-25 18:00:00+00:00,60.755,60.915,60.46,60.49,1673.0,,,,,,,,,,61.599514264146435,61.9568398337414,62.19892987559331,62.41656054994476,62.69605828581772,62.74226140246314,60.293431728244364,59.05441039755307,58.19874608599032,57.79917167663654,56.46960731799164,,,,,56.46960731799164,,60.49323012892025,"rgba(239, 83, 80, 1.0)",0.8840593158106095,61.67566149825308,-1.3411560480711884,33.86967819565206,-8.67128555301295,False,True,False,True,False,0.0,0.0,0.0,0.0,0.0,0,0.9408664746614377,1.0168515227648751,False,False,False,False,-0.2822008567802943,-0.24391569622897272,False,False,False,False,77656.0,107193.36812975635,False,False,False,False,4597.244537998947,False,False,False,False
2025-06-25 19:00:00+00:00,60.49,60.64,60.105,60.23,8505.0,,,,,,,,,60.325,61.39539133900774,61.812749325166116,62.10990247885258,62.36008124312078,62.661251770601396,62.71551239165109,60.29365004537296,59.06258715093974,58.21185564862912,57.814453656811956,56.491582736143364,,,,60.325,56.491582736143364,,60.43783481552473,"rgba(239, 83, 80, 1.0)",0.8909348921103271,61.72377254671924,-1.6766349145682173,30.66243246400652,-11.713828748012212,False,True,False,True,False,0.0,1.0,60.64,60.105,0.0,0,0.9350855745721272,1.0223105134474326,True,False,False,False,-0.33131136142167017,-0.28761352882532143,False,False,False,False,69151.0,106603.56397270586,False,False,False,False,4657.829893998963,False,False,False,False
2025-06-26 14:00:00+00:00,60.49,61.06,60.195,60.885,3488.0,,,,,,,,,60.437941438061095,61.35335327136933,61.77432792628514,62.08321210643495,62.342044211299765,62.64959483270368,62.7064670971112,60.29483699101164,59.066932386927945,58.218164860468285,57.82162882150509,56.501428495969925,,,,60.437941438061095,56.501428495969925,,60.437494369929006,"rgba(239, 83, 80, 0.75)",0.8726805912887489,61.71611488877875,-0.9523700848570309,34.13992635387562,-11.713828748012212,False,True,False,True,True,0.0,0.0,0.0,0.0,0.0,0,0.937731608043254,1.0162809063847884,False,False,False,False,-0.2914470071782693,-0.2895302680017954,False,False,False,False,72639.0,106076.98158553212,False,False,False,False,4639.692996417583,False,False,False,False
2025-06-26 15:00:00+00:00,60.88,60.985,60.775,60.945,2609.0,,,,,,,,,60.5207971510752,61.33344735167761,61.752097503344174,62.066559743875096,62.33033929592976,62.64180558995354,62.700388806202284,60.29611801068855,59.070537754837424,58.223217978124445,57.82732065297465,56.50909104935804,,,,60.5207971510752,56.50909104935804,,60.4393100740034,"rgba(239, 83, 80, 0.75)",0.8432481814348428,61.71306895434576,-0.9108456694668907,36.898182329472576,-11.713828748012212,False,True,False,True,True,0.0,0.0,0.0,0.0,0.0,0,0.942978723404255,1.0178115501519753,False,False,False,False,-0.2528425196152497,-0.2711863938085225,False,False,False,False,75248.0,105599.01287877969,False,False,False,False,4608.2093840700245,False,False,False,False
2025-06-26 16:00:00+00:00,60.95,61.26,60.89,61.26,3735.0,,,,,,,,,60.64624147897694,61.32176920469472,61.73044332655061,62.048168981518266,62.31661245761386,62.63226439036754,62.69288572661846,60.298650559839984,59.07633378097304,58.23105069195966,57.836052523010515,56.52059868367473,,,,60.64624147897694,56.52059868367473,,60.4459226504832,"rgba(239, 83, 80, 0.5)",0.8069584090097554,61.71315054755172,-0.561553783308111,40.98027008831292,-16.984691762666685,False,False,False,True,True,0.0,0.0,0.0,0.0,0.0,0,0.9435838009270555,1.0196999268114173,False,False,False,False,-0.22353168565282278,-0.24735903973067264,False,False,False,False,78983.0,105186.36151631798,False,False,False,False,4594.671254084443,False,False,False,False
2025-06-26 17:00:00+00:00,61.265,61.31,61.21,61.25,1725.0,,,,,,,,,60.698727943375545,61.32003242552182,61.72286743235352,62.04100476795154,62.311012729301446,62.628248824868955,62.68971003885203,60.29998181840155,59.07915496820947,58.23480282536975,57.840215833048795,56.52603181807707,,,,60.698727943375545,56.52603181807707,,60.44931595211096,"rgba(239, 83, 80, 0.5)",0.8148603926177436,61.71378654709488,-0.5691607437256336,43.633573450906766,-14.363375865162709,False,False,False,True,True,0.0,0.0,0.0,0.0,0.0,0,0.9519950890116636,1.0142418661755679,False,False,False,False,-0.19606974841338037,-0.2217143940720265,False,False,False,False,77258.0,104753.3636633518,False,False,False,False,4550.180226889335,False,False,False,False
2025-06-26 18:00:00+00:00,61.285,61.35,61.17,61.28,2979.0,,,,,,,,,60.77215745844366,61.31768209146462,61.71060808616584,62.029087073403026,62.30157071203693,62.621419203263365,62.684296747105776,60.30229609336328,59.0840321789564,58.24128210103849,57.84740285019244,56.53540508284428,,,,60.77215745844366,56.53540508284428,,60.4539366398565,"rgba(239, 83, 80, 0.5)",0.821797359997333,61.71410346032818,-0.5282366206793242,45.63789431756285,-12.260081090186972,True,False,False,True,True,0.0,0.0,0.0,0.0,0.0,0,0.9524073389976606,1.010158847432582,False,False,False,False,-0.19606974841338037,-0.20889207124270343,False,False,False,False,80237.0,104373.26500190448,False,False,False,False,4525.82084352671,False,False,False,False
2025-06-26 19:00:00+00:00,61.3,61.46,61.19,61.24,5867.0,,,,,,,,,60.878608804944434,61.316004734242995,61.68980161007971,62.00753946365534,62.283990442197414,62.60846042863995,62.67397814069129,60.30696248339951,59.093705454822775,58.25408782659141,57.861592962126245,56.553873689557726,,,,60.878608804944434,56.553873689557726,,60.46071717007906,"rgba(239, 83, 80, 0.5)",0.8287583407635026,61.71339054273659,-0.5712045592210536,46.63768691915776,-10.981005431116984,True,False,False,True,True,0.0,0.0,0.0,0.0,0.0,0,0.9483374384236454,1.0113916256157636,False,False,False,False,-0.18649188402208505,-0.19769197763239424,False,False,False,False,74370.0,103908.09810265014,False,False,False,False,4546.614318820869,False,False,False,False
2025-06-27 14:00:00+00:00,62.2,62.6,61.96,61.96,4144.0,,,,,,,,,61.04093902537417,61.36175777946623,61.70637979487095,62.01091450195186,62.28263976884124,62.605474643038704,62.67136233408014,60.31312839400865,59.10318585766895,58.265655890412695,57.87408563978081,56.569227708129816,,,,61.04093902537417,56.569227708129816,,60.48372927813535,"rgba(38, 166, 154, 1.0)",0.8286772429424254,61.72989917018295,0.2776724373412548,52.29693192355195,-5.404196076367171,True,False,True,False,True,0.6873752400980209,0.0,0.0,0.0,0.0,0,0.946580676563641,1.0050498904843028,False,False,False,False,-0.04870371021955715,-0.12319784392597569,False,False,False,False,78514.0,103514.39115532223,False,False,False,False,4540.372236358529,False,False,False,False
2025-06-27 15:00:00+00:00,61.96,62.36,61.96,62.06,3627.0,,,,,,,,,61.14830111689705,61.39589154916869,61.71862440492447,62.0129407723803,62.280991099686965,62.60261618911554,62.66888276544721,60.31835716780265,59.111310326944626,58.27560459497872,57.88484244756529,56.58248615570212,,,,61.14830111689705,56.58248615570212,,60.500070715884476,"rgba(38, 166, 154, 1.0)",0.8281702560287107,61.741212380091625,0.38493005222989535,56.59829871463986,-1.2776796601636917,True,False,True,False,True,1.1418305944744667,0.0,0.0,0.0,0.0,0,0.9487585199610515,1.0063291139240507,False,False,False,False,-0.06581067450894877,-0.09450425921746222,False,False,False,False,82141.0,103183.02074981335,False,False,False,False,4526.211426492506,False,False,False,False
2025-06-27 16:00:00+00:00,62.03,62.22,62.0,62.15,2789.0,,,,,,,,,61.21720161481032,61.420025099028145,61.72749230716854,62.01440700243829,62.27971998585423,62.60042604064777,62.66697976140595,60.32235002497154,59.11752117036427,58.28321330929289,57.893070539154394,56.59263225526184,,,,61.21720161481032,56.59263225526184,,60.51125325919984,"rgba(38, 166, 154, 1.0)",0.8278296980700178,61.74878465047467,0.4846592849479958,59.956069707951364,1.9474491288827664,True,False,True,False,True,1.5543185973526512,0.0,0.0,0.0,0.0,0,0.9535026754412941,1.0115013223445477,False,False,False,False,-0.07294937020441511,-0.08372681471093867,False,False,False,False,84930.0,102900.02818004882,False,False,False,False,4499.277916004249,False,False,False,False
2025-06-27 17:00:00+00:00,62.15,62.15,61.595,61.84,3425.0,,,,,,,,,61.26866205830012,61.43731379249911,61.73100813773194,62.01195567353456,62.275621400437345,62.596303486064556,62.66354476713533,60.326520390561846,59.12445244560411,58.29188214743529,57.902509033472334,56.60445424381685,,,,61.26866205830012,56.60445424381685,,60.51951896471612,"rgba(38, 166, 154, 1.0)",0.8160195468851171,61.75314971810352,0.10643161947284645,59.06740955436719,1.9474491288827664,True,False,True,False,True,0.08053656094157802,0.0,0.0,0.0,0.0,0,0.9422296050203028,1.0124277101021288,False,False,False,False,-0.10697237747768647,-0.09534959609431257,False,False,False,False,81505.0,102568.32231679224,False,False,False,False,4482.6224444382915,False,False,False,False
2025-06-27 18:00:00+00:00,61.84,61.92,61.27,61.47,11239.0,,,,,,,,,61.327766108771165,61.45052082594793,61.71694030166189,61.98901108252319,62.253108676500595,62.577548289565144,62.648219873521406,60.33733093807214,59.144418604963036,58.31760415102411,57.93078045483301,56.640624172223525,,,,61.327766108771165,56.640624172223525,,60.52782278996727,"rgba(38, 166, 154, 0.75)",0.815653648230404,61.75036842920305,-0.34373465969449474,55.44021843146024,1.9474491288827664,True,False,True,False,False,0.0,0.0,0.0,0.0,0.0,0,0.9383897889052529,1.0135002454590083,False,False,False,False,-0.147046456309028,-0.12119802620167028,False,False,False,False,70266.0,102067.51111808227,False,False,False,False,4587.372484059403,False,False,False,False
2025-06-27 19:00:00+00:00,61.465,62.12,61.42,62.08,32102.0,,,,,,,,,61.53086232421861,61.554264736980215,61.745785794038845,61.97454764686791,62.222062357234314,62.54314448051209,62.61882712344122,60.375042107157746,59.20702280385189,58.3959385171013,58.016097791541554,56.74762789071105,,,,61.53086232421861,56.74762789071105,,60.577601964471405,"rgba(38, 166, 154, 0.75)",0.8143428511855273,61.7688073387548,0.38213961207145614,56.95386620375308,1.9474491288827664,True,False,True,False,False,1.2045848304545288,0.0,0.0,0.0,0.0,0,0.937728937728938,1.011843711843712,False,False,False,False,-0.12172795223946477,-0.12146298922056753,False,False,False,False,102368.0,102072.16986043759,False,False,False,False,5013.955856399567,False,False,False,False
2025-06-30 14:00:00+00:00,64.01,65.145,63.67,65.09,6974.0,,,,,,,,,61.763119814465156,61.71017153216696,61.857094190609295,62.04490148159946,62.264167398533225,62.56511284903921,62.63530554464999,60.397642866181194,59.23394077290821,58.425656490941016,58.04706903592857,56.7825121414484,,,,61.763119814465156,56.7825121414484,,60.64389117653922,"rgba(38, 166, 154, 1.0)",0.8801057573620541,61.826211018412174,3.7084054436485028,65.40979178056858,7.365144713758035,True,False,True,False,True,12.822651711536889,0.0,0.0,0.0,0.0,0,0.9480719186184055,0.9946770759403833,False,False,False,False,0.2592859581112688,0.06891148444535064,False,False,False,False,109342.0,102184.88040523701,False,False,False,False,5044.344137695698,False,False,False,False
2025-06-30 15:00:00+00:00,65.06,65.17,64.59,65.145,6313.0,,,,,,,,,61.96643884205344,61.85289131742066,61.96193924285775,62.113246283534,62.30621766639732,62.58774388685526,62.65243960549,60.419488902382184,59.25956792334581,58.453745777089296,58.076261873344365,56.81515422696081,,,,61.96643884205344,56.81515422696081,,60.7054279623109,"rgba(38, 166, 154, 1.0)",0.9433807663228864,61.87996911595474,3.4609894547370423,71.11393174382722,12.5527165688326,True,False,True,False,True,13.004635970468588,0.0,0.0,0.0,0.0,0,0.9594331266607617,0.9942131679952759,False,False,False,False,0.3324987766043344,0.2007051305248425,False,False,False,False,115655.0,102393.71946872171,False,False,False,False,5064.013220832198,False,False,False,False
2025-06-30 16:00:00+00:00,65.145,65.265,64.915,65.2,3145.0,,,,,,,,,62.06324709900714,61.92280625629534,62.01419152916389,62.14793819993021,62.327899056758234,62.599599186971375,62.66145902854809,60.43067048901199,59.27260125148598,58.46798735768378,58.09104540474353,56.83163276466826,,,,62.06324709900714,56.83163276466826,,60.735923135355655,"rgba(38, 166, 154, 1.0)",1.0025984258920846,61.90670560100968,3.284759195647087,74.99011452689064,16.053126091351643,True,False,True,False,True,13.189239347038939,0.0,0.0,0.0,0.0,0,0.9589388001205912,1.0043412722339464,False,False,False,False,0.34282823895281345,0.271766684738828,False,False,False,False,118800.0,102648.08040719114,False,False,False,False,5034.26107787356,False,False,False,False
2025-06-30 17:00:00+00:00,65.2,65.72,64.985,65.675,5710.0,,,,,,,,,62.24221162126916,62.05483682518929,62.114479342409524,62.215748939852475,62.37101130339822,62.623644980205874,62.67985918255411,60.45226778543295,59.29745588888102,58.49497595381441,58.11899240939879,56.86258002522621,,,,62.24221162126916,56.86258002522621,,60.794005354802664,"rgba(38, 166, 154, 1.0)",1.0770197786490647,61.95803433434933,3.4511582232156965,78.20177488649148,19.06060506566557,True,False,True,False,True,14.769758896687897,0.0,0.0,0.0,0.0,0,0.9619751306541718,0.992370997777377,False,False,False,False,0.3428282397561638,0.3072974622474959,False,False,False,False,124510.0,102987.02489700212,False,False,False,False,5044.737650309628,False,False,False,False
2025-06-30 18:00:00+00:00,65.7,66.195,65.7,66.05,11029.0,,,,,,,,,62.58761130885083,62.318909691227034,62.320305078338635,62.35900971299079,62.464520714945415,62.6772987985378,62.72126495861579,60.497754006340955,59.34891862292579,58.55038008233051,58.176170536788334,56.925320332512634,,,,62.58761130885083,56.925320332512634,,60.91228865370039,"rgba(38, 166, 154, 1.0)",1.158659360429624,62.395315006817995,3.154235936804469,80.79557294944405,21.6299940285723,True,False,True,False,True,15.98540399910734,0.0,0.0,0.0,0.0,0,0.9800133244503667,0.9856459330143543,False,False,False,False,0.34282824130060685,0.32506285177405136,False,False,False,False,135539.0,103491.70668154472,False,True,False,False,5137.516911545138,False,True,False,False
2025-06-30 19:00:00+00:00,66.04,66.17,65.315,65.315,22401.0,,,,,,,,,63.06347635737087,62.713210831254514,62.64026033478354,62.59146667541833,62.62121039230862,62.76916647606917,62.79276707547801,60.581603069404835,59.445166311887846,58.65477274289766,58.284227094731314,57.04487130569101,,,,63.06347635737087,57.04487130569101,,61.100183222274644,"rgba(38, 166, 154, 1.0)",1.206547893710601,62.5437640282628,2.2968304749300725,77.8525036381556,21.6299940285723,True,False,True,False,True,12.455137232429028,0.0,0.0,0.0,0.0,0,0.9747985703035076,0.9825528563639668,False,False,False,False,0.3161730499014576,0.32061795083775446,False,False,False,False,113138.0,103641.26161671456,False,False,False,False,5405.167812141337,False,False,False,False
2025-07-01 14:00:00+00:00,65.86,66.015,63.92,63.96,6680.0,,,,,,,,,63.13402517184561,62.77958204072471,62.69655545963269,62.634189090768515,62.650730369432495,62.786461928877586,62.8062871607876,60.6013538666661,59.468870723198314,58.68104971471498,58.3116586120636,57.075923045533784,,,,63.13402517184561,57.075923045533784,,61.13555726535384,"rgba(38, 166, 154, 0.75)",1.2188697393237342,62.56331776489151,1.145883099767014,69.82922311816358,29.339795891516985,True,False,True,False,False,6.506034853154368,0.0,0.0,0.0,0.0,0,0.9504750593824229,0.98770783847981,False,False,False,False,0.21890215783776587,0.2697600543377602,False,False,False,False,106458.0,103684.93197924612,False,False,False,False,5424.932652263176,False,False,False,False
2025-07-01 15:00:00+00:00,63.825,63.93,62.69,63.34,6062.0,,,,,,,,,63.14131985963368,62.796032269295196,62.7121490972907,62.64697852833085,62.65953099003692,62.79092050321682,62.809691973941966,60.613332222505704,59.48477759517158,58.69948414420488,58.331223832434816,57.09902906902218,,,,63.14131985963368,57.09902906902218,,61.14870584042379,"rgba(38, 166, 154, 0.75)",1.220807818506826,62.556657171040584,0.6416594136147724,62.417006566559074,22.545458566800107,True,False,True,False,False,3.997020491272586,0.0,0.0,0.0,0.0,0,0.9426570105663066,1.0146028730855987,False,False,False,False,0.021769700410875004,0.1457648773743176,False,False,False,False,100396.0,103633.94078576943,False,False,False,False,5434.809665406383,False,False,False,False
2025-07-01 16:00:00+00:00,63.45,64.39,63.4,64.195,2608.0,,,,,,,,,63.15548666081261,62.81153080881927,62.72580653084106,62.657707672103015,62.66704354512725,62.79523389435198,62.813062200843916,60.61973022894891,59.49277806042115,58.708522055259564,58.3407268003543,57.10999014491909,,,,63.15548666081261,57.10999014491909,,61.158134883566845,"rgba(38, 166, 154, 0.75)",1.2356571071636946,62.56034325150286,1.3229048245020805,60.122211112442685,20.470447283293808,True,False,True,False,False,6.944982490858848,0.0,0.0,0.0,0.0,0,0.9655088509033394,0.9939777358720114,False,False,False,False,0.09037806857641661,0.1180714729753671,False,False,False,False,103004.0,103624.17426195905,False,False,False,False,5390.983158965973,False,False,False,False
2025-07-01 17:00:00+00:00,64.195,64.81,64.195,64.81,2625.0,,,,,,,,,63.17930033399883,62.834565629383164,62.74572964291291,62.67318356913123,62.67795461954888,62.80173586114209,62.81817585612852,60.62730495514153,59.501889227305576,58.71863386252099,58.351287988507806,57.12196188944529,,,,63.17930033399883,57.12196188944529,,61.170976952930566,"rgba(38, 166, 154, 0.75)",1.2616695002755616,62.5691819967591,1.7760736886732111,60.21112384513544,20.294983711612247,True,False,True,False,False,8.957554280217266,0.0,0.0,0.0,0.0,0,0.9860957302817767,0.9803740617694107,False,False,False,False,0.16254537751362488,0.140308425244496,False,False,False,False,105629.0,103655.25683154109,False,False,False,False,5348.099699137044,False,False,False,False
2025-07-01 18:00:00+00:00,64.815,64.815,63.83,63.83,4628.0,,,,,,,,,63.20685943794643,62.863877411390945,62.7716491822084,62.69370539673063,62.69250487755839,62.810274627780515,62.82488471792254,60.63909788132985,59.516474691483374,58.73503084660784,58.36849765169531,57.14172142494087,,,,63.20685943794643,57.14172142494087,,61.18871484563292,"rgba(38, 166, 154, 0.75)",1.2663896259375853,62.578585168420645,0.9881752076521116,56.974645640140096,16.809598097657812,True,False,True,False,False,5.105618034321537,0.0,0.0,0.0,0.0,0,0.9778791053053176,0.9786801404892478,False,False,False,False,0.14102038879753354,0.14066440702101476,False,False,False,False,101001.0,103614.10556283502,False,False,False,False,5336.935362716315,False,False,False,False
2025-07-01 19:00:00+00:00,63.75,64.43,63.475,64.41,8223.0,,,,,,,,,63.24964067109999,62.91085851006532,62.813746590797095,62.72752484350777,62.716748798582834,62.82459415662294,62.83617054015061,60.65954367910509,59.54187070649555,58.76363822120526,58.39854598688876,57.17629283712929,,,,63.24964067109999,57.17629283712929,,61.21826462847087,"rgba(38, 166, 154, 0.75)",1.2803761482778129,62.59461230189304,1.4178549799984728,56.43882577858207,15.774661382221055,True,False,True,False,False,6.989995732997691,0.0,0.0,0.0,0.0,0,0.9701860293211778,0.984538622643834,False,False,False,False,0.09715713742947132,0.11891077222524304,False,False,False,False,109224.0,103701.08067038795,False,False,False,False,5381.680550891255,False,False,False,False
2025-07-02 14:00:00+00:00,63.74,64.325,63.635,64.15,1771.0,,,,,,,,,63.257632638200036,62.91996256502984,62.82200609797954,62.734246683037675,62.72161005605256,62.8274744364891,62.83844568637103,60.66382888301693,59.54722217927155,58.769681276894175,58.40489938706444,57.18362066514884,,,,63.257632638200036,57.18362066514884,,61.22421921287964,"rgba(38, 166, 154, 0.75)",1.2868869134176355,62.5977944207232,1.2061709254269717,55.209939252963494,13.97579529853639,True,False,True,False,False,5.991186094550905,0.0,0.0,0.0,0.0,0,0.9719442568604582,0.9788200626189455,False,False,False,False,0.09738290354517187,0.10814683788520746,False,False,False,False,107453.0,103759.24996231991,False,False,False,False,5325.701007466584,False,False,False,False
2025-07-02 15:00:00+00:00,64.23,64.23,63.475,63.58,1460.0,,,,,,,,,63.26181708678536,62.92553671381008,62.82720905169688,62.73857729539033,62.72475835790217,62.82930096590283,62.83988584560264,60.66706603820402,59.55135467023608,58.77439315409369,58.409871095523854,57.189407970946846,,,,63.26181708678536,57.189407970946846,,61.22826485384123,#000000,1.2827797027406544,62.599341727334846,0.7644791000122466,52.55607884275491,10.871899770363456,False,False,False,False,False,3.8425736572888987,0.0,0.0,0.0,0.0,0,0.9681434469160148,0.9884774169696224,False,False,False,False,0.08216646833382575,0.0951566531095166,False,False,False,False,105993.0,103793.88174584982,False,False,False,False,5265.767658513614,False,False,False,False
2025-07-02 16:00:00+00:00,63.64,64.215,63.48,64.11,1282.0,,,,,,,,,63.26668891774159,62.931372866909584,62.83256906073872,62.742989104328664,62.72796664943478,62.83119600228164,62.84138382190488,60.6700618530924,59.55512577314378,58.77866678294013,58.41437020611778,57.19461511257553,,,,63.26668891774159,57.19461511257553,,61.232250512600785,#000000,1.2835021697751232,62.60132510712306,1.1754361842187364,52.517075659356934,10.21614159270375,False,False,False,False,False,5.589679884829607,0.0,0.0,0.0,0.0,0,0.9561283075386922,0.9965676485272091,False,False,False,False,0.08157056383264717,0.08836360847108188,False,False,False,False,107275.0,103847.85257149556,False,False,False,False,5204.003818846736,False,False,False,False
2025-07-02 17:00:00+00:00,64.18,64.18,63.63,63.73,1358.0,,,,,,,,,63.27110122332212,62.93694417052887,62.83774011394898,62.74728340959473,62.73109928076244,62.833036231864746,62.84283833201929,60.67314358680181,59.559032943951244,58.783108629629915,58.419051921548544,57.20005001428897,,,,63.27110122332212,57.20005001428897,,61.236202488188475,#000000,1.2807107647945701,62.6031191310222,0.8798870907894296,51.205742774148376,8.333256162354665,False,False,False,False,False,4.167586435005216,0.0,0.0,0.0,0.0,0,0.9592078960519743,0.9970639680159922,False,False,False,False,0.08842706389903444,0.08839533618505815,False,False,False,False,105917.0,103879.93237658865,False,False,False,False,5144.375852663065,False,False,False,False
2025-07-02 18:00:00+00:00,63.75,64.055,63.48,63.56,2257.0,,,,,,,,,63.27643571586635,62.944569583050445,62.844972205156836,62.7533940453281,62.735579945882876,62.8356345695438,62.84489060272927,60.678013448753745,59.565286848108244,58.790258035861996,58.42660295733646,57.20886206912439,,,,63.27643571586635,57.20886206912439,,61.24204166889522,#000000,1.280910300604936,62.6052564490868,0.7453633173707034,49.75358376596749,6.375418890573684,False,False,False,False,False,3.5349547315529115,0.0,0.0,0.0,0.0,0,0.9544403474782827,1.0012499218798827,False,False,False,False,0.07204365954055453,0.08021949786280634,False,False,False,False,103660.0,103876.52257230046,False,False,False,False,5099.610335567514,False,False,False,False
2025-07-02 19:00:00+00:00,63.6,64.03,63.545,63.94,4089.0,,,,,,,,,63.288865317096665,62.96049737485908,62.8598691246369,62.765877876737086,62.744757885816774,62.84105994904601,62.849189550292834,60.68720345666757,59.57695119185905,58.803525717127364,58.44059011556432,57.22510922475331,,,,63.288865317096665,57.22510922475331,,61.25362473203808,#000000,1.2873845719262231,62.610758820242324,1.0325129015402315,50.24451925267151,6.326940432259789,False,False,False,False,False,4.814221933772362,0.0,0.0,0.0,0.0,0,0.951411441418936,1.0031851111666248,False,False,False,False,0.07442409484639204,0.07732179635459918,False,False,False,False,107749.0,103936.56098203223,False,False,False,False,5083.941958271893,False,False,False,False
2025-07-03 14:00:00+00:00,64.68,65.56,64.68,65.055,3828.0,,,,,,,,,63.32557696486589,62.995578720771384,62.890860404640996,62.790735375318214,62.76295401697593,62.85243633444018,62.85826431825321,60.699179374884764,59.59102517055454,58.81897609889331,58.456660476665824,57.24313154126946,,,,63.32557696486589,57.24313154126946,,61.27378156646114,"rgba(38, 166, 154, 0.5)",1.3172094616132204,62.6281509914529,1.8424169270503752,54.046790594882054,6.326940432259789,False,False,True,False,True,8.384547110025299,0.0,0.0,0.0,0.0,1,0.9596525810028337,0.9894665516816559,False,False,False,False,0.23634011033785624,0.1568309533462277,False,False,False,False,111577.0,104055.01740091544,False,False,False,False,5064.4699899265925,False,False,False,False
2025-07-03 15:00:00+00:00,65.07,65.935,65.065,65.69,1893.0,,,,,,,,,63.34780539959071,63.01624793942512,62.909033047757596,62.805270771136726,62.77361971396474,62.85917588281779,62.863650855680405,60.70570109705336,59.59854387280999,58.82715225531009,58.46513324860311,57.252539149233414,,,,63.34780539959071,57.252539149233414,,61.285322769448584,"rgba(38, 166, 154, 1.0)",1.363464727472141,62.892190609781686,2.0519851623924596,58.121318107028316,2.208012443847238,True,False,True,False,True,10.297278494902049,0.0,0.0,0.0,0.0,0,0.959461938245185,0.9870376031794561,False,False,False,False,0.28445409018608164,0.22064252176615468,False,False,False,False,113470.0,104200.98612338188,False,False,False,False,5015.29991256339,False,False,False,False
2025-07-03 16:00:00+00:00,65.69,65.83,65.49,65.52,5776.0,,,,,,,,,63.41445147002402,63.07850598684347,62.96400202115467,62.8494818623897,62.80624133935028,62.87991074380672,62.880256652478394,60.7256965146756,59.621560019839634,58.85216187831628,58.49104253578991,57.28128490344263,,,,63.41445147002402,57.28128490344263,,61.32038299400927,"rgba(38, 166, 154, 1.0)",1.402328202449411,62.92532249903003,1.8502640797196461,60.06436350068142,4.168210886987566,True,False,True,False,True,9.633428351635299,0.0,0.0,0.0,0.0,0,0.9638166047087982,1.0019826517967783,False,False,False,False,0.3050904290760659,0.2628664754211103,False,False,False,False,107694.0,104255.14137728294,False,False,False,False,5027.093712368608,False,False,False,False
2025-07-03 17:00:00+00:00,65.52,65.52,65.52,65.52,0.0,,,,,,,,,63.41445147002402,63.07850598684347,62.96400202115467,62.8494818623897,62.80624133935028,62.87991074380672,62.880256652478394,60.7256965146756,59.621560019839634,58.85216187831628,58.49104253578991,57.28128490344263,,,,63.41445147002402,57.28128490344263,,61.32038299400927,"rgba(38, 166, 154, 1.0)",1.4388672252468238,62.92532249903003,1.803277922690103,61.35972709645015,5.5808621793989985,True,False,True,False,True,9.633428351635288,0.0,0.0,0.0,0.0,0,0.9600696604055232,1.0028610523696981,False,False,False,False,0.2870204367029513,0.2749434560620308,False,False,False,False,107694.0,104308.45701484445,False,False,False,False,4949.154274967545,False,False,False,False
2025-07-03 18:00:00+00:00,65.52,65.52,65.52,65.52,0.0,,,,,,,,,63.41445147002402,63.07850598684347,62.96400202115467,62.8494818623897,62.80624133935028,62.87991074380672,62.880256652478394,60.7256965146756,59.621560019839634,58.85216187831628,58.49104253578991,57.28128490344263,,,,63.41445147002402,57.28128490344263,,61.32038299400927,"rgba(38, 166, 154, 1.0)",1.4718912024023068,62.92532249903003,1.7628188121072628,62.223302826962644,6.66429905939362,True,False,True,False,True,9.633428351635288,0.0,0.0,0.0,0.0,0,0.9593322455127401,1.0084096899711312,False,False,False,False,0.2870204367029513,0.2809819463824911,False,False,False,False,107694.0,104360.94605337399,False,False,False,False,4872.42320093704,False,False,False,False
2025-07-03 19:00:00+00:00,65.52,65.52,65.52,65.52,0.0,,,,,,,,,63.41445147002402,63.07850598684347,62.96400202115467,62.8494818623897,62.80624133935028,62.87991074380672,62.880256652478394,60.7256965146756,59.621560019839634,58.85216187831628,58.49104253578991,57.28128490344263,,,,63.41445147002402,57.28128490344263,,61.32038299400927,"rgba(38, 166, 154, 1.0)",1.5054604754827783,62.92532249903003,1.7235108747294687,62.79901998063764,7.545515784072435,True,False,True,False,True,9.633428351635288,0.0,0.0,0.0,0.0,0,0.951179513056642,1.0123628106471556,False,False,False,False,0.2870204367029513,0.2840011915427212,False,False,False,False,107694.0,104412.62130836044,False,False,False,False,4796.881755961272,False,False,False,False
2025-07-04 14:00:00+00:00,65.52,65.52,65.52,65.52,0.0,,,,,,,,,63.41445147002402,63.07850598684347,62.96400202115467,62.8494818623897,62.80624133935028,62.87991074380672,62.880256652478394,60.7256965146756,59.621560019839634,58.85216187831628,58.49104253578991,57.28128490344263,,,,63.41445147002402,57.28128490344263,,61.32038299400927,"rgba(38, 166, 154, 1.0)",1.5373655364910372,62.92532249903003,1.6877427257099775,63.18283141642097,8.296605969582487,True,False,True,False,True,9.633428351635299,0.0,0.0,0.0,0.0,0,0.9545367838748651,1.011699624848986,False,False,False,False,0.2870204367029513,0.28551081412283624,False,False,False,False,107694.0,104463.49539660291,False,False,False,False,4722.511496178926,False,False,False,False
2025-07-04 15:00:00+00:00,65.52,65.52,65.52,65.52,0.0,,,,,,,,,63.41445147002402,63.07850598684347,62.96400202115467,62.8494818623897,62.80624133935028,62.87991074380672,62.880256652478394,60.7256965146756,59.621560019839634,58.85216187831628,58.49104253578991,57.28128490344263,,,,63.41445147002402,57.28128490344263,,61.32038299400927,"rgba(38, 166, 154, 1.0)",1.5674759305298336,62.92532249903003,1.6553220693429849,63.43870570694319,8.957400248751128,True,False,True,False,True,9.633428351635299,0.0,0.0,0.0,0.0,0,0.9578409453848613,1.0047269243053343,False,False,False,False,0.2870204367029513,0.2862656254128938,False,False,False,False,107694.0,104513.58073929124,False,False,False,False,4649.294263680028,False,False,False,False
2025-07-04 16:00:00+00:00,65.52,65.52,65.52,65.52,0.0,,,,,,,,,63.41445147002402,63.07850598684347,62.96400202115467,62.8494818623897,62.80624133935028,62.87991074380672,62.880256652478394,60.7256965146756,59.621560019839634,58.85216187831628,58.49104253578991,57.28128490344263,,,,63.41445147002402,57.28128490344263,,61.32038299400927,"rgba(38, 166, 154, 1.0)",1.5944663542867632,62.92532249903003,1.6273015068609686,63.60928856729134,9.549325834125852,True,False,True,False,True,9.633428351635299,0.0,0.0,0.0,0.0,0,0.9563870967741936,1.011290322580645,False,False,False,False,0.2870204367029513,0.28664303105792255,False,False,False,False,107694.0,104562.88956503867,False,False,False,False,4577.212182072586,False,False,False,False
2025-07-04 17:00:00+00:00,65.52,65.52,65.52,65.52,0.0,,,,,,,,,63.41445147002402,63.07850598684347,62.96400202115467,62.8494818623897,62.80624133935028,62.87991074380672,62.880256652478394,60.7256965146756,59.621560019839634,58.85216187831628,58.49104253578991,57.28128490344263,,,,63.41445147002402,57.28128490344263,,61.32038299400927,"rgba(38, 166, 154, 1.0)",1.622164228363252,62.92532249903003,1.599515915591339,63.723010474190104,10.083733403678373,True,False,True,False,True,9.633428351635299,0.0,0.0,0.0,0.0,0,0.9497068403908793,1.0174592833876221,False,False,False,False,0.2870204367029513,0.2868317338804369,False,False,False,False,107694.0,104611.43391286753,False,False,False,False,4506.247652117972,False,False,False,False
2025-07-04 18:00:00+00:00,65.52,65.52,65.52,65.52,0.0,,,,,,,,,63.41445147002402,63.07850598684347,62.96400202115467,62.8494818623897,62.80624133935028,62.87991074380672,62.880256652478394,60.7256965146756,59.621560019839634,58.85216187831628,58.49104253578991,57.28128490344263,,,,63.41445147002402,57.28128490344263,,61.32038299400927,"rgba(38, 166, 154, 1.0)",1.648546963264209,62.92532249903003,1.5739178554139388,63.79882507878928,10.566776454736498,True,False,True,False,True,9.633428351635299,0.0,0.0,0.0,0.0,0,0.9533439069521544,1.017842981760508,False,False,False,False,0.2870204367029513,0.2869260852916941,False,False,False,False,107694.0,104659.22563514866,False,False,False,False,4436.383347433973,False,False,False,False
2025-07-04 19:00:00+00:00,65.52,65.52,65.52,65.52,0.0,,,,,,,,,63.41445147002402,63.07850598684347,62.96400202115467,62.8494818623897,62.80624133935028,62.87991074380672,62.880256652478394,60.7256965146756,59.621560019839634,58.85216187831628,58.49104253578991,57.28128490344263,,,,63.41445147002402,57.28128490344263,,61.32038299400927,"rgba(38, 166, 154, 1.0)",1.673933133411453,62.92532249903003,1.55004847516343,63.84936814852206,11.00217336819184,True,False,True,False,True,9.633428351635299,0.0,0.0,0.0,0.0,0,0.952964690206529,1.011592271818788,False,False,False,False,0.2870204367029513,0.2869732609973227,False,False,False,False,107694.0,104706.27640049519,False,False,False,False,4367.602210264454,False,False,False,False
2025-07-07 14:00:00+00:00,64.955,65.06,64.6,64.6,2741.0,,,,,,,,,63.4328849950022,63.09734458141488,62.98109690765487,62.86360094930689,62.816798284481465,62.886580057371575,62.88560933792345,60.73346885362472,59.630861960915546,58.86246438520519,58.50179548218039,57.293456279923255,,,,63.4328849950022,57.293456279923255,,61.33216350625037,"rgba(38, 166, 154, 0.5)",1.6833024036041557,62.92299627236908,0.9962581435398902,55.763865561006874,9.05941634889296,False,False,True,False,False,5.484596816995886,0.0,0.0,0.0,0.0,0,0.9434799893983565,1.0138483965014582,False,False,False,False,0.20034205378382808,0.24365765739057538,False,False,False,False,104953.0,104710.10157258053,False,False,False,False,4342.383571345625,False,False,False,False
2025-07-07 15:00:00+00:00,64.6,64.715,64.335,64.645,1128.0,,,,,,,,,63.439263266988,63.104106920628176,62.98729988195674,62.8687776896636,62.820690307958486,62.889035389756394,62.88758202192667,60.73650924223261,59.63453980776746,58.866558507754974,58.50607692110262,57.298327476669876,,,,63.439263266988,57.298327476669876,,61.33656395286713,#000000,1.6905131424162978,62.922124763517786,1.0191433555019016,50.786888865750456,4.7352631364825015,False,True,False,False,False,5.65426571090088,0.0,0.0,0.0,0.0,0,0.9447824052409919,1.0203890634400699,False,False,False,False,0.16302547255915997,0.20334156497486766,False,False,False,False,106081.0,104731.35581176533,False,False,False,False,4292.548167138715,False,False,False,False
2025-07-07 16:00:00+00:00,64.665,64.74,63.97,64.04,1017.0,,,,,,,,,63.44336062355889,63.108847467026806,62.991742640470235,62.87255633296393,62.82355350507956,62.890828041468055,62.88902336813658,60.739021110201165,59.63763949192698,58.87004094785823,58.50973145167246,57.30252359749473,,,,63.44336062355889,57.30252359749473,,61.33990571482147,"rgba(239, 83, 80, 1.0)",1.6933678740174256,62.9199154392788,0.6614537679068292,44.244058552340334,-0.8934120873944806,False,True,False,True,False,3.0411326084101162,0.0,0.0,0.0,0.0,0,0.9318378486320976,1.020368767889237,False,False,False,False,0.14242614079760438,0.17288385288623603,False,False,False,False,105064.0,104736.51308600152,False,False,False,False,4241.764474624936,False,False,False,False
2025-07-07 17:00:00+00:00,64.18,64.55,64.105,64.465,2522.0,,,,,,,,,63.454871519904735,63.12168819516307,63.00369305950449,62.88266924501922,62.8312141788953,62.89565477350804,62.89290727489225,60.74545294796396,59.64551334843046,58.87885497238389,58.51896836580538,57.31309183015525,,,,63.454871519904735,57.31309183015525,,61.34871497596884,"rgba(239, 83, 80, 1.0)",1.6998141180827897,62.918633257990635,0.9097269669424245,43.50123157098679,-1.17139828772207,False,True,False,True,False,4.6743920034397775,0.0,0.0,0.0,0.0,0,0.936310835169237,1.022097603311303,False,False,False,False,0.13910559547091128,0.15599472417857366,False,False,False,False,107586.0,104780.69117769142,False,False,False,False,4215.1014595144725,False,False,False,False
2025-07-07 18:00:00+00:00,64.54,64.56,63.97,64.345,2545.0,,,,,,,,,63.46519461235069,63.13355594703824,63.01483803332495,62.8921855817842,62.838462979648455,62.900226331465035,62.89659097839075,60.75177481772465,59.65329572174799,58.887589027972496,58.52813044754447,57.3236014770316,,,,63.46519461235069,57.3236014770316,,61.35712049633529,"rgba(239, 83, 80, 1.0)",1.704721649096542,62.91826444459904,0.8369316809914935,42.33786877171704,-2.1340215128598743,False,True,False,True,False,4.156755291279467,0.0,0.0,0.0,0.0,0,0.9338485110918661,1.0187196056225438,False,False,False,False,0.13157010484278536,0.14378241451067952,False,False,False,False,105041.0,104784.72697338613,False,False,False,False,4189.208413630527,False,False,False,False
2025-07-07 19:00:00+00:00,64.38,64.485,64.15,64.42,5941.0,,,,,,,,,63.49000864587261,63.16173233685954,63.04130684374531,62.91483911856817,62.855794828046015,62.91123763522562,62.90548170504064,60.7666937685162,59.671595370666004,58.9080935128045,58.5496269480209,57.34822242808281,,,,63.49000864587261,57.34822242808281,,61.37705276178736,"rgba(239, 83, 80, 1.0)",1.710042665817566,62.92353346896018,0.8751047918002477,42.21127824978138,-2.340604043774448,False,True,False,True,False,4.449078263513059,0.0,0.0,0.0,0.0,0,0.9336840002663295,1.0205073573473602,False,False,False,False,0.13789888350166374,0.14084064900617163,False,False,False,False,110982.0,104880.80872573673,False,False,False,False,4216.367973109123,False,False,False,False
2025-07-08 14:00:00+00:00,64.625,64.88,64.1,64.22,2543.0,,,,,,,,,63.50078281335116,63.17387240312229,63.05272515019927,62.9246412829171,62.86332864897288,62.91605648882624,62.90938027511643,60.77312757383612,59.67946534749158,58.91690085574546,58.55885618273486,57.35878096410066,,,,63.50078281335116,57.35878096410066,,61.38565983220118,"rgba(239, 83, 80, 1.0)",1.713273966615442,62.92727893610238,0.754532601958212,40.88594828781393,-3.802520603549425,False,True,False,True,False,3.5669192374264647,0.0,0.0,0.0,0.0,0,0.932910304712803,1.014872099940512,False,False,False,False,0.1587737703482635,0.14980720967721756,False,False,False,False,108439.0,104935.97448192687,False,False,False,False,4190.4242836035555,False,False,False,False
2025-07-08 15:00:00+00:00,64.32,64.32,63.87,64.18,1334.0,,,,,,,,,63.50462555776116,63.178730489626005,63.057424199053294,62.928777130595016,62.866545136363975,62.91810292357388,62.91103918039516,60.77623673781267,59.68334194236495,58.92127714764173,58.563457230206765,57.3640899632238,,,,63.50462555776116,57.3640899632238,,61.38947063655153,"rgba(239, 83, 80, 1.0)",1.7159482367917962,63.095245840504774,0.6321601877241542,39.7529378395878,-5.122106673895225,False,True,False,True,False,3.3892882784736322,0.0,0.0,0.0,0.0,0,0.9378778818683142,1.0221247757624083,False,False,False,False,0.11114600301787336,0.13047660634754546,False,False,False,False,107105.0,104969.60278453265,False,False,False,False,4146.138635795748,False,False,False,False
2025-07-08 16:00:00+00:00,64.19,64.73,64.14,64.655,1425.0,,,,,,,,,63.51120030461552,63.185958218414264,63.06419511151428,62.93457746866021,62.87100994853023,62.920977172957656,62.91336743318887,60.779932923050566,59.68783394843834,58.92628923162219,58.56870350174683,57.370074422571875,,,,63.51120030461552,57.370074422571875,,61.394509973775904,"rgba(239, 83, 80, 0.75)",1.7227685004967517,63.10795029530749,0.8980020845786464,43.31684570835098,-5.122106673895225,False,True,False,True,True,5.298818853884267,0.0,0.0,0.0,0.0,0,0.9488099986703896,1.0065815715995217,False,False,False,False,0.1521039467298997,0.1412902765387226,False,False,False,False,108530.0,105024.8027413616,False,False,False,False,4103.950439891938,False,False,False,False
2025-07-08 17:00:00+00:00,64.66,64.78,64.49,64.67,695.0,,,,,,,,,63.514816323538184,63.18982067398175,63.06778867643407,62.93763828617831,62.87336195965124,62.92249707050971,62.914598779124084,60.781799755477465,59.690084536646204,58.9287909588273,58.57131836558339,57.37304601517129,,,,63.514816323538184,57.37304601517129,,61.39713011676025,"rgba(239, 83, 80, 0.75)",1.7291886734726158,63.112941234503765,0.9004562598535288,45.81353549152092,-9.407265424666846,False,True,False,True,True,5.35865826764039,0.0,0.0,0.0,0.0,0,0.9528301886792452,1.008497256791115,False,False,False,False,0.176426829909139,0.15885855322393078,False,False,False,False,109225.0,105089.92207870483,False,False,False,False,4051.0984950874117,False,False,False,False
2025-07-08 18:00:00+00:00,64.67,64.895,64.47,64.815,2586.0,,,,,,,,,63.529007983769816,63.20479412658584,63.0816879969414,62.94946033149437,62.882451369739165,62.92839027916723,62.91937603221531,60.78887363517475,59.698575626360636,58.93821032639279,58.58115604587537,57.38420299765225,,,,63.529007983769816,57.38420299765225,,61.40718222928073,#000000,1.735389194865281,63.12736500183471,0.9724821401209072,48.68556682683485,-6.654476392900321,False,True,False,False,True,5.94345202089108,0.0,0.0,0.0,0.0,0,0.9471922896727127,1.0084331704705176,False,False,False,False,0.18223295134047393,0.17054575228220237,False,False,False,False,111811.0,105194.12483717452,False,False,False,False,4028.383789737219,False,False,False,False
2025-07-08 19:00:00+00:00,64.8,64.8,64.34,64.48,3929.0,,,,,,,,,63.54668163130919,63.22427066046411,63.10001913189812,62.965270440983524,62.89471120172236,62.93634890070643,62.92584155218824,60.79906562336842,59.710944871052085,58.9520034453398,58.59559056416722,57.40066024086844,,,,63.54668163130919,57.40066024086844,,61.42095068867232,#000000,1.736501868336526,63.13567641920116,0.7741561384478276,47.685425280089966,-6.654476392900321,False,True,False,False,True,4.372168450082356,0.0,0.0,0.0,0.0,0,0.9408070550507753,1.012560128273651,False,False,False,False,0.1685005666716792,0.1695231594769408,False,False,False,False,107882.0,105235.79732031909,False,False,False,False,4026.8429557878044,False,False,False,False
2025-07-09 14:00:00+00:00,65.5,65.68,64.63,64.84,1646.0,,,,,,,,,63.557611330488804,63.235359899433085,63.110234076884154,62.97391580207974,62.90136895791772,62.940712667379955,62.92938585367089,60.803898829937964,59.71665331375109,58.95828725325462,58.60213397351094,57.40802320343235,,,,63.557611330488804,57.40802320343235,,61.42813209681177,#000000,1.7352490929004736,63.32864320985465,0.8709739692870949,49.963219877612595,-5.331365073334098,False,True,False,False,True,5.84425295966221,0.0,0.0,0.0,0.0,0,0.9440365151815838,0.9995369451610775,False,False,False,False,0.2407238739378344,0.2051235167073876,False,False,False,False,109528.0,105302.34309829865,False,False,False,False,3989.9306618996216,False,False,False,False
2025-07-09 15:00:00+00:00,64.84,65.11,64.71,64.97,1141.0,,,,,,,,,63.56449320775781,63.242465060618756,63.1168182740666,62.979522796263524,62.905703590926734,62.9435555600089,62.931697177850495,60.80714823976666,59.72051435019008,58.96254990973656,58.60657778443864,57.413038848088156,,,,63.56449320775781,57.413038848088156,,61.43284039997608,"rgba(38, 166, 154, 0.5)",1.7329861667225015,63.331308587094746,0.9455882824526043,52.421342858060825,-2.9020321007687286,False,True,True,False,True,6.371333769681936,0.0,0.0,0.0,0.0,1,0.9444297433183384,1.0070785922201646,False,False,False,False,0.21021771371597825,0.20767061521168292,False,False,False,False,110669.0,105385.54708127075,False,False,False,False,3945.7611942732706,False,False,False,False
2025-07-09 16:00:00+00:00,64.97,65.44,64.97,65.44,1532.0,,,,,,,,,63.575988609063,63.2538898064579,63.12729239116485,62.988355510397845,62.91250536855354,62.94803659292745,62.93533940994337,60.811876341320705,59.72604051325347,58.96860205608206,58.612867450457145,57.42007880863648,,,,63.575988609063,57.42007880863648,,61.44007273818815,"rgba(38, 166, 154, 0.5)",1.7398342910627578,63.34642196287596,1.2033203667029702,56.92314075969329,1.344095404008634,False,False,True,False,True,8.24822950200156,0.0,0.0,0.0,0.0,0,0.9745491663831235,1.0005444028581154,False,False,False,False,0.24700222191416443,0.2273364185629237,False,False,False,False,112201.0,105491.21301799524,False,False,False,False,3908.338540098491,False,False,False,False
2025-07-09 17:00:00+00:00,65.44,65.44,64.9,65.11,1667.0,,,,,,,,,63.58736028164703,63.26536961372185,63.13787729723678,62.99733600994219,62.919448689763264,62.95261575867357,62.9390654730365,60.81685667737114,59.73189721141396,58.97503559310253,58.619561382440445,57.42759518712525,,,,63.58736028164703,57.42759518712525,,61.44750159795621,"rgba(38, 166, 154, 0.5)",1.7355606955463732,63.35579499182627,1.0107425298782102,56.909114400200465,1.3881991688066506,False,False,True,False,True,6.64840515991828,0.0,0.0,0.0,0.0,0,0.9809413211284922,0.9793018648814814,False,False,False,False,0.24260540285848883,0.23497091071070625,False,False,False,False,110534.0,105569.39576190228,False,False,False,False,3873.589105368282,False,False,False,False
2025-07-09 18:00:00+00:00,65.01,65.15,64.91,65.02,1798.0,,,,,,,,,63.59848919450467,63.276796579284465,63.148478304526385,63.00638877861916,62.92647807972056,62.95725745507745,62.94284691348322,60.82206305741787,59.738056521183104,58.98182141373751,58.626629936084285,57.43555665134953,,,,63.59848919450467,57.43555665134953,,61.455071907082356,"rgba(38, 166, 154, 0.5)",1.7266390124391244,63.36222352159406,0.9601175847776595,56.133817049864106,1.3881991688066506,False,False,True,False,True,6.214063955120981,0.0,0.0,0.0,0.0,0,0.975616419643467,0.980670719213169,False,False,False,False,0.22510797761793294,0.2300394441643196,False,False,False,False,108736.0,105618.49040125262,False,False,False,False,3841.4094293160606,False,False,False,False
2025-07-09 19:00:00+00:00,65.02,65.145,64.69,64.76,3924.0,,,,,,,,,63.61950665369762,63.29897025179767,63.16924965949683,63.02430922216546,62.94048903910679,62.96653003024392,62.950415652738755,60.8329458172099,59.75103971838725,58.99618357399264,58.64161417659421,57.452505340830676,,,,63.61950665369762,57.452505340830676,,61.47031326135515,"rgba(38, 166, 154, 0.5)",1.6943340582359694,63.3701424149185,0.8202972597555745,53.505414316568945,1.3881991688066506,False,False,True,False,False,4.960167189980812,0.0,0.0,0.0,0.0,0,0.9746982200095476,0.9802905271772493,False,False,False,False,0.21114560336677987,0.22059252376554972,False,False,False,False,104812.0,105605.98667410141,False,False,False,False,3842.6899032801525,False,False,False,False
2025-07-10 14:00:00+00:00,63.79,63.795,62.36,63.42,3408.0,,,,,,,,63.19166666666666,63.61342798261268,63.29768472265676,63.16948280299354,63.025699028227244,62.94205590221657,62.967476415375565,62.9512378814168,60.83844724083174,59.75859024395794,59.00506004787691,58.651086261001815,57.46385386144783,,,63.19166666666666,63.61342798261268,57.46385386144783,,61.60582838902171,"rgba(239, 83, 80, 1.0)",1.6761319289485266,63.3749173290815,0.02689685110096616,45.28409239733887,1.1269295786829048,False,True,False,True,False,0.0,1.0,63.795,62.36,0.0,0,0.9547426740538013,0.9924571123423006,False,False,True,False,-0.0097671324603821,0.10541269565258381,False,False,False,False,101404.0,105540.83959388279,False,False,True,False,3835.9505249347235,False,False,True,False
2025-07-10 15:00:00+00:00,63.42,64.6,62.83,64.6,2153.0,,,,,,,,63.508493076784745,63.61695585644773,63.303035412741615,63.17496926755519,63.03083602198109,62.94624803394618,62.9702376306969,62.95351262384849,60.84311357111163,59.76447617706421,59.01174074413918,58.6581247522981,57.47202116640969,,,63.508493076784745,63.61695585644773,57.47202116640969,,61.63490494884806,"rgba(239, 83, 80, 1.0)",1.6594329244136656,63.385532469955955,0.7318569567812767,46.56180574387301,1.1269295786829048,False,True,False,True,False,3.762467939535753,0.0,0.0,0.0,0.0,1,0.9538663171690693,0.9842070773263439,False,False,False,False,0.06579882295724913,0.08560575930491647,False,False,False,False,103557.0,105510.08239087685,False,False,False,False,3809.858268734185,False,False,False,False
2025-07-10 16:00:00+00:00,64.6,64.62,64.01,64.21,2145.0,,,,,,,,63.72324552296911,63.62278070383811,63.31029248697038,63.18210910664567,63.037297495430266,62.95144380012144,62.97368466557307,62.95634591760493,60.84814412541879,59.77069595877025,59.018737489907735,58.665471571685636,57.48047307983776,,,63.72324552296911,63.62278070383811,57.48047307983776,,61.656978609597935,"rgba(239, 83, 80, 1.0)",1.6458474555208034,63.396379526094314,0.49434743856515034,45.84518774449787,1.1269295786829048,False,True,False,True,False,2.1183367016427574,0.0,0.0,0.0,0.0,1,0.9682623644538482,0.9981486379264749,False,False,False,False,0.13759726798955296,0.11160151364723472,False,False,False,False,101412.0,105446.54622977797,False,False,False,False,3784.046512629779,False,False,False,False
2025-07-10 17:00:00+00:00,64.21,64.35,64.09,64.3,1637.0,,,,,,,,63.814954868172244,63.626935662569906,63.315570840880355,63.18733268788455,63.04205283288379,62.9552830923228,62.97623634083865,62.958445825214405,60.85193620410978,59.77539619114578,59.024030955224745,58.67103232752108,57.486877670323985,,,63.814954868172244,63.626935662569906,57.486877670323985,,61.66816042300707,"rgba(239, 83, 80, 1.0)",1.6390399216804687,63.40097870112751,0.5485048210117698,45.81709107920979,1.1269295786829048,False,True,False,True,False,2.4748352091531842,0.0,0.0,0.0,0.0,0,0.9710809732748303,0.998470948012233,False,False,False,False,0.1261537844992238,0.11887764907322926,False,False,False,False,103049.0,105409.37497040158,False,False,False,False,3750.75896979831,False,False,False,False
2025-07-10 18:00:00+00:00,64.295,64.295,64.015,64.12,1883.0,,,,,,,,63.87003563156957,63.63086150744627,63.32090357014559,63.192698243323676,63.04701146814222,62.9593201489633,62.97892113828789,62.960659781449934,60.856155228754844,59.78066589055751,59.029986442120936,58.677296746509434,57.49411734461269,,,63.87003563156957,63.63086150744627,57.49411734461269,,61.676817933991074,"rgba(239, 83, 80, 1.0)",1.6279317918501277,63.40279275809284,0.4405634471282501,45.00862564143573,0.5464927236301804,False,True,False,True,False,1.7090796949004172,0.0,0.0,0.0,0.0,0,0.9755886080170748,0.9915960781698132,False,False,False,False,0.11834310506993073,0.11861037707158,False,False,False,False,101166.0,105343.58621117055,False,False,False,False,3721.801466390584,False,False,False,False
2025-07-10 19:00:00+00:00,64.13,64.365,64.01,64.255,7028.0,,,,,,,,64.00092582447682,63.646840940558185,63.34177994273554,63.21357121100209,63.06623279166572,62.97498348388217,62.98940108295716,62.9693121670702,60.87212443578451,59.80052126805736,59.05238072726871,58.700835204883845,57.521269301025065,,,64.00092582447682,63.646840940558185,57.521269301025065,,61.7038598754898,"rgba(239, 83, 80, 1.0)",1.6178440970995838,63.41106965996865,0.5216388535485662,45.259438318064824,0.4023211759741514,False,True,False,True,False,2.259306943622274,0.0,0.0,0.0,0.0,0,0.9756897937315832,0.9920975087061352,False,False,False,False,0.12224658954239075,0.12042848330698537,False,False,False,False,108194.0,105387.77867301286,False,False,False,False,3773.060358384528,False,False,False,False
2025-07-11 14:00:00+00:00,63.53,64.05,63.53,63.81,1168.0,,,,,,,,63.98864208972642,63.64752483566645,63.34354813338172,63.21555276886328,63.06823361429153,62.97669015791837,62.99054156027582,62.970263337398464,60.87443685117301,59.80349614259349,59.055786975794796,58.70443568008151,57.52548295280342,,,63.98864208972642,63.64752483566645,57.52548295280342,,61.70497193076679,"rgba(239, 83, 80, 1.0)",1.6055691449690734,63.408388122286894,0.25013676861661677,43.377166910458804,-1.7502283087301223,False,True,False,True,False,0.35642274618301784,0.0,0.0,0.0,0.0,0,0.9669675693747914,0.9925108659311275,False,False,False,False,0.07472170791334942,0.09757509561016739,False,False,False,False,107026.0,105413.17745327622,False,False,False,False,3732.671825696396,False,False,False,False
2025-07-11 15:00:00+00:00,63.81,63.86,63.5,63.8,1385.0,,,,,,,,63.9707601608433,63.6479150065885,63.34527534292259,63.21757738740358,63.07034378801093,62.978516384553636,62.991761534795614,62.97128401995786,60.877102335364576,59.80695035993916,59.05975451475877,58.7086343119081,57.53041112806926,,,63.9707601608433,63.6479150065885,57.53041112806926,,61.705868175008916,"rgba(239, 83, 80, 1.0)",1.5944481578042504,63.40468850295292,0.24792997822611376,42.077619978236065,-3.2877027083059147,False,True,False,True,False,0.3138873453962532,0.0,0.0,0.0,0.0,0,0.964850026780932,0.9946438136047141,False,False,False,False,0.06163847369152232,0.07960678465084485,False,False,False,False,105641.0,105416.70958578355,False,False,False,False,3696.2738128949013,False,False,False,False
2025-07-11 16:00:00+00:00,63.79,64.14,63.69,64.14,888.0,,,,,,,,63.97154766843358,63.649091708469726,63.34716636829463,63.219559961846414,63.072248873067416,62.98010721264828,62.99283079218036,62.972172442036786,60.87897075821011,59.80931443792591,59.06244194849666,58.71146742810819,57.53370438255493,,,63.97154766843358,63.649091708469726,57.53370438255493,,61.70774030632869,"rgba(239, 83, 80, 1.0)",1.5843647290292824,63.40427915364686,0.46436330781227686,43.524000466539164,-3.2877027083059147,False,True,False,True,False,1.7483864851261686,0.0,0.0,0.0,0.0,0,0.9705527233700028,0.9897370539307758,False,False,False,False,0.08962032765131236,0.0846135561510786,False,False,False,False,106529.0,105433.95439840706,False,False,False,False,3652.73468401281,False,False,False,False
2025-07-11 17:00:00+00:00,64.095,64.26,63.795,64.015,755.0,,,,,,,,63.97328923533779,63.650183023701935,63.348848381212214,63.221310192996384,63.073921032572194,62.98150035817571,62.99376843120126,62.972951280700016,60.88057457721738,59.81133834520461,59.06474001026687,58.71388902139374,57.53651619310293,,,63.97328923533779,63.650183023701935,57.53651619310293,,61.709448467929455,"rgba(239, 83, 80, 1.0)",1.5663627115523329,63.40415070656873,0.3899794657559833,43.787835629575746,-3.2877027083059147,False,True,False,True,False,1.1993305219047627,0.0,0.0,0.0,0.0,0,0.9662085149178677,0.9920214549111637,False,False,False,False,0.10306291017553448,0.09383823316330654,False,False,False,False,105774.0,105439.22642323795,False,False,False,False,3607.8085648808283,False,False,False,False
2025-07-11 18:00:00+00:00,64.06,64.275,63.89,64.19,2779.0,,,,,,,,63.989265990196465,63.65515453458113,63.355830041224834,63.228442664461646,63.08063641481862,62.98706102384844,62.997522140706025,62.97606649174078,60.88664185983471,59.81893886024291,59.07334210043291,58.722942565056556,57.54699619914924,,,63.989265990196465,63.65515453458113,57.54699619914924,,61.71683391433033,"rgba(239, 83, 80, 0.75)",1.5310380450834404,63.405683280157916,0.5122777466965799,45.1990666668098,-3.2877027083059147,False,True,False,True,True,1.9459403009919498,0.0,0.0,0.0,0.0,0,0.9637180604922543,0.995238414593254,False,False,False,False,0.10964807343645788,0.1017431532998822,False,False,False,False,108553.0,105487.5019825676,False,False,False,False,3594.9588196888776,False,False,False,False
2025-07-11 19:00:00+00:00,64.17,64.235,63.985,64.17,16533.0,,,,,,,,64.04498064428587,63.68337164207001,63.395478490143674,63.26916381404067,63.11929845849177,63.01938008222206,63.01957318665032,62.99444075839426,60.92240147713443,59.86372877512679,59.124035866109786,58.77629875447348,57.608770568412055,,,64.04498064428587,63.68337164207001,57.608770568412055,,61.75699403981194,"rgba(239, 83, 80, 0.75)",1.492462669488668,63.41717466789099,0.5044181991948496,46.00407709756259,-3.2877027083059147,False,True,False,True,True,1.8552683653234858,0.0,0.0,0.0,0.0,1,0.9721809588116141,0.9930452397029041,False,False,False,False,0.11294417503571834,0.10734366416780028,False,False,False,False,92020.0,105278.70350221772,False,False,False,False,3795.548605430135,False,False,False,False
2025-07-14 14:00:00+00:00,65.515,66.46,65.41,66.46,5152.0,,,,,,,,64.27175686717538,63.72748997790906,63.43811985031289,63.30859382955853,63.15324521727,63.04637582813552,63.03821185679109,63.00982371476955,60.940163766044144,59.883886304011256,59.14579225865783,58.79878090287448,57.633557457590946,,,64.27175686717538,63.72748997790906,57.633557457590946,,61.79967675623852,"rgba(38, 166, 154, 1.0)",1.4699655661828188,63.47013997242436,2.03396603046944,55.659241022453855,1.218188602362119,True,False,True,False,True,10.707036535805685,0.0,0.0,0.0,0.0,0,0.9686759673598316,0.9799947354566998,False,False,False,False,0.3411684819346148,0.22425607305120754,False,False,False,False,97172.0,105153.01817660194,False,False,False,False,3816.5788596095126,False,False,False,False
2025-07-14 15:00:00+00:00,66.46,68.25,66.46,67.95,3677.0,,,,,,,,64.51026483630157,63.77649738780449,63.48374517814966,63.35022979322389,63.18860424447861,63.07429817895694,63.05756352020481,63.02577829230684,60.95628506416045,59.9015100878547,59.16443814695907,58.81789338771909,57.65415697873071,,,64.51026483630157,63.77649738780449,57.65415697873071,,61.8431742382193,"rgba(38, 166, 154, 1.0)",1.477653895888151,63.52894012051463,2.991945469631148,64.40328230580207,8.828552183078912,True,False,True,False,True,15.488619703617925,0.0,0.0,0.0,0.0,0,0.9815328985600825,0.9582230257635441,False,False,False,False,0.3428282438080526,0.28354215842963004,False,False,False,False,100849.0,105086.28921262361,False,False,False,False,3814.414846282233,False,False,False,False
2025-07-14 16:00:00+00:00,67.95,68.7,67.89,68.47,6741.0,,,,,,,,64.9621263575897,63.881511993746145,63.58075099022532,63.43860846804872,63.26358774419856,63.13358373302993,63.098850162550036,63.05985562879891,60.98919620331838,59.93696614812652,59.201646967681896,58.85590531711105,57.69473455255783,,,64.9621263575897,63.881511993746145,57.69473455255783,,61.93056340515253,"rgba(38, 166, 154, 1.0)",1.4879968486589612,63.649240602925694,3.239764520616394,70.82382407404975,14.104475249726647,True,False,True,False,True,17.024108682184245,0.0,0.0,0.0,0.0,0,1.0142649583938714,0.9494122308809937,False,False,False,False,0.3428282450666074,0.3131852017481187,False,False,False,False,107590.0,105125.10643413333,False,False,False,False,3859.7882595181673,False,False,False,False
2025-07-14 17:00:00+00:00,68.47,69.4,68.22,68.54,7316.0,,,,,,,,65.3873924689601,63.999072398165,63.6895099848523,63.53795630926088,63.348229560695266,63.20085284159835,63.14601255428784,63.09887768076884,61.02634685486814,59.976773306760805,59.24329450845815,58.89839768116216,57.739929535560016,,,65.3873924689601,63.999072398165,57.739929535560016,,62.022511206569064,"rgba(38, 166, 154, 1.0)",1.5151584729643175,63.77514001516155,3.1447931486112433,75.18376623527999,17.564641178782807,True,False,True,False,True,17.22885978051528,0.0,0.0,0.0,0.0,0,1.0101874224515115,0.9416835368641026,False,False,False,False,0.3428282456372298,0.32800672369267425,False,False,False,False,114906.0,105276.74819484443,False,False,False,False,3913.3729376651722,False,False,False,False
2025-07-14 18:00:00+00:00,68.54,68.54,67.945,68.08,2976.0,,,,,,,,65.51065639910878,64.04007172908364,63.72790732078517,63.57327031114309,63.378579642506,63.22516372418472,63.16316320722697,63.11311069628249,61.040319749458114,59.991884598141816,59.25918717296294,58.91464812552926,57.75732302738819,,,65.51065639910878,64.04007172908364,57.75732302738819,,62.053483515677016,"rgba(38, 166, 154, 1.0)",1.5212341540172911,63.8160899688638,2.8029281487508153,75.36316377913067,17.564641178782807,True,False,True,False,True,15.095252768617097,0.0,0.0,0.0,0.0,0,1.007749918593292,0.9526538586779554,False,False,False,False,0.2937785628373795,0.31089264326502686,False,False,False,False,111930.0,105379.89938562203,False,False,False,False,3898.8400239029215,False,False,False,False
2025-07-14 19:00:00+00:00,68.08,68.49,68.0,68.17,8350.0,,,,,,,,65.80842957239756,64.15178300590418,63.83296476329453,63.670210448162685,63.462285740414835,63.292553648554126,63.2109664847351,63.15287021920211,61.079407500547134,60.03415079743467,59.30363554366931,58.96009589498346,57.80596480287922,,,65.80842957239756,64.15178300590418,57.80596480287922,,62.135793724783,"rgba(38, 166, 154, 1.0)",1.5337377003029795,63.92325753483806,2.7688844476620926,75.65280915632638,17.84703409922298,True,False,True,False,True,15.370654227795303,0.0,0.0,0.0,0.0,0,1.0079844206426483,0.9520285621551449,False,False,False,False,0.2939915000970287,0.30244207168102777,False,False,False,False,120280.0,105610.90869747284,False,False,False,False,3967.850256090473,False,False,False,False
2025-07-15 14:00:00+00:00,67.85,68.27,67.395,67.58,5675.0,,,,,,,,65.94326225673308,64.21594473382814,63.89422538240128,63.727224439386035,63.51206485546178,63.333040371629934,63.239931962764594,63.177058302865504,61.10399231221618,60.06098869952591,59.33200887309293,58.98917102979052,57.83728076592272,,,65.94326225673308,64.21594473382814,57.83728076592272,,62.18201492197066,"rgba(38, 166, 154, 0.75)",1.5234559514581847,63.98046442070391,2.362743455661302,72.43644467017793,17.84703409922298,True,False,True,False,False,12.674397669865861,0.0,0.0,0.0,0.0,0,1.0024494005414464,0.9540415108933874,False,False,False,False,0.2591900155168844,0.28081604359895607,False,False,False,False,114605.0,105750.35197348101,False,False,False,False,3994.317693980543,False,False,False,False
2025-07-15 15:00:00+00:00,67.65,68.44,67.65,68.29,2827.0,,,,,,,,66.01633016083463,64.25039275743451,63.92695853110282,63.757651822258545,63.53860962345596,63.354640269518285,63.255422861527805,63.19000222013983,61.116865219982124,60.074942980338356,59.346704184413355,59.00420563105668,57.85340000062806,,,66.01633016083463,64.25039275743451,57.85340000062806,,62.206625097130086,"rgba(38, 166, 154, 0.75)",1.5294962428048227,64.01131010658978,2.7974504112307454,72.03421104066003,17.84703409922298,True,False,True,False,False,14.877090991077733,0.0,0.0,0.0,0.0,0,1.0081452026680349,0.9496536685479737,False,False,False,False,0.27703640419298386,0.27892622389597,False,False,False,False,117432.0,105931.46279559759,False,False,False,False,3976.2197452366586,False,False,False,False
2025-07-15 16:00:00+00:00,68.29,68.38,67.87,67.87,2068.0,,,,,,,,66.06468647932456,64.27465532934576,63.95009699775755,63.779208507883034,63.55747182822718,63.37003336727784,63.26649216309477,63.1992626497926,61.126136072685036,60.08501069518172,59.357317192798945,59.01506822100456,57.865060349144414,,,66.06468647932456,64.27465532934576,57.865060349144414,,62.22388460411677,"rgba(38, 166, 154, 0.75)",1.5163416679796653,64.03266582330393,2.5306527267095684,69.56250321658047,17.84703409922298,True,False,True,False,False,12.999789394896187,0.0,0.0,0.0,0.0,0,1.006676803067363,0.9614596417002715,False,False,False,False,0.2837993110506348,0.28136276747330236,False,False,False,False,115364.0,106077.70368248755,False,False,False,False,3946.6349429849274,False,False,False,False
2025-07-15 17:00:00+00:00,68.0,68.575,67.92,68.5,3854.0,,,,,,,,66.16133620212835,64.32249176502742,63.99555735926366,63.82151937390024,63.5944656134016,63.40022718097793,63.2882373813155,63.21746087239196,61.14407355781043,60.10439093939304,59.377689078377294,59.03589459624271,57.88734079452229,,,66.16133620212835,64.32249176502742,57.88734079452229,,62.257744978057886,"rgba(38, 166, 154, 0.75)",1.5373876579471093,64.07496999761706,2.8782786042992767,69.5116313464243,17.84703409922298,True,False,True,False,False,14.920562573896287,0.0,0.0,0.0,0.0,0,1.001451570335181,0.9599498548429667,False,False,False,False,0.2942044632778805,0.28778361537559144,False,False,False,False,119218.0,106281.42920679007,False,False,False,False,3945.198742318494,False,False,False,False
2025-07-15 18:00:00+00:00,68.5,69.04,68.5,68.62,2778.0,,,,,,,,66.23762159783634,64.35955166709137,64.03062757358344,63.854117161854525,63.62293442793393,63.423460222934565,63.30499409402842,63.231488468370436,61.15764335240351,60.118960713902354,59.39295043238547,59.05147350860432,57.90393695859426,,,66.23762159783634,64.35955166709137,57.90393695859426,,62.283827706117144,"rgba(38, 166, 154, 0.75)",1.559501473819157,64.10794566794219,2.8932671163227397,69.76523810030018,17.84703409922298,True,False,True,False,False,15.280159670709573,0.0,0.0,0.0,0.0,0,1.0119847227709733,0.9487686026603452,False,False,False,False,0.3393210294491147,0.3135523224123531,False,False,False,False,121996.0,106525.06596327394,False,False,False,False,3927.1026377864246,False,False,False,False
2025-07-15 19:00:00+00:00,68.66,69.06,68.42,68.42,9217.0,,,,,,,,66.45327379150267,64.4758010307321,64.14126238312313,63.95735910981528,63.7135972808187,63.497873372095185,63.3589792880871,63.27679508855586,61.201807804262316,60.16646654487078,59.44276295783346,59.10234481829716,57.9581998957462,,,66.45327379150267,64.4758010307321,57.9581998957462,,62.36511718198001,"rgba(38, 166, 154, 0.75)",1.5727958178612857,64.20861873738707,2.677640170953429,68.75805688582147,17.84703409922298,True,False,True,False,False,14.370441443178468,0.0,0.0,0.0,0.0,0,1.0148264777274814,0.94430230269632,False,False,False,False,0.33669588862177474,0.32512410551706394,False,False,False,False,112779.0,106622.02618089759,False,False,False,False,4009.116550378883,False,False,False,False
2025-07-16 14:00:00+00:00,68.57,69.88,68.57,69.44,2018.0,,,,,,,,66.50822936919161,64.50434117305373,64.1682517878607,63.98249341009503,63.73562880297441,63.515950762573006,63.3721215278692,63.287829307106264,61.21226465809828,60.177606307359746,59.45437948199977,59.114180914627326,57.970740928210404,,,66.50822936919161,64.50434117305373,57.970740928210404,,62.384924494693806,"rgba(38, 166, 154, 0.75)",1.605642365348728,64.23360914639203,3.242559467766161,70.56607314778782,17.84703409922298,True,False,True,False,False,17.3914081438768,0.0,0.0,0.0,0.0,0,1.021365023702838,0.9298006364049618,False,False,False,False,0.34282824604874484,0.3339761757829044,False,False,False,False,114797.0,106748.7699610387,False,False,False,False,3978.2465263420013,False,False,False,False
2025-07-16 15:00:00+00:00,69.56,69.87,68.54,68.94,1487.0,,,,,,,,66.5448565600861,64.52437437808766,64.18726757753446,64.00024095732027,63.7512303021795,63.52878691805908,63.38147536435973,63.295691431543226,61.21978153406227,60.1856357801821,59.46276559165769,59.12273111911055,57.97981769333,,,66.5448565600861,64.52437437808766,57.97981769333,,62.39881963134712,"rgba(38, 166, 154, 0.75)",1.6039314031289442,64.25091995158789,2.9234916401441273,69.05627552672715,17.84703409922298,True,False,True,False,False,15.144705920038312,0.0,0.0,0.0,0.0,0,1.021413001666881,0.9256956020002571,False,False,False,False,0.3411558381925727,0.33756600698773853,False,False,False,False,113310.0,106850.49445776679,False,False,False,False,3939.6225491894124,False,False,False,False
2025-07-16 16:00:00+00:00,69.13,69.73,68.94,69.7,1971.0,,,,,,,,66.59806163031082,64.55260769012581,64.21397171198782,64.02512760407025,63.77307263351108,63.54674041873597,63.39455914993617,63.30668673778788,61.230151084886714,60.19666086849844,59.47424955939601,59.13442660234825,57.99219268003722,,,66.59806163031082,64.55260769012581,57.99219268003722,,62.41834679781788,"rgba(38, 166, 154, 0.75)",1.6393135841028863,64.27551640623679,3.3089969157620076,69.8394003442632,17.84703409922298,True,False,True,False,False,17.320186875781697,0.0,0.0,0.0,0.0,0,1.0223928342930262,0.9329494561740248,False,False,False,False,0.34282824615143176,0.3401971265695851,False,False,False,False,115281.0,106981.19997004946,False,False,False,False,3909.1012693570183,False,False,False,False
2025-07-16 17:00:00+00:00,69.7,69.75,69.48,69.6,785.0,,,,,,,,66.61982218786237,64.56411128883016,64.22484094705591,64.03525426417112,63.78195882706594,63.554045337741165,63.39988582343775,63.31116388328656,61.23435059331796,60.20111717590206,59.478886132873065,59.13914633658724,57.99717971958047,,,66.61982218786237,64.56411128883016,57.99717971958047,,62.426289424439354,"rgba(38, 166, 154, 0.75)",1.7096089906461402,64.28555046282503,3.1085760347846496,69.81724968161282,17.84703409922298,True,False,True,False,False,16.871859194896462,0.0,0.0,0.0,0.0,0,1.0288757700205342,0.9342915811088303,False,False,False,False,0.3428282464017872,0.34151268648568617,False,False,False,False,114496.0,107097.7084976456,False,False,False,False,3860.665590762336,False,False,False,False
2025-07-16 18:00:00+00:00,69.58,69.8,69.48,69.74,1781.0,,,,,,,,66.66906657007891,64.59034263970366,64.24962744426905,64.0583533850153,63.8022377503893,63.57072621616796,63.412060041114614,63.32139993604176,61.24393473273146,60.211279922441115,59.48945549265303,59.14990334033024,58.00854002357442,,,66.66906657007891,64.59034263970366,58.00854002357442,,62.444379038039294,"rgba(38, 166, 154, 0.75)",1.7796583334395921,64.308390370537,3.0520519177212986,70.15272140073898,17.84703409922298,True,False,True,False,False,17.27234282751886,0.0,0.0,0.0,0.0,0,1.029783393501805,0.934889118102115,False,False,False,False,0.34282824642340465,0.3421704664545454,False,False,False,False,116277.0,107240.02309458132,False,False,False,False,3828.4227133861755,False,False,False,False
2025-07-16 19:00:00+00:00,69.73,70.455,69.73,70.45,7575.0,,,,,,,,66.89646421207242,64.7104699551443,64.36279696410061,64.16374097018891,63.894719119494,63.64683942706561,63.46772314711251,63.368229518360394,61.28704409518377,60.25670730386075,59.53652906958774,59.1977389414986,58.05883058809536,,,66.89646421207242,64.7104699551443,58.05883058809536,,62.5267564085973,"rgba(38, 166, 154, 1.0)",1.8685306411065217,64.41328625179965,3.2307277255167115,71.98593326316306,18.217530771322956,True,False,True,False,True,19.25968211245188,0.0,0.0,0.0,0.0,0,1.0377722104451728,0.9188668336866456,False,False,False,False,0.34282824679545976,0.3424993566250026,False,False,False,False,123852.0,107497.5731241227,False,False,False,False,3886.50918294608,False,False,False,False
2025-07-17 14:00:00+00:00,70.88,71.19,70.515,71.085,4194.0,,,,,,,,67.03489379780257,64.7831973797203,64.43109693095244,64.22729981701268,63.95047702420099,63.69276440506637,63.501392660512316,63.39657751436661,61.31264118491083,60.283483828870466,59.56415648797735,59.2257620176345,58.088132056224374,,,67.03489379780257,64.7831973797203,58.088132056224374,,62.57629808501937,"rgba(38, 166, 154, 1.0)",1.9738970874158794,64.47693007684398,3.347727683111859,74.36661206946344,20.65613508666111,True,False,True,False,True,20.0,0.0,0.0,0.0,0.0,0,1.049425287356322,0.9057471264367822,False,False,False,False,0.3428282473480503,0.34266380198652646,False,False,False,False,128046.0,107816.15338576422,False,False,False,False,3891.276482435288,False,False,False,False
2025-07-17 15:00:00+00:00,71.02,71.325,70.92,71.125,3820.0,,,,,,,,67.15882129594361,64.8500122442186,64.49389577801088,64.28580060878069,64.00188473733586,63.73519693375132,63.5325876512073,63.422871147611005,61.33630399058292,60.30819667377866,59.589629949913885,59.251589587152665,58.11510475924282,,,67.15882129594361,64.8500122442186,58.11510475924282,,62.62168425827155,"rgba(38, 166, 154, 1.0)",2.072422762880508,64.53504294963379,3.1798324011876207,76.02340762260638,22.33274248958604,True,False,True,False,True,20.0,0.0,0.0,0.0,0.0,0,1.058097916400358,0.9030423111338366,False,False,False,False,0.3428282475255557,0.3427460247560411,False,False,False,False,131866.0,108189.01922474461,False,False,False,False,3890.171420692105,False,False,False,False
2025-07-17 16:00:00+00:00,71.0,71.355,70.87,70.995,1893.0,,,,,,,,67.21675082279914,64.88234344740017,64.52434958286062,64.3142150863645,64.02691077467833,63.75590419310151,63.547850686417725,63.43575057613148,61.347928149647686,60.32034498521979,59.60215721483289,59.26429319480706,58.1283785362799,,,67.21675082279914,64.88234344740017,58.1283785362799,,62.64362901927237,"rgba(38, 166, 154, 1.0)",2.159566331172974,64.56293367836449,2.9784064646636366,76.19379322107893,22.646395717392608,True,False,True,False,True,20.0,0.0,0.0,0.0,0.0,0,1.0600206079340548,0.9075218959299335,False,False,False,False,0.342139420213964,0.3424427224850025,False,False,False,False,129973.0,108526.75536079508,False,False,False,False,3859.2075226968786,False,False,False,False
2025-07-17 17:00:00+00:00,70.995,71.18,70.865,71.18,3184.0,,,,,,,,67.31045464946872,64.9359873825932,64.57495437451476,64.36148665791201,64.06861691728137,63.790479041546,63.57338966702402,63.45732076990431,61.36742069071572,60.34071970977137,59.623169421066905,59.2856020248096,58.15064648209643,,,67.31045464946872,64.9359873825932,58.15064648209643,,62.68001906066957,"rgba(38, 166, 154, 1.0)",2.236419169721957,64.60894391464049,2.9382041498850424,76.72603975308117,23.35900477911585,True,False,True,False,True,20.0,0.0,0.0,0.0,0.0,0,1.0492172904722024,0.9110352380338856,False,False,False,False,0.3359539305875964,0.33919832653629944,False,False,False,False,133157.0,108908.61961876725,False,False,False,False,3848.739189011656,False,False,False,False
2025-07-17 18:00:00+00:00,71.18,71.36,70.905,71.01,3200.0,,,,,,,,67.40054987180537,64.98911641641561,64.62516017029405,64.40845068574602,64.1101368030294,63.824978817688894,63.598939605533424,63.478924135611535,61.38696612803673,60.3611508582702,59.644240432621714,59.30697076976014,58.17297804175299,,,67.40054987180537,64.98911641641561,58.17297804175299,,62.716043287428164,"rgba(38, 166, 154, 1.0)",2.2930353855264443,64.65421886370508,2.7717762998392352,75.7213181844898,23.35900477911585,True,False,True,False,True,20.0,0.0,0.0,0.0,0.0,0,1.049161364950839,0.9084249084249092,False,False,False,False,0.34282824753195884,0.34101328703412914,False,False,False,False,129957.0,109234.95109754604,False,False,False,False,3838.681217088995,False,False,False,False
2025-07-17 19:00:00+00:00,71.01,71.485,71.01,71.435,7952.0,,,,,,,,67.61908970871147,65.12183873188053,64.75073621426593,64.5260880411608,64.21437986401546,63.91184932016674,63.66351392407998,63.53360736542004,61.436283113210536,60.412613822286744,59.69726046018151,59.36071627193387,58.22907192315026,,,67.61908970871147,65.12183873188053,58.22907192315026,,62.80592682772799,"rgba(38, 166, 154, 1.0)",2.367669192561013,64.76666944698935,2.8164114201265513,76.17761873982585,23.35900477911585,True,False,True,False,True,20.0,0.0,0.0,0.0,0.0,0,1.052655265526553,0.9078050662209085,False,False,False,False,0.34282824760474934,0.3419207673194392,False,False,False,False,137909.0,109679.50999525852,False,False,False,False,3902.453601320173,False,False,False,False
2025-07-18 14:00:00+00:00,74.21,74.44,73.73,74.29,4728.0,,,,,,,,67.82927948737138,65.23320112264122,64.85459444989566,64.62267591641628,64.29920841930573,63.98203632866404,63.7154845353587,63.57751578170757,61.4737509046095,60.450907306788196,59.7362193306509,59.399993668996345,58.26939724047878,,,67.82927948737138,65.23320112264122,58.26939724047878,,62.880328037914175,"rgba(38, 166, 154, 1.0)",2.545054026930881,64.86415338016948,3.703593919849825,80.24435270463775,27.035119103982026,True,False,True,False,True,20.0,0.0,0.0,0.0,0.0,0,1.0611427498591903,0.9008073095938427,False,False,False,False,0.3428282490140621,0.34237450816675064,False,False,False,False,142637.0,110190.47883254132,False,False,False,False,3915.2527702919533,False,False,False,False
2025-07-18 15:00:00+00:00,74.27,74.75,73.85,74.69,3681.0,,,,,,,,67.99054943073457,65.32065008360844,64.93623761256306,64.69868759786387,64.36608234792705,64.0374864867203,63.756654333513936,63.61233798291899,61.50340224235924,60.481172361933474,59.7669850910743,59.43099985466117,58.30119591456663,,,67.99054943073457,65.32065008360844,58.30119591456663,,62.93864933388038,"rgba(38, 166, 154, 1.0)",2.7112135310240464,64.94029675235002,3.5960661659752917,83.23468104001384,29.745551317585054,True,False,True,False,True,20.0,0.0,0.0,0.0,0.0,0,1.0624570607707202,0.8954468802698153,False,False,False,False,0.34282824909744314,0.3426013786320969,False,False,False,False,146318.0,110750.59543978874,False,False,False,False,3911.620944395954,False,False,False,False
2025-07-18 16:00:00+00:00,74.815,74.905,73.915,74.185,2362.0,,,,,,,,68.0884791165656,65.37531701345027,64.98737962171597,64.74637462401276,64.40812981845241,64.07243599654568,63.782672012986964,63.63436980870669,61.52221803482811,60.50039192106074,59.78653143143223,59.45070281976399,58.32141465565752,,,68.0884791165656,65.37531701345027,58.32141465565752,,62.97510899039837,"rgba(38, 166, 154, 1.0)",2.8478700164557496,64.98758332513928,3.2295774110881474,82.46709236710973,29.745551317585054,True,False,True,False,True,20.0,0.0,0.0,0.0,0.0,0,1.057190449750139,0.8909864889876002,False,False,False,False,0.34282824913911525,0.3427148138856061,False,False,False,False,143956.0,111265.40791359046,False,False,False,False,3887.5958134750863,False,False,False,False
2025-07-18 17:00:00+00:00,74.185,74.57,74.07,74.57,2217.0,,,,,,,,68.17866168301758,65.42641494830667,65.03522552907022,64.79102272221714,64.44754407699045,64.10524184422965,63.80713371862295,63.655098449238196,61.53992253687323,60.51847202767258,59.80491613578414,59.46923359503759,58.34042664117063,,,68.17866168301758,65.42641494830667,58.34042664117063,,63.00917799294086,"rgba(38, 166, 154, 1.0)",2.983263596245175,65.03164062051954,3.1972901729118806,82.42418203268713,29.745551317585054,True,False,True,False,True,20.0,0.0,0.0,0.0,0.0,0,1.0587405726899257,0.8957630756024288,False,False,False,False,0.33808699263883846,0.3404009032622223,False,False,False,False,146173.0,111806.61089167433,False,False,False,False,3861.6951031886506,False,False,False,False
2025-07-18 18:00:00+00:00,74.53,74.71,74.2,74.2,2914.0,,,,,,,,68.2927368615177,65.4924580709468,65.0971578281506,64.84888218325284,64.49870750026692,64.14790734876689,63.8390144332353,63.68213875359548,61.56305913522014,60.54210803557521,59.828955542528426,59.49346628314794,58.36529580132861,,,68.2927368615177,65.4924580709468,58.36529580132861,,63.0532221367333,"rgba(38, 166, 154, 0.75)",3.0869645649443735,65.08832238182556,2.9516625236476046,80.36850435123966,29.745551317585054,True,False,True,False,False,20.0,0.0,0.0,0.0,0.0,0,1.0599597830723297,0.8947047711900561,False,False,False,False,0.34282824915597543,0.34161457620909885,False,False,False,False,143259.0,112294.24483133829,False,False,False,False,3847.0021558523927,False,False,False,False
2025-07-18 19:00:00+00:00,74.23,74.41,74.005,74.325,7786.0,,,,,,,,68.57209698025201,65.66184201414345,65.25652712527965,64.99814526317651,64.63118325167521,64.25883106253832,63.922274282330505,63.7528974383458,61.62387968394075,60.60430808868048,59.89225804996361,59.55729572343716,58.430858285750865,,,68.57209698025201,65.66184201414345,58.430858285750865,,63.16633824996264,"rgba(38, 166, 154, 0.75)",3.191692613447556,65.23233518971406,2.8488535430936617,79.21414397955809,32.76326039666043,True,False,True,False,False,20.0,0.0,0.0,0.0,0.0,0,1.0573005093378607,0.8988600533592053,False,False,False,False,0.32986613984461016,0.33574035802685454,False,False,False,False,151045.0,112895.031733178,False,False,False,False,3908.071889870185,False,False,False,False
2025-07-21 14:00:00+00:00,73.8,74.845,73.595,74.845,3848.0,,,,,,,,68.70481934440197,65.74487842431613,65.33480874189677,65.07159194962597,64.69654684605806,64.31373779063024,63.96364848762104,63.7881183605613,61.654153086967426,60.63524719853743,59.923731985729454,59.58902565231448,58.46343102959587,,,68.70481934440197,65.74487842431613,58.46343102959587,,63.22182606909662,"rgba(38, 166, 154, 0.75)",3.2985903104254937,65.30253104299041,2.892893041869962,79.31680862271051,32.725954557654546,True,False,True,False,False,20.0,0.0,0.0,0.0,0.0,0,1.0515470075259825,0.8951738143590975,False,False,False,False,0.3305182001751813,0.3331292791010179,False,False,False,False,154893.0,113546.16302413648,False,False,False,False,3907.1405427404143,False,False,False,False
2025-07-21 15:00:00+00:00,74.845,75.25,74.32,75.15,3928.0,,,,,,,,68.84505234567332,65.83261494834345,65.41748297696742,65.14916784138434,64.76561148202809,64.37179970333449,64.00746330432338,63.825438171257424,61.68606023467445,60.667777330629946,59.95677490085287,59.62231545728993,58.49753656539054,,,68.84505234567332,65.83261494834345,58.49753656539054,,63.28039194324228,"rgba(38, 166, 154, 0.75)",3.4026273791113195,65.3767422798056,2.8722679950770678,79.8600896775578,32.725954557654546,True,False,True,False,False,20.0,0.0,0.0,0.0,0.0,0,1.0595463137996217,0.8915406427221179,False,False,False,False,0.3428282492763992,0.33797876418870854,False,False,False,False,158821.0,114248.0984811266,False,False,False,False,3907.463945178547,False,False,False,False
2025-07-21 16:00:00+00:00,75.15,75.61,75.02,75.605,3561.0,,,,,,,,68.97695655035217,65.91506085171454,65.4951317116736,65.22203104490785,64.83049867580425,64.42638641308649,64.04870872828948,63.86058728732098,61.71595360401768,60.69818160918076,59.98761249618044,59.65336314914293,58.52928131456341,,,68.97695655035217,65.91506085171454,58.52928131456341,,63.33536564894112,"rgba(38, 166, 154, 1.0)",3.5160073307014597,65.44652914814853,2.8892063913373054,80.8862361999232,32.725954557654546,True,False,True,False,True,20.0,0.0,0.0,0.0,0.0,0,1.0726197516262568,0.8904790065050272,False,False,False,False,0.34282824945867585,0.3404035068236922,False,False,False,False,162382.0,114994.36052017889,False,False,False,False,3902.092411144771,False,False,False,False
2025-07-21 17:00:00+00:00,75.605,75.68,75.35,75.68,3081.0,,,,,,,,69.08958285050002,65.98642724220026,65.56240405301341,65.2852096899271,64.88683518491719,64.47385593841338,64.08464846043879,63.89124139827706,61.742010464829036,60.72466857813412,60.01446712504572,59.68039637187785,58.55690777298534,,,69.08958285050002,65.98642724220026,58.55690777298534,,63.38297347158149,"rgba(38, 166, 154, 1.0)",3.63386770349215,65.50680244437277,2.799550887846244,81.67848976350993,32.725954557654546,True,False,True,False,True,20.0,0.0,0.0,0.0,0.0,0,1.0756213017751481,0.8869822485207108,False,False,False,False,0.34282824952414337,0.3416158781739178,False,False,False,False,165463.0,115776.82004699782,False,False,False,False,3889.362296243302,False,False,False,False
2025-07-21 18:00:00+00:00,75.67,75.695,74.76,74.865,5977.0,,,,,,,,69.28258962304653,66.11535862054829,65.68445511826187,65.40017558049736,64.98978933512217,64.56100331253117,64.15094733180298,63.94791239916149,61.790596681424496,60.774188623261,60.06475689988327,59.73105698228766,58.60879456219292,,,69.28258962304653,66.11535862054829,58.60879456219292,,63.469355774617014,"rgba(38, 166, 154, 0.75)",3.7252690428260675,66.20138011439573,2.325636024138503,76.97124192069418,30.20704437201752,True,False,True,False,False,20.0,0.0,0.0,0.0,0.0,0,1.069135512647456,0.8850284641117443,False,False,False,False,0.328829945993852,0.3352229120838849,False,False,False,False,159486.0,116454.48175169552,False,False,False,False,3921.7287722705373,False,False,False,False
2025-07-21 19:00:00+00:00,74.865,75.01,74.41,74.61,16809.0,,,,,,,,69.72891634054493,66.44271392120957,65.99661710766537,65.69581954293227,65.25666544832912,64.78891284436462,64.32604091825259,64.09823526012173,61.92100845039782,60.907518506727165,60.20041381414887,59.86782644796976,58.74922773113455,,,69.72891634054493,66.44271392120957,58.74922773113455,,63.690762794907556,"rgba(38, 166, 154, 0.5)",3.8028820270563872,66.44898006558823,2.146009230985477,72.43096151212512,26.16243642940475,False,False,True,False,False,20.0,0.0,0.0,0.0,0.0,0,1.0739040894380703,0.8909090909090915,False,False,False,False,0.303939145194626,0.3195810286392554,False,False,False,False,142677.0,116861.03242221187,False,False,False,False,4121.531426964018,False,False,False,False
2025-07-22 14:00:00+00:00,71.36,73.91,71.315,73.82,4480.0,,,,,,,73.015,69.79982136062613,66.50901618684111,66.0609579810266,65.75746633452405,65.31321813664478,64.83801465167302,64.36439407524182,64.1314094559813,61.95085199565107,60.93838708055805,60.23204404646795,59.89981437470686,58.782381451987625,,,69.79982136062613,66.50901618684111,58.782381451987625,,64.39948408085216,"rgba(38, 166, 154, 0.5)",3.8575639981725205,66.95054268492117,1.7807759815088358,65.63871457360455,20.21738556625708,False,True,True,False,False,20.0,0.0,0.0,0.0,0.0,0,1.0390246681478947,0.8960291688030542,False,False,False,False,0.20637253485661497,0.2629767817479352,False,False,False,False,138197.0,117191.82261721633,False,False,False,False,4127.089079259149,False,False,False,False
2025-07-22 15:00:00+00:00,73.76,74.0,73.3,73.545,5154.0,,,,,,,73.33598816690886,69.89223382006682,66.5905412560649,66.13979665396346,65.83287351613309,65.38225732749234,64.89787563043596,64.41113207738299,64.17182769708938,61.98683853104761,60.97546030917403,60.26993929409853,59.93809754070824,58.821932829969,,,69.89223382006682,66.5905412560649,58.821932829969,,64.47477104646681,"rgba(38, 166, 154, 0.5)",3.902868401157474,67.02166041634885,1.6714218654455586,59.97799209792133,15.481793986674731,False,True,True,False,False,19.228346040203903,0.0,0.0,0.0,0.0,0,1.0652656757218522,0.8932741044478623,False,False,False,False,0.25403966118808824,0.2585082214680117,False,False,False,False,133043.0,117437.57730532151,False,False,False,False,4143.010178805518,False,False,False,False
2025-07-22 16:00:00+00:00,73.59,73.6,72.87,73.155,6917.0,,,,,,,73.28263861196704,69.99663927275265,66.690891284999,66.23743535594586,65.92665802956408,65.46863898764694,64.97325277019783,64.47038134403616,64.22322040678063,62.033110350238076,61.02328561717688,60.318921592451964,59.98762365852476,58.873232892286325,,,69.99663927275265,66.690891284999,58.873232892286325,,64.53613786961202,"rgba(38, 166, 154, 0.5)",3.9376510387157757,67.08444685575823,1.5416686457369821,54.674475497328785,11.08056074409587,False,True,True,False,False,17.53961424151114,0.0,0.0,0.0,0.0,0,1.0609027263930786,0.8977744891570386,False,False,False,False,0.2348484914705252,0.24667835646926844,False,False,False,False,126126.0,117572.28153314597,False,False,False,False,4186.017772932564,False,False,False,False
2025-07-22 17:00:00+00:00,73.155,73.71,73.145,73.44,4448.0,,,,,,,73.31420567646077,70.06480528142622,66.75598617974082,66.30077611376022,65.98752805488749,65.5247607190392,65.02230118109125,64.5090250619909,64.25677476616195,62.063255167101,61.05440284923094,60.3507667507128,60.01981147417743,58.90653967525725,,,70.06480528142622,66.75598617974082,58.90653967525725,,64.58078135364558,#000000,3.9744552881916464,67.13149788299094,1.5872620672704527,52.480419075407944,9.427127903625177,False,True,False,False,False,18.29738247935104,0.0,0.0,0.0,0.0,0,1.0622976886819242,0.8951104548810275,False,False,False,False,0.24372849166490784,0.24520342406708814,False,False,False,False,130574.0,117773.85856363982,False,False,False,False,4190.079512887098,False,False,False,False
2025-07-22 18:00:00+00:00,73.57,73.75,73.435,73.61,3473.0,,,,,,,73.35452830445679,70.1187201600349,66.80719206080028,66.35060039527454,66.03542207533359,65.56894575998581,65.06095572063631,64.53952645011348,64.28327734092281,62.087025074463924,61.07891660964711,60.37583956991264,60.04514776303116,58.932737049376406,,,70.1187201600349,66.80719206080028,58.932737049376406,,64.61705959528499,#000000,4.011108636710327,67.17047851521401,1.605421859146477,51.81474135272877,8.89614869221333,False,True,False,False,False,18.748902329218456,0.0,0.0,0.0,0.0,0,1.0792294903399648,0.8895832138966928,False,False,False,False,0.2513699880955423,0.2482867060813152,False,False,False,False,134047.0,118026.155330095,False,False,False,False,4178.962001059391,False,False,False,False
2025-07-22 19:00:00+00:00,73.625,74.13,73.6,73.985,14586.0,,,,,,,73.56009899807124,70.34673830079176,67.02347914921354,66.56118032012009,66.2380524751182,65.75624338844398,65.22526125159955,64.66968476623144,64.39657185527231,62.18842532733008,61.18332896331379,60.482531330766655,60.152915918794264,59.044028440483096,,,70.34673830079176,67.02347914921354,59.044028440483096,,64.77346717753929,"rgba(38, 166, 154, 0.5)",4.051284311989624,67.34321757426531,1.6394263927808232,53.06420007123252,8.89614869221333,False,True,True,False,False,19.739382408231858,0.0,0.0,0.0,0.0,0,1.0790445418878378,0.8863951073159482,False,False,False,False,0.26405373817649525,0.2561702221289052,False,False,False,False,148633.0,118500.68005365941,False,False,False,False,4340.311427399555,False,False,False,False
2025-07-23 14:00:00+00:00,74.38,74.68,74.21,74.61,3432.0,,,,,,,73.63601663136424,70.40476746663408,67.07670396913473,66.612910602108,66.28780595181696,65.80222571588078,65.26562762454294,64.70172552930154,64.4244866411415,62.213230642515725,61.208787503541885,60.50849317827158,60.1791166088174,59.071013451241136,,,70.40476746663408,67.07670396913473,59.071013451241136,,64.81377939402232,"rgba(38, 166, 154, 0.5)",4.0998479976214055,67.38898312561643,1.761288925485276,56.28668801888185,8.89614869221333,False,True,True,False,True,20.0,0.0,0.0,0.0,0.0,0,1.073349773470207,0.8791649939783225,False,False,False,False,0.29133496055583863,0.27375259134237195,False,False,False,False,152065.0,119021.05710709105,False,False,False,False,4326.229079687934,False,False,False,False
2025-07-23 15:00:00+00:00,74.61,74.995,74.535,74.875,2238.0,,,,,,,73.6943408305014,70.44446626565485,67.11239938224321,66.64755860236605,66.32110855932382,65.8329820411525,65.2926154586733,64.72314678698534,64.4431494041353,62.22974818777277,61.22571220442885,60.525735004507005,60.19650935373925,59.088902682395364,,,70.44446626565485,67.11239938224321,59.088902682395364,,64.84131248313422,"rgba(38, 166, 154, 0.5)",4.149524451207367,67.42055096342452,1.7964586362195065,59.32263785583685,2.2969423034136938,False,True,True,False,True,20.0,0.0,0.0,0.0,0.0,0,1.0760582769301363,0.8802913846506831,False,False,False,False,0.3065667693373241,0.290159680339848,False,False,False,False,154303.0,119568.06397364778,False,False,False,False,4293.85343504161,False,False,False,False
2025-07-23 16:00:00+00:00,74.875,74.98,74.72,74.84,1551.0,,,,,,,73.73296001786268,70.47184058737997,67.13708809098469,66.67153074965017,66.34415747630727,65.85428037274022,65.31131747059445,64.7380051680516,64.4560999341071,62.24121081053219,61.23745561407654,60.53769730391234,60.208575849477846,59.1013120337452,,,70.47184058737997,67.13708809098469,59.1013120337452,,64.86025224853016,"rgba(38, 166, 154, 0.5)",4.1941686781646625,67.44230459626017,1.7638049328471475,61.11761308518292,4.180224720893776,False,True,True,False,True,20.0,0.0,0.0,0.0,0.0,0,1.0745424100698655,0.8875801143253084,False,False,False,False,0.31063574747011374,0.3003977139049809,False,False,False,False,152752.0,120082.54360196332,False,False,False,False,4251.328575583601,False,False,False,False
2025-07-23 17:00:00+00:00,74.865,75.37,74.865,75.31,3231.0,,,,,,,73.82750195246751,70.5320707354561,67.19022903611626,66.72304944533342,66.39365046886105,65.89996771174593,65.3514033187945,64.76983923124338,64.48384131102347,62.265655485968935,61.262454834981874,60.56313468043337,60.234222518977354,59.12764885706173,,,70.5320707354561,67.19022903611626,59.12764885706173,,64.9017621134618,"rgba(38, 166, 154, 0.5)",4.232649605705777,67.49041821508709,1.847443685008041,63.92553930194958,7.041370450961111,False,True,True,False,True,20.0,0.0,0.0,0.0,0.0,0,1.0756903210929842,0.8807863031071662,False,False,False,False,0.3235070760137232,0.311952394959352,False,False,False,False,155983.0,120639.13982518869,False,False,False,False,4235.509527900134,False,False,False,False
2025-07-23 18:00:00+00:00,75.31,75.705,75.15,75.49,5417.0,,,,,,,73.98735127229475,70.63526439649915,67.28068658179181,66.81071805059132,66.47787725645823,65.97774179207117,65.419687910041,64.82413392378619,64.53118247730305,62.30727403664495,61.30496641169094,60.60635889036247,60.277788007304736,59.17234160990502,,,70.63526439649915,67.28068658179181,59.17234160990502,,64.9723837583389,"rgba(38, 166, 154, 0.5)",4.270191676605574,67.57281276098712,1.8540589834380319,66.36324049811245,9.544728770059663,False,True,True,False,True,20.0,0.0,0.0,0.0,0.0,0,1.0788446077868385,0.8752727690364084,False,False,False,False,0.3385544154224184,0.3252534051908852,False,False,False,False,161400.0,121271.0911457284,False,False,False,False,4253.827209638117,False,False,False,False
2025-07-23 19:00:00+00:00,75.435,75.84,75.27,75.78,12927.0,,,,,,,74.30029553649501,70.87351969318459,67.49337681796297,67.01723051442664,66.6766252123672,66.16178212077635,65.58185332848434,64.9536751662766,64.64437406643022,62.406896123738655,61.40668276619704,60.70975100383007,60.3819833439476,59.279192185049254,,,70.87351969318459,67.49337681796297,59.279192185049254,,65.13480270565476,"rgba(38, 166, 154, 0.5)",4.299109924640296,67.76260732287315,1.8648959476879763,68.8678335187656,12.113623516448442,False,False,True,False,True,20.0,0.0,0.0,0.0,0.0,0,1.083926112895824,0.8730495640201935,False,False,False,False,0.34282824953702995,0.33404082736395757,False,False,False,False,174327.0,122093.66337602717,False,False,False,False,4388.295004837526,False,False,False,False
2025-07-24 14:00:00+00:00,76.2,76.2,75.605,75.83,3023.0,,,,,,,74.36760098480467,70.9287326017619,67.54303130831907,67.06548854131202,66.72311844841833,66.20491460327345,65.61995450281562,64.98421600251048,64.67110266294864,62.430411834225005,61.43067292160318,60.73412345621269,60.40653938747755,59.30435596973213,,,70.9287326017619,67.54303130831907,59.30435596973213,,65.17244737324391,"rgba(38, 166, 154, 0.5)",4.329881937719679,67.8066739368488,1.8530126637532907,70.68978997950838,14.064705835680442,False,False,True,False,True,20.0,0.0,0.0,0.0,0.0,0,1.0831379724398198,0.8717479558579687,False,False,False,False,0.3428282496461884,0.338434538505073,False,False,False,False,177350.0,122950.35076554613,False,False,False,False,4367.12764042144,False,False,False,False
2025-07-24 15:00:00+00:00,75.96,76.11,75.6,75.6,4228.0,,,,,,,74.44654836562145,71.00229550763702,67.61061037930745,67.13128879563894,66.78660164861765,66.26393335191604,65.67221487967299,65.02622350520849,64.70791362661635,62.46289994276158,61.46384210954403,60.76783704206532,60.44051391338431,59.339193395625315,,,71.00229550763702,67.61061037930745,59.339193395625315,,65.2229940331155,"rgba(38, 166, 154, 0.5)",4.3487623723500555,67.86553329901695,1.7785443394561407,69.84875601163216,14.064705835680442,False,False,True,False,True,20.0,0.0,0.0,0.0,0.0,0,1.083195529452016,0.8723270798882372,False,False,False,False,0.3405645654549016,0.33949955197998727,False,False,False,False,173122.0,123728.20579243689,False,False,False,False,4364.970622740488,False,False,False,False
2025-07-24 16:00:00+00:00,75.58,75.84,75.22,75.38,3366.0,,,,,,,74.49087809509244,71.05581502826543,67.66173871851493,67.18123194561694,66.83489742929561,66.30898365795713,65.71225340425852,65.05853692869192,64.73628178186287,62.48809028873717,61.4896062192398,60.79405249109852,60.46694485082332,59.3663353296385,,,71.05581502826543,67.66173871851493,59.3663353296385,,65.26040329779237,"rgba(38, 166, 154, 0.5)",4.359581479416594,67.90860736048242,1.713786673054086,67.42576755685089,14.064705835680442,False,False,True,False,False,20.0,0.0,0.0,0.0,0.0,0,1.0832044894920694,0.8791158449292799,False,False,False,False,0.32516466533408867,0.332332108657038,False,False,False,False,169756.0,124441.81500495724,False,False,False,False,4349.482706108852,False,False,False,False
2025-07-24 17:00:00+00:00,75.37,75.7,75.36,75.575,3712.0,,,,,,,74.53849013786305,71.11421747953231,67.71782024180958,67.23604659888029,66.88793506320235,66.358505389251,65.75632157671924,65.09416191752251,64.76758146008619,62.51589563501468,61.51804058560085,60.822982060719056,60.496110917723584,59.39628192572429,,,71.11421747953231,67.71782024180958,59.39628192572429,,65.30145649926064,"rgba(38, 166, 154, 0.5)",4.365448458433535,67.9558264453726,1.7453358176542109,66.75283142730137,14.064705835680442,False,True,True,False,False,20.0,0.0,0.0,0.0,0.0,0,1.0928559092740775,0.8703010765068224,False,False,False,False,0.32516466533408867,0.3287483869955633,False,False,False,False,173468.0,125201.91089635325,False,False,False,False,4339.599253300962,False,False,False,False
2025-07-24 18:00:00+00:00,75.66,76.03,75.66,75.88,5258.0,,,,,,,74.61775469554709,71.2000295896338,67.79901629396043,67.31533920236046,66.96463140720695,66.43009950131078,65.82003789437566,65.14570457441455,64.81288125662172,62.55601678593159,61.559011717605834,60.864630170947045,60.53808331341229,59.43932667650755,,,71.2000295896338,67.79901629396043,59.43932667650755,,65.36161164855969,"rgba(38, 166, 154, 0.5)",4.370718627905576,68.02538030521839,1.7971002856675529,67.65728561678272,14.064705835680442,False,False,True,False,False,20.0,0.0,0.0,0.0,0.0,0,1.0968854154694867,0.8582921503275496,False,False,False,False,0.34008842906712555,0.3344184080313444,False,False,False,False,178726.0,126031.74173516947,False,False,False,False,4353.8380245676135,False,False,False,False
2025-07-24 19:00:00+00:00,75.845,75.85,75.27,75.38,14436.0,,,,,,,74.74276910719135,71.40353744429362,68.00432579784123,67.51693891856816,67.16043177016047,66.61399479820639,65.98483779455314,65.28008225400892,64.93141544998477,62.66201912976722,61.66752839872037,60.97510646938703,60.649493369082485,59.553815552188965,,,71.40353744429362,68.00432579784123,59.553815552188965,,65.5104497324253,"rgba(38, 166, 154, 0.5)",4.370174772310257,68.19407224278307,1.6443112991149662,64.14070060070492,14.064705835680442,False,True,True,False,False,20.0,0.0,0.0,0.0,0.0,0,1.094227017100884,0.8600941122460701,False,False,False,False,0.32657986867917926,0.33049913835526185,False,False,False,False,164290.0,126624.89302609708,False,False,False,False,4510.150613334007,False,False,False,False
2025-07-25 14:00:00+00:00,75.68,76.08,75.66,75.98,1788.0,,,,,,,74.76284385601055,71.42978037982246,68.03033383339162,67.54245622465778,67.1852117411548,66.63727249950735,66.0057154079261,65.297136141491,64.94647187714916,62.675439617214316,61.68124317683901,60.98905361682865,60.66355162766956,59.56824103602959,,,71.42978037982246,68.03033383339162,59.56824103602959,,65.529625073978,"rgba(38, 166, 154, 0.5)",4.375214963058322,68.21593366026903,1.7745565430009886,64.56521410875679,14.064705835680442,False,True,True,False,False,20.0,0.0,0.0,0.0,0.0,0,1.0980829756795425,0.851387696709586,False,False,False,False,0.34127904904536155,0.3358890937003117,False,False,False,False,166078.0,127236.56910321185,False,False,False,False,4467.9467278559605,False,False,False,False
2025-07-25 15:00:00+00:00,75.98,76.4,75.98,76.35,1904.0,,,,,,,74.78954536843202,71.45946806753176,68.05901742990922,67.570545794738,67.21245812855095,66.66282817281227,66.02860380713511,65.31581072136971,64.96295087177363,62.69006379269778,61.69616366431414,61.0042115354908,60.67882350144946,59.583890404292376,,,71.45946806753176,68.05901742990922,59.583890404292376,,65.55102723289265,"rgba(38, 166, 154, 0.5)",4.38409148035309,68.24053601487923,1.8497478945096375,66.21368135026673,14.064705835680442,False,True,True,False,False,20.0,0.0,0.0,0.0,0.0,0,1.1059477423790969,0.8443731377492557,False,False,False,False,0.3428282496561483,0.33935867167823,False,False,False,False,167982.0,127868.28121013878,False,False,False,False,4428.195615796178,False,False,False,False
2025-07-25 16:00:00+00:00,76.34,76.75,76.29,76.75,2346.0,,,,,,,74.8288309780846,71.49821257956664,68.09559933579291,67.60630765944009,67.24710969541005,66.6952844634531,66.05763589293208,65.3394742076,64.98382327913983,62.70850819914338,61.714951352897906,61.02327895957678,60.69802574713735,59.603540420446606,,,71.49821257956664,68.09559933579291,59.603540420446606,,65.57861305504437,"rgba(38, 166, 154, 0.5)",4.388748556466675,68.27248535609546,1.9316473784794996,68.59232236131407,14.064705835680442,False,False,True,False,True,20.0,0.0,0.0,0.0,0.0,0,1.1089747279949345,0.8444533993437348,False,False,False,False,0.34282824967973147,0.3410934606789807,False,False,False,False,170328.0,128526.57142393506,False,False,False,False,4395.913513225694,False,False,False,False
2025-07-25 17:00:00+00:00,76.78,76.85,76.69,76.815,2245.0,,,,,,,74.86869662309368,71.5360952745727,68.13108305063679,67.64097692659719,67.28069381620085,66.7267324835724,66.0857629308667,65.36240345757899,65.0040498726819,62.72635151407704,61.73311285288113,61.0417020115115,60.71657512912744,59.622509941131106,,,71.5360952745727,68.13108305063679,59.622509941131106,,65.60548184889497,"rgba(38, 166, 154, 0.5)",4.3951621509711964,68.30368707204623,1.9365185255049184,70.37796473655645,15.495378693027149,False,False,True,False,True,20.0,0.0,0.0,0.0,0.0,0,1.1069638845688619,0.8423477910258635,False,False,False,False,0.34282824969632664,0.3419608551876537,False,False,False,False,172573.0,129209.46178945545,False,False,False,False,4362.566016896613,False,False,False,False
2025-07-25 18:00:00+00:00,76.815,77.1,76.77,76.92,2360.0,,,,,,,74.91193050124423,71.57642161785436,68.16869309184213,67.67771433694641,67.31627896886168,66.7600543008216,66.11557075248278,65.38671313784339,65.0254987367291,62.745253104909466,61.75234100322253,61.06120035308406,60.736204184256,59.642574161556794,,,71.57642161785436,68.16869309184213,59.642574161556794,,65.63403201797533,"rgba(38, 166, 154, 1.0)",4.400011851949231,68.3368900705799,1.9507015476828171,71.90951768697411,17.117245931741564,True,False,True,False,True,20.0,0.0,0.0,0.0,0.0,0,1.1066098081023457,0.8425632455483211,False,False,False,False,0.3428282496903056,0.34239455243897965,False,False,False,False,174933.0,129918.35385473522,False,False,False,False,4331.518481750929,False,False,False,False
2025-07-25 19:00:00+00:00,76.88,76.94,76.73,76.83,13070.0,,,,,,,75.11188857923932,71.7854283744252,68.36906083741009,67.87395100093913,67.50676288265112,66.93900739103626,66.27627878544523,65.51840277215412,65.14194909422373,62.848321347127204,61.85728166175619,61.1676716697872,60.843413985056166,59.752239018093576,,,71.7854283744252,68.36906083741009,59.752239018093576,,65.78511838566747,"rgba(38, 166, 154, 1.0)",4.405831253694633,68.51103040605146,1.8881725411004864,72.01842902978703,17.464758154992424,True,False,True,False,True,20.0,0.0,0.0,0.0,0.0,0,1.1023309352517987,0.8451798561151086,False,False,False,False,0.33811048254749704,0.34025251749323837,False,False,False,False,161863.0,130413.61968644476,False,False,False,False,4466.998815367194,False,False,False,False
2025-07-28 14:00:00+00:00,76.35,76.35,75.83,75.945,4403.0,,,,,,,75.14338114360004,71.84168199064652,68.42837018095803,67.93250298357043,67.56392509477807,66.99315987131713,66.32535915254748,65.55903007082802,65.17804171570752,62.88075770147729,61.89045434570804,61.20142031962438,60.87743752495582,59.787170662017104,,,71.84168199064652,68.42837018095803,59.787170662017104,,65.8287637684097,"rgba(38, 166, 154, 0.5)",4.386206673422761,68.55977083398516,1.6837394395398613,65.16529813471763,20.069430700547116,False,True,True,False,False,20.0,0.0,0.0,0.0,0.0,0,1.0947602485888595,0.8483379896231263,False,False,False,False,0.30323786300280353,0.32174519024802095,False,False,False,False,157460.0,130832.94341223632,False,False,False,False,4466.006585671579,False,False,False,False
2025-07-28 15:00:00+00:00,75.94,76.0,75.45,75.915,4878.0,,,,,,,75.16670770588192,71.8986371798968,68.49086522036313,67.99440298025281,67.62450067769808,67.05074821608825,66.37775870263015,65.60259660805536,65.21682399150382,62.915819451242825,61.926370344293325,61.237996212615805,60.9143273756693,59.82509581014449,,,71.8986371798968,68.49086522036313,59.82509581014449,,65.874475034024,"rgba(38, 166, 154, 0.5)",4.359471130829622,68.61013239180775,1.6756316050663038,60.41043611613793,15.818185063454521,False,True,True,False,False,19.89223316788387,0.0,0.0,0.0,0.0,0,1.089911906791703,0.8540494458653035,False,False,False,False,0.2854482477364715,0.3035967189922462,False,False,False,False,152582.0,131170.13808801558,False,False,False,False,4472.394080467368,False,False,False,False
2025-07-28 16:00:00+00:00,75.9,76.25,75.79,76.04,3585.0,,,,,,,75.18897436730802,71.94195961077396,68.53760050986546,68.04064919056951,67.66973697555302,67.09373466590614,66.4168663446073,65.63512289013107,65.24578459645672,62.94194111826922,61.953099852188885,61.26519868998885,60.94175532183286,59.85326824573261,,,71.94195961077396,68.53760050986546,59.85326824573261,,65.90897802708454,"rgba(38, 166, 154, 0.5)",4.324032602321853,68.64834138539018,1.709436374425291,58.03262025016094,13.78415531033432,False,True,True,False,False,20.0,0.0,0.0,0.0,0.0,0,1.0941716910709163,0.8595463680735005,False,False,False,False,0.29925679368415486,0.30142675633820054,False,False,False,False,156167.0,131557.686334713,False,False,False,False,4458.636032708184,False,False,False,False
2025-07-28 17:00:00+00:00,76.04,76.395,75.92,76.02,1840.0,,,,,,,75.20107559493262,71.96429899652827,68.56163268385467,68.06442929009877,67.69300008536565,67.11584636497665,66.43699192912706,65.65187420234295,65.26070515709964,62.95539450556408,61.966862067210734,61.279201697464686,60.95587318390689,59.8677655171924,,,71.96429899652827,68.56163268385467,59.8677655171924,,65.92678223397607,"rgba(38, 166, 154, 0.5)",4.2506158027630585,68.66807054743525,1.7296151413603928,56.294037806133716,12.209392820531228,False,True,True,False,False,20.0,0.0,0.0,0.0,0.0,0,1.0955823293172695,0.8552495697074017,False,False,False,False,0.30573075009697026,0.30357875321758543,False,False,False,False,154327.0,131910.69894967868,False,False,False,False,4418.037024449142,False,False,False,False
2025-07-28 18:00:00+00:00,76.02,76.39,76.02,76.33,3197.0,,,,,,,75.22437118883848,72.00379475129674,68.60376806014312,68.10610323930179,67.73375957588144,67.15458135729965,66.47224731035327,65.68122657456672,65.28685373710304,62.97894370394019,61.99093800864086,61.30369008018312,60.98055851973497,59.89310196672348,,,72.00379475129674,68.60376806014312,59.89310196672348,,65.95813843385763,"rgba(38, 166, 154, 0.5)",4.203146665521941,68.702903461472,1.8146158450982512,57.1934994196569,12.209392820531228,False,True,True,False,False,20.0,0.0,0.0,0.0,0.0,0,1.0961053837342503,0.8539518900343649,False,False,False,False,0.3079729719785052,0.30577586259804534,False,False,False,False,157524.0,132307.80439231932,False,False,False,False,4399.106217868535,False,False,False,False
2025-07-28 19:00:00+00:00,76.33,76.41,76.09,76.15,7955.0,,,,,,,75.27649277859948,72.09830704027809,68.70623029012064,68.20760458290599,67.83316259076386,67.24923973839975,66.55861629645642,65.75335681605763,65.35120480758086,63.03704822985479,62.0503692656648,61.364155807330334,61.04151775725631,59.95569199031177,,,72.09830704027809,68.70623029012064,59.95569199031177,,66.03449985654149,"rgba(38, 166, 154, 0.5)",4.137036627110081,68.78723256043341,1.7797201483105656,56.244329301671186,11.951069897659153,False,True,True,False,False,20.0,0.0,0.0,0.0,0.0,0,1.1018204789525072,0.8525239763395173,False,False,False,False,0.31009995494153064,0.307937908769788,False,False,False,False,149569.0,132575.4198280973,False,False,False,False,4454.236354025612,False,False,False,False
2025-07-29 14:00:00+00:00,77.91,77.99,77.12,77.235,5122.0,,,,,,,75.34754194077198,72.17448633408856,68.78133751834613,68.28146995924723,67.9051649658621,67.31737638979288,66.62041031024157,65.80468467947405,65.3968906331567,63.077661982703525,62.091677481468466,61.40603621396251,61.083674962588866,59.99877182404504,,,72.17448633408856,68.78133751834613,59.99877182404504,,66.09194179969639,"rgba(38, 166, 154, 0.5)",4.082299243944936,69.46322494656987,1.9037739736883832,60.909812718889356,11.951069897659153,False,True,True,False,True,20.0,0.0,0.0,0.0,0.0,0,1.104809925783242,0.8391026004192407,False,False,False,False,0.34282824972323284,0.32538307924651044,False,False,False,False,154691.0,132918.2970400648,False,False,False,False,4464.589278769401,False,False,False,False
2025-07-29 15:00:00+00:00,77.235,77.235,75.85,76.05,4737.0,,,,,,,75.37781253551717,72.22912624067548,68.8412247716804,68.3408877566249,67.96344262675925,67.37301574050552,66.67135252145312,65.84742947961378,65.4351121721043,63.11223818813919,62.127035779637424,61.44200449714872,61.11993433597284,60.03599356418913,,,72.22912624067548,68.8412247716804,60.03599356418913,,66.1369007292872,"rgba(38, 166, 154, 0.5)",3.997087613173328,69.48506861922463,1.642428692115507,57.00518114811503,11.951069897659153,False,True,True,False,False,17.38105171684963,0.0,0.0,0.0,0.0,0,1.0880368787946935,0.8510793793568707,False,False,False,False,0.2918559844253639,0.30861953183593716,False,False,False,False,149954.0,133182.41646580023,False,False,False,False,4468.812700803984,False,False,False,False
2025-07-29 16:00:00+00:00,76.05,76.44,75.83,76.44,3189.0,,,,,,,75.3944627022339,72.26388853981646,68.88026470739166,68.37970329376705,68.00157342798839,67.40950626782873,66.70485269805849,65.87562712736658,65.4603626579523,63.13516670282307,62.15050531889001,61.46589281974143,61.144022127950905,60.06074011654488,,,72.26388853981646,68.88026470739166,60.06074011654488,,66.16618346488242,"rgba(38, 166, 154, 0.5)",3.912421162317217,69.50722320933205,1.771991435237472,56.093100947728125,11.951069897659153,False,True,True,False,False,18.516781552737953,0.0,0.0,0.0,0.0,0,1.0826732959472745,0.8735618893449738,False,False,False,False,0.2717635547942683,0.2901915433151027,False,False,False,False,153143.0,133491.88287718318,False,False,False,False,4448.9706434271775,False,False,False,False
2025-07-29 17:00:00+00:00,76.44,76.545,76.14,76.22,2333.0,,,,,,,75.40714938649757,72.28935015703806,68.9088154330617,68.40809193235984,68.0294656072005,67.43620735568572,66.72937853525093,65.89628793676604,65.47887166538241,63.15197297441228,62.16770470906433,61.48339686066908,61.161671328164125,60.07886885646449,,,72.28935015703806,68.9088154330617,60.07886885646449,,66.18765948128694,"rgba(38, 166, 154, 0.5)",3.8024315951812038,69.52622224292693,1.7603939977660727,54.40703259378548,10.415601737303561,False,True,True,False,False,17.46764623074372,0.0,0.0,0.0,0.0,0,1.0757733750434486,0.8723786351523588,False,False,False,False,0.28196696059235776,0.28607925195373024,False,False,False,False,150810.0,133760.3808170718,False,False,False,False,4416.164897017454,False,False,False,False
2025-07-29 18:00:00+00:00,76.395,76.66,76.17,76.455,3069.0,,,,,,,75.4255958280851,72.32340129690142,68.94667808580654,68.44572233382564,68.0664302704553,67.47158705108468,66.76187575922333,65.92367164025688,65.50340757993939,63.174228281605686,62.190468677561,61.50655644750419,61.18501960582056,60.10284091091872,,,72.32340129690142,68.94667808580654,60.10284091091872,,66.21624884064204,"rgba(38, 166, 154, 0.5)",3.6843596165113968,69.55405231671033,1.8730385742920397,54.3737233926431,10.098457218406935,False,True,True,False,False,18.16266221156657,0.0,0.0,0.0,0.0,0,1.0722382880277623,0.872353961827647,False,False,False,False,0.2855454327102169,0.28581234233197356,False,False,False,False,153879.0,134072.2973935513,False,False,False,False,4395.278619544314,False,False,False,False
2025-07-29 19:00:00+00:00,76.455,76.57,75.77,75.94,7652.0,,,,,,,75.45437379142027,72.39917723286794,69.03528825011546,68.53415326037575,68.15355718683067,67.55534486691359,66.83918578548668,65.98917411603627,65.56224596872572,63.227999970627586,62.245583269351876,61.562699930670334,61.24165193914326,60.16108566893745,,,72.39917723286794,69.03528825011546,60.16108566893745,,66.28296580267877,#000000,3.5595434240058927,69.61467037560483,1.7770058883778617,51.79089222475426,7.363265210913703,False,True,False,False,False,15.712125118244284,0.0,0.0,0.0,0.0,1,1.0667514303877943,0.8787493498237308,False,False,False,False,0.27348068962071326,0.2796465159763434,False,False,False,False,146227.0,134260.74239520167,False,False,False,False,4445.770423892464,False,False,False,False
2025-07-30 14:00:00+00:00,76.56,77.45,76.37,77.45,2499.0,,,,,,,75.47707555535808,72.42976843757121,69.06777206311911,68.5663413889989,68.18512347537491,67.58549926809002,66.86684644392112,66.01247568777433,65.5831252976124,63.24681688925925,62.26477679845679,61.58219306578709,61.26128883248684,60.181199699104354,,,72.42976843757121,69.06777206311911,60.181199699104354,,66.3078787787796,"rgba(38, 166, 154, 0.5)",3.439662653686748,69.64388585634546,2.269441782404934,55.729308039017575,7.363265210913703,False,True,True,False,True,20.0,0.0,0.0,0.0,0.0,1,1.0600537112165025,0.8708645220273136,False,False,False,False,0.310174400671794,0.2949104583240687,False,False,False,False,148726.0,134485.00995496596,False,False,False,False,4415.587936700333,False,False,False,False
2025-07-30 15:00:00+00:00,77.5,77.645,76.64,77.1,3146.0,,,,,,,75.50543253545858,72.46802925747615,69.10848902804538,68.60670109384843,68.22471641700031,67.62334264446116,66.90158678726507,66.04177242358624,65.6093902687417,63.270498457334924,62.288931437772085,61.6067240490605,61.286000404782705,60.20651071580152,,,72.46802925747615,69.10848902804538,60.20651071580152,,66.3391518229025,"rgba(38, 166, 154, 0.5)",3.3065367282296,69.68012842719365,2.244000954067467,56.730739403026135,7.363265210913703,False,True,True,False,True,18.4254478172416,0.0,0.0,0.0,0.0,1,1.0674234213678633,0.8685756659631518,False,False,False,False,0.32186794926935064,0.30838920379670964,False,False,False,False,145580.0,134657.02530450138,False,False,False,False,4395.904402798002,False,False,False,False
2025-07-30 16:00:00+00:00,77.07,77.675,76.995,77.63,4588.0,,,,,,,75.55253588805519,72.5263029424003,69.16936744088189,68.66696504049436,68.2837893437248,67.6797507302466,66.95332958894947,66.08538965755429,65.64848909341862,63.30564715790798,62.324738326636556,61.643060850008226,61.32259226998693,60.243950927912906,,,72.5263029424003,69.16936744088189,60.243950927912906,,66.38613637558414,"rgba(38, 166, 154, 0.5)",3.1663293580421725,69.73578942182777,2.4931741728388688,58.986250813598204,3.4666278674051227,False,True,True,False,True,19.870436592830394,0.0,0.0,0.0,0.0,0,1.0888218923933213,0.8642741187384051,False,False,False,False,0.33161439916937224,0.3200018014830409,False,False,False,False,150168.0,134897.50553233857,False,False,False,False,4398.882629111211,False,False,False,False
2025-07-30 17:00:00+00:00,77.63,77.85,77.54,77.665,2032.0,,,,,,,75.57536425818121,72.55297861529587,69.19685904483494,68.69415217770818,68.31042393357828,67.70516609662108,66.9766305151151,66.10502700053188,65.66609128339252,63.3214349581218,62.3408062159408,61.65935660842689,61.33899800111914,60.260723056301494,,,72.55297861529587,69.19685904483494,60.260723056301494,,66.40742941179779,"rgba(38, 166, 154, 0.5)",3.093928620104615,69.76133023121518,2.554574051070893,60.593388146690685,5.164233451489757,False,False,True,False,True,19.965157788892313,0.0,0.0,0.0,0.0,0,1.1109873358348976,0.8365970919324587,False,False,False,False,0.3428282493484699,0.3314150254157554,False,False,False,False,152200.0,135165.76126051936,False,False,False,False,4362.1867743963085,False,False,False,False
2025-07-30 18:00:00+00:00,77.665,77.79,76.77,76.77,3951.0,,,,,,,75.60665636214128,72.59834090430012,69.24622161418822,68.74319714244979,68.3586321975191,67.75138963146149,67.0192308930944,66.14113341847728,65.69853948622415,63.350808648851526,62.37078526749219,61.68981385613575,61.36968434465933,60.29216930728322,,,72.59834090430012,69.24622161418822,60.29216930728322,,66.44547164816271,"rgba(38, 166, 154, 0.5)",3.0421563712905217,69.80312932364491,2.2901093257739573,57.48454418717951,5.164233451489757,False,True,True,False,False,15.890330390920479,0.0,0.0,0.0,0.0,0,1.0943695014662758,0.8433431085043994,False,False,False,False,0.3219423877009076,0.32667870655833153,False,False,False,False,148249.0,135368.602171209,False,False,False,False,4355.8117856459785,False,False,False,False
2025-07-30 19:00:00+00:00,76.77,76.77,76.13,76.3,5288.0,,,,,,,75.627732055958,72.64832405517335,69.3054538180782,68.8024561244313,68.41716526675422,67.80790874244346,67.07171716145707,66.18598485299457,65.73899695868275,63.387908398128594,62.40879550830454,61.72852200209433,61.40872425981389,60.33230452439306,,,72.64832405517335,69.3054538180782,60.33230452439306,,66.49085669490766,"rgba(38, 166, 154, 0.5)",2.9924061968327367,69.84736080238345,2.1563380013202216,53.63416341145539,9.288499640433656,False,True,True,False,False,13.847469780190256,0.0,0.0,0.0,0.0,0,1.0775139255350343,0.8602755790090891,False,False,False,False,0.2809526528510774,0.30381567970470447,False,False,False,False,142961.0,135486.31376545384,False,False,False,False,4370.26431610108,False,False,False,False
2025-07-31 14:00:00+00:00,77.68,77.77,77.05,77.36,2024.0,,,,,,,75.64550414930193,72.67208296740495,69.33100446970916,68.82782952614158,68.44210392707555,67.83182506799608,67.0937740857193,66.20470773753914,65.75583665771919,63.40313245463002,62.42431864688549,61.74428327334005,61.424599865286,60.34855996902521,,,72.67208296740495,69.33100446970916,60.34855996902521,,66.51068305698384,"rgba(38, 166, 154, 0.5)",2.953733090712036,69.86966728018938,2.5358867879307883,54.83088291391837,9.288499640433656,False,True,True,False,False,16.855035288106492,0.0,0.0,0.0,0.0,1,1.083313899253732,0.8472481343283589,False,False,False,False,0.3284550165086147,0.31613534810665955,False,False,False,False,144985.0,135633.5802187026,False,False,False,False,4333.888125153777,False,False,False,False
2025-07-31 15:00:00+00:00,77.36,77.36,76.93,77.22,5531.0,,,,,,,75.6863154718978,72.73279739388347,69.39809909204486,68.89462118306018,68.50786971177799,67.89506438276219,67.15227457805389,66.25453936843876,65.80072902881888,63.44390560121633,62.46594481716734,61.78658052094119,61.467218351547864,60.392243794827436,,,72.73279739388347,69.39809909204486,60.392243794827436,,66.56272880688844,"rgba(38, 166, 154, 0.5)",2.895264228866003,69.92616257678847,2.5192303177345328,55.05462798876369,9.288499640433656,False,True,True,False,False,16.25020904411801,0.0,0.0,0.0,0.0,1,1.086584149703761,0.8466005748812119,False,False,False,False,0.31520709793896523,0.31567122302281236,False,False,False,False,139454.0,135692.81153314133,False,False,False,False,4352.4479991824,False,False,False,False
2025-07-31 16:00:00+00:00,77.175,77.6,77.17,77.53,5142.0,,,,,,,75.72873872299698,72.79105333224068,69.46153164577693,68.9577086784826,68.56995917949526,67.95474007306899,67.20746835231587,66.30156961793331,65.84310783910163,63.48231816719794,62.50512241358512,61.82636500392793,61.50729399613718,60.433286504591656,,,72.79105333224068,69.46153164577693,60.433286504591656,,66.61216168048944,"rgba(38, 166, 154, 0.5)",2.8375577114416286,69.98081594955954,2.660451281748584,56.23824642488944,9.288499640433656,False,True,True,False,True,17.111456328294075,0.0,0.0,0.0,0.0,0,1.0888797267051484,0.8429143597596899,False,False,False,False,0.3272005122357523,0.32143586762928233,False,False,False,False,144596.0,135830.84546286004,False,False,False,False,4364.689115474146,False,False,False,False
2025-07-31 17:00:00+00:00,77.53,77.53,76.64,76.64,2999.0,,,,,,,75.74560752813348,72.82080409353226,69.49579122953139,68.99194397151557,68.60376781599906,67.98739584330967,67.23783633947748,66.32760139675601,65.86662935369114,63.503830399785066,62.52712057832001,61.84874002506647,61.52984877671678,60.45643625648612,,,72.82080409353226,69.49579122953139,60.45643625648612,,66.6388109720229,"rgba(38, 166, 154, 0.5)",2.7423067688372313,70.00842779497775,2.418245938193892,53.43591609148542,8.610606177558964,False,True,True,False,False,13.318519938376696,0.0,0.0,0.0,0.0,0,1.0843869450161718,0.8428697441928851,False,False,False,False,0.3122225329148728,0.31682920027207756,False,False,False,False,141597.0,135920.2432076219,False,False,False,False,4343.515640815632,False,False,False,False
2025-07-31 18:00:00+00:00,76.64,76.88,76.52,76.75,6253.0,,,,,,,75.7730824166791,72.87823883015676,69.56414058967903,69.06043831574752,68.67155028194843,68.05307091761682,67.29912616861571,66.38035352784841,65.91438468532203,63.547732510552684,62.5720753721819,61.89450296195956,61.57599619484423,60.50385431366975,,,72.87823883015676,69.56414058967903,60.50385431366975,,66.69203907763014,#000000,2.6628925409563116,70.06186106081486,2.5116067720792286,52.00113698914386,7.0649813084919515,False,True,False,False,False,13.637191816322023,0.0,0.0,0.0,0.0,0,1.0832841110454818,0.849675132900178,False,False,False,False,0.2931966988676622,0.3050129495698699,False,False,False,False,147850.0,136105.20067727118,False,False,False,False,4373.120049485157,False,False,False,False
2025-07-31 19:00:00+00:00,76.805,76.86,76.42,76.58,6023.0,,,,,,,75.79555114098532,72.93062875771108,69.62789016212369,69.12445591908856,68.7350054697973,68.11470718205209,67.35681852374817,66.43019077233387,65.95957958227383,63.589436440398195,62.614814024393354,61.93803131210963,61.61989970257783,60.54899669713289,,,72.93062875771108,69.62789016212369,60.54899669713289,,66.74185754905184,#000000,2.559818666155804,70.11111225108954,2.5270882795089094,50.36437319284272,5.318398828342708,False,True,False,False,False,12.92086523464026,0.0,0.0,0.0,0.0,0,1.080435296900876,0.8493021055121845,False,False,False,False,0.29025045088305035,0.2976317002264601,False,False,False,False,141827.0,136193.91074429022,False,False,False,False,4398.699583601667,False,False,False,False
2025-08-01 14:00:00+00:00,73.56,75.34,73.56,74.55,3633.0,,,,,,74.48333333333333,75.77488302356869,72.94363227018037,69.65420788922974,69.15169023062232,68.76255362128049,68.14222593702677,67.38332627910384,66.4537637183565,65.981229522657,63.61035958370321,62.63655412167769,61.96035995027097,61.64250350023882,60.57250000464281,,,72.94363227018037,69.65420788922974,60.57250000464281,,67.27687486572617,"rgba(239, 83, 80, 1.0)",2.4593087873847375,70.5482629152597,1.6271795982950967,43.65138725900103,-0.9917334951976002,False,True,False,True,False,5.03918555534036,0.0,0.0,0.0,0.0,0,1.0575961372650462,0.8553198827384041,False,False,False,False,0.1855855293745437,0.24160861480050191,False,False,False,False,138194.0,136224.91988003763,False,False,False,False,4386.828272227997,False,False,False,False
2025-08-01 15:00:00+00:00,74.485,75.765,74.485,75.76,1724.0,,,,,,74.75795470101426,75.77163198971812,72.95310489030938,69.6687863622565,69.16657034898303,68.77747034428664,68.1569477850155,67.39733993020887,66.46608546894396,65.99249212151688,63.62103736826513,62.64758390640039,61.97164809437615,61.65391308581766,60.58430799557129,,,72.95310489030938,69.6687863622565,60.58430799557129,,67.3057916261789,"rgba(239, 83, 80, 1.0)",2.3588551811762084,70.57051833703662,2.200000112077982,43.68008698645253,-0.9917334951976002,False,True,False,True,False,8.656517382426017,0.0,0.0,0.0,0.0,0,1.066871724766462,0.851503759398497,False,False,False,False,0.21731872020416831,0.2294636675023351,False,False,False,False,139918.0,136282.1769361611,False,False,False,False,4345.544112968649,False,False,False,False
2025-08-01 16:00:00+00:00,75.76,75.96,75.1,75.1,1134.0,,,,,,74.8677928413701,75.76976252978012,72.95942478774582,69.67841920186834,69.17639810827146,68.78731981754078,68.16666581717122,67.40658871465271,66.47421733774823,65.99992513949567,63.628080256542255,62.6548571041139,61.97909048383639,61.661435025522465,60.59209096598086,,,72.95942478774582,69.67841920186834,60.59209096598086,,67.32013787544268,"rgba(239, 83, 80, 1.0)",2.239891020514137,70.58174899119994,2.0171744818919564,42.15074874531412,-2.479439572993151,False,True,False,True,False,6.316366042522727,0.0,0.0,0.0,0.0,0,1.069983911744427,0.8591128476212373,False,False,False,False,0.23656359179741376,0.23301362964987443,False,False,False,False,138784.0,136320.9648906392,False,False,False,False,4295.752731372235,False,False,False,False
2025-08-01 17:00:00+00:00,75.1,75.1,74.24,74.295,1091.0,,,,,,74.82134507166096,75.7640670039669,72.96337647409992,69.68629422007588,69.18454647622285,68.79556312235249,68.17490368114116,67.4145302470697,66.4812893636651,66.00642499424808,63.63436369569028,62.66138461369442,61.98579388173186,61.66822067106399,60.59914554789102,,,72.96337647409992,69.68629422007588,60.59914554789102,,67.32274993763829,"rgba(239, 83, 80, 1.0)",2.150234143964316,70.58298022804347,1.7263328193239484,39.473677014041314,-5.125029352079743,False,True,False,True,False,3.5805609266638854,0.0,0.0,0.0,0.0,0,1.0558045977011496,0.8733908045977019,False,False,False,False,0.19588468555032748,0.21444915760010097,False,False,False,False,137693.0,136342.23675279983,False,False,False,False,4246.066642513751,False,False,False,False
2025-08-01 18:00:00+00:00,74.34,74.975,73.94,74.49,974.0,,,,,,74.78115883590462,75.75870986889207,72.96671756772054,69.69319261429305,69.19169639077914,68.80280462130727,68.18215185275842,67.42152913689515,66.4875325869226,66.01216742123172,63.63992780962026,62.667168497061304,61.99173586521856,61.674236548171294,60.605402974510525,,,72.96671756772054,69.69319261429305,60.605402974510525,,67.32507550608577,"rgba(239, 83, 80, 1.0)",2.034767031841718,70.58400491368486,1.9196276650795334,38.424689598229676,-6.2650213222662,False,True,False,True,False,4.16959386709307,0.0,0.0,0.0,0.0,0,1.047095045327556,0.8746222703688927,False,False,False,False,0.18593598490604307,0.20019257125307202,False,False,False,False,138667.0,136378.2795938417,False,False,False,False,4195.336927125941,False,False,False,False
2025-08-01 19:00:00+00:00,74.49,74.7,74.27,74.5,7840.0,,,,,,74.64193675286654,75.7178479690962,72.99346055201869,69.74825188706549,69.24878437319909,68.8606473592081,68.2400909717886,67.47753501832274,66.53756827143013,66.05822522955152,63.68459683545747,62.71360412811269,62.039442020126714,61.722536521810085,60.65564426448404,,,72.99346055201869,69.74825188706549,60.65564426448404,,67.35601147696921,"rgba(239, 83, 80, 1.0)",1.9399337153150114,70.60247893498043,2.0091001224681975,37.7663092533633,-7.128218110625987,False,True,False,True,False,4.200149747362197,0.0,0.0,0.0,0.0,0,1.0502695035460998,0.8748368794326246,False,False,False,False,0.18722137560895336,0.19370697343101267,False,False,False,False,146507.0,136535.31401874337,False,False,False,False,4251.843331356546,False,False,False,False
2025-08-04 14:00:00+00:00,76.04,76.72,76.04,76.505,3326.0,,,,,,74.94207779805969,75.72733498008765,73.01880483063009,69.78059060716572,69.28142264015516,68.89313120020464,68.2718483591619,67.50749869897639,66.5637168878694,66.08205549179709,63.70680392848609,62.736406975305826,62.06269369681601,61.74600075735509,60.67980942330369,,,73.01880483063009,69.78059060716572,60.67980942330369,,67.40001308502497,"rgba(239, 83, 80, 0.75)",1.8396472120656588,70.64160131633801,3.1872408172642146,43.75028792143354,-11.618281152107983,False,True,False,True,True,9.942148401640331,0.0,0.0,0.0,0.0,0,1.051580054236538,0.8681720073053302,False,False,False,False,0.27753912429443073,0.2356230488627217,False,False,False,False,149833.0,136741.4796928714,False,False,False,False,4237.489171180475,False,False,False,False
2025-08-04 15:00:00+00:00,76.5,76.925,76.23,76.835,1163.0,,,,,,75.03792745989944,75.73172593524828,73.02820186037506,69.79223343408252,69.2931491614478,68.90478653848058,68.28322240701205,67.51821152226778,66.57305098773747,66.09055651807292,63.71469804715205,62.74450302583168,62.0709429022347,61.75432263010881,60.68837121822753,,,73.02820186037506,69.79223343408252,60.68837121822753,,67.41506024321193,#000000,1.738389095871444,70.65533798348068,3.554820972586398,48.52424108396743,-7.275362262905539,False,True,False,False,True,10.816383858289434,0.0,0.0,0.0,0.0,0,1.0532732864674872,0.8669266256590515,False,False,False,False,0.2871866457001555,0.2614048472814386,False,False,False,False,150996.0,136962.4800077106,False,False,False,False,4189.822672402483,False,False,False,False
2025-08-04 16:00:00+00:00,76.835,77.15,76.72,77.035,2854.0,,,,,,75.27000877599448,75.74579997873177,73.05297579182364,69.82189953937745,69.32295310641223,68.93435966383318,68.31201519326217,67.5452680744698,66.59657407091731,66.11196038531574,63.73448483867275,62.76476536769789,62.0915692799043,61.77512216993428,60.70974342745209,,,73.05297579182364,69.82189953937745,60.70974342745209,,67.45263331091994,"rgba(38, 166, 154, 0.5)",1.6584574402369126,70.6904836451024,3.8255527099877047,52.19569953067231,-4.014927461928359,False,True,True,False,True,11.345375293964171,0.0,0.0,0.0,0.0,0,1.0583797966546413,0.8650923800153059,False,False,False,False,0.30478450503736065,0.28309467615939965,False,False,False,False,153850.0,137224.30202309493,False,False,False,False,4169.112243372987,False,False,False,False
2025-08-04 17:00:00+00:00,77.045,77.19,76.945,77.025,3444.0,,,,,,75.49595034887,75.7635143195822,73.083099572031,69.85779541058557,69.35900803705609,68.97013334331251,68.3468457552864,67.57800504497627,66.62505013393391,66.13787848263733,63.758436437564946,62.7892856255445,62.11652555312752,61.800285945477576,60.735593704399776,,,73.083099572031,69.85779541058557,60.735593704399776,,67.4944938476257,"rgba(38, 166, 154, 0.5)",1.5944667497982858,70.7304433598188,3.9477503315622706,54.60436972588071,-1.861754339802495,False,True,True,False,True,11.309082125406878,0.0,0.0,0.0,0.0,0,1.0606770975303934,0.8650166275963589,False,False,False,False,0.3113530509553834,0.2972238635573915,False,False,False,False,150406.0,137428.6694335896,False,False,False,False,4157.870193088134,False,False,False,False
2025-08-04 18:00:00+00:00,77.1,77.16,76.92,76.955,3279.0,,,,,,75.65910555227276,75.77940900805734,73.1110649403466,69.89144593332598,69.39284023107528,69.00372732855318,68.37959316543132,67.60882865925034,66.65191042079738,66.16234724843365,63.78108939447333,62.81248508760063,62.14014287639293,61.82410199412029,60.76006698185385,,,73.1110649403466,69.89144593332598,60.76006698185385,,67.53054392146565,"rgba(38, 166, 154, 0.5)",1.5242358061628418,70.7652936640451,4.060858766687192,55.90853716092018,-0.5928768124124701,False,False,True,False,True,11.050729828721117,0.0,0.0,0.0,0.0,0,1.0602468598771144,0.8656951769887452,False,False,False,False,0.30998764258588607,0.3036057530716388,False,False,False,False,147127.0,137579.0311477975,False,False,False,False,4144.244298621652,False,False,False,False
2025-08-04 19:00:00+00:00,76.955,77.335,76.84,76.97,10171.0,,,,,,76.0068484154915,75.8276279333032,73.19612359920478,69.9943674756998,69.49640167823131,69.10663746411785,68.48003946888745,67.70353853648466,66.734642302668,66.23780439470674,63.85105903416028,62.884152102807036,62.21310584574879,61.897681122508004,60.835683858798106,,,73.19612359920478,69.9943674756998,60.835683858798106,,67.6310475488545,"rgba(38, 166, 154, 0.5)",1.441118784607101,70.86426463362606,4.236802289714494,56.82855647580581,0.4726115890222573,False,False,True,False,True,11.09255853215273,0.0,0.0,0.0,0.0,0,1.059058950784208,0.8645213628988647,False,False,False,False,0.3123467819357758,0.3079762675037073,False,False,False,False,157298.0,137884.75159511846,False,False,False,False,4237.682371511239,False,False,False,False
2025-08-05 14:00:00+00:00,77.84,77.84,75.915,76.02,4064.0,,,,,,76.06002203727317,75.83905520818384,73.22518322635625,70.0320595444952,69.53454710353428,69.14470218930366,68.51742210451437,67.73902876644631,66.76588482779118,66.26640161727514,63.87785040272391,62.911669795136305,62.241168876927546,61.926002283410405,60.864856420419635,,,73.22518322635625,70.0320595444952,60.864856420419635,,67.66305696025275,"rgba(38, 166, 154, 0.5)",1.348222747387343,71.40829432207073,3.4205814186610275,53.39917878132688,0.4726115890222573,False,True,True,False,False,7.60091469293371,0.0,0.0,0.0,0.0,0,1.048052980132451,0.8619337748344376,False,False,False,False,0.30194195388791295,0.30495911069581016,False,False,False,False,153234.0,138122.724438605,False,False,False,False,4234.989621565328,False,False,False,False
2025-08-05 15:00:00+00:00,76.07,76.45,75.7,75.91,5086.0,,,,,,76.05593325030632,75.84237982989475,73.25479947731102,70.07456941330946,69.57789066459227,69.18818204972301,68.56044479083283,67.78020414637653,66.80244755410449,66.2999993848027,63.909720367662935,62.94451966119819,62.27474222904006,61.959916516372196,60.899891783589034,,,73.25479947731102,70.07456941330946,60.899891783589034,,67.69504274127438,#000000,1.2362175236429331,71.42030834341817,3.631797455314685,50.70612773545005,0.4726115890222573,False,True,False,False,False,7.206987410126807,0.0,0.0,0.0,0.0,0,1.0454139290407365,0.8776346911957955,False,False,False,False,0.2627381124500324,0.2838486115729213,False,False,False,False,148148.0,138278.1550674638,False,False,False,False,4248.183580920904,False,False,False,False
2025-08-05 16:00:00+00:00,75.95,76.46,75.85,76.16,1694.0,,,,,,76.0592481755606,75.84429148578891,73.26500560921392,70.08891693867777,69.59250236547808,69.202829370796,68.5749256059556,67.79405368760472,66.81474109879214,66.31129512544103,63.92041759843584,62.95553846192981,62.28599907549155,61.97128561041774,60.91163026953051,,,73.26500560921392,70.08891693867777,60.91163026953051,,67.70617869860762,#000000,1.1331401517904591,71.42925809658527,4.174895661352874,50.05599624212985,6.2383757138436735,False,True,False,False,False,7.948571639563816,0.0,0.0,0.0,0.0,0,1.0519959921953281,0.8771291462321369,False,False,False,False,0.266609225086733,0.27522891832982715,False,False,False,False,149842.0,138457.4394850225,False,False,False,False,4208.58383548027,False,False,False,False
2025-08-05 17:00:00+00:00,76.16,76.37,75.495,76.32,2500.0,,,,,,76.05936019045149,75.84622540803244,73.27944675663915,70.10963815509497,69.61363770631131,69.22403991680925,68.59592925152208,67.81417809326207,66.83264105792384,66.32775772812363,63.936048141066564,62.97164965661096,62.30246502972138,61.98791871397442,60.92881318192752,,,73.27944675663915,70.10963815509497,60.92881318192752,,67.7219832658314,#000000,1.1221931270554621,71.44127194602756,4.3474941490452705,50.36188850373419,6.211342926469641,False,True,False,False,False,8.424176188050005,0.0,0.0,0.0,0.0,0,1.050781659846816,0.8750918056867069,False,False,False,False,0.2558616351833007,0.2655452767565639,False,False,False,False,152342.0,138672.70398913068,False,False,False,False,4182.094163612359,False,False,False,False
2025-08-05 18:00:00+00:00,76.26,76.295,75.705,75.86,2381.0,,,,,,76.0548807918426,75.8471253317054,73.2925323567557,70.12888303740905,69.63330296330847,69.24380110154038,68.61553516208642,67.83300313729227,66.8494253073892,66.34321118435282,63.95076463223291,62.98683048881514,62.31798746274334,62.00360195383811,60.94502509353336,,,73.2925323567557,70.12888303740905,60.94502509353336,,67.73639400032302,"rgba(239, 83, 80, 1.0)",1.1151073676725232,71.45167767131464,3.9532716368707224,48.47931500843621,4.069976572445874,False,True,False,True,False,6.723595647506027,0.0,0.0,0.0,0.0,0,1.056644422258421,0.8756765277704802,False,False,False,False,0.2591159246581237,0.2623306007073438,False,False,False,False,149961.0,138847.71633038446,False,False,False,False,4154.170223091237,False,False,False,False
2025-08-05 19:00:00+00:00,75.85,76.025,75.55,75.845,7689.0,,,,,,76.02508207514272,75.84605657343693,73.33164703632809,70.18863094048724,69.69452881357246,69.30545327612252,68.67688999815802,67.89211754101613,66.9023411379161,66.39202169258758,63.99746592222638,63.03506085162595,62.36733751013513,62.053478434682496,60.99663109184245,,,73.33164703632809,70.18863094048724,60.99663109184245,,67.78031619301869,"rgba(239, 83, 80, 1.0)",1.0993001745974467,71.48253440160752,3.9684025339029616,47.15742363612696,2.4910204452226594,False,True,False,True,False,6.668201278379133,0.0,0.0,0.0,0.0,0,1.0542998317914218,0.8771551724137936,False,False,False,False,0.2488887399490185,0.25560967032818116,False,False,False,False,142272.0,138900.8059996808,False,False,False,False,4208.973785523931,False,False,False,False
2025-08-06 14:00:00+00:00,76.68,76.82,76.035,76.56,5179.0,,,,,,76.05849237762304,75.85699332550217,73.36421063135472,70.23285127409265,69.7395009797691,69.35051225487817,68.72142922027321,67.93474727656725,66.9402677488658,66.42691793889307,64.03047491773798,63.069023734781645,62.402009416076105,62.08848514418886,61.03274101189216,,,73.36421063135472,70.23285127409265,61.03274101189216,,67.81657715016641,#000000,1.0930558577237544,71.51929350068312,4.6115726508377675,49.86180800933188,2.4910204452226594,False,True,False,False,True,8.849134617148902,0.0,0.0,0.0,0.0,0,1.058583320245014,0.8676509083294075,False,False,False,False,0.2798547548041606,0.26773221256617086,False,False,False,False,147451.0,139033.36714697257,False,False,False,False,4224.012951639839,False,False,False,False
2025-08-06 15:00:00+00:00,76.56,76.83,76.36,76.435,3423.0,,,,,,76.0812580810931,75.86481392063627,73.38584149728861,70.26206222946651,69.76920430534136,69.38027343291884,68.75085194006863,67.96292026979431,66.96535320772388,66.4500096941556,64.05231832317227,63.09149377394895,62.42494554412439,62.11164141813648,61.05662288006102,,,73.38584149728861,70.26206222946651,61.05662288006102,,67.84064070119534,#000000,1.0783061541873291,71.54348163114241,4.53629829512019,50.988055915983985,2.4910204452226594,False,True,False,False,True,8.374422548531761,0.0,0.0,0.0,0.0,0,1.0600167294019243,0.8669489753241326,False,False,False,False,0.2880439799988244,0.27788809628249767,False,False,False,False,144028.0,139110.80331523655,False,False,False,False,4211.594146188059,False,False,False,False
2025-08-06 16:00:00+00:00,76.36,76.81,76.36,76.745,2846.0,,,,,,76.10225862639908,75.87209089065995,73.40414724014137,70.28651477197494,69.79405357441716,69.40516247741306,68.77544841058526,67.98646659151751,66.9863200699777,66.46931199156622,64.07056181388108,63.11025301221236,62.444089050802916,62.130966520827336,61.07654676540204,,,73.40414724014137,70.28651477197494,61.07654676540204,,67.86094612051853,"rgba(38, 166, 154, 0.5)",1.067830578387907,71.56406340562327,4.851833895034491,53.187631553375915,-1.7851688102558896,False,False,True,False,True,9.315488942519647,0.0,0.0,0.0,0.0,0,1.0607491344035258,0.8708425139020044,False,False,False,False,0.28755402429940363,0.2827210602909507,False,False,False,False,146874.0,139231.16295376,False,False,False,False,4190.422143921578,False,False,False,False
2025-08-06 17:00:00+00:00,76.745,77.46,76.745,77.31,4388.0,,,,,,76.16100156896125,75.89067144224076,73.43655924993561,70.32698560911115,69.8349743610163,69.44600897847253,68.81562441977545,68.02474374680865,67.02024599476188,66.50048298111436,64.09977573371917,63.1402109328407,62.47460915455933,62.161753352104405,61.10821541077917,,,73.43655924993561,70.32698560911115,61.10821541077917,,67.89612419574671,"rgba(38, 166, 154, 1.0)",1.0730026363685075,71.60307969051279,5.318645188796401,56.917112625634076,1.8267205588667181,True,False,True,False,True,10.996775766786392,0.0,0.0,0.0,0.0,0,1.067015432906095,0.8585404132879939,False,False,False,False,0.31309247243044597,0.29790676636069835,False,False,False,False,151262.0,139417.68755912807,False,False,False,False,4193.485366496438,False,False,False,False
2025-08-06 18:00:00+00:00,77.32,77.605,77.19,77.39,5787.0,,,,,,76.24435804054316,75.91851173877079,73.48096730710948,70.38135560101608,69.88987443426613,69.50076428731272,68.8694258197093,68.07596014882877,67.0656210281502,66.54217002627654,64.13875997920557,63.180151275560945,62.515275620818805,62.20276483532335,61.15036875077246,,,73.48096730710948,70.38135560101608,61.15036875077246,,67.94375525957761,"rgba(38, 166, 154, 1.0)",1.0821975765038034,71.65608995906571,5.298394826810203,59.69869207130958,4.458499052638615,True,False,True,False,True,11.232602478008442,0.0,0.0,0.0,0.0,0,1.0689727463312373,0.861058700209644,False,False,False,False,0.3278276398202093,0.3128672030904538,False,False,False,False,157049.0,139691.0412403819,False,False,False,False,4218.191019729051,False,False,False,False
2025-08-06 19:00:00+00:00,77.39,77.86,77.37,77.72,9761.0,,,,,,76.38813177409158,75.97092510525951,73.55839077223195,70.47445726200756,69.98377581991281,69.59435981912678,68.96132932223009,68.16341987383763,67.14313024144113,66.61340105601398,64.20525465559795,63.24821382005731,62.584535160782,62.272594010677686,61.22208538616004,,,73.55839077223195,70.47445726200756,61.22208538616004,,68.02560027196188,"rgba(38, 166, 154, 1.0)",1.100290514460762,72.282599282512,4.94178641552027,62.75097228705249,7.319286358335766,True,False,True,False,True,12.206478908983687,0.0,0.0,0.0,0.0,0,1.0670502092050216,0.8592050209205024,False,False,False,False,0.3387801031308885,0.3258236531106712,False,False,False,False,166810.0,140111.49021339923,False,False,False,False,4304.126042678988,False,False,False,False
2025-08-07 14:00:00+00:00,77.105,77.595,76.225,76.4,3247.0,,,,,,76.39970999952708,75.97859214706196,73.57792505359122,70.5010402726219,70.01086218023119,69.62155620988275,68.98831870987277,68.18940335123531,67.16645133293524,66.63495695515762,64.2257419566579,63.26929149024893,62.60605091549529,62.29431663154569,61.24449010589183,,,73.57792505359122,70.5010402726219,61.24449010589183,,68.04724715413045,"rgba(38, 166, 154, 0.75)",1.1007272657246325,72.29006704954958,3.7338340553822573,57.49512901905186,7.319286358335766,True,False,True,False,False,7.089355131201405,0.0,0.0,0.0,0.0,0,1.053377469742423,0.8634012620254476,False,False,False,False,0.30354802852697005,0.3146858408188206,False,False,False,False,163563.0,140475.0795124163,False,False,False,False,4287.736491629701,False,False,False,False
2025-08-07 15:00:00+00:00,76.4,76.565,75.625,75.63,2673.0,,,,,,76.38758574985282,75.97827800566625,73.58980382122782,70.51997084567087,70.03036618708373,69.64129126416663,69.0081182662794,68.20868539833732,67.18396767019189,66.65123406229738,64.24148239191472,63.2855661734756,62.622714362099394,62.31116264070323,61.26193593470851,,,73.58980382122782,70.51997084567087,61.26193593470851,,68.06147751824503,#000000,1.0936323558334595,72.28673669907467,3.057026690086744,51.289687284903266,7.814045713215272,False,False,False,False,False,4.318940368855543,0.0,0.0,0.0,0.0,0,1.0484377412878985,0.8738353837442737,False,False,False,False,0.2637051649150706,0.2891955028669456,False,False,False,False,160890.0,140791.58990757263,False,False,False,False,4262.701817340869,False,False,False,False
2025-08-07 16:00:00+00:00,75.43,75.43,74.32,74.53,3879.0,,,,,,76.32758950235991,75.96405493555172,73.59828193572044,70.54127918109607,70.05283666887132,69.66438772281651,69.03179408736278,68.23225228349887,67.20585406354938,66.67176616155488,64.26195302544099,63.30691406484821,62.64468595475095,62.333425144358806,61.28515002699351,,,73.59828193572044,70.54127918109607,61.28515002699351,,68.07481498391829,"rgba(239, 83, 80, 1.0)",1.0950500338216012,72.26400451723077,2.069307714517079,44.339755706970166,1.7216850503523489,False,True,False,True,False,0.5997027910024144,0.0,0.0,0.0,0.0,0,1.0354774024371436,0.8941847909918252,False,False,False,False,0.20551865669930136,0.2473570797831235,False,False,False,False,157011.0,141043.05362993586,False,False,False,False,4256.752951955739,False,False,False,False
2025-08-07 17:00:00+00:00,74.53,74.58,73.61,73.75,3758.0,,,,,,76.24664259673848,75.94186515046,73.60094255436088,70.55794034184309,70.07082978752806,69.68317094300203,69.05144810906127,68.25221398290077,67.22476051949627,66.68965013257838,64.28024138148614,63.32611704512996,62.664530882671095,62.35356835292914,61.306266519744206,,,73.60094255436088,70.55794034184309,61.306266519744206,,68.083345886662,"rgba(239, 83, 80, 1.0)",1.0969652732912394,72.23628090638321,1.3799152356711841,38.20886922114424,-3.5425445749813633,False,True,False,True,False,0.0,0.0,0.0,0.0,0.0,0,1.0271941931196653,0.897663957470736,False,False,False,False,0.16904718994294846,0.20820213486303596,False,False,False,False,153253.0,141232.3551240454,False,False,False,False,4249.020348049449,False,False,False,False
2025-08-07 18:00:00+00:00,73.75,74.375,73.285,74.11,5137.0,,,,,73.92333333333333,76.14206568820737,75.9114704046009,73.603985239649,70.5800830135578,70.0948077251607,69.70824858685512,69.07775696120565,68.27900964639495,67.25021926018222,66.71376658815939,64.30498419044264,63.35211603171899,62.69141048693911,62.380857012875936,61.334889776206424,,73.92333333333333,73.603985239649,70.5800830135578,61.334889776206424,,68.4593127465931,"rgba(239, 83, 80, 1.0)",1.0816864876912213,72.5418110917499,1.4497628713078172,35.87866871872203,-5.415008084601311,False,True,False,True,False,0.0,1.0,74.375,73.285,0.0,0,1.0210799004419162,0.9037435871387214,True,False,False,False,0.15676159029385342,0.18248186257844468,False,False,False,False,158390.0,141498.3651221222,False,False,False,False,4262.787474436279,False,False,False,False
2025-08-07 19:00:00+00:00,74.23,75.29,74.13,75.29,10513.0,,,,,74.58165537806177,76.0375807538632,75.88133213332424,73.62860640929279,70.6375228104054,70.1552862094653,69.77037680889048,69.14143469001216,68.34245138122155,67.30928627433137,66.76926479113412,64.36034640582635,63.40982381341598,62.75078704981984,62.44101228644076,61.39759390010338,,74.58165537806177,73.62860640929279,70.6375228104054,61.39759390010338,,68.53839756847555,"rgba(239, 83, 80, 1.0)",1.0324802072555634,72.57458110107288,2.629996081130682,39.09197227657039,-5.415008084601311,False,True,False,True,False,2.9561989028375066,0.0,0.0,0.0,0.0,0,1.02997728993187,0.8949280847842548,False,False,False,False,0.1977616139407861,0.19012173825961537,False,False,False,False,168903.0,141923.24318224433,False,False,False,False,4359.68999421246,False,False,False,False
2025-08-08 14:00:00+00:00,74.33,75.165,74.15,74.55,5340.0,,,,,74.5918345243767,75.97940951545645,75.86249028955791,73.63807342927208,70.66423017649396,70.18363885428259,69.79966806267885,69.17169390030591,68.3728494448192,67.33784119478695,66.79620138979007,64.38750093495987,63.43820284400629,62.780032427713365,62.470661302970534,61.42856293287832,,74.5918345243767,73.63807342927208,70.66423017649396,61.42856293287832,,68.55643070152182,"rgba(239, 83, 80, 1.0)",1.002225213399908,72.57308830438552,1.9725224123109821,39.293291636408156,-5.415008084601311,False,True,False,True,False,0.6125484469724682,0.0,0.0,0.0,0.0,0,1.0285571392848216,0.8929732433108283,False,False,False,False,0.19529842538904263,0.192710081824329,False,False,False,False,163563.0,142258.74328794595,False,False,False,False,4374.888598953352,False,False,False,False
2025-08-08 15:00:00+00:00,74.55,74.55,73.985,74.52,1782.0,,,,,74.57304042976754,75.9573949605343,75.85498640786803,73.6403363817503,70.67246049450291,70.19244966527877,69.80882130866489,69.181220832684,68.38249264603397,67.34696924461174,66.80484053998333,64.39629243670909,63.447413338119894,62.78953800674653,62.48030418115586,61.43865444894488,,74.57304042976754,73.6403363817503,70.67246049450291,61.43865444894488,,68.56045095770975,"rgba(239, 83, 80, 0.75)",0.9774342354761252,72.57031486490469,1.9946969978451619,39.350755610036224,-5.415008084601311,False,True,False,True,True,0.5186280898493401,0.0,0.0,0.0,0.0,0,1.0290752860068948,0.899185692161663,False,False,False,False,0.17707144191130506,0.18489076186781703,False,False,False,False,161781.0,142561.41393464446,False,False,False,False,4334.688775713765,False,False,False,False
2025-08-08 16:00:00+00:00,74.52,74.765,74.245,74.245,1646.0,,,,,74.56261173451279,75.93840559395129,75.84842558374396,73.64260862313401,70.68016727143038,70.20068493410182,69.81736694103674,69.19010266312094,68.39147146718342,67.3554596146674,66.8128731639697,64.4044534978447,63.45595902693388,62.798354813776555,62.48924717218623,61.4480098524634,,74.56261173451279,73.64260862313401,70.68016727143038,61.4480098524634,,68.56476262212857,"rgba(239, 83, 80, 0.75)",0.9703875653691876,72.56868825913216,1.7274662214267826,38.64659339298997,-5.415008084601311,False,True,False,True,True,0.0,0.0,0.0,0.0,0.0,0,1.047604500789166,0.8911460719922615,False,False,False,False,0.18175040932147046,0.18332058559464376,False,False,False,False,160135.0,142833.87263333212,False,False,False,False,4293.0036784158765,False,False,False,False
2025-08-08 17:00:00+00:00,74.245,74.775,74.245,74.75,1037.0,,,,,74.56372749296143,75.92800492897857,75.84481535069398,73.64434865235364,70.68522859727483,70.20606729787994,69.82293481338317,69.19586609578117,68.39727526472599,67.3609279469909,66.81803914761187,64.40967626873397,63.461420284919456,62.80398460822359,62.494955469134794,61.453974866532235,,74.56372749296143,73.64434865235364,70.68522859727483,61.453974866532235,,68.56820294288622,"rgba(239, 83, 80, 0.75)",0.967671967162503,72.56872837199464,2.2541436582083576,40.361738646557384,-5.415008084601311,False,True,False,True,True,1.2387230454716764,0.0,0.0,0.0,0.0,0,1.0433661630485234,0.8979528695921213,False,False,False,False,0.18199374606315957,0.18265716582890168,False,False,False,False,161172.0,143118.1846855285,False,False,False,False,4242.523001231135,False,False,False,False
2025-08-08 18:00:00+00:00,74.81,74.92,74.605,74.755,2173.0,,,,,74.57916473625791,75.90942676309265,75.83833286584058,73.64862593884475,70.69625195404818,70.21773887003066,69.83497465196962,69.20828273409447,68.40973464647871,67.37262872798343,66.8290783697643,64.42078552929462,63.47302136835738,62.815934151175384,62.50706745010858,61.466618350971004,,74.57916473625791,73.64862593884475,70.69625195404818,61.466618350971004,,68.57672919426952,"rgba(239, 83, 80, 0.75)",0.969774595337431,72.57083976759091,2.2522349450174146,41.52693581615678,-5.415008084601311,False,True,False,True,True,1.254419740006611,0.0,0.0,0.0,0.0,0,1.0350160339298646,0.8963484017792493,False,False,False,False,0.1943106579825189,0.1884839119057103,False,False,False,False,163345.0,143431.7787214118,False,False,False,False,4210.437373305071,False,False,False,False
2025-08-08 19:00:00+00:00,74.71,74.755,73.81,73.81,6827.0,,,,,74.48917539786194,75.82449908093575,75.80675958042374,73.65429561516977,70.72514815724655,70.2489494871138,69.86759338663614,69.24251358365885,68.44468055166209,67.40601067944837,66.86080096012003,64.45339920572765,63.50727261972891,62.85133389943349,62.543000969213516,61.50429499666334,,74.48917539786194,73.65429561516977,70.72514815724655,61.50429499666334,,68.58935801069023,"rgba(239, 83, 80, 0.75)",0.9944124210101037,72.55854318383267,1.258488721305522,39.407837949574116,-5.415008084601311,False,True,False,True,True,0.0,0.0,0.0,0.0,0.0,0,1.0257819321041555,0.8959991782651126,False,False,False,False,0.17094301440911713,0.1797134631574137,False,False,False,False,156518.0,143634.6658730178,False,False,False,False,4251.004235734449,False,False,False,False
2025-08-11 14:00:00+00:00,74.56,75.8,74.185,74.84,1917.0,,,,,74.5130241211188,75.81285633370024,75.80230618229473,73.6585836384139,70.7351027823379,70.25945152289896,69.87840349290107,69.25363337869351,68.45581629034098,67.41645706904171,66.87065487201153,64.46328759802242,63.517587390353285,62.86195140135628,62.553759700133476,61.51551615697713,,74.5130241211188,73.6585836384139,70.7351027823379,61.51551615697713,,68.59802449566224,"rgba(239, 83, 80, 0.75)",1.0006419876176995,72.56272509071538,2.275813864963133,42.21831346802182,-5.415008084601311,False,True,False,True,True,1.472136316135817,0.0,0.0,0.0,0.0,0,1.0261457702402588,0.8829497274379169,False,False,False,False,0.20558083179784326,0.19264714747762848,False,False,False,False,158435.0,143864.12841762218,False,False,False,False,4214.81812355252,False,False,False,False
2025-08-11 15:00:00+00:00,74.81,75.29,74.61,74.61,1572.0,,,,,74.52643246187364,75.80241224965744,75.79824694216998,73.66179267825673,70.74302799332484,70.26783616613181,69.88705068609767,69.2625518987805,68.46477212568611,67.4248826205962,66.87861258186969,64.47130136988548,63.52595433327036,62.87056861935473,62.562493611220575,61.52463203079714,,74.52643246187364,73.66179267825673,70.74302799332484,61.52463203079714,,68.6045355230608,"rgba(239, 83, 80, 0.75)",1.0123907259443339,72.56540279557223,2.0195732260591606,43.34572605347022,-5.415008084601311,False,True,False,True,True,0.7471635203864757,0.0,0.0,0.0,0.0,0,1.030386879307743,0.8891683855712637,False,False,False,False,0.20349449891147528,0.19807082319455188,False,False,False,False,156863.0,144065.66131037223,False,False,False,False,4173.844199156357,False,False,False,False
2025-08-11 16:00:00+00:00,74.95,75.09,74.465,74.625,1381.0,,,,,74.53346420851875,75.79239556433579,75.79430423341744,73.66433482458747,70.74977864736718,70.2750000252072,69.89445411233785,69.2702091781165,68.47248363279562,67.43215906617249,66.88549386325649,64.47825664568202,63.533223097051234,62.878059111214434,62.57008742820362,61.53256393696479,,74.53346420851875,73.66433482458747,70.74977864736718,61.53256393696479,,68.6097667234518,"rgba(239, 83, 80, 0.75)",1.0250816623130705,72.56711389079007,2.0075338237603084,44.15938055966478,-5.415008084601311,False,True,False,True,True,0.7939795928028097,0.0,0.0,0.0,0.0,1,1.0358563730674324,0.8899632371455913,False,False,False,False,0.19504415547287451,0.1965574893337132,False,False,False,False,158244.0,144285.4805148626,False,False,False,False,4130.544289091918,False,False,False,False
2025-08-11 17:00:00+00:00,74.51,74.69,73.8,73.94,7207.0,,,,,74.47303970027795,75.71597586591221,75.76320066083557,73.67022896032205,70.77952664818669,70.30716509950967,69.92810555925533,69.30558922579276,68.50869628255273,67.46688044262719,66.9185530993848,64.51234413073816,63.56903499306718,62.91507955474516,62.60766952183773,61.57198057296479,,74.47303970027795,73.67022896032205,70.77952664818669,61.57198057296479,,68.62581689487563,"rgba(239, 83, 80, 0.75)",1.0527515727226384,72.56021247152935,1.3106487458405984,42.41999594326301,-5.415008084601311,False,True,False,True,True,0.0,0.0,0.0,0.0,0.0,1,1.0293042127936687,0.8926514050994344,False,False,False,False,0.16627614713097436,0.1814168182323438,False,False,False,False,151037.0,144390.1552355624,False,False,False,False,4178.241276857934,False,False,False,False
2025-08-11 18:00:00+00:00,73.94,73.97,73.67,73.735,1401.0,,,,,74.4531243263166,75.69879551918908,75.75600664935526,73.67051875174587,70.78465080326843,70.31278829950091,69.93404482314297,69.31191172535482,68.51524619021538,67.4732350879735,66.92463358421286,64.51870171153134,63.575737987893504,62.92202337954928,62.61472509635567,61.57940081097773,,74.4531243263166,73.67051875174587,70.78465080326843,61.57940081097773,,68.62784654666146,"rgba(239, 83, 80, 1.0)",1.0838450988007067,72.55735403944682,1.0865445273095427,40.6383358864874,-5.415008084601311,False,True,False,True,False,0.0,0.0,0.0,0.0,0.0,1,1.0261375608287768,0.9025234535694582,False,False,False,False,0.1438615726602986,0.1626391954463212,False,False,False,False,149636.0,144471.4861621428,False,False,False,False,4135.183272565563,False,False,False,False
2025-08-11 19:00:00+00:00,73.72,74.82,73.395,73.73,6839.0,,,,73.98166666666667,74.39425667616057,75.62708420859796,75.72495458725066,73.6741015594965,70.81098103985552,70.3414645805476,69.96419239981734,69.34381923928333,68.54813089899604,67.5050002783218,66.95497877144761,64.55024502029383,63.60893917467004,62.9563831573557,62.64962289618973,61.61605535707884,,74.39425667616057,73.6741015594965,70.81098103985552,61.61605535707884,,68.95599273600176,"rgba(239, 83, 80, 1.0)",1.1124152847573976,72.83732721002752,0.8024636142671836,39.43433286570922,-5.638917285035525,False,True,False,True,False,0.0,0.0,0.0,0.0,0.0,1,1.0221118012422363,0.8961987577639756,False,False,False,False,0.15734639201875808,0.15999279373253963,False,False,False,False,142797.0,144445.52513637312,True,False,False,False,4177.102911750593,False,False,False,False
2025-08-12 14:00:00+00:00,81.18,83.835,79.6,83.29,16590.0,,,,79.83054626033265,76.21859640518296,76.23554510673691,75.99034148632549,73.90691239667974,71.03487635102401,70.56289659181827,70.18208303915151,69.55411498346763,68.74508656743855,67.67743176621445,67.11278648727473,64.6921504284067,63.75204410315956,63.1006373016471,62.79445523301974,61.76287525374338,,76.21859640518296,73.90691239667974,71.03487635102401,61.76287525374338,,69.59725763303668,"rgba(38, 166, 154, 1.0)",1.3973793747988514,73.53473724055505,6.981112599324862,54.134716231755135,-1.9268700859488277,True,False,True,False,True,20.0,0.0,0.0,0.0,0.0,0,1.0223390275952697,0.8572205355929137,False,False,False,False,0.34282825020890456,0.2514105219707221,False,False,False,False,159387.0,144677.1759094526,False,False,False,False,4369.550928622677,False,False,False,False
2025-08-12 15:00:00+00:00,83.14,83.9,82.42,82.75,8173.0,,,,80.65627402274119,76.91784975168164,76.52981473524893,76.12866606986582,74.02734108730107,71.14945414510134,70.67608226554029,70.29338207300559,69.66144377496339,68.84554731698306,67.76538434854895,67.19329317602255,64.76430254033677,63.82468545451895,63.173782876866625,62.86785825628853,61.83717126323061,,76.91784975168164,74.02734108730107,71.14945414510134,61.83717126323061,,69.78307842107326,"rgba(38, 166, 154, 1.0)",1.5967673368164925,73.76342702234453,5.627978961275713,62.68672881259801,5.286109349710742,True,False,True,False,True,19.13623417505082,0.0,0.0,0.0,0.0,0,1.0465157965494067,0.8578534617969981,False,False,False,False,0.3428282501154948,0.29711938604310845,False,False,False,False,151214.0,144778.52201938358,False,False,False,False,4428.51913127969,False,False,False,False
2025-08-12 16:00:00+00:00,82.75,83.91,82.39,83.32,4280.0,,,,80.96048450476562,77.23898721390363,76.67803300086963,76.20082364486494,74.09040553859387,71.20949932552509,70.73540631813219,70.35172877810727,69.71773151123843,68.89826725071316,67.81159055321073,67.23561288767623,64.80223780964793,63.862869079373894,63.21222536545608,62.906433213480085,61.87620636965858,,77.23898721390363,74.09040553859387,71.20949932552509,61.87620636965858,,69.86991425677749,"rgba(38, 166, 154, 1.0)",1.7960979778236057,73.87231423007103,5.260117146491671,68.72854716990108,10.162789436881681,True,False,True,False,True,20.0,0.0,0.0,0.0,0.0,0,1.0448986959072248,0.866838139073147,False,False,False,False,0.3423596998146875,0.31973954292889795,False,False,False,False,155494.0,144944.65346094352,False,False,False,False,4426.216509089307,False,False,False,False
2025-08-12 17:00:00+00:00,83.23,83.23,82.115,82.49,2233.0,,,,81.05722042940225,77.37841164233916,76.74596817168798,76.2347414400412,74.12084022038565,71.23904790945922,70.76466890699494,70.3805618063323,69.74562594197609,68.92448199617282,67.8346605928059,67.25678437225609,64.8213299975516,63.88211998683689,63.23162830849757,62.92591267534681,61.89594904650703,,77.37841164233916,74.12084022038565,71.23904790945922,61.89594904650703,,69.90823255556433,"rgba(38, 166, 154, 1.0)",1.9347568881418442,73.92070024322643,4.42913515868321,70.69663679645278,11.531011917214421,True,False,True,False,True,17.68584423788184,0.0,0.0,0.0,0.0,0,1.0322990382870627,0.8877245508982041,False,False,False,False,0.3194486629582692,0.3195941029435836,False,False,False,False,153261.0,145073.58906620022,False,False,False,False,4392.21315235924,False,False,False,False
2025-08-12 18:00:00+00:00,82.435,82.74,82.25,82.53,2692.0,,,,81.15283905539083,77.5339814251371,76.82439813784595,76.27449156060528,74.15679288919605,71.27414030705604,70.79944439493721,70.41484490404765,69.77882098643157,68.955710902842,67.86218036696718,67.28205633319304,64.84415676733177,63.90514567269057,63.254841594681224,62.94922007676371,61.91957958348048,,77.5339814251371,74.15679288919605,71.27414030705604,61.91957958348048,,69.95192029168221,"rgba(38, 166, 154, 1.0)",2.0626408158308194,73.97595487037725,4.1471326776675035,72.04360703238453,12.7259951511424,True,False,True,False,True,17.758055504274843,0.0,0.0,0.0,0.0,0,1.0206096451319386,0.8959508644222025,False,False,False,False,0.3110204886903162,0.3153072958169499,False,False,False,False,155953.0,145242.26210393355,False,False,False,False,4365.853258524212,False,False,False,False
2025-08-12 19:00:00+00:00,82.53,83.77,82.505,83.56,5776.0,,,,81.41638702244738,77.88502650344914,77.00757846692613,76.36845525669911,74.23993648426504,71.35382474558544,70.87824114077608,70.49240585103607,69.85374829954202,69.02602211333888,67.92397335762209,67.33873270163642,64.89506709976584,63.95639988637613,63.306449061792826,63.001007851019,61.97199287918566,,77.88502650344914,74.23993648426504,71.35382474558544,61.97199287918566,,70.05383816008606,"rgba(38, 166, 154, 1.0)",2.2211399191713768,74.10503345663264,4.2568081649240055,73.84113785649541,14.619205686809451,True,False,True,False,True,19.592329098756625,0.0,0.0,0.0,0.0,0,1.0199118061553853,0.893030867845616,False,False,False,False,0.3417413909521177,0.3285243433845338,False,False,False,False,161729.0,145497.87044340745,False,False,False,False,4387.7159987021305,False,False,False,False
2025-08-13 14:00:00+00:00,86.62,88.74,86.12,88.74,7373.0,,,,82.29780728741939,78.607328547079,77.38725030072824,76.56205135612225,74.3966640329585,71.49256898892469,71.01407750402069,70.62510798803442,69.98047177831809,69.143350165222,68.02549242609933,67.43115688549507,64.9757649823321,64.03687577309529,63.38698607655629,63.081604294209754,62.05285307317545,,78.607328547079,74.3966640329585,71.49256898892469,62.05285307317545,,70.2645536152818,"rgba(38, 166, 154, 1.0)",2.6319929711144896,74.37471433296882,5.457949859550098,77.87282589992506,18.67783722807954,True,False,True,False,True,20.0,0.0,0.0,0.0,0.0,0,1.0307235751069221,0.8651043030461734,False,False,False,False,0.34282825063604633,0.33567629701029006,False,False,False,False,169102.0,145863.82594040886,False,False,False,False,4433.9994715904695,False,False,False,False
2025-08-13 15:00:00+00:00,88.63,89.64,87.69,89.64,4904.0,,,,82.85537631668366,79.08410718243081,77.65094304719447,76.69968843085137,74.50745511276376,71.58981086877029,71.10917230216255,70.71793310053557,70.06900843647432,69.2252163208052,68.09623595616442,67.49552539367596,65.03174490761981,64.0926124863718,63.4427065043833,63.13733921412258,62.10868480193723,,79.08410718243081,74.50745511276376,71.58981086877029,62.10868480193723,,70.4066800225263,"rgba(38, 166, 154, 1.0)",3.0282845692616966,74.55829989576839,4.980278358684293,80.8821302466565,21.77125452562953,True,False,True,False,True,20.0,0.0,0.0,0.0,0.0,0,1.0433939498405589,0.8586141515125405,False,False,False,False,0.34282825086009505,0.3392522739351925,False,False,False,False,174006.0,146300.13871652653,False,False,False,False,4441.286301488291,False,False,False,False
2025-08-13 16:00:00+00:00,89.71,89.74,88.74,89.4,6609.0,,,,83.50527868151339,79.67909471026378,77.99693233358816,76.88488744281469,74.65720336489613,71.72141921094476,71.2378961086952,70.84360907904022,70.18892266622123,69.33615973191158,68.19219661101398,67.58288327821235,65.10772605454584,64.1682451354276,63.518304069424545,63.212950411192814,62.18440767391754,,79.67909471026378,74.65720336489613,71.72141921094476,62.18440767391754,,70.58930097433081,"rgba(38, 166, 154, 1.0)",3.3576542608093516,75.79339548365658,4.052413816145441,82.30435735628713,23.469526241662038,True,False,True,False,True,20.0,0.0,0.0,0.0,0.0,0,1.0575954543497919,0.8560113641255226,False,True,False,False,0.34282825092090174,0.34104026242804714,False,False,False,False,167397.0,146627.22183720054,False,False,False,False,4474.894265806302,False,False,False,False
2025-08-13 17:00:00+00:00,89.46,89.51,88.24,89.34,6609.0,,,,84.01185327006854,80.19404861498808,78.31535094767519,77.06090202291543,74.80130854711226,71.84914205456866,71.3629592737514,70.96582624176577,70.30571781444571,69.44443542816583,68.28610558622209,67.66849262480223,65.18241066124124,64.2426372102528,63.59269292231403,63.28736667358678,62.25897838760533,,80.19404861498808,74.80130854711226,71.84914205456866,62.25897838760533,,70.75471931067537,"rgba(38, 166, 154, 1.0)",3.6443791263001524,75.9969438061002,3.6612700631522768,83.09248407536444,24.70890208151384,True,False,True,False,True,20.0,0.0,0.0,0.0,0.0,0,1.0515163213657623,0.8605499077767776,False,False,False,False,0.33007820513308156,0.33555923378056435,False,False,False,False,160788.0,146846.768785461,False,False,False,False,4507.981176413957,False,False,False,False
2025-08-13 18:00:00+00:00,89.34,89.39,88.62,88.62,4725.0,,,,84.31114162207206,80.52294620906021,78.52886011563498,77.18207291372764,74.90148412776115,71.93850131151972,71.45053207351893,71.05146810602764,70.38765834073388,69.52051806967685,68.3522346499278,67.7288435589855,65.23517852468842,64.29522299241398,63.645291682902005,63.33999161867757,62.31173417221171,,80.52294620906021,74.90148412776115,71.93850131151972,62.31173417221171,,70.86492235820823,"rgba(38, 166, 154, 1.0)",3.872624900712391,76.13305748662853,3.2244131134606997,81.62168811734593,24.70890208151384,True,False,True,False,True,20.0,0.0,0.0,0.0,0.0,0,1.052771239032742,0.8613738497753056,False,False,False,False,0.33455941394235156,0.335059323861458,False,False,False,False,156063.0,146989.65609111276,False,False,False,False,4511.345809337771,False,False,False,False
2025-08-13 19:00:00+00:00,88.62,89.575,88.315,89.02,23009.0,,,,85.38511742075102,81.83844426771353,79.4646190075552,77.74274137535426,75.37273263076061,72.36290355518877,71.8669792285449,71.45919759838104,70.77852488847043,69.88440342982726,68.66971889293193,68.01916425840491,65.48981689387368,64.54908097040483,63.899267944735975,63.59411833316243,62.56656741113856,,81.83844426771353,75.37273263076061,72.36290355518877,62.56656741113856,,71.34961165336465,"rgba(38, 166, 154, 1.0)",4.096596422916012,76.74131330999144,2.997289804121935,80.94201638109669,24.70890208151384,True,False,True,False,True,20.0,0.0,0.0,0.0,0.0,0,1.0499233259499068,0.8625404668597724,False,False,False,False,0.33220696378189857,0.3336331438216783,False,False,False,False,179072.0,147487.0567718707,False,False,False,False,4798.131145627109,False,False,False,False
2025-08-14 14:00:00+00:00,87.03,88.02,86.9,87.34,4616.0,,,,85.47506473359635,82.00754568645083,79.60512858922999,77.83420843614026,75.453149952279,72.43780124392049,71.94079610499509,71.53172705942964,70.84845418189965,69.9499753828,68.72746422189537,68.0722159372186,65.53691619406723,64.59618887650893,63.94649541304361,63.64141772829854,62.61413887808467,,82.00754568645083,75.453149952279,72.43780124392049,62.61413887808467,,71.42462874234461,"rgba(38, 166, 154, 0.75)",4.246068432695255,76.82571671154386,2.476239715661399,76.06704247765016,24.70890208151384,True,False,True,False,False,20.0,0.0,0.0,0.0,0.0,0,1.029043375924681,0.8729404841963693,False,False,False,False,0.27977052183441936,0.30670183282804886,False,False,False,False,174456.0,147905.1799226944,False,False,False,False,4795.307406935215,False,False,False,False
2025-08-14 15:00:00+00:00,87.28,87.28,86.22,86.655,4751.0,,,,85.52916643005217,82.14999789958756,79.73212909933609,77.91980213305864,75.53001784745688,72.51054119569307,72.01263272043903,71.6024260444899,70.91679590034389,70.01426473776607,68.78431102060223,68.1245477455211,65.58363454337307,64.64298791415055,63.99345935520319,63.6884739575398,62.66153221335352,,82.14999789958756,75.53001784745688,72.51054119569307,62.66153221335352,,71.49392475046864,"rgba(38, 166, 154, 0.75)",4.367366954712314,76.89992547420721,2.2336283227282365,71.24688759449225,28.53020097776617,True,False,True,False,False,19.708897967118038,0.0,0.0,0.0,0.0,0,1.0234008707300741,0.8793117883456134,False,False,False,False,0.2532524222727832,0.27997712755041604,False,False,False,False,169705.0,148243.16162931928,False,False,False,False,4794.620470393584,False,False,False,False
2025-08-14 16:00:00+00:00,86.655,86.655,85.22,86.18,8107.0,,,,85.56297844585032,82.33981018123421,79.91798233329808,78.05078870505334,75.65073253991461,72.62693495408702,72.1278549161438,71.71604041239692,71.0269571666634,70.11828599348085,68.87673408180493,68.20983414711107,65.66025494097443,64.71987140307736,64.07069705956657,63.76590087959267,62.73963355826318,,82.33981018123421,75.65073253991461,72.62693495408702,62.73963355826318,,71.59889951285369,"rgba(38, 166, 154, 0.75)",4.468028088541519,77.00693455679648,2.053045607911085,66.95529227250708,24.434890407167032,True,False,True,False,False,18.461161768211667,0.0,0.0,0.0,0.0,0,1.0150316124439984,0.8926433027676596,False,False,False,False,0.22492578272182995,0.252451455136123,False,False,False,False,161598.0,148450.21338700425,False,False,False,False,4845.975191782831,False,False,False,False
2025-08-14 17:00:00+00:00,86.1,86.135,84.05,84.35,7790.0,,,,85.51826121717997,82.45261025919655,80.05408827635283,78.15476614023335,75.75130339330042,72.72726798948936,72.22759702968203,71.81471886860476,71.12314010082709,70.2096911850983,68.95859875081146,68.28567400360707,65.72912771343117,64.78918803868507,64.14046544643423,63.835899703958496,62.81043253229181,,82.45261025919655,75.75130339330042,72.72726798948936,62.81043253229181,,71.68134297936376,"rgba(38, 166, 154, 0.75)",4.527755124613569,77.08139734131352,1.6053435882990315,60.487363610350315,18.44019292672661,True,False,True,False,False,13.858970406312416,0.0,0.0,0.0,0.0,0,1.005074241983114,0.8972258037682491,False,False,False,False,0.19491056027519307,0.22368100770565802,False,False,False,False,153808.0,148533.27984612045,False,False,False,False,4891.618987259066,False,False,False,False
2025-08-14 18:00:00+00:00,84.465,85.26,84.0,85.12,9269.0,,,,85.4682455369881,82.57163812967008,80.20490595652542,78.27348855793002,75.86747511101682,72.84402413307484,72.34377884965792,71.92975893458235,71.23542968014964,70.3166042750226,69.05460594803732,68.37473792094647,65.81021532443101,64.8708346271902,64.22266624213252,63.91838178327904,62.89388857237377,,82.57163812967008,75.86747511101682,72.84402413307484,62.89388857237377,,71.77651056370635,"rgba(38, 166, 154, 0.5)",4.594363367949113,77.84802362103898,1.5828039265878049,57.585743281828016,15.813489414699944,False,False,True,False,False,15.124853633467627,0.0,0.0,0.0,0.0,0,1.001325765422381,0.9037162861996112,False,False,False,False,0.17678190793421866,0.20023145781993834,False,False,False,False,163077.0,148758.76387951395,False,False,False,False,4959.485359549622,False,False,False,False
2025-08-14 19:00:00+00:00,85.21,85.55,84.98,85.36,15791.0,,,,85.45019921937444,82.7888903277814,80.4667595972952,78.48113981347468,76.06944297422233,73.04597761124027,72.54464466795706,72.12860607867647,71.4294868528689,70.50138844774897,69.22065941516202,68.52886156332225,65.95040293938946,65.01188206279083,64.36459961494798,64.06076830815167,63.037851795934074,,82.7888903277814,76.06944297422233,73.04597761124027,63.037851795934074,,71.9459741935493,"rgba(38, 166, 154, 0.5)",4.663985557361347,78.02628867213966,1.5724129583302988,56.093461628967134,14.31727284436748,False,False,True,False,False,15.516551742736652,0.0,0.0,0.0,0.0,0,1.004959292474274,0.9017233541348106,False,False,False,False,0.19872320477955027,0.19947733129974432,False,False,False,False,178868.0,149225.57374184707,False,False,False,False,5127.415819091489,False,False,False,False
2025-08-15 14:00:00+00:00,84.95,85.015,84.2,84.67,4717.0,,,,85.4251642417863,82.83167756485493,80.5297223309192,78.5349562793863,76.12385709632562,73.10181744437799,72.600361712499,72.18390537287488,71.48367592143703,70.55325152934952,69.26757053967357,68.5725440451306,65.9904554362064,65.0522621466501,64.4052851842472,64.10160701344228,63.07921702117811,,82.83167756485493,76.12385709632562,73.10181744437799,63.07921702117811,,71.99043122825523,"rgba(38, 166, 154, 0.5)",4.715190959418264,78.06194046235672,1.4014404919156347,53.65220960353116,11.78867522567728,False,False,True,False,False,13.812084250580781,0.0,0.0,0.0,0.0,0,0.9956905397085988,0.9043710240098507,False,False,False,False,0.17199742883385674,0.18573738006680052,False,False,False,False,174151.0,149612.01445902773,False,False,False,False,5121.052783136582,False,False,False,False
2025-08-15 15:00:00+00:00,84.64,85.24,84.37,84.625,4611.0,,,,85.40549687285741,82.87421593208518,80.59115585441789,78.58765030213473,76.17710439449058,73.15643172813732,72.65485578580822,72.23799346644488,71.53668525739498,70.60399958975427,69.31349839852606,68.61532500656403,66.02968623945387,65.09180874192714,64.44512740026042,64.141597554298,63.11971786699146,,82.87421593208518,76.17710439449058,73.15643172813732,63.11971786699146,,72.03425590538508,#000000,4.763810175414561,78.0997172498605,1.3697612855809576,51.92783790923009,9.855380896237762,False,True,False,False,False,13.700929957207336,0.0,0.0,0.0,0.0,0,0.9950397638763636,0.9080101664343697,False,False,False,False,0.17250122795080497,0.17911930400880274,False,False,False,False,169540.0,149920.9754751668,False,False,False,False,5113.144988049192,False,False,False,False
2025-08-15 16:00:00+00:00,84.555,85.13,84.48,84.78,2644.0,,,,85.39556678263874,82.89841577755456,80.6260096469809,78.61771437858823,76.20752367191668,73.18765626923413,72.68601586106017,72.26892584208603,71.56700883343021,70.63304144109982,69.33979896992771,68.63983240220801,66.05216957798268,65.11447306892602,64.46796101570492,64.16451609834736,63.14292860299744,,82.89841577755456,76.20752367191668,73.18765626923413,63.14292860299744,,72.05938577886374,#000000,4.80858027033054,78.12198135102453,1.3846121463451833,51.16585506128773,8.718784127120728,False,True,False,False,False,13.969399443710724,0.0,0.0,0.0,0.0,0,0.990031178208074,0.9144240236298004,False,False,False,False,0.17097147451400682,0.17504538926140478,False,False,False,False,172184.0,150266.13864609445,False,False,False,False,5074.863670405018,False,False,False,False
2025-08-15 17:00:00+00:00,84.79,85.12,84.5,85.12,3007.0,,,,85.38678456429358,82.92685470723345,80.66604238346025,78.6521930462012,76.24232575385939,73.22331955215117,72.72159967359161,72.30424620352838,71.60163011218535,70.66619726558581,69.36982696411492,68.66781500989667,66.07783305731151,65.14033815674806,64.49401598804093,64.1906664777777,63.16940754903657,,82.92685470723345,76.24232575385939,73.22331955215117,63.16940754903657,,72.08829979205979,#000000,4.864484943522969,78.1485618829643,1.4331297553542905,51.54344872764302,8.59226708792643,False,True,False,False,False,14.561878694275375,0.0,0.0,0.0,0.0,0,0.9868954502641388,0.9157623162291664,False,False,False,False,0.17115797178301664,0.1731016805222107,False,False,False,False,175191.0,150652.57060506972,False,False,False,False,5042.803768538273,False,False,False,False
2025-08-15 18:00:00+00:00,85.25,85.34,84.73,84.985,3630.0,,,,85.37885853408002,82.96189318558724,80.71455471249686,78.69400492196979,76.28447360784574,73.26646782330958,72.76464848773003,72.3469752318895,71.64351357297635,70.70631135505472,69.40616617791379,68.70168470980894,66.10889287661128,65.17163749659497,64.52554206317608,64.2223066044336,63.201440745840266,,82.96189318558724,76.28447360784574,73.26646782330958,63.201440745840266,,72.1234924769011,#000000,4.91379321469195,78.18180201471307,1.3845104358371798,51.39381117281647,7.853009702619467,False,True,False,False,False,14.210987375500405,0.0,0.0,0.0,0.0,0,0.9891998036327936,0.9142938962526597,False,False,False,False,0.17956276841072744,0.17633222446646907,False,False,False,False,171561.0,150976.73230111515,False,False,False,False,5020.899834142331,False,False,False,False
2025-08-15 19:00:00+00:00,84.985,85.57,84.6,85.41,14085.0,,,,85.36456589910482,83.09809281239485,80.90023068364775,78.8555200163968,76.44745283071961,73.43339241129773,72.93121479677873,72.51233937916722,71.80567648881494,70.86173788901442,69.54714742522894,68.83318216933804,66.22955820579064,65.29321924635471,64.6479937397083,64.34519618798947,63.3258404685294,,83.09809281239485,76.44745283071961,73.43339241129773,63.3258404685294,,72.26072709707508,"rgba(38, 166, 154, 0.5)",4.969862982322444,78.31541853354118,1.4275205356151457,52.52311179248177,7.853009702619467,False,True,True,False,False,14.96655231977267,0.0,0.0,0.0,0.0,0,0.9882400813835204,0.9114547304170914,False,False,False,False,0.18048914903045418,0.1784106867484616,False,False,False,False,185646.0,151514.24032745443,False,False,False,False,5161.4285188843105,False,False,False,False
2025-08-18 14:00:00+00:00,86.24,87.08,85.88,87.04,1895.0,,,,85.37792348987234,83.12715885548748,80.93221524131216,78.88154929672406,76.47254350664295,73.4582636071238,72.9559363036736,72.53681036354608,71.82956666833503,70.88451845572584,69.56769116921302,68.85229285256236,66.24692843719448,65.31066701114749,64.66553125754369,64.36278061734593,63.34359033144338,,83.12715885548748,76.47254350664295,73.4582636071238,63.34359033144338,,72.28270396852315,"rgba(38, 166, 154, 0.5)",5.054630024510256,78.34146451001807,1.7209044871339993,56.97567055121861,7.853009702619467,False,False,True,False,True,17.75129442068437,0.0,0.0,0.0,0.0,0,0.9945603997098881,0.9028124748166658,False,False,False,False,0.23287829216940367,0.20564448945893266,False,False,False,False,187541.0,152072.79474098227,False,False,False,False,5110.786216265949,False,False,False,False
2025-08-18 15:00:00+00:00,87.04,87.9,87.04,87.47,1527.0,,,,85.39507552491607,83.15547629011255,80.9613061002274,78.90454927431767,76.49425844341799,73.4794517995571,72.97695575758665,72.5575853142119,71.84980096216844,70.90375937283873,69.58498563477451,68.86835564933465,66.26145379625454,65.3252338776972,64.68015801709336,64.37743972001874,63.35836559550331,,83.15547629011255,76.49425844341799,73.4794517995571,63.35836559550331,,72.30201241941359,"rgba(38, 166, 154, 0.5)",5.139376342435435,79.13197666449938,1.6223803784623059,60.71627254690636,4.846126639043668,False,False,True,False,True,18.457323892573832,0.0,0.0,0.0,0.0,0,1.0030528218517778,0.8975296244225753,False,False,False,False,0.2658326783062379,0.23573858388258528,False,False,False,False,189068.0,152646.3638147655,False,False,False,False,5055.223639269578,False,False,False,False
2025-08-18 16:00:00+00:00,87.465,87.55,86.92,86.99,2106.0,,,,85.41473431798313,83.19110814631115,80.99907384559542,78.93490361200175,76.5232068110989,73.50791005623026,73.0052143442854,72.58553652504031,71.87705783843273,70.92971698151374,69.60836162962732,68.89008727772837,66.28115558838321,65.34500590250646,64.7000202433511,64.39734987489231,63.378446364676314,,83.19110814631115,76.5232068110989,73.50791005623026,63.378446364676314,,72.32758172703872,"rgba(38, 166, 154, 1.0)",5.205559526312018,79.15268420875063,1.5055664528731014,61.423917025544704,5.679072821940032,True,False,True,False,True,17.162654620906707,0.0,0.0,0.0,0.0,0,0.998648648648649,0.9046273546273552,False,False,False,False,0.2558554973801725,0.2457970406313789,False,False,False,False,186962.0,153178.38918197842,False,False,False,False,5009.499241761522,False,False,False,False
2025-08-18 17:00:00+00:00,86.99,87.215,86.94,87.15,1224.0,,,,85.42562567473001,83.21126065722169,81.02063086995882,78.95233275329872,76.53987794321252,73.52433311388222,73.02152664393248,72.60167509575825,71.89280144609188,70.94471746000713,69.6218791920534,68.90265824258933,66.29256083523504,65.35645370002189,64.71152145104608,64.40887936513734,63.390076344397855,,83.21126065722169,76.53987794321252,73.52433311388222,63.390076344397855,,72.34228298756321,"rgba(38, 166, 154, 1.0)",5.277323690406828,79.16732717638155,1.5126365733694602,62.250199639382885,6.7327140332637185,True,False,True,False,True,17.433901633887796,0.0,0.0,0.0,0.0,0,0.9978184811689654,0.9094463881457095,False,False,False,False,0.24919657262465128,0.2474968066280151,False,False,False,False,188186.0,153721.14283807177,False,False,False,False,4950.8093310365375,False,False,False,False
2025-08-18 18:00:00+00:00,87.14,87.71,87.14,87.66,3052.0,,,,85.4585438707601,83.26571287139691,81.07723199973302,78.9975955243062,76.58279105095889,73.5663174638632,73.06319246124329,72.64287058465824,71.93294913550326,70.98292653990514,69.65626636552116,68.93461818341844,66.32149294514225,65.38547226528522,64.74066147183467,64.43808474904012,63.41951606950084,,83.26571287139691,76.58279105095889,73.5663174638632,63.41951606950084,,72.38036726776888,"rgba(38, 166, 154, 1.0)",5.354113794319122,79.21759715112997,1.5768067645158528,63.92101259551349,8.60265462041675,True,False,True,False,True,18.298815504792987,0.0,0.0,0.0,0.0,0,0.9989261079674533,0.9063235719301151,False,False,False,False,0.263918204174492,0.25570750540125353,False,False,False,False,191238.0,154302.7995382567,False,False,False,False,4921.370426679382,False,False,False,False
2025-08-18 19:00:00+00:00,87.62,87.89,87.21,87.21,6510.0,,,,85.52320853251918,83.3756094186563,81.19350267975419,79.09181469959233,76.67266067058742,73.65460955976486,73.15086392703046,72.72959427536809,72.01753527872665,71.0635147110198,69.7289026850348,69.00218053466897,66.38274955930612,65.44693046997297,64.80238832215228,64.49995513607259,63.48189907532354,,83.3756094186563,76.67266067058742,73.65460955976486,63.48189907532354,,72.45987761973825,"rgba(38, 166, 154, 1.0)",5.419417624374704,79.31172379547684,1.4574031292586471,63.13854357316166,8.60265462041675,True,False,True,False,True,17.05354741905213,0.0,0.0,0.0,0.0,0,0.9982265847321322,0.9022147069740593,False,False,False,False,0.26924090470019285,0.26247420505072316,False,False,False,False,184728.0,154774.50807254727,False,False,False,False,4946.000342544818,False,False,False,False
2025-08-19 14:00:00+00:00,86.765,87.51,85.72,85.99,8092.0,,,,85.55770516062202,83.47173126437775,81.30934536019723,79.19193899632883,76.77182320359681,73.75471709507674,73.25061030277159,72.82853453369958,72.114460662469,71.15636005448026,69.81316342449544,69.08082247684781,66.45469760102947,65.5192917929353,64.87517864156689,64.57296541765619,63.555676708783935,,83.47173126437775,76.77182320359681,73.75471709507674,63.555676708783935,,72.54582486452557,"rgba(38, 166, 154, 0.5)",5.454447230892453,79.38141067976885,1.2115965267391273,58.407999332179216,13.56759085137346,False,False,True,False,False,13.775602893967577,0.0,0.0,0.0,0.0,0,0.985022242174428,0.9074807166469416,False,False,False,False,0.22976478127989824,0.2461194931653107,False,False,False,False,176636.0,155113.4459318876,False,False,False,False,4994.775531032495,False,False,False,False
2025-08-19 15:00:00+00:00,85.82,86.56,85.73,86.15,5224.0,,,,85.57218663905363,83.52539577356794,81.37775755926809,79.25285628494188,76.83307523254686,73.81720241818302,73.31295373481605,72.89044256960068,72.17521701803301,71.21469248406108,69.86626407932907,69.1304591986626,66.50026981686948,65.56516351773425,64.9213460412978,64.61928294645328,63.60251499225684,,83.52539577356794,76.83307523254686,73.81720241818302,63.60251499225684,,72.5986517827456,"rgba(38, 166, 154, 0.5)",5.489670234110153,79.42421162208252,1.2251716571473983,55.75406547763661,11.038690814138498,False,True,True,False,False,14.065975078736109,0.0,0.0,0.0,0.0,0,0.98674149991866,0.9130876850496183,False,False,False,False,0.21019098603698602,0.22815523960114836,False,False,False,False,181860.0,155528.12118875753,False,False,False,False,4998.329398768425,False,False,False,False
2025-08-19 16:00:00+00:00,86.35,86.37,85.615,85.82,5002.0,,,,85.58053197033658,83.57081049630429,81.43864527769692,79.30843257805142,76.88966289190446,73.87542759431346,73.37111025598746,72.94824483749676,72.2320265353176,71.26933639660729,69.91612875097948,69.177128863376,66.54324015231585,65.6084453263555,64.96492511987567,64.66301192368668,63.64676180249354,,83.57081049630429,76.88966289190446,73.87542759431346,63.64676180249354,,72.64728651606464,#000000,5.515608489460136,79.46244155292389,1.1526486078960936,52.912052830451344,8.349516061288575,False,True,False,False,False,13.185743876549743,0.0,0.0,0.0,0.0,0,0.9890971456572343,0.9178406631548864,False,False,False,False,0.20387455760016654,0.21601489860065745,False,False,False,False,176858.0,155858.81698428068,False,False,False,False,4998.38630731465,False,False,False,False
2025-08-19 17:00:00+00:00,85.83,86.085,85.47,85.97,4377.0,,,,85.58568429506686,83.60765471089171,81.48952716759956,79.35563730976506,76.93810079392841,73.92552964074363,73.42118743597034,72.99804558629819,72.28101827140836,71.31651861232716,69.95925686896139,69.2175287386244,66.5805055321392,65.64599524609477,65.00274190735975,64.7009627883619,63.685174850821284,,83.60765471089171,76.93810079392841,73.92552964074363,63.685174850821284,,72.6888864562566,#000000,5.517436184864284,79.49526270136036,1.173504700679905,51.573091454737394,7.024768546287149,False,True,False,False,False,13.467801995183663,0.0,0.0,0.0,0.0,0,0.9819454679439947,0.9232784737574723,False,False,False,False,0.19499648881494006,0.20550569370779875,False,False,False,False,181235.0,156252.24617832282,False,False,False,False,4988.752411077214,False,False,False,False
2025-08-19 18:00:00+00:00,85.965,86.05,85.42,85.595,2944.0,,,,85.5870286973066,83.63011587145606,81.52191164707035,79.38626411819142,76.96983065948163,73.95856268273019,73.4542310392637,73.03092875060507,72.31340216045001,71.34774900415071,69.9878551898057,69.2443423456602,66.60529073799438,65.67098211560872,65.02791417296855,64.72622779793006,63.710758736555725,,83.63011587145606,76.96983065948163,73.95856268273019,63.710758736555725,,72.71608210160173,#000000,5.525647381255671,79.5160169382004,1.1001395207412226,49.35049267885452,4.815459435186597,False,True,False,False,False,12.449860052199032,0.0,0.0,0.0,0.0,0,0.9758123925677341,0.9265367929933706,False,False,False,False,0.1932451518439451,0.19937542277587195,False,False,False,False,178291.0,156593.93228408525,False,False,False,False,4957.050823308574,False,False,False,False
2025-08-19 19:00:00+00:00,85.56,85.85,85.3,85.66,9321.0,,,,85.58767787678411,83.69532844981336,81.61920192656055,79.4800254779406,77.06782538719946,74.06118669964522,73.55696750449455,73.1332337265631,72.41426380561246,71.44515772054719,70.0772319137017,69.32822823814061,66.68299321312935,65.7493495861572,65.10688336820962,64.80549696521611,63.79105718789263,,83.69532844981336,77.06782538719946,74.06118669964522,63.79105718789263,,72.80012406162398,"rgba(239, 83, 80, 1.0)",5.523262310405437,79.5803709860007,1.1007315373281659,48.156407437732966,3.5306894333845875,False,True,False,True,False,12.57689965290636,0.0,0.0,0.0,0.0,0,0.9721790995996409,0.9288749080807261,False,False,False,False,0.18666227978721991,0.19301885128154594,False,False,False,False,187612.0,157074.83255875058,False,False,False,False,5024.708950078983,False,False,False,False
2025-08-20 14:00:00+00:00,84.42,84.81,83.13,83.37,6761.0,,,83.77,85.53665626665006,83.69707657255246,81.65575812958058,79.52644666982495,77.12255456100576,74.12285546923805,73.6192301884433,73.19564752584546,72.47643408724737,71.50594257766834,70.13384404850869,69.38174489474893,66.73353538491156,65.80059551990294,65.15869583335218,64.85758397785861,63.84406957598899,83.77,83.69707657255246,77.12255456100576,74.12285546923805,63.84406957598899,,73.45214840462933,"rgba(239, 83, 80, 1.0)",5.48380509375579,80.1175302608191,0.5931045475858322,41.517000924910214,-2.717785954817437,False,True,False,True,False,6.617657793224943,1.0,84.81,83.13,0.0,0,0.960842037343227,0.9314433197564226,False,False,False,False,0.12140945497098396,0.15721415312626497,False,False,False,False,180851.0,157443.4553097777,False,False,False,False,5051.62819116303,False,False,False,False
2025-08-20 15:00:00+00:00,83.495,84.32,83.17,83.35,3927.0,,,83.71243731287426,85.50580195295052,83.6959531300709,81.67489467190093,79.55197268925049,77.1531949967383,74.15774040009582,73.65449420740023,73.23103215042218,72.51173638398743,71.54052634118395,70.16613642514982,69.41231085729166,66.76248612122308,65.82996882691882,65.1884060510081,64.88745706448604,63.874490788017326,83.71243731287426,83.6959531300709,77.1531949967383,74.15774040009582,63.874490788017326,,73.47283557616498,"rgba(239, 83, 80, 1.0)",5.44430168091266,80.11774383589531,0.5936952714131818,37.055440030728874,-6.713603364634274,False,True,False,True,False,6.568193623035697,0.0,0.0,0.0,0.0,0,0.964146625446662,0.9301802706066575,False,False,False,False,0.11235584007417387,0.13478499660021942,False,False,True,False,176924.0,157745.4792584633,False,False,False,False,5034.192095176007,False,False,False,False
2025-08-20 16:00:00+00:00,83.35,84.415,83.35,84.16,1297.0,,,83.74085148101794,85.49773393636718,83.69718407126,81.68229706045344,79.5610779886652,77.16381439527143,74.1696443806847,73.66650750436767,73.24307142128941,72.52372507002474,71.5522460993516,70.17705384700416,69.42263365447575,66.77223085112514,65.83984576877862,65.19838986723465,64.89749273467636,63.884701393210726,83.74085148101794,83.69718407126,77.16381439527143,74.1696443806847,63.884701393210726,,73.48280564029216,"rgba(239, 83, 80, 1.0)",5.407823245285283,80.12184449767481,0.7467247576639598,37.576201175230295,-6.713603364634274,False,True,False,True,False,8.24024749437325,0.0,0.0,0.0,0.0,0,0.9878173418911739,0.924859981194555,False,False,False,False,0.1095078103942811,0.12214640349725026,False,False,False,False,178221.0,158062.9291924406,False,False,False,False,4976.2511324601,False,False,False,False
2025-08-20 17:00:00+00:00,84.25,84.78,84.24,84.53,1907.0,,,83.84735015356559,85.49018988209487,83.70246490993901,81.6956458278281,79.57603235576627,77.18060530746457,74.18805864817377,73.68504561227148,73.26161500611396,72.54213840430123,71.57018738831968,70.19370352138392,69.43834883687076,66.78698917563042,65.85478165528063,65.21347289105574,64.91264760367075,63.90009964764252,83.84735015356559,83.70246490993901,77.18060530746457,74.18805864817377,63.90009964764252,,73.50218760152073,"rgba(239, 83, 80, 0.75)",5.398858571389832,80.13430436283227,0.8141898105021385,39.350440684997345,-6.713603364634274,False,True,False,True,True,8.992007840188329,0.0,0.0,0.0,0.0,0,0.9781959500920436,0.9219063203109027,False,False,False,False,0.13577670564126176,0.128961554569256,False,False,False,False,180128.0,158405.02331348803,False,False,False,False,4928.665843584749,False,False,False,False
2025-08-20 18:00:00+00:00,84.54,84.66,83.99,84.25,1364.0,,,83.88782042038105,85.48367953962142,83.70520644055978,81.70438937992836,79.58620671333178,77.19221488501431,74.2009140249464,73.69800190333694,73.27458649478585,72.5550363953522,71.5827753829595,70.20540887338534,69.44940798244474,66.79740134134481,65.86532618427836,65.22412579864003,64.92335327158752,63.910983705543025,83.88782042038105,83.70520644055978,77.19221488501431,74.2009140249464,63.910983705543025,,73.51371326319119,"rgba(239, 83, 80, 0.75)",5.389113210741983,80.14063598124173,0.7625306535715708,39.73176463464834,-6.713603364634274,False,True,False,True,True,8.267950761138671,0.0,0.0,0.0,0.0,0,0.9796586583718747,0.9195759833012735,False,False,False,False,0.1255070415033784,0.1272342980363172,False,False,False,False,178764.0,158720.6663628913,False,False,False,False,4873.399706474908,False,False,False,False
2025-08-20 19:00:00+00:00,84.25,85.31,84.25,85.195,4928.0,,,84.13942404875148,85.47272335567021,83.72498762494997,81.74290584187928,79.62737762997433,77.23746710364716,74.2499152146886,73.74726408443279,73.32381236729562,72.60384164586598,71.63024910032425,70.24938598981225,69.49088475431701,66.83624188012665,65.90459675261786,65.26375918794608,64.96316462994344,63.951399772213435,84.13942404875148,83.72498762494997,77.23746710364716,74.2499152146886,63.951399772213435,,73.56441116580315,"rgba(239, 83, 80, 0.75)",5.387968599632535,80.17784559776248,0.9311773648012136,43.46652588828725,-12.619686922582865,False,True,False,True,True,10.19197839853264,0.0,0.0,0.0,0.0,0,0.979618457524866,0.915498124898093,False,False,False,False,0.14284417714173434,0.13503923758902575,False,False,False,False,183692.0,159107.81882238135,False,False,False,False,4874.246222653592,False,False,False,False
2025-08-21 14:00:00+00:00,85.38,86.74,85.38,86.615,2146.0,,,84.34177810120913,85.4791862493533,83.7427554728338,81.76627919907425,79.64955414302841,77.26038301328786,74.27375020139146,73.77111300761315,73.34755688255102,72.62725138517705,71.65287051402358,70.27017925805139,69.51042448274872,66.85434095196216,65.9228370789295,65.28213017364394,64.9816010980139,63.97006177751567,84.34177810120913,83.7427554728338,77.26038301328786,74.27375020139146,63.97006177751567,,73.59466961057825,#000000,5.400719023701242,80.20662906852155,1.1865773618947935,49.69785133809639,-6.760052360034976,False,True,False,False,True,12.935755200734473,0.0,0.0,0.0,0.0,0,0.9851077568811046,0.9047542174509651,False,False,False,False,0.1963770644833905,0.16570815103620812,False,False,False,False,185838.0,159522.24023598785,False,False,False,False,4831.947831604699,False,False,False,False
2025-08-21 15:00:00+00:00,86.615,86.615,85.89,85.89,1493.0,,,84.45395136352823,85.48296310584001,83.75441650864232,81.78198982920654,79.66463154762462,77.27605701173582,74.2901202550704,73.78750113224837,73.36388013051747,72.64335535685046,71.66844534874619,70.28451114094082,69.5238997800411,66.8668393331776,65.93543716269173,65.29482314532366,64.99434049248269,63.98296079244705,84.45395136352823,83.75441650864232,77.27605701173582,74.2901202550704,63.98296079244705,,73.6138957465064,"rgba(38, 166, 154, 0.5)",5.400936626311862,80.22464706908707,1.0489574906902086,51.445596041877096,-5.166648146554287,False,True,True,False,True,11.038026855213612,0.0,0.0,0.0,0.0,0,0.9879115122698156,0.9089736873917078,False,False,False,False,0.2049526542210855,0.1853304026286468,False,False,False,False,184345.0,159907.08922457718,False,False,False,False,4780.181198556564,False,False,False,False
2025-08-21 16:00:00+00:00,85.89,85.93,85.51,85.57,1525.0,,,84.52711193519542,85.48406246627506,83.76392011104426,81.79622998289196,79.6788656183799,77.29117821400894,74.30614449561894,73.80357133672044,73.37990893838698,72.6592032356883,71.68381274774332,70.29869779690334,69.53725936805458,66.87928334346655,65.94799726916786,65.30748532152865,65.00705323819656,63.99584647769746,84.52711193519542,83.76392011104426,77.29117821400894,74.30614449561894,63.99584647769746,,73.63042399427603,"rgba(38, 166, 154, 0.5)",5.39534628049785,80.23898011645176,0.9880774293983449,51.612190884431485,-4.85100093451009,False,True,True,False,True,10.209810047011885,0.0,0.0,0.0,0.0,0,0.9817058395929252,0.9192714643405222,False,False,False,False,0.18129914104224495,0.18331477183544587,False,False,False,False,182820.0,160262.32815132794,False,False,False,False,4729.7132729975465,False,False,False,False
2025-08-21 17:00:00+00:00,85.57,85.64,85.24,85.5,1236.0,,,84.57048575584312,85.48394837890504,83.77071276203932,81.80707366619654,79.68995015784128,77.30308774682109,74.3188595452421,73.81633431339631,73.39264809529698,72.67181268708816,71.69605653048777,70.3100199604658,69.54793026000053,66.88924445275295,65.95805713798669,65.31763065083072,65.017240750114,64.00617791052117,84.57048575584312,83.77071276203932,77.30308774682109,74.3188595452421,64.00617791052117,,73.64262615343497,#000000,5.3741676388819775,80.24906391868244,0.9770696476468582,51.493988327946056,-4.627102557412925,False,True,False,False,True,10.027112374697651,0.0,0.0,0.0,0.0,0,0.9768888888888893,0.9241212121212127,False,False,False,False,0.16894325791964684,0.17612901487754634,False,False,False,False,181584.0,160592.8967071213,False,False,False,False,4675.547175741771,False,False,False,False
2025-08-21 18:00:00+00:00,85.47,85.74,85.36,85.555,2130.0,,,84.6432696013559,85.48449719958298,83.78292006569033,81.82607591066512,79.70925462880646,77.32375990398982,74.34088323806189,73.83843594298338,73.41470484917905,72.6936397175241,71.71724544480942,70.3296096429696,69.56639163936651,66.9064700125769,65.975450372674,65.33516961502465,65.03485172167859,64.02403473305237,84.6432696013559,83.78292006569033,77.32375990398982,74.34088323806189,64.02403473305237,,73.6637035688884,#000000,5.348758696612705,80.26681407241797,0.9886753595616435,51.60314562071329,-4.0650727610151876,False,True,False,False,True,10.138610672648891,0.0,0.0,0.0,0.0,0,0.9763865342697996,0.9232663276015184,False,False,False,False,0.17379105999249186,0.1749600374350191,False,False,False,False,183714.0,160951.36342484035,False,False,False,False,4636.081328055851,False,False,False,False
2025-08-21 19:00:00+00:00,85.555,86.19,85.43,86.16,7243.0,,,84.90179075006257,85.4963561257148,83.83174852355707,81.89563523364764,79.77811114950684,77.39645503972646,74.41761589337358,73.91535927109065,73.49141213853062,72.76946015530588,71.79075532997922,70.39748046134187,69.6303168221224,66.965981150072,66.03549375965362,65.39568558619864,65.09560239430522,64.08558936935647,84.90179075006257,83.83174852355707,77.39645503972646,74.41761589337358,64.08558936935647,,73.73838050853031,"rgba(38, 166, 154, 0.5)",5.329810245425975,80.33411768762194,1.0930749959396413,53.687082493799664,-1.6729624376447987,False,True,True,False,True,11.36436396306696,0.0,0.0,0.0,0.0,0,0.9760273972602744,0.9231265108783245,False,False,False,False,0.18528215601898548,0.18012109672700227,False,False,False,False,190957.0,161416.56709267228,False,False,False,False,4676.498671806924,False,False,False,False
2025-08-22 14:00:00+00:00,87.305,90.875,87.305,90.74,3731.0,,,85.34722157831082,85.5528221119195,83.89910600668274,81.96271986992113,79.83405234700493,77.44951755017709,74.46937242104569,73.96673542082804,73.54224952095032,72.8191060027658,71.83819483653525,70.4405169396241,69.6705102558871,67.00246655053574,66.0720300747929,65.43233286971655,65.13231236355301,64.12253038526406,85.34722157831082,83.89910600668274,77.44951755017709,74.46937242104569,64.12253038526406,,73.80854428363972,"rgba(38, 166, 154, 1.0)",5.382872007957227,80.41873120481985,1.9174278674883478,62.326724385315515,6.514348070159016,True,False,True,False,True,19.470674662015913,0.0,0.0,0.0,0.0,0,0.9802744425385936,0.9001637299235932,False,False,False,False,0.335640374868495,0.2578807357977486,False,False,False,False,194688.0,161932.40326177815,False,False,False,False,4661.839777670382,False,False,False,False
2025-08-22 15:00:00+00:00,90.74,91.105,89.965,89.965,2396.0,,,85.63176385324589,85.59439545406269,83.94675599544617,82.00909143733641,79.87220246868696,77.48530845920982,74.5039605997781,74.00102798791848,73.5761505951303,72.85216393913248,71.86972837574686,70.46906416737254,69.69714517611145,67.02656292020444,66.09613372562497,65.45649261199057,65.15650568052118,64.14685103300792,85.63176385324589,83.94675599544617,77.48530845920982,74.5039605997781,64.14685103300792,,73.8550724711404,"rgba(38, 166, 154, 1.0)",5.40587014105753,80.47632987728693,1.7552530628967054,65.71267112158063,9.504703099828177,True,False,True,False,True,17.437470190077896,0.0,0.0,0.0,0.0,0,1.0000776216719711,0.89986804315765,False,False,False,False,0.3428282499842984,0.3003544928910235,False,False,False,False,192292.0,162403.09468407618,False,False,False,False,4626.7104787917715,False,False,False,False
2025-08-22 16:00:00+00:00,90.16,90.38,89.97,90.065,2774.0,,,85.91044822922704,85.63958040282667,83.99929713414606,82.06082668973096,79.91516198050311,77.52583652212601,74.54329774194852,74.04005194199117,73.6147479030307,72.88983142057401,71.90569588827009,70.50167038070877,69.72758871199675,67.0541520337732,66.12374298364182,65.48417362120729,65.18422853273107,64.17473060774843,85.91044822922704,83.99929713414606,77.52583652212601,74.54329774194852,64.17473060774843,,73.90528126256567,"rgba(38, 166, 154, 1.0)",5.423775107285494,80.53815255788372,1.7564975047212643,68.08754658413231,11.637231044773387,True,False,True,False,True,17.60012511103801,0.0,0.0,0.0,0.0,0,0.9974737660318698,0.9081228138359897,False,False,False,False,0.3269585077272108,0.3136565003091172,False,False,False,False,195066.0,162909.4963168812,False,False,False,False,4597.986285322132,False,False,False,False
2025-08-22 17:00:00+00:00,90.12,90.52,90.12,90.155,2244.0,,,86.11790468911441,85.6764908584217,84.0420153693931,82.10284684577759,79.95007881394707,77.55875918559448,74.57523188487129,74.07172946554752,73.646077780284,72.92040514692006,71.93488941074098,70.52813749870947,69.75230186406128,67.07654402729194,66.14614842779682,65.50663532655707,65.20672328933607,64.19734960670384,86.11790468911441,84.0420153693931,77.55875918559448,74.57523188487129,64.19734960670384,,73.94501497172604,"rgba(38, 166, 154, 1.0)",5.4481625946417,80.58729409597986,1.7561344284089537,69.78681228407685,13.269480385029674,True,False,True,False,True,17.748694440424057,0.0,0.0,0.0,0.0,0,0.9982503207745249,0.9058672576694277,False,False,False,False,0.333330966443407,0.3234937333762621,False,False,False,False,197310.0,163442.83745925516,False,False,False,False,4561.490373921789,False,False,False,False
2025-08-22 18:00:00+00:00,90.23,90.34,89.92,89.97,1879.0,,,86.26976997883533,85.70569738771042,84.07627063583655,82.13689821653946,79.97860496947672,77.58578948880515,74.60155234583092,74.09785206508481,73.67192484363817,72.9456461441973,71.95901268046715,70.55003415594541,69.77275999608585,67.09510860818295,66.16473127833656,65.52526936910287,65.22538678952279,64.21612272427845,86.26976997883533,84.07627063583655,77.58578948880515,74.60155234583092,64.21612272427845,,73.97657953765982,"rgba(38, 166, 154, 1.0)",5.461097058382718,80.62605170664496,1.7110020557155623,70.21760793098936,13.87499927301235,True,False,True,False,True,17.247878954082516,0.0,0.0,0.0,0.0,0,0.9996495190622688,0.9050196658748396,False,False,False,False,0.32498607326176215,0.3242399033190121,False,False,False,False,195431.0,163938.7779637628,False,False,False,False,4519.9013758764895,False,False,False,False
2025-08-22 19:00:00+00:00,89.97,90.4,89.91,90.265,4468.0,,,86.59761585810773,85.77540040154918,84.15771543372901,82.2178674193166,80.04656023330851,77.6501848254625,74.66424365834008,74.16007142543994,73.73348875654753,73.00576939412406,72.0164800878505,70.602210362452,69.82151616999312,67.13935276332447,66.20901496963671,65.56967223333545,65.26985854071994,64.2608514107008,86.59761585810773,84.15771543372901,77.6501848254625,74.66424365834008,64.2608514107008,,74.04988188577434,"rgba(38, 166, 154, 1.0)",5.478061546414167,80.7162655190626,1.7430863819315456,70.97805944295672,14.924932854386952,True,False,True,False,True,17.750873207592946,0.0,0.0,0.0,0.0,0,0.9984830215099771,0.9035746236726441,False,False,False,False,0.32608156764628554,0.3251607354826488,False,False,False,False,199899.0,164496.30078603004,False,False,False,False,4519.09670338228,False,False,False,False
2025-08-25 14:00:00+00:00,90.765,91.3,90.4,90.47,1568.0,,,86.71519996849457,85.8022346987363,84.18825917113186,82.24776722819823,80.07143317366645,77.67357947591888,74.68687443360864,74.18251316313996,73.75567979577191,73.02741947081321,72.03714936214352,70.62095061115345,69.83901666355185,67.15519683435767,66.22486088506554,65.5855527668204,65.28576007273107,64.27683309677833,86.71519996849457,84.18825917113186,77.67357947591888,74.68687443360864,64.27683309677833,,74.07646004844901,"rgba(38, 166, 154, 1.0)",5.501224083275436,81.57655823917204,1.616629613010199,71.8238416619919,16.113530439482048,True,False,True,False,True,18.102268392464644,0.0,0.0,0.0,0.0,0,0.9995740561471445,0.899206195546951,False,False,False,False,0.3428282500662592,0.33399449277445403,False,False,False,False,201467.0,165069.48992113033,False,False,False,False,4473.343266120539,False,False,False,False
2025-08-25 15:00:00+00:00,90.47,90.47,89.69,89.74,2778.0,,,86.87148640309138,85.84186755807089,84.23549549973716,82.29554384831334,80.11210657950677,77.71243106395097,74.72492833541467,74.22031186012096,73.7931063677247,73.06401234505499,72.07217854063491,70.65282031956055,69.86882939453142,67.18231576223546,66.25201904681909,65.61279345696957,65.31304725925133,64.30429148584903,86.87148640309138,84.23549549973716,77.71243106395097,74.72492833541467,64.30429148584903,,74.11831028482429,"rgba(38, 166, 154, 0.75)",5.507892209783141,81.60126926064117,1.477648877169886,69.2272681777618,16.113530439482048,True,False,True,False,False,16.071079343809153,0.0,0.0,0.0,0.0,0,0.9973316833597587,0.9045980122974595,False,False,False,False,0.30969383314193427,0.3218441629581942,False,False,False,False,198689.0,165590.72263553142,False,False,False,False,4447.05887439774,False,False,False,False
2025-08-25 16:00:00+00:00,89.755,90.19,89.64,90.15,2012.0,,,86.97651016324734,85.87028687255666,84.26938455357808,82.32989800339519,80.14143577268395,77.74047770552427,74.75241920612433,74.24762134894695,73.82014980223094,73.09045826834134,72.09750118101373,70.67586863255643,69.89039511452933,67.20193968671232,66.2716719836987,65.63250643889455,65.33279402417624,64.32416255972673,86.97651016324734,84.26938455357808,77.74047770552427,74.75241920612433,64.32416255972673,,74.14808229544094,"rgba(38, 166, 154, 0.75)",5.5208300133251,81.63206593418833,1.5428720038930286,68.3995553920561,16.113530439482048,True,False,True,False,False,16.798787160021284,0.0,0.0,0.0,0.0,0,0.9960896666537615,0.9106043594409389,False,False,False,False,0.3026807463446435,0.31226245465141883,False,False,False,False,200701.0,166135.06802102705,False,False,False,False,4409.306023631883,False,False,False,False
2025-08-25 17:00:00+00:00,90.115,90.49,89.74,90.395,2308.0,,,87.09659464970888,85.90408690304584,84.30921315775203,82.3700256212208,80.17559566831234,77.773054918747,74.78427594272993,74.27925847740264,73.85147173507032,73.12107785580521,72.12680915927773,70.70253370329277,69.91534064278959,67.22462105284445,66.29438014157816,65.65527954914438,65.35560415007113,64.34710979287419,87.09659464970888,84.30921315775203,77.773054918747,74.78427594272993,64.34710979287419,,74.18257406231484,"rgba(38, 166, 154, 0.75)",5.510923421256198,81.67314119228371,1.582649247869274,68.3821906638372,16.113530439482048,True,False,True,False,False,17.233756684876667,0.0,0.0,0.0,0.0,0,0.9944004634099247,0.9109866769646654,False,False,False,False,0.3111852396812158,0.3117238471663173,False,False,False,False,203009.0,166706.7568889181,False,False,False,False,4376.727635668598,False,False,False,False
2025-08-25 18:00:00+00:00,90.37,90.56,90.0,90.01,2198.0,,,87.2023167425974,85.93565493364432,84.34653369905205,82.40777407112957,80.20785361380925,77.80387611343683,74.81445661748822,74.30923684974499,73.88115644335406,73.15010526492249,72.1546040531383,70.72783650966372,69.93901897013502,67.24616268477018,66.31594945504429,65.67691191995081,65.37727228695445,64.3689100956367,87.2023167425974,84.34653369905205,77.80387611343683,74.81445661748822,64.3689100956367,,74.21475724024849,"rgba(38, 166, 154, 0.75)",5.473574649297895,81.71087241320679,1.5162171192563827,66.58132420221803,16.113530439482048,True,False,True,False,False,16.141532741824935,0.0,0.0,0.0,0.0,0,0.9940189079683582,0.9132162840054027,False,False,False,False,0.3182343809828326,0.3149791140745749,False,False,False,False,200811.0,167235.50484412868,False,False,False,False,4342.948912634976,False,False,False,False
2025-08-25 19:00:00+00:00,90.02,90.23,89.56,89.56,6794.0,,,87.44892293773233,86.02130429440616,84.45113017163916,82.51620531940368,80.30225258939168,77.89508776727187,74.90455396157857,74.39883495460053,73.96996241369916,73.23708131201998,72.23805450228934,70.80400791035846,70.01039731440112,67.31131725378498,66.38124304183084,65.74243157659765,65.44291610665238,64.43500509751311,87.44892293773233,84.45113017163916,77.89508776727187,74.90455396157857,64.43500509751311,,74.30615047362062,"rgba(38, 166, 154, 0.75)",5.3978472168607805,81.80693914074875,1.436324621236721,63.415668681720405,18.01797532971213,True,False,True,False,False,14.872207511233725,0.0,0.0,0.0,0.0,0,0.9875850405504095,0.916862051735404,False,False,False,False,0.3018326479508477,0.30840588101271127,False,False,False,False,194017.0,167650.72182328947,False,False,False,False,4380.949704687147,False,False,False,False
2025-08-26 14:00:00+00:00,90.765,91.24,90.51,90.535,1251.0,,,87.50619708025835,86.0406547957006,84.47340610994326,82.53846567885887,80.32120472792214,77.91310132907468,74.92210883080502,74.41626188795797,73.98721148727228,73.25393848277241,72.25418644723047,70.81868680938899,70.02413201710044,67.32379383057813,66.3937271184279,65.75494647621063,65.4554491099867,64.44760618413076,87.50619708025835,84.47340610994326,77.91310132907468,74.92210883080502,64.44760618413076,,74.32472657797888,"rgba(38, 166, 154, 0.75)",5.307105788171356,81.83131036923848,1.6400068093913962,63.96279762398026,18.01797532971213,True,False,True,False,False,16.668294174008228,0.0,0.0,0.0,0.0,0,0.9871038916574736,0.9089664092517217,False,False,False,False,0.3428282500726345,0.3256170655426729,False,False,False,False,195268.0,168078.89667874234,False,False,False,False,4332.423352676493,False,False,False,False
2025-08-26 15:00:00+00:00,90.495,90.95,90.07,90.95,3810.0,,,87.663786738963,86.09733733627267,84.53917354122176,82.60467032182986,80.37792762082282,77.96720756014282,74.97498182110567,74.46876930015792,74.0391995330317,73.30477215679961,72.3028669109712,70.86302492810522,70.06563891583214,67.36154051918791,66.43150603583157,65.79282466861022,65.49338478653164,64.48575654919597,87.663786738963,84.53917354122176,77.96720756014282,74.97498182110567,64.48575654919597,,74.37968718025631,"rgba(38, 166, 154, 1.0)",5.221603670510327,81.9005036920431,1.7330875491499067,65.27905892371872,18.01797532971213,True,False,True,False,True,17.415389241732786,0.0,0.0,0.0,0.0,1,0.9841414026721169,0.9104121721358014,False,False,False,False,0.3270583544705158,0.32633771000659434,False,False,False,False,199078.0,168559.5029317851,False,False,False,False,4324.323765813291,False,False,False,False
2025-08-26 16:00:00+00:00,90.95,90.99,90.27,90.345,2338.0,,,87.74929480973854,86.1305264706823,84.5780544576745,82.64415889827649,80.41201992801737,77.99986670586483,75.00700130644513,74.5005817053578,74.07070926033194,73.33560168993434,72.33241510509491,70.88996830844899,70.09087696136056,67.38452264119869,66.45451467107189,65.81589809628053,65.51649517218664,64.50900393569349,87.74929480973854,84.5780544576745,77.99986670586483,75.00700130644513,64.50900393569349,,74.41230611798105,"rgba(38, 166, 154, 1.0)",5.1469216523559504,81.93993225818758,1.6330281106892472,63.48200752586095,17.708225725877867,True,False,True,False,True,15.687562764280145,0.0,0.0,0.0,0.0,0,0.9903280864782855,0.909084012895885,False,False,False,False,0.33222531911738057,0.32928151456198745,False,False,False,False,196740.0,168996.40986307524,False,False,False,False,4293.52804851386,False,False,False,False
2025-08-26 17:00:00+00:00,90.345,90.445,89.76,89.76,2641.0,,,87.8221662743745,86.16284506102544,84.61739690258015,82.68523707462533,80.44819143266047,78.03495484902453,75.04174453936865,74.53514574365543,74.10498109164112,73.36919156701563,72.3646787424806,70.91947040010112,70.11855073868108,67.40981670173576,66.47986357077433,65.84133482658653,65.5419800662483,64.53466373871518,87.8221662743745,84.61739690258015,78.03495484902453,75.04174453936865,64.53466373871518,,74.44623407340524,"rgba(38, 166, 154, 0.75)",5.035196532123855,81.97684867884507,1.5457492615232606,60.01050001963424,14.361171564882653,True,False,True,False,False,14.044933864795812,0.0,0.0,0.0,0.0,0,0.9893528341921795,0.9106547438617767,False,False,False,False,0.3096355831866827,0.3194585488743351,False,False,False,False,194099.0,169385.59730705858,False,False,False,False,4267.907458614421,False,False,False,False
2025-08-26 18:00:00+00:00,89.78,90.08,89.65,90.05,2983.0,,,87.8967856095725,86.19812564025212,84.66064916645502,82.73069841770929,80.48845781928021,78.07413739360187,75.0806324944721,74.57384558132478,74.14336434610358,73.40682844345281,72.40085187248994,70.95257607455737,70.14961901742313,67.4382404147002,66.5083545353461,65.86992800817926,65.57062895168707,64.56351424299264,87.8967856095725,84.66064916645502,78.07413739360187,75.0806324944721,64.56351424299264,,74.48373544608889,"rgba(38, 166, 154, 0.5)",4.91530470035096,82.01715808866363,1.634251058894234,58.630439778998834,13.024740627449006,False,False,True,False,False,14.59835602370288,0.0,0.0,0.0,0.0,0,0.9859395133783068,0.9152959902978857,False,False,False,False,0.29956522579746947,0.3095118873359023,False,False,False,False,197082.0,169814.99889919718,False,False,False,False,4247.98641274443,False,False,False,False
2025-08-26 19:00:00+00:00,90.05,90.645,89.91,90.26,5934.0,,,88.05325816456447,86.27269312516965,84.75012965117894,82.82371261173434,80.57044105830268,78.15356602945373,75.15917394776889,74.65197137678757,74.22082499753816,73.48274500923962,72.47377666832857,71.01928181420573,70.21220651009169,67.495434266925,66.56565738964383,65.9274190915769,65.6282241418966,64.62148929012908,88.05325816456447,84.75012965117894,78.15356602945373,75.15917394776889,64.62148929012908,,74.56011139691864,"rgba(38, 166, 154, 0.5)",4.7775398179090685,82.10365569750219,1.7072268601347855,58.39285726985125,12.663067089327306,False,False,True,False,False,15.000875474987652,0.0,0.0,0.0,0.0,0,0.9869506014070656,0.9122853468492327,False,False,False,False,0.317094886117648,0.31330338672677516,False,False,False,False,203016.0,170329.74310231037,False,False,False,False,4274.126158283276,False,False,False,False
2025-08-27 14:00:00+00:00,90.17,90.48,89.85,90.48,1253.0,,,88.08367503677665,86.28808434305098,84.76865469054393,82.84305614411903,80.58757398134678,78.17020348203259,75.1756528946575,74.66836702771177,74.2370845474999,73.49868635509657,72.48909770642499,71.03330705954093,70.22537139065682,67.50747359519882,66.57772106519847,65.93952322966406,65.64035056668402,64.63369685867626,88.08367503677665,84.76865469054393,78.17020348203259,75.1756528946575,64.63369685867626,,74.57597666527111,"rgba(38, 166, 154, 0.5)",4.645153947738769,82.12146133735351,1.7994104730835407,58.96171268607441,12.663067089327306,False,False,True,False,False,15.425277503740325,0.0,0.0,0.0,0.0,1,0.9857682144205361,0.9136655341638358,False,False,False,False,0.3122957486869131,0.31279956770684414,False,False,False,False,204269.0,170855.9331317319,False,False,False,False,4227.286993038573,False,False,False,False
2025-08-27 15:00:00+00:00,90.52,90.65,89.83,90.02,1171.0,,,88.11004800622784,86.30199105203637,84.78553226086376,82.86079289146998,80.60336075383148,78.18557844579381,75.1909157462022,74.68355733129775,74.25215252686073,73.51346548442952,72.50330919033541,71.04632568065212,70.23759576509738,67.51866250858659,66.58893504003211,65.95077636422684,65.65162511708215,64.64504908497318,88.11004800622784,84.78553226086376,78.18557844579381,75.1909157462022,64.64504908497318,,74.59053740277773,"rgba(38, 166, 154, 0.5)",4.4930824728801655,82.13750731538708,1.754361895689856,57.163419835869874,11.133304772067078,False,False,True,False,False,14.080884835900587,0.0,0.0,0.0,0.0,1,0.9851447912749154,0.9128619781872889,False,False,False,False,0.31549361238452356,0.31414659004568385,False,False,False,False,203098.0,171355.81013744147,False,False,False,False,4179.902698572859,False,False,False,False
2025-08-27 16:00:00+00:00,90.025,90.32,89.525,89.92,1854.0,,89.92166666666667,88.14564976362597,86.3224232649101,84.81083227278887,82.88776394631965,80.62761160857373,78.20934448014901,75.2146230896234,74.7071671637708,74.27558451153519,73.53646773997605,72.5254515800875,71.06663773227088,70.25668197638696,67.53616352076712,66.60648364961001,65.96839162341011,65.66927631950585,64.6628296637351,88.14564976362597,84.81083227278887,78.20934448014901,75.2146230896234,64.6628296637351,,75.41847634598489,"rgba(38, 166, 154, 0.5)",4.289828428496965,82.90678511195459,1.6348474082220217,55.50218729134568,9.410930469457057,False,False,True,False,False,13.788060647924091,0.0,0.0,0.0,0.0,1,0.982259959819567,0.9232402107577425,False,False,False,False,0.30199783368527916,0.3080722118654815,False,False,False,False,201244.0,171819.19292600825,False,False,False,False,4143.842191618241,False,False,False,False
2025-08-27 17:00:00+00:00,89.92,90.58,89.92,90.46,1416.0,,90.09415596330275,88.17780248125483,86.33958367943765,84.83148098836672,82.90938353092308,80.64683863143595,78.22804627785764,75.23316735361283,74.72562086276749,74.29388805772342,73.55441844860883,72.54271140310081,71.0824488399693,70.2715290064077,67.54974910273525,66.62009738205822,65.98205136133063,65.68296135108693,64.67660670477517,88.17780248125483,84.83148098836672,78.22804627785764,75.23316735361283,64.67660670477517,,75.4443442856187,"rgba(38, 166, 154, 0.5)",4.112646229497958,82.93435077923627,1.8298800336352785,56.561415973308314,9.410930469457057,False,False,True,False,False,14.877066643792617,0.0,0.0,0.0,0.0,1,0.9948543985363624,0.9150785180667789,False,False,False,False,0.3159204652826244,0.31199633857405296,False,False,False,False,202660.0,172297.34497366703,False,False,False,False,4101.550064616407,False,False,False,False
2025-08-27 18:00:00+00:00,90.46,90.76,90.33,90.73,1352.0,,90.24407255156498,88.21161799334088,86.35700171188415,84.8520747186008,82.93070289298382,80.66566752101974,78.24627102512672,75.25116664617188,74.74352298091073,74.3116373043957,73.57181447420248,72.55942514285431,71.09774570384211,70.28588689690666,67.56286865126117,66.63323827380064,65.99523286848463,65.69616554923373,64.68989415190899,88.21161799334088,84.8520747186008,78.24627102512672,75.25116664617188,64.68989415190899,,75.46873721360494,"rgba(38, 166, 154, 0.5)",3.9107491298664874,82.96115160743872,1.9865371402196053,58.24587823781568,9.410930469457057,False,False,True,False,True,15.417888149208395,0.0,0.0,0.0,0.0,1,0.9981297709923663,0.9075190839694658,False,False,False,False,0.3285636333428453,0.3202799859584491,False,False,False,False,204012.0,172789.04505159467,False,False,False,False,4058.9213814440595,False,False,False,False
2025-08-27 19:00:00+00:00,90.73,91.135,90.63,91.11,6454.0,,90.6602732635127,88.38279041623215,86.44494902784193,84.95427827382883,83.03545719779453,80.75772334739901,78.3349898820595,75.33846625675294,74.83031078738462,74.39765393016741,73.65607486268551,72.64033307782721,71.17174913471341,70.35532955428899,67.62624446297762,66.69668792241565,66.0588593718119,65.75989282571558,64.75399495886717,88.38279041623215,84.95427827382883,78.3349898820595,75.33846625675294,64.75399495886717,,75.57137150285666,"rgba(38, 166, 154, 1.0)",3.6916836560316093,83.07913471240374,2.1753936782950327,60.66235015471302,6.820905674592304,True,False,True,False,True,16.177775115191604,0.0,0.0,0.0,0.0,1,0.9980549199084666,0.9055301296720062,False,False,False,False,0.3428282500745433,0.3315541180164962,False,False,False,False,210466.0,173373.18388800405,False,False,False,False,4096.054383282136,False,False,False,False
2025-08-28 14:00:00+00:00,91.31,91.86,91.3,91.86,1088.0,,90.7508856735723,88.41700008918447,86.4617412975711,84.97318321269375,83.05441714396,80.77415635468512,78.35066428830652,75.3537568125947,74.84549440014848,74.41268920204918,73.67078256393944,72.65443195169453,71.18461901187403,70.36739476917134,67.63722076435018,66.70766578505803,66.06986052830416,65.77090809468858,64.76506412553123,88.41700008918447,84.97318321269375,78.35066428830652,75.3537568125947,64.76506412553123,,75.59062821417774,"rgba(38, 166, 154, 1.0)",3.4238540530477093,83.10215296643449,2.557891457367992,64.38177992860217,10.281156210458619,True,False,True,False,True,17.650806528477688,0.0,0.0,0.0,0.0,0,1.0014844701583434,0.9021391595615105,False,False,False,False,0.3428282502450245,0.3371911841307603,False,False,False,False,211554.0,173965.13452539933,False,False,False,False,4049.4178812157456,False,False,False,False
2025-08-28 15:00:00+00:00,91.86,92.53,91.86,92.25,3002.0,92.21333333333332,91.04036660952131,88.5228632470693,86.51226324377677,85.02895799492418,83.1095529455488,80.82147642177836,78.39546778991944,75.39718941740823,74.88858710586223,74.45533262044886,73.71245321371697,72.69432678677192,71.22097951723381,70.4014562371098,67.66813381557888,66.73855990347548,66.10080503882395,65.80188542819508,64.79617089012989,88.5228632470693,85.02895799492418,78.39546778991944,75.39718941740823,64.79617089012989,92.21333333333332,75.64772780143649,"rgba(38, 166, 154, 1.0)",3.111026688096497,84.01279540628596,2.6477447542418964,67.77116517767814,13.329753171018119,True,False,True,False,True,18.40284905365532,0.0,0.0,0.0,0.0,0,1.0088013411567478,0.8962508572734894,False,False,False,False,0.34282825038460407,0.3400097172576822,False,False,False,False,214556.0,174594.4502691916,False,False,False,False,4033.1788442976717,False,False,False,False
2025-08-28 16:00:00+00:00,92.25,92.47,92.2,92.21,1533.0,92.2403763322308,91.15539134079886,88.57580114848835,86.53807918549178,85.05742324090546,83.13769848251007,80.84565881687517,78.41836742144545,75.41938759541772,74.91061166499648,74.4771279264947,73.73375227344842,72.71471999780994,71.23956947504035,70.41887276067513,67.68394123726111,66.75435688342252,66.11662723642614,65.81772415160825,64.81207494848395,88.57580114848835,85.05742324090546,78.41836742144545,75.41938759541772,64.81207494848395,92.2403763322308,75.67511504145263,"rgba(38, 166, 154, 1.0)",2.7392774200103114,84.04686741182078,2.98003135007351,69.75611336565933,15.075758515817043,True,False,True,False,True,18.274837580785128,0.0,0.0,0.0,0.0,0,1.0101930917762905,0.9058004461881686,False,False,False,False,0.3428282504150827,0.3414189838363825,False,False,False,False,213023.0,175190.2417378863,False,False,False,False,3994.416381595382,False,False,False,False
2025-08-28 17:00:00+00:00,92.2,92.275,91.59,91.59,3760.0,92.0490705244123,91.27722827769361,88.68374488329333,86.59528621153662,85.12178286546627,83.20246237224818,80.90209844623378,78.4723033518423,75.47206133363174,74.96292645173395,74.52894134010586,73.78445472773112,72.76335017085769,71.2840010420328,70.46054821789912,67.72187973245333,66.79230058802207,66.15465090754289,65.85579629246692,64.85033226710881,88.68374488329333,85.12178286546627,78.4723033518423,75.47206133363174,64.85033226710881,92.0490705244123,75.73084997262634,"rgba(38, 166, 154, 0.75)",2.7366993452516586,84.10249685885789,2.7359611694771626,67.10853581625436,15.075758515817043,True,False,True,False,False,16.295839469806644,0.0,0.0,0.0,0.0,0,1.0034317883859027,0.9085756150227502,False,False,False,False,0.32681072881239215,0.3341148563243873,False,False,False,False,209263.0,175718.50155590358,False,False,False,False,3990.782019090027,False,False,False,False
2025-08-28 18:00:00+00:00,91.635,91.635,90.9,91.41,2246.0,91.8926600891756,91.2809646920649,88.73504833916411,86.62563424535564,85.15680027523936,83.23845627114537,80.93399420929458,78.5031075333008,75.50240048235818,74.99309345450483,74.55884739576392,73.81376441250146,72.79151679889104,71.30980207572271,70.48478044339694,67.74401289196906,66.81445638537812,66.17686594432936,65.87804530796853,64.872707683113,88.73504833916411,85.15680027523936,78.5031075333008,75.50240048235818,64.872707683113,91.8926600891756,75.75864730744536,"rgba(38, 166, 154, 0.75)",2.713682061946068,84.12591705005244,2.6842064706445057,64.31061258641805,19.4522927341838,True,False,True,False,False,15.725589309624088,0.0,0.0,0.0,0.0,0,0.9953748313740606,0.9137791481981116,False,False,False,False,0.3006934288782413,0.31740414260131433,False,False,False,False,207017.0,176203.74959379653,False,False,False,False,3963.731135073127,False,False,False,False
2025-08-28 19:00:00+00:00,91.475,91.475,90.88,91.32,5396.0,91.66660161887431,91.27021826032288,88.84646628907555,86.69560511484578,85.23812638362485,83.32269045934369,81.00917327791618,78.5759981949171,75.57440515625639,75.06471940819924,74.6298792263663,73.88342169591203,72.85851152870391,71.37124041179042,70.54251812822301,67.79681592255439,66.86732733226947,66.22988691439396,65.93115124656751,64.92612769596185,88.84646628907555,85.23812638362485,78.5759981949171,75.57440515625639,64.92612769596185,91.66660161887431,75.82285698143392,"rgba(38, 166, 154, 0.75)",2.6974165267739854,84.18535691488495,2.644991240432498,61.90859877617371,17.232562422150863,True,False,True,False,False,15.437381107816197,0.0,0.0,0.0,0.0,0,0.9910391508345513,0.9165448811629878,False,False,False,False,0.29718986846012846,0.30729700553072137,False,False,False,False,201621.0,176597.8154915671,False,False,False,False,3985.9368539092025,False,False,False,False
2025-08-29 14:00:00+00:00,90.99,91.46,90.66,90.66,3037.0,91.54816678964195,91.23671045025371,88.89756855354051,86.73152531704542,85.280713695851,83.36756217967775,81.04978317605463,78.61569771519574,75.6138748325971,75.10401582752866,74.66887809206071,73.92171168818616,72.89539505526405,71.40513587235169,70.57440643899461,67.82605333005915,66.89662055086932,66.25927480227617,65.96059142422567,64.95575864583998,88.89756855354051,85.280713695851,78.61569771519574,75.6138748325971,64.95575864583998,91.54816678964195,75.85585671830907,"rgba(38, 166, 154, 0.5)",2.64534756482645,84.21423664894442,2.436641383824531,56.79524152960278,12.534243793253246,False,False,True,False,False,13.337489201830376,0.0,0.0,0.0,0.0,0,0.9952615763926344,0.9160567069882121,False,False,False,False,0.29262640612285173,0.29996170582678655,False,False,False,False,198584.0,176938.6865692172,False,False,False,False,3971.2246546237884,False,False,False,False
2025-08-29 15:00:00+00:00,90.61,91.06,90.47,90.775,1744.0,91.4825219615793,91.21186860085558,88.92359243306478,86.7511100246471,85.30420472238656,83.39255650551742,81.072582036289,78.63808833192826,75.63621531845733,75.1262690153752,74.69097168987568,73.94341807642468,72.91632207907767,71.42438987181458,70.59253116450002,67.84269470331785,66.91329936323773,66.27601111178117,65.97735912873745,64.97264018785638,88.92359243306478,85.30420472238656,78.63808833192826,75.63621531845733,64.97264018785638,91.4825219615793,75.87400654553392,"rgba(38, 166, 154, 0.5)",2.5903671206634575,84.22960196975465,2.52682254111105,54.008005748074154,10.061796214642385,False,True,True,False,False,13.591007181748886,0.0,0.0,0.0,0.0,0,0.9987282256821336,0.9112455680591954,False,False,False,False,0.28122077984199645,0.2905912428343915,False,False,False,False,200328.0,177301.31158364794,False,False,False,False,3936.6940398234196,False,False,False,False
2025-08-29 16:00:00+00:00,90.775,91.06,90.73,91.01,1243.0,91.45143770016544,91.20172297924297,88.94332269724802,86.76552160927632,85.32132697092052,83.41066411275834,81.0890416930768,78.65421287762972,75.6522710606008,75.14225786116437,74.70684269801887,73.95900613258439,72.93134507796215,71.43820626231393,70.60553482593468,67.85462602934638,66.92525474901504,66.28800589243089,65.98937558437024,64.98473556265986,88.94332269724802,85.32132697092052,78.65421287762972,75.6522710606008,64.98473556265986,91.45143770016544,75.88754077245022,"rgba(38, 166, 154, 0.5)",2.5605044055430293,84.24217707429702,2.6431600395031047,53.42667140358395,9.497908135805844,False,True,True,False,False,14.112989936857236,0.0,0.0,0.0,0.0,0,0.9994167962674962,0.9197122861586315,False,False,False,False,0.2862380415659097,0.2884146422001506,False,False,False,False,201571.0,177677.58582266115,False,False,False,False,3894.9313415315837,False,False,False,False
2025-08-29 17:00:00+00:00,91.0,91.0,90.355,90.38,3113.0,91.34303960277579,91.14960922534328,88.98255760860067,86.79814476541239,85.36107085467451,83.45351175833876,81.128545669364,78.69324845255449,75.69140322855941,75.18126211767876,74.74558804508897,73.99710617071388,72.96811955498941,71.47209411514238,70.63746120885392,67.88399429495077,66.95470199105003,66.31756279922081,66.01899159610767,65.01456437229852,88.98255760860067,85.36107085467451,78.69324845255449,75.69140322855941,65.01456437229852,91.34303960277579,75.91839672783908,#000000,2.573028131552434,84.2673515535594,2.375663278408286,49.85052693578143,6.047694255513036,False,True,False,False,False,12.087971565791701,0.0,0.0,0.0,0.0,0,0.9973607607219095,0.917058024451776,False,False,False,False,0.27785154257088995,0.2831330923855203,False,False,False,False,198458.0,177999.76278665088,False,False,False,False,3882.80837499621,False,False,False,False
2025-08-29 18:00:00+00:00,90.38,90.65,90.03,90.06,3883.0,91.19602105420681,91.06434558984459,89.01929566870493,86.83456069452713,85.40671250294723,83.50379027728538,81.17564896584449,78.74023388196196,75.73884698618694,75.22859658640972,74.79264584310597,74.04344037820083,73.01291604461007,71.51346544711993,70.67648181354171,67.91998675477755,66.99081614528187,66.35382729521635,66.05533574350041,65.05119255629621,89.01929566870493,85.40671250294723,78.74023388196196,75.73884698618694,65.05119255629621,91.19602105420681,75.95379679870334,"rgba(239, 83, 80, 1.0)",2.576834205477133,84.29302368995192,2.2380082885387855,46.11881006178683,2.5218579521348516,False,True,False,True,False,11.074190323481943,0.0,0.0,0.0,0.0,0,0.9929853117854512,0.9217532845018022,False,False,False,False,0.26491260157599283,0.2740228469807566,False,False,False,False,194575.0,178256.74320856325,False,False,False,False,3882.8113459265014,False,False,False,False
2025-08-29 19:00:00+00:00,90.06,90.73,89.98,90.47,5289.0,91.07205284315442,90.98787535014006,89.07161668994512,86.88502248424045,85.4693688217896,83.57255270734302,81.24005532957527,78.80442889099056,75.80362264887334,75.29321899207163,74.8568890910634,74.1066957958749,73.07407670767999,71.56996343726837,70.72977874468927,67.96914662240164,67.04013623374362,66.40334851810833,66.10496380169705,65.10120217602632,89.07161668994512,85.4693688217896,78.80442889099056,75.80362264887334,65.10120217602632,91.07205284315442,76.00441910755379,"rgba(239, 83, 80, 1.0)",2.5869249371841216,84.33487055643685,2.3715915971807275,46.086607876091335,2.3685176345894945,False,True,False,True,False,12.032509685779477,0.0,0.0,0.0,0.0,0,0.996702230843841,0.9205043646944716,False,False,False,False,0.2654857989951978,0.2697543229879772,False,False,False,False,199864.0,178591.73943788782,False,False,False,False,3904.612720408261,False,False,False,False
2025-09-01 14:00:00+00:00,90.47,90.47,90.47,90.47,0.0,91.07205284315442,90.98787535014006,89.07161668994512,86.88502248424045,85.4693688217896,83.57255270734302,81.24005532957527,78.80442889099056,75.80362264887334,75.29321899207163,74.8568890910634,74.1066957958749,73.07407670767999,71.56996343726837,70.72977874468927,67.96914662240164,67.04013623374362,66.40334851810833,66.10496380169705,65.10120217602632,89.07161668994512,85.4693688217896,78.80442889099056,75.80362264887334,65.10120217602632,91.07205284315442,76.00441910755379,"rgba(239, 83, 80, 1.0)",2.597276348875273,84.33487055643685,2.3621396491828475,46.06513975229434,2.020391528448357,False,True,False,True,False,12.032509685779477,0.0,0.0,0.0,0.0,0,1.00143952067852,0.9172470139672413,False,False,False,False,0.2698860110661265,0.2698201670270518,False,False,False,False,199864.0,178921.5419272229,False,False,False,False,3844.0760890841016,False,False,False,False
2025-09-01 15:00:00+00:00,90.47,90.47,90.47,90.47,0.0,91.07205284315442,90.98787535014006,89.07161668994512,86.88502248424045,85.4693688217896,83.57255270734302,81.24005532957527,78.80442889099056,75.80362264887334,75.29321899207163,74.8568890910634,74.1066957958749,73.07407670767999,71.56996343726837,70.72977874468927,67.96914662240164,67.04013623374362,66.40334851810833,66.10496380169705,65.10120217602632,89.07161668994512,85.4693688217896,78.80442889099056,75.80362264887334,65.10120217602632,91.07205284315442,76.00441910755379,"rgba(239, 83, 80, 1.0)",2.6104995241831013,84.33487055643685,2.350174511325758,46.05082766976301,1.5602394744237458,False,True,False,True,False,12.032509685779477,0.0,0.0,0.0,0.0,0,1.002225258637517,0.9168065586570371,False,False,False,False,0.2698860110661265,0.2698530890465891,False,False,False,False,199864.0,179246.23119966904,False,False,False,False,3784.4780101835727,False,False,False,False
2025-09-01 16:00:00+00:00,90.47,90.47,90.47,90.47,0.0,91.07205284315442,90.98787535014006,89.07161668994512,86.88502248424045,85.4693688217896,83.57255270734302,81.24005532957527,78.80442889099056,75.80362264887334,75.29321899207163,74.8568890910634,74.1066957958749,73.07407670767999,71.56996343726837,70.72977874468927,67.96914662240164,67.04013623374362,66.40334851810833,66.10496380169705,65.10120217602632,89.07161668994512,85.4693688217896,78.80442889099056,75.80362264887334,65.10120217602632,91.07205284315442,76.00441910755379,"rgba(239, 83, 80, 1.0)",2.622147479719597,84.33487055643685,2.339734698758902,46.04128628140879,1.0459381709628204,False,True,False,True,False,12.032509685779477,0.0,0.0,0.0,0.0,0,1.0177921714445646,0.9125584742713209,False,False,False,False,0.2698860110661265,0.2698695500563578,False,False,False,False,199864.0,179565.8865299067,False,False,False,False,3725.803932506308,False,False,False,False
2025-09-01 17:00:00+00:00,90.47,90.47,90.47,90.47,0.0,91.07205284315442,90.98787535014006,89.07161668994512,86.88502248424045,85.4693688217896,83.57255270734302,81.24005532957527,78.80442889099056,75.80362264887334,75.29321899207163,74.8568890910634,74.1066957958749,73.07407670767999,71.56996343726837,70.72977874468927,67.96914662240164,67.04013623374362,66.40334851810833,66.10496380169705,65.10120217602632,89.07161668994512,85.4693688217896,78.80442889099056,75.80362264887334,65.10120217602632,91.07205284315442,76.00441910755379,"rgba(239, 83, 80, 1.0)",2.633169600336933,84.33487055643685,2.329940860162638,46.034925355839306,0.5169809166998363,False,True,False,True,False,12.032509685779477,0.0,0.0,0.0,0.0,0,1.0105029287012726,0.9150878610381744,False,False,False,False,0.2698860110661265,0.2698777805612421,False,False,False,False,199864.0,179880.58596355157,False,False,False,False,3668.039530451946,False,False,False,False
2025-09-01 18:00:00+00:00,90.47,90.47,90.47,90.47,0.0,91.07205284315442,90.98787535014006,89.07161668994512,86.88502248424045,85.4693688217896,83.57255270734302,81.24005532957527,78.80442889099056,75.80362264887334,75.29321899207163,74.8568890910634,74.1066957958749,73.07407670767999,71.56996343726837,70.72977874468927,67.96914662240164,67.04013623374362,66.40334851810833,66.10496380169705,65.10120217602632,89.07161668994512,85.4693688217896,78.80442889099056,75.80362264887334,65.10120217602632,91.07205284315442,76.00441910755379,"rgba(239, 83, 80, 1.0)",2.638957231609614,84.33487055643685,2.324830948404974,46.030684738792985,-0.0005795114401152546,False,True,False,True,False,12.032509685779477,0.0,0.0,0.0,0.0,0,1.0055729569214498,0.9160802180368548,False,False,False,False,0.2698860110661265,0.26988189581368427,False,False,False,False,199864.0,180190.40633620968,False,False,False,False,3611.1707005224584,False,False,False,False
2025-09-01 19:00:00+00:00,90.47,90.47,90.47,90.47,0.0,91.07205284315442,90.98787535014006,89.07161668994512,86.88502248424045,85.4693688217896,83.57255270734302,81.24005532957527,78.80442889099056,75.80362264887334,75.29321899207163,74.8568890910634,74.1066957958749,73.07407670767999,71.56996343726837,70.72977874468927,67.96914662240164,67.04013623374362,66.40334851810833,66.10496380169705,65.10120217602632,89.07161668994512,85.4693688217896,78.80442889099056,75.80362264887334,65.10120217602632,91.07205284315442,76.00441910755379,"rgba(239, 83, 80, 1.0)",2.639053889640534,84.33487055643685,2.324745799108639,46.0278576607621,-0.49039799075850965,False,True,False,True,False,12.032509685779477,0.0,0.0,0.0,0.0,0,1.0126582278481013,0.9084429150792678,False,False,False,False,0.2698860110661265,0.26988395343990534,False,False,False,False,199864.0,180495.42329223742,False,False,False,False,3555.1835578786995,False,False,False,False
2025-09-02 14:00:00+00:00,88.49,88.91,88.175,88.44,2865.0,90.87413156925619,90.84370715372907,89.06023285342435,86.89739597162469,85.48991302501182,83.59909424261308,81.2674615322522,78.83329999165768,75.83396983873025,75.32365368239581,74.8872731453644,74.13681451796377,73.10344114669181,71.59737623078186,70.75577295896503,67.99345539058189,67.06461628942115,66.42798749962236,66.12968260243176,65.12619673658864,89.06023285342435,85.48991302501182,78.83329999165768,75.83396983873025,65.12619673658864,90.87413156925619,76.0195444636764,"rgba(239, 83, 80, 1.0)",2.597224102003988,84.33156923020464,1.5818545525683918,37.19637767720554,-8.889674246722599,False,True,False,True,False,5.17738200587284,0.0,0.0,0.0,0.0,0,1.0090013380367353,0.9083647569233265,False,False,False,False,0.19733168639392218,0.23360781991691376,False,False,False,False,196999.0,180751.29269855932,False,False,False,False,3544.48303760151,False,False,False,False
2025-09-02 15:00:00+00:00,88.38,88.53,87.475,87.625,10851.0,90.19598028995176,90.30824235771546,88.97608017613061,86.92487352972101,85.549497988041,83.68447431720928,81.36051945614071,78.93406869580994,75.94194186421211,75.43220106374982,74.99585456268271,74.24479007367303,73.20913220480534,71.69655264386665,70.85006031932453,68.08218508348307,67.15411262333592,66.51815471550708,66.22018230409091,65.2178356550053,88.97608017613061,85.549497988041,78.93406869580994,75.94194186421211,65.2178356550053,90.19598028995176,76.06846103339498,"rgba(239, 83, 80, 1.0)",2.570393435723176,84.3070892006202,1.2908182666776513,29.96531457553007,-15.277578575614214,False,True,False,True,False,2.671105277930888,0.0,0.0,0.0,0.0,0,1.0006454736162658,0.9096740358237858,False,False,False,False,0.17739813539265417,0.20550297765478398,False,False,False,False,186148.0,180834.96257920182,False,False,False,False,3657.7623703518743,False,False,False,False
2025-09-02 16:00:00+00:00,87.74,88.19,87.46,88.19,4251.0,90.01284903504236,90.15230066638706,88.94818334236443,86.93598347098275,85.57271584545072,83.71754405689707,81.39664945189759,78.97324064313645,75.98396014560473,75.47445199557363,75.03812775658508,74.28684431294377,73.25032237414224,71.73524412834728,70.88686663310716,68.11685257637669,67.18908205188674,66.55338748700589,66.25554549561889,65.25364556598132,88.94818334236443,85.57271584545072,78.97324064313645,75.98396014560473,65.25364556598132,90.01284903504236,76.09057621054156,"rgba(239, 83, 80, 1.0)",2.5452600320252157,84.30557995103584,1.5261387834992244,29.0486413288175,-15.753247157028085,False,True,False,True,False,4.235891287598282,0.0,0.0,0.0,0.0,0,0.9986525112290732,0.9185381788485099,False,False,False,False,0.17087699650673713,0.18818998708076057,False,False,False,False,190399.0,180983.24222913667,False,False,False,False,3666.959852982078,False,False,False,False
2025-09-02 17:00:00+00:00,88.19,88.49,88.0,88.18,1730.0,89.95545767445884,90.10182018041458,88.94027646941367,86.94165477460682,85.58312264353629,83.73172661111315,81.41185607514021,78.9895733716,76.00136947609224,75.49194461143937,75.05561951363401,74.30423016507702,73.26733374006541,71.75120526031891,70.90204229594825,68.13112270606798,67.20346889823527,66.56787777829751,66.27008721435598,65.26836387304151,88.94027646941367,85.58312264353629,78.9895733716,76.00136947609224,65.26836387304151,89.95545767445884,76.10077345570517,"rgba(239, 83, 80, 1.0)",2.506325690819697,84.30765924070303,1.5450269585795615,28.412557266194813,-16.251404288163513,False,True,False,True,False,4.20494412089273,0.0,0.0,0.0,0.0,0,1.0015133543294203,0.9176244427174937,False,False,False,False,0.18633160766066767,0.1872607973707141,False,False,False,False,188669.0,181102.40126434385,False,False,False,False,3636.929467664526,False,False,False,False
2025-09-02 18:00:00+00:00,88.18,88.18,87.525,87.635,1506.0,89.89637204157573,90.05010436848929,88.92936225674207,86.94485754450938,85.5906055952365,83.74278887223612,81.42418069134737,79.00306407064666,76.01593610766898,75.50660435196833,75.07029730774454,74.318848694265,73.28167300218084,71.76470132873246,70.9148938316698,68.14325492471151,67.21571311671038,66.58021818718662,66.28247508735923,65.28091395357713,88.92936225674207,85.5906055952365,79.00306407064666,76.01593610766898,65.28091395357713,89.89637204157573,76.10844701542011,"rgba(239, 83, 80, 1.0)",2.466874683217017,84.30707088527527,1.3490466854136396,26.682261184832882,-17.933839063063076,False,True,False,True,False,2.5211477558915227,0.0,0.0,0.0,0.0,0,0.9936310933289785,0.922144198579244,False,False,False,False,0.17188635849001543,0.17957357793036477,False,False,False,False,187163.0,181196.36403543927,False,False,False,False,3603.8918014991846,False,False,False,False
2025-09-02 19:00:00+00:00,87.635,87.77,86.95,87.1,7730.0,89.57544120673006,89.76521472908343,88.85308848385179,86.95117477950411,85.61951959982338,83.79162275553394,81.48171343789527,79.06770252986017,76.08694435219086,75.57821904186015,75.14212348974822,74.39058075090098,73.35227328232186,71.83143753933903,70.97857887901547,68.20369145833257,67.27678880722472,66.64182530964796,66.34434235100896,65.34366572982736,88.85308848385179,85.61951959982338,79.06770252986017,76.08694435219086,65.34366572982736,89.57544120673006,76.14213196352473,"rgba(239, 83, 80, 1.0)",2.4331269911267075,84.29372455730112,1.1533616835179552,24.464204448900425,-20.114814879350533,False,True,False,True,False,0.9047893754947687,0.0,0.0,0.0,0.0,0,0.9871591694095657,0.9261652241050023,False,False,False,False,0.15386001941026797,0.16671679867031636,False,False,False,False,179433.0,181169.02505814563,False,False,False,False,3667.862471243383,False,False,False,False
2025-09-03 14:00:00+00:00,86.51,88.0,86.51,87.7,2906.0,89.47992565130765,89.67749952076063,88.82841317347732,86.95442043090165,85.63096849642429,83.81030616761785,81.50352947391019,79.0921228718741,76.1137154477435,75.60521354153575,75.16919449661451,74.41761257284547,73.37887681603219,71.85658786751729,71.00258242769574,68.22646741065023,67.2998020303624,66.66503633125505,66.36765026715736,65.36730328126266,88.82841317347732,85.63096849642429,79.0921228718741,76.1137154477435,65.36730328126266,89.47992565130765,76.15617382240201,"rgba(239, 83, 80, 0.75)",2.4013967182022515,84.29206540413936,1.419146853174642,26.927005038639642,-20.114814879350533,False,True,False,True,True,2.6315732688313993,0.0,0.0,0.0,0.0,0,0.9839494750392211,0.9248159620258257,False,False,False,False,0.1500300231723521,0.15837341092133422,False,False,False,False,182339.0,181187.16420453097,False,False,False,False,3656.0506499837957,False,False,False,False
2025-09-03 15:00:00+00:00,87.61,87.845,87.15,87.25,5200.0,89.32929629889409,89.53651523685124,88.78663828529528,86.96026134378428,85.65122502587485,83.843367303864,81.54224497935319,79.13552627048416,76.16135407707404,75.65325866275698,75.21738414630454,74.46574730784198,73.42627004050094,71.90142334891331,71.04539019998303,68.26711286751056,67.34087466813062,66.70646419005203,66.40925203369164,65.4094964911991,88.78663828529528,85.65122502587485,79.13552627048416,76.16135407707404,65.4094964911991,89.32929629889409,76.18209507786662,"rgba(239, 83, 80, 0.75)",2.368998011094758,84.29131781860076,1.2489171234179206,27.391197618575106,-20.114814879350533,False,True,False,True,True,1.2712445313459746,0.0,0.0,0.0,0.0,0,0.9897586248443715,0.9275874533113782,False,False,False,False,0.15888228998444195,0.15862785045288808,False,False,False,False,177139.0,181124.4019688018,False,False,False,False,3679.987849208853,False,False,False,False
2025-09-03 16:00:00+00:00,87.26,87.625,87.16,87.34,4125.0,89.22239439950492,89.43470133829675,88.75429938021345,86.96439204731111,85.66661257652584,83.86887652552647,81.57239122989687,79.1694713966497,76.19872631326359,75.69096555038003,75.25521810848919,74.50356109969415,73.46353174050665,71.93671534473863,71.07910719318056,68.29916628812857,67.37327253366817,66.73914690930586,66.44207402316273,65.44279174352839,88.75429938021345,85.66661257652584,79.1694713966497,76.19872631326359,65.44279174352839,89.22239439950492,76.20289586012984,"rgba(239, 83, 80, 0.75)",2.3435931775750496,84.29170965192887,1.3006909122449508,28.28243813738022,-20.114814879350533,False,True,False,True,True,1.5339662636718252,0.0,0.0,0.0,0.0,0,0.9972365587028081,0.9326207989596458,False,False,False,False,0.15504639753994842,0.15683712399641825,False,False,False,False,181264.0,181126.566279363,False,False,False,False,3686.887262399413,False,False,False,False
2025-09-03 17:00:00+00:00,87.345,87.41,86.5,86.615,5701.0,89.05506162337208,89.27621416957027,88.69560136661586,86.96272566868394,85.68093276328918,83.89825972454352,81.60976323295357,79.21290830444273,76.247523543284,75.74032056487823,75.30483699084208,74.55330846420335,73.51274138413835,71.98355097107184,71.1239599663123,68.34205582887924,67.4166869208414,66.78298362167162,66.48611576529828,65.48752703938086,88.69560136661586,85.68093276328918,79.21290830444273,76.247523543284,65.48752703938086,89.05506162337208,76.22726401531055,"rgba(239, 83, 80, 0.75)",2.348129123019583,84.28422406776966,0.9926097800077837,27.064965721464738,-20.114814879350533,False,True,False,True,True,0.0,0.0,0.0,0.0,0.0,0,0.9936279881488697,0.9231705832217219,False,False,False,False,0.13911081631229197,0.1479739701543551,False,False,False,False,175563.0,181040.3094378225,False,False,False,False,3718.1138164707395,False,False,False,False
2025-09-03 18:00:00+00:00,86.615,86.87,86.52,86.86,3551.0,88.95837983195923,89.18356770564378,88.65910733842539,86.96094164238016,85.68898675650773,83.91570905970477,81.63237132317272,79.23939415080835,76.27743147522928,75.77059023817802,75.33528517077032,74.58386287648229,73.54300065339496,72.01239608655357,71.15160658752228,68.36853855982174,67.4435037016697,66.81006749621207,66.5133290957312,65.51517783506296,88.65910733842539,85.68898675650773,79.23939415080835,76.27743147522928,65.51517783506296,88.95837983195923,76.24236146069849,"rgba(239, 83, 80, 0.75)",2.3534182576605107,84.27982652976276,1.0963514291769556,27.86887832918581,-20.114814879350533,False,True,False,True,True,0.0910975465846704,0.0,0.0,0.0,0.0,0,0.9925570423394477,0.9274820026843454,False,False,False,False,0.12967418346559811,0.1388240768099766,False,False,False,False,179114.0,181010.4441752206,False,False,False,False,3715.522904587472,False,False,False,False
2025-09-03 19:00:00+00:00,86.86,86.96,86.41,86.605,11796.0,88.67710354074657,88.90933537098068,88.54175300416021,86.95273977476212,85.71265328495609,83.97034524221674,81.7047456767758,79.32499846751692,76.37471176268397,75.86912888050036,75.43447465593727,74.6835146271578,73.64184194436444,72.10682139732006,71.2422116264944,68.45553066332705,67.53163384667197,66.89910065586804,66.60279907290976,65.60612217344891,88.54175300416021,85.71265328495609,79.32499846751692,76.37471176268397,65.60612217344891,88.67710354074657,76.29286642779225,"rgba(239, 83, 80, 0.75)",2.3575468774286588,84.26803270583385,0.991270763920102,27.716797991330353,-20.114814879350533,False,True,False,True,True,0.0,0.0,0.0,0.0,0.0,0,0.9945355191256832,0.9258217111165488,False,False,False,False,0.12931170484808022,0.13406789082902842,False,False,False,False,167318.0,180798.1582190156,False,False,False,False,3840.8016192450305,False,False,False,False
