date,Close,High,Low,Open,Volume,aVWAP_peak_188,aVWAP_peak_154,aVWAP_peak_150,aVWAP_peak_142,aVWAP_peak_133,aVWAP_valley_194,aVWAP_valley_171,aVWAP_valley_159,aVWAP_valley_147,aVWAP_valley_140,aVWAP_valley_136,aVWAP_valley_128,aVWAP_valley_122,aVWAP_valley_107,aVWAP_valley_95,aVWAP_valley_70,aVWAP_valley_64,aVWAP_valley_56,aVWAP_valley_50,aVWAP_valley_39,aVWAP_OB_bull_70,aVWAP_OB_bull_39,aVWAP_OB_bear_133,Peaks_avg,Valleys_avg,color,StDev,StDev_Mean,StdDev_ZScore,QQEMOD,QQE1_Value,QQE1_Above_Upper,QQE1_Below_Lower,QQE2_Above_Threshold,QQE2_Below_Threshold,QQE2_Above_TL,banker_RSI,OB,OB_High,OB_Low,OB_Mitigated_Index,TTM_squeeze_Active,VI_plus,VI_minus,VI_Regular_Bullish,VI_Regular_Bearish,VI_Hidden_Bullish,VI_Hidden_Bearish,Fisher,Fisher_Signal,Fisher_Regular_Bullish,Fisher_Regular_Bearish,Fisher_Hidden_Bullish,Fisher_Hidden_Bearish,OBV,OBV_Smoothed,OBV_Regular_Bullish,OBV_Regular_Bearish,OBV_Hidden_Bullish,OBV_Hidden_Bearish,Volume_MA,Vol_Regular_Bullish,Vol_Regular_Bearish,Vol_Hidden_Bullish,Vol_Hidden_Bearish
2021-12-31 00:00:00+00:00,144.0657144769,146.2129578366,140.6492117091,141.3267862804,247909,,,,,,,,,,,,,,,,,,,,,,,,,,#000000,,,,,,False,False,False,False,False,,0.0,0.0,0.0,0.0,0,,,False,False,False,False,,,False,False,False,False,0,0.0,False,False,False,False,247909.0,False,False,False,False
2022-01-07 00:00:00+00:00,139.8189442767,145.0391314666,137.623984398,144.2374939457,334170,,,,,,,,,,,,,,,,,,,,,,,,,,#000000,,,,0.0,,False,False,False,True,False,,0.0,0.0,0.0,0.0,0,,,False,False,False,False,,,False,False,False,False,-334170,-24753.333333333332,False,False,False,False,254298.7037037037,False,False,False,False
2022-01-14 00:00:00+00:00,139.9048340111,142.8155416764,136.3642682936,139.5231018583,343138,,,,,,,,,,,,,,,,,,,,,,,,,,#000000,,,,0.6059925935201623,-51.514981483800405,False,False,False,True,True,,0.0,0.0,0.0,0.0,0,,,False,False,False,False,,,False,False,False,False,8968,-22255.456790123455,False,False,False,False,260879.39231824418,False,False,False,False
2022-01-21 00:00:00+00:00,131.6880494215,139.3704089971,131.4303802183,138.5401415647,240313,,,,,,,,,,,,,,,,,,,,,,,,,,#000000,,,,0.6237758895278959,-51.46503049183496,False,False,False,True,True,,0.0,0.0,0.0,0.0,0,,,False,False,False,False,,,False,False,False,False,-231345,-37743.57110196616,False,False,False,False,259355.9558502261,False,False,False,False
2022-01-28 00:00:00+00:00,127.8802711971,134.112048592,123.5476112625,129.6266957962,498678,,,,,,,,,,,,,,,,,,,,,,,,,,#000000,,128.51331035053332,,0.5880259598253232,-51.44546950389173,False,False,False,True,True,,0.0,0.0,0.0,0.0,0,,,False,False,False,False,,,False,False,False,False,-730023,-89023.52879811681,False,False,False,False,277083.51467613527,False,False,False,False
2022-02-04 00:00:00+00:00,130.0752310758,133.310411071,127.3172162716,127.3935627022,501149,,,,,,,,,,,,,,,,,,,,,,,,,,#000000,,129.37592487849483,,4.414594862283133,-47.754045300343925,False,False,False,True,True,,0.0,0.0,0.0,0.0,0,,,False,False,False,False,,,False,False,False,False,-228874,-99382.82296121927,False,False,False,False,293680.95803345856,False,False,False,False
2022-02-11 00:00:00+00:00,131.1059078884,134.4937807448,128.9968377441,130.0370578605,295134,,,,,,,,,,,,,,,,,,,,,,,,,,#000000,,129.86735501334547,,8.716349171933071,-43.7571283370649,False,False,False,True,True,,0.0,0.0,0.0,0.0,0,,,False,False,False,False,,,False,False,False,False,66260,-87112.98422335117,False,False,False,False,293788.59077172086,False,False,False,False
2022-02-18 00:00:00+00:00,134.2461691552,135.7780039195,129.9953276843,130.4644520809,442330,,,,,,,,,,,,,,,,,,,,,,,,,,#000000,,130.7514794618056,,15.756015822101643,-37.29718646406455,False,False,False,True,True,,0.0,0.0,0.0,0.0,0,,,False,False,False,False,,,False,False,False,False,508590,-42986.83724384368,False,False,False,False,304791.65812196373,False,False,False,False
2022-02-25 00:00:00+00:00,132.1303223871,134.7631633882,124.5860361729,134.7631633882,430409,,,,,,,,,,,,,,,,,,,,,,,,,,#000000,,130.70019145934123,,19.729464846265557,-33.93718093020769,False,False,False,True,True,,0.0,0.0,0.0,0.0,0,,,False,False,False,False,,,False,False,False,False,78181,-34011.44189244785,False,False,False,False,314096.64640922565,False,False,False,False
2022-03-04 00:00:00+00:00,134.0163939406,135.1556960465,129.325149975,130.3591384408,441628,,,,,,,,,,,,,,,,,,,,,,,,,,#000000,,131.06106938507082,,24.48904285215778,-29.85026867852163,False,False,False,True,True,,0.0,0.0,0.0,0.0,0,,,False,False,False,False,-0.1776823097236816,-0.1776823097236816,False,False,False,False,519809,7012.294544029763,False,False,False,False,323543.4133418756,False,False,False,False
2022-03-11 00:00:00+00:00,122.5850770121,133.9685241042,122.1542484846,133.9685241042,448381,,,,,,,,,,,,,,,,,,,,,,,,,,#000000,,130.3535161435272,,23.906345205970503,-29.85026867852163,False,False,False,True,True,,0.0,0.0,0.0,0.0,0,,,False,False,False,False,-0.34282825441539394,-0.26025528206953774,False,False,False,False,71428,11783.828281509039,False,False,False,False,332790.64198321814,False,False,False,False
2022-03-18 00:00:00+00:00,130.7995409356,132.1590442889,121.7808637608,123.552047707,485279,,,,,,,,,,,,,,,,,,,,,,,,,,#000000,,129.15570061328614,,28.536449515008858,-26.82664904501964,False,False,False,True,True,,0.0,0.0,0.0,0.0,0,,,False,False,False,False,-0.34282825441539394,-0.3015417682424658,False,False,False,False,556707,52148.507668063925,False,False,False,False,344086.07591038715,False,False,False,False
2022-03-25 00:00:00+00:00,128.3486053127,134.4759443699,126.5199775629,130.9240025102,314318,,,,,,,,,,,,,,,,,,,,,,,,,,#000000,,129.44585955719617,,31.065888476218312,-24.76878608145203,False,False,False,True,True,,0.0,0.0,0.0,0.0,0,,,False,False,False,False,-0.05385237025666062,-0.17769706924956322,False,False,False,False,242389,66240.39598894808,False,False,False,False,341881.0332503585,False,False,False,False
2022-04-01 00:00:00+00:00,131.5271624486,132.2452099944,126.3667940864,127.8028891779,473104,,,,,,,,,,,,,,,,,,,,,,,,,,#000000,,129.66849659659061,,34.41417736198494,-21.873490327356706,False,False,False,True,True,,0.0,0.0,0.0,0.0,0,,,False,False,False,False,-0.06952930630209128,-0.12361318777582725,False,False,False,False,715493,114333.18147124822,False,False,False,False,351601.2530095912,False,False,False,False
2022-04-08 00:00:00+00:00,126.5391254974,132.7430562928,126.4625337592,130.8857066411,447732,,,,,,,,,,,,,,,,,,,,,,,,,,#000000,,129.5072676207995,,35.258782017751855,-21.323653047491923,False,False,False,True,True,,0.0,0.0,0.0,0.0,0,,,False,False,False,False,-0.036326655339563266,-0.07996992155769525,False,False,False,False,267761,125698.20506597057,False,False,False,False,358722.04908295476,False,False,False,False
2022-04-15 00:00:00+00:00,121.0149463787,126.3284982173,120.8474019514,125.5721548025,423687,,,,,,,,,,,,,,,,,,,,,,,,,,#000000,,128.5848209835861,,34.468032446723306,-21.323653047491923,False,False,False,True,True,,0.0,0.0,0.0,0.0,0,,,False,False,False,False,-0.34282825441539394,-0.2113990879865446,False,False,False,False,-155926,104837.15283886164,False,False,False,False,363534.2676694025,False,False,False,False
2022-04-22 00:00:00+00:00,121.7329939245,127.9273507525,120.0001058474,121.0149463787,574384,,,,,,,,,,,,,,,,,,,,,,,,,,#000000,,127.7925202007867,,34.24766576576252,-21.323653047491923,False,False,False,True,True,,0.0,0.0,0.0,0.0,0,,,False,False,False,False,-0.3131809846583468,-0.26229003632244574,False,False,False,False,418458,128068.32670264968,False,False,False,False,379152.76636055793,False,False,False,False
2022-04-29 00:00:00+00:00,115.5482110636,121.7042720226,110.1963633559,120.2681769311,1353460,,,,,,,,,,,,,,,,,,,,,,,,,,#000000,,121.75950065954758,,32.72806397293617,-21.323653047491923,False,False,False,True,True,,0.0,0.0,0.0,0.0,0,,,False,False,False,False,-0.34282825441539394,-0.3025591453689198,False,False,False,False,-935002,49322.37657652749,False,False,False,False,451323.6725560722,False,False,False,False
2022-05-06 00:00:00+00:00,117.0991937625,121.8766034336,111.8574466784,115.2801399799,883231,,,,,,,,,,,,,,,,,,,,,,,,,,#000000,,121.19404913180692,,32.386313404986026,-21.323653047491923,False,False,False,True,True,,0.0,0.0,0.0,0.0,0,,,False,False,False,False,-0.30169088671332694,-0.3021250160411234,False,False,False,False,-51771,41833.97831159952,False,False,False,False,483316.80792228907,False,False,False,False
2022-05-13 00:00:00+00:00,116.285406544,117.9895727192,111.6994762184,115.6726726382,878784,,,,,,,,,,,,,,,,,,,,,,,,,,#000000,,120.44007904419864,,31.96046161766096,-21.323653047491923,False,False,False,True,True,,0.0,0.0,0.0,0.0,0,,,False,False,False,False,-0.34282825441539394,-0.32247663522825865,False,False,False,False,-930555,-30194.83489666711,False,False,False,False,512610.6740021195,False,False,False,False
2022-05-20 00:00:00+00:00,115.7664468784,119.3607230807,113.6473615773,115.9586541619,804730,,,,,,,,,,,,,,,,,,,,,,,,,,#000000,,120.0424024627235,,31.536262609220636,-21.323653047491923,False,False,False,True,True,,0.0,0.0,0.0,0.0,0,,,False,False,False,False,-0.2661398402098813,-0.29430823771907,True,False,False,False,-1735285,-156497.8100895066,False,False,False,False,534249.1425945552,False,False,False,False
2022-05-27 00:00:00+00:00,124.4157746379,124.7233062915,114.6804757264,115.7664468784,1397783,,,,,,,,,,,,,,,,,,,,,,,,,,#000000,,120.65454902290956,,35.11388357137274,-21.198119212936575,False,False,False,True,True,,0.0,0.0,0.0,0.0,1,,,False,False,False,False,-0.1258579210917922,-0.21008307940543108,False,False,False,False,-337502,-169905.52786065426,False,False,False,False,598214.613513477,False,False,False,False
2022-06-03 00:00:00+00:00,121.6672104832,124.5214886438,119.9085138388,123.2144791157,636149,,,,,,,,,,,,,,,,,,,,,,,,,,#000000,,120.84571586215027,,36.88425627575265,-19.38743829658029,False,False,False,True,True,,0.0,0.0,0.0,0.0,1,,,False,False,False,False,-0.00038721659497534163,-0.10523514800020321,False,False,False,False,-973651,-229442.22950060578,False,False,False,False,601024.5680680342,False,False,False,False
2022-06-10 00:00:00+00:00,118.9186463285,124.588761193,117.3809880602,123.1568169306,403340,,,,,,,,,,,,,,,,,,,,,,,,,,#000000,,120.8040693019642,,37.40952072878804,-18.76204304083316,False,False,False,True,True,,0.0,0.0,0.0,0.0,1,,,False,False,False,False,-0.05545610332771337,-0.0803456256639583,False,False,False,False,-1376991,-314445.8421301905,False,False,False,False,586381.2667296614,False,False,False,False
2022-06-17 00:00:00+00:00,110.2885392974,117.26566369,108.9526986768,116.2469650873,743076,,,,,,,,,,,,,,,,,,,,,,,,,,#000000,,119.79615107786186,,35.85916844430264,-18.76204304083316,False,False,False,True,True,,0.0,0.0,0.0,0.0,1,,,False,False,False,False,-0.34282825441539394,-0.21158694003967612,False,False,False,False,-2120067,-448195.55752795417,False,False,False,False,597988.2840089457,False,False,False,False
2022-06-24 00:00:00+00:00,115.5646292307,116.5256656484,108.4914011963,110.7306160495,557923,,,,,,,,,,,,,,,,,,,,,,,,,,#000000,,117.18234635288687,,36.740505008191036,-18.76204304083316,False,False,False,True,True,,0.0,0.0,0.0,0.0,1,,,False,False,False,False,-0.34282825441539394,-0.277207597227535,False,False,False,False,-1562144,-530710.2569703279,False,False,False,False,595020.4851934683,False,False,False,False
2022-07-01 00:00:00+00:00,117.2848844184,118.6111146748,113.2004796431,116.1508614455,472145,,,,,,,,,,,,,,,,,,,,,,,,,,#000000,,117.40453037743573,,37.97214544413727,-17.88310249822407,False,False,False,True,True,,0.0,0.0,0.0,0.0,1,0.8536041509209531,1.1250149646387209,False,False,False,False,-0.09932535080328507,-0.18826647401541005,False,False,False,False,-1089999,-572139.0527503036,False,False,False,False,585918.5974013596,False,False,False,False
2022-07-08 00:00:00+00:00,118.6687768599,119.5529303642,115.1898250278,115.257097577,351937,,,,,,,,,,,,,,,,,,,,,,,,,,#000000,,117.58136508482119,,39.338480573355724,-16.413068854481537,False,False,False,True,True,,0.0,0.0,0.0,0.0,1,0.8766804815818624,1.1162543457162357,False,False,False,False,0.0006534620328712652,-0.0938065059912694,False,False,False,False,-738062,-584429.6414354662,False,False,False,False,568586.6272234811,False,False,False,False
2022-07-15 00:00:00+00:00,117.8903373615,119.8652672,113.3830765624,117.9479995466,425444,,,,,,,,,,,,,,,,,,,,,,,,,,#000000,,117.6214024060589,,40.10537986088435,-15.518847236747177,False,False,False,True,True,,0.0,0.0,0.0,0.0,1,0.8739365674707466,1.103426703932128,False,False,False,False,-0.050195583326843325,-0.07200104465905637,False,False,False,False,-1163506,-627324.1865143207,False,False,False,False,557983.4696513714,False,False,False,False
2022-07-22 00:00:00+00:00,124.0217497066,124.6227818822,117.4386502452,119.2838401672,357005,,,,,,,,,,,,,,,,,,,,,,,,,,#000000,,118.00666217621328,,42.743658775353865,-12.83948949294846,False,False,False,True,True,,0.0,0.0,0.0,0.0,1,0.9215322484297811,1.0651173515751762,False,False,False,False,0.25485124733867487,0.09142510133980924,False,False,False,False,-806501,-640596.5430688155,False,False,False,False,543096.1756031216,False,False,False,False
2022-07-29 00:00:00+00:00,123.33941385,126.9336900523,117.7077404422,124.6752544706,736355,,,,,,,,,,,,,,,,,,,,,,,,,,#000000,,118.64688445453781,,44.419166748263365,-11.13692319191005,False,False,False,True,True,,0.0,0.0,0.0,0.0,1,0.9627254355211796,1.0268150748608034,False,False,False,False,0.34282824686704627,0.21712667410342776,False,False,False,False,-1542856,-707430.57691557,False,False,False,False,557411.6440769645,False,False,False,False
2022-08-05 00:00:00+00:00,121.4365617429,124.5599301005,120.0046174805,123.6373351395,390089,,,,,,,,,,,,,,,,,,,,,,,,,,#000000,,118.85958293771394,,45.02689821648277,-10.454896600569988,False,False,False,True,True,,0.0,0.0,0.0,0.0,1,0.9548539639844291,1.035121576825782,False,False,False,False,0.3399293198094636,0.2785279969564457,False,False,False,False,-1932945,-798209.4230699722,False,False,False,False,545017.3741453375,False,False,False,False
2022-08-12 00:00:00+00:00,126.3474578375,126.4339511151,120.4274735043,122.6090261725,451738,,,,,,,,,,,,,,,,,,,,,,,,,,#000000,,119.22309580017117,,47.064185717271485,-8.386488012324953,False,False,False,False,True,,0.0,0.0,0.0,0.0,1,0.9485079540521973,1.0314770762108203,False,False,False,False,0.3428282476341682,0.31067812229530695,False,False,False,False,-1481207,-848801.8361759002,False,False,False,False,538107.7908753125,False,False,False,False
2022-08-19 00:00:00+00:00,126.3733399644,128.1574568671,125.1389239452,125.5825422021,425159,,,,,,,,,,,,,,,,,,,,,,,,,,#000000,,121.2505973022769,,48.527488881953715,-6.8942153798525965,False,False,False,False,True,,0.0,0.0,0.0,0.0,1,0.9671388224248273,1.029638969556014,False,False,False,False,0.34282824917723564,0.3267531857362713,False,False,False,False,-1056048,-864153.4038665742,False,False,False,False,529741.2137734375,False,False,False,False
2022-08-26 00:00:00+00:00,117.4816870762,127.0194795994,117.4334677004,125.4378840749,291162,,,,,,,,,,,,,,,,,,,,,,,,,,#000000,,120.67903022782968,,46.90349155353547,-6.8942153798525965,False,False,False,False,True,,0.0,0.0,0.0,0.0,1,0.9550191327179129,1.030375160754063,False,False,False,False,0.1242418581889912,0.22549752196263126,False,False,False,False,-1347210,-899935.3739505317,False,False,False,False,512068.6794198496,False,False,False,False
2022-09-02 00:00:00+00:00,111.5410599838,117.2695218229,110.9817152252,116.3340659334,304076,,,,,,,,,,,,,,,,,,,,,,,,,,#000000,,119.66019492895325,,44.35301824443988,-6.8942153798525965,False,False,False,True,False,,0.0,0.0,0.0,0.0,1,0.8974117991147219,1.0820625037801088,False,False,False,False,-0.34282825441539394,-0.05866536622638134,False,False,False,False,-1651286,-955590.9758801219,False,False,False,False,496661.8142776385,False,False,False,False
2022-09-09 00:00:00+00:00,118.2628409633,118.5232255924,110.6441795949,112.3993648722,275245,,,,,,,,,,,,,,,,,,,,,,,,,,#000000,,119.28908013831955,,44.676197919013255,-6.8942153798525965,False,False,False,True,False,,0.0,0.0,0.0,0.0,1,0.9318871061357169,1.0710575409563996,False,False,False,False,-0.31596814203875334,-0.18731675413256735,False,False,False,False,-1376041,-986735.4221112239,False,False,False,False,480260.5687755912,False,False,False,False
2022-09-16 00:00:00+00:00,113.3926840126,119.526188608,112.5633107497,118.5521572178,480484,,,,,,,,,,,,,,,,,,,,,,,,,,#000000,,118.78845163343473,,43.790840240159426,-6.8942153798525965,False,False,False,True,False,,0.0,0.0,0.0,0.0,1,0.943062047000416,1.0571165451741973,False,False,False,False,-0.2329782346368575,-0.21014749438471242,False,False,False,False,-1856525,-1051164.2797326148,False,False,False,False,480277.11923665856,False,False,False,False
2022-09-23 00:00:00+00:00,107.4231252948,115.2925274172,106.8444927858,112.3029261207,368756,,,,,,,,,,,,,,,,,,,,,,,,,,#000000,,118.11363735159298,,41.95427992032765,-2.7320368590314317,False,False,False,True,False,,0.0,0.0,0.0,0.0,1,0.8866302068625096,1.0924067865253055,False,False,False,False,-0.34282825441539394,-0.2764878744000532,False,False,False,False,-2225281,-1138135.88864131,False,False,False,False,472016.29558949865,False,False,False,False
2022-09-30 00:00:00+00:00,105.3882676382,109.621928829,104.8771422553,107.7799486754,522305,,,,,,,,,,,,,,,,,,,,106.6291129075,,106.6291129075,,,106.6291129075,#000000,,114.35648525069948,,40.261354723930566,-4.439707246752533,False,False,False,True,False,,1.0,109.621925,104.877144,0.0,1,0.8760542870996529,1.1117035753889326,False,False,False,False,-0.34282825441539394,-0.3096580644077236,False,False,False,False,-2747586,-1257354.4154086201,False,False,False,False,475741.38480509137,True,False,False,False
2022-10-07 00:00:00+00:00,111.2999631051,114.3088521519,106.2658602768,106.2658602768,384005,,,,,,,,,,,,,,,,,,,,108.32213084919886,,108.32213084919886,,,108.32213084919886,#000000,,114.47001312320506,,40.8800394970402,-4.439707246752533,False,False,False,True,False,,0.0,0.0,0.0,0.0,1,0.8800397508296944,1.0829289067526389,False,False,False,False,-0.23064920093239236,-0.270153632670058,False,False,False,False,-2363581,-1339297.1253783521,False,False,False,False,468946.09704175126,False,False,False,False
2022-10-14 00:00:00+00:00,109.5254900775,113.6434247665,108.4791296237,111.039578476,484072,,,,,,,,,,,,,,,,,,,,109.09755338494043,,109.09755338494043,,,109.09755338494043,#000000,,114.33399907418041,,40.94422368054707,-4.439707246752533,False,False,False,True,False,,0.0,0.0,0.0,0.0,1,0.9215230372663922,1.0533557175315265,False,False,False,False,-0.20305882512061535,-0.23660622889533667,False,False,False,False,-2847653,-1451027.190165141,False,False,False,False,470066.5342979178,False,False,False,False
2022-10-21 00:00:00+00:00,112.6886811267,115.7457895492,109.5158462024,111.164948853,458880,,,,,,,,,,,,,,,,,,,,109.97909162691117,,109.97909162691117,,,109.97909162691117,#000000,,114.40503660104872,,41.93530117850421,-4.439707246752533,False,False,False,True,False,,0.0,0.0,0.0,0.0,1,0.931032905778128,1.0511126949229286,False,False,False,False,-0.14798361164032228,-0.19229492026782946,False,False,False,False,-2388773,-1520489.8427455008,False,False,False,False,469237.9021277017,False,False,False,False
2022-10-28 00:00:00+00:00,127.3570152297,134.262029837,112.2354189946,113.5952053908,764044,,,,,,,,,,,,,,,,,,,,114.2590681381804,,114.2590681381804,,,114.2590681381804,#000000,,116.21080291518912,,46.10857318612682,-8.942187971996582,False,False,False,False,True,,0.0,0.0,0.0,0.0,1,0.9992541202583267,0.9213725638480278,False,False,False,False,0.34282824978604914,0.07526666475910984,False,False,False,False,-1624729,-1528211.2618013895,False,False,False,False,491075.39085898304,False,False,False,False
2022-11-04 00:00:00+00:00,127.0194795994,131.5906764205,122.6604480317,127.2991519788,652139,,,,,,,,,,,,,,,,,,,,116.82156188159688,,116.82156188159688,,,116.82156188159688,#000000,,117.49780958019029,,49.00304145562475,-6.171160952335413,False,False,False,False,True,,0.0,0.0,0.0,0.0,1,1.0445402335279177,0.9356256905590554,False,False,False,False,0.34282825068900713,0.20904745772405847,False,False,False,False,-2276868,-1583667.316482768,False,False,False,False,503006.0285731324,False,False,False,False
2022-11-11 00:00:00+00:00,133.7605483292,134.8840597842,126.8169582213,128.3696221204,574268,,,,,,,,,,,,,,,,,,,,119.0648084193835,,119.0648084193835,,,119.0648084193835,#000000,,118.7711285520256,,52.354995699387004,-3.0161795005607956,False,False,False,False,True,,0.0,0.0,0.0,0.0,0,1.0662284135550077,0.8994421962275417,False,False,False,False,0.3428282512771435,0.275937854500601,False,False,False,False,-1702600,-1592477.1448914518,False,False,False,False,508284.69312327076,False,False,False,False
2022-11-18 00:00:00+00:00,133.501582969,135.6061415176,130.580649226,134.3724347822,796896,,,,,,,,,,,,,,,,,,,,121.49929287038039,,121.49929287038039,,,121.49929287038039,#000000,,120.29885044548423,,54.67618144713402,-0.888816279760043,False,False,True,False,True,,0.0,0.0,0.0,0.0,0,1.07579372135594,0.9024222197654436,False,False,False,False,0.34282825154950003,0.30938305302505054,False,False,False,False,-2499496,-1659663.7267513443,False,False,False,False,529663.308447473,False,False,False,False
2022-11-25 00:00:00+00:00,137.5171774411,138.3686769918,133.5354494284,134.2079405508,325352,,,,,,,,,,,,,,,,,,,,122.48115778574952,,122.48115778574952,,,122.48115778574952,#000000,,120.95328362846047,,57.0724436506942,1.31495805183242,False,False,True,False,True,,0.0,0.0,0.0,0.0,0,1.0878310746350586,0.9133036008342017,False,False,False,False,0.34282825183493265,0.32610565242999157,False,False,False,False,-2174144,-1697773.3766216151,False,False,False,False,514529.1374513639,False,False,False,False
2022-12-02 00:00:00+00:00,136.9849902219,138.6373831569,131.4308908797,136.4915075277,430316,,,,,,,,,,,,,,,,,,,,123.53480832963311,,123.53480832963311,,,123.53480832963311,#000000,,125.46906104630095,,58.61831848222724,2.7188800390229346,False,False,True,False,True,,0.0,0.0,0.0,0.0,0,1.0484566971375866,0.9120241284798721,False,False,False,False,0.3193209070595912,0.32271327974479136,False,False,False,False,-2604460,-1764935.3487237177,False,False,False,False,508291.1272697814,False,False,False,False
2022-12-09 00:00:00+00:00,130.1149370286,135.6206557145,128.7506025212,135.6206557145,431457,,,,,,,,,,,,,,,,,,,,124.12457639239798,,124.12457639239798,,,124.12457639239798,#000000,,125.32186157736199,,57.70756669058506,2.7188800390229346,False,False,True,False,True,0.0,0.0,0.0,0.0,0.0,0,1.0403399988117699,0.9214003583987518,False,False,False,False,0.23750891575913602,0.2801110977519637,False,False,False,False,-3035917,-1859082.137707146,False,False,False,False,502599.7104349828,False,False,False,False
2022-12-16 00:00:00+00:00,125.7122973061,134.0240940569,125.3058997933,130.3858687038,594844,,,,,,,,,,,,,,,,,,,128.34743038543334,124.5159308887729,,124.5159308887729,,,126.43168063710311,#000000,,126.74017732480154,,55.917954702669924,2.7188800390229346,False,False,True,False,True,0.0,0.0,0.0,0.0,0.0,0,1.074002837917576,0.8996495473743735,False,False,False,False,0.1647682373576363,0.2224396675548,False,False,False,False,-3630761,-1990317.608988098,False,False,False,False,509432.62077313225,False,False,False,False
2022-12-23 00:00:00+00:00,136.1141384087,136.6560017591,126.2444845253,127.0669556823,577969,,,,,,,,,,,,,,,,,,,130.6426458607992,125.21718344662689,,125.21718344662689,,,127.92991465371304,#000000,,127.7635774475242,,56.77646083890754,2.7188800390229346,False,False,True,False,True,2.9850411595296436,0.0,0.0,0.0,0.0,0,1.0773535527558071,0.8810973788645408,False,False,False,False,0.20543902421117022,0.2139393458829851,False,False,False,False,-3052792,-2069019.4157297204,False,False,False,False,514509.3896047521,False,False,False,False
2022-12-30 00:00:00+00:00,139.5201366115,140.2458464559,135.6109795832,136.8979050406,343824,,,,,,,,,,,,,,,,,,,132.41462285003033,125.83743139514432,,125.83743139514432,,,129.12602712258732,#000000,,128.7363736564953,,57.99135710059913,2.7188800390229346,False,False,True,False,True,4.757357270585835,0.0,0.0,0.0,0.0,0,1.1016795277414446,0.8728641286910749,False,False,False,False,0.3428282493699352,0.27838379762646015,False,True,False,False,-2708968,-2116423.014564556,False,True,False,False,501866.0274118075,False,True,False,False
2023-01-06 00:00:00+00:00,135.7077408958,141.5908287008,135.5819511895,140.1684374058,571297,,,,,,,,,,,,,,,,,,,133.84078103837587,126.68873783487703,,126.68873783487703,,,130.26475943662643,#000000,,132.98075915308857,,57.84919027276243,2.7188800390229346,False,False,True,False,True,2.576749624929345,0.0,0.0,0.0,0.0,0,1.0905034693595834,0.8718725211384053,False,False,False,False,0.34282824795287975,0.31060602278967,False,False,False,False,-3280265,-2202633.5320042185,False,False,False,False,507009.0624183403,False,False,False,False
2023-01-13 00:00:00+00:00,130.5697151977,137.401063866,127.395944145,135.9593203085,696246,,,,,,,,,,,,,,,,,,,133.32766458070304,127.1012620414548,,127.1012620414548,,,130.21446331107893,#000000,,132.05951396696014,,56.4798005660709,2.7188800390229346,False,False,True,False,True,0.0,0.0,0.0,0.0,0.0,0,1.0568606090004031,0.8967526408523787,False,False,False,False,-0.12847886404189102,0.09106357937388948,False,False,False,False,-3976511,-2334031.862966869,False,False,False,False,521026.6133503151,False,False,False,False
2023-01-20 00:00:00+00:00,127.9958642831,132.2049813804,124.9865874618,130.1439654224,401206,,,,,,,,,,,,,,,,,,,132.7064873573014,127.15891260291019,,127.15891260291019,,,129.93269998010578,#000000,,131.43278848248522,,54.89868379148509,2.7188800390229346,False,False,True,False,False,0.0,0.0,0.0,0.0,0.0,0,1.0243846843367121,0.9467562326944021,False,False,False,False,-0.34282825441539394,-0.12588233752075223,False,False,True,False,-4377717,-2485415.9471915457,False,False,False,False,512151.01236140286,False,False,False,False
2023-01-27 00:00:00+00:00,130.1536415536,130.1923460787,124.5511615551,127.918455233,500793,,,,,,,,,,,,,,,,,,128.29904972913334,132.10770636697967,127.21895234163888,,127.21895234163888,,,129.20856947925063,#000000,,131.17198687332356,,54.25279892048973,2.7188800390229346,False,False,True,False,False,0.0,0.0,0.0,0.0,0.0,0,1.0212288527725002,0.9678905300117195,False,False,False,False,-0.34282825441539394,-0.23435529596807309,False,False,False,False,-3876924,-2588490.6177699496,False,False,False,False,511309.67811241,False,False,False,False
2023-02-03 00:00:00+00:00,135.8045022084,136.8495243843,128.8280115713,129.6698349907,957655,,,,,,,,,,,,,,,,,,131.929073300511,132.46233177889403,127.82353989065216,,127.82353989065216,,,130.73831499001906,#000000,,132.37881708916387,,54.985667598218726,2.7188800390229346,False,False,True,False,False,2.5453380150436224,0.0,0.0,0.0,0.0,0,1.03080822674861,0.9230704289282332,False,False,False,False,-0.008257308737843756,-0.12130630235295842,False,False,False,False,-2919269,-2612992.720157361,False,False,False,False,544372.2945485278,False,False,False,False
2023-02-10 00:00:00+00:00,132.2049813804,135.1658775454,130.4777919508,134.6723948512,431417,,,,,,,,,,,,,,,,,,132.08593395228075,132.475412645769,128.01324951615746,,128.01324951615746,,,130.85819870473574,#000000,,132.42486227849002,,54.586932460991235,2.7188800390229346,False,False,True,False,False,0.612534959978877,0.0,0.0,0.0,0.0,0,1.033880086512375,0.9375248643029794,False,False,False,False,-0.009253933958524089,-0.06528011815574125,False,False,False,False,-3350686,-2667636.6668123715,False,False,False,False,536005.2356930813,False,False,False,False
2023-02-17 00:00:00+00:00,136.1125432875,138.5105317463,128.3360705933,132.0835343386,592660,,,,,,,,,,,,,,,,,,132.61921067643337,132.66826047932608,128.33849363547543,,128.33849363547543,,,131.20865493041163,#000000,,133.09202786515385,,55.123973682033935,2.7188800390229346,False,False,True,False,False,2.611192709145328,0.0,0.0,0.0,0.0,0,0.9993491899790716,0.931811185751517,False,False,False,False,0.026149588514693692,-0.01956526482052378,False,False,False,False,-2758026,-2674332.172974418,False,False,False,False,540201.8849010012,False,False,False,False
2023-02-24 00:00:00+00:00,130.5301814908,135.6368289779,127.1613475021,135.6368289779,417723,,,,,,,,,,,,,,,,,,132.40176008283598,132.56126260860407,128.43568546927554,,128.43568546927554,,,131.13290272023855,#000000,,132.64136406606667,,54.109638154458196,2.7188800390229346,False,False,True,False,False,0.0,0.0,0.0,0.0,0.0,1,1.028905309918801,0.9377507361250741,False,False,False,False,-0.09325405415771502,-0.0564096594891194,False,False,False,False,-3175749,-2711474.160161498,False,False,False,False,531129.3749083345,False,False,False,False
2023-03-03 00:00:00+00:00,131.7049045819,134.0252253983,128.1516099426,131.3456917359,431356,,,,,,,,,,,,,,,,,,132.25832276148006,132.4773774522537,128.53559157911386,,128.53559157911386,,,131.09043059761586,#000000,,132.42910138323788,,53.650240023351365,2.7188800390229346,True,False,False,False,False,0.2905915206833072,0.0,0.0,0.0,0.0,1,1.0648676074092431,0.8987487211649814,False,False,False,False,-0.11173077907304894,-0.08407021928108417,False,False,False,False,-2744393,-2713912.592742128,False,False,False,False,523738.7545447541,False,False,False,False
2023-03-10 00:00:00+00:00,129.268082302,134.6562749927,128.8312018135,131.4233593783,725837,,,,,,,,,,,,,,,,,,132.01864493677442,132.321157148726,128.6679613281598,,128.6679613281598,,,131.0025878045534,#000000,,132.1490452405227,,52.70934430721182,7.3067921546563355,True,False,False,False,False,0.0,0.0,0.0,0.0,0.0,1,1.0705576654262692,0.9007998913657936,False,False,False,False,-0.07282992887703574,-0.07845007407905996,False,False,False,False,-3470230,-2769936.104390859,False,False,False,False,538708.9949488464,False,False,False,False
2023-03-17 00:00:00+00:00,125.4041170931,131.4427762889,124.4381257909,127.8603562836,777413,,,,,,,,,,,,,,,,,,131.22695596068286,131.81457909881203,128.57963151646064,,128.57963151646064,,,130.54038885865182,#000000,,131.34797872856294,,51.103578613963286,5.596054610882568,True,False,False,False,False,0.0,0.0,0.0,0.0,0.0,1,1.0393273949489292,0.9216720097480406,False,False,False,False,-0.27468213370700095,-0.17656610389303046,False,False,False,False,-4247643,-2879395.8744359803,False,False,True,False,556390.7731007837,False,False,False,False
2023-03-24 00:00:00+00:00,125.8312891262,130.763184418,124.2051228637,126.0254582322,573375,,,,,,,,,,,,,,,,,126.93319880263336,130.77173614464022,131.48888828914443,128.51415322656902,,128.51415322656902,,,129.42699411574677,#000000,,129.7653142118179,,50.071921153644126,4.470251907414372,True,False,False,False,False,0.0,0.0,0.0,0.0,0.0,1,1.0670833330323868,0.9031912871592204,False,False,False,False,-0.32913279167205495,-0.2528494477825427,False,False,False,False,-3674268,-2938275.2911444264,False,False,False,False,557648.8639822071,False,False,False,False
2023-03-31 00:00:00+00:00,129.6078782374,129.6175866927,126.8798022985,127.4040588846,409058,,,,,,,,,,,,,,,,,127.66957712548893,130.62617996988232,131.36224824955673,128.51932914748576,,128.51932914748576,,,129.54433362310343,#000000,,129.84213731482706,,50.34598037167265,4.470251907414372,True,False,False,False,False,0.0,0.0,0.0,0.0,0.0,1,1.085430741216454,0.8747694062284344,False,False,False,False,-0.23879600832071302,-0.24582272805162786,False,False,False,False,-3265210,-2962492.67698558,False,False,False,False,546642.1333168584,False,False,False,False
2023-04-07 00:00:00+00:00,127.1613475021,131.0058958004,126.0642920534,130.0059249047,684528,,,,,,,,,,,,,,,,,127.83695627881715,130.35781445793594,131.13011491626418,128.49981616962194,,128.49981616962194,,,129.4561754556598,#000000,,129.6840314322883,,49.890242688799724,4.024594230500938,True,False,False,False,False,0.0,0.0,0.0,0.0,0.0,1,1.0803806734061647,0.8935933361686514,False,False,False,False,-0.21653401920917806,-0.23117837363040294,False,False,False,False,-3949738,-3035621.960171833,False,False,False,False,556855.9012193134,False,False,False,False
2023-04-14 00:00:00+00:00,126.9380530303,129.2001231149,126.0934174193,126.7244670137,363428,,,,,,,,,,,,,,,,,127.76062863034933,130.20179299385,130.99561578440537,128.47487805637354,,128.47487805637354,,,129.35822886624456,#000000,,129.54799244210514,,49.50411822551935,3.489205692977677,True,False,False,False,False,0.0,0.0,0.0,0.0,0.0,1,1.0699385338941412,0.898359361142106,False,False,False,False,-0.32268079222539703,-0.2769295829279,False,False,False,False,-4313166,-3130254.852010957,False,False,False,False,542527.9085364013,False,False,False,False
2023-04-21 00:00:00+00:00,127.1128052256,128.8748898624,126.1322512405,127.2390151445,279678,,,,,,,,,,,,,,,,,127.71373692649048,130.0910761721366,130.89754728412458,128.45580649225965,,128.45580649225965,,,129.28954171875284,#000000,,129.45374372789234,,49.2817565524816,3.1024571254129327,True,False,False,False,False,0.0,0.0,0.0,0.0,0.0,1,1.0659668488600795,0.9092798370979692,False,False,False,False,-0.3404087442309987,-0.30866916357944935,False,False,False,False,-4033488,-3197161.0111212567,False,False,False,False,523057.54494111234,False,False,False,False
2023-04-28 00:00:00+00:00,125.9672075004,127.9768577472,123.7779508306,126.5788401842,335469,,,,,,,,,,,,,,,,,127.48467536426631,129.90345036272322,130.74059102646967,128.4039594728977,,128.4039594728977,,,129.13316905658922,#000000,,129.25422046114454,,48.776363150666654,2.43914526268545,True,False,False,False,False,0.0,0.0,0.0,0.0,0.0,1,1.0433066692309216,1.0127428579744056,False,False,False,False,-0.34282825441539394,-0.32574870899742164,False,False,True,False,-4368957,-3283960.714001164,False,False,False,False,509162.09716769663,False,False,False,False
2023-05-05 00:00:00+00:00,130.277761653,136.4911730442,118.996536596,125.9574990451,983955,,,,,,,,,,,,,,,,128.58849043106665,127.78391962580423,129.75059017099508,130.55882115201078,128.41435066657021,128.58849043106665,128.41435066657021,,,129.0192344092894,#000000,,128.80057122883804,,49.7831159890998,2.43914526268545,True,False,False,False,False,0.0,1.0,136.49118,118.99654,0.0,1,0.9570424102912977,0.9501944433126592,True,False,False,False,-0.12059362548147716,-0.2231711672394494,False,False,False,False,-3385002,-3291445.2537047816,False,False,False,False,544331.9418219413,False,False,False,False
2023-05-12 00:00:00+00:00,139.2872081702,139.6367125609,129.3020618955,130.4428053931,678545,,,,,,,,,,,,,,,,131.6442232957728,129.08987282225635,130.21998430343507,130.86244818214305,128.7007276327615,131.6442232957728,128.7007276327615,,,130.10345124727377,#000000,,130.17196714020002,,52.81368023750292,-0.7422140178520138,True,False,False,False,True,4.5055460155011815,0.0,0.0,0.0,0.0,1,0.9912048959022675,0.9516206844768972,False,False,False,False,0.3428282457950602,0.059828539277805404,False,False,False,False,-2706457,-3248112.7904673903,False,False,False,False,554273.6498351309,False,False,False,False
2023-05-19 00:00:00+00:00,139.9006268786,143.9136505,136.9005995112,139.072697248,523144,,,,,,,,,,,,,,,,133.70125345867615,130.29707867206653,130.76219403669035,131.24411157758215,129.02392752329516,133.70125345867615,129.02392752329516,,,131.00571305366208,#000000,,131.30025195926814,,55.11667870557652,1.4780025795290683,True,False,True,False,True,4.807500262786675,0.0,0.0,0.0,0.0,1,1.0120472045472817,0.9329080272765687,False,False,False,False,0.3428282493178588,0.20132839429783211,False,False,False,False,-2183313,-3169238.7319142506,False,False,False,False,551967.7498473434,False,False,False,False
2023-05-26 00:00:00+00:00,137.4850204269,141.6149282315,134.3194071334,140.2610197767,479224,,,,,,,,,,,,,,,,134.43949251310934,130.9747431003186,131.0949384030683,131.48002148511057,129.2436577842604,134.43949251310934,129.2436577842604,,,131.44657065717342,#000000,,131.84431221614992,,55.90881615692586,2.220294458728283,True,False,True,False,True,3.4571030042119375,0.0,0.0,0.0,0.0,1,0.9825087729280066,0.9609868361065692,False,False,False,False,0.22278095639190218,0.21205467534486716,False,False,False,False,-2662537,-3131705.270290973,False,False,False,False,546579.3239327254,False,False,False,False
2023-06-02 00:00:00+00:00,139.1408796882,139.6863392095,132.8924460641,138.0207395997,387584,,,,,,,,,,,,,,,,134.79507176829517,131.40090581688762,131.32105821658462,131.64275622224764,129.40225040746762,134.79507176829517,129.40225040746762,,,131.7124084862965,"rgba(38, 166, 154, 1.0)",8.893866692446782,132.16771175725137,0.784042326255088,56.892876799474536,3.170009420244476,True,False,True,False,True,4.293949084225879,0.0,0.0,0.0,0.0,1,0.9860966139584801,0.9726604926991669,False,False,False,False,0.14394150967245714,0.17799809250866216,False,False,False,False,-2274953,-3068242.1391583085,False,False,False,False,534801.8925303012,False,False,False,False
2023-06-09 00:00:00+00:00,150.1474736012,150.7124138198,135.3957156532,138.1668448286,774456,,,,,,,,,,,,,,,,136.94495473998512,133.07817587584637,132.2866182453932,132.37890240689873,130.01278653658474,136.94495473998512,130.01278653658474,,,132.94028756094164,"rgba(0, 255, 0, 1.0)",9.08196407976598,133.65915997203223,1.8155008635084406,59.90037741339326,6.044911235099491,True,False,True,False,True,9.491293911792422,0.0,0.0,0.0,0.0,1,1.0203685308336574,0.9082824893976356,False,False,False,False,0.3428282501033939,0.26041317130602804,False,False,False,False,-1500497,-2952112.869591026,False,False,False,False,552554.0486391678,False,False,False,False
2023-06-16 00:00:00+00:00,157.5501385339,158.7969031541,148.9542808983,150.8195576543,1335551,,,,,,,,,,,,,,,,141.6418593828843,136.8450658424327,134.69659906613745,134.29609490532843,131.56025973969602,141.6418593828843,131.56025973969602,,,135.8079757872958,"rgba(0, 255, 0, 1.0)",9.644687209925449,137.08473864109746,2.121935055782979,63.213207472547396,9.13529160389632,True,False,True,False,True,12.637295685350114,0.0,0.0,0.0,0.0,0,1.1074229269453966,0.8591787069054543,False,False,False,False,0.3428282517700169,0.3016207115380225,False,False,False,False,-164946,-2745656.064436135,False,False,False,False,610553.8228140442,False,False,False,False
2023-06-23 00:00:00+00:00,158.1053384038,163.7547405893,156.1670090333,156.7611702976,973175,,,,,,,,,,,,,,,,144.44934224313295,139.3383334645705,136.45810014754778,135.74683038748165,132.75525094171968,144.44934224313295,132.75525094171968,,,137.74957143689053,"rgba(0, 255, 0, 1.0)",10.191990669911403,139.3521307742741,1.8399945836772371,65.6605765449265,11.342224571397558,True,False,True,False,True,12.865659255561344,0.0,0.0,0.0,0.0,0,1.144808886250044,0.8473563252626457,False,False,False,False,0.34282825224232405,0.3222244818901733,False,False,False,False,808229,-2482405.318922347,False,False,False,False,637414.6507537446,False,False,False,False
2023-06-30 00:00:00+00:00,169.4431041691,171.4301352826,157.6865034142,157.9105314319,763306,,,,,,,,,,,,,,,,146.8543732670916,141.4854841723892,138.0361936867768,137.06964393293944,133.8463166082066,146.8543732670916,133.8463166082066,,,139.45840233348073,"rgba(0, 255, 0, 1.0)",11.29643390329182,148.36575148142103,1.8658412794799741,68.85063480941281,14.24121688133404,True,False,True,False,True,17.270702779882804,0.0,0.0,0.0,0.0,0,1.0991630149723428,0.8339347380612967,False,False,False,False,0.3428282525006057,0.3325263671953895,False,False,False,False,1571535,-2182113.4434466176,False,False,False,False,646739.9358830969,False,False,False,False
2023-07-07 00:00:00+00:00,160.3943203238,169.6281707924,158.9624890802,168.868423602,982792,,,,,,,,,,,,,,,,148.8669857665374,143.49354301459238,139.6329332964856,138.44337166241405,135.02176291333873,148.8669857665374,135.02176291333873,,,141.09171933067364,"rgba(0, 255, 255, 0.75)",11.915834498209328,149.36058417194937,0.9259725916391962,68.2178115414075,14.24121688133404,True,False,True,False,True,12.234058873167843,0.0,0.0,0.0,0.0,0,1.1032670443488737,0.8530148464385386,False,False,False,False,0.3375464314413918,0.3350363993183907,False,False,False,False,588743,-1976864.8180061274,False,False,False,False,671632.6813732379,False,False,False,False
2023-07-14 00:00:00+00:00,161.9625164477,167.0761994604,160.9884815881,160.9884815881,647245,,,,,,,,,,,,,,,,149.96549253298159,144.6432193270482,140.59148670064738,139.2829641831498,135.75443672414772,149.96549253298159,135.75443672414772,,,142.04751989359494,"rgba(0, 255, 255, 0.75)",12.543492885995589,150.11137048911473,0.9448042954460241,67.99492837417051,14.24121688133404,True,False,True,False,True,12.834144766721902,0.0,0.0,0.0,0.0,0,1.1525446233201913,0.8395568063711366,False,False,False,False,0.3299353279935914,0.33248586365599103,False,False,False,False,1235988,-1738875.7203760438,False,False,False,False,669826.1864567017,False,False,False,False
2023-07-21 00:00:00+00:00,162.8001864269,167.1054205062,160.6865307817,161.4365376235,613897,,,,,,,,,,,,,,,,150.87632734116636,145.6268104509021,141.43863211953143,140.03443487865022,136.4196800512578,150.87632734116636,136.4196800512578,,,142.87917696830158,"rgba(0, 255, 255, 0.75)",13.154296397786926,150.78266809439376,0.9135812337730264,67.96197398838882,14.24121688133404,True,False,True,False,True,13.156422630121188,0.0,0.0,0.0,0.0,0,1.1636171835858868,0.8129672636435817,False,False,False,False,0.32557167284420585,0.3290287682500984,False,False,False,False,1849885,-1473041.5929407815,False,False,False,False,665683.2837562052,False,False,False,False
2023-07-28 00:00:00+00:00,162.5469373634,165.1378700898,158.5046926962,162.4787549232,503802,,,,,,,,,,,,,,,,151.46056506729659,146.30046212232656,142.04531406838393,140.58080511289646,136.9139847623165,151.46056506729659,136.9139847623165,,,143.460226226644,"rgba(0, 255, 255, 0.75)",13.70581617263617,151.18861319237627,0.8287229325095398,67.85355974608223,14.24121688133404,True,False,True,False,True,13.015660012592477,0.0,0.0,0.0,0.0,0,1.154183652891159,0.8136614159091465,False,False,False,False,0.2726595938795225,0.3008441810648105,False,False,False,False,1346083,-1264217.5490192422,False,False,False,False,653692.0775520419,False,False,False,False
2023-08-04 00:00:00+00:00,171.6054615573,180.74190854,161.3391341376,161.8845936589,1380407,,,,,,,,,,,,,,,,153.93522294743985,148.81726596706915,144.22200973216252,142.53106693132793,138.63543549279026,153.93522294743985,138.63543549279026,,,145.62820021415797,"rgba(0, 255, 0, 1.0)",14.551080187634412,159.95381205820297,0.8007412060720186,69.10644097286888,14.394325951479004,True,False,True,False,True,16.42914847061658,0.0,0.0,0.0,0.0,0,1.1392234644781947,0.7817212167060882,False,False,False,False,0.3428282522840742,0.32183621667444234,False,False,False,False,2726490,-968609.5824252241,False,False,False,False,707522.8125481869,False,False,False,False
2023-08-11 00:00:00+00:00,173.5924926708,173.6801558082,168.8099815104,171.4398756312,695429,,,,,,,,,,,,,,,,155.00853592602195,149.94066839279088,145.22898120055157,143.44729174875536,139.45855409666007,155.00853592602195,139.45855409666007,,,146.61680627295596,"rgba(0, 255, 0, 1.0)",15.400884379232663,160.76262338409157,0.8330605548866323,70.2603621463608,15.610675981568022,True,False,True,False,True,17.142327491990535,0.0,0.0,0.0,0.0,0,1.1698119786349164,0.8094672907280466,False,False,False,False,0.3428282517881102,0.3323322342312763,False,False,False,False,3421919,-643385.2429863187,False,False,False,False,706626.9745816544,False,False,False,False
2023-08-18 00:00:00+00:00,170.538118786,175.1412080975,168.7411302476,173.3392436073,754572,,,,,,,,,,,,,,,,156.00428061193352,151.0150894275691,146.22125949473752,144.36108465205257,140.29253447342157,156.00428061193352,140.29253447342157,,,147.57884973194285,"rgba(0, 255, 255, 0.75)",16.058797044918304,161.4234663125595,0.5675800278156441,70.01803045514423,15.610675981568022,True,False,True,False,True,15.415490595813228,0.0,0.0,0.0,0.0,0,1.1827667039016725,0.8150259936644207,False,False,False,False,0.3428282503155657,0.337580242273421,False,False,False,False,2667347,-398145.8175799247,False,False,False,False,710178.4579459763,False,False,False,False
2023-08-25 00:00:00+00:00,176.2318379048,177.4037869515,169.8886636892,170.010741715,472335,,,,,,,,,,,,,,,,156.67921434658282,151.7266380883556,146.8752481348956,144.96406458471537,140.84150849824235,156.67921434658282,140.84150849824235,,,148.21733473055835,"rgba(0, 255, 255, 0.75)",16.889912535597603,162.00490702399563,0.8423330109507272,70.65334531908285,16.229159588257147,True,False,True,False,True,17.466468305730107,0.0,0.0,0.0,0.0,0,1.1974769655165864,0.7913477611751983,False,False,False,False,0.34282824900334685,0.3402042456383839,False,False,False,False,3139682,-136084.49775918957,False,False,False,False,692560.4240240521,False,False,False,False
2023-09-01 00:00:00+00:00,180.6950105245,181.2321538376,175.2845124253,176.2611366309,345140,,,,,,,,,,,,,,,,157.2605159654798,152.3186973476628,147.4101177784997,145.45535635747368,141.28450956924166,157.2605159654798,141.28450956924166,,,148.74583940367154,"rgba(0, 255, 255, 0.75)",17.8135337039974,169.29244809031078,0.6401067089586185,71.67887569649704,17.35831106465379,True,False,True,False,True,19.008078293761688,0.0,0.0,0.0,0.0,0,1.2185750341406334,0.7652835768258668,False,False,False,False,0.3428282499093691,0.3415162477738765,False,False,False,False,3484822,132130.79837112076,False,False,False,False,666825.5778000483,False,False,False,False
2023-09-08 00:00:00+00:00,167.5691812009,179.737918803,167.3836226018,179.737918803,437368,,,,,,,,,,,,,,,,157.7160747501097,152.83264100914346,147.90812791708993,145.92338808251685,141.72271156275562,157.7160747501097,141.72271156275562,,,149.22058866432312,"rgba(38, 166, 154, 0.5)",18.274912595952795,168.37750621176897,-0.04423140229124725,68.48492796339531,17.35831106465379,True,False,True,False,False,12.011478653386018,0.0,0.0,0.0,0.0,0,1.1667500122292451,0.7788514985299674,False,False,False,False,0.14233129826097057,0.24192377301742354,False,False,False,False,3047454,348080.66515844513,False,False,False,False,649828.7201852299,False,False,False,False
2023-09-15 00:00:00+00:00,168.3504805654,171.4659117813,166.1823748289,166.8367130467,747630,,,,,,,,,,,,,,,,158.28147076342745,153.52388895566062,148.61484178544205,146.59958712651834,142.37316066805698,158.28147076342745,142.37316066805698,,,149.87858985982112,"rgba(38, 166, 154, 0.5)",18.716964455344556,167.6179619981953,0.03913661154576403,66.33521131494925,20.75452401178464,True,False,True,False,False,12.29493690251173,0.0,0.0,0.0,0.0,0,1.183014787770484,0.800722331071234,False,False,False,False,-0.04885160706838769,0.09653608297451793,False,False,False,False,3795084,603414.2455170788,False,False,False,False,657073.2594307684,False,False,False,False
2023-09-22 00:00:00+00:00,160.2347334167,170.2890796136,160.1761359643,168.8387926682,400246,,,,,,,,,,,,,,,,158.42363472316435,153.7532468472721,148.88247817375535,146.86542564647218,142.6435717286058,158.42363472316435,142.6435717286058,,,150.11367142385396,"rgba(38, 166, 154, 0.5)",18.91723529826302,167.00940660331406,-0.35812173818211707,62.79794946658566,17.395954659183147,True,False,True,False,False,8.320596878796788,0.0,0.0,0.0,0.0,0,1.1534720334756068,0.8062670262038228,False,False,False,False,-0.19547669684221072,-0.049470306933846395,False,False,False,False,3394838,810186.3754787766,False,False,False,False,638049.0179914522,False,False,False,False
2023-09-29 00:00:00+00:00,153.9648060166,161.5824748204,153.7206499652,159.4924990204,651024,,,,,,,,,,,,,,,,158.3397568173394,153.84885680796808,149.09580146982145,147.1029365276141,142.92372201204844,158.3397568173394,142.92372201204844,,,150.2622147269583,#000000,19.00586102131161,165.5095670071716,-0.6074316221520434,58.9322142035997,13.806594404325232,True,False,True,False,False,5.433759873149501,0.0,0.0,0.0,0.0,0,1.1141652721337063,0.8486974813406438,False,False,False,False,-0.34282825441539394,-0.19614928067462017,False,False,False,False,2743814,953418.0513692376,False,False,False,False,639010.1277698632,False,False,False,False
2023-10-06 00:00:00+00:00,153.0467792633,154.9218977381,150.4733744815,153.4862601558,551912,,,,,,,,,,,,,,,,158.15012978768806,153.8183606507269,149.1828921044537,147.22077536593895,143.09130554538783,158.15012978768806,143.09130554538783,,,150.2926926908391,#000000,19.00164497425801,164.28929356235426,-0.5916600543944883,55.98172691192515,11.152899311375847,False,False,True,False,False,5.019538329674177,0.0,0.0,0.0,0.0,0,1.103417710348421,0.8847762339072337,False,False,False,False,-0.34282825441539394,-0.26948876754500706,False,False,False,False,2191902,1045157.6031196645,False,False,False,False,632558.4146017252,False,False,False,False
2023-10-13 00:00:00+00:00,149.4528021866,154.9511964642,148.837528937,152.470570982,549763,,,,,,,,,,,,,,,,157.91645383049382,153.74028375154546,149.22615691338095,147.29850696679594,143.22391127497136,157.91645383049382,143.22391127497136,,,150.2810625474375,#000000,18.963750547530438,163.20063498899174,-0.7249532611143769,53.132907693636454,8.606306852494846,False,False,False,False,False,3.4065160780073747,0.0,0.0,0.0,0.0,0,1.094597763538899,0.8781316353892495,False,False,False,False,-0.34282825441539394,-0.3061585109802005,False,False,False,False,1642139,1089378.4473330227,False,False,False,False,626425.4209275233,False,False,False,False
2023-10-20 00:00:00+00:00,146.0150849828,153.0272467792,145.7220977211,151.0154009156,623467,,,,,,,,,,,,,,,,157.56737368312628,153.56843684997304,149.2016746177663,147.31986033406503,143.31685999939083,157.56737368312628,143.31685999939083,,,150.19484109686428,#000000,18.87488339914647,161.97996891274678,-0.8458268902826027,50.41615165969765,6.183993914976419,False,True,False,False,False,1.893639485647018,0.0,0.0,0.0,0.0,0,1.0789111246592535,0.8875577097625938,False,False,False,False,-0.34282825441539394,-0.32449338269779726,False,False,False,False,1018672,1084140.9327157617,False,False,False,False,626206.2786365957,False,False,False,False
2023-10-27 00:00:00+00:00,153.9159748063,158.5215392352,143.9055766986,145.7513964473,786021,,,,,,,,,,,,,,,152.11436358003334,157.3298067376705,153.51318944505323,149.29137764275103,147.45113422824053,143.51711259664145,157.3298067376705,143.51711259664145,,,150.53616403839837,#000000,18.849013882490215,159.78495250983133,-0.31136789118624997,50.299959443118,6.183993914976419,False,True,False,False,False,5.058580158086915,0.0,0.0,0.0,0.0,0,1.0777218807991793,0.8657134840514936,False,False,True,False,-0.29636320293039004,-0.3104282928140937,False,False,False,False,1804693,1137515.1599220017,False,False,False,False,638044.4061449959,False,False,False,False
2023-11-03 00:00:00+00:00,156.7579512446,157.9836146227,151.7088041016,153.5643900923,495608,,,,,,,,,,,,,,,153.417197302852,157.28044403862353,153.55928650472492,149.40932849643528,147.58745009550734,143.68642762678095,157.28044403862353,143.68642762678095,,,150.82335567748734,#000000,18.94913049148772,159.82856970187242,-0.16204534865870454,50.81435175159929,6.183993914976419,False,True,False,False,False,6.152578046571893,0.0,0.0,0.0,0.0,0,1.136796497975931,0.8988384439530931,False,False,False,False,-0.2079190121188799,-0.25917365246648677,False,False,False,False,2300301,1223647.444372224,False,False,False,False,627493.5612453666,False,False,False,False
2023-11-10 00:00:00+00:00,156.5333276773,157.7052767241,153.6620525128,156.9142111175,386401,,,,,,,,,,,,,,,154.00783543430964,157.253623054352,153.60241672114924,149.5052915818558,147.69687378234104,143.8204211617345,157.253623054352,143.8204211617345,,,150.98107695595704,#000000,19.008577301110243,159.7951632482805,-0.171598090657209,51.129237137741995,6.183993914976419,False,True,False,False,False,6.050332215334066,0.0,0.0,0.0,0.0,0,1.102974171326108,0.9114227869543357,False,False,False,False,-0.15916834513578332,-0.20917099880113504,False,False,False,False,1913900,1274777.2633076147,False,False,False,False,609634.8530049691,False,False,False,False
2023-11-17 00:00:00+00:00,163.2945598422,165.1945865086,155.1465213054,155.7324958287,615590,,,,,,,,,,,,,,,155.94981504087878,157.37832726732861,153.81356338697998,149.77200031761333,147.97231188257553,144.11757024728914,157.37832726732861,144.11757024728914,,,151.50059802377754,"rgba(38, 166, 154, 0.5)",19.13035893036131,160.28680267739713,0.15722429337325805,52.758081693887206,6.183993914976419,False,True,False,False,False,8.619134351145092,0.0,0.0,0.0,0.0,0,1.0743523173873162,0.8983132769962681,False,False,False,False,0.03636438226008136,-0.08640330827052684,False,False,False,False,2529490,1367718.9475070508,False,False,False,False,610075.975004601,False,False,False,False
2023-11-24 00:00:00+00:00,163.314147746,165.1749986048,160.2094649972,162.6383650656,252420,,,,,,,,,,,,,,,156.6415426343718,157.44874274612118,153.91577962715596,149.893502384177,148.09602180414143,144.2482412943586,157.44874274612118,144.2482412943586,,,151.707305081721,"rgba(38, 166, 154, 0.5)",19.089788236705218,160.49459929472917,0.14769930479634646,53.92545334075043,6.183993914976419,False,False,False,False,True,8.626444556813592,0.0,0.0,0.0,0.0,0,1.1095332953797221,0.8869900961589845,False,False,False,False,0.22814850419102886,0.07087259796025101,False,False,False,False,2781910,1472473.8402843063,False,False,False,False,583582.9398190749,False,False,False,False
2023-12-01 00:00:00+00:00,172.735929463,173.171760322,161.9625823853,163.0105352374,723526,,,,,,,,,,,,,,,159.44914137748248,157.86635423598156,154.39605594124544,150.394787338139,148.58780548536316,144.73786180826477,157.86635423598156,144.73786180826477,,,152.5720010310794,"rgba(38, 166, 154, 1.0)",19.31238901080847,161.62256330192002,0.5754526876431602,56.49129325736375,0.6627285605143243,False,False,True,False,True,12.030048686102951,0.0,0.0,0.0,0.0,0,1.1214318869945552,0.8453945460680529,False,False,False,False,0.3428282503441686,0.2068504241522098,False,False,False,False,3505436,1623063.6298928761,False,False,False,False,593949.0924250694,False,False,False,False
2023-12-08 00:00:00+00:00,167.4276075393,175.732878741,165.7185629347,172.6281959922,509561,,,,,,,,,,,,,,,160.82503252404337,158.15136768220665,154.72392060229623,150.7385686779206,148.92608654143785,145.07592221060867,158.15136768220665,145.07592221060867,,,153.0734830397522,"rgba(38, 166, 154, 0.5)",19.418160468629384,163.69680529626814,0.19212954023420922,56.91915991196298,1.1527606705962299,False,False,True,False,True,9.537790722147594,0.0,0.0,0.0,0.0,0,1.1300014263064022,0.8799384840541271,False,False,False,False,0.342828250946442,0.2748393375493259,False,False,False,False,2995875,1724753.3610119224,False,False,False,False,587698.122615805,False,False,False,False
2023-12-15 00:00:00+00:00,161.8842307702,170.5273933121,161.374945272,167.3786377798,995632,,,,,,,,,,,,,,,161.61290471047332,158.44272986446285,155.1223791348091,151.20622645493043,149.40337810121113,145.58057604553767,158.44272986446285,145.58057604553767,,,153.56136571857076,#000000,19.427803452672006,163.1894155984003,-0.0671812864166485,55.89230337531242,1.1527606705962299,False,False,True,False,True,7.034499549188272,0.0,0.0,0.0,0.0,0,1.049265928297631,0.9398001067363755,False,False,False,False,0.1844743733799074,0.22965685546461664,False,False,False,False,2000243,1745160.000936965,False,False,False,False,617915.4468664861,False,False,False,False
2023-12-22 00:00:00+00:00,163.6569360621,166.389448639,158.7011964063,163.4512630724,850082,,,,,,,,,,,,,,,161.81017105376336,158.6089910386701,155.38202046882444,151.5341920384017,149.74589113909994,145.95497374272026,158.6089910386701,145.95497374272026,,,153.83937324691328,"rgba(38, 166, 154, 0.5)",19.43495319259871,162.9598002870091,0.03587020602428674,55.516451154945386,1.1527606705962299,False,False,True,False,True,7.684941835046221,0.0,0.0,0.0,0.0,0,1.0044531502420069,0.9810356483189409,False,False,False,False,0.07728240150109328,0.15346962848285495,False,False,False,False,2850325,1827024.0749416342,False,False,False,False,635112.9693208205,False,False,False,False
2023-12-29 00:00:00+00:00,165.3512897388,166.2719212164,162.0996977117,163.6569360621,418929,,,,,,,,,,,,,,,162.00208671935715,158.71629332007967,155.53050216728292,151.71173047506267,149.92883790653843,146.15106032394021,158.71629332007967,146.15106032394021,,,154.00675181871017,"rgba(38, 166, 154, 0.5)",19.536900699314888,163.02944636593702,0.1188439972438621,55.5948638629808,1.1527606705962299,False,False,True,False,True,8.307441439264668,0.0,0.0,0.0,0.0,0,1.013553652254809,1.0170819352516116,False,False,False,False,0.1092193553733573,0.13134449192810613,False,True,False,False,3269254,1933855.9212422539,False,False,False,False,619099.3419637227,False,False,False,False
2024-01-05 00:00:00+00:00,157.7707709769,165.8165024535,157.6434496023,164.1662215603,916883,,,,,,,,,,,,,,,161.79210123040994,158.7804555910732,155.69712376954493,151.96342717766214,150.2044203406038,146.47231936560544,158.7804555910732,146.47231936560544,,,154.15164124581656,#000000,19.511171575526358,162.62026298282058,-0.24854950340365478,53.84051258893289,1.1527606705962299,False,True,False,False,True,4.9328519856693696,0.0,0.0,0.0,0.0,0,0.9862444182812395,1.010832808329165,False,False,False,False,-0.043918281582100066,0.04371310517300303,False,False,False,False,2352371,1964857.038187272,False,False,False,False,641157.3907071506,False,False,False,False
2024-01-12 00:00:00+00:00,161.7079396362,166.4580063023,157.4328796367,158.2800564751,516048,,,,,,,,,,,,,,,161.7972276342117,158.84486736509606,155.81344773513905,152.1221184607876,150.3744780162705,146.66507840228252,158.84486736509606,146.66507840228252,,,154.26953626896457,#000000,19.495532249967376,162.552604469588,-0.04332607197166533,53.44585715132556,1.1527606705962299,False,True,False,False,False,6.405455198133772,0.0,0.0,0.0,0.0,0,0.9786135442811614,0.998393899598624,False,False,False,False,-0.055308405890747446,-0.005797650358872208,False,False,False,False,2868419,2031787.5538771036,False,False,False,False,631890.0284325468,False,False,False,False
2024-01-19 00:00:00+00:00,159.5434762688,161.2501703249,156.7228181248,160.3857561312,336580,,,,,,,,,,,,,,159.17215490616667,161.68400000870324,158.84926328439028,155.8542520084377,152.19504186334476,150.4573645084343,146.76639627096685,158.84926328439028,146.76639627096685,,,154.99692469292054,#000000,19.502961972301758,161.32828995728406,-0.09151500633692815,52.656922612380235,1.1527606705962299,False,True,False,False,False,5.456873804442569,0.0,0.0,0.0,0.0,1,0.9743355987282213,1.021187760079999,False,False,False,False,-0.34282825441539394,-0.17431295238713307,False,False,False,False,2531839,2068828.401738059,False,False,False,False,610015.2115116173,False,False,False,False
2024-01-26 00:00:00+00:00,162.6579529694,165.2435562681,159.7687371622,159.7687371622,639350,,,,,,,,,,,,,,161.38946568251166,161.7500921948537,158.94150102747128,156.00543817702018,152.39470910245862,150.67009306857096,147.00569501863234,158.94150102747128,147.00569501863234,,,155.45099918164553,#000000,19.538879298214095,161.89400222160828,0.039099005430753536,52.79182347315439,1.1527606705962299,False,True,False,False,False,6.626686924029954,0.0,0.0,0.0,0.0,1,0.9981974833909342,0.9916324469354548,False,False,False,False,-0.1328958215819369,-0.153604386984535,False,False,False,False,3171189,2150484.7423500544,False,False,False,False,612188.158807053,False,False,False,False
2024-02-02 00:00:00+00:00,165.1847925567,165.3023199794,160.669780736,161.9234065777,812841,,,,,,,,,,,,,,162.44802045925906,161.92300396765563,159.0879780946637,156.2204766012076,152.6655041361196,150.95539300485842,147.32162362720555,159.0879780946637,147.32162362720555,,,155.80314284156708,"rgba(38, 166, 154, 0.5)",19.462437936826706,162.25670898626328,0.15044793360117595,53.44137286095318,1.1527606705962299,False,True,False,False,False,7.565781041228348,0.0,0.0,0.0,0.0,1,0.9880875044132021,1.071178974463887,False,False,False,False,-0.1055278978046748,-0.1295661423946049,False,False,False,False,3984030,2286302.9095833837,False,False,False,False,627051.3322287528,False,False,False,False
2024-02-09 00:00:00+00:00,174.4204891879,174.4596649954,162.6726438972,164.5383917321,789234,,,,,,,,,,,,,,164.91845245387464,162.59829968064244,159.41839650775634,156.597278039745,153.07059467955338,151.36204566698441,147.73968654956195,159.41839650775634,147.73968654956195,,,156.52925051115972,"rgba(38, 166, 154, 1.0)",19.40112708471563,163.37947863340048,0.5690911928100151,55.69301706791798,1.2279867170830983,False,False,True,False,True,10.851820271597017,0.0,0.0,0.0,0.0,0,0.9612650913822932,0.987949253918801,False,False,False,False,0.2116919104895862,0.041062884047490644,False,False,False,False,4773264,2470522.249614244,False,False,False,False,639064.8631747711,False,False,False,False
2024-02-16 00:00:00+00:00,175.2385255786,181.5626281548,170.1699140681,174.6947198408,1129686,,,,,,,,,,,,,,168.19035735497363,163.9184839430562,160.06364151735036,157.29014706920086,153.78112204814843,152.06405096515786,148.44177725000142,160.06364151735036,148.44177725000142,,,157.6785114496984,"rgba(38, 166, 154, 1.0)",19.463285725417354,165.1906415520604,0.5162480872085188,57.44545792124373,3.022472117574658,False,False,True,False,True,11.133104322976536,0.0,0.0,0.0,0.0,0,0.9989729873984506,0.960824361619264,False,False,False,False,0.34282825002755385,0.19194556703752225,False,False,False,False,5902950,2724776.157050226,False,False,False,False,675407.1696062696,False,False,False,False
2024-02-23 00:00:00+00:00,176.7999111526,177.4971336416,171.0551906447,174.2663421081,617249,,,,,,,,,,,,,,169.17897625769638,164.50470659253938,160.3835275479463,157.63734710216144,154.141662004375,152.42235997285488,148.80336157413862,160.3835275479463,148.80336157413862,,,158.15313443595886,"rgba(38, 166, 154, 1.0)",19.424146556896446,165.870771493429,0.5626573928052795,58.98053828102273,4.574902279784396,True,False,True,False,True,11.67392687398317,0.0,0.0,0.0,0.0,0,0.9976864659197078,0.9915319229108377,False,False,False,False,0.2745210746973952,0.2332333208674587,False,False,False,False,6520199,3005918.5898613203,False,False,False,False,671099.1570428421,False,False,False,False
2024-03-01 00:00:00+00:00,179.7361016344,182.4071511697,176.6820707319,176.8981115031,644372,,,,,,,,,,,,,,170.53136772960545,165.28730658360823,160.80074442643067,158.07515305351077,154.58312103825364,152.85642644202673,149.2331859452293,160.80074442643067,149.2331859452293,,,158.76675788838068,"rgba(38, 166, 154, 1.0)",19.256923744175264,166.79206723749053,0.6721756064919101,60.60541149430114,6.193036744217018,True,False,True,False,True,12.686460359865372,0.0,0.0,0.0,0.0,0,0.998813775430025,0.9862330400696008,False,False,False,False,0.34282825081264356,0.28803078584005115,False,False,False,False,7164571,3313966.91653826,False,False,False,False,669119.3676322611,False,False,False,False
2024-03-08 00:00:00+00:00,182.5740917656,184.8768899863,180.5217044389,180.7770253503,478457,,,,,,,,,,,,,,171.59636563286824,165.9308421159367,161.14736011194415,158.4335646401767,154.93988377592575,153.20559107312909,149.57592371214088,161.14736011194415,149.57592371214088,,,159.2613615803031,"rgba(38, 166, 154, 1.0)",19.04424996539815,167.53838014155423,0.7895145070750718,62.260542393699176,7.821436673439237,True,False,True,False,True,13.653879156343283,0.0,0.0,0.0,0.0,0,1.0594430390736522,0.9663415059279464,False,False,False,False,0.34282825129194344,0.3154295185659973,False,False,False,False,7643028,3634638.1079057967,False,False,False,False,654996.2292891307,False,False,False,False
2024-03-15 00:00:00+00:00,179.7852018097,184.4104383212,178.8424784443,182.4758914151,771637,,,,,,,,,,,,,,172.76464388642185,166.78117335694304,161.64276436513552,158.9522946126862,155.4635033288838,153.72128697804564,150.08735051794503,161.64276436513552,150.08735051794503,,,159.91614529229446,"rgba(38, 166, 154, 1.0)",18.88249316677365,168.4585512418975,0.5998493137406925,62.512314500949756,8.108335121412757,True,False,True,False,True,12.294891996609884,0.0,0.0,0.0,0.0,0,1.056925789051637,0.9266869825306858,False,False,False,False,0.30967302210439623,0.3125512703351968,False,False,False,False,6871391,3874397.581394256,False,False,False,False,663636.2863788247,False,False,False,False
2024-03-22 00:00:00+00:00,184.0961971994,184.4398984263,178.7540981288,180.6886450348,676408,,,,,,,,,,,,,,173.71272164544655,167.5181637251115,162.08746298405114,159.41577062721456,155.93002310042542,154.1805322585224,150.54209553467877,162.08746298405114,150.54209553467877,,,160.48382426792145,"rgba(38, 166, 154, 1.0)",18.721711057273048,169.23917759895332,0.79357167488572,63.48331863826259,9.121943252387553,True,False,True,False,True,13.775243273392775,0.0,0.0,0.0,0.0,0,1.0890320707380166,0.918720826113415,False,False,False,False,0.30877212208071353,0.31066169620795514,False,False,False,False,7547799,4146501.390179867,False,False,False,False,664582.3392396525,False,False,False,False
2024-03-29 00:00:00+00:00,190.1060586538,191.9620452794,183.5364552012,183.8212362178,498603,,,,,,,,,,,,,,174.7121728776548,168.22329131678157,162.49804654745023,159.83342788658348,156.34057617744986,154.58090675910222,150.93182252735053,162.49804654745023,150.93182252735053,,,161.01717772748182,"rgba(0, 255, 255, 0.75)",18.753723776327526,170.01327687852867,1.0714022460240178,65.15957072716628,10.807290478231067,True,False,True,False,True,15.764561653237418,0.0,0.0,0.0,0.0,0,1.1470791198517492,0.8347558021842563,False,False,False,False,0.342828251481295,0.3267449738446251,False,False,False,False,8046402,4435382.91683321,False,False,False,False,652287.5733700485,False,False,False,False
2024-04-05 00:00:00+00:00,191.3041029306,192.4923271724,184.390798251,190.0373184084,801207,,,,,,,,,,,,,,176.1476436843301,169.3063691052472,163.1527166378605,160.49942852916186,156.99614285065806,155.2209087214599,151.55556128241852,163.1527166378605,151.55556128241852,,,161.83982440159087,"rgba(38, 166, 154, 1.0)",19.09908982766955,176.68667506014913,0.7653468307832176,66.54162243157522,12.18872907316431,True,False,True,False,True,16.153499496039583,0.0,0.0,0.0,0.0,0,1.1652286637129117,0.8012137904369546,False,False,False,False,0.3428282515057781,0.3347866126752016,False,False,False,False,8847609,4762214.478549268,False,False,False,False,663318.6420093041,False,False,False,False
2024-04-12 00:00:00+00:00,186.8752671203,191.8638449288,186.4431855778,191.7656445783,462815,,,,,,,,,,,,,,176.8022470503219,169.85421475545257,163.50267776331762,160.85777641336463,157.35176967609513,155.56947026345034,151.89743447894884,163.50267776331762,151.89743447894884,,,162.26222720013584,"rgba(38, 166, 154, 1.0)",19.282670234356477,177.0439642659842,0.5098517339574222,65.98669293830538,12.18872907316431,True,False,True,False,True,13.95038502909642,0.0,0.0,0.0,0.0,0,1.18466070768635,0.8038711026365981,False,False,False,False,0.34282825081776125,0.3388074317464814,False,False,False,False,8384794,5030553.7023604335,False,False,False,False,648466.5203789853,False,False,False,False
2024-04-19 00:00:00+00:00,182.0438098726,188.5937732551,180.6051747369,187.2582484875,455775,,,,,,,,,,,,,,177.1495629943209,170.23611474459148,163.775371993407,161.14373888361135,157.64294457704474,155.85805707330073,152.18588158662234,163.775371993407,152.18588158662234,,,162.57023883612837,"rgba(38, 166, 154, 0.5)",19.437345749437505,176.97264071265255,0.2608982329850367,64.06436561962887,12.18872907316431,True,False,True,False,True,11.61991274125505,0.0,0.0,0.0,0.0,0,1.1701540346925614,0.8114084492733876,False,False,False,False,0.12867580333243916,0.2337416175394603,False,False,False,False,7929019,5245254.83551892,False,False,False,False,634193.0744249864,False,False,False,False
2024-04-26 00:00:00+00:00,185.3826217917,187.7296101702,181.9750696272,183.0356334133,496615,,,,,,,,,,,,,,177.55671793726415,170.66629514162028,164.08279537594808,161.4645106093709,157.96820434511912,156.17999065436618,152.50680778710404,164.08279537594808,152.50680778710404,,,162.9179031215418,"rgba(38, 166, 154, 1.0)",19.63335557742557,177.14551984922872,0.4195463129054867,63.36273754120619,12.18872907316431,True,False,True,False,False,12.769617475873932,0.0,0.0,0.0,0.0,0,1.195187726293369,0.8364050433178626,False,False,False,False,0.14009755647570574,0.18691958700758302,False,False,False,False,8425634,5480838.477332333,False,False,False,False,624002.1059490615,False,False,False,False
2024-05-03 00:00:00+00:00,180.6199047894,190.5774203365,175.2090654735,185.1567609854,1114388,,,,,,,,,,,,,182.13546353313336,178.03246580764193,171.3688655701744,164.65032361147732,162.06922029604846,158.5955694646652,156.80723355004383,153.14253118347497,164.65032361147732,153.14253118347497,,,165.85020912708245,"rgba(38, 166, 154, 0.5)",19.76507698132633,179.88557370584314,0.037152958435256754,61.43544191366489,15.759412606267716,True,False,True,False,False,10.51176225964715,0.0,0.0,0.0,0.0,0,1.1120576647751839,0.8267510110006496,False,False,False,False,-0.10033018867249545,0.04329469916754378,False,False,False,False,7311246,5616424.219752161,False,False,False,False,660326.9869898717,False,False,False,False
2024-05-10 00:00:00+00:00,186.3646252973,187.2877085926,180.7230151575,181.6019082951,821920,,,,,,,,,,,,,183.26301251252784,178.51359095578292,171.94910425249137,165.10675472272092,162.5491371440284,159.08770877644818,157.29728948259495,153.6355844401353,165.10675472272092,153.6355844401353,,,166.42527278584123,"rgba(38, 166, 154, 1.0)",19.981468373312307,180.39860708967922,0.2985775667812844,61.23361067560178,15.517295262366176,True,False,True,False,False,12.490931633745436,0.0,0.0,0.0,0.0,0,1.127935886194949,0.8436304785591524,False,False,False,False,-0.12022504278308613,-0.038465171807771176,False,False,False,False,8133166,5802849.536807557,False,False,False,False,672296.8398054368,False,False,False,False
2024-05-17 00:00:00+00:00,186.2471028083,190.4220312561,184.917821345,188.7116136758,726933,,,,,,,,,,,,,184.33642842848803,179.0277868612932,172.5105422303004,165.54076994193633,163.00108810770885,159.547104230881,157.75328945995147,154.09170017919695,165.54076994193633,154.09170017919695,,,166.97608867996954,"rgba(38, 166, 154, 1.0)",20.06660197292743,181.00636399082202,0.2611672282406587,61.05347389382389,15.249233089391026,True,False,True,False,False,12.434915471907132,0.0,0.0,0.0,0.0,0,1.1448430293173157,0.8623497653624432,False,False,False,False,0.2031707414594853,0.08235278482585706,False,False,False,False,7406233,5921618.682229219,False,False,False,False,676343.9627828118,False,False,False,False
2024-05-24 00:00:00+00:00,184.7504303459,189.7573905245,184.3762622303,186.6114243945,638302,,,,,,,,,,,,,184.71502869661123,179.38701455351304,172.9422817837676,165.89276294537984,163.3702078224869,159.92553439373526,158.13046807905718,154.4714767285899,165.89276294537984,154.4714767285899,,,167.35434687539262,"rgba(38, 166, 154, 0.5)",20.008068074899914,181.31625835658468,0.17163935950535344,60.44846932744121,14.544438095166257,False,False,True,False,False,11.71344846312526,0.0,0.0,0.0,0.0,0,1.1158090832548289,0.865949138630142,False,False,False,False,0.1488340938790477,0.11559343935245238,False,False,False,False,6767931,5984308.483545573,False,False,False,False,673526.0396137147,False,False,False,False
2024-05-31 00:00:00+00:00,177.2375284456,185.0064401092,175.1992968685,183.9036288211,691608,,,,,,,,,,,,,183.75078493794044,179.37485092759619,173.1459655193677,166.13195052484474,163.63653185864965,160.2157570679496,158.4271613652889,154.7828139612658,166.13195052484474,154.7828139612658,,,167.4332270203629,"rgba(38, 166, 154, 0.5)",19.988800462668003,180.92636043062885,-0.18454494014877412,57.84603491384078,11.943922755247293,False,False,True,False,False,8.197078727071496,0.0,0.0,0.0,0.0,0,1.0602205923936214,0.9307891346222524,False,False,False,False,-0.34282825441539394,-0.11361740753147079,False,False,False,False,6076323,5991124.3736533085,False,False,False,False,674865.4440867729,False,False,False,False
2024-06-07 00:00:00+00:00,168.6021221986,177.5476941204,168.5331964931,176.8239742126,760737,,,,,,,,,,,,,181.80012535667677,178.96103962423203,173.09073600264884,166.2376133070476,163.78098470153645,160.40109443806455,158.62798076345126,155.01247396120118,166.2376133070476,155.01247396120118,,,167.23900601935736,#000000,19.914419925759884,179.92864658685625,-0.5687599453301201,53.97782591495567,8.224696229254107,False,True,False,False,False,4.419743443924606,0.0,0.0,0.0,0.0,0,1.0064497304167352,0.9824261295540875,False,False,False,False,-0.34282825441539394,-0.22822283097343238,False,False,False,False,5315586,5941084.494123434,False,False,False,False,681226.3000803452,False,False,False,False
2024-06-14 00:00:00+00:00,175.2780691034,175.9082469823,166.4551849374,167.3811525582,740283,,,,,,,,,,,,172.54716700769998,180.5533844442706,178.64670126857604,173.07290859627446,166.35488994768914,163.9337741033102,160.59115784459752,158.83204956379518,155.24296553007133,166.35488994768914,155.24296553007133,,,167.75277758958717,#000000,19.839038545204012,178.54178758441876,-0.16450991178742166,52.83629646920552,7.193301532215386,False,True,False,False,False,6.860261067248711,0.0,0.0,0.0,0.0,0,1.0181782832248976,0.9639770808061813,False,False,False,False,-0.34282825441539394,-0.28552554269441316,False,False,False,False,6055869,5949587.050114291,False,False,False,False,685600.8704447642,False,False,False,False
2024-06-21 00:00:00+00:00,185.7843159285,186.7689688643,174.5592724602,174.5592724602,1172124,,,,,,,,,,,,178.56815387789644,180.87294693450676,178.91487929200798,173.53190553984635,166.81276283344462,164.42891394947787,161.11773387248067,159.3660685585782,155.79606402105733,166.81276283344462,155.79606402105733,,,168.82326987547737,"rgba(38, 166, 154, 0.5)",19.810818309488265,180.1923514817299,0.2822682213026945,54.116338338725235,7.193301532215386,False,True,True,False,False,10.444841400749166,0.0,0.0,0.0,0.0,1,1.072326243353948,0.8888691402343746,False,False,False,False,0.04960805055079451,-0.11795874607180933,False,False,False,False,7227993,6044283.787142862,False,False,False,False,721639.6207821891,False,False,False,False
2024-06-28 00:00:00+00:00,184.809509522,188.3641066203,181.1761401889,184.7208907578,1249946,,,,,,,,,,,,181.02472250743426,181.49037006669624,179.3333833049923,174.09458876361745,167.34441441733065,164.99560661368807,161.71255676675855,159.9664615871913,156.41289892793003,167.34441441733065,156.41289892793003,,,169.59722255062653,"rgba(38, 166, 154, 0.5)",19.68364553770131,181.1385598113343,0.1864974505680122,54.795378114894035,7.193301532215386,False,True,True,False,False,10.021383034858083,0.0,0.0,0.0,0.0,1,1.087286944628772,0.8820001401089147,False,False,False,False,0.21728093096522427,0.049661092446707474,False,False,False,False,5978047,6039377.358465613,False,False,False,False,760773.426650175,False,False,False,False
2024-07-05 00:00:00+00:00,181.4026103641,185.0802890794,180.3391851934,184.947360933,660309,,,,,,,,,,,,181.24052181186508,181.55070394529142,179.44014603853955,174.30511892033797,167.57415450351286,165.24605005080687,161.98199130470203,160.24139691503103,156.70038147332457,167.57415450351286,156.70038147332457,,,169.80894055149014,"rgba(38, 166, 154, 0.5)",19.520560650640736,181.22768044545177,0.008961316315599993,54.456383928242076,7.193301532215386,False,True,True,False,False,8.544795833452671,0.0,0.0,0.0,0.0,1,1.1071685147695784,0.8942949428176175,False,False,False,False,0.13221563223274072,0.09093836233972409,False,False,False,False,5317738,5985922.5911718635,False,False,False,False,753331.6172686806,False,False,False,False
2024-07-12 00:00:00+00:00,190.0970957873,192.7753517727,181.6241572747,182.3281841238,667304,,,,,,,,,,,,182.26972536568414,182.02822156785047,179.74895456736868,174.65651043739706,167.88947219924486,165.5769307957938,162.3241996041421,160.5849222489749,157.04993897847004,167.88947219924486,157.04993897847004,,,170.23654175165845,"rgba(38, 166, 154, 1.0)",19.59008565206777,181.76142474336592,0.4255045736900198,55.83784049467338,7.193301532215386,False,True,True,False,True,11.420261591688508,0.0,0.0,0.0,0.0,1,1.112294438152238,0.8590646561568664,False,False,False,False,0.32185103557764355,0.20639469895868381,False,False,False,False,5985042,5985857.36219617,False,False,False,False,746959.2011747042,False,False,False,False
2024-07-19 00:00:00+00:00,187.4188398019,197.526302188,185.8926277514,191.4756098974,769611,,,,,190.27925658043333,,,,,,,183.44172519147133,182.66237640906365,180.16192413776835,175.10032718469216,168.27803147801288,165.98148857947083,162.73931860393864,161.00033668459778,157.47030601599698,168.27803147801288,157.47030601599698,190.27925658043333,190.27925658043333,170.75953714277918,"rgba(38, 166, 154, 0.5)",19.513156774599086,184.9600764801637,0.12600541010037586,56.16633925736005,7.193301532215386,False,True,True,False,True,10.260656797213965,-1.0,197.5263,185.89262,0.0,1,1.1350482669530817,0.8175132622531585,False,False,False,False,0.3428282508073139,0.27461147488299886,False,False,False,False,5215431,5928788.742774231,False,False,False,False,748637.1121988002,False,False,False,False
2024-07-26 00:00:00+00:00,186.6705035707,193.9963214131,185.1738311083,188.1868690918,889011,,,,,189.38644937815158,,,,,,,184.1895084142486,183.14764788231125,180.52820300724954,175.52968397373556,168.6776802412387,166.40169573126352,163.17566276638152,161.43947234222776,157.91885151195828,168.6776802412387,157.91885151195828,189.38644937815158,189.38644937815158,171.2231562078461,"rgba(38, 166, 154, 0.5)",19.47315284326461,185.13249861495237,0.07898078796621731,56.21375451799214,7.193301532215386,False,True,True,False,True,9.93571663441254,0.0,0.0,0.0,0.0,1,1.1161161984052457,0.8572708509987479,False,False,False,False,0.2679298400427391,0.271270657462869,False,False,False,False,4326420,5810094.761827992,False,False,False,False,759035.177961852,False,False,False,False
2024-08-02 00:00:00+00:00,178.9015919072,189.1715220276,177.5723104438,187.4286863313,607532,,,,,187.37453416449856,,,,,,,183.98199259579084,183.0808331451964,180.56713888962608,175.66467701478004,168.85266533175997,166.59565013955162,163.38878638528618,161.65924814691294,158.1524077179376,168.85266533175997,158.1524077179376,187.37453416449856,187.37453416449856,171.32704437409353,#000000,19.186505786498586,184.5396416648431,-0.2938549530790833,54.422467824471795,7.193301532215386,False,True,True,False,True,6.6396703797903065,0.0,0.0,0.0,0.0,1,1.0730463103591172,0.8844588151780455,False,False,False,False,0.06201382983018303,0.16664224364652602,False,False,False,False,3718888,5655190.557248142,False,False,False,False,747812.7203350482,False,False,False,False
2024-08-09 00:00:00+00:00,174.2835696382,175.3469948089,168.9565972555,173.7124709354,465724,,,,,184.90053821117766,,,,,,172.86238723419999,183.26490883056113,182.68344820843822,180.40091103332367,175.61975628932862,168.8929904177734,166.65526782431493,163.47081119229793,161.75082462970806,158.26149892567742,168.8929904177734,158.26149892567742,184.90053821117766,184.90053821117766,171.38628045856234,#000000,18.859703998606026,180.92782062109424,-0.3522987944765912,52.181803080781094,6.404038074103589,False,True,False,False,False,4.762213784919805,0.0,0.0,0.0,0.0,1,1.0283164660696158,0.9740979613929545,False,False,False,False,-0.3082128330092025,-0.07078529468133823,False,False,False,False,3253164,5477262.664118649,False,False,False,False,726917.259569489,False,False,False,False
2024-08-16 00:00:00+00:00,174.5308962145,179.7347311398,173.5450799364,174.6577377538,581529,,,,,183.3273496013701,,,,,,174.56963442989587,182.71880546808237,182.37101446832133,180.28380800555055,175.625979706871,168.98034748148265,166.7642291340331,163.6041428134151,161.89415527832915,158.42367494235583,168.98034748148265,158.42367494235583,183.3273496013701,183.3273496013701,171.52357917283368,#000000,18.450350736106117,180.7467009919174,-0.33689358355955257,50.6400937021819,4.891775420438336,False,True,False,False,False,4.850376041379423,0.0,0.0,0.0,0.0,1,1.0151132519231696,0.9864357772431628,False,False,False,False,-0.15575795236622114,-0.11327162352377969,False,False,False,False,3834693,5355590.837146898,False,False,False,False,716147.758860638,False,False,False,False
2024-08-23 00:00:00+00:00,174.6987618572,178.3720570986,172.4770107032,175.2122332351,493468,,,,,182.2715838045683,,,,,,174.7659605476922,182.2705780811366,182.09920990995036,180.17272658592822,175.61871779311087,169.04493897433966,166.84726373545706,163.70828284387224,162.00711697801313,158.55314909508093,169.04493897433966,158.55314909508093,182.2715838045683,182.2715838045683,171.50879445445813,#000000,17.90195539139986,180.35183308583686,-0.31577953944364145,49.58132358720209,3.847019418051282,False,True,False,False,False,4.9113051481593395,0.0,0.0,0.0,0.0,1,1.00578894971666,0.9734434688652784,False,False,False,False,-0.2231906597454619,-0.1682311416346208,False,False,False,False,4328161,5279484.923284165,False,False,False,False,699652.9619079982,False,False,False,False
2024-08-30 00:00:00+00:00,180.3370725638,181.0579073827,175.0641164915,175.4985922727,515393,,,,,181.85997643509674,,,,,,175.78208529836266,182.0687496890609,181.97461740938445,180.14263889047837,175.6725548230645,169.1501139776524,166.96934287415178,163.8489169439703,162.15507272378412,158.71536960802115,169.1501139776524,158.71536960802115,181.85997643509674,181.85997643509674,171.64794622379307,"rgba(38, 166, 154, 0.5)",17.374847491482157,180.42135720797617,-0.004850957351855019,50.20939277987885,3.847019418051282,False,True,False,False,False,6.937442303274352,0.0,0.0,0.0,0.0,1,0.9894974086233327,0.982407694605647,False,False,False,False,-0.13133547661050984,-0.14978330912256532,False,False,False,False,4843554,5247193.743781635,False,False,False,False,686004.0758407391,False,False,False,False
2024-09-06 00:00:00+00:00,165.6636404973,179.49774435,165.6537660478,179.49774435,408956,,,,,180.85831423524334,,,,,170.27171696503333,174.8679132090812,181.54555611917596,181.63215267651353,179.9714869925699,175.60142697940418,169.1596089017382,166.99584761771803,163.89599870129004,162.21135736606453,158.78830444002838,169.1596089017382,158.78830444002838,180.85831423524334,180.85831423524334,172.61530655285887,#000000,16.843015338395563,176.88587513213344,-0.6662841782997769,47.655879415424224,1.9568137962848127,False,True,False,False,False,1.0957597785443198,0.0,0.0,0.0,0.0,1,0.9291468552964532,1.0013493396922886,False,False,False,False,-0.32685599332980325,-0.2383196512261843,False,False,False,False,4434598,5187001.466464477,False,False,False,False,665481.9961488325,False,False,False,False
2024-09-13 00:00:00+00:00,174.2149138281,176.3379204865,166.5227176102,167.2830502274,1376237,,,,,178.9429954107119,,,,,171.8804684243828,173.9688641389732,180.3524794665121,180.8007763339468,179.55176140491938,175.46380221117462,169.24821658191743,167.1368805832325,164.0997315738275,162.44275356214771,159.0705261223707,169.24821658191743,159.0705261223707,178.9429954107119,178.9429954107119,172.49457342810342,#000000,16.220829509067567,176.286201860145,-0.1276931016929275,47.71892153950667,1.9568137962848127,False,True,False,False,False,4.101594007065874,0.0,0.0,0.0,0.0,1,0.9383073084268334,1.0095115431286537,False,False,False,False,-0.34282825441539394,-0.2905739528207891,False,False,False,False,5810835,5233211.357837479,False,False,False,False,718130.5149526227,False,False,False,False
2024-09-20 00:00:00+00:00,178.7374117329,185.05705946,174.3778422461,174.8370041513,1449526,,,,179.3907711463333,179.0288844787958,,,,,175.2459474855742,175.45430039763997,180.23676379844935,180.67912532971548,179.54292593311592,175.63182220164893,169.53573171455704,167.46715901251656,164.47787473728448,162.8402704881149,159.50609321132828,169.53573171455704,159.50609321132828,179.0288844787958,179.20982781256453,173.11119210986166,"rgba(38, 166, 154, 0.5)",15.57418952598114,177.2799758770858,0.09358020546641456,48.65610213933678,1.9568137962848127,False,True,False,False,False,5.624329164404447,0.0,0.0,0.0,0.0,1,0.9736661733768618,0.9706469249634507,False,False,False,False,-0.06036229231340718,-0.17546812256709815,False,False,False,False,7260361,5383370.590590258,False,False,False,False,772307.9582894655,False,False,False,False
2024-09-27 00:00:00+00:00,174.7580085547,180.8801672903,174.6493896094,179.2410086611,748217,,,,178.49598916882374,178.82470754697417,,,,,175.5308445307149,175.61638441856667,180.03360222171483,180.51213805725757,179.4663296782898,175.65625454464924,169.63995185179755,167.59470699906234,164.63271175682956,163.0068115392312,159.69493572859338,169.63995185179755,159.69493572859338,178.82470754697417,178.66034835789895,173.16897355981138,#000000,14.843885962379678,177.11698141626988,-0.15891882136176771,48.54656712456423,1.9568137962848127,False,True,False,False,False,4.098969624435419,0.0,0.0,0.0,0.0,1,0.9535266421996045,1.0219351306416493,False,False,False,False,-0.10004887270194038,-0.13775849763451925,False,False,False,False,6512144,5466983.435731721,False,False,False,False,770523.4428606163,False,False,False,False
2024-10-04 00:00:00+00:00,169.8306582174,175.676332365,168.3198674326,174.3531561222,656379,,,,176.83547881608916,178.27178481342366,,,,,174.92880727811396,175.19084229981692,179.60624950218707,180.17912452288272,179.27305390711945,175.57476035069197,169.6603865592904,167.6384887636199,164.7053594409345,163.09268285519207,159.80505435312506,169.6603865592904,159.80505435312506,178.27178481342366,177.55363181475641,172.9849755479849,#000000,13.984519781240436,176.30672830186094,-0.4630884853942762,47.554949907661694,1.6448725895197782,False,True,False,False,False,2.252309364582498,0.0,0.0,0.0,0.0,1,0.9216009243471364,1.047368086625214,False,False,False,False,-0.30800307008055045,-0.22288078385753485,False,False,False,False,5855765,5495782.070121964,False,False,False,False,762068.2989450151,False,False,False,False
2024-10-11 00:00:00+00:00,170.3342551457,173.2076212271,167.826144954,169.8997793644,591922,,,,175.73968617622646,177.787530001143,,,,,174.42270349773818,174.80625081851485,179.2205734981636,179.87294709094138,179.08933912830722,175.4903028724718,169.6692504347239,167.66838942543026,164.76151955941512,163.16100172008584,159.89561022690503,169.6692504347239,159.89561022690503,177.787530001143,176.76360808868475,172.8162278045792,#000000,13.226603848578486,175.6890426234056,-0.4048497663503469,46.95963313172387,0.9605101989915923,False,True,False,False,False,2.4290037772773765,0.0,0.0,0.0,0.0,1,0.9103245281750888,1.05551661490655,False,False,False,False,-0.34282825441539394,-0.2828545191364644,False,False,False,False,6447687,5566293.546409226,False,False,False,False,749464.8693935324,False,False,False,False
2024-10-18 00:00:00+00:00,170.1466406038,174.3729050213,169.2263419035,170.9563454688,759489,,,,174.92863359623405,177.30597990534784,,,,,174.02030243109104,174.47047000225655,178.81156043448283,179.5380222304143,178.88517707039577,175.4023662214412,169.69150898097124,167.71648547635905,164.841800302919,163.256150929852,160.01812387464918,169.69150898097124,160.01812387464918,177.30597990534784,176.11730675079093,172.66338440801832,#000000,12.741237268943047,175.18134648373237,-0.39515046880137333,46.49717784789976,0.39265618565481475,False,True,False,False,False,2.3575765469188923,0.0,0.0,0.0,0.0,1,0.941608914552979,1.0363536949838665,False,False,False,False,-0.2426349289614584,-0.26274472404896143,False,False,False,False,5688198,5575323.5059344685,False,False,False,False,750207.3975866041,False,False,False,False
2024-10-25 00:00:00+00:00,164.0343563177,170.9859688175,159.650100707,170.3638784944,865111,,,,173.21594985254893,176.34507660450765,,,,164.89014194740005,172.86820353110167,173.54047754786973,178.04289068127716,178.91751161438972,178.48204237539878,175.15984982731277,169.61564959475663,167.67388863776284,164.84247227718694,163.27775834256423,160.07728365175703,169.61564959475663,160.07728365175703,176.34507660450765,174.7805132285283,172.40331280344563,#000000,12.265793826905195,171.1286932197301,-0.578383837372888,44.98888692213966,-1.1747128314133448,False,True,False,True,False,0.05584006421710441,0.0,0.0,0.0,0.0,1,0.8951923667055939,1.0464928680868057,False,False,False,False,-0.34282825441539394,-0.30278648923217766,False,False,False,False,4823087,5519602.283272656,False,False,False,False,758718.775543152,False,False,False,False
2024-11-01 00:00:00+00:00,161.5756183738,167.8755172018,160.3610610763,165.2291647161,999468,,,,171.57843035052542,175.27200655713503,,,,164.02209173117234,171.6470713842197,172.50487590232797,177.15707906411674,178.18747363370568,177.9921257627911,174.85119750201875,169.5019100144833,167.598532830796,164.81763008466635,163.2776526166813,160.121463519822,169.5019100144833,160.121463519822,175.27200655713503,173.4252184538302,171.82799879102976,"rgba(239, 83, 80, 0.5)",11.695527220287005,169.93811734206136,-0.7150168445382948,43.46740993532901,-2.7181594630162564,False,True,False,True,False,0.0,0.0,0.0,0.0,0.0,0,0.9253070937653541,1.0751122090371557,False,False,False,False,-0.34282825441539394,-0.3228073718237858,False,False,False,False,3823619,5393973.891919126,False,False,False,False,776552.0514288445,False,False,False,False
2024-11-08 00:00:00+00:00,171.3809468005,173.3459622656,161.3682549328,161.6151161721,871799,,,,171.21674060234722,174.83283798374993,,,,165.51194087136713,171.35251098640626,172.19712988930277,176.73663683241304,177.81639340661346,177.73816834928414,174.7149539111827,169.48953935930194,167.6147099197101,164.87040489553576,163.34788022920714,160.22373019403702,169.48953935930194,160.22373019403702,174.83283798374993,173.02478929304857,171.80423884211172,#000000,11.09796061188876,170.06958058735586,0.11816281017787456,44.77299552185059,-2.7181594630162564,False,True,False,True,False,2.7001833884563844,0.0,0.0,0.0,0.0,0,0.9075971387381754,1.0350877562385157,False,False,False,False,-0.19541570854144455,-0.2591115401826152,False,False,False,False,4695418,5342229.011036227,False,False,False,False,783607.3809526338,False,False,False,False
2024-11-15 00:00:00+00:00,170.373752944,177.6512222798,168.6901199729,172.8621142365,797298,,,172.23836506556665,171.32198897350193,174.68344696997391,,,,167.0296138434186,171.4266667901624,172.1999688580987,176.54104680798528,177.62378838646492,177.60407658376909,174.66579595761513,169.52770514991457,167.67607928985115,164.9609143021557,163.4519834265019,160.35333087695662,169.52770514991457,160.35333087695662,174.68344696997391,172.74793366968083,171.92556559694353,#000000,10.824118408147466,170.50415866816238,-0.01204769933634765,45.4990881571512,-2.7181594630162564,False,True,False,True,False,2.32087575122355,0.0,0.0,0.0,0.0,1,0.9226004039882666,1.0294624030726698,False,False,False,False,0.05305569692668146,-0.10302792162796685,False,False,False,False,3898120,5235257.973181692,False,False,False,False,784621.5008820683,False,False,False,False
2024-11-22 00:00:00+00:00,173.2953513349,173.4736183553,164.9415606816,170.0370263498,938174,,,171.33656378805912,171.2407051759697,174.42243893111575,,,,167.77240801191908,171.34986575676015,172.07782919786803,176.25042319054415,177.34838790470187,177.40790789493596,174.5723209879245,169.5444629116045,167.72058458278946,165.0408392332012,163.54872832065038,160.4813864628925,169.5444629116045,160.4813864628925,174.42243893111575,172.33323596504817,171.9085029672249,#000000,10.704345472418686,170.42488568317702,0.26815891351032684,46.690078218286814,-2.7181594630162564,False,True,False,False,True,3.3560898939082513,0.0,0.0,0.0,0.0,1,0.9098758693267675,1.0441494762235348,False,False,False,False,-0.11517851048143837,-0.1091032160547026,False,False,False,False,4836294,5205705.086279345,False,False,False,False,795995.7600759892,False,False,False,False
2024-11-29 00:00:00+00:00,172.1366157019,177.0488624879,171.4928736835,174.0678417569,664543,,,171.95206156074164,171.4056503978178,174.38531818073983,,,,168.52113161208908,171.48182841094928,172.15251506192533,176.16073788420542,177.24642025505065,177.33335506957408,174.55620694708085,169.58966500102446,167.7835006580112,165.12595767944546,163.64418412873061,160.59647342751407,169.58966500102446,160.59647342751407,174.38531818073983,172.58101004643308,171.99513185793558,#000000,10.587513942183051,170.84016799539944,0.12245062566909418,47.27646023260963,-2.7181594630162564,False,True,False,False,True,2.9069984782916123,0.0,0.0,0.0,0.0,1,0.9769979513813346,1.0085503626622019,False,False,False,False,0.1624338861305737,0.026665335037935542,False,False,False,False,4171751,5129115.894703097,False,False,False,False,786258.5185888789,False,False,False,False
2024-12-06 00:00:00+00:00,174.3649534576,176.9498252543,169.9974114563,171.6909481507,1047237,,,172.5045529187969,171.64405256034672,174.34630296017602,,,,169.41018443796574,171.67871952306461,172.27160140382546,176.04147579217823,177.1050137366125,177.2278168859004,174.5369958604064,169.66255123635804,167.88347031423496,165.259970118484,163.79409833011755,160.77667118926067,169.66255123635804,160.77667118926067,174.34630296017602,172.83163614643988,172.10777993090304,#000000,10.588123820926324,171.3093773600435,0.2885852252235159,48.236591878084596,-5.467245554481607,False,True,False,False,True,3.7088029709169703,0.0,0.0,0.0,0.0,1,0.9996116317045527,0.9761426502578343,False,False,False,False,0.28569998191012347,0.1561826584740295,False,False,False,False,5218988,5135773.087688052,False,False,False,False,805590.2579526657,False,False,False,False
2024-12-13 00:00:00+00:00,172.7308391034,179.6238305612,171.7998891077,174.5333167547,1016239,,174.71818625743336,173.00854867692044,171.91796263858805,174.36788265905915,,,,170.15939230008297,171.91288823453428,172.43467364092567,175.98035735902133,177.01436034402275,177.15768885140935,174.54119651994742,169.7466519944595,167.9924469039424,165.40014400160283,163.94880992815618,160.95929507905583,169.7466519944595,160.95929507905583,174.36788265905915,173.50314505800026,172.23398001499487,#000000,10.503400946231523,172.4510224682562,0.026640574474516555,48.51410971237936,-5.121311453901782,False,True,False,False,True,3.059160210449299,0.0,0.0,0.0,0.0,1,1.016861244092735,0.956792497842319,False,False,False,False,0.34282824802687367,0.2495054532504516,False,False,False,False,4202749,5066660.192303752,False,False,False,False,821193.8684746904,False,False,False,False
2024-12-20 00:00:00+00:00,163.7778731869,174.1184497832,162.8568269145,172.1564231486,1599204,,169.9486148185037,171.401922749731,171.30307177447446,173.74448931718703,,,,169.57022788456126,171.37276605886873,171.91094187746594,175.36629960783978,176.4449345434318,176.72636922201664,174.2728590005985,169.674485993347,167.9661407263445,165.43473021773684,164.01353455203065,161.07963936225187,169.674485993347,161.07963936225187,173.74448931718703,171.59952466497404,171.8739755132211,"rgba(239, 83, 80, 0.5)",10.48201733927424,170.5559593068176,-0.646639468389481,46.714257790647906,-5.121311453901782,False,True,False,False,True,0.0,0.0,0.0,0.0,0.0,1,0.9408211820900126,1.02968032647856,False,False,False,False,-0.08144081380224266,0.08403231972410447,False,False,False,False,2603545,4884207.215096066,False,False,False,False,878824.2485876762,False,False,False,False
2024-12-27 00:00:00+00:00,165.5605433915,168.3930082722,162.8073082977,162.9063455313,792955,,168.93388552539415,170.7293374975985,170.97456264820948,173.41951811362443,,,,169.24093803240783,171.0783451150497,171.62664708336604,175.04842359431996,176.14955812820892,176.4984764778326,174.12386337375722,169.6234288381819,167.93761134259566,165.4364311952907,164.03036100370474,161.12433128291542,169.6234288381819,161.12433128291542,173.41951811362443,171.01432594620664,171.67637231810104,#000000,10.453985572396087,169.96968092590248,-0.42176617748974826,45.91448710569048,-5.121311453901782,False,True,False,True,False,0.28569449093330235,0.0,0.0,0.0,0.0,1,0.9104165095637651,1.0628143138697776,False,False,False,False,-0.2507675123323235,-0.0833675963041095,False,False,False,False,3396500,4774006.680644505,False,False,False,False,872463.5635071077,False,False,False,False
2025-01-03 00:00:00+00:00,163.282687019,166.1547667931,161.8416952702,163.7481620168,405173,,168.38415572019593,170.34041432664753,170.76873883183566,173.2268123884647,,,,169.01879155077123,170.8928732419132,171.44999774402638,174.86399417162627,175.97969885246502,176.36668999166224,174.033811253976,169.58624134155718,167.91216880872074,165.4269120807039,164.0288901383425,161.137616005008,169.58624134155718,161.137616005008,173.2268123884647,170.68003031678597,171.55311790374222,"rgba(239, 83, 80, 0.5)",10.445274489386403,169.6280251073626,-0.607484091950879,44.85731609451362,-1.5538211313005377,False,True,False,True,False,0.0,0.0,0.0,0.0,0.0,1,0.9096640619385096,1.058224503901085,False,False,False,False,-0.34282825441539394,-0.21309792535975172,False,False,False,False,2991327,4641956.3339300975,False,False,False,False,837849.4476917664,False,False,False,False
2025-01-10 00:00:00+00:00,154.8050998237,165.9071737091,154.7951961003,163.282687019,678071,,166.89239145236536,169.32932219353398,170.20980484307768,172.75111153308214,,,,168.35081801419426,170.3887594385781,170.98106936637177,174.42855337737936,175.58770554975493,176.0626664105896,173.81120680399735,169.46983929112767,167.81723768601594,165.36174192134624,163.9790799261148,161.11557171699917,169.46983929112767,161.11557171699917,172.75111153308214,169.79565750551478,171.22595978593552,"rgba(239, 83, 80, 1.0)",10.633924483586508,168.69558412579283,-1.3062425187928344,42.488790010294174,-3.860126676885656,False,True,False,True,False,0.0,0.0,0.0,0.0,0.0,1,0.8729747248168161,1.095120913308166,False,False,False,False,-0.34282825441539394,-0.27796308988757285,False,False,False,False,2313256,4469460.012898238,False,False,False,False,826014.0071220059,False,False,False,False
2025-01-17 00:00:00+00:00,162.2725072364,164.4810375454,152.3093615373,153.3591562133,563064,,166.0898247472958,168.69077673019945,169.82617980760608,172.40980669931807,,,159.68763543970002,167.91677455499132,170.039035368672,170.65133807014257,174.10982576037975,175.29698616076058,175.83447783779988,173.64508974226848,169.3852681532559,167.74969745572247,165.31774073857417,163.947199523112,161.10572073301523,169.3852681532559,161.10572073301523,172.40980669931807,169.25414699610485,170.43161285436932,"rgba(239, 83, 80, 0.5)",10.689065745075258,165.59625286804663,-0.3109481886364082,42.82851380891557,-3.860126676885656,False,True,False,True,False,0.0,0.0,0.0,0.0,0.0,1,0.8428880051330282,1.122687400983529,False,False,False,False,-0.34282825441539394,-0.3103956721514834,False,False,False,False,2876320,4351449.641572443,False,False,False,False,806536.2288166722,False,False,False,False
2025-01-24 00:00:00+00:00,162.1932774495,166.0683072881,161.5396317078,162.9558641481,489218,,165.84073378196257,168.39566806943404,169.62478546821728,172.20687207575526,,,161.35175671877673,167.722810996016,169.85205523839622,170.46865152077623,173.9098872956929,175.1088652411641,175.68413754319377,173.54010814204614,169.33965359431,167.71757219095497,165.3040164233735,163.9428377701518,161.11859864505612,169.33965359431,161.11859864505612,172.20687207575526,169.01701484884228,170.46954984813271,"rgba(239, 83, 80, 0.5)",10.744611947501959,165.8277423915473,-0.3382593024117825,43.05529183155667,-3.860126676885656,False,True,False,True,False,0.0,0.0,0.0,0.0,0.0,1,0.8854451833182753,1.1016234455115814,False,False,False,False,-0.12449155638612155,-0.2174436142688025,False,False,False,False,2387102,4205942.408863373,False,False,False,False,783031.1748302521,False,False,False,False
2025-01-31 00:00:00+00:00,163.1440348919,165.61501387,160.8859859661,161.1137716034,719770,,165.53900830300628,168.0116806469647,169.347742138391,171.9225143865565,,,162.10857138820154,167.46214623075844,169.59296358190963,170.2138983909071,173.6274003059513,174.84137389495538,175.4684724565245,173.38869336927922,169.27320064956433,167.6705925245294,165.28364738362055,163.93603460120062,161.13681651891213,169.27320064956433,161.13681651891213,171.9225143865565,168.70523636872963,170.36473127925808,#000000,10.77442461221361,165.78035164223274,-0.24468283413893793,43.47660047785651,-3.860126676885656,False,True,False,True,False,0.0,0.0,0.0,0.0,0.0,1,0.9146354013788017,1.0842191566087978,False,False,False,False,-0.14597518639097995,-0.18170940032989122,False,False,False,False,3106872,4124529.7859846046,False,False,False,False,778345.161879863,False,False,False,False
2025-02-07 00:00:00+00:00,163.5302801029,165.3921800944,159.1033157615,160.6879114989,592231,,165.29163084204916,167.70494083904455,169.11859563782946,171.68799987979412,,,162.25052130091478,167.2447351904965,169.37768145823566,170.00216868790855,173.39444010809171,174.62033261638555,175.28896440908574,173.26096383847084,169.21481858609428,167.62807189283592,165.26288723573182,163.9264120214402,161.14773859450133,169.21481858609428,161.14773859450133,171.68799987979412,168.45079179967934,170.22826980885196,#000000,10.756913820578834,165.62295704312623,-0.19454250309440693,43.88782075372387,-3.860126676885656,False,True,False,True,False,0.0,0.0,0.0,0.0,0.0,1,0.9417560528634268,1.0372613993645532,False,False,False,False,-0.18525619821239764,-0.18348279927114441,False,False,False,False,3699103,4093016.690726486,False,False,False,False,764558.9276665398,False,False,False,False
2025-02-14 00:00:00+00:00,157.2315120466,165.1874701326,155.8902005695,163.9264290373,709122,,164.74278070497343,167.17249903968695,168.7361860518411,171.326932558754,,,161.60122210249932,166.8420007059556,169.02054879986773,169.65840886329573,173.04777146015084,174.29704497139105,175.0270268209892,173.06638837185764,169.11230238446538,167.545423600896,165.2078855505571,163.88575077995276,161.13331362039483,169.11230238446538,161.13331362039483,171.326932558754,167.99459958881388,169.92181380813685,"rgba(239, 83, 80, 0.5)",10.86952060995716,165.08962563827882,-0.7229494173349565,42.7903725159815,-3.860126676885656,False,True,False,True,False,0.0,0.0,0.0,0.0,0.0,1,0.9055555150524515,1.0585270815159524,False,False,False,False,-0.2535985455008487,-0.21854067238599656,False,False,False,False,2989981,4011310.3432652648,False,False,False,False,760452.4885801293,False,False,False,False
2025-02-21 00:00:00+00:00,157.3606753741,159.0000560684,155.0556067615,155.8206510855,601190,,164.18298192081676,166.6530882141046,168.36043317643993,170.9810774774352,,,160.8711345887695,166.43548267926408,168.66936921799885,169.32234713617498,172.71969600675345,173.99281680661414,174.7799026848885,172.87857507312214,169.00681674981848,167.45716368368647,165.1438202147094,163.83434515506784,161.10497086281475,169.00681674981848,161.10497086281475,170.9810774774352,167.54439519719912,169.61333046270906,"rgba(239, 83, 80, 0.5)",10.97988809825206,164.53567185073874,-0.6534671767539199,42.047182280809196,-4.58609366192033,False,True,False,True,False,0.0,0.0,0.0,0.0,0.0,1,0.9057916690645603,1.0822080465559563,False,False,False,False,-0.34282825441539394,-0.28068446340069525,False,False,False,False,3591171,3980188.9104308006,False,False,False,False,748655.2672038234,False,False,False,False
2025-02-28 00:00:00+00:00,162.6464361582,163.2525102331,155.6616808363,157.5494525449,1120889,,163.74091170540206,166.11326783462627,167.91380317665352,170.52631537643106,,,160.7891098031103,166.00690859316006,168.24375536884554,168.90282212484811,172.26800812322853,173.56169117761854,174.42183604510026,172.6127211074784,168.86967150878837,167.34917980579147,165.07637547016486,163.78792601787168,161.09733605356055,168.86967150878837,161.09733605356055,170.52631537643106,167.07357452327824,169.30257036579695,#000000,10.951723409567203,164.1625494840747,-0.1384360496677859,43.12870820237865,-4.58609366192033,False,True,False,True,False,0.0,0.0,0.0,0.0,0.0,1,0.8986434258370999,1.075999490709504,False,False,False,False,-0.1439524349258031,-0.21231844916324916,False,True,False,False,4712060,4034401.5837322227,False,False,False,False,776228.1362998366,False,False,False,False
2025-03-07 00:00:00+00:00,156.9731853918,163.3220597171,155.3238690569,162.8252776885,818505,,163.31964024575703,165.65587443164662,167.53942778865593,170.15750826764423,,,160.46115239065924,165.6316955184467,167.887255431267,168.55427560090524,171.90660952852932,173.21868125640475,174.13585981197454,172.39507102720611,168.74919307201975,167.2501673080817,165.00748160165378,163.73479131605828,161.0731817286822,168.74919307201975,161.0731817286822,170.15750826764423,166.66811268342596,169.01899609454944,"rgba(239, 83, 80, 0.5)",10.894092512671051,163.7670906466274,-0.6236320507582729,42.61945317989478,-4.58609366192033,False,True,False,True,False,0.0,0.0,0.0,0.0,0.0,1,0.9441086472032575,1.074609487108617,False,False,False,False,-0.1131633916443181,-0.16274092040378363,False,False,False,False,3893555,4023968.503455762,False,False,False,False,779359.755833182,False,False,False,False
2025-03-14 00:00:00+00:00,149.4220985573,159.1192837553,147.6309012751,156.6155023312,784677,,162.50816649990847,164.91164819939468,166.9685315828243,169.63891360388214,,,159.43059237212879,165.00785492458877,167.34871294015915,168.03897718965473,171.41800501242795,172.7653808868927,173.76120945110878,172.0979386273465,168.56462636710253,167.088213467576,164.87794305339892,163.62254150991646,160.9922881014085,168.56462636710253,160.9922881014085,169.63891360388214,166.00681497150242,168.5521511238986,"rgba(255, 0, 0, 1.0)",10.982376709796654,162.96456549900518,-1.2331089434971616,40.80870332144741,-5.904875132796086,False,True,False,True,False,0.0,0.0,0.0,0.0,0.0,1,0.9065580654088939,1.0836389256984273,False,False,False,False,-0.34282825441539394,-0.25278458740958876,False,False,False,False,3108878,3956184.021718298,False,False,False,False,779753.6257714649,False,False,False,False
2025-03-21 00:00:00+00:00,148.8855739664,152.9393153197,147.2760001938,149.9486875076,1326392,,161.11758996829147,163.62358148339925,165.9553232449314,168.71786307603173,,,157.75990114737533,163.90440607107396,166.3889874412803,167.1192462934492,170.5504345145013,171.95938462924187,173.09029207464746,171.55813284977316,168.21850294886463,166.78044245743243,164.62557700473943,163.3999385207062,160.8235837109451,168.21850294886463,160.8235837109451,168.71786307603173,164.85358944316346,167.73297304276394,"rgba(255, 0, 0, 1.0)",10.997548296337197,161.60136966753498,-1.1562391324410068,39.41953996988833,-7.2632966372427035,False,True,False,True,False,0.0,0.0,0.0,0.0,0.0,0,0.8636329523310121,1.161605323274658,False,False,False,False,-0.34282825441539394,-0.2978064209124913,False,False,False,False,1782486,3795169.3534428687,False,False,False,False,820245.3571958008,False,False,False,False
2025-03-28 00:00:00+00:00,147.0574161013,154.439597046,146.8189607275,149.034608575,930930,,160.29065247643229,162.82784392664823,165.30205416042554,168.1124307241068,,,156.86497211997408,163.20778314578843,165.76583054412296,166.51805811388704,169.9746608143993,171.4202681445877,172.6363024181739,171.19019846187695,167.97973843913326,166.56764958287,164.45038978418114,163.24500491270473,160.705442623359,167.97973843913326,160.705442623359,168.1124307241068,164.1332453219032,167.21254617848138,"rgba(255, 0, 0, 1.0)",10.966267634189432,160.79781291721076,-1.2529693122820076,38.092174610566374,-8.54636565479484,False,True,False,True,False,0.0,0.0,0.0,0.0,0.0,0,0.8609394468367196,1.1321158340652173,False,False,False,False,-0.31487333910812626,-0.30633988001030876,False,False,False,False,851556,3577123.919854508,False,False,False,False,828444.2196257414,False,False,False,False
2025-04-04 00:00:00+00:00,133.2965539095,148.9749947316,133.0879054575,146.4910845887,1022121,,158.7154258918373,161.41364849655278,164.18462578501217,167.12387657394774,,,154.9204694655125,161.96463690933834,164.70613005953194,165.50800503895312,169.05821741209235,170.57596373409078,171.93075778832383,170.60303336007885,167.57324289373753,166.1939118523109,164.1252431325033,162.9465663051867,160.4547678464701,167.57324289373753,160.4547678464701,167.12387657394774,162.8593941868375,166.303436851397,"rgba(255, 26, 202, 1.0)",11.636589566414141,159.25354519081023,-2.230635628520236,35.07430073121827,-11.417807978052302,False,True,False,True,False,0.0,0.0,0.0,0.0,0.0,0,0.8311532411969396,1.1279643273426578,False,False,False,False,-0.34282825441539394,-0.3245840672128514,False,False,False,False,-170565,3299517.333198618,False,False,False,False,842790.6478016124,True,False,False,False
2025-04-11 00:00:00+00:00,143.2620014029,144.3746937905,127.0371003493,130.8325150477,1814782,,156.3890279489019,159.24796631629945,162.39830845540774,165.50922074023578,,138.22459851423335,152.28411225332766,160.02117436989627,162.99945026897487,163.86930141017163,167.54470383635666,169.16887781920815,170.73920562633032,169.60376020372982,166.87297422499387,165.54898685826035,163.56258281926438,162.42923737437712,160.01885456425083,166.87297422499387,160.01885456425083,165.50922074023578,160.88613086521121,162.13281585272225,"rgba(255, 0, 0, 1.0)",11.954426802788358,151.5364262581906,-0.6921640821256766,35.79985843879348,-11.417807978052302,False,True,False,True,False,0.0,0.0,0.0,0.0,0.0,0,0.8151150056110813,1.130691357912258,True,False,False,False,-0.34282825441539394,-0.33370616081412263,False,False,False,False,1644217,3176902.493702424,False,False,False,False,914790.0072237152,False,False,False,False
2025-04-18 00:00:00+00:00,143.1527093566,145.1497731115,140.0926314169,144.0866595703,924805,,155.6457281682238,158.50065708014188,161.73431156101307,164.88049742667872,,139.76857135996408,151.57766391806754,159.33145209609935,162.3570951802256,163.24352678994399,166.94079905624653,168.59706817092922,170.24476428727326,169.18871149740127,166.58376463246498,165.28476248779967,163.335232543324,162.22210775218244,159.84847789028362,166.58376463246498,159.84847789028362,164.88049742667872,160.19029855901437,161.78334169886156,"rgba(255, 0, 0, 1.0)",12.261236828657509,151.37315513159933,-0.6704418069624206,36.30057100976562,-11.417807978052302,False,True,False,True,False,0.0,0.0,0.0,0.0,0.0,0,0.8678917328002204,1.132513753115311,False,False,False,False,-0.1472631410331565,-0.24048465092363958,False,False,False,False,719412,2994866.160835578,False,False,False,False,915531.858540477,False,False,False,False
2025-04-25 00:00:00+00:00,152.4325976505,152.9393153197,140.6091853702,142.6161847657,1311760,,155.14284307705378,157.90494489723707,161.1348805149183,164.26764271658513,,142.6475892979128,151.29893513462827,158.75787865784682,161.7659929278752,162.6540450475217,166.3291960278552,168.00218121121475,169.7162543174768,168.747547396131,166.28347502623774,165.01534003201917,163.11081052721448,162.0221349550247,159.69364134693262,166.28347502623774,159.69364134693262,164.26764271658513,159.61257780144857,161.62030950447004,"rgba(239, 83, 80, 0.5)",12.408345409285893,151.74857810170798,0.05512576626696295,38.9652684951467,-14.808288961771481,False,True,False,True,True,0.0,0.0,0.0,0.0,0.0,0,0.9140455453951296,1.0814661601823585,False,False,False,False,-0.022435573231265885,-0.13146011207745273,False,False,False,False,2031172,2923481.408181091,False,False,False,False,944882.0912411824,False,False,False,False
2025-05-02 00:00:00+00:00,156.0094282563,158.2151404632,149.6754573919,151.9159443408,1572193,,155.10237310324013,157.68362514943965,160.79621775131386,163.85025457753522,,145.9984886524712,151.64153423563172,158.50825062828437,161.4152037752714,162.28341896864666,165.87828397705167,167.54058104436677,169.2862348782786,168.3931344511771,166.05414130801742,164.81752219306202,162.95822238778405,161.89382149078332,159.61107562277806,166.05414130801742,159.61107562277806,163.85025457753522,159.3581176453822,161.6999271919197,#000000,12.491145084701573,152.60650528519568,0.2724268230037628,41.65612202381439,-12.300092161146019,False,True,False,True,True,0.0,0.0,0.0,0.0,0.0,0,0.9519852891115087,1.0434079542791723,False,False,False,False,0.17871651225716786,0.023628200089857568,False,False,False,False,3603365,2973843.1557232323,False,False,False,False,991349.5659640578,False,False,False,False
2025-05-09 00:00:00+00:00,156.5459528472,158.5827591644,153.5255181134,155.2841264946,1061012,,155.15913716356127,157.61963893610496,160.6407464414312,163.63345052591538,,147.62060267930894,151.93829320912914,158.41838051834827,161.2482513663484,162.09999464031196,165.63331798565667,167.28275575336298,169.03954290862984,168.1902537615497,165.92518536612616,164.70834786922066,162.8773324089206,161.8280745025386,159.57412125782875,165.92518536612616,159.57412125782875,163.63345052591538,159.2632432667532,161.73965781887722,#000000,12.583754740509411,153.08441799702607,0.2750796500372515,43.69733594454317,-10.448537837474419,False,True,False,True,True,0.0,0.0,0.0,0.0,0.0,0,0.9636284052588845,1.0684660537058166,False,False,False,False,0.24334182407467364,0.1334850120822656,False,False,False,False,4664377,3099067.8849289184,False,False,False,False,996509.7462630165,False,False,False,False
2025-05-16 00:00:00+00:00,158.9931756201,161.1759613536,157.3782220524,159.4869024564,1126700,,155.36536387499558,157.68888563099583,160.58998799889932,163.50311663337447,,149.28829138863813,152.4049766314781,158.4489465290923,161.1801058372804,162.00921694241669,165.46416283727456,167.09150831277302,168.8458304419553,168.03362962560055,165.8326006558854,164.63484151963303,162.83083658698757,161.79592612642844,159.5696431523934,165.8326006558854,159.5696431523934,163.50311663337447,159.2868385345663,161.85992692023945,#000000,12.643153967952749,153.6868793815269,0.41969719359767765,45.71110897530255,-8.625321870487568,False,True,False,True,True,0.0,0.0,0.0,0.0,0.0,0,0.9425255993867393,1.0740332015902536,False,False,False,False,0.3428282512731789,0.23815663167772225,False,False,False,False,5791077,3298475.9675267763,False,False,False,False,1006153.4687620522,False,False,False,False
2025-05-23 00:00:00+00:00,157.2585958622,159.7807147055,155.6336734454,156.9794680851,1081766,,155.46819423578356,157.68353090197238,160.49192885292894,163.3405359943495,,150.29419548692252,152.70511991970776,158.41597966652736,161.0688982033848,161.88009054767548,165.26999464288178,166.8801823838479,168.63678566413094,167.86161364723816,165.72492807502113,164.54559403497544,162.76788666439543,161.7470488611941,159.54779656689337,165.72492807502113,159.54779656689337,163.3405359943495,159.2460474962586,161.87377882373377,#000000,12.693115501900822,154.03776013609655,0.25374666492407777,46.74293278154657,-7.728064448632892,False,True,False,False,True,0.0,0.0,0.0,0.0,0.0,0,0.9509928938155192,1.062155103963986,False,False,False,False,0.29425067894755047,0.26620365531263634,False,False,False,False,4709311,3402982.2662284966,False,False,False,False,1011754.3970019002,False,False,False,False
2025-05-30 00:00:00+00:00,162.4623351358,164.1670083461,158.0760414952,159.1227706595,1152017,,155.7584140946801,157.8453232571111,160.52776823339067,163.2903913356519,,151.58718712834505,153.222822389482,158.5354501299739,161.08471351426755,161.87075254827687,165.1756561669147,166.7576889350246,168.50008323821592,167.75346034433397,165.66811955392387,164.50614232089032,162.75282977489354,161.74488218759387,159.57089520182882,165.66811955392387,159.57089520182882,163.2903913356519,159.35547423020844,162.01559339487582,#000000,12.701504522900724,154.60343671740455,0.6187375994887784,48.67716536588238,-5.9327782650794845,False,False,False,False,True,0.46407827040114924,0.0,0.0,0.0,0.0,0,0.9276566319638203,1.0539321176939065,False,False,False,False,0.342828251501212,0.30451595340692417,False,False,False,False,5861328,3585081.950211571,False,False,False,False,1022144.2194462039,False,False,False,False
2025-06-06 00:00:00+00:00,164.5956688609,166.9732393911,160.5782226402,161.7246402962,1161036,,156.1377405005014,158.0952182782913,160.6420791299905,163.3114271888254,,152.87833226084572,153.82469579820847,158.738288903719,161.17636937755267,161.93460791664134,165.14744284374768,166.69616580620828,168.41498425022138,167.69039069179368,165.64612060886424,164.50011807414873,162.76902419961735,161.77271549541416,159.62189899605016,165.64612060886424,159.62189899605016,163.3114271888254,159.54661627440214,162.21473984578026,#000000,12.705259478189733,155.23399670946174,0.7368343926787808,50.524243373013846,-4.221062805328266,False,False,False,False,True,1.2468480123670886,0.0,0.0,0.0,0.0,0,0.9467090453584297,1.0400895084064716,False,False,False,False,0.3428282517767689,0.32367210259184653,False,False,False,False,7022364,3839695.435381084,False,False,False,False,1032432.4994872258,False,False,False,False
2025-06-13 00:00:00+00:00,161.6648272011,166.8286910779,161.3956682732,165.0841424709,764768,,156.3471738101537,158.2296550484619,160.6976485239299,163.3111575712727,,153.54389976205331,154.15929186499412,158.8461304565463,161.21868519214155,161.96040490041776,165.11740451423856,166.64605050163837,168.35132492177326,167.64166019263922,165.62527732655965,164.48975832369604,162.77332877182565,161.7847433401448,159.64926049364328,165.62527732655965,159.64926049364328,163.3111575712727,159.64640873845457,162.31101296330021,#000000,12.663989801727755,155.57000512141576,0.48127187206457755,51.07071902466617,-3.7339640821770885,False,False,False,False,True,0.14060492068887953,0.0,0.0,0.0,0.0,0,0.9412908315702371,1.0542842296887616,False,False,False,False,0.3428282518080214,0.333250177199934,False,False,False,False,6257596,4018799.1809084113,False,False,False,False,1012605.4995252091,False,False,False,False
2025-06-20 00:00:00+00:00,164.3364787822,166.55953215,162.5121793817,163.1003414835,1483948,,156.78348722537706,158.5276569418231,160.84488697009402,163.3501131804745,,154.7488886954253,154.82067293701826,159.0929534965065,161.33989174995364,162.04935992985682,165.097622833918,166.58552319007853,168.2598520798441,167.57483305155932,165.60571865286698,164.48942387461366,162.79977241199657,161.82524468518935,159.71791360026427,165.60571865286698,159.71791360026427,163.3501131804745,159.87653607944216,162.51753166170275,#000000,12.645219387621422,156.22017644991092,0.6418474906203874,52.082382824406864,-2.748012933823972,False,False,False,False,True,1.1374198613591453,0.0,0.0,0.0,0.0,0,0.9857163775917794,1.0254429364913515,False,False,False,False,0.342828251035657,0.3380392141177955,False,False,False,False,7741544,4294558.056396677,False,False,False,False,1047519.758819638,False,False,False,False
2025-06-27 00:00:00+00:00,166.8087533796,169.5800934525,162.8959800752,163.838036323,1167963,,157.17472645833442,158.81387595571056,161.01132174366887,163.42949603134147,,155.68175643979637,155.378564757667,159.3379029693838,161.48496131456355,162.16823622793075,165.12884383870502,166.58215533215758,168.22650180668361,167.5561327705849,165.6165294348743,164.51416933720955,162.8437588704951,161.8792590335244,159.79230381502902,165.6165294348743,159.79230381502902,163.42949603134147,160.10735504726384,162.71615848923472,#000000,12.593878099788911,156.7622309028771,0.7977306431837946,53.36736672327534,-1.4775129069211275,True,False,False,False,True,2.054604807447223,0.0,0.0,0.0,0.0,0,0.9879608869607894,0.9815836188271658,False,False,False,False,0.34282825061008293,0.3404337323639392,False,False,False,False,8909507,4636406.12629322,False,False,False,False,1056441.4803885538,False,False,False,False
2025-07-04 00:00:00+00:00,175.22246209,175.22246209,164.9545474315,166.7489402845,725601,,157.53423417015696,159.09970988890353,161.20748021084847,163.56148678252885,,156.4437461705359,155.85467212696855,159.59117870031392,161.66447758547878,162.32798291920642,165.22468582071434,166.65066859306822,168.2664714333967,167.5987010882037,165.66660757432442,164.57148302875513,162.9107040073296,161.951057614955,159.87443558399949,165.66660757432442,159.87443558399949,163.56148678252885,160.35072776310943,162.92891920122108,"rgba(38, 166, 154, 0.5)",12.580830363016352,157.23309058914123,1.4299033515102317,55.97902357526729,1.055930990725649,True,False,True,False,True,5.070109323288442,0.0,0.0,0.0,0.0,0,1.0029892133291045,0.9438610332141679,False,False,False,False,0.3428282498273484,0.34163099109564377,False,True,False,False,9635108,5006680.339160388,False,False,False,False,1031934.7781375499,False,False,False,False
2025-07-11 00:00:00+00:00,172.2318073351,176.4385620019,170.0635826378,174.9333654637,875627,,157.9772396727581,159.4570818097822,161.45876684791912,163.73608482977227,,157.3325201769609,156.43127659381162,159.910050082566,161.8958254729992,162.5356517079657,165.35568193391765,166.74832728212988,168.32833393619413,167.66224103969427,165.73672832509038,164.64990994128019,163.00010653167732,162.04595298629275,159.98116466760024,165.73672832509038,159.98116466760024,163.73608482977227,160.65729329005794,163.19366365513298,"rgba(38, 166, 154, 0.5)",12.570759428113726,157.79952956332818,1.1480832048615077,56.96174326779072,2.001949728527144,True,False,True,False,True,3.887280714752336,0.0,0.0,0.0,0.0,0,1.0634551141315074,0.9352672903105804,False,False,False,False,0.3428282501084771,0.3422296206020604,False,False,False,False,8759481,5284665.573296656,False,False,False,False,1020356.4242014351,False,False,False,False
2025-07-18 00:00:00+00:00,174.3751099095,175.5614029623,168.3240184554,171.5738632891,792445,,158.35270675923203,159.7613164641238,161.6740498434058,163.88594629217218,,158.05066679513655,156.91581300007434,160.18240195106517,162.0942575070536,162.71393637084853,165.46804654263195,166.8319221748954,168.38103669776186,167.71675891791128,165.79765758987926,164.71829406054135,163.0783827501764,162.12920119033708,160.0750988986092,165.79765758987926,160.0750988986092,163.88594629217218,160.91850483973346,163.4152497547258,"rgba(38, 166, 154, 0.5)",12.570549032999862,158.2701257546417,1.281167919760699,58.0876518641972,3.115682804159647,True,False,True,False,True,4.647297723463524,0.0,0.0,0.0,0.0,0,1.0688509801703319,0.9308442156953722,False,False,False,False,0.2816660858643434,0.3119478532332019,False,False,False,False,9551926,5600758.938237644,False,False,False,False,1003474.0964828103,False,False,False,False
2025-07-25 00:00:00+00:00,179.469191842,179.8081327142,172.7103120959,175.6610914541,989585,,158.9363407040844,160.24934163748642,162.03801418610652,164.15926872864674,,159.11018867092696,157.64550192836646,160.6247506609828,162.4341953551743,163.02559836235784,165.68883497382473,167.01128397919697,168.512169009531,167.84360065394972,165.92135933669013,164.84980298802745,163.21978843814563,162.27535702845972,160.23212051092148,165.92135933669013,160.23212051092148,164.15926872864674,161.345741314081,163.7817482931001,"rgba(38, 166, 154, 1.0)",12.603438435654303,158.98534323521605,1.6252587507260297,59.84342580338268,4.8438029895164405,True,False,True,False,True,6.424757343155758,0.0,0.0,0.0,0.0,0,1.0436078527248445,0.9183666617015138,False,False,False,False,0.3428282504230669,0.3273880518281344,False,True,False,False,10541511,5966740.572442263,False,False,False,False,1002445.2745211207,False,False,False,False
2025-08-01 00:00:00+00:00,174.6841442342,180.4810300341,172.7601563418,179.4392852945,1065101,,159.48229560514457,160.70588003404626,162.3782481324668,164.41229850736588,,160.05207646513563,158.32457723759092,161.03945947012537,162.75176385348828,163.3161429502464,165.89087143383273,167.17315518454654,168.62805375958555,167.95747138566497,166.03611343631792,164.97328704159992,163.3545736494281,162.41568723411402,160.3848273437795,166.03611343631792,160.3848273437795,164.41229850736588,161.74468056975587,164.11696851765345,"rgba(38, 166, 154, 0.5)",12.590693872781456,159.64120733547935,1.1947663131767865,59.648437242673964,4.8438029895164405,True,False,True,False,True,4.499548346141079,0.0,0.0,0.0,0.0,0,1.0464461113420251,0.91399820775566,False,False,False,False,0.34282824963667036,0.3351081507324024,False,False,False,False,9476410,6226716.085594689,False,False,False,False,1007086.4393714081,False,False,False,False
2025-08-08 00:00:00+00:00,173.6374150699,182.2853917362,172.2716827319,175.4417767721,1258907,176.064829846,160.08739732752875,161.2154191214491,162.76208738916637,164.69995520193325,,161.0436431869938,159.0688199448742,161.50440451745712,163.11084745039776,163.64549515868882,166.12170416741418,167.35897434037878,168.76208476206693,168.08947738709512,166.16960948665047,165.11691308858627,163.51136328518805,162.57896241037955,160.5625608802925,166.16960948665047,160.5625608802925,164.69995520193325,164.9659377772155,164.4875060402017,"rgba(38, 166, 154, 0.5)",12.547322076793735,164.06617257634917,0.7628115732561628,59.2020258620851,4.8438029895164405,True,False,True,False,True,4.082177591008673,0.0,0.0,0.0,0.0,0,1.0518989304131774,0.905697082130307,False,False,False,False,0.3428282489301815,0.33896819983129195,False,False,False,False,8217503,6374181.782958046,False,False,False,False,1025739.8142327853,False,False,False,False
2025-08-15 00:00:00+00:00,169.61,174.9333654637,167.63,173.5177888797,1580376,173.09231883059627,160.5533198406536,161.59560740175124,163.03287978962987,164.8810423185516,,161.7419110634455,159.65195259020462,161.84917134046825,163.36019959659004,163.86786212691567,166.24917032522058,167.4450091459367,168.8055009753934,168.14225752923363,166.24447230872488,165.20661000919162,163.62135943681903,162.69947311787067,160.7051309823533,166.24447230872488,160.7051309823533,164.8810423185516,164.6310336362365,164.73575070021332,#000000,12.461200123034889,163.75987558122497,0.4694671749923119,57.72665237069412,4.8438029895164405,True,False,True,False,True,2.4850440570616144,0.0,0.0,0.0,0.0,0,1.0453913859336479,0.9398743786748642,False,False,False,False,0.02939958683193024,0.1841838933316111,False,False,False,False,6637127,6393659.2064426355,False,False,False,False,1066823.9761414677,False,False,False,False
2025-08-22 00:00:00+00:00,175.96,176.46,169.43,169.71,798335,173.2805510463968,160.84332743410718,161.84018931049593,163.2172663800913,165.0166873301643,,162.17109164592222,160.00439923485058,162.0735104519652,163.53254862549747,164.02534773078506,166.3554147671767,167.52794189035163,168.86236164068276,168.20043480050504,166.3079218876903,165.27669329278226,163.7003165433118,162.78293192680098,160.79834025025696,166.3079218876903,160.79834025025696,165.0166873301643,164.83960430025112,164.9060972675427,"rgba(38, 166, 154, 0.5)",12.427805853664921,164.0748423403192,0.9563359614421322,58.05590616090247,4.8438029895164405,True,False,True,False,True,4.767090749894933,0.0,0.0,0.0,0.0,0,1.0574592746757467,0.9034534075519494,False,False,False,False,0.10594145614809021,0.14506267473985066,False,True,False,False,7435462,6470829.78374318,False,False,False,False,1046935.9038346923,False,False,False,False
2025-08-29 00:00:00+00:00,170.6,175.64,168.729,175.64,926476,172.95084733522694,161.10831890727474,162.0606483533336,163.37949765397423,165.12997082756894,,162.54290350544318,160.32845099217286,162.27534134999635,163.6831407717471,164.16121527011953,166.43895014480685,167.5881327722159,168.897745457222,168.24014813985247,166.35854743899012,165.33549075336674,163.77027768715357,162.85867024393067,160.88629869326516,166.35854743899012,160.88629869326516,165.12997082756894,164.92585661547568,165.05145758425664,#000000,12.315318326616389,164.23263018502945,0.5170284393874833,56.82805161152265,4.8438029895164405,True,False,True,False,False,2.662001532852461,0.0,0.0,0.0,0.0,0,1.0496744037763102,0.9263162230220363,False,False,False,False,0.02548448242695245,0.08527357858340155,False,False,False,False,6508986,6473656.170132575,False,False,False,False,1038012.9479950855,False,False,False,False
2025-09-05 00:00:00+00:00,170.46,173.62,167.51,168.94,772857,172.6002784787841,161.2970702126373,162.21640297303728,163.492355675212,165.20574918727644,,162.79580699041878,160.55975708472738,162.4178673853013,163.78740514892277,164.25442337624935,166.49203212775055,167.62348263483528,168.91480909037892,168.26189038731454,166.39122739722814,165.37512272659464,163.81950214297825,162.91290526970647,160.95102961249466,166.39122739722814,160.95102961249466,165.20574918727644,164.9623713053894,165.1498701623127,#000000,12.080554950388676,164.31322819164188,0.5088153510828872,55.91372101031827,4.8438029895164405,True,False,True,False,False,2.60741479505295,0.0,0.0,0.0,0.0,0,1.0458233265861285,0.9358555702446907,False,False,False,False,-0.2944884384020865,-0.10460742990934246,False,False,False,False,5736129,6419024.527900532,False,False,False,False,1018371.7666621162,False,False,False,False
2025-09-12 00:00:00+00:00,169.26,173.19,167.57,169.35,1330393,172.08275260947866,161.58741618148284,162.4554527545955,163.6646627811258,165.3189860720367,,163.16852858472993,160.9146222006425,162.63691020842555,163.94626949791743,164.39577785803567,166.56881775885282,167.67177867455868,168.9341103010457,168.28994966976563,166.43933552057447,165.4351627802681,163.8960996065934,162.99819821828018,161.0544672465152,166.43933552057447,161.0544672465152,165.3189860720367,165.0218540797439,165.29661002745485,#000000,11.80459490061598,164.43832989408347,0.40845705816342104,54.92643651407695,4.8438029895164405,True,False,True,False,False,2.1332304444179435,0.0,0.0,0.0,0.0,0,1.0862170414203636,0.9149625036257475,False,False,False,False,-0.34282825441539394,-0.2237178421623682,False,False,False,False,4405736,6269892.044352344,False,False,False,False,1041484.4506130705,False,False,False,False
2025-09-19 00:00:00+00:00,170.97,173.275,166.79,169.19,1958884,171.68813565955966,161.99716741187058,162.7965083203671,163.91508269151427,165.48767613526064,170.34499999999997,163.67608189326026,161.40887760525,162.95114596580336,164.1782094660804,164.60352016415067,166.6865054297838,167.74923347426062,168.96990189263533,168.33748584084216,166.51438617516706,165.52712294993015,164.011549065735,163.12600157670474,161.20813597574562,166.51438617516706,161.20813597574562,165.48767613526064,165.17691404371445,165.89059617320666,"rgba(38, 166, 154, 0.5)",11.62188840800383,166.7795237895175,0.36056758276878476,54.65898831240824,8.976503184140533,True,False,True,False,False,2.7749139220125976,0.0,0.0,0.0,0.0,0,1.0837300422608636,0.8838959883887268,False,False,False,False,-0.34282825441539394,-0.28327304828888106,False,False,False,False,6364620,6276908.929955874,False,False,False,False,1109439.9727898801,False,False,False,False
2025-09-26 00:00:00+00:00,170.88,173.94,167.915,170.47,956773,171.61061249455767,162.19633563249198,162.96430986852664,164.04088164328329,165.57515902911604,170.53095169687882,163.9176811664677,161.64606742195897,163.10655917135853,164.29534762796257,164.70930467074055,166.7498574376249,167.7933632760924,168.9936668317544,168.36624404918143,166.55527332429932,165.57593497715882,164.07136019277533,163.19159577437722,161.28590029772172,166.55527332429932,161.28590029772172,165.57515902911604,165.2774597335951,166.01090433500204,#000000,11.521808778259937,166.92632819496578,0.3431467993544774,54.43997095790551,8.610637606105811,True,False,True,False,False,2.7381479667834867,0.0,0.0,0.0,0.0,1,1.0924028628830698,0.8871819438657855,False,False,False,False,-0.25379168740800645,-0.26853236784844375,False,False,False,False,5407847,6212533.972181365,False,False,False,False,1098131.308138778,False,False,False,False
2025-10-03 00:00:00+00:00,174.0,174.99,169.91,171.4,980757,171.7365108369539,162.4374763623138,163.17191819061577,164.2024135751885,165.6953766666911,171.14403965586476,164.21715461685366,161.92848707274914,163.30001202945382,164.4472699702056,164.84884896813247,166.84396247683097,167.86631958509557,169.04289305706968,168.41833086406348,166.61580570732085,165.6439807032451,164.14970262820086,163.27529232899104,161.38107495700297,166.61580570732085,161.38107495700297,165.6953766666911,165.44873912635262,166.2057318296319,"rgba(38, 166, 154, 0.5)",11.373246523773176,167.25654804560537,0.5929223410658497,55.11511376397499,8.610637606105811,True,False,True,False,False,3.9266477952504566,0.0,0.0,0.0,0.0,1,1.1818342185205761,0.8458269934050813,False,False,False,False,-0.11024830110615154,-0.18939033447729764,False,True,False,False,6388604,6225576.1964642275,False,False,False,False,1089436.914943313,False,False,False,False
2025-10-10 00:00:00+00:00,170.57,177.2,169.53,174.1,694400,171.77949065136812,162.5934600984195,163.30605014029825,164.30654438396962,165.77208439458607,171.33905638484444,164.4052671254983,162.11081758208698,163.4251471311836,164.54512054813935,164.93852565564583,166.90323136416808,167.91146988553015,169.0723772417344,168.45026069312866,166.65443605527545,165.6879518938813,164.20103667010994,163.33047639263762,161.44446938467095,166.65443605527545,161.44446938467095,165.77208439458607,165.5515259337283,166.31012736119598,#000000,11.288112128563897,167.40865793594946,0.28005941365969794,54.474150777741855,8.368521358576103,True,False,True,False,False,2.4968082578256094,0.0,0.0,0.0,0.0,1,1.2237229923346946,0.7990207674650271,False,False,False,False,-0.02646785879989,-0.10792909663859382,False,False,False,False,5694204,6186215.293022433,False,False,False,False,1060174.9212438082,False,False,False,False
2025-10-17 00:00:00+00:00,165.04,171.715,164.195,171.49,903011,171.42335853808888,162.6807712584501,163.37402713208706,164.3498696792233,165.7897547486635,170.62311333451646,164.47980610547293,162.21836814916054,163.48743345926152,164.58336075660975,164.96949004346794,166.90432090271202,167.89968905924954,169.04901684918332,168.4352453792936,166.65725184126526,165.69877067862467,164.22327927505418,163.35887762724994,161.4854781487641,166.65725184126526,161.4854781487641,165.7897547486635,165.52355627130257,166.26498440389275,#000000,11.097089801120807,167.18616153180972,-0.19339859100653234,52.40321275951492,6.24615369944847,True,False,False,False,False,0.2539697988236469,0.0,0.0,0.0,0.0,1,1.1183789843838674,0.8365892960873883,False,False,False,False,-0.34282825441539394,-0.22537867552699387,False,False,False,False,4791193,6082880.308354106,False,False,False,False,1048533.1492998224,False,False,False,False
