date,Open,High,Low,Close,Volume,aVWAP_peak_857,aVWAP_peak_837,aVWAP_peak_780,aVWAP_peak_761,aVWAP_peak_732,aVWAP_peak_705,aVWAP_peak_690,aVWAP_peak_651,aVWAP_peak_636,aVWAP_valley_876,aVWAP_valley_840,aVWAP_valley_796,aVWAP_valley_775,aVWAP_valley_748,aVWAP_valley_726,aVWAP_valley_695,aVWAP_valley_670,aVWAP_valley_623,aVWAP_valley_600,aVWAP_valley_571,aVWAP_valley_535,aVWAP_valley_514,aVWAP_valley_468,aVWAP_valley_415,aVWAP_valley_368,aVWAP_valley_343,aVWAP_valley_313,aVWAP_valley_270,aVWAP_valley_240,aVWAP_valley_202,aVWAP_valley_138,aVWAP_OB_bull_796,aVWAP_OB_bull_514,aVWAP_OB_bull_202,aVWAP_OB_bear_690,Peaks_avg,Valleys_avg,color,StDev,StDev_Mean,StdDev_ZScore,QQEMOD,QQE1_Value,QQE1_Above_Upper,QQE1_Below_Lower,QQE2_Above_Threshold,QQE2_Below_Threshold,QQE2_Above_TL,banker_RSI,OB,OB_High,OB_Low,OB_Mitigated_Index,TTM_squeeze_Active,VI_plus,VI_minus,VI_Regular_Bullish,VI_Regular_Bearish,VI_Hidden_Bullish,VI_Hidden_Bearish,Fisher,Fisher_Signal,Fisher_Regular_Bullish,Fisher_Regular_Bearish,Fisher_Hidden_Bullish,Fisher_Hidden_Bearish,OBV,OBV_Smoothed,OBV_Regular_Bullish,OBV_Regular_Bearish,OBV_Hidden_Bullish,OBV_Hidden_Bearish,Volume_MA,Vol_Regular_Bullish,Vol_Regular_Bearish,Vol_Hidden_Bullish,Vol_Hidden_Bearish
2025-03-05 15:00:00+00:00,389.71,393.36,389.71,392.5,65140.0,,,,,,,,,,,,,,,,,,,,,,,,,,,,,,,,,,,,,,#000000,,,,,,False,False,False,False,False,,0.0,0.0,0.0,0.0,0,,,False,False,False,False,,,False,False,False,False,0.0,0.0,False,False,False,False,65140.0,False,False,False,False
2025-03-05 16:00:00+00:00,392.5,392.655,390.165,392.21,57230.0,,,,,,,,,,,,,,,,,,,,,,,,,,,,,,,,,,,,,,"rgba(239, 83, 80, 0.5)",,,,0.0,,False,False,False,True,False,,0.0,0.0,0.0,0.0,0,,,False,False,False,False,,,False,False,False,False,-57230.0,-887.2868217054263,False,False,False,False,65017.36434108527,False,False,False,False
2025-03-05 17:00:00+00:00,392.1,396.94,392.065,396.915,84268.0,,,,,,,,,,,,,,,,,,,,,,,,,,,,,,,,,,,,,,"rgba(239, 83, 80, 0.5)",,,,31.601925444979187,-97.40288816746879,False,False,False,True,True,,0.0,0.0,0.0,0.0,0,,,False,False,False,False,,,False,False,False,False,27038.0,-454.33663842317156,False,False,False,False,65315.82380866534,False,False,False,False
2025-03-05 18:00:00+00:00,396.935,397.14,394.3,396.705,69704.0,,,,,,,,,,,,,,,,,,,,,,,,,,,,,,,,,,,,,,"rgba(38, 166, 154, 0.5)",,,,51.233846698223275,-76.5739664950512,False,False,True,False,True,,0.0,0.0,0.0,0.0,0,,,False,False,False,False,,,False,False,False,False,-42666.0,-1108.781031625913,False,False,False,False,65383.85754806587,False,False,False,False
2025-03-05 19:00:00+00:00,396.705,399.98,396.305,399.905,135316.0,,,,,,,,,,,,,,,,,,,,,,,,,,,,,,,,,,,,,,"rgba(38, 166, 154, 0.5)",,,,65.70876371565343,-59.66814838336202,False,False,True,False,True,,0.0,0.0,0.0,0.0,0,,,False,False,False,False,,,False,False,False,False,92650.0,344.8434804923181,False,False,False,False,66468.07681088656,False,False,False,False
2025-03-05 20:00:00+00:00,399.835,401.66,398.93,400.73,220444.0,,,,,,,,,,,,,,,,,,,,,,,,,,,,,,,,,,,,,,"rgba(38, 166, 154, 0.5)",,,,75.55935149274565,-46.23176619969266,False,False,True,False,True,,0.0,0.0,0.0,0.0,0,,,False,False,False,False,,,False,False,False,False,313094.0,5193.6676125777085,False,False,False,False,68855.30042622166,False,False,False,False
2025-03-06 15:00:00+00:00,397.16,402.11,396.88,400.29,111209.0,,,,,,,,,,,,,,,,,,,,,,,,,,,,,,,,,,,,,,"rgba(38, 166, 154, 0.5)",,,,80.11537974518023,-36.96478764459462,False,False,True,False,True,,-1.0,402.11,396.88,246.0,0,,,False,False,False,False,,,False,False,False,False,201885.0,8243.14563408813,False,False,False,False,69511.94693124147,False,False,False,False
2025-03-06 16:00:00+00:00,400.37,401.89,396.64,396.68,60243.0,,,,,,,,,,,,,,,,,,,,,,,,,,,,,,,,,,,,,,"rgba(38, 166, 154, 0.5)",,,,72.18035754360412,-36.96478764459462,False,False,True,False,True,,0.0,0.0,0.0,0.0,0,,,False,False,False,False,,,False,False,False,False,141642.0,10311.344926582888,False,False,False,False,69368.24232765633,False,False,False,False
2025-03-06 17:00:00+00:00,396.62,397.8,395.225,397.47,45907.0,,,,,,,,,,,,,,,,,,,,,,,,,,,,,,,,,,,,,,"rgba(38, 166, 154, 0.5)",,,,68.1028916301103,-36.96478764459462,False,False,True,False,True,,0.0,0.0,0.0,0.0,0,,,False,False,False,False,,,False,False,False,False,187549.0,13059.215547876176,False,False,False,False,69004.50213652989,False,False,False,False
2025-03-06 18:00:00+00:00,397.405,398.23,395.95,396.84,72660.0,,,,,,,,,,,,,,,,,,,,,,,,,,,,,,,,,,,,,,"rgba(38, 166, 154, 0.5)",,,,63.995670169305335,-36.96478764459462,False,False,True,False,True,,0.0,0.0,0.0,0.0,0,,,False,False,False,False,,,False,False,False,False,114889.0,14637.971895971117,False,False,False,False,69061.17652201005,False,False,False,False
2025-03-06 19:00:00+00:00,396.85,397.1,394.25,394.99,132630.0,,,,,,,,,,,,,,,,,,,,,,,,,,,,,,,,,,,,,,"rgba(38, 166, 154, 0.5)",,,,57.7853467222822,-36.96478764459462,False,False,True,False,True,,0.0,0.0,0.0,0.0,0,,,False,False,False,False,,,False,False,False,False,-17741.0,14135.972331692496,False,False,False,False,70046.73967670756,False,False,False,False
2025-03-06 20:00:00+00:00,394.93,397.875,394.605,396.95,129430.0,,,,,,,,,,,,,,,,,,,,,,,,,,,,,,,,,,,,,,"rgba(38, 166, 154, 0.5)",,,,56.96063214928419,-35.15115686583601,False,False,True,False,True,,0.0,0.0,0.0,0.0,0,,,False,False,False,False,,,False,False,False,False,111689.0,15648.422373061603,False,False,False,False,70967.41037939426,False,False,False,False
2025-03-07 15:00:00+00:00,392.24,393.88,388.37,390.75,91476.0,,,,,,,,,,,,,,,,,,,,,,,,,,,,,,,,,,,,,,"rgba(239, 83, 80, 0.5)",,,,49.16220512222421,-35.15115686583601,False,False,False,True,True,,0.0,0.0,0.0,0.0,0,,,False,False,False,False,,,False,False,False,False,20213.0,15719.191018440493,False,False,False,False,71285.3730091711,False,False,False,False
2025-03-07 16:00:00+00:00,390.6,390.6,385.81,386.585,70667.0,,,,,,,,,,,,,,,,,,,,,,,,,,,,,,,,,,,,,,"rgba(239, 83, 80, 0.5)",,,,41.40037963546796,-35.15115686583601,False,False,False,True,False,,0.0,0.0,0.0,0.0,0,,,False,False,False,False,,,False,False,False,False,-50454.0,14693.250072418161,False,False,False,False,71275.78583073434,False,False,False,False
2025-03-07 17:00:00+00:00,386.655,390.485,385.575,388.35,48952.0,,,,,,,,,,,,,,,,,,,,,,,,,,,,,,,,,,,,,,"rgba(239, 83, 80, 0.5)",,,,38.65837699008041,-35.15115686583601,False,False,False,True,False,,0.0,0.0,0.0,0.0,0,,,False,False,False,False,,,False,False,False,False,-1502.0,14442.160924008578,False,False,False,False,70929.68062405629,False,False,False,False
2025-03-07 18:00:00+00:00,388.345,391.76,388.31,391.745,38371.0,,,,,,,,,,,,,,,,,,,,,,,,,,,,,,,,,,,,,,"rgba(239, 83, 80, 0.5)",,,,40.74256362651886,-35.15115686583601,False,False,False,True,False,,0.0,0.0,0.0,0.0,0,,,False,False,False,False,,,False,False,False,False,36869.0,14789.863855419297,False,False,False,False,70424.89487794688,False,False,False,False
2025-03-07 19:00:00+00:00,391.655,394.225,391.39,393.105,54276.0,,,,,,,,,,,,,,,,,,,,,,,,,,,,,,,,,,,,,,"rgba(239, 83, 80, 0.5)",,,,43.47884905140516,-32.07433207367821,False,False,False,True,False,,0.0,0.0,0.0,0.0,0,,,False,False,False,False,,,False,False,False,False,91145.0,15973.664415800391,False,False,False,False,70174.5244147229,False,False,False,False
2025-03-07 20:00:00+00:00,393.06,394.235,390.4,393.27,104650.0,,,,,,,,,,,,,,,,,,,,,,,,,,,,,,,,,,,,,,"rgba(239, 83, 80, 0.5)",,,,45.47169536858267,-27.42566870189618,False,False,False,True,False,,0.0,0.0,0.0,0.0,0,,,False,False,False,False,,,False,False,False,False,195795.0,18761.592099276353,False,False,False,False,70709.02791216905,False,False,False,False
2025-03-10 14:00:00+00:00,385.0,386.35,379.5,379.8,133797.0,,,,,,,,,,,,,,,,,,,,,,,,,,,,,,,,,,,,,,"rgba(239, 83, 80, 0.5)",,,,38.94449914744233,-27.42566870189618,False,False,False,True,False,,0.0,0.0,0.0,0.0,0,,,False,False,False,False,,,False,False,False,False,61998.0,19431.92400471393,False,False,False,False,71687.13600655402,False,False,False,False
2025-03-10 15:00:00+00:00,379.77,380.55,379.49,379.74,9690.0,,,,,,,,,,,,,,,,,,,,,,,,,,,,,,,,,,,,,,"rgba(239, 83, 80, 0.5)",,,,34.572476507768826,-27.42566870189618,False,False,False,True,False,,0.0,0.0,0.0,0.0,0,,,False,False,False,False,,,False,False,False,False,52308.0,19941.630609292006,False,False,False,False,70725.94009947567,False,False,False,False
2025-03-10 16:00:00+00:00,379.74,379.74,379.74,379.74,0.0,,,,,,,,,,,,,,,,,,,,,,,,,,,,,,,,,,,,,,"rgba(239, 83, 80, 0.5)",,,,31.657794747986493,-27.42566870189618,False,False,False,True,False,,0.0,0.0,0.0,0.0,0,,,False,False,False,False,,,False,False,False,False,52308.0,20443.43478589213,False,False,False,False,69629.41389638302,False,False,False,False
2025-03-10 17:00:00+00:00,379.74,381.295,378.91,379.445,54305.0,,,,,,,,,,,,,,,,,,,,,,,,,,,,,,,,,,,,,,"rgba(239, 83, 80, 0.5)",,,,29.588914107420223,-27.42566870189618,False,False,False,True,False,,0.0,0.0,0.0,0.0,0,,,False,False,False,False,,,False,False,False,False,-1997.0,20095.5210682814,False,False,False,False,69391.82608403599,False,False,False,False
2025-03-10 18:00:00+00:00,379.455,380.225,378.26,378.695,48488.0,,,,,,,,,,,,,,,,,,,,,,,,,,,,,,,,,,,,,,"rgba(239, 83, 80, 0.5)",,,,27.869435219957964,-27.42566870189618,False,False,False,True,False,,0.0,0.0,0.0,0.0,0,,,False,False,False,False,,,False,False,False,False,-50485.0,19001.24942381192,False,False,False,False,69067.7357571517,False,False,False,False
2025-03-10 19:00:00+00:00,378.695,380.75,377.22,380.27,239144.0,,,,,,,,,,,,,,,,,,,,,,,,,,,,,,,,,,,,,,"rgba(239, 83, 80, 0.5)",,,,28.903157776342802,-27.42566870189618,False,False,False,True,False,,0.0,0.0,0.0,0.0,0,,,False,False,False,False,,,False,False,False,False,188659.0,21631.602145923363,False,False,False,False,71704.57706324238,False,False,False,False
2025-03-11 14:00:00+00:00,381.395,384.4,380.265,382.02,117737.0,,,,,,,,,,,,,,,,,,,,,,,,,,,,,,,,,,,,,,"rgba(239, 83, 80, 0.5)",,,,31.83852306060802,-27.42566870189618,False,False,False,True,False,,0.0,0.0,0.0,0.0,0,,,False,False,False,False,,,False,False,False,False,306396.0,26046.55405063773,False,False,False,False,72418.25803900606,False,False,False,False
2025-03-11 15:00:00+00:00,382.05,385.95,381.77,381.885,84860.0,,,,,,,,,,,,,,,,,,,,,,,,,,,,,,,,,,,,,,"rgba(239, 83, 80, 0.5)",,,,33.689836649602796,-27.42566870189618,False,False,False,True,False,,0.0,0.0,0.0,0.0,0,,,False,False,False,False,,,False,False,False,False,221536.0,29077.398173883656,False,False,False,False,72611.15326320753,False,False,False,False
2025-03-11 16:00:00+00:00,381.98,381.98,378.8,379.41,73247.0,,,,,,,,,,,,,,,,,,,,,,,,,,,,,,,,,,,,,,"rgba(239, 83, 80, 0.5)",,,,33.08334582893242,-27.10019589507412,False,False,False,True,False,,0.0,0.0,0.0,0.0,0,,,False,False,False,False,,,False,False,False,False,148289.0,30925.640062660656,False,False,False,False,72621.01135215005,False,False,False,False
2025-03-11 17:00:00+00:00,379.32,379.765,376.935,379.08,74273.0,,,,,,,,,,,,,,,,,,,,,,,,,,,,,,,,,,,,,,"rgba(239, 83, 80, 0.5)",,378.5933333333333,,32.44878870847035,-26.71738046650833,False,False,False,True,False,,0.0,0.0,0.0,0.0,0,,,False,False,False,False,,,False,False,False,False,74016.0,31593.7076585884,False,False,False,False,72646.6235792485,False,False,False,False
2025-03-11 18:00:00+00:00,379.045,384.56,379.035,384.0,65614.0,,,,,,,,,,,,,,,,,,,,,,,,,,,,,,,,,,,,,,"rgba(239, 83, 80, 0.5)",,380.4406086579406,,38.141381254393906,-20.576281976800153,False,False,False,True,True,,0.0,0.0,0.0,0.0,0,,,False,False,False,False,,,False,False,False,False,139630.0,33268.68893519943,False,False,False,False,72537.59065553921,False,False,False,False
2025-03-11 19:00:00+00:00,383.84,385.385,380.125,380.25,86114.0,,,,,,,,,,,,,,,,,,,,,,,,,,,,,,,,,,,,,,"rgba(239, 83, 80, 0.5)",,381.00430663286147,,38.86478319144898,-19.28946990018067,False,False,False,True,True,,0.0,0.0,0.0,0.0,0,,,False,False,False,False,,,False,False,False,False,53516.0,33582.6007346537,False,False,False,False,72748.07762212,False,False,False,False
2025-03-12 14:00:00+00:00,380.985,381.65,379.435,379.745,87539.0,,,,,,,,,,,,,,,,,,,,,,,,,,,,,,,,,,,,,,"rgba(239, 83, 80, 0.5)",,380.801152729051,,38.9786637528345,-18.50022478194729,False,False,False,True,True,,0.0,0.0,0.0,0.0,0,,,False,False,False,False,,,False,False,False,False,-34023.0,32534.45188605442,False,False,False,False,72977.39424813366,False,False,False,False
2025-03-12 15:00:00+00:00,379.765,383.225,378.99,383.11,61276.0,,,,,,,,,,,,,,,,,,,,,,,,,,,,,,,,,,,,,,"rgba(239, 83, 80, 0.5)",,380.96036008779413,,42.50925237371625,-14.591306165379812,False,False,False,True,True,,0.0,0.0,0.0,0.0,1,,,False,False,False,False,,,False,False,False,False,27253.0,32452.568911076833,False,False,False,False,72795.9772830463,False,False,False,False
2025-03-12 16:00:00+00:00,383.165,385.155,382.695,383.455,44930.0,,,,,,,,,,,,,,,,,,,,,,,,,,,,,,,,,,,,,,"rgba(239, 83, 80, 0.5)",,381.2609281406692,,45.1871413069183,-11.655052586695263,False,False,False,True,True,,0.0,0.0,0.0,0.0,0,,,False,False,False,False,,,False,False,False,False,72183.0,33068.54458687409,False,False,False,False,72363.9466274952,False,False,False,False
2025-03-12 17:00:00+00:00,383.46,384.36,381.56,381.59,50312.0,,,,,,,,,,,,,,,,,,,,,,,,,,,,,,,,,,,,,,"rgba(239, 83, 80, 0.5)",,381.39390724123405,,45.203960938901986,-11.200873789056601,False,False,False,True,True,,0.0,0.0,0.0,0.0,0,,,False,False,False,False,,,False,False,False,False,21871.0,32894.939244441935,False,False,False,False,72022.05598210767,False,False,False,False
2025-03-12 18:00:00+00:00,381.59,385.0,381.53,384.575,70076.0,,,,,,,,,,,,,,,,,,,,,,,,,,,,,,,,,,,,,,#000000,,381.6933117399263,,48.11683979830002,-8.043179560460842,False,False,False,False,True,,0.0,0.0,0.0,0.0,0,,,False,False,False,False,,,False,False,False,False,91947.0,33810.4750701095,False,False,False,False,71991.88457153236,False,False,False,False
2025-03-12 19:00:00+00:00,384.48,384.48,380.79,383.31,141341.0,,,,,,,,,,,,,,,,,,,,,,,,,,,,,,,,,,,,,,#000000,,381.9352881665994,,48.7920703738951,-7.032389431788289,False,False,False,False,True,,0.0,0.0,0.0,0.0,0,,,False,False,False,False,,,False,False,False,False,-49394.0,32520.483208557416,False,False,False,False,73067.06465569463,False,False,False,False
2025-03-13 14:00:00+00:00,380.21,384.09,380.11,382.065,75708.0,,,,,,,,,,,,,,,,,,,,,,,,,,,,,,,,,,,,,,#000000,,381.9505906013914,,48.032859748093195,-7.032389431788289,False,False,False,False,True,,0.0,0.0,0.0,0.0,1,,,False,False,False,False,,,False,False,False,False,-125102.0,30076.723778967378,False,False,False,False,73108.00938971486,False,False,False,False
2025-03-13 15:00:00+00:00,382.08,382.81,378.87,379.33,58469.0,,,,,,,,,,,,,,,,,,,,,,,,,,,,,,,,,,,,,,"rgba(239, 83, 80, 0.5)",,381.83489846977227,,45.17474697626072,-7.032389431788289,False,False,False,True,False,,0.0,0.0,0.0,0.0,1,,,False,False,False,False,,,False,False,False,False,-183571.0,26764.355968440752,False,False,False,False,72881.0480038278,False,False,False,False
2025-03-13 16:00:00+00:00,379.38,380.69,378.18,379.63,55691.0,,,,,,,,,,,,,,,,,,,,,,,,,,,,,,,,,,,,,,"rgba(239, 83, 80, 0.5)",,381.6856658131949,,43.64015534808446,-7.032389431788289,False,False,False,True,False,,0.0,0.0,0.0,0.0,1,,,False,False,False,False,,,False,False,False,False,-127880.0,24366.76905420136,False,False,False,False,72614.53563167543,False,False,False,False
2025-03-13 17:00:00+00:00,379.63,379.91,377.83,377.97,41052.0,,,,,,,,,,,,,,,,,,,,,,,,,,,,,,,,,,,,,,"rgba(239, 83, 80, 0.5)",,381.5454805721937,,41.22897687164593,-3.7256935237213966,False,False,False,True,False,,0.0,0.0,0.0,0.0,1,,,False,False,False,False,,,False,False,False,False,-168932.0,21369.888913826144,False,False,False,False,72125.19399397503,False,False,False,False
2025-03-13 18:00:00+00:00,377.955,380.405,377.905,380.02,53769.0,,,,,,,,,,,,,,,,,,,,,,,,,,,,,,,,,,,,,,"rgba(239, 83, 80, 0.5)",,381.4284917846935,,42.267132082144855,-3.7256935237213966,False,False,False,True,False,,0.0,0.0,0.0,0.0,1,,,False,False,False,False,,,False,False,False,False,-115163.0,19253.099938417985,False,False,False,False,71840.60183902968,False,False,False,False
2025-03-13 19:00:00+00:00,379.99,380.49,377.475,378.81,80395.0,,,,,,,,,,,,,,,,,,,,,,,,,,,,,,,,,,,,,,"rgba(239, 83, 80, 0.5)",,380.0805887612006,,41.82801058868526,-3.7256935237213966,True,False,False,True,False,,0.0,0.0,0.0,0.0,1,,,False,False,False,False,,,False,False,False,False,-195558.0,15922.695288209954,False,False,False,False,71973.22816710673,False,False,False,False
2025-03-14 14:00:00+00:00,383.18,385.44,380.68,385.44,69540.0,,,,,,,,,,,,,,,,,,,,,,,,,,,,,,,,,,,,,,#000000,,381.30500432570955,,47.84461475177945,-7.073431964470949,True,False,False,False,True,,0.0,0.0,0.0,0.0,1,,,False,False,False,False,,,False,False,False,False,-126018.0,13722.064353509024,False,False,False,False,71935.50369939965,False,False,False,False
2025-03-14 15:00:00+00:00,385.395,387.375,384.58,386.99,79807.0,,,,,,,,,,,,,,,,,,,,,,,,,,,,,,,,,,,,,,"rgba(38, 166, 154, 1.0)",,382.35557299370964,,52.895524670665,-2.4968806304303044,True,False,True,False,True,,0.0,0.0,0.0,0.0,0,,,False,False,False,False,,,False,False,False,False,-46211.0,12792.869557330589,False,False,False,False,72057.54240173454,False,False,False,False
2025-03-14 16:00:00+00:00,387.07,387.84,385.935,387.695,39381.0,,,,,,,,,,,,,,,,,,,,,,,,,,,,,,,,,,,,,,"rgba(38, 166, 154, 1.0)",,382.7474227718767,,56.73473246723957,0.8705131042298859,True,False,True,False,True,,0.0,0.0,0.0,0.0,0,,,False,False,False,False,,,False,False,False,False,-6830.0,12488.639021558021,False,False,False,False,71550.92934124253,False,False,False,False
2025-03-14 17:00:00+00:00,387.55,388.24,387.115,387.115,31492.0,,,,,,,,,,,,,,,,,,,,,,,,,,,,,,,,,,,,,,"rgba(38, 166, 154, 1.0)",,383.0209466893999,,58.5598575385276,2.445733443284304,True,False,True,False,True,,0.0,0.0,0.0,0.0,0,,,False,False,False,False,,,False,False,False,False,-38322.0,11700.877176262547,False,False,False,False,70929.86066928529,False,False,False,False
2025-03-14 18:00:00+00:00,387.125,388.42,386.78,388.35,27620.0,,,,,,,,,,,,,,,,,,,,,,,,,,,,,,,,,,,,,,"rgba(38, 166, 154, 1.0)",,383.24481631435896,,60.73049017814416,4.483928754119425,True,False,True,False,True,,0.0,0.0,0.0,0.0,0,,,False,False,False,False,,,False,False,False,False,-10702.0,11353.545747173206,False,False,False,False,70258.38996123437,False,False,False,False
2025-03-14 19:00:00+00:00,388.35,389.63,387.94,389.045,79343.0,,,,,,,,,,,,,,,,,,,,,,,,,,,,,,,,,,,,,,"rgba(38, 166, 154, 1.0)",,383.88096386726784,,62.710213224389115,6.430782062280755,True,False,True,False,True,,0.0,0.0,0.0,0.0,0,,,False,False,False,False,,,False,False,False,False,68641.0,12241.723332488351,False,False,False,False,70399.23662850205,False,False,False,False
2025-03-17 14:00:00+00:00,388.71,390.27,387.39,388.01,53490.0,,,,,,,,,,,,,,,,,,,,,,,,,,,,,,,,,,,,,,"rgba(38, 166, 154, 1.0)",,384.1875707121488,,62.44799193557714,6.430782062280755,True,False,True,False,True,,0.0,0.0,0.0,0.0,0,,,False,False,False,False,,,False,False,False,False,15151.0,12286.828397100935,False,False,False,False,70137.07792108342,False,False,False,False
2025-03-17 15:00:00+00:00,388.075,388.24,385.615,386.64,40459.0,,,,,,,,,,,,,,,,,,,,,,,,,,,,,,,,,,,,,,"rgba(38, 166, 154, 1.0)",,384.2931821773134,,60.294758773568816,6.430782062280755,True,False,True,False,True,0.0,0.0,0.0,0.0,0.0,0,,,False,False,False,False,,,False,False,False,False,-25308.0,11703.962840556735,False,False,False,False,69676.95268199685,False,False,False,False
2025-03-17 16:00:00+00:00,386.635,388.02,386.15,387.675,40768.0,,,,,,,,,,,,,,,,,,,,,,,,,,,,,,,,,,,,,,"rgba(38, 166, 154, 0.75)",,384.4120602000562,,59.96434464903196,6.430782062280755,True,False,True,False,False,0.0,0.0,0.0,0.0,0.0,0,,,False,False,False,False,,,False,False,False,False,15460.0,11762.195974811668,False,False,False,False,69228.7518652217,False,False,False,False
2025-03-17 17:00:00+00:00,387.595,390.265,386.96,389.895,44844.0,,,,,,,,,,,,,,,,,,,,,,,,,,,,,,,,,,,,,,"rgba(38, 166, 154, 0.75)",,384.6222102922854,,61.83054929560194,6.4511568536645285,True,False,True,False,False,2.0275651961498866,0.0,0.0,0.0,0.0,0,,,False,False,False,False,,,False,False,False,False,60304.0,12514.782083729317,False,False,False,False,68850.69369676863,False,False,False,False
2025-03-17 18:00:00+00:00,389.865,392.705,389.85,392.265,51040.0,,,,,,,,,,,,,,,,,,,,,,,,,,,,,,,,,,,,,,"rgba(38, 166, 154, 1.0)",,387.18748502643643,,64.8645228671831,9.546037153634401,True,False,True,False,True,4.781168528753877,0.0,0.0,0.0,0.0,0,,,False,False,False,False,,,False,False,False,False,111344.0,14047.018020415684,False,False,False,False,68574.55891077222,False,False,False,False
2025-03-17 19:00:00+00:00,392.2,392.2,388.885,388.91,60295.0,,,,,,,,,,,,,,,,,,,,,,,,,,,,,,,,,,,,,,"rgba(38, 166, 154, 0.75)",,387.07668386243535,,62.18384957391065,9.546037153634401,True,False,True,False,False,0.6572399255256585,0.0,0.0,0.0,0.0,0,,,False,False,False,False,,,False,False,False,False,51049.0,14620.692159634045,False,False,False,False,68446.19365634164,False,False,False,False
2025-03-18 14:00:00+00:00,384.05,384.57,382.82,383.125,70124.0,,,,,,,,,,,,,,,,,,,,,,,,,,,,,,,,,,,,,,"rgba(38, 166, 154, 0.75)",,386.04236284166177,,55.122978677350304,10.960968203399517,True,False,True,False,False,0.0,0.0,0.0,0.0,0.0,0,,,False,False,False,False,,,False,False,False,False,-19075.0,14098.278327701735,False,False,False,False,68472.20615779371,False,False,False,False
2025-03-18 15:00:00+00:00,383.16,383.43,382.04,382.73,65960.0,,,,,,,,,,,,,,,,,,,,,,,,,,,,,,,,,,,,,,#000000,,385.4685904334071,,50.129542934337316,6.555376433091617,True,False,False,False,False,0.0,0.0,0.0,0.0,0.0,0,,,False,False,False,False,,,False,False,False,False,-85035.0,12561.32827610946,False,False,False,False,68433.25722511474,False,False,False,False
2025-03-18 16:00:00+00:00,382.685,384.065,381.14,382.23,67684.0,,,,,,,,,,,,,,,,,,,,,,,,,,,,,,,,,,,,,,"rgba(239, 83, 80, 0.5)",,384.42169897089286,,46.41312678882923,3.329788704715426,True,False,False,True,False,0.0,0.0,0.0,0.0,0.0,0,,,False,False,False,False,,,False,False,False,False,-152719.0,9998.842566402336,False,False,False,False,68421.64083402768,False,False,False,False
2025-03-18 17:00:00+00:00,382.23,383.21,381.185,382.74,61285.0,,,,,,,,,,,,,,,,,,,,,,,,,,,,,,,,,,,,,,"rgba(239, 83, 80, 0.5)",,384.2093404503798,,44.5896194837299,1.7260958404549882,False,False,False,True,False,0.0,0.0,0.0,0.0,0.0,0,,,False,False,False,False,,,False,False,False,False,-91434.0,8426.240356070517,False,False,False,False,68310.99523970168,False,False,False,False
2025-03-18 18:00:00+00:00,382.62,383.76,382.16,383.02,41330.0,,,,,,,,,,,,,,,,,,,,,,,,,,,,,,,,,,,,,,"rgba(239, 83, 80, 0.5)",,384.15816292648964,,43.75734546846787,0.8322714145870549,False,False,False,True,False,0.0,0.0,0.0,0.0,0.0,0,,,False,False,False,False,,,False,False,False,False,-50104.0,7518.794769154694,False,False,False,False,67892.68523598537,False,False,False,False
2025-03-18 19:00:00+00:00,382.95,383.91,382.38,383.575,112846.0,,,,,,,,,,,,,,,,,,,,,,,,,,,,,,,,,,,,,,"rgba(239, 83, 80, 0.5)",,384.0815285532657,,44.00589645750679,0.783288201897328,False,False,False,True,False,0.0,0.0,0.0,0.0,0.0,0,,,False,False,False,False,,,False,False,False,False,62742.0,8374.968493663924,False,False,False,False,68589.63585248172,False,False,False,False
2025-03-19 14:00:00+00:00,387.025,387.915,385.48,385.53,40760.0,,,,,,,,,,,,,,,,,,,,,,,,,,,,,,,,,,,,,,"rgba(239, 83, 80, 0.5)",,384.24274589318236,,46.79081450330057,0.783288201897328,False,False,False,True,True,0.0,0.0,0.0,0.0,0.0,0,,,False,False,False,False,,,False,False,False,False,103502.0,9849.806191436575,False,False,False,False,68158.16862996262,False,False,False,False
2025-03-19 15:00:00+00:00,385.505,387.65,385.43,387.4,31966.0,,,,,,,,,,,,,,,,,,,,,,,,,,,,,,,,,,,,,,#000000,,384.37199438506946,,50.74698069110793,0.783288201897328,True,False,False,False,True,0.0,0.0,0.0,0.0,0.0,0,,,False,False,False,False,,,False,False,False,False,135468.0,11797.375087693374,False,False,False,False,67597.04973647483,False,False,False,False
2025-03-19 16:00:00+00:00,387.455,387.97,386.07,386.68,23480.0,,,,,,,,,,,,,,,,,,,,,,,,,,,,,,,,,,,,,,"rgba(38, 166, 154, 1.0)",,384.4586122101997,,52.32527888137629,-4.18667108241268,True,False,True,False,True,0.0,0.0,0.0,0.0,0.0,0,,,False,False,False,False,,,False,False,False,False,111988.0,13350.7181095896,False,False,False,False,66913.06446924266,False,False,False,False
2025-03-19 17:00:00+00:00,386.685,386.915,384.675,385.33,33284.0,,,,,,,,,,,,,,,,,,,,,,,,,,,,,,,,,,,,,,#000000,,384.5135422615423,,51.48104577741782,-4.18667108241268,True,False,False,False,True,0.0,0.0,0.0,0.0,0.0,0,,,False,False,False,False,,,False,False,False,False,78704.0,14363.94728618511,False,False,False,False,66391.68362475827,False,False,False,False
2025-03-19 18:00:00+00:00,385.0,388.41,385.0,388.25,43816.0,,,,,,,,,,,,,,,,,,,,,,,,,,,,,,,,,,,,,,"rgba(38, 166, 154, 1.0)",,384.65944090886853,,54.26026413831385,-1.8879897226961475,True,False,True,False,True,0.7095117120002321,0.0,0.0,0.0,0.0,0,,,False,False,False,False,,,False,False,False,False,122520.0,16040.785312755883,False,False,False,False,66041.6730259248,False,False,False,False
2025-03-19 19:00:00+00:00,388.335,389.66,387.02,387.265,47690.0,,,,,,,,,,,,,,,,,,,,,,,,,,,,,,,,,,,,,,"rgba(38, 166, 154, 1.0)",,384.83702213837825,,54.708446017205695,-1.1583863476013505,True,False,True,False,True,0.0,0.0,0.0,0.0,0.0,0,,,False,False,False,False,,,False,False,False,False,74830.0,16952.24600558137,False,False,False,False,65757.15096350736,False,False,False,False
2025-03-20 14:00:00+00:00,386.76,391.765,386.76,389.49,59055.0,,,,,,,,,,,,,,,,,,,,,,,,,,,,,,,,,,,,,,"rgba(38, 166, 154, 1.0)",,385.95453668899563,,57.25415328938587,1.5475332495229779,True,False,True,False,True,2.072111619951283,0.0,0.0,0.0,0.0,0,,,False,False,False,False,,,False,False,False,False,133885.0,18765.15692022352,False,False,False,False,65653.24164624368,False,False,False,False
2025-03-20 15:00:00+00:00,389.53,389.64,387.595,387.655,48267.0,,,,,,,,,,,,,,,,,,,,,,,,,,,,,,,,,,,,,,"rgba(38, 166, 154, 1.0)",,385.97596190473394,,56.38516549043243,1.5475332495229779,True,False,True,False,True,0.0,0.0,0.0,0.0,0.0,0,,,False,False,False,False,,,False,False,False,False,85618.0,19801.635107506874,False,False,False,False,65383.68751219339,False,False,False,False
2025-03-20 16:00:00+00:00,387.6,388.75,386.42,386.535,50096.0,,,,,,,,,,,,,,,,,,,,,,,,,,,,,,,,,,,,,,"rgba(38, 166, 154, 0.75)",,385.9391057821627,,54.382101501717614,1.5475332495229779,True,False,True,False,False,0.0,0.0,0.0,0.0,0.0,0,,,False,False,False,False,,,False,False,False,False,35522.0,20045.361694987387,False,False,False,False,65146.66910115163,False,False,False,False
2025-03-20 17:00:00+00:00,386.525,387.385,385.55,386.0,26500.0,,,,,,,,,,,,,,,,,,,,,,,,,,,,,,,,,,,,,,#000000,,385.8955518948057,,52.369855016702815,1.5475332495229779,True,False,False,False,False,0.0,0.0,0.0,0.0,0.0,0,,,False,False,False,False,,,False,False,False,False,9022.0,19874.456862506962,False,False,False,False,64547.49593679269,False,False,False,False
2025-03-20 18:00:00+00:00,385.95,386.725,384.63,385.82,29795.0,,,,,,,,,,,,,,,,,,,,,,,,,,,,,,,,,,,,,,#000000,,385.8345731696364,,50.78618079368829,5.826447965090331,False,False,False,False,False,0.0,0.0,0.0,0.0,0.0,0,,,False,False,False,False,,,False,False,False,False,-20773.0,19244.26373285569,False,False,False,False,64008.69755017575,False,False,False,False
2025-03-20 19:00:00+00:00,385.775,387.49,385.67,386.855,64145.0,,,,,,,,,,,,,,,,,,,,,,,,,,,,,,,,,,,,,,#000000,,385.8333529479652,,51.27736971352928,5.826447965090331,False,False,False,False,False,0.0,0.0,0.0,0.0,0.0,1,,,False,False,False,False,,,False,False,False,False,43372.0,19618.337163354052,False,False,False,False,64010.810766452094,False,False,False,False
2025-03-21 14:00:00+00:00,384.93,385.73,383.57,384.805,51275.0,,,,,,,,,,,,,,,,,,,,,,,,,,,,,,,,,,,,,,#000000,,385.71825198594416,,48.73276914474555,3.452580307410571,False,True,False,False,False,0.0,0.0,0.0,0.0,0.0,1,,,False,False,False,False,,,False,False,False,False,-7903.0,19191.649765472594,False,False,False,False,63813.35633596446,False,False,False,False
2025-03-21 15:00:00+00:00,384.855,385.14,382.92,383.52,43730.0,,,,,,,,,,,,,,,,,,,,,,,,,,,,,,,,,,,,,,"rgba(239, 83, 80, 1.0)",,385.30947760268435,,45.521130657728676,0.31754352850080636,False,True,False,True,False,0.0,0.0,0.0,0.0,0.0,1,,,False,False,False,False,,,False,False,False,False,-51633.0,18093.59317996139,False,False,False,False,63501.98647029059,False,False,False,False
2025-03-21 16:00:00+00:00,383.425,386.22,382.99,386.09,40217.0,,,,,,,,,,,,,,,,,,,,,,,,,,,,,,,,,,,,,,"rgba(239, 83, 80, 1.0)",5.873935888296669,385.37561681431356,0.12161916630887387,47.234267513453275,0.31754352850080636,False,True,False,True,False,0.0,0.0,0.0,0.0,0.0,1,,,False,False,False,False,,,False,False,False,False,-11416.0,17636.08010740385,False,False,False,False,63140.97892811554,False,False,False,False
2025-03-21 17:00:00+00:00,386.0,386.7,384.425,385.855,34136.0,,,,,,,,,,,,,,,,,,,,,,,,,,,,,,,,,,,,,,#000000,5.834048080793367,385.4259416187288,0.07354385416941182,48.052868051045664,0.31754352850080636,False,True,False,False,True,0.0,0.0,0.0,0.0,0.0,1,,,False,False,False,False,,,False,False,False,False,-45552.0,16656.419950699914,False,False,False,False,62691.2893323308,False,False,False,False
2025-03-21 18:00:00+00:00,385.855,386.305,385.14,385.925,55309.0,,,,,,,,,,,,,,,,,,,,,,,,,,,,,,,,,,,,,,#000000,5.796417386845282,385.47437054154096,0.07774275528910872,48.705568636788264,0.31754352850080636,False,True,False,False,True,0.0,0.0,0.0,0.0,0.0,1,,,False,False,False,False,,,False,False,False,False,9757.0,16549.452199526273,False,False,False,False,62576.83523415513,False,False,False,False
2025-03-21 19:00:00+00:00,385.925,391.695,385.075,391.32,153688.0,,,,,,,,,,,,,,,,,,,,,,,,,,,,,,,,,,,,,,"rgba(38, 166, 154, 1.0)",5.695017355959896,386.16403057393035,0.9053474473916869,55.07448208267079,0.1884342408805466,True,False,True,False,True,4.316123774073731,0.0,0.0,0.0,0.0,1,,,False,False,False,False,,,False,False,False,False,163445.0,18826.902553021988,False,False,False,False,63989.411432075205,False,False,False,False
2025-03-24 14:00:00+00:00,391.83,392.57,389.88,391.925,83737.0,,,,,,,,,,,,,,,,,,,,,,,,,,,,,,,,,,,,,,"rgba(38, 166, 154, 1.0)",5.603862488747612,386.5729099507968,0.9550716242502418,59.78171814942783,4.404369530957638,True,False,True,False,True,4.940262802101099,0.0,0.0,0.0,0.0,0,,,False,False,False,False,,,False,False,False,False,247182.0,22367.291660727074,False,False,False,False,64295.575595919,False,False,False,False
2025-03-24 15:00:00+00:00,391.925,393.425,391.81,392.975,78131.0,,,,,,,,,,,,,,,,,,,,,,,,,,,,,,,,,,,,,,"rgba(38, 166, 154, 1.0)",5.431154332863982,386.96837073869733,1.1059581247685237,63.71506633015743,7.845044341277912,True,False,True,False,True,6.018957599659824,0.0,0.0,0.0,0.0,0,,,False,False,False,False,,,False,False,False,False,325313.0,27064.12434815766,False,False,False,False,64510.07829985824,False,False,False,False
2025-03-24 16:00:00+00:00,392.975,393.385,392.185,392.35,51805.0,,,,,,,,,,,,,,,,,,,,,,,,,,,,,,,,,,,,,,"rgba(38, 166, 154, 1.0)",5.210284668261817,387.1889473061135,0.9905510010469882,65.16089941475619,9.065784039910014,True,False,True,False,True,5.2683053046530475,0.0,0.0,0.0,0.0,0,,,False,False,False,False,,,False,False,False,False,273508.0,30884.95962958157,False,False,False,False,64313.1003417209,False,False,False,False
2025-03-24 17:00:00+00:00,392.355,392.73,391.88,392.185,40106.0,,,,,,,,,,,,,,,,,,,,,,,,,,,,,,,,,,,,,,"rgba(38, 166, 154, 1.0)",4.991594473451067,387.3318956796449,0.9722553276648258,65.79741732169236,9.73839500412776,True,False,True,False,True,5.068461127673327,0.0,0.0,0.0,0.0,0,,,False,False,False,False,,,False,False,False,False,233402.0,34024.75870509193,False,False,False,False,63937.79646045391,False,False,False,False
2025-03-24 18:00:00+00:00,392.115,392.82,391.66,392.73,40576.0,,,,,,,,,,,,,,,,,,,,,,,,,,,,,,,,,,,,,,"rgba(38, 166, 154, 1.0)",4.89731865228125,387.4702804774766,1.0739998550172682,66.78043791644738,10.888573988770062,True,False,True,False,True,5.650400636783726,0.0,0.0,0.0,0.0,0,,,False,False,False,False,,,False,False,False,False,273978.0,37744.96399648585,False,False,False,False,63575.598065718186,False,False,False,False
2025-03-24 19:00:00+00:00,392.75,393.59,392.285,393.155,79627.0,,,,,,,,,,,,,,,,,,,,,,,,,,,,,,,,,,,,,,"rgba(38, 166, 154, 1.0)",4.784142890654296,387.74988770766976,1.1297974194894906,67.8810781525691,12.221806127914569,True,False,True,False,True,6.106593795178799,0.0,0.0,0.0,0.0,0,,,False,False,False,False,,,False,False,False,False,353605.0,42642.01881824576,False,False,False,False,63824.45701043573,False,False,False,False
2025-03-25 14:00:00+00:00,394.63,395.785,393.71,395.55,77515.0,,,,,,,,,,,,,,,,,,,,,,,,,,,,,,,,,,,,,,"rgba(38, 166, 154, 1.0)",4.746407359237056,388.0945072602006,1.570765460172769,70.74104160375065,15.171002932898716,True,False,True,False,True,8.617602715179324,0.0,0.0,0.0,0.0,0,,,False,False,False,False,,,False,False,False,False,431120.0,48664.93325517218,False,False,False,False,64036.71349089409,False,True,False,False
2025-03-25 15:00:00+00:00,395.56,396.31,394.07,394.345,42752.0,,,,,,,,,,,,,,,,,,,,,,,,,,,,,,,,,,,,,,"rgba(38, 166, 154, 1.0)",4.730218366290574,389.21381469446067,1.0847671097187053,69.90314156271717,15.171002932898716,True,False,True,False,True,7.081669846035663,0.0,0.0,0.0,0.0,0,,,False,False,False,False,,,False,False,False,False,388368.0,53931.64746827028,False,False,False,False,63706.717932895735,False,False,False,False
2025-03-25 16:00:00+00:00,394.345,394.875,393.9,394.365,45667.0,,,,,,,,,,,,,,,,,,,,,,,,,,,,,,,,,,,,,,"rgba(38, 166, 154, 1.0)",4.657192047335567,389.3080969655899,1.0858266060346806,69.36579387796864,15.171002932898716,True,False,True,False,True,7.102792248317257,0.0,0.0,0.0,0.0,0,,,False,False,False,False,,,False,False,False,False,434035.0,59824.72270132035,False,False,False,False,63427.03238354851,False,False,False,False
2025-03-25 17:00:00+00:00,394.42,394.92,394.34,394.835,33878.0,,,,,,,,,,,,,,,,,,,,,,,,,,,,,,,,,,,,,,"rgba(38, 166, 154, 1.0)",4.7387068008206645,389.40990508672854,1.1448471368458377,69.54004461793619,15.171002932898716,True,False,True,False,True,7.605393123820495,0.0,0.0,0.0,0.0,0,,,False,False,False,False,,,False,False,False,False,467913.0,66151.6727369588,False,False,False,False,62968.907850470234,False,False,False,False
2025-03-25 18:00:00+00:00,394.76,395.8,394.595,394.68,31628.0,,,,,,,,,,,,,,,,,,,,,,,,,,,,,,,,,,,,,,"rgba(38, 166, 154, 1.0)",4.8459004109445605,389.51494180894105,1.0658613989246615,69.22877284208623,15.171002932898716,True,False,True,False,True,7.400131860489498,0.0,0.0,0.0,0.0,0,,,False,False,False,False,,,False,False,False,False,436285.0,71890.17393483542,False,False,False,False,62483.00230240093,False,False,False,False
2025-03-25 19:00:00+00:00,394.68,395.42,393.38,395.1,57711.0,,,,,,,,,,,,,,,,,,,,,,,,,,,,,,,,,,,,,,"rgba(38, 166, 154, 1.0)",4.951838668433986,389.66231985491714,1.0981133492385244,69.57555945917596,15.6425498351837,True,False,True,False,True,7.861409424626089,0.0,0.0,0.0,0.0,0,,,False,False,False,False,,,False,False,False,False,493996.0,78434.45030793874,False,False,False,False,62409.01777058076,False,False,False,False
2025-03-26 14:00:00+00:00,392.365,394.52,392.215,394.505,62842.0,,,,,,,,,,,,,,,,,,,,,,,,,,,,,,,,,,,,,,"rgba(38, 166, 154, 0.75)",5.0044797697428685,389.75772216008636,0.9486056609951192,67.98331807168358,15.6425498351837,True,False,True,False,False,7.0520387608585935,0.0,0.0,0.0,0.0,0,,,False,False,False,False,,,False,False,False,False,431154.0,83902.97045820326,False,False,False,False,62415.73067336245,False,False,False,False
2025-03-26 15:00:00+00:00,394.475,394.59,392.315,392.64,35182.0,,,,,,,,,,,,,,,,,,,,,,,,,,,,,,,,,,,,,,"rgba(38, 166, 154, 0.75)",4.995986584745281,389.794513149969,0.5695545417834709,62.26957555339993,16.21982480009696,True,False,True,False,False,4.5662743794866785,0.0,0.0,0.0,0.0,0,,,False,False,False,False,,,False,False,False,False,395972.0,88741.24998598306,False,False,False,False,61993.502290829696,False,False,False,False
2025-03-26 16:00:00+00:00,392.645,393.12,391.625,391.86,56512.0,,,,,,,,,,,,,,,,,,,,,,,,,,,,,,,,,,,,,,"rgba(38, 166, 154, 0.5)",4.971275143215212,389.811404898998,0.4120864450236586,56.90098504143748,11.399842425659493,False,False,True,False,False,3.550703235500329,0.0,0.0,0.0,0.0,0,,,False,False,False,False,,,False,False,False,False,339460.0,92628.36238930114,False,False,False,False,61908.51775918892,False,False,False,False
2025-03-26 17:00:00+00:00,391.91,392.56,389.83,390.025,45648.0,,,,,,,,,,,,,,,,,,,,,,,,,,,,,,,,,,,,,,"rgba(239, 83, 80, 1.0)",4.936467207070897,389.7822089691096,0.049183154816181976,50.30836011208066,5.637634901885463,False,True,False,True,False,1.2154199726192232,0.0,0.0,0.0,0.0,0,,,False,False,False,False,,,False,False,False,False,293812.0,95747.4885538081,False,False,False,False,61656.41670865886,False,False,False,False
2025-03-26 18:00:00+00:00,390.08,390.585,388.815,389.015,33368.0,,,,,,,,,,,,,,,,,,,,,,,,,,,,,,,,,,,,,,"rgba(239, 83, 80, 1.0)",4.887656148976775,389.73381926212863,-0.14706829617691736,44.57497965800276,0.795888641196143,False,True,False,True,False,0.0,0.0,0.0,0.0,0.0,0,,,False,False,False,False,,,False,False,False,False,260444.0,98300.92283979556,False,False,False,False,61217.83660464864,False,False,False,False
2025-03-26 19:00:00+00:00,389.01,390.55,388.575,389.79,93918.0,,,,,,,,,,,,,,,,,,,,,,,,,,,,,,,,,,,,,,"rgba(239, 83, 80, 1.0)",4.841471680804905,389.6398801416985,0.031007071444147924,42.656653970480136,-0.6087949531332626,False,True,False,True,False,0.9163714134066439,0.0,0.0,0.0,0.0,0,,,False,False,False,False,,,False,False,False,False,354362.0,102270.86202057391,False,False,False,False,61724.81588209595,False,False,False,False
2025-03-27 14:00:00+00:00,389.91,391.145,389.5,390.62,82092.0,,,,,,,,,,,,,,,,,,,,,,,,,,,,,,,,,,,,,,"rgba(239, 83, 80, 1.0)",4.793565499521001,389.62185286631353,0.2082264514349941,43.2801101675693,-0.6087949531332626,False,True,False,True,False,1.9301675770567996,0.0,0.0,0.0,0.0,0,,,False,False,False,False,,,False,False,False,False,436454.0,107451.99594273556,False,False,False,False,62040.586178497564,False,False,False,False
2025-03-27 15:00:00+00:00,390.67,391.15,389.75,390.275,40578.0,,,,,,,,,,,,,,,,,,,,,,,,,,,,,,,,,,,,,,"rgba(239, 83, 80, 1.0)",4.720289539141972,389.61581651712225,0.13964895106785016,43.07537426623769,-0.6087949531332626,False,True,False,True,False,1.4862252513812635,0.0,0.0,0.0,0.0,0,,,False,False,False,False,,,False,False,False,False,395876.0,111923.6859281195,False,False,False,False,61707.83290441233,False,False,False,False
2025-03-27 16:00:00+00:00,390.265,391.77,389.645,389.655,40361.0,,,,,,,,,,,,,,,,,,,,,,,,,,,,,,,,,,,,,,"rgba(239, 83, 80, 1.0)",4.669240305127463,389.61081053994025,0.009463950701188053,41.830718502510976,-1.744246941170438,False,True,False,True,False,0.6853074024065435,0.0,0.0,0.0,0.0,0,,,False,False,False,False,,,False,False,False,False,355515.0,115700.29544861378,False,False,False,False,61376.87425473152,False,False,False,False
2025-03-27 17:00:00+00:00,389.7,390.51,389.42,389.77,42526.0,,,,,,,,,,,,,,,,,,,,,,,,,,,,,,,,,,,,,,"rgba(239, 83, 80, 1.0)",4.645145444245848,389.5963635216621,0.03738020271312718,41.324444804333076,-2.620298999444799,False,True,False,True,False,0.832301407280216,0.0,0.0,0.0,0.0,0,,,False,False,False,False,,,False,False,False,False,398041.0,120077.67071297635,False,False,False,False,61084.61263837909,False,False,False,False
2025-03-27 18:00:00+00:00,389.765,391.795,389.695,390.955,28860.0,,,,,,,,,,,,,,,,,,,,,,,,,,,,,,,,,,,,,,"rgba(239, 83, 80, 0.75)",4.627734888495444,389.60216153393424,0.29233274996562714,44.099707211496785,-2.620298999444799,False,True,False,True,True,2.343405593329223,0.0,0.0,0.0,0.0,0,,,False,False,False,False,,,False,False,False,False,426901.0,124834.62155463564,False,False,False,False,60585.00624088484,False,False,False,False
2025-03-27 19:00:00+00:00,390.955,392.215,390.205,390.575,66956.0,,,,,,,,,,,,,,,,,,,,,,,,,,,,,,,,,,,,,,"rgba(239, 83, 80, 0.75)",4.554747900975548,389.62287344470144,0.20904045097526017,45.065675137796624,-2.620298999444799,False,True,False,True,True,1.831185852053384,0.0,0.0,0.0,0.0,0,,,False,False,False,False,,,False,False,False,False,359945.0,128479.7437010754,False,False,False,False,60683.781337925386,False,False,False,False
2025-03-28 14:00:00+00:00,387.64,388.23,382.14,382.72,57740.0,,,,,,,,,,,,,,,,,,,,,,,,,,,,,,,,,,,,,,"rgba(239, 83, 80, 1.0)",4.484964504163139,389.4494208079119,-1.5004401487827468,37.02992258482597,-6.973014682434922,False,True,False,True,False,0.0,0.0,0.0,0.0,0.0,0,,,False,False,False,False,,,False,False,False,False,302205.0,131173.1585274153,False,False,False,False,60638.14131718235,False,False,False,False
2025-03-28 15:00:00+00:00,382.66,383.035,381.49,381.59,64924.0,,,,,,,,,,,,,,,,,,,,,,,,,,,,,,,,,,,,,,"rgba(239, 83, 80, 1.0)",4.517706181697064,389.1983222830059,-1.6841117985561143,31.0978709895366,-12.289620463417435,False,True,False,True,False,0.0,0.0,0.0,0.0,0.0,0,,,False,False,False,False,,,False,False,False,False,237281.0,132818.24134094376,False,False,False,False,60704.58873862139,False,False,False,False
2025-03-28 16:00:00+00:00,381.59,382.065,379.36,379.44,68875.0,,,,,,,,,,,,,,,,,,,,,,,,,,,,,,,,,,,,,,"rgba(239, 83, 80, 1.0)",4.535730354292082,388.89856037196023,-2.0853445053253137,26.1830190243525,-16.583602252808582,False,True,False,True,False,0.0,0.0,0.0,0.0,0.0,0,,,False,False,False,False,,,False,False,False,False,168406.0,133369.9895372082,False,False,False,False,60831.26178143346,False,False,False,False
2025-03-28 17:00:00+00:00,379.43,379.435,377.46,378.62,111025.0,,,,,,,,,,,,,,,,,,,,,,,,,,,,,,,,,,,,,,"rgba(239, 83, 80, 1.0)",4.562810653869256,388.3781795671025,-2.138633466814491,22.577325119075375,-19.72070500396406,False,True,False,True,False,0.0,0.0,0.0,0.0,0.0,0,,,False,False,False,False,,,False,False,False,False,57381.0,132191.86566841425,False,False,False,False,61609.45927319418,False,False,False,False
2025-03-28 18:00:00+00:00,378.59,379.63,378.11,378.16,67141.0,,,,,,,,,,,,,,,,,,,,,,,,,,,,,,,,,,,,,,"rgba(239, 83, 80, 1.0)",4.65871476109291,388.09638279885115,-2.1328592344469066,19.985523550392834,-22.061506872218917,False,True,False,True,False,0.0,0.0,0.0,0.0,0.0,0,,,False,False,False,False,,,False,False,False,False,-9760.0,129991.0615495241,False,False,False,False,61695.21959454,False,False,False,False
2025-03-28 19:00:00+00:00,378.15,379.52,376.98,378.77,97254.0,,,,,,,,,,,,,,,,,,,,,,,,,,,,,,,,,,,,,,"rgba(239, 83, 80, 1.0)",4.740470917801552,387.71258937594837,-1.886434814390891,19.73204722766748,-22.447114537493547,False,True,False,True,False,0.0,0.0,0.0,0.0,0.0,0,,,False,False,False,False,,,False,False,False,False,87494.0,129332.19237821366,False,False,False,False,62246.51851555488,False,False,False,False
2025-03-31 14:00:00+00:00,370.36,371.04,367.26,368.105,132072.0,,,,,,,,,,,,,,,,,,,,,,,,,,,,,,,,,,,,,,"rgba(239, 83, 80, 1.0)",5.188746131235775,384.52115688927665,-3.16380036218247,16.325357418599374,-25.910532954279937,False,True,False,True,False,0.0,0.0,0.0,0.0,0.0,0,,,False,False,False,False,,,False,False,False,False,-44578.0,126635.91032583824,False,False,False,False,63329.084119964886,False,False,False,False
2025-03-31 15:00:00+00:00,368.155,371.74,367.74,370.96,136479.0,,,,,,,,,,,,,,,,,,,,,,,,,,,,,,,,,,,,,,"rgba(239, 83, 80, 1.0)",5.50236823051166,383.9025001297248,-2.3521690275027805,18.03756385879431,-25.910532954279937,False,True,False,True,False,0.0,0.0,0.0,0.0,0.0,0,,,False,False,False,False,,,False,False,False,False,91901.0,126097.38458435236,False,False,False,False,64463.19134291117,False,False,False,False
2025-03-31 16:00:00+00:00,370.93,372.17,369.805,369.83,98717.0,,,,,,,,,,,,,,,,,,,,,,,,,,,,,,,,,,,,,,"rgba(239, 83, 80, 1.0)",5.828057021739627,383.4903248427703,-2.3438900463422048,18.781719960046363,-25.910532954279937,False,True,False,True,False,0.0,0.0,0.0,0.0,0.0,0,,,False,False,False,False,,,False,False,False,False,-6816.0,124036.71195513758,False,False,False,False,64994.258143796265,False,False,False,False
2025-03-31 17:00:00+00:00,369.815,372.42,369.7,370.42,121397.0,,,,,,,,,,,,,,,,,,,,,,,,,,,,,,,,,,,,,,"rgba(239, 83, 80, 0.75)",6.0995459563703465,383.0228460899566,-2.066194136433092,20.117421910831176,-25.910532954279937,False,True,False,True,True,0.0,0.0,0.0,0.0,0.0,0,,,False,False,False,False,,,False,False,False,False,114581.0,123890.1117697866,False,False,False,False,65868.71925784594,False,False,False,False
2025-03-31 18:00:00+00:00,370.455,373.0,370.455,371.89,76118.0,,,,,,,,,,,,,,,,,,,,,,,,,,,,,,,,,,,,,,"rgba(239, 83, 80, 0.75)",6.274946762632643,382.7795961821106,-1.735408537162138,23.101517038338937,-25.910532954279937,False,True,False,True,True,0.0,0.0,0.0,0.0,0.0,0,,,False,False,False,False,,,False,False,False,False,190699.0,124925.9084865341,False,False,False,False,66027.62283524367,False,False,False,False
2025-03-31 19:00:00+00:00,371.95,377.01,371.95,375.05,212670.0,,,,,,,,,,,,,,,,,,,,,,,,,,,,,,,,,,,,,,"rgba(239, 83, 80, 0.75)",6.362941960083199,382.3974396360844,-1.1547236611896317,28.97758967958068,-27.860922192505065,False,True,False,True,True,0.0,0.0,0.0,0.0,0.0,0,,,False,False,False,False,,,False,False,False,False,403369.0,129242.85564178163,False,False,False,False,68301.14806260423,False,False,False,False
2025-04-01 14:00:00+00:00,378.26,380.54,375.71,380.365,92127.0,,,,,,,,,,,,,,,,,,,,,,,,,,,,,,,,,,,,,,"rgba(239, 83, 80, 0.75)",6.326510489438312,382.38336449278654,-0.3190328216725566,37.58236474170992,-19.96013041555624,False,True,False,True,True,0.0,0.0,0.0,0.0,0.0,0,,,False,False,False,False,,,False,False,False,False,495496.0,134921.19896516486,False,False,False,False,68670.54111589718,False,False,False,False
2025-04-01 15:00:00+00:00,380.36,381.875,380.07,381.135,61020.0,,,,,,,,,,,,,,,,,,,,,,,,,,,,,,,,,,,,,,"rgba(239, 83, 80, 0.5)",6.312788387489734,382.4167064407088,-0.2030333288612734,43.879895469179814,-14.441202257058151,False,False,False,True,True,0.0,0.0,0.0,0.0,0.0,0,,,False,False,False,False,,,False,False,False,False,556516.0,141457.5524695809,False,False,False,False,68551.92807534063,False,False,False,False
2025-04-01 16:00:00+00:00,381.06,382.35,379.66,381.045,62035.0,,,,,,,,,,,,,,,,,,,,,,,,,,,,,,,,,,,,,,#000000,6.2819607937661,382.4426397665252,-0.22248463694840645,47.98654344959205,-10.910680809779578,False,False,False,False,True,0.0,0.0,0.0,0.0,0.0,0,,,False,False,False,False,,,False,False,False,False,494481.0,146930.78421423858,False,False,False,False,68450.8904307617,False,False,False,False
2025-04-01 17:00:00+00:00,381.04,381.38,379.785,379.885,42040.0,,,,,,,,,,,,,,,,,,,,,,,,,,,,,,,,,,,,,,#000000,6.325670512477903,382.4464552662715,-0.40493023802280825,49.488355559150314,-9.571881922007812,False,False,False,False,True,0.0,0.0,0.0,0.0,0.0,0,,,False,False,False,False,,,False,False,False,False,452441.0,151667.37670704105,False,False,False,False,68041.41926129253,False,False,False,False
2025-04-01 18:00:00+00:00,379.895,380.465,377.355,380.455,62219.0,,,,,,,,,,,,,,,,,,,,,,,,,,,,,,,,,,,,,,"rgba(38, 166, 154, 1.0)",6.3608921041281965,382.4283365385834,-0.31022952539985826,51.04680810877822,-7.91119359003973,True,False,True,False,True,0.0,0.0,0.0,0.0,0.0,0,,,False,False,False,False,,,False,False,False,False,514660.0,157295.1693162342,False,False,False,False,67951.14919522598,False,False,False,False
2025-04-01 19:00:00+00:00,380.295,382.86,380.02,382.11,102963.0,,,,,,,,,,,,,,,,,,,,,,,,,,,,,,,,,,,,,,"rgba(38, 166, 154, 1.0)",6.3759327860237045,382.46974105088646,-0.05642171317662067,53.660890379818824,-5.1347685774527605,True,False,True,False,True,0.0,0.0,0.0,0.0,0.0,0,,,False,False,False,False,,,False,False,False,False,617623.0,164432.03490823056,False,False,False,False,68493.96858754805,False,False,False,False
2025-04-02 14:00:00+00:00,381.16,382.94,379.19,381.79,71544.0,,,,,,,,,,,,,,,,,,,,,,,,,,,,,,,,,,,,,,"rgba(38, 166, 154, 1.0)",6.394487235111203,382.4835927389171,-0.10846729587771232,54.97307511667546,-3.4980766014012517,True,False,True,False,True,0.0,0.0,0.0,0.0,0.0,0,,,False,False,False,False,,,False,False,False,False,546079.0,170349.04211895567,False,False,False,False,68541.25589626824,False,False,False,False
2025-04-02 15:00:00+00:00,381.76,383.295,380.25,381.3,58255.0,,,,,,,,,,,,,,,,,,,,,,,,,,,,,,,,,,,,,,"rgba(38, 166, 154, 1.0)",6.412213112490894,382.4976024860754,-0.18676897742878457,55.14887489582742,-2.793326098356701,True,False,True,False,True,0.0,0.0,0.0,0.0,0.0,0,,,False,False,False,False,,,False,False,False,False,487824.0,175271.1344892044,False,False,False,False,68381.77906066718,False,False,False,False
2025-04-02 16:00:00+00:00,381.305,384.28,381.18,384.08,46411.0,,,,,,,,,,,,,,,,,,,,,,,,,,,,,,,,,,,,,,"rgba(38, 166, 154, 1.0)",6.405657478333501,382.5293617578021,0.2420732372036348,58.063003164678065,0.4856058466675037,True,False,True,False,True,0.0,0.0,0.0,0.0,0.0,0,,,False,False,False,False,,,False,False,False,False,534235.0,180836.46573743378,False,False,False,False,68041.14682716846,False,False,False,False
2025-04-02 17:00:00+00:00,384.06,385.065,381.66,382.12,56851.0,,,,,,,,,,,,,,,,,,,,,,,,,,,,,,,,,,,,,,"rgba(38, 166, 154, 1.0)",6.4155770807682995,382.60433512859123,-0.07549361849974447,57.23498741208147,0.4856058466675037,True,False,True,False,True,0.0,0.0,0.0,0.0,0.0,0,,,False,False,False,False,,,False,False,False,False,477384.0,185434.1019275511,False,False,False,False,67867.65617868523,False,False,False,False
2025-04-02 18:00:00+00:00,382.12,382.125,380.29,380.42,57323.0,,,,,,,,,,,,,,,,,,,,,,,,,,,,,,,,,,,,,,"rgba(38, 166, 154, 0.75)",6.445029904389019,382.4886906563784,-0.3209745628906461,54.596033652536,0.4856058466675037,True,False,True,False,False,0.0,0.0,0.0,0.0,0.0,0,,,False,False,False,False,,,False,False,False,False,420061.0,189071.72825425572,False,False,False,False,67704.17313715523,False,False,False,False
2025-04-02 19:00:00+00:00,380.46,384.23,380.46,381.98,63545.0,,,,,,,,,,,,,,,,,,,,,,,,,,,,,,,,,,,,,,"rgba(38, 166, 154, 0.75)",6.455484837445346,382.5152319340821,-0.08291119064790722,54.596693269532864,0.4856058466675037,True,False,True,False,False,0.0,0.0,0.0,0.0,0.0,0,,,False,False,False,False,,,False,False,False,False,483606.0,193638.1510720192,False,False,False,False,67639.68983270321,False,False,False,False
2025-04-03 14:00:00+00:00,372.83,375.43,371.19,371.625,119989.0,,,,,,,,,,,,,,,,,,,,,,,,,,,,,,,,,,,,,,"rgba(239, 83, 80, 0.5)",6.635928428495028,381.84413644481094,-1.539970865407383,46.63394923286393,3.2150939434034527,False,False,False,True,False,0.0,0.0,0.0,0.0,0.0,0,,,False,False,False,False,,,False,False,False,False,363617.0,196273.48206315067,False,False,False,False,68451.30704459928,False,False,False,False
2025-04-03 15:00:00+00:00,371.62,375.72,371.17,374.925,87157.0,,,,,,,,,,,,,,,,,,,,,,,,,,,,,,,,,,,,,,"rgba(239, 83, 80, 0.5)",6.696094767484673,381.5844375402748,-0.9945255811808555,44.4574468952155,1.1470658092946593,False,False,False,True,False,0.0,0.0,0.0,0.0,0.0,0,,,False,False,False,False,-0.2436960654865395,-0.2436960654865395,False,False,False,False,450774.0,200219.22652728786,False,False,False,False,68741.31778809386,False,False,False,False
2025-04-03 16:00:00+00:00,374.99,377.605,374.84,376.355,59317.0,,,,,,,,,,,,,,,,,,,,,,,,,,,,,,,,,,,,,,"rgba(239, 83, 80, 0.5)",6.758509079151519,381.5029477129907,-0.7616987197473695,44.244414384666975,0.7571752835031873,False,False,False,True,False,0.0,0.0,0.0,0.0,0.0,0,0.9774083005457544,0.952823962431781,False,False,False,False,-0.18211210586057516,-0.21290408567355734,False,False,False,False,510091.0,205023.44006950044,False,False,False,False,68595.20433401488,False,False,False,False
2025-04-03 17:00:00+00:00,376.49,377.46,375.36,376.375,59595.0,,,,,,,,,,,,,,,,,,,,,,,,,,,,,,,,,,,,,,"rgba(239, 83, 80, 0.5)",6.828712264343092,381.4299959933095,-0.7402561123719817,44.120645643403165,0.27208385065682705,False,False,False,True,False,0.0,0.0,0.0,0.0,0.0,0,0.9775510722634413,0.9513543042992177,False,False,False,False,-0.17800852910646814,-0.19545630739001274,False,False,False,False,569686.0,210677.1231691981,False,False,False,False,68455.66628232473,False,False,False,False
2025-04-03 18:00:00+00:00,376.37,376.91,375.0,375.565,91753.0,,,,,,,,,,,,,,,,,,,,,,,,,,,,,,,,,,,,,,"rgba(239, 83, 80, 0.5)",6.909597071080577,381.30317517566306,-0.8304645143028114,43.41630029197633,-0.8391310165303096,False,False,False,True,False,0.0,0.0,0.0,0.0,0.0,0,0.9715946184666981,0.9633635863234299,False,False,False,False,-0.18797709620628736,-0.19171670179815004,False,False,False,False,477933.0,214820.62513556713,False,False,False,False,68816.86525469179,False,False,False,False
2025-04-03 19:00:00+00:00,375.43,376.055,373.395,373.79,149489.0,,,,,,,,,,,,,,,,,,,,,,,,,,,,,,,,,,,,,,"rgba(239, 83, 80, 0.5)",7.020486747453613,381.0400878733696,-1.0327044454573246,41.61819304698214,-2.947606774771401,False,False,False,True,False,0.0,0.0,0.0,0.0,0.0,0,0.9617458345606597,0.9660489479143991,False,False,False,False,-0.21511695665670394,-0.203416829227427,False,False,False,False,328444.0,216582.2278466436,False,False,False,False,70067.59602593687,False,False,False,False
2025-04-04 14:00:00+00:00,372.52,374.5,365.24,368.0,223845.0,,,,,,,,,,,,,,,,,,,,,,,,,,,,,,,,,,,,,,"rgba(239, 83, 80, 1.0)",7.278401545260795,380.3373440009041,-1.6950622913814601,37.146289588944335,-7.388323742613309,False,True,False,True,False,0.0,0.0,0.0,0.0,0.0,0,0.9366287878787878,0.9776262626262631,False,False,False,False,-0.3258005300280863,-0.26460867962775664,False,False,False,False,104599.0,214846.0537715018,False,False,False,False,72451.74182398435,False,False,False,False
2025-04-04 15:00:00+00:00,367.945,373.16,365.745,367.145,168166.0,,,,,,,,,,,,,,,,,,,,,,,,,,,,,,,,,,,,,,"rgba(239, 83, 80, 1.0)",7.548693923782823,379.8635284261992,-1.6848647666225245,33.7782829798644,-10.618185803797566,False,True,False,True,False,0.0,0.0,0.0,0.0,0.0,0,0.9320788150292624,0.9854249597564175,False,False,False,False,-0.3354626786391497,-0.3000356791334532,False,False,False,False,-63567.0,210529.57231768008,False,False,False,False,73935.68381120941,False,False,False,False
2025-04-04 16:00:00+00:00,367.135,369.97,362.34,364.515,81855.0,,,,,,,,,,,,,,,,,,,,,,,,,,,,,,,,,,,,,,"rgba(239, 83, 80, 1.0)",7.887265893214904,379.58214950467146,-1.910313372043554,30.409606224738877,-13.785723621410824,False,True,False,True,False,0.0,0.0,0.0,0.0,0.0,0,0.9291216492799285,0.9945420940992598,False,False,False,False,-0.34282825441539394,-0.32143196677442354,False,False,False,False,-145422.0,205010.943289499,False,False,False,False,74058.46390715965,False,False,False,False
2025-04-04 17:00:00+00:00,364.47,367.06,362.88,365.565,60631.0,,,,,,,,,,,,,,,,,,,,,,,,,,,,,,,,,,,,,,"rgba(239, 83, 80, 1.0)",8.168976001857258,379.37655685994713,-1.6907329458192806,29.51242308554143,-14.696646332834689,False,True,False,True,False,0.0,0.0,0.0,0.0,0.0,0,0.9308732261234033,1.0012188599927867,False,False,False,False,-0.34282825441539394,-0.3321301105949087,False,False,False,False,-84791.0,200517.88990516568,False,False,False,False,73850.28617216492,False,False,False,False
2025-04-04 18:00:00+00:00,365.74,367.34,360.1,360.93,63184.0,,,,,,,,,,,,,,,,,,,,,,,,,,,,,,,,,,,,,,"rgba(239, 83, 80, 1.0)",8.573022137879821,379.1308440969281,-2.123037104559411,26.989018486490785,-17.208141021470126,False,True,False,True,False,0.0,0.0,0.0,0.0,0.0,0,0.9283097275499164,0.9904593292023217,False,False,False,False,-0.34282825441539394,-0.3374791825051513,False,False,False,False,-147975.0,195114.8993640003,False,False,False,False,73684.9173943019,False,False,False,False
2025-04-04 19:00:00+00:00,361.1,366.725,359.53,359.9,203957.0,,,,,,,,,,,,,,,,,,,,,,,,,,,,,,,,,,,,,,"rgba(239, 83, 80, 1.0)",8.984254996260894,378.36413199720096,-2.055165620842848,24.944591454726762,-19.272616627073585,False,True,False,True,False,0.0,0.0,0.0,0.0,0.0,0,0.9260195094692597,0.9931121612264486,False,False,False,False,-0.34282825441539394,-0.34015371846027265,False,False,False,False,-351932.0,186633.55208703905,False,False,False,False,75704.63960524295,False,False,False,False
2025-04-07 14:00:00+00:00,353.48,370.71,349.78,360.5,186204.0,,,,,,,,,,,,,,,,,,,,,,,,,,,,,,,360.33,,,,,,360.33,"rgba(239, 83, 80, 1.0)",9.350507382292545,375.9304523358826,-1.650226207521519,24.410792115522565,-19.997178796342585,False,True,False,True,False,0.0,0.0,0.0,0.0,0.0,0,0.9103973933787164,0.9814976435678133,False,False,False,False,-0.34282825441539394,-0.34149098643783327,False,False,False,False,-165728.0,181170.58228724,False,False,False,False,77417.80798345622,False,False,False,False
2025-04-07 15:00:00+00:00,360.32,361.92,350.07,355.93,72552.0,,,,,,,,,,,,,,,,,,,,,,,,,,,,,,,359.10844424863575,,,,,,359.10844424863575,"rgba(239, 83, 80, 1.0)",9.826525945732973,375.5143617782369,-1.993009725552204,22.4040114838666,-22.149050739599822,False,True,False,True,False,0.0,0.0,0.0,0.0,0.0,0,0.9120032857582913,1.0036850691948753,False,False,False,False,-0.34282825441539394,-0.34215962042661363,False,False,False,False,-238280.0,174667.47248433702,False,False,False,False,77342.36909999177,False,False,False,False
2025-04-07 16:00:00+00:00,355.885,357.52,352.18,352.52,52680.0,,,,,,,,,,,,,,,,,,,,,,,,,,,,,,,358.2567455271709,,,,,,358.2567455271709,"rgba(239, 83, 80, 1.0)",10.393165324792525,375.2024559710254,-2.1824396381838786,20.139406156574626,-24.497931484648753,False,True,False,True,False,0.0,0.0,0.0,0.0,0.0,0,0.9342551406273345,1.0117007459512894,False,False,False,False,-0.34282825441539394,-0.34249393742100376,False,False,False,False,-290960.0,167448.44190318452,True,False,False,False,76960.006788364,True,False,False,False
2025-04-07 17:00:00+00:00,352.59,360.79,351.32,360.35,86740.0,,,,,,,,,,,,,,,,,,,,,,,,,,,,,,,358.0889889563074,,,,,,358.0889889563074,"rgba(239, 83, 80, 0.75)",10.645748981559713,374.8837915402445,-1.3652201987309223,26.52992467157201,-29.203346776988827,False,True,False,True,True,0.0,0.0,0.0,0.0,0.0,0,0.9391416123491335,0.997019645315042,False,False,False,False,-0.3208648807172003,-0.33167940906910204,False,False,False,False,-204220.0,161686.14047832895,False,False,False,False,77111.63459009478,False,False,False,False
2025-04-07 18:00:00+00:00,360.375,361.6,356.96,357.255,88621.0,,,,,,,,,,,,,,,,,,,,,,,,,,,,,,,358.1829283493256,,,,,,358.1829283493256,"rgba(239, 83, 80, 0.75)",10.980665014978488,374.6165960191682,-1.581106061926633,29.335459255193737,-26.686224611248743,False,True,False,True,True,0.0,0.0,0.0,0.0,0.0,0,0.9524785157361559,0.9949120710261228,False,False,False,False,-0.26346601296239863,-0.29757271101575034,False,False,False,False,-292841.0,154639.2080678122,False,False,False,False,77290.07436389175,False,False,False,False
2025-04-07 19:00:00+00:00,357.255,359.24,354.965,358.06,140423.0,,,,,,,,,,,,,,,,,,,,,,,,,,,,,,,358.01249588661074,,,,,,358.01249588661074,"rgba(239, 83, 80, 0.75)",11.277346152497255,374.1527614525776,-1.4269989796326323,31.88810219672688,-24.332562556655464,False,True,False,True,True,0.0,0.0,0.0,0.0,0.0,0,0.9418200408997952,1.0031810952056353,False,False,False,False,-0.3020131640804031,-0.2997929375480767,False,False,False,False,-152418.0,149878.6311985438,False,False,False,False,78268.87941251358,False,False,False,False
2025-04-08 14:00:00+00:00,371.69,374.045,369.0,369.405,103801.0,,,,,,,,,,,,,,,,,,,,,,,,,,,,,,,359.83061839080773,,,,,,359.83061839080773,"rgba(239, 83, 80, 0.5)",11.334374376007567,374.2728455062267,-0.4294763296799964,40.57995012766231,-16.388420596319797,True,False,False,True,True,0.0,0.0,0.0,0.0,0.0,0,0.9435410921125205,0.9947931605074465,False,False,False,False,-0.057335811907950736,-0.1785643747280137,False,False,False,False,-48617.0,146801.17955205473,False,False,False,False,78664.72624332731,False,False,False,False
2025-04-08 15:00:00+00:00,369.405,370.91,365.68,366.945,65621.0,,,,,,,,,,,,,,,,,,,,,,,,,,,,,,,360.4907790847917,,,,,,360.4907790847917,"rgba(239, 83, 80, 0.5)",11.423110935355696,374.26570130512965,-0.6408675663361844,44.92362929003408,-12.678906342409768,True,False,False,True,True,0.0,0.0,0.0,0.0,0.0,1,0.9385894489106884,1.0017266218698107,False,False,False,False,-0.1105159095555684,-0.14454014214179106,False,False,False,False,-114238.0,142754.06048923216,False,False,False,False,78462.49792947728,False,False,False,False
2025-04-08 16:00:00+00:00,366.865,366.865,360.1,360.82,76429.0,,,,,,,,,,,,,,,,,,,,,,,,,,,,,,,360.67498346258964,,,,,,360.67498346258964,"rgba(239, 83, 80, 0.5)",11.612624181785478,374.13074009388185,-1.1462301617200268,44.713801435359244,-12.678906342409768,True,False,False,True,True,0.0,0.0,0.0,0.0,0.0,1,0.9467077637809345,1.0084539444295544,False,False,False,False,-0.19108267753834146,-0.16781140984006626,False,False,False,False,-190667.0,137584.74172195722,False,False,False,False,78430.97082979545,False,False,False,False
2025-04-08 17:00:00+00:00,360.82,362.605,358.18,361.145,82657.0,,,,,,,,,,,,,,,,,,,,,,,,,,,,,,,360.6722461725511,,,,,,360.6722461725511,"rgba(239, 83, 80, 0.5)",11.796612040354303,373.9419093675154,-1.084795305952188,44.76456854141722,-12.678906342409768,True,False,False,True,True,0.0,0.0,0.0,0.0,0.0,1,0.9428710775131073,1.0049768890563864,False,False,False,False,-0.24407006168055242,-0.20594073576030936,False,False,False,False,-108010.0,133777.0713076633,False,False,False,False,78496.49066189164,False,False,False,False
2025-04-08 18:00:00+00:00,361.065,361.68,357.43,358.84,79554.0,,,,,,,,,,,,,,,,,,,,,,,,,,,,,,,360.56807960536355,,,,,,360.56807960536355,"rgba(239, 83, 80, 0.5)",12.026433486508244,373.73782732680877,-1.2387568886088964,43.66600344150321,-12.678906342409768,True,False,False,True,True,0.0,0.0,0.0,0.0,0.0,1,0.9412081214929666,1.0051829971339785,False,False,False,False,-0.2586539795038692,-0.23229735763208928,False,False,False,False,-187564.0,128795.0391943662,False,False,False,False,78512.88615550572,False,False,False,False
2025-04-08 19:00:00+00:00,358.85,359.12,350.385,355.24,172631.0,,,,,,,,,,,,,,,,,,,,,,,,,,,,,,,359.7601598418098,,,,,,359.7601598418098,"rgba(239, 83, 80, 0.5)",12.312580670426781,373.13310166749756,-1.4532373144546742,41.31052629920581,-12.678906342409768,True,False,False,True,False,0.0,0.0,0.0,0.0,0.0,1,0.9285551837291659,1.014024713820029,False,False,False,False,-0.34282825441539394,-0.2875628060237416,False,False,False,False,-360195.0,121213.79827662409,False,False,False,False,79972.08171898626,False,False,False,False
2025-04-09 14:00:00+00:00,360.84,363.575,357.465,357.735,61615.0,,,,,,,,,,,,,,,,,,,,,,,,,,,,,,,359.75198223014115,,,,,,359.75198223014115,"rgba(239, 83, 80, 0.5)",12.521592980358657,372.9995804401827,-1.2190605831164338,41.51273056743108,-12.678906342409768,True,False,False,True,False,0.0,0.0,0.0,0.0,0.0,1,0.9412889510848084,0.9972759611584112,False,False,False,False,-0.24041034339875222,-0.2639865747112469,False,False,False,False,-298580.0,114705.36729559115,False,False,False,False,79687.47580086243,False,False,False,False
2025-04-09 15:00:00+00:00,357.59,362.9,357.59,360.97,75777.0,,,,,,,,,,,,,,,,,,,,,,,,,,,,,,,359.7933648032726,,,,,,359.7933648032726,"rgba(239, 83, 80, 0.5)",12.650830940554373,372.8551248265905,-0.9394738481952752,43.75799968097043,-12.410242740750832,True,False,False,True,False,0.0,0.0,0.0,0.0,0.0,1,0.943990975555248,0.9998403694914174,False,False,False,False,-0.2451676921369116,-0.2545771334240793,False,False,False,False,-222803.0,109472.67943054323,False,False,False,False,79626.8482690661,False,False,False,False
2025-04-09 16:00:00+00:00,360.97,366.475,360.25,365.94,76071.0,,,,,,,,,,,,,,,,,,,,,,,,,,,,,,,360.03036426791124,,,,,,360.03036426791124,#000000,12.631985807165623,372.7775992548281,-0.5412925061196153,47.98963691356945,-8.158713725961874,True,False,False,False,True,0.0,0.0,0.0,0.0,0.0,0,0.9434232134343381,1.0000000000000002,False,False,False,False,-0.19181650708861178,-0.22319682025634552,False,False,False,False,-146732.0,105500.51385797666,False,False,False,False,79571.71883853794,False,False,False,False
2025-04-09 17:00:00+00:00,365.97,387.07,363.61,383.975,138604.0,,,,,,,,,,,,,,,,,,,,,,,,,,,,,,,361.64636271939384,,,,,,361.64636271939384,"rgba(38, 166, 154, 1.0)",12.54462182705342,373.05390030735964,0.8705802249923715,56.51405133308954,-0.22807598221098146,True,False,True,False,True,4.526298831388861,0.0,0.0,0.0,0.0,0,0.9494203031320936,0.9612280005293108,False,False,False,False,0.005956306471689552,-0.10862025689232799,False,False,False,False,-8128.0,103738.83147258167,False,False,False,False,80486.94800383192,False,False,False,False
2025-04-09 18:00:00+00:00,384.35,386.135,381.43,382.935,96052.0,,,,,,,,,,,,,,,,,,,,,,,,,,,,,,,362.91390197472026,,,,,,362.91390197472026,"rgba(38, 166, 154, 1.0)",12.43204996939132,373.33081574394225,0.7725342384967887,61.587504963857775,4.227700305600166,True,False,True,False,True,3.884612916079238,0.0,0.0,0.0,0.0,0,0.9917703407545715,0.9551884399163845,False,False,False,False,0.14472689239827705,0.01805331775297453,False,False,False,False,-104180.0,100515.28369781296,False,False,False,False,80728.26663943143,False,False,False,False
2025-04-09 19:00:00+00:00,382.685,393.21,382.165,390.1,159266.0,,,,,,,,,,,,,,,,,,,,,,,,,,,,,,,365.15797885434415,,,,,,365.15797885434415,"rgba(38, 166, 154, 1.0)",12.39846471351407,375.23155422894524,1.1992166864699372,66.49171597151533,8.540568899329742,True,False,True,False,True,7.702037213997475,0.0,0.0,0.0,0.0,0,0.9970954895247982,0.9373783549092218,False,False,False,False,0.2105035035374244,0.11427841064519946,False,False,False,False,55086.0,99810.95371800191,False,False,False,False,81945.90591633947,False,False,False,False
2025-04-10 14:00:00+00:00,380.455,381.3,377.72,379.4,66686.0,,,,,,,,,,,,,,,,,,,,,,,,,,,,,,,365.66522744348515,,,,,,365.66522744348515,"rgba(38, 166, 154, 1.0)",12.28111614495063,375.0853341772083,0.35132521929333144,64.33241467931293,8.540568899329742,True,False,True,False,True,1.4486119089785063,0.0,0.0,0.0,0.0,0,0.9703229617959827,0.953790862544309,False,False,False,False,0.07413974559087641,0.09420907811803794,False,False,False,False,-11600.0,98083.65210997088,False,False,False,False,81709.31822771404,False,False,False,False
2025-04-10 15:00:00+00:00,379.51,381.24,374.03,374.3,79224.0,,,,,,,,,,,,,,,,,,,,,,,,,,,,,,,366.1038461830667,,,,,,366.1038461830667,"rgba(38, 166, 154, 0.75)",12.152438248655642,374.93284532650165,-0.052075584631886204,60.83839091544589,8.540568899329742,True,False,True,False,False,0.0,0.0,0.0,0.0,0.0,0,0.9610593428151054,0.9557037763609614,False,False,False,False,0.04343438819569586,0.0688217331568669,False,False,False,False,-90824.0,95154.85130206434,False,False,False,False,81670.78616216808,False,False,False,False
2025-04-10 16:00:00+00:00,374.16,375.03,367.88,374.38,102986.0,,,,,,,,,,,,,,,,,,,,,,,,,,,,,,,366.4194682985223,,,,,,366.4194682985223,"rgba(38, 166, 154, 0.75)",12.009365304920502,374.69055107494876,-0.025859074735741654,58.53687135110975,16.980874197634108,True,False,True,False,False,0.0,0.0,0.0,0.0,0.0,0,0.9508242905855039,0.9609372723121913,False,False,False,False,-0.05750427007640106,0.005658731540232921,False,False,False,False,12162.0,93868.14042916412,False,False,False,False,82001.25459376238,False,False,False,False
2025-04-10 17:00:00+00:00,374.375,377.57,369.16,376.35,53285.0,,,,,,,,,,,,,,,,,,,,,,,,,,,,,,,366.6192866824181,,,,,,366.6192866824181,"rgba(38, 166, 154, 0.75)",11.80786979438215,374.6457341426234,0.14433304965705854,57.7353691757431,15.93414603304376,True,False,True,False,False,0.0,0.0,0.0,0.0,0.0,0,0.9545445784990172,0.9593917434375365,False,False,False,False,-0.026278764253571084,-0.010310016356669081,False,False,False,False,65447.0,93427.50259305305,False,False,False,False,81556.04134424668,False,False,False,False
2025-04-10 18:00:00+00:00,376.245,380.73,373.805,379.25,62686.0,,,,,,,,,,,,,,,,,,,,,,,,,,,,,,,366.94445422632384,,,,,,366.94445422632384,"rgba(38, 166, 154, 0.75)",11.628144310986098,374.6844229211702,0.39263161487566856,58.27211315599911,15.93414603304376,True,False,True,False,False,1.4057470172418256,0.0,0.0,0.0,0.0,0,0.9567286103281901,0.9573878564945304,False,False,False,False,0.03742752876234294,0.01355875620283693,False,False,False,False,128133.0,93965.57232029254,False,False,False,False,81263.48256371572,False,False,False,False
2025-04-10 19:00:00+00:00,379.11,383.415,377.52,381.38,113052.0,,,,,,,,,,,,,,,,,,,,,,,,,,,,,,,367.62611410448,,,,,,367.62611410448,"rgba(38, 166, 154, 0.75)",11.451964600723207,374.8562182186108,0.5696648574146999,59.40333162473274,15.93414603304376,True,False,True,False,False,2.528995821953451,0.0,0.0,0.0,0.0,0,0.9661961931537555,0.9510276965160899,False,False,False,False,0.08987029673683235,0.05171452646983464,False,False,False,False,241185.0,96248.04406726474,False,False,False,False,81756.32779528602,False,False,False,False
2025-04-11 14:00:00+00:00,384.36,384.81,378.995,382.605,68999.0,,,,,,,,,,,,,,,,,,,,,,,,,,,,,,,368.0499591788671,,,,,,368.0499591788671,"rgba(38, 166, 154, 0.75)",11.268628011086951,374.98045360688593,0.6766170988706404,60.61250613094768,15.93414603304376,True,False,True,False,False,3.1723558808778094,0.0,0.0,0.0,0.0,0,0.9691923633372104,0.9498170264673345,False,False,False,False,0.11353139204375895,0.0826229592567968,False,False,False,False,310184.0,99564.88059335365,False,False,False,False,81558.53976745214,False,False,False,False
2025-04-11 15:00:00+00:00,382.425,386.39,380.325,386.055,47572.0,,,,,,,,,,,,,,,,,,,,,,,,,,,,,,,368.3698983140149,,,,,,368.3698983140149,"rgba(38, 166, 154, 1.0)",11.118806697995455,375.08964338827843,0.9861990508116717,62.66801778887056,15.93414603304376,True,False,True,False,True,4.959244846504006,0.0,0.0,0.0,0.0,0,0.9734015008144318,0.9462569085482399,False,False,False,False,0.13765234656380063,0.11013765291029871,False,False,False,False,357756.0,103567.84368492957,False,False,False,False,81031.61667028234,False,False,False,False
2025-04-11 16:00:00+00:00,386.17,388.08,385.675,387.04,59577.0,,,,,,,,,,,,,,,,,,,,,,,,,,,,,,,368.8177278058664,,,,,,368.8177278058664,"rgba(38, 166, 154, 1.0)",10.968874347053239,375.2619392671981,1.0737711418825822,64.38759962009506,15.93414603304376,True,False,True,False,True,5.463222828291951,0.0,0.0,0.0,0.0,0,0.9847111262205601,0.9421685836780178,False,False,False,False,0.19672973377436556,0.15343369334233214,False,False,False,False,417333.0,108432.41975182988,False,False,False,False,80698.98695446401,False,False,False,False
2025-04-11 17:00:00+00:00,387.05,390.0,384.94,388.79,58382.0,,,,,,,,,,,,,,,,,,,,,,,,,,,,,,,369.2586916504434,,,,,,369.2586916504434,"rgba(38, 166, 154, 1.0)",10.856549409922623,375.43605849578563,1.2300355297060788,66.1699241665609,10.317253090052539,True,False,True,False,True,6.3586337857045265,0.0,0.0,0.0,0.0,0,0.985695169528261,0.9362596355001038,False,False,False,False,0.20679746273587432,0.18011557803910322,False,False,False,False,475715.0,114126.72332156895,False,False,False,False,80352.98715672038,False,False,False,False
2025-04-11 18:00:00+00:00,388.95,389.735,387.305,388.09,37150.0,,,,,,,,,,,,,,,,,,,,,,,,,,,,,,,369.5355966379936,,,,,,369.5355966379936,"rgba(38, 166, 154, 1.0)",10.773215315923302,375.54646175047,1.1643263298553108,66.75399311327624,11.252162451866035,True,False,True,False,True,5.933261876949665,0.0,0.0,0.0,0.0,0,0.9914516220240901,0.9327533882490436,False,False,False,False,0.22474243555552426,0.20242900679731374,False,False,False,False,438565.0,119156.77412278493,False,False,False,False,79683.17340235262,False,False,False,False
2025-04-11 19:00:00+00:00,388.03,390.255,387.46,388.225,114909.0,,,,,,,,,,,,,,,,,,,,,,,,,,,,,,,370.3550716096613,,,,,,370.3550716096613,"rgba(38, 166, 154, 1.0)",10.707402774303969,375.8743184390951,1.1534712778849208,67.2033303114927,12.101177022380085,True,False,True,False,True,6.004251871010773,0.0,0.0,0.0,0.0,0,0.9924137606475597,0.9303967245517438,False,False,False,False,0.23054029353507938,0.21648465016619656,False,False,False,False,553474.0,125890.37452398206,False,False,False,False,80229.31024882778,False,False,False,False
2025-04-14 14:00:00+00:00,390.92,394.63,390.57,392.865,63151.0,,,,,,,,,,,,,,,,,,,,,,,,,,,,,,,370.869249488174,,,,,,370.869249488174,"rgba(38, 166, 154, 1.0)",10.763876699154247,377.4833421272237,1.4290072529337783,69.3974763943402,14.53578814677779,True,False,True,False,True,8.40490051861254,0.0,0.0,0.0,0.0,0,0.9937585259656532,0.9204492366340891,False,False,False,False,0.2959618347947794,0.256223242480488,False,False,False,False,616625.0,133498.6632910521,False,False,False,False,79964.53024496998,False,False,False,False
2025-04-14 15:00:00+00:00,392.83,393.865,386.32,386.445,61103.0,,,,,,,,,,,,,,,,,,,,,,,,,,,,,,,371.2616473726192,,,,,,371.2616473726192,"rgba(38, 166, 154, 0.75)",10.724827289396718,377.4714124177182,0.836711616899757,65.51975671567574,14.53578814677779,True,False,True,False,False,4.499533737956892,0.0,0.0,0.0,0.0,0,0.9867323870585182,0.9226920653744951,False,False,False,False,0.2518897959958632,0.2540565192381756,False,False,False,False,555522.0,140041.66075940788,False,False,False,False,79672.10341946657,False,False,False,False
2025-04-14 16:00:00+00:00,386.445,387.22,384.33,384.435,50133.0,,,,,,,,,,,,,,,,,,,,,,,,,,,,,,,371.5087242757118,,,,,,371.5087242757118,"rgba(38, 166, 154, 0.75)",10.646840055677192,377.41850107025977,0.6590217278598869,61.56664337918522,16.692226328689088,True,False,True,False,False,3.3278207166708853,0.0,0.0,0.0,0.0,0,0.9804355127630989,0.9465685176892075,False,False,False,False,0.17809879679911955,0.2160776580186476,False,False,False,False,505389.0,145705.96059259534,False,False,False,False,79214.13282381592,False,False,False,False
2025-04-14 17:00:00+00:00,384.32,388.08,384.32,387.88,33607.0,,,,,,,,,,,,,,,,,,,,,,,,,,,,,,,371.686212198444,,,,,,371.686212198444,"rgba(38, 166, 154, 0.75)",10.599061503584073,377.446107397491,0.9844166484910735,60.792283581362746,15.933951442633287,True,False,True,False,False,5.128853577932986,0.0,0.0,0.0,0.0,0,0.9731879266509588,0.94866684671764,False,False,False,False,0.18526562350281012,0.20067164076072885,False,False,False,False,538996.0,151803.4805834078,False,False,False,False,78507.04549321411,False,False,False,False
2025-04-14 18:00:00+00:00,387.95,388.845,386.73,388.22,39046.0,,,,,,,,,,,,,,,,,,,,,,,,,,,,,,,371.90293696468257,,,,,,371.90293696468257,"rgba(38, 166, 154, 0.75)",10.563008300259566,377.5124670268128,1.0136821508437215,60.455381970236694,15.435367621699683,True,False,True,False,False,5.305227692162205,0.0,0.0,0.0,0.0,0,0.9751626807175641,0.9481283571807597,False,False,False,False,0.21220933862577854,0.20644048969325368,False,False,False,False,578042.0,158411.82972164953,False,False,False,False,77895.24633828056,False,False,False,False
2025-04-14 19:00:00+00:00,388.3,391.835,386.43,387.98,78339.0,,,,,,,,,,,,,,,,,,,,,,,,,,,,,,,372.3420618458875,,,,,,372.3420618458875,"rgba(38, 166, 154, 0.75)",10.53440112887986,377.67754786040064,0.9779817583892267,60.02405257304632,14.744495123892989,True,False,True,False,False,5.159481195842357,0.0,0.0,0.0,0.0,0,0.9726252597552529,0.9437543292542142,False,False,False,False,0.23527574412793922,0.22085811691059645,False,False,False,False,499703.0,163703.16569495728,False,False,False,False,77902.12624001264,False,False,False,False
2025-04-15 14:00:00+00:00,389.715,389.92,385.92,388.735,76304.0,,,,,,,,,,,,,,,,,,,,,,,,,,,,,,,372.7345306316741,,,,,,372.7345306316741,"rgba(38, 166, 154, 0.75)",10.516082995896225,377.8145980476752,1.0384476764386872,60.21859440564759,14.603565853326089,True,False,True,False,False,5.564009186007933,0.0,0.0,0.0,0.0,0,0.9724222277396158,0.9478514349821147,False,False,False,False,0.21447144757882422,0.21766478224471034,False,False,False,False,576007.0,170095.4732035626,False,False,False,False,77877.3490890047,False,False,False,False
2025-04-15 15:00:00+00:00,388.77,389.59,386.245,387.46,58914.0,,,,,,,,,,,,,,,,,,,,,,,,,,,,,,,373.01650242713015,,,,,,373.01650242713015,"rgba(38, 166, 154, 0.75)",10.454055778750483,377.9093180136399,0.9135862854083238,59.07471038786539,13.183969873387326,True,False,True,False,False,4.7678386488867055,0.0,0.0,0.0,0.0,0,0.9709748986963457,0.9508333486129191,False,False,False,False,0.21442874633069647,0.21604676428770342,False,False,False,False,517093.0,175475.27982056164,False,False,False,False,77583.34367677206,False,False,False,False
2025-04-15 16:00:00+00:00,387.5,388.675,385.33,385.675,41266.0,,,,,,,,,,,,,,,,,,,,,,,,,,,,,,,373.1921605395366,,,,,,373.1921605395366,"rgba(38, 166, 154, 0.75)",10.373023487840005,377.95805869109046,0.7439432984949761,56.60243892480767,10.61809952143431,True,False,True,False,False,3.6573697198743034,0.0,0.0,0.0,0.0,1,0.9703309486951665,0.9537239743155234,False,False,False,False,0.19885038677366715,0.2074485755306853,False,False,False,False,475827.0,180131.89563729713,False,False,False,False,77020.28408488412,False,False,False,False
2025-04-15 17:00:00+00:00,385.675,387.225,384.52,385.13,72936.0,,,,,,,,,,,,,,,,,,,,,,,,,,,,,,,373.4707816253176,,,,,,373.4707816253176,"rgba(38, 166, 154, 0.5)",10.399864713690471,378.02435081972607,0.6832443859505202,54.43611977263656,8.447882571722246,False,False,True,False,False,3.317689187344957,0.0,0.0,0.0,0.0,0,0.972102906023611,0.952668357954702,False,False,False,False,0.17974132582389235,0.19359495067728882,False,False,False,False,402891.0,183585.52516230027,False,False,False,False,76956.96185100994,False,False,False,False
2025-04-15 18:00:00+00:00,385.1,387.375,384.58,385.83,29593.0,,,,,,,,,,,,,,,,,,,,,,,,,,,,,,,373.5830331788766,,,,,,373.5830331788766,"rgba(38, 166, 154, 0.5)",10.44549761923838,378.0551832562946,0.7443222934047533,53.684932602999226,7.608849016659015,False,False,True,False,False,3.7211186163642047,0.0,0.0,0.0,0.0,0,0.9712814980068024,0.9520718282558607,False,False,False,False,0.18151127723467558,0.1875531139559822,False,False,False,False,432484.0,187444.4162450553,False,False,False,False,76222.63686107179,False,False,False,False
2025-04-15 19:00:00+00:00,385.8,387.205,383.195,385.665,74875.0,,,,,,,,,,,,,,,,,,,,,,,,,,,,,,,373.8454347449431,,,,,,373.8454347449431,"rgba(38, 166, 154, 0.5)",10.502309551661485,378.12184625825927,0.7182376128446349,52.99404626352039,6.773872967909092,False,False,True,False,False,3.614699618169343,0.0,0.0,0.0,0.0,0,0.9673098170993398,0.9565439719485361,False,False,False,False,0.16843109715933147,0.17799210555765682,False,False,False,False,357609.0,190082.62684590716,False,False,False,False,76201.74326632649,False,False,False,False
2025-04-16 14:00:00+00:00,376.255,379.28,375.835,378.455,59601.0,,,,,,,,,,,,,,,,,,,,,,,,,,,,,,,373.9153663715815,,,,,,373.9153663715815,"rgba(239, 83, 80, 1.0)",10.501668742556086,378.05207647584444,0.03836757129110025,46.520892966955614,0.7046245188917553,False,True,False,True,False,0.0,0.0,0.0,0.0,0.0,0,0.9518429689472355,0.9642676813214559,False,False,False,False,0.04216738939656928,0.11007974747711305,False,False,False,False,298008.0,191755.88844519542,False,False,False,False,75944.36740173228,False,False,False,False
2025-04-16 15:00:00+00:00,378.49,380.75,376.61,376.725,59091.0,,,,,,,,,,,,,,,,,,,,,,,,,,,,,,,373.9852501419734,,,,,,373.9852501419734,"rgba(239, 83, 80, 1.0)",10.498097147184001,377.9961087433503,-0.12107991815366687,41.24067638444661,-3.9564205650134383,False,True,False,True,False,0.0,0.0,0.0,0.0,0.0,0,0.9551593733117236,0.9608770034215741,False,False,False,False,0.06053371312274442,0.08530673029992873,False,False,False,False,238917.0,192487.06846930092,False,False,False,False,75683.07488387596,False,False,False,False
2025-04-16 16:00:00+00:00,376.725,378.825,376.5,377.3,24311.0,,,,,,,,,,,,,,,,,,,,,,,,,,,,,,,374.0099383675092,,,,,,374.0099383675092,"rgba(239, 83, 80, 1.0)",10.493278916259472,377.972435607486,-0.06408250584514798,38.44208999750293,-6.270994676177899,False,True,False,True,False,0.0,0.0,0.0,0.0,0.0,0,0.9578721205363215,0.9581350231626281,False,False,False,False,0.043884001705920724,0.06459536600292473,False,False,False,False,263228.0,193583.82709768385,False,False,False,False,74886.60860660656,False,False,False,False
2025-04-16 17:00:00+00:00,377.25,378.685,372.135,372.26,36985.0,,,,,,,,,,,,,,,,,,,,,,,,,,,,,,,374.0135966908548,,,,,,374.0135966908548,"rgba(239, 83, 80, 1.0)",10.464748288360303,377.9087291951709,-0.5397864372384251,33.998778273728874,-10.171683984128627,False,True,False,True,False,0.0,0.0,0.0,0.0,0.0,0,0.9518228114137902,0.9567267534287178,False,False,False,False,0.007098647265972486,0.035847006634448605,False,False,False,False,226243.0,194090.17086361122,False,False,False,False,74298.98676774444,False,False,False,False
2025-04-16 18:00:00+00:00,372.34,373.835,370.48,370.58,52421.0,,,,,,,,,,,,,,,,,,,,,,,,,,,,,,,373.9788302201338,,,,,,373.9788302201338,"rgba(239, 83, 80, 1.0)",10.467084942293646,377.78963791825396,-0.6887913834655603,30.357496673534015,-13.334740587862768,False,True,False,True,False,0.0,0.0,0.0,0.0,0.0,0,0.9505048238725604,0.9666053399147413,False,False,False,False,-0.04600969214104153,-0.0050813427532964625,False,False,False,False,173822.0,193775.93565642345,False,False,False,False,73959.79317444608,False,False,False,False
2025-04-16 19:00:00+00:00,370.62,372.2,368.29,371.53,170259.0,,,,,,,,,,,,,,,,,,,,,,,,,,,,,,,373.82922114432296,,,,,,373.82922114432296,"rgba(239, 83, 80, 1.0)",10.456410369712017,377.421558686588,-0.5634398879039311,29.188360890303187,-14.333209304579775,False,True,False,True,False,0.0,0.0,0.0,0.0,0.0,0,0.9466735836568222,0.9681132716767143,False,False,False,False,-0.07734013822332306,-0.04121074048830976,False,False,False,False,344081.0,196106.24673151763,False,False,False,False,75452.80413298181,False,False,False,False
2025-04-17 14:00:00+00:00,372.445,372.5,368.61,369.77,64506.0,,,,,,,,,,,,,,,,,,,,,,,,,,,,,,,373.7696102569088,,,,,,373.7696102569088,"rgba(239, 83, 80, 1.0)",10.460990206864228,377.2955601360965,-0.7193927140050728,27.578437326579497,-15.932050781566936,False,True,False,True,False,0.0,0.0,0.0,0.0,0.0,0,0.945724211651523,0.9686887582398004,False,False,False,False,-0.0722530517378061,-0.056731896113057935,False,False,False,False,279575.0,197400.33592947858,False,False,False,False,75283.0862394472,False,False,False,False
2025-04-17 15:00:00+00:00,369.75,372.565,369.13,370.855,56891.0,,,,,,,,,,,,,,,,,,,,,,,,,,,,,,,373.72683568976083,,,,,,373.72683568976083,"rgba(239, 83, 80, 1.0)",10.46655658546582,377.19835041000783,-0.6060589610547165,28.029686137301468,-15.932050781566936,False,True,False,True,False,0.0,0.0,0.0,0.0,0.0,0,0.9464404612885184,0.9689455881961277,False,False,False,False,-0.06745656455157444,-0.06209423033231619,False,False,False,False,336466.0,199556.39273677347,False,False,False,False,74997.93761557981,False,False,False,False
2025-04-17 16:00:00+00:00,370.88,372.64,369.725,371.505,57481.0,,,,,,,,,,,,,,,,,,,,,,,,,,,,,,,373.6912900680493,,,,,,373.6912900680493,"rgba(239, 83, 80, 1.0)",10.476753136314725,377.1110728403132,-0.5350963955503879,29.258072536856385,-15.932050781566936,False,True,False,True,False,0.0,0.0,0.0,0.0,0.0,0,0.9452365694755956,0.9736640677845423,False,False,False,False,-0.06196694348602724,-0.062030586909171716,False,False,False,False,393947.0,202570.2006013196,False,False,False,False,74726.35718743129,False,False,False,False
2025-04-17 17:00:00+00:00,371.51,371.89,370.32,371.075,49243.0,,,,,,,,,,,,,,,,,,,,,,,,,,,,,,,373.6592465758631,,,,,,373.6592465758631,"rgba(239, 83, 80, 1.0)",10.473167277372255,377.03812451681506,-0.5693716484122876,29.77765885942417,-15.932050781566936,False,True,False,True,False,0.0,0.0,0.0,0.0,0.0,0,0.9463225990412206,0.974497888189903,False,False,False,False,-0.06323658681811223,-0.06263358686364197,False,False,False,False,344704.0,204773.8253981984,False,False,False,False,74331.26637832382,False,False,False,False
2025-04-17 18:00:00+00:00,371.04,371.9,369.38,369.39,83940.0,,,,,,,,,,,,,,,,,,,,,,,,,,,,,,,373.58845016563555,,,,,,373.58845016563555,"rgba(239, 83, 80, 1.0)",10.473441066133274,376.9064168365687,-0.7176644990989336,28.984099603491195,-15.932050781566936,False,True,False,True,False,0.0,0.0,0.0,0.0,0.0,0,0.9435692033822874,0.9750778816199381,False,False,False,False,-0.07085886838321451,-0.06674622762342824,False,False,False,False,260764.0,205641.89012070693,False,False,False,False,74480.23899261338,False,False,False,False
2025-04-17 19:00:00+00:00,369.445,370.05,366.915,367.655,140655.0,,,,,,,,,,,,,,,,,,,,,,,,,,,,,,,373.408836336844,,,,,,373.408836336844,"rgba(239, 83, 80, 1.0)",10.486614862732415,376.6509402708755,-0.8578497817103494,27.414823881516124,-17.590037174166916,False,True,False,True,False,0.0,0.0,0.0,0.0,0.0,0,0.9417572359125204,0.9765304943614537,False,False,False,False,-0.10634669180150372,-0.08654645971246598,False,False,False,False,120109.0,204315.79880100605,False,False,False,False,75506.20427954961,False,False,False,False
2025-04-18 14:00:00+00:00,367.655,367.655,367.655,367.655,0.0,,,,,,,,,,,,,,,,,,,,,,,,,,,,,,,373.408836336844,,,,,,373.408836336844,"rgba(239, 83, 80, 1.0)",10.505072627112199,376.6509402708755,-0.8563425109178379,26.368640066866078,-18.920035095294672,False,True,False,True,False,0.0,0.0,0.0,0.0,0.0,0,0.9421441791018087,0.9833433172101177,False,False,False,False,-0.1200241529868661,-0.10328530634966604,False,False,False,False,120109.0,203010.26703664937,False,False,False,False,74335.56545351008,False,False,False,False
2025-04-18 15:00:00+00:00,367.655,367.655,367.655,367.655,0.0,,,,,,,,,,,,,,,,,,,,,,,,,,,,,,,373.408836336844,,,,,,373.408836336844,"rgba(239, 83, 80, 1.0)",10.516926703999529,376.6509402708755,-0.8553772907302284,25.67118419043271,-19.917839405744008,False,True,False,True,False,0.0,0.0,0.0,0.0,0.0,0,0.9382405519273439,0.9855101105830993,False,False,False,False,-0.1200241529868661,-0.11165472966826606,False,False,False,False,120109.0,201724.97607484084,False,False,False,False,73183.07606663395,False,False,False,False
2025-04-18 16:00:00+00:00,367.655,367.655,367.655,367.655,0.0,,,,,,,,,,,,,,,,,,,,,,,,,,,,,,,373.408836336844,,,,,,373.408836336844,"rgba(239, 83, 80, 1.0)",10.511560022999355,376.6509402708755,-0.8558140039339868,25.206213606143802,-20.70497498552718,False,True,False,True,False,0.0,0.0,0.0,0.0,0.0,0,0.938151525589659,0.989194873003499,False,False,False,False,-0.1200241529868661,-0.11583944132756607,False,False,False,False,120109.0,200459.61210468828,False,False,False,False,72048.45473226754,False,False,False,False
2025-04-18 17:00:00+00:00,367.655,367.655,367.655,367.655,0.0,,,,,,,,,,,,,,,,,,,,,,,,,,,,,,,373.408836336844,,,,,,373.408836336844,"rgba(239, 83, 80, 1.0)",10.50575314845239,376.6509402708755,-0.8562870404203916,24.896233216617862,-21.353695389550012,False,True,False,True,False,0.0,0.0,0.0,0.0,0.0,0,0.9364019325078018,0.9852878290221915,False,False,False,False,-0.1200241529868661,-0.11793179715721608,False,False,False,False,120109.0,199213.8661805846,False,False,False,False,70931.4244263409,False,False,False,False
2025-04-18 18:00:00+00:00,367.655,367.655,367.655,367.655,0.0,,,,,,,,,,,,,,,,,,,,,,,,,,,,,,,373.408836336844,,,,,,373.408836336844,"rgba(239, 83, 80, 1.0)",10.501194615869256,376.6509402708755,-0.8566587516891622,24.68957962360057,-21.906480088296874,False,True,False,True,False,0.0,0.0,0.0,0.0,0.0,0,0.9382783732171083,0.9835987683086175,False,False,False,False,-0.1200241529868661,-0.11897797507204108,False,False,False,False,120109.0,197987.4341467771,False,False,False,False,69831.71241973096,False,False,False,False
2025-04-18 19:00:00+00:00,367.655,367.655,367.655,367.655,0.0,,,,,,,,,,,,,,,,,,,,,,,,,,,,,,,373.408836336844,,,,,,373.408836336844,"rgba(239, 83, 80, 1.0)",10.462016018491477,376.6509402708755,-0.8598668033938488,24.55181056158904,-22.388153763298277,False,True,False,True,False,0.0,0.0,0.0,0.0,0.0,0,0.9396659210092047,0.9810407422347722,False,False,False,False,-0.1200241529868661,-0.1195010640294536,False,False,False,False,120109.0,196780.01656310612,False,False,False,False,68749.05021167311,False,False,False,False
2025-04-21 14:00:00+00:00,361.0,362.13,359.56,360.07,71282.0,,,,,,,,,,,,,,,,,,,,,,,,,,,,,,,373.1955732570275,,,,,,373.1955732570275,"rgba(239, 83, 80, 1.0)",10.537670122166698,376.42961395501857,-1.552488715755585,20.156788472334508,-26.68617402294538,False,True,False,True,False,0.0,0.0,0.0,0.0,0.0,0,0.9373299720700788,0.9800500562225692,False,False,False,False,-0.2348017375808761,-0.17715140080516484,False,False,False,False,48827.0,194486.17134507347,False,False,False,False,68788.32075102701,False,False,False,False
2025-04-21 15:00:00+00:00,360.15,361.255,357.8,358.27,105778.0,,,,,,,,,,,,,,,,,,,,,,,,,,,,,,,372.8562554165982,,,,,,372.8562554165982,"rgba(239, 83, 80, 1.0)",10.654090407651681,376.09120350304755,-1.6727099941116068,16.755733737273125,-29.811323613740676,False,True,False,True,False,0.0,0.0,0.0,0.0,0.0,0,0.9324521034691645,0.98307460014647,False,False,False,False,-0.2576320377969511,-0.21739171930105797,False,False,False,False,-56951.0,190587.92062654518,False,False,False,False,69361.8041502359,False,False,False,False
2025-04-21 16:00:00+00:00,358.405,359.825,357.75,358.9,49561.0,,,,,,,,,,,,,,,,,,,,,,,,,,,,,,,372.69967112564404,,,,,,372.69967112564404,"rgba(239, 83, 80, 1.0)",10.733556973217148,375.93754106255074,-1.5873154728729344,15.889090004038007,-30.552041387281434,False,True,False,True,False,0.0,0.0,0.0,0.0,0.0,0,0.9380578283995255,0.9844782124119937,False,False,False,False,-0.27056987494265783,-0.24398079712185788,False,False,False,False,-7390.0,187518.49550055224,False,False,False,False,69054.81493860432,False,False,False,False
2025-04-21 17:00:00+00:00,358.83,359.29,357.275,357.435,40447.0,,,,,,,,,,,,,,,,,,,,,,,,,,,,,,,372.56700253671085,,,,,,372.56700253671085,"rgba(239, 83, 80, 1.0)",10.882346544947259,375.80951286466797,-1.6884697421439279,14.797939407823243,-31.595839054017553,False,True,False,True,False,0.0,0.0,0.0,0.0,0.0,0,0.9383520667150109,0.9843727338651198,False,False,False,False,-0.27944987006388977,-0.2617153335928738,False,False,False,False,-47837.0,183869.57308969097,False,False,False,False,68611.28292405231,False,False,False,False
2025-04-21 18:00:00+00:00,357.44,357.925,355.68,355.93,49107.0,,,,,,,,,,,,,,,,,,,,,,,,,,,,,,356.5116666666667,372.3929805948338,,,356.5116666666667,,,364.45232363075024,"rgba(239, 83, 80, 1.0)",11.0524398472273,374.1734346568682,-1.650625102605276,13.600792589815034,-32.78721417688497,False,True,False,True,False,0.0,1.0,357.925,355.68,0.0,0,0.9352178927199589,0.988785267382836,False,False,False,False,-0.3057295737319146,-0.28372245366239424,True,False,False,False,-96944.0,179515.87428209884,False,False,False,False,68308.89094073366,False,False,False,False
2025-04-21 19:00:00+00:00,355.92,359.85,355.915,359.16,121532.0,,,,,,,,,,,,,,,,,,,,,,,,,,,,,,357.7912832451355,372.02503669797534,,,357.7912832451355,,,364.9081599715554,"rgba(239, 83, 80, 0.75)",11.150734968302967,373.94754355016966,-1.3261496746362138,19.089439092612437,-34.93063294652539,False,True,False,True,True,0.0,0.0,0.0,0.0,0.0,0,0.9332397809062515,0.9862025259155313,False,False,False,False,-0.2865140829304363,-0.2851182682964153,False,False,False,False,24588.0,177113.89173508956,False,False,False,False,69134.05542227268,False,False,False,False
2025-04-22 14:00:00+00:00,361.29,365.05,360.99,364.65,97415.0,,,,,,,,,,,,,,,,,,,,,,,,,,,,,,359.8889361782825,371.8514851404022,,,359.8889361782825,,,365.8702106593423,"rgba(239, 83, 80, 0.75)",11.17555117732984,373.940952716206,-0.8313641599219919,29.481692019182287,-25.677972866783236,False,True,False,True,True,0.0,0.0,0.0,0.0,0.0,0,0.9383482944344705,0.9770825852782767,False,False,False,False,-0.1976201959006643,-0.24136923209853978,False,False,False,False,122003.0,176259.45930508815,False,False,False,False,69572.5196792917,False,False,False,False
2025-04-22 15:00:00+00:00,364.65,366.1,363.345,365.81,98654.0,,,,,,,,,,,,,,,,,,,,,,,,,,,,,,361.2868126365755,371.7137976932351,,,361.2868126365755,,,366.5003051649053,"rgba(239, 83, 80, 0.5)",11.192408785172907,373.9085313162278,-0.7235735820296623,37.4749491387943,-19.006994285663527,False,False,False,True,True,0.0,0.0,0.0,0.0,0.0,0,0.9422925687219217,0.9847686369511967,False,False,False,False,-0.1688927436611564,-0.20513098787984807,False,False,False,False,220657.0,176947.79326935034,False,False,False,False,70023.39534317865,False,False,False,False
2025-04-22 16:00:00+00:00,365.85,367.935,365.845,366.745,55515.0,,,,,,,,,,,,,,,,,,,,,,,,,,,,,,362.01717957887973,371.6586406268565,,,362.01717957887973,,,366.83791010286814,"rgba(239, 83, 80, 0.5)",11.20718417311375,373.9029853137432,-0.638696143757087,43.65779340814064,-14.029414970908583,False,False,False,True,True,0.0,0.0,0.0,0.0,0.0,0,0.9379988055811934,0.982952386123025,False,False,False,False,-0.13270834180409158,-0.16891966484196982,False,False,False,False,276172.0,178486.15306362396,False,False,False,False,69798.45898126891,False,False,False,False
2025-04-22 17:00:00+00:00,366.745,367.565,362.26,363.335,48883.0,,,,,,,,,,,,,,,,,,,,,,,,,,,,,,362.2630427971625,371.586865462687,,,362.2630427971625,,,366.92495412992474,"rgba(239, 83, 80, 0.5)",11.242342347948213,373.8514180392272,-0.9354294428817617,44.338820832820225,-13.880371524473482,False,False,False,True,True,0.0,0.0,0.0,0.0,0.0,0,0.928495667493618,0.9852676805810232,False,False,False,False,-0.1657046420523197,-0.16731215344714476,False,False,False,False,227289.0,179242.78634945923,False,False,False,False,69474.18829938877,False,False,False,False
2025-04-22 18:00:00+00:00,363.315,367.24,362.16,366.455,34988.0,,,,,,,,,,,,,,,,,,,,,,,,,,,,,,362.47196097958096,371.5426580625611,,,362.47196097958096,,,367.007309521071,#000000,11.24656477081537,373.822472504291,-0.6550864779091898,47.67834065841979,-10.886505733218591,True,False,False,False,True,0.0,0.0,0.0,0.0,0.0,0,0.9281429642589353,0.9858785303674084,False,False,False,False,-0.16927050610160344,-0.1682913297743741,False,False,False,False,262277.0,180530.13849908003,False,False,False,False,68939.51871335173,False,False,False,False
2025-04-22 19:00:00+00:00,366.455,367.645,363.73,366.695,94126.0,,,,,,,,,,,,,,,,,,,,,,,,,,,,,,363.0288842313375,371.4404270455653,,,363.0288842313375,,,367.2346556384514,#000000,11.230058529124808,373.75724200759703,-0.6288695637054188,50.11172878585242,-8.57508114484429,True,False,False,False,True,0.0,0.0,0.0,0.0,0.0,0,0.9318631759306116,0.984073294803846,False,False,False,False,-0.15273434395605795,-0.16051283686521603,False,False,False,False,356403.0,183256.84953010202,False,False,False,False,69330.00679531526,False,False,False,False
2025-04-23 14:00:00+00:00,379.195,381.46,376.84,379.205,57918.0,,,,,,,,,,,,,,,,,,,,,,,,,,,,,,364.4492012668063,371.5275115249125,,,364.4492012668063,,,367.9883563958594,"rgba(38, 166, 154, 1.0)",11.236255642956648,373.90777557596385,0.47144036166146247,58.394598414487916,-0.8510827468417972,True,False,True,False,True,3.406975603903984,0.0,0.0,0.0,0.0,0,0.9389920424403182,0.9749484232242854,False,False,False,False,0.06823526310325902,-0.046138786880978506,False,False,False,False,414321.0,186839.23945986785,False,False,False,False,69153.0764574034,False,False,False,False
2025-04-23 15:00:00+00:00,379.21,379.94,374.41,376.055,47633.0,,,,,,,,,,,,,,,,,,,,,,,,,,,,,,365.2828781738931,371.57594211994063,,,365.2828781738931,,,368.4294101469169,"rgba(38, 166, 154, 1.0)",11.168627619403475,373.98953522666244,0.18493451870032757,61.125901199307364,1.619239418343767,True,False,True,False,True,1.33921901537299,0.0,0.0,0.0,0.0,0,0.9341778034025489,0.9790718287194405,False,False,False,False,0.03591604033364813,-0.005111373273665187,False,False,False,False,366688.0,189627.59233645906,False,False,False,False,68819.43186116459,False,False,False,False
2025-04-23 16:00:00+00:00,376.09,377.275,373.5,376.85,43729.0,,,,,,,,,,,,,,,,,,,,,,,,,,,,,,365.9008673604626,371.6118802968825,,,365.9008673604626,,,368.7563738286725,"rgba(38, 166, 154, 1.0)",11.085505532040575,374.04738325405435,0.25281812704393425,63.28907606594649,3.7793356729918415,True,False,True,False,True,1.8361223658451848,0.0,0.0,0.0,0.0,0,0.9312497852897733,0.9880019925109077,False,False,False,False,0.006731464419176149,0.0008100455727554812,False,False,False,False,410417.0,193050.68392814187,False,False,False,False,68430.43291758063,False,False,False,False
2025-04-23 17:00:00+00:00,376.86,378.7,375.185,377.1,29577.0,,,,,,,,,,,,,,,,,,,,,,,,,,,,,,366.32204673179507,371.6421461355563,,,366.32204673179507,,,368.9820964336757,"rgba(38, 166, 154, 1.0)",11.007594991436449,374.09111224387294,0.27334651742436905,64.84730699035953,5.560162809007487,True,False,True,False,True,1.9941525538788483,0.0,0.0,0.0,0.0,0,0.9336709771961847,0.9864856758447526,False,False,False,False,0.03211760255491965,0.016463824063837566,False,False,False,False,439994.0,196879.2624718916,False,False,False,False,67828.0541126569,False,False,False,False
2025-04-23 18:00:00+00:00,377.1,377.99,374.95,375.965,40247.0,,,,,,,,,,,,,,,,,,,,,,,,,,,,,,366.81226764991635,371.6775238123804,,,366.81226764991635,,,369.2448957311484,"rgba(38, 166, 154, 1.0)",10.8357206123631,374.14024306606365,0.16840199182086307,64.70633314934102,5.919038926566877,True,False,True,False,True,1.2313594049510286,0.0,0.0,0.0,0.0,0,0.93379389260828,0.9852951222844653,False,False,False,False,0.024400934248483674,0.02043237915616062,False,False,False,False,399747.0,200024.49871263743,False,False,False,False,67400.4408706002,False,False,False,False
2025-04-23 19:00:00+00:00,375.97,376.82,372.825,374.83,135732.0,,,,,,,,,,,,,,,,,,,,,,,,,,,,,,367.95103248395907,371.75610504530937,,,367.95103248395907,,,369.85356876463425,"rgba(38, 166, 154, 1.0)",10.568431918937955,374.23858311785773,0.055960703222440566,63.423834486838444,5.919038926566877,True,False,True,False,True,0.4684231717186549,0.0,0.0,0.0,0.0,0,0.9298224761646023,0.9874434360328391,False,False,False,False,-0.0024885706645008812,0.00897190424582987,False,False,False,False,264015.0,201016.59950779035,False,False,False,False,68459.84488811027,False,False,False,False
2025-04-24 14:00:00+00:00,381.43,384.42,380.615,383.265,53424.0,,,,,,,,,,,,,,,,,,,,,,,,,,,,,,368.7358873552277,371.86325034737365,,,368.7358873552277,,,370.2995688513007,"rgba(38, 166, 154, 1.0)",10.51976474277085,374.3578711344392,0.8467041881028486,66.6961655317246,8.80216337521371,True,False,True,False,True,5.726026596013142,0.0,0.0,0.0,0.0,0,0.9337373602089334,0.9793912810553812,False,False,False,False,0.13297384336015708,0.07097287380299347,False,False,False,False,317439.0,202821.5979650339,False,False,False,False,68226.731013876,False,False,False,False
2025-04-24 15:00:00+00:00,383.265,384.875,381.93,383.32,47207.0,,,,,,,,,,,,,,,,,,,,,,,,,,,,,,369.39050239796455,371.96139272766385,,,369.39050239796455,,,370.6759475628142,"rgba(38, 166, 154, 1.0)",10.401791149466451,374.46294885755657,0.8514928837902823,68.89837011357646,11.32400114681294,True,False,True,False,True,5.758525248297307,0.0,0.0,0.0,0.0,0,0.9380667808934764,0.9780266622090353,False,False,False,False,0.1599550136383197,0.11546394372065659,False,False,False,False,364646.0,205330.50342294035,False,False,False,False,67900.84371133527,False,False,False,False
2025-04-24 16:00:00+00:00,383.325,385.135,381.78,384.69,38830.0,,,,,,,,,,,,,,,,,,,,,,,,,,,,,,369.904130030263,372.04430933835624,,,369.904130030263,,,370.9742196843096,"rgba(38, 166, 154, 1.0)",10.305601927159938,374.5491696206325,0.98401145814121,70.90867714539124,13.640817475555096,True,False,True,False,True,6.57444116928783,0.0,0.0,0.0,0.0,0,0.9407795288084919,0.9770751384260769,False,False,False,False,0.16091734956588408,0.13819064664327033,False,False,False,False,403476.0,208402.52662568548,False,False,False,False,67450.13295612077,False,False,False,False
2025-04-24 17:00:00+00:00,384.67,385.86,383.765,385.74,32061.0,,,,,,,,,,,,,,,,,,,,,,,,,,,,,,370.3372020786251,372.11907136631885,,,370.3372020786251,,,371.22813672247196,"rgba(38, 166, 154, 1.0)",10.372718447928756,374.6256244994514,1.0715007407501675,72.6659653991157,15.70925724073409,True,False,True,False,True,7.1992629634402014,0.0,0.0,0.0,0.0,0,0.9439111801709231,0.975973868658263,False,False,False,False,0.19669647052726094,0.16744355858526563,False,False,False,False,435537.0,211923.9913291632,False,False,False,False,66901.4642281189,False,False,False,False
2025-04-24 18:00:00+00:00,385.67,387.57,385.37,387.02,40209.0,,,,,,,,,,,,,,,,,,,,,,,,,,,,,,370.8994772167785,372.222537346851,,,370.8994772167785,,,371.5610072818148,"rgba(38, 166, 154, 1.0)",10.432980844720642,374.73000030539464,1.1779950406814366,74.34612886995319,17.698809658153976,True,False,True,False,True,7.960748342780551,0.0,0.0,0.0,0.0,0,0.9478071492940825,0.9706952371416175,False,False,False,False,0.22691884475112353,0.19718120166819458,False,False,False,False,475746.0,216014.25502948623,False,False,False,False,66487.62757341938,False,False,False,False
2025-04-24 19:00:00+00:00,386.955,389.52,384.97,387.25,111210.0,,,,,,,,,,,,,,,,,,,,,,,,,,,,,,372.321993027631,372.5126366678809,,,372.321993027631,,,372.41731484775596,"rgba(38, 166, 154, 1.0)",10.400522211854597,375.0120135753325,1.176670380139042,75.56124108949663,19.256312350027798,True,False,True,False,True,8.09851834995796,0.0,0.0,0.0,0.0,0,0.9502861706375617,0.9666078796752299,False,False,False,False,0.2411877814262503,0.21918449154722244,False,False,False,False,586956.0,221765.28983523062,False,False,False,False,67180.99768856016,False,False,False,False
2025-04-25 14:00:00+00:00,386.96,388.81,385.37,387.46,56162.0,,,,,,,,,,,,,,,,,,,,,,,,,,,,,,372.94885043686696,372.65460114293234,,,372.94885043686696,,,372.80172578989965,"rgba(38, 166, 154, 1.0)",10.365217827118018,375.1445949751887,1.1881472469002146,76.46640450170787,20.542286472888094,True,False,True,False,True,8.226366931103467,0.0,0.0,0.0,0.0,0,0.9527716480562792,0.9646015496673361,False,False,False,False,0.23832645197702365,0.22875547176212305,False,False,False,False,643118.0,228297.88999282394,False,False,False,False,67010.16051509412,False,False,False,False
2025-04-25 15:00:00+00:00,387.54,388.55,386.24,387.635,28594.0,,,,,,,,,,,,,,,,,,,,,,,,,,,,,,373.253645745047,372.72711215026624,,,373.253645745047,,,372.9903789476566,"rgba(38, 166, 154, 1.0)",10.2723304000041,375.2112691796896,1.209436450788753,77.15678049424208,21.644308442137074,True,False,True,False,True,8.334697919639506,0.0,0.0,0.0,0.0,0,0.9546385427289841,0.9649943204901792,False,False,False,False,0.24396050338670278,0.2363579875744129,False,False,False,False,671712.0,235172.52735727627,False,False,False,False,66414.5611272632,False,False,False,False
2025-04-25 16:00:00+00:00,387.635,388.765,387.61,388.49,28271.0,,,,,,,,,,,,,,,,,,,,,,,,,,,,,,373.5592088789746,372.802025324097,,,373.5592088789746,,,373.18061710153574,"rgba(38, 166, 154, 1.0)",10.08474661006367,375.27987672038546,1.3099112739661734,78.05989579537106,22.941064520334805,True,False,True,False,True,8.869571353631542,0.0,0.0,0.0,0.0,0,0.9553401764154312,0.9655965015641729,False,False,False,False,0.2586720531962822,0.24751502038534756,False,False,False,False,699983.0,242378.89127421772,False,False,False,False,65823.18808653043,False,False,False,False
2025-04-25 17:00:00+00:00,388.45,391.73,388.36,389.81,51829.0,,,,,,,,,,,,,,,,,,,,,,,,,,,,,,374.14858432448307,372.9521889693175,,,374.14858432448307,,,373.5503866469003,"rgba(38, 166, 154, 1.0)",9.964660879399908,375.4172039009135,1.4443839357183712,79.31349459016681,24.525986783976435,True,False,True,False,True,9.69499965135918,0.0,0.0,0.0,0.0,0,0.9563128075761964,0.9608122079318476,False,False,False,False,0.2935999996129917,0.2705575099991696,False,False,False,False,751812.0,250277.0790064004,False,False,False,False,65606.22393015011,False,False,False,False
2025-04-25 18:00:00+00:00,389.81,390.635,389.23,390.17,26231.0,,,,,,,,,,,,,,,,,,,,,,,,,,,,,,374.43182511460657,373.02738919831575,,,374.43182511460657,,,373.72960715646116,"rgba(38, 166, 154, 1.0)",9.909531209082765,375.4850799885004,1.4818985582324915,80.3244994606878,25.83943849975431,True,False,True,False,True,9.921058229682192,0.0,0.0,0.0,0.0,0,0.9578754730417933,0.963605799885725,False,False,False,False,0.29146545110170097,0.2810114805504353,False,False,False,False,778043.0,258459.49638614611,False,False,False,False,64995.755342085766,False,False,False,False
2025-04-25 19:00:00+00:00,390.165,392.36,389.945,391.62,86525.0,,,,,,,,,,,,,,,,,,,,,,,,,,,,,,375.37051849682877,373.2893940985353,,,375.37051849682877,,,374.32995629768203,"rgba(38, 166, 154, 1.0)",9.960382155102144,375.7196981945147,1.5963545934169272,81.68036774264004,27.432688372913063,True,False,True,False,True,10.833949989821583,0.0,0.0,0.0,0.0,0,0.959521094640821,0.9587526647166725,False,False,False,False,0.3147563367494291,0.2978839086499322,False,False,False,False,864568.0,267856.52744992677,False,False,False,False,65329.54208096815,False,False,False,False
2025-04-28 14:00:00+00:00,389.825,391.685,389.0,390.355,34532.0,,,,,,,,,,,,,,,,,,,,,,,,,,,,,,375.6957452211261,373.38640564961906,,,375.6957452211261,,,374.5410754353726,"rgba(38, 166, 154, 0.75)",10.04336752280826,375.8043754279691,1.4487794595773567,79.71174126285013,27.432688372913063,True,False,True,False,False,9.775318803057242,0.0,0.0,0.0,0.0,0,0.9575460406296692,0.962028346664686,False,False,False,False,0.29925730850258764,0.29857060857625994,False,False,False,False,830036.0,276572.4882646566,False,False,False,False,64852.060808395,False,False,False,False
2025-04-28 15:00:00+00:00,390.4,391.37,387.32,387.91,19138.0,,,,,,,,,,,,,,,,,,,,,,,,,,,,,,375.852377535737,373.4350463931637,,,375.852377535737,,,374.64371196445035,"rgba(38, 166, 154, 0.75)",10.09550430583786,375.8458991861068,1.1949973422245972,73.81005546542795,28.278046247816448,True,False,True,False,False,7.762152624992282,0.0,0.0,0.0,0.0,0,0.9540851165354459,0.9633651718208818,False,False,False,False,0.28035973734862873,0.28946517296244434,False,False,False,False,810898.0,284856.6047256697,False,False,False,False,64143.31567958267,False,False,False,False
2025-04-28 16:00:00+00:00,387.905,388.27,386.25,387.515,19546.0,,,,,,,,,,,,,,,,,,,,,,,,,,,,,,375.99028971088563,373.4795420363264,,,375.99028971088563,,,374.73491587360604,"rgba(38, 166, 154, 0.75)",10.056752079443388,375.8829670219981,1.1566391302196304,69.21487466389328,24.184643196159726,True,False,True,False,False,7.43942413960815,0.0,0.0,0.0,0.0,0,0.9625586190840458,0.9654022682675361,False,False,False,False,0.24146488929629037,0.26546503112936737,False,False,False,False,791352.0,292709.2465128687,False,False,False,False,63451.884428736426,False,False,False,False
2025-04-28 17:00:00+00:00,387.45,389.43,386.125,389.36,23543.0,,,,,,,,,,,,,,,,,,,,,,,,,,,,,,376.1657501557361,373.5364448477772,,,376.1657501557361,,,374.8510975017566,"rgba(38, 166, 154, 0.75)",10.146042131192315,375.930733764944,1.3235965375868044,68.06784625219474,23.274664644262273,True,False,True,False,False,8.672172667171381,0.0,0.0,0.0,0.0,0,0.963538385010778,0.9549660089537393,False,False,False,False,0.2510477336871835,0.2582563824082754,False,False,False,False,814895.0,300805.1496677079,False,False,False,False,62833.14203449245,False,False,False,False
2025-04-28 18:00:00+00:00,389.34,391.895,389.2,390.865,44119.0,,,,,,,,,,,,,,,,,,,,,,,,,,,,,,376.5425156023398,373.65868158074153,,,376.5425156023398,,,375.1005985915407,"rgba(38, 166, 154, 0.75)",10.249801547189016,376.03517086250173,1.446840611422894,68.63334067553276,23.274664644262273,True,False,True,False,False,9.664476297257199,0.0,0.0,0.0,0.0,0,0.9721683330846145,0.9492695949194982,False,False,False,False,0.30316645674225645,0.2807114195752659,False,False,False,False,859014.0,309459.5504480535,False,False,False,False,62543.00029752357,False,False,False,False
2025-04-28 19:00:00+00:00,390.95,392.835,390.77,391.145,89416.0,,,,,,,,,,,,,,,,,,,,,,,,,,,,,,377.2955742837097,373.9144085968492,,,377.2955742837097,,,375.6049914402795,"rgba(38, 166, 154, 0.75)",10.352831613351778,376.2523068174824,1.4385139968190785,69.25042710262632,23.274664644262273,True,False,True,False,False,9.8495147205679,0.0,0.0,0.0,0.0,0,0.9779334355701083,0.9433663530484522,False,False,False,False,0.32730027399422557,0.30400584678474574,False,False,False,False,948430.0,319366.0690457581,False,False,False,False,62959.63595182553,False,False,False,False
2025-04-29 14:00:00+00:00,393.48,394.855,392.79,394.4,41492.0,,,,,,,,,,,,,,,,,,,,,,,,,,,,,,377.6751979621264,374.04660455725127,,,377.6751979621264,,,375.86090125968883,"rgba(38, 166, 154, 1.0)",10.517973273582006,376.3652860510589,1.7146567575179983,71.99885473870839,23.274664644262273,True,False,True,False,True,11.967127397714439,0.0,0.0,0.0,0.0,0,0.9775589933345997,0.9378391548900249,False,False,False,False,0.34282825251967436,0.3234170496522101,False,False,False,False,989922.0,329762.2850295448,False,False,False,False,62626.804386680946,False,False,False,False
2025-04-29 15:00:00+00:00,394.415,394.71,392.04,392.575,25835.0,,,,,,,,,,,,,,,,,,,,,,,,,,,,,,377.89034397871103,374.12434391148514,,,377.89034397871103,,,376.0073439450981,"rgba(38, 166, 154, 1.0)",10.643796733351428,376.4308393955796,1.5167670906222819,70.46505703363715,23.274664644262273,True,False,True,False,True,10.379429312333887,0.0,0.0,0.0,0.0,0,0.9781913971213636,0.9379103047919474,False,False,False,False,0.33436838876519287,0.32889271920870145,False,False,False,False,964087.0,339596.77673451306,False,False,False,False,62056.388814794416,False,False,False,False
2025-04-29 16:00:00+00:00,392.675,394.355,391.63,392.06,19157.0,,,,,,,,,,,,,,,,,,,,,,,,,,,,,,378.04167880892146,374.180294109099,,,378.04167880892146,,,376.11098645901023,"rgba(38, 166, 154, 0.75)",10.752274803102974,376.4776569810983,1.4492136133281166,68.55007645568429,23.274664644262273,True,False,True,False,False,9.932943916386183,0.0,0.0,0.0,0.0,0,0.986517738935161,0.9363342327093563,False,False,False,False,0.32717377922995244,0.32803324921932697,False,False,False,False,944930.0,348981.78794793144,False,False,False,False,61391.28201146427,False,False,False,False
2025-04-29 17:00:00+00:00,392.1,393.98,391.42,393.375,49080.0,,,,,,,,,,,,,,,,,,,,,,,,,,,,,,378.4218432374847,374.3239754013957,,,378.4218432374847,,,376.3729093194402,"rgba(38, 166, 154, 0.75)",10.875662066623303,376.59743607110744,1.5426705819024857,68.47792891785542,23.187605125009725,True,False,True,False,False,10.807585596455276,0.0,0.0,0.0,0.0,0,0.9853259865271221,0.9379861239437567,False,False,False,False,0.32169404201196117,0.32486364561564407,False,False,False,False,994010.0,358982.2253440876,False,False,False,False,61200.40942213924,False,False,False,False
2025-04-29 18:00:00+00:00,393.38,394.375,391.62,393.53,18698.0,,,,,,,,,,,,,,,,,,,,,,,,,,,,,,378.5640241989728,374.37886382764253,,,378.5640241989728,,,376.47144401330763,"rgba(38, 166, 154, 0.75)",10.975963565819628,376.6430372480214,1.5385403432429787,68.5712729902462,22.960989905849488,True,False,True,False,False,10.911202593927342,0.0,0.0,0.0,0.0,0,0.9822046133700433,0.9380854850082264,False,False,False,False,0.32726761426368745,0.32606562993966576,False,False,False,False,1012708.0,369117.50867208623,False,False,False,False,60541.45733807506,False,False,False,False
2025-04-29 19:00:00+00:00,393.52,395.0,393.43,394.07,49740.0,,,,,,,,,,,,,,,,,,,,,,,,,,,,,,378.9540304738166,374.5309546813199,,,378.9540304738166,,,376.7424925775682,"rgba(38, 166, 154, 0.75)",11.075177208433278,376.7697549680725,1.5620738798431222,69.15314580941458,22.960989905849488,True,False,True,False,False,11.276865083649867,0.0,0.0,0.0,0.0,0,0.9853913306756826,0.9373349481085261,False,False,False,False,0.34282825253852944,0.3344469412390976,False,False,False,False,1062448.0,379866.81861515465,False,False,False,False,60373.99288322118,False,False,False,False
2025-04-30 14:00:00+00:00,385.09,389.895,384.44,388.565,87762.0,,,,,,,,,,,,,,,,,,,,,,,,,,,,,387.6333333333333,379.32064984908556,374.70626452973687,,,379.32064984908556,,,380.5534159040519,"rgba(38, 166, 154, 0.5)",11.072543614278148,377.66942023664916,0.9840177779296246,61.009788561999926,15.522771979640638,False,False,True,False,False,6.4430523719613895,0.0,0.0,0.0,0.0,0,0.9742336591528694,0.9406376753773523,False,False,False,False,0.2154031760150187,0.2749250586270581,False,False,False,False,974686.0,389088.82142732275,False,False,False,False,60798.61314859759,False,False,False,False
2025-04-30 15:00:00+00:00,388.53,391.0,388.485,390.37,45485.0,,,,,,,,,,,,,,,,,,,,,,,,,,,,,388.4247161912338,379.5484017010244,374.81125635843614,,,379.5484017010244,,,380.92812475023146,"rgba(38, 166, 154, 0.5)",11.100697364669651,377.8023681594826,1.1321479568046384,57.76189385829671,12.704230189338027,False,False,True,False,False,7.704517306797435,0.0,0.0,0.0,0.0,0,0.9784791845798101,0.9453297827048777,False,False,False,False,0.2609657453213403,0.26794540197419925,False,False,False,False,1020171.0,398873.04125015496,False,False,False,False,60561.192789704604,False,False,False,False
2025-04-30 16:00:00+00:00,390.23,390.71,388.76,390.105,39724.0,,,,,,,,,,,,,,,,,,,,,,,,,,,,,388.75395639538806,379.73775685784415,374.90121632409006,,,379.73775685784415,,,381.1309765257741,"rgba(38, 166, 154, 0.5)",11.123646467716442,377.8909490256745,1.098025814625959,55.26894569611967,10.537669254713428,False,True,True,False,False,7.47716465488055,0.0,0.0,0.0,0.0,0,0.973606644105372,0.9525289084084211,False,False,False,False,0.26083157612890384,0.26438848905155155,False,False,False,False,980447.0,407889.6917734084,False,False,False,False,60238.13553715104,False,False,False,False
2025-04-30 17:00:00+00:00,390.05,391.635,387.32,390.55,42302.0,,,,,,,,,,,,,,,,,,,,,,,,,,,,,388.9663857597872,379.93145259551227,374.9956917205685,,,379.93145259551227,,,381.2978433586227,"rgba(38, 166, 154, 0.5)",11.088201410622206,377.9741196907823,1.1341677377153665,54.186333111738705,9.56145681206037,False,True,True,False,False,7.793733828139072,0.0,0.0,0.0,0.0,0,0.964017226240749,0.9534138897018855,False,False,False,False,0.2562306315593427,0.26030956030544716,False,False,False,False,1022749.0,417422.3942265338,False,False,False,False,59960.055916420024,False,False,False,False
2025-04-30 18:00:00+00:00,390.585,392.7,389.215,389.94,45605.0,,,,,,,,,,,,,,,,,,,,,,,,,,,,,389.2551685206623,380.14798843928236,375.1015202968532,,,380.14798843928236,,,381.50155908559935,#000000,11.126726594633007,378.0714157913397,1.0666734827820015,52.5775652324579,7.966656863400644,False,True,False,False,False,7.254322047463766,0.0,0.0,0.0,0.0,0,0.9679148850881882,0.9524903126670231,False,False,False,False,0.2828266241331661,0.27156809221930667,False,False,False,False,977144.0,426100.2485796108,False,False,False,False,59737.4969099639,False,False,False,False
2025-04-30 19:00:00+00:00,389.915,396.645,389.57,394.04,146703.0,,,,,,,,,,,,,,,,,,,,,,,,,,,,,390.75364064648096,380.96000544667754,375.49214787731364,,,380.96000544667754,,,382.40193132349077,"rgba(38, 166, 154, 0.5)",11.242982849776217,378.4678729684313,1.3850529916870458,56.21312965966345,7.966656863400644,False,True,True,False,True,10.151983230561672,0.0,0.0,0.0,0.0,1,0.9685865607414765,0.9447864945382324,False,False,False,False,0.32218065713485283,0.2968743746770798,False,False,False,False,1123847.0,436918.02767139976,False,False,False,False,61085.79928345283,False,False,False,False
2025-05-01 14:00:00+00:00,431.0,432.56,428.59,432.065,318886.0,,,,,,,,,,,,,,,,,,,,,,,,,,,,,408.45142188839964,386.84281796270903,377.9544685285624,,,386.84281796270903,,,391.08290279322364,"rgba(38, 166, 154, 0.5)",12.75544304413822,381.7356843564429,3.945712859161407,67.69581812504603,11.122929707874206,False,False,True,False,True,20.0,0.0,0.0,0.0,0.0,0,0.9811134910335987,0.9361329560200748,False,False,False,False,0.34282825343856305,0.3198513140578214,False,False,False,False,1442733.0,452512.0582501377,False,False,False,False,65082.701620143474,False,False,False,False
2025-05-01 15:00:00+00:00,432.08,433.55,428.265,429.1,176067.0,,,,,,,,,,,,,,,,,,,,,,,,,,,,,412.7146340636475,389.48842466513554,379.2044340863793,,,389.48842466513554,,,393.80249760505416,"rgba(38, 166, 154, 1.0)",13.935793048868906,383.0375862424941,3.3053313576039756,73.49885486578746,15.951385010013169,True,False,True,False,True,20.0,0.0,0.0,0.0,0.0,0,0.9765284905498751,0.9385644532010495,False,False,False,False,0.342828253442828,0.3313397837503247,False,False,False,False,1266666.0,465134.59998269373,False,False,False,False,66803.38841673039,False,False,False,False
2025-05-01 16:00:00+00:00,429.115,430.895,427.17,427.775,149084.0,,,,,,,,,,,,,,,,,,,,,,,,,,,,,414.9685339416658,391.4061803039683,380.1835686519613,,,391.4061803039683,,,395.51942763253174,"rgba(38, 166, 154, 1.0)",14.948413938584968,383.9709795533818,2.930345695977207,76.51961647230173,18.34823712940141,True,False,True,False,True,20.0,0.0,0.0,0.0,0.0,0,0.9761148232948615,0.9428219865115337,False,False,False,False,0.32469973683735615,0.3280197602938404,False,False,False,False,1117582.0,475250.0635488535,False,False,False,False,68079.05681337022,False,False,False,False
2025-05-01 17:00:00+00:00,427.96,430.0,427.68,429.63,130781.0,,,,,,,,,,,,,,,,,,,,,,,,,,,,,416.53193445134286,392.9602783255745,381.0194608236828,,,392.9602783255745,,,396.83722453353334,"rgba(38, 166, 154, 1.0)",15.948671756098877,384.7384179093766,2.814753653291319,78.79480915635052,20.323463647000665,True,False,True,False,True,20.0,0.0,0.0,0.0,0.0,0,0.9752301946811581,0.9447064969086473,False,False,False,False,0.3228503419284093,0.3254350511111248,False,False,False,False,1248363.0,487236.3106256155,False,False,False,False,69051.17996355053,False,False,False,False
2025-05-01 18:00:00+00:00,429.65,431.935,429.37,430.705,103946.0,,,,,,,,,,,,,,,,,,,,,,,,,,,,,417.6743926266541,394.1566994561872,381.6847256638234,,,394.1566994561872,,,397.83860591555487,"rgba(38, 166, 154, 1.0)",16.919474854479194,385.3408609820869,2.6811789023052075,80.46969875247828,21.977739757361945,True,False,True,False,True,20.0,0.0,0.0,0.0,0.0,0,0.9763955865599201,0.9431777392824257,False,False,False,False,0.3403502331958796,0.3328926421535022,False,False,False,False,1352309.0,500648.29030583845,False,False,False,False,69592.18492535595,False,False,False,False
2025-05-01 19:00:00+00:00,430.66,431.035,424.92,425.15,315265.0,,,,,,,,,,,,,,,,,,,,,,,,,,,,,419.5169584719959,397.0427732776651,383.45572571319695,,,397.0427732776651,,,400.00515248761934,"rgba(38, 166, 154, 1.0)",17.63211755792761,386.8428964473897,2.172575326063825,77.61785317759035,21.977739757361945,True,False,True,False,True,20.0,0.0,0.0,0.0,0.0,0,0.968833530179648,0.9460356188226517,False,False,False,False,0.3145900415489617,0.32374134185123193,False,False,False,False,1037044.0,508964.5028592363,False,False,False,False,73401.0657792264,False,False,False,False
2025-05-02 14:00:00+00:00,436.805,439.43,434.52,435.11,142827.0,,,,,,,,,,,,,,,,,,,,,,,,,,,,,420.8954484445889,398.5462802840054,384.3753129708243,,,398.5462802840054,,,401.2723472331395,"rgba(38, 166, 154, 1.0)",18.644583013270676,387.65952411784974,2.5450006496995075,77.80149913851729,21.977739757361945,True,False,True,False,True,20.0,0.0,0.0,0.0,0.0,0,0.971864161298929,0.9261196020886534,False,False,False,False,0.3428282535145973,0.33328479768291464,False,False,False,False,1179871.0,519366.1539776978,False,False,False,False,74477.43685241668,False,False,False,False
2025-05-02 15:00:00+00:00,435.095,436.3,433.94,436.04,67038.0,,,,,,,,,,,,,,,,,,,,,,,,,,,,,421.43321121093766,399.1966723369759,384.7884990026648,,,399.1966723369759,,,401.8061275168595,"rgba(38, 166, 154, 1.0)",19.61422891471704,388.01964628901163,2.4482407093228904,78.09027268812653,21.977739757361945,True,False,True,False,True,20.0,0.0,0.0,0.0,0.0,0,0.9707169868978951,0.9340158142022229,False,False,False,False,0.32620857988525825,0.3297466887840864,False,False,False,False,1246909.0,530645.8880245552,False,False,False,False,74362.09674617766,False,False,False,False
2025-05-02 16:00:00+00:00,436.06,438.47,435.55,437.68,68149.0,,,,,,,,,,,,,,,,,,,,,,,,,,,,,422.0060718056732,399.86656275781024,385.2164764788973,,,399.86656275781024,,,402.36303701412686,"rgba(38, 166, 154, 1.0)",20.57250155093119,388.3942253700729,2.3957113094832287,78.59125924986522,21.977739757361945,True,False,True,False,True,20.0,0.0,0.0,0.0,0.0,0,0.9817585697605187,0.9263769998685442,False,False,False,False,0.3428282535149805,0.33628747114953345,False,False,False,False,1315058.0,542807.3161171977,False,False,False,False,74265.76966484157,False,False,False,False
2025-05-02 17:00:00+00:00,437.73,438.01,433.97,436.59,58186.0,,,,,,,,,,,,,,,,,,,,,,,,,,,,,422.43196807306526,400.40466583284854,385.5691772508575,,,400.40466583284854,,,402.8019370522571,"rgba(38, 166, 154, 1.0)",21.41481556945745,388.69903727156196,2.2363471949177915,78.09170956162082,21.977739757361945,True,False,True,False,True,20.0,0.0,0.0,0.0,0.0,0,0.9793296651421232,0.9274797049969431,False,False,False,False,0.3336715315203504,0.3349795013349419,False,False,False,False,1256872.0,553878.0864099544,False,False,False,False,74016.47091034791,False,False,False,False
2025-05-02 18:00:00+00:00,436.54,438.02,434.81,435.53,58826.0,,,,,,,,,,,,,,,,,,,,,,,,,,,,,422.8352524805055,400.9316866882008,385.9203439398088,,,400.9316866882008,,,403.22909436950505,"rgba(38, 166, 154, 0.75)",22.15654039814018,389.00084118765915,2.1000191354895135,76.90475365504454,21.977739757361945,True,False,True,False,False,20.0,0.0,0.0,0.0,0.0,0,0.9749667460636621,0.9304296717913816,False,False,False,False,0.3374801974302578,0.33622984938259987,False,False,False,False,1198046.0,563865.1858454589,False,False,False,False,73780.95973344329,False,False,False,False
2025-05-02 19:00:00+00:00,435.56,436.56,434.63,435.22,97859.0,,,,,,,,,,,,,,,,,,,,,,,,,,,,,423.4255731819205,401.75919741251266,386.48641004386576,,,401.75919741251266,,,403.89039354609963,"rgba(38, 166, 154, 0.75)",22.841478323436153,389.4823868675903,2.0023928611258635,75.84477432232782,21.977739757361945,True,False,True,False,False,20.0,0.0,0.0,0.0,0.0,0,0.9738771910825069,0.9324458127697756,False,False,False,False,0.3301400663953605,0.33318495788898017,False,False,False,False,1100187.0,572180.2527315757,False,False,False,False,74154.2626833124,False,False,False,False
2025-05-05 14:00:00+00:00,436.19,437.48,434.51,437.47,48157.0,,,,,,,,,,,,,,,,,,,,,,,,,,,,,423.71912672162034,402.1638792443355,386.7659363309599,,,402.1638792443355,,,404.2163140989719,"rgba(38, 166, 154, 0.75)",23.505911573493695,389.72049422268435,2.031382855671087,75.84877880961295,21.977739757361945,True,False,True,False,False,20.0,0.0,0.0,0.0,0.0,0,0.9742906569049936,0.930285899633937,False,False,False,False,0.33371628492977645,0.3334506214093783,False,False,False,False,1148344.0,581113.0240070552,False,False,False,False,73751.20434713701,False,False,False,False
2025-05-05 15:00:00+00:00,437.4,438.46,436.05,437.49,57452.0,,,,,,,,,,,,,,,,,,,,,,,,,,,,,424.0746387329871,402.6461110190933,387.1009633391663,,,402.6461110190933,,,404.6072376970822,"rgba(38, 166, 154, 0.75)",24.104598305291535,390.0063317106423,1.9699008333581687,75.85797311906231,21.977739757361945,True,False,True,False,False,20.0,0.0,0.0,0.0,0.0,0,0.9791402700948734,0.9274235915819399,False,False,False,False,0.3428282535176542,0.33813943746351627,False,False,False,False,1205796.0,590798.0313867907,False,False,False,False,73498.50350454575,False,False,False,False
2025-05-05 16:00:00+00:00,437.52,439.545,437.215,438.98,42319.0,,,,,,,,,,,,,,,,,,,,,,,,,,,,,424.34838386646936,403.0054135702621,387.3509723021876,,,403.0054135702621,,,404.90158991297295,"rgba(38, 166, 154, 0.75)",24.705396381365038,393.4444437221789,1.8431421044581175,76.37574061300576,22.459300356466258,True,False,True,False,False,20.0,0.0,0.0,0.0,0.0,0,0.9934713002733309,0.9225146427176882,False,False,False,False,0.34282825352973123,0.34048384549662375,False,False,False,False,1248115.0,600988.9921404838,False,False,False,False,73015.10034943651,False,False,False,False
2025-05-05 17:00:00+00:00,438.98,439.39,437.875,437.965,33145.0,,,,,,,,,,,,,,,,,,,,,,,,,,,,,424.55319966048035,403.28052608819706,387.5444502786366,,,403.28052608819706,,,405.1260586757713,"rgba(38, 166, 154, 0.75)",25.21470655380703,393.5936177733868,1.7597421620563638,75.52119895027218,22.459300356466258,True,False,True,False,False,20.0,0.0,0.0,0.0,0.0,0,0.9936549223614725,0.9199259084101835,False,False,False,False,0.3428282535323972,0.34165604951451045,False,False,False,False,1214970.0,610508.0775336546,False,False,False,False,72396.95925874756,False,False,False,False
2025-05-05 18:00:00+00:00,438.005,438.745,437.7,438.16,56081.0,,,,,,,,,,,,,,,,,,,,,,,,,,,,,424.8814736323234,403.733699295053,387.8671677451341,,,403.733699295053,,,405.49411355750345,"rgba(38, 166, 154, 0.75)",25.698159677510287,393.84112082750704,1.7245935011945077,75.03835150093015,22.459300356466258,True,False,True,False,False,20.0,0.0,0.0,0.0,0.0,0,0.9987336025423527,0.9150318988793577,False,False,False,False,0.33921227137091736,0.3404341604427139,False,False,False,False,1271051.0,620749.0530757685,False,False,False,False,72143.9986500848,False,False,False,False
2025-05-05 19:00:00+00:00,438.16,438.22,435.11,435.995,72201.0,,,,,,,,,,,,,,,,,,,,,,,,,,,,,425.22869059564164,404.2711775914528,388.26232456234254,,,404.2711775914528,,,405.920730916479,"rgba(38, 166, 154, 0.5)",26.098432721574056,394.1047370490669,1.6050873015184879,71.98735525908057,25.179062714448108,False,False,True,False,False,20.0,0.0,0.0,0.0,0.0,0,0.9937369852958776,0.9110811479268223,False,False,False,False,0.3255526082330634,0.33299338433788866,False,False,False,False,1198850.0,629711.8584544387,False,False,False,False,72144.88239194395,False,False,False,False
2025-05-06 14:00:00+00:00,433.49,437.08,432.73,435.69,43283.0,,,,,,,,,,,,,,,,,,,,,,,,,,,,,425.40446584704085,404.57256095883486,388.48995771796433,,,404.57256095883486,,,406.15566150794666,"rgba(38, 166, 154, 0.5)",26.452906977127213,394.25153743470764,1.5664993870474258,69.57526128460626,22.859254536570802,False,False,True,False,False,20.0,0.0,0.0,0.0,0.0,0,0.9943491956621061,0.9129455518952235,False,False,False,False,0.31025669048331267,0.32162503741060067,False,False,False,False,1155567.0,637864.6513466181,False,False,False,False,71697.4113471076,False,False,False,False
2025-05-06 15:00:00+00:00,435.74,437.75,435.37,435.89,27196.0,,,,,,,,,,,,,,,,,,,,,,,,,,,,,425.5246245379387,404.7660670830278,388.63541648748503,,,404.7660670830278,,,406.30870270281713,"rgba(38, 166, 154, 0.5)",26.75859314987179,394.35883917606367,1.552068174560788,68.11455241597888,21.47231973454967,False,True,True,False,False,20.0,0.0,0.0,0.0,0.0,0,0.9994911064799109,0.9101924102166432,False,False,False,False,0.3246359922859367,0.3231305148482687,False,False,False,False,1182763.0,646312.6877598488,False,False,False,False,71007.46698513694,False,False,False,False
2025-05-06 16:00:00+00:00,435.9,437.98,435.185,435.71,25881.0,,,,,,,,,,,,,,,,,,,,,,,,,,,,,425.6360799026215,404.94778047852526,388.772893181923,,,404.94778047852526,,,406.45225118768985,"rgba(38, 166, 154, 0.5)",27.00476985111551,394.46082355446737,1.527477429837407,66.86826791813714,20.263568396377266,False,True,True,False,False,20.0,0.0,0.0,0.0,0.0,0,1.0153947291775889,0.9137312662788857,False,False,False,False,0.32483236557157413,0.3239814402099214,False,False,False,False,1156882.0,654228.4910503938,False,False,False,False,70307.83183808054,False,False,False,False
2025-05-06 17:00:00+00:00,435.73,436.86,434.35,434.625,31391.0,,,,,,,,,,,,,,,,,,,,,,,,,,,,,425.7556405985777,405.1583533240916,388.93504438097955,,,405.1583533240916,,,406.61634610121627,"rgba(38, 166, 154, 0.5)",27.196886685398088,394.57464681101175,1.4726080103312393,64.35581694804856,17.890571726356313,False,True,True,False,False,20.0,0.0,0.0,0.0,0.0,0,1.013735915403667,0.8994023820190524,False,False,False,False,0.31632309250308527,0.32015226635650335,False,False,False,False,1125491.0,661534.8865379846,False,False,False,False,69704.47010415682,False,False,False,False
2025-05-06 18:00:00+00:00,434.57,436.305,434.5,435.685,14294.0,,,,,,,,,,,,,,,,,,,,,,,,,,,,,425.8103318669203,405.25396068132045,389.00885250356043,,,405.25396068132045,,,406.69104835060034,"rgba(38, 166, 154, 0.5)",27.378243435812973,394.62777748999537,1.4996295363601904,63.755855934665256,17.298467375222316,False,True,True,False,False,20.0,0.0,0.0,0.0,0.0,0,1.010485050511922,0.8922582400761928,False,False,False,False,0.3145658691325107,0.31735906774450706,False,False,False,False,1139785.0,668949.6169792562,False,False,False,False,68845.39304827842,False,False,False,False
2025-05-06 19:00:00+00:00,435.64,436.27,433.29,433.29,43110.0,,,,,,,,,,,,,,,,,,,,,,,,,,,,,425.9514173778471,405.5272694502258,389.2242707333222,,,405.5272694502258,,,406.9009858537984,"rgba(38, 166, 154, 0.5)",27.484765423382896,394.77375450140266,1.4013670811914347,59.8578867901509,13.653618951376671,False,True,True,False,False,20.0,0.0,0.0,0.0,0.0,0,1.010000171972003,0.8967394108239177,False,False,False,False,0.3091757409647619,0.3132674043546345,False,False,False,False,1096675.0,675581.0182663995,False,False,False,False,68446.39470644464,False,False,False,False
2025-05-07 14:00:00+00:00,434.68,437.17,431.13,432.005,82181.0,,,,,,,,,,,,,,,,,,,,,,,,,,,,433.4349999999999,426.1816552959371,406.01931845856114,389.62167142715697,,,406.01931845856114,,,413.8144112954138,"rgba(38, 166, 154, 0.5)",27.541196029888795,397.43908788978905,1.255062128481953,55.66360834729045,9.888936327581206,False,True,True,False,False,20.0,0.0,0.0,0.0,0.0,0,0.9965945547187293,0.8968330216678959,False,False,False,False,0.30373834283477086,0.3085028735947027,False,False,False,False,1014494.0,680835.4830994785,False,False,False,False,68659.33432339899,False,False,False,False
2025-05-07 15:00:00+00:00,432.06,435.76,431.185,433.72,73946.0,,,,,,,,,,,,,,,,,,,,,,,,,,,,433.49183526872343,426.3802721010622,406.4493369583666,389.9741557824565,,,406.4493369583666,,,414.07390002765214,"rgba(38, 166, 154, 0.5)",27.59862451984506,397.6726613942705,1.3061280854706847,54.999384655992536,9.397063210403047,False,True,True,False,False,20.0,0.0,0.0,0.0,0.0,0,1.0001114559577495,0.8952571203209929,False,False,False,False,0.2979103570082199,0.3032066153014613,False,False,False,False,1088440.0,687154.9329739051,False,False,False,False,68741.29813233853,False,False,False,False
2025-05-07 16:00:00+00:00,433.63,436.695,432.985,435.905,34673.0,,,,,,,,,,,,,,,,,,,,,,,,,,,,433.80134171907747,426.4902197630168,406.65830110391056,390.14364043305227,,,406.65830110391056,,,414.2733757547643,"rgba(38, 166, 154, 0.5)",27.664397888306333,397.8120157260643,1.3769677701909233,56.84394019128037,9.397063210403047,False,True,True,False,True,20.0,0.0,0.0,0.0,0.0,0,0.9978455637003759,0.9022709159857419,False,False,False,False,0.3096945091905009,0.3064505622459811,False,False,False,False,1123113.0,693913.9727727593,False,False,False,False,68213.10746362011,False,False,False,False
2025-05-07 17:00:00+00:00,435.905,436.915,433.215,434.65,35879.0,,,,,,,,,,,,,,,,,,,,,,,,,,,,433.97945938235705,426.5977216270242,406.8693555007859,390.3166511442631,,,406.8693555007859,,,414.44079691360764,"rgba(38, 166, 154, 0.5)",27.540193422809708,397.944554016675,1.3327955043672388,56.31115813422612,9.397063210403047,False,True,True,False,True,20.0,0.0,0.0,0.0,0.0,0,1.0040745716869954,0.8961159847906071,False,False,False,False,0.31164133226230817,0.30904594725414464,False,False,False,False,1087234.0,700011.957691011,False,False,False,False,67711.80347193607,False,False,False,False
2025-05-07 18:00:00+00:00,435.35,437.36,432.13,436.115,38055.0,,,,,,,,,,,,,,,,,,,,,,,,,,,,434.1551493133988,426.7124564112787,407.0919536317422,390.49982200858796,,,407.0919536317422,,,414.6148453412519,"rgba(38, 166, 154, 0.5)",27.364485820424647,398.0855132017818,1.3897387675317945,57.49112932019925,9.397063210403047,False,True,True,False,True,20.0,0.0,0.0,0.0,0.0,1,1.01214400197263,0.8880532610035752,False,False,False,False,0.3088732006569955,0.30895957395557005,False,False,False,False,1125289.0,706605.4002074294,False,False,False,False,67252.00806927039,False,False,False,False
2025-05-07 19:00:00+00:00,435.95,438.115,432.87,433.15,73718.0,,,,,,,,,,,,,,,,,,,,,,,,,,,,434.2763639797273,426.913889184367,407.50601100752795,390.8465874037357,,,407.50601100752795,,,414.88571289383947,"rgba(38, 166, 154, 0.5)",27.11523119198138,398.335377074794,1.283950805313491,54.49067260220945,8.927796581451517,False,True,True,False,False,19.042746268690763,0.0,0.0,0.0,0.0,1,1.0168047274837757,0.8793946428885485,False,False,False,False,0.3153466244972421,0.3121530992264061,False,False,False,False,1051571.0,711953.7040801825,False,False,False,False,67352.25600618092,False,False,False,False
2025-05-08 14:00:00+00:00,437.95,438.93,435.4,436.94,29161.0,,,,,,,,,,,,,,,,,,,,,,,,,,,,434.49955641303944,427.0142557408497,407.6804160801435,390.98961851205416,,,407.6804160801435,,,415.0459616865217,"rgba(38, 166, 154, 0.5)",26.851271080353644,398.4567882481584,1.4331988842047316,56.17230130980872,8.927796581451517,False,True,True,False,False,20.0,0.0,0.0,0.0,0.0,1,1.0185662667508595,0.8727197782922893,False,False,False,False,0.32992473528002564,0.32103891725321587,False,False,False,False,1080732.0,717671.1970401796,False,False,False,False,66760.14350996107,False,False,False,False
2025-05-08 15:00:00+00:00,436.79,443.44,435.425,441.78,55576.0,,,,,,,,,,,,,,,,,,,,,,,,,,,,435.2501465578422,427.2578139455823,408.0418927394279,391.2780894385243,,,408.0418927394279,,,415.4569856703442,"rgba(38, 166, 154, 0.5)",26.587970506559216,398.7359080660505,1.6189310847674718,60.470118801573534,5.728680216415164,False,True,True,False,True,20.0,0.0,0.0,0.0,0.0,1,1.0310063224446786,0.8601422550052683,False,False,False,False,0.3428282535190395,0.3319335853861277,False,False,False,False,1136308.0,724161.6901093242,False,False,False,False,66586.74593616322,False,False,False,False
2025-05-08 16:00:00+00:00,441.78,443.77,441.72,443.06,56637.0,,,,,,,,,,,,,,,,,,,,,,,,,,,,436.1472069493247,427.5455764980214,408.4316001230346,391.58425279175646,,,408.4316001230346,,,415.9271590905343,"rgba(38, 166, 154, 0.5)",26.37643695893465,399.0481272026102,1.66860569021933,64.01055870469872,8.930779451211535,False,True,True,False,True,20.0,0.0,0.0,0.0,0.0,0,1.0339095921792174,0.8698578443124402,False,False,False,False,0.34282825355358804,0.3373809194698579,False,False,False,False,1192945.0,731429.6484022029,False,False,False,False,66432.48630924596,False,False,False,False
2025-05-08 17:00:00+00:00,443.08,443.815,441.82,442.035,41435.0,,,,,,,,,,,,,,,,,,,,,,,,,,,,436.65669444865426,427.74555441667457,408.708840265029,391.8046774398466,,,408.708840265029,,,416.22894164255115,"rgba(38, 166, 154, 0.5)",26.226000045344,399.26119669813244,1.6309693902201217,65.05076729905933,9.853620328545126,False,False,True,False,True,20.0,0.0,0.0,0.0,0.0,0,1.034065737763487,0.8678010003572701,False,False,False,False,0.34282825355431434,0.3401045865120861,False,False,False,False,1151510.0,737942.5220703857,False,False,False,False,66044.92838197082,False,False,False,False
2025-05-08 18:00:00+00:00,442.03,443.415,441.89,442.11,27169.0,,,,,,,,,,,,,,,,,,,,,,,,,,,,436.94476581636064,427.87307697689334,408.88774438110204,391.9479380049917,,,408.88774438110204,,,416.41338129483694,"rgba(38, 166, 154, 0.5)",26.06072224908875,399.3959438044826,1.6390204303340425,65.79425138350724,10.655526544471527,False,False,True,False,True,20.0,0.0,0.0,0.0,0.0,0,1.029688344442443,0.873842550891731,False,False,False,False,0.3414081371015962,0.3407563618068411,False,False,False,False,1178679.0,744775.645759217,False,False,False,False,65442.200810157316,False,False,False,False
2025-05-08 19:00:00+00:00,442.08,442.74,437.67,438.38,106678.0,,,,,,,,,,,,,,,,,,,,,,,,,,,,437.37660221418963,428.2585903979504,409.5136433389542,392.4711276070727,,,409.5136433389542,,,416.90499088954175,"rgba(38, 166, 154, 0.5)",25.815357303060715,399.82265204847255,1.493581804771535,61.72741937377077,10.655526544471527,False,True,True,False,False,19.66411713868518,0.0,0.0,0.0,0.0,0,1.016582511971083,0.9091501928415714,False,False,False,False,0.3204946047398815,0.3306254832733613,False,False,False,False,1072001.0,749848.9070652756,False,False,False,False,66081.5155262789,False,False,False,False
2025-05-09 14:00:00+00:00,438.985,439.48,435.375,437.415,31980.0,,,,,,,,,,,,,,,,,,,,,,,,,,,,437.3787772793781,428.34805320595785,409.68313673527155,392.61860830951633,,,409.68313673527155,,,417.00714388253095,"rgba(38, 166, 154, 0.5)",25.435112757229493,399.9296781361849,1.4737627555105115,58.01755397319938,13.583706827956384,False,True,True,False,False,18.840101075755257,0.0,0.0,0.0,0.0,0,0.9790807856596592,0.9133853127156735,False,False,False,False,0.2970843105829476,0.31385489692815444,False,False,False,False,1040021.0,754347.6992037984,False,False,False,False,65552.8098592048,False,False,False,False
2025-05-09 15:00:00+00:00,437.45,438.755,435.525,437.725,34451.0,,,,,,,,,,,,,,,,,,,,,,,,,,,,437.3766870651944,428.4415753896236,409.8628638378874,392.77609435580194,,,409.8628638378874,,,417.1143051621268,"rgba(38, 166, 154, 0.5)",25.092497160820233,400.0433796682246,1.5017086617673123,55.8704046278976,11.5973840453659,False,True,True,False,False,18.99989029376875,0.0,0.0,0.0,0.0,0,0.9776639945485004,0.9268685109645176,False,False,False,False,0.2946794694725836,0.30426718320036905,False,False,False,False,1074472.0,759310.8666580031,False,False,False,False,65070.611256736505,False,False,False,False
2025-05-09 16:00:00+00:00,437.72,438.835,435.22,436.78,30098.0,,,,,,,,,,,,,,,,,,,,,,,,,,,,437.35940090540157,428.51818823048563,410.01577837634045,392.9115800842066,,,410.01577837634045,,,417.20123689910855,"rgba(38, 166, 154, 0.5)",24.7013558673343,400.13931706677823,1.4833470328515979,53.34568737028933,9.198988336954955,False,True,True,False,False,18.175247726398094,0.0,0.0,0.0,0.0,0,0.9988643581698843,0.9194945431447651,False,False,False,False,0.29373934721664974,0.2990032652085094,False,False,False,False,1044374.0,763730.4501206697,False,False,False,False,64528.40022950027,False,False,False,False
2025-05-09 17:00:00+00:00,436.805,438.105,435.34,437.935,26654.0,,,,,,,,,,,,,,,,,,,,,,,,,,,,437.3514304953631,428.5863290723475,410.15066478745143,393.03136275909446,,,410.15066478745143,,,417.2799467785641,"rgba(38, 166, 154, 0.5)",24.562535784995717,400.22492697100927,1.5352679120380692,53.048353930290396,8.778101993775572,False,True,True,False,False,18.790246406547855,0.0,0.0,0.0,0.0,0,1.0062513954007593,0.9201005659260119,False,False,False,False,0.2911931034755636,0.2950981843420365,False,False,False,False,1071028.0,768494.753219574,False,False,False,False,63941.20022594213,False,False,False,False
2025-05-09 18:00:00+00:00,437.905,439.38,435.85,438.755,58576.0,,,,,,,,,,,,,,,,,,,,,,,,,,,,437.3964767539725,428.74719973776,410.4518237493899,393.29747467676896,,,410.4518237493899,,,417.47324372947287,"rgba(38, 166, 154, 0.5)",24.344835722414672,400.42246847528247,1.5745652162862682,53.80655653994364,8.778101993775572,False,True,True,False,False,19.22752912123427,0.0,0.0,0.0,0.0,0,1.019317059818365,0.904900628586511,False,False,False,False,0.29865448421587526,0.2968763342789559,False,False,False,False,1129604.0,774093.346192914,False,False,False,False,63858.01882709031,False,False,False,False
2025-05-09 19:00:00+00:00,438.83,439.815,437.43,438.66,95697.0,,,,,,,,,,,,,,,,,,,,,,,,,,,,437.5235704001727,429.01589611193174,410.94117476831053,393.7316451556069,,,410.94117476831053,,,417.8030716090054,"rgba(38, 166, 154, 0.5)",24.11167869117189,400.7513221338363,1.5722123022501697,54.16811221432013,8.778101993775572,False,True,True,False,False,19.14095005789584,0.0,0.0,0.0,0.0,0,1.0201408673630896,0.9079317030705917,False,False,False,False,0.3071163088532181,0.301996321566087,False,False,False,False,1033907.0,778121.4648565897,False,False,False,False,64351.64644217418,False,False,False,False
2025-05-12 14:00:00+00:00,441.135,444.575,439.96,443.86,67987.0,,,,,,,,,,,,,,,,,,,,,,,,,,,,437.88198821949106,429.27693858051884,411.32936148372266,394.06321275038727,,,411.32936148372266,,,418.13787525852996,"rgba(38, 166, 154, 0.5)",23.927818974446467,401.0351452307554,1.789751703445228,59.28961420578873,4.032052391509282,False,True,True,False,True,20.0,0.0,0.0,0.0,0.0,0,1.013411176972028,0.9025732014352832,False,False,False,False,0.3380996705994502,0.32004799608276857,False,False,False,False,1101894.0,783141.1940836193,False,False,False,False,64408.00851283814,False,False,False,False
2025-05-12 15:00:00+00:00,443.86,444.35,441.505,443.42,38073.0,,,,,,,,,,,,,,,,,,,,,,,,,,,,438.0729602050405,429.4219280881074,411.54463143050543,394.248047825215,,,411.54463143050543,,,418.3218918872171,"rgba(38, 166, 154, 0.5)",23.67591789272529,401.19270079420085,1.7835548930828997,62.00928437773712,6.630693066980356,False,True,True,False,True,20.0,0.0,0.0,0.0,0.0,0,1.0091647054130601,0.9077845147393192,False,False,False,False,0.342828253555414,0.3314381248190913,False,False,False,False,1063821.0,787492.8189815476,False,False,False,False,63999.71380721274,False,False,False,False
2025-05-12 16:00:00+00:00,443.33,445.89,441.94,445.8,37270.0,,,,,,,,,,,,,,,,,,,,,,,,,,,,438.29710013563914,429.5757044332371,411.76212112951504,394.4329772302183,,,411.76212112951504,,,418.5169757321524,"rgba(38, 166, 154, 0.5)",23.395656095034475,401.3547797377912,1.8997210457218987,65.49608562485169,9.906498964068255,False,False,True,False,True,20.0,0.0,0.0,0.0,0.0,0,1.0071169033962946,0.907149935437374,False,False,False,False,0.3428282535651627,0.337133189192127,False,False,False,False,1101091.0,792354.8062841593,False,False,False,False,63585.29963965905,False,False,False,False
2025-05-12 17:00:00+00:00,445.805,448.315,445.52,446.98,38114.0,,,,,,,,,,,,,,,,,,,,,,,,,,,,438.5927460933853,429.75441275478454,411.9976253387688,394.62966506290985,,,411.9976253387688,,,418.7436123124621,"rgba(38, 166, 154, 1.0)",23.2861633485532,401.53475936681093,1.9515984644165378,68.54761122698811,12.741418448405305,True,False,True,False,True,20.0,0.0,0.0,0.0,0.0,0,1.0116978508599583,0.9048353132021478,False,False,False,False,0.34282825359349123,0.3399807213928091,False,False,False,False,1139205.0,797732.3286673506,False,False,False,False,63190.395769276736,False,False,False,False
2025-05-12 18:00:00+00:00,447.0,449.055,446.045,447.22,32778.0,,,,,,,,,,,,,,,,,,,,,,,,,,,,438.84562264450386,429.9095869009623,412.2005229701914,394.79925256949645,,,412.2005229701914,,,418.9387462712885,"rgba(38, 166, 154, 1.0)",23.14961514438934,401.69002450270295,1.9667702989149671,70.7324020929949,14.801350023563131,True,False,True,False,True,20.0,0.0,0.0,0.0,0.0,0,1.0019724262855993,0.9068632384019318,False,False,False,False,0.34282825359921976,0.34140448749601443,False,False,False,False,1171983.0,803534.6646570041,False,False,False,False,62718.88575734996,False,False,False,False
2025-05-12 19:00:00+00:00,447.185,449.17,445.77,449.15,99972.0,,,,,,,,,,,,,,,,,,,,,,,,,,,,439.5820771713516,430.38186163178824,412.8153785502938,395.315550681128,,,412.8153785502938,,,419.52371700864046,"rgba(38, 166, 154, 1.0)",23.041096596307376,402.16021223516003,2.0393902507387884,73.34026652563267,17.305760149571057,True,False,True,False,True,20.0,0.0,0.0,0.0,0.0,0,1.0029079747167755,0.9101960863506934,False,False,False,False,0.3421754548659757,0.3417899711809951,False,False,False,False,1271955.0,810796.9954375156,False,False,False,False,63296.4534200267,False,False,False,False
2025-05-13 14:00:00+00:00,449.58,450.62,446.87,448.225,75811.0,,,,,,,,,,,,,,,,,,,,,,,,,,,,440.0973695827338,430.73440189038985,413.2747074673992,395.7043976284064,,,413.2747074673992,,,419.9527191422323,"rgba(38, 166, 154, 1.0)",22.906538257186202,402.5107857950786,1.9956841008300332,73.25651374561761,17.38880159035385,True,False,True,False,True,20.0,0.0,0.0,0.0,0.0,0,1.0003524601720006,0.9069807254637366,False,False,False,False,0.34282825360982777,0.3423091123954114,False,False,False,False,1196144.0,816771.367601275,False,False,False,False,63490.477398010786,False,False,False,False
2025-05-13 15:00:00+00:00,448.24,448.75,446.64,447.685,62608.0,,,,,,,,,,,,,,,,,,,,,,,,,,,,440.4406208436419,431.0015412496625,413.6359994776512,396.01599439649885,,,413.6359994776512,,,420.27353899186363,"rgba(38, 166, 154, 1.0)",22.758898961833857,402.7834203648938,1.972924072926599,72.13581373135821,17.38880159035385,True,False,True,False,True,20.0,0.0,0.0,0.0,0.0,0,0.9995764634699744,0.9116724650834465,False,False,False,False,0.33439315371583006,0.3383511330556207,False,False,False,False,1133536.0,821682.4471733482,False,False,False,False,63476.79557788658,False,False,False,False
2025-05-13 16:00:00+00:00,447.69,449.375,447.27,448.57,31692.0,,,,,,,,,,,,,,,,,,,,,,,,,,,,440.6187651210756,431.1392266623129,413.81977862704184,396.1744619150119,,,413.81977862704184,,,420.4380580813605,"rgba(38, 166, 154, 1.0)",22.5993108148526,402.9227629092539,2.0198508469889296,72.13707688377434,17.38880159035385,True,False,True,False,True,20.0,0.0,0.0,0.0,0.0,0,0.9992981028431922,0.9220182086363864,False,False,False,False,0.3394285421395718,0.3388898375975963,False,False,False,False,1165228.0,827008.7348140714,False,False,False,False,62984.00804954726,False,False,False,False
2025-05-13 17:00:00+00:00,448.57,449.47,448.19,448.205,33524.0,,,,,,,,,,,,,,,,,,,,,,,,,,,,440.80374206967815,431.2843179156893,414.0132833314232,396.341740847946,,,414.0132833314232,,,420.6107710411842,"rgba(38, 166, 154, 1.0)",22.407473095432472,403.0696067876529,2.0143008995310345,71.33367656031794,17.38880159035385,True,False,True,False,True,20.0,0.0,0.0,0.0,0.0,0,1.0099431232741212,0.9192391707538223,False,False,False,False,0.3428282536105718,0.34085904560408403,False,False,False,False,1131704.0,831732.6924138534,False,False,False,False,62527.263738701564,False,False,False,False
2025-05-13 18:00:00+00:00,448.24,449.33,447.35,448.595,43045.0,,,,,,,,,,,,,,,,,,,,,,,,,,,,441.02340773213666,431.4650480962011,414.25721736550673,396.554167498352,,,414.25721736550673,,,420.8249601730491,"rgba(38, 166, 154, 0.75)",22.193669122457532,403.2542888969761,2.0429569735787467,71.18808713521994,17.38880159035385,True,False,True,False,False,20.0,0.0,0.0,0.0,0.0,0,1.0123361205739654,0.9056570661711569,False,False,False,False,0.33888973075237444,0.33987438817822924,False,False,False,False,1174749.0,837050.7747020107,False,False,False,False,62225.21313810154,False,False,False,False
2025-05-13 19:00:00+00:00,448.665,450.55,448.255,448.87,75654.0,,,,,,,,,,,,,,,,,,,,,,,,,,,,441.418848701457,431.7881794231832,414.6875120575758,396.9290439309609,,,414.6875120575758,,,421.2058960282942,"rgba(38, 166, 154, 0.75)",21.970792056810595,403.58178995929836,2.061291642267536,71.37960605201192,17.38880159035385,True,False,True,False,False,20.0,0.0,0.0,0.0,0.0,0,1.0142684075918698,0.9046253248703103,False,False,False,False,0.3428282536155477,0.34135132089688847,False,False,False,False,1250403.0,843459.3363345376,False,False,False,False,62433.411384022445,False,False,False,False
2025-05-14 14:00:00+00:00,453.36,454.02,451.405,452.895,79697.0,,,,,,,,,,,,,,,,,,,,,,,,,,,,441.967686886153,432.1828314074885,415.1749032590796,397.3446316833976,,,415.1749032590796,,,421.6675133090297,"rgba(38, 166, 154, 1.0)",21.80790479627999,403.960499821638,2.2438881972150426,74.60186998500956,20.661781249878032,True,False,True,False,True,20.0,0.0,0.0,0.0,0.0,0,1.0104852650642082,0.8979564537372403,False,False,False,False,0.3428282536431516,0.34208978727002004,False,False,False,False,1330100.0,851004.152825475,False,False,False,False,62701.06392070427,False,False,False,False
2025-05-14 15:00:00+00:00,452.865,454.205,451.66,452.78,46796.0,,,,,,,,,,,,,,,,,,,,,,,,,,,,442.2688989149271,432.40890267563515,415.45612520609234,397.58625554511195,,,415.45612520609234,,,421.93004558544163,"rgba(38, 166, 154, 1.0)",21.617047137732836,404.17873043800074,2.248284386499999,76.46753772518774,22.57095405356631,True,False,True,False,True,20.0,0.0,0.0,0.0,0.0,0,1.0116962696145408,0.903159027864033,False,False,False,False,0.3428282536449189,0.34245902045746945,False,False,False,False,1283304.0,857706.4760374831,False,False,False,False,62454.473782398774,False,False,False,False
2025-05-14 16:00:00+00:00,452.77,453.52,451.2,451.43,33218.0,,,,,,,,,,,,,,,,,,,,,,,,,,,,442.4568373994415,432.5600066549971,415.6488377364348,397.75393899627903,,,415.6488377364348,,,422.1049051967881,"rgba(38, 166, 154, 0.75)",21.404227327691697,404.3275066901823,2.2006163823946543,74.46738204404164,22.57095405356631,True,False,True,False,False,20.0,0.0,0.0,0.0,0.0,0,1.0118409572479123,0.9002659021978475,False,False,False,False,0.3384236671753384,0.3404413438164039,False,False,False,False,1250086.0,863789.8795097702,False,False,False,False,62001.19511910577,False,False,False,False
2025-05-14 17:00:00+00:00,451.415,451.84,450.05,451.345,24506.0,,,,,,,,,,,,,,,,,,,,,,,,,,,,442.5773400486357,432.66451547531256,415.7859516327005,397.8747822128027,,,415.7859516327005,,,422.2256473423629,"rgba(38, 166, 154, 0.75)",21.127337335805233,404.4327807421291,2.2204510919777447,72.93376952087925,22.57095405356631,True,False,True,False,False,20.0,0.0,0.0,0.0,0.0,0,1.0088052935966239,0.9027562132027297,False,False,False,False,0.3275908778404858,0.33401611082844485,False,False,False,False,1225580.0,869399.0286646575,False,False,False,False,61419.874264545986,False,False,False,False
2025-05-14 18:00:00+00:00,451.345,452.6,450.845,451.86,28853.0,,,,,,,,,,,,,,,,,,,,,,,,,,,,442.7261411841348,432.7906150859331,415.9491630629765,398.0181971742257,,,415.9491630629765,,,422.3710291268175,"rgba(38, 166, 154, 0.75)",20.758341998833856,404.5585806523005,2.278670394309755,72.46279379744811,26.277921586028356,True,False,True,False,False,20.0,0.0,0.0,0.0,0.0,0,1.0124102167344509,0.8989304421466429,False,False,False,False,0.3335338320998606,0.3337749714641527,False,False,False,False,1254433.0,875368.5476000891,False,False,False,False,60914.9614852507,False,False,False,False
2025-05-14 19:00:00+00:00,451.79,453.27,450.775,452.88,86232.0,,,,,,,,,,,,,,,,,,,,,,,,,,,,443.16838815849337,433.1682011804043,416.43546306849095,398.44656392982887,,,416.43546306849095,,,422.8046540843044,"rgba(38, 166, 154, 0.75)",20.350435515184113,404.93453080845086,2.355992290964755,73.183470868246,26.277921586028356,True,False,True,False,False,20.0,0.0,0.0,0.0,0.0,0,1.0139637048271535,0.8944511270331046,False,False,False,False,0.3358330019929964,0.3348039867285746,False,False,False,False,1340665.0,882582.4460869094,False,False,False,False,61307.47371028557,False,False,False,False
2025-05-15 14:00:00+00:00,453.14,454.23,452.29,453.07,77923.0,,,,,,,,,,,,,,,,,,,,,,,,,,,,443.5698816182907,433.51231745618054,416.8744582586936,398.83417076021465,,,416.8744582586936,,,423.1977070233449,"rgba(38, 166, 154, 0.75)",19.951606312085296,405.2755122875949,2.3955207898952238,73.85279884223395,26.277921586028356,True,False,True,False,False,20.0,0.0,0.0,0.0,0.0,0,1.0170379529308216,0.8925644948341257,False,False,False,False,0.34282825364753494,0.33881612018805474,False,False,False,False,1418588.0,890892.6097134689,False,False,False,False,61565.07876904084,False,False,False,False
2025-05-15 15:00:00+00:00,453.13,455.635,453.03,455.345,51539.0,,,,,,,,,,,,,,,,,,,,,,,,,,,,443.8562330877034,433.75004992739036,417.17064401713554,399.0944029066819,,,417.17064401713554,,,423.46783248472786,"rgba(38, 166, 154, 1.0)",19.585787996438924,405.5070770053288,2.5445962656050756,76.21125504515413,26.277921586028356,True,False,True,False,True,20.0,0.0,0.0,0.0,0.0,0,1.021554759177325,0.8889367649995266,False,False,False,False,0.34282825365597874,0.3408221869220167,False,False,False,False,1470127.0,899872.9878574461,False,False,False,False,61409.63568735028,False,False,False,False
2025-05-15 16:00:00+00:00,455.335,455.96,454.85,455.57,42759.0,,,,,,,,,,,,,,,,,,,,,,,,,,,,444.0993781539716,433.9505622275694,417.4179751432316,399.3115117897257,,,417.4179751432316,,,423.6948568286246,"rgba(38, 166, 154, 1.0)",19.1858082814987,405.7010587346417,2.5992619405796935,77.94302006272449,24.441256238373853,True,False,True,False,True,20.0,0.0,0.0,0.0,0.0,0,1.0385187722810438,0.8828699589975266,False,False,False,False,0.34282825366423886,0.3418252202931278,False,False,False,False,1512886.0,909377.0655650825,False,False,False,False,61120.47854491074,False,False,False,False
2025-05-15 17:00:00+00:00,455.57,456.485,453.985,454.31,51207.0,,,,,,,,,,,,,,,,,,,,,,,,,,,,444.364426022705,434.1800352202719,417.7059056982053,399.56687581476416,,,417.7059056982053,,,423.9543106889866,"rgba(38, 166, 154, 0.75)",18.813484421102668,405.9265534099625,2.571742985353999,75.39461279567995,24.441256238373853,True,False,True,False,False,20.0,0.0,0.0,0.0,0.0,0,1.0351306926225547,0.8844877042575817,False,False,False,False,0.34155182734695105,0.34168852382003945,False,False,False,False,1461679.0,917939.8862539959,False,False,False,False,60966.78120312917,False,False,False,False
2025-05-15 18:00:00+00:00,454.29,454.34,452.75,453.33,45435.0,,,,,,,,,,,,,,,,,,,,,,,,,,,,444.55806824900645,434.3655075871799,417.94787303978603,399.7856030218847,,,417.94787303978603,,,424.1642629744643,"rgba(38, 166, 154, 0.75)",18.329641502075386,406.1152432021063,2.5758690802844004,71.19620360115333,25.186136761388468,True,False,True,False,False,20.0,0.0,0.0,0.0,0.0,0,1.0327651881980762,0.8847784449178984,False,False,False,False,0.32891999498727126,0.3353042594036554,False,False,False,False,1416244.0,925665.5314283526,False,False,False,False,60725.97839377832,False,False,False,False
2025-05-15 19:00:00+00:00,453.08,453.62,450.79,452.84,110090.0,,,,,,,,,,,,,,,,,,,,,,,,,,,,444.94303465597443,434.77640656704335,418.50376618743394,400.2980071163971,,,418.50376618743394,,,424.6303036317122,"rgba(38, 166, 154, 0.5)",17.77190179712054,406.54824110491586,2.6047723774044513,67.2123728749241,21.670160568576506,False,False,True,False,False,20.0,0.0,0.0,0.0,0.0,0,1.0382470983837728,0.8851068445601471,False,False,False,False,0.31897593650210326,0.32714009795287935,False,False,False,False,1306154.0,931564.5774527191,False,False,False,False,61491.312062091834,False,False,False,False
2025-05-16 14:00:00+00:00,449.74,451.455,448.95,449.955,96360.0,,,,,,,,,,,,,,,,,,,,,,,,,,,,445.1558822433863,435.0761420195084,418.9438512434436,400.71898111288573,,,418.9438512434436,,,424.97371415480603,"rgba(38, 166, 154, 0.5)",17.166821452551826,406.8899403310187,2.5086216331899767,59.17136629439115,14.55437003973779,False,True,True,False,False,19.7896715052081,0.0,0.0,0.0,0.0,0,1.0348006977474893,0.876420685396058,False,False,False,False,0.3042277995115287,0.315683948732204,False,False,False,False,1209794.0,935878.2119108165,False,False,False,False,62031.91187508265,False,False,False,False
2025-05-16 15:00:00+00:00,449.995,450.15,448.73,449.785,48020.0,,,,,,,,,,,,,,,,,,,,,,,,,,,449.55499999999995,445.2442057162043,435.21573490670306,419.1547282928854,400.9237551657641,,,419.1547282928854,,,430.01868481631135,#000000,16.50834199635076,409.5541719755671,2.4369999139420613,53.555665522057524,9.877057467907981,False,True,False,False,False,19.598323330229814,0.0,0.0,0.0,0.0,0,1.0392814736543974,0.8750313184239475,False,False,False,False,0.2986459901810913,0.3071649694566476,False,False,False,False,1161774.0,939380.4721912689,False,False,False,False,61814.67293128292,False,False,False,False
2025-05-16 16:00:00+00:00,449.775,451.45,449.74,450.18,111730.0,,,,,,,,,,,,,,,,,,,,,,,,,,,450.1856304642671,445.47683933523405,435.5501250907714,419.6485413887759,401.40234076670157,,,419.6485413887759,,,430.45269540914995,#000000,15.810789517357188,409.95614314715004,2.544076423804893,50.66459471677221,7.622806513639617,False,True,False,False,False,19.862220466426113,0.0,0.0,0.0,0.0,0,1.0409793899061985,0.8722458763394368,False,False,False,False,0.30710822556815426,0.30713659751240097,False,False,False,False,1273504.0,944560.6819247376,False,False,False,False,62588.55397110799,False,False,False,False
2025-05-16 17:00:00+00:00,450.12,452.35,449.565,452.05,57500.0,,,,,,,,,,,,,,,,,,,,,,,,,,,450.4863074798619,445.6080705786939,435.72621641738976,419.9036168269429,401.6493302185028,,,419.9036168269429,,,430.6747083042783,#000000,14.83196179761044,410.16378071100144,2.8240511849044014,52.248010219840126,7.622806513639617,False,True,False,False,False,20.0,0.0,0.0,0.0,0.0,0,1.0395142108666822,0.870233358543509,False,False,False,False,0.309772887398585,0.308454742455493,False,False,False,False,1331004.0,950552.0511972223,False,False,False,False,62509.66166147841,False,False,False,False
2025-05-16 18:00:00+00:00,452.04,453.24,450.61,452.575,47646.0,,,,,,,,,,,,,,,,,,,,,,,,,,,450.7840516655593,445.72740637613316,435.8766953574285,420.11732275313227,401.8554961305866,,,420.11732275313227,,,430.872194456568,"rgba(38, 166, 154, 0.5)",13.825618682538753,410.3412490407019,3.05474582577905,54.149532802493184,7.622806513639617,False,True,True,False,True,20.0,0.0,0.0,0.0,0.0,0,1.0405260156181453,0.8683644818811963,False,False,False,False,0.3169058183849834,0.3126802804202382,False,False,False,False,1378650.0,957189.2286980405,False,False,False,False,62279.217294633774,False,False,False,False
2025-05-16 19:00:00+00:00,452.61,454.33,450.725,454.33,77963.0,,,,,,,,,,,,,,,,,,,,,,,,,,,451.31711987046174,445.9421781213143,436.13164206395857,420.47155108144335,402.1957858953391,,,420.47155108144335,,,431.2116554065034,"rgba(38, 166, 154, 0.5)",12.696534437780228,410.6391991431032,3.4411595597999547,57.88840449789241,0.4235666016155406,False,True,True,False,True,20.0,0.0,0.0,0.0,0.0,0,1.0392976862518155,0.8649312645359942,False,False,False,False,0.32136355201083777,0.317021916215538,False,False,False,False,1456613.0,964932.2329042724,False,False,False,False,62522.3767164224,False,False,False,False
2025-05-19 14:00:00+00:00,456.14,457.8,455.48,456.46,83193.0,,,,,,,,,,,,,,,,,,,,,,,,,,,452.34477561815606,446.2616977313431,436.4490959099897,420.88032853364336,402.5782298285501,,,420.88032853364336,,,431.7028255243364,"rgba(38, 166, 154, 0.5)",11.455070364430918,411.0100990429804,3.9676666760726174,62.62095868785538,4.895265057978165,False,True,True,False,True,20.0,0.0,0.0,0.0,0.0,0,1.0491212012247613,0.8601767404356397,False,False,False,False,0.3428282536735307,0.3299250849445343,False,False,False,False,1539806.0,973845.0044871519,False,False,False,False,62842.85149601275,False,False,False,False
2025-05-19 15:00:00+00:00,456.45,458.215,455.925,457.285,43728.0,,,,,,,,,,,,,,,,,,,,,,,,,,,452.79127919806433,446.43079724436865,436.6165824576881,421.0948240205445,402.7791701721078,,,421.0948240205445,,,431.9425306185547,"rgba(38, 166, 154, 0.5)",9.95797186331835,411.19979279804795,4.627971220898273,66.50133568289009,8.529684429200266,False,False,True,False,True,20.0,0.0,0.0,0.0,0.0,0,1.0555652591589888,0.854973581939653,False,False,False,False,0.34282825367671227,0.33637666931062327,False,False,False,False,1583534.0,983297.5470532425,False,False,False,False,62546.49720925286,False,False,False,False
2025-05-19 16:00:00+00:00,457.315,459.04,455.97,458.31,63961.0,,,,,,,,,,,,,,,,,,,,,,,,,,,453.38830502996774,446.6829234168612,436.8641299885563,421.4094540495955,403.0738188690296,,,421.4094540495955,,,432.28372627080205,"rgba(38, 166, 154, 1.0)",8.455443924180688,411.47530563266787,5.538998873068667,69.93120245246364,11.778017692723985,True,False,True,False,True,20.0,0.0,0.0,0.0,0.0,0,1.0536880001735023,0.8489557353228215,False,False,False,False,0.342828253679903,0.33960246149526313,False,False,False,False,1647495.0,993595.1819826495,False,False,False,False,62568.42748507839,False,False,False,False
2025-05-19 17:00:00+00:00,458.24,459.635,456.73,458.46,49720.0,,,,,,,,,,,,,,,,,,,,,,,,,,,453.8047278481338,446.8798229619893,437.05711676706534,421.65365014569977,403.30277229081304,,,421.65365014569977,,,432.53961800274027,"rgba(38, 166, 154, 1.0)",8.562566590785188,414.27511196768387,5.160238762974029,72.34093090139932,14.156719243283789,True,False,True,False,True,20.0,0.0,0.0,0.0,0.0,0,1.0549898167006113,0.8486190583950254,False,False,False,False,0.34282825368481834,0.34121535759004074,False,False,False,False,1697215.0,1004504.0163705153,False,False,False,False,62369.22705895315,False,False,False,False
2025-05-19 18:00:00+00:00,458.455,459.245,456.575,458.535,38356.0,,,,,,,,,,,,,,,,,,,,,,,,,,,454.0708071801404,447.02518152385,437.20255196465206,421.8390370664874,403.47760289345746,,,421.8390370664874,,,432.7230361257174,"rgba(38, 166, 154, 1.0)",8.596794035260682,414.4204699681855,5.131509473284343,74.0149810626307,15.970875639756088,True,False,True,False,True,20.0,0.0,0.0,0.0,0.0,0,1.0543430512251832,0.8503208940031924,False,False,False,False,0.34083873941202053,0.3410270485010306,False,False,False,False,1735571.0,1015838.388209732,False,False,False,False,61996.92896501588,False,False,False,False
2025-05-19 19:00:00+00:00,458.565,459.12,456.175,458.89,73850.0,,,,,,,,,,,,,,,,,,,,,,,,,,,454.49446529972914,447.29334346370894,437.4762445537161,422.19017141589904,403.81075138445027,,,422.19017141589904,,,433.0529952235007,"rgba(38, 166, 154, 1.0)",8.58943475523409,414.6954375724351,5.145223601661837,75.47151163763047,17.693185364725068,True,False,True,False,True,20.0,0.0,0.0,0.0,0.0,0,1.0531504865739658,0.8515257341198011,False,False,False,False,0.33892468894380373,0.33997586872241714,False,True,False,False,1809421.0,1028141.9945940772,False,False,False,False,62180.69750819393,False,True,False,False
2025-05-20 14:00:00+00:00,455.03,456.935,454.355,455.555,43877.0,,,,,,,,,,,,,,,,,,,,,,,,,,,454.5609464030087,447.41176694718234,437.6165545419671,422.3815771046838,403.9979280799366,,,422.3815771046838,,,433.1937546153557,"rgba(38, 166, 154, 0.75)",8.537450684437248,414.80851894159343,4.772675423201277,68.00544738438741,17.693185364725068,True,False,True,False,False,20.0,0.0,0.0,0.0,0.0,0,1.0446804247645765,0.8534309124845771,False,False,False,False,0.32440053220828463,0.3321882004653509,False,False,False,False,1765544.0,1039574.5838251768,False,False,False,False,61896.91925225294,False,False,False,False
2025-05-20 15:00:00+00:00,455.555,456.735,455.2,456.02,31044.0,,,,,,,,,,,,,,,,,,,,,,,,,,,454.61831599592347,447.4972268817395,437.7165370119055,422.5171752930022,404.13048844560274,,,422.5171752930022,,,433.2959487256347,"rgba(38, 166, 154, 0.5)",8.503634190241854,414.89883316250484,4.835716814427738,63.78217754045448,22.09629729632144,False,True,True,False,False,20.0,0.0,0.0,0.0,0.0,0,1.0463126471577533,0.854324335687857,False,False,False,False,0.3267305687820064,0.32945938462367863,False,False,False,False,1796588.0,1051311.2259364144,False,False,False,False,61418.57941888468,False,False,False,False
2025-05-20 16:00:00+00:00,455.985,457.405,455.71,456.81,39083.0,,,,,,,,,,,,,,,,,,,,,,,,,,,454.71598358469055,447.61056316432735,437.84534256916226,422.689658197979,404.2985190498386,,,422.689658197979,,,433.4320133131995,"rgba(38, 166, 154, 0.5)",8.320302031832115,415.02443222237156,5.022121506859209,62.22275552102599,20.533320697902724,False,True,True,False,False,20.0,0.0,0.0,0.0,0.0,0,1.0535075008523698,0.8509099045346059,False,False,False,False,0.3310021767840696,0.3302307807038741,False,False,False,False,1835671.0,1063471.842588563,False,False,False,False,61072.29136587871,False,False,False,False
2025-05-20 17:00:00+00:00,456.78,457.595,456.38,456.765,49824.0,,,,,,,,,,,,,,,,,,,,,,,,,,,454.84336158441874,447.75526250608,438.00936356700197,422.9087710030817,404.5122794951992,,,422.9087710030817,,,433.6058076311563,"rgba(38, 166, 154, 0.5)",8.35531049611534,415.1888816760366,4.976011165987607,61.07719778363999,19.167621196626513,False,True,True,False,False,20.0,0.0,0.0,0.0,0.0,0,1.0589671120246662,0.8479145255224387,False,False,False,False,0.33412273471500736,0.3321767577094408,False,False,False,False,1785847.0,1074671.457432151,False,False,False,False,60897.89925167903,False,False,False,False
2025-05-20 18:00:00+00:00,456.76,456.815,455.015,455.615,43979.0,,,,,,,,,,,,,,,,,,,,,,,,,,,454.89065866865013,447.86442155672887,438.14353922293327,423.0936887410758,404.6956003223262,,,423.0936887410758,,,433.7375817023429,"rgba(38, 166, 154, 0.5)",8.374682799963749,415.3179923071786,4.811765251932389,57.6896589286901,15.654328561762426,False,True,True,False,False,20.0,0.0,0.0,0.0,0.0,0,1.0561845896757471,0.8464323588958037,False,False,False,False,0.3263510275214929,0.32926389261546685,False,False,False,False,1741868.0,1085015.5898750634,False,False,False,False,60635.590736149126,False,False,False,False
2025-05-20 19:00:00+00:00,455.63,458.345,455.03,458.19,106197.0,,,,,,,,,,,,,,,,,,,,,,,,,,,455.13232764435145,448.1596973827586,438.4838908966881,423.55014581522187,405.1446622477451,,,423.55014581522187,,,434.09414479735295,"rgba(38, 166, 154, 0.5)",8.45547134450033,415.66959890104783,5.0287440364408065,59.558140414840224,15.654328561762426,False,True,True,False,False,20.0,0.0,0.0,0.0,0.0,0,1.0570754061935845,0.842447096022988,False,False,False,False,0.33194494287375537,0.33060441774461113,False,False,False,False,1848065.0,1096845.813287853,False,False,False,False,61341.96917434836,False,False,False,False
2025-05-21 14:00:00+00:00,456.13,457.255,455.215,456.32,72516.0,,,,,,,,,,,,,,,,,,,,,,,,,,,455.20811492376083,448.33122728549114,438.6982409710178,423.8464965448666,405.44154066192453,,,423.8464965448666,,,434.3051240774122,"rgba(38, 166, 154, 0.5)",8.477659986508975,415.8874361447815,4.769307087045406,57.19899078035755,14.741434902190491,False,True,True,False,False,20.0,0.0,0.0,0.0,0.0,1,1.0587890229204664,0.8401113493104659,False,False,False,False,0.32851404011344515,0.3295592289290281,False,False,False,False,1775549.0,1107368.3433143978,False,False,False,False,61515.20996234296,False,False,False,False
2025-05-21 15:00:00+00:00,456.27,457.66,455.965,457.38,87889.0,,,,,,,,,,,,,,,,,,,,,,,,,,,455.34283563346884,448.5480978909816,438.9618368522716,424.2065713366368,405.80192632681684,,,424.2065713366368,,,434.5722536080351,"rgba(38, 166, 154, 0.5)",8.492532948059859,416.16313243605134,4.853306759718224,57.182491939384455,14.29048532899408,False,True,True,False,False,20.0,0.0,0.0,0.0,0.0,1,1.06017511333069,0.8426016225311054,False,False,False,False,0.33220241841663256,0.33088082367283034,False,False,False,False,1863438.0,1119090.35349557,False,False,False,False,61924.10593191904,False,False,False,False
2025-05-21 16:00:00+00:00,457.385,457.855,456.115,456.26,66756.0,,,,,,,,,,,,,,,,,,,,,,,,,,,455.4184252240132,448.7008908467879,439.15423706517055,424.47276873352615,406.0709439330651,,,424.47276873352615,,,434.76345316051265,"rgba(38, 166, 154, 0.5)",8.473309679158863,416.3651489655366,4.708296113924601,55.179350694159446,11.925290004084275,False,True,True,False,False,19.349245634147653,0.0,0.0,0.0,0.0,1,1.0540219072025607,0.851039673013916,False,False,False,False,0.33336984627388294,0.3321253349733566,False,False,False,False,1796682.0,1129595.6503406,False,False,False,False,61999.019018245875,False,False,False,False
2025-05-21 17:00:00+00:00,456.26,457.885,451.84,454.465,75530.0,,,,,,,,,,,,,,,,,,,,,,,,,,,455.3788044812839,448.8254450098363,439.34261551744635,424.75028354899285,406.3599556382268,,,424.75028354899285,,,434.9314208391573,#000000,8.457042394008816,416.55982805644965,4.482083709359588,51.137905655734656,7.78643728610669,False,True,False,False,False,17.117101059174892,0.0,0.0,0.0,0.0,1,1.0394034722296783,0.854282309236732,False,False,False,False,0.31674449598208704,0.32443491547772185,False,False,False,False,1721152.0,1138767.066614389,False,False,False,False,62208.80166912578,False,False,False,False
2025-05-21 18:00:00+00:00,454.36,454.71,452.67,453.245,59734.0,,,,,,,,,,,,,,,,,,,,,,,,,,,455.2988249534532,448.9012614038833,439.47714239302246,424.95762339054625,406.58054892449564,,,424.95762339054625,,,435.04308021308026,"rgba(239, 83, 80, 1.0)",8.421270373982773,416.699759970699,4.339635043924758,46.89108165024519,3.6360135010375103,False,True,False,True,False,15.630051586339714,0.0,0.0,0.0,0.0,0,1.0358991430596425,0.8650909559502586,False,False,False,False,0.3076330858064073,0.31603400064206455,False,False,False,False,1661418.0,1146870.1818606774,False,False,False,False,62170.4326509998,False,False,False,False
2025-05-21 19:00:00+00:00,453.33,454.585,451.93,452.59,80234.0,,,,,,,,,,,,,,,,,,,,,,,,,,,455.17375989846204,448.9886331503971,439.6475095021563,425.2266113895011,406.8704594401948,,,425.2266113895011,,,435.1813946761423,"rgba(239, 83, 80, 1.0)",8.395104948128898,416.88086316233887,4.253566460252526,43.27487592636119,0.17332721657919592,False,True,False,True,False,14.835560859929636,0.0,0.0,0.0,0.0,0,1.0422498703991707,0.8637895282529806,False,False,False,False,0.30428469754670423,0.31015934909438436,False,False,False,False,1581184.0,1153603.729428729,False,False,False,False,62450.48795873623,False,False,False,False
2025-05-22 14:00:00+00:00,459.28,460.23,456.33,457.25,92184.0,,,,,,,,,,,,,,,,,,,,,,,,,,,455.3386634199064,449.2007778617352,439.90780112453496,425.58273481970076,407.2340096995395,,,425.58273481970076,,,435.45279738508344,"rgba(239, 83, 80, 0.75)",8.407729901114703,419.31499497579176,4.511920039103396,47.88357492967528,0.17332721657919592,False,True,False,True,True,18.43537484321592,0.0,0.0,0.0,0.0,1,1.043650111703042,0.851177178209314,False,False,False,False,0.3428282536154829,0.32649380135493367,False,False,False,False,1673368.0,1161662.0902127798,False,False,False,False,62911.47264154652,False,False,False,False
2025-05-22 15:00:00+00:00,457.23,457.475,454.97,456.05,40185.0,,,,,,,,,,,,,,,,,,,,,,,,,,,455.35961776863195,449.2720172567026,440.0080396297958,425.7271926400369,407.38539286338175,,,425.7271926400369,,,435.5504520317098,#000000,8.39785185531347,419.39208747113867,4.365153513117433,49.2985968535052,0.17332721657919592,False,True,False,False,True,16.989116463346157,0.0,0.0,0.0,0.0,1,1.0374695654047534,0.8575337743207426,False,False,False,False,0.3246759980579145,0.3255848997064241,False,False,False,False,1633183.0,1168972.4919149072,False,False,False,False,62559.124228499284,False,False,False,False
2025-05-22 16:00:00+00:00,456.18,458.35,454.52,454.545,29144.0,,,,,,,,,,,,,,,,,,,,,,,,,,,455.3676608185141,449.3201271350543,440.07836465005903,425.82988012614925,407.4937922070889,,,425.82988012614925,,,435.6179649873731,#000000,8.32526338733355,419.45123039970224,4.215334454606097,48.340637039928104,0.17332721657919592,False,True,False,False,True,15.202294350184378,0.0,0.0,0.0,0.0,1,1.030837976499145,0.8644563358525953,False,False,False,False,0.32654104840569675,0.32606297405606044,False,False,False,False,1604039.0,1175717.7090945211,False,False,False,False,62041.06028697216,False,False,False,False
2025-05-22 17:00:00+00:00,454.545,458.23,453.9,456.025,35006.0,,,,,,,,,,,,,,,,,,,,,,,,,,,455.3821826508471,449.3791480411715,440.16332343269335,425.95330637081236,407.62401653294125,,,425.95330637081236,,,435.70039540569314,#000000,8.255889351365479,419.5314308322435,4.420307445341509,49.6303750511485,0.17332721657919592,False,True,False,False,True,16.34555418622422,0.0,0.0,0.0,0.0,1,1.0349244980363959,0.8609989490569167,False,False,False,False,0.3232950742276485,0.32467902414185446,False,False,False,False,1639045.0,1182901.0779457688,False,False,False,False,61621.912065468714,False,False,False,False
2025-05-22 18:00:00+00:00,456.01,458.265,455.745,456.56,43289.0,,,,,,,,,,,,,,,,,,,,,,,,,,,455.4199035332815,449.459352881491,440.2724033568057,426.10859524018207,407.78675222518655,,,426.10859524018207,,,435.80940144738935,#000000,8.187981730550431,419.64694593016264,4.50819936885178,51.16031073632546,-5.338817281274707,False,True,False,False,True,16.75630209125706,0.0,0.0,0.0,0.0,1,1.0411341853035145,0.8546214944976924,False,False,False,False,0.33155466809723816,0.3281168461195463,False,False,False,False,1682334.0,1190644.2240241289,False,False,False,False,61337.68087065524,False,False,False,False
2025-05-22 19:00:00+00:00,456.56,458.415,454.22,454.9,67009.0,,,,,,,,,,,,,,,,,,,,,,,,,,,455.4360962045809,449.5636451199582,440.42833971596446,426.33811158577157,408.03139739898336,,,426.33811158577157,,,435.95951800505173,#000000,8.086492214386968,419.80223906374454,4.340294902381994,49.86621126538287,-5.338817281274707,False,True,False,False,True,14.766020060669852,0.0,0.0,0.0,0.0,1,1.0339610101905186,0.8576650420912714,False,False,False,False,0.32550951482536405,0.32681318047245517,False,False,False,False,1615325.0,1197228.4221012741,False,False,False,False,61425.60829901717,False,False,False,False
2025-05-23 14:00:00+00:00,449.8,453.04,449.6,450.31,45469.0,,,,,,,,,,,,,,,,,,,,,,,,,,,455.32390464970564,449.57920605949306,440.4995734461299,426.4665135188516,408.179252449019,,,426.4665135188516,,,436.0096900246398,"rgba(239, 83, 80, 1.0)",7.920853051475626,419.84340226996227,3.8463783549629063,44.51463578627882,0.787228236605273,False,True,False,True,False,9.589097904453627,0.0,0.0,0.0,0.0,1,1.0252281444253408,0.864557157342503,False,False,False,False,0.28222034277623187,0.3045167616243435,False,False,False,False,1569856.0,1203005.593851642,False,False,False,False,61178.219023063415,False,False,False,False
2025-05-23 15:00:00+00:00,450.42,453.105,448.99,450.41,37579.0,,,,,,,,,,,,,,,,,,,,,,,,,,450.835,455.2323353273314,449.5904799690328,440.5569019075343,426.57099303917397,408.30026404167427,,,426.57099303917397,,,438.5143290474578,"rgba(239, 83, 80, 1.0)",7.771801158241945,421.43052768734776,3.7287974463834193,41.099878220186014,-2.4812488361544354,False,True,False,True,False,9.672853646495103,0.0,0.0,0.0,0.0,1,1.0285600952003178,0.8618713914231564,False,False,False,False,0.2736248757941182,0.28907081870923085,False,False,False,False,1607435.0,1209275.8172027795,False,False,False,False,60812.33965836476,False,False,False,False
2025-05-23 16:00:00+00:00,450.345,453.335,450.095,451.35,33588.0,,,,,,,,,,,,,,,,,,,,,,,,,,451.19290324167105,455.16717491220106,449.60642308983654,440.6113473699647,426.6665161303951,408.4097622211722,,,426.6665161303951,,,438.6090211608734,"rgba(239, 83, 80, 1.0)",7.5544911396060215,421.4923495558977,3.952304647968578,40.31998040067807,-3.3462922757247924,False,True,False,True,False,10.46546162153528,0.0,0.0,0.0,0.0,0,1.026953936928682,0.8723487472900788,False,False,False,False,0.27916650208048016,0.2841186603948555,False,False,False,False,1641023.0,1215969.5719748293,False,False,False,False,60390.25687296376,False,False,False,False
2025-05-23 17:00:00+00:00,451.275,454.205,450.995,453.155,47058.0,,,,,,,,,,,,,,,,,,,,,,,,,,451.8266176781561,455.1088755587868,449.6414812849485,440.69490995717894,426.80546694718,408.5664525943343,,,426.80546694718,,,438.7739673367641,"rgba(239, 83, 80, 1.0)",7.291716748142548,421.6028392379847,4.327123755877199,42.42491253749455,-3.3462922757247924,False,True,False,True,False,11.964029673348737,0.0,0.0,0.0,0.0,1,1.0260110119612686,0.8714973363562245,False,False,False,False,0.28757077284716326,0.2858447166210094,False,False,False,False,1688081.0,1223289.1289984754,False,False,False,False,60183.55521601858,False,False,False,False
2025-05-23 18:00:00+00:00,453.01,454.035,451.015,452.055,34893.0,,,,,,,,,,,,,,,,,,,,,,,,,,451.9500655050353,455.06003044506207,449.6636013253081,440.7540238029103,426.90590949689584,408.6808361602816,,,426.90590949689584,,,438.8357444559155,"rgba(239, 83, 80, 1.0)",7.057556516386481,421.66534141538557,4.305974527310503,42.568814676690224,-3.3462922757247924,False,True,False,True,False,10.726125967684293,0.0,0.0,0.0,0.0,1,1.02641049713877,0.8723623032904146,False,False,False,False,0.2858379573363173,0.2858413369786633,False,False,False,False,1653188.0,1229954.2277736927,False,False,False,False,59791.45358476248,False,False,False,False
2025-05-23 19:00:00+00:00,452.07,453.75,450.0,450.4,72877.0,,,,,,,,,,,,,,,,,,,,,,,,,,451.76731039772267,454.9280767348678,449.6922523994981,440.8652684185412,427.10514950473754,408.91247643580294,,,427.10514950473754,,,438.8784223151951,"rgba(239, 83, 80, 1.0)",6.8681043439428375,421.76141452124085,4.169794756251228,40.942027825927205,-3.384159690898329,False,True,False,True,False,8.892752721361003,0.0,0.0,0.0,0.0,1,1.0196318608509742,0.8750821242052046,False,False,False,False,0.27808540332237425,0.28196337015051876,False,False,False,False,1580311.0,1235386.1157151859,False,False,False,False,59994.33027337081,False,False,False,False
2025-05-26 14:00:00+00:00,450.4,450.4,450.4,450.4,0.0,,,,,,,,,,,,,,,,,,,,,,,,,,451.76731039772267,454.9280767348678,449.6922523994981,440.8652684185412,427.10514950473754,408.91247643580294,,,427.10514950473754,,,438.8784223151951,"rgba(239, 83, 80, 1.0)",6.629573524528119,421.76141452124085,4.319823194177119,39.85750325875186,-4.756910662049435,False,True,False,True,False,8.892752721361003,0.0,0.0,0.0,0.0,0,1.0170316573973572,0.8857916587401944,False,False,False,False,0.2628344735156054,0.2723989218330621,False,False,False,False,1580311.0,1240733.7883397567,False,False,False,False,59064.18561796971,False,False,False,False
2025-05-26 15:00:00+00:00,450.4,450.4,450.4,450.4,0.0,,,,,,,,,,,,,,,,,,,,,,,,,,451.76731039772267,454.9280767348678,449.6922523994981,440.8652684185412,427.10514950473754,408.91247643580294,,,427.10514950473754,,,438.8784223151951,"rgba(239, 83, 80, 1.0)",6.421573489503026,421.76141452124085,4.459745812388967,39.13448688063497,-5.80751374406708,False,True,False,True,False,8.892752721361003,0.0,0.0,0.0,0.0,0,1.0181113133528543,0.8890258103173435,False,False,False,False,0.2628344735156054,0.2676166976743337,False,False,False,False,1580311.0,1245998.5513112333,False,False,False,False,58148.461809939174,False,False,False,False
2025-05-26 16:00:00+00:00,450.4,450.4,450.4,450.4,0.0,,,,,,,,,,,,,,,,,,,,,,,,,,451.76731039772267,454.9280767348678,449.6922523994981,440.8652684185412,427.10514950473754,408.91247643580294,,,427.10514950473754,,,438.8784223151951,"rgba(239, 83, 80, 1.0)",6.096665958605385,421.76141452124085,4.6974175185596385,38.65247596189037,-6.653299036445617,False,True,False,True,False,8.892752721361003,0.0,0.0,0.0,0.0,0,1.0173417649404664,0.8865379137469378,False,False,False,False,0.2627492302411107,0.26518296395772223,False,False,False,False,1580311.0,1251181.690050594,False,False,False,False,57246.93527025019,False,False,False,False
2025-05-26 17:00:00+00:00,450.4,450.4,450.4,450.4,0.0,,,,,,,,,,,,,,,,,,,,,,,,,,451.76731039772267,454.9280767348678,449.6922523994981,440.8652684185412,427.10514950473754,408.91247643580294,,,427.10514950473754,,,438.8784223151951,"rgba(239, 83, 80, 1.0)",5.883075529405646,421.76141452124085,4.86796155099719,38.33113534939397,-7.363090186884655,False,True,False,True,False,8.892752721361003,0.0,0.0,0.0,0.0,0,1.0154404774177292,0.8853418553772493,False,False,False,False,0.2627492302411107,0.26396609709941643,False,False,False,False,1580311.0,1256284.4700498097,False,False,False,False,56359.38588621531,False,False,False,False
2025-05-26 18:00:00+00:00,450.4,450.4,450.4,450.4,0.0,,,,,,,,,,,,,,,,,,,,,,,,,,451.76731039772267,454.9280767348678,449.6922523994981,440.8652684185412,427.10514950473754,408.91247643580294,,,427.10514950473754,,,438.8784223151951,"rgba(239, 83, 80, 1.0)",5.788040159838102,421.76141452124085,4.947889905373459,38.116908274396366,-7.976733877214642,False,True,False,True,False,8.892752721361003,0.0,0.0,0.0,0.0,0,1.0123346196251382,0.8855315141492097,False,False,False,False,0.2627492302411107,0.2633576636702636,False,False,False,False,1580311.0,1261308.1371808203,False,False,False,False,55485.59695774685,False,False,False,False
2025-05-26 19:00:00+00:00,450.4,450.4,450.4,450.4,0.0,,,,,,,,,,,,,,,,,,,,,,,,,,451.76731039772267,454.9280767348678,449.6922523994981,440.8652684185412,427.10514950473754,408.91247643580294,,,427.10514950473754,,,438.8784223151951,"rgba(239, 83, 80, 1.0)",5.715137562680982,421.76141452124085,5.0110054508162545,37.97409022439797,-8.517151069961479,False,True,False,True,False,8.892752721360992,0.0,0.0,0.0,0.0,0,1.0106946920067597,0.8915021181045857,False,False,False,False,0.2627492302411107,0.2630534469556871,False,False,False,False,1580311.0,1266253.9179997223,False,False,False,False,54625.35514444845,False,False,False,False
2025-05-27 14:00:00+00:00,457.43,459.09,456.97,457.12,92308.0,,,,,,,,,,,,,,,,,,,,,,,,,,453.4955261496121,455.0497640151759,449.858292876622,441.08586413131127,427.41763634976064,409.2455820728538,,,427.41763634976064,,,439.3587775992226,#000000,5.66032543472844,422.1050311003486,6.186034584658347,48.83695487553601,-5.36327649563372,False,True,False,False,True,14.904093231465257,0.0,0.0,0.0,0.0,0,1.0085367935803315,0.8859825849410962,False,False,False,False,0.3402266593861646,0.30164005317092585,False,False,False,False,1672619.0,1272554.1518291838,False,False,False,False,55209.5821964725,False,False,False,False
2025-05-27 15:00:00+00:00,457.055,458.52,456.99,458.38,66343.0,,,,,,,,,,,,,,,,,,,,,,,,,,454.2661249131236,455.138056293247,449.97691550541555,441.2430820514089,427.6400375882957,409.48335046198383,,,427.6400375882957,,,439.6245944689124,"rgba(38, 166, 154, 0.5)",5.6185756306312795,422.32497198886887,6.417111805804799,57.06149897903529,1.7642799464237555,False,False,True,False,True,15.931758069114593,0.0,0.0,0.0,0.0,0,1.0069686808549467,0.8909874769041265,False,False,False,False,0.3373700186989317,0.31950503593492874,False,False,False,False,1738962.0,1279785.2812581887,False,False,False,False,55382.19332520936,False,False,False,False
2025-05-27 16:00:00+00:00,458.38,459.435,458.16,458.79,66895.0,,,,,,,,,,,,,,,,,,,,,,,,,,454.93706974191343,455.24648458492317,450.10515533212896,441.4064089323371,427.86709527710366,409.724831471722,,,427.86709527710366,,,439.8811742233548,"rgba(38, 166, 154, 1.0)",5.470566437230295,422.5469058620314,6.625108122499691,62.85677372032678,6.489843871567793,True,False,True,False,True,16.265252775362285,0.0,0.0,0.0,0.0,0,1.011831205089478,0.8869971165728409,False,False,False,False,0.3428282533813892,0.331166644658159,False,False,False,False,1805857.0,1287941.4319363562,False,False,False,False,55560.68645195029,False,False,False,False
2025-05-27 17:00:00+00:00,458.77,459.435,458.365,459.305,56780.0,,,,,,,,,,,,,,,,,,,,,,,,,,455.3948129397238,455.33948837416085,450.2140398807957,441.544554100675,428.05871492765914,409.92894426928154,,,428.05871492765914,,,440.0800924153827,"rgba(38, 166, 154, 1.0)",5.278904622079782,422.7282493135335,6.9288523481706665,67.12566664544856,9.901909775793392,True,False,True,False,True,16.68723661439785,0.0,0.0,0.0,0.0,0,1.016255760368664,0.8854953917050691,False,False,False,False,0.3428282533828666,0.33699744902051276,False,False,False,False,1862637.0,1296851.4407435444,False,False,False,False,55579.590537966564,False,False,False,False
2025-05-27 18:00:00+00:00,459.355,459.935,459.02,459.46,40834.0,,,,,,,,,,,,,,,,,,,,,,,,,,455.69795912811503,455.41117477372825,450.2945141123247,441.6450189908723,428.19699250631487,410.07598892106665,,,428.19699250631487,,,440.22027473873703,"rgba(38, 166, 154, 1.0)",5.078079599063071,422.85840599173133,7.207762953345948,70.10024690826695,12.319612993742588,True,False,True,False,True,16.815619025120903,0.0,0.0,0.0,0.0,0,1.0202820545397846,0.8768870049319119,False,False,False,False,0.34282825339111295,0.3399128512058128,False,False,False,False,1903471.0,1306256.3951506212,False,False,False,False,55350.976731176386,False,False,False,False
2025-05-27 19:00:00+00:00,459.45,460.78,459.18,460.575,135162.0,,,,,,,,,,,,,,,,,,,,,,,,,,456.58289452841296,455.6700562644045,450.57095034046296,441.982545217626,428.6562858202601,410.5634211904132,,,428.6562858202601,,,440.67102556026333,"rgba(38, 166, 154, 1.0)",4.834178062561048,423.2872738766229,7.713353881636457,72.99138659610927,14.876462760665362,True,False,True,False,True,17.740962654888403,0.0,0.0,0.0,0.0,0,1.0210232148240916,0.8771307312321714,False,False,False,False,0.3428282533981817,0.34137055230199725,False,False,False,False,2038633.0,1317611.0711947975,False,False,False,False,56588.35693689458,False,False,False,False
2025-05-28 14:00:00+00:00,460.6,460.92,459.16,459.36,55679.0,,,,,,,,,,,,,,,,,,,,,,,,,,456.82596016960446,455.7607158714176,450.6762230615476,442.11532005144284,428.83952774336984,410.7600112125905,,,428.83952774336984,,,440.82962635166206,"rgba(38, 166, 154, 1.0)",4.58263262981287,426.4248746784924,7.186944270252903,71.70548917674253,14.876462760665362,True,False,True,False,True,16.12946099294101,0.0,0.0,0.0,0.0,0,1.0138754924405298,0.8822674925334975,False,False,False,False,0.3428282533990193,0.34209940285050827,False,False,False,False,1982954.0,1327926.4654398395,False,False,False,False,56574.25837973342,False,False,False,False
2025-05-28 15:00:00+00:00,459.34,459.92,458.26,458.56,55638.0,,,,,,,,,,,,,,,,,,,,,,,,,,456.9719283761964,455.8281729737524,450.76892134781946,442.23938915772237,429.01523600385633,410.95131937764,,,429.01523600385633,,,440.96249453949787,"rgba(38, 166, 154, 0.75)",4.320775234912861,426.54201244790585,7.41024140607487,68.93288983081561,14.876462760665362,True,False,True,False,False,15.07782681652202,0.0,0.0,0.0,0.0,0,1.0081423752471794,0.8866697685239036,False,False,False,False,0.3332030651719478,0.33765123401122804,False,False,False,False,1927316.0,1337219.3264407723,False,False,False,False,56559.74274593911,False,False,False,False
2025-05-28 16:00:00+00:00,458.63,459.06,457.805,458.09,35619.0,,,,,,,,,,,,,,,,,,,,,,,,,,457.0296215191604,455.861822985133,450.8229224325528,442.31505934115455,429.12443185597965,411.0714877785115,,,429.12443185597965,,,441.03755765208206,"rgba(38, 166, 154, 0.75)",4.011995951333829,426.6127679057078,7.8457786289209075,65.98423076753829,14.876462760665362,True,False,True,False,False,14.458939714591015,0.0,0.0,0.0,0.0,0,1.0062471484224198,0.8966061839750115,False,False,False,False,0.3265762172483256,0.3321137256297768,False,False,False,False,1891697.0,1345815.8795192097,False,False,False,False,56235.080067707495,False,False,False,False
2025-05-28 17:00:00+00:00,458.085,458.305,457.105,457.415,47936.0,,,,,,,,,,,,,,,,,,,,,,,,,,457.0611746090241,455.89301777016817,450.8876195346064,442.4113104730156,429.2665663886099,411.2298352104344,,,429.2665663886099,,,441.12492066430974,"rgba(38, 166, 154, 0.75)",3.8793583592244607,426.6982297918265,7.918002763300842,62.464119272442176,20.50473826852418,True,False,True,False,False,13.56718337723591,0.0,0.0,0.0,0.0,0,1.00638610083935,0.8976815166989494,False,False,False,False,0.3192759712412169,0.3256948484354969,False,False,False,False,1843761.0,1353535.9589065087,False,False,False,False,56106.41215968102,False,False,False,False
2025-05-28 18:00:00+00:00,457.46,458.78,456.965,458.23,38644.0,,,,,,,,,,,,,,,,,,,,,,,,,,457.1003515999097,455.9228071943066,450.9418083115354,442.489961631985,429.38165660936573,411.357754551682,,,429.38165660936573,,,441.19905664979734,"rgba(38, 166, 154, 0.75)",3.728965272029936,426.7779487081286,8.434525128937416,61.53431273851331,19.344190878747128,True,False,True,False,False,14.312514678238248,0.0,0.0,0.0,0.0,0,1.0070350458219124,0.895509570250462,False,False,False,False,0.32095384359525075,0.32332434601537385,False,False,False,False,1882405.0,1361735.478923462,False,False,False,False,55835.6770874379,False,False,False,False
2025-05-28 19:00:00+00:00,458.17,458.925,457.04,457.47,84691.0,,,,,,,,,,,,,,,,,,,,,,,,,,457.1604419162699,455.9797938061513,451.0547635544215,442.65761477588137,429.62912075279326,411.6345929305791,,,429.62912075279326,,,441.3527212893494,"rgba(38, 166, 154, 0.75)",3.633640308546938,426.949788439463,8.399348578544853,59.105445789222436,16.698141351033172,True,False,True,False,False,13.293205059322549,0.0,0.0,0.0,0.0,0,1.0077178677475613,0.8941179243059811,False,False,False,False,0.3220566808033409,0.3226905134093574,False,False,False,False,1797714.0,1368494.8358393775,False,False,False,False,56283.04643491948,False,False,False,False
2025-05-29 14:00:00+00:00,458.64,459.87,456.75,459.785,38108.0,,,,,,,,,,,,,,,,,,,,,,,,,,457.2205436552018,456.0175887298165,451.111657280384,442.736712319383,429.7429334825644,411.76073467039635,,,429.7429334825644,,,441.4316950229577,"rgba(38, 166, 154, 0.75)",3.602991821121462,427.03998144234475,9.088285564706917,61.10975043239451,16.698141351033172,True,False,True,False,False,15.407176402940422,0.0,0.0,0.0,0.0,0,1.0065574928479772,0.8929139049457859,False,False,False,False,0.32534462891757887,0.32401757116346813,False,False,False,False,1835822.0,1375740.2182294647,False,False,False,False,56001.26276926181,False,False,False,False
2025-05-29 15:00:00+00:00,459.765,460.02,455.75,456.05,35764.0,,,,,,,,,,,,,,,,,,,,,,,,,,457.22229762869176,456.03317715846595,451.1538348945978,442.80324752256433,429.84336539612036,411.87467901979437,,,429.84336539612036,,,441.4884336033724,"rgba(38, 166, 154, 0.5)",3.5181171804674887,427.10643303094946,8.227004810909829,55.905622319638184,13.327384136898516,False,False,True,False,False,10.580433956506091,0.0,0.0,0.0,0.0,0,0.9999415074694965,0.8947017465869609,False,False,False,False,0.32107912794505267,0.32254834955426037,False,False,False,False,1800058.0,1382318.788489473,False,False,False,False,55687.50675733527,False,False,False,False
2025-05-29 16:00:00+00:00,455.9,459.815,455.355,459.09,56928.0,,,,,,,,,,,,,,,,,,,,,,,,,458.0866666666667,457.2657157514826,456.0729673007843,451.22856011707495,442.91379166617986,430.0064225798809,412.05810817831974,,,430.0064225798809,,,443.9474617514842,"rgba(38, 166, 154, 0.5)",3.5115159004230407,430.01797681808074,8.2790521262959,56.364754184366944,13.327384136898516,False,False,True,False,False,13.31559861535742,0.0,0.0,0.0,0.0,0,1.0134403827252598,0.8916953829028859,False,False,False,False,0.3172711243883385,0.31990973697129943,False,False,False,False,1856986.0,1389677.9700632796,False,False,False,False,55706.73921070992,False,False,False,False
2025-05-29 17:00:00+00:00,459.035,459.47,457.995,458.125,21896.0,,,,,,,,,,,,,,,,,,,,,,,,,458.2098173145235,457.28967895148395,456.0911437092009,451.2587045559296,442.9571151274597,430.069620679704,412.1289484805903,,,430.069620679704,,,444.00071840269885,"rgba(38, 166, 154, 0.5)",3.463565281536396,430.06982208941145,8.10008636480604,55.30203674178233,12.204720807589347,False,False,True,False,False,12.11748320074663,0.0,0.0,0.0,0.0,0,1.0101378221488861,0.8948705468963307,False,False,False,False,0.32916513634211125,0.3245374366567053,False,False,False,False,1835090.0,1396583.5829305155,False,False,False,False,55182.54170356713,False,False,False,False
2025-05-29 18:00:00+00:00,458.125,458.66,457.25,457.94,20893.0,,,,,,,,,,,,,,,,,,,,,,,,,458.1553796243369,457.30140919140706,456.1041731004953,451.28496109008887,442.9966992152973,430.12843966524065,412.1955002925179,,,430.12843966524065,,,444.0237945970548,"rgba(38, 166, 154, 0.5)",3.392951387379705,430.10710351029354,8.203152156329931,54.32367880239422,10.84727314778619,False,False,True,False,False,11.886896707762965,0.0,0.0,0.0,0.0,0,1.0077260462849607,0.8959717583292722,False,False,False,False,0.32109660324671735,0.3228170199517113,False,False,False,False,1814197.0,1403058.2095517477,False,False,False,False,54650.92090196143,False,False,False,False
2025-05-29 19:00:00+00:00,457.94,459.86,457.505,458.65,110234.0,,,,,,,,,,,,,,,,,,,,,,,,,458.4264542361472,457.4188339317981,456.19573844300294,451.4347891573917,443.21205120326226,430.4426563674865,412.54894745444517,,,430.4426563674865,,,444.2399243990763,"rgba(38, 166, 154, 0.5)",3.349111537422237,430.34940197040106,8.45018080567764,54.650810445184334,10.703556759974006,False,False,True,False,False,12.534382327124831,0.0,0.0,0.0,0.0,0,1.0118105064545793,0.8948279774059877,False,False,False,False,0.3283425769000661,0.3255797984258887,False,False,False,False,1924431.0,1411141.5086284648,False,False,False,False,55512.674066272106,False,False,False,False
2025-05-30 14:00:00+00:00,458.35,460.21,458.35,458.61,44223.0,,,,,,,,,,,,,,,,,,,,,,,,,458.5361030763703,457.47326915657703,456.23609293196625,451.4963093018976,443.29890113984277,430.5684688712173,412.6904059088333,,,430.5684688712173,,,444.3285071981007,"rgba(38, 166, 154, 0.5)",3.288783391803533,430.4487540845483,8.562815655672722,54.79710832371351,10.321031834179045,False,False,True,False,False,12.482787190102652,0.0,0.0,0.0,0.0,1,1.0093389598868299,0.8961325436977008,False,False,False,False,0.33444137007744046,0.3300105842516646,False,False,False,False,1880208.0,1418413.8573318992,False,False,False,False,55337.64035981827,False,False,False,False
2025-05-30 15:00:00+00:00,458.615,459.65,458.35,459.22,30295.0,,,,,,,,,,,,,,,,,,,,,,,,,458.59331630745936,457.5088891072957,456.26324652977956,451.53797532292145,443.35791262836887,430.6540702272786,412.78685114879084,,,430.6540702272786,,,444.3860373245564,"rgba(38, 166, 154, 0.5)",3.2419898558184435,430.5152935729943,8.854039557060604,55.832157887784405,10.321031834179045,False,False,True,False,False,13.050996300575282,0.0,0.0,0.0,0.0,1,1.0086069609404444,0.9056273477674176,False,False,False,False,0.31898825640120804,0.3244994203264363,False,False,False,False,1910503.0,1426043.146365513,False,False,False,False,54949.382369743566,False,False,False,False
2025-05-30 16:00:00+00:00,459.295,459.77,455.66,456.77,43130.0,,,,,,,,,,,,,,,,,,,,,,,,,458.43621041781773,457.5055440902567,456.2785267171162,451.58351110173,443.4323028998688,430.7679312469988,412.9185282605543,,,430.7679312469988,,,444.4175078191917,#000000,3.1661826035912193,430.5807781050122,8.271545003526597,52.26522084053892,7.195443389264014,False,False,False,False,False,9.88893809755021,0.0,0.0,0.0,0.0,1,0.99039494806108,0.9141382649879938,False,False,False,False,0.29000601511088747,0.3072527177186619,False,False,False,False,1867373.0,1432885.4696776755,False,False,False,False,54766.136131452964,False,False,False,False
2025-05-30 17:00:00+00:00,456.54,457.845,456.51,457.18,34093.0,,,,,,,,,,,,,,,,,,,,,,,,,458.3176432295986,457.4977868484636,456.28798706470474,451.61765543417204,443.48962639454703,430.85650787318986,413.0215504084178,,,430.85650787318986,,,444.44125103615625,#000000,3.163640671331314,430.63104177258754,8.391900656732995,50.61643571022874,5.426134344940515,False,True,False,False,False,10.285788609667929,0.0,0.0,0.0,0.0,1,0.9934438977301676,0.9210452223577835,False,False,False,False,0.2780248185561314,0.29263876813739664,False,False,False,False,1901466.0,1440150.2841012774,False,False,False,False,54445.622392980826,False,False,False,False
2025-05-30 18:00:00+00:00,457.205,459.52,457.175,459.22,33661.0,,,,,,,,,,,,,,,,,,,,,,,,,458.34494730869204,457.52387277427505,456.3121342539673,451.65970525822485,443.551743076394,430.9481997721278,413.12614533351376,,,430.9481997721278,,,444.4952496824564,"rgba(38, 166, 154, 0.5)",3.1842616961477646,430.698473032944,8.957029819992696,52.72111709799329,5.426134344940515,False,False,True,False,False,12.228268407742679,0.0,0.0,0.0,0.0,1,0.9981563967649475,0.9090982492497746,False,False,False,False,0.30420960006824904,0.29842418410282284,False,False,False,False,1935127.0,1447824.3417121102,False,False,False,False,54123.38018533771,False,False,False,False
2025-05-30 19:00:00+00:00,459.16,461.65,458.79,459.85,112868.0,,,,,,,,,,,,,,,,,,,,,,,,,458.7339770034427,457.7071259522017,456.4381664873241,451.8258090305036,443.7761368251855,431.2672433153769,413.48451310299373,,,431.2672433153769,,,444.7475673881469,"rgba(38, 166, 154, 0.5)",3.1947143607607655,430.96913836287695,9.040201525323724,54.98001642767985,5.426134344940515,False,False,True,False,True,12.816457026392769,0.0,0.0,0.0,0.0,1,1.0011287440035477,0.9011005254034589,False,False,False,False,0.3428282521182469,0.3206262181105349,False,False,False,False,2047995.0,1457129.3131584341,False,False,False,False,55034.14948478983,False,False,False,False
2025-06-02 14:00:00+00:00,460.75,461.0,457.995,460.93,45955.0,,,,,,,,,,,,,,,,,,,,,,,,,458.836888735107,457.7710422661495,456.4854812730287,451.89061312730814,443.86509806482735,431.39461247886686,413.6284866062012,,,431.39461247886686,,,444.83888893592695,"rgba(38, 166, 154, 1.0)",3.2217831949029563,431.0728031794749,9.267289266317148,57.877971083088866,3.030647562331005,True,False,True,False,True,13.819279879626361,0.0,0.0,0.0,0.0,1,0.9944568966674274,0.9081562806179285,False,False,False,False,0.32632027144399645,0.3234732447772657,False,False,False,False,2093950.0,1467002.502101714,False,False,False,False,54893.3874772737,False,False,False,False
2025-06-02 15:00:00+00:00,460.995,461.69,459.985,461.38,42146.0,,,,,,,,,,,,,,,,,,,,,,,,,458.9910657804564,457.85286139484754,456.54042036801746,451.9567004295283,443.95105957486265,431.514663173253,413.7626999382767,,,431.514663173253,,,444.9384958084632,"rgba(38, 166, 154, 1.0)",3.2624792816303274,431.17819427687135,9.257317247402161,60.368191501733456,5.402627790664802,True,False,True,False,True,14.235917409399821,0.0,0.0,0.0,0.0,1,1.0118845500848899,0.9027368421052632,False,False,False,False,0.3428282517088065,0.3331507482430361,False,False,False,False,2136096.0,1477376.0447047881,False,False,False,False,54695.753562897364,False,False,False,False
2025-06-02 16:00:00+00:00,461.375,461.65,460.445,461.38,23080.0,,,,,,,,,,,,,,,,,,,,,,,,,459.07182195354005,457.89784923676046,456.5708686039231,451.993040143819,443.9981528921386,431.5803039554107,413.8360930147801,,,431.5803039554107,,,444.9925899714817,"rgba(38, 166, 154, 1.0)",3.3119398904330732,431.2357391463569,9.101693222367457,62.028338447496516,7.0197088684953854,True,False,True,False,True,14.235917409399821,0.0,0.0,0.0,0.0,0,1.0129700042247574,0.9296718772003947,False,False,False,False,0.34282825172941894,0.3379894999862275,False,False,False,False,2136096.0,1487588.7571899851,False,False,False,False,54205.58684099198,False,False,False,False
2025-06-02 17:00:00+00:00,461.38,462.36,460.08,460.52,33698.0,,,,,,,,,,,,,,,,,,,,,,,,,459.1706221941509,457.95803264843244,456.6129735409252,452.04460131413856,444.0657672581835,431.6750693080028,413.94245618352267,,,431.6750693080028,,,445.06707463533655,"rgba(38, 166, 154, 1.0)",3.34142019220942,431.31695889448827,8.739709292952476,60.94974065702384,7.0197088684953854,True,False,True,False,True,13.042831841950175,0.0,0.0,0.0,0.0,1,1.013578612277094,0.9188382116798605,False,False,False,False,0.34282825174611703,0.3404088758661723,False,False,False,False,2102398.0,1497120.6834351015,False,False,False,False,53887.6397581859,False,False,False,False
2025-06-02 18:00:00+00:00,460.54,462.77,460.245,461.52,36094.0,,,,,,,,,,,,,,,,,,,,,,,,,459.293225784999,458.03067967648207,456.6624982545357,452.1023810374511,444.139823281451,431.77770347471494,414.05711647345174,,,431.77770347471494,,,445.15191828329796,"rgba(38, 166, 154, 1.0)",3.4037905314495873,431.4073845266789,8.846788659611455,61.82421386592017,7.032359347007052,True,False,True,False,True,14.010359625104666,0.0,0.0,0.0,0.0,0,1.0095184375661004,0.9237114855813301,False,False,False,False,0.3428282517734905,0.3416185638198314,False,False,False,False,2138492.0,1507064.424777193,False,False,False,False,53611.76937433806,False,False,False,False
2025-06-02 19:00:00+00:00,461.515,462.11,460.92,462.04,57858.0,,,,,,,,,,,,,,,,,,,,,,,,,459.4788521704869,458.146789900233,456.74267357558546,452.1952714811629,444.2584361413812,431.94173702405266,414.24045239733937,,,431.94173702405266,,,445.2863160986058,"rgba(38, 166, 154, 1.0)",3.4751957336805095,431.55155272112427,8.773159734109726,63.17889263859671,8.540429582501744,True,False,True,False,True,14.511571617963,0.0,0.0,0.0,0.0,0,1.0160068235126876,0.9236619518089418,False,False,False,False,0.342828251774197,0.3422234077970142,False,False,False,False,2196350.0,1517751.0228426629,False,False,False,False,53677.602407294056,False,False,False,False
2025-06-03 14:00:00+00:00,462.64,463.175,460.885,461.91,62595.0,,,,,,,,,,,,,,,,,,,,,,,,,459.6729927013459,458.27434040475214,456.8316702554565,452.2968730465364,444.38714534799317,432.1189557283415,414.4384598392519,,,432.1189557283415,,,445.4314910462396,"rgba(38, 166, 154, 1.0)",3.5343946281352268,431.7076674751114,8.545263249458818,63.696328112447034,9.289830567414455,True,False,True,False,True,14.32430990824675,0.0,0.0,0.0,0.0,0,1.0135545388463678,0.9204543834894031,False,False,False,False,0.34282825182182775,0.342525829809421,False,False,False,False,2133755.0,1527301.4721009163,False,False,False,False,53815.85663353756,False,False,False,False
2025-06-03 15:00:00+00:00,461.925,463.84,461.92,462.67,59630.0,,,,,,,,,,,,,,,,,,,,,,,,,459.88818273308345,458.4133470012689,456.9267263438452,452.39974442358283,444.5136632215831,432.29042795623513,414.6287932763691,,,432.29042795623513,,,445.58012642228107,"rgba(38, 166, 154, 1.0)",3.5980041389341757,431.8635942782718,8.56208179094921,65.2585040844553,11.020506771103122,True,False,True,False,True,15.07220768984865,0.0,0.0,0.0,0.0,0,1.0169894955887178,0.9143683812944516,False,False,False,False,0.3428282518967927,0.34267704085310685,False,False,False,False,2193385.0,1537628.3485024525,False,False,False,False,53905.99839115713,False,False,False,False
2025-06-03 16:00:00+00:00,462.665,463.485,462.01,462.715,43526.0,,,,,,,,,,,,,,,,,,,,,,,,,460.0240095343682,458.507946290609,456.99338311611564,452.47305167650217,444.6045555603051,432.41408879653255,414.76657122225924,,,432.41408879653255,,,445.6833723138131,"rgba(38, 166, 154, 1.0)",3.651265176263013,431.9740187176752,8.419268335308216,66.37214308375823,12.300141911285309,True,False,True,False,True,15.116804657742083,0.0,0.0,0.0,0.0,0,1.0176633935472792,0.9176519424007331,False,False,False,False,0.33949476414570706,0.34108590249940696,False,False,False,False,2236911.0,1548469.9399985385,False,False,False,False,53745.068183542295,False,False,False,False
2025-06-03 17:00:00+00:00,462.715,463.585,461.945,462.56,27118.0,,,,,,,,,,,,,,,,,,,,,,,,,460.10111932988684,458.56428153906353,457.0338605710524,452.5180249419813,444.6606032831659,432.4905256304173,414.851941463671,,,432.4905256304173,,,445.7457652513198,"rgba(38, 166, 154, 1.0)",3.6408376201885266,432.0415430584946,8.382262579434983,66.52333450929676,12.705331771331622,True,False,True,False,True,14.881710686723363,0.0,0.0,0.0,0.0,0,1.0130974923968556,0.9199948355999314,False,False,False,False,0.33993461834061517,0.3405102604200111,False,False,False,False,2209793.0,1558723.0106962356,False,False,False,False,53332.24542100675,False,False,False,False
2025-06-03 18:00:00+00:00,462.56,463.77,461.705,463.37,34157.0,,,,,,,,,,,,,,,,,,,,,,,,,460.2009596801623,458.63731151024916,457.0862641844936,452.5754986814381,444.7316852209842,432.58705333688664,414.95960274420537,,,432.58705333688664,,,445.8254821940599,"rgba(38, 166, 154, 1.0)",3.636912613792602,432.12739796706836,8.590418673917933,68.08324962273201,14.424534481026939,True,False,True,False,True,15.706550601648786,0.0,0.0,0.0,0.0,0,1.009073289785371,0.9225181250448643,False,False,False,False,0.33924347570372154,0.33987686806186634,False,False,False,False,2243950.0,1569346.6849490071,False,False,False,False,53034.954794324476,False,False,False,False
2025-06-03 19:00:00+00:00,463.395,463.805,462.75,463.01,70824.0,,,,,,,,,,,,,,,,,,,,,,,,,460.40344541720964,458.7892569557255,457.1963463068726,452.69538525853517,444.879244633235,432.7868320031843,415.1824167779731,,,432.7868320031843,,,445.99041819324793,"rgba(38, 166, 154, 1.0)",3.6256254719794656,432.30527555079044,8.468807571689371,67.65422825132572,14.424534481026939,True,False,True,False,True,15.145632890720574,0.0,0.0,0.0,0.0,1,1.0101921998763712,0.9218693845866339,False,False,False,False,0.3428282519303826,0.34135255999612446,False,False,False,False,2173126.0,1578707.6045622008,False,False,False,False,53310.75394480007,False,False,False,False
2025-06-04 14:00:00+00:00,464.5,465.53,463.75,464.81,64508.0,,,,,,,,,,,,,,,,,,,,,,,,,460.653080012499,458.9635977643945,457.31759430163845,452.81760863937814,445.0225106942997,432.97545403729157,415.3898968489787,,,432.97545403729157,,,446.16282032835437,"rgba(38, 166, 154, 1.0)",3.692915797861257,432.48278392166014,8.75384597099725,70.22638020777148,16.78542332430446,True,False,True,False,True,16.976301920574585,0.0,0.0,0.0,0.0,1,1.0113945432162388,0.9132955423859833,False,False,False,False,0.34282825203901585,0.3420904060175701,False,False,False,False,2237634.0,1588923.5176697636,False,False,False,False,53484.35465883417,False,False,False,False
2025-06-04 15:00:00+00:00,464.815,465.51,464.395,464.7,41183.0,,,,,,,,,,,,,,,,,,,,,,,,,460.8039559325784,459.0727921631704,457.39472539100416,452.89545345623907,445.113684457314,433.09535707084785,415.5219066862567,,,433.09535707084785,,,446.2711250224873,"rgba(38, 166, 154, 1.0)",3.7575549206877894,432.595009145349,8.544117526504285,71.50288812180793,18.079834068262528,True,False,True,False,True,16.801213865034615,0.0,0.0,0.0,0.0,1,1.020774845592364,0.9113433824270436,False,False,False,False,0.342828252062606,0.342459329040088,False,False,False,False,2196451.0,1598342.5484035658,False,False,False,False,53293.63598195302,False,False,False,False
2025-06-04 16:00:00+00:00,464.7,465.015,462.04,464.19,29163.0,,,,,,,,,,,,,,,,,,,,,,,,,460.8767395235397,459.1332281653305,457.44035475678476,452.9448724227985,445.1741107066826,433.17674661940174,415.6128498136535,,,433.17674661940174,,,446.3369860011702,"rgba(38, 166, 154, 1.0)",3.8259217613964958,432.66695345633605,8.239333815377803,70.2951631489536,18.079834068262528,True,False,True,False,True,15.981831400324719,0.0,0.0,0.0,0.0,1,1.0209296947271047,0.9091263876040705,False,False,False,False,0.3096557484250807,0.32605753873258436,False,False,False,False,2167288.0,1607163.4081182391,False,False,False,False,52919.517594635916,False,False,False,False
2025-06-04 17:00:00+00:00,464.19,464.885,464.135,464.77,31247.0,,,,,,,,,,,,,,,,,,,,,,,,,460.9727232357529,459.2078614334447,457.49500100765334,453.00144472575664,445.24135890223266,433.26588062240035,415.711622517441,,,433.26588062240035,,,446.41369892066876,"rgba(38, 166, 154, 1.0)",3.9181313630838415,432.74834427070226,8.172685589615979,70.5222965444541,18.079834068262528,True,False,True,False,True,16.586866386403823,0.0,0.0,0.0,0.0,0,1.0194458160271866,0.9110197798367657,False,False,False,False,0.3324524400277816,0.329254989380183,False,False,False,False,2198535.0,1616331.9599303594,False,False,False,False,52583.50956991287,False,False,False,False
2025-06-04 18:00:00+00:00,464.85,465.245,464.165,464.42,27907.0,,,,,,,,,,,,,,,,,,,,,,,,,461.05465451620086,459.27297484868086,457.5431956766008,453.05156516924717,445.30106756460816,433.3450943194922,415.79952520970033,,,433.3450943194922,,,446.4811539006472,"rgba(38, 166, 154, 0.75)",3.9988504744638695,432.82030723595835,7.902194134497682,69.22029412778468,18.079834068262528,True,False,True,False,False,16.0123412673726,0.0,0.0,0.0,0.0,0,1.0201707655257974,0.9101948478435382,False,False,False,False,0.33701620525935744,0.3331355973197702,False,False,False,False,2170628.0,1624925.6969857025,False,False,False,False,52200.92802619329,False,False,False,False
2025-06-04 19:00:00+00:00,464.405,465.185,463.38,464.145,63547.0,,,,,,,,,,,,,,,,,,,,,,,,,461.2099051894482,459.4055714084336,457.6448696703619,453.1604606004193,445.433063684051,433.52185026645196,415.99699196892124,,,433.52185026645196,,,446.624673255441,"rgba(38, 166, 154, 0.75)",4.069265762622242,432.97708824732115,7.659345339143977,67.20859774905676,20.40932315533641,True,False,True,False,False,15.55689628232198,0.0,0.0,0.0,0.0,1,1.0203586158481295,0.906909058999035,False,False,False,False,0.3271448663181519,0.330140231818961,False,False,False,False,2107081.0,1632400.973001428,False,False,False,False,52376.836118810446,False,False,False,False
2025-06-05 14:00:00+00:00,464.85,467.34,464.46,466.66,59501.0,,,,,,,,,,,,,,,,,,,,,,,,,461.4258728756686,459.5702310855328,457.76418752941123,453.27783221595183,445.5674271857942,433.69574223236134,416.1877206137679,,,433.69574223236134,,,446.784144819784,"rgba(38, 166, 154, 1.0)",4.199033551398276,433.1416481194545,7.982396775416081,70.11798339515323,20.40932315533641,True,False,True,False,True,18.209022574509536,0.0,0.0,0.0,0.0,0,1.0220678203111346,0.8984734603507548,False,False,False,False,0.34282825213135215,0.3364842419751566,False,False,False,False,2166582.0,1640682.8493890027,False,False,False,False,52487.28827200718,False,False,False,False
2025-06-05 15:00:00+00:00,466.68,469.02,466.575,467.97,64676.0,,,,,,,,,,,,,,,,,,,,,,,,,461.7173353151543,459.7843019174094,457.91569333730445,453.41957674576423,445.7234245031418,433.89246818217924,416.40040378907446,,,433.89246818217924,,,446.9790291128611,"rgba(38, 166, 154, 1.0)",4.360395368056473,433.3359862516742,7.942860870380882,73.41090932827797,19.72764811443669,True,False,True,False,True,19.52455260858691,0.0,0.0,0.0,0.0,0,1.0318039244292072,0.8933109636005546,False,False,False,False,0.342828252257615,0.33965624711638576,False,False,False,False,2231258.0,1649839.0532744443,False,False,False,False,52676.260546859776,False,False,False,False
2025-06-05 16:00:00+00:00,467.805,468.715,466.48,466.7,70966.0,,,,,,,,,,,,,,,,,,,,,,,,,461.9817991942662,459.9914664792278,458.0677617164981,453.5660916374249,445.8878570779339,434.10224011285305,416.62926260978713,,,434.10224011285305,,,447.1752112611416,"rgba(38, 166, 154, 0.75)",4.476102811417638,433.5368603549294,7.408931618031226,71.4618973185916,19.72764811443669,True,False,True,False,False,17.4070074540219,0.0,0.0,0.0,0.0,0,1.038253865218931,0.8956685943585511,False,False,False,False,0.33851880495249514,0.3390875260344405,False,False,False,False,2160292.0,1657753.0524484839,False,False,False,False,52959.822398846445,False,False,False,False
2025-06-05 17:00:00+00:00,466.465,468.275,466.28,467.7,43720.0,,,,,,,,,,,,,,,,,,,,,,,,,462.136008101281,460.1155069094584,458.16020321367387,453.6556004337746,445.9884779218216,434.2306302533111,416.76956538171436,,,434.2306302533111,,,447.29371317357646,"rgba(38, 166, 154, 0.75)",4.604190656739357,433.65898903908527,7.3934842187925875,71.47095057244425,19.72764811443669,True,False,True,False,False,18.425318306059598,0.0,0.0,0.0,0.0,0,1.037789141939704,0.8919843015995721,False,False,False,False,0.33121993580585934,0.3351537309201499,False,False,False,False,2204012.0,1666222.1834182749,False,False,False,False,52816.56933839921,False,False,False,False
2025-06-05 18:00:00+00:00,467.71,469.545,466.63,469.35,66086.0,,,,,,,,,,,,,,,,,,,,,,,,,462.3979963514713,460.32217205355187,458.3125657002087,453.7992684296617,446.14644699397377,434.42914653914727,416.9847105955031,,,434.42914653914727,,,447.4846152376454,"rgba(38, 166, 154, 0.75)",4.774403540880623,433.8521451768279,7.435034453879587,73.22020911668584,19.72764811443669,True,False,True,False,False,20.0,0.0,0.0,0.0,0.0,0,1.0335573470026376,0.8907300064074865,False,False,False,False,0.3428282521940319,0.3389909915570909,False,False,False,False,2270098.0,1675584.5991792318,False,False,False,False,53022.29694555581,False,False,False,False
2025-06-05 19:00:00+00:00,469.18,469.795,466.83,467.78,79493.0,,,,,,,,,,,,,,,,,,,,,,,,,462.66834545419323,460.5469273301137,458.48350046005703,453.9641488252103,446.33042819648097,434.66232811349823,417.2392858811994,,,434.66232811349823,,,447.699280608679,"rgba(38, 166, 154, 0.75)",4.893362877638894,434.0738365617796,6.88813895087298,70.18924835533238,19.72764811443669,True,False,True,False,False,17.465457926803012,0.0,0.0,0.0,0.0,0,1.0335414115468478,0.8904005256712765,False,False,False,False,0.3428282522089214,0.3409096218830061,False,False,False,False,2190605.0,1683569.4115950577,False,False,False,False,53432.69544252394,False,False,False,False
2025-06-06 14:00:00+00:00,472.19,473.33,471.09,471.09,76705.0,,,,,,,,,,,,,,,,,,,,,,,,,463.0671062182892,460.8518496737089,458.70402560441295,454.16032056498665,446.53470813989065,434.90883975882605,417.5002339304596,,,434.90883975882605,,,447.96101198436776,"rgba(38, 166, 154, 0.75)",5.1003486217184255,434.3274536296617,7.2078497171340645,71.51909992171468,19.72764811443669,True,False,True,False,False,20.0,0.0,0.0,0.0,0.0,0,1.039581654880196,0.8791364545101901,False,False,False,False,0.342828252398215,0.34186893714061056,False,False,False,False,2267310.0,1692619.6532757543,False,False,False,False,53793.50636589566,False,False,False,False
2025-06-06 15:00:00+00:00,471.14,471.86,469.75,470.605,29122.0,,,,,,,,,,,,,,,,,,,,,,,,,463.1917217345724,460.952198901499,458.7790112175735,454.2291183806931,446.608081547641,434.9988185937165,417.59666455009415,,,434.9988185937165,,,448.0508021322556,"rgba(38, 166, 154, 0.75)",5.269512708893585,434.41686976118353,6.867452881884165,71.31402354656664,19.72764811443669,True,False,True,False,False,19.870370581871914,0.0,0.0,0.0,0.0,0,1.0336902664196752,0.8846970586906429,False,False,False,False,0.31377744700877297,0.3278231920746918,False,False,False,False,2238188.0,1701078.077255975,False,False,False,False,53411.002391230606,False,False,False,False
2025-06-06 16:00:00+00:00,470.605,471.395,468.77,469.49,22784.0,,,,,,,,,,,,,,,,,,,,,,,,,463.2757199785917,461.02257634123185,458.83288914009125,454.27978485856113,446.6631577156953,435.0672269979159,417.6706576124232,,,435.0672269979159,,,448.11600180635867,"rgba(38, 166, 154, 0.75)",5.409211383630196,434.4831706755159,6.4717066577255,68.75516381710565,22.85169150452367,True,False,True,False,False,18.07419936754894,0.0,0.0,0.0,0.0,0,1.030181851356283,0.8943255078457609,False,False,False,False,0.2990385905550034,0.3134308913148476,False,False,False,False,2215404.0,1709052.122569836,False,False,False,False,52936.16514485494,False,False,False,False
2025-06-06 17:00:00+00:00,469.49,471.525,468.72,470.95,29822.0,,,,,,,,,,,,,,,,,,,,,,,,,463.3908269487549,461.1182744435256,458.9058640815536,454.34777409267195,446.7364392462371,435.1576766314184,417.76814040031616,,,435.1576766314184,,,448.20357083492536,"rgba(38, 166, 154, 0.75)",5.571497184229337,434.57158921440515,6.529377936072096,68.63909138453002,22.60118154388715,True,False,True,False,False,19.478721243510616,0.0,0.0,0.0,0.0,0,1.0304359917189385,0.9061582671569385,False,False,False,False,0.29985123787969503,0.3066410645972713,False,False,False,False,2245226.0,1717364.8958633267,False,False,False,False,52577.805995322306,False,False,False,False
2025-06-06 18:00:00+00:00,470.92,471.895,469.615,471.125,25368.0,,,,,,,,,,,,,,,,,,,,,,,,,463.4923627706205,461.202287035554,458.96978159170135,454.4068752150746,446.79967806861845,435.2352966487414,417.8515342818358,,,435.2352966487414,,,448.27968794459235,"rgba(38, 166, 154, 0.75)",5.733665164292176,434.648003245985,6.361898664955976,68.7447356199832,22.4728665785524,True,False,True,False,False,19.645764648326455,0.0,0.0,0.0,0.0,0,1.0137405051565493,0.9061014018403013,False,False,False,False,0.3127532611756363,0.30969716288645377,False,False,False,False,2270594.0,1725942.0912762983,False,False,False,False,52155.94853803049,False,False,False,False
2025-06-06 19:00:00+00:00,471.06,471.405,469.275,470.16,48062.0,,,,,,,,,,,,,,,,,,,,,,,,,463.66238251278673,461.34795315416847,459.08303519846277,454.51367106480296,446.91563109774853,435.37898052112445,418.0070409457402,,,435.37898052112445,,,448.41552778497635,"rgba(38, 166, 154, 0.75)",5.853891598487976,434.78669630854193,6.042698792132536,66.57815911610793,20.224088598217605,True,False,True,False,False,18.070173308749464,0.0,0.0,0.0,0.0,0,1.0123767342088614,0.9077917869102918,False,False,False,False,0.3042767768524097,0.30698696986943175,False,False,False,False,2222532.0,1733641.1596286038,False,False,False,False,52092.47646767343,False,False,False,False
2025-06-09 14:00:00+00:00,469.49,471.62,468.88,470.05,44467.0,,,,,,,,,,,,,,,,,,,,,,,,,463.8100815943189,461.4772068780413,459.1849287576732,454.61060872658,447.0214559815656,435.51050629941636,418.149831966459,,,435.51050629941636,,,448.53780288629343,"rgba(38, 166, 154, 0.5)",5.945254533530888,434.9125426235365,5.910168719991765,64.878015942405,18.495513617666504,False,False,True,False,False,17.890306060443788,0.0,0.0,0.0,0.0,0,1.0109006488115373,0.9062451954121952,False,False,False,False,0.30244412565547324,0.30471554776245247,False,False,False,False,2178065.0,1740531.4517273852,False,False,False,False,51974.25202631414,False,False,False,False
2025-06-09 15:00:00+00:00,470.075,472.945,468.335,470.55,52262.0,,,,,,,,,,,,,,,,,,,,,,,,,463.98640455270356,461.63157798996735,459.306872331131,454.72609711527747,447.1468764233294,435.6657098796981,418.3180261269826,,,435.6657098796981,,,448.68308063129854,"rgba(38, 166, 154, 0.5)",6.022632548962353,435.0616115683264,5.892504339782105,64.50600063333849,17.99780357611334,False,False,True,False,False,18.397678711493167,0.0,0.0,0.0,0.0,1,1.0222324865280987,0.8999538106235566,False,False,False,False,0.3104000396500832,0.30755779370626785,False,False,False,False,2230327.0,1748125.1811579682,False,False,False,False,51978.713235208495,False,False,False,False
2025-06-09 16:00:00+00:00,470.64,472.975,468.91,471.91,55682.0,,,,,,,,,,,,,,,,,,,,,,,,,464.18208436877705,461.80199782964763,459.4413286296857,454.85232146048804,447.2827347288834,435.8326381091101,418.49827401510544,,,435.8326381091101,,,448.841625591671,"rgba(38, 166, 154, 0.5)",6.11249142890763,435.22321747788357,6.001936027037145,66.11314543676588,17.99780357611334,False,False,True,False,False,19.759798503459116,0.0,0.0,0.0,0.0,1,1.0310738813094764,0.8898093683594591,False,False,False,False,0.3165972554464179,0.31207752457634286,False,False,False,False,2286009.0,1756464.465171023,False,False,False,False,52036.12853388744,False,False,False,False
2025-06-09 17:00:00+00:00,471.91,473.785,471.36,472.58,24833.0,,,,,,,,,,,,,,,,,,,,,,,,,464.28152171479144,461.88632697926244,459.5068595281351,454.9124394510111,447.3461151462588,435.9093146687556,418.58025156348316,,,435.9093146687556,,,448.9175470073854,"rgba(38, 166, 154, 1.0)",6.263885708661342,435.2991386442165,5.9517148124579675,67.98657991209328,17.99780357611334,True,False,True,False,True,20.0,0.0,0.0,0.0,0.0,1,1.038251956592211,0.8847964681002144,False,False,False,False,0.34282825234940334,0.3274528884628731,False,False,False,False,2310842.0,1765059.4657110071,False,False,False,False,51614.374603129494,False,False,False,False
2025-06-09 18:00:00+00:00,472.56,473.97,472.03,473.33,45200.0,,,,,,,,,,,,,,,,,,,,,,,,,464.46788735102234,462.04399409301277,459.6292878953084,455.02410631387136,447.4630951346052,436.0500843802646,418.7302996952257,,,436.0500843802646,,,449.05839355190153,"rgba(38, 166, 154, 1.0)",6.414179862328992,435.4393182199932,5.907330725560393,70.08261970665576,16.55866312544751,True,False,True,False,True,20.0,0.0,0.0,0.0,0.0,1,1.0414765850479473,0.8838717686124816,False,False,False,False,0.34282825237374925,0.3351405704183112,False,False,False,False,2356042.0,1774221.9856224644,False,False,False,False,51514.92693486392,False,False,False,False
2025-06-09 19:00:00+00:00,473.345,474.075,471.25,472.595,67650.0,,,,,,,,,,,,,,,,,,,,,,,,,464.7181723042757,462.26218733956057,459.8022147126409,455.18442153338106,447.6330331759223,436.2561456400019,418.9514097361204,,,436.2561456400019,,,449.25822634884327,"rgba(38, 166, 154, 1.0)",6.516960082102083,435.6410871694394,5.670421847764476,69.24728917296784,16.55866312544751,True,False,True,False,True,19.877301272394202,0.0,0.0,0.0,0.0,1,1.0386763473889977,0.8813025536007943,False,False,False,False,0.33578021826063065,0.33546039433947095,False,False,False,False,2288392.0,1782193.6137523486,False,False,False,False,51765.083106416416,False,False,False,False
2025-06-10 14:00:00+00:00,470.14,470.91,467.66,469.03,56985.0,,,,,,,,,,,,,,,,,,,,,,,,,464.83088848835075,462.3804767530448,459.9062652449953,455.29104610336253,447.7549624064467,436.41168731173263,419.12441540231674,,,436.41168731173263,,,449.3856773871785,"rgba(38, 166, 154, 0.5)",6.556612266591228,435.7807820606038,5.071097174498983,61.261623228212315,15.432742361734938,False,True,True,False,False,14.021704706367114,0.0,0.0,0.0,0.0,1,1.0227374534669984,0.8903288589567339,False,False,False,False,0.26469020897336676,0.3000753016564188,False,False,False,False,2231407.0,1789158.162376343,False,False,False,False,51846.012050502984,False,False,False,False
2025-06-10 15:00:00+00:00,469.125,469.775,467.08,468.555,42600.0,,,,,,,,,,,,,,,,,,,,,,,,468.47,464.8980446991425,462.45711668882905,459.97656458108395,455.3655730530087,447.8421434197462,436.52444129354745,419.2510981316386,,,436.52444129354745,,,451.84812273337457,"rgba(38, 166, 154, 0.5)",6.589612612846632,438.8576359056363,4.506693464266454,55.22670224982694,10.252831060893541,False,True,True,False,False,13.280934095427362,0.0,0.0,0.0,0.0,1,1.0160491350442122,0.8952793938365149,False,False,False,False,0.23609363923793036,0.2680844704471746,False,False,False,False,2188807.0,1795354.2683860122,False,False,False,False,51702.66302646418,False,False,False,False
2025-06-10 16:00:00+00:00,468.6,470.255,467.98,469.76,29748.0,,,,,,,,,,,,,,,,,,,,,,,,468.8242994968762,464.9544521949822,462.51700804099653,460.029886071642,455.4205073921305,447.905113850792,436.6048204707349,419.34071889882006,,,436.6048204707349,,,451.94960080212184,#000000,6.617943174798703,438.94337033768016,4.656526786097279,53.448832361960235,8.99890920299898,False,True,False,False,False,14.582358560209268,0.0,0.0,0.0,0.0,1,1.0152014108907028,0.9106019696283926,False,False,False,False,0.24986411052351476,0.2589742904853447,False,False,False,False,2218555.0,1801915.520038942,False,False,False,False,51362.28065396086,False,False,False,False
2025-06-10 17:00:00+00:00,469.785,471.165,468.29,468.68,23750.0,,,,,,,,,,,,,,,,,,,,,,,,468.96122538103464,464.99893563720315,462.5644020487628,460.07223352491116,455.4642023057675,447.9552323504623,436.6688019412661,419.41210633822584,,,436.6688019412661,,,452.0121424409542,#000000,6.537752234467055,439.0043092666955,4.539127465989636,50.48846651559705,6.447903606812737,False,True,False,False,False,12.887485050209744,0.0,0.0,0.0,0.0,1,1.0113453705582172,0.9070678381372992,False,False,False,False,0.2615450166395459,0.2602596535624453,False,False,False,False,2194805.0,1808006.8298057802,False,False,False,False,50934.18327948084,False,False,False,False
2025-06-10 18:00:00+00:00,468.68,470.3,467.825,469.88,74535.0,,,,,,,,,,,,,,,,,,,,,,,,469.12449562316004,465.13158164831634,462.70805852289806,460.2020693720052,455.5991499446195,448.11069676019946,436.86771979941716,419.63463269027005,,,436.86771979941716,,,452.1723005451107,#000000,6.467871265857974,439.1797778658426,4.746572847888148,50.68993895327431,6.447903606812737,False,True,False,False,False,14.191876125021473,0.0,0.0,0.0,0.0,1,1.0085758183870561,0.9141791044776119,False,False,False,False,0.23457407131831698,0.24741686244038114,False,False,False,False,2269340.0,1815159.2820568534,False,False,False,False,51300.08741468269,False,False,False,False
2025-06-10 19:00:00+00:00,469.825,471.735,468.42,471.0,113904.0,,,,,,,,,,,,,,,,,,,,,,,,469.6290925316098,465.36620779547184,462.9491637977257,460.4156199603907,455.81576042095287,448.355496766628,437.1767492733333,419.97799397152016,,,437.1767492733333,,,452.46076056470406,"rgba(38, 166, 154, 0.5)",6.42842270245515,439.470321485546,4.90473012958718,52.61756786114863,6.447903606812737,False,True,True,False,False,15.384217606105103,0.0,0.0,0.0,0.0,1,0.9992173804157275,0.9174179814675681,False,False,False,False,0.26016270123330687,0.253789781836844,False,False,False,False,2383244.0,1823966.7970637237,False,False,False,False,52270.69071057908,False,False,False,False
2025-06-11 14:00:00+00:00,473.08,476.415,472.57,474.96,75571.0,,,,,,,,,,,,,,,,,,,,,,,,470.6824127761671,465.63333389313084,463.1879632453664,460.6109328348248,455.9970438948638,448.54582609515995,437.4045739894258,420.2223004615174,,,437.4045739894258,,,452.785548398807,"rgba(38, 166, 154, 0.5)",6.5035331007685295,439.7355810923893,5.416197374846634,58.31885837045429,2.0166332456884817,False,True,True,False,True,19.323033668791197,0.0,0.0,0.0,0.0,1,1.0056082897046714,0.9061038698752503,False,False,False,False,0.3428282516745016,0.2983090167556728,False,False,False,False,2458815.0,1833809.4048611855,False,False,False,False,52631.93581584142,False,False,False,False
2025-06-11 15:00:00+00:00,474.95,477.185,472.885,473.795,39887.0,,,,,,,,,,,,,,,,,,,,,,,,471.0752302362112,465.76781989652267,463.3098306572119,460.7116830519483,456.0911919400266,448.64507520990094,437.5236230565362,420.3503064080624,,,437.5236230565362,,,452.9343450570525,"rgba(38, 166, 154, 0.5)",6.513707125939994,439.8655525408324,5.208930460512719,59.99278299415125,3.571487299021044,False,True,True,False,True,17.488619429341806,0.0,0.0,0.0,0.0,1,1.0074207191435962,0.9043362406853707,False,False,False,False,0.34282825170633163,0.32056863423100224,False,False,False,False,2418928.0,1842881.0109873686,False,False,False,False,52434.33991171984,False,False,False,False
2025-06-11 16:00:00+00:00,473.88,475.355,471.78,474.735,28338.0,,,,,,,,,,,,,,,,,,,,,,,,471.26586263102143,465.8539522472069,463.38984774715743,460.7790057109006,456.1551240859469,448.7133362340089,437.60623274320074,420.43977384970725,,,437.60623274320074,,,453.0253919061438,"rgba(38, 166, 154, 0.5)",6.4914924053446565,439.9504220623514,5.358487042056671,62.04601288942091,5.600040867535739,False,True,True,False,True,18.39499940946126,0.0,0.0,0.0,0.0,1,1.0005890194376412,0.9144526769383388,False,False,False,False,0.30356741435625867,0.31206802429363045,False,False,False,False,2447266.0,1852251.3208945412,False,False,False,False,52060.75324642186,False,False,False,False
2025-06-11 17:00:00+00:00,474.56,476.79,470.99,473.125,35102.0,,,,,,,,,,,,,,,,,,,,,,,,471.4453084215334,465.9540265299905,463.4843449435472,460.8594420648874,456.2322650200731,448.7963107423571,437.7071416536448,420.5495194496673,,,437.7071416536448,,,453.1285448532126,"rgba(38, 166, 154, 0.5)",6.417364481770566,440.05056317061263,5.153897199284846,60.575494161195344,5.600040867535739,False,True,True,False,True,15.89147623862926,0.0,0.0,0.0,0.0,1,0.9988659351437503,0.9052902593023967,False,False,False,False,0.3113996456240001,0.31173383495881524,False,False,False,False,2412164.0,1860932.1376248584,False,False,False,False,51797.82683950059,False,False,False,False
2025-06-11 18:00:00+00:00,473.1,473.875,470.96,472.18,28704.0,,,,,,,,,,,,,,,,,,,,,,,,471.4973940864945,466.0204719510897,463.55062558027674,460.9178727374206,456.29017883905385,448.8602313947374,437.78627592107614,420.6367420293711,,,437.78627592107614,,,453.19497406744006,"rgba(38, 166, 154, 0.5)",6.309727708606376,440.1225615375717,5.080637381340947,58.089679750650276,5.600040867535739,False,True,True,False,False,14.455279860698418,0.0,0.0,0.0,0.0,1,0.9968508270400831,0.9163481823462866,False,False,False,False,0.2717856812697881,0.29175975811430166,False,False,False,False,2383460.0,1869033.3447934652,False,False,False,False,51439.78301253159,False,False,False,False
2025-06-11 19:00:00+00:00,472.18,473.705,470.485,472.69,48998.0,,,,,,,,,,,,,,,,,,,,,,,,471.56946350924073,466.1299696607287,463.66093563397857,461.01586426312275,456.3878073432056,448.96833866757,437.9203516875389,420.78482593491964,,,437.9203516875389,,,453.3046945875381,"rgba(38, 166, 154, 0.5)",6.19574923811638,440.24325935012985,5.236935744632323,57.14221112302037,5.600040867535739,False,True,True,False,False,14.97757561437312,0.0,0.0,0.0,0.0,1,0.9926294033615999,0.9176468800340415,False,False,False,False,0.26322792002740625,0.27749383907085395,False,False,False,False,2432458.0,1877768.6107656595,False,False,False,False,51401.9259115621,False,False,False,False
2025-06-12 14:00:00+00:00,475.1,477.985,474.39,476.63,71678.0,,,,,,,,,,,,,,,,,,,,,,,,472.12686521217665,466.3840730216925,463.8906296014986,461.20650806608984,456.5642492424456,449.1517952554378,438.13746438936994,421.0168097063921,,,438.13746438936994,,,453.5597993118879,"rgba(38, 166, 154, 0.5)",6.154450835784448,440.47465648402704,5.874666071869691,60.7324257572833,5.600040867535739,False,True,True,False,True,18.799485809037538,0.0,0.0,0.0,0.0,0,1.0018656435718045,0.9041751297675467,False,False,False,False,0.3428282516501983,0.31016104536052613,False,False,False,False,2504136.0,1887479.73307937,False,False,False,False,51716.28364936734,False,False,False,False
2025-06-12 15:00:00+00:00,476.655,478.915,476.39,477.815,39980.0,,,,,,,,,,,,,,,,,,,,,,,,472.4685964787313,466.5391719425329,464.0288926146272,461.3202522693331,456.66804845648215,449.25816736362475,438.2618114853506,421.1485516354248,,,438.2618114853506,,,453.71168653076336,"rgba(38, 166, 154, 0.5)",6.1252104196249615,440.61014770289637,6.074052930149236,64.06060810099837,7.904408542552687,False,False,True,False,True,19.876690610875006,0.0,0.0,0.0,0.0,0,1.0051570416923516,0.9051134398821247,False,False,False,False,0.34282825179011206,0.32649464857531907,False,False,False,False,2544116.0,1897660.1403184496,False,False,False,False,51534.325763330635,False,False,False,False
2025-06-12 16:00:00+00:00,477.855,479.285,477.14,478.655,51430.0,,,,,,,,,,,,,,,,,,,,,,,,472.8988494278581,466.74386274300514,464.21103910527256,461.4700288106453,456.80418589851183,449.39695968547903,438.42325653592593,421.31907306542627,,,438.42325653592593,,,453.9084069090155,"rgba(38, 166, 154, 1.0)",6.097987824972327,440.78612212453055,6.210061246824689,66.9153344794353,10.667228982326264,True,False,True,False,True,20.0,0.0,0.0,0.0,0.0,0,1.0056137156728873,0.9161583978152025,False,False,False,False,0.342828251841208,0.33466145020826354,False,False,False,False,2595546.0,1908480.0761274658,False,False,False,False,51532.708309635585,False,False,False,False
2025-06-12 17:00:00+00:00,478.655,479.99,478.345,479.37,70741.0,,,,,,,,,,,,,,,,,,,,,,,,473.4772304505403,467.0344551879374,464.46917794799026,461.68224600723755,456.99616136629857,449.59141975103967,438.6480280669135,421.5555407907824,,,438.6480280669135,,,454.1817824460925,"rgba(38, 166, 154, 1.0)",6.2415122633325275,441.0313471755668,6.142526235134412,69.35434698764705,13.053444658856648,True,False,True,False,True,20.0,0.0,0.0,0.0,0.0,0,1.0085197018104366,0.914346569298646,False,False,False,False,0.34282825192390404,0.33874485106608376,False,False,False,False,2666287.0,1920229.0206836292,False,False,False,False,51830.511281579216,False,False,False,False
2025-06-12 18:00:00+00:00,479.41,480.15,478.72,479.845,43291.0,,,,,,,,,,,,,,,,,,,,,,,,473.79966489134836,467.2104380594693,464.6263231906274,461.81207612097677,457.1137853553644,449.71051463708426,438.78549414131294,421.70013976978805,,,438.78549414131294,,,454.34480452074644,"rgba(38, 166, 154, 1.0)",6.403062431016292,441.17958406940915,6.038581748523404,71.34147845367914,15.060109099161082,True,False,True,False,True,20.0,0.0,0.0,0.0,0.0,0,1.0110904320234317,0.9115358799121309,False,False,False,False,0.34282825194612365,0.3407865515061037,False,False,False,False,2709578.0,1932466.9893552007,False,False,False,False,51698.115757833795,False,False,False,False
2025-06-12 19:00:00+00:00,479.825,480.415,478.005,478.91,129534.0,,,,,,,,,,,,,,,,,,,,,,,,474.52542505151456,467.6900816080787,465.0636463483842,462.1797217573332,457.45144109731905,450.055858791839,439.18676093176134,422.12511375570114,,,439.18676093176134,,,454.7847561677414,"rgba(38, 166, 154, 1.0)",6.52843361523,441.5959512255489,5.715620464823633,70.52790000151302,15.060109099161082,True,False,True,False,True,20.0,0.0,0.0,0.0,0.0,0,1.0123941774773126,0.9057798891528107,False,False,False,False,0.3372825046905397,0.3390345280983217,False,False,False,False,2580044.0,1942506.9430086084,False,False,False,False,52904.87365306118,False,False,False,False
2025-06-13 14:00:00+00:00,478.99,479.15,473.685,476.4,58960.0,,,,,,,,,,,,,,,,,,,,,,,,474.6358920941392,467.8472123029695,465.21749346821207,462.3160833873397,457.58299976329806,450.1960260423756,439.35460609452895,422.30741136723003,,,439.35460609452895,,,454.93221556501163,"rgba(38, 166, 154, 0.5)",6.589569939076326,441.75284545017547,5.2578779601937224,65.28643738910952,15.060109099161082,False,False,True,False,False,16.28073772243358,0.0,0.0,0.0,0.0,0,0.9968532626697579,0.9129302297569938,False,False,False,False,0.26997753541676084,0.30450603175754126,False,False,False,False,2521084.0,1951477.1299387075,False,False,False,False,52998.751580920696,False,False,False,False
2025-06-13 15:00:00+00:00,476.4,478.265,475.225,477.29,44478.0,,,,,,,,,,,,,,,,,,,,,,,,474.7328158580735,467.968957087128,465.33603327380536,462.42093026143687,457.6837242855882,450.30284011455115,439.4819720306065,422.44542547483417,,,439.4819720306065,,,455.046587298253,"rgba(38, 166, 154, 0.5)",6.663219037818144,441.87308389038265,5.3152861865418375,62.92894134538234,19.281227686990874,False,False,True,False,False,17.13914502945339,0.0,0.0,0.0,0.0,0,1.0016985584800155,0.9177476813925174,False,False,False,False,0.2777378647327223,0.29112194824513177,False,False,False,False,2565562.0,1960997.8255985724,False,False,False,False,52866.64690524751,False,False,False,False
2025-06-13 16:00:00+00:00,477.3,478.58,475.745,476.7,38938.0,,,,,,,,,,,,,,,,,,,,,,,,474.8140915703741,468.0738362269497,465.43857266771397,462.5120000833732,457.77141634560843,450.3959362152412,439.593008638714,422.5658580464638,,,439.593008638714,,,455.1455899743048,"rgba(38, 166, 154, 0.5)",6.730301294407967,441.9775710888528,5.159119538971775,60.32344891938122,16.73970495522363,False,True,True,False,False,16.23691076519659,0.0,0.0,0.0,0.0,0,0.9987107606512156,0.9199022576679761,False,False,False,False,0.2876784527477214,0.28940020049642656,False,False,False,False,2526624.0,1969767.2236513076,False,False,False,False,52650.69889121266,False,False,False,False
2025-06-13 17:00:00+00:00,476.62,477.75,473.6,475.66,21457.0,,,,,,,,,,,,,,,,,,,,,,,,474.8306126487014,468.12209457635623,465.48786377407515,462.5571118900014,457.81606197391307,450.44439447884747,439.651736996439,422.6303703123908,,,439.651736996439,,,455.19253083134055,"rgba(38, 166, 154, 0.5)",6.753757047173681,442.0302289332071,4.979416764905145,56.831010962109154,13.380801156554746,False,True,True,False,False,14.657779011300615,0.0,0.0,0.0,0.0,0,0.9901066925315228,0.926941729463553,False,False,False,False,0.25249888429930467,0.2709495423978656,False,False,False,False,2505167.0,1978067.995377644,False,False,False,False,52167.07565258921,False,False,False,False
2025-06-13 18:00:00+00:00,475.66,476.44,472.895,474.23,28434.0,,,,,,,,,,,,,,,,,,,,,,,,474.82290727752456,468.17552112623804,465.5451708347322,462.6112243389481,457.8710994189528,450.50541374459175,439.7267958161215,422.7137727599748,,,439.7267958161215,,,455.2464881646355,#000000,6.7345977093143485,445.2091472268098,4.30921846052551,52.36302148707137,9.18308088274896,False,True,False,False,False,12.532128285403953,0.0,0.0,0.0,0.0,0,0.9826968089834373,0.9323131166483957,False,False,False,False,0.2290192635011919,0.24998440294952876,False,False,False,False,2476733.0,1985799.2357593859,False,False,False,False,51799.12099130875,False,False,False,False
2025-06-13 19:00:00+00:00,474.56,474.96,473.565,474.9,71810.0,,,,,,,,,,,,,,,,,,,,,,,,474.80229181313484,468.30559686803383,465.68597809156046,462.7452037555981,458.0081101590273,450.6578528538705,439.91467361446115,422.92302808824627,,,439.91467361446115,,,455.38034190549155,#000000,6.710039767070779,445.3585262472102,4.402578043987645,50.5830304734348,7.48125888343742,False,True,False,False,False,13.232257735083529,0.0,0.0,0.0,0.0,0,0.9872029250457036,0.9380508613130009,False,False,False,False,0.21965166263994898,0.23481803279473887,False,False,False,False,2548543.0,1994523.9452824963,False,False,False,False,52109.367177490014,False,False,False,False
2025-06-16 14:00:00+00:00,479.62,481.715,479.22,479.575,66160.0,,,,,,,,,,,,,,,,,,,,,,,,475.08016332584276,468.5270917684409,465.89338240483306,462.9246350196992,458.1753241542428,450.82976636188124,440.11420856802823,423.1354603489305,,,440.11420856802823,,,455.58500399398736,"rgba(38, 166, 154, 0.5)",6.7551179142951625,445.66268821214,5.020239797161032,55.27457592086148,7.48125888343742,False,True,True,False,True,17.797047866160664,0.0,0.0,0.0,0.0,0,0.9949214061996895,0.9252407575447124,False,False,False,False,0.3428282520282933,0.2888231424115161,False,False,False,False,2614703.0,2004139.1244254033,False,False,False,False,52327.20644605606,False,False,False,False
2025-06-16 15:00:00+00:00,479.58,482.2,478.21,480.27,54567.0,,,,,,,,,,,,,,,,,,,,,,,,475.2909019582095,468.70450515121934,466.06068773737024,463.0703449568544,458.3117011766203,450.97032701463513,440.27752791479077,423.3096589217641,,,440.27752791479077,,,455.74945685393294,"rgba(38, 166, 154, 0.5)",6.819789208387749,449.203226068994,4.555386241673941,59.02354216450436,1.6371405425206262,False,True,True,False,True,18.431228461539206,0.0,0.0,0.0,0.0,1,0.9977099682021059,0.9219784707838621,False,False,False,False,0.3365749622284208,0.3126990523199684,False,False,False,False,2669270.0,2014451.2310234592,False,False,False,False,52361.93192751255,False,False,False,False
2025-06-16 16:00:00+00:00,480.3,480.605,478.84,479.75,34947.0,,,,,,,,,,,,,,,,,,,,,,,,475.4043839604195,468.81056779682547,466.16212767768207,463.1597259676455,458.39620726313643,451.05813282765143,440.38014029520406,423.4197002663594,,,440.38014029520406,,,455.8488732568655,"rgba(38, 166, 154, 0.5)",6.843514361116352,449.29859520798965,4.449673542738493,60.58040968837422,3.1770288128217032,False,False,True,False,True,17.64704345402579,0.0,0.0,0.0,0.0,0,1.0090117857719456,0.923884167730762,False,False,False,False,0.3251462698876591,0.31892266110381373,False,False,False,False,2634323.0,2024061.6460463512,False,False,False,False,52091.932982899954,False,False,False,False
2025-06-16 17:00:00+00:00,479.755,480.53,478.7,479.065,26076.0,,,,,,,,,,,,,,,,,,,,,,,,475.47973848644324,468.8862499602628,466.2351908307298,463.224600060913,458.4579485564115,451.1226195763058,440.455777296289,423.5010933861695,,,440.455777296289,,,455.9204022691906,"rgba(38, 166, 154, 0.5)",6.884367146586806,449.3647487592294,4.314158528790207,60.36025234847782,3.2201242516737523,False,False,True,False,True,16.6134567870528,0.0,0.0,0.0,0.0,0,1.0092355053873778,0.9203694202154954,False,False,False,False,0.32196998188800924,0.32044632149591146,False,False,False,False,2608247.0,2033118.7833169503,False,False,False,False,51688.585184715455,False,False,False,False
2025-06-16 18:00:00+00:00,479.065,479.475,477.575,478.355,29424.0,,,,,,,,,,,,,,,,,,,,,,,,475.5415331592462,468.96268047355613,466.3107263838414,463.2928708031102,458.524003285092,451.1925706996978,440.5386737538822,423.5910762914125,,,440.5386737538822,,,455.99426685622984,"rgba(38, 166, 154, 0.5)",6.821758676575712,449.42214564308915,4.241260315504764,58.92261729284762,3.2201242516737523,False,True,True,False,True,15.545086203299086,0.0,0.0,0.0,0.0,1,1.0029742282390515,0.9273145502761785,False,False,False,False,0.2956872724160335,0.3080667969559725,False,False,False,False,2578823.0,2041579.3138081604,False,False,False,False,51343.39781751056,False,False,False,False
2025-06-16 19:00:00+00:00,478.105,479.435,477.73,479.06,70836.0,,,,,,,,,,,,,,,,,,,,,,,,475.69327557538173,469.14692410079937,466.49280602542854,463.4576615322921,458.68340539831235,451.36118670808145,440.7381928701041,423.80757253496165,,,440.7381928701041,,,456.17262809317015,"rgba(38, 166, 154, 0.5)",6.828369809277073,449.58252806638956,4.316912053234454,58.9507076705257,3.2201242516737523,False,True,True,False,True,16.239396477202686,0.0,0.0,0.0,0.0,1,1.0039537310581006,0.9298469950174173,False,False,False,False,0.29706358319198667,0.3025651900739796,False,False,False,False,2649659.0,2051006.9058421424,False,False,False,False,51645.60870406078,False,False,False,False
2025-06-17 14:00:00+00:00,475.41,476.99,473.74,475.85,40778.0,,,,,,,,,,,,,,,,,,,,,,,,475.68884853891257,469.2153765011962,466.56834239032895,463.53132002640916,458.75950712352324,451.4460326862793,440.8424703800651,423.9241843849029,,,440.8424703800651,,,456.24701025395217,"rgba(38, 166, 154, 0.5)",6.751764248584412,449.61789263775506,3.88522264647271,53.925197666518535,3.2201242516737523,False,True,True,False,False,11.543791077976167,0.0,0.0,0.0,0.0,1,0.9875173168064161,0.9340867663142547,False,False,False,False,0.2215522093361512,0.2620586997050654,False,False,False,False,2608881.0,2059656.1166042797,False,False,False,False,51477.118646633484,False,False,False,False
2025-06-17 15:00:00+00:00,475.85,477.98,475.195,477.515,47863.0,,,,,,,,,,,,,,,,,,,,,,,,475.7253787790226,469.3109105965485,466.6687218984383,463.6263817329462,458.8551856541757,451.55048603219956,440.96887408555193,424.06400405358113,,,440.96887408555193,,,456.346242854058,"rgba(38, 166, 154, 0.5)",6.685609065490634,449.69790021583356,4.160742800196175,53.01015330448457,9.124783314286915,False,True,True,False,False,13.226445423515209,0.0,0.0,0.0,0.0,1,0.9914048910262966,0.934221104793089,False,False,False,False,0.2499074126253411,0.2559830561652032,False,False,False,False,2656744.0,2068913.293091035,False,False,False,False,51421.085799398854,False,False,False,False
2025-06-17 16:00:00+00:00,477.51,479.285,475.85,477.24,33704.0,,,,,,,,,,,,,,,,,,,,,,,,475.76151704725567,469.38164635358925,466.7420618192608,463.6953136947842,458.92403548724826,451.62514522450346,441.05873732700326,424.16306173396157,,,441.05873732700326,,,456.4189398359508,#000000,6.620769713832175,449.7637134881285,4.150013925792921,51.99723831825159,7.844319071671592,False,True,False,False,False,12.833913121765267,0.0,0.0,0.0,0.0,1,0.9827787848663819,0.9371820361382376,False,False,False,False,0.2729236835596428,0.264453369862423,False,False,False,False,2623040.0,2077504.4048260578,False,False,False,False,51146.40229863298,False,False,False,False
2025-06-17 17:00:00+00:00,477.22,477.875,475.52,476.27,39016.0,,,,,,,,,,,,,,,,,,,,,,,,475.7802204072443,469.45302351648024,466.81867281170173,463.76907534353643,458.9992492232411,451.7080322683707,441.159644543648,424.27533777432154,,,441.159644543648,,,456.495406986068,#000000,6.5313547371656595,449.8281101772527,4.04845409364826,49.89474130535358,5.5469570058418824,False,True,False,False,False,11.449542787430541,0.0,0.0,0.0,0.0,1,0.9805165382872676,0.9425289036350616,False,False,False,False,0.2524775660213702,0.2584654679418966,False,False,False,False,2584024.0,2085357.4218054987,False,False,False,False,50958.33404594099,False,False,False,False
2025-06-17 18:00:00+00:00,476.08,478.215,475.415,477.315,27622.0,,,,,,,,,,,,,,,,,,,,,,,,475.7999406031356,469.50568795686956,466.8745368398783,463.8225121635156,459.0533959079537,451.7673829779394,441.2315942294927,424.35518123785795,,,441.2315942294927,,,456.5512789895804,#000000,6.460785460434295,449.8787119291663,4.246587081223007,50.196176217642936,5.527733147464353,False,True,False,False,False,12.531890726280466,0.0,0.0,0.0,0.0,1,0.9800623144098414,0.94390240334684,False,False,False,False,0.255226570886155,0.25684601941402585,False,False,False,False,2611646.0,2093516.9346457233,False,False,False,False,50596.530417321745,False,False,False,False
2025-06-17 19:00:00+00:00,477.315,478.9,476.64,477.92,44186.0,,,,,,,,,,,,,,,,,,,,,,,,475.8516232409039,469.5976955944336,466.969942075646,463.91248917766234,459.1433564767229,451.8648843556197,441.3487756382045,424.48442902500193,,,441.3487756382045,,,456.6466494480244,#000000,6.3240204333504995,449.9720181628826,4.419337687419589,51.34401539722402,5.527733147464353,False,True,False,False,False,13.154150579546531,0.0,0.0,0.0,0.0,1,0.981387578040273,0.9435325497552541,False,False,False,False,0.27771422246621386,0.2672801209401199,False,False,False,False,2655832.0,2102234.9976744717,False,False,False,False,50497.14234883614,False,False,False,False
2025-06-18 14:00:00+00:00,477.255,480.035,476.715,479.45,46146.0,,,,,,,,,,,,,,,,,,,,,,,,475.9266175556374,469.70207033827074,467.0760589520331,464.01132127710326,459.2409410163825,451.9694905111259,441.47340106608635,424.6210446250062,,,441.47340106608635,,,456.7526181677057,"rgba(38, 166, 154, 0.5)",6.209809569695748,450.08120362477865,4.729419806775213,54.28949711725068,5.527733147464353,False,True,True,False,True,14.7040779311166,0.0,0.0,0.0,0.0,1,0.9820958399157449,0.939178515007899,False,False,False,False,0.29210200037284534,0.27969106065648264,False,False,False,False,2701978.0,2111533.338795798,False,False,False,False,50429.68277753635,False,False,False,False
2025-06-18 15:00:00+00:00,479.44,479.94,477.89,479.11,43523.0,,,,,,,,,,,,,,,,,,,,,,,,475.99976732925415,469.80097975525314,467.17648538085126,464.1048770103855,459.3332454741147,452.0683094953517,441.5909567221463,424.74985026740694,,,441.5909567221463,,,456.8530589293455,"rgba(38, 166, 154, 0.5)",6.130991774185314,450.185263110691,4.717790849287602,55.56970840061403,0.7764391350796203,False,True,True,False,True,14.197188356449402,0.0,0.0,0.0,0.0,1,0.986668622130967,0.9389308498936718,False,False,False,False,0.30504391509357615,0.2923674878750294,False,False,False,False,2658455.0,2120012.744395863,False,False,False,False,50322.60242439625,False,False,False,False
2025-06-18 16:00:00+00:00,479.09,480.165,478.325,479.32,17633.0,,,,,,,,,,,,,,,,,,,,,,,,476.0312030117133,469.8417015837478,467.2176795082703,464.14318081733387,459.370945015478,452.1085689271948,441.63874176380415,424.80213940598577,,,441.63874176380415,,,456.89427000419096,"rgba(38, 166, 154, 0.5)",6.059691096844944,450.22827847758015,4.800858832155129,56.745942801306015,2.112319172345117,False,False,True,False,True,14.412960416055267,0.0,0.0,0.0,0.0,1,0.9990095497146909,0.9370990154628508,False,False,False,False,0.3130016868594156,0.3026845873672225,False,False,False,False,2676088.0,2128634.0661881748,False,False,False,False,49815.78688293274,False,False,False,False
2025-06-18 17:00:00+00:00,479.11,480.215,478.03,479.51,26482.0,,,,,,,,,,,,,,,,,,,,,,,,476.07703431961306,469.90208794237435,467.2789287650412,464.20027570378454,459.4272447970577,452.1687682299932,441.7102452781415,424.88045496148345,,,441.7102452781415,,,456.95562999968615,"rgba(38, 166, 154, 0.5)",6.006819116711726,450.2920815172327,4.864124907886666,57.84364490044297,3.3877692141338542,False,False,True,False,True,14.610811742905707,0.0,0.0,0.0,0.0,1,0.9956474268177523,0.9364819405099153,False,False,False,False,0.31004323148275437,0.3063639094249884,False,False,False,False,2702570.0,2137532.297720141,False,False,False,False,49454.02274521285,False,False,False,False
2025-06-18 18:00:00+00:00,479.74,480.63,477.95,478.53,29459.0,,,,,,,,,,,,,,,,,,,,,,,,476.1231583584176,469.9668345912742,467.3451245440299,464.2623840397066,459.4888249266682,452.234892792074,441.7890144724317,424.96696671164744,,,441.7890144724317,,,457.0221500545312,"rgba(38, 166, 154, 0.5)",5.937992710708293,450.360506627204,4.743942060083104,56.219211076909474,3.3877692141338542,False,False,True,False,True,13.096674819627129,0.0,0.0,0.0,0.0,1,0.9939240580818853,0.9374163270710429,False,False,False,False,0.31408979807246,0.3102268537487242,False,False,False,False,2673111.0,2145835.8434919217,False,False,False,False,49144.02239257389,False,False,False,False
2025-06-18 19:00:00+00:00,478.24,481.0,478.07,480.195,61715.0,,,,,,,,,,,,,,,,,,,,,,,,476.23798342644267,470.11005381459336,467.4897865114588,464.3970714491448,459.6212812025477,452.37605503576594,441.95612034373505,425.14970699562247,,,441.95612034373505,,,457.16725734741385,"rgba(38, 166, 154, 0.5)",5.887209599960418,450.5125463788684,5.041854399294895,58.015969728991564,3.765933730360466,False,False,True,False,True,14.858414350587342,0.0,0.0,0.0,0.0,1,0.9923443995550089,0.9372035833479714,False,False,False,False,0.32002668860850775,0.315126771178616,False,False,False,False,2734826.0,2154967.47382538,False,False,False,False,49338.921270208404,False,False,False,False
2025-06-19 14:00:00+00:00,480.195,480.195,480.195,480.195,0.0,,,,,,,,,,,,,,,,,,,,,,,,476.23798342644267,470.11005381459336,467.4897865114588,464.3970714491448,459.6212812025477,452.37605503576594,441.95612034373505,425.14970699562247,,,441.95612034373505,,,457.16725734741385,"rgba(38, 166, 154, 1.0)",5.802255027607583,450.5125463788684,5.115675453750333,59.21380883037963,5.062815551495348,True,False,True,False,True,14.858414350587342,0.0,0.0,0.0,0.0,1,1.002575195714874,0.9369444934957916,False,False,False,False,0.33613045136854264,0.32562861127357934,False,False,False,False,2734826.0,2163957.528494754,False,False,False,False,48573.97675439122,False,False,False,False
2025-06-19 15:00:00+00:00,480.195,480.195,480.195,480.195,0.0,,,,,,,,,,,,,,,,,,,,,,,,476.23798342644267,470.11005381459336,467.4897865114588,464.3970714491448,459.6212812025477,452.37605503576594,441.95612034373505,425.14970699562247,,,441.95612034373505,,,457.16725734741385,"rgba(38, 166, 154, 1.0)",5.731220298339614,450.5125463788684,5.179080907033158,60.012368231305,6.010946084121521,True,False,True,False,True,14.858414350587342,0.0,0.0,0.0,0.0,1,1.0025559865067688,0.9408705214509684,False,False,False,False,0.33613045136854264,0.33087953132106096,False,False,False,False,2734826.0,2172808.2024715794,False,False,False,False,47820.891843470425,False,False,False,False
2025-06-19 16:00:00+00:00,480.195,480.195,480.195,480.195,0.0,,,,,,,,,,,,,,,,,,,,,,,,476.23798342644267,470.11005381459336,467.4897865114588,464.3970714491448,459.6212812025477,452.37605503576594,441.95612034373505,425.14970699562247,,,441.95612034373505,,,457.16725734741385,"rgba(38, 166, 154, 1.0)",5.66193604633473,450.5125463788684,5.2424565339883324,60.544741165255246,6.745864134852596,True,False,True,False,True,14.858414350587342,0.0,0.0,0.0,0.0,0,1.0048277309664457,0.9398782572191071,False,False,False,False,0.33613045136854264,0.3335049913448018,False,False,False,False,2734826.0,2181521.656696826,False,False,False,False,47079.482667602664,False,False,False,False
2025-06-19 17:00:00+00:00,480.195,480.195,480.195,480.195,0.0,,,,,,,,,,,,,,,,,,,,,,,,476.23798342644267,470.11005381459336,467.4897865114588,464.3970714491448,459.6212812025477,452.37605503576594,441.95612034373505,425.14970699562247,,,441.95612034373505,,,457.16725734741385,"rgba(38, 166, 154, 1.0)",5.577662937722074,450.5125463788684,5.321664997070248,60.89965645455541,7.346871851178577,True,False,True,False,True,14.858414350587342,0.0,0.0,0.0,0.0,0,1.0025919619041876,0.9407917539444538,False,False,False,False,0.33613045136854264,0.3348177213566722,False,False,False,False,2734826.0,2190100.018608503,False,False,False,False,46349.56820763983,False,False,False,False
2025-06-19 18:00:00+00:00,480.195,480.195,480.195,480.195,0.0,,,,,,,,,,,,,,,,,,,,,,,,476.23798342644267,470.11005381459336,467.4897865114588,464.3970714491448,459.6212812025477,452.37605503576594,441.95612034373505,425.14970699562247,,,441.95612034373505,,,457.16725734741385,"rgba(38, 166, 154, 1.0)",5.501764084003191,450.5125463788684,5.395079317820192,61.13626664742219,7.859431562190274,True,False,True,False,True,14.858414350587342,0.0,0.0,0.0,0.0,0,1.0021511566254107,0.9410704276559969,False,False,False,False,0.33613045136854264,0.33547408636260745,False,False,False,False,2734826.0,2198545.382661084,False,False,False,False,45630.97025093224,False,False,False,False
2025-06-19 19:00:00+00:00,480.195,480.195,480.195,480.195,0.0,,,,,,,,,,,,,,,,,,,,,,,,476.23798342644267,470.11005381459336,467.4897865114588,464.3970714491448,459.6212812025477,452.37605503576594,441.95612034373505,425.14970699562247,,,441.95612034373505,,,457.16725734741385,"rgba(38, 166, 154, 1.0)",5.415813073143726,450.5125463788684,5.480701276106221,61.29400677600004,8.309078772932367,True,False,True,False,True,14.858414350587342,0.0,0.0,0.0,0.0,1,1.015385327613345,0.940063578284621,False,False,False,False,0.33613045136854264,0.33580226886557507,False,False,False,False,2734826.0,2206859.810836881,False,False,False,False,44923.51334781701,False,False,False,False
2025-06-20 14:00:00+00:00,480.665,481.4,478.76,479.96,61339.0,,,,,,,,,,,,,,,,,,,,,,,,476.3538165352434,470.2523923601497,467.63352769382044,464.5310791579244,459.75306534013134,452.5163751787656,442.12199820694025,425.33107169072935,,,442.12199820694025,,,457.31166577046304,"rgba(38, 166, 154, 1.0)",5.309980495713324,450.66384057564045,5.517187765192344,60.252607486899805,8.309078772932367,True,False,True,False,True,14.444555045815616,0.0,0.0,0.0,0.0,1,1.0083792859123253,0.9266812482671515,False,False,False,False,0.3333125874354746,0.3345574281505248,False,False,False,False,2673487.0,2214094.340901425,False,False,False,False,45178.0170168431,False,False,False,False
2025-06-20 15:00:00+00:00,479.69,481.85,478.95,480.125,36482.0,,,,,,,,,,,,,,,,,,,,,,,,476.42419747578566,470.3373991131229,467.71928378742336,464.61105851879734,459.83166774541434,452.59996603814136,442.22066558228823,425.4388992140008,,,442.22066558228823,,,457.39789218437176,"rgba(38, 166, 154, 1.0)",5.217325000625611,450.75424755466577,5.629465759141395,60.14727350006696,8.309078772932367,True,False,True,False,True,14.643717039604162,0.0,0.0,0.0,0.0,1,1.0112357821181757,0.9249665235258807,False,False,False,False,0.34116642381053885,0.33786192598053183,False,False,False,False,2709969.0,2221782.3201122554,False,False,False,False,45043.19504758972,False,False,False,False
2025-06-20 16:00:00+00:00,480.025,481.245,478.655,480.14,65785.0,,,,,,,,,,,,,,,,,,,,,,,,476.53580178413387,470.48267774054517,467.86746747619185,464.75057571966386,459.9698758692028,452.7478432288858,442.3959335732149,425.6312308648933,,,442.3959335732149,,,457.54767578209146,"rgba(38, 166, 154, 1.0)",5.102821567127019,450.9095362889005,5.7282943027844855,60.134490393933135,8.309078772932367,True,False,True,False,True,14.662125798515213,0.0,0.0,0.0,0.0,1,1.0084270102093462,0.9441065649380093,False,False,False,False,0.3301333097777642,0.333997617879148,False,False,False,False,2775754.0,2230371.0283275694,False,False,False,False,45364.77341894491,False,False,False,False
2025-06-20 17:00:00+00:00,480.18,481.34,478.12,478.55,51804.0,,,,,,,,,,,,,,,,,,,,,,,,476.60274604924905,470.5861394044619,467.9753055746531,464.8538830985319,460.07375657198696,452.86031237714695,442.53035045845166,425.7798629547063,,,442.53035045845166,,,457.6577945611485,#000000,5.005348992880627,451.0217089290406,5.499774563195168,53.333197749632575,6.066994278291098,False,True,False,False,False,11.798641910686769,0.0,0.0,0.0,0.0,1,1.01098215399975,0.9353394483963562,False,False,False,False,0.32476759481735495,0.32938260634825145,False,False,False,False,2723950.0,2238023.4154852815,False,False,False,False,45464.606389193825,False,False,False,False
2025-06-20 18:00:00+00:00,478.47,479.655,476.735,477.56,40291.0,,,,,,,,,,,,,,,,,,,,,,,,476.62794199574876,470.652762229837,468.04796099587537,464.9258110930466,460.1481610848444,452.942692885996,442.63040078584214,425.8919885237969,,,442.63040078584214,,,457.7334649493734,"rgba(239, 83, 80, 1.0)",4.886568815926288,451.09636055888114,5.415587181514493,46.25752065817896,-0.13580551294268162,False,True,False,True,False,10.072459465746633,0.0,0.0,0.0,0.0,1,1.0080879822283408,0.943165107474735,False,False,False,False,0.2878092842202074,0.3085959452842294,False,False,False,False,2683659.0,2244932.494314967,False,False,False,False,45384.39543742337,False,False,False,False
2025-06-20 19:00:00+00:00,477.53,478.475,476.66,477.08,69675.0,,,,,,,,,,,,,,,,,,,,,,,,476.6517155832364,470.7563147673613,468.16397452074705,465.0429258670546,460.27125460592663,453.0806243172872,442.7992824589178,426.082614049578,,,442.7992824589178,,,457.8560882712636,"rgba(239, 83, 80, 1.0)",4.740105254085625,451.2163236645855,5.456350639708238,40.526317500182444,-4.87951383615399,False,True,False,True,False,9.243581576061793,0.0,0.0,0.0,0.0,0,1.0098708588908687,0.9460571752944702,False,False,False,False,0.2729236835596428,0.2907598144219361,False,False,False,False,2613984.0,2250654.2230852777,False,False,False,False,45760.9939577734,False,False,False,False
2025-06-23 14:00:00+00:00,475.415,477.975,475.28,476.91,104297.0,,,,,,,,,,,,,,,,,,,,,,,476.72166666666664,476.654778838701,470.89018582997375,468.31990653891,465.2047180718256,460.44504788630525,453.27849300453715,443.04410750020276,426.36157631078663,,,443.04410750020276,,,460.10227562754545,"rgba(239, 83, 80, 1.0)",4.599259781805194,454.3875946772273,4.896963074769557,36.35305880589599,-8.187216713295804,False,True,False,True,False,8.947989034367481,0.0,0.0,0.0,0.0,0,0.9997005704920097,0.9477731900274214,False,False,False,False,0.2508416379786617,0.27080072620029894,False,False,False,False,2509687.0,2254670.235130467,False,False,False,False,46668.52893517226,False,False,False,False
2025-06-23 15:00:00+00:00,476.905,481.68,476.86,480.065,74003.0,,,,,,,,,,,,,,,,,,,,,,,477.8893341185268,476.74157553851654,471.0256807367061,468.4630528478784,465.3442089117917,460.5870828245568,453.4335007552574,443.23002195421856,426.5686084542963,,,443.23002195421856,,,460.3647851268609,"rgba(239, 83, 80, 0.75)",4.469084007361572,454.59128756790733,5.699985140161119,43.93035735854558,-12.622663721267827,False,True,False,True,True,13.063534768328221,0.0,0.0,0.0,0.0,0,1.009468535208166,0.9366929332012144,False,False,False,False,0.31360610430893265,0.2922034152546158,False,False,False,False,2583690.0,2259771.3167563514,False,False,False,False,47092.31918423936,False,False,False,False
2025-06-23 16:00:00+00:00,480.01,481.785,478.88,480.985,52456.0,,,,,,,,,,,,,,,,,,,,,,,478.4941629831221,476.82122617703885,471.13033301857155,468.5714276115793,465.4484069548098,460.6918139493578,453.5465017688167,443.3643140069793,426.7171801665296,,,443.3643140069793,,,460.5317074040895,"rgba(38, 166, 154, 0.5)",4.330159301523045,454.73230408438087,6.062755221588567,50.673690454755246,-6.991252914849923,False,True,True,False,True,14.190919661915583,0.0,0.0,0.0,0.0,0,1.0290015847860534,0.9247385103011093,False,False,False,False,0.3395064082118469,0.3158549117332313,False,False,False,False,2636146.0,2265606.5831632297,False,False,False,False,47175.477026344175,False,False,False,False
2025-06-23 17:00:00+00:00,480.91,487.54,480.6,486.78,84531.0,,,,,,,,,,,,,,,,,,,,,,,480.2312810656111,477.087016386209,471.37118111818546,468.805040364027,465.6616580787105,460.8953738723356,453.75613660578506,443.6042007146802,426.9744167718409,,,443.6042007146802,,,460.9318116641538,"rgba(38, 166, 154, 1.0)",4.406266235161573,455.0586280119627,7.199150095585199,60.75797932333827,1.679574536192284,True,False,True,False,True,20.0,0.0,0.0,0.0,0.0,0,1.0360637713029135,0.9075316107751511,False,False,False,False,0.34282825221563856,0.32934158197443497,False,False,False,False,2720677.0,2272661.9384630243,False,False,False,False,47754.63242128458,False,False,False,False
2025-06-23 18:00:00+00:00,486.91,487.86,485.8,486.09,57206.0,,,,,,,,,,,,,,,,,,,,,,,481.20680410101664,477.29202474029574,471.5482105797429,468.9747676984509,465.8151642043727,461.04028930780174,453.903661772919,443.7712369807382,427.1520122588377,,,443.7712369807382,,,461.1893524049084,"rgba(38, 166, 154, 1.0)",4.47671294408894,455.2801710323686,6.8822435908723385,65.8901215518336,5.7570234260977955,True,False,True,False,True,19.35929409220534,0.0,0.0,0.0,0.0,0,1.0491100285358428,0.9069037821816518,False,False,False,False,0.34282825238229586,0.3360849171783654,False,False,False,False,2663471.0,2278720.9936806518,False,False,False,False,47901.16525196233,False,False,False,False
2025-06-23 19:00:00+00:00,486.01,488.46,485.0,485.96,71639.0,,,,,,,,,,,,,,,,,,,,,,,482.0563012948102,477.5337063954253,471.7625969796143,469.1815011131723,466.0032503429979,461.21870536896245,454.08593225833573,443.9780613331564,427.37251911349597,,,443.9780613331564,,,461.4658415777746,"rgba(38, 166, 154, 1.0)",4.495776729931652,455.5317328571351,6.768189118530236,68.99818567307143,8.284601323543797,True,False,True,False,True,19.13189067168048,0.0,0.0,0.0,0.0,0,1.0437152444115374,0.9078277855668804,False,False,False,False,0.34079651469620986,0.33844071593728764,False,False,False,False,2591832.0,2283575.4278871533,False,False,False,False,48269.193697668336,False,False,False,False
2025-06-24 14:00:00+00:00,487.66,491.12,486.98,489.0,58822.0,,,,,,,,,,,,,,,,,,,,,,,482.8722864118786,477.7769976016079,471.9639175942338,469.37222561177424,466.17414013918506,461.378001325753,454.24578389217686,444.1565310982203,427.5601426455571,,,444.1565310982203,,,461.7222251467096,"rgba(38, 166, 154, 1.0)",4.626918801382186,455.76397915812385,7.183186536999018,73.09558588343353,12.029293703624006,True,False,True,False,True,20.0,0.0,0.0,0.0,0.0,0,1.0463642480479443,0.8963963259110894,False,False,False,False,0.342828252499074,0.3406344842181808,False,False,False,False,2650654.0,2289266.5685400655,False,False,False,False,48432.803097704484,False,False,False,False
2025-06-24 15:00:00+00:00,489.04,491.49,489.04,491.19,164602.0,,,,,,,,,,,,,,,,,,,,,,,484.77116489602867,478.49222595933287,472.5517659058463,469.9272833743213,466.6704649323573,461.8385074271023,454.704886842379,444.66539558294517,428.09215605294844,,,444.66539558294517,,,462.41265010814016,"rgba(38, 166, 154, 1.0)",4.857842572526275,456.40918472080295,7.15972466376357,76.86086780885772,15.634966112317755,True,False,True,False,True,20.0,0.0,0.0,0.0,0.0,0,1.0560835755243103,0.8938025292592882,False,False,False,False,0.3428282525574794,0.34173136838783014,False,False,False,False,2815256.0,2297421.443446421,False,False,False,False,50233.87591789511,False,False,False,False
2025-06-24 16:00:00+00:00,491.13,492.08,489.215,490.3,105870.0,,,,,,,,,,,,,,,,,,,,,,,485.55968806755055,478.9100221646272,472.9097982776618,470.26849580132176,466.9786242641192,462.1266811306355,454.99375765121806,444.98654460155336,428.42939397570035,,,444.98654460155336,,,462.79588954826534,"rgba(38, 166, 154, 1.0)",4.992839933704335,456.78328802755004,6.712955435681859,77.38954582636286,16.457662305226506,True,False,True,False,True,20.0,0.0,0.0,0.0,0.0,0,1.054882605717132,0.8824811608644203,False,False,False,False,0.3428282525751364,0.34227981048148326,False,False,False,False,2709386.0,2303808.4908348485,False,False,False,False,51096.45148505952,False,False,False,False
2025-06-24 17:00:00+00:00,490.26,492.23,488.615,491.64,68810.0,,,,,,,,,,,,,,,,,,,,,,,485.9901321244877,479.17290667625747,473.13874341049564,470.487430246541,467.1771489646326,462.31281946631714,455.1805705274013,445.1942182742786,428.64767244193206,,,445.1942182742786,,,463.03351579248255,"rgba(38, 166, 154, 1.0)",5.2224304229459575,457.01842706205633,6.6293986006641195,78.50781220610142,18.089549020094964,True,False,True,False,True,20.0,0.0,0.0,0.0,0.0,0,1.0524241351172419,0.8833274314483223,False,False,False,False,0.3386932997094177,0.34048655509545045,False,False,False,False,2778196.0,2311163.335938184,False,False,False,False,51371.08014420589,False,False,False,False
2025-06-24 18:00:00+00:00,491.62,492.29,490.355,490.425,65086.0,,,,,,,,,,,,,,,,,,,,,,,486.3511846878323,479.4150946822984,473.35230675751524,470.69221224060055,467.3634350264224,462.48786456877025,455.35644620029836,445.38976042413714,428.8533800011366,,,445.38976042413714,,,463.25129828766785,"rgba(38, 166, 154, 1.0)",5.379247396201295,457.23564680470116,6.169887858055466,76.61381396191629,18.089549020094964,True,False,True,False,True,20.0,0.0,0.0,0.0,0.0,0,1.0574397747099693,0.8838348281245214,False,False,False,False,0.34282825260549066,0.34165740385047055,False,False,False,False,2713110.0,2317395.067163949,False,False,False,False,51583.71456057479,False,False,False,False
2025-06-24 19:00:00+00:00,490.425,491.535,489.395,490.1,92456.0,,,,,,,,,,,,,,,,,,,,,,,486.72036474097257,479.7234047864832,473.6357132798125,470.9666880465124,467.6156461436268,462.72704291472223,455.5986274145521,445.6605839083624,429.1400993359411,,,445.6605839083624,,,463.53201895233167,"rgba(38, 166, 154, 1.0)",5.487612852580673,457.52089316874014,5.936844982775857,74.6552837564805,18.089549020094964,True,False,True,False,True,20.0,0.0,0.0,0.0,0.0,0,1.0541465194781494,0.8868868412249488,False,False,False,False,0.3273861872776419,0.33452179556405626,False,False,False,False,2620654.0,2322096.7560451278,False,False,False,False,52217.39340459688,False,False,False,False
2025-06-25 14:00:00+00:00,493.47,494.525,490.89,492.94,65661.0,,,,,,,,,,,,,,,,,,,,,,,487.0941167959874,479.9799658347343,473.8598953645087,471.1809887145812,467.8103114674342,462.90922387026677,455.7805395270666,445.8613481221809,429.3501640129527,,,445.8613481221809,,,463.7585059677459,"rgba(38, 166, 154, 1.0)",5.699065296365793,457.746227643976,6.175358681794106,75.49399687929501,18.089549020094964,True,False,True,False,True,20.0,0.0,0.0,0.0,0.0,0,1.0555430526173648,0.8770461058348711,False,False,False,False,0.34282825266474054,0.3386750241143984,False,False,False,False,2686315.0,2327743.550525048,False,False,False,False,52425.821413827936,False,False,False,False
2025-06-25 15:00:00+00:00,492.93,493.245,491.285,491.71,52161.0,,,,,,,,,,,,,,,,,,,,,,,487.32681960003583,480.1658725841666,474.0277824448465,471.3427933834607,467.9585151463569,463.0490034966264,455.9210575198605,446.01724186199743,429.51420968185954,,,446.01724186199743,,,463.9248106354678,"rgba(38, 166, 154, 0.75)",5.851689869115834,457.91394496689816,5.775435094650405,73.56424338647616,18.089549020094964,True,False,True,False,False,20.0,0.0,0.0,0.0,0.0,0,1.0563966409617707,0.8815834613606192,False,False,False,False,0.3336316416461254,0.33615333288026195,False,False,False,False,2634154.0,2332494.1001293105,False,False,False,False,52421.715655474014,False,False,False,False
2025-06-25 16:00:00+00:00,491.82,492.0,490.24,490.73,43445.0,,,,,,,,,,,,,,,,,,,,,,,487.46389169670425,480.3026369686788,474.156970566946,471.46867678032845,468.0750638175727,463.1600747884269,456.0337643714962,446.1432319690568,429.6478211411595,,,446.1432319690568,,,464.05023690004106,"rgba(38, 166, 154, 0.75)",5.942283088703768,458.0425715177419,5.50081980180255,70.42349981633075,18.089549020094964,True,False,True,False,False,20.0,0.0,0.0,0.0,0.0,0,1.0544039477892682,0.8893339628676299,False,False,False,False,0.3100810550106657,0.3231171939454638,False,False,False,False,2590709.0,2336497.4319102513,False,False,False,False,52282.541769342635,False,False,False,False
2025-06-25 17:00:00+00:00,490.73,491.0,488.95,490.625,37612.0,,,,,,,,,,,,,,,,,,,,,,,487.5494850500741,480.4096398797519,474.262005345579,471.57195936948847,468.17153374469575,463.2527846911446,456.1285404593711,446.2498061463591,429.7615262076018,,,446.2498061463591,,,464.15080898822947,"rgba(38, 166, 154, 0.75)",6.0139113930312975,458.1470586586812,5.400468882689735,68.12596437777725,18.089549020094964,True,False,True,False,False,19.934220435948756,0.0,0.0,0.0,0.0,0,1.0503337844619147,0.8908167454874467,False,False,False,False,0.28685921974264217,0.304988206844053,False,False,False,False,2553097.0,2339855.564748852,False,False,False,False,52055.091509352824,False,False,False,False
2025-06-25 18:00:00+00:00,490.59,491.39,488.665,490.715,34288.0,,,,,,,,,,,,,,,,,,,,,,,487.6247713307028,480.50582321271577,474.356951517907,471.66545157726614,468.25900508352663,463.3369514669095,456.21464749226755,446.3466564025191,429.8649220595529,,,446.3466564025191,,,464.2416866825963,"rgba(38, 166, 154, 0.75)",6.084342164652222,458.2415436321782,5.337217317671669,66.70494185107108,23.757752605078466,True,False,True,False,False,20.0,0.0,0.0,0.0,0.0,0,1.0457071051157436,0.8928858003663833,False,False,False,False,0.2879172404454048,0.29645272364472885,False,False,False,False,2587385.0,2343693.2304116604,False,False,False,False,51779.63272626208,False,False,False,False
2025-06-25 19:00:00+00:00,490.705,492.435,489.275,492.37,97728.0,,,,,,,,,,,,,,,,,,,,,,,487.8990959975392,480.7998201953185,474.63984283994427,471.9423765043313,468.5168735030538,463.5837062857582,456.46558120176627,446.627253264823,430.1630408337552,,,446.627253264823,,,464.51528784736547,"rgba(38, 166, 154, 0.75)",6.2102832166189375,458.52296866896694,5.4501590588424715,67.6666526679091,23.757752605078466,True,False,True,False,False,20.0,0.0,0.0,0.0,0.0,0,1.0466382825076348,0.8904150807143177,False,False,False,False,0.30467851233333293,0.3005656179890309,False,False,False,False,2685113.0,2348986.56017272,False,False,False,False,52492.010513451816,False,False,False,False
2025-06-26 14:00:00+00:00,495.99,496.96,493.03,493.49,67842.0,,,,,,,,,,,,,,,,,,,,,,,488.2189826268102,481.0525464199748,474.86652747813207,472.1603692401762,468.7166179350676,463.7714982690125,456.65313425870204,446.83349366622167,430.3788078393595,,,446.83349366622167,,,464.73910863705066,"rgba(38, 166, 154, 0.75)",6.363961269211508,458.7473642849911,5.459278308793594,69.39918444645986,23.757752605078466,True,False,True,False,False,20.0,0.0,0.0,0.0,0.0,0,1.0533896791857627,0.8812124278316764,False,False,False,False,0.34282825245688886,0.3216969352229599,False,False,False,False,2752955.0,2355249.6367591894,False,False,False,False,52729.99484657659,False,False,False,False
2025-06-26 15:00:00+00:00,493.53,495.34,492.84,494.24,44527.0,,,,,,,,,,,,,,,,,,,,,,,488.40168357423653,481.2091805031309,475.0098873284463,472.2989412539561,468.8442813723177,463.89211376513583,456.77408926756596,446.96689652129635,430.51886190974267,,,446.96689652129635,,,464.87954838842535,"rgba(38, 166, 154, 1.0)",6.534422707256172,458.8890942379409,5.409950862652878,71.23283439575145,23.757752605078466,True,False,True,False,True,20.0,0.0,0.0,0.0,0.0,1,1.0522082393446512,0.8888460168586011,False,False,False,False,0.32520502727650225,0.32345098124973104,False,False,False,False,2797482.0,2362105.9524683496,False,False,False,False,52602.81663190099,False,False,False,False
2025-06-26 16:00:00+00:00,494.17,495.64,493.245,495.535,64196.0,,,,,,,,,,,,,,,,,,,,,,,488.6744834204464,481.43982570724637,475.2199331838683,472.5016822579268,469.0308890542716,464.06812787879795,456.950193345434,447.1606081804306,430.7218073390852,,,447.1606081804306,,,465.0852833741675,"rgba(38, 166, 154, 1.0)",6.715888929777274,459.09626079110586,5.425750721893285,73.51950266477061,23.757752605078466,True,False,True,False,True,20.0,0.0,0.0,0.0,0.0,0,1.0533690805942733,0.888581120113759,False,False,False,False,0.33204559640901943,0.32774828882937523,False,False,False,False,2861678.0,2369851.2555308556,False,False,False,False,52782.55590892578,False,False,False,False
2025-06-26 17:00:00+00:00,495.565,496.775,495.27,496.42,66999.0,,,,,,,,,,,,,,,,,,,,,,,488.99285170318495,481.6957965648029,475.4492160514141,472.7219742481603,469.23284428747206,464.2576671670413,457.1387403511728,447.36678600304674,430.93667974170774,,,447.36678600304674,,,465.3102840131114,"rgba(38, 166, 154, 1.0)",6.836207484106475,459.3214519167235,5.426773275902914,75.69446313759042,20.053486089173603,True,False,True,False,True,20.0,0.0,0.0,0.0,0.0,0,1.0620628334321278,0.8822021339656192,False,False,False,False,0.3428282525086938,0.33528827066903455,False,False,False,False,2928677.0,2378515.220561385,False,False,False,False,53002.965894833906,False,False,False,False
2025-06-26 18:00:00+00:00,496.395,498.03,496.385,497.285,84034.0,,,,,,,,,,,,,,,,,,,,,,,489.41044366089744,482.02755388603117,475.74440408301695,473.0049941663485,469.49191302417853,464.5001864840834,457.3791439800758,447.62860752732837,431.2086214112215,,,447.62860752732837,,,465.59954091368684,"rgba(38, 166, 154, 1.0)",6.950178346923298,459.6101588054204,5.420701356715187,77.73787831241225,22.209217649827437,True,False,True,False,True,20.0,0.0,0.0,0.0,0.0,0,1.0666390360875098,0.8760768524823113,False,False,False,False,0.3428282525651374,0.33905826161708597,False,False,False,False,3012711.0,2388347.71326586,False,False,False,False,53484.06719878997,False,False,False,False
2025-06-26 19:00:00+00:00,497.29,498.74,496.55,497.18,194655.0,,,,,,,,,,,,,,,,,,,,,,,490.2592233958615,482.7562751283782,476.40619129826274,473.6428129347023,470.07937380099804,465.05278141094556,457.9286055571089,448.227737339533,431.83247003299584,,,448.227737339533,,,466.24283009986516,"rgba(38, 166, 154, 1.0)",7.066453464613971,460.2557293900285,5.225290281026232,78.77186039466625,23.432830437291926,True,False,True,False,True,20.0,0.0,0.0,0.0,0.0,0,1.0689975795501503,0.872114646673357,False,False,False,False,0.3428282525851409,0.3409432571011134,False,False,False,False,2818056.0,2395009.857246234,False,False,False,False,55672.763831366865,False,False,False,False
2025-06-27 14:00:00+00:00,497.1,498.72,495.985,496.89,82129.0,,,,,,,,,,,,,,,,,,,,,,,490.55373810477397,483.03784897266087,476.6697857436992,473.89889170009945,470.31734626102474,465.27837168149114,458.1542690924342,448.4747542476502,432.0910223400299,,,448.4747542476502,,,466.4973364604292,"rgba(38, 166, 154, 1.0)",7.127866369536469,460.51316436978357,5.103467678025792,78.4897325815858,23.457414692533106,True,False,True,False,True,20.0,0.0,0.0,0.0,0.0,0,1.0675596114218429,0.8739181630850746,False,False,False,False,0.33748415291264744,0.3392137050068804,False,False,False,False,2735927.0,2400295.3943431918,False,False,False,False,56082.93803553172,False,False,False,False
2025-06-27 15:00:00+00:00,496.85,499.305,495.605,499.08,49612.0,,,,,,,,,,,,,,,,,,,,,,,490.73979378656475,483.2119757923108,476.8318701811567,474.0561107958647,470.46329597863416,465.41648741297854,458.29209605990667,448.6251922607567,432.2481214641865,,,448.6251922607567,,,466.65388263692887,"rgba(38, 166, 154, 1.0)",7.26253481609154,460.67112287725024,5.288632425919323,80.02688675882342,25.238441891334915,True,False,True,False,True,20.0,0.0,0.0,0.0,0.0,0,1.0658682634730539,0.8732998550576107,False,False,False,False,0.3393547440889156,0.339284224547898,False,False,False,False,2785539.0,2406268.163423142,False,False,False,False,55982.6134148258,False,False,False,False
2025-06-27 16:00:00+00:00,499.08,499.47,497.65,497.98,74279.0,,,,,,,,,,,,,,,,,,,,,,,491.01494257174954,483.47156767351726,477.0741516784084,474.29128025978105,470.68185499273454,465.6234316718342,458.49858338862,448.8504021044111,432.48325066931363,,,448.8504021044111,,,466.8877183344855,"rgba(38, 166, 154, 0.75)",7.3667628685976325,460.90709526436984,5.0324552855720635,77.8110046325316,25.238441891334915,True,False,True,False,False,20.0,0.0,0.0,0.0,0.0,0,1.0729832605852179,0.8751083873432972,False,False,False,False,0.3428282526256093,0.3410562385867536,False,False,False,False,2711260.0,2410996.7190289847,False,False,False,False,56266.27832312307,False,False,False,False
2025-06-27 17:00:00+00:00,497.75,498.29,496.675,497.22,55244.0,,,,,,,,,,,,,,,,,,,,,,,491.18165412206724,483.6467182279417,477.2427765050945,474.45631434044725,470.83657038206735,465.7711483163251,458.6470716371776,449.0133199761389,432.6544801490261,,,449.0133199761389,,,467.0500059618095,"rgba(38, 166, 154, 0.75)",7.502821359417927,461.07221969096446,4.817891640677412,74.2949538503876,29.041820695996662,True,False,True,False,False,20.0,0.0,0.0,0.0,0.0,0,1.0736313544258798,0.8780661215783857,False,False,False,False,0.3236629310691926,0.3323595848279731,False,False,False,False,2656016.0,2414795.4675711705,False,False,False,False,56250.42904679558,False,False,False,False
2025-06-27 18:00:00+00:00,497.21,497.21,494.47,494.86,54178.0,,,,,,,,,,,,,,,,,,,,,,,491.28988377510956,483.79133041211577,477.39026200820786,474.602799859938,470.9759421253309,465.9061458352274,458.78457918614856,449.1658627746126,432.81667515163315,,,449.1658627746126,,,467.191497903147,"rgba(38, 166, 154, 0.75)",7.5524153901392115,461.2183579359524,4.4544215759069266,66.89456611565228,22.24564524906539,True,False,True,False,False,19.771331633396745,0.0,0.0,0.0,0.0,0,1.0685871668899805,0.8800208426380821,False,False,False,False,0.2948791165482439,0.31361935068810853,False,False,False,False,2601838.0,2417695.3517948734,False,False,False,False,56218.29836389952,False,False,False,False
2025-06-27 19:00:00+00:00,494.95,496.675,493.94,495.84,103389.0,,,,,,,,,,,,,,,,,,,,,,,491.48080598702535,484.0570943447601,477.6647744999167,474.8763884031615,471.2372838473482,466.1601495613376,459.0439610197618,449.4540270588051,433.1237450377684,,,449.4540270588051,,,467.45535886220944,"rgba(38, 166, 154, 0.5)",7.627206245874262,461.49147499714417,4.503421553787895,63.48299055508896,19.347879943416473,False,False,True,False,False,20.0,0.0,0.0,0.0,0.0,0,1.0589273530894956,0.8810328972738865,False,False,False,False,0.28565048085969025,0.2996349157738994,False,False,False,False,2705227.0,2422153.2068058057,False,False,False,False,56949.627071435956,False,False,False,False
2025-06-30 14:00:00+00:00,496.87,497.225,493.96,496.59,97641.0,,,,,,,,,,,,,,,,,,,,,,,491.66394767433195,484.3064701330391,477.9227008256881,475.13364254871925,471.4834165683715,466.39959823799416,459.2884956800325,449.72546787480104,433.4130196255513,,,449.72546787480104,,,467.70408435205877,"rgba(38, 166, 154, 0.5)",7.679543144021457,461.74867458822155,4.5369007971395385,62.30421181762385,18.381222067309977,False,False,True,False,False,20.0,0.0,0.0,0.0,0.0,0,1.060861740887702,0.8776717360199426,False,False,False,False,0.29058376533937696,0.2951093405566382,False,False,False,False,2802868.0,2428055.761739049,False,False,False,False,57580.50107032842,False,False,False,False
2025-06-30 15:00:00+00:00,496.66,499.325,494.72,498.48,81737.0,,,,,,,,,,,,,,,,,,,,,,,491.85883802129763,484.5346771841314,478.15158117084025,475.3602434743903,471.6988210379784,466.60769373396187,459.49945987385803,449.9579736093566,433.6592169491897,,,449.9579736093566,,,467.925389450556,"rgba(38, 166, 154, 0.5)",7.744243919962605,461.97551236399806,4.713757471133247,63.88089937350726,18.381222067309977,False,False,True,False,False,20.0,0.0,0.0,0.0,0.0,1,1.061940418797532,0.8758407455709739,False,False,False,False,0.31555119076695176,0.305330265661795,False,False,False,False,2884605.0,2435134.0445027845,False,False,False,False,57955.02043357914,False,False,False,False
2025-06-30 16:00:00+00:00,498.66,499.195,496.035,498.1,57989.0,,,,,,,,,,,,,,,,,,,,,,,491.99560645733993,484.6951052476356,478.3129514556813,475.52015825142433,471.85105839720393,466.75491601969503,459.64877014514747,450.1224825263252,433.83346917141193,,,450.1224825263252,,,468.0816130746516,"rgba(38, 166, 154, 0.5)",7.793931346748156,462.13565427631846,4.614403710226019,64.07208539732525,18.381222067309977,False,False,True,False,False,20.0,0.0,0.0,0.0,0.0,1,1.0630775294512647,0.8777133848152631,False,False,False,False,0.3260070793904099,0.3156686725261024,False,False,False,False,2826616.0,2441203.532184912,False,False,False,False,57955.54724856241,False,False,False,False
2025-06-30 17:00:00+00:00,498.1,498.825,495.285,497.58,29189.0,,,,,,,,,,,,,,,,,,,,,,,492.0557986846644,484.7710820524173,478.3909246253345,475.5978358599747,471.9254154794284,466.8271993665446,459.72241495509894,450.2039162232404,433.9200750717624,,,450.2039162232404,,,468.1571847020518,"rgba(38, 166, 154, 0.5)",7.885121259642415,462.2134818702484,4.485221845701257,62.997835056547416,18.381222067309977,False,False,True,False,False,20.0,0.0,0.0,0.0,0.0,1,1.0604922336151756,0.8779568099084852,False,False,False,False,0.3161229736213772,0.3158958230737398,False,False,False,False,2797427.0,2446726.3766471613,False,False,False,False,57509.554267964544,False,False,False,False
2025-06-30 18:00:00+00:00,497.695,499.06,495.84,498.78,44360.0,,,,,,,,,,,,,,,,,,,,,,,492.1560641991198,484.8908550151913,478.51233068735013,475.7184153746394,472.04052965366816,466.93878035375434,459.83575532470667,450.32887558671706,434.0526166271287,,,450.32887558671706,,,468.27491364691946,"rgba(38, 166, 154, 0.5)",8.007702275854422,462.3343116262352,4.551329097693759,63.936409800828656,18.381222067309977,False,False,True,False,False,20.0,0.0,0.0,0.0,0.0,1,1.070085644075436,0.877306501097814,False,False,False,False,0.32308847684277453,0.31949214995825714,False,False,False,False,2841787.0,2452851.3475518567,False,False,False,False,57305.685209546486,False,False,False,False
2025-06-30 19:00:00+00:00,498.75,500.44,496.315,497.5,86125.0,,,,,,,,,,,,,,,,,,,,,,,492.3473973745234,485.1205971528731,478.74606494551244,475.95082674260874,472.2627701071392,467.1544693834134,460.0549934667687,450.57059403160827,434.30915216142677,,,450.57059403160827,,,468.50187392954155,"rgba(38, 166, 154, 0.5)",8.101063424241834,466.22192809473853,3.860983461956877,61.66494418892061,16.87123977638288,False,True,True,False,False,20.0,0.0,0.0,0.0,0.0,1,1.0684398032626095,0.8687600063463671,False,False,False,False,0.33947057152941923,0.32948136074383816,False,False,False,False,2755662.0,2457546.086349502,False,False,False,False,57752.49629156902,False,False,False,False
2025-07-01 14:00:00+00:00,497.45,498.06,495.27,495.395,85569.0,,,,,,,,,,,,,,,,,,,,,,,492.468379338459,485.3097200575229,478.9512123090702,476.1581673195816,472.4643548042604,467.3532316550594,460.25990335375485,450.79911740428906,434.5546957113684,,,450.79911740428906,,,468.70208688370735,"rgba(38, 166, 154, 0.5)",8.155024027670121,466.3727501415307,3.558818436340147,56.41191247420817,11.821630966893217,False,True,True,False,False,16.982758464384442,0.0,0.0,0.0,0.0,1,1.063425525785076,0.880610774992797,False,False,False,False,0.3073035785097297,0.3183924696267839,False,False,False,False,2670093.0,2460841.3873363314,False,False,False,False,58183.75991495554,False,False,False,False
2025-07-01 15:00:00+00:00,495.35,495.535,490.805,491.84,92242.0,,,,,,,,,,,,,,,,,,,,,,,492.4767489247733,485.44323983198,479.1231614999046,476.33868592802116,472.64632975712567,467.5387710831278,460.45688354565794,451.02405647990616,434.80225754104714,,,451.02405647990616,,,468.8722371768382,"rgba(239, 83, 80, 1.0)",8.160955714323919,466.46649252795396,3.1091343171377623,48.75234084363696,4.841818419014295,False,True,False,True,False,11.391272747926624,0.0,0.0,0.0,0.0,0,1.045662950969997,0.8945897928188664,False,False,False,False,0.2436396148576474,0.28101604224221566,False,False,False,False,2577851.0,2462655.4898582483,False,False,False,False,58711.79464495623,False,False,False,False
2025-07-01 16:00:00+00:00,491.85,494.175,490.77,493.49,87176.0,,,,,,,,,,,,,,,,,,,,,,,492.48670084322237,485.5665039877833,479.2827586657783,476.5065780019562,472.81604690192205,467.7122270327673,460.6413456602133,451.2348633452114,435.03463465883124,,,451.2348633452114,,,469.0312954552984,"rgba(239, 83, 80, 1.0)",8.172508643158935,466.5917925841457,3.2913036364140558,46.402775675156335,2.918676477289708,False,True,False,True,False,13.171310030212364,0.0,0.0,0.0,0.0,0,1.0477860148266878,0.8967427083035173,False,False,False,False,0.2273286430199336,0.25417234263107463,False,False,False,False,2665027.0,2465793.0326511436,False,False,False,False,59153.10015433675,False,False,False,False
2025-07-01 17:00:00+00:00,493.49,493.885,491.395,493.255,97004.0,,,,,,,,,,,,,,,,,,,,,,,492.4981686330963,485.6995146538262,479.456456810445,476.6897939231838,473.00187992843246,467.9027130816889,460.84435690816997,451.46713594932,435.29117861554477,,,451.46713594932,,,469.2056887226342,"rgba(239, 83, 80, 1.0)",8.141704072132752,466.7449051644021,3.256086760305631,44.56506758063413,1.2770140252582536,False,True,False,True,False,12.814173026355625,0.0,0.0,0.0,0.0,0,1.043780611443503,0.8997729576901654,False,False,False,False,0.22980437952011418,0.2419883610755944,False,False,False,False,2568023.0,2467377.993385234,False,False,False,False,59739.93581085866,False,False,False,False
2025-07-01 18:00:00+00:00,493.255,493.32,492.275,492.36,66950.0,,,,,,,,,,,,,,,,,,,,,,,492.50148611508797,485.78610743264045,479.57207306602777,476.8123823843626,473.1269090671809,468.0315008676834,460.9821468009003,451.625196662213,435.4663252238255,,,451.625196662213,,,469.32268084665793,"rgba(239, 83, 80, 1.0)",8.108656493841622,466.85109152203785,3.145885942675673,42.28804801065875,-0.9153122343104698,False,True,False,True,False,11.453298075062886,0.0,0.0,0.0,0.0,0,1.0450006428663263,0.9012271603880051,False,False,False,False,0.232232177651953,0.23711026936377372,False,False,False,False,2501073.0,2467900.396588564,False,False,False,False,59851.71975177558,False,False,False,False
2025-07-01 19:00:00+00:00,492.36,493.535,490.95,492.05,98068.0,,,,,,,,,,,,,,,,,,,,,,,492.4915697005482,485.9006426559197,479.73181800714303,476.9833223081512,473.30283447791453,468.2141665262754,461.17885458767364,451.8518991953789,435.7188491522401,,,451.8518991953789,,,469.48599517902716,"rgba(239, 83, 80, 1.0)",8.058068825604733,467.00009520819566,3.108673471763805,40.40282911720756,-2.8296711099575163,False,True,False,True,False,10.98234733393561,0.0,0.0,0.0,0.0,0,1.0422209534684552,0.9027262346560088,False,False,False,False,0.22099806380981574,0.22905416658679473,False,False,False,False,2403005.0,2466894.266408896,False,False,False,False,60444.220220740295,False,False,False,False
2025-07-02 14:00:00+00:00,490.87,493.185,490.33,491.81,64655.0,,,,,,,,,,,,,,,,,,,,,,,492.47736011491617,485.9692265023887,479.83159805099774,477.09101907678007,473.41461284407774,468.3310899656443,461.30552053516215,451.9984989680144,435.88292797037724,,,451.9984989680144,,,469.58909489203984,"rgba(239, 83, 80, 1.0)",7.98129058011979,467.09478421426354,3.096644024877179,38.84322820588153,-4.522661509669689,False,True,False,True,False,10.613911611758422,0.0,0.0,0.0,0.0,0,1.0399423894133413,0.904985312152411,False,False,False,False,0.2119220716544294,0.22048811912061206,False,False,False,False,2338350.0,2464901.332045967,False,False,False,False,60509.50362817067,False,False,False,False
2025-07-02 15:00:00+00:00,491.81,493.625,491.225,491.635,52536.0,,,,,,,,,,,,,,,,,,,,,,,492.47235399327127,486.0274204166959,479.91405150632266,477.17965509805117,473.5063399502465,468.4267989340574,461.408970712978,452.1179797279131,436.01646348701445,,,452.1179797279131,,,469.6744482029501,"rgba(239, 83, 80, 1.0)",7.867089604601648,467.17576614645185,3.1090574892195653,37.566101109881444,-6.022809580014844,False,True,False,True,False,10.341820054745153,0.0,0.0,0.0,0.0,0,1.0404303092314686,0.9021856525693494,False,False,False,False,0.222770253591485,0.22162918635604853,False,False,False,False,2285814.0,2462124.784262309,False,False,False,False,60385.8834168812,False,False,False,False
2025-07-02 16:00:00+00:00,491.62,493.51,491.23,491.3,33457.0,,,,,,,,,,,,,,,,,,,,,,,492.46776482227705,486.0630314637556,479.9653597756075,477.2350071315131,473.56382823884326,468.48697209654205,461.47417506967685,452.1934194928489,436.10095059198716,,,452.1934194928489,,,469.7278342981169,"rgba(239, 83, 80, 1.0)",7.7562914259760145,467.2265075327974,3.103737488070633,36.23425781976398,-7.620645537105553,False,True,False,True,False,9.815287115697068,0.0,0.0,0.0,0.0,0,1.0405451496461358,0.9055367649148733,False,False,False,False,0.21940864460495657,0.22051891548050256,False,False,False,False,2252357.0,2458872.5705528157,False,False,False,False,59968.38134840242,False,False,False,False
2025-07-02 17:00:00+00:00,491.265,492.325,489.81,490.44,71569.0,,,,,,,,,,,,,,,,,,,,,,,492.43406540933194,486.1232896823553,480.06328404833476,477.3428901205646,473.67798807852864,468.6083963497049,461.6074871978629,452.34918806530715,436.2771108302916,,,452.34918806530715,,,469.83152219803134,"rgba(239, 83, 80, 1.0)",7.7149206420738885,467.32154218090955,2.996590488956197,34.15734260789377,-9.905908400376845,False,True,False,True,False,8.466316588153344,0.0,0.0,0.0,0.0,0,1.0335400025538068,0.9109714399216828,False,False,False,False,0.19436811333281104,0.20744351440665681,False,False,False,False,2180788.0,2454561.181862074,False,False,False,False,60148.23590114037,False,False,False,False
2025-07-02 18:00:00+00:00,490.48,492.42,489.71,490.145,43991.0,,,,,,,,,,,,,,,,,,,,,,490.7583333333334,492.4127722809789,486.15881610451714,480.1220563136776,477.4078738919163,473.74700923247286,468.6820472278972,461.6885528805171,452.44406534213573,436.3846317553005,,490.7583333333334,452.44406534213573,,,471.98061583627475,"rgba(239, 83, 80, 1.0)",7.678199090884755,470.46465539674654,2.563145910948981,32.37879613008642,-11.877412686969322,False,True,False,True,False,8.0042271692082,1.0,492.42,489.71,0.0,0,1.0328856213770674,0.9100098967906118,False,False,False,False,0.19432029119553657,0.2008819028010967,False,False,True,False,2136797.0,2449634.605399096,False,False,False,False,59897.736119727335,False,False,False,False
2025-07-02 19:00:00+00:00,490.16,492.24,489.72,491.09,92709.0,,,,,,,,,,,,,,,,,,,,,,490.93353322360406,492.3763611403679,486.23603804544007,480.2467828099046,477.54539411618464,473.89283843330105,468.8374681015399,461.85943249912407,452.64382582668503,436.61091325002633,,490.93353322360406,452.64382582668503,,,472.1182587446177,"rgba(239, 83, 80, 1.0)",7.637238002464661,470.58864387023095,2.6843940339626577,34.142381839027124,-11.877412686969322,False,True,False,True,False,9.195076672981024,0.0,0.0,0.0,0.0,0,1.0330155417030997,0.9110230445942511,False,False,False,False,0.19269485921141213,0.1967883810062544,False,False,False,False,2229506.0,2446221.758803761,False,False,False,False,60406.43788531296,False,False,False,False
2025-07-03 14:00:00+00:00,496.08,499.01,496.08,498.56,140077.0,,,,,,,,,,,,,,,,,,,,,,494.4508310842303,492.5851410296973,486.50922432510174,480.5466696987456,477.85125082197817,474.19506938716637,469.13968422245154,462.17379827857184,452.9950694097565,436.9919810180419,,494.4508310842303,452.9950694097565,,,472.74387192757405,#000000,7.676463781532038,471.0749407341297,3.580432351155434,46.2267186554906,-10.212736843308342,False,True,False,False,True,17.446750380285167,0.0,0.0,0.0,0.0,0,1.0369465987763082,0.9016607239479995,False,False,False,False,0.3216667734252738,0.25922757721576406,False,False,False,False,2369583.0,2445033.56099285,False,False,False,False,61641.640398718955,False,False,False,False
2025-07-03 15:00:00+00:00,498.565,500.11,498.185,499.625,128488.0,,,,,,,,,,,,,,,,,,,,,,495.99035855962563,492.81102910304014,486.7787550113351,480.83477479899756,478.1431909492136,474.481936007599,469.42487513161075,462.46867211652597,453.3225564026111,437.3454512521116,,495.99035855962563,453.3225564026111,,,473.1601599332671,"rgba(38, 166, 154, 0.5)",7.715522656622082,474.7584611035081,3.222923449670569,55.049414808763515,-2.5731643349473146,False,True,True,False,True,18.477860809426478,0.0,0.0,0.0,0.0,0,1.039791836791186,0.8989494955087122,False,False,False,False,0.3428282523360631,0.3010279147759136,False,False,False,False,2498071.0,2445855.8468689295,False,False,False,False,62678.01806695587,False,False,False,False
2025-07-03 16:00:00+00:00,499.905,499.935,498.215,498.72,94487.0,,,,,,,,,,,,,,,,,,,,,,496.55119184115324,492.9592465755231,486.9644895033871,481.0371484666075,478.34939013529265,474.68582789940507,469.62876436786877,462.68051236430773,453.5586318601893,437.6013828448872,,496.55119184115324,453.5586318601893,,,473.40165858586204,"rgba(38, 166, 154, 0.5)",7.738659696671288,474.97214774609375,3.0687293646109275,59.256325752502775,0.7607595474228432,False,False,True,False,True,17.047906565646368,0.0,0.0,0.0,0.0,0,1.0392420690516149,0.9060492988029013,False,False,False,False,0.3413214859915848,0.3211747003837492,False,False,False,False,2403584.0,2445200.4693980934,False,False,False,False,63171.180577545696,False,False,False,False
2025-07-03 17:00:00+00:00,498.72,498.72,498.54,498.64,356.0,,,,,,,,,,,,,,,,,,,,,,496.55267400574814,492.95976212091205,486.9651600061208,481.0378888022338,478.350147240876,474.68657953375845,469.6295188302007,462.68129879398043,453.5595104043261,437.6023380409276,,496.55267400574814,453.5595104043261,,,473.4024877779084,"rgba(38, 166, 154, 0.5)",7.688549972241785,474.97288165479586,3.078229110905213,61.90694110363822,2.927424292371711,False,False,True,False,True,16.921070202760056,0.0,0.0,0.0,0.0,0,1.0384540498442365,0.9091288384512678,False,False,False,False,0.3321053799961296,0.3266400401899394,False,False,False,False,2403228.0,2444549.733438433,False,False,False,False,62197.301808901575,False,False,False,False
2025-07-03 18:00:00+00:00,498.64,498.64,498.64,498.64,0.0,,,,,,,,,,,,,,,,,,,,,,496.55267400574814,492.95976212091205,486.9651600061208,481.0378888022338,478.350147240876,474.68657953375845,469.6295188302007,462.68129879398043,453.5595104043261,437.6023380409276,,496.55267400574814,453.5595104043261,,,473.4024877779084,"rgba(38, 166, 154, 0.5)",7.661943879264081,474.97288165479586,3.0889182586230746,63.67401800439518,4.5672457875442305,False,False,True,False,True,16.921070202760056,0.0,0.0,0.0,0.0,0,1.0456604355691423,0.9072066639554609,False,False,False,False,0.3320849400627917,0.32936249012636554,False,False,False,False,2403228.0,2443909.08640838,False,False,False,False,61233.002556050385,False,False,False,False
2025-07-03 19:00:00+00:00,498.64,498.64,498.64,498.64,0.0,,,,,,,,,,,,,,,,,,,,,,496.55267400574814,492.95976212091205,486.9651600061208,481.0378888022338,478.350147240876,474.68657953375845,469.6295188302007,462.68129879398043,453.5595104043261,437.6023380409276,,496.55267400574814,453.5595104043261,,,473.4024877779084,"rgba(38, 166, 154, 0.5)",7.618933874129733,474.97288165479586,3.10635565765525,64.85206927156649,5.910319357098402,False,False,True,False,True,16.921070202760056,0.0,0.0,0.0,0.0,0,1.0398684635815565,0.9066456807993363,False,False,False,False,0.3320849400627917,0.33072371509457865,False,False,False,False,2403228.0,2443278.3718904206,False,False,False,False,60283.653679212395,False,False,False,False
2025-07-04 14:00:00+00:00,498.64,498.64,498.64,498.64,0.0,,,,,,,,,,,,,,,,,,,,,,496.55267400574814,492.95976212091205,486.9651600061208,481.0378888022338,478.350147240876,474.68657953375845,469.6295188302007,462.68129879398043,453.5595104043261,437.6023380409276,,496.55267400574814,453.5595104043261,,,473.4024877779084,"rgba(38, 166, 154, 1.0)",7.542644317896029,474.97288165479586,3.1377746779137423,65.63743678301404,7.080434387504951,True,False,True,False,True,16.921070202760056,0.0,0.0,0.0,0.0,0,1.039905276066701,0.907376344389157,False,False,False,False,0.3320849400627917,0.3314043275786852,False,False,False,False,2403228.0,2442657.4358921195,False,False,False,False,59349.0233896122,False,False,False,False
2025-07-04 15:00:00+00:00,498.64,498.64,498.64,498.64,0.0,,,,,,,,,,,,,,,,,,,,,,496.55267400574814,492.95976212091205,486.9651600061208,481.0378888022338,478.350147240876,474.68657953375845,469.6295188302007,462.68129879398043,453.5595104043261,437.6023380409276,,496.55267400574814,453.5595104043261,,,473.4024877779084,"rgba(38, 166, 154, 1.0)",7.478107966373549,474.97288165479586,3.164853790775278,66.16101512397907,8.140173402327605,True,False,True,False,True,16.921070202760056,0.0,0.0,0.0,0.0,0,1.0423337394803205,0.9067325947125325,False,False,False,False,0.33156417458450693,0.33148425108159607,False,False,False,False,2403228.0,2442046.126808521,False,False,False,False,58428.88349209883,False,False,False,False
2025-07-04 16:00:00+00:00,498.64,498.64,498.64,498.64,0.0,,,,,,,,,,,,,,,,,,,,,,496.55267400574814,492.95976212091205,486.9651600061208,481.0378888022338,478.350147240876,474.68657953375845,469.6295188302007,462.68129879398043,453.5595104043261,437.6023380409276,,496.55267400574814,453.5595104043261,,,473.4024877779084,"rgba(38, 166, 154, 1.0)",7.41570280486433,474.97288165479586,3.1914868985417923,66.51006735128908,9.118296907041554,True,False,True,False,True,16.921070202760056,0.0,0.0,0.0,0.0,0,1.0405330054472925,0.9129433967659374,False,False,False,False,0.33107915713744906,0.33128170410952257,False,False,False,False,2403228.0,2441444.295385133,False,False,False,False,57523.00932943063,False,False,False,False
2025-07-04 17:00:00+00:00,498.64,498.64,498.64,498.64,0.0,,,,,,,,,,,,,,,,,,,,,,496.55267400574814,492.95976212091205,486.9651600061208,481.0378888022338,478.350147240876,474.68657953375845,469.6295188302007,462.68129879398043,453.5595104043261,437.6023380409276,,496.55267400574814,453.5595104043261,,,473.4024877779084,"rgba(38, 166, 154, 1.0)",7.374998355167353,474.97288165479586,3.209101508290042,66.74276883616243,10.02600467873598,True,False,True,False,True,16.921070202760056,0.0,0.0,0.0,0.0,0,1.0347280214242516,0.917168197656002,False,False,False,False,0.33107915713744906,0.3311804306234858,False,False,False,False,2403228.0,2440851.7946814876,False,False,False,False,56631.17972742395,False,False,False,False
2025-07-04 18:00:00+00:00,498.64,498.64,498.64,498.64,0.0,,,,,,,,,,,,,,,,,,,,,,496.55267400574814,492.95976212091205,486.9651600061208,481.0378888022338,478.350147240876,474.68657953375845,469.6295188302007,462.68129879398043,453.5595104043261,437.6023380409276,,496.55267400574814,453.5595104043261,,,473.4024877779084,"rgba(38, 166, 154, 1.0)",7.317916479680938,474.97288165479586,3.2341334327767592,66.89790315941133,10.866300159522545,True,False,True,False,True,16.921070202760056,0.0,0.0,0.0,0.0,0,1.0352283101714315,0.9157476777718198,False,False,False,False,0.33107915713744906,0.3311297938804674,False,False,False,False,2403228.0,2440268.480035263,False,False,False,False,55753.17694095226,False,False,False,False
2025-07-04 19:00:00+00:00,498.64,498.64,498.64,498.64,0.0,,,,,,,,,,,,,,,,,,,,,,496.55267400574814,492.95976212091205,486.9651600061208,481.0378888022338,478.350147240876,474.68657953375845,469.6295188302007,462.68129879398043,453.5595104043261,437.6023380409276,,496.55267400574814,453.5595104043261,,,473.4024877779084,"rgba(38, 166, 154, 1.0)",7.2554674395071075,474.97288165479586,3.261970168363395,67.00132604157726,11.639148014291536,True,False,True,False,True,16.921070202760045,0.0,0.0,0.0,0.0,0,1.0360162080223878,0.9139750466417905,False,False,False,False,0.3307739472124044,0.33095187054643593,False,False,False,False,2403228.0,2439694.2090269644,False,False,False,False,54888.786600782456,False,False,False,False
2025-07-07 14:00:00+00:00,497.79,498.11,496.0,497.41,67097.0,,,,,,,,,,,,,,,,,,,,,,496.62609433685066,493.0307035869206,487.07452939136687,481.16483329915394,478.4816411956725,474.8188200887863,469.7638956554502,462.82291470749783,453.7191407723513,437.77754205060234,,496.62609433685066,453.7191407723513,,,473.5280115084653,"rgba(38, 166, 154, 0.5)",7.171261704359583,475.07216238763266,3.1149103927956854,61.86103940568559,11.639148014291536,False,False,True,False,False,14.643206726927236,0.0,0.0,0.0,0.0,0,1.0288681749886945,0.9176111913410058,False,False,False,False,0.29334605801087504,0.31214896427865546,False,False,False,False,2336131.0,2438088.5778792594,False,False,False,False,55078.06122712691,False,False,False,False
2025-07-07 15:00:00+00:00,497.35,499.475,497.125,498.115,29282.0,,,,,,,,,,,,,,,,,,,,,,496.7052403740568,493.0686882416481,487.12648490920293,481.2232537041842,478.5416897438262,474.8787716120371,469.82439203766756,462.88625875123216,453.7901382831335,437.85504595325443,,496.7052403740568,453.7901382831335,,,473.58999636102425,"rgba(38, 166, 154, 0.5)",7.063481119285603,475.12901473511164,3.2542007087877884,60.53861346769591,15.612322263740012,False,False,True,False,False,15.505485066651357,0.0,0.0,0.0,0.0,0,1.0316235569194794,0.9142042963612446,False,False,False,False,0.3225291402955195,0.3173390522870875,False,False,False,False,2365413.0,2436961.8247338445,False,False,False,False,54678.122293373,False,False,False,False
2025-07-07 16:00:00+00:00,498.135,499.635,496.26,496.995,32468.0,,,,,,,,,,,,,,,,,,,,,,496.752978440429,493.105282617396,487.18040785602574,481.2852655521878,478.60580323251287,474.94316644833737,469.8897411297594,462.955026426704,453.8675225272101,437.9398871812043,,496.752978440429,453.8675225272101,,,473.6525081411767,"rgba(38, 166, 154, 0.5)",6.970674022884362,478.1691954742897,2.7007150906649975,56.0098527344249,11.231358825539374,False,False,True,False,False,13.456891416984217,0.0,0.0,0.0,0.0,0,1.0264872417089488,0.9257004191484666,False,False,False,False,0.3141620809894463,0.3157505666382669,False,False,False,False,2332945.0,2435349.1607844825,False,False,False,False,54333.77931208039,False,False,False,False
2025-07-07 17:00:00+00:00,497.06,498.575,495.685,496.505,22453.0,,,,,,,,,,,,,,,,,,,,,,496.75879285588553,493.1263394309902,487.2148693226036,481.32602930680093,478.64824764983825,474.9861016846146,469.9336040670438,463.00145498041854,453.92001383060517,437.9977231930526,,496.75879285588553,453.92001383060517,,,473.6913176321853,#000000,6.864438472338571,478.1850783735707,2.668815766978251,51.658750144423095,7.201096519738201,False,True,False,False,False,12.571983480998863,0.0,0.0,0.0,0.0,0,1.0286716262417275,0.9246672829452245,False,False,False,False,0.2949182617496513,0.3053344141939591,False,False,False,False,2310492.0,2433413.3908498394,False,False,False,False,53839.503663831085,False,False,False,False
2025-07-07 18:00:00+00:00,496.5,497.975,495.13,497.06,42412.0,,,,,,,,,,,,,,,,,,,,,,496.7565233970386,493.1634237704543,487.2779759261364,481.4014718016019,478.7270158603437,475.0660117530121,470.0154594640096,463.08829448824133,454.0183579280662,438.10629233016647,,496.7565233970386,454.0183579280662,,,473.762082671907,#000000,6.7547315335304985,478.2271700029476,2.7880945236041117,50.61824406714971,6.248284977067954,False,True,False,False,False,13.285533177014287,0.0,0.0,0.0,0.0,0,1.029899552753134,0.9251118117164012,False,False,False,False,0.2814516090590515,0.29339301162650533,False,False,False,False,2352904.0,2432165.1832397645,False,False,False,False,53662.333064391845,False,False,False,False
2025-07-07 19:00:00+00:00,497.06,498.18,495.905,497.885,56164.0,,,,,,,,,,,,,,,,,,,,,,496.79897005358333,493.219478643835,487.3655094254205,481.50412497814153,478.83372647378087,475.1738476840803,470.12551436073727,463.20465043826067,454.14972164186287,438.2509179326482,,496.79897005358333,454.14972164186287,,,473.86264616323507,#000000,6.644266024851053,478.3166649521869,2.94514623204777,52.33648730742013,6.248284977067954,False,True,False,False,False,14.33725678857321,0.0,0.0,0.0,0.0,0,1.0323693988750013,0.9247749269338656,False,False,False,False,0.29287127602943835,0.2931321438279718,False,False,False,False,2409068.0,2431807.087375582,False,False,False,False,53701.118598277244,False,False,False,False
2025-07-08 14:00:00+00:00,496.57,498.04,494.53,495.115,36340.0,,,,,,,,,,,,,,,,,,,,,,496.75719303578,493.2426043332601,487.41333025956527,481.56390894080715,478.896838121352,475.2386024989976,470.1925372449713,463.2763819891331,454.23149659428157,438.3418661827261,,496.75719303578,454.23149659428157,,,473.9154759200875,"rgba(239, 83, 80, 1.0)",6.500134891183757,478.3448431449274,2.579970590736244,47.03331442747003,2.9728664926286754,False,True,False,True,False,9.408894775984663,0.0,0.0,0.0,0.0,0,1.0256091314845974,0.9265383771127531,False,False,False,False,0.2752476296251624,0.2841898867265671,False,False,False,False,2372728.0,2430891.13253255,False,False,False,False,53431.95396884659,False,False,False,False
2025-07-08 15:00:00+00:00,495.115,497.6,494.105,495.31,46916.0,,,,,,,,,,,,,,,,,,,,,495.67166666666674,496.6960719240555,493.2694109226495,487.4726761285589,481.63916968503554,478.97656836795323,475.320709286947,470.27780447916524,463.36789439028473,454.33603444766703,438.4584054753453,,496.6960719240555,454.33603444766703,,,475.95331016130257,"rgba(239, 83, 80, 1.0)",6.347480402446328,480.9517039464325,2.2620465355094,44.06444023590676,0.2596265755123852,False,True,False,True,False,9.667791226596972,0.0,0.0,0.0,0.0,0,1.0252594449626862,0.9266849347014923,False,False,False,False,0.26526022659473736,0.2747250566606522,False,False,False,False,2419644.0,2430716.7583847586,False,False,False,False,53330.931426693925,False,False,False,False
2025-07-08 16:00:00+00:00,495.3,497.27,494.72,495.61,24414.0,,,,,,,,,,,,,,,,,,,,,495.73840899107444,496.67246205346214,493.2842411792157,487.50394868157537,481.6785566960358,479.0182401744222,475.3635821738088,470.3222892007634,463.4155973279785,454.39048080428137,438.5190686511119,,496.67246205346214,454.39048080428137,,,475.9915341757937,"rgba(239, 83, 80, 1.0)",6.186116041965694,480.9764039536124,2.365554727249772,42.99737123631871,-0.7849370420550059,False,True,False,True,False,10.070124808095972,0.0,0.0,0.0,0.0,0,1.0282193379028726,0.9282339215400319,False,False,False,False,0.2685450744195671,0.27163506554010963,False,False,False,False,2444058.0,2430923.5993400337,False,False,False,False,52882.60690845061,False,False,False,False
2025-07-08 17:00:00+00:00,495.61,496.675,494.855,496.565,28622.0,,,,,,,,,,,,,,,,,,,,,495.82238551171235,496.651767771364,493.30251054062217,487.54103348470835,481.72498943885114,479.06730933169064,475.4140200132144,470.3745803604891,463.4716277795193,454.45438324235363,438.59022883942737,,496.651767771364,454.45438324235363,,,476.03771239217747,"rgba(239, 83, 80, 1.0)",6.012918388730223,481.0087521484196,2.587137700178479,44.981335176069166,-0.7849370420550059,False,True,False,True,False,11.343503894738049,0.0,0.0,0.0,0.0,0,1.0304505087337525,0.9332911839087218,False,False,False,False,0.2632459874374015,0.2674405264887556,False,False,False,False,2472680.0,2431570.9853967773,False,False,False,False,52506.47346800951,False,False,False,False
2025-07-08 18:00:00+00:00,496.54,497.22,494.85,496.15,29688.0,,,,,,,,,,,,,,,,,,,,,495.87985341458403,496.63301969655294,493.32149079323705,487.5793473222669,481.7729745190215,479.1180321391396,475.46618212529626,470.4286825034128,463.5296161122562,454.5205249927483,438.66390691504245,,496.63301969655294,454.5205249927483,,,476.0830573212325,"rgba(239, 83, 80, 1.0)",5.828189211621985,481.0420601119472,2.5922184986592507,45.281631088058326,-0.7849370420550059,False,True,False,True,False,10.599112989019861,0.0,0.0,0.0,0.0,1,1.0288889217265376,0.9314349888434086,False,False,False,False,0.26946815238540534,0.26845433943708047,False,False,False,False,2442992.0,2431748.0553906257,False,False,False,False,52152.69868555975,False,False,False,False
2025-07-08 19:00:00+00:00,496.12,496.9,494.94,496.66,38532.0,,,,,,,,,,,,,,,,,,,,,495.94556880257517,496.61419351504185,493.3465633639182,487.6291054448282,481.83518109092915,479.1837756252298,475.5337965784202,470.49881713380273,463.6047871208205,454.606249514741,438.75940737928096,,496.61419351504185,454.606249514741,,,476.1415859608715,"rgba(239, 83, 80, 0.75)",5.633218830062231,481.0869504811217,2.764502851508489,46.91991991551858,-0.7849370420550059,False,True,False,True,True,11.287906848795089,0.0,0.0,0.0,0.0,1,1.0219443622373479,0.9346848179934891,False,False,False,False,0.26681550582437896,0.26763492263072974,False,False,False,False,2481524.0,2432519.7754620886,False,False,False,False,51941.52506252781,False,False,False,False
2025-07-09 14:00:00+00:00,505.2,506.815,501.355,501.895,100346.0,,,,,,,,,,,,,,,,,,,,,498.7144959617853,497.255439282218,493.5710964893649,487.86287920377856,482.07468937304105,479.4241015629386,475.7684543083327,470.7303339660926,463.84179362223443,454.86617595870365,439.03758608482457,,497.255439282218,454.86617595870365,,,476.649731437574,"rgba(38, 166, 154, 1.0)",5.436683416988407,484.3416707033172,3.2286833626972973,55.969500626766916,-0.27523429355710505,True,False,True,False,True,17.706278816192516,0.0,0.0,0.0,0.0,1,1.0244571890845526,0.9203010560073965,False,False,False,False,0.34282825233824993,0.30523158748448986,False,False,False,False,2581870.0,2434835.2828192655,False,False,False,False,52691.98203830257,False,False,False,False
2025-07-09 15:00:00+00:00,502.01,502.585,500.015,500.04,70881.0,,,,,,,,,,,,,,,,,,,,,499.1667456494176,497.4836592690505,493.68511304656704,487.99814518019144,482.2213762630865,479.5737385716574,475.91717876487814,470.87965516972343,463.997130749905,455.0388282941073,439.2251365328828,,497.4836592690505,455.0388282941073,,,476.8351552264971,"rgba(38, 166, 154, 1.0)",5.139322458584725,484.4659500698266,3.0303702590520536,58.04173952253427,1.4998901456420484,True,False,True,False,True,14.448097353371644,0.0,0.0,0.0,0.0,1,1.0228560689296242,0.9327762678540451,False,False,False,False,0.2860023445061544,0.29561696599532217,False,False,False,False,2510989.0,2436015.960605013,False,False,False,False,52973.9823167785,False,False,False,False
2025-07-09 16:00:00+00:00,499.96,501.295,499.655,500.67,72041.0,,,,,,,,,,,,,,,,,,,,,499.4071953302223,497.66748666960547,493.79210082655436,488.1292209978703,482.3654630118324,479.72130774864553,476.0645084512026,471.0282091992048,464.152237454791,455.21169188713696,439.4135494820088,,497.66748666960547,455.21169188713696,,,476.995724641734,"rgba(38, 166, 154, 1.0)",4.79212451897749,484.5899161238323,3.355522965333703,60.151202111593456,3.4699271986673565,True,False,True,False,True,15.176727018865826,0.0,0.0,0.0,0.0,0,1.0354385299140305,0.9315750295564347,False,False,False,False,0.2695230277224912,0.2825699968589067,False,False,False,False,2583030.0,2438295.248037494,False,False,False,False,53269.59499403775,False,False,False,False
2025-07-09 17:00:00+00:00,500.67,501.98,500.09,501.6,35790.0,,,,,,,,,,,,,,,,,,,,,499.5525334764364,497.7706550368556,493.84927794180805,488.19685572921827,482.43886571540475,479.79623159350996,476.1390735688553,471.10315507588496,464.23024390152875,455.29837045657865,439.5077648354137,,497.7706550368556,455.29837045657865,,,477.080275211954,"rgba(38, 166, 154, 1.0)",4.403894118321317,484.6661911890136,3.84518981519957,62.596942993345486,5.849112645699542,True,False,True,False,True,16.241762650724826,0.0,0.0,0.0,0.0,0,1.0384919241573032,0.9260884831460674,False,False,False,False,0.2795868549331097,0.2810784258960082,False,False,False,False,2618820.0,2441094.0814012536,False,False,False,False,52998.593521261966,False,False,False,False
2025-07-09 18:00:00+00:00,501.73,503.13,501.51,502.65,24356.0,,,,,,,,,,,,,,,,,,,,,499.7011459769091,497.8608705577771,493.89397319765413,488.2467114400352,482.49168010173634,479.8497758875224,476.1919936443581,471.1559800023657,464.2848672687769,455.3587158775651,439.5729670880928,,497.8608705577771,455.3587158775651,,,477.146243731163,"rgba(38, 166, 154, 1.0)",4.149637373712655,484.7326270860102,4.317816546451432,65.31161579096178,8.519635899239347,True,False,True,False,True,17.42269648258223,0.0,0.0,0.0,0.0,0,1.0400902947772677,0.9239823514753522,False,False,False,False,0.30593939819934884,0.2935089120476785,False,False,False,False,2643176.0,2444227.1344027845,False,False,False,False,52554.52230387806,False,False,False,False
2025-07-09 19:00:00+00:00,502.62,503.48,501.265,503.48,62433.0,,,,,,,,,,,,,,,,,,,,,500.0566180260752,498.09166115042336,494.01055092292336,488.3757017543487,482.62789249071506,479.98775730157297,476.32827828740466,471.29192011721176,464.42531356284644,455.51371854856507,439.7403135653209,,498.09166115042336,455.51371854856507,,,477.31361142976436,"rgba(38, 166, 154, 1.0)",3.924617675759039,484.90247445096713,4.73358861521203,67.91819863580437,11.108983947057624,True,False,True,False,True,18.341212635937765,0.0,0.0,0.0,0.0,0,1.038537796119784,0.9254798866189841,False,False,False,False,0.30702464086078846,0.3002667764542335,False,False,False,False,2705609.0,2448279.5664275475,False,False,False,False,52707.67699684119,False,False,False,False
2025-07-10 14:00:00+00:00,501.31,501.31,497.83,499.525,55364.0,,,,,,,,,,,,,,,,,,,,,500.0094982747495,498.1505518096029,494.0745851540271,488.4632312218599,482.7282627485652,480.0917892345041,476.43352692912987,471.39937736213744,464.53871549793666,455.64110764813773,439.8805034433775,,498.1505518096029,455.64110764813773,,,477.40101357491164,"rgba(38, 166, 154, 0.75)",3.822200798744779,484.96329403250274,3.8097700079701036,62.2314011231626,11.108983947057624,True,False,True,False,False,11.622177775823264,0.0,0.0,0.0,0.0,0,1.0232233280949883,0.923651126244107,False,False,False,False,0.24729602726149888,0.2737814018578662,False,False,False,False,2650245.0,2451410.8134596786,False,False,False,False,52748.86029921575,False,False,False,False
2025-07-10 15:00:00+00:00,499.515,501.265,499.03,500.195,68318.0,,,,,,,,,,,,,,,,,,,,,500.02547772974856,498.2457781444228,494.16013984467577,488.5751908007131,482.8549076003946,480.2226126760181,476.56547675593447,471.53369706734844,464.6800595567089,455.7994545297583,440.0543459292097,,498.2457781444228,455.7994545297583,,,477.51974005772115,"rgba(38, 166, 154, 0.75)",3.6958221092257983,485.05886140770133,4.095472710798136,59.33886359339016,16.656709741660066,True,False,True,False,False,12.401114705811164,0.0,0.0,0.0,0.0,0,1.0250627663922458,0.9277310679044785,False,False,False,False,0.2540944983785397,0.263937950118203,False,False,False,False,2718563.0,2455552.7078246446,False,False,False,False,52990.24231008062,False,False,False,False
2025-07-10 16:00:00+00:00,500.18,500.71,499.025,500.16,57258.0,,,,,,,,,,,,,,,,,,,,,500.0206343277494,498.3113481968424,494.22770519133405,488.66580994317593,482.9584411980847,480.3298731047048,476.6740201554265,471.64453604435204,464.79700303512993,455.9307121890454,440.19879641015916,,498.3113481968424,455.9307121890454,,,477.61444361781855,"rgba(38, 166, 154, 0.75)",3.5494368262814384,485.1342188230351,4.233285986584711,57.353135977265474,14.705666657673575,True,False,True,False,False,12.343892487367341,0.0,0.0,0.0,0.0,0,1.0177090404651572,0.9420914376789353,False,False,False,False,0.24794596416601236,0.25594195714210766,False,False,False,False,2661305.0,2458742.665842867,False,False,False,False,53056.40909597084,False,False,False,False
2025-07-10 17:00:00+00:00,500.145,501.84,499.835,501.33,54567.0,,,,,,,,,,,,,,,,,,,,,500.0901992178736,498.40570344184863,494.30202045461266,488.75863948700396,483.06189341545684,480.4363533625173,476.78109187049614,471.7532018054315,464.9109953263419,456.0580048642933,440.3381878635422,,498.40570344184863,456.0580048642933,,,477.7178446463107,"rgba(38, 166, 154, 0.75)",3.510001478398173,485.2265673807582,4.587870608701503,57.704896375251295,14.705666657673575,True,False,True,False,False,13.712600023435549,0.0,0.0,0.0,0.0,0,1.019300774111109,0.9406267179769106,False,False,False,False,0.26932794143631095,0.2626349492892093,False,False,False,False,2715872.0,2462729.1671476285,False,False,False,False,53079.82910998679,False,False,False,False
2025-07-10 18:00:00+00:00,501.33,502.22,500.91,502.2,31169.0,,,,,,,,,,,,,,,,,,,,,500.15584906445866,498.47190904666763,494.3485689553515,488.81435704604235,483.1229852229702,480.49895829884207,476.84377347867184,471.8165472592856,464.9771781876492,456.1316413243586,440.4185362158208,,498.47190904666763,456.1316413243586,,,477.7818458272834,"rgba(38, 166, 154, 0.75)",3.5327750136792178,485.2868147280453,4.787507046575388,59.086480637630075,14.705666657673575,True,False,True,False,False,14.711878005273466,0.0,0.0,0.0,0.0,0,1.025953627524308,0.9336125654450262,False,False,False,False,0.2855227318263149,0.2740788405577621,False,False,False,False,2747041.0,2467137.102540688,False,False,False,False,52740.12633308777,False,False,False,False
2025-07-10 19:00:00+00:00,501.87,502.305,500.84,501.37,57989.0,,,,,,,,,,,,,,,,,,,,,500.24696047867053,498.5788300533089,494.4305345206191,488.91461267120366,483.2339498773407,480.6129861245415,476.95829653477915,471.93262890045514,465.098774888809,456.26719884916395,440.5668047041569,,498.5788300533089,456.26719884916395,,,477.89468887300444,"rgba(38, 166, 154, 0.75)",3.512893240464012,485.3904369984827,4.548832517155174,58.32607435065792,14.705666657673575,True,False,True,False,False,13.310166657683112,0.0,0.0,0.0,0.0,0,1.0284770319627778,0.9368322143582439,False,False,False,False,0.2856904366089415,0.2798846385833518,False,False,False,False,2689052.0,2470577.643586569,False,False,False,False,52821.504219396484,False,False,False,False
2025-07-11 14:00:00+00:00,500.93,502.53,500.48,502.07,49446.0,,,,,,,,,,,,,,,,,,,,,500.3257128072707,498.6697146268553,494.500777629752,489.00011587523767,483.3284787747138,480.71010963593073,477.0558539030542,472.03152045662625,465.2023532630501,456.38262629507966,440.6930517601139,,498.6697146268553,456.38262629507966,,,477.99093772978955,"rgba(38, 166, 154, 0.75)",3.52924387940804,485.4792996646679,4.700922039458165,58.85328619265867,14.705666657673575,True,False,True,False,False,14.128660416646074,0.0,0.0,0.0,0.0,1,1.02754900471053,0.9271235374563138,False,False,False,False,0.28418165550336366,0.2820331470433577,False,False,False,False,2738498.0,2474731.447561971,False,False,False,False,52769.170820646155,False,False,False,False
2025-07-11 15:00:00+00:00,502.065,504.82,500.94,503.825,41669.0,,,,,,,,,,,,,,,,,,,,,500.45159241762383,498.77832681401804,494.57106657415846,489.0797073975457,483.4138439983055,480.79707300450065,477.14244629349884,472.11854252948183,465.2927597040919,456.48265321677417,440.8016472436336,,498.77832681401804,456.48265321677417,,,478.08451447214844,"rgba(38, 166, 154, 1.0)",3.5558039625095303,485.5720807494989,5.133274905745635,61.456040409135596,14.705666657673575,True,False,True,False,True,16.127007370275944,0.0,0.0,0.0,0.0,1,1.030329683661399,0.9198083163992601,False,False,False,False,0.3131854206828861,0.2976092838631219,False,False,False,False,2780167.0,2479466.8824834907,False,False,False,False,52597.07514900823,False,False,False,False
2025-07-11 16:00:00+00:00,503.825,505.01,503.54,504.805,32591.0,,,,,,,,,,,,,,,,,,,,,500.5842957430349,498.88286594195944,494.6331515758715,489.1468268425251,483.4843112642125,480.8684131363678,477.2130225188034,472.1890066864694,465.36550542482064,456.5626875677245,440.8880269203246,,498.88286594195944,456.5626875677245,,,478.1652830565559,"rgba(38, 166, 154, 1.0)",3.592483993453804,488.0498117408103,4.663956273631526,64.25468855813784,14.705666657673575,True,False,True,False,True,17.20806329516509,0.0,0.0,0.0,0.0,0,1.0318977553431423,0.9324301517406448,False,False,False,False,0.3428282519475634,0.32021876790534265,False,False,False,False,2812758.0,2484634.186631033,False,False,False,False,52286.90344127167,False,False,False,False
2025-07-11 17:00:00+00:00,504.66,504.95,503.12,504.12,29099.0,,,,,,,,,,,,,,,,,,,,,500.6843823627016,498.966715831031,494.6857622803395,489.2047532797882,483.54567260685724,480.9307039199862,477.27483524077246,472.250907699091,465.4295856615316,456.6333435681235,440.9644834981012,,498.966715831031,456.6333435681235,,,478.2337405407567,"rgba(38, 166, 154, 1.0)",3.657693850814303,488.10630423282464,4.378085323792278,64.49090048875189,14.705666657673575,True,False,True,False,True,16.01603007794705,0.0,0.0,0.0,0.0,0,1.0245241243580674,0.9353301147021743,False,False,False,False,0.33691694368648345,0.3285678557959131,False,False,False,False,2783659.0,2489270.2302491567,False,False,False,False,51927.40106233722,False,False,False,False
2025-07-11 18:00:00+00:00,504.11,504.785,501.48,503.07,26276.0,,,,,,,,,,,,,,,,,,,,,500.74584071056546,499.0264238431714,494.72799697914417,489.2533493763013,483.5982120508227,480.9843626763236,477.3284330604554,472.30493130904154,465.48584630367674,456.6956880809695,441.0323250523354,,499.0264238431714,456.6956880809695,,,478.289400858437,"rgba(38, 166, 154, 1.0)",3.6691923528892416,488.13975271369446,4.0690827436585515,62.31639508231709,14.705666657673575,True,False,True,False,True,14.21211558588422,0.0,0.0,0.0,0.0,1,1.0171135284204074,0.9371993258771258,False,False,False,False,0.3148859363475523,0.32172689607173266,False,False,False,False,2757383.0,2493427.0173770767,False,False,False,False,51529.704921835866,False,False,False,False
2025-07-11 19:00:00+00:00,502.95,504.18,501.5,503.49,42531.0,,,,,,,,,,,,,,,,,,,,,500.8368173861609,499.1182530625766,494.79502640449056,489.3309831963001,483.68242031467844,481.070453524197,477.4145340918372,472.3918201760697,465.57642343197745,456.7961276440404,441.14172475727486,,499.1182530625766,456.7961276440404,,,478.3776894536002,"rgba(38, 166, 154, 0.75)",3.6613640912899235,488.205324438825,4.174584985288939,61.5143195766281,14.705666657673575,True,False,True,False,False,14.699924609470752,0.0,0.0,0.0,0.0,1,1.0134398338347812,0.9413992699726622,False,False,False,False,0.3078096522471647,0.3147682741594487,False,False,False,False,2799914.0,2498178.753541773,False,False,False,False,51390.190116846155,False,False,False,False
2025-07-14 14:00:00+00:00,502.55,503.0,501.15,502.985,48553.0,,,,,,,,,,,,,,,,,,,,,500.9031196318847,499.200901824535,494.8640642257666,489.4142210254378,483.7743304153733,481.16490974283784,477.50954282396924,472.4882324579338,465.67743127184855,456.90858432264366,441.2647805308453,,499.200901824535,456.90858432264366,,,478.4700107520978,"rgba(38, 166, 154, 0.5)",3.632102835684474,488.2676514577855,4.052018681194911,59.804504435771776,14.532937931249663,False,False,True,False,False,13.825372183921477,0.0,0.0,0.0,0.0,1,1.0097016402930286,0.9441508399457804,False,False,False,False,0.28944092205171695,0.3021045981055828,False,False,False,False,2751361.0,2502104.059688412,False,False,False,False,51346.20267317412,False,False,False,False
2025-07-14 15:00:00+00:00,502.69,504.495,502.37,502.985,33887.0,,,,,,,,,,,,,,,,,,,,,500.9724890344843,499.27188032521667,494.91722228557114,489.47570114324566,483.84103890872166,481.2331310361988,477.57782323408736,472.5571820357088,465.74933090207696,456.98829956567994,441.3516407392819,,499.27188032521667,456.98829956567994,,,478.53961265547935,"rgba(38, 166, 154, 0.5)",3.5973295250351773,488.330198772075,4.073800058053262,58.66462767520089,13.205259112399546,False,False,True,False,False,13.825372183921477,0.0,0.0,0.0,0.0,1,1.0156092802048715,0.9403524282796257,False,False,False,False,0.32217552666560917,0.312140062385596,False,False,False,False,2751361.0,2505968.5083754133,False,False,False,False,51075.51736041173,False,False,False,False
2025-07-14 16:00:00+00:00,502.915,504.615,501.99,502.325,27519.0,,,,,,,,,,,,,,,,,,,,,501.01882613389574,499.3234603608896,494.9583351997046,489.52412839103954,483.89402770056205,481.2874571984408,477.63234852155466,472.6123913592603,465.8070418687597,457.0524059822717,441.4216510831168,,499.3234603608896,457.0524059822717,,,478.59382489086323,"rgba(38, 166, 154, 0.5)",3.582011774314732,488.37614099028895,3.8941410270432666,56.23763132454786,10.71914382202516,False,True,True,False,False,12.662299026155804,0.0,0.0,0.0,0.0,1,1.0278623489251772,0.9355721622535904,False,False,False,False,0.31901268029754404,0.31557637134157,False,False,False,False,2723842.0,2509346.391966492,False,False,False,False,50710.30003699449,False,False,False,False
2025-07-14 17:00:00+00:00,502.345,503.95,501.905,502.65,32316.0,,,,,,,,,,,,,,,,,,,,,501.066832732005,499.3799485869928,495.0052388479232,489.5799613839026,483.95542065988207,481.3504932787232,477.69572407121757,472.6766679515312,465.87432732639047,457.127227845188,441.5034737854834,,499.3799485869928,457.127227845188,,,478.6559378608399,"rgba(38, 166, 154, 0.5)",3.588445128662188,488.42767025791125,3.9633683203039456,55.378623186324745,9.728939876303592,False,True,True,False,False,13.069760084781628,0.0,0.0,0.0,0.0,1,1.0229351430554479,0.9346957661756767,False,False,False,False,0.30992332876379874,0.3127498500526844,False,False,False,False,2756158.0,2513172.9285251508,False,False,False,False,50425.1170906845,False,False,False,False
2025-07-14 18:00:00+00:00,502.695,503.39,502.03,503.26,30143.0,,,,,,,,,,,,,,,,,,,,,501.11078227485825,499.43188678353886,495.0488100648295,489.63184682292797,484.0125035888985,481.40911786910283,477.75468797795395,472.7364919755136,465.93696701410516,457.1968871957278,441.5796706626552,,499.43188678353886,457.1968871957278,,,478.7136047481919,"rgba(38, 166, 154, 0.5)",3.6136670938041244,488.47620801420925,4.091077457339264,56.196052520466104,9.728939876303592,False,True,True,False,False,13.835454499347655,0.0,0.0,0.0,0.0,1,1.0218159281066002,0.9371087697551906,False,False,False,False,0.3046742436102449,0.3087120468314647,False,False,False,False,2786301.0,2517407.472268947,False,False,False,False,50110.66566292195,False,False,False,False
2025-07-14 19:00:00+00:00,503.26,503.48,502.27,503.105,59283.0,,,,,,,,,,,,,,,,,,,,,501.19396321917407,499.53132967660025,495.1337404032922,489.73316407218675,484.1241157889802,481.5238009836539,477.8701196358112,472.8536872570737,466.0597391683493,457.3334453101107,441.72912055937434,,499.53132967660025,457.3334453101107,,,478.826020552237,"rgba(38, 166, 154, 0.5)",3.647606184040665,488.57173211099825,3.9843303130115926,56.2575246277141,9.728939876303592,False,True,True,False,False,13.551581018112639,0.0,0.0,0.0,0.0,1,1.0294752314235671,0.9336533650237678,False,False,False,False,0.3086548019180439,0.30868342437475427,False,False,False,False,2727018.0,2520657.2478926843,False,False,False,False,50252.87239683014,False,False,False,False
2025-07-15 14:00:00+00:00,505.22,506.29,504.09,504.83,45225.0,,,,,,,,,,,,,,,,,,,,,501.3231195129955,499.64818574844367,495.2145390519222,489.8216463710091,484.2178611736891,481.61903924013563,477.96484727758605,472.94873156369243,466.1581981616115,457.44188613953906,441.8465702360855,,499.64818574844367,457.44188613953906,,,478.92769313424634,"rgba(38, 166, 154, 0.5)",3.721723562982217,488.6783709522362,4.3398250231195235,59.77314577937277,5.852235670715501,False,False,True,False,True,15.703370731823007,0.0,0.0,0.0,0.0,1,1.0343299937382588,0.9214151534126486,False,False,False,False,0.342828252020575,0.3257558381976646,False,False,False,False,2772243.0,2524557.8021889217,False,False,False,False,50174.92088680177,False,False,False,False
2025-07-15 15:00:00+00:00,504.83,507.435,504.665,507.28,54868.0,,,,,,,,,,,,,,,,,,,,,501.52271752626723,499.8181949570615,495.32439799655924,489.9372954867179,484.3379814998734,481.7403428216568,478.0847392616474,473.0682486580492,466.2812289310686,457.57660972498115,441.9915993479571,,499.8181949570615,457.57660972498115,,,479.06212329198536,"rgba(38, 166, 154, 1.0)",3.861989696308382,488.82805909410655,4.7778327641659315,65.17450069713114,10.857213128482904,True,False,True,False,True,18.567353751845566,0.0,0.0,0.0,0.0,1,1.0338866806951912,0.9135687008027432,False,False,False,False,0.34282825200164896,0.3342920450996568,False,False,False,False,2827111.0,2529248.5494418065,False,False,False,False,50247.68180328546,False,False,False,False
2025-07-15 16:00:00+00:00,507.27,507.84,505.94,506.405,33657.0,,,,,,,,,,,,,,,,,,,,,501.64390429768605,499.92239169960703,495.3923299962211,490.0085837455286,484.4119115141817,481.8149694600327,478.1584759287965,473.14172737284247,466.356828703006,457.6593373355616,442.08060998329233,,499.92239169960703,457.6593373355616,,,479.14464273061424,"rgba(38, 166, 154, 1.0)",3.9676993413111186,488.91877798371263,4.407143916935262,66.24461778457142,11.739328435530872,True,False,True,False,True,16.948890589596612,0.0,0.0,0.0,0.0,1,1.0342240233014623,0.9190305831697586,False,False,False,False,0.34282825206596446,0.33856014858281064,False,False,False,False,2793454.0,2533344.7579775923,False,False,False,False,49990.461930366306,False,False,False,False
2025-07-15 17:00:00+00:00,506.435,508.325,506.385,508.26,22400.0,,,,,,,,,,,,,,,,,,,,,501.7356429839792,499.99923800158297,495.440760385568,490.0583099371615,484.4628802827386,481.8662312581947,478.2089281808457,473.1917994459485,466.40814013137395,457.7152802308498,442.14056310372257,,499.99923800158297,457.7152802308498,,,479.2025249038151,"rgba(38, 166, 154, 1.0)",4.1183772136427,488.9843665900568,4.680395313496282,68.98626633894452,14.266702568977195,True,False,True,False,True,19.042736532016736,0.0,0.0,0.0,0.0,0,1.039084159204614,0.918501641120423,False,False,False,False,0.34282825210011536,0.340694200341463,False,False,False,False,2815854.0,2537724.7462260015,False,False,False,False,49562.70283067071,False,False,False,False
2025-07-15 18:00:00+00:00,508.26,508.39,506.78,506.895,21461.0,,,,,,,,,,,,,,,,,,,,,501.8166018811661,500.0685994799787,495.48566615870106,490.10487731543674,484.5108708306466,481.91458153777637,478.256610357069,473.23921771856345,466.4568224941523,457.7684376723624,442.1976362658603,,500.0685994799787,457.7684376723624,,,479.2563565192467,"rgba(38, 166, 154, 1.0)",4.2259421605272385,489.0437724144904,4.224200641516221,67.40258924326545,14.266702568977195,True,False,True,False,True,16.56293698000614,0.0,0.0,0.0,0.0,0,1.0383542427189107,0.9131689276434298,False,False,False,False,0.34282825211664275,0.3417612262290529,False,False,False,False,2794393.0,2541704.098997691,False,False,False,False,49127.017515466505,False,False,False,False
2025-07-15 19:00:00+00:00,506.9,507.445,505.605,505.96,42161.0,,,,,,,,,,,,,,,,,,,,,501.9410138854706,500.18260180027295,495.56542203404604,490.190276784038,484.60038995033335,482.0052546233247,478.34656869131624,473.3292213514898,466.549751707418,457.87039895132415,442.3077205920757,,500.18260180027295,457.87039895132415,,,479.3535109428281,"rgba(38, 166, 154, 0.75)",4.304989325197858,489.1438451818859,3.9062012813100724,64.29636628987161,14.266702568977195,True,False,True,False,False,14.905899268890426,0.0,0.0,0.0,0.0,0,1.0350533212184974,0.9159453557138983,False,False,False,False,0.31865115153818874,0.33020618888362085,False,False,False,False,2752232.0,2544968.097462843,False,False,False,False,49019.01724390888,False,False,False,False
2025-07-16 14:00:00+00:00,502.81,504.995,502.53,504.255,60110.0,,,,,,,,,,,,,,,,,,,,,502.01599294397795,500.27723448685146,495.6521326502567,490.2925475898345,484.71274627545466,482.12068156525714,478.4628747482153,473.4473910113068,466.6735166469247,458.00783783987777,442.45813580277144,,500.27723448685146,458.00783783987777,,,479.465553778248,"rgba(38, 166, 154, 0.5)",4.344427257783881,489.2382531978659,3.456553858792017,59.04649088545762,14.502107149604456,False,False,True,False,False,11.97700415809867,0.0,0.0,0.0,0.0,0,1.0295055441869319,0.9177176033883786,False,False,False,False,0.25722617243543855,0.2937161806595297,False,False,False,False,2692122.0,2547249.5533161326,False,False,False,False,49190.97046493355,False,False,False,False
2025-07-16 15:00:00+00:00,504.33,506.195,501.89,504.175,28223.0,,,,,,,,,,,,,,,,,,,,504.08666666666664,502.05206513231883,500.32191219745255,495.6930030935681,490.34059986625266,484.7654861919181,482.17485338575983,478.517459813367,473.50284961780415,466.7315931187758,458.0723097738387,442.52868925682867,,500.32191219745255,458.0723097738387,,,481.56562400954584,"rgba(38, 166, 154, 0.5)",4.357881580980738,491.15099463803426,2.9886092864034883,55.407523278516564,11.292625725482239,False,True,True,False,False,11.841552994858702,0.0,0.0,0.0,0.0,0,1.026762535596847,0.9144889000770936,False,False,False,False,0.2633592095044134,0.27853769508197157,False,False,False,False,2663899.0,2549058.071869371,False,False,False,False,48865.88565152373,False,False,False,False
2025-07-16 16:00:00+00:00,504.455,506.265,503.295,505.01,22581.0,,,,,,,,,,,,,,,,,,,,504.4289107813033,502.0906183451098,500.364069050302,495.72839279599043,490.3809458389114,484.8091500898329,482.2195201428653,478.5622758599123,473.54819075211935,466.7788851080914,458.12462450772676,442.58572694045796,,500.364069050302,458.12462450772676,,,481.63510918438516,"rgba(38, 166, 154, 0.5)",4.3932634733103795,491.2063925195196,3.1419940015751373,54.56619932374875,10.574901225316637,False,True,True,False,False,12.872024317990363,0.0,0.0,0.0,0.0,0,1.045935107546482,0.9124411545594319,False,False,False,False,0.2771613622152369,0.27784952864860424,False,False,False,False,2686480.0,2551188.644398528,False,False,False,False,48458.36804452336,False,False,False,False
2025-07-16 17:00:00+00:00,505.07,506.555,503.91,505.32,20098.0,,,,,,,,,,,,,,,,,,,,504.66496516318296,502.128946741433,500.4042600249208,495.7610492687308,490.41766661489373,484.8486352789645,482.25983626202725,478.6026482699077,473.58895663541443,466.82132495449036,458.17149109576684,442.63673464556945,,500.4042600249208,458.17149109576684,,,481.6922095796085,"rgba(38, 166, 154, 0.5)",4.437615825665103,491.254190425848,3.169677170520693,54.58434656641931,10.433618767136956,False,True,True,False,False,13.253673848913593,0.0,0.0,0.0,0.0,0,1.0432914162477602,0.9146223497883001,False,False,False,False,0.28751471300672593,0.2826821208276651,False,False,False,False,2706578.0,2553597.7816946753,False,False,False,False,48018.6724159261,False,False,False,False
2025-07-16 18:00:00+00:00,505.305,506.86,503.555,506.115,14799.0,,,,,,,,,,,,,,,,,,,,504.81088727086035,502.1587731623331,500.4349267415994,495.785577743386,490.44504043316266,484.8779650762821,482.28975216838955,478.63257439723526,473.6191421609771,466.8527168979842,458.20612307198616,442.67438944147887,,500.4349267415994,458.20612307198616,,,481.7323223804729,"rgba(38, 166, 154, 0.5)",4.504385775684995,491.2887620303013,3.291511586270389,56.05071610786281,10.433618767136956,False,True,True,False,False,14.230555949452167,0.0,0.0,0.0,0.0,0,1.0401047037360196,0.917759974617276,False,False,False,False,0.2869365308606446,0.28480932584415486,False,False,False,False,2721377.0,2556199.0098854555,False,False,False,False,47503.63873505902,False,False,False,False
2025-07-16 19:00:00+00:00,506.115,507.01,503.92,505.65,43085.0,,,,,,,,,,,,,,,,,,,,505.0503492874484,502.24310433175543,500.52243315454,495.85641215611383,490.52426021537144,484.9629506835045,482.3764732131036,478.71937569512335,473.7067442589204,466.9438595991457,458.30669624181286,442.7837882136731,,500.52243315454,458.30669624181286,,,481.83303725420933,"rgba(38, 166, 154, 0.5)",4.5577441027643655,491.37907775844303,3.1311372292492985,55.85848631594787,10.433618767136956,False,True,True,False,False,13.395870667085585,0.0,0.0,0.0,0.0,1,1.042211389319743,0.9130131999620144,False,False,False,False,0.29290083465010397,0.2888550802471294,False,False,False,False,2678292.0,2558091.9244608744,False,False,False,False,47435.13270815888,False,False,False,False
2025-07-17 14:00:00+00:00,509.79,511.47,509.13,511.26,76292.0,,,,,,,,,,,,,,,,,,,,507.1223403940614,502.59875564913347,500.8206444485393,496.0440952756663,490.70945194503105,485.14858514643055,482.56189352314493,478.90065425902065,473.8853314980946,467.1253660020956,458.5028362050764,442.99222263816705,,500.8206444485393,458.5028362050764,,,482.20101474870506,"rgba(38, 166, 154, 1.0)",4.747399351600891,491.7175655570305,4.1164505017635555,62.361207835039224,6.802819394043432,True,False,True,False,True,19.75747311341633,0.0,0.0,0.0,0.0,0,1.0475652964600382,0.90330166494215,False,False,False,False,0.34282825221580177,0.3158416662314656,False,False,False,False,2754584.0,2561138.313228923,False,False,False,False,47882.525999505255,False,False,False,False
2025-07-17 15:00:00+00:00,511.105,513.935,510.77,512.97,63115.0,,,,,,,,,,,,,,,,,,,,508.401615745626,502.9366988822655,501.10058147760213,496.2159659797088,490.87476302699315,485.31167193393867,482.72392871154636,479.0581425017152,474.0394996926444,467.2810277338646,458.66998467423593,443.1686055995879,,501.10058147760213,458.66998467423593,,,482.48187382997736,"rgba(38, 166, 154, 1.0)",4.985490656902987,491.9964832144732,4.206911260877922,67.78719600201568,11.763357429481445,True,False,True,False,True,20.0,0.0,0.0,0.0,0.0,0,1.0487282505041662,0.8980099113605452,False,False,False,False,0.34282825234217457,0.3293349592868201,False,False,False,False,2817699.0,2565115.998295141,False,False,False,False,48118.688387109825,False,True,False,False
2025-07-17 16:00:00+00:00,512.94,514.05,512.105,512.765,38185.0,,,,,,,,,,,,,,,,,,,,508.97140546971383,503.1385940347733,501.2694573765268,496.3208195745913,490.97545936552496,485.4108902042089,482.8224657821586,479.1538819100061,474.1331756403761,467.37554577979733,458.77138460235864,443.2755205071286,,501.2694573765268,458.77138460235864,,,482.63488335393043,"rgba(38, 166, 154, 1.0)",5.192363808410936,494.14100632342524,3.5868044620460453,70.94312467070844,14.546758690021704,True,False,True,False,True,20.0,0.0,0.0,0.0,0.0,0,1.0528951830685174,0.9007724674998431,False,False,False,False,0.34282825238341147,0.3360816058351158,False,False,False,False,2779514.0,2568439.998321573,False,False,False,False,47964.67771444145,False,False,False,False
2025-07-17 17:00:00+00:00,512.765,513.395,512.105,512.77,43220.0,,,,,,,,,,,,,,,,,,,,509.4393686415063,503.35270581624195,501.45146375658163,496.43640329383476,491.08722011072757,485.5214598797569,482.93242816625485,479.2609051998225,474.23807270133307,467.48155001260824,458.8852420551783,443.39576359866993,,501.45146375658163,458.8852420551783,,,482.79021526937635,"rgba(38, 166, 154, 1.0)",5.363016331426548,494.29311334185934,3.4452415425007366,73.05073711467847,16.46104698760459,True,False,True,False,True,20.0,0.0,0.0,0.0,0.0,0,1.0493232609379919,0.9022977651872834,False,False,False,False,0.3361879944160276,0.33613480012557173,False,False,False,False,2822734.0,2572382.540983254,False,False,False,False,47891.11681964391,False,False,False,False
2025-07-17 18:00:00+00:00,512.79,513.115,511.54,511.765,29299.0,,,,,,,,,,,,,,,,,,,,509.6482005883745,503.48334417001223,501.56504811093794,496.5109118672487,491.16019556569336,485.59422265556043,483.00498190648557,479.3317412347699,474.30772609407296,467.55215453364565,458.9612732925727,443.4763178163724,,501.56504811093794,458.9612732925727,,,482.88300981964545,"rgba(38, 166, 154, 1.0)",5.42824916856371,494.37869195087904,3.2029310942115945,71.92105062855579,16.46104698760459,True,False,True,False,True,19.29063599607837,0.0,0.0,0.0,0.0,0,1.0462141855813,0.9038070786145194,False,False,False,False,0.32766348162684866,0.3318991408762102,False,False,False,False,2793435.0,2575809.7108904906,False,False,False,False,47602.866946471135,False,False,False,False
2025-07-17 19:00:00+00:00,511.78,512.76,510.99,511.69,86556.0,,,,,,,,,,,,,,,,,,,,510.0508303487856,503.83380318295735,501.8769882948806,496.72243918777906,491.3695456327108,485.8042589283397,483.21485255076215,479.5371697275752,474.510247123123,467.7579200177466,459.18325238020816,443.7120677371811,,501.8769882948806,459.18325238020816,,,483.1311145926709,"rgba(38, 166, 154, 1.0)",5.511010112441813,494.6145478550028,3.0984251156511533,70.977635911351,16.46104698760459,True,False,True,False,True,19.15448572157084,0.0,0.0,0.0,0.0,0,1.045470317330137,0.9049586776859502,False,False,False,False,0.31858436458106293,0.32524175272863654,False,False,False,False,2706879.0,2577841.7928921883,False,False,False,False,48206.791489936695,False,False,False,False
2025-07-18 14:00:00+00:00,512.03,512.135,508.8,510.255,71736.0,,,,,,,,,,,,,,,,,,,,510.09701318964704,504.0549297861787,502.0866231047719,496.87732154232924,491.5280593631462,485.96645619568613,483.3779839044769,479.698079248636,474.6701310504451,467.92157298121555,459.36090218943224,443.90218481583776,,502.0866231047719,459.36090218943224,,,483.29510478098365,"rgba(38, 166, 154, 0.75)",5.543051004764236,494.75469106510064,2.7963496856833685,66.89540297654679,16.46104698760459,True,False,True,False,False,16.57292927768303,0.0,0.0,0.0,0.0,0,1.0387345557566696,0.908428425277406,False,False,False,False,0.29065845184320177,0.3079501022859191,False,False,False,False,2635143.0,2578730.183700061,False,False,False,False,48571.58542032527,False,False,False,False
2025-07-18 15:00:00+00:00,510.255,510.875,508.4,509.795,36207.0,,,,,,,,,,,,,,,,,,,,510.0713124059695,504.1491575342624,502.179893046673,496.95015295620044,491.6041075972674,486.04516695814294,483.4574450786055,479.7768039646197,474.7487032807431,468.0023304033076,459.44886434189254,443.9967153150402,,502.179893046673,459.44886434189254,,,483.3692210735603,"rgba(38, 166, 154, 0.5)",5.537258779646213,494.8154651237802,2.7052257213048096,63.169606540761905,19.719679434011894,False,False,True,False,False,15.758956355783003,0.0,0.0,0.0,0.0,0,1.0371508732110206,0.9134354706512828,False,False,False,False,0.2743974776345796,0.29117378996024934,False,False,False,False,2598936.0,2579043.4521698277,False,False,False,False,48379.886421560535,False,False,False,False
2025-07-18 16:00:00+00:00,509.625,509.9,507.775,509.88,23210.0,,,,,,,,,,,,,,,,,,,,510.0368318426789,504.2025652129212,502.23454816314825,496.99457313734496,491.6511713159561,486.09427749433735,483.5071548796882,479.826204045692,474.7981604692945,468.0533096581212,459.50452457801885,444.05670530550964,,502.23454816314825,459.50452457801885,,,483.41333550855916,"rgba(38, 166, 154, 0.5)",5.516166739273903,494.84999717737,2.7247187282464886,60.84149426374749,17.450805917930083,False,True,True,False,False,15.858079095042712,0.0,0.0,0.0,0.0,0,1.0282922857724404,0.9145438319059322,False,False,False,False,0.25885721381026044,0.2750155018852549,False,False,False,False,2622146.0,2579711.708725334,False,False,False,False,47989.65562432704,False,False,False,False
2025-07-18 17:00:00+00:00,509.85,511.84,509.125,510.58,16197.0,,,,,,,,,,,,,,,,,,,,510.0494703082937,504.24894038459956,502.2793887547089,497.02874216977176,491.6863455016118,486.1303926642973,483.54352189844326,479.8621367386611,474.83392153048936,468.08995853790594,459.5443309668881,444.09935727216447,,502.2793887547089,459.5443309668881,,,483.44970889398627,"rgba(38, 166, 154, 0.5)",5.49322882291253,494.8839724989317,2.8573409204436127,60.5900414467943,16.998038723501764,False,True,True,False,False,16.6781193143672,0.0,0.0,0.0,0.0,0,1.032245544308514,0.9092405141899024,False,False,False,False,0.2909536807453632,0.28298459131530906,False,False,False,False,2638343.0,2580620.7209931584,False,False,False,False,47496.74623480259,False,False,False,False
2025-07-18 18:00:00+00:00,510.78,512.04,509.9,511.655,20619.0,,,,,,,,,,,,,,,,,,,,510.0868678200841,504.3133314639232,502.3404520405651,497.07418209972775,491.73255157614034,486.17749755313224,483.5908454872538,479.90877500156444,474.8802122321902,468.1372716129952,459.5955933967869,444.1541324886513,,502.3404520405651,459.5955933967869,,,483.49930939775123,"rgba(38, 166, 154, 0.5)",5.4781178937326285,494.93300422219653,3.0525074673793786,62.19641228204786,16.998038723501764,False,True,True,False,False,17.91840065065006,0.0,0.0,0.0,0.0,0,1.0344231955582972,0.9092227020357803,False,False,False,False,0.3005758487337434,0.2917802200245262,False,False,False,False,2658962.0,2581835.314466133,False,False,False,False,47080.03699085215,False,False,False,False
2025-07-18 19:00:00+00:00,511.57,512.26,508.87,510.0,88343.0,,,,,,,,,,,,,,,,,,,,510.12233878293716,504.5448507563536,502.56946837515744,497.25448017221646,491.9198178875796,486.37076993688663,483.78580477499276,480.10183061215133,475.072762654331,468.3349705340314,459.810603514806,444.38494651837294,,502.56946837515744,459.810603514806,,,483.689387043318,"rgba(38, 166, 154, 0.5)",5.405698759740218,495.1090259191348,2.7546807069176764,59.17674784163222,15.271153256709724,False,True,True,False,False,14.914524662658984,0.0,0.0,0.0,0.0,0,1.030922799841265,0.909490521688696,False,False,False,False,0.29257832342764883,0.2921792717260875,False,False,False,False,2570619.0,2581661.4181178203,False,False,False,False,47719.77285145909,False,False,False,False
2025-07-21 14:00:00+00:00,511.545,512.375,510.545,510.71,32235.0,,,,,,,,,,,,,,,,,,,,510.1688384637489,504.6364373581642,502.6583922210661,497.3231581251559,491.99025814958424,486.4429470011238,483.8584448893967,480.1735880731523,475.1441483543579,468.4080685362995,459.88989017611345,444.4698253274619,,502.6583922210661,459.88989017611345,,,483.7636663896354,"rgba(38, 166, 154, 0.5)",5.308840890776381,495.1820171353903,2.9249290351850816,58.460639341557254,14.325875964437259,False,True,True,False,False,15.752982143061697,0.0,0.0,0.0,0.0,0,1.0341248314215143,0.9081417726122465,False,False,False,False,0.31030213134957674,0.3012407015378321,False,False,False,False,2602854.0,2581989.9852787843,False,False,False,False,47479.69885376205,False,False,False,False
2025-07-21 15:00:00+00:00,510.635,510.83,509.79,510.805,41429.0,,,,,,,,,,,,,,,,,,,,510.18478453346137,504.73775893530825,502.76043122359494,497.4058183333089,492.0766039806052,486.53236189401173,483.9487464633092,480.26315478598445,475.2336201092445,468.50004317926306,459.98997804364353,444.57739908588627,,502.76043122359494,459.98997804364353,,,483.85089171396845,"rgba(38, 166, 154, 0.5)",5.188240177952425,495.2631500320834,2.995591845181369,58.16004858973029,13.674066795871397,False,True,True,False,False,15.865647544587787,0.0,0.0,0.0,0.0,1,1.0317366807147927,0.9130979894563523,False,False,False,False,0.28756151143395753,0.2944011064858948,False,False,False,False,2644283.0,2582955.7684527566,False,False,False,False,47385.8895692076,False,False,False,False
2025-07-21 16:00:00+00:00,510.805,511.355,508.83,510.98,55107.0,,,,,,,,,,,,,,,,,,,,510.19797264509276,504.8652500469138,502.89062161729396,497.5134538024999,492.1896797522917,486.6498447162056,484.06752691808606,480.38113563796026,475.35164056100774,468.621510941452,460.122270757273,444.71975917874283,,502.89062161729396,460.122270757273,,,483.9642222145683,"rgba(38, 166, 154, 0.5)",5.084759420103957,495.3675782058218,3.070434705809348,58.31253013476554,13.396455980451634,False,True,True,False,False,16.07626903374559,0.0,0.0,0.0,0.0,1,1.0331832330986126,0.9151228504941215,False,False,False,False,0.2832935800689158,0.2888473432774053,False,False,False,False,2699390.0,2584760.9503372097,False,False,False,False,47505.596707669494,False,False,False,False
2025-07-21 17:00:00+00:00,511.075,511.955,509.025,510.34,43201.0,,,,,,,,,,,,,,,,,,,,510.20967163904663,504.96214143026634,502.99029969681595,497.5969280517303,492.27760232971235,486.7413377706618,484.1600822306557,480.4731403696003,475.44374537119614,468.716361000901,460.22560275981306,444.8310195555432,,502.99029969681595,460.22560275981306,,,484.05232768382854,"rgba(38, 166, 154, 0.5)",5.123008528038373,495.44877077182866,2.9067352019172303,56.59562074355469,11.372621383843224,False,True,True,False,False,14.88159492023195,0.0,0.0,0.0,0.0,1,1.0331953342197508,0.9146772633869211,False,False,False,False,0.2911013136960861,0.2899743284867457,False,False,False,False,2656189.0,2585868.3619598886,False,False,False,False,47438.85877421725,False,False,False,False
2025-07-21 18:00:00+00:00,510.34,511.69,508.95,510.52,28867.0,,,,,,,,,,,,,,,,,,,,510.2152095680631,505.02441656595005,503.0549841589244,497.6518782930144,492.3357106046413,486.8019456997171,484.2214418726102,480.5341960010082,475.504927591041,468.77941985893085,460.29434012287584,444.90509398822604,,503.0549841589244,460.29434012287584,,,484.11029702708356,"rgba(38, 166, 154, 0.5)",5.171567498095993,495.5018210815336,2.9039897330926467,55.89763818740636,10.356924926243735,False,True,True,False,False,15.107063631891812,0.0,0.0,0.0,0.0,1,1.033844806234331,0.9136889479566253,False,False,False,False,0.2877579824572926,0.28886615547201916,False,False,False,False,2685056.0,2587406.15479772,False,False,False,False,47150.92297926815,False,False,False,False
2025-07-21 19:00:00+00:00,510.565,511.69,508.835,510.11,60043.0,,,,,,,,,,,,,,,,,,,,510.21499308500404,505.14539342063995,503.18284130453117,497.76312499465234,492.4542282512659,486.9260914299793,484.34730645898975,480.65965617290703,475.63086703825894,468.90942298370305,460.43621388283765,445.0582225960747,,503.18284130453117,460.43621388283765,,,484.2273634682369,"rgba(38, 166, 154, 0.5)",5.198036033309027,495.6072225233008,2.7900494309322608,54.19154267668793,8.43973060011492,False,True,True,False,False,14.328393293815296,0.0,0.0,0.0,0.0,1,1.035152174899079,0.9138809513010081,False,False,False,False,0.2866285688041244,0.2877473621380718,False,False,False,False,2625013.0,2587989.2066613208,False,False,False,False,47350.80014238027,False,False,False,False
2025-07-22 14:00:00+00:00,507.965,510.545,507.07,508.81,55049.0,,,,,,,,,,,,,,,,,,,,510.1403708327551,505.22207546213093,503.27349905251884,497.8520969766071,492.55303706399593,487.031969972842,484.45543273957173,480.76833477204184,475.7408779588446,469.02387299197716,460.56193340581785,445.1949749519714,,503.27349905251884,460.56193340581785,,,484.31820634842296,#000000,5.199565762358672,495.6793095735353,2.525343658795891,49.73830507812696,4.126786002610324,False,True,False,False,False,11.898754214154632,0.0,0.0,0.0,0.0,1,1.0339461450220369,0.91239509750649,False,False,False,False,0.2582768699811357,0.27301211605960374,False,False,False,False,2569964.0,2587709.746092928,False,False,False,False,47470.15207815732,False,False,False,False
2025-07-22 15:00:00+00:00,508.775,510.47,506.36,506.965,33864.0,,,,,,,,,,,,,,,,,,,,510.07057020761,505.2565262592209,503.319225146771,497.9017977824102,492.6099831925815,487.09399317594693,484.51909682235816,480.83269649326235,475.80640613223153,469.09240832742233,460.63754764194783,445.2776532618897,,503.319225146771,460.63754764194783,,,484.3681587036377,"rgba(239, 83, 80, 1.0)",5.178146301244539,495.715018594385,2.172588557977029,43.526679152040494,-1.5494290471707615,False,True,False,True,False,8.605581881057862,0.0,0.0,0.0,0.0,1,1.0318088471166673,0.9096850594354752,False,False,False,False,0.2506995426265445,0.2618558293430741,False,False,False,False,2536100.0,2586909.594990712,False,False,False,False,47259.20398392232,False,False,False,False
2025-07-22 16:00:00+00:00,507.16,507.73,505.75,506.925,32509.0,,,,,,,,,,,,,,,,,,,,509.9743182657363,505.2751582838392,503.35173572933616,497.9437272645017,492.6602527148211,487.14997917234336,484.57695537179137,480.89163212684804,475.86685793194584,469.15606699045156,460.7081806236547,445.3553908206637,,503.35173572933616,460.7081806236547,,,484.40918794132773,"rgba(239, 83, 80, 1.0)",5.15390225814012,495.73913105433894,2.170368855558719,39.32569484588358,-5.1846076339080795,False,True,False,True,False,8.53554774469087,0.0,0.0,0.0,0.0,1,1.0341906020910947,0.9162210070904937,False,False,False,False,0.20928022268412705,0.23556802601360058,False,False,False,False,2503591.0,2585617.8338280655,False,False,False,False,47030.518650838254,False,False,False,False
2025-07-22 17:00:00+00:00,506.89,507.71,505.775,506.59,29207.0,,,,,,,,,,,,,,,,,,,,509.8897171577502,505.2903397910699,503.3795158649675,497.98059874953015,492.7047645721761,487.19972795187454,484.6284254606358,480.9441300658032,475.92077637531446,469.21291012729563,460.77130420567715,445.424940359608,,503.3795158649675,460.77130420567715,,,484.44559589014193,"rgba(239, 83, 80, 1.0)",5.1247537422684255,495.7603668044277,2.1132007000162014,35.9928931109229,-8.04160143575249,False,True,False,True,False,7.941793583598244,0.0,0.0,0.0,0.0,0,1.0297767877437831,0.9267778939552361,False,False,False,False,0.20514343798026746,0.22035573199693403,False,False,False,False,2474384.0,2583893.2782648397,False,False,False,False,46754.18502834464,False,False,False,False
2025-07-22 18:00:00+00:00,506.57,506.9,505.51,506.24,41887.0,,,,,,,,,,,,,,,,,,,,509.7587965399976,505.3043623660211,503.41296013601385,498.03008445852726,492.7659589776849,487.26890635857603,484.7002439091188,481.0176656583277,475.99658609295693,469.29310204604974,460.8605972152366,445.52363827182256,,503.41296013601385,460.8605972152366,,,484.49440850252773,"rgba(239, 83, 80, 1.0)",5.09111421812134,495.78611991589196,2.0533579951709693,33.21177981467821,-10.478706543311283,False,True,False,True,False,7.318019372416622,0.0,0.0,0.0,0.0,0,1.0229570088905127,0.9292260382413834,False,False,False,False,0.17540896100161613,0.19788234649927508,False,False,False,False,2432497.0,2581546.0491444543,False,False,False,False,46678.72479534704,False,False,False,False
2025-07-22 19:00:00+00:00,506.4,506.505,505.18,505.455,48976.0,,,,,,,,,,,,,,,,,,,,509.5969435102277,505.3114751622089,503.44423508928367,498.0836849113943,492.8341594359724,487.34702521368536,484.781663083988,481.10139902720266,476.0832778250562,469.3851538872714,460.96340459553886,445.63768059176726,,503.44423508928367,460.96340459553886,,,484.5475085277997,"rgba(239, 83, 80, 1.0)",5.051859890310361,495.8108796147233,1.9090237248610984,30.195144497338532,-13.225893633838439,False,True,False,True,False,5.925141632070407,0.0,0.0,0.0,0.0,0,1.0170061178657166,0.9470456129481916,False,False,False,False,0.1498768250497431,0.17387958577450907,False,False,False,False,2383521.0,2578475.8933437653,False,False,False,False,46714.341465186626,False,False,False,False
2025-07-23 14:00:00+00:00,503.07,504.515,499.685,502.485,88393.0,,,,,,,,,,,,,,,,,,,502.22833333333335,509.1007014686118,505.21764265858604,503.4151142762441,498.13522103858054,492.92262809436767,487.45991618635514,484.9028225627928,481.2298978921042,476.22021454204133,469.5342934720321,461.1334081911448,445.8305398866657,,503.4151142762441,461.1334081911448,,,485.9485179694508,"rgba(239, 83, 80, 1.0)",5.013476390938503,497.08127423289204,1.0778400745787526,25.370511840566174,-17.658774634526466,False,True,False,True,False,0.9628739312046655,0.0,0.0,0.0,0.0,0,0.9852542606458726,0.9518428346119097,False,False,False,False,0.05507126139390483,0.11447542358420695,False,False,True,False,2295128.0,2574082.9027492884,False,False,False,False,47360.52221766435,False,False,True,False
2025-07-23 15:00:00+00:00,502.48,505.405,500.105,504.51,54299.0,,,,,,,,,,,,,,,,,,,502.6513590694176,508.8718506969771,505.183183681965,503.4140251993263,498.17467545774423,492.98254616354893,487.5335751686277,484.98114108527295,481.31219942102103,476.30718975422946,469.62833116069044,461.23995330617197,445.9506835530249,,503.4140251993263,461.23995330617197,,,486.0177472090782,"rgba(239, 83, 80, 0.75)",4.969455580417332,497.0993626889306,1.4912372575120239,28.09095973105123,-17.658774634526466,False,True,False,True,True,3.992195043471856,0.0,0.0,0.0,0.0,0,0.9890521507422917,0.9512295393985531,False,False,False,False,0.04648960591097191,0.08048251474758944,False,False,False,False,2349427.0,2570599.8654973614,False,False,False,False,47468.09551661529,False,False,False,False
2025-07-23 16:00:00+00:00,504.5,505.355,501.855,503.885,52672.0,,,,,,,,,,,,,,,,,,,502.9336333288972,508.6798824471194,505.15721220522664,503.4179683897771,498.21499599463004,493.04200211448085,487.60598214350534,485.0579502181527,481.39274076971765,476.39213878053823,469.72001689413014,461.34366852434505,446.06747328691813,,503.4179683897771,461.34366852434505,,,486.0788973151876,"rgba(239, 83, 80, 0.75)",4.924227796047066,497.11731335168076,1.3743650636455125,29.14048908547069,-17.658774634526466,False,True,False,True,True,2.987236367198747,0.0,0.0,0.0,0.0,0,0.991414535604426,0.9623984206418436,False,False,False,False,0.059456390110116435,0.06996945242885294,False,False,False,False,2296755.0,2566354.208667945,False,False,False,False,47548.77620628018,False,False,False,False
2025-07-23 17:00:00+00:00,503.825,505.87,503.695,505.175,30005.0,,,,,,,,,,,,,,,,,,,503.1972050651746,508.6019144013003,505.1548062024552,503.42969038893835,498.24273418983694,493.0794057640029,487.6500324418015,485.10425759661103,481.4408482592339,476.4424382245007,469.7738858245973,461.4042128145285,446.1351906495808,,503.42969038893835,461.4042128145285,,,486.1274324478894,"rgba(239, 83, 80, 0.75)",4.855270705284798,497.1420598323431,1.6544783298927799,32.98003489955191,-24.28596332813699,False,True,False,True,True,4.866438651906542,0.0,0.0,0.0,0.0,0,0.9908547794117648,0.9620404411764705,False,False,False,False,0.09329538757339288,0.08163242000112292,False,False,False,False,2326760.0,2562639.569773868,False,False,False,False,47276.77967595025,False,False,False,False
2025-07-23 18:00:00+00:00,505.205,506.07,504.28,505.2,39643.0,,,,,,,,,,,,,,,,,,,503.49430890550866,508.51090764021467,505.15517325537235,503.44766641783167,498.28050109388033,493.1295833331156,487.70879448018667,485.16593873153204,481.50483521795127,476.5092507496636,469.84535072496186,461.4844419797582,446.22483097936305,,503.44766641783167,461.4844419797582,,,486.18935257764156,"rgba(239, 83, 80, 0.75)",4.796798840590689,497.17515489509907,1.6729584399067108,35.59863451985454,-21.689054534755144,False,True,False,True,True,4.902612116892161,0.0,0.0,0.0,0.0,0,0.9920848382386847,0.9631138092676552,False,False,False,False,0.10461874006004532,0.09312558003058412,False,False,False,False,2366403.0,2559597.1423355136,False,False,False,False,47158.42650267971,False,False,False,False
2025-07-23 19:00:00+00:00,505.21,505.83,504.1,505.825,50974.0,,,,,,,,,,,,,,,,,,,503.7778010681908,508.4030355198442,505.15674370520173,503.47113487393955,498.328937727497,493.1938571251842,487.7840690958281,485.24496406855934,481.5868421915407,476.5949085379717,469.9369961948477,461.5873322451489,446.33982678296263,,503.47113487393955,461.5873322451489,,,486.2620345489782,"rgba(239, 83, 80, 0.75)",4.713970283934004,497.2141686767533,1.8266621986553164,38.86842273771379,-18.468619705726734,False,True,False,True,True,5.81295072160194,0.0,0.0,0.0,0.0,0,0.9933372495671534,0.9641046252782587,False,False,False,False,0.09855724407809878,0.09584141205434145,False,False,False,False,2417377.0,2557392.1788884513,False,False,False,False,47217.58268093273,False,False,False,False
2025-07-24 14:00:00+00:00,509.31,510.405,507.81,510.08,57740.0,,,,,,,,,,,,,,,,,,,504.6513132125318,508.44020584550844,505.23412736100454,503.55769302780215,498.41563824041293,493.2907990411597,487.8887770966179,485.3522770644702,481.69534028809994,476.70538463450123,470.0524545455958,461.71439811664754,446.4787505042113,,503.55769302780215,461.71439811664754,,,486.42131992142794,#000000,4.652558729312787,497.34000789055244,2.738276473369595,47.81428312219029,-10.155449830812003,False,True,False,False,True,11.538352147171807,0.0,0.0,0.0,0.0,0,0.9933452934050939,0.9566064063051045,False,False,False,False,0.22006886875446965,0.15795514040440556,False,False,False,False,2475117.0,2556116.594719638,False,False,False,False,47380.72093394153,False,False,False,False
2025-07-24 15:00:00+00:00,510.22,512.445,509.695,511.87,48514.0,,,,,,,,,,,,,,,,,,,505.4194385381142,508.52555612043153,505.325552624796,503.6514640398267,498.49986287531516,493.38086883466707,487.9836850925112,485.44878487792994,481.7920669164843,476.80300512364136,470.153611494341,461.82488158286867,446.598522081258,,503.6514640398267,461.82488158286867,,,486.56979232324494,"rgba(38, 166, 154, 0.5)",4.627346044374591,497.46614778396713,3.112767464958335,55.48872583875137,-3.3345839939064703,False,False,True,False,True,13.715360810099096,0.0,0.0,0.0,0.0,0,1.0020661473239567,0.9481320497711931,False,False,False,False,0.2797233996897152,0.21883927004706039,False,False,False,False,2523631.0,2555612.9420883255,False,False,False,False,47398.29115201995,False,False,False,False
2025-07-24 16:00:00+00:00,511.86,512.775,509.44,512.185,35920.0,,,,,,,,,,,,,,,,,,,505.8935446023224,508.5883539291568,505.3929248985038,503.72059886068286,498.56214354294747,493.4474584257861,488.05385032124036,485.5201356215049,481.86359136048173,476.8752007056481,470.2284251888066,461.90658156542605,446.68709441689475,,503.72059886068286,461.90658156542605,,,486.6723002645694,"rgba(38, 166, 154, 1.0)",4.618626455268705,497.5545791974396,3.167699519382151,60.884705552784766,1.3284409390503527,True,False,True,False,True,14.090562553684943,0.0,0.0,0.0,0.0,0,0.9991247063159351,0.9585540762580426,False,False,False,False,0.2808811124347978,0.2498601912409291,False,False,False,False,2559551.0,2555673.9972497467,False,False,False,False,47220.33314966305,False,False,False,False
2025-07-24 17:00:00+00:00,512.125,513.635,510.745,511.955,41921.0,,,,,,,,,,,,,,,,,,,506.41479994907496,508.67401631172345,505.4778609554982,503.8063437859367,498.6376722394291,493.52731513215673,488.13745073493016,485.60497109019883,481.9484395793839,476.9606423263216,470.31675605623946,462.0028279042526,446.7911849674777,,503.8063437859367,462.0028279042526,,,486.7923293102018,"rgba(38, 166, 154, 1.0)",4.523226767183124,497.66058728242433,3.160224647874025,63.93039479718131,3.9827207836676024,True,False,True,False,True,13.686024288969175,0.0,0.0,0.0,0.0,0,1.0019140367801307,0.9521184559082486,False,False,False,False,0.31463253238258415,0.2822463618117566,False,False,False,False,2517630.0,2555084.167835022,False,False,False,False,47138.1729457923,False,False,False,False
2025-07-24 18:00:00+00:00,511.955,512.91,511.595,511.75,49709.0,,,,,,,,,,,,,,,,,,,506.92746837580415,508.7695988227262,505.5754405782109,503.9054552115236,498.7259733544458,493.6209917496801,488.235722969679,485.7047677779266,482.048347497075,477.06134522904506,470.42094870995294,462.1164170769306,446.9141346167783,,503.9054552115236,462.1164170769306,,,486.9251239976753,"rgba(38, 166, 154, 1.0)",4.416714133687296,497.77879562073906,3.1632575612488356,65.43272234759927,5.482220523725573,True,False,True,False,True,13.321276061231309,0.0,0.0,0.0,0.0,0,1.0077279278726734,0.9504584623876843,False,False,False,False,0.3166019020875499,0.2994241319496532,False,False,False,False,2467921.0,2553732.800891843,False,False,False,False,47178.03072957846,False,False,False,False
2025-07-24 19:00:00+00:00,511.985,512.25,509.595,511.06,68607.0,,,,,,,,,,,,,,,,,,,507.37577524362723,508.8514689075274,505.6831707719267,504.0202604338562,498.83592722931684,493.74101310717845,488.36374941193935,485.835496970432,482.18006852631424,477.19498665437584,470.56007027932844,462.2688614625458,447.08017320566194,,504.0202604338562,462.2688614625458,,,487.0762324772331,"rgba(38, 166, 154, 1.0)",4.2944485167524515,497.9102097716257,3.062043980054143,64.6339582404661,5.482220523725573,True,False,True,False,True,12.091061838474634,0.0,0.0,0.0,0.0,0,1.0055403357872024,0.9495094813204975,False,False,False,False,0.2750256741464708,0.28722490304806203,False,False,False,False,2399314.0,2551338.710955535,False,False,False,False,47510.26281129042,False,False,False,False
2025-07-25 14:00:00+00:00,512.24,513.25,511.66,512.58,48616.0,,,,,,,,,,,,,,,,,,,507.74901723054876,508.94517630611745,505.7782732606553,504.11678296838755,498.9223195495714,493.8325180559628,488.4596764972278,485.93290132289053,482.27760091648275,477.29330776653404,470.66178433405304,462.37968335093507,447.20011277540453,,504.11678296838755,462.37968335093507,,,487.19608879498236,"rgba(38, 166, 154, 1.0)",4.217001884261619,498.01917303811854,3.4528860459428152,66.11701824935915,6.922364679329078,True,False,True,False,True,14.000945585360022,0.0,0.0,0.0,0.0,0,1.010914888398332,0.9457168260976205,False,False,False,False,0.322219006007401,0.30472195452773154,False,False,False,False,2447930.0,2549735.475126767,False,False,False,False,47527.40602351847,False,False,False,False
2025-07-25 15:00:00+00:00,512.69,514.15,512.13,513.61,41291.0,,,,,,,,,,,,,,,,,,,508.072420730835,509.0381557049806,505.86635885048725,504.2047156304029,498.9991155787474,493.91283886986673,488.54324504241106,486.0175471767116,482.3621265126253,477.3782736317719,470.74943098259973,462.47492065736554,447.3028799584235,,504.2047156304029,462.47492065736554,,,487.30169456363285,"rgba(38, 166, 154, 1.0)",4.135727410769505,498.11708930896776,3.746115048755014,68.24840845006435,9.489691212513684,True,False,True,False,True,15.255133846762188,0.0,0.0,0.0,0.0,0,1.0105224293889608,0.9459725555350438,False,False,False,False,0.3428282510730762,0.3237751028004039,False,False,False,False,2489221.0,2548797.266210073,False,False,False,False,47430.71755803756,False,False,False,False
2025-07-25 16:00:00+00:00,513.665,514.61,512.055,513.93,35699.0,,,,,,,,,,,,,,,,,,,508.3343680894656,509.11966092554974,505.94322463968615,504.2813231765235,499.06593331258875,493.98258493340325,488.6157256491816,486.0909353645268,482.43538679956276,477.45188857343976,470.82533472108236,462.55735277896656,447.39178772092407,,504.2813231765235,462.55735277896656,,,487.3919620526846,"rgba(38, 166, 154, 1.0)",4.06428336268845,498.20133130412097,3.8699734472929936,70.01118799196561,11.70554074251367,True,False,True,False,True,15.642039678653202,0.0,0.0,0.0,0.0,0,1.0007740297537036,0.9565769308172204,False,False,False,False,0.34282825110186005,0.333301676951132,False,False,False,False,2524920.0,2548427.0760362735,False,False,False,False,47248.8304641145,False,False,False,False
2025-07-25 17:00:00+00:00,513.91,518.135,511.945,517.125,34832.0,,,,,,,,,,,,,,,,,,,508.66534809255705,509.2347026038946,506.03810115323216,504.37238420216005,499.14037900655865,494.0577771088453,488.6922599378045,486.1678841675014,482.5115780223057,477.52779604531025,470.90294347542397,462.6409922379547,447.48118867430804,,504.37238420216005,462.6409922379547,,,487.4948719021428,"rgba(38, 166, 154, 1.0)",4.200899866059466,498.30101531325636,4.480941057136157,73.7913191473019,15.729849464677585,True,False,True,False,True,19.315963931810263,0.0,0.0,0.0,0.0,0,1.0010101783117777,0.9413178235249099,False,False,False,False,0.3428282513370165,0.3380649641440743,False,False,False,False,2559752.0,2548602.6562527656,False,False,False,False,47056.321464670866,False,False,False,False
2025-07-25 18:00:00+00:00,517.115,518.74,516.495,517.4,43079.0,,,,,,,,,,,,,,,,,,,509.13075752045427,509.40967329210594,506.1743614504065,504.50064601973,499.2414787719045,494.15776129556144,488.79261494877943,486.2682930974271,482.61043521952683,477.62568812339174,471.00241724501404,462.7475854051401,447.5943572040997,,504.50064601973,462.7475854051401,,,487.63508227642626,"rgba(38, 166, 154, 1.0)",4.296747704696131,500.18682977845504,4.006092841507033,76.48421593020343,18.63218899936362,True,False,True,False,True,19.61703097590011,0.0,0.0,0.0,0.0,0,1.0137049230533648,0.9403567873822829,False,False,False,False,0.3428282516348866,0.34044660788948045,False,False,False,False,2602831.0,2549443.405768227,False,False,False,False,46994.657565993795,False,False,False,False
2025-07-25 19:00:00+00:00,517.46,518.115,511.91,513.82,60892.0,,,,,,,,,,,,,,,,,,,509.50903597921473,509.5601104197467,506.3133157133186,504.63796216683744,499.35992797870665,494.28012028521465,488.91894685427263,486.3959359637817,482.737581454096,477.7531477338187,471.13349532605565,462.8895318026567,447.7470240448352,,504.63796216683744,462.8895318026567,,,487.78739505558127,"rgba(38, 166, 154, 0.75)",4.2991264805154366,500.2401762165644,3.1587402336224155,70.38335575042132,18.63218899936362,True,False,True,False,False,13.276823538959398,0.0,0.0,0.0,0.0,0,0.9935542305079629,0.946516718242886,False,False,False,False,0.27196858203364127,0.30620759496156086,False,False,False,False,2541939.0,2549327.0583919752,False,False,False,False,47210.12023938924,False,False,False,False
2025-07-28 14:00:00+00:00,514.72,516.075,512.23,512.745,47236.0,,,,,,,,,,,,,,,,,,,509.72104480227773,509.6505227655738,506.4062480615189,504.7322320152044,499.4450280610334,494.36973204505256,489.0125762125716,486.49092085932637,482.8326570685895,477.8489353406086,471.23246854275885,462.9971367781876,447.86333132396896,,504.7322320152044,462.9971367781876,,,487.89252568282086,"rgba(38, 166, 154, 0.75)",4.292923631545264,500.3004528096602,2.8988512860780378,64.58927553263834,22.96576793538692,True,False,True,False,False,11.50078028604467,0.0,0.0,0.0,0.0,0,0.991212416585439,0.9567518932293616,False,False,False,False,0.2491796288170404,0.27769361188930064,False,False,False,False,2494703.0,2548480.173765743,False,False,False,False,47210.52147598786,False,False,False,False
2025-07-28 15:00:00+00:00,512.73,512.845,511.57,512.205,44232.0,,,,,,,,,,,,,,,,,,,509.83389193389127,509.7019522999848,506.4739378637143,504.8044708033185,499.5156344671761,494.4465390621121,489.09440204611207,486.5744699494457,482.9169220539926,477.93449222966734,471.32152158911197,463.0945625017451,447.96943551482053,,504.8044708033185,463.0945625017451,,,487.9755563319302,"rgba(38, 166, 154, 0.75)",4.291120591162795,500.3375329258928,2.7655869421491697,59.88017006078027,18.6245158056807,True,False,True,False,False,10.617842022998722,0.0,0.0,0.0,0.0,0,0.9887071065531862,0.9684821509127542,False,False,False,False,0.19852345802144866,0.23810853495537465,False,False,False,False,2450471.0,2546960.6516918554,False,False,False,False,47164.34284845316,False,False,False,False
2025-07-28 16:00:00+00:00,512.21,512.48,511.745,512.145,24629.0,,,,,,,,,,,,,,,,,,,509.89034051020633,509.7287786907909,506.51041016838883,504.843646344993,499.55435557945884,494.48882094661883,489.13955069924725,486.6206058956033,482.96349987402465,477.9818316925478,471.37083927747796,463.14855173174163,448.0282878405784,,504.843646344993,463.14855173174163,,,488.0207322501291,"rgba(38, 166, 154, 0.5)",4.2966727646889975,500.3624034769626,2.7422606207922953,56.64063640624942,15.594587825784103,False,False,True,False,False,10.518871995377005,0.0,0.0,0.0,0.0,0,0.9908777344104565,0.9693352697346523,False,False,False,False,0.19607680918590542,0.21709267207064004,False,False,False,False,2425842.0,2545082.8431384936,False,False,False,False,46814.95768801203,False,False,False,False
2025-07-28 17:00:00+00:00,512.145,512.37,511.12,511.64,36003.0,,,,,,,,,,,,,,,,,,,509.95364403788034,509.76035394086136,506.55902209443764,504.89695583601895,499.6086851745455,494.5488262627229,489.20405078046133,486.68666079300584,483.0303599045732,478.04996280019793,471.44198935061024,463.22659602343674,448.1135713810739,,504.89695583601895,463.22659602343674,,,488.08312910614035,#000000,4.213374830160821,500.396319861674,2.6685686869916667,53.588773112614696,12.62390043649738,False,False,False,False,False,9.678202868364227,0.0,0.0,0.0,0.0,0,0.9900627933914526,0.9712247759556177,False,False,False,False,0.18663365527171863,0.20186316367117935,False,False,False,False,2389839.0,2542675.9618495246,False,False,False,False,46647.330437035096,False,False,False,False
2025-07-28 18:00:00+00:00,511.6,511.69,509.37,510.22,47310.0,,,,,,,,,,,,,,,,,,,509.97432262752227,509.77402193865777,506.6059608530427,504.9528011514997,499.6718500649955,494.62119459674403,489.28344802223234,486.768509161189,483.11383608365037,478.13567612039134,471.53213635125576,463.3260655887541,448.22303768888077,,504.9528011514997,463.3260655887541,,,488.15252771144736,"rgba(239, 83, 80, 1.0)",4.126057585416302,500.4227500524829,2.3744821163296037,49.268345940583984,8.426063467497158,False,True,False,True,False,7.355328461925119,0.0,0.0,0.0,0.0,0,0.978527514000487,0.9738403944485025,False,False,False,False,0.15563690073487202,0.17875003220302568,False,False,False,False,2342529.0,2539572.9081774387,False,False,False,False,46657.60438374773,False,False,False,False
2025-07-28 19:00:00+00:00,510.17,512.44,509.33,512.44,59893.0,,,,,,,,,,,,,,,,,,511.40333333333336,510.0492609549526,509.8152620569215,506.67855302352183,505.03423137893094,499.7579310303143,494.71747299707357,489.38771827918384,486.8755649998154,483.22254042006773,478.2468001341038,471.6485141769677,463.45398997871706,448.3632354709749,,505.03423137893094,463.45398997871706,,,489.90388630249146,#000000,4.055319992702968,501.84181461981234,2.613402986511003,50.396700866278884,8.426063467497158,False,False,False,False,False,10.191450736752707,0.0,0.0,0.0,0.0,0,0.9814576358485705,0.9681113753768309,False,False,False,False,0.16466035584243055,0.1717051940227281,False,False,False,False,2402422.0,2537446.537508021,False,False,False,False,46862.80431578265,False,False,False,False
2025-07-29 14:00:00+00:00,515.33,516.455,512.31,513.075,82674.0,,,,,,,,,,,,,,,,,,512.8782015707235,510.3123394919753,509.9547355659618,506.8272572104722,505.18687434445974,499.90020129492683,494.8685539973121,489.5464864677973,487.03698684406316,483.3846454891258,478.4106504654858,471.8182521312356,463.6387647464445,448.5635065694252,,505.18687434445974,463.6387647464445,,,490.16624687067196,#000000,4.015936180441429,502.06557944729786,2.741433144859397,52.11465719757299,8.426063467497158,False,False,False,False,False,10.974945308253556,0.0,0.0,0.0,0.0,0,0.9972092321617135,0.9529039070749734,False,False,False,False,0.25524863672683384,0.21347691537478097,False,False,False,False,2485096.0,2536634.9012675867,False,False,False,False,47418.016651972066,False,False,False,False
2025-07-29 15:00:00+00:00,513.04,516.18,511.995,514.0,51061.0,,,,,,,,,,,,,,,,,,513.1894102178749,510.4622592247432,510.0385496581376,506.917491430959,505.2797337736473,499.9873408899965,494.9612234908339,489.6439673698186,487.13613559562066,483.4842755743201,478.5114139242785,471.92268269798575,463.75246287195915,448.6867980861839,,505.2797337736473,463.75246287195915,,,490.28383891473993,"rgba(38, 166, 154, 0.5)",4.005564640604756,502.1712519306255,2.953078811777363,54.61031291812169,8.426063467497158,False,False,True,False,True,12.105159212227413,0.0,0.0,0.0,0.0,0,0.9978672273956144,0.9523280264343649,False,False,False,False,0.24746774715136227,0.23047233126307162,False,False,False,False,2536157.0,2536627.4919456085,False,False,False,False,47474.49701395699,False,False,False,False
2025-07-29 16:00:00+00:00,514.04,515.99,511.74,513.37,26348.0,,,,,,,,,,,,,,,,,,513.2505669785188,510.5277702968021,510.07673621944224,506.9608854142131,505.3249688917099,500.0307531608669,495.00780199316904,489.6932320352909,487.1863361309838,483.53483342173234,478.56266452084435,471.9759116708022,463.8105154532263,448.7498886540452,,505.3249688917099,463.8105154532263,,,490.3352046315462,"rgba(38, 166, 154, 0.5)",3.9587531456812783,502.21688800282834,2.817329494095616,54.97727872645065,8.426063467497158,False,False,True,False,True,11.049480698681542,0.0,0.0,0.0,0.0,0,0.9970498824445544,0.9546849963310721,False,False,False,False,0.24161852513680096,0.2360454281999363,False,False,False,False,2509809.0,2536211.7013728083,False,False,False,False,47146.954424593314,False,False,False,False
2025-07-29 17:00:00+00:00,513.315,515.76,511.465,512.24,22919.0,,,,,,,,,,,,,,,,,,513.2415495035577,510.5732106241163,510.1044113111698,506.9951666240454,505.3613886166613,500.0667959914092,495.0469548869683,489.7349523252894,487.22895494648157,483.5778820608486,478.606434379015,472.02149974160034,463.86035283621,448.8042092815594,,505.3613886166613,463.86035283621,,,490.3731259377809,"rgba(38, 166, 154, 0.5)",3.905897998046551,502.24939014049903,2.557826616183413,53.060631652125466,8.426063467497158,False,False,True,False,True,9.182156737980385,0.0,0.0,0.0,0.0,1,0.9939443903170201,0.9616278198306228,False,False,False,False,0.23500021103899713,0.2355228196194667,False,False,False,False,2486890.0,2535447.023832144,False,False,False,False,46771.32722421202,False,False,False,False
2025-07-29 18:00:00+00:00,512.25,512.51,511.375,512.22,31043.0,,,,,,,,,,,,,,,,,,513.1048217905754,510.6066716673279,510.1276378457794,507.03266544899554,505.40316921266725,500.1111496080709,495.09645411588394,489.7885339200276,487.2839739850618,483.6337904252333,478.6636266517737,472.0814096036813,463.9261654998286,448.8763607588623,,505.40316921266725,463.9261654998286,,,490.40974503812635,#000000,3.8835100184029256,502.27693370284516,2.5603297661232527,51.74492881604202,8.426063467497158,False,False,False,False,True,9.149177033051824,0.0,0.0,0.0,0.0,0,0.9896697330719348,0.970803800331775,False,False,False,False,0.19170435366156643,0.21361358664051655,False,False,False,False,2455847.0,2534212.914935522,False,False,False,False,46527.47718972812,False,False,False,False
2025-07-29 19:00:00+00:00,512.18,512.79,511.5,512.66,51025.0,,,,,,,,,,,,,,,,,,512.9810673471543,510.6686769238313,510.17008622928375,507.09650716941064,505.47358736394165,500.18504853212465,495.1785342111041,489.8771561251291,487.3749028896441,483.7261172082537,478.75799875960087,472.1801853683435,464.0345822201683,448.9951254709021,,505.47358736394165,464.0345822201683,,,490.47854112992087,#000000,3.878944517203144,502.3309425938579,2.6628525776361633,51.78587394984491,8.25276074689625,False,False,False,False,True,9.723269327441713,0.0,0.0,0.0,0.0,1,0.9922563012450653,0.9686304281809901,False,False,False,False,0.1969135583999497,0.20526357252023314,False,False,False,False,2506872.0,2533789.0247814828,False,False,False,False,46597.20622554629,False,False,False,False
2025-07-30 14:00:00+00:00,512.495,515.92,511.84,513.335,59088.0,,,,,,,,,,,,,,,,,,513.0914219943011,510.7907667873587,510.2475753015219,507.1876007571503,505.5694684606763,500.2791344873361,495.28019683348026,489.98518078993754,487.4851659820885,483.8374246754331,478.8710966872377,472.2978822536507,464.1631010097571,449.13509185883834,,505.5694684606763,464.1631010097571,,,490.5872219913405,"rgba(38, 166, 154, 0.5)",3.869760654419757,502.4266097162148,2.818879837264997,53.18384442804067,8.25276074689625,False,False,True,False,True,10.602124017741769,0.0,0.0,0.0,0.0,1,0.9916252725951055,0.9599436636782167,False,False,False,False,0.24201234105957437,0.22363795678990375,False,False,False,False,2565960.0,2534287.7995910724,False,False,False,False,46790.86194297968,False,False,False,False
2025-07-30 15:00:00+00:00,513.345,514.895,512.245,512.955,59132.0,,,,,,,,,,,,,,,,,,513.1279243299796,510.8905567821927,510.31461913116544,507.27173963900105,505.6593648440902,500.369681489213,495.3790027241929,490.09080359096333,487.5931988072615,483.94675621540955,478.982471932133,472.4140576534148,464.2901903162432,449.27383750671834,,505.6593648440902,464.2901903162432,,,490.6860146401413,"rgba(38, 166, 154, 0.5)",3.830622768266986,502.51122652805316,2.726390486284233,53.15801991877392,8.25276074689625,False,False,True,False,True,9.945145764989512,0.0,0.0,0.0,0.0,1,0.9913747204770526,0.9670809437607436,False,False,False,False,0.2338882373194229,0.22876309705466333,False,False,False,False,2506828.0,2533862.066264079,False,False,False,False,46982.197416731935,False,False,False,False
2025-07-30 16:00:00+00:00,512.95,514.975,512.3,512.86,62290.0,,,,,,,,,,,,,,,,,,513.158782509979,510.9881600290317,510.3824891280689,507.3581168028814,505.7520067853801,500.46381528870313,495.48200073948993,490.20110316321416,487.7060883872813,484.06110625854285,479.0990652425952,472.5357683431544,464.4233949753489,449.4193764452574,,505.7520067853801,464.4233949753489,,,490.7879481499235,"rgba(38, 166, 154, 0.5)",3.7942903905131113,502.5980751109506,2.704570244467148,52.888885048676045,7.795109944872692,False,False,True,False,True,9.779160514635752,0.0,0.0,0.0,0.0,1,0.9947195422588794,0.9595824329670998,False,False,False,False,0.2356545797407623,0.2322088383977128,False,False,False,False,2444538.0,2532477.197019675,False,False,False,False,47219.52768934074,False,False,False,False
2025-07-30 17:00:00+00:00,512.86,514.71,512.065,512.88,61145.0,,,,,,,,,,,,,,,,,,513.1652087708709,511.0708632888453,510.44284392219015,507.43837096130693,505.83894512771997,500.55377457050986,495.5810716783019,490.30762326518726,487.8152609036662,484.17188551482144,479.212218504666,472.65407511398746,464.5530247935092,449.5612430308401,,505.83894512771997,464.5530247935092,,,490.8833149604588,"rgba(38, 166, 154, 0.5)",3.742310344116882,502.6778468313786,2.7261643825610973,52.76281597263605,7.14068860809531,False,False,True,False,True,9.806526769395298,0.0,0.0,0.0,0.0,1,1.0076420049925725,0.952402101168507,False,False,False,False,0.22911970566241066,0.23066427203006173,False,False,False,False,2505683.0,2532061.7831123928,False,False,False,False,47435.42648485484,False,False,False,False
2025-07-30 18:00:00+00:00,512.84,514.615,510.555,510.68,67853.0,,,,,,,,,,,,,,,,,,513.0352492286225,511.10561165197845,510.4776181867497,507.5059084615771,505.9169017258601,500.6422790220758,495.6819103499406,490.4182008088441,487.92932735067916,484.2885116475151,479.33225943457944,472.78047819153056,464.69234381678564,449.7148145325435,,505.9169017258601,464.69234381678564,,,490.96581531494866,"rgba(239, 83, 80, 1.0)",3.667025425115147,502.73793651602756,2.1658054044506825,47.53912156486475,1.9261032888108431,False,True,False,True,False,5.992024769974712,0.0,0.0,0.0,0.0,1,1.003117931160971,0.9486305557253775,False,False,False,False,0.20826919551385928,0.21946673377196052,False,False,False,False,2437830.0,2530600.8252346814,False,False,False,False,47751.97801222143,False,False,False,False
2025-07-30 19:00:00+00:00,510.375,513.36,509.54,513.36,119446.0,,,,,,,,,,,,,,,,,,512.8849616071795,511.169432245195,510.5404212332541,507.62352142052134,506.05240915084954,500.7966274081137,495.85790313260105,490.6113549478634,488.12865549592266,484.4924569136415,479.5423265789469,473.00179853759414,464.93631989296114,449.98391700275556,,506.05240915084954,464.93631989296114,,,491.1158646833857,#000000,3.5932064177184064,504.08524742316104,2.58119114201299,50.07369042592923,1.9261032888108431,False,False,False,False,True,9.646009418570895,0.0,0.0,0.0,0.0,1,0.9981124608031177,0.9517764179377112,False,False,False,False,0.17907724961578456,0.19927199169387255,False,False,False,False,2557276.0,2531014.393835694,False,False,False,False,48863.513236838146,False,False,False,False
2025-07-31 14:00:00+00:00,536.2,540.12,534.42,535.1,287513.0,,,,,,,,,536.5466666666667,,,,,,,,,519.4173716652424,514.6051672030085,512.7738781736779,509.30699225156474,507.5835851611984,501.92070741121785,496.8821694782185,491.5762686242285,489.0715677502757,485.39576689640745,480.4089472199584,473.8515269855262,465.8127843136998,450.87364854244817,,507.5835851611984,465.8127843136998,,536.5466666666667,492.8200272626195,"rgba(38, 166, 154, 1.0)",4.555948346206911,509.23880585963735,5.67635806536165,62.58372807248997,6.987129958797368,True,False,True,False,True,20.0,0.0,0.0,0.0,0.0,0,1.006550249163573,0.9375891130341486,False,True,False,False,0.3428282528153559,0.2710501222546142,False,False,False,False,2844789.0,2535879.116411885,False,False,False,False,52563.50527967786,False,False,False,False
2025-07-31 15:00:00+00:00,535.03,537.71,535.03,536.71,138993.0,,,,,,,,,536.5260271211504,,,,,,,,,521.4268625088916,515.9491341128656,513.7190052511706,510.0507560410819,508.26847445541597,502.4382082705616,497.3583027637086,492.02771265484597,489.5137653106438,485.8207811146016,480.81805798795165,474.25380990472974,466.22847502378653,451.29693428988764,,508.26847445541597,466.22847502378653,,536.5260271211504,493.5121628350102,"rgba(38, 166, 154, 1.0)",5.426812157995716,510.0791862479826,4.907266545568624,71.15871152077395,14.207961254982195,True,False,True,False,True,20.0,0.0,0.0,0.0,0.0,0,1.012010274359264,0.9450152421813253,False,False,False,False,0.3284950373276218,0.29977257979111804,False,False,False,False,2983782.0,2542823.3471651888,False,False,False,False,53903.4974458844,False,False,False,False
2025-07-31 16:00:00+00:00,536.695,537.505,535.17,536.455,93185.0,,,,,,,,,536.4992455260274,,,,,,,,,522.5206821931604,516.7571484726082,514.308775083709,510.52508994023145,508.7080832026723,502.7755046826054,497.67030380101266,492.32461149508373,489.80497465814017,486.1011936919966,481.0884922505319,474.520173599659,466.5040197669011,451.578029019781,,508.7080832026723,466.5040197669011,,536.4992455260274,493.9419344184352,"rgba(38, 166, 154, 1.0)",6.126315885121828,510.5778554318457,4.22393246665565,76.58011399061576,18.498596111128037,True,False,True,False,True,20.0,0.0,0.0,0.0,0.0,0,1.0141762777023973,0.9445245364088646,False,False,False,False,0.3279799105691693,0.3138762451801437,False,False,False,False,2890597.0,2548215.186744023,False,False,False,False,54512.51298935906,False,False,False,False
2025-07-31 17:00:00+00:00,536.455,536.76,532.91,533.37,64868.0,,,,,,,,,536.2603757362388,,,,,,,,,523.0938175805917,517.2284999977968,514.6653946227776,510.82017178342886,508.9842104222999,502.99242508872754,497.8733276258045,492.5195365591464,489.99682066008654,486.28675747238776,481.2683429162551,474.69820939377445,466.68902202242066,451.7679527369265,,508.9842104222999,466.68902202242066,,536.2603757362388,494.20603492017307,"rgba(38, 166, 154, 1.0)",6.6033970523210375,510.85557692494376,3.4095213261699318,76.69405330401548,18.498596111128037,True,False,True,False,True,20.0,0.0,0.0,0.0,0.0,0,1.005236339067031,0.9480870470988991,False,False,False,False,0.3043429031880346,0.30910957418408913,False,False,False,False,2825729.0,2552517.726484426,False,False,False,False,54673.06317557054,False,False,False,False
2025-07-31 18:00:00+00:00,533.37,535.21,532.0,533.56,88052.0,,,,,,,,,535.9107948873866,,,,,,,,,523.7416911970884,517.8027565971925,515.1117920460762,511.1967010844803,509.3387446219324,503.2751563895613,498.1397001183506,492.7765185893383,490.2502060682369,486.53244027756426,481.50708543445324,474.9351428982149,466.93574570038624,452.0220159816587,,509.3387446219324,466.93574570038624,,535.9107948873866,494.54040692889527,"rgba(38, 166, 154, 1.0)",7.062225136162484,511.19434898616225,3.166941096130345,76.83350711032548,18.498596111128037,True,False,True,False,True,20.0,0.0,0.0,0.0,0.0,0,1.0026534508900995,0.9522519234009095,False,False,False,False,0.28523653405665145,0.2971730541203703,False,False,False,False,2913781.0,2558118.7074691635,False,False,False,False,55190.56607207332,False,False,False,False
2025-07-31 19:00:00+00:00,533.71,535.14,531.885,534.02,240350.0,,,,,,,,,535.3239451009773,,,,,,,,,525.1749533219188,519.1910307104814,516.235126460408,512.167797708893,510.2599254877165,504.02322278679327,498.84880814591463,493.46343054199576,490.9285281584123,487.19153753511813,482.1489395172539,475.57328209658937,467.6009544922386,452.70832305196086,,510.2599254877165,467.6009544922386,,535.3239451009773,495.3939900011211,"rgba(38, 166, 154, 1.0)",7.486032470148342,512.0574841909848,2.9337991648572075,77.09421629277568,19.014089726762364,True,False,True,False,True,20.0,0.0,0.0,0.0,0.0,0,1.0063046402151985,0.9492266308002688,False,False,False,False,0.28380799672137225,0.2904905254208713,False,False,False,False,3154131.0,2567359.208128556,False,False,False,False,58061.254970180715,False,False,False,False
2025-08-01 14:00:00+00:00,529.45,529.63,525.24,525.535,111160.0,,,,,,,,,534.3989211333426,,,,,,,,,525.2766527543281,519.4868080410574,516.522703245827,512.4543768004775,510.5444520076246,504.2794872541735,499.104379744664,493.7203578105847,491.18579247116526,487.44597839629284,482.4015583807894,475.82935990783943,467.8725780209721,452.9952092975199,,510.5444520076246,467.8725780209721,,534.3989211333426,495.6514067238083,"rgba(38, 166, 154, 0.75)",7.629563250105369,512.2177203233016,1.745483881598918,69.16222132493547,19.014089726762364,True,False,True,False,False,14.992445166154148,0.0,0.0,0.0,0.0,0,0.9884970381595264,0.9534233365477338,False,False,False,False,0.19210185244981196,0.2412961889353416,False,False,False,False,3042971.0,2574733.034359121,False,False,False,False,58884.49132723217,False,False,False,False
2025-08-01 15:00:00+00:00,525.53,525.62,521.375,524.21,88297.0,,,,,,,,,533.5524836931801,,,,,,,,,525.2037165916087,519.6140239533476,516.6753204223974,512.6271642520022,510.72224239682544,504.4518092234424,499.2819689129731,493.90297753751804,491.3701585695301,487.6302010101563,482.58647225586776,476.0188228774553,468.07542928495366,453.21210854911476,,510.72224239682544,468.07542928495366,,533.5524836931801,495.81231541694234,"rgba(38, 166, 154, 0.75)",7.723177712700445,512.2779005051821,1.5449727998872969,62.947380265595,21.71835792445512,True,False,True,False,False,13.437743170463278,0.0,0.0,0.0,0.0,0,0.9779255501473917,0.9641461575375333,False,False,False,False,0.1114530555107627,0.17637462222305217,False,False,False,False,2954674.0,2580623.5919659566,False,False,False,False,59340.49921363167,False,False,False,False
2025-08-01 16:00:00+00:00,524.24,524.85,520.765,521.06,83143.0,,,,,,,,,532.7647355341968,,,,,,,,,525.0766777465557,519.6856289311081,516.783740327295,512.7636266594525,510.8664040768948,504.59881554858725,499.43668415380756,494.06431583256426,491.53385285172845,487.79478483853626,482.752752071506,476.1902593162023,468.2599521826338,453.41078764225244,,510.8664040768948,468.2599521826338,,532.7647355341968,495.94416301279455,"rgba(38, 166, 154, 0.5)",7.744617655546424,512.3094292547186,1.1298906071902113,56.74229062014581,16.068054016797078,False,True,True,False,False,9.880467935646816,0.0,0.0,0.0,0.0,0,0.9722037468129922,0.9772059638620995,False,False,False,False,0.1003572498986151,0.13836593606083364,False,False,False,False,2871531.0,2585133.7843385777,False,False,False,False,59709.530233575366,False,False,False,False
2025-08-01 17:00:00+00:00,521.03,524.0,520.535,523.415,79796.0,,,,,,,,,532.1318810184127,,,,,,,,,524.9812548625764,519.7616519791698,516.891707142916,512.8967168293996,511.0064558119219,504.74098222707977,499.5859543910721,494.2197510032546,491.69148534236666,487.95320888107784,482.9127356530321,476.3551103148283,468.4372535513554,453.60156692155164,,511.0064558119219,468.4372535513554,,532.1318810184127,496.0739882079715,"rgba(38, 166, 154, 0.5)",7.774954713229098,512.3542895774222,1.422607697477388,54.33810898252595,13.886322879259502,False,True,True,False,False,11.819206181046585,0.0,0.0,0.0,0.0,0,0.9658783597328773,0.9826839229538055,False,False,False,False,0.09169085958541674,0.11502839782312518,False,False,False,False,2951327.0,2590811.198534879,False,False,False,False,60020.94836948892,False,False,False,False
2025-08-01 18:00:00+00:00,523.23,525.085,521.93,524.54,49872.0,,,,,,,,,531.8202738545564,,,,,,,,,524.9541596886414,519.826173920186,516.9708559337539,512.9881189584735,511.1011696485635,504.8345899186593,499.6830865056245,494.3201114729313,491.79298888282483,488.0548976094009,483.01507852235545,476.46020736971184,468.54992325027627,453.7223356362894,,511.1011696485635,468.54992325027627,,531.8202738545564,496.1624069512636,"rgba(38, 166, 154, 0.5)",7.816195006993988,512.3988700161615,1.5533299735964252,53.53915517939596,12.927704220625827,False,True,True,False,False,12.723003607408259,0.0,0.0,0.0,0.0,0,0.969764853015956,0.9792889243159297,False,False,False,False,0.11161405884176441,0.11332122833244479,False,False,False,False,3001199.0,2597173.8001079815,False,False,False,False,59863.600332752656,False,False,False,False
2025-08-01 19:00:00+00:00,524.44,525.745,521.97,524.18,82659.0,,,,,,,,,531.3590801505517,,,,,,,,,524.9163380762834,519.9316329245917,517.100244530933,513.1378437391245,511.2564800451959,504.9886469088053,499.843121254117,494.4855950996774,491.96040926999643,488.2227056682373,483.1840493758389,476.6337912453405,468.73603964267613,453.9219106437797,,511.2564800451959,468.73603964267613,,531.3590801505517,496.30848631604266,#000000,7.853957787504216,512.4768202523023,1.4900996496718613,52.71374097460624,11.707103967143517,False,True,False,False,False,12.31515446693081,0.0,0.0,0.0,0.0,0,0.9692849949647535,0.9743882855665335,False,False,False,False,0.11725286793609567,0.11528704813427024,False,False,False,False,2918540.0,2602156.2218117337,False,False,False,False,60217.017381857266,False,False,False,False
2025-08-04 14:00:00+00:00,536.2,536.91,534.0,534.575,66460.0,,,,,,,,,531.530491445484,,,,,,,,,525.2219141806142,520.2373854851706,517.3649551605207,513.3767572314412,511.4863049232324,505.1827547968718,500.02929099407714,494.6673430609342,492.14041377560693,488.3984054213365,483.35592205020856,476.80523862237277,468.9149318218419,454.10707312857164,,511.4863049232324,468.9149318218419,,531.530491445484,496.52062076091426,"rgba(38, 166, 154, 0.5)",8.158709767054654,512.7080370144101,2.6801986600736774,57.94707696579031,11.707103967143517,False,True,True,False,True,19.867619451288984,0.0,0.0,0.0,0.0,0,0.9758641553112013,0.9632635344872941,False,False,False,False,0.31077108062282516,0.21302906437854768,False,False,False,False,2985000.0,2608091.784264265,False,False,False,False,60313.80781004552,False,False,False,False
2025-08-04 15:00:00+00:00,534.57,535.51,533.245,535.395,52071.0,,,,,,,,,531.6391820015779,,,,,,,,,525.4387248860108,520.4616052594379,517.561942698996,513.5566031220278,511.65997995207596,505.3308692599709,500.1719579515201,494.80705824044304,492.2789535710675,488.533847528042,483.488641222772,476.93784741764495,469.0534839504568,454.25076488509296,,511.65997995207596,469.0534839504568,,531.6391820015779,496.6808771389686,"rgba(38, 166, 154, 0.5)",8.472237713487715,512.8791469324522,2.65760402729291,61.757146239590156,2.885422826168522,False,False,True,False,True,20.0,0.0,0.0,0.0,0.0,0,0.9740327663079721,0.9671421660281637,False,False,False,False,0.2920323743477246,0.25253071936313615,False,False,False,False,3037071.0,2614742.6248183073,False,False,False,False,60186.01234012233,False,False,False,False
2025-08-04 16:00:00+00:00,535.74,538.52,534.905,537.07,59389.0,,,,,,,,,531.8336421580249,,,,,,,,,525.7279107601676,520.7457134824942,517.8082599463778,513.7781952724174,511.8728018589229,505.51002515504143,500.34312437013693,494.97360554550147,492.44368731736716,488.6943911487028,483.64539283403815,477.09386279373564,469.21586455625766,454.4183181046713,,511.8728018589229,469.21586455625766,,531.8336421580249,496.87651093898796,"rgba(38, 166, 154, 1.0)",8.805923969404029,513.096718036765,2.7224039233735917,64.9658765336503,6.148833563275872,True,False,True,False,True,20.0,0.0,0.0,0.0,0.0,0,0.9785762395730792,0.9596523496191907,False,False,False,False,0.3329118829450126,0.29272130115407435,False,False,False,False,3096460.0,2622211.1112552327,False,False,False,False,60173.655559655315,False,False,False,False
2025-08-04 17:00:00+00:00,537.06,538.9,535.585,537.8,41084.0,,,,,,,,537.4283333333334,531.9749252255219,,,,,,,,,525.9298169865789,520.9436296840672,517.980234107092,513.9329389606028,512.0214032627982,505.63511175852653,500.4625222188755,495.0896802748124,492.55845774300127,488.8061974480146,483.7545026114826,477.2023892742184,469.32872858179707,454.53466671871615,,512.0214032627982,469.32872858179707,,534.7016292794276,497.0128771164702,"rgba(38, 166, 154, 1.0)",9.187545046526369,515.412670043703,2.436704238501796,67.40187331712508,8.728907870768367,True,False,True,False,True,20.0,0.0,0.0,0.0,0.0,0,0.9805052204399812,0.9590198672094725,False,False,False,False,0.34233759396313995,0.3175294475586071,False,False,False,False,3137544.0,2630200.768445074,False,False,False,False,59877.691907567634,False,False,False,False
2025-08-04 18:00:00+00:00,537.78,538.845,535.7,535.835,94871.0,,,,,,,,536.9852228556018,532.240424713893,,,,,,,,,526.346119844514,521.366260709513,518.3534679995024,514.2731990385605,512.3496238858728,505.91455384825963,500.73063330295275,495.35132571049286,492.8175414553223,489.059083912679,484.0018139604066,477.44888594666327,469.5855151615563,454.8000476833947,,512.3496238858728,469.5855151615563,,534.6128237847474,497.31414803283496,"rgba(38, 166, 154, 1.0)",9.489178468127209,515.7060636322298,2.1212517432758267,66.95109959134504,8.728907870768367,True,False,True,False,True,19.681734293554417,0.0,0.0,0.0,0.0,0,0.9809544435385245,0.9594883815735832,False,False,False,False,0.3428282526309993,0.3301788500948032,False,False,False,False,3042673.0,2636595.686763755,False,False,False,False,60420.22381597744,False,False,False,False
2025-08-04 19:00:00+00:00,535.88,537.725,534.065,535.48,122410.0,,,,,,,,536.4031488011148,532.4738210261906,,,,,,,,,526.7895013426529,521.8448974297246,518.7878342833219,514.6780112481049,512.7430599144708,506.25593175705836,501.061001559582,495.6757846569041,493.13960548219444,489.37446491961595,484.31132743451326,477.7584346362953,469.90890085744894,455.135646031494,,512.7430599144708,469.90890085744894,,534.4384849136527,497.67602868238436,"rgba(38, 166, 154, 1.0)",9.761282084229343,516.0403193801078,1.9915089485324493,66.27184373287218,8.728907870768367,True,False,True,False,True,19.278242252732973,0.0,0.0,0.0,0.0,0,0.9770030797192915,0.9626899580956225,False,False,False,False,0.31844115739248646,0.3243100037436448,False,False,False,False,2920263.0,2640993.629604627,False,False,False,False,61381.305617280115,False,False,False,False
2025-08-05 14:00:00+00:00,535.11,535.85,531.785,531.945,119518.0,,,,,,,,535.3879384712552,532.5176133906334,,,,,,,,,527.0711362185666,522.2018461626994,519.1305351422772,515.012498417687,513.0732572889252,506.55347776702615,501.3542156241544,495.9676483641789,493.4307975353688,489.6615193925371,484.5950967373711,478.0442968853011,470.20943792895656,455.4503087599019,,513.0732572889252,470.20943792895656,,533.9527759309443,497.9825765874965,"rgba(38, 166, 154, 0.5)",9.932018429808654,516.2693939010366,1.5782900736386871,62.32290798316432,8.728907870768367,False,False,True,False,False,15.365282611388967,0.0,0.0,0.0,0.0,0,0.9715395859621945,0.9677540260616432,False,False,False,False,0.282332990784299,0.30332149726397195,False,False,False,False,2800745.0,2643470.395037113,False,False,False,False,62282.649716237014,False,False,False,False
2025-08-05 15:00:00+00:00,531.885,534.66,530.67,532.11,65654.0,,,,,,,,534.9574945795579,532.5163965105324,,,,,,,,,527.1987251924779,522.376417564227,519.302737837641,515.1841383242117,513.2438733838435,506.7098441351905,501.50946118498103,496.1230162869228,493.58612407749246,489.8150525738705,484.7473126841723,478.1980616292192,470.3714622978245,455.6205069797669,,513.2438733838435,470.3714622978245,,533.7369455450452,498.1419095822743,"rgba(38, 166, 154, 0.5)",10.091417097067959,516.3879797933197,1.5579596062131182,59.8180909551725,8.728907870768367,False,True,True,False,False,15.48293583809729,0.0,0.0,0.0,0.0,0,0.9690619626665348,0.9710164648251463,False,False,False,False,0.26261236181777786,0.2829669295408749,False,False,False,False,2866399.0,2646926.652478398,False,False,False,False,62334.9187128845,False,False,False,False
2025-08-05 16:00:00+00:00,532.11,535.0,531.61,531.93,41935.0,,,,,,,,534.775161574715,532.5230831386067,,,,,,,,,527.2825587891157,522.4887860024011,519.4134187106878,515.2943020376551,513.3533367599877,506.81014334995837,501.60897726141434,496.22255776317724,493.6856195361121,489.9133813368777,484.8447746912567,478.2964819134289,470.47511951042105,455.72934090022704,,513.3533367599877,470.47511951042105,,533.6491223566609,498.24419989733724,"rgba(38, 166, 154, 0.5)",10.236902969862648,516.469616808047,1.510259815636444,57.96150825467579,15.032632314646904,False,True,True,False,False,15.284654836403444,0.0,0.0,0.0,0.0,0,0.9766511501561942,0.9702305251330426,False,False,False,False,0.2735379347328132,0.27825243213684403,False,False,False,False,2824464.0,2649679.1694942364,False,False,False,False,62018.64090338241,False,False,False,False
2025-08-05 17:00:00+00:00,531.87,533.09,531.065,532.405,40151.0,,,,,,,,534.5774330524604,532.5166858384983,,,,,,,,,527.3512781332901,522.5874239488792,519.5125850159997,515.3945810513819,513.4534939048691,506.90304080532957,501.7016685396569,496.3156517472078,493.7788132705531,490.00566600111165,484.9364431003003,478.3892474573069,470.57299830818226,455.83236837238576,,513.4534939048691,470.57299830818226,,533.5470594454794,498.3382328326038,"rgba(38, 166, 154, 0.5)",10.371799598858773,516.5406338195544,1.5295673647793164,57.17285011655592,13.886726791999529,False,True,True,False,False,15.634954928534142,0.0,0.0,0.0,0.0,0,0.9725050664821316,0.9783006277494931,False,False,False,False,0.25263675936057406,0.26544459574870904,False,False,False,False,2864615.0,2653011.50795169,False,False,False,False,61679.6077110819,False,False,False,False
2025-08-05 18:00:00+00:00,532.39,533.095,528.41,529.0,63423.0,,,,,,,,534.1027021630456,532.4482032824577,,,,,,,,,527.4122819099432,522.7072956951326,519.6416782843432,515.5318294774454,513.5927372320748,507.03680088426125,501.83732691867397,496.4535071059728,493.917419753679,490.1436858240634,485.0743680786313,478.5296589067892,470.7219337857795,455.9902602911543,,513.5927372320748,470.7219337857795,,533.2754527227517,498.4707702962817,#000000,10.432567736494427,516.6197351718704,1.1866939320050516,53.09089313646691,9.715772116804075,False,True,False,False,False,11.905881750958287,0.0,0.0,0.0,0.0,0,0.9681841696844284,0.9787524942724113,False,False,False,False,0.23031492668121611,0.24787976121496258,False,False,False,False,2801192.0,2655308.879921431,False,False,False,False,61706.63704889458,False,False,False,False
2025-08-05 19:00:00+00:00,528.955,531.62,526.075,527.74,131726.0,,,,,,,,533.0748103908032,532.2214888008797,,,,,,,,,527.4581655327004,522.8907975944749,519.8585684134139,515.7769016273705,513.845907807627,507.2898141705944,502.09842759610444,496.72209372351085,494.1886855044813,490.4153587537551,485.34752393664206,478.80940091758686,471.02017135392657,456.30863643894554,,513.845907807627,471.02017135392657,,532.6481495958415,498.7164609550809,"rgba(239, 83, 80, 1.0)",10.469541956731035,516.7380225377761,1.05085566376192,49.26174191874249,5.9475823367704805,False,True,False,True,False,10.576387435036413,0.0,0.0,0.0,0.0,0,0.964083360867384,0.9799062618549381,False,False,False,False,0.1986070386885171,0.22324339995173983,False,False,False,False,2669466.0,2655528.370155208,False,False,False,False,62792.20856751637,False,False,False,False
2025-08-06 14:00:00+00:00,526.52,528.73,524.61,525.985,103552.0,,,,,,,,532.2415515036159,531.9731571154608,,,,,,,,,527.4248978776876,522.9773912465818,519.9831831567346,515.9332756709127,514.0120922045999,507.4658395174503,502.28454608833806,496.91675215692004,494.38647133041025,490.61495338123746,485.54982806091806,479.01819302315363,471.2442333023421,456.5499527325799,,514.0120922045999,471.2442333023421,,532.1073543095383,498.8829721249905,"rgba(239, 83, 80, 1.0)",10.486465413323618,516.7909526441409,0.8767537004582643,45.268424713417915,2.125178555379378,False,True,False,True,False,8.755302810120327,0.0,0.0,0.0,0.0,0,0.961974820670473,0.9855560435270578,False,False,False,False,0.16283653479628993,0.19303996737401488,False,False,False,False,2565914.0,2654139.000075282,False,False,False,False,63424.14331840759,False,False,False,False
2025-08-06 15:00:00+00:00,526.0,528.35,525.3,526.545,61647.0,,,,,,,,531.8581666405184,531.8424325799352,,,,,,,,,527.4116493804747,523.031115606973,520.058385602073,516.0267196561449,514.1112196923976,507.57068161668803,502.3953155587689,497.03255721849473,494.50412512394865,490.7336834491829,485.67016890514844,479.1423798372493,471.37746082398803,456.6934199792743,,514.1112196923976,471.37746082398803,,531.8502996102268,498.9827773179148,"rgba(239, 83, 80, 1.0)",10.514583177061981,516.8305679887468,0.9239008192398555,43.35776037272245,0.24069508639242088,False,True,False,True,False,9.211143768818623,0.0,0.0,0.0,0.0,0,0.9618395899034423,0.987007926747598,False,False,False,False,0.16536811981507435,0.17920404359454462,False,False,False,False,2627561.0,2653726.938058611,False,False,False,False,63396.59070881987,False,False,False,False
2025-08-06 16:00:00+00:00,526.55,528.215,525.335,526.155,36191.0,,,,,,,,531.6505628168732,531.7663252398022,,,,,,,,,527.402292694893,523.0605843941391,520.1006972541783,516.0800024904142,514.1679539175485,507.6311810569414,502.4594451076409,497.09975297137754,494.5724500070763,490.8027085337753,485.7402103944447,479.21473608931,471.45514695083745,456.7771763456981,,514.1679539175485,471.45514695083745,,531.7084440283377,499.0403098720196,"rgba(239, 83, 80, 1.0)",10.519520764611112,516.8534977497485,0.8842134977805078,41.722968322307395,-1.4891793896344794,False,True,False,True,False,8.801351507128729,0.0,0.0,0.0,0.0,0,0.96521993634224,0.9869757685881877,False,False,False,False,0.16455125147719224,0.17187764753586843,False,False,False,False,2591370.0,2652760.163825144,False,False,False,False,62974.79860480716,False,False,False,False
2025-08-06 17:00:00+00:00,526.2,526.295,525.25,525.84,39479.0,,,,,,,,531.4101698173574,531.6737848399189,,,,,,,,,527.3830720727925,523.0852108283437,520.1407857996145,516.1332746703521,514.2254330711554,507.6940618599802,502.5267824526894,497.1707912595154,494.6448575773334,490.8760804968674,485.81490014172414,479.29212973615387,471.5384563292582,456.8673035439925,,514.2254330711554,471.5384563292582,,531.5419773286382,499.0995099885552,"rgba(239, 83, 80, 1.0)",10.523927970482077,516.872646587911,0.8520918650565611,40.321803475628876,-3.0825945955590583,False,True,False,True,False,8.466596744779977,0.0,0.0,0.0,0.0,0,0.9658451006612606,0.9905288856718725,False,False,False,False,0.1482173919485676,0.160047519742218,False,False,False,False,2551891.0,2651196.3008201034,False,False,False,False,62610.522657445814,False,False,False,False
2025-08-06 18:00:00+00:00,525.855,526.73,525.185,525.975,70626.0,,,,,,,,531.037506278253,531.5197379359516,,,,,,,,,527.3533358017061,523.1308463891522,520.2132053333479,516.2287679498089,514.3283308306079,507.80650922117,502.6471456914069,497.29774393618237,494.77425232548785,491.00720370415263,485.94838354717734,479.430442375266,471.6873176474577,457.0283431853443,,514.3283308306079,471.6873176474577,,531.2786221071024,499.2058448527334,"rgba(239, 83, 80, 1.0)",10.526650840979523,516.9114344415359,0.8610113221557884,39.628747333549214,-4.093209430500707,False,True,False,True,False,8.582622553303672,0.0,0.0,0.0,0.0,0,0.9640880580494404,0.9886237855122368,False,False,False,False,0.15122546653757257,0.1556364931398953,False,False,False,False,2622517.0,2650751.660497311,False,False,False,False,62734.79362399704,False,False,False,False
2025-08-06 19:00:00+00:00,525.95,526.15,524.31,524.83,111512.0,,,,,,,,530.4583079306988,531.2573357764379,,,,,,,,,527.2810965596709,523.1788590904974,520.3072602214205,516.3627305913594,514.4753422839674,507.97292090127166,502.8277203617251,497.48993528571333,494.9707751221147,491.2071679443062,486.1528182117594,479.64312771951074,471.9169786121155,457.2779098187455,,514.4753422839674,471.9169786121155,,530.8578218535683,499.3617601945842,"rgba(239, 83, 80, 1.0)",10.5170690732665,516.9571124720475,0.7485818979704892,37.898919859788265,-6.104413449755242,False,True,False,True,False,7.339909408355474,0.0,0.0,0.0,0.0,0,0.9616056275672086,0.988587451115429,False,False,False,False,0.13867984113289034,0.14715816713639282,False,False,False,False,2511005.0,2648585.0456058797,False,False,False,False,63491.02938176453,False,False,False,False
2025-08-07 14:00:00+00:00,525.29,526.4,523.485,525.33,47101.0,,,,,,,,530.2452585972839,531.1524081789768,,,,,,,,,527.2516210569198,523.1981863372398,520.3457063145885,516.4179477791439,514.5360954881035,508.0421511151671,502.9030380708876,497.5702452685887,495.05295202567555,491.29086509064734,486.2384733548469,479.73231978914,472.0133464065759,457.38273548843597,,514.5360954881035,472.0133464065759,,530.6988333881303,499.42683454185436,"rgba(239, 83, 80, 1.0)",10.501631095102526,516.9776870415569,0.7953348277810152,37.763691723199585,-6.646066429419207,False,True,False,True,False,7.785215005699811,0.0,0.0,0.0,0.0,0,0.9596428527565922,0.9893273399408029,False,False,False,False,0.134005406335484,0.1405817867359384,False,False,False,False,2558106.0,2647182.269705013,False,False,False,False,63236.92039910151,False,False,False,False
2025-08-07 15:00:00+00:00,525.42,525.68,522.11,522.34,36261.0,,,,,,,,530.0422973955995,531.0521731007802,,,,,,,,,527.2122280095934,523.1995784131863,520.3644193262948,516.4517490819503,514.5749455037499,508.0898007442167,502.9562683963266,497.62796350046017,495.11235640394545,491.3517995532066,486.3012920137647,479.79818850261086,472.08493558057603,457.4612002975467,,514.5749455037499,472.08493558057603,,530.5472352481898,499.47048038053055,"rgba(239, 83, 80, 1.0)",10.465297479446049,516.9820390100232,0.5119740743633839,34.691487883959,-9.894771458199166,False,True,False,True,False,4.588874413480333,0.0,0.0,0.0,0.0,0,0.9562175056578386,0.9903480335188696,False,False,False,False,0.09611545547385814,0.11834862110489827,False,False,False,False,2521845.0,2645239.056221214,False,False,False,False,62818.689075084425,False,False,False,False
2025-08-07 16:00:00+00:00,522.155,522.86,520.69,521.96,27679.0,,,,,,,,529.8612964130314,530.962377463129,,,,,,,,,527.1708346865412,523.1915121394914,520.3713251091642,516.471641452168,514.5992231555763,508.12233005691604,502.9936643850601,497.66922324770684,495.15507240997096,491.39592772153276,486.34711453969464,479.8465621413332,472.1378106891609,457.5195727520033,,514.5992231555763,472.1378106891609,,530.4118369380801,499.4994153204513,"rgba(239, 83, 80, 1.0)",10.420252784364514,516.9775772076949,0.47814797734860875,32.32943129875845,-12.350132772498526,False,True,False,True,False,4.192350089944007,0.0,0.0,0.0,0.0,0,0.947509607226631,1.011416379697559,False,False,False,False,0.058776561941971596,0.08856259152343493,False,False,False,False,2494166.0,2642896.8382953038,False,False,False,False,62273.88769407536,False,False,False,False
2025-08-07 17:00:00+00:00,521.97,523.775,520.38,520.88,27206.0,,,,,,,,529.6876449476584,530.8743034307424,,,,,,,,,527.1295759164558,523.1827604746518,520.3773233935651,516.490478359332,514.6224096601352,508.15378639862337,503.029969590509,497.709376291541,495.1966772228928,491.4389525143057,486.39183857115347,479.89382188891756,472.189507591728,457.5767036349104,,514.6224096601352,472.189507591728,,530.2809741892004,499.5273701077658,"rgba(239, 83, 80, 1.0)",10.35293199624556,516.9728672561549,0.3773938383118879,29.876730783333027,-14.830095700154374,False,True,False,True,False,3.064413578695145,0.0,0.0,0.0,0.0,0,0.9501824113157274,0.9985805535841018,False,False,False,False,0.06409199003084227,0.0763272907771386,False,False,False,False,2466960.0,2640169.135375997,False,False,False,False,61730.19951277187,False,False,False,False
2025-08-07 18:00:00+00:00,521.0,521.0,517.57,518.9,39463.0,,,,,,,,529.3731633319182,530.7152508469779,,,,,,,,519.1566666666668,527.0436385968333,523.1492653582604,520.3692512998175,516.5043968080298,514.6438499036799,508.19069681971683,503.07529398508905,497.761278755871,495.25107005179393,491.4959580617014,486.4518893887505,479.95805828941735,472.2604926193519,457.65613997179827,,514.6438499036799,472.2604926193519,,530.044207089448,500.8645297717852,"rgba(239, 83, 80, 1.0)",10.253382038390614,518.0178267760705,0.08603729195171646,26.87287418546376,-17.76274152272469,False,True,False,True,False,1.038366369555824,0.0,0.0,0.0,0.0,0,0.9443294368484341,1.0022684731811924,False,False,False,False,0.015121501648533079,0.04572439621283584,False,False,True,False,2427497.0,2636871.8929670667,False,False,False,False,61384.97161334905,False,False,False,False
2025-08-07 19:00:00+00:00,518.875,520.8,518.14,520.69,53997.0,,,,,,,,529.0003624961165,530.5176173023233,,,,,,,,519.5726504030245,526.9394735888934,523.1124309235623,520.3648341610805,516.5283140302015,514.6774884962115,508.2440915029564,503.13965812282066,497.83426717382787,495.32732611643644,491.5756000413402,486.5355019125904,480.0472209933683,472.35875998159975,457.7657693933401,,514.6774884962115,472.35875998159975,,529.7589898992198,500.9348924560836,"rgba(239, 83, 80, 1.0)",10.150257768437786,518.0105009869044,0.2639833464552559,28.649699685560073,-17.76274152272469,False,True,False,True,False,2.767742313090988,0.0,0.0,0.0,0.0,0,0.9447695638725644,1.0044540674296316,False,False,False,False,0.018360924242176103,0.03204266022750597,False,False,False,False,2481494.0,2634462.933386182,False,False,False,False,61270.429417793246,False,False,False,False
2025-08-08 14:00:00+00:00,523.24,523.42,520.81,520.92,44052.0,,,,,,,,528.774330245709,530.3886140270259,,,,,,,,520.2594864933,526.8782714089613,523.099731042587,520.3746519447812,516.5581615522236,514.7142123771139,508.29412536203245,503.1975364239649,497.898397814834,495.3938253121799,491.64444629396513,486.6071531378844,480.1230143069486,472.44172154921426,457.85756296259086,,514.7142123771139,472.44172154921426,,529.5814721363674,501.02281986550554,"rgba(239, 83, 80, 0.75)",10.037150134365108,518.0381445790273,0.2871188915572557,30.29280082158646,-17.76274152272469,False,True,False,True,True,2.988508954711289,0.0,0.0,0.0,0.0,0,0.9477093538317275,1.000567571902723,False,False,False,False,0.0647511733467063,0.048396916787106135,False,False,False,False,2525546.0,2632774.2987600397,False,False,False,False,61003.47702371893,False,False,False,False
2025-08-08 15:00:00+00:00,520.95,521.8,519.47,521.29,64863.0,,,,,,,,528.4282110887377,530.1871662064915,,,,,,,,520.4498197241095,526.7760792849572,523.0700331343256,520.3797165899382,516.5942383120791,514.7610118354771,508.3624281918362,503.27816165483557,497.98880050522416,495.4879407451644,491.74235243414347,486.7095429016467,480.2318072704379,472.5612379944417,457.9904221234879,,514.7610118354771,472.5612379944417,,529.3076886476147,501.09223951347377,"rgba(239, 83, 80, 0.75)",9.913158183047805,518.0295832054751,0.32889788847517964,32.17244104303755,-17.76274152272469,False,True,False,True,True,3.347992022818076,0.0,0.0,0.0,0.0,0,0.9450228197853712,1.005427408412483,False,False,False,False,0.03877215103871641,0.04358453391291127,False,False,False,False,2590409.0,2632117.4724226748,False,False,False,False,61063.31458924266,False,False,False,False
2025-08-08 16:00:00+00:00,521.28,521.84,520.455,521.61,29890.0,,,,,,,,528.2875430052745,530.101495529121,,,,,,,,520.5594432365328,526.7336222237616,523.0593252758379,520.3841898737377,516.6123885308567,514.7839079505549,508.39477467015826,503.3160092984778,498.03103257621433,495.5318394016098,491.7879401520707,486.7571369417015,480.2822967464828,472.61662432088934,458.0518927974406,,514.7839079505549,472.61662432088934,,529.1945192671978,501.1268282664217,"rgba(239, 83, 80, 0.75)",9.768472702828795,518.0298389779742,0.3665016150364037,34.1370293804689,-21.087931807309864,False,True,False,True,True,3.6622729910138787,0.0,0.0,0.0,0.0,0,0.9608686438036831,1.0053853921238638,False,False,False,False,0.045510607752631355,0.04454757083277131,False,False,False,False,2620299.0,2631934.2402920905,False,False,False,False,60580.007386308665,False,False,False,False
2025-08-08 17:00:00+00:00,521.62,523.13,520.555,522.685,39529.0,,,,,,,,528.1307262284778,530.0010477138267,,,,,,,,520.7868912730474,526.686816521105,523.0518894634073,520.3952782141648,516.6403464769301,514.8177289650561,508.44001228688205,503.36809423175237,498.0886131107703,495.5915096093488,491.84968605664284,486.821370814577,480.35021155687417,472.6909116964683,458.1340573005615,,514.8177289650561,472.6909116964683,,529.0658869711522,501.18089450517255,"rgba(239, 83, 80, 0.75)",9.550539073977383,518.0405578432141,0.48630157112709216,37.755434419599936,-17.590972392780188,False,True,False,True,True,4.718993411616648,0.0,0.0,0.0,0.0,0,0.958161549479978,1.002055178426854,False,False,False,False,0.05780658230229597,0.05117707656753364,False,False,False,False,2659828.0,2632366.701682911,False,False,False,False,60253.635178769,False,False,False,False
2025-08-08 18:00:00+00:00,522.685,523.23,521.11,522.58,30283.0,,,,,,,,528.0193887739623,529.9275412522095,,,,,,,,520.9392476531921,526.6530117574808,523.0473813963681,520.4045688845204,516.6622835536633,514.8440739152497,508.4749290986807,503.4081896714191,498.1328745232044,495.63735647648326,491.89710498754374,486.8706772249532,480.40231953290873,472.74788280473445,458.1970406941081,,514.8440739152497,472.74788280473445,,528.9734650130858,501.221262811634,"rgba(239, 83, 80, 0.75)",9.369670714932903,518.0489951157261,0.4835820833119155,39.98564937812471,-15.447647857357552,False,True,False,True,True,4.601472083475837,0.0,0.0,0.0,0.0,0,0.9596003583337486,1.0004230328970285,False,False,False,False,0.05648651299477503,0.05383179478115434,False,False,False,False,2629545.0,2632322.954369997,False,False,False,False,59788.97416824545,False,False,False,False
2025-08-08 19:00:00+00:00,522.57,522.66,520.025,522.13,56231.0,,,,,,,,527.7995021562682,529.7824810480546,,,,,,,,521.0437273751446,526.5816925259984,523.0313596377123,520.4153065550038,516.6975619938652,514.8879504806733,508.5360346977672,503.47944477406355,498.21226054290673,495.719842365034,491.98274169995636,486.96006366344545,480.4971193315037,472.8518304915461,458.31238769028516,,514.8879504806733,472.8518304915461,,528.7909916021614,501.2806215883271,"rgba(239, 83, 80, 0.75)",9.162482944686797,518.049777071266,0.4453184746281074,40.653293113628465,-14.685046476770253,False,True,False,True,True,4.091575327020511,0.0,0.0,0.0,0.0,0,0.954955402618699,1.0046460781634325,False,False,False,False,0.03606721325539654,0.04494950401827544,False,False,False,False,2573314.0,2631408.086860385,False,False,False,False,59733.81177804009,False,False,False,False
2025-08-11 14:00:00+00:00,523.6,525.305,521.575,525.035,62823.0,,,,,,,,527.6583078277575,529.6714878353321,,,,,,,,521.4805081633348,526.5411349102776,523.0428858384756,520.4504952259094,516.755108197429,514.9533380745099,508.6158762507274,503.5687047540439,498.30922942175755,495.81974983284647,492.08543312795814,487.0661713146969,480.6085859785493,472.97305438111664,458.4455617779389,,514.9533380745099,472.97305438111664,,528.6648978315447,501.381055816638,#000000,8.98671668289945,518.0927454990599,0.772501765205336,46.6386190995859,-9.023946612939142,False,True,False,False,True,6.962469852140249,0.0,0.0,0.0,0.0,0,0.9563977180114104,0.9990244745745969,False,False,False,False,0.07489543701235549,0.05992247051531546,False,False,False,False,2636137.0,2631481.4033431695,False,False,False,False,59781.70616907823,False,False,False,False
2025-08-11 15:00:00+00:00,525.02,527.75,522.18,526.05,51349.0,,,,,,,,527.5900678548074,529.6046970419546,,,,,,,,521.8985076405351,526.5259033002778,523.0655403468184,520.4896145389397,516.8101776854827,515.0140138749967,508.68622925007804,503.64589382490004,498.3921037039851,495.90479215543616,492.1724266559273,487.15561634903816,480.7021043976742,473.07433300027225,458.5562549909579,,515.0140138749967,473.07433300027225,,528.597382448381,501.4729007810214,"rgba(38, 166, 154, 0.5)",8.80636873246951,518.1427028275215,0.8979066642217569,52.02534535482623,-4.156895072882691,False,False,True,False,True,7.930608584843824,0.0,0.0,0.0,0.0,0,0.9584856301113654,0.9932643057100594,False,False,False,False,0.10326124632720174,0.0815918584212586,False,False,False,False,2687486.0,2632349.6916634305,False,False,False,False,59650.96653854989,False,False,False,False
2025-08-11 16:00:00+00:00,526.055,528.56,525.43,525.755,35499.0,,,,,,,,527.5700694560444,529.5729077943594,,,,,,,,522.225779953502,526.5263826400272,523.0894889771818,520.5232159843032,516.853386410303,515.0606018814757,508.73816302456413,503.7020078309035,498.45175612969103,495.9657938716805,492.23456847937587,487.21923313381893,480.7683397668336,473.1457971332031,458.6340006638507,,515.0606018814757,473.1457971332031,,528.5714886252019,501.54256772538093,"rgba(38, 166, 154, 1.0)",8.627120839651326,518.186410252434,0.8773019282145419,54.94590174437526,-1.6136965228978895,True,False,True,False,True,7.5821068756877175,0.0,0.0,0.0,0.0,0,0.9673977980711789,0.991855545666248,False,False,False,False,0.1381555159451037,0.10987368718318115,False,False,False,False,2651987.0,2632654.1460562455,False,False,False,False,59276.51744492896,False,False,False,False
2025-08-11 17:00:00+00:00,525.78,528.24,522.245,523.555,32847.0,,,,,,,,527.5179916617843,529.525758080888,,,,,,,,522.374836703487,526.5118127880877,523.0994500024437,520.5443226962865,516.8852790792392,515.09631608387,508.7808564392302,503.74939048268084,498.50301146037447,496.0185300913547,492.2886958508574,487.2750797377581,480.8269199046276,473.20940540486555,458.7037712106925,,515.09631608387,473.20940540486555,,528.5218748713362,501.591178529057,"rgba(38, 166, 154, 0.5)",8.521003830491063,518.2089040693443,0.6274021273791148,52.600647511150456,-1.6136965228978895,False,False,True,False,True,5.023051080243139,0.0,0.0,0.0,0.0,0,0.9587224958152403,0.9982290580044151,False,False,False,False,0.10480351195016713,0.10733859956667413,False,False,False,False,2619140.0,2632444.624411963,False,False,False,False,58866.75748454247,False,False,False,False
2025-08-11 18:00:00+00:00,523.645,523.99,521.195,521.91,28133.0,,,,,,,,527.4396716784127,529.4671413393241,,,,,,,,522.3743503134673,526.4839744780717,523.0955314414932,520.5522064275691,516.9043373133751,515.1193565018733,508.81194353215824,503.7853334307211,498.5428836882944,496.05990836199527,492.33160877333194,487.3198272242988,480.87432678188867,473.26131557451987,458.7613189407669,,515.1193565018733,473.26131557451987,,528.4534065088684,501.6185481855884,#000000,8.439716004890643,518.2113003132928,0.43824930656006267,48.621770392648855,-1.6136965228978895,False,False,False,False,False,3.174730351837919,0.0,0.0,0.0,0.0,0,0.9500284135562895,1.0089714292623355,False,False,False,False,0.054785193867477606,0.08106189671707587,False,False,False,False,2591007.0,2631802.18062263,False,False,False,False,58390.26512044103,False,False,False,False
2025-08-11 19:00:00+00:00,521.89,523.11,520.15,521.95,56175.0,,,,,,,,527.2716908553382,529.3428174363463,,,,,,,,522.3170475929961,526.4211802144395,523.0812074065901,520.5623597340146,516.9376647701527,515.1609765848216,508.8707352453618,503.854276250427,498.6200123656062,496.1401791102145,492.4151454429295,487.40724099157546,480.96723553165447,473.363318511689,458.87478542266894,,515.1609765848216,473.363318511689,,528.3072541458423,501.6662243450093,"rgba(239, 83, 80, 0.5)",8.360614147231223,518.208126408269,0.44755965600568437,46.05068021014309,3.2320185939397774,False,False,False,True,False,3.2158698210237056,0.0,0.0,0.0,0.0,0,0.948657349908963,1.0109244812077216,False,False,False,False,0.036698758145718414,0.058880327431397136,False,False,False,False,2647182.0,2632040.627434682,False,False,False,False,58355.91992477527,False,False,False,False
2025-08-12 14:00:00+00:00,524.61,526.84,522.78,524.945,53380.0,,,,,,,,527.2058911481871,529.2752663401899,,,,,,,,522.5167131849895,526.4017389242291,523.098798745721,520.5970432994988,516.9892141274886,515.2185700365682,508.9395291321688,503.930638731565,498.7026523949796,496.22522836064144,492.5024825268026,487.49740293691855,481.06185380521276,473.4660720440035,458.98755794695137,,515.2185700365682,473.4660720440035,,528.2405787441885,501.74236641318265,#000000,8.280346963612194,518.2446022716033,0.8091928705211876,49.41159220481823,3.2320185939397774,False,False,False,False,True,6.225543069780802,0.0,0.0,0.0,0.0,1,0.9571171171171176,0.9995315315315315,False,False,False,False,0.09661098739016216,0.07774565741077966,False,False,False,False,2700562.0,2633102.9742961596,False,False,False,False,58278.773879429915,False,False,False,False
2025-08-12 15:00:00+00:00,525.11,527.945,524.82,526.85,41334.0,,,,,,,,527.1921076459691,529.2437338941968,,,,,,,,522.7476364454718,526.40303936522,523.1250108718065,520.6339835795094,517.0371159834187,515.2704072798277,508.9979844835375,503.9941147709058,498.7703825851627,496.2945915040722,492.5732902815851,487.57005325898166,481.1376457159922,473.5479535052377,459.07684209950145,,515.2704072798277,473.5479535052377,,528.217920770083,501.81200344868205,"rgba(38, 166, 154, 1.0)",8.202555978263137,518.2874588118831,1.0438869555791837,53.928383558204914,-3.643381700070215,True,False,True,False,True,8.047466001171024,0.0,0.0,0.0,0.0,1,0.9620105832803376,0.9954283108748604,False,False,False,False,0.12646795879370995,0.1021068081022448,False,False,False,False,2741896.0,2634789.687872963,False,False,False,False,58016.06420688061,False,False,False,False
2025-08-12 16:00:00+00:00,526.955,529.21,526.1,528.195,70761.0,,,,,,,,527.2140563759016,529.2164863959887,,,,,,,,523.2029651003214,526.426003712299,523.1856676978655,520.7098241417197,517.1290551481641,515.36814182525,509.10449125400123,504.10816074459746,498.8909489833338,496.4176620856347,492.6984285441384,487.6979176783362,481.2705005875842,473.69095980779593,459.2320712303547,,515.36814182525,473.69095980779593,,528.2152713859451,501.94218656942644,"rgba(38, 166, 154, 1.0)",8.116590825068444,518.3773470958433,1.209578395135365,58.29811732688537,0.4327766122036536,True,False,True,False,True,9.301358913916502,0.0,0.0,0.0,0.0,0,0.9671589235025698,0.9907537158803732,False,False,False,False,0.15066055447508656,0.12638368128866567,False,False,False,False,2812657.0,2637547.320619119,False,False,False,False,58213.66011064991,False,False,False,False
2025-08-12 17:00:00+00:00,528.27,529.625,527.195,529.19,60227.0,,,,,,,,527.2551687951056,529.2076355874545,,,,,,,,523.5899528522535,526.4562209365631,523.2451306313953,520.7805457250312,517.2120907889444,515.4556288107996,509.19819750122906,504.2077588535306,498.99571951378726,496.52442132142943,492.80675476937984,487.8083600295571,481.3850006871992,473.81395290614654,459.3652421235137,,515.4556288107996,473.81395290614654,,528.23140219128,502.0563318300507,"rgba(38, 166, 154, 1.0)",8.061183241448854,518.4605702730639,1.3309993589734737,62.13308287473602,4.010970941756291,True,False,True,False,True,10.217216098447526,0.0,0.0,0.0,0.0,0,0.9668836919836281,0.9933456207961319,False,False,False,False,0.16518438212495143,0.14578403170680854,False,False,False,False,2872884.0,2641195.951307195,False,False,False,False,58244.874682577814,False,False,False,False
2025-08-12 18:00:00+00:00,529.225,530.94,528.02,529.71,37103.0,,,,,,,,527.2945208010267,529.2110836393289,,,,,,,,523.8392751397712,526.4817295276024,523.2870084672383,520.8283183578847,517.2665656865279,515.5125329542994,509.2580883980829,504.2709249008918,499.06181512270496,496.5916439406447,492.87480715242134,487.877572392333,481.45658135595846,473.8906698642114,459.44807478093304,,515.5125329542994,473.8906698642114,,528.2528022201777,502.129707202767,"rgba(38, 166, 154, 1.0)",8.022229595607957,518.5168379565558,1.3952682243814465,65.16288674554454,6.898345323092428,True,False,True,False,True,10.695260832048891,0.0,0.0,0.0,0.0,0,0.9697893868178399,0.9904919091528829,False,False,False,False,0.18588829047609173,0.16583616109145013,False,False,False,False,2909987.0,2645363.2543877033,False,False,False,False,57917.09367974715,False,False,False,False
2025-08-12 19:00:00+00:00,529.685,530.805,527.435,529.265,67661.0,,,,,,,,527.351180863856,529.2103271130088,,,,,,,,524.2165976663877,526.5214420818941,523.3573206168717,520.9102936417294,517.361578066293,515.6122926376914,509.36433084294157,504.3835509747944,499.18008829208935,496.7120934194871,492.9969537837604,488.0020284622499,481.58552014463663,474.02905636213825,459.5977921908364,,515.6122926376914,474.02905636213825,,528.2807539884325,502.2553959455867,"rgba(38, 166, 154, 1.0)",7.977886208220492,518.6105913111099,1.3354926870117094,66.15486198727027,8.03054982428133,True,False,True,False,True,10.146596390087197,0.0,0.0,0.0,0.0,0,0.968692625002981,0.989258208350223,False,False,False,False,0.17890574488262811,0.17237095298703914,False,False,False,False,2842326.0,2648416.9403661885,False,False,False,False,58068.16199478983,False,False,False,False
2025-08-13 14:00:00+00:00,530.205,531.73,529.55,530.375,60158.0,,,,,,,530.5516666666666,527.4349723886145,529.2311048633155,,,,,,,,524.5917904592761,526.5737223579152,523.4329881480317,520.9938214467719,517.4545388489712,515.7087007479137,509.4643762624353,504.4883769737236,499.28928329491424,496.8229732295867,493.1089940537724,488.1157523602389,481.702892782788,474.1545887013259,459.7330044322391,,515.7087007479137,474.1545887013259,530.5516666666666,529.0725813061989,502.375720273327,"rgba(38, 166, 154, 1.0)",7.983496680791918,520.0101646833034,1.2982826612346592,67.96674135997557,10.075960472292103,True,False,True,False,True,11.186515035797463,-1.0,531.73,529.55,0.0,0,0.9728296412561392,0.9850771114995422,False,False,False,False,0.20851366123868562,0.19044230711286236,False,True,False,False,2902484.0,2652355.9645465575,False,False,False,False,58100.56258401789,False,False,False,False
2025-08-13 15:00:00+00:00,530.295,530.315,526.85,527.98,63671.0,,,,,,,529.4358854684014,527.4604977411525,529.2174030706002,,,,,,,,524.8153393985771,526.5982084703556,523.4874695132987,521.0609479745732,517.5354444961794,515.7946716553706,509.5584488324602,504.5892519304851,499.3960650352827,496.9320397293187,493.2200206892303,488.22933577172563,481.8210168122057,474.2817568165037,459.87118443680055,,515.7946716553706,474.2817568165037,529.4358854684014,528.7045954267179,502.4794134374912,"rgba(38, 166, 154, 0.75)",7.966127969081533,520.0214019489674,0.9990547580859656,64.20592367634063,10.075960472292103,True,False,True,False,False,8.247549369221641,0.0,0.0,0.0,0.0,0,0.9658830207421782,0.9885764291289233,False,False,False,False,0.16851223813780628,0.1794772726253343,False,False,False,False,2838813.0,2655246.771297774,False,False,False,False,58186.92595480831,False,False,False,False
2025-08-13 16:00:00+00:00,527.91,528.74,524.09,525.185,56289.0,,,,,,,528.3636932825518,527.4266113940654,529.1722374385712,,,,,,,,524.87430192765,526.5911897989597,523.5117361087684,521.1003452959758,517.5905229582931,515.8555409128077,509.6304360989702,504.6688870392066,499.48212875101177,497.02059585338543,493.31099918319364,488.3233058581453,481.91964363242766,474.3887682518944,459.9886597013265,,515.8555409128077,474.3887682518944,528.3636932825518,528.3208473717295,502.5504707581344,"rgba(38, 166, 154, 0.75)",7.882740570440213,520.0007966735615,0.6576650950405394,57.64241517194938,15.731500501221689,True,False,True,False,False,4.998996419570002,0.0,0.0,0.0,0.0,0,0.9575275469919282,0.9983972659242241,False,False,False,False,0.12694016741823075,0.15320872002178254,False,False,False,False,2782524.0,2657220.06166525,False,False,False,False,58157.50074620662,False,False,False,False
2025-08-13 17:00:00+00:00,525.15,525.685,522.7,523.87,40499.0,,,,,,,527.5782470148115,527.3715590986462,529.1212914863503,,,,,,,,524.8471250217151,526.5700353892871,523.5156843890146,521.1173596590415,517.6207683258355,515.890688178797,509.67581365135584,504.7206947038217,499.5392489474185,497.0797789722175,493.3723192080009,488.38719687105186,481.98725345279666,474.4626339277278,460.0704726717925,,515.890688178797,474.4626339277278,527.5782470148115,528.023699199936,502.5904715579916,#000000,7.774286012230522,519.9709128258116,0.5015363684915006,51.752715679417264,10.29108845672593,True,False,False,False,False,3.527836150097613,0.0,0.0,0.0,0.0,0,0.9529199745577053,1.0082923037056237,False,False,False,False,0.08476064971255061,0.11898468486716657,False,False,False,False,2742025.0,2658534.86691075,False,False,False,False,57883.72554083907,False,False,False,False
2025-08-13 18:00:00+00:00,523.85,524.58,522.36,522.67,52907.0,,,,,,,526.732019414506,527.2837394460705,529.0448685862372,,,,,,,,524.7763688678549,526.5333158065985,523.5128990689676,521.1327793967314,517.6545268224838,515.9312621220245,509.73106534855253,504.7848974063895,499.61080513888805,497.1541941614408,493.4497700567908,488.46826658920077,482.0734085068367,474.55709162334983,460.1755695130924,,515.9312621220245,474.55709162334983,526.732019414506,527.6868758156046,502.63641469528017,"rgba(239, 83, 80, 0.5)",7.652150558577261,519.9328022313196,0.3577030728456186,46.56285851831429,5.566226067384179,False,False,False,True,False,2.205765692222542,0.0,0.0,0.0,0.0,0,0.949153739318755,1.0118405875567904,False,False,False,False,0.07112045049328329,0.09505256768022494,False,False,False,False,2689118.0,2659009.024012909,False,False,False,False,57806.567005322184,False,False,False,False
2025-08-13 19:00:00+00:00,522.62,523.05,518.84,520.68,127529.0,,,,,,,524.8637430007172,526.9731150144952,528.7976827853101,,,,,,,520.8566666666666,524.4079064076567,526.3879002500936,523.4570059982863,521.1279456911342,517.700531367469,515.9962661980182,509.8395309344417,504.91835017920016,499.7645404712659,497.31583346550394,493.62022295209067,488.649039203752,482.26784216323085,474.77236702059315,460.41808766932814,,515.9962661980182,474.77236702059315,524.8637430007172,526.8781802668408,503.8437522899207,"rgba(239, 83, 80, 1.0)",7.5334658929554745,520.4800225206766,0.026545215995517277,41.290108057411075,0.7582126045356645,False,True,False,True,False,0.06717918905325604,0.0,0.0,0.0,0.0,0,0.9401400206050397,1.0164957385033253,False,False,False,False,0.02362440867826992,0.05933848817924743,False,False,False,False,2561589.0,2657498.636043716,False,False,False,False,58887.534958728036,False,False,False,False
2025-08-14 14:00:00+00:00,523.28,525.935,521.87,524.265,59081.0,,,,,,,524.7558347749424,526.9085147344463,528.7318326949247,,,,,,,521.859237982959,524.3918575158422,526.3601679634447,523.4624734525429,521.1512390087022,517.74233633727,516.0450468044629,509.903304827644,504.9915621342351,499.8455906503974,497.3999449950787,493.70757073816105,488.74027143448416,482.36459687617787,474.87822815572383,460.5356367635732,,516.0450468044629,474.87822815572383,524.7558347749424,526.7987274014378,503.9611916025437,"rgba(239, 83, 80, 1.0)",7.386777328867393,520.5366574724162,0.5047319502935984,43.16522088369741,0.7582126045356645,False,True,False,True,False,3.6978726465305662,0.0,0.0,0.0,0.0,0,0.9440013930001747,1.007046259214116,False,False,False,False,0.07928219330611028,0.06931034074267886,False,False,False,False,2620670.0,2656927.6494383872,False,False,False,False,58890.53441673225,False,False,False,False
2025-08-14 15:00:00+00:00,524.265,524.8,521.83,523.37,32707.0,,,,,,,524.6614316009965,526.865689291734,528.6909250329663,,,,,,,522.0790715418017,524.3679551612158,526.3406423359643,523.4617869268966,521.1609142346686,517.7627261736526,516.0694839235587,509.93665057109445,505.030390502663,499.88895336056805,497.4450804590676,493.75461494075597,488.78959140012284,482.41708332974275,474.9358169173819,460.59981959018126,,516.0694839235587,474.9358169173819,524.6614316009965,526.739348641899,504.0025363355835,"rgba(239, 83, 80, 1.0)",7.198082085018593,520.5459142006804,0.39233864881832947,43.452854746676245,0.7582126045356645,False,True,False,True,False,2.73833823736134,0.0,0.0,0.0,0.0,0,0.9467761169837103,1.0074677843257578,False,False,False,False,0.06819779003252158,0.06875406538760022,False,False,False,False,2587963.0,2655858.4300672496,False,False,False,False,58484.58814670539,False,False,False,False
2025-08-14 16:00:00+00:00,523.4,525.025,522.55,523.94,30985.0,,,,,,,524.6127442509536,526.8317207040595,528.6563382923956,,,,,,,522.2968513702114,524.3568627967874,526.3254430898987,523.4636738020157,521.172113623449,517.7836445079572,516.0940827706521,509.9692733749784,505.0680339907141,499.9307673197116,497.48852616704596,493.7998032445524,488.83686631964554,482.46729467686174,474.99081549894316,460.66099082801264,,516.0940827706521,474.99081549894316,524.6127442509536,526.7002677491363,504.0440652113398,"rgba(239, 83, 80, 0.5)",7.056069467720409,520.5598091126659,0.4790472801887229,44.43255011155358,0.7582126045356645,False,False,False,True,False,3.3064105592503843,0.0,0.0,0.0,0.0,0,0.9548735205384083,1.0035158969598517,False,False,False,False,0.07711103451770672,0.07293254995265347,False,False,False,False,2618948.0,2655286.1753375246,False,False,False,False,58058.2379428805,False,False,False,False
2025-08-14 17:00:00+00:00,523.87,524.855,522.295,522.495,45317.0,,,,,,,524.5014513487822,526.7733265390442,528.6002015126884,,,,,,,522.437599229639,524.3229254077572,526.2980543570051,523.4618645749549,521.1845353808101,517.8108573480596,516.1269071933164,510.0145789188115,505.12099945853737,499.9900722825879,497.5503135178127,493.86428292735917,488.90455162760674,482.5394091100263,475.0700074524889,460.749363184821,,516.1269071933164,475.0700074524889,524.5014513487822,526.624993133505,504.0903951232246,"rgba(239, 83, 80, 1.0)",6.927579477304984,520.5648359595315,0.27862026654357663,43.42333833725112,0.7582126045356645,False,True,False,True,False,1.7457201324136165,0.0,0.0,0.0,0.0,0,0.9555871421747391,1.0067225128450095,False,False,False,False,0.07310100360389,0.07301677677827173,False,False,False,False,2573631.0,2654020.203626865,False,False,False,False,57860.69937012266,False,False,False,False
2025-08-14 18:00:00+00:00,522.5,523.51,520.16,520.93,51858.0,,,,,,,524.2535923855195,526.6782684682773,528.5177447662077,,,,,,,522.3026452014569,524.2311693668848,526.2505221962654,523.4459408920766,521.1869455967214,517.8320785138512,516.1552760084497,510.05948851436534,505.1756337890205,500.0526804794435,497.6160468770505,493.933515737243,488.9778999535089,482.6182210353441,475.1571571157813,460.84747096005685,,516.1552760084497,475.1571571157813,524.2535923855195,526.4832018733349,504.115168264845,"rgba(239, 83, 80, 1.0)",6.825627254280527,520.536360549821,0.05767080965813141,41.15217040926732,-1.0140498079341143,False,True,False,True,False,0.09173348725897768,0.0,0.0,0.0,0.0,0,0.947384962808619,1.0100108256603073,False,False,False,False,0.04034243357933645,0.05667960517880409,False,False,False,False,2521773.0,2651969.859384588,False,False,False,False,57767.63426360913,False,False,False,False
2025-08-14 19:00:00+00:00,520.975,523.78,520.55,522.685,122501.0,,,,,,,523.9380301554894,526.4999311429543,528.3519916048017,,,,,,,522.311947406758,524.0947006281357,526.1604526063146,523.4247505795008,521.2054380974009,517.8919565388272,516.2309781165745,510.17154409247695,505.3095407055067,500.20462943468067,497.77508150312553,494.1004225775396,489.1541157351625,482.80695965315647,475.3652839340584,461.0810296935986,,516.2309781165745,475.3652839340584,523.9380301554894,526.2633176344151,504.20555195642606,"rgba(239, 83, 80, 1.0)",6.694684483476124,520.5162924743074,0.3239446953841286,42.3316779528452,-1.0140498079341143,False,True,False,True,False,1.8946017093767153,0.0,0.0,0.0,0.0,0,0.9469334139309963,1.010043708732447,False,False,False,False,0.04654648601643304,0.05161304559761856,False,False,False,False,2644274.0,2651850.5437352145,False,False,False,False,58771.252337041544,False,False,False,False
2025-08-15 14:00:00+00:00,522.25,524.49,521.215,521.71,68701.0,,,,,,,523.8139963387642,526.409189728342,528.2648440987363,,,,,,,522.3323173726839,524.0316256949068,526.1134314088575,523.4146331281861,521.2167416573751,517.925832276031,516.273536859626,510.2341754446194,505.38430870351567,500.2894499148105,497.86385828924995,494.1936095330279,489.2525225059804,482.91237945245666,475.481532977176,461.2115226186701,,516.273536859626,475.481532977176,523.8139963387642,526.1626767219476,504.2582173648233,"rgba(239, 83, 80, 1.0)",6.535864001278317,520.5107072354268,0.183494143136799,42.01870955657299,-1.2060015874044439,False,True,False,True,False,0.8595879215099345,0.0,0.0,0.0,0.0,0,0.9493013090283434,1.009102745936897,False,False,False,False,0.059483661249265234,0.0555483534234419,False,False,False,False,2575573.0,2650667.9461579244,False,False,False,False,58925.20191321144,False,False,False,False
2025-08-15 15:00:00+00:00,521.72,524.87,521.605,523.83,63678.0,,,,,,,523.7864426769542,526.3483610700088,528.19939736607,,,,,,,522.4488871549596,524.0108818646403,526.0821550657176,523.4148315723728,521.2349454940924,517.9633464777966,516.3185198046124,510.29618589312787,505.45690503801274,500.37088311038656,497.94877523724136,494.28236210700464,489.3458467499481,483.0119597145062,475.5909698669168,461.3338745006436,,516.3185198046124,475.5909698669168,523.7864426769542,526.111400371011,504.31945810324873,"rgba(239, 83, 80, 0.5)",6.358205022494211,520.5242547774135,0.5199179974366046,44.79727723000305,-1.2060015874044439,False,False,False,True,True,3.0095477960470625,0.0,0.0,0.0,0.0,0,0.9493800332353322,1.0085644893263455,False,False,False,False,0.06673689902125,0.06114262622234595,False,False,False,False,2639251.0,2650490.939240747,False,False,False,False,58998.88870525467,False,False,False,False
2025-08-15 16:00:00+00:00,523.925,527.285,522.48,524.87,47269.0,,,,,,,523.8423518785319,526.3263769936032,528.1663244496815,,,,,,,522.6256619321476,524.0327067819915,526.0718099263444,523.4253406470815,521.2570055013185,517.9981239785639,516.3582460178517,510.34685701873605,505.5147138963743,500.434722148945,498.01499555048684,494.3511412557613,489.41771288248515,483.088191586766,475.67432478230563,461.42649084036987,,516.3582460178517,475.67432478230563,523.8423518785319,526.1116844406055,504.37737779672057,#000000,6.181378091337767,521.3876311015358,0.5633644871754702,47.93749170398138,-1.2060015874044439,False,False,False,False,True,4.039608371788756,0.0,0.0,0.0,0.0,1,0.9472684915550383,1.011578334304019,False,False,False,False,0.09781664638289328,0.07947963630261962,False,False,False,False,2686520.0,2651049.529330038,False,False,False,False,58817.02996563832,False,False,False,False
2025-08-15 17:00:00+00:00,524.93,527.285,522.875,525.84,39191.0,,,,,,525.3333333333334,523.9030715758066,526.3142148762784,528.1431249146342,,,,,,,522.7797178713649,524.0592836449782,526.0665855138398,523.4366328820939,521.2773667563638,518.0285834449576,516.3926488001566,510.389909591441,505.56350336538947,500.48838037585983,498.0705785106679,494.40877886184734,489.4778391598854,483.15187154909523,475.7438584388284,461.5036242843921,,516.3926488001566,475.7438584388284,523.9030715758066,525.9234361750132,504.4274476906976,"rgba(38, 166, 154, 1.0)",6.013386998868491,522.1698976570513,0.6103219938512797,51.183032753349224,-5.0233869304240955,True,False,True,False,True,4.992935714212486,0.0,0.0,0.0,0.0,1,0.9445289724619338,1.0172708161534978,False,False,False,False,0.10155962251073881,0.09051962940667921,False,False,False,False,2725711.0,2652207.071510968,False,False,False,False,58512.75043128734,False,False,False,False
2025-08-15 18:00:00+00:00,525.82,526.04,522.285,523.14,66017.0,,,,,,524.3847771557295,523.897845664318,526.2638317283039,528.0843240202108,,,,,,,522.8708456340511,524.051376844503,526.0401476792083,523.4404335789253,521.2985959889861,518.0688237931001,516.4403095141589,510.4545948470162,505.63890521065815,500.5727785055415,498.15853471880166,494.50066332024556,489.5744166881921,483.2548783955044,475.85699109257786,461.6300677890065,,516.4403095141589,475.85699109257786,523.897845664318,525.6576946421405,504.49077272502984,#000000,5.833243197241185,522.105769519635,0.17729939338961392,49.670960253975025,-5.0233869304240955,True,False,False,False,True,2.0527149167060514,0.0,0.0,0.0,0.0,1,0.940308347116041,1.0203444327500262,False,False,False,False,0.08419368297814525,0.08735665619241223,False,False,False,False,2659694.0,2652323.1479216507,False,False,False,False,58629.09538584103,False,False,False,False
2025-08-15 19:00:00+00:00,523.13,523.4,519.17,520.25,133366.0,,,,,,522.4591014737565,523.5582847661464,526.054962932129,527.8931946884464,,,,,,,522.5809231404338,523.855397445864,525.9216292253833,523.3915465244531,521.2926516811409,518.1085565946539,516.4978811613316,510.55562296407135,505.76550369672634,500.7205246431055,498.31465362152994,494.66647384638964,489.7515947317981,483.4467174003516,476.07028867349095,461.8721835046304,,516.4978811613316,476.07028867349095,523.5582847661464,524.9913859651195,504.55075930345964,"rgba(239, 83, 80, 0.5)",5.670694540930494,521.8569696617064,-0.2833814535604944,45.75295306463489,-5.0233869304240955,False,False,False,True,False,0.0,0.0,0.0,0.0,0.0,1,0.9335546646141831,1.024767659594022,False,False,False,False,0.030009003838676353,0.05868283001554429,False,False,False,False,2526328.0,2650369.7347755786,False,False,False,False,59787.80708528535,False,False,False,False
2025-08-18 14:00:00+00:00,519.25,520.19,517.705,518.18,85146.0,,,,,,521.4681772056098,523.2259541585463,525.8750358425818,527.738672729814,,,,,,,522.2407002066411,523.6557711077411,525.815932276036,523.3336040614479,521.2654133317247,518.1136632770907,516.5156560199177,510.60536529022477,505.8334251096304,500.8033708146043,498.40341775654684,494.76228413737806,489.85558958251124,483.5608931387605,476.1986427889727,462.019883864116,,516.5156560199177,476.1986427889727,523.2259541585463,524.5769599841379,504.561475797709,"rgba(239, 83, 80, 1.0)",5.536852294697381,521.6793786532081,-0.6320158940413686,41.48471308943589,-2.13102482024982,False,True,False,True,False,0.0,0.0,0.0,0.0,0.0,1,0.9315016677555799,1.0312919088064374,False,False,False,False,-0.013863281455353824,0.022409774280095236,False,False,False,False,2441182.0,2647126.5140813836,False,False,False,False,60180.95736303287,False,False,False,False
2025-08-18 15:00:00+00:00,518.16,518.205,515.435,516.945,61295.0,,,,,,520.7348134055384,522.9277509488481,525.7192244979093,527.6087510257523,,,,,,,521.9220313535484,523.4718100377027,525.7226776301347,523.2766705567417,521.2324626600363,518.1058195431201,516.5176625075347,510.6327800247276,505.87498404965544,500.85648593237534,498.46111944739886,494.82554589009766,489.925270285379,483.63837150294137,476.28660624528885,462.1223179975602,,516.5176625075347,476.28660624528885,522.9277509488481,524.2476349695121,504.55453847901515,"rgba(239, 83, 80, 1.0)",5.34599846394842,521.5296516382552,-0.8575856632156769,37.75132973000494,-5.601611919824705,False,True,False,True,False,0.0,0.0,0.0,0.0,0.0,0,0.9277243461454895,1.0349484807245866,False,False,False,False,-0.05383615865512718,-0.01571319218751597,False,False,False,False,2379887.0,2642983.265801052,False,False,False,False,60198.22934190057,False,False,False,False
2025-08-18 16:00:00+00:00,516.99,517.78,515.525,515.995,64715.0,,,,,,520.1158413937251,522.6216162276868,525.5527834376492,527.4695721470385,,,,,,,521.5989321096471,523.2761909987059,525.6216462725005,523.2136958100549,521.1948471547443,518.0948295111642,516.517149346201,510.65949231410104,505.91682578000433,500.91069402993764,498.52024136383244,494.8906548394047,489.9972860284637,483.71873293126237,476.3780895615528,462.22921003718363,,516.517149346201,476.3780895615528,522.6216162276868,523.939953301525,504.5461573805475,"rgba(239, 83, 80, 1.0)",5.26910763509653,521.385216713564,-1.0229847417920936,34.602338253445104,-8.53339697642749,False,True,False,True,False,0.0,0.0,0.0,0.0,0.0,0,0.9327731092436979,1.0345764499524233,False,False,False,False,-0.05698890262864527,-0.03635104740808062,False,False,False,False,2315172.0,2637900.9205948343,False,False,False,False,60268.25679396413,False,False,False,False
2025-08-18 17:00:00+00:00,515.995,517.0,515.155,515.505,54199.0,,,,,,519.6609815999211,522.3658297356582,525.409826811435,527.3500063266833,,,,,,,521.3305451885692,523.1081008660141,525.5337734586519,523.1576583485333,521.160229717971,518.0827438523951,516.5139524550876,510.67957506604984,505.9498056655708,500.9542153466642,498.5679556913678,494.9435065343333,490.056058020233,483.7846138490194,476.4533456127442,462.31750960395544,,516.5139524550876,476.4533456127442,522.3658297356582,523.6966611184243,504.5370993298226,"rgba(239, 83, 80, 1.0)",5.305310693023723,521.2679801800697,-1.0862662930651326,32.15812618601527,-10.868746319146922,False,True,False,True,False,0.0,0.0,0.0,0.0,0.0,0,0.9327447446068363,1.033524299376586,False,False,False,False,-0.067820760209485,-0.052085903808782814,False,False,False,False,2260973.0,2632057.0768646817,False,False,False,False,60174.15978940655,False,False,False,False
2025-08-18 18:00:00+00:00,515.515,516.34,515.195,515.6,53002.0,,,,,,519.2851332630673,522.127542810157,525.2715636605215,527.2336956763579,,,,,,,521.0837173972441,522.9471496554762,525.4478308836153,523.1023821708951,521.1257017297709,518.0701207056366,516.5099939007268,510.69841056430687,505.98128256058857,500.99603561962994,498.6138944110119,494.994504559529,490.1128868871161,483.84842952221277,476.5263374879469,462.4032972738792,,516.5099939007268,476.5263374879469,522.127542810157,523.4794838525258,504.52887345809916,"rgba(239, 83, 80, 1.0)",5.283704646623914,521.1613034632101,-1.052538670336825,30.72041535982188,-12.371939018699827,False,True,False,True,False,0.0,0.0,0.0,0.0,0.0,0,0.9341234681548826,1.0328749784247169,False,False,False,False,-0.0736669822954633,-0.06287644305212306,False,False,False,False,2313975.0,2627125.5717970124,False,False,False,False,60062.9635136018,False,False,False,False
2025-08-18 19:00:00+00:00,515.595,517.305,513.86,517.13,187746.0,,,,,,518.4816856749078,521.4488393460472,524.8305809368763,526.8529780709749,,,,,,,520.4124243451148,522.4570129490929,525.1667611099316,522.9229210755784,521.0153275656346,518.0336245846073,516.5029225840101,510.7690706464516,506.0955333699128,501.146128186896,498.77829423706373,495.17648878371017,490.3151892638329,484.0751607373373,476.78525314050574,462.70716111866267,,516.5029225840101,476.78525314050574,521.4488393460472,522.9035210072016,504.5224546061464,"rgba(239, 83, 80, 1.0)",5.218652614235831,520.8701082005642,-0.7166808134271458,32.776836484599485,-12.371939018699827,False,True,False,True,False,0.0,0.0,0.0,0.0,0.0,0,0.9280651572066956,1.0350599074105988,False,False,False,False,-0.07715822772160277,-0.07001733538686292,False,False,False,False,2501721.0,2625181.314869927,False,False,False,False,62042.545474631224,False,False,False,False
2025-08-19 14:00:00+00:00,513.575,514.085,509.61,509.79,76933.0,,,,,,517.7962619065006,520.9952393920462,524.5665205013611,526.6361789328221,,,,,,,519.9286892132419,522.1352096060033,524.9963348186494,522.8007183979494,520.9274705011298,517.9818963564016,516.465588960051,510.7711645273837,506.1188689648167,501.18675075515745,498.8258234333093,495.23277473725244,490.38148142722576,484.15296949880485,476.8771731508399,462.8192635677727,,516.465588960051,476.8771731508399,520.9952393920462,522.4985501831825,504.4751361197493,"rgba(239, 83, 80, 1.0)",5.435101806646406,520.6562353041684,-1.999269874003169,29.185774285841216,-14.003895075794134,False,True,False,True,False,0.0,0.0,0.0,0.0,0.0,0,0.9106289786331098,1.0354828826579825,False,False,False,False,-0.1481662847535217,-0.10909181007019231,False,False,False,False,2424788.0,2622074.4417711683,False,False,False,False,62273.40523471446,False,False,False,False
2025-08-19 15:00:00+00:00,509.795,509.99,507.145,509.78,71697.0,,,,,,517.0879981126309,520.5206594302351,524.2907234258237,526.4116191787512,,,,,,,519.4195383651353,521.7947452727946,524.8166421171337,522.6680942220536,520.8289441554142,517.9191287891819,516.4170897728361,510.76226447722496,506.13106282610346,501.2160662220959,498.86198500782757,495.2777112926471,490.43641228483364,484.2192341197385,476.95695194205143,462.9185587539709,,516.4170897728361,476.95695194205143,520.5206594302351,522.0777500368602,504.4152768513152,"rgba(239, 83, 80, 1.0)",5.621843220702671,520.4291799996487,-1.8942506188064194,26.787199301477827,-16.425261225196365,False,True,False,True,False,0.0,0.0,0.0,0.0,0.0,0,0.9072576063986918,1.0453316367106733,False,False,False,False,-0.21174857018726356,-0.16042019012872794,False,False,False,False,2353091.0,2617904.1558522354,False,False,False,False,62419.507479137494,False,False,False,False
2025-08-19 16:00:00+00:00,509.84,510.94,509.0,510.4,47319.0,,,,,,516.7371316017205,520.2564301110576,524.1271549870833,526.2760133917451,,,,,,,519.1426260795982,521.5986902834766,524.7086259472397,522.5891294944726,520.7709786759208,517.8834048759559,516.3902790685099,510.7601531332206,506.14226525461027,501.23812371171726,498.8883895070163,495.3096672568147,490.47471047632183,484.2647825601273,477.0112578056641,462.9854772440299,,516.3902790685099,477.0112578056641,520.2564301110576,521.8491825229016,504.3849100859185,"rgba(239, 83, 80, 1.0)",5.7540912612858,520.3037999170344,-1.7211753285298736,26.262889807263345,-17.18322769454729,False,True,False,True,False,0.0,0.0,0.0,0.0,0.0,0,0.908814866201909,1.04471688028113,False,False,False,False,-0.1843836136614751,-0.17240190189510152,False,False,False,False,2400410.0,2614532.1534359213,False,False,False,False,62185.3910841121,False,False,False,False
2025-08-19 17:00:00+00:00,510.4,511.91,509.795,511.245,43394.0,,,,,,516.4833965942427,520.0454385573039,523.9895455614703,526.1602122373721,,,,,,,518.9258934769222,521.4377822121,524.6167771664759,522.5225721503206,520.7226643689056,517.8545665084397,516.3692720541238,510.7608170540556,506.15472180579843,501.26022911903885,498.9143634387789,495.3405669275491,490.51125121015326,484.3078133901355,477.062207781096,463.04780820649006,,516.3692720541238,477.062207781096,520.0454385573039,521.6696482375972,504.363081679399,"rgba(239, 83, 80, 1.0)",5.949578586784338,520.204131267689,-1.505842999971417,27.39896065050353,-17.18322769454729,False,True,False,True,False,0.0,0.0,0.0,0.0,0.0,0,0.9125541714882134,1.038901368184603,False,False,False,False,-0.16730607171201975,-0.16985398680356062,False,False,False,False,2443804.0,2611885.2053206353,False,False,False,False,61894.0516874592,False,False,False,False
2025-08-19 18:00:00+00:00,511.245,511.26,509.035,509.69,66325.0,,,,,,516.0736808302669,519.7076645384626,523.769131986471,525.9752595319579,,,,,,,518.5774513506407,521.1786774271008,524.4687368415215,522.4137179024617,520.6423328579388,517.8046783126681,516.331643358797,510.75735077871644,506.169765768035,501.2904080137252,498.95061468686083,495.3845913026632,490.56416632881377,484.37088925320575,477.13752662350845,463.14080715289407,,516.331643358797,477.13752662350845,519.7076645384626,521.3814342217896,504.32395987247196,"rgba(239, 83, 80, 1.0)",6.181582195635985,520.0423384565494,-1.6747069162742545,27.07011408066311,-17.18322769454729,False,True,False,True,False,0.0,0.0,0.0,0.0,0.0,0,0.9129487092159942,1.041595713280204,False,False,False,False,-0.1809405108416704,-0.1753972488226155,False,False,False,False,2377479.0,2608251.000586982,False,False,False,False,61962.748560521846,False,False,False,False
2025-08-19 19:00:00+00:00,509.69,510.605,508.34,509.95,101330.0,,,,,,515.5068809125838,519.2155744275622,523.4369428529932,525.6944823966982,,,,,,,518.0742170982713,520.7925736296614,524.2427295439368,522.2462573895057,520.5177911439946,517.7261817167928,516.2717576246682,510.7496200134221,506.1903617964057,501.3342063666772,499.0037358718784,495.4496824549858,490.6429549568206,484.4653014146584,477.2506692064692,463.2810834831058,,516.2717576246682,477.2506692064692,519.2155744275622,520.9634701474594,504.2649452319534,"rgba(239, 83, 80, 1.0)",6.383419236123108,519.8035005635195,-1.5436085582096137,27.347368342072087,-17.27234232724137,False,True,False,True,False,0.0,0.0,0.0,0.0,0.0,0,0.9107932645844947,1.0445124100371794,False,False,False,False,-0.19405735671836405,-0.18472730277048977,False,False,False,False,2478809.0,2606244.147864703,False,False,False,False,62573.093544079646,False,False,False,False
2025-08-20 14:00:00+00:00,506.57,508.21,506.145,506.78,85725.0,,,,,,514.9206559721997,518.7326777147794,523.117446929894,525.4273147574704,,,,,,,517.5731749103262,520.4143791430665,524.0239261858652,522.0796195003647,520.3900907537338,517.6400936497768,516.2025112568436,510.7282205380377,506.1946417614763,501.35946251787317,499.03742765900023,495.49432746873316,490.70009251716687,484.5364715484688,477.3381769934865,463.3925117243602,,516.2025112568436,477.3381769934865,518.7326777147794,520.5495238435858,504.19407050803625,"rgba(239, 83, 80, 1.0)",6.681718856240233,519.5634936706713,-1.9132043633850986,25.511188822522563,-19.439239075777884,False,True,False,True,False,0.0,0.0,0.0,0.0,0.0,0,0.9028423655377362,1.0452895674069373,False,False,False,False,-0.2391814433140556,-0.2119543730422727,False,False,False,False,2393084.0,2602939.339370677,False,False,False,False,62932.037830217945,False,False,False,False
2025-08-20 15:00:00+00:00,506.75,507.0,504.45,504.81,110162.0,,,,,,514.1439857609519,518.0868224929743,522.68500682698,525.065648691657,,,,,,,516.9028233688232,519.9023980342467,523.724652403412,521.8481954857242,520.2099443875079,517.5148235258777,516.0995144614859,510.6891075639211,506.1896884321902,501.3824090646053,499.0716088911133,495.54319619948205,490.7656939414605,484.62071813255153,477.44376792132704,463.52957407922895,,516.0995144614859,477.44376792132704,518.0868224929743,519.9953659431408,504.08988224330983,"rgba(239, 83, 80, 1.0)",7.0259392991968355,519.2366586083747,-2.0533423353122124,23.32699996374601,-21.818650959296438,False,True,False,True,False,0.0,0.0,0.0,0.0,0.0,0,0.8991884683048642,1.0480676465580845,False,False,False,False,-0.26823110397953803,-0.24009273851090535,False,False,False,False,2282922.0,2597977.830233147,False,False,False,False,63664.28530571844,False,False,False,False
2025-08-20 16:00:00+00:00,504.885,506.405,504.76,505.07,54360.0,,,,,,513.8053871328076,517.7904783493443,522.4792121916316,524.8918844531771,,,,,,,516.5983414467189,519.6622898621583,523.580428570035,521.7362944083425,520.1225892165064,517.4539080087136,516.0493727199807,510.6699884975046,506.1872412432909,501.3936136839935,499.08831928337986,495.5671136428959,490.7978320277964,484.6620235190832,477.4955648153905,463.59686592195237,,516.0493727199807,477.4955648153905,517.7904783493443,519.7417405317402,504.0413616792339,"rgba(239, 83, 80, 1.0)",7.336626889591679,519.0845741658414,-1.9102203746688602,22.38969502875235,-22.981342099703916,False,True,False,True,False,0.0,0.0,0.0,0.0,0.0,0,0.9034978743774155,1.0470144405566515,False,False,False,False,-0.27110428152426547,-0.2555985100175854,False,False,False,False,2337282.0,2593936.0344155785,False,False,False,False,63520.032820358465,False,False,False,False
2025-08-20 17:00:00+00:00,505.11,507.62,505.055,506.75,73445.0,,,,,,513.4404743463829,517.4439870351832,522.2256761457387,524.6744883215356,,,,,,,516.2484537941223,519.3735281690134,523.4003351105076,521.5971961105561,520.0146035335503,517.3797551362557,515.9890670498089,510.6495553011085,506.18845895749234,501.41263359310113,499.11453017249437,495.6027151610747,490.8441731483929,484.72041721085424,477.56789694266877,463.68974352003136,,515.9890670498089,477.56789694266877,517.4439870351832,519.4461564622101,503.9870664319395,"rgba(239, 83, 80, 0.75)",7.453031901346272,518.90455306014,-1.630819942947572,25.010665369565526,-22.981342099703916,False,True,False,True,True,0.0,0.0,0.0,0.0,0.0,0,0.905455793205994,1.044229669449846,False,False,False,False,-0.25592994964754684,-0.2557642298325661,False,False,False,False,2410727.0,2591095.5842696005,False,False,False,False,63673.908280507945,False,False,False,False
2025-08-20 18:00:00+00:00,506.64,506.64,503.07,504.9,84975.0,,,,,,512.9737330437814,517.013756316375,521.9132928118579,524.4076568421235,,,,,,,515.8109433364344,519.0151669195435,523.1773284205111,521.4226433424262,519.8772185134766,517.282756416135,515.9086234172282,510.6171669909667,506.1820351689408,501.42754174619415,499.13806238808917,495.6375787797076,490.8919781758717,484.7826333342309,477.64651349668867,463.7926887065599,,515.9086234172282,477.64651349668867,517.013756316375,519.0771097535344,503.9131799470628,"rgba(239, 83, 80, 0.75)",7.58541271362336,518.6778771358786,-1.8163648645160229,25.429191864460954,-22.981342099703916,False,True,False,True,True,0.0,0.0,0.0,0.0,0.0,0,0.9024381907257611,1.0397971972200073,False,False,False,False,-0.2858420489630254,-0.27080313939779577,False,False,False,False,2325752.0,2586981.7302499167,False,False,False,False,64004.157764531075,False,False,False,False
2025-08-20 19:00:00+00:00,504.885,507.45,504.8,505.5,104480.0,,,,,,512.530849483208,516.5657514976978,521.5669466181532,524.1063284512009,,,,,,,515.3642908186603,518.6289658471734,522.9256448690451,521.2262132991026,519.7232227318469,517.1754194125814,515.8205246724982,510.58500093584104,506.1804549324535,501.4512165109711,499.1719691646383,495.68490614282797,490.954679450417,484.8625644007396,477.7462497769133,463.9217676878503,,515.8205246724982,477.7462497769133,516.5657514976978,518.692469012565,503.8389431658475,"rgba(239, 83, 80, 0.75)",7.633862642647552,518.4366541734489,-1.694640679172905,26.835659848809833,-22.981342099703916,False,True,False,True,True,0.0,0.0,0.0,0.0,0.0,0,0.9064757203144024,1.0378442323660897,False,False,False,False,-0.2601889379221672,-0.2654960386599815,False,False,False,False,2430232.0,2584551.5018739486,False,False,False,False,64631.69020229029,False,False,False,False
2025-08-21 14:00:00+00:00,503.04,507.7,502.965,506.67,71792.0,,,,,,512.2516989987412,516.2745789256741,521.3354975963388,523.9033725295242,,,,,,505.77833333333336,515.0758893754748,518.3737847341697,522.7555439669906,521.0929052003501,519.6183204793435,517.1019399371019,515.7600508614298,510.5625050364423,506.17881623199224,501.46684059367806,499.1945979622111,495.71673840083565,490.9970657457572,484.9167798117267,477.8140407286495,464.0097143086861,,515.7600508614298,477.8140407286495,516.2745789256741,518.4412870125695,503.90669804165725,"rgba(239, 83, 80, 0.75)",7.606049305388391,517.8514033600097,-1.47006716773298,29.91742239180533,-24.35034409158027,False,True,False,True,True,0.0,0.0,0.0,0.0,0.0,0,0.903637307805198,1.0351651577069838,False,False,False,False,-0.27615555230800265,-0.2708257954839921,False,False,False,False,2502024.0,2583272.005720864,False,False,False,False,64742.70275729354,False,False,False,False
2025-08-21 15:00:00+00:00,506.79,507.315,505.48,506.51,47299.0,,,,,,512.0974739631362,516.1026574581628,521.1929651467126,523.7768528247799,,,,,,506.0391395795372,514.9079424362351,518.2196093215965,522.6495717626245,521.0100397864294,519.5533040166018,517.0568222161394,515.7232001126191,510.54981725380304,506.17950220218205,501.4786311808036,499.2109006265046,495.7389626761325,491.02609379906903,484.95346494813185,477.8595694068786,464.06836261412946,,515.7232001126191,477.8595694068786,516.1026574581628,518.2924873481978,503.89558434937754,"rgba(239, 83, 80, 0.75)",7.6141553955347305,517.7699900446084,-1.4788232521773592,31.805100838684837,-22.507498718165408,False,True,False,True,True,0.0,0.0,0.0,0.0,0.0,0,0.9101641784312847,1.0351021604799067,False,False,False,False,-0.25472906131475487,-0.26277742839937346,False,False,False,False,2454725.0,2581279.0288879825,False,False,False,False,64472.2577533045,False,False,False,False
2025-08-21 16:00:00+00:00,506.51,507.155,503.285,504.615,55775.0,,,,,,511.8828511202262,515.878891830912,521.0125538710007,523.6179987075136,,,,,,505.7135447333006,514.6863581171358,518.0215957556193,522.5155994189432,520.9041392238915,519.4692648011212,516.9970765812369,515.6735471806602,510.52983907011674,506.1758473693307,501.48850944342263,499.22627920294354,495.761596024855,491.05704957532885,484.99372140233186,477.91041866095765,464.13500714799534,,515.6735471806602,477.91041866095765,515.878891830912,518.0980738824132,503.83878786524656,"rgba(239, 83, 80, 0.75)",7.662176476714932,517.6304929976384,-1.6986678703096922,31.21345256275292,-22.507498718165408,False,True,False,True,True,0.0,0.0,0.0,0.0,0.0,0,0.9163684544301509,1.033237452437036,False,False,False,False,-0.29079610855637883,-0.27678676847787614,False,False,False,False,2398950.0,2578452.222238556,False,False,False,False,64337.416547826906,False,False,False,False
2025-08-21 17:00:00+00:00,504.62,506.615,503.225,505.29,65347.0,,,,,,511.64824022393293,515.628529410794,520.8065571106647,523.4355170202422,,,,,,505.53122194330314,514.4396941799062,517.7974576202578,522.3614228445674,520.7820272580223,519.3721991170412,516.9279720913171,515.6160908379484,510.5067204241029,506.1716863168513,501.5000945582695,499.2442710519641,495.78804484649777,491.09320875998395,485.04074020662586,477.9698075879767,464.2128612349977,,515.6160908379484,477.9698075879767,515.628529410794,517.8797109414085,503.78561887527246,"rgba(239, 83, 80, 0.75)",7.75218686204786,517.4817242468997,-1.5726819365753864,32.19119256451684,-21.911243429974274,False,True,False,True,True,0.0,0.0,0.0,0.0,0.0,0,0.9149132185346107,1.0366347444325656,False,False,False,False,-0.31416503685841646,-0.2954759026681463,False,False,False,False,2464297.0,2576682.3738317564,False,False,False,False,64353.06900444974,False,False,False,False
2025-08-21 18:00:00+00:00,505.225,506.605,503.62,505.75,51773.0,,,,,,511.4809406645926,515.4433028803429,520.6499350295634,523.295642193037,,,,,,505.49465605086095,514.258644108515,517.6291023122754,522.243146034537,520.6883151754147,519.2977121580587,516.8750709949906,515.5722095595623,510.4894790943586,506.16922879472116,501.50994511372505,499.2591353049469,495.8095273601528,491.1223001771992,485.07835825706195,478.01716347772043,464.2747573101992,,515.5722095595623,478.01716347772043,515.4433028803429,517.717455191884,503.7522794873118,"rgba(239, 83, 80, 0.75)",7.809869781819182,517.3750546716979,-1.4885081309243016,33.790394513581504,-20.227532988231193,False,True,False,True,True,0.0,0.0,0.0,0.0,0.0,0,0.9117275304888469,1.0365866156526495,False,False,False,False,-0.33532390485805186,-0.31539990376309907,False,False,False,False,2516070.0,2575742.6471056826,False,False,False,False,64158.02917492338,False,False,False,False
2025-08-21 19:00:00+00:00,505.71,506.82,504.045,504.22,79174.0,,,,,,511.2300156893987,515.1646418409182,520.4119357437207,523.0824049150424,,,,,,505.39518241459217,513.9865267238057,517.3742564420758,522.0622970124128,520.5444578017712,519.1829318681597,516.7930441632268,515.5039010696116,510.4618316132283,506.16418709966297,501.52374755687237,499.28062160702405,495.84117459952313,491.16563453423066,485.1347776993421,478.08848303861527,464.36837097963456,,515.5039010696116,478.08848303861527,515.1646418409182,517.4722495472699,503.69831918963473,"rgba(239, 83, 80, 0.75)",7.893546048271316,517.2105375911226,-1.6457163246634254,33.14223891027012,-20.227532988231193,False,True,False,True,True,0.0,0.0,0.0,0.0,0.0,0,0.9086298456884891,1.037218981339338,False,False,False,False,-0.32969029048424403,-0.3225450971236715,False,False,False,False,2436896.0,2573589.9859102457,False,False,False,False,64390.83492414937,False,False,False,False
2025-08-22 14:00:00+00:00,504.12,510.7,504.12,509.865,143779.0,,,,,508.2283333333333,511.03202201602227,514.8432354258092,520.0839263748196,522.7740599570673,,,,,,506.1862423380893,513.693916597482,517.0502480363693,521.8033171151366,520.3423688424667,519.0252166756437,516.6866896281981,515.4193002542698,510.441484827238,506.1806199448424,501.5711732927897,499.34073118901034,495.91791900033,491.261649500919,485.2527731902644,478.2323104997139,464.5505703221383,,515.4193002542698,478.2323104997139,514.8432354258092,515.3923154214102,503.7033253679354,"rgba(239, 83, 80, 0.5)",7.8299881645901115,516.6932690311143,-0.8720663285283135,41.02333700976976,-13.3820040418315,False,False,False,True,True,0.0,0.0,0.0,0.0,0.0,0,0.9084671023769086,1.0285386458485668,False,False,False,False,-0.2854935238753375,-0.3040193104995045,False,False,False,False,2580675.0,2573699.831089932,False,False,False,False,65621.65918889124,False,False,False,False
2025-08-22 15:00:00+00:00,509.86,510.69,507.13,507.29,120703.0,,,,,508.2929864729294,510.8923484356489,514.6008556199139,519.8250280192776,522.5273448433064,,,,,,506.6009193120237,513.4760884278106,516.7995473116077,521.5954656921718,520.1796905365319,518.897970618489,516.6008846608502,515.351151592128,510.42576289846943,506.19515521723326,501.6113086696818,499.3913677860579,495.9823487689781,491.3420900749244,485.3515088573179,478.3525637782246,464.7028549111721,,515.351151592128,478.3525637782246,514.6008556199139,515.2277126782152,503.697451712569,"rgba(239, 83, 80, 0.5)",7.86940081684621,516.5664125694465,-1.1787952838274824,43.28484995436611,-11.514365085530976,True,False,False,True,True,0.0,0.0,0.0,0.0,0.0,1,0.9159898278121958,1.0279062993625583,False,False,False,False,-0.2526869194949395,-0.278353114997222,False,False,False,False,2459972.0,2571936.608902491,False,False,False,False,66475.63346503246,False,False,False,False
2025-08-22 16:00:00+00:00,507.41,507.835,504.245,506.09,52484.0,,,,,507.92269120873107,510.784485481617,514.4639753394637,519.6939698311583,522.4055837084285,,,,,,506.55940866449845,513.346399390434,516.6663078063857,521.4916210847829,520.0967383684742,518.8316343981636,516.5537933006418,515.3122449503604,510.4113916775417,506.19475658459737,501.6226900682681,499.4075815067414,496.00496358966313,491.3721118708524,485.38989017986364,478.40054674354116,464.76525107207766,,515.3122449503604,478.40054674354116,514.4639753394637,515.0541411138797,503.6721959562875,"rgba(239, 83, 80, 0.5)",7.943241584758545,516.463181369669,-1.3059128642861637,43.572757193098354,-11.315359321585397,True,False,False,True,True,0.0,0.0,0.0,0.0,0.0,1,0.9054510750575427,1.0402178184472017,False,False,False,False,-0.3159873203790299,-0.2971702176881259,False,False,False,False,2407488.0,2569387.0180667937,False,False,False,False,66258.70891518699,False,False,False,False
2025-08-22 17:00:00+00:00,506.265,509.92,505.9,508.06,42703.0,,,,,507.9271208296146,510.7341384137339,514.3802887132028,519.603790348246,522.3192144191092,,,,,,506.6412464840156,513.2708675379392,516.5793282594841,521.4184410326279,520.0390134970334,518.7861307387489,516.5226784333382,515.2872890523138,510.40484854864127,506.19888115864205,501.63586418596236,499.4244752055264,496.02675911616643,491.39960290672633,485.4238802446284,478.4421434810043,464.8182139898583,,515.2872890523138,478.4421434810043,514.3802887132028,514.9929105447814,503.6658625807445,"rgba(239, 83, 80, 0.5)",7.992616194375541,516.4142763776479,-1.045249286901431,46.07051695979009,-8.92874781483895,True,False,False,True,True,0.0,0.0,0.0,0.0,0.0,1,0.9052049395985181,1.0400026869982875,False,False,False,False,-0.27449462309571143,-0.2858324203919187,False,False,False,False,2450191.0,2567539.0177866886,False,False,False,False,65893.50412580423,False,False,False,False
2025-08-22 18:00:00+00:00,508.08,510.09,507.235,508.01,42907.0,,,,,507.9823169703774,510.6938604864022,514.3045339383035,519.5182819257313,522.2363627624432,,,,,,506.7412723999745,513.203817291435,516.4984863036565,521.3483254894146,519.9838700348157,518.7428228844632,516.4933990238872,515.2640324772475,510.39960649007156,506.20414204108033,501.65005711939955,499.442343218524,496.04946568311107,491.42793993493086,485.45866250986376,478.48450598338377,464.87189605451965,,515.2640324772475,478.48450598338377,514.3045339383035,514.9470712166515,503.6626261729281,#000000,8.02782736250137,516.372646298042,-1.0417072914528056,47.67570457782547,-7.355243253986934,True,False,False,False,True,0.0,0.0,0.0,0.0,0.0,1,0.9086670477343292,1.0404043800365381,False,False,False,False,-0.2580617012118904,-0.27194706080190456,False,False,False,False,2407284.0,2565054.4438675153,False,False,False,False,65537.12421687704,False,False,False,False
2025-08-22 19:00:00+00:00,508.02,509.79,505.45,507.305,104815.0,,,,,507.8857803186628,510.56285639778355,514.099243219118,519.2977189644473,522.0246990121706,,,,,,506.8335815071256,513.0170732979662,516.2855559720222,521.1680715457088,519.8406625261566,518.6291206411954,516.4145962787028,515.200221409309,510.380881016862,506.21159963946036,501.67976922937197,499.4812172718122,496.10045103735507,491.49300666987057,485.5397698462452,478.5842928392454,464.9996918632328,,515.200221409309,478.5842928392454,514.099243219118,514.7740595824364,503.6387977995084,#000000,8.072896150218691,516.2401956168779,-1.1068141408750667,47.84785798715221,-7.0193444289177265,True,False,False,False,True,0.0,0.0,0.0,0.0,0.0,1,0.9020589188162618,1.0428652821377904,False,False,False,False,-0.2808659328570526,-0.2764064968294786,False,False,False,False,2302469.0,2560983.3517145305,False,False,False,False,66146.08353134406,False,False,False,False
2025-08-25 14:00:00+00:00,506.77,508.085,505.96,507.355,45374.0,,,,,507.8240153199521,510.50274578074504,514.009243086666,519.2017202470535,521.9325858101472,,,,,,506.84830233334236,512.9346341171939,516.192601695834,521.0893482562698,519.7777955340608,518.5789446337712,516.379465629507,515.1715669127902,510.3717804872374,506.2138640970284,501.6917031284359,499.497135844214,496.12164872725367,491.52034374391593,485.57408957853994,478.626710655633,465.0542824001378,,515.1715669127902,478.626710655633,514.009243086666,514.6940620489128,503.62613045736276,#000000,8.113266215011013,516.1795557711287,-1.087669939241192,48.035264599705926,-6.551193314901404,True,False,False,False,True,0.0,0.0,0.0,0.0,0.0,1,0.901477557847784,1.0449735154725401,False,False,False,False,-0.2940640477643298,-0.2852352722969042,False,False,False,False,2347843.0,2557678.8501375606,False,False,False,False,65824.03572465655,False,False,False,False
2025-08-25 15:00:00+00:00,507.36,508.16,506.25,507.165,48010.0,,,,,507.77348216054264,510.44245774196605,513.9172991555678,519.1022636898603,521.8367333325116,,,,,,506.86526326348985,512.8507364499714,516.0969015029763,521.0073516312251,519.71225382887,518.5265965416694,516.3428151769783,515.141686979182,510.36237908522077,506.2163992669315,501.7044083423967,499.5140353677422,496.1441077324643,491.5492727868635,485.61038246390126,478.6715472657158,465.1119704165067,,515.141686979182,478.6715472657158,513.9172991555678,514.6144472160897,503.6134181236533,#000000,8.147244583125067,516.1176500379952,-1.0988561772821077,47.875167120250026,-6.364165744782532,True,False,False,False,True,0.0,0.0,0.0,0.0,0.0,1,0.9064294171525595,1.043406384737395,False,False,False,False,-0.2900224458840425,-0.28762885909047337,False,False,False,False,2299833.0,2553681.2400579085,False,False,False,False,65547.84912427427,False,False,False,False
2025-08-25 16:00:00+00:00,507.165,507.835,506.2,506.85,37011.0,,,,,507.72637215304195,510.3942757162675,513.8457281845178,519.0252507071103,521.7625399394799,,,,,,506.8687996136563,512.7851527840714,516.0226339928804,520.9437563609663,519.6612720597145,518.4857564524148,516.3140551354595,515.1181427840711,510.35464639986765,506.21788588689685,501.71375395745963,499.5266238943218,496.1610001521031,491.5711745977855,485.63798035389226,478.70573795922337,465.156092025745,,515.1181427840711,478.70573795922337,513.8457281845178,514.5508333400836,503.60261555356055,"rgba(239, 83, 80, 0.5)",8.193977944168084,516.0684882070856,-1.1250320991706657,47.26285436769852,-6.364165744782532,True,False,False,True,True,0.0,0.0,0.0,0.0,0.0,1,0.9029245652295481,1.0477660347816367,False,False,False,False,-0.29417490757385634,-0.2909018833321648,False,False,False,False,2262822.0,2549171.794475615,False,False,False,False,65105.41735490568,False,False,False,False
2025-08-25 17:00:00+00:00,506.84,506.87,504.765,505.22,66569.0,,,,,507.5271401802595,510.2782572453679,513.6962286918628,518.8740105795861,521.6189957923513,,,,,,506.7914020043111,512.6444173235321,515.872690099075,520.8199585038155,519.5610018705602,518.4045432339202,516.2554012692789,515.0692164056974,510.3353547446005,506.21574249822424,501.72619846359294,499.54508759709574,496.1874884715873,491.6069867988372,485.6843237391121,478.7641129589573,465.2326741525606,,515.0692164056974,478.7641129589573,513.6962286918628,514.3989264978854,503.5715647138094,"rgba(239, 83, 80, 0.5)",8.25617908539135,515.9587296535245,-1.3006900095621503,44.45150835269986,-6.364165744782532,True,False,False,True,False,0.0,0.0,0.0,0.0,0.0,1,0.8986827981035876,1.0519277216208966,False,False,False,False,-0.3209925371061354,-0.3059472102191501,False,False,False,False,2196253.0,2543700.1852589385,False,False,False,False,65128.10855870559,False,False,False,False
2025-08-25 18:00:00+00:00,505.205,506.35,504.69,504.69,76265.0,,,,,507.3040168562595,510.14192684719615,513.5238482600806,518.7000976029957,521.4538683054116,,,,,,506.68889678873865,512.4815764283248,515.7000410849565,520.6771261595935,519.444829944595,518.3100599053215,516.1866487362022,515.0115798489132,510.31170368107945,506.2117760585187,501.73899412646745,499.564805857291,496.2164536768617,491.64669929390857,485.73615982328414,478.8297504340976,465.3192438201069,,515.0115798489132,478.8297504340976,513.5238482600806,514.2247515743887,503.5339026863683,"rgba(239, 83, 80, 0.5)",8.353563798469407,515.8312407768701,-1.3337111017110432,41.8760421575965,-4.252717589886295,True,False,False,True,False,0.0,0.0,0.0,0.0,0.0,1,0.898479602926513,1.0542278690912354,False,False,False,False,-0.3277093386531147,-0.3168282744361324,False,False,False,False,2119988.0,2537131.004092133,False,False,False,False,65300.77354229155,False,False,False,False
2025-08-25 19:00:00+00:00,504.725,505.5,503.315,504.31,86783.0,,,,,507.01097098273044,509.96955177031856,513.3163591090458,518.4950939849716,521.2601217126935,,,,,,506.52676784978513,512.2835716875067,515.4945217843773,520.5087817276833,519.306964565108,518.197146824863,516.1033256738135,514.9410539476658,510.2804913735431,506.2032899949496,501.74986176859056,499.5836724149952,496.2460400686676,491.6887402060439,485.7922008192334,478.90160310554205,465.4151654460397,,514.9410539476658,478.90160310554205,513.3163591090458,514.0104195119519,503.4837176034357,"rgba(239, 83, 80, 0.5)",8.453908746257769,515.6749638210676,-1.344344274605341,39.64649017696202,-6.382708357403146,True,False,False,True,False,0.0,0.0,0.0,0.0,0.0,1,0.8946999502555064,1.064611314611315,False,False,False,False,-0.34282825441539394,-0.3298282644257632,False,False,False,False,2033205.0,2529318.1978271385,False,False,False,False,65633.83131682967,False,False,False,False
2025-08-26 14:00:00+00:00,502.94,506.28,502.55,502.865,49500.0,,,,,506.84293187320065,509.86777831397643,513.196083550157,518.3769095366915,521.1485025185934,,,,,,506.4257576441008,512.1683550237597,515.3757190750819,520.4115168925604,519.22697724538,518.131365383857,516.0544132946394,514.8994481476707,510.2614096247145,506.19723183955995,501.75490221528327,499.5933035343468,496.26183595381485,491.71169936685095,485.8231992014597,478.94164275843826,465.4690004644428,,514.8994481476707,478.94164275843826,513.196083550157,513.8864411585238,503.45339868623296,"rgba(239, 83, 80, 0.5)",8.584225646784834,515.5838762153136,-1.4816567898675106,36.37832409468892,-9.419170713679037,False,False,False,True,False,0.0,0.0,0.0,0.0,0.0,1,0.8830747388702977,1.0640007211348865,False,False,False,False,-0.34265924110885587,-0.33624375276730956,False,False,False,False,1983705.0,2520859.0784809813,False,False,False,False,65383.6943971889,False,False,False,False
2025-08-26 15:00:00+00:00,502.55,503.33,502.075,502.34,33633.0,,,,,506.6921546983316,509.7857249685642,513.1047728089272,518.2904907964381,521.0677511732462,,,,,,506.3279376371976,512.0796816682727,515.2872753624946,520.3408594152238,519.168473955337,518.0829113029592,516.017827131455,514.8679952742182,510.24584006430683,506.1907865955108,501.756218015297,499.59782902519044,496.27068730414544,491.72556976531956,485.8426708688837,478.96734334375765,465.5042427455696,,514.8679952742182,478.96734334375765,513.1047728089272,513.7881788891015,503.4278911455964,"rgba(239, 83, 80, 1.0)",8.728537762330644,515.51335735639,-1.5092284315067825,33.61800472777086,-11.923267966932364,False,True,False,True,False,0.0,0.0,0.0,0.0,0.0,0,0.891122278056952,1.0700213083558385,False,False,False,False,-0.34282825441539394,-0.3395360035913517,False,False,False,False,1950072.0,2512009.6664115083,False,False,False,False,64891.4355693255,False,False,False,False
2025-08-26 16:00:00+00:00,502.18,503.33,500.21,500.845,44981.0,,,,,506.4558226395598,509.6622136408422,512.9723416987616,518.1682453635107,520.9543683143605,,,,,,506.16777562779413,511.9499362961955,515.160624004336,520.2413276560791,519.085631017478,518.0139303362919,515.9651530905747,514.8223684122852,510.222087083703,506.1795386598248,501.7555923973522,499.601596281751,496.2803924967328,491.74215679280627,485.86690408798063,479.0000021674275,465.5498509231332,,514.8223684122852,479.0000021674275,512.9723416987616,513.642598331407,503.38852160774974,"rgba(239, 83, 80, 1.0)",8.886627225297856,515.410028169413,-1.6389826871493134,30.30039429966683,-14.923484291692432,False,True,False,True,False,0.0,0.0,0.0,0.0,0.0,0,0.8859542995411698,1.0654804026753721,False,False,False,False,-0.34282825441539394,-0.34118212900337286,False,False,False,False,1905091.0,2502600.074684198,False,False,False,False,64582.74664577006,False,False,False,False
2025-08-26 17:00:00+00:00,500.845,502.4,498.68,498.92,70149.0,,,,,506.030858811923,509.4436863854311,512.7462441908057,517.9647324356084,520.7670741590802,,,,,,505.86665127974214,511.72647192615966,514.9470863285759,520.0762632176758,518.9473836537898,517.8980886774209,515.8755606737543,514.7441116763043,510.1791609697276,506.1567019777186,501.7497964013293,499.6028481714447,496.2912063358986,491.76403896031627,485.9010185179611,479.0474435135064,465.6178619616161,,514.7441116763043,479.0474435135064,512.7462441908057,513.3905191965696,503.31715848487886,"rgba(239, 83, 80, 1.0)",9.077299436673153,515.2322763067683,-1.7970406749903114,26.6213952886181,-18.222496031841786,False,True,False,True,False,0.0,0.0,0.0,0.0,0.0,0,0.8846123287515755,1.0598958037751274,False,False,False,False,-0.34282825441539394,-0.34200519170938337,False,False,False,False,1834942.0,2492248.786704598,False,False,False,False,64669.04514738602,True,False,False,False
2025-08-26 18:00:00+00:00,498.9,499.84,498.525,499.02,81368.0,,,,,505.54120925215244,509.1799931940858,512.4763909577287,517.723129286868,520.5450325600702,,,,,499.12833333333333,505.5055093870306,511.459010122782,514.6927995255674,519.8799728023026,518.7822515038041,517.7591191377539,515.7672539369388,514.6490624899247,510.12559380423437,506.1267030320982,501.73979593263573,499.60112493610495,496.30074157647243,491.7866049391483,485.93794946158414,479.09992623174736,465.6944229676277,,514.6490624899247,479.09992623174736,512.4763909577287,513.0931510501811,503.00200972894953,"rgba(239, 83, 80, 1.0)",9.249083227028732,514.2231087822983,-1.6437422400816983,24.458126163318575,-20.13249073841736,False,True,False,True,False,0.0,0.0,0.0,0.0,0.0,0,0.8840159149389593,1.0647932984957895,True,False,False,False,-0.34282825441539394,-0.3424167230623887,False,False,False,False,1916310.0,2483319.503189798,False,False,False,False,64927.94367223275,False,False,False,False
2025-08-26 19:00:00+00:00,499.04,503.18,498.56,502.05,273011.0,,,,,504.7187654687,508.55461172998156,511.77733538744826,517.0439938564992,519.9032715418297,,,,,500.7731217801657,504.85892749015335,510.78103467868965,514.005537059937,519.3125043191959,518.3058116853729,517.3592631703032,515.4592179057846,514.3811621700551,509.9837637443179,506.0580373458148,501.7337743822449,499.621134928585,496.35607887590885,491.8830468140165,486.08018465369184,479.29259201058505,465.9650104305626,,514.3811621700551,479.29259201058505,511.77733538744826,512.3995955968918,502.9005668580769,"rgba(239, 83, 80, 0.75)",9.342254048283337,513.7838813284955,-1.2560010965074937,30.157066104271536,-25.76793129214059,False,True,False,True,True,0.0,0.0,0.0,0.0,0.0,0,0.8863802549132108,1.0565398850303178,False,False,False,False,-0.3103550248028954,-0.32638587393264207,False,False,False,False,2189321.0,2478761.386861274,False,False,False,False,68154.03756878729,False,False,False,False
2025-08-27 14:00:00+00:00,500.21,506.265,500.21,503.94,89429.0,,,,,504.64488092430435,508.42640179194615,511.6111162918218,516.8630040475783,519.726057974073,,,,,501.31688883856685,504.792959657931,510.6252166346211,513.8318649141152,519.1559006264713,518.1748302383855,517.2498622070699,515.3763981513664,514.31010691296,509.9498033976343,506.04613075176593,501.74093922096426,499.6362590865396,496.3819750130904,491.9215495708704,486.13289698310916,479.36124683490755,466.0582419586283,,514.31010691296,479.36124683490755,511.6111162918218,512.2542922059447,502.8923928332776,"rgba(239, 83, 80, 0.5)",9.383883326173816,513.6893415969936,-1.0389453127364046,37.04246602799856,-19.664064615744547,True,False,False,True,True,0.0,0.0,0.0,0.0,0.0,0,0.8949129852744315,1.0476684515841146,False,False,False,False,-0.2658268574283447,-0.2961063656804934,False,False,False,False,2278750.0,2475660.435126991,False,False,False,False,68483.88194756578,False,False,False,False
2025-08-27 15:00:00+00:00,504.045,506.295,503.05,504.73,60359.0,,,,,504.6466798039451,508.3638847528228,511.5188985202284,516.7544339045071,519.617411245759,,,,,501.7209180886492,504.7898097528774,510.5410554060866,513.7312747622949,519.0600279708793,518.0949531501037,517.1834447904439,515.3268063002308,514.2680095495277,509.93136085268196,506.0419352818297,501.74912706462703,499.6496256735805,496.4023363978513,491.95012191390083,486.1707849182322,479.4096981903365,466.12294926368,,514.2680095495277,479.4096981903365,511.5188985202284,512.1802616454524,502.89690218487846,"rgba(239, 83, 80, 0.5)",9.408329851975177,513.6425078620363,-0.9472996804172598,42.76938141661044,-14.741760818535951,True,False,False,True,True,0.0,0.0,0.0,0.0,0.0,0,0.901368396400014,1.0492600399255025,False,False,False,False,-0.2393404393117724,-0.2677234024961329,False,False,False,False,2339109.0,2473543.358613394,False,False,False,False,68357.91478558801,False,False,False,False
2025-08-27 16:00:00+00:00,504.74,506.46,503.495,505.02,58209.0,,,,,504.6590144613386,508.3103115659176,511.4360711326116,516.6541087787675,519.516187889944,,,,,502.05945850285224,504.79568704246327,510.46617117367725,513.6394933099683,518.9706719766345,518.0205168778378,517.121577591693,515.2807518531627,514.2290202068494,509.91470869092296,506.0388072855465,501.75778099129155,499.6632123647373,496.4225854530005,491.97820158583306,486.2077665124014,479.45680082781826,466.1856304908937,,514.2290202068494,479.45680082781826,511.4360711326116,512.1151387657159,502.9004912631991,#000000,9.427950286439108,513.5989061086515,-0.9099439271536196,47.012030437132786,-11.137882429158097,True,False,False,False,True,0.0,0.0,0.0,0.0,0.0,0,0.8954389417539785,1.0580000223636106,False,False,False,False,-0.23375430660368568,-0.2507388545499093,False,False,False,False,2397318.0,2472361.5701077604,False,False,False,False,68200.56726953239,False,False,False,False
2025-08-27 17:00:00+00:00,505.025,506.685,504.89,506.34,65943.0,,,,,504.7101130391748,508.2689660900484,511.35863073648613,516.5518799944117,519.4108188119986,,,,,502.4700504839103,504.8332377347192,510.3984979650695,513.5493408754028,518.8778063270103,517.9434722084312,517.0578461314697,515.2339940697616,514.1898887913205,509.8997075214689,506.03858151519853,501.7704831675623,499.68133654977896,496.44802019222607,492.01225093361614,486.2516631457278,479.511992597452,466.2581832321362,,514.1898887913205,479.511992597452,511.35863073648613,512.0600817344239,502.9125751912367,"rgba(38, 166, 154, 1.0)",9.386270140162589,513.5629933718484,-0.7695275401186462,51.690972022357634,-7.009651691736565,True,False,True,False,True,0.0,0.0,0.0,0.0,0.0,0,0.8987217969039835,1.0571875035130915,False,False,False,False,-0.21898731384989137,-0.23486308419990032,False,False,False,False,2463261.0,2472220.4759975625,False,False,False,False,68165.5662265939,False,False,False,False
2025-08-27 18:00:00+00:00,506.335,507.37,505.68,506.29,50181.0,,,,,504.7600750253511,508.2447752892214,511.3062234110333,516.47882203988,519.3345229792218,,,,,502.76415597641864,504.8715124390598,510.35373115611145,513.486357005669,518.8105904438005,517.8878002297948,517.0118912326258,515.200534718433,514.1620651701285,509.889739464142,506.03962309625337,501.78118510663876,499.69609520122236,496.4682456396361,492.03892872917874,486.28573844634496,479.5545896786529,466.313875272736,,514.1620651701285,479.5545896786529,511.3062234110333,512.0248837489415,502.92314772260255,"rgba(38, 166, 154, 1.0)",9.320870158599854,513.5392582334231,-0.7777447931440791,54.702662348302994,-4.303560392416102,True,False,True,False,True,0.0,0.0,0.0,0.0,0.0,0,0.9004986375097528,1.0555398514263752,False,False,False,False,-0.20562349745264147,-0.2202432908262709,False,False,False,False,2413080.0,2471303.5693929493,False,False,False,False,67886.73574246066,False,False,False,False
2025-08-27 19:00:00+00:00,506.28,507.33,504.965,506.71,150696.0,,,,,504.885326834707,508.17156060632266,511.15188793324955,516.2632671446485,519.1087675923864,,,,,503.41311220748776,504.9688379378782,510.2215161846562,513.3008567976808,518.611252854356,517.722208306808,516.8748145650341,515.1003064501638,514.0785064057421,509.8591881211206,506.04186989984083,501.812268906869,499.739304843528,496.5278205584408,492.11783764325844,486.38681757906517,479.6811769505754,466.4797344982064,,514.0785064057421,479.6811769505754,511.15188793324955,511.91616202226277,502.94096837281734,"rgba(38, 166, 154, 1.0)",9.248465394004993,513.4555617188082,-0.7293709206265524,57.33348878836197,-1.771151063774191,True,False,True,False,True,0.0,0.0,0.0,0.0,0.0,0,0.8990630855715184,1.055351768780876,False,False,False,False,-0.21245462317902034,-0.21634895700264561,False,False,False,False,2563776.0,2472737.2504876326,False,False,False,False,69170.60030459304,False,False,False,False
2025-08-28 14:00:00+00:00,506.66,508.76,505.855,507.19,37859.0,,,,,504.93200622766204,508.16294437040676,511.12183235030415,516.2155021958826,519.057333026822,,,,,503.5814461846903,505.0066248705265,510.1973073096349,513.2617995695446,518.5659025176069,517.6846993030322,516.8439292564937,515.0781248870078,514.0602903058566,509.85360603792145,506.0442091757978,501.8216092219673,499.75159566859384,496.54408815116733,492.13881746563675,486.41323210624734,479.71389834007255,466.5221578138856,,514.0602903058566,479.71389834007255,511.12183235030415,511.89792363421554,502.94907434364904,"rgba(38, 166, 154, 1.0)",9.200802472833987,513.4409531431991,-0.679392168417423,59.80630229813595,0.7555797378009146,True,False,True,False,True,0.0,0.0,0.0,0.0,0.0,0,0.9016842176701473,1.0445429763938066,False,False,False,False,-0.19152291328485177,-0.2039359351437487,False,False,False,False,2601635.0,2474735.665208754,False,False,False,False,68685.14913707996,False,False,False,False
2025-08-28 15:00:00+00:00,507.06,509.52,506.95,508.095,36140.0,,,,,504.9917786857477,508.16317348228955,511.10031919992565,516.175016945035,519.0124482727216,,,,,503.7657838986413,505.05576414912514,510.1817084691434,513.2306357773216,518.5264462548646,517.6522840282998,516.8174459168265,515.0595479766672,514.0453351268154,509.8501880910523,506.0481059548143,501.83199664790953,499.7647224847223,496.56089944595305,492.1600050869624,486.4394945964841,479.7461021661439,466.5634851577876,,514.0453351268154,479.7461021661439,511.10031919992565,511.8885473171439,502.9611084016408,"rgba(38, 166, 154, 1.0)",9.163812875347157,513.4335413318396,-0.5825676936509163,62.73523671533452,3.788156682445752,True,False,True,False,True,0.0,0.0,0.0,0.0,0.0,0,0.9041560931596464,1.0433316415722105,False,False,False,False,-0.17490588955322797,-0.18942091234848835,False,False,False,False,2637775.0,2477263.4068334247,False,False,False,False,68180.57318146632,False,False,False,False
2025-08-28 16:00:00+00:00,508.08,509.335,507.64,507.855,34107.0,,,,,505.04771451416093,508.164131877922,511.08091082102317,516.1376003776624,518.9707700658834,,,,,503.92992808970143,505.10203601069526,510.16785026128736,513.20208329503,518.4897995723235,517.6221781907367,516.7928549047937,515.0423319358953,514.0315027413627,509.84714603262165,506.0519218060336,501.8419045060942,499.777202978055,496.5768407774883,492.18005950133363,486.4643221223742,479.77652185704085,466.6024951804535,,514.0315027413627,479.77652185704085,511.08091082102317,511.8802255313303,502.9721655424067,"rgba(38, 166, 154, 1.0)",9.124122533645245,513.4265277491047,-0.610637102752583,63.96790000766307,5.321768064422606,True,False,True,False,True,0.0,0.0,0.0,0.0,0.0,0,0.9044314419195362,1.0510840477162429,False,False,False,False,-0.17039899879899992,-0.17990995557374412,False,False,False,False,2603668.0,2479223.1679677903,False,False,False,False,67652.30072904048,False,False,False,False
2025-08-28 17:00:00+00:00,507.855,509.28,507.53,508.36,40147.0,,,,,505.1133900808324,508.1663549011786,511.059314127231,516.0946378958118,518.922639369132,,,,,504.1131177057149,505.156711592507,510.15275625928297,513.1696570329851,518.4474724670075,517.5874144762483,516.7644727114716,515.0225163475848,514.0156245211191,509.843837614668,506.0566246562242,501.8537327011385,499.79204208884124,496.5957308867371,492.20376724678215,486.4936255777994,479.8123876098014,466.6484447123092,,514.0156245211191,479.8123876098014,511.059314127231,511.8712672748372,502.98499645601237,"rgba(38, 166, 154, 1.0)",9.028810717527362,513.4184751244618,-0.5602592946867201,65.56582953838205,7.298356697174221,True,False,True,False,True,0.0,0.0,0.0,0.0,0.0,0,0.9030656303972371,1.048984183256068,False,False,False,False,-0.17187078465700434,-0.17589037011537423,False,False,False,False,2643815.0,2481774.979317127,False,False,False,False,67225.8619580476,False,False,False,False
2025-08-28 18:00:00+00:00,508.34,510.215,508.22,509.58,47900.0,,,,,505.2101731176804,508.17995747149797,511.0429908439627,516.0502310532081,518.8709028425691,,,,,504.35721783997445,505.2380623012851,510.1445892219947,513.1390995677416,518.4021514745231,517.5505198414575,516.7346657349476,515.0023863933329,513.9999704286606,509.84247193244454,506.064481417541,501.8698287595622,499.8116255263063,496.61999593555504,492.2336146934601,486.5299954570121,479.8564782617455,466.704378301653,,513.9999704286606,479.8564782617455,511.0429908439627,511.8708510657836,503.0056407271776,"rgba(38, 166, 154, 1.0)",8.881616889763968,513.4171070274963,-0.43202798264340286,68.28283681627222,10.316703986224574,True,False,True,False,True,0.0,0.0,0.0,0.0,0.0,0,0.9043608885651865,1.0471139839766939,False,False,False,False,-0.157406982685747,-0.1666486764005606,False,False,False,False,2691715.0,2485029.8633587216,False,False,False,False,66926.23619125616,False,False,False,False
2025-08-28 19:00:00+00:00,509.59,510.915,509.445,509.6,60971.0,,,,509.9866666666666,505.3455028029922,508.206260649158,511.0303898550178,515.9999229210686,518.8102752068598,,,,,504.6731773403171,505.3528107767049,510.1425988325323,513.1074173655342,518.3491915564782,517.5077021662659,516.7003649189296,514.9798781036136,513.9829458211321,509.84296609645656,506.076397622894,501.89198715818276,499.8381255136996,496.6523167790889,492.2728912145991,486.5774339883455,479.91364029171365,466.7764429028796,,513.9829458211321,479.91364029171365,511.0303898550178,511.56316968362717,503.03546046940926,"rgba(38, 166, 154, 1.0)",8.693755441444148,513.1841716323615,-0.41226966372614443,70.11973027577405,12.481411020120639,True,False,True,False,True,0.0,0.0,0.0,0.0,0.0,0,0.9074363567899407,1.0450380547029228,False,False,False,False,-0.1403565794073607,-0.15350262790396066,False,False,False,False,2752686.0,2489179.5709035476,False,False,False,False,66833.90694798087,False,False,False,False
2025-08-29 14:00:00+00:00,504.8,506.91,504.54,506.73,44612.0,,,,508.3275316417731,505.3600139465664,508.18363875421915,510.9873815841789,515.9399447675271,518.7469268508739,,,,,504.72788348754244,505.36509741961663,510.1052933810382,513.055972036365,518.2928635125918,517.4604815592829,516.6609371617021,514.950685498061,513.9584301248401,509.833503836293,506.07636125193227,501.9002960345588,499.8499595337048,496.66893187311916,492.2951734679285,486.6062210413263,479.9498848622685,466.82424227515327,,513.9584301248401,479.9498848622685,510.9873815841789,511.2575729241897,503.0323454642959,"rgba(38, 166, 154, 0.75)",8.485064674030872,513.0704484766286,-0.7472481024256612,63.46947038242151,12.481411020120639,True,False,True,False,False,0.0,0.0,0.0,0.0,0.0,0,0.9053360201281925,1.0477133781891461,False,False,False,False,-0.22012332324094466,-0.18681297557245266,False,False,False,False,2708074.0,2492573.282982562,False,False,False,False,66489.38125886489,False,False,False,False
2025-08-29 15:00:00+00:00,506.805,508.36,505.64,507.27,37892.0,,,,508.0006973572631,505.38935067733576,508.1739348714458,510.95894678800244,515.8948188200239,518.6979414312166,,,,,504.8044607300443,505.39018137508873,510.0820711816442,513.0192092373635,518.249418616754,517.4242748473898,516.6309088349951,514.9288951268352,513.9404260436139,509.8276875984285,506.07826730728584,501.9090684045859,499.8616369522191,496.68454094921134,492.3154547713339,486.63189614847397,479.9818023136749,466.8658136598226,,513.9404260436139,479.9818023136749,510.95894678800244,511.1859483242145,503.0347785610424,"rgba(38, 166, 154, 0.75)",8.240841844512639,513.0353981005503,-0.6996127591490372,60.09013907558256,18.000366742088616,True,False,True,False,False,0.0,0.0,0.0,0.0,0.0,1,0.9099261558829911,1.041658582238607,False,False,False,False,-0.19705476804275293,-0.1919338718076028,False,False,False,False,2745966.0,2496501.8522386462,False,False,False,False,66046.01100678946,False,False,False,False
2025-08-29 16:00:00+00:00,507.265,508.785,506.155,508.66,30815.0,,,,507.97700032512853,505.4230496680726,508.1717335605986,510.94070776780967,515.8616661236978,518.6610525617942,,,,,504.88311928977527,505.41912653243384,510.0682822723806,512.9935175466316,518.2167771740558,517.3972151645663,516.6086040007677,514.9130102932196,513.9275060915984,509.82431250843587,506.08099796857783,501.9172467156692,499.8721230564737,496.69814522065025,492.332772103253,486.65351944646665,480.0084454009254,466.90020916309936,,513.9275060915984,480.0084454009254,510.94070776780967,511.17253500118363,503.03971833049883,"rgba(38, 166, 154, 0.75)",7.983590550688663,513.023365760041,-0.5465417762017575,60.25236739645207,17.940626951172575,True,False,True,False,False,0.0,0.0,0.0,0.0,0.0,1,0.8966916693843537,1.0568298486550476,False,False,False,False,-0.18860426627110277,-0.19026906903935278,False,False,False,False,2776781.0,2500847.265382233,False,False,False,False,65499.79378187799,False,False,False,False
2025-08-29 17:00:00+00:00,508.63,508.93,506.23,508.6,22203.0,,,,507.97055949406166,505.4472855563055,508.17044079936966,510.927924581891,515.8381061897051,518.6347591059713,,,,,504.93830470851935,505.4400117627824,510.05869103998356,512.9753551875343,518.1935056397481,517.377921324985,516.5927006559967,514.9016953783614,513.918312570058,509.82195391760956,506.0830189275497,501.92317819529205,499.8797118427779,496.7079736589191,492.34526855727967,486.6691114147491,480.02764758557004,466.924988476926,,513.918312570058,480.02764758557004,510.927924581891,511.16484595455063,503.0432972691467,"rgba(38, 166, 154, 0.75)",7.6714875972603425,513.0153516972425,-0.5755535209128565,60.20942553423172,17.45238930144268,True,False,True,False,False,0.0,0.0,0.0,0.0,0.0,1,0.895404311854581,1.050655232803914,False,False,False,False,-0.18663037058369875,-0.18844971981152575,False,False,False,False,2754578.0,2504781.075221268,False,False,False,False,64828.52566122872,False,False,False,False
2025-08-29 18:00:00+00:00,508.65,509.02,506.795,508.41,30186.0,,,,507.98446744809473,505.4815093098283,508.1697790652466,510.9116044717662,515.8069213310563,518.5997318772577,,,,,505.01392944220635,505.469593047199,510.04672300412784,512.9516209110758,518.1625099298839,517.3522439391123,516.5715572297057,514.8867110511266,513.9061804118447,509.81901722112906,506.08599063480557,501.93143148639473,499.89020467500205,496.72149263578234,492.36239471818783,486.690427125014,480.0538563399471,466.95875630862855,,513.9061804118447,480.0538563399471,510.9116044717662,511.15900225054156,503.0485911172874,"rgba(38, 166, 154, 0.75)",7.416086303639368,513.0063218026527,-0.6197772806927901,59.66042451931885,16.38358053332655,True,False,True,False,False,0.0,0.0,0.0,0.0,0.0,1,0.8964034165730376,1.0499559034951016,False,False,False,False,-0.18076198474957164,-0.1846058522805487,False,False,False,False,2724392.0,2508185.895760473,False,False,False,False,64291.4322401244,False,False,False,False
2025-08-29 19:00:00+00:00,508.45,509.195,505.87,506.74,59603.0,,,,507.835370607769,505.52630811800117,508.15760470011827,510.8709124866084,515.7397280692661,518.5259987496537,,,,,505.11637383024146,505.50860050384625,510.0140144386801,512.8977843840197,518.097012651582,517.2975848319395,516.5261812945057,514.8538354569436,513.8790789980111,509.8105788687156,506.0894631914384,501.9455317180649,499.9088101486241,496.7462020940865,492.3943709984378,486.7308081379657,480.10397696524586,467.0239643098201,,513.8790789980111,480.10397696524586,510.8709124866084,511.1093204552362,503.05245404567603,"rgba(38, 166, 154, 0.75)",7.235541250601342,512.9706781755083,-0.8611212291810851,55.30641109237198,11.863365246463985,True,False,True,False,False,0.0,0.0,0.0,0.0,0.0,1,0.8995016209415981,1.0477935839744525,False,False,False,False,-0.18748255739978328,-0.18604420484016598,False,False,False,False,2664789.0,2510613.8508649613,False,False,False,False,64218.743368184485,False,False,False,False
2025-09-01 14:00:00+00:00,506.74,506.74,506.74,506.74,0.0,,,,507.835370607769,505.52630811800117,508.15760470011827,510.8709124866084,515.7397280692661,518.5259987496537,,,,,505.11637383024146,505.50860050384625,510.0140144386801,512.8977843840197,518.097012651582,517.2975848319395,516.5261812945057,514.8538354569436,513.8790789980111,509.8105788687156,506.0894631914384,501.9455317180649,499.9088101486241,496.7462020940865,492.3943709984378,486.7308081379657,480.10397696524586,467.0239643098201,,513.8790789980111,480.10397696524586,510.8709124866084,511.1093204552362,503.05245404567603,#000000,7.077497526895205,512.9706781755083,-0.8803504560518839,52.403735474407405,8.882309833786131,True,False,False,False,False,0.0,0.0,0.0,0.0,0.0,1,0.9030551288615808,1.050374271572429,False,False,False,False,-0.20174140335466215,-0.19389280409741405,False,False,False,False,2664789.0,2513004.1632546517,False,False,False,False,63223.10393611961,False,False,False,False
2025-09-01 15:00:00+00:00,506.74,506.74,506.74,506.74,0.0,,,,507.835370607769,505.52630811800117,508.15760470011827,510.8709124866084,515.7397280692661,518.5259987496537,,,,,505.11637383024146,505.50860050384625,510.0140144386801,512.8977843840197,518.097012651582,517.2975848319395,516.5261812945057,514.8538354569436,513.8790789980111,509.8105788687156,506.0894631914384,501.9455317180649,499.9088101486241,496.7462020940865,492.3943709984378,486.7308081379657,480.10397696524586,467.0239643098201,,513.8790789980111,480.10397696524586,510.8709124866084,511.1093204552362,503.05245404567603,#000000,6.939076548887175,512.9706781755083,-0.8979117223469011,50.46861839576435,6.831398420015745,True,False,False,False,False,0.0,0.0,0.0,0.0,0.0,1,0.9025622119815672,1.0506052227342555,False,False,False,False,-0.20174140335466215,-0.1978171037260381,False,False,False,False,2664789.0,2515357.416537525,False,False,False,False,62242.9007743193,False,False,False,False
2025-09-01 16:00:00+00:00,506.74,506.74,506.74,506.74,0.0,,,,507.835370607769,505.52630811800117,508.15760470011827,510.8709124866084,515.7397280692661,518.5259987496537,,,,,505.11637383024146,505.50860050384625,510.0140144386801,512.8977843840197,518.097012651582,517.2975848319395,516.5261812945057,514.8538354569436,513.8790789980111,509.8105788687156,506.0894631914384,501.9455317180649,499.9088101486241,496.7462020940865,492.3943709984378,486.7308081379657,480.10397696524586,467.0239643098201,,513.8790789980111,480.10397696524586,510.8709124866084,511.1093204552362,503.05245404567603,#000000,6.837603004475437,512.9706781755083,-0.9112371940035258,49.17854034333565,5.341708597378357,False,False,False,False,False,0.0,0.0,0.0,0.0,0.0,1,0.9168037779926905,1.0489079239879935,False,False,False,False,-0.20174140335466215,-0.19977925354035014,False,False,False,False,2664789.0,2517674.185273377,False,False,False,False,61277.89456076396,False,False,False,False
2025-09-01 17:00:00+00:00,506.74,506.74,506.74,506.74,0.0,,,,507.835370607769,505.52630811800117,508.15760470011827,510.8709124866084,515.7397280692661,518.5259987496537,,,,,505.11637383024146,505.50860050384625,510.0140144386801,512.8977843840197,518.097012651582,517.2975848319395,516.5261812945057,514.8538354569436,513.8790789980111,509.8105788687156,506.0894631914384,501.9455317180649,499.9088101486241,496.7462020940865,492.3943709984378,486.7308081379657,480.10397696524586,467.0239643098201,,513.8790789980111,480.10397696524586,510.8709124866084,511.1093204552362,503.05245404567603,"rgba(239, 83, 80, 0.5)",6.636787991702885,512.9706781755083,-0.9388092829389281,48.31848830838318,4.193383502825867,False,False,False,True,False,0.0,0.0,0.0,0.0,0.0,0,0.9257204519487118,1.0392535229148159,False,False,False,False,-0.20174140335466215,-0.20076032844750613,False,False,False,False,2664789.0,2519955.0351140997,False,False,False,False,60327.84968385289,False,False,False,False
2025-09-01 18:00:00+00:00,506.74,506.74,506.74,506.74,0.0,,,,507.835370607769,505.52630811800117,508.15760470011827,510.8709124866084,515.7397280692661,518.5259987496537,,,,,505.11637383024146,505.50860050384625,510.0140144386801,512.8977843840197,518.097012651582,517.2975848319395,516.5261812945057,514.8538354569436,513.8790789980111,509.8105788687156,506.0894631914384,501.9455317180649,499.9088101486241,496.7462020940865,492.3943709984378,486.7308081379657,480.10397696524586,467.0239643098201,,513.8790789980111,480.10397696524586,510.8709124866084,511.1093204552362,503.05245404567603,"rgba(239, 83, 80, 0.5)",6.44810623640778,512.9706781755083,-0.9662803227912333,47.74512028508153,3.2578617159326697,False,False,False,True,False,0.0,0.0,0.0,0.0,0.0,0,0.9265069978063709,1.0376893769322546,False,False,False,False,-0.20174140335466215,-0.20125086590108415,False,False,False,False,2664789.0,2522200.5229417877,False,False,False,False,59392.53418487842,False,False,False,False
2025-09-01 19:00:00+00:00,506.74,506.74,506.74,506.74,0.0,,,,507.835370607769,505.52630811800117,508.15760470011827,510.8709124866084,515.7397280692661,518.5259987496537,,,,,505.11637383024146,505.50860050384625,510.0140144386801,512.8977843840197,518.097012651582,517.2975848319395,516.5261812945057,514.8538354569436,513.8790789980111,509.8105788687156,506.0894631914384,501.9455317180649,499.9088101486241,496.7462020940865,492.3943709984378,486.7308081379657,480.10397696524586,467.0239643098201,,513.8790789980111,480.10397696524586,510.8709124866084,511.1093204552362,503.05245404567603,"rgba(239, 83, 80, 0.5)",6.227940456064853,512.9706781755083,-1.0004395866438889,47.36287493621377,2.461552836019038,False,False,False,True,False,0.0,0.0,0.0,0.0,0.0,0,0.9264431788765213,1.0358270774009843,False,False,False,False,-0.20174140335466215,-0.20149613462787314,False,False,False,False,2664789.0,2524411.1970047057,False,False,False,False,58471.719701391936,False,False,False,False
2025-09-02 14:00:00+00:00,503.56,505.4,502.47,502.94,74905.0,,,,506.9577068157676,505.46756890065876,508.08159674306285,510.7703128901917,515.6208783632022,518.4049581070508,,,,,505.03463466268937,505.4580529518826,509.92055203578934,512.7884380556376,517.9883247663064,517.204930412168,516.44745150375,514.7931510919258,513.8266226508347,509.78487841739684,506.0803205346935,501.9510179311617,499.9204815079661,496.76633234414413,492.4245085143246,486.77231587767307,480.15824088058,467.09817893959604,,513.8266226508347,480.15824088058,510.7703128901917,510.883836969989,503.02324628213995,"rgba(239, 83, 80, 1.0)",6.072134475623477,512.8433881649048,-1.6309566602422696,39.114658296348345,-5.430789915721405,False,True,False,True,False,0.0,0.0,0.0,0.0,0.0,0,0.9154911399919988,1.0385245795852,False,False,False,False,-0.25290943015886613,-0.22720278239336963,False,False,False,False,2589884.0,2525426.279221687,False,False,False,False,58726.49924090524,False,False,False,False
2025-09-02 15:00:00+00:00,502.925,503.285,499.68,500.69,66910.0,,,,506.06066366968236,505.3547051805027,507.9807819289789,510.65364723014636,515.495983271923,518.2813291162805,,,,501.21833333333336,504.8589496204193,505.35990314464055,509.8086794560192,512.6681125228815,517.8767371251196,517.1088915037554,516.3650227367042,514.7280584885817,513.7693898230456,509.75331205852854,506.0644014409431,501.9488584199156,499.924133623969,496.7779764142119,492.4455782103933,486.80399141861574,480.2015920441604,467.1599035217837,,513.7693898230456,480.2015920441604,510.65364723014636,510.63785173291905,502.88641183721165,"rgba(239, 83, 80, 1.0)",5.982105683233176,512.023108871313,-1.8945016138845114,31.69115775377731,-12.102363187152562,False,True,False,True,False,0.0,0.0,0.0,0.0,0.0,0,0.9081460057586286,1.045707497837287,False,False,False,False,-0.29872679119091894,-0.2629647867921443,False,False,False,False,2522974.0,2525388.2593887923,False,False,False,False,58853.37522166641,False,False,False,False
2025-09-02 16:00:00+00:00,500.775,501.79,500.355,501.455,31968.0,,,,505.7229164031169,505.30264189153866,507.93352552897693,510.598801029192,515.4369972692166,518.2228250837526,,,,501.2124060289785,504.7802043672673,505.314395662802,509.75612672329004,512.611412355736,517.8238876973227,517.063360124523,516.3259071441332,514.6971367632226,513.7421887018347,509.73828016736513,506.05680378672423,501.9478053640279,499.9258466564049,496.7834953163094,492.4555882431177,486.8190570627496,480.222223239048,467.1892994504923,,513.7421887018347,480.222223239048,510.598801029192,510.536284534299,502.86660130817637,"rgba(239, 83, 80, 1.0)",5.810824229417944,511.9605735373965,-1.807931736122886,29.207992456777333,-14.104237663285822,False,True,False,True,False,0.0,0.0,0.0,0.0,0.0,0,0.9013033648091506,1.0629605000664988,False,False,False,False,-0.3065017222372941,-0.2847332545147192,False,False,False,False,2554942.0,2525846.456917648,False,False,False,False,58436.54769884987,False,False,False,False
2025-09-02 17:00:00+00:00,501.59,503.06,500.155,502.27,47675.0,,,,505.3572287522485,505.2389045786668,507.87072476208823,510.52356883260353,515.3537707960976,518.1395098028661,,,,501.4127726829202,504.6884090106097,505.2584351314207,509.6846029559284,512.5324863837653,517.7486464396134,516.9986101462953,516.2703538213851,514.6534184158656,513.7038620572107,509.71760298580983,506.04697730104334,501.9475553390701,499.9296484498884,496.7928676234701,492.4715437324963,486.8424456137913,480.25383538264595,467.23385260454046,,513.7038620572107,480.25383538264595,510.52356883260353,510.41395125409514,502.8519961093563,"rgba(239, 83, 80, 1.0)",5.640536639056794,511.89063276103616,-1.7056236625465713,29.98560225821333,-14.104237663285822,False,True,False,True,False,0.0,0.0,0.0,0.0,0.0,0,0.9029448471812851,1.055763562495022,False,False,False,False,-0.29636338560619296,-0.29054832006045606,False,False,False,False,2602617.0,2527036.697895669,False,False,False,False,58269.7019980925,False,False,False,False
2025-09-02 18:00:00+00:00,502.275,503.725,500.91,502.81,41800.0,,,,505.13850309956206,505.19525748753574,507.8225560790673,510.46353842187943,515.2851179360407,518.070053213792,,,,501.6499856209706,504.6298386415381,505.219895986174,509.62807394303655,512.4683970061111,517.6859405958788,516.944715968453,516.2241831109807,514.6172713898532,513.6722983027307,509.7010565730211,506.0397277034723,501.9485335631446,499.93411195460186,496.80211883537027,492.48646207561524,486.8637834961117,480.2823129752017,467.2735572177402,,513.6722983027307,480.2823129752017,510.46353842187943,510.32917103964616,502.84590868210563,"rgba(239, 83, 80, 0.75)",5.36640641330476,511.84278797427316,-1.6832098202399395,32.03305512199344,-14.104237663285822,False,True,False,True,True,0.0,0.0,0.0,0.0,0.0,0,0.9003299715266512,1.0621224620133591,False,False,False,False,-0.2829992279435594,-0.28677377400200776,False,False,False,False,2644417.0,2528856.5475406973,False,False,False,False,58014.35778106781,False,False,False,False
2025-09-02 19:00:00+00:00,502.92,505.62,501.605,505.21,96276.0,,,,504.9903951177012,505.1583116220914,507.7483733300117,510.35673934240776,515.1499299404929,517.9292198791585,,,,502.4939263450551,504.6019070339154,505.1865990152481,509.5307213629633,512.347922559705,517.5590421484247,516.8361956744131,516.1317374804007,514.5461268402014,513.6109760657579,509.6719469773517,506.0308953615452,501.95776022721935,499.95100708997836,496.82951959757594,492.5263442493646,486.9179199277547,480.35252114128264,467.36897193316065,,513.6109760657579,480.35252114128264,510.35673934240776,510.2221615386439,502.86589689638527,"rgba(239, 83, 80, 0.75)",4.991811062595466,511.79301668474625,-1.318763190793416,38.74095507503488,-18.476759706675075,False,True,False,True,True,0.0,0.0,0.0,0.0,0.0,0,0.9005551276262322,1.057982947754257,False,False,False,False,-0.2588714890490961,-0.272822631525552,False,False,False,False,2740693.0,2532140.8336253376,False,False,False,False,58607.56153640009,False,False,False,False
2025-09-03 14:00:00+00:00,504.59,508.48,504.35,506.67,65709.0,,,506.5,505.1298064204818,505.1897691576213,507.7314199373968,510.3127551507616,515.0788764247394,517.8508688824099,,,,503.2453009997964,504.67371523111825,505.2137919652141,509.49443486521596,512.2907176194442,517.4887571127371,516.7767291768142,516.081688218283,514.5089916709379,513.5798746175542,509.6606450617139,506.03238309828527,501.97074557765205,499.96889179081523,496.85408627011896,492.5588933356108,486.9596984808908,480.40492143388343,467.43796206018123,,513.5798746175542,480.40492143388343,510.3127551507616,509.68478513905865,502.90538045190874,"rgba(239, 83, 80, 0.5)",4.513438020592689,511.3934066568727,-1.0465207753650303,45.550382112348956,-12.317786502855213,False,False,False,True,True,0.0,0.0,0.0,0.0,0.0,0,0.9077819723160478,1.0501092787601836,False,False,False,False,-0.20270914629288317,-0.23776588890921757,False,False,False,False,2806402.0,2536392.9447319214,False,False,False,False,58717.661357541176,False,False,False,False
2025-09-03 15:00:00+00:00,506.69,508.19,504.91,505.255,56677.0,,,506.32325003132166,505.2027387219333,505.2081756765343,507.7127434935058,510.2718969545024,515.0158354271207,517.7819018752377,,,,503.6453718904709,504.71936579816605,505.229662153468,509.45992569558075,512.2390738553438,517.4267659521086,516.724098899574,516.0372313910362,514.4757217997744,513.5518314782813,509.6497917510211,506.0326175746277,501.98094772553395,499.98334296186687,496.8743416238355,492.58608155883934,486.994890376006,480.4492920578728,467.4966945457589,,513.5518314782813,480.4492920578728,510.2718969545024,509.6452203114508,502.92405521521925,#000000,4.123591354344372,511.37868711693307,-1.4850373353512625,47.372343394524194,-10.779585057725633,False,False,False,False,True,0.0,0.0,0.0,0.0,0.0,0,0.9135098582585295,1.0479587371882424,False,False,False,False,-0.1919283311587452,-0.21484711003398138,False,False,False,False,2749725.0,2539700.418457008,False,False,False,False,58686.02319695914,False,False,False,False
2025-09-03 16:00:00+00:00,505.4,505.65,502.17,503.615,38132.0,,,505.7266085527272,505.1369541219891,505.1897962263665,507.68259026406287,510.2298338962707,514.9630516718313,517.7268690563573,,,,503.65961696548186,504.70046930609715,505.21311913525915,509.42134767800144,512.1918997405735,517.3770075348797,516.6813431846008,516.0006396805637,514.4473489364108,513.5272645789887,509.63778190997436,506.0285486722472,501.9839724255189,499.98938624080904,496.8845314341412,492.6012048150072,487.0156475003044,480.476383469525,467.53375517200385,,513.5272645789887,480.476383469525,510.2298338962707,509.522243398515,502.9142772831784,"rgba(239, 83, 80, 0.5)",3.8453978577841283,511.31362916590285,-2.0020370974927157,45.9970478451727,-10.779585057725633,False,False,False,True,True,0.0,0.0,0.0,0.0,0.0,0,0.9121537276566366,1.0497994741175543,False,False,False,False,-0.24324701257713013,-0.22904706130555574,False,False,False,False,2711593.0,2542365.4197212406,False,False,False,False,58367.35617064969,False,False,False,False
2025-09-03 17:00:00+00:00,503.615,505.06,501.76,503.39,41107.0,,,505.2529427154371,505.05286101136636,505.16480482607193,507.64722799506853,510.1822522478679,514.9046407508966,517.6662995418591,,,,503.63795122850746,504.6719976843817,505.1906407374753,509.3773612447627,512.1391838951447,517.3221703825676,516.6341153719638,515.9601244188058,514.4157632629207,513.4998121878101,509.62398677134206,506.02337412254485,501.9864959460147,499.9951859811474,496.89483721502677,492.61687021841476,487.0374241354583,480.5050084081587,467.573173843062,,513.4998121878101,480.5050084081587,510.1822522478679,509.41014701265254,502.90028826607954,"rgba(239, 83, 80, 0.5)",3.6319403247422297,511.2474228455923,-2.1634228932850115,44.74910529598051,-10.779585057725633,False,False,False,True,True,0.0,0.0,0.0,0.0,0.0,0,0.9138683412271839,1.0482943962535263,False,False,False,False,-0.25352716298458694,-0.24128711214507134,False,False,False,False,2670486.0,2544351.7853069576,False,False,False,False,58099.75374939931,False,False,False,False
2025-09-03 18:00:00+00:00,503.225,503.55,501.44,503.055,31226.0,,,504.9081270784035,504.9685936898355,505.13869480076767,507.6162521608854,510.1427480088483,514.8579037897784,517.618319820039,,,,503.58024669552447,504.6393561118534,505.16718999531656,509.3403905927014,512.0962869350001,517.2786564677345,516.5965191656196,515.9277628598176,514.3903259711382,513.4775744436262,509.6123373632659,506.0183780717203,501.98743355097275,499.9986483710316,496.9017783923148,492.62794562418065,487.05319988823345,480.52602117602834,467.60245755155927,,513.4775744436262,480.52602117602834,510.1427480088483,509.32151990693677,502.8853952225073,"rgba(239, 83, 80, 0.5)",3.451802064930971,511.19185532220007,-2.357277494230476,43.395394423580996,-10.779585057725633,False,False,False,True,False,0.0,0.0,0.0,0.0,0.0,0,0.9102098574251086,1.0533988359053779,False,False,False,False,-0.26990725278022326,-0.2555971824626473,False,False,False,False,2639260.0,2545823.230495997,False,False,False,False,57683.106404447375,False,False,False,False
2025-09-03 19:00:00+00:00,503.055,505.48,501.325,505.31,138275.0,,,504.5840572743489,504.84210491191567,505.089739013442,507.52007358530744,510.00362231953386,514.6777559936331,517.4284640731337,,,,503.6768405908711,504.59866336792027,505.122324400128,509.213846406602,511.93762783244404,517.106660037541,516.4484391719744,515.8008200066743,514.2918969076803,513.392427908639,509.57122441171344,506.00535555278356,501.99960981530927,500.0215726411879,496.9394841537222,492.6832769728653,487.1287085605392,480.62426186739594,467.7365391845396,,513.392427908639,480.62426186739594,510.00362231953386,509.1636881673307,502.85787262055436,"rgba(239, 83, 80, 0.5)",3.2707153775660984,511.0656148722116,-1.7597418936815692,46.82413440781923,-10.638782331027834,False,False,False,True,False,0.0,0.0,0.0,0.0,0.0,0,0.9118591870868403,1.0429022752011052,False,False,False,False,-0.24666058381351044,-0.25112888313807885,False,False,False,False,2777535.0,2549415.661030942,False,False,False,False,58932.59312685904,False,False,False,False
2025-09-04 14:00:00+00:00,503.9,507.62,503.215,507.49,45836.0,,,504.75161862871596,504.8967154194009,505.1045428668485,507.50760512064574,509.97441462175067,514.6307186116619,517.376244793155,,,,503.8356936852573,504.63180178935477,505.1351457641185,509.18946988284097,511.899827648861,517.0595032286042,516.4081801434511,515.7666369311403,514.2661847670989,513.3707123077451,509.5627783799567,506.0055795696801,502.00768004180713,500.0330009274087,496.95551428288366,492.70482226938657,487.15663650772905,480.65950924689804,467.7832896328796,,513.3707123077451,480.65950924689804,509.97441462175067,509.17740858031124,502.86484036879483,"rgba(38, 166, 154, 1.0)",3.0942474190110247,511.0626345280551,-1.1546053189233958,52.080744604813404,-5.505043986525514,True,False,True,False,True,0.0,0.0,0.0,0.0,0.0,0,0.9238688594277218,1.0372618826217495,False,False,False,False,-0.20188416584912347,-0.22650652449360115,False,False,False,False,2823371.0,2553663.030627362,False,False,False,False,58729.54517140386,False,False,False,False
2025-09-04 15:00:00+00:00,507.535,508.05,506.17,506.88,60062.0,,,505.03890888788266,505.01100556327407,505.1405889899617,507.502179102259,509.9457984551614,514.5764640460806,517.3141009570661,,,,504.08785133781396,504.6989470859718,505.1669472884586,509.16751841481135,511.8588249394069,517.0034871464819,516.3605934559862,515.7264629237794,514.2365286666397,513.3460515872607,509.55472002462557,506.0085009169223,502.02058177526374,500.0501815714827,496.97854927243424,492.7348912121596,487.1948883273537,480.70722236583134,467.84585213404023,,513.3460515872607,480.70722236583134,509.9457984551614,509.21843514309796,502.8815052866696,"rgba(38, 166, 154, 1.0)",2.895988643829868,511.07422309104857,-1.4482871333023675,54.393535815368224,-3.1987383389674022,True,False,True,False,True,0.0,0.0,0.0,0.0,0.0,0,0.9373130323965395,1.0325172714467779,False,False,False,False,-0.16516115403313827,-0.19583383926336972,False,False,False,False,2763309.0,2556913.3557339143,False,False,False,False,58750.20338580069,False,False,False,False
2025-09-04 16:00:00+00:00,506.81,507.07,504.165,506.365,38301.0,,,505.10043113245683,505.0392301078566,505.14914008686344,507.4903333898748,509.9206450849375,514.5369803977171,517.2704078501961,,,,504.1730192423564,504.7194021658762,505.1743438147082,509.1462265745149,511.8268018836532,516.9639500592555,516.3267350784761,515.697624418283,514.2147014142041,513.3275377712831,509.5472426820196,506.0082442918689,502.0268677747828,500.0592704972282,496.9914855406583,492.7524409273845,487.21777439878866,480.7362141760713,467.8844589944851,,513.3275377712831,480.7362141760713,509.9206450849375,509.21530972141466,502.8839127213631,"rgba(38, 166, 154, 1.0)",2.595219926795196,511.06351224549473,-1.810448585487265,54.92315301071029,-2.422542657304014,True,False,True,False,True,0.0,0.0,0.0,0.0,0.0,0,0.9356544911307911,1.0274824365427586,False,False,False,False,-0.197518441095851,-0.19667614017961038,False,False,False,False,2725008.0,2559519.4742496675,False,False,False,False,58433.16147284254,False,False,False,False
2025-09-04 17:00:00+00:00,506.385,507.67,506.01,507.32,27105.0,,,505.1953517934725,505.0839570986704,505.16443852085376,507.487832942288,509.90795526481446,514.5128782981725,517.2427409657645,,,,504.2656671833569,504.74732760133026,505.18789962399774,509.1364738923852,511.80861581298893,516.9389797135857,516.3054876415791,515.6796586103846,514.2014110258515,513.3164729603335,509.54359315124736,506.0095125457879,502.0326132076487,500.06693733651895,497.0017837343198,492.76590312128593,487.23491884520377,480.75761433019517,467.91254692489434,,513.3164729603335,480.75761433019517,509.90795526481446,509.227879269148,502.89017985594194,"rgba(38, 166, 154, 1.0)",2.5619222934750074,511.0655505372576,-1.462007862922771,56.698515470252076,-0.37307838575018337,True,False,True,False,True,0.0,0.0,0.0,0.0,0.0,0,0.9385334486112619,1.0249378579920032,False,False,False,False,-0.1709874918869919,-0.18383181603330112,False,False,False,False,2752113.0,2562505.4203853314,False,False,False,False,57947.45354303103,False,False,False,False
2025-09-04 18:00:00+00:00,507.32,508.125,506.495,507.53,41770.0,,,505.3517913499942,505.16204140433956,505.19234649169687,507.4870181321194,509.89116374872197,514.4779160452708,517.2019804864217,,,,504.4155527363075,504.7961471757343,505.212736710172,509.1242826018563,511.7830699169756,516.9022181354469,516.274274340654,515.653333712528,514.1821106755598,513.3005273874254,509.5388339953552,506.0122145849377,502.04212248543024,500.0793705918769,497.0182191460491,492.78715657692436,487.2617923689922,480.79100545075516,467.9561764939407,,513.3005273874254,480.79100545075516,509.89116374872197,509.25203680836637,502.9016392151011,"rgba(38, 166, 154, 1.0)",2.5296295316773136,511.0721665963644,-1.4002708902657952,58.192390842152285,1.4296983628877982,True,False,True,False,True,0.0,0.0,0.0,0.0,0.0,0,0.9395450971887119,1.023422886111639,False,False,False,False,-0.16085252268288114,-0.17234216935809113,False,False,False,False,2793883.0,2566092.6696816827,False,False,False,False,57696.64030980574,False,False,False,False
2025-09-04 19:00:00+00:00,507.61,507.93,506.225,507.93,43586.0,,,505.4913332090871,505.23731834853703,505.22044834969324,507.4860064723066,509.87372936607676,514.4416871865401,517.159712605952,,,,504.5562883903341,504.8447870695518,505.2378086727339,509.1115846644819,511.75659621966173,516.8640720330977,516.2418571935071,515.6259703332955,514.1620235640336,513.2839190938663,509.53384054118203,506.0149784139078,502.0519691154875,500.09226107189846,497.0352779827592,492.8092354355543,487.28972781470895,480.8257307980159,468.0015752320867,,513.2839190938663,480.8257307980159,509.87372936607676,509.2728907911704,502.9126054547455,"rgba(38, 166, 154, 1.0)",2.4864396413459393,511.0766652377927,-1.2655305141810682,59.80663635666039,3.3507239062278487,True,False,True,False,True,0.0,0.0,0.0,0.0,0.0,1,0.9391524368792797,1.0187129597055724,False,False,False,False,-0.1658618768695874,-0.16910202311383926,False,False,False,False,2837469.0,2570300.0546478583,False,False,False,False,57477.87069259945,False,False,False,False
2025-09-05 14:00:00+00:00,502.43,502.43,495.16,495.31,41511.0,,,505.0039659672761,504.99730169448054,505.12798302500664,507.41085284353545,509.7939037062113,514.3605828249572,517.0801578043272,,,,504.25502939606076,504.7168829822202,505.15423829742394,509.03336825933775,511.67651399357436,516.7911198652682,516.1776185617198,515.5695966997225,514.1157915293909,513.2423458910997,509.50790213485004,505.998660943562,502.0441931801416,500.08812268424344,497.03621589031786,492.8161854996408,487.3034011956427,480.84662500829074,468.0340528660414,,513.2423458910997,480.84662500829074,509.7939037062113,509.1106782665421,502.8635718357131,"rgba(239, 83, 80, 0.5)",2.6958271106985605,510.9599163039549,-5.805237376628207,47.664608409524114,4.880147938200537,False,False,False,True,False,0.0,0.0,0.0,0.0,0.0,0,0.91754540321204,1.0193037517563794,False,False,False,False,-0.34282825441539394,-0.2559651387646166,False,False,False,False,2795958.0,2573798.6274440154,False,False,False,False,57230.32230976845,False,False,False,False
2025-09-05 15:00:00+00:00,495.06,497.69,494.65,496.33,47994.0,,,504.41645311317154,504.6883766889418,505.00425556045786,507.3130525447847,509.69234746744763,514.2599596337789,516.9823720328295,,,,503.8702948655249,504.5462122971213,505.04218646625264,508.9332327784227,511.5758660566485,516.7013040319439,516.0982927798457,515.4997683657269,514.0581153977153,513.1902373108765,509.47450909286806,505.9767075227018,502.0323738573549,500.0806169923518,497.03474465050766,492.821851343787,487.3170133232295,480.86869405436516,468.06972956868015,,513.1902373108765,480.86869405436516,509.69234746744763,508.9081167202017,502.79956582925917,"rgba(239, 83, 80, 1.0)",2.864142050361908,510.8127442355948,-5.056573305700665,40.95178353236139,-0.9638547023168869,False,True,False,True,False,0.0,0.0,0.0,0.0,0.0,0,0.9187600633582497,1.0301344399209338,False,False,False,False,-0.34282825441539394,-0.29939669659000523,False,False,False,False,2843952.0,2577987.051824728,False,False,False,False,57087.12351426817,False,False,False,False
2025-09-05 16:00:00+00:00,496.41,497.15,494.0,495.145,50060.0,,,503.8303088199967,504.3604671752643,504.86750358809365,507.205694319097,509.58189489143365,514.1516329074788,516.8774964870662,,,,503.46873045590223,504.3591008923733,504.91804190787116,508.82403870244354,511.4669311611284,516.6048643658091,516.0129523972068,515.4244999409359,513.9956984804126,513.1337043099487,509.4377867598252,505.9520637659803,502.0184236395337,500.0712187884968,497.03172403730497,492.82637026411163,487.32990910283223,480.89046235163835,468.1058022583075,,513.1337043099487,480.89046235163835,509.58189489143365,508.696428312633,502.7301222937928,"rgba(239, 83, 80, 1.0)",3.0578233617523494,510.65665347191714,-5.07277616684434,35.870575040236766,-5.304270584388931,False,True,False,True,False,0.0,0.0,0.0,0.0,0.0,0,0.9192679033988336,1.032182945655303,False,False,False,False,-0.34282825441539394,-0.3211124755026996,False,False,False,False,2793892.0,2581334.4153623288,False,False,False,False,56978.17586288416,False,False,False,False
2025-09-05 17:00:00+00:00,495.155,495.345,492.32,493.5,66238.0,,,503.02706376883566,503.8841318457984,504.66072736960916,507.0463844758782,509.4210033330002,513.9972799213915,516.7293463924324,,,,502.891360022524,504.07779487659593,504.72988753748496,508.66413677762705,511.3098988350535,516.4683963288419,515.8918172943155,515.3173259590128,513.9062017087883,513.0522796368665,509.38359455411376,505.9143608714277,501.9952868834423,500.0542797297863,497.02349193197574,492.8284167758726,487.3433213646591,480.915790304947,468.1504089628402,,513.0522796368665,480.915790304947,509.4210033330002,508.3951338724208,502.6272658082197,"rgba(239, 83, 80, 1.0)",3.3430537746957265,510.4323663852115,-5.064939880230496,31.6818665662133,-8.953007115591362,False,True,False,True,False,0.0,0.0,0.0,0.0,0.0,0,0.9183534436452729,1.0350718599745843,False,False,False,False,-0.34282825441539394,-0.33197036495904675,False,False,False,False,2727654.0,2583602.9360543857,False,False,False,False,57121.739027800686,False,False,False,False
2025-09-05 18:00:00+00:00,493.56,494.74,492.075,493.13,116695.0,,,501.83442106254546,503.111395274941,504.30164183650356,506.7663990219514,509.1382136535098,513.7256057703285,516.4683702316244,,,493.31500000000005,501.9864271788107,503.5986841450408,504.4016544085849,508.38306893327467,511.03366139965703,516.2276637594293,515.6777232332352,515.1275572711403,513.747299646961,512.9074959267228,509.2865694492305,505.8463034610363,501.95284987233225,500.0227537690586,497.0073141462412,492.8303684357746,487.3653161968089,480.9587601752674,468.227374396564,493.31500000000005,512.9074959267228,480.9587601752674,509.1382136535098,507.90657812162914,501.99519229025856,"rgba(239, 83, 80, 1.0)",3.6191958541363154,508.9923148614853,-4.382828534508993,28.709854178900315,-11.656841273495402,False,True,False,True,False,0.0,1.0,494.74,492.075,0.0,0,0.9215339927775166,1.029230125085048,True,False,False,False,-0.34282825441539394,-0.3373993096872203,False,False,False,False,2610959.0,2584027.0610767985,True,False,False,False,58045.35547698207,False,False,False,False
2025-09-05 19:00:00+00:00,493.18,495.07,492.235,494.9,125756.0,,,500.9268041259308,502.4509339485997,503.96412715422747,506.4933783205014,508.8583661889496,513.4512304378273,516.2025068188948,,,493.70574364167055,501.25461965645826,503.16242300083167,504.0910742228407,508.10605582142097,510.7575742616003,515.9821283080666,515.4591257080431,514.9336219898947,513.5849954131546,512.7597379914732,509.1881841522096,505.77813977179653,501.9115279830628,499.99288708842465,496.9935623925088,492.83569636763605,487.3918164876088,481.00753729505175,468.31226544008666,493.70574364167055,512.7597379914732,481.00753729505175,508.8583661889496,507.4781924278473,501.860435849692,"rgba(239, 83, 80, 1.0)",3.8017852112868917,508.6787394219279,-3.624281398386487,29.57651968770786,-11.656841273495402,False,True,False,True,False,0.0,0.0,0.0,0.0,0.0,0,0.9226505582053574,1.030806121914147,False,False,False,False,-0.3379623129922003,-0.3376808113397103,False,False,False,False,2736715.0,2586394.315943825,False,False,False,False,59095.13291144746,False,False,False,False
2025-09-08 14:00:00+00:00,498.88,500.885,498.32,500.16,56356.0,,,500.87014580146877,502.3665494543583,503.9033059523258,506.4293891348017,508.7835091447299,513.3662991006124,516.1156634901752,,,494.85294040969586,501.19630450180256,503.09459847434493,504.03388952116865,508.03454317944926,510.67815676444326,515.9021142177912,515.3884059444034,514.8713755020369,513.5341899026163,512.714305778603,509.16102964823006,505.7626451147508,501.90655304644633,499.99242832239827,496.999410418466,492.8490800160323,487.4137406327653,481.03880021252144,468.35853616142816,494.85294040969586,512.714305778603,481.03880021252144,508.7835091447299,507.4049802969247,501.88915238846965,"rgba(239, 83, 80, 0.75)",3.8332295324720125,508.6685051356455,-2.21967014069163,36.33617041850834,-11.656841273495402,False,True,False,True,True,0.0,0.0,0.0,0.0,0.0,0,0.9374178348757602,1.0162573053744133,False,False,False,False,-0.22385015976497102,-0.28076548555234065,False,False,False,False,2793071.0,2589598.6056191144,False,False,False,False,59052.66573452579,False,False,False,False
2025-09-08 15:00:00+00:00,500.165,501.195,499.43,500.42,46670.0,,,500.84949132759886,502.3149350779941,503.860937480395,506.381706230923,508.726248345522,513.2996282497617,516.046881526035,,,495.5953052784025,501.16926689189586,503.0496308229051,503.9937676129956,507.9802047500278,510.61659174079955,515.8387304535537,515.3324073155877,514.822112951518,513.494101348107,512.6785418725868,509.13999720965944,505.7510711883592,501.90353530394714,499.9930881183854,497.0052035574624,492.86101574259794,487.4326570022076,481.06538215109646,468.39743230521884,495.5953052784025,512.6785418725868,481.06538215109646,508.726248345522,507.35426117688996,501.90600218086576,"rgba(239, 83, 80, 0.75)",3.865770498816054,508.6566154589144,-2.1306529866263344,41.089843507762026,-18.85460818947761,False,True,False,True,True,0.0,0.0,0.0,0.0,0.0,0,0.9386807222628125,1.014964513098842,False,False,False,False,-0.21066076299534547,-0.24571312427384306,False,False,False,False,2839741.0,2593476.7822761824,False,False,False,False,58860.68642081221,False,False,False,False
2025-09-08 16:00:00+00:00,500.405,500.41,496.84,498.685,28583.0,,,500.79731476336804,502.2583395909823,503.8231410811226,506.3447294431433,508.6845089891589,513.253805874361,516.0005129377341,,,495.8283412197687,501.12091724084485,503.00589838211147,503.95834208522166,507.93995970993626,510.5730525148915,515.7959249504305,515.2944411158463,514.7885755790215,513.4665035571539,512.6537285227824,509.12467932389137,505.7417800525319,501.8996749145882,499.99155924668435,497.0069389945643,492.86664828951666,487.44269073650133,481.08019123900027,468.41994006335517,495.8283412197687,512.6537285227824,481.08019123900027,508.6845089891589,507.30890752569576,501.89998938693213,"rgba(239, 83, 80, 0.75)",3.9263152521704705,508.6281564325703,-2.5324396524384256,42.57330728541313,-17.264922168858625,False,True,False,True,True,0.0,0.0,0.0,0.0,0.0,0,0.9254081074748111,1.0240308261084643,False,False,False,False,-0.2421359798887253,-0.24392455208128416,False,False,False,False,2811158.0,2596851.684876552,False,False,False,False,58391.26492591589,False,False,False,False
2025-09-08 17:00:00+00:00,498.655,498.71,496.445,497.91,32300.0,,,500.7163274806732,502.1800630283554,503.7733132580463,506.2982280858058,508.63330065870673,513.1989998918627,515.9455390200609,,,495.9761848689175,501.04819386413817,502.94689782387997,503.91176341056513,507.89025868202185,510.5203152917124,515.7451248245902,515.2492917982717,514.7486079167796,513.4334350695028,512.6238860973957,509.1058479161444,505.72989846280956,501.89404446813614,499.98861124462064,497.00775293586753,492.87194850600054,487.45304123283046,481.0959863039635,468.4445307320703,495.9761848689175,512.6238860973957,481.0959863039635,508.63330065870673,507.2493959176444,501.88428107251104,"rgba(239, 83, 80, 0.75)",3.9938730237323234,508.58430970450115,-2.6726712744928114,42.83632896517746,-16.56669124340042,False,True,False,True,True,0.0,0.0,0.0,0.0,0.0,0,0.927856259358115,1.0242432133324657,False,False,False,False,-0.26190952758027203,-0.25291703983077807,False,False,False,False,2778858.0,2599673.4882117994,False,False,False,False,57986.74919063038,False,False,False,False
2025-09-08 18:00:00+00:00,497.87,498.575,496.445,498.12,38423.0,,,500.62606889856784,502.0908694801824,503.715323012311,506.2437168766668,508.5731403847103,513.134409326816,515.8806611699142,,,496.12625008150036,500.9662135287608,502.8787212767066,503.8574673391143,507.8319033571705,510.4582614832276,515.6851478199809,515.1959603625761,514.7013756741185,513.3943401441563,512.5886003398737,509.08357618423275,505.71585389726084,501.8874059505075,499.9851522196339,497.0087541181195,492.878270958853,487.46535664215475,481.11476475431124,468.4737541711445,496.12625008150036,512.5886003398737,481.11476475431124,508.5731403847103,507.1805984498813,501.8648565151701,"rgba(239, 83, 80, 0.5)",4.0536276623775285,508.53217462409947,-2.5686065646178586,43.28294787251019,-15.51007950121376,False,False,False,True,True,0.0,0.0,0.0,0.0,0.0,0,0.9254359747381555,1.0246510902617152,False,False,False,False,-0.26319045586138723,-0.25805374784608265,False,False,False,False,2817281.0,2603047.2480844846,False,False,False,False,57683.43524969037,False,False,False,False
2025-09-08 19:00:00+00:00,498.15,498.38,496.31,498.24,85027.0,,,500.44005361110965,501.9026563442273,503.58940737674067,506.12454485139466,508.4414955272632,512.9927333648272,515.7381734053763,,,496.3697204532442,500.79477558330325,502.73202826556525,503.7393006902401,507.7042398993313,510.32231387726256,515.5533200984966,515.0786197265511,514.5973530754975,513.3081305899104,512.510741745542,509.03429734581,505.6846783371541,501.8725450214522,499.9773002334527,497.0107404714733,492.8920017928259,487.49231938910447,481.15599483648504,468.53806196425506,496.3697204532442,512.510741745542,481.15599483648504,508.4414955272632,507.032723497277,501.81842416984784,"rgba(239, 83, 80, 0.5)",4.115001386923402,508.41514929199104,-2.472696442904124,43.75100347576244,-14.346712949031271,False,False,False,True,True,0.0,0.0,0.0,0.0,0.0,0,0.9247264257738805,1.0285480072345912,False,False,False,False,-0.2663251807419232,-0.2621894642940029,False,False,False,False,2902308.0,2607686.94966457,False,False,False,False,58107.36648612927,False,False,False,False
2025-09-09 14:00:00+00:00,500.97,502.245,498.865,499.74,52424.0,,,500.4342506937661,501.8614796932602,503.547670784756,506.075063887799,508.3813582432034,512.9214692481906,515.6640821172324,,,496.7220998086679,500.7790081000033,502.69044391760946,503.69925137947746,507.6473491856067,510.2570779363971,515.4848365324149,515.0178878609548,514.5437359414258,513.264325128978,512.4715929975897,509.01111792731734,505.6718477228345,501.8691214325667,499.97793158469676,497.0170442157586,492.9051103050578,487.51317736610014,481.18536723238094,468.58115388586356,496.7220998086679,512.4715929975897,481.18536723238094,508.3813582432034,506.9836249526011,501.8154740230851,"rgba(239, 83, 80, 0.5)",4.146642788374898,508.38321338981615,-2.0843882222137307,46.165498196414035,-11.40476003613773,False,False,False,True,True,0.0,0.0,0.0,0.0,0.0,0,0.9286546678751784,1.0195519875695978,False,False,False,False,-0.20617265000934212,-0.23418105715167253,False,False,False,False,2954732.0,2613067.493080623,False,False,False,False,58019.252277042,False,False,False,False
2025-09-09 15:00:00+00:00,499.89,500.23,498.635,499.43,32303.0,,,500.41188629189264,501.82399524994804,503.5159000207967,506.04056722090775,508.3408909580119,512.8750213340522,515.6162722593183,,,496.8645275847236,500.75389019797956,502.6566964148798,503.66899408165614,507.6087219122443,510.21390427130376,515.4405957611297,514.9785645846001,514.5089360905737,513.2357178503429,512.4459177085724,508.995508329322,505.66272719014,501.8658901643403,499.97723805202435,497.0199067677337,492.9122347851117,487.5251410509675,481.20261613938504,468.6069366099874,496.8645275847236,512.4459177085724,481.20261613938504,508.3408909580119,506.9463619049897,501.80723327735086,#000000,4.179233957130855,508.3547837573893,-2.13550709267217,47.336142628927135,-9.710796474539023,True,False,False,False,True,0.0,0.0,0.0,0.0,0.0,0,0.9306821427644054,1.0233569629456523,False,False,False,False,-0.22701941873725962,-0.23060023794446607,False,False,False,False,2922429.0,2617863.7955134814,False,False,False,False,57620.550691351425,False,False,False,False
2025-09-09 16:00:00+00:00,499.46,499.64,496.775,498.855,29147.0,,,500.37265159858737,501.7773089862617,503.4806771024161,506.00504458711976,508.3005929597184,512.8302620601241,515.5707018647465,,,496.9351127028168,500.7153359872835,502.61750560542515,503.6356491589142,507.56991934759964,510.1716276438593,515.398384921111,514.940962875505,514.4755826724856,513.2081287705319,512.421049277732,508.97998701962035,505.65319255983286,501.86177725255953,499.9754600109786,497.02140638535155,492.9176576740374,487.53500284781154,481.2172925122074,468.62940361628966,496.9351127028168,512.421049277732,481.2172925122074,508.3005929597184,506.9053198798534,501.79402194209763,"rgba(239, 83, 80, 0.5)",4.223465457232443,508.3208731355936,-2.241257382461559,47.269772520599666,-9.167001786945804,True,False,False,True,True,0.0,0.0,0.0,0.0,0.0,0,0.9216515504430769,1.0318286509909047,False,False,False,False,-0.24999402587168332,-0.2402971319080747,False,False,False,False,2893282.0,2622133.845195443,False,False,False,False,57179.100293035895,False,False,False,False
2025-09-09 17:00:00+00:00,498.86,499.6,497.205,498.92,40357.0,,,500.32484823046457,501.7175729985095,503.43414279153114,505.95737635303794,508.24618238303697,512.7693916463753,515.5085569102985,,,497.0318626515076,500.66740861422625,502.56634414828596,503.59149668336414,507.5176132451515,510.1143386188818,515.340803327537,514.8896560352446,514.4300633276158,513.170488227618,512.3871331633276,508.95887894349795,505.6403083500377,501.8563491788411,499.9732447463815,497.0237015361072,492.9253549792398,487.5488178755442,481.23775096104646,468.6606137162806,497.0318626515076,512.3871331633276,481.23775096104646,508.24618238303697,506.85115304475056,501.7766114164868,"rgba(239, 83, 80, 0.5)",4.209415443781429,508.27577654360783,-2.2225833179352987,47.339381776924114,-8.45637701456274,True,False,False,True,True,0.0,0.0,0.0,0.0,0.0,0,0.9205395334190574,1.0386149526333748,False,False,False,False,-0.24632009173081687,-0.2433086118194458,False,False,False,False,2933639.0,2626963.382479234,False,False,False,False,56918.29253655471,False,False,False,False
2025-09-09 18:00:00+00:00,498.92,499.44,496.725,499.01,91423.0,,,500.21500892864725,501.5827251050948,503.3280658012655,505.8489942784759,508.1228521411405,512.6316462766108,515.3679373759749,,,497.192176170224,500.55754056031236,502.44999165604247,503.49071660592233,507.39895828343856,509.9845998877887,515.2103965726415,514.7733163363862,514.3267222136004,513.0848689154278,512.3099005125173,508.9105382523116,505.6105409102136,501.8434353880285,499.96759760488595,497.0282643673354,492.94215155306506,487.5794680821889,481.28343054777235,468.7306438426324,497.192176170224,512.3099005125173,481.28343054777235,508.1228521411405,506.7281757010299,501.7337629131368,"rgba(239, 83, 80, 0.5)",4.228346632338758,508.17041091148866,-2.166428561326798,47.560238790740335,-7.615525420191155,True,False,False,True,True,0.0,0.0,0.0,0.0,0.0,0,0.9106540042820933,1.0412052908801936,False,False,False,False,-0.2523525882340292,-0.24783060002673749,False,False,False,False,3025062.0,2633135.454068703,False,False,False,False,57453.24924141433,False,False,False,False
2025-09-09 19:00:00+00:00,499.01,499.015,496.685,498.38,84565.0,,,500.10574157120044,501.4541820122588,503.2268767755443,505.7466974884084,508.00731325948414,512.5033567217363,515.2371550165886,,,497.27423001821245,500.4493521739197,502.3388229780841,503.39448482546845,507.28758089557164,509.8634254491703,515.0889667759735,514.6647896778396,514.230149209966,513.0046052186492,512.237362759429,508.86467791904,505.5818420540457,501.8303216469588,499.96120833393707,497.0313352433194,492.95656203212843,487.60671334264276,481.3245706205951,468.7943341397183,497.27423001821245,512.237362759429,481.3245706205951,508.00731325948414,506.61161754931726,501.68926676573346,"rgba(239, 83, 80, 0.5)",4.265689722750372,508.06749814639244,-2.2710273779936982,46.5432493889996,-7.615525420191155,True,False,False,True,True,0.0,0.0,0.0,0.0,0.0,0,0.9181278017984565,1.0418844001167145,False,False,False,False,-0.2567468595878416,-0.25228872980728956,False,False,False,False,2940497.0,2637900.74935446,False,False,False,False,57873.58646247767,False,False,False,False
2025-09-10 14:00:00+00:00,500.505,502.93,499.805,499.805,101211.0,,,500.14752258200275,501.42898898515216,503.17371668733614,505.67118530009196,507.9105629823031,512.3820846652555,515.1084254228556,,,497.6503794560498,500.4686901923483,502.2952503024145,503.34188913081306,507.1972570541926,509.75537988685966,514.9695219337668,514.5584392696048,514.1359159607986,512.927535942458,512.1685461702565,508.82444580359225,505.56049273236425,501.82629328579856,499.9646832052606,497.04532886833937,492.9832354109679,487.6479099261878,481.3818124982669,468.8775167912205,497.6503794560498,512.1685461702565,481.3818124982669,507.9105629823031,506.5460695178568,501.679026191078,#000000,4.2583156082877665,508.0127436827646,-1.9274625081312062,48.75495374381052,-5.631545278455015,True,False,False,False,True,0.0,0.0,0.0,0.0,0.0,1,0.9257547954428443,1.0205415253006647,False,False,False,False,-0.19119359422720572,-0.22174116201724764,False,False,False,False,3041708.0,2644161.326883848,False,False,False,False,58545.484346780344,False,False,False,False
2025-09-10 15:00:00+00:00,499.77,502.185,497.88,500.7,90666.0,,,500.1526907461083,501.38693927836863,503.116466643273,505.59743325131046,507.819010767234,512.2701073913815,514.9903444564256,,,497.8748772022721,500.45976239145784,502.2432404578078,503.2858409332344,507.1111278310667,509.6544831326356,514.8597984529845,514.4604985418425,514.0489119609475,512.8559805418927,512.1044168559056,508.7860991089735,505.539150495792,501.82054988326894,499.96570023912165,497.0558400286554,493.0051906715188,487.6829526209957,481.4312561082033,468.95029468454,497.8748772022721,512.1044168559056,481.4312561082033,507.819010767234,506.476141790586,501.6597986071558,"rgba(38, 166, 154, 1.0)",4.239530307144019,507.95016980487287,-1.710135151683111,51.78097141679224,-2.5489017134185445,True,False,True,False,True,0.0,0.0,0.0,0.0,0.0,1,0.9237022810387018,1.0201136572916947,False,False,False,False,-0.21585335008734893,-0.21879725605229827,False,False,False,False,3132374.0,2651730.515614331,False,False,False,False,59043.47683752793,False,False,False,False
2025-09-10 16:00:00+00:00,500.69,501.7,498.075,499.49,60779.0,,,500.14027150510844,501.34867377161544,503.07284033527617,505.54458421831214,507.7548773845056,512.1931168792519,514.9095825890464,,,497.97757651386803,500.44056175683124,502.20143387398286,503.24338154871833,507.05045263670854,509.5845026613476,514.7846687067791,514.3933057388307,513.9891038180219,512.806577806439,512.0600144230891,508.7590891404148,505.5235946609445,501.8155010162994,499.9652065896541,497.0617525874107,493.01882460796975,487.70540509393436,481.46337985435696,468.9981172406895,497.97757651386803,512.0600144230891,481.46337985435696,507.7548773845056,506.42342095473083,501.64212251381457,#000000,4.240742436694535,507.90164036065414,-1.9835301214875531,51.266349160204086,-2.5489017134185445,True,False,False,False,True,0.0,0.0,0.0,0.0,0.0,1,0.9192107173497,1.0334983171649184,False,False,False,False,-0.2185468632262343,-0.21867205963926628,False,False,False,False,3071595.0,2658240.042504031,False,False,False,False,59070.38417338021,False,False,False,False
2025-09-10 17:00:00+00:00,499.56,501.88,498.39,500.7,39557.0,,,500.1439180272642,501.3332616013216,503.049810474474,505.5140252746458,507.7166090336449,512.1457821532572,514.8594324953839,,,498.0581074288213,500.4385193492361,502.1811188331443,503.22070538389437,507.014532690718,509.5420889338843,514.7380058242235,514.351588413406,513.9519903043723,512.7760159373622,512.0326138074228,508.7427008845237,505.51450831631746,501.81313097823846,499.9657518431658,497.0663958800996,493.02841463901984,487.72066021712857,481.4848743442715,469.0297357228603,498.0581074288213,512.0326138074228,481.4848743442715,507.7166090336449,506.39469129428454,501.6335729866055,"rgba(38, 166, 154, 1.0)",4.226344047634614,507.8749588080747,-1.6976750418817397,53.05871816313004,-1.0244397094214648,True,False,True,False,True,0.0,0.0,0.0,0.0,0.0,1,0.9147393127455893,1.0359054827395242,False,False,False,False,-0.21395117616974524,-0.21631161790450576,False,False,False,False,3111152.0,2665261.933317922,False,False,False,False,58767.85108542083,False,False,False,False
2025-09-10 18:00:00+00:00,500.815,502.19,500.01,501.61,28682.0,,,500.1599508268252,501.3325795543834,503.03906645677523,505.4960907989881,507.6926284596436,512.1144255001269,514.8256389160312,,,498.13611710829815,500.44889214396795,502.17402849308417,503.20978296551834,506.9923778231546,509.51471090779717,514.7065690744182,514.3235252187797,513.9270663418022,512.7556270639287,512.0144258338865,508.73218947169374,505.50913765656065,501.81250619628355,499.9671900748767,497.0707305671695,493.03625277178645,487.73252750117797,481.50121060608535,469.0533140988859,498.13611710829815,512.0144258338865,481.50121060608535,507.6926284596436,506.3800543589676,501.63090909595775,"rgba(38, 166, 154, 1.0)",4.206418044575849,507.8612588756987,-1.4861240156003142,55.67316633795862,1.5486848346308761,True,False,True,False,True,0.0,0.0,0.0,0.0,0.0,1,0.9154285412150374,1.0385184793528266,False,False,False,False,-0.19611549051025717,-0.20621355420738147,False,False,False,False,3139834.0,2672619.6397781093,False,False,False,False,58301.40378177089,False,False,False,False
2025-09-10 19:00:00+00:00,501.69,502.41,498.14,500.31,58588.0,,,500.16353194883743,501.3100419247811,503.0055404944741,505.4515080389557,507.63677868294883,512.0451753550204,514.7521595584202,,,498.2377671104972,500.44486095029265,502.1444962016588,503.1767282469923,506.93996342669533,509.4527426009375,514.638141661095,514.2622835725648,513.8725262284879,512.710656473813,511.9740813418785,508.70799237830573,505.4956742647982,501.8089292475396,499.96790808366086,497.07749028814334,493.0503106902054,487.75494788718635,481.5328408827689,469.09990325494374,498.2377671104972,511.9740813418785,481.5328408827689,507.63677868294883,506.33781942906256,501.6175122396233,"rgba(38, 166, 154, 1.0)",4.198166885459151,507.8212677747334,-1.7891779864086854,54.648408380024605,1.5486848346308761,True,False,True,False,True,0.0,0.0,0.0,0.0,0.0,1,0.9080373585898448,1.0388450407787426,False,False,False,False,-0.21135554398406475,-0.2087845490957231,False,False,False,False,3081246.0,2678954.93218465,False,False,False,False,58305.8471339915,False,False,False,False
2025-09-11 14:00:00+00:00,500.25,503.745,499.96,500.855,67857.0,,,500.2065247831423,501.3151543325724,502.98487450803356,505.4129212328553,507.58381575897795,511.97428315271446,514.6751555005544,,,498.40812641776466,500.474938498736,502.1333799709506,503.1553105100975,506.89133680320253,509.3915210110577,514.566437276118,514.1982185256886,513.815585354143,512.6641054180559,511.93259414084685,508.6842189674887,505.48383893325115,501.8081468926916,499.9719377132592,497.08827925174836,493.06928812450843,487.7833612480153,481.5717429058389,469.1558167800351,498.40812641776466,511.93259414084685,481.5717429058389,507.58381575897795,506.30753275269296,501.61240923717486,"rgba(38, 166, 154, 1.0)",4.199255192428627,507.7917349784287,-1.651896505584082,54.91983410694439,1.5486848346308761,True,False,True,False,True,0.0,0.0,0.0,0.0,0.0,1,0.9108579528303127,1.0387043429186413,False,False,False,False,-0.1822928975472921,-0.19553872332150762,False,False,False,False,3149103.0,2686244.04951512,False,False,False,False,58453.927023386976,False,False,False,False
2025-09-11 15:00:00+00:00,500.74,502.94,500.725,502.005,42643.0,,,500.23940095130325,501.32381800561745,502.97538576118245,505.3913256334369,507.5530016954828,511.93177885196684,514.6285693705722,,,498.51810879952666,500.49938616674035,502.1306876020491,503.14511383656674,506.86329698152144,509.35531485116366,514.5230427988525,514.159452421528,513.7811388706568,512.6360139480643,511.9076110870598,508.67012689707326,505.47712820538237,501.80828593986234,499.9750620331643,497.0955963524548,493.0816908080621,487.8016362905617,481.5965645066912,469.1912562102132,498.51810879952666,511.9076110870598,481.5965645066912,507.5530016954828,506.29189718136604,501.61082573035975,"rgba(38, 166, 154, 1.0)",4.196839181703863,507.7760009575779,-1.3750827009852042,56.96289031869933,3.0888493282694114,True,False,True,False,True,0.0,0.0,0.0,0.0,0.0,1,0.9141412811668996,1.040586082514942,False,False,False,False,-0.18265936307362365,-0.18909904319756565,False,False,False,False,3191746.0,2694081.289057521,False,False,False,False,58208.796371861594,False,False,False,False
2025-09-11 16:00:00+00:00,502.005,503.195,500.85,501.115,42520.0,,,500.26768111736374,501.32968361422974,502.96463026675787,505.3690215559969,507.5216943738119,511.88904093555135,514.581839003326,,,498.61587632935294,500.5200574801687,502.12620693605766,503.13375377507367,506.8347042807184,509.3187452247305,514.4794899998815,514.1205082963282,513.7465010955175,512.6077081618533,511.88240290503705,508.65578269981995,505.4701458061386,501.80813665044167,499.9778915578049,497.10261226204227,493.09378502652766,487.81959222033186,481.62104737340877,469.2263337755305,498.61587632935294,511.88240290503705,481.62104737340877,507.5216943738119,506.274798695291,501.6080640928382,"rgba(38, 166, 154, 1.0)",4.200091566994561,507.75867600077197,-1.5817931335068354,56.32141838207221,3.0888493282694114,True,False,True,False,True,0.0,0.0,0.0,0.0,0.0,1,0.9096236403381709,1.0431141194132059,False,False,False,False,-0.1699721084939983,-0.17953557584578198,False,False,False,False,3149226.0,2701137.7962039164,False,False,False,False,57965.559218809474,False,False,False,False
2025-09-11 17:00:00+00:00,501.135,502.42,498.085,500.055,42354.0,,,500.266168521437,501.31307191011473,502.94112363792874,505.3378492109681,507.48268750810354,511.8404583781605,514.530116934309,,,498.6622418621874,500.5145267871319,502.1053554652202,503.110537609029,506.79809341949885,509.27538441671055,514.431222704087,514.0771910831899,513.7078219698706,512.5757081584782,511.853646883076,508.6384074578972,505.4603831808614,501.805410080273,499.978228234041,497.10726593258465,493.1036629966401,487.8354641648091,481.6435195305557,469.25955401072906,498.6622418621874,511.853646883076,481.6435195305557,507.48268750810354,506.24449658586025,501.59718129734347,"rgba(38, 166, 154, 0.75)",4.213890158777035,507.7289180946157,-1.8211006470189666,53.755646842804374,3.0888493282694114,True,False,True,False,False,0.0,0.0,0.0,0.0,0.0,1,0.9098028909329827,1.04149802890933,False,False,False,False,-0.19558756002684424,-0.18756156793631312,False,False,False,False,3106872.0,2707428.2489759484,False,False,False,False,57723.51954099847,False,False,False,False
2025-09-11 18:00:00+00:00,500.07,501.2,498.445,500.95,47698.0,,,500.2647715606736,501.2951208641671,502.91523297725473,505.30326815405374,507.4393221526692,511.78628091722163,514.4723590557954,,,498.7116613156489,500.5087278853472,502.0825429668449,503.0849288111494,506.75741488999125,509.2271049866989,514.3772983180332,514.0287703592353,513.6645632142403,512.5399011464351,511.8214636193589,508.61895195271813,505.4494560905903,501.80237249506445,499.9786272420189,497.1125097846259,493.11477269705443,487.8533068791411,481.66877794345095,469.296894630151,498.7116613156489,511.8214636193589,481.66877794345095,507.4393221526692,506.2109079545479,501.5850023613899,"rgba(38, 166, 154, 0.75)",4.219751079286414,507.6957321557412,-1.5986090243223463,53.75199199265539,3.0888493282694114,True,False,True,False,False,0.0,0.0,0.0,0.0,0.0,1,0.9175922135206876,1.0407680828303907,False,False,False,False,-0.19890475960061435,-0.19323316376846372,False,False,False,False,3154570.0,2714360.679224383,False,False,False,False,57568.085129510124,False,False,False,False
2025-09-11 19:00:00+00:00,500.66,501.71,498.995,500.75,52381.0,,,500.26964195243175,501.28104331529755,502.89029890595907,505.26792678255197,507.39415213831137,511.72881982434757,514.4107275892204,,,498.7721768672249,500.50825943278954,502.0618284324562,503.0600615141479,506.7152437104827,509.1763384388472,514.3197362173851,513.9770775660998,513.6183798852436,512.5017243699587,511.78719138682544,508.5984132285179,505.43816058701015,501.7996436836237,499.9796333201187,497.11878108966704,493.12742525766026,487.8732957858737,481.69686503339796,469.3381771038206,498.7721768672249,511.78719138682544,481.69686503339796,507.39415213831137,506.1775157868742,501.5734206455575,"rgba(38, 166, 154, 0.75)",4.220406141589656,507.6623266947321,-1.63783447915477,53.31164470700172,3.0888493282694114,True,False,True,False,False,0.0,0.0,0.0,0.0,0.0,1,0.9226611336513935,1.0313743111263827,False,False,False,False,-0.18744308438783205,-0.19033812407814787,False,False,False,False,3102189.0,2720373.521406951,False,False,False,False,57487.6652050216,False,False,False,False
2025-09-12 14:00:00+00:00,507.96,510.305,505.72,509.07,68582.0,,,500.4974486261744,501.43862991325636,502.96286719841845,505.29738655756546,507.4023387702521,511.70657475554157,514.3760496362115,,,499.18245171173646,500.7062305954654,502.16705054555,503.12567286826777,506.72963934712305,509.17021619705963,514.2876061417968,513.9491723370717,513.5943876113018,512.484642653506,511.7736989682137,508.5976440976177,505.4468537403384,501.8174012461915,500.00138994375044,497.14609563865025,493.16159759583206,487.9156642812165,481.74888323926854,469.40569583493794,499.18245171173646,511.7736989682137,481.74888323926854,507.4023387702521,506.24018506534577,501.62059972974475,"rgba(38, 166, 154, 1.0)",4.252044148572433,507.7163129329163,0.31836147974572787,61.47866385878168,7.467046138529682,True,False,True,False,True,5.20058328245111,0.0,0.0,0.0,0.0,0,0.9295641351414421,1.0135348873389172,False,False,False,False,-0.0256627489010217,-0.1080004364895848,False,False,False,False,3170771.0,2727356.428051804,False,False,False,False,57659.67039564142,False,False,False,False
2025-09-12 15:00:00+00:00,509.04,511.86,508.56,511.25,79441.0,,,500.8149888168202,501.66767986300255,503.0776991367635,505.35470307803524,507.4328510067123,511.6978332821058,514.3508405752345,,,499.7193414639121,500.98558473505113,502.3262006303159,503.2306276982811,506.7679341278984,509.1822296492709,514.2644324053792,513.9297445714869,513.5784022074098,512.4754648495064,511.76816618929354,508.6050930344624,505.4643734298746,501.84469580151097,500.03301784281524,497.1837182751043,493.2066681445225,487.9697591774462,481.8138254363225,469.4879970534704,499.7193414639121,511.76816618929354,481.8138254363225,507.4328510067123,506.34237082266776,501.6918638361667,"rgba(38, 166, 154, 1.0)",4.327858730267976,507.80525497920746,0.7959467338203168,67.92848259664302,13.074766818430263,True,False,True,False,True,7.467435877658012,0.0,0.0,0.0,0.0,0,0.9459273313234222,1.0055489136084834,False,False,False,False,0.02013769571421402,-0.04393137038768539,False,False,False,False,3250212.0,2735462.7159889853,False,False,False,False,57997.36542826713,False,False,False,False
2025-09-12 16:00:00+00:00,511.2,513.225,510.71,512.3,54891.0,,,501.05541811395943,501.8452989913232,503.1707711004347,505.404955347569,507.4636943449138,511.6998214701101,514.3405236793784,,,500.1097008748402,501.1987749955039,502.4523732962527,503.31613926021225,506.8043985404548,509.1994658514827,514.2550903111215,513.9224475348769,513.5729676132559,512.474162877027,511.7691374400482,508.61419440078447,505.48000532908645,501.86673274478716,500.0579051037239,497.21253513325803,493.24039349980967,488.0094940869516,481.8608940310759,469.54677223021724,500.1097008748402,511.7691374400482,481.8608940310759,507.4636943449138,506.42578329252694,501.7481792577384,"rgba(38, 166, 154, 1.0)",4.449623571482806,507.87799070181336,0.9937940203586685,72.66670284435651,16.994370915406023,True,False,True,False,True,8.528432826419174,0.0,0.0,0.0,0.0,0,0.9463509763886707,1.0126825820637666,False,False,False,False,0.056819294414199764,0.006443962013257188,False,False,False,False,3305103.0,2744294.3482992332,False,False,False,False,57949.204723952906,False,False,False,False
2025-09-12 17:00:00+00:00,512.33,513.135,511.18,511.85,66134.0,,,501.33121649007956,502.05094090670156,503.2800941851292,505.4643034479175,507.50013030097745,511.7020434881302,514.32809044458,,,500.54760814731736,501.44446590236487,502.5997611950241,503.41672693082603,506.84748061372534,509.21979576223123,514.2438207178072,513.9136216497733,513.5663705519211,512.4725137206028,511.77021187740297,508.62502335641574,505.4986748991601,501.8930972730465,500.08769568000764,497.2470523574691,493.28081672974,488.0571477977639,481.9173656740495,469.6173321425177,500.54760814731736,511.77021187740297,481.9173656740495,507.50013030097745,506.52240275193077,501.81332914895836,"rgba(38, 166, 154, 1.0)",4.5554345843420565,507.9616042649544,0.8535729496392732,74.94899103900863,18.751409231278814,True,False,True,False,True,7.9584540501028975,0.0,0.0,0.0,0.0,0,0.9475466201230954,1.0099736223934073,False,False,False,False,0.060792277658862984,0.033618119836060084,False,False,False,False,3238969.0,2751963.7227442064,False,False,False,False,58076.10077474434,False,False,False,False
2025-09-12 18:00:00+00:00,511.845,513.065,510.69,512.17,56298.0,,,501.55365374611785,502.2182319814021,503.3702304499462,505.5133932139885,507.53015775366833,511.70348944640926,514.3172437186018,,,500.89343167172933,501.6435064383572,502.7206774229022,503.4997711757539,506.8830470293727,509.23639338700144,514.2339704856162,513.9058533259595,513.5605047991731,512.4708529863345,511.7708650221255,508.6339744153192,505.5142915259808,501.9152575260757,500.1127704702824,497.2761515756695,493.3149452110144,488.0974307318076,481.9651450332102,469.6771005946924,500.89343167172933,511.7708650221255,481.9651450332102,507.53015775366833,506.60091433001907,501.8662970414189,"rgba(38, 166, 154, 1.0)",4.662534217922772,508.0290266377809,0.8881379028385877,76.64103337080417,20.18599067978522,True,False,True,False,True,8.288773892804073,0.0,0.0,0.0,0.0,0,0.9443562043029103,1.01075071211982,False,False,False,False,0.05493798784726046,0.04427805384166027,False,False,False,False,3295267.0,2760387.029368327,False,False,False,False,58048.53332087233,False,False,False,False
2025-09-12 19:00:00+00:00,512.15,512.47,509.89,509.95,88533.0,,,501.84690457476137,502.4390775728368,503.4889281236894,505.57499056880465,507.5639887935955,511.69577719822996,514.2917151486135,,,501.34210905370895,501.9069493861988,502.8806897715062,503.6090426252279,506.92498840363766,509.2507854637278,514.2104807765246,513.8862163738394,513.5444229009156,512.4619712011397,511.76587020478706,508.64291220776437,505.53414599756843,501.94575906722565,500.14800530370536,497.3179480682566,493.364914003424,488.15732194782834,482.0369706154147,469.76808277647126,501.34210905370895,511.76587020478706,482.0369706154147,507.5639887935955,506.7001974257902,501.9349793074436,"rgba(38, 166, 154, 0.75)",4.717397310737642,508.11244907918206,0.38952642734487025,73.41838455415564,20.18599067978522,True,False,True,False,False,5.481632174928283,0.0,0.0,0.0,0.0,0,0.9429283979786048,1.0118658528581745,False,False,False,False,0.0403700091568543,0.042324031499257286,False,False,False,False,3206734.0,2767307.1374401357,False,False,False,False,58521.160711246404,False,False,False,False
2025-09-15 14:00:00+00:00,510.33,512.67,510.31,512.45,70137.0,,,502.0918702106055,502.6269494618376,503.5933427144816,505.6323391448009,507.59882547118497,511.6965199320102,514.2776462414317,,,501.7057511421189,502.1283476019002,503.0191317959607,503.7055420230857,506.96639259526256,509.2696715241324,514.1976540198488,513.8759673195808,513.5365402327558,512.4592851704076,511.7660439866306,508.653375989579,505.5528719584822,501.97260435055756,500.1784706926699,497.35342217877104,493.4066505503903,488.20671624677414,482.09566836256187,469.8416955177929,501.7057511421189,511.7660439866306,482.09566836256187,507.59882547118497,506.7882133109075,501.99459016296316,"rgba(38, 166, 154, 0.75)",4.816105944477944,508.1867805633157,0.8852005096716052,73.1551817975984,20.18599067978522,True,False,True,False,False,8.073638420089505,0.0,0.0,0.0,0.0,0,0.9486056876898199,1.0068762408130536,False,False,False,False,0.0468421854201856,0.044583108459721445,False,False,False,False,3276871.0,2775207.3523635445,False,False,False,False,58701.25124285498,False,False,False,False
2025-09-15 15:00:00+00:00,512.64,514.25,512.18,513.01,44016.0,,,502.25985690970924,502.75766186333465,503.6679864177756,505.6754651629155,507.62724471884485,511.7024136187394,514.2736367967537,,,501.9498539390345,502.2807995210427,503.1167232747582,503.77474931983807,506.9990924541435,509.2875440791369,514.1941414450124,513.8737149594724,513.5354313937709,512.4610578178416,511.76944758969074,508.6626732912499,505.56706518193647,501.99165622405695,500.199696558779,497.3776463948583,493.43464232580436,488.23935899221965,482.13403911872825,469.8892284561178,501.9498539390345,511.76944758969074,482.13403911872825,507.62724471884485,506.8520379268675,502.0369281168746,"rgba(38, 166, 154, 0.75)",4.9255095423945265,508.24114812639834,0.9681946268818474,73.35714880510596,20.18599067978522,True,False,True,False,False,8.639187259507043,0.0,0.0,0.0,0.0,0,0.9523520645680299,1.0034420457093123,False,False,False,False,0.08294365084068685,0.06376337965020415,False,False,False,False,3320887.0,2783667.5019393032,False,False,False,False,58473.57292901226,False,False,False,False
2025-09-15 16:00:00+00:00,513.13,513.34,511.8,511.88,37884.0,,,502.3899915305547,502.8590552430728,503.72591502402463,505.7082236898527,507.6479317482293,511.7046361243835,514.2677547766223,,,502.13721357214723,502.3991813263071,503.19259003698727,503.8284502798885,507.0233041502942,509.2996073841669,514.1888231952211,513.8696489512481,513.532512268003,512.4607897160325,511.7706556376652,508.6692105719814,505.57794311201803,502.00681994739034,500.2167750410969,497.3973729198135,493.45768767927643,488.2664781362706,482.16613143322456,469.9292946103877,502.13721357214723,511.7706556376652,482.16613143322456,507.6479317482293,506.9005011623914,502.069524498471,"rgba(38, 166, 154, 0.75)",5.001990369605375,508.28196833852434,0.7193199897662979,71.38104201870227,20.18599067978522,True,False,True,False,False,7.208793795730742,0.0,0.0,0.0,0.0,0,0.9493640699523053,1.00775039745628,False,False,False,False,0.06942460553200269,0.06659399259110342,False,False,False,False,3283003.0,2791409.137568151,False,False,False,False,58154.35474406634,False,False,False,False
2025-09-15 17:00:00+00:00,511.88,512.795,509.865,512.67,37594.0,,,502.50872472912215,502.95171964428533,503.778930530047,505.73768019965524,507.6658384368592,511.70488442828673,514.2602576578781,,,502.30667339731957,502.5074313774741,503.26209119163985,503.8775954351288,507.0445916416967,509.30928383636797,514.181976836247,513.8641572004345,513.5282677725801,512.4592895116464,511.7706682410913,508.67468283745427,505.5878068770876,502.0210057662365,500.23289004281384,497.41616103062347,493.4798205333452,488.2927010851675,482.1973174356261,469.9684522405181,502.30667339731957,511.7706682410913,482.1973174356261,507.6658384368592,506.94400508944767,502.099143214525,"rgba(38, 166, 154, 0.75)",5.090012816136683,508.3182400327978,0.8549605127527241,70.75033956458472,20.18599067978522,True,False,True,False,False,8.02589379760649,0.0,0.0,0.0,0.0,0,0.9431530372747404,1.010210441170621,False,False,False,False,0.04350125182749946,0.05504762220930144,False,False,False,False,3320597.0,2799613.600551591,False,False,False,False,57835.589554235856,False,False,False,False
2025-09-15 18:00:00+00:00,512.63,513.74,512.415,513.225,32666.0,,,502.624157959839,503.0427676188713,503.83211347953386,505.76871424625983,507.68634064455176,511.70913041330505,514.2573009740854,,,502.4694660948627,502.61288898789513,503.3310055326306,503.92702189526807,507.0681674193707,509.32219755258757,514.1793806133396,513.8624795939166,513.5274259883236,512.4605587355227,511.77313420034204,508.68148471985774,505.598216223652,502.03499973499345,500.24848946136706,497.4339774469194,493.5004244948626,488.31674627489497,482.22559645801493,470.00351419585945,502.4694660948627,511.77313420034204,482.22559645801493,507.68634064455176,506.98864647663515,502.12885878122404,"rgba(38, 166, 154, 0.75)",5.179886462629559,508.3559600324676,0.9399897087822819,70.8140726210917,20.18599067978522,True,False,True,False,False,8.599629883700654,0.0,0.0,0.0,0.0,0,0.9471070840638676,1.0142404004443435,False,False,False,False,0.08005931257282134,0.06755346739106138,False,False,False,False,3353263.0,2808197.312170946,False,False,False,False,57445.36335959654,False,False,False,False
2025-09-15 19:00:00+00:00,513.29,515.42,513.08,515.33,93770.0,,,502.9868858630521,503.3324492003347,504.0053071542412,505.87403941438976,507.76016340527747,511.7337870799748,514.2599220596483,,,502.9720985887156,502.94541225248395,503.552746747413,504.0884243458445,507.15116269032444,509.3730523250637,514.1824003367583,513.8673291056775,513.5339007855448,512.4722294099396,511.7878665566556,508.7073721477425,505.6337939812534,502.0803212465496,500.29819338649264,497.4897100416757,493.563782267846,488.3896230292905,482.31036976364925,470.10729738411897,502.9720985887156,511.7878665566556,482.31036976364925,507.76016340527747,507.1360791681312,502.2253543196519,"rgba(38, 166, 154, 0.75)",5.324241199581263,508.48164616638286,1.2862591263062586,72.49200538284835,20.18599067978522,True,False,True,False,False,10.730434576656329,0.0,0.0,0.0,0.0,0,0.9475391303177532,1.0097977201458896,False,False,False,False,0.11782066357375362,0.0926870654824075,False,False,False,False,3447033.0,2818101.7414396135,False,False,False,False,58008.536020688065,False,False,False,False
2025-09-16 14:00:00+00:00,511.21,515.615,510.075,513.175,57288.0,,,503.1678401358605,503.47745554245006,504.09231600442274,505.9252027999641,507.7937840752261,511.7400958965803,514.254024206879,,,503.2183739751272,503.1120866012271,503.664336042841,504.16951730683104,507.18992247504417,509.39397567311175,514.1771642971116,513.8637273990782,513.5317931843355,512.4738255561425,511.7915578449267,508.71867354453065,505.65140984522805,502.1042135127932,500.32489866704515,497.5203074322034,493.59927419726824,488.4311502706071,482.35930067950136,470.1681164014212,503.2183739751272,511.7915578449267,482.35930067950136,507.7937840752261,507.20724552305467,502.27318124531877,"rgba(38, 166, 154, 0.75)",5.4042810857709105,508.541111724862,0.8574476792738747,69.49456174166012,24.3297489275203,True,False,True,False,False,7.949715328725858,0.0,0.0,0.0,0.0,0,0.9413206536297885,1.0058933833377983,False,False,False,False,0.13092594097675894,0.11180650322958322,False,False,False,False,3389745.0,2826964.427618844,False,False,False,False,57997.364919592124,False,False,False,False
2025-09-16 15:00:00+00:00,513.345,515.325,510.3,512.96,47064.0,,,503.31028513545647,503.5922117418287,504.1618013152664,505.96613452608636,507.82058706262194,511.74483579568476,514.2488733946859,,,503.4099322475666,503.2436584251882,503.753146395468,504.2343402342072,507.22087041275825,509.4105371238848,514.1725700690143,513.860487960361,513.5297948448796,512.4748761451715,511.794331060443,508.7277095566431,505.66563442990577,502.1235952353522,500.34659226618027,497.54520231132346,493.6281948031791,488.4650319358432,482.3992600230552,470.217843505228,503.4099322475666,511.794331060443,482.3992600230552,507.82058706262194,507.26353271023294,502.31118044928263,"rgba(38, 166, 154, 0.75)",5.4635115362075934,508.5879478109611,0.800227502049664,67.11643536552668,21.929232877819672,True,False,True,False,False,7.676710445026927,0.0,0.0,0.0,0.0,1,0.9503735682112834,0.9995990323313599,False,False,False,False,0.17317096461363551,0.14248873392160938,False,False,False,False,3342681.0,2834960.033392195,False,False,False,False,57827.85538595503,False,False,False,False
2025-09-16 16:00:00+00:00,512.96,515.565,511.765,513.36,32879.0,,,503.4144686945032,503.67667304213165,504.21355682173447,505.9973247523726,507.8417270339012,511.750188886163,514.2471062723429,,,503.5489055781602,503.34004078134063,503.8188802394969,504.28269165378487,507.24495562226167,509.4243467452606,514.171087277697,513.8598183714213,513.5298645688172,512.4769320313263,511.7975279547432,508.73506626672116,505.6765042174769,502.1379760160985,500.36255015681456,497.56334057592915,493.64908251647495,488.4893251863029,482.42775521037566,470.253084757808,503.5489055781602,511.7975279547432,482.42775521037566,507.8417270339012,507.305863643307,502.33948678641553,"rgba(38, 166, 154, 0.75)",5.530147830482849,508.62339280440483,0.8565064336049802,65.98519697702629,20.70427703659459,True,False,True,False,False,8.094744062421118,0.0,0.0,0.0,0.0,1,0.9585053949646993,0.990568802451046,False,False,False,False,0.24589955347981335,0.19419414370071136,False,False,False,False,3375560.0,2843341.4282233235,False,False,False,False,57441.05142648286,False,False,False,False
2025-09-16 17:00:00+00:00,513.45,515.815,512.16,512.16,32845.0,,513.3783333333332,503.5145927650656,503.75807802974265,504.263681165434,506.0274724329339,507.8620124979842,511.75496264234033,514.2448748907798,,,503.68149255074724,503.4328324212461,503.88244232440513,504.32954231041003,507.26813482410637,509.437438163585,514.1691645030103,513.8587369804579,513.5295505249953,512.4786296411463,511.80037664762403,508.7421123201801,505.6870789240981,502.1520738414391,500.37823024730847,497.581210082646,493.6697115347895,488.51336769748843,482.45600012202976,470.2880822650124,503.68149255074724,511.80037664762403,482.45600012202976,507.8620124979842,508.1005009697017,502.3668103963363,"rgba(38, 166, 154, 0.75)",5.597574798212949,508.6497515241591,0.6271016649856141,62.918504461048244,17.69551140008781,True,False,True,False,False,6.544725377780033,0.0,0.0,0.0,0.0,1,0.965686339654737,0.984650550852526,False,False,False,False,0.2600391086663713,0.22711662618354134,False,False,False,False,3342715.0,2851083.6541423416,False,False,False,False,57059.71729583971,False,False,False,False
2025-09-16 18:00:00+00:00,512.16,512.5,509.205,510.58,58825.0,,511.69920802879886,503.6427135182485,503.8617688428966,504.326713713844,506.0618528796479,507.88091588661763,511.74977387689705,514.2289254126465,,,503.84850243054933,503.5521887595066,503.9633996173434,504.38833744134485,507.2916217690835,509.44524435886683,514.1544265969353,513.8463290244981,513.5193147764907,512.4728578461103,511.7970350450879,508.7475861559955,505.699526971812,502.17137008784584,500.40058531620826,497.6078288976274,493.7016592535488,488.5517924435145,482.50218802767967,470.34682295904764,503.84850243054933,511.7970350450879,482.50218802767967,507.88091588661763,507.9314840199496,502.4004308889548,"rgba(38, 166, 154, 0.5)",5.633691740821264,508.60328760957026,0.35087336712206507,58.24544060747378,13.335746857170832,False,False,True,False,False,4.551029331726699,0.0,0.0,0.0,0.0,1,0.9577098933138957,0.9923530581141079,False,False,False,False,0.1797953098826796,0.20345596803311047,False,False,False,False,3283890.0,2857793.8300471115,False,False,False,False,57087.08601993522,False,False,False,False
2025-09-16 19:00:00+00:00,510.53,511.645,508.665,509.01,142555.0,,510.52707410965235,503.8945756478373,504.06652340071327,504.4518094936503,506.12604127265945,507.9103481311222,511.7250665177656,514.1800263698022,,,504.16887295155277,503.78839469564116,504.1244997161123,504.505039216136,507.33140637064946,509.4498652782916,514.1089827724167,513.8071649862499,513.4860424486557,512.4510439057048,511.78137998267255,508.7542796641666,505.72360092018647,502.212436245395,500.4492330216209,497.66707892801105,493.7741307060709,488.6402424224182,482.6096029980135,470.485004959365,504.16887295155277,511.78137998267255,482.6096029980135,507.9103481311222,507.8601831179003,502.46591510946644,#000000,5.637401246210695,508.61121579559784,0.07073901377344737,52.93970450521679,8.557483673972442,False,False,False,False,False,2.6266511955899965,0.0,0.0,0.0,0.0,0,0.9573874897597844,0.9925741920139535,False,False,False,False,0.16583967567972963,0.18464782185642004,False,False,False,False,3141335.0,2862189.817178164,False,False,False,False,58412.16995761063,False,False,False,False
2025-09-17 14:00:00+00:00,506.63,508.59,505.695,507.29,38301.0,,510.0583135492882,503.9305712670614,504.09533755786197,504.468612982982,506.1309699253838,507.9073575226002,511.70989119136306,514.159480754683,,507.1916666666667,504.212159079806,503.8227613282693,504.1471809267519,504.5205919157904,507.33080707016916,509.4413522076837,514.0897585399858,513.7901181730024,513.471057242556,512.4396501483849,511.7718603584071,508.7515448249238,505.7259281062896,502.21965260738193,500.45862235048924,497.6795259192077,493.7903667580941,488.66099345321834,482.6355895155435,470.5195373719806,504.212159079806,511.7718603584071,482.6355895155435,507.9073575226002,507.807566843903,502.69860593164765,"rgba(239, 83, 80, 1.0)",5.6262854082833895,508.27292241277894,-0.17470183992653404,47.39776639165912,3.6826108732178255,False,True,False,True,False,0.5827036222093582,0.0,0.0,0.0,0.0,0,0.9490120342634926,0.9978059803457884,False,False,False,False,0.07896189470082973,0.13180485827862487,False,False,False,False,3103034.0,2865923.835516487,False,False,False,False,58100.368872996514,False,False,False,False
2025-09-17 15:00:00+00:00,507.33,508.31,505.985,508.27,28111.0,,509.82112491143795,503.9591173015178,504.1183679978373,504.48229410358766,506.1356748266363,507.9061831544313,511.69962653390934,514.1451885556562,,507.3313497058765,504.24658052816494,503.84997410230903,504.16539687826577,504.53328888359755,507.3314059505912,509.43605532451437,514.0763885267842,513.7782854005584,513.4606797956391,512.4318429375503,511.76540012025356,508.7499670279008,505.72801494992336,502.22528640738926,500.46583396205915,497.68895691600056,493.80255104073143,488.67646484531355,482.65488321630795,470.5450688034113,504.24658052816494,511.76540012025356,482.65488321630795,507.9061831544313,507.7834471731267,502.7116035868163,"rgba(239, 83, 80, 1.0)",5.624960053508886,508.27224839855324,-0.00039971813699557235,45.4751921693253,2.1278220940489803,False,True,False,True,False,1.70473848917581,0.0,0.0,0.0,0.0,0,0.9531439413903969,1.001080482791335,False,False,False,False,0.10548122918525957,0.11864304373194222,False,False,False,False,3131145.0,2870035.7915549907,False,False,False,False,57635.41741760122,False,False,False,False
2025-09-17 16:00:00+00:00,508.33,508.78,506.42,508.12,20355.0,,509.69126872320794,503.98094592503656,504.13607082448664,504.49293818537694,506.1396767949216,507.90589089787915,511.69267113547477,514.135269779058,,507.43503632333346,504.27294245282576,503.87076365170407,504.1794445293521,504.5431844477244,507.3324077625504,509.43273990935745,514.0671117122346,513.7700887317297,513.4535055811529,512.4264941946868,511.76101123032936,508.74906064372243,505.7297345887377,502.2295518241206,500.4712325853979,497.6959490647154,493.81152171107817,488.687801144216,482.668976202014,470.56365964802905,504.27294245282576,511.76101123032936,482.668976202014,507.90589089787915,507.7718415331802,502.7215341875721,"rgba(239, 83, 80, 1.0)",5.634972527648602,508.2745991956611,-0.02743566093757055,43.996842251036625,0.7665846542258237,False,True,False,True,False,1.5245312427996893,0.0,0.0,0.0,0.0,0,0.9731498797755811,0.999372161367887,False,False,False,False,0.11999325806715713,0.11931815089954967,False,False,False,False,3110790.0,2873768.4149417346,False,False,False,False,57057.42644988647,False,False,False,False
2025-09-17 17:00:00+00:00,508.125,509.94,506.58,509.58,26700.0,,509.61514711296195,504.0161074853105,504.1648837879976,504.5107109759088,506.1478575870361,507.9081758241692,511.6857331971174,514.1241941706699,,507.7326958205176,504.31592775176,503.90409841827375,504.2024147091391,504.5597709233551,507.3364623119916,509.4308284113271,514.0567700363612,513.7610270947371,513.4456532098976,512.4208902770573,511.7566032858007,508.74900099163636,505.73300673744114,502.2360704808146,500.4791991031056,497.705948133241,493.82405107448096,488.70337176967445,482.6881197342403,470.58862404690956,504.31592775176,511.7566032858007,482.6881197342403,507.9081758241692,507.7716012676465,502.74431115817924,"rgba(239, 83, 80, 1.0)",5.66028299677416,508.29365539961225,0.22725800125556156,45.651122433003835,0.7665846542258237,False,True,False,True,False,3.1999008095763912,0.0,0.0,0.0,0.0,0,0.9801902271787415,0.9853527740351908,False,False,False,False,0.1412522503744557,0.1302852006370027,False,False,False,False,3137490.0,2877857.121686824,False,False,False,False,56586.768675469626,False,False,False,False
2025-09-17 18:00:00+00:00,509.65,510.39,505.965,508.74,17752.0,,509.5544193091143,504.0375453604265,504.1824398560457,504.5215063804502,506.1525577026937,507.90904808644694,511.680622589244,514.1164020397385,,507.8182372725495,504.3418995302524,503.92447770783104,504.216430158462,504.5698393024306,507.33848573642416,509.42898299345353,514.0494875842517,513.7546225910054,513.440079226502,512.4168391159494,511.7533591676339,508.7486908144702,505.7349331113867,502.24017302812894,500.4842717673488,497.7123838846044,493.83218245982505,488.7135375834895,482.7006683785876,470.60505827996474,504.3418995302524,511.7533591676339,482.7006683785876,507.90904808644694,507.76931766552,502.7535542711691,"rgba(239, 83, 80, 1.0)",5.675886405351462,508.29934769050135,0.0776358577372504,45.44860463446909,0.7665846542258237,False,True,False,True,False,2.1669023394873044,0.0,0.0,0.0,0.0,0,0.9737741849986747,0.9867744500397563,False,False,False,False,0.13858831800139412,0.1344367593191984,False,False,False,False,3119738.0,2881607.212823462,False,False,False,False,55984.67923864064,False,False,False,False
2025-09-17 19:00:00+00:00,508.7,511.47,507.255,509.84,34965.0,,509.5515592431737,504.09028048654176,504.22603817079556,504.54893952025384,506.16656668751324,507.9150901552772,511.6740979857867,514.1041900774051,,508.1766376526421,504.4065229957754,503.9743928423227,504.251381531053,504.5955120901908,507.3469125461065,509.4292979991097,514.0381057386103,513.7447500882158,513.4316302311324,512.4111545091274,511.7491625946568,508.74991864731004,505.74038417424094,502.24976048629156,500.4957076557924,497.72641119079753,493.849444360779,488.7347065617675,482.7264611429575,470.6383762399364,504.4065229957754,511.7491625946568,482.7264611429575,507.9150901552772,507.78459529084336,502.7841252989912,"rgba(239, 83, 80, 0.75)",5.703778343112083,508.33102831865625,0.2645565080848499,47.24467741438622,0.7665846542258237,False,True,False,True,True,3.4302140383467297,0.0,0.0,0.0,0.0,0,0.9752240379546652,0.9865577227200845,False,False,False,False,0.17705945809213441,0.1557481087056664,False,False,False,False,3154703.0,2885841.2560355016,False,False,False,False,55658.79273881675,False,False,False,False
2025-09-18 14:00:00+00:00,510.13,514.36,509.24,511.175,62221.0,,509.82594163082075,504.2164833503275,504.3315349704521,504.6170346953126,506.20641419221596,507.9394410577067,511.6736570486174,514.0923626767869,,509.1069435578614,504.56257968173384,504.0933874656144,504.3364392961934,504.6594681908895,507.37586974790185,509.44229758643644,514.0272108469459,513.7358509269576,513.4245971704399,512.4083011452382,511.7486373249448,508.7579287200166,505.75533481731316,502.27159811954186,500.52063741609555,497.7556570956462,493.88411341264833,488.776011622026,482.77577380947196,470.70067429990826,504.56257968173384,511.7486373249448,482.77577380947196,507.9394410577067,507.86285870278,502.86282439303926,#000000,5.749883828044098,508.4319917594019,0.47705454973186356,50.50394769378861,0.7665846542258237,False,True,False,False,True,4.935239622163401,0.0,0.0,0.0,0.0,0,0.982591977399652,0.9773996521011261,False,False,False,False,0.2579938240463586,0.20687096637601252,False,False,False,False,3216924.0,2890974.3218334005,False,False,False,False,55760.53238627695,False,False,False,False
2025-09-18 15:00:00+00:00,511.185,511.49,506.8,508.155,37634.0,,509.7498902312911,504.26280583619643,504.3700420450206,504.64144230742465,506.2179518268988,507.942934583148,511.66443797967986,514.0773794709355,,509.0656450871238,504.61771862034465,504.1375828855589,504.3676102165152,504.6823188051521,507.3817834475483,509.4400248946866,514.0132089898226,513.7235797148843,513.4139645918386,512.4007495623492,511.74273140365585,508.7580258542033,505.76005605046373,502.28083666174456,500.5318935666888,497.769748561973,493.9017392579109,488.79789072658104,482.8026524175834,470.7357105768675,504.61771862034465,511.74273140365585,482.8026524175834,507.942934583148,507.8658605350744,502.872641518738,#000000,5.7593758068606435,508.4367914074469,-0.048927421459673395,48.06670836230775,0.7665846542258237,False,True,False,False,True,1.2346886014183234,0.0,0.0,0.0,0.0,1,0.9781659388646289,0.9832995425244335,False,False,False,False,0.16996262049600325,0.18841679343600787,False,False,False,False,3179290.0,2895444.3323476114,False,False,False,False,55479.50087641219,False,False,False,False
2025-09-18 16:00:00+00:00,508.1,509.665,506.775,509.51,51249.0,,509.6476836206338,504.3221733640612,504.4195210877664,504.67293099711424,506.23251248190655,507.94675569509343,511.65125743764673,514.0564765420517,,508.9985092513216,504.6876829148969,504.19437661775487,504.407817572544,504.711808691074,507.3888406752614,509.43614629190876,513.9936607544312,513.7064087601565,513.3990473975354,512.3900460493112,511.73427590027535,508.75777606031124,505.76611593509017,502.29305896487676,500.5468684959813,497.78859450639334,493.9254100385766,488.8273634442375,482.8389342867367,470.7831123226006,504.6876829148969,511.73427590027535,482.8389342867367,507.94675569509343,507.8686639032843,502.88456452053686,#000000,5.782119064308591,508.4414083845519,0.18480968716888196,48.507254152755856,0.7665846542258237,False,True,False,False,True,2.7656980535911657,0.0,0.0,0.0,0.0,1,0.98762392360704,0.9863081512747359,False,False,False,False,0.13996040037123536,0.16418859690362161,False,False,False,False,3230539.0,2900639.5985127646,False,False,False,False,55413.91171553758,False,False,False,False
2025-09-18 17:00:00+00:00,509.6,510.08,508.335,508.4,24269.0,,509.6177847663409,504.35156578284455,504.44412484808737,504.68873912345856,506.24016218745635,507.9492868187799,511.64565170045626,514.0471589322611,,508.99423351007295,504.72232417337267,504.22248381851364,504.42787183927254,504.7266325175423,507.3929131067966,509.4349916197367,513.9849501226867,513.6987792952349,513.3924428055282,512.3853877980878,511.73066071894914,508.75797355720954,505.76926276545487,502.2990922741409,500.55419227281436,497.79773256778327,493.9368118425137,488.8414923266045,482.8562716110854,470.8056887296768,504.72232417337267,511.73066071894914,482.8562716110854,507.9492868187799,507.87305926996066,502.8920090130037,"rgba(239, 83, 80, 1.0)",5.794819010144089,508.44664361363346,-0.00804919248587852,47.297277317238645,0.7665846542258237,False,True,False,True,False,1.4395217579715585,0.0,0.0,0.0,0.0,1,0.9960966057441253,0.9820365535248043,False,False,False,False,0.1720001754723959,0.16809438618800876,False,False,False,False,3206270.0,2905378.054349776,False,False,False,False,54931.04486723467,False,False,False,False
2025-09-18 18:00:00+00:00,508.41,508.91,506.7,508.865,48863.0,,509.50361883950075,504.39975022985686,504.48439995603104,504.71443708653254,506.25101884734187,507.9503557050805,511.6312035621607,514.0256529108032,,508.8896164557827,504.7777934599736,504.2688812088286,504.4608249602897,504.75069600285565,507.396942135548,509.42905728603773,513.9648063402648,513.6809872024711,513.3768860177494,512.3739333042516,511.7213849015062,508.7566558803859,505.7740248935293,502.30978329376495,500.56753096508515,497.814800720134,493.95852480276073,488.86877740896114,482.8900668297696,470.8501348009853,504.7777934599736,511.7213849015062,482.8900668297696,507.9503557050805,507.8700546421634,502.8991480414731,"rgba(239, 83, 80, 1.0)",5.79506556717824,508.4446278253584,0.07253967530971409,47.24892170466909,0.7665846542258237,False,True,False,True,False,1.9718839220661017,0.0,0.0,0.0,0.0,1,0.9910315070457419,0.9835621081172683,False,False,False,False,0.12658399751306804,0.1473391918505384,False,False,False,False,3255133.0,2910800.6116466783,False,False,False,False,54836.966652238785,False,False,False,False
2025-09-18 19:00:00+00:00,508.825,509.64,506.595,508.43,60096.0,,509.39110885721755,504.4583354946378,504.5335853732107,504.7460971249667,506.26464178175047,507.9520512090325,511.6139183862811,513.9997005479247,,508.80051615628895,504.84483941028316,504.325371313317,504.50124452672196,504.7803741064485,507.4022469752732,509.4221939577701,513.9404900851215,513.6595101611013,513.3581099320103,512.3601407804841,511.7102441432363,508.75521390957755,505.7800106908124,502.3230204759715,500.58400836764304,497.8358437331902,493.9852572601311,488.9023393139735,482.9316114283431,470.90474619452976,504.84483941028316,511.7102441432363,482.9316114283431,507.9520512090325,507.86992984687765,502.9098729962966,"rgba(239, 83, 80, 1.0)",5.79631675297924,508.44560957132643,-0.002693015580695968,46.562448347670966,0.7665846542258237,False,True,False,True,False,1.4437852808181049,0.0,0.0,0.0,0.0,1,0.9900011717376871,0.984845525914932,False,False,False,False,0.1366521416372801,0.14199566674390923,False,False,False,False,3195037.0,2915207.3773575826,False,False,False,False,54918.50205297927,False,False,False,False
2025-09-19 14:00:00+00:00,514.365,514.5,511.92,513.73,44024.0,,509.6322753379576,504.5574437053286,504.61809186739083,504.80283897428063,506.30051017977405,507.976802285999,511.62046538301456,513.9976881505959,,509.2084789973174,504.9649000369541,504.4192183335786,504.5706285932268,504.83392481315246,507.4302978082477,509.4386205055003,513.9387673293858,513.6587165326397,513.358177051446,512.3626245100642,511.7141366834567,508.7643340865875,505.7936077239808,502.34113259487157,500.604161346211,497.85883957671786,494.01185412210606,488.93340081156475,482.9681529205763,470.95017085528707,504.9649000369541,511.7141366834567,482.9681529205763,507.976802285999,507.9382644855426,502.9582926301368,"rgba(38, 166, 154, 0.5)",5.876227472305097,508.5138608546138,0.887668009785202,52.74198500838135,-2.2456045811382452,False,True,True,False,True,7.224925147966271,0.0,0.0,0.0,0.0,1,1.0002328981588107,0.9728803032851582,False,False,False,False,0.3062999448082249,0.22414780577606708,False,False,False,False,3239061.0,2920228.3637551395,False,False,False,False,54749.59504440594,False,False,False,False
2025-09-19 15:00:00+00:00,513.75,513.94,511.285,511.94,40949.0,,509.77889839386233,504.63750150149787,504.68649990077984,504.8489092343098,506.32890878349644,507.99542306608134,511.6230990487448,513.9928155265451,,509.4516433857652,505.06073735430186,504.49528398888543,504.627022671982,504.8774123028119,507.45183250221686,509.44995462391205,513.9343209540598,513.6553299688552,513.3557824866325,512.3626824267175,511.7155925299531,508.77096457155955,505.80455911955505,502.3564131705689,500.62139468663696,497.8788012194588,494.03526050633633,488.9610491533449,483.0009540714667,470.99134685548415,505.06073735430186,511.7155925299531,483.0009540714667,507.99542306608134,507.98650693191473,502.9932542166907,"rgba(38, 166, 154, 0.5)",5.923265235832417,508.56109130296943,0.5704469684372858,54.22968441912059,-0.8211344470583128,False,True,True,False,True,5.05651286102929,0.0,0.0,0.0,0.0,1,0.9941129282682952,0.9764258358347998,False,False,False,False,0.285672364130412,0.2549100849532395,False,False,False,False,3198112.0,2924536.6371852923,False,False,False,False,54535.632330539185,False,False,False,False
2025-09-19 16:00:00+00:00,511.98,513.83,511.92,512.515,42338.0,,509.93406356776825,504.7224069056239,504.75928075768746,504.89824558135007,506.3597533942148,508.0161041232669,511.62709879288707,513.9889527758656,,509.6936838448186,505.1620877058654,504.5760011174684,504.68719498061523,504.9240210006164,507.47554108112035,509.4630329009518,513.9308344829777,513.6528552953729,513.3542527315673,512.363594092542,511.71790796888257,508.77848680249986,505.8164722830386,502.3727389385607,500.63971323818805,497.8999024771572,494.0598804642845,488.99001321856645,483.0352132131359,471.03420992125945,505.1620877058654,511.71790796888257,483.0352132131359,508.0161041232669,508.038238237333,503.02988751235665,"rgba(38, 166, 154, 0.5)",5.983410229370851,508.61102207902667,0.6524670332329557,55.82048239981462,0.7721497531515169,False,True,True,False,True,5.655939965008756,0.0,0.0,0.0,0.0,1,1.0005083221459017,0.9771906729403179,False,False,False,False,0.2947046005327395,0.2748073427429895,False,False,False,False,3240450.0,2929434.518779319,False,False,False,False,54346.52175177113,False,False,False,False
2025-09-19 17:00:00+00:00,512.465,513.21,510.505,511.385,41371.0,,510.01967006787174,504.7930009707796,504.81992411884363,504.9394697243937,506.3846836768854,508.031679456328,511.6273496504359,513.9819941903932,,509.827733544036,505.24517004933597,504.64338602379985,504.73756141977543,504.9629710324948,507.4939155100864,509.47164923130055,513.9244085780848,513.6476242672453,513.3501469773843,512.36209066999,511.7178690719661,508.78386697848407,505.826309935013,502.38702634344816,500.6560059400859,497.9190037655861,494.082521533657,489.0169942929177,483.0674280909864,471.0749521062588,505.24517004933597,511.7178690719661,483.0674280909864,508.031679456328,508.0747214819914,503.0570778743779,"rgba(38, 166, 154, 0.5)",6.0228096149242845,508.6456354160562,0.45483167476450376,55.210274752470085,0.7721497531515169,False,True,True,False,True,4.293210578733184,0.0,0.0,0.0,0.0,1,0.9902857068546237,0.9778534923339014,False,False,False,False,0.2599394871745016,0.26737341495874556,False,False,False,False,3199079.0,2933615.053371887,False,False,False,False,54145.35087189871,False,False,False,False
2025-09-19 18:00:00+00:00,511.405,512.98,510.19,511.46,63053.0,,510.1244971881424,504.8955075911037,504.90827949379724,504.9999126210847,506.4211282267899,508.05416285292927,511.6269113275616,513.9707471645855,,509.98628767369587,505.3648337435442,504.74144292238884,504.8112514290116,505.0201198298354,507.520582599607,509.4837400012527,513.9140010553751,513.6390684182355,513.3433381162201,512.3592732831418,511.7172931977414,508.7915903377067,505.8408420230116,502.4083526961344,500.68039436762956,497.9476844943131,494.1166110514445,489.0577095361589,483.11611943995035,471.1366510928072,505.3648337435442,511.7172931977414,483.11611943995035,508.05416285292927,508.12514330824933,503.0951041575812,"rgba(38, 166, 154, 0.5)",6.064007726138665,508.6928669403398,0.4563208334535203,54.90013800659253,0.7721497531515169,False,True,True,False,True,4.374026040470586,0.0,0.0,0.0,0.0,1,0.9951617741031025,0.9779736831809707,False,False,False,False,0.2507355108434334,0.25905446290108947,False,False,False,False,3262132.0,2938708.3393661217,False,False,False,False,54283.45395915609,False,False,False,False
2025-09-19 19:00:00+00:00,511.435,519.23,510.68,517.87,180914.0,515.9266666666667,511.0810337786323,505.3560742618697,505.3086421609675,505.2795188732067,506.609981449459,508.1961744419197,511.6903257180068,513.9962914895088,,511.23135405745137,505.9108448791628,505.1796571107863,505.1461678924021,505.2852881292023,507.67647096407893,509.58985280656844,513.9389297519668,513.6654479042421,513.3709716587271,512.3941505028633,511.75676937150587,508.8484327452392,505.9138684304026,502.4980940290819,500.77776101119383,498.0556267001086,494.2381047086267,489.1963331498982,483.2763069530582,471.33173172479405,505.9108448791628,511.75676937150587,483.2763069530582,508.1961744419197,509.27163431558193,503.2991506895886,"rgba(38, 166, 154, 0.5)",6.22755799680503,509.10070992965564,1.408142657979796,60.44421895106545,5.590490071382192,False,False,True,False,True,10.775832157641233,0.0,0.0,0.0,0.0,0,0.9966414885540386,0.9607916307438913,False,False,False,False,0.34282825097806874,0.30094135693957913,False,False,False,False,3443046.0,2946527.527903081,False,False,False,False,56246.71823885909,False,True,False,False
2025-09-22 14:00:00+00:00,514.49,518.0,512.555,515.905,63831.0,515.8119119627912,511.32320641663665,505.50314110357976,505.43747487391863,505.37084944084586,506.6717723125945,508.2422819746987,511.70997807868537,514.0031274877965,,511.5243659573504,506.08237786093264,505.3201879970321,505.25494041232224,505.37205283793156,507.727241180062,509.62392069039754,513.9456640262466,513.6728277072995,513.3789265354985,512.4047813238371,511.76907033969076,508.86703933803074,505.93826107304943,502.52844515865615,500.8108290848474,498.0924726679443,494.27978522713977,489.24410280885803,483.33169585777097,471.3994810211194,506.08237786093264,511.76907033969076,483.33169585777097,508.2422819746987,509.3415270723942,503.3604032907627,"rgba(38, 166, 154, 0.5)",6.333770224141293,509.1804870855074,1.0616919585844673,61.39457862739104,6.509196971170127,False,False,True,False,True,8.41079071711712,0.0,0.0,0.0,0.0,0,1.0004475417172813,0.964158301898856,False,False,False,False,0.34282825102875647,0.3218848039841678,False,False,False,False,3379215.0,2953235.860803808,False,False,False,False,56364.3040025977,False,False,False,False
2025-09-22 15:00:00+00:00,515.875,517.8,513.435,513.945,64722.0,515.654656920878,511.5204853719409,505.641774948521,505.5594112988966,505.45796491864155,506.7305631119517,508.28572282083576,511.72747025442953,514.0080200244794,,511.7551102884086,506.2425311263839,505.4530029716463,505.35841664358054,505.45488653218666,507.77525669914235,509.6555796863387,513.9505586385051,513.6785038410288,513.3853111518266,512.4140041551412,511.78003844108065,508.8845902771177,505.9617680743902,502.5580669202342,500.8432368842396,498.12876172407545,494.321033992127,489.2915777193811,483.3869211173143,471.4673013007634,506.2425311263839,511.78003844108065,483.3869211173143,508.28572282083576,509.39845218561936,503.4164980088054,"rgba(38, 166, 154, 0.5)",6.394835146390882,509.2492137382874,0.7343091970655221,59.61385912178071,6.509196971170127,False,False,True,False,True,6.133892749654354,0.0,0.0,0.0,0.0,0,1.0016046253963806,0.9653604676336873,False,False,False,False,0.3428282510806004,0.3323565275323841,False,False,False,False,3314493.0,2958836.746682819,False,False,False,False,56493.88068472797,False,False,False,False
2025-09-22 16:00:00+00:00,513.91,515.96,511.86,515.0,47643.0,515.4703708474512,511.6234654105284,505.73297131731204,505.63994411686394,505.5159254512419,506.7692783854565,508.3136757753502,511.7372181826602,514.0089210566035,,511.8705424631096,506.3466224817687,505.5406608216559,505.42713836720174,505.5100421410904,507.80642821252655,509.6752917195299,513.9515989103475,513.6802901464058,513.387786900873,512.4187461207856,511.7861404031334,508.89580869511656,505.9775052397886,502.57841625615947,500.86568395944323,498.1541391526105,494.3501456484624,489.3253499347188,483.4264440762673,471.51619202997216,506.3466224817687,511.7861404031334,483.4264440762673,508.3136757753502,509.4235300603853,503.45195112766515,"rgba(38, 166, 154, 0.5)",6.4794318910377555,509.28665060682806,0.8817670266855572,59.37601754322659,6.509196971170127,False,False,True,False,True,7.151157709816758,0.0,0.0,0.0,0.0,0,0.9973855203967857,0.9798018634575213,False,False,False,False,0.28687858543670786,0.309617556484546,False,False,False,False,3362136.0,2965089.448284636,False,False,False,False,56356.65772837559,False,False,False,False
2025-09-22 17:00:00+00:00,514.935,515.595,513.885,514.54,23653.0,515.4208588719666,511.6790746899119,505.77962205242943,505.6812021945558,505.54571996262337,506.78936853925467,508.328381608326,511.74278892047636,514.0100393979891,,511.93290703446365,506.39986157549055,505.5854995686995,505.462389091039,505.53840759493454,507.8227432536085,509.6858615554177,513.9527518792023,513.6817684766762,513.389563776419,512.4215971833651,511.7896441396255,508.9017738873817,505.98567169753426,502.5888373605077,500.8771318979541,498.16702041103633,494.3648565214773,489.3423509852356,483.44628217713097,471.54064970408604,506.39986157549055,511.7896441396255,483.44628217713097,508.328381608326,509.4418951375037,503.4703604652993,"rgba(38, 166, 154, 0.5)",6.551185600006474,509.3086218047025,0.7985391522554761,58.61259450992581,6.509196971170127,False,False,True,False,False,6.614772711831122,0.0,0.0,0.0,0.0,0,0.9948362671748845,0.9806199054817984,False,False,False,False,0.31383720005923005,0.311727378271888,False,False,False,False,3338483.0,2970878.495598052,False,False,False,False,55849.62427522248,False,False,False,False
2025-09-22 18:00:00+00:00,514.55,515.77,513.655,513.91,25968.0,515.3585545401423,511.73335610502863,505.828980594823,505.7249272777032,505.57739537669016,506.81067230505096,508.3438704313186,511.7484059599523,514.0108416986101,,511.9928107152674,506.45594119503966,505.6329983453656,505.4998299551923,505.5685743529122,507.83997201504997,509.69688562179346,513.9536136970302,513.6830138589407,513.391162947685,512.4244024348861,511.79317721091036,508.9080502134145,505.9943846105948,502.6000419679742,500.8894707934396,498.18094397990103,494.3808013813814,489.3608217336539,483.46787387032896,471.5673272551766,506.45594119503966,511.79317721091036,483.46787387032896,508.3438704313186,509.4596671432577,503.4896237217113,"rgba(38, 166, 154, 0.5)",6.611712392847418,509.33076114043945,0.6925949871192766,57.24134068984445,6.509196971170127,False,False,True,False,False,5.876794555948607,0.0,0.0,0.0,0.0,0,1.0016804115715725,0.9727127013262329,False,False,False,False,0.3129370800948343,0.3123322291833611,False,False,False,False,3312515.0,2976175.1855887803,False,False,False,False,55386.343278707405,False,False,False,False
2025-09-22 19:00:00+00:00,513.975,515.055,512.965,514.48,52237.0,515.2229009720357,511.8257690595424,505.92343281303954,505.80881008071,505.6384565359182,506.85162025569497,508.37338060251705,511.75847571371867,514.0114177424431,,512.0923145908016,506.56256621071407,505.7240504446939,505.5718937959423,505.62675920710416,507.8729100519843,509.71761663342147,513.9543614047933,513.6845961873997,513.3935194339499,512.4292478801752,511.7995129291852,508.92000016335237,506.01128169182823,502.6219889110883,500.9137155035083,498.2084023936714,494.41235546064433,489.39748374979564,483.5108271083869,471.6205435150157,506.56256621071407,511.7995129291852,483.5108271083869,508.37338060251705,509.4904737528466,503.52599748892646,"rgba(38, 166, 154, 0.5)",6.679692994102485,509.3707986553927,0.7648856540440143,56.99591383788915,6.509196971170127,False,False,True,False,False,6.449058502806029,0.0,0.0,0.0,0.0,0,0.9955960299314074,0.9798508626065272,False,False,False,False,0.29010448115129184,0.3012183551673265,False,False,False,False,3364752.0,2982199.6323238383,False,False,False,False,55337.51625113054,False,False,False,False
2025-09-23 14:00:00+00:00,511.62,513.02,510.86,511.06,45197.0,514.9023014423187,511.82007100433293,505.9789852904796,505.85857323586697,505.67518663426387,506.87460439617337,508.38767136013274,511.7580743277652,514.0038781405793,,512.0753374518999,506.62267584505844,505.7782266096824,505.6152853256067,505.66180158694266,507.8898329288707,509.7253269071675,513.947375264624,513.6788436977487,513.3889387704133,512.427369269946,511.79916072634086,508.9253507934315,506.0213451460748,502.6367806105475,500.9306462281985,498.2283445797553,494.4361034545543,489.42589908335725,483.54484758758855,471.6637597801091,506.62267584505844,511.79916072634086,483.54484758758855,508.38767136013274,509.4732606479903,503.5439643641866,#000000,6.7009069824430245,509.37313237276123,0.25173720985211595,52.512332577758954,6.675712512334684,False,True,False,False,False,2.5198022990317845,0.0,0.0,0.0,0.0,1,0.9828987799660309,0.9818226607372067,False,False,False,False,0.22441090293464486,0.2628146290509857,False,False,False,False,3319555.0,2987429.948101763,False,False,False,False,55180.29894491146,False,False,False,False
2025-09-23 15:00:00+00:00,511.1,511.5,509.89,510.37,72460.0,514.3599890281089,511.760214050043,506.04958889672287,505.92231650798374,505.72285632457107,506.90291276089545,508.4029559964169,511.751371012568,513.9864997601926,,511.9896506288149,506.69641470420885,505.8477234236656,505.6715707101113,505.70733735107524,507.90908298855686,509.73081113499734,513.9311431239017,513.6649134499918,513.3772073884388,512.4203124112673,511.7946979518935,508.9305609369214,506.0343780740077,502.6576157445674,500.9550044935171,498.25767685834427,494.47170353954743,489.4691375728624,483.59716714961473,471.73101818847783,506.69641470420885,511.7946979518935,483.59716714961473,508.4029559964169,509.4287449263892,503.5640537059421,"rgba(239, 83, 80, 1.0)",6.715349136641617,509.3612179572125,0.1502203418260414,48.805040307121004,3.2470376033788924,False,True,False,True,False,1.7574743123438914,0.0,0.0,0.0,0.0,1,0.9849052661817896,0.984879150725357,False,False,False,False,0.18583127343124545,0.22432295124111556,False,False,False,False,3247095.0,2991455.762859875,False,False,False,False,55448.20128685082,False,False,False,False
2025-09-23 16:00:00+00:00,510.435,511.865,509.94,510.43,33894.0,514.1592967677226,511.73767981449396,506.08300384940645,505.95253907707513,505.7455537369296,506.91656943042216,508.41054597633286,511.74868441105406,513.9788071088359,,511.9570182283004,506.731339103642,505.88060961698443,505.6982977423771,505.72903124984236,507.9185202997036,509.73382270386423,513.9239609712178,513.6587733597441,513.3720629987959,512.4173134560991,511.7928938249405,508.93321877011493,506.0406600145457,502.6675180401642,500.96654282505955,498.27152521500847,494.4884651536434,489.4894534635985,483.6217139559637,471.7625272304045,506.731339103642,511.7928938249405,483.6217139559637,508.41054597633286,509.4147422413637,503.5740603916197,"rgba(239, 83, 80, 1.0)",6.729012722917938,509.3592934875348,0.15911792064511443,46.42762613572243,1.108000068746442,False,True,False,True,False,1.8213285628978255,0.0,0.0,0.0,0.0,0,0.9836954391649139,0.9794625243327282,False,False,False,False,0.19222039180197317,0.20827167152154435,False,False,False,False,3280989.0,2995944.650257396,False,False,False,False,55114.027623488786,False,False,False,False
2025-09-23 17:00:00+00:00,510.48,511.3,509.0,509.905,39498.0,513.9107111557594,511.69558843756926,506.1157829417512,505.98237836634866,505.7682012900379,506.92957077659315,508.4167831756727,511.7434730824276,513.9680223035974,,511.90102403195147,506.7645506733843,505.9131261279488,505.72496193106895,505.7506986449377,507.92682505411966,509.7349762525414,513.9138592036761,513.6499964468042,513.3645557201395,512.4124235471824,511.789446640762,508.93515312695746,506.04690954940054,502.6780628904983,500.97902653199156,498.2867511785751,494.5071433693294,489.51232733689017,483.64955111464303,471.79854553408427,506.7645506733843,511.789446640762,483.64955111464303,508.4167831756727,509.39227905886196,503.5828530908041,"rgba(239, 83, 80, 1.0)",6.611694357670007,509.35165858333323,0.08369131825109653,44.21378853094124,-0.9191076853472708,False,True,False,True,False,1.2279623842331553,0.0,0.0,0.0,0.0,0,0.9805014291121232,0.9811539917255063,False,False,False,False,0.16912001821939285,0.1886958448704686,False,False,False,False,3241491.0,2999751.570408444,False,False,False,False,54871.91866808586,False,False,False,False
2025-09-23 18:00:00+00:00,509.905,511.365,508.61,508.765,50765.0,513.5969922648316,511.6291810696458,506.15202060455283,506.0155916303637,505.7936967512624,506.9435487328742,508.4223809546831,511.7348837076137,513.9525232798277,,511.81582954636656,506.80010978296923,505.9493586489565,505.75495831183633,505.7751170561496,507.93499244394786,509.73429240414293,513.8993144492524,513.6372492383996,513.353534855098,512.4048655192854,511.78378497069536,508.9365623918236,506.0539414425332,502.69067903220355,500.99416175124725,498.30545406412557,494.53033267750277,489.54095489381706,483.6845832757607,471.84414944385776,506.80010978296923,511.78378497069536,483.6845832757607,508.4223809546831,509.36009099951724,503.59162981904626,"rgba(239, 83, 80, 1.0)",6.503867733546056,509.3380669412105,-0.088111715165228,41.417214614969424,-3.511201256630372,False,True,False,True,False,0.0,0.0,0.0,0.0,0.0,0,0.9796733684689961,0.9801938968052575,False,False,False,False,0.16415576726961648,0.17642580607004255,False,False,False,False,3190726.0,3002712.41427808,False,False,False,False,54808.24551044112,False,False,False,False
2025-09-23 19:00:00+00:00,508.775,510.875,507.31,509.54,87153.0,513.1152524108375,511.5070984013441,506.20652752424286,506.06592536320574,505.8328399033924,506.96416942681174,508.4290942400123,511.7180050463484,513.9241292012608,,511.6632325161578,506.85192672216004,506.0042767536289,505.8009215522741,505.8126562218425,507.94598203993104,509.730588564984,513.8726322820186,513.6137406523239,513.3330802024635,512.3904407211853,511.7726505310196,508.9377028408513,506.06479656964456,502.7111726930297,501.01900289519415,498.33645976690366,494.56908668865594,489.58908588653514,483.74372309609595,471.9214860469605,506.85192672216004,511.7726505310196,483.74372309609595,508.4290942400123,509.3070046130507,503.6040307258981,"rgba(239, 83, 80, 1.0)",6.365048082305111,509.3133687979006,0.03560557582109666,41.06677938310557,-3.8985889098430775,False,True,False,True,False,0.8112847141386652,0.0,0.0,0.0,0.0,0,0.980100340951813,0.9790372972762749,False,False,False,False,0.13695067058302643,0.1566882383265345,False,False,False,False,3277879.0,3006978.562893924,False,False,False,False,55309.714572294746,False,False,False,False
2025-09-24 14:00:00+00:00,508.575,510.68,508.04,509.325,42551.0,512.9222495502632,511.45451705589466,506.23335779032243,506.09074005952,505.85221775116355,506.9745685345962,508.43275711131935,511.7101984731363,513.9107032267995,,511.59811790923777,506.87752853829,506.03129104125424,505.82360702567854,505.8312512623571,507.9517168494352,509.7291905089018,513.8600134201785,513.602631895464,513.3234257514263,512.3836827028719,511.7674773014207,508.9384508628352,506.07024663737485,502.7212945386119,501.0312335117908,498.35168144530934,494.58807061857493,489.61262678374163,483.772618177819,471.9592358537761,506.87752853829,511.7674773014207,483.772618177819,508.43275711131935,509.2868121725572,503.61073298268326,"rgba(239, 83, 80, 1.0)",6.169763404575106,509.3045249863397,0.0033186059687668884,40.54238263142122,-4.595580804304312,False,True,False,True,False,0.564482009457997,0.0,0.0,0.0,0.0,0,0.9822326820374225,0.9782499062495962,False,False,False,False,0.14505893185973764,0.1508735850931361,False,False,False,False,3235328.0,3010518.8642444056,False,False,False,False,55111.90504404211,False,False,False,False
2025-09-24 15:00:00+00:00,509.35,510.86,507.85,508.27,34187.0,512.7669100650379,511.4072776121855,506.25216535276934,506.1082636836474,505.86606728958554,506.98161834833144,508.43454603133824,511.7030264187085,513.899138358811,,511.54055220446077,506.8948194746671,506.0503918934529,505.8398095831194,505.8445563474176,507.95512796684,509.7270345443691,513.8491321199066,513.5930072836968,513.3150131433918,512.3776422980039,511.76272932458284,508.9385310699478,506.0741395455824,502.7289700184811,501.0406157194982,498.3634868136139,494.60292170627696,489.6311603045005,483.79546473613345,471.9892228302217,506.8948194746671,511.76272932458284,483.79546473613345,508.43454603133824,509.26877924004606,503.6149680441983,"rgba(239, 83, 80, 1.0)",5.945423789436851,509.29557719093543,-0.17249858500542536,38.7896876691219,-6.477948624321876,False,True,False,True,False,0.0,0.0,0.0,0.0,0.0,0,0.9853286536426746,0.9756380809827352,False,False,False,False,0.14490720499430976,0.14789039504372292,False,False,False,False,3201141.0,3013474.2461941047,False,False,False,False,54787.48791157634,False,False,False,False
2025-09-24 16:00:00+00:00,508.27,508.85,507.235,507.25,29321.0,512.6032959262961,511.3485059809515,506.261033166667,506.11686662917595,505.8732713654096,506.9839974548359,508.43275488269086,511.6941606415305,513.886816988679,,511.4705681477181,506.9009689870955,506.0598960365149,505.8482711519665,505.85150985979556,507.9546327931164,509.7221500324051,513.83751282966,513.582612523845,513.305802761793,512.3706250173561,511.75688919018324,508.93707867404004,506.0760838911466,502.73426416090643,501.0474182316142,498.37243610209833,494.61456123029063,489.6460319504631,483.8140832502138,472.0140597713149,506.9009689870955,511.75688919018324,483.8140832502138,508.43275488269086,509.2445225595818,503.61511698064453,"rgba(239, 83, 80, 1.0)",5.761510467301987,509.2807932503794,-0.3524758415184139,36.39940426348207,-8.901488866599657,False,True,False,True,False,0.0,0.0,0.0,0.0,0.0,0,0.9856373662017515,0.9827440804411288,False,False,False,False,0.10528601189524782,0.12658820346948538,False,False,False,False,3171820.0,3015929.2191213276,False,False,False,False,54392.65864162942,False,False,False,False
2025-09-24 17:00:00+00:00,507.5,508.35,506.115,507.605,23727.0,512.4676481940952,511.2968679227658,506.26616067460293,506.1220132444704,505.87777983304807,506.98489581459046,508.43038328659156,511.6862461888835,513.8761968347864,,511.4095604923086,506.90352127076386,506.06564225917003,505.85358033556287,505.8558768455234,507.95328057752175,509.71736174874576,513.8274907602103,513.5736189836128,513.2978051201397,512.3644422177732,511.75167623220403,508.93547930880976,506.0772650965024,502.7381826847551,501.05256866206753,498.37934146128504,494.623663839877,489.6577690375631,483.82886375666703,472.03389631544366,506.90352127076386,511.75167623220403,483.82886375666703,508.43038328659156,509.2231324437593,503.61432795269087,"rgba(239, 83, 80, 1.0)",5.695210712785655,509.267226178799,-0.29186385941213544,35.6967797000284,-9.743099623952979,False,True,False,True,False,0.0,0.0,0.0,0.0,0.0,0,0.9840043483324922,0.9764465323342523,False,False,False,False,0.08100517090825554,0.10379668718887046,False,False,False,False,3195547.0,3018713.990917896,False,False,False,False,53917.22207354214,False,False,False,False
2025-09-24 18:00:00+00:00,507.65,509.7,506.34,509.685,15097.0,512.4046484344568,511.2746475294535,506.27301541913135,506.1284752525855,505.88298575001465,506.9873310141633,508.43058579850623,511.68263824077826,513.8707168391647,,511.38306418796964,506.9094567510052,506.0726974202313,505.8596614660039,505.8608872839582,507.95417385663467,509.7158923067477,513.8223276463469,513.569028861759,513.2937688096948,512.3614713252285,511.7492834503084,508.935247341952,506.078730162218,502.74132930598927,501.05647389043725,498.3843252101754,494.63000240548934,489.6657425284425,483.83874512229914,472.04694124835726,506.9094567510052,511.7492834503084,483.83874512229914,508.43058579850623,509.215004919806,503.6156785991071,"rgba(239, 83, 80, 0.75)",5.635178835980173,509.262752059555,0.07493070809909072,39.71526520756514,-9.743099623952979,False,True,False,True,True,1.0492972380465844,0.0,0.0,0.0,0.0,0,0.9894204529287756,0.9729691278987056,False,False,False,False,0.1046100028450965,0.10420334501698347,False,False,False,False,3210644.0,3021689.649973432,False,False,False,False,53315.35816542521,False,False,False,False
2025-09-24 19:00:00+00:00,509.65,510.51,509.04,510.19,49581.0,512.2789134794856,511.2391026309437,506.3081672112073,506.16093949974623,505.90837230440474,507.0019739924189,508.43737363260095,511.6759254616518,513.8573272532883,,511.33928878442913,506.94408465524936,506.1078356951368,505.8891930363218,505.8852636216069,507.9633750190825,509.71672288397247,513.8097489305285,513.5580372580514,513.2843072104279,512.3551841522485,511.7447529865821,508.9373100151156,506.0861027511128,502.75400481144726,501.07154873214876,498.40280345908474,494.65277278662563,489.693731578561,483.87289447653666,472.09128473771386,506.94408465524936,511.7447529865821,483.87289447653666,508.43737363260095,509.2075661628608,503.62667845628494,"rgba(239, 83, 80, 0.75)",5.538620791337452,509.2627026758012,0.16742386943137413,43.31710043614094,-11.629587031081961,False,True,False,True,True,1.628161035809324,0.0,0.0,0.0,0.0,0,1.0003642560720185,0.968283703443521,False,False,False,False,0.15767609400680097,0.1309397195118922,False,False,False,False,3260225.0,3025387.872454464,False,False,False,False,53257.46113960466,False,False,False,False
2025-09-25 14:00:00+00:00,506.18,510.0,505.05,509.71,75064.0,511.99315771489546,511.1255612365258,506.33619431269193,506.1877627985679,505.93052320511885,507.01138367912375,508.4361068743097,511.6563782964076,513.8287675217312,508.25333333333333,511.2061380711619,506.96654252172203,506.1371478302633,505.91498377643615,505.90663462781174,507.96542216051984,509.7074618001349,513.7828105328406,513.5339993777117,513.2630784833173,512.3392975691725,511.7317578518824,508.9351331741764,506.0923928694208,502.76868022498326,501.0900075605302,498.4266481847676,494.68338163615016,489.7324923069742,483.92114063133204,472.1552841654441,506.96654252172203,511.7317578518824,483.92114063133204,508.4361068743097,509.16731507104134,503.84153494045853,"rgba(239, 83, 80, 0.75)",5.4148004962675715,508.96283261291626,0.13798613404108687,44.81530332761776,-10.247224438279666,False,True,False,True,True,1.0507812864577524,0.0,0.0,0.0,0.0,1,0.9899914985702141,0.9628255661179382,False,False,False,False,0.08976077743520755,0.11035024847354988,False,False,False,False,3185161.0,3027864.975207108,False,False,False,False,53595.54701340924,False,False,False,False
2025-09-25 15:00:00+00:00,509.78,509.78,506.52,508.58,45382.0,511.84091018230106,511.06191005540967,506.35309593098884,506.20395617927204,505.94394044974547,507.01718525694787,508.4355152077987,511.6448060876778,513.8117645814294,508.2684046516004,511.13208664501326,506.98016073375106,506.15481166514843,505.93056721247217,505.9195860332576,507.96681586479406,509.7020718569747,513.7667674118665,513.5196812817878,513.2504325341938,512.3298458921446,511.72403791084366,508.93390063114106,506.0962481192184,502.77757914933005,501.1011834581255,498.44106670936077,494.70187467129034,489.7558981802787,483.9502644583659,472.193909767381,506.98016073375106,511.72403791084366,483.9502644583659,508.4355152077987,509.14589821461897,503.8453270381064,"rgba(239, 83, 80, 0.75)",5.2863813454663635,508.95166345812396,-0.07030583566255905,43.83221628168675,-10.247224438279666,False,True,False,True,True,0.0,0.0,0.0,0.0,0.0,1,0.9936661409994569,0.971898348026163,False,False,False,False,0.1085171675182594,0.10943370799590464,False,False,False,False,3139779.0,3029600.0763666877,False,False,False,False,53468.20519924786,False,False,False,False
2025-09-25 16:00:00+00:00,508.61,509.03,506.55,508.0,25071.0,511.75242362906437,511.0226440599454,506.36025099004985,506.2109624401582,505.9499324423382,507.0192871512028,508.434200646144,511.63762499629155,513.8016820456565,508.1980409619953,511.08676790686525,506.9851215527269,506.162494087787,505.9375260392991,505.9253856824469,507.96656564615057,509.69820127376244,513.7572461359078,513.5111517777513,513.2428656188531,512.3240847672333,511.7192511078791,508.93276249531505,506.0979532185653,502.7820977593574,501.10697155727155,498.4486645264226,494.71174445811744,489.7685016395252,483.9660380296716,472.21495713190683,506.9851215527269,511.7192511078791,483.9660380296716,508.434200646144,509.132112044539,503.8429269715823,"rgba(239, 83, 80, 1.0)",5.154350477685018,508.93985881662337,-0.18234282295942963,42.24186641391968,-10.247224438279666,False,True,False,True,False,0.0,0.0,0.0,0.0,0.0,1,0.98937988440513,0.9816431171474425,False,False,False,False,0.09770503925205018,0.10356937362397742,False,False,False,False,3114708.0,3030919.579058677,False,False,False,False,53027.938451972695,False,False,False,False
2025-09-25 17:00:00+00:00,508.01,508.23,506.195,507.235,20310.0,511.67225341526824,510.98523832252783,506.36354534400016,506.2144089074757,505.95314187680447,507.01969183485284,508.43195805546947,511.6308453518513,513.792662106673,508.07825340063243,511.0438643051328,506.9861895061329,506.16633969327484,505.9412622051167,505.92851273893086,507.9651515895178,509.69399007189537,513.7487207971425,513.503480453517,513.236024248445,512.318761017091,511.7147403756139,508.9312932554562,506.0988312729988,502.7852917787983,501.11120953625453,498.4543925842545,494.719340457972,489.7783381012873,483.9784590835555,472.2316835724421,506.9861895061329,511.7147403756139,483.9784590835555,508.43195805546947,509.11819391276924,503.83700591115735,"rgba(239, 83, 80, 1.0)",5.05567792746642,508.92490770385666,-0.33425936701302494,40.00429496659092,-10.247224438279666,False,True,False,True,False,0.0,0.0,0.0,0.0,0.0,1,0.9809829199659708,0.9837576074864213,False,False,False,False,0.08040696447161812,0.09198816904779777,False,False,False,False,3094398.0,3031903.7406236585,False,False,False,False,52520.683592252186,False,False,False,False
2025-09-25 18:00:00+00:00,507.235,507.69,505.94,507.105,72374.0,511.38998018460853,510.8472831562065,506.3709287718073,506.2227934387985,505.9616961764096,507.018921234976,508.4220175138399,511.6051775573439,513.7592214444328,507.7238025449096,510.8866982044311,506.9850013023534,506.1758744532566,505.9512327235259,505.93690284353727,507.9580887659558,509.6772434253659,513.7170947503006,513.4749614243385,513.2105280965145,512.2987381999391,511.6976421932752,508.92513845808736,506.1010916264496,502.7958475206269,501.12550392796857,498.4740277811062,494.74566789746825,489.8126819659161,484.02202763136086,472.2906338141076,506.9850013023534,511.6976421932752,484.02202763136086,508.4220175138399,509.0664466087137,503.81756497958156,"rgba(239, 83, 80, 1.0)",4.9458691226460045,508.87288074750484,-0.3574459217713823,38.311332494705525,-6.7703417573958475,False,True,False,True,False,0.0,0.0,0.0,0.0,0.0,1,0.9790840576665528,0.9855571019668603,False,False,False,False,0.06852895473631057,0.08025856189205417,False,False,False,False,3022024.0,3031750.5663504237,False,False,False,False,52828.48694741107,False,False,False,False
2025-09-25 19:00:00+00:00,507.15,507.73,505.77,506.85,47981.0,511.215744938636,510.758044121961,506.3745790867185,506.2272267699801,505.9665288331476,507.017812329192,508.41494479037374,511.58785313197296,513.7368181015386,507.5661243777271,510.78577534183705,506.9828919038247,506.1809830166666,505.9568623461925,505.94166467185187,507.9528905034448,509.665741713717,513.6958964169046,513.4558230766132,513.1933961297021,512.2852311510142,511.68607158689537,508.92081995927083,506.10234707470204,502.80259855066845,501.1347324269382,498.48679770637557,494.7628758723906,489.83520442972565,484.05065922538813,472.3294606032225,506.9828919038247,511.68607158689537,484.05065922538813,508.41494479037374,509.0332835670579,503.8079476402307,"rgba(239, 83, 80, 1.0)",4.817190672263003,508.8426181887804,-0.413647356799417,36.76191546487633,-8.38600284588938,False,True,False,True,False,0.0,0.0,0.0,0.0,0.0,1,0.9749852352516569,0.9860489533433954,False,False,False,False,0.06658856235484173,0.07342356212344794,False,False,False,False,2974043.0,3030855.8753992547,False,False,False,False,52753.332111017095,False,False,False,False
2025-09-26 14:00:00+00:00,512.75,512.75,506.89,507.675,51616.0,511.1332207314513,510.7198966031243,506.40033255920696,506.2515049330799,505.98626213689005,507.0283277022501,508.4181339665264,511.5782936053299,513.7208709899721,507.80126669390194,510.7424509209061,507.0065045573778,506.2071989616875,505.9796092774727,505.9606939492101,507.9583487999778,509.6633544386366,513.6808470104911,513.4424778802319,513.1817062448545,512.2768748482147,511.67955064752925,508.92121858881603,506.10827935770715,502.81405636378634,501.1486931462212,498.5043232810408,494.78489746245987,489.8626764090116,484.0845170533994,472.3739393775653,507.0065045573778,511.67955064752925,484.0845170533994,508.4181339665264,509.02631591420345,503.8265220577499,"rgba(239, 83, 80, 1.0)",4.680649713309402,508.8527688259645,-0.25162507303537945,38.299698215822595,-8.38600284588938,False,True,False,True,False,0.0,0.0,0.0,0.0,0.0,1,0.9760115269286187,0.9748432571361817,False,False,False,False,0.15904714668894565,0.1162353544061968,False,False,False,False,3025659.0,3030775.3036876386,False,False,False,False,52735.69905503233,False,False,False,False
2025-09-26 15:00:00+00:00,507.725,508.23,506.53,506.915,23898.0,511.0637325933061,510.68294972597624,506.40391822507837,506.25529264687987,505.98985777386724,507.02878539257415,508.4155863574828,511.5705470785279,513.7105325884819,507.7631915660298,510.70096736276355,507.00762442130423,506.2114064862564,505.9837616994493,505.96420549699235,507.956743709279,509.6585575632701,513.6710635235719,513.4336607209829,513.1738309630321,512.2707364189953,511.674346093614,508.9195205368882,506.109299924421,502.817766065456,501.1536169386791,498.5109824021901,494.79373492803757,489.8741291998691,484.09898657255087,472.3934442827395,507.00762442130423,511.674346093614,484.09898657255087,508.4155863574828,509.0134669313528,503.82461713074423,"rgba(239, 83, 80, 1.0)",4.543373545190373,508.8423506084845,-0.42421134632981217,37.8418650157678,-8.38600284588938,False,True,False,True,False,0.0,0.0,0.0,0.0,0.0,1,0.9768932695308437,0.9864506397586603,False,False,False,False,0.08541875877602033,0.10082705659110856,False,False,False,False,3001761.0,3030325.4695219384,False,False,False,False,52288.60294565198,False,False,False,False
2025-09-26 16:00:00+00:00,506.8,509.16,506.7,509.04,22314.0,511.0185997457568,510.65965764591726,506.4115848517698,506.2626940749234,505.99610195587627,507.03154165535847,508.41535637167766,511.5651220208878,513.7025042256803,507.7943843563102,510.6748160317801,507.01377979002734,506.21943731653596,505.99095031081845,505.9702473763245,507.9574437716469,509.65606665056725,513.6634742098233,513.4268720808154,513.1678218486818,512.266236557417,511.6706689416174,508.91894199478367,506.11116770224993,502.82206776431906,501.1590199233387,498.51795688765253,494.802687894086,489.8854709473109,484.11310796810943,472.41219813861824,507.01377979002734,511.6706689416174,484.11310796810943,508.41535637167766,509.0070180608719,503.8279462937651,"rgba(239, 83, 80, 0.75)",4.372002501581896,508.8403335616783,0.04566933304578348,42.85061622475641,-11.9121911168669,False,True,False,True,True,0.47885560667464944,0.0,0.0,0.0,0.0,1,0.9749918635683135,0.987736770162078,False,False,False,False,0.1019069127754373,0.10136698468327293,False,False,False,False,3024075.0,3030228.563017722,False,False,False,False,51823.8804193628,False,False,False,False
2025-09-26 17:00:00+00:00,508.85,509.78,508.275,508.57,19050.0,510.9891253440194,510.64488845036885,506.42005919070135,506.27074203687636,506.0027299125654,507.0349476931832,508.4161358358312,511.5613178597686,513.6963965302087,507.8454579632479,510.6582341632369,507.02131713369755,506.2281260671266,505.9985716778028,505.9766477617991,507.95903859634524,509.65484595648616,513.6577047740453,513.4217390578433,513.1633080360147,512.2629587475349,511.6680704495291,508.91890698975175,506.1131779775299,502.8261198159876,501.163997017592,498.52425285279605,494.81064708597887,489.89544462974334,484.1254370049969,472.42844953965346,507.02131713369755,511.6680704495291,484.1254370049969,508.4161358358312,509.0040380948359,503.8328387863063,"rgba(239, 83, 80, 0.75)",4.2356353182862625,508.8418196299502,-0.06417446487346912,45.147064764949995,-9.777337539578,False,True,False,True,True,0.0,0.0,0.0,0.0,0.0,1,0.9761755567739746,0.9880681966528292,False,False,False,False,0.13498317823786077,0.11817508146056685,False,False,False,False,3005025.0,3029837.8101027184,False,False,False,False,51315.75824231842,False,False,False,False
2025-09-26 18:00:00+00:00,508.565,511.33,508.425,511.28,26700.0,510.9769467248375,510.6414499459983,506.4388925887216,506.2882588645016,506.0166964057512,507.0434972594229,508.4207094742376,511.55891188887483,513.6904641718605,508.0007487589973,510.65424098513023,507.0400756447265,506.2469191305516,506.0146105333066,505.99009681662466,507.96483693075436,509.65635440606553,513.6521200408353,513.4168838901257,513.1591607322555,512.2603640109263,511.666349098232,508.92049747708114,506.1174876573894,502.83316790395725,501.17228977045943,498.53431563042943,494.8229517236009,489.9104871952317,484.1437215471604,472.4521204336691,507.0400756447265,511.666349098232,484.1437215471604,508.4207094742376,509.00842525824504,503.8468091053413,"rgba(38, 166, 154, 1.0)",4.123382647708528,508.8549187000719,0.5881290937855992,51.32471363641544,-4.123898239336974,True,False,True,False,True,3.211377902180164,0.0,0.0,0.0,0.0,1,0.9748451408047474,0.9835901306543129,False,False,False,False,0.16079991135945323,0.13948749641001004,False,False,False,False,3031725.0,3029867.068860816,False,False,False,False,50934.11857964681,False,False,False,False
2025-09-26 19:00:00+00:00,511.3,512.06,509.5,511.56,51529.0,510.9791665095292,510.650078295025,506.4811103409758,506.3273619896651,506.04768578705114,507.06332030091363,508.4326411499625,511.5569384549993,513.6814405092637,508.32614488730616,510.6635039587176,507.08317453929806,506.28877688151096,506.05014657854696,506.0199248612754,507.9791923649888,509.66216635780074,513.6436488870111,513.4096671449216,513.1531593665725,512.2571860289546,511.6647803460106,508.92504969435845,506.12714354370746,502.84798793754464,501.1894613018924,498.554827627408,494.84770453504603,489.9404409915718,484.1798714538889,472.4985563769519,507.08317453929806,511.6647803460106,484.1798714538889,508.4326411499625,509.0244159263762,503.8778416211493,"rgba(38, 166, 154, 1.0)",3.96621578215241,508.8874694023096,0.6738238019516088,55.82126383585449,-0.1945527103953708,True,False,True,False,True,3.5450547927552662,0.0,0.0,0.0,0.0,1,0.9779757421499625,0.9815858504532118,False,False,False,False,0.18844666062202461,0.16396707851601733,False,False,False,False,3083254.0,3030694.7732195626,False,False,False,False,50943.34154740422,False,False,False,False
2025-09-29 14:00:00+00:00,515.63,517.23,514.215,514.23,59031.0,511.14376404641945,510.760796053616,506.572064927954,506.4104592699193,506.1120892208765,507.1094347869586,508.46790310136106,511.5728497679576,513.6874373450752,509.0798580871829,510.78562338565445,507.18244878911185,506.37729258224823,506.12387296885737,506.08179323490504,508.0177355029772,509.68880651727625,513.6495021183113,513.4159594552256,513.1598592043083,512.2660134421528,511.6749662319188,508.94051246592164,506.1475420329045,502.8735396712924,501.217385791212,498.5860922880754,494.88327331467855,489.9814369900858,484.22759895506334,472.5573770828222,507.18244878911185,511.6749662319188,484.22759895506334,508.46790310136106,509.0929776133487,503.9508404596447,"rgba(38, 166, 154, 1.0)",3.8668670827945633,508.98440741094646,1.3565484607406257,61.76240396380456,5.030095077491332,True,False,True,False,True,6.636911386111677,0.0,0.0,0.0,0.0,0,0.9817084935876822,0.9751225222212223,False,False,False,False,0.34282825109629184,0.25339766480615455,False,False,False,False,3142285.0,3032424.854254918,False,False,False,False,51068.731600932835,False,False,False,False
2025-09-29 15:00:00+00:00,514.3,516.585,511.285,513.59,45898.0,511.2220711652365,510.8172974975181,506.6302148944513,506.4638756874377,506.1539185091296,507.1387860521251,508.4894197104958,511.58040334798704,513.6878365755546,509.4509879970705,510.847498101473,507.2447847163749,506.4341751163485,506.17165940880955,506.12202153441115,508.04163445751897,509.70413205781017,513.6499913920547,513.4170454395595,513.1615148505382,512.2695989811239,511.67972730388817,508.94980662375053,506.1608941648226,502.89108232679666,501.23685100213254,498.6082745448739,494.9089389453312,490.01145159451625,484.2629294924674,472.60149747026765,507.2447847163749,511.67972730388817,484.2629294924674,508.4894197104958,509.13153593777065,503.9921135237246,"rgba(38, 166, 154, 1.0)",3.7752154845675956,509.0372214670409,1.2059652095542766,64.16715149859816,7.005105116617543,True,False,True,False,True,5.78195482992821,0.0,0.0,0.0,0.0,0,0.9713019221215944,0.9787917001031762,False,False,False,False,0.28457276143981647,0.2689852131229855,False,False,False,False,3096387.0,3033416.5154292607,False,False,False,False,50988.56521952303,False,False,False,False
2025-09-29 16:00:00+00:00,513.63,516.975,511.815,514.84,39465.0,511.3035804486337,510.87554452700226,506.68442939986767,506.51364942608154,506.19288327084143,507.16652911000614,508.51027449800614,511.58894234854415,513.6900461876857,509.77218804357267,510.91118147739496,507.3032492506815,506.4871167656866,506.21611748006063,506.15949746775385,508.06457962314704,509.7195188895528,513.6521902577565,513.4196423910537,513.1644883287993,512.2741009708908,511.6851820453563,508.9589525816388,506.1734185230174,502.90711669201113,501.25449933530643,498.6282006775113,494.9317937263252,490.0379812642457,484.2939825553697,472.64002304841415,507.3032492506815,511.6851820453563,484.2939825553697,508.51027449800614,509.1695421351854,504.0297736997976,"rgba(38, 166, 154, 1.0)",3.6501419483640767,509.08673931821687,1.576174505860426,67.03451172984659,9.59717918279322,True,False,True,False,True,7.197127836395477,0.0,0.0,0.0,0.0,0,0.9790899945241764,0.9744546461726546,False,False,False,False,0.2993713098281723,0.2841782614755789,False,False,False,False,3135852.0,3035004.662476869,False,False,False,False,50809.90529363895,False,False,False,False
2025-09-29 17:00:00+00:00,514.85,516.96,513.705,514.38,30413.0,511.3724701326521,510.9248183775862,506.7281818919942,506.55381890513917,506.224346888289,507.18912533343905,508.52749692215554,511.5965344850963,513.6926781641539,510.0152159541693,510.9649613536623,507.35056257106356,506.5298071989824,506.2519798740271,506.18976285599825,508.08343099894984,509.7324627922113,513.6547703804787,513.422472144609,513.167551936576,512.2782768008785,511.6900628508254,508.96657395102375,506.1835871522338,502.9199428628142,501.26854939479415,498.64397651170884,494.9497928083932,490.05877952168777,484.31824208880033,472.6699974862177,507.35056257106356,511.6900628508254,484.31824208880033,508.52749692215554,509.20105234450057,504.05957997682293,"rgba(38, 166, 154, 1.0)",3.5222470727371133,509.12652989227854,1.491510958553802,67.77757775747097,10.387248763890732,True,False,True,False,True,6.570878771850481,0.0,0.0,0.0,0.0,0,0.9811277564412344,0.9782155301777863,False,False,False,False,0.3299380990638508,0.3070581802697149,False,False,False,False,3105439.0,3036096.6677097855,False,False,False,False,50493.67420381509,False,False,False,False
2025-09-29 18:00:00+00:00,514.585,515.16,513.575,514.73,31202.0,511.4306969627822,510.96781194129954,506.7697717645294,506.59209711124396,506.25447434346296,507.2106218857313,508.543644878865,511.6030940397166,513.6942964123448,510.21828683239784,511.01170399104615,507.3952094554973,506.5704721609901,506.28627699589225,506.21875894117437,508.10120400379657,509.74435945836063,513.656386315799,513.4244082312684,513.1697914745298,512.28172583929,511.69426461101745,508.97369401715565,506.1933746090351,502.9325018079854,501.28238304392005,498.6596104086792,494.9677415274116,490.0796318328495,484.34266485986166,472.7003235769003,507.3952094554973,511.69426461101745,484.34266485986166,508.543644878865,509.2296121488862,504.08658063612984,"rgba(38, 166, 154, 1.0)",3.4265032842126892,509.16200705611544,1.6249781430353827,68.67869625826957,11.523950848575495,True,False,True,False,True,6.9732752272182275,0.0,0.0,0.0,0.0,0,0.9794325788970357,0.9838316863245147,False,False,False,False,0.2984830854956066,0.3027706328826607,False,False,False,False,3136641.0,3037655.494566998,False,False,False,False,50194.578479724936,False,False,False,False
2025-09-29 19:00:00+00:00,514.485,516.76,513.585,514.63,57249.0,511.54874463455513,511.054957186808,506.84983351173224,506.66579354680994,506.31252871349324,507.25244111728574,508.5755359458167,511.6171384918841,513.6991197982927,510.585317016029,511.1062786079067,507.4814019166142,506.64868793245245,506.3522841300636,506.274643234825,508.13610812146305,509.76833279638606,513.6611189343399,513.4296142439446,513.1754419181428,512.2894632945753,511.7033241082481,508.98789819032436,506.21235867577934,502.95647460583126,501.3086542247207,498.6891247726474,495.0014349120993,490.11858598113344,484.38811922103133,472.7565200631487,507.4814019166142,511.7033241082481,484.38811922103133,508.5755359458167,509.2862325496309,504.1377812228049,"rgba(38, 166, 154, 1.0)",3.2847549170110564,509.23036429577667,1.6438473617193625,68.98414401699935,12.235817141507205,True,False,True,False,True,6.832978538016093,0.0,0.0,0.0,0.0,0,0.9792919001528275,0.9801451859398886,False,False,False,False,0.3246805112187925,0.3137255720507266,False,False,False,False,3079392.0,3038302.57217061,False,False,False,False,50303.94935600827,False,False,False,False
