date,Close,High,Low,Open,Volume,aVWAP_peak_875,aVWAP_valley_893,aVWAP_valley_870,aVWAP_valley_845,aVWAP_valley_817,aVWAP_valley_793,aVWAP_valley_751,aVWAP_valley_721,aVWAP_valley_695,aVWAP_valley_670,aVWAP_valley_669,aVWAP_valley_649,aVWAP_valley_617,aVWAP_valley_616,aVWAP_valley_612,aVWAP_valley_577,aVWAP_valley_531,aVWAP_valley_520,aVWAP_valley_487,aVWAP_valley_468,aVWAP_valley_467,aVWAP_valley_438,aVWAP_valley_402,aVWAP_valley_377,aVWAP_valley_373,aVWAP_valley_372,aVWAP_valley_369,aVWAP_valley_368,aVWAP_valley_351,aVWAP_valley_350,aVWAP_valley_330,aVWAP_valley_301,aVWAP_valley_287,aVWAP_valley_241,aVWAP_valley_227,aVWAP_valley_211,aVWAP_valley_184,aVWAP_valley_170,aVWAP_OB_bull_893,aVWAP_OB_bull_793,aVWAP_OB_bull_751,aVWAP_OB_bull_649,aVWAP_OB_bull_531,aVWAP_OB_bull_438,aVWAP_OB_bull_301,aVWAP_OB_bull_211,Peaks_avg,Valleys_avg,color,StDev,StDev_Mean,StdDev_ZScore,QQEMOD,QQE1_Value,QQE1_Above_Upper,QQE1_Below_Lower,QQE2_Above_Threshold,QQE2_Below_Threshold,QQE2_Above_TL,banker_RSI,OB,OB_High,OB_Low,OB_Mitigated_Index,TTM_squeeze_Active,VI_plus,VI_minus,VI_Regular_Bullish,VI_Regular_Bearish,VI_Hidden_Bullish,VI_Hidden_Bearish,Fisher,Fisher_Signal,Fisher_Regular_Bullish,Fisher_Regular_Bearish,Fisher_Hidden_Bullish,Fisher_Hidden_Bearish,OBV,OBV_Smoothed,OBV_Regular_Bullish,OBV_Regular_Bearish,OBV_Hidden_Bullish,OBV_Hidden_Bearish,Volume_MA,Vol_Regular_Bullish,Vol_Regular_Bearish,Vol_Hidden_Bullish,Vol_Hidden_Bearish
2022-01-03 00:00:00+00:00,1.47,1.48,1.41,1.48,5202355,,,,,,,,,,,,,,,,,,,,,,,,,,,,,,,,,,,,,,,,,,,,,,,,,#000000,,,,,,False,False,False,False,False,,0.0,0.0,0.0,0.0,0,,,False,False,False,False,,,False,False,False,False,0,0.0,False,False,False,False,5202355.0,False,False,False,False
2022-01-04 00:00:00+00:00,1.52,1.55,1.465,1.47,8606697,,,,,,,,,,,,,,,,,,,,,,,,,,,,,,,,,,,,,,,,,,,,,,,,,#000000,,,,100.0,,False,False,True,False,False,,0.0,0.0,0.0,0.0,0,,,False,False,False,False,,,False,False,False,False,8606697,337517.5294117647,False,False,False,False,5335858.607843137,False,False,False,False
2022-01-05 00:00:00+00:00,1.48,1.59,1.47,1.55,10417860,,,,,,,,,,,,,,,,,,,,,,,,,,,,,,,,,,,,,,,,,,,,,,,,,#000000,,,,84.39716312056737,-12.411347517730519,False,False,True,False,True,,0.0,0.0,0.0,0.0,0,,,False,False,False,False,,,False,False,False,False,-1811163,253255.54786620534,False,False,False,False,5535152.780084583,False,False,False,False
2022-01-06 00:00:00+00:00,1.45,1.495,1.42,1.48,9207998,,,,,,,,,,,,,,,,,,,,,,,,,,,,,,,,,,,,,,,,,,,,,,,,,#000000,,,,69.05577055313344,-12.411347517730519,False,False,True,False,True,,0.0,0.0,0.0,0.0,0,,,False,False,False,False,,,False,False,False,False,-11019161,-188800.0030305086,False,False,False,False,5679185.92596362,False,False,False,False
2022-01-07 00:00:00+00:00,1.5,1.505,1.42,1.45,7673863,,,,,,,,,,,,,,,,,,,,,,,,,,,,,,,,,,,,,,,,,,,,,,,,,#000000,,,,65.77301984043459,-12.411347517730519,False,False,True,False,True,,0.0,0.0,0.0,0.0,0,,,False,False,False,False,,,False,False,False,False,-3345298,-312584.2382057828,False,False,False,False,5757408.556317987,False,False,False,False
2022-01-10 00:00:00+00:00,1.53,1.53,1.45,1.47,8754612,,,,,,,,,,,,,,,,,,,,,,,,,,,,,,,,,,,,,,,,,,,,,,,,,#000000,,,,66.06504136272466,-12.411347517730519,False,False,True,False,True,,0.0,0.0,0.0,0.0,0,,,False,False,False,False,,,False,False,False,False,5409314,-88196.07200163446,False,False,False,False,5874945.946266301,False,False,False,False
2022-01-11 00:00:00+00:00,1.6,1.6,1.48,1.52,8543363,,,,,,,,,,,,,,,,,,,,,,,,,,,,,,,,,,,,,,,,,,,,,,,,,#000000,,,,69.80498054236105,-12.411347517730519,False,False,True,False,True,,0.0,0.0,0.0,0.0,0,,,False,False,False,False,,,False,False,False,False,13952677,462426.4014101944,False,False,False,False,5979589.752295074,False,False,False,False
2022-01-12 00:00:00+00:00,1.71,1.72,1.5905,1.6,11102510,,,,,,,,,,,,,,,,,,,,,,,,,,,,,,,,,,,,,,,,,,,,,,,,,#000000,,,,74.98894711898015,-12.411347517730519,False,False,True,False,True,,0.0,0.0,0.0,0.0,0,,,False,False,False,False,,,False,False,False,False,25055187,1426848.3856686181,False,False,False,False,6180488.585538404,False,False,False,False
2022-01-13 00:00:00+00:00,1.67,1.75,1.67,1.7,10927937,,,,,,,,,,,,,,,,,,,,,,,,,,,,,,,,,,,,,,,,,,,,,,,,,#000000,,,,74.90394478257542,-11.623224161486505,False,False,True,False,True,,0.0,0.0,0.0,0.0,0,,,False,False,False,False,,,False,False,False,False,14127250,1924903.3509365155,False,False,False,False,6366663.033164349,False,False,False,False
2022-01-14 00:00:00+00:00,1.64,1.68,1.6,1.67,11426006,,,,,,,,,,,,,,,,,,,,,,,,,,,,,,,,,,,,,,,,,,,,,,,,,#000000,,,,72.52769487051891,-11.322951302886715,False,False,True,False,True,,0.0,0.0,0.0,0.0,0,,,False,False,False,False,,,False,False,False,False,2701244,1955348.0822723384,False,False,False,False,6565068.639706925,False,False,False,False
2022-01-18 00:00:00+00:00,1.63,1.71,1.59,1.61,8086232,,,,,,,,,,,,,,,,,,,,,,,,,,,,,,,,,,,,,,,,,,,,,,,,,#000000,,,,70.19767401093347,-11.04814847188726,False,False,True,False,True,,0.0,0.0,0.0,0.0,0,,,False,False,False,False,,,False,False,False,False,-5384988,1667491.7653204822,False,False,False,False,6624722.104816457,False,False,False,False
2022-01-19 00:00:00+00:00,1.8,1.82,1.65,1.67,12316546,,,,,,,,,,,,,,,,,,,,,,,,,,,,,,,,,,,,,,,,,,,,,,,,,#000000,,1.7566666666666666,,73.0292331510251,-5.775707739374283,False,False,True,False,True,,0.0,0.0,0.0,0.0,0,,,False,False,False,False,,,False,False,False,False,6931558,1873925.7353079144,False,False,False,False,6847930.885019734,False,False,False,False
2022-01-20 00:00:00+00:00,1.72,1.81,1.72,1.81,9096202,,,,,,,,,,,,,,,,,,,,,,,,,,,,,,,,,,,,,,,,,,,,,,,,,#000000,,1.7538346459159126,,70.58908666829265,-5.775707739374283,False,False,True,False,True,,0.0,0.0,0.0,0.0,0,,,False,False,False,False,,,False,False,False,False,-2164644,1715550.4515703493,False,False,False,False,6936098.379724842,False,False,False,False
2022-01-21 00:00:00+00:00,1.63,1.73,1.62,1.72,11299928,,,,,,,,,,,,,,,,,,,,,,,,,,,,,,,,,,,,,,,,,,,,,,,,,#000000,,1.7214213776539302,,65.24852346431351,-5.775707739374283,False,False,True,False,True,,0.0,0.0,0.0,0.0,0,,,False,False,False,False,,,False,False,False,False,-13464572,1120251.5319009237,False,False,False,False,7107228.953068966,False,False,False,False
2022-01-24 00:00:00+00:00,1.64,1.66,1.5401,1.62,13130095,,,,,,,,,,,,,,,,,,,,,,,,,,,,,,,,,,,,,,,,,,,,,,,,,#000000,,1.690472798641106,,61.99561923760048,-5.775707739374283,False,False,True,False,True,,0.0,0.0,0.0,0.0,0,,,False,False,False,False,,,False,False,False,False,-334477,1063203.3541793188,False,False,False,False,7343419.778438811,False,False,False,False
2022-01-25 00:00:00+00:00,1.73,1.73,1.59,1.62,8241574,,,,,,,,,,,,,,,,,,,,,,,,,,,,,,,,,,,,,,,,,,,,,,,,,#000000,,1.6893848603170967,,62.31008644531306,-5.775707739374283,False,False,True,False,True,,0.0,0.0,0.0,0.0,0,,,False,False,False,False,,,False,False,False,False,7907097,1331591.3402899338,False,False,False,False,7378641.512617682,False,False,False,False
2022-01-26 00:00:00+00:00,1.61,1.74,1.6,1.72,11827240,,,,,,,,,,,,,,,,,,,,,,,,,,,,,,,,,,,,,,,,,,,,,,,,,#000000,,1.6823176020295472,,58.384966011107764,-5.775707739374283,False,False,True,False,False,,0.0,0.0,0.0,0.0,0,,,False,False,False,False,,,False,False,False,False,-3920143,1125640.9740040542,False,False,False,False,7553096.355260126,False,False,False,False
2022-01-27 00:00:00+00:00,1.52,1.6053,1.51,1.55,11544836,,,,,,,,,,,,,,,,,,,,,,,,,,,,,,,,,,,,,,,,,,,,,,,,,#000000,,1.6618653955979539,,53.41237556434841,-5.775707739374283,False,False,False,False,False,,0.0,0.0,0.0,0.0,0,,,False,False,False,False,,,False,False,False,False,-15464979,475028.42600389535,False,False,False,False,7709635.164857769,False,False,False,False
2022-01-28 00:00:00+00:00,1.53,1.53,1.44,1.49,9668659,,,,,,,,,,,,,,,,,,,,,,,,,,,,,,,,,,,,,,,,,,,,,,,,,#000000,,1.5719512350907836,,50.41401406223926,-5.775707739374283,False,False,False,False,False,,0.0,0.0,0.0,0.0,0,,,False,False,False,False,,,False,False,False,False,-5796320,229093.19361158574,False,False,False,False,7786459.628980994,False,False,False,False
2022-01-31 00:00:00+00:00,1.55,1.59,1.5,1.54,7006130,,,,,,,,,,,,,,,,,,,,,,,,,,,,,,,,,,,,,,,,,,,,,,,,,#000000,,1.5781364377800096,,49.075709534330805,-5.775707739374283,False,False,False,False,False,,0.0,0.0,0.0,0.0,0,,,False,False,False,False,,,False,False,False,False,1209810,267552.67621505295,False,False,False,False,7755858.467060172,False,False,False,False
2022-02-01 00:00:00+00:00,1.58,1.63,1.55,1.58,9963755,,,,,,,,,,,,,,,,,,,,,,,,,,,,,,,,,,,,,,,,,,,,,,,,,#000000,,1.5882847828881161,,49.1762345921656,-5.775707739374283,False,False,False,False,False,,0.0,0.0,0.0,0.0,0,,,False,False,False,False,,,False,False,False,False,11173565,695239.4340105411,False,False,False,False,7842442.644822518,False,False,False,False
2022-02-02 00:00:00+00:00,1.6,1.62,1.56,1.6,6538250,,,,,,,,,,,,,,,,,,,,,,,,,,,,,,,,,,,,,,,,,,,,,,,,,#000000,,1.5919389112008915,,49.903884653677174,-5.775707739374283,False,False,False,False,False,,0.0,0.0,0.0,0.0,0,,,False,False,False,False,,,False,False,False,False,17711815,1362556.1228728727,False,False,False,False,7791297.835221635,False,False,False,False
2022-02-03 00:00:00+00:00,1.56,1.605,1.515,1.57,7338792,,,,,,,,,,,,,,,,,,,,,,,,,,,,,,,,,,,,,,,,,,,,,,,,,#000000,,1.590292407704895,,49.03137886561279,-5.775707739374283,False,False,False,False,False,,0.0,0.0,0.0,0.0,0,,,False,False,False,False,,,False,False,False,False,10373023,1715907.7651131523,False,False,False,False,7773552.508350199,False,False,False,False
2022-02-04 00:00:00+00:00,1.58,1.605,1.5428,1.55,6280869,,,,,,,,,,,,,,,,,,,,,,,,,,,,,,,,,,,,,,,,,,,,,,,,,#000000,,1.5904291935736987,,49.18405435685732,-5.775707739374283,False,False,False,False,False,,0.0,0.0,0.0,0.0,0,,,False,False,False,False,,,False,False,False,False,16653892,2301711.0684420485,False,False,False,False,7715015.900179603,False,False,False,False
2022-02-07 00:00:00+00:00,1.72,1.72,1.57,1.61,8794767,,,,,,,,,,,,,,,,,,,,,,,,,,,,,,,,,,,,,,,,,,,,,,,,,#000000,,1.6008430024548659,,53.38489868864862,-5.775707739374283,False,False,True,False,False,,0.0,0.0,0.0,0.0,1,,,False,False,False,False,,,False,False,False,False,25448659,3209434.5167384385,False,False,False,False,7757359.080564717,False,False,False,False
2022-02-08 00:00:00+00:00,1.73,1.74,1.68,1.7,8233724,,,,,,,,,,,,,,,,,,,,,,,,,,,,,,,,,,,,,,,,,,,,,,,,,#000000,,1.6125750063600992,,56.4245470903284,-3.7537674718604706,False,False,True,False,True,,0.0,0.0,0.0,0.0,1,,,False,False,False,False,,,False,False,False,False,33682383,4404452.104317323,False,False,False,False,7776040.057797474,False,False,False,False
2022-02-09 00:00:00+00:00,1.72,1.76,1.7095,1.71,5677098,,,,,,,,,,,,,,,,,,,,,,,,,,,,,,,,,,,,,,,,,,,,,,,,,#000000,,1.62002954646915,,58.02951446955381,-1.6032675120609525,False,False,True,False,True,,0.0,0.0,0.0,0.0,1,,,False,False,False,False,,,False,False,False,False,28005285,5329974.962971546,False,False,False,False,7693728.604550514,False,False,False,False
2022-02-10 00:00:00+00:00,1.72,1.79,1.68,1.7,12076177,,,,,,,,,,,,,,,,,,,,,,,,,,,,,,,,,,,,,,,,,,,,,,,,,#000000,,1.6328840324542313,,59.09949272237075,0.023965233464792846,False,False,True,False,True,,0.0,0.0,0.0,0.0,1,,,False,False,False,False,,,False,False,False,False,28005285,6219202.8075608965,False,False,False,False,7865589.32594069,False,False,False,False
2022-02-11 00:00:00+00:00,1.86,1.9,1.73,1.74,14542151,,,,,,,,,,,,,,,,,,,,,,,,,,,,,,,,,,,,,,,,,,,,,,,,,#000000,,1.6563670205958068,,63.11031571854966,4.339633252368401,False,False,True,False,True,,0.0,0.0,0.0,0.0,0,,,False,False,False,False,,,False,False,False,False,42547436,7643839.403342823,False,False,False,False,8127415.273943016,False,False,False,False
2022-02-14 00:00:00+00:00,1.92,1.93,1.84,1.87,16112321,,,,,,,,,,,,,,,,,,,,,,,,,,,,,,,,,,,,,,,,,,,,,,,,,#000000,,1.6838678302884924,,66.81764198349188,8.193343662851518,False,False,True,False,True,,0.0,0.0,0.0,0.0,0,,,False,False,False,False,,,False,False,False,False,58659757,9644463.622819575,False,False,False,False,8440548.831827603,False,False,False,False
2022-02-15 00:00:00+00:00,1.88,1.89,1.77,1.82,11478637,,,,,,,,,,,,,,,,,,,,,,,,,,,,,,,,,,,,,,,,,,,,,,,,,#000000,,1.6959643530719375,,67.48268340599739,9.144184465680539,False,False,True,False,True,,0.0,0.0,0.0,0.0,0,,,False,False,False,False,,,False,False,False,False,47181120,11116489.36310116,False,False,False,False,8559689.544304952,False,False,False,False
2022-02-16 00:00:00+00:00,1.93,1.95,1.87,1.88,10061894,,,,,,,,,,,,,,,,,,,,,,,,,,,,,,,,,,,,,,,,,,,,,,,,,#000000,,1.7094089792064926,,68.87442353597203,10.850043013946298,False,False,True,False,True,,0.0,0.0,0.0,0.0,0,,,False,False,False,False,,,False,False,False,False,57243014,12925372.682195231,False,False,False,False,8618599.52295966,False,False,False,False
2022-02-17 00:00:00+00:00,2.01,2.02,1.94,1.95,14625056,,,,,,,,,,,,,,,,,,,,,,,,,,,,,,,,,,,,,,,,,,,,,,,,,#000000,,1.818093224089728,,71.10926945618621,13.339689023567743,False,False,True,False,True,,0.0,0.0,0.0,0.0,0,,,False,False,False,False,,,False,False,False,False,71868070,15236851.008383654,False,False,False,False,8854146.835784772,False,False,False,False
2022-02-18 00:00:00+00:00,1.99,2.01,1.91,2.0,11945386,,,,,,,,,,,,,,,,,,,,,,,,,,,,,,,,,,,,,,,,,,,,,,,,,#000000,,1.82486797529362,,71.67581496269452,14.251788589750348,False,False,True,False,True,,0.0,0.0,0.0,0.0,0,,,False,False,False,False,,,False,False,False,False,59922684,16989236.61589802,False,False,False,False,8975371.901048115,False,False,False,False
2022-02-22 00:00:00+00:00,1.87,1.9901,1.865,1.97,10825250,,,,,,,,,,,,,,,,,,,,,,,,,,,,,,,,,,,,,,,,,,,,,,,,,#000000,,1.8235010068318285,,67.32625792913511,14.251788589750348,False,False,True,False,False,,0.0,0.0,0.0,0.0,0,,,False,False,False,False,,,False,False,False,False,49097434,18248381.611353002,False,False,False,False,9047916.140222698,False,False,False,False
2022-02-23 00:00:00+00:00,1.67,1.79,1.65,1.76,18293692,,,,,,,,,,,,,,,,,,,,,,,,,,,,,,,,,,,,,,,,,,,,,,,,,#000000,,1.792379998877409,,59.28429983447532,17.03271981772029,False,False,True,False,False,,0.0,0.0,0.0,0.0,0,,,False,False,False,False,,,False,False,False,False,30803742,18740748.685417593,False,False,False,False,9410495.58570416,False,False,False,False
2022-02-24 00:00:00+00:00,1.65,1.79,1.5901,1.79,9524482,,,,,,,,,,,,,,,,,,,,,,,,,,,,,,,,,,,,,,,,,,,,,,,,,#000000,,1.7805944673972505,,53.51791238524357,11.815048528591966,False,False,False,False,False,,0.0,0.0,0.0,0.0,0,,,False,False,False,False,,,False,False,False,False,21279260,18840298.14873455,False,False,False,False,9414965.641166743,False,False,False,False
2022-02-25 00:00:00+00:00,1.7,1.74,1.59,1.65,6879862,,,,,,,,,,,,,,,,,,,,,,,,,,,,,,,,,,,,,,,,,,,,,,,,,#000000,,1.7495031200870077,,51.06222167279071,9.714575593822318,False,False,False,False,False,,0.0,0.0,0.0,0.0,0,,,False,False,False,False,,,False,False,False,False,28159122,19205742.2213332,False,False,False,False,9315549.81210138,False,False,False,False
2022-02-28 00:00:00+00:00,1.73,1.75,1.69,1.7,8579263,,,,,,,,,,,,,,,,,,,,,,,,,,,,,,,,,,,,,,,,,,,,,,,,,#000000,,1.7527120176763085,,50.237255131855704,8.964692112438804,False,False,False,False,False,,0.0,0.0,0.0,0.0,0,,,False,False,False,False,,,False,False,False,False,36738385,19893296.840104446,False,False,False,False,9286675.819469955,False,False,False,False
2022-03-01 00:00:00+00:00,1.77,1.7997,1.71,1.75,11747657,,,,,,,,,,,,,,,,,,,,,,,,,,,,,,,,,,,,,,,,,,,,,,,,,#000000,,1.7573267147149028,,50.75377584190633,8.964692112438804,False,False,False,False,False,,0.0,0.0,0.0,0.0,0,,,False,False,False,False,,,False,False,False,False,48486042,21014580.96402192,False,False,False,False,9383184.885373095,False,False,False,False
2022-03-02 00:00:00+00:00,1.72,1.76,1.69,1.76,9827896,,,,,,,,,,,,,,,,,,,,,,,,,,,,,,,,,,,,,,,,,,,,,,,,,#000000,,1.7545124308727509,,49.73744715693099,8.06174205802158,False,False,False,False,False,,0.0,0.0,0.0,0.0,0,,,False,False,False,False,,,False,False,False,False,38658146,21706485.47523675,False,False,False,False,9400624.536927091,False,False,False,False
2022-03-03 00:00:00+00:00,1.71,1.75,1.69,1.7,5049539,,,,,,,,,,,,,,,,,,,,,,,,,,,,,,,,,,,,,,,,,,,,,,,,,#000000,,1.752938786375276,,48.78884216207863,6.783250342878048,False,False,False,False,False,,0.0,0.0,0.0,0.0,0,,,False,False,False,False,,,False,False,False,False,33608607,22173235.338952955,False,False,False,False,9229993.7315574,False,False,False,False
2022-03-04 00:00:00+00:00,1.77,1.785,1.685,1.71,9468619,,,,,,,,,,,,,,,,,,,,,,,,,,,,,,,,,,,,,,,,,,,,,,,,,#000000,,1.7528901869516105,,49.946623947250956,6.783250342878048,False,False,False,False,False,,0.0,0.0,0.0,0.0,0,,,False,False,False,False,,,False,False,False,False,43077226,22992999.67860186,False,False,False,False,9239351.585221818,False,False,False,False
2022-03-07 00:00:00+00:00,1.75,1.855,1.73,1.77,11955595,,,,,,,,,,,,,,,,,,,,,,,,,,,,,,,,,,,,,,,,,,,,,,,,,#000000,,1.7554947955850548,,50.095630328370284,6.783250342878048,False,False,False,False,False,,0.0,0.0,0.0,0.0,0,,,False,False,False,False,,,False,False,False,False,31121631,23311769.534342967,False,False,False,False,9345870.934820963,False,False,False,False
2022-03-08 00:00:00+00:00,1.84,1.91,1.73,1.79,17203399,,,,,,,,,,,,,,,,,,,,,,,,,,,,,,,,,,,,,,,,,,,,,,,,,#000000,,1.7633850862360578,,52.681353690215936,6.783250342878048,False,False,False,False,True,,0.0,0.0,0.0,0.0,0,,,False,False,False,False,,,False,False,False,False,48325030,24292681.70946677,False,False,False,False,9654009.29031818,False,False,False,False
2022-03-09 00:00:00+00:00,1.83,1.87,1.7308,1.76,7142754,,,,,,,,,,,,,,,,,,,,,,,,,,,,,,,,,,,,,,,,,,,,,,,,,#000000,,1.7652781720281827,,54.05715531444141,6.783250342878048,False,False,True,False,True,,0.0,0.0,0.0,0.0,0,,,False,False,False,False,,,False,False,False,False,41182276,24955018.740468074,False,False,False,False,9555528.69069786,False,False,False,False
2022-03-10 00:00:00+00:00,1.91,1.93,1.82,1.82,9421783,,,,,,,,,,,,,,,,,,,,,,,,,,,,,,,,,,,,,,,,,,,,,,,,,#000000,,1.7945455556812,,56.94740879272915,0.46748119203878247,False,False,True,False,True,,0.0,0.0,0.0,0.0,0,,,False,False,False,False,,,False,False,False,False,50604059,25960863.45652815,False,False,False,False,9550283.761650885,False,False,False,False
2022-03-11 00:00:00+00:00,1.83,1.93,1.83,1.84,11569175,,,,,,,,,,,,,,,,,,,,,,,,,,,,,,,,,,,,,,,,,,,,,,,,,#000000,,1.8073354072110464,,56.135096124019285,0.46748119203878247,False,False,True,False,True,,0.0,0.0,0.0,0.0,0,,,False,False,False,False,,,False,False,False,False,39034884,26473570.144507438,False,False,False,False,9629455.967076339,False,False,False,False
2022-03-14 00:00:00+00:00,1.7,1.84,1.63,1.8,12106473,,,,,,,,,,,,,,,,,,,,,,,,,,,,,,,,,,,,,,,,,,,,,,,,,#000000,,1.7752598357207228,,52.14602916812744,0.46748119203878247,False,False,False,False,False,,0.0,0.0,0.0,0.0,0,,,False,False,False,False,,,False,False,False,False,26928411,26491407.040801264,False,False,False,False,9726593.889936091,False,False,False,False
2022-03-15 00:00:00+00:00,1.69,1.73,1.63,1.66,6858824,,,,,,,,,,,,,,,,,,,,,,,,,,,,,,,,,,,,,,,,,,,,,,,,,#000000,,1.7545011054135502,,49.25402076606545,5.61492399503026,False,False,False,False,False,2.5587041315468646,0.0,0.0,0.0,0.0,0,,,False,False,False,False,-0.04011501617918592,-0.04011501617918592,False,False,False,False,20069587,26239570.960769843,False,False,False,False,9614132.325624874,False,False,False,False
2022-03-16 00:00:00+00:00,1.68,1.715,1.64,1.68,8577672,,,,,,,,,,,,,,,,,,,,,,,,,,,,,,,,,,,,,,,,,,,,,,,,,#000000,,1.746110387733777,,47.07846764389164,3.4966178353380997,False,False,False,True,False,2.121928945851348,0.0,0.0,0.0,0.0,1,1.0389965585944576,0.9276036949827929,False,False,False,False,-0.05215254799259732,-0.04613378208589162,False,False,False,False,11491915,25661231.51132789,False,False,False,False,9573486.822659193,False,False,False,False
2022-03-17 00:00:00+00:00,1.81,1.88,1.7,1.7,8271995,,,,,,,,,,,,,,,,,,,,,,,,,,,,,,,,,,,,,,,,,,,,,,,,,#000000,,1.7559143663700443,,49.37633115697836,3.4966178353380997,False,False,False,False,False,7.187782553160929,0.0,0.0,0.0,0.0,1,1.0355393896380412,0.9086763662171754,False,False,False,False,0.09024410681697036,0.02205516236553937,False,False,False,False,19763910,25429964.00107974,False,False,False,False,9522447.927652951,False,False,False,False
2022-03-18 00:00:00+00:00,1.79,1.83,1.76,1.8,12927948,,,,,,,,,,,,,,,,,,,,,,,,,,,,,,,,,,,,,,,,,,,,,,,,,#000000,,1.7633951247373214,,50.32970171804298,3.4966178353380997,False,False,False,False,True,6.3006058763403665,0.0,0.0,0.0,0.0,1,1.0457035445757248,0.9239706408879342,False,False,False,False,0.09661520782623581,0.05933518509588759,False,False,False,False,6835962,24700787.452017788,False,False,False,False,9655996.950097933,False,False,False,False
2022-03-21 00:00:00+00:00,1.86,1.88,1.7752,1.8,6846341,,,,,,,,,,,,,,,,,,,,,,,,,,,,,,,,,,,,,,,,,,,,,,,,,#000000,,1.7691693817531928,,52.71927931933211,3.4966178353380997,False,False,False,False,True,8.850778384771047,0.0,0.0,0.0,0.0,1,1.057071120766409,0.8985540795612381,False,False,False,False,0.1364757426384254,0.0979054638671565,False,False,False,False,13682303,24268690.022526894,False,False,False,False,9545814.363819584,False,False,False,False
2022-03-22 00:00:00+00:00,1.81,1.8502,1.78,1.85,5085336,,,,,,,,,,,,,,,,,,,,,,,,,,,,,,,,,,,,,,,,,,,,,,,,,#000000,,1.7714468333601876,,52.7854713800654,3.4966178353380997,False,False,False,False,True,6.641880987830863,0.0,0.0,0.0,0.0,1,1.0562308405218508,0.9038105083054109,False,False,False,False,0.11058179421426195,0.10424362904070922,False,False,False,False,8596967,23654112.649094466,False,False,False,False,9370893.643669797,False,False,False,False
2022-03-23 00:00:00+00:00,1.83,1.87,1.8,1.83,6614473,,,,,,,,,,,,,,,,,,,,,,,,,,,,,,,,,,,,,,,,,,,,,,,,,#000000,,1.7751278290707768,,53.36108282044219,3.4966178353380997,False,False,True,False,True,7.369070682452616,0.0,0.0,0.0,0.0,1,1.0545457791744037,0.904567204685045,False,False,False,False,0.13752711172153287,0.12088537038112104,False,False,False,False,15211440,23323027.447169192,False,False,False,False,9262798.71646706,False,False,False,False
2022-03-24 00:00:00+00:00,1.85,1.9,1.82,1.85,5533155,,,,,,,,,,,,,,,,,,,,,,,,,,,,,,,,,,,,,,,,,,,,,,,,,#000000,,1.7788440578377993,,54.289371414252514,-1.3883856622578605,True,False,True,False,True,8.09532379930933,0.0,0.0,0.0,0.0,1,1.0531398359948207,0.9110739461947922,False,False,False,False,0.17166655948443352,0.14627596493277728,False,False,False,False,20744595,23221912.449240986,False,False,False,False,9116538.17856639,False,False,False,False
2022-03-25 00:00:00+00:00,1.86,1.8864,1.825,1.83,2640027,,,,,,,,,,,,,,,,,,,,,,,,,,,,,,,,,,,,,,,,,,,,,,,,,#000000,,1.7804648106666963,,55.19138239583815,-0.22015112204669407,True,False,True,False,True,8.459884736162081,0.0,0.0,0.0,0.0,1,1.0345913667231048,0.9342946092085858,False,False,False,False,0.16576845447605665,0.15602220970441696,False,False,False,False,23384622,23228293.215937417,False,False,False,False,8862557.348034376,False,False,False,False
2022-03-28 00:00:00+00:00,1.75,1.84,1.75,1.84,5313716,,,,,,,,,,,,,,,,,,,,,,,,,,,,,,,,,,,,,,,,,,,,,,,,,#000000,,1.7803070104212935,,52.185384469905394,-0.22015112204669407,False,False,False,False,False,3.6495373555400796,0.0,0.0,0.0,0.0,1,1.0028065982218841,0.9448639252539517,False,False,False,False,0.08352695824598931,0.11977458397520313,False,False,False,False,18070906,23026042.73688105,False,False,False,False,8723387.099091852,False,False,False,False
2022-03-29 00:00:00+00:00,1.82,1.82,1.68,1.71,5958290,,,,,,,,,,,,,,,,,,,,,,,,,,,,,,,,,,,,,,,,,,,,,,,,,#000000,,1.7798646085962853,,52.286354909075655,-0.22015112204669407,False,False,False,False,False,6.223590095204791,0.0,0.0,0.0,0.0,1,1.0027764343418057,0.9365002597309543,False,False,False,False,0.023337497865724338,0.07155604092046373,False,False,False,False,24029196,23065382.080532778,False,False,False,False,8614951.918735309,False,False,False,False
2022-03-30 00:00:00+00:00,1.83,1.89,1.8004,1.82,4431761,,,,,,,,,,,,,,,,,,,,,,,,,,,,,,,,,,,,,,,,,,,,,,,,,#000000,,1.7816278786765414,,52.64035700437383,-0.22015112204669407,False,False,False,False,False,6.5833875597351295,0.0,0.0,0.0,0.0,1,1.0262773985555533,0.9289483637411522,False,False,False,False,0.1514131526161845,0.11148459676832412,False,False,False,False,28460957,23276973.25384522,False,False,False,False,8450905.216039807,False,False,False,False
2022-03-31 00:00:00+00:00,1.8,1.86,1.8,1.84,3611407,,,,,,,,,,,,,,,,,,,,,,,,,,,,,,,,,,,,,,,,,,,,,,,,,#000000,,1.7824751180536889,,51.873945925565266,-0.22015112204669407,False,False,False,False,False,5.297462683815414,0.0,0.0,0.0,0.0,1,1.019456688121277,0.9567526695313797,False,False,False,False,0.13073975550210318,0.12111217613521365,False,False,False,False,24849550,23338642.930165015,False,False,False,False,8261120.97227354,False,False,False,False
2022-04-01 00:00:00+00:00,1.84,1.855,1.78,1.79,5028888,,,,,,,,,,,,,,,,,,,,,,,,,,,,,,,,,,,,,,,,,,,,,,,,,#000000,,1.7837350146063278,,52.62702910885838,-0.22015112204669407,False,False,False,False,False,6.760852791692912,0.0,0.0,0.0,0.0,1,1.0028664952933997,0.9557080243374696,False,False,False,False,0.1138222513698842,0.11746721375254893,False,False,False,False,29878438,23595105.48192325,False,False,False,False,8134366.738066735,False,False,False,False
2022-04-04 00:00:00+00:00,1.84,1.88,1.8,1.84,4996443,,,,,,,,,,,,,,,,,,,,,,,,,,,,,,,,,,,,,,,,,,,,,,,,,#000000,,1.7853554471588655,,53.12908456438713,-0.22015112204669407,False,False,True,False,False,6.760852791692912,0.0,0.0,0.0,0.0,1,1.0251985197031968,0.9359343908653042,False,False,False,False,0.14432708350675955,0.13089714862965424,False,False,False,False,29878438,23841510.678710572,False,False,False,False,8011310.905201373,False,False,False,False
2022-04-05 00:00:00+00:00,1.77,1.88,1.7442,1.84,6223715,,,,,,,,,,,,,,,,,,,,,,,,,,,,,,,,,,,,,,,,,,,,,,,,,#000000,,1.7856665685391082,,50.9521767186616,-0.22015112204669407,False,False,False,False,False,3.748273638898823,0.0,0.0,0.0,0.0,1,1.0295928205888896,0.9231439590595564,False,False,False,False,0.10653446476221956,0.1187158066959369,False,False,False,False,23654723,23834185.671702314,False,False,False,False,7941209.104997397,False,False,False,False
2022-04-06 00:00:00+00:00,1.73,1.775,1.71,1.77,5515065,,,,,,,,,,,,,,,,,,,,,,,,,,,,,,,,,,,,,,,,,,,,,,,,,#000000,,1.784051793242012,,48.251255097949304,2.3391010752919925,False,True,False,False,False,2.0919770298134566,0.0,0.0,0.0,0.0,1,1.0141965326614266,0.9549659659283214,False,False,False,False,0.013334054168492404,0.06602493043221465,False,False,False,False,18139658,23610870.86104732,False,False,False,False,7846066.198919068,False,False,False,False
2022-04-07 00:00:00+00:00,1.8,1.81,1.72,1.74,4108670,,,,,,,,,,,,,,,,,,,,,,,,,,,,,,,,,,,,,,,,,,,,,,,,,#000000,,1.783800256618501,,49.00531580865896,2.3391010752919925,False,True,False,False,False,4.731173635428174,0.0,0.0,0.0,0.0,1,1.0143312706427243,0.949793098211913,False,False,False,False,0.04336041182751627,0.054692671129865464,False,False,False,False,22248328,23557437.807672914,False,False,False,False,7699501.642098713,False,False,False,False
2022-04-08 00:00:00+00:00,1.83,1.84,1.7992,1.8,3315995,,,,,,,,,,,,,,,,,,,,,,,,,,,,,,,,,,,,,,,,,,,,,,,,,#000000,,1.7844396608298743,,50.48885617142052,2.3391010752919925,False,True,False,False,True,5.826226358968135,0.0,0.0,0.0,0.0,1,1.047878671530044,0.9185064311768092,False,False,False,False,0.11665960284923627,0.08567613698955087,False,False,False,False,25564323,23636139.187764175,False,False,False,False,7527599.420839939,False,False,False,False
2022-04-11 00:00:00+00:00,1.83,1.87,1.8,1.86,4216790,,,,,,,,,,,,,,,,,,,,,,,,,,,,,,,,,,,,,,,,,,,,,,,,,#000000,,1.7854425138878103,,51.47788307992822,2.3391010752919925,False,False,False,False,True,5.826226358968135,0.0,0.0,0.0,0.0,1,1.0617074580844093,0.8978994025823857,False,False,False,False,0.11044681340179781,0.09806147519567435,False,False,False,False,25564323,23711754.239224408,False,False,False,False,7397763.757277589,False,False,False,False
2022-04-12 00:00:00+00:00,1.82,1.89,1.805,1.85,6447041,,,,,,,,,,,,,,,,,,,,,,,,,,,,,,,,,,,,,,,,,,,,,,,,,#000000,,1.7870417366779177,,51.719908361778764,2.3391010752919925,False,False,False,False,True,5.391407316832073,0.0,0.0,0.0,0.0,1,1.0511574074074075,0.9055169753086421,False,False,False,False,0.12239311947378476,0.11022729733472955,False,False,False,False,19117282,23531578.857294038,False,False,False,False,7360480.511894154,False,False,False,False
2022-04-13 00:00:00+00:00,1.86,1.92,1.84,1.86,5564753,,,,,,,,,,,,,,,,,,,,,,,,,,,,,,,,,,,,,,,,,,,,,,,,,#000000,,1.78927904049517,,53.36968844337517,-0.49067573973997725,False,False,True,False,True,6.887023066041905,0.0,0.0,0.0,0.0,1,1.0442352036894695,0.9039584934665641,False,False,False,False,0.1746101925242526,0.14241874492949108,False,False,False,False,24682035,23576694.784458976,False,False,False,False,7290059.825153207,False,False,False,False
2022-04-14 00:00:00+00:00,1.9,1.91,1.825,1.87,5172788,,,,,,,,,,,,,,,,,,,,,,,,,,,,,,,,,,,,,,,,,,,,,,,,,#000000,,1.7913576902135864,,55.8155320616182,1.894089258597333,True,False,True,False,True,8.348332275004196,0.0,0.0,0.0,0.0,1,1.0392426850258174,0.9044176706827308,False,False,False,False,0.15443022452974203,0.14842448472961656,False,False,False,False,29854823,23822895.89095078,False,False,False,False,7207029.557500141,False,False,False,False
2022-04-18 00:00:00+00:00,1.91,1.99,1.89,1.93,4974812,,,,,,,,,,,,,,,,,,,,,,,,,,,,,,,,,,,,,,,,,,,,,,,,,#000000,,1.8094965424425657,,57.773361050608706,3.755279090321352,True,False,True,False,True,8.711131871874795,0.0,0.0,0.0,0.0,1,1.0601641534644015,0.8864668829929375,False,False,False,False,0.27146902389962957,0.20994675431462306,False,False,False,False,34829635,24254532.718756635,False,False,False,False,7119491.614068763,False,True,False,False
2022-04-19 00:00:00+00:00,1.82,1.8881,1.8,1.86,5178862,,,,,,,,,,,,,,,,,,,,,,,,,,,,,,,,,,,,,,,,,,,,,,,,,#000000,,1.8049272198996877,,55.00067646079758,3.755279090321352,False,False,True,False,False,4.725742296638341,0.0,0.0,0.0,0.0,1,1.0339146553680865,0.9026254066732239,False,False,False,False,0.062238329904105744,0.1360925421093644,False,False,False,False,29650773,24466149.98468775,False,False,False,False,7043388.49194842,False,False,False,False
2022-04-20 00:00:00+00:00,1.84,1.87,1.775,1.82,5011325,,,,,,,,,,,,,,,,,,,,,,,,,,,,,,,,,,,,,,,,,,,,,,,,,#000000,0.12973986446899202,1.8035001956015329,0.2813306808038999,53.931199853713856,3.755279090321352,False,False,True,False,False,5.4762961821815,0.0,0.0,0.0,0.0,1,1.0242937421155245,0.9270423181314271,False,False,False,False,-1.0476187143942413e-07,0.06804621867374648,False,False,False,False,34662098,24865991.083327446,False,False,False,False,6963699.727558286,False,False,False,False
2022-04-21 00:00:00+00:00,1.7,1.84,1.675,1.84,9093914,,,,,,,,,,,,,,,,,,,,,,,,,,,,,,,,,,,,,,,,,,,,,,,,,"rgba(239, 83, 80, 0.5)",0.1259834108913543,1.7961442844257531,-0.7631503524592311,48.685660237782194,3.380427773045419,False,True,False,False,False,0.0,0.0,0.0,0.0,0.0,1,0.9844663468745315,0.9378466496777096,False,False,False,False,-0.13704204868096023,-0.034497915003606876,False,False,False,False,25568184,24893528.06045186,False,False,False,False,7047237.542163843,False,False,False,False
2022-04-22 00:00:00+00:00,1.64,1.72,1.62,1.69,4877112,,,,,,,,,,,,,,,,,,,,,,,,,,,,,,,,,,,,,,,,,,,,,,,,,"rgba(239, 83, 80, 1.0)",0.1238823911895748,1.7907843693122285,-1.2171574011796902,43.78640608233346,-0.971345782398565,False,True,False,True,False,0.0,0.0,0.0,0.0,0.0,1,0.9689211518110761,0.9644097061062324,False,False,False,False,-0.33111668717048365,-0.18280730108704527,False,False,False,False,20691072,24728725.862002768,False,False,False,False,6962134.579726046,False,False,False,False
2022-04-25 00:00:00+00:00,1.55,1.6,1.48,1.58,8779427,,,,,,,,,,,,,,,,,,,,,,,,,,,,,,,,,,,,,,,,,,,,,,,,,"rgba(255, 0, 0, 1.0)",0.1221279789534046,1.7767368414157243,-1.8565511634498675,38.77799856020739,-5.327809153657157,False,True,False,True,False,0.0,0.0,0.0,0.0,0.0,0,0.9488806725162333,0.9849713959862405,False,False,False,False,-0.34282825441539394,-0.2628177777512196,False,False,False,False,11911645,24226095.239963442,False,False,False,False,7033400.949148553,False,False,False,False
2022-04-26 00:00:00+00:00,1.45,1.575,1.45,1.56,5933800,,,,,,,,,,,,,,,,,,,,,,,,,,,,,,,,,,,,,,,,,,,,,,,,,"rgba(255, 26, 202, 1.0)",0.1221279789534046,1.767206140751058,-2.597325719048224,33.92221934585508,-9.489928669992565,False,True,False,True,False,0.0,0.0,0.0,0.0,0.0,0,0.9353501941909947,1.0117629569063238,False,False,False,False,-0.34282825441539394,-0.30282301608330675,False,False,False,False,5977845,23510477.58349429,False,False,False,False,6990279.34329959,False,False,False,False
2022-04-27 00:00:00+00:00,1.42,1.4799,1.42,1.42,4517770,,,,,,,,,,,,,,,,,,,,,,,,,,,,,,,,,,,,,,,,,,,,,,,,,"rgba(255, 26, 202, 1.0)",0.12460850404077273,1.7594355591936361,-2.7240160036153767,30.2845809928088,-12.525718258444158,False,True,False,True,False,0.0,0.0,0.0,0.0,0.0,0,0.9088241889669607,1.03520705636119,False,False,False,False,-0.34282825441539394,-0.3228256352493504,False,False,False,False,1460075,22645755.91355334,False,False,False,False,6893318.192581959,False,False,False,False
2022-04-28 00:00:00+00:00,1.49,1.49,1.41,1.44,4724356,,,,,,,,,,,,,,,,,,,,,,,,,,,,,,,,,,,,,,,,,,,,,,,,,"rgba(255, 26, 202, 1.0)",0.12561201526278595,1.7525979063645847,-2.0905476742429308,30.758760667869833,-12.525718258444158,False,True,False,True,False,0.0,0.0,0.0,0.0,0.0,0,0.9246572748617737,1.0318677573278798,False,False,False,False,-0.3427583892706499,-0.3327920122600001,False,False,False,False,6184431,22000213.760080658,False,False,False,False,6808260.851696392,False,False,False,False
2022-04-29 00:00:00+00:00,1.46,1.545,1.44,1.52,4359124,,,,,,,,,,,,,,,,,,,,,,,,,,,,,,,,,,,,,,,,,,,,,,,,,"rgba(255, 26, 202, 1.0)",0.12875173400389217,1.7471687012153856,-2.230406475199041,30.540453339773123,-12.525718258444158,False,True,False,True,False,0.0,0.0,0.0,0.0,0.0,0,0.9118201349364895,1.0326599072782783,False,False,False,False,-0.2844495467072508,-0.30862077948362543,False,False,False,False,1825307,21209040.94595985,False,False,False,False,6712216.269276926,False,False,False,False
2022-05-02 00:00:00+00:00,1.39,1.4499,1.34,1.41,8037078,,,,,,,,,,,,,,,,,,,,,,,,,,,,,,,,,,,,,,,,,,,,,,,,,"rgba(255, 26, 202, 1.0)",0.13491832697952844,1.7346228692335601,-2.5543073127926563,29.242185456206062,-13.425192280424447,False,True,False,True,False,0.0,0.0,0.0,0.0,0.0,0,0.8804392638956561,1.063397174018965,False,False,False,False,-0.34282825441539394,-0.32572451694950966,False,False,False,False,-6211771,20133714.98729476,False,False,False,False,6764171.631266067,False,False,False,False
2022-05-03 00:00:00+00:00,1.43,1.48,1.4,1.42,3788524,,,,,,,,,,,,,,,,,,,,,,,,,,,,,,,,,,,,,,,,,,,,,,,,,"rgba(255, 26, 202, 1.0)",0.13927741453013187,1.7299460948795422,-2.153587470670994,30.023346356759586,-13.425192280424447,False,True,False,True,False,0.0,0.0,0.0,0.0,0.0,0,0.8952348766475162,1.0541098719537383,False,False,False,False,-0.2827507555015224,-0.30423763622551603,False,False,False,False,-2423247,19249128.242694963,False,False,False,False,6647479.567294848,False,False,False,False
2022-05-04 00:00:00+00:00,1.47,1.48,1.38,1.43,3874239,,,,,,,,,,,,,,,,,,,,,,,,,,,,,,,,,,,,,,,,,,,,,,,,,"rgba(255, 0, 0, 1.0)",0.14215940805060104,1.725502248686447,-1.797293982790799,32.116961841216984,-13.425192280424447,False,True,False,True,False,0.0,0.0,0.0,0.0,0.0,0,0.8994548301295957,1.05061213710362,False,False,False,False,-0.29590212006286853,-0.3000698781441923,False,False,False,False,1450992,18551162.115530454,False,False,False,False,6538725.03524407,False,False,False,False
2022-05-05 00:00:00+00:00,1.38,1.49,1.36,1.48,5794263,,,,,,,,,,,,,,,,,,,,,,,,,,,,,,,,,,,,,,,,,,,,,,,,,"rgba(255, 26, 202, 1.0)",0.14738049059834546,1.7183744699583594,-2.2959244373838326,31.748195456229684,-13.425192280424447,False,True,False,True,False,0.0,0.0,0.0,0.0,0.0,0,0.9217055899905972,1.0265203124100477,False,False,False,False,-0.3025150298072368,-0.3012924539757146,False,False,False,False,-4343271,17653341.209039062,False,False,False,False,6509530.445626656,False,False,False,False
2022-05-06 00:00:00+00:00,1.35,1.4085,1.33,1.39,4154793,,,,,,,,,,,,,,,,,,,,,,,,,,,,,,,,,,,,,,,,,,,,,,,,,"rgba(255, 26, 202, 1.0)",0.1534078941318926,1.7127073973297067,-2.3643333309684085,30.977748888787595,-13.425192280424447,False,True,False,True,False,0.0,0.0,0.0,0.0,0.0,0,0.9257127139124114,1.0431656089749888,False,False,False,False,-0.34282825441539394,-0.32206035419555423,False,False,False,False,-8498064,16627795.906723807,False,False,False,False,6417187.800700121,False,False,False,False
2022-05-09 00:00:00+00:00,1.25,1.35,1.24,1.34,5965282,,,,,,,,,,,,,,,,,,,,,,,,,,,,,,,,,,,,,,,,,,,,,,,,,"rgba(255, 26, 202, 1.0)",0.16276628909225904,1.7029775160997713,-2.7829934480045497,28.924665975678423,-14.94595267338132,False,True,False,True,False,0.0,0.0,0.0,0.0,0.0,0,0.9073212270035844,1.045190803414064,False,False,False,False,-0.34282825441539394,-0.3324443043054741,False,False,False,False,-14463346,15408535.439793462,False,False,False,False,6399466.004594234,False,False,False,False
2022-05-10 00:00:00+00:00,1.27,1.31,1.22,1.28,3843491,,,,,,,,,,,,,,,,,,,,,,,,,,,,,,,,,,,,,,,,,,,,,,,,,"rgba(255, 26, 202, 1.0)",0.17042871221113515,1.6968168810399769,-2.504371918924177,28.392069036959466,-15.760549735816312,False,True,False,True,False,0.0,0.0,0.0,0.0,0.0,0,0.8842451325865701,1.0547670138000276,False,False,False,False,-0.34282825441539394,-0.33763627936043406,False,False,False,False,-10619855,14387814.246076072,False,False,False,False,6299231.690688578,False,False,False,False
2022-05-11 00:00:00+00:00,1.24,1.3368,1.24,1.29,5768503,,,,,,,,,,,,,,,,,,,,,,,,,,,,,,,,,,,,,,,,,,,,,,,,,"rgba(255, 26, 202, 1.0)",0.1787065640541388,1.6881245954137962,-2.5076000861279937,27.561712221559986,-16.879970825491526,False,True,False,True,False,0.0,0.0,0.0,0.0,0.0,0,0.8844066996933239,1.0591924195958167,False,False,False,False,-0.3173623530925351,-0.32749931622648454,False,False,False,False,-16388358,13180905.530543676,False,False,False,False,6278418.800857654,False,False,False,False
2022-05-12 00:00:00+00:00,1.18,1.22,1.14,1.21,8697374,,,,,,,,,,,,,,,,,,,,,,,,,,,,,,,,,,,,,,,,,,,,,,,,,"rgba(255, 26, 202, 1.0)",0.18866052261348362,1.6236084292140973,-2.351358000438363,26.119112396287818,-18.55749077115329,False,True,False,True,False,0.0,0.0,0.0,0.0,0.0,0,0.8750685360695544,1.0720999451711446,False,False,False,False,-0.34282825441539394,-0.33516378532093927,False,False,False,False,-25085732,11680253.078365494,False,False,False,False,6373279.789059314,False,False,False,False
2022-05-13 00:00:00+00:00,1.26,1.28,1.16,1.18,4678483,,,,,,,,,,,,,,,,,,,,,,,,,,,,,,,,,,,,,,,,,,,,,,,,,"rgba(255, 0, 0, 1.0)",0.19506986505417034,1.6193470974189605,-1.842145619566461,28.51487051113681,-18.55749077115329,False,True,False,True,True,0.0,0.0,0.0,0.0,0.0,0,0.8803901834791361,1.0577146396222035,False,False,False,False,-0.3043223573571043,-0.3197430713390218,False,False,False,False,-20407249,10421919.66352763,False,False,False,False,6306817.169880518,False,False,False,False
2022-05-16 00:00:00+00:00,1.29,1.31,1.25,1.25,3049253,,,,,,,,,,,,,,,,,,,,,,,,,,,,,,,,,,,,,,,,,,,,,,,,,"rgba(255, 0, 0, 1.0)",0.19957684965676475,1.6175437862725919,-1.6411912846400099,31.25350588367054,-18.55749077115329,False,True,False,True,True,0.0,0.0,0.0,0.0,0.0,0,0.8979870484512757,1.0591402044160099,False,False,False,False,-0.24812774138281093,-0.28393540636091635,False,False,False,False,-17357996,9332511.20613439,False,False,False,False,6179069.555375399,False,False,False,False
2022-05-17 00:00:00+00:00,1.33,1.35,1.29,1.33,3101098,,,,,,,,,,,,,,,,,,,,,,,,,,,,,,,,,,,,,,,,,,,,,,,,,"rgba(239, 83, 80, 1.0)",0.2030442192108776,1.6163179329881838,-1.4101260016214487,34.556225420324324,-20.79642879553522,False,True,False,True,True,0.0,0.0,0.0,0.0,0.0,0,0.8956892804931054,1.065826385870639,False,False,False,False,-0.2115201431885298,-0.24772777477472308,False,False,False,False,-14256898,8407436.335305592,False,False,False,False,6058364.788497932,False,False,False,False
2022-05-18 00:00:00+00:00,1.29,1.32,1.25,1.31,3765609,,,,,,,,,,,,,,,,,,,,,,,,,,,,,,,,,,,,,,,,,,,,,,,,,"rgba(255, 0, 0, 1.0)",0.20758256796398508,1.6132811565108305,-1.5573617750355546,35.77666886028042,-19.62241911200544,False,True,False,True,True,0.0,0.0,0.0,0.0,0.0,0,0.8835100165262608,1.082268531581281,False,False,False,False,-0.24351791345532256,-0.24562284411502283,False,False,False,False,-18022507,7370967.969215177,False,False,False,False,5968452.796792131,False,False,False,False
2022-05-19 00:00:00+00:00,1.36,1.39,1.3151,1.32,4921059,,,,,,,,,,,,,,,,,,,,,,,,,,,,,,,,,,,,,,,,,,,,,,,,,"rgba(239, 83, 80, 1.0)",0.21059692082996612,1.6113388297138642,-1.1934591860286154,39.08266971335609,-16.474189328307517,False,True,False,True,True,0.0,0.0,0.0,0.0,0.0,0,0.8905456466095153,1.0554788120099134,False,False,False,False,-0.1821418158189443,-0.2138823299669836,False,False,False,False,-13101448,6568128.127285169,False,False,False,False,5927378.530251263,False,False,False,False
2022-05-20 00:00:00+00:00,1.31,1.365,1.29,1.36,3310775,,,,,,,,,,,,,,,,,,,,,,,,,,,,,,,,,,,,,,,,,,,,,,,,,"rgba(239, 83, 80, 1.0)",0.214717497199468,1.6090760537524962,-1.392881612599372,39.964071078362565,-15.62144412407325,False,True,False,True,True,0.0,0.0,0.0,0.0,0.0,0,0.866376135526639,1.0732670431295523,False,False,False,False,-0.2047207548533409,-0.20930154241016224,False,False,False,False,-16412223,5666937.886999477,False,False,False,False,5824766.627104155,False,False,False,False
2022-05-23 00:00:00+00:00,1.34,1.38,1.32,1.36,2355612,,,,,,,,,,,,,,,,,,,,,,,,,,,,,,,,,,,,,,,,,,,,,,,,,"rgba(239, 83, 80, 1.0)",0.2178132930530884,1.607779987400336,-1.2294014917403087,41.60453713159982,-13.982430486852138,False,True,False,True,True,0.0,0.0,0.0,0.0,0.0,0,0.8676095191040842,1.0685729578392622,False,False,False,False,-0.1844315199320352,-0.1968665311710987,False,False,False,False,-14056611,4893465.381626949,False,False,False,False,5688721.347609874,False,False,False,False
2022-05-24 00:00:00+00:00,1.39,1.4,1.31,1.33,4864782,,,,,,,,,,,,,,,,,,,,,,,,,,,,,,,,,,,,,,,,,,,,,,,,,"rgba(239, 83, 80, 0.5)",0.22001203898263666,1.605518252637624,-0.979574816151914,44.358788795348104,-11.303514872359315,False,False,False,True,True,0.0,0.0,0.0,0.0,0.0,0,0.9043608578183048,1.0470913542722053,False,False,False,False,-0.17994368222132864,-0.1884051066962137,False,False,False,False,-9191829,4341100.896072951,False,False,False,False,5656410.000644781,False,False,False,False
2022-05-25 00:00:00+00:00,1.35,1.39,1.31,1.37,3267209,,,,,,,,,,,,,,,,,,,,,,,,,,,,,,,,,,,,,,,,,,,,,,,,,"rgba(239, 83, 80, 1.0)",0.22303055985812922,1.6036210630858576,-1.1371583483769536,44.970173387231696,-10.63810948434599,False,False,False,False,True,0.0,0.0,0.0,0.0,0.0,0,0.9039554010513818,1.0260937764965234,False,False,False,False,-0.1844315199320352,-0.18641831331412445,False,False,False,False,-12459038,3682271.919756365,False,False,False,False,5562715.84375675,False,False,False,False
2022-05-26 00:00:00+00:00,1.37,1.38,1.34,1.35,3013890,,,,,,,,,,,,,,,,,,,,,,,,,,,,,,,,,,,,,,,,,,,,,,,,,"rgba(239, 83, 80, 1.0)",0.22550060426198962,1.6020542738774348,-1.0290627585539902,46.07630535458446,-9.430855103860935,False,False,False,False,True,0.0,0.0,0.0,0.0,0.0,0,0.907508649041131,1.0252210310511256,False,False,False,False,-0.17546300426352315,-0.18094065878882382,False,False,False,False,-9445148,3167471.1385894488,False,False,False,False,5462761.889099623,False,False,False,False
2022-05-27 00:00:00+00:00,1.32,1.39,1.32,1.38,2874096,,,,,,,,,,,,,,,,,,,,,,,,,,,,,,,,,,,,,,,,,,,,,,,,,"rgba(239, 83, 80, 1.0)",0.22880354687605473,1.600257532469185,-1.224882814517746,45.25653568857648,-9.430855103860935,False,False,False,False,True,0.0,0.0,0.0,0.0,0.0,0,0.891688266045776,1.0643807933927865,False,False,False,False,-0.17994368222132864,-0.18044217050507622,False,False,False,False,-12319244,2560148.976291823,False,False,False,False,5361245.579723167,False,False,False,False
2022-05-31 00:00:00+00:00,1.27,1.3401,1.265,1.32,4101661,,,,,,,,,,,,,,,,,,,,,,,,,,,,,,,,,,,,,,,,,,,,,,,,,"rgba(239, 83, 80, 1.0)",0.23296846633462265,1.5967101464375857,-1.4023792643606874,43.31163648703384,-9.430855103860935,False,False,False,True,False,0.0,0.0,0.0,0.0,0.0,0,0.8665774403756282,1.0642868113302764,False,False,False,False,-0.22741607968060487,-0.20392912509284056,False,False,False,False,-16420905,1815793.9183980261,False,False,False,False,5311850.106008533,False,False,False,False
2022-06-01 00:00:00+00:00,1.33,1.35,1.29,1.29,3801745,,,,,,,,,,,,,,,,,,,,,,,,,,,,,,,,,,,,,,,,,,,,,,,,,"rgba(239, 83, 80, 1.0)",0.23454944348994164,1.5940539850478752,-1.1257924176622434,44.28988775399488,-9.430855103860935,False,False,False,True,False,0.0,0.0,0.0,0.0,0.0,0,0.8635972556200225,1.0690727790156411,False,False,False,False,-0.2115201431885298,-0.20772463414068518,False,False,False,False,-12619160,1249717.2941471231,False,False,False,False,5252630.2979297675,False,False,False,False
2022-06-02 00:00:00+00:00,1.44,1.45,1.35,1.35,4104277,,,,,,,,,,,,,,,,,,,,,,,,,,,,,,,,,,,,,,,,,,,,,,,,,"rgba(239, 83, 80, 0.5)",0.2334369139463437,1.5765256234829068,-0.5848501900358731,48.25921365261503,-6.967075657164855,True,False,False,False,True,0.0,0.0,0.0,0.0,0.0,0,0.8746309781539068,1.0378534409237026,False,False,False,False,-0.13985208703522864,-0.1737883605879569,False,False,False,False,-8514883,866791.7924158634,False,False,False,False,5207596.835265854,False,False,False,False
2022-06-03 00:00:00+00:00,1.39,1.445,1.37,1.43,3239374,,,,,,,,,,,,,,,,,,,,,,,,,,,,,,,,,,,,,,,,,,,,,,,,,"rgba(239, 83, 80, 0.5)",0.23339152427541895,1.5750083849473713,-0.7926953882397547,49.31834346278474,-5.919157597168784,True,False,False,False,True,0.0,0.0,0.0,0.0,0.0,0,0.8747679066821032,1.0432294283405057,False,False,False,False,-0.13321673469146797,-0.15350254763971244,False,False,False,False,-11754257,371848.70251720207,False,False,False,False,5130411.626039743,False,False,False,False
2022-06-06 00:00:00+00:00,1.36,1.415,1.34,1.4,3031026,,,,,,,,,,,,,,,,,,,,,,,,,,,,,,,,,,,,,,,,,,,,,,,,,"rgba(239, 83, 80, 0.5)",0.2327746464631316,1.5726996510359255,-0.9137578093996339,49.1164686845793,-5.919157597168784,True,False,False,False,True,0.0,0.0,0.0,0.0,0.0,0,0.8636969975289205,1.0563974720636795,False,False,False,False,-0.15983419132966806,-0.15666836948469026,False,False,False,False,-14785283,-222548.61915013916,False,False,False,False,5048082.777959754,False,False,False,False
2022-06-07 00:00:00+00:00,1.35,1.38,1.32,1.35,2179385,,,,,,,,,,,,,,,,,,,,,,,,,,,,,,,,,,,,,,,,,,,,,,,,,"rgba(239, 83, 80, 0.5)",0.23039198872458289,1.5708157634325082,-0.9584350769091954,48.67260189957145,-5.919157597168784,True,False,False,False,True,0.0,0.0,0.0,0.0,0.0,0,0.8581865908345181,1.0610959203762442,False,False,False,False,-0.1844315199320352,-0.1705499447083627,False,False,False,False,-16964668,-879102.3203599376,False,False,False,False,4935584.8258829005,False,False,False,False
2022-06-08 00:00:00+00:00,1.38,1.3802,1.31,1.33,3739710,,,,,,,,,,,,,,,,,,,,,,,,,,,,,,,,,,,,,,,,,,,,,,,,,"rgba(239, 83, 80, 0.5)",0.2276806677926045,1.5683034274239807,-0.8270505759211288,49.40601028390981,-5.314465546282676,True,False,False,False,True,0.0,0.0,0.0,0.0,0.0,1,0.8756978617295937,1.055762738045325,False,False,False,False,-0.1888367384691352,-0.17969334158874894,False,False,False,False,-13224958,-1363253.5234830773,False,False,False,False,4888687.773887493,False,False,False,False
2022-06-09 00:00:00+00:00,1.29,1.36,1.29,1.35,3321905,,,,,,,,,,,,,,,,,,,,,,,,,,,,,,,,,,,,,,,,,,,,,,,,,"rgba(239, 83, 80, 1.0)",0.22842760597434586,1.5651330441964482,-1.2044649464449917,47.125917654248184,-5.314465546282676,True,False,False,False,False,0.0,0.0,0.0,0.0,0.0,1,0.8810049757904367,1.0519668875649866,False,False,False,False,-0.20698511419282836,-0.19333922789078867,False,False,False,False,-16546863,-1958689.1892288388,False,False,False,False,4827245.312166414,False,False,False,False
2022-06-10 00:00:00+00:00,1.38,1.41,1.245,1.28,5781223,,,,,,,,,,,,,,,,,,,,,,,,,,,,,,,,,,,,,,,,,,,,,,,,,"rgba(239, 83, 80, 0.5)",0.22964131844059546,1.5616472058071296,-0.7910040189658591,48.52102319212912,-5.314465546282676,True,False,False,False,False,0.0,0.0,0.0,0.0,0.0,1,0.8466788088916198,1.0554958197099036,False,False,False,False,-0.2047207548533409,-0.19902999137206479,False,False,False,False,-10765640,-2304059.8092590803,False,False,False,False,4864656.201885378,False,False,False,False
2022-06-13 00:00:00+00:00,1.22,1.35,1.21,1.34,5775330,,,,,,,,,,,,,,,,,,,,,,,,,,,,,,,,,,,,,,,,,,,,,,,,,"rgba(239, 83, 80, 1.0)",0.23355868140075095,1.5553947316562828,-1.4360191179568993,45.526663193279894,-5.314465546282676,True,False,False,True,False,0.0,0.0,0.0,0.0,0.0,1,0.8364509009877654,1.0541878254162114,False,False,False,False,-0.24812774138281093,-0.22357886637743785,False,False,False,False,-16540970,-2862370.012817548,False,False,False,False,4900368.899850657,False,False,False,False
2022-06-14 00:00:00+00:00,1.19,1.26,1.17,1.26,3726801,,,,,,,,,,,,,,,,,,,,,,,,,,,,,,,,,,,,,,,,,,,,,,,,,"rgba(255, 0, 0, 1.0)",0.23765005691046945,1.550609876269307,-1.5173986531177672,42.93491021249243,-2.2899422280343344,False,False,False,True,False,0.0,0.0,0.0,0.0,0.0,1,0.832703274171846,1.0721684714124005,False,False,False,False,-0.3090858882613851,-0.2663323773194115,False,False,False,False,-20267771,-3544934.7574129384,False,False,False,False,4854346.629268279,False,False,False,False
2022-06-15 00:00:00+00:00,1.25,1.26,1.18,1.24,5655067,,,,,,,,,,,,,,,,,,,,,,,,,,,,,,,,,,,,,,,,,,,,,,,,,"rgba(239, 83, 80, 1.0)",0.24004714251711148,1.5447078887310723,-1.2277083811154488,43.08323772563353,-2.2899422280343344,False,False,False,True,False,0.0,0.0,0.0,0.0,0.0,1,0.8305674804040922,1.077507955831785,False,False,False,False,-0.3043223573571043,-0.2853273673382579,False,False,False,False,-14612704,-3978964.9237889014,False,False,False,False,4885747.428120503,False,False,False,False
2022-06-16 00:00:00+00:00,1.2,1.25,1.16,1.22,7127815,,,,,,,,,,,,,,,,,,,,,,,,,,,,,,,,,,,,,,,,,,,,,,,,,"rgba(239, 83, 80, 1.0)",0.24279951318650414,1.537016976531806,-1.3880463437046913,42.07534931813787,-3.238970225074553,False,False,False,True,False,0.0,0.0,0.0,0.0,0.0,0,0.8366154045251603,1.0804305157129608,False,False,False,False,-0.3186541352369774,-0.30199075128761765,False,False,False,False,-21740519,-4675496.456189336,False,False,False,False,4973671.646625581,False,False,False,False
2022-06-17 00:00:00+00:00,1.2,1.24,1.16,1.2,11326459,,,,,,,,,,,,,,,,,,,,,,,,,,,,,,,,,,,,,,,,,,,,,,,,,"rgba(239, 83, 80, 1.0)",0.24579101941532572,1.525982169905818,-1.3262574470021187,41.40342371314076,-4.030183579397509,False,False,False,True,False,0.0,0.0,0.0,0.0,0.0,0,0.844495087394922,1.059746737471245,False,False,False,False,-0.3234594107346807,-0.31272508101114915,False,False,False,False,-21740519,-5344713.026534853,False,False,False,False,5222800.562444186,False,False,False,False
2022-06-21 00:00:00+00:00,1.25,1.26,1.17,1.18,3564236,,,,,,,,,,,,,,,,,,,,,,,,,,,,,,,,,,,,,,,,,,,,,,,,,"rgba(239, 83, 80, 1.0)",0.24774245563553313,1.5231805979166495,-1.1026797858116808,42.64906483289972,-4.030183579397509,False,False,False,True,False,0.0,0.0,0.0,0.0,0.0,0,0.8444950873949221,1.0629716423365514,False,False,False,False,-0.3090858882613851,-0.3109054846362671,False,False,False,False,-18176283,-5847911.849023682,False,False,False,False,5157758.814897355,False,False,False,False
2022-06-22 00:00:00+00:00,1.18,1.265,1.18,1.26,4588367,,,,,,,,,,,,,,,,,,,,,,,,,,,,,,,,,,,,,,,,,,,,,,,,,"rgba(239, 83, 80, 1.0)",0.25015937262415633,1.5193497253528134,-1.356534123798984,41.74213154012804,-4.030183579397509,False,False,False,True,False,0.0,0.0,0.0,0.0,0.0,0,0.8312213821744224,1.0677031200085192,False,False,False,False,-0.301945619702351,-0.30642555216930906,False,False,False,False,-22764650,-6511313.3451404,False,False,False,False,5135429.724117067,False,False,False,False
2022-06-23 00:00:00+00:00,1.13,1.21,1.11,1.18,5514503,,,,,,,,,,,,,,,,,,,,,,,,,,,,,,,,,,,,,,,,,,,,,,,,,"rgba(255, 0, 0, 1.0)",0.2535657776664733,1.5136725480462012,-1.5131085573813647,40.03048734923104,-5.693353635977267,False,False,False,True,False,0.0,0.0,0.0,0.0,0.0,0,0.8173103375304203,1.085260818960957,False,False,False,False,-0.34282825441539394,-0.3246269032923515,False,False,False,False,-28279153,-7364954.115919208,False,False,False,False,5150295.342779143,False,False,False,False
2022-06-24 00:00:00+00:00,1.2,1.21,1.12,1.14,3116359,,,,,,,,,,,,,,,,,,,,,,,,,,,,,,,,,,,,,,,,,,,,,,,,,"rgba(239, 83, 80, 1.0)",0.254042842382472,1.5109101922260684,-1.2238494472439427,41.288734753747775,-5.693353635977267,False,False,False,True,False,0.0,0.0,0.0,0.0,0.0,0,0.8185604058767573,1.0893985836592328,False,False,False,False,-0.3380878414046192,-0.3313573723484854,False,False,False,False,-25162794,-8062908.621177278,False,False,False,False,5070533.133258392,False,False,False,False
2022-06-27 00:00:00+00:00,1.24,1.27,1.185,1.22,4200867,,,,,,,,,,,,,,,,,,,,,,,,,,,,,,,,,,,,,,,,,,,,,,,,,"rgba(239, 83, 80, 1.0)",0.253753941965564,1.5081601318937607,-1.0567722803303359,43.3754172763166,-5.693353635977267,False,False,False,True,True,0.0,0.0,0.0,0.0,0.0,0,0.8285865761849222,1.0875622945604921,False,False,False,False,-0.27997789602562706,-0.3056676341870562,False,False,False,False,-20961927,-8568752.479170326,False,False,False,False,5036428.579012965,False,False,False,False
2022-06-28 00:00:00+00:00,1.17,1.26,1.17,1.26,3156910,,,,,,,,,,,,,,,,,,,,,,,,,,,,,,,,,,,,,,,,,,,,,,,,,"rgba(239, 83, 80, 1.0)",0.25284329085370144,1.5057736999024876,-1.3279913371194447,42.96503185489588,-5.693353635977267,False,False,False,True,True,0.0,0.0,0.0,0.0,0.0,0,0.8287681389683297,1.087469547717403,False,False,False,False,-0.2914420605626563,-0.29855484737485627,False,False,False,False,-24118837,-9178559.715281295,False,False,False,False,4962721.96807128,False,False,False,False
2022-06-29 00:00:00+00:00,1.15,1.2,1.11,1.19,2328762,,,,,,,,,,,,,,,,,,,,,,,,,,,,,,,,,,,,,,,,,,,,,,,,,"rgba(239, 83, 80, 1.0)",0.25347729432582017,1.5036541283096698,-1.3952102859954085,42.20691652910088,-5.693353635977267,False,False,False,True,True,0.0,0.0,0.0,0.0,0.0,0,0.8018681668612674,1.1173760747266743,False,False,False,False,-0.34282825441539394,-0.32069155089512513,False,False,False,False,-26447599,-9855776.94213301,False,False,False,False,4859429.420303779,False,False,False,False
2022-06-30 00:00:00+00:00,1.07,1.135,1.07,1.13,4345147,,,,,,,,,,,,,,,,,,,,,,,,,,,,,,,,,,,,,,,,,,,,,,,,,"rgba(255, 0, 0, 1.0)",0.25726888517517815,1.4988562945152877,-1.666957487778878,39.914343082329054,-6.016801985580621,False,False,False,True,False,0.0,0.0,0.0,0.0,0.0,0,0.8119431684649079,1.1117188334579642,False,False,False,False,-0.34282825441539394,-0.33175990265525956,False,False,False,False,-30792746,-10676834.55224544,False,False,False,False,4839261.48225265,False,False,False,False
2022-07-01 00:00:00+00:00,1.11,1.15,1.05,1.06,3595180,,,,,,,,,,,,,,,,,,,,,,,,,,,,,,,,,,,,,,,,,,,,,,,,,"rgba(239, 83, 80, 1.0)",0.2600164235977033,1.495159087259571,-1.481287535342337,39.84261124668597,-6.190594724798409,False,False,False,True,False,0.0,0.0,0.0,0.0,0.0,0,0.8132109700138728,1.1045352683811764,False,False,False,False,-0.34282825441539394,-0.3372940785353268,False,False,False,False,-27197566,-11324706.373726012,False,False,False,False,4790473.973144704,False,False,False,False
2022-07-05 00:00:00+00:00,1.08,1.15,1.04,1.09,4852448,,,,,,,,,,,,,,,,,,,,,,,,,,,,,,,,,,,,,,,,,,,,,,,,,"rgba(255, 0, 0, 1.0)",0.2632025219627792,1.490111569832981,-1.55815972724979,39.096039213020056,-7.056016772822254,False,False,False,True,False,0.0,0.0,0.0,0.0,0.0,0,0.8304286794082715,1.0992981319511934,False,False,False,False,-0.34282825441539394,-0.34006116647536033,False,False,False,False,-32050014,-12137463.535540678,False,False,False,False,4792904.327139029,False,False,False,False
2022-07-06 00:00:00+00:00,1.13,1.13,1.04,1.08,3885040,,,,,,,,,,,,,,,,,,,,,,,,,,,,,,,,,,,,,,,,,,,,,,,,,"rgba(239, 83, 80, 1.0)",0.2633514419591845,1.4863292415642924,-1.3530559730883045,40.434089424114546,-7.056016772822254,False,False,False,True,False,0.0,0.0,0.0,0.0,0.0,1,0.8419651552862246,1.077870360350612,False,False,False,False,-0.34282825441539394,-0.34144471044537716,False,False,False,False,-28164974,-12765993.357676337,False,False,False,False,4757301.804506127,False,False,False,False
2022-07-07 00:00:00+00:00,1.08,1.18,1.08,1.12,2864608,,,,,,,,,,,,,,,,,,,,,,,,,,,,,,,,,,,,,,,,,,,,,,,,,"rgba(255, 0, 0, 1.0)",0.2644421631617344,1.4837308742421451,-1.5267265606022926,40.054425774279835,-7.056016772822254,False,False,False,True,False,0.0,0.0,0.0,0.0,0.0,1,0.8793553338449734,1.0503892117092426,False,False,False,False,-0.26667298147308394,-0.30405884595923055,False,False,False,False,-31029582,-13482212.520120401,False,False,False,False,4683078.518054906,False,False,False,False
2022-07-08 00:00:00+00:00,1.04,1.08,1.03,1.06,4404913,,,,,,,,,,,,,,,,,,,,,,,,,,,,,,,,,,,,,,,,,,,,,,,,,"rgba(255, 0, 0, 1.0)",0.2646432240508639,1.4789462921767802,-1.6586341620914338,38.85495811800584,-7.591772977402812,False,False,False,True,False,0.0,0.0,0.0,0.0,0.0,1,0.8728792776725005,1.0679522907145247,False,False,False,False,-0.34282825441539394,-0.32344355018731225,False,False,False,False,-35434495,-14343086.342860777,False,False,False,False,4672170.066366479,False,False,False,False
2022-07-11 00:00:00+00:00,0.96,1.04,0.96,1.04,5297594,,,,,,,,,,,,,,,,,,,,,,,,,,,,,,,,,,,,,,,,,,,,,,,,,"rgba(255, 0, 0, 1.0)",0.26717743876267597,1.4723469748982119,-1.9176281398269976,36.38866265905311,-10.013442449086376,False,True,False,True,False,0.0,0.0,0.0,0.0,0.0,0,0.8645685369318181,1.0554199218750002,False,False,False,False,-0.34282825441539394,-0.3331359023013531,False,False,False,False,-40732089,-15377949.192160355,False,False,False,False,4696696.495136421,False,False,False,False
2022-07-12 00:00:00+00:00,0.7101,0.7816,0.671,0.7726,23034507,,,,,,,,,,,,,,,,,,,,,,,,,,,,,,,,,,,,,,,,,,,,,,,,,"rgba(255, 26, 202, 1.0)",0.2761181705308381,1.3700592713663051,-2.390133434889603,31.385870400093815,-14.668286608969382,False,True,False,True,False,0.0,0.0,0.0,0.0,0.0,0,0.8492342934713445,1.0720739829465915,True,False,False,False,-0.34282825441539394,-0.3379820783583735,False,False,False,False,-63766596,-17275543.184624657,False,False,False,False,5415826.318856562,False,False,False,False
2022-07-13 00:00:00+00:00,0.7969,0.81,0.68,0.716,16115732,,,,,,,,,,,,,,,,,,,,,,,,,,,,,,,,,,,,,,,,,,,,,,,,,"rgba(255, 0, 0, 1.0)",0.28085007462063116,1.3488094715634593,-1.9651391309365747,30.908198834176545,-14.974128336449922,False,True,False,True,False,0.0,0.0,0.0,0.0,0.0,0,0.8455987847075704,1.077306101780741,False,False,False,False,-0.3235430260936941,-0.3307625522260338,False,False,False,False,-47650864,-18466732.236208003,False,False,False,False,5835430.463215128,False,False,False,False
2022-07-14 00:00:00+00:00,0.7391,0.7717,0.701,0.76,6233605,,,,,,,,,,,,,,,,,,,,,,,,,,,,,,,,,,,,,,,,,,,,,,,,,"rgba(255, 26, 202, 1.0)",0.28629868012521664,1.3402372355488765,-2.099685668428373,29.85129258288276,-15.938012590926313,False,True,False,True,False,0.0,0.0,0.0,0.0,0.0,0,0.8672675220019086,1.0624536104336761,False,False,False,False,-0.3324340498214072,-0.33159830102372045,False,False,False,False,-53884469,-19855663.089690045,False,False,False,False,5851045.150932182,False,False,False,False
2022-07-15 00:00:00+00:00,0.7085,0.7471,0.7,0.7318,6465230,,,,,,,,,,,,,,,,,,,,,,,,,,,,,,,,,,,,,,,,,,,,,,,,,"rgba(255, 26, 202, 1.0)",0.2939579359011744,1.3311909691628085,-2.118299569813794,28.764896386250502,-16.98624090744356,False,True,False,True,False,0.0,0.0,0.0,0.0,0.0,0,0.8551341865342635,1.0768736891666308,False,False,False,False,-0.34282825441539394,-0.3372132777195572,False,False,False,False,-60349699,-21443664.497937497,False,False,False,False,5875130.831287783,False,False,False,False
2022-07-18 00:00:00+00:00,0.7061,0.7339,0.7024,0.7243,2812421,,,,,,,,,,,,,,,,,,,,,,,,,,,,,,,,,,,,,,,,,,,,,,,,,"rgba(255, 26, 202, 1.0)",0.29952361012083756,1.3273225082823765,-2.0740351921898754,28.00916559868621,-17.770512621139446,False,True,False,True,False,0.0,0.0,0.0,0.0,0.0,0,0.8578440954801158,1.0808844290958062,False,False,False,False,-0.34282825441539394,-0.34002076606747555,False,False,False,False,-63162120,-23079682.36076348,False,False,False,False,5755024.563394144,False,False,False,False
2022-07-19 00:00:00+00:00,0.7028,0.7291,0.7028,0.71,3556669,,,,,,,,,,,,,,,,,,,,,,,,,,,,,,,,,,,,,,,,,,,,,,,,,"rgba(255, 26, 202, 1.0)",0.30413769033890614,1.3224921379191714,-2.037538120410651,27.458173982335865,-18.412639517612384,False,True,False,True,False,0.0,0.0,0.0,0.0,0.0,0,0.8591014132077149,1.08603679672918,False,False,False,False,-0.34282825441539394,-0.3414245102414347,False,False,False,False,-66718789,-24791019.87602766,False,False,False,False,5668814.541300257,False,False,False,False
2022-07-20 00:00:00+00:00,0.7021,0.723,0.7021,0.71,3198016,,,,,,,,,,,,,,,,,,,,,,,,,,,,,,,,,,,,,,,,,,,,,,,,,"rgba(255, 0, 0, 1.0)",0.30859032148094245,1.3182083966226479,-1.9965253403473862,27.079912057248066,-18.937367629584994,False,True,False,True,False,0.0,0.0,0.0,0.0,0.0,0,0.8638696317637528,1.0701809669577746,False,False,False,False,-0.34282825441539394,-0.3421263823284143,False,False,False,False,-69916805,-26560658.5083403,False,False,False,False,5571920.48085711,False,False,False,False
2022-07-21 00:00:00+00:00,0.725,0.73,0.7021,0.7021,2435053,,,,,,,,,,,,,,,,,,,,,,,,,,,,,,,,,,,,,,,,,,,,,,,,,"rgba(255, 0, 0, 1.0)",0.3108157135232591,1.3150870637355694,-1.8985110406633665,27.880512273205568,-18.937367629584994,False,True,False,True,False,0.0,0.0,0.0,0.0,0.0,0,0.8819455591992111,1.0564817575159953,False,False,False,False,-0.3391026250235849,-0.3406145036759996,False,False,False,False,-67481752,-28165407.272719115,False,False,False,False,5448906.069843106,False,False,False,False
2022-07-22 00:00:00+00:00,0.717,0.7405,0.702701,0.7389,3577762,,,,,,,,,,,,,,,,,,,,,,,,,,,,,,,,,,,,,,,,,,,,,,,,,"rgba(255, 0, 0, 1.0)",0.3125112514702394,1.3105898045179236,-1.899418986437522,28.25498459028009,-18.937367629584994,False,True,False,True,False,0.0,0.0,0.0,0.0,0.0,0,0.8852967123817368,1.045445061029375,False,False,False,False,-0.3332128042918673,-0.33691365398393347,False,False,False,False,-71059514,-29847529.105161503,False,False,False,False,5375527.871025729,False,False,False,False
2022-07-25 00:00:00+00:00,0.7069,0.722,0.6793,0.722,3261520,,,,,,,,,,,,,,,,,,,,,,,,,,,,,,,,,,,,,,,,,,,,,,,,,"rgba(255, 0, 0, 1.0)",0.3152709491078286,1.3063751447487189,-1.9014601454563043,28.291832559857014,-18.937367629584994,False,True,False,True,False,0.0,0.0,0.0,0.0,0.0,0,0.8736366758265973,1.0566707542005347,False,False,False,False,-0.34282825441539394,-0.33987095419966373,False,False,False,False,-74321034,-31591588.120645367,False,False,False,False,5292625.60157374,False,False,False,False
2022-07-26 00:00:00+00:00,0.73,0.73,0.6843,0.7,2254538,,,,,,,,,,,,,,,,,,,,,,,,,,,,,,,,,,,,,,,,,,,,,,,,,"rgba(255, 0, 0, 1.0)",0.3176193911864598,1.303597175309238,-1.8059261846909884,29.56928951222934,-18.937367629584994,False,True,False,True,True,0.0,0.0,0.0,0.0,0.0,0,0.8922406352802638,1.032451616021432,False,False,False,False,-0.3360325389201442,-0.33795174655990395,False,False,False,False,-72066496,-33178839.410031825,False,False,False,False,5173484.911315946,False,False,False,False
2022-07-27 00:00:00+00:00,0.7434,0.7574,0.72,0.7286,1832948,,,,,,,,,,,,,,,,,,,,,,,,,,,,,,,,,,,,,,,,,,,,,,,,,"rgba(255, 0, 0, 1.0)",0.3176006296769118,1.3015163179385276,-1.7572897084816463,31.153902887339864,-22.084192624499675,False,True,False,True,True,0.0,0.0,0.0,0.0,0.0,0,0.8938918989415663,1.0410200463922394,False,False,False,False,-0.3034558092324521,-0.320703777896178,False,False,False,False,-70233548,-34631965.2370894,False,False,False,False,5042483.46381336,False,False,False,False
2022-07-28 00:00:00+00:00,0.8038,0.8282,0.755,0.769,3107640,,,,,,,,,,,,,,,,,,,,,,,,,,,,,,,,,,,,,,,,,,,,,,,,,"rgba(255, 0, 0, 1.0)",0.3149918181005183,1.2985820578407101,-1.5707774913785801,35.24014551305774,-18.20782008564729,False,True,False,True,True,0.0,0.0,0.0,0.0,0.0,0,0.8784491414067408,1.0281244787013204,False,False,False,False,-0.25016969936791417,-0.2854367386320461,False,False,False,False,-67125908,-35906237.50230158,False,False,False,False,4966607.249546169,False,False,False,False
2022-07-29 00:00:00+00:00,0.8172,0.82,0.7812,0.82,2016326,,,,,,,,,,,,,,,,,,,,,,,,,,,,,,,,,,,,,,,,,,,,,,,,,"rgba(255, 0, 0, 1.0)",0.31150536386861566,1.2967609321623048,-1.5394949422590691,38.580562471799766,-15.195737500492989,False,False,False,True,True,0.0,0.0,0.0,0.0,0.0,0,0.8744752310002745,1.039965067570568,False,False,False,False,-0.2412485359903323,-0.26334263731118923,False,False,False,False,-65109582,-37051466.69828975,False,False,False,False,4850909.945642398,False,False,False,False
2022-08-01 00:00:00+00:00,0.8124,0.83,0.7913,0.82,1744525,,,,,,,,,,,,,,,,,,,,,,,,,,,,,,,,,,,,,,,,,,,,,,,,,"rgba(255, 0, 0, 1.0)",0.3077292151074226,1.2952221055921138,-1.5689836449996126,40.61575373077509,-13.453258273304513,False,False,False,True,True,0.0,0.0,0.0,0.0,0.0,0,0.8879356556536242,1.0330163324222592,False,False,False,False,-0.23133083050556053,-0.24733673390837488,False,False,False,False,-66854107,-38220197.690513685,False,False,False,False,4729090.928166226,False,False,False,False
2022-08-02 00:00:00+00:00,0.83,0.879,0.8201,0.8205,2536408,,,,,,,,,,,,,,,,,,,,,,,,,,,,,,,,,,,,,,,,,,,,,,,,,"rgba(239, 83, 80, 1.0)",0.30187263156252875,1.2586162975603332,-1.4198580882995726,42.871635457100936,-11.47561082391114,True,False,False,True,True,0.0,0.0,0.0,0.0,0.0,0,0.8823398285735045,1.0427787768828531,False,False,False,False,-0.19334276457670013,-0.22033974924253752,False,False,False,False,-64317699,-39243629.11441512,False,False,False,False,4643103.362355785,False,False,False,False
2022-08-03 00:00:00+00:00,0.7621,0.84,0.7621,0.84,2660511,,,,,,,,,,,,,,,,,,,,,,,,,,,,,,,,,,,,,,,,,,,,,,,,,"rgba(255, 0, 0, 1.0)",0.29524132454471663,1.2541391243735225,-1.6665659020880028,41.66749064579881,-11.47561082391114,False,False,False,True,True,0.0,0.0,0.0,0.0,0.0,0,0.8742992305581782,1.0462055284136837,False,False,False,False,-0.24080347628932874,-0.23057161276593313,False,False,False,False,-66978210,-40331259.73737923,False,False,False,False,4565354.642263402,False,False,False,False
2022-08-04 00:00:00+00:00,0.81,0.845,0.775,0.775,2617524,,,,,,,,,,,,,,,,,,,,,,,,,,,,,,,,,,,,,,,,,,,,,,,,,"rgba(255, 0, 0, 1.0)",0.28641832017755625,1.2519192123307588,-1.5429153137159817,43.242241710254234,-11.403488331110559,True,False,False,True,True,0.0,0.0,0.0,0.0,0.0,0,0.8697749667113795,1.0478066190258033,False,False,False,False,-0.23197090370940213,-0.23127125823766764,False,False,False,False,-64360686,-41273590.17905064,False,False,False,False,4488969.126880524,False,False,False,False
2022-08-05 00:00:00+00:00,0.8097,0.82,0.7805,0.8056,1465720,,,,,,,,,,,,,,,,,,,,,,,,,,,,,,,,,,,,,,,,,,,,,,,,,"rgba(255, 0, 0, 1.0)",0.2795901411928755,1.2506081021994357,-1.576980147863207,44.27957573749907,-10.410826411015108,True,False,False,False,True,0.0,0.0,0.0,0.0,0.0,0,0.8719993698430516,1.0596256099971608,False,False,False,False,-0.24159475836051145,-0.23643300829908953,False,False,False,False,-65826406,-42236445.70144081,False,False,False,False,4370410.337591092,False,False,False,False
2022-08-08 00:00:00+00:00,0.8167,0.85,0.79,0.7924,1593391,,,,,,,,,,,,,,,,,,,,,,,,,,,,,,,,,,,,,,,,,,,,,,,,,"rgba(255, 0, 0, 1.0)",0.27112320375507193,1.2494682505108068,-1.5962051366940997,45.33459164015028,-9.34446184831318,True,False,False,False,True,0.0,0.0,0.0,0.0,0.0,0,0.8737379747320627,1.0499035623678037,False,False,False,False,-0.22214392797052432,-0.2292884681348069,False,False,False,False,-64233015,-43099056.26216862,False,False,False,False,4261507.6184698725,False,False,False,False
2022-08-09 00:00:00+00:00,0.7941,0.83,0.7908,0.8119,975041,,,,,,,,,,,,,,,,,,,,,,,,,,,,,,,,,,,,,,,,,,,,,,,,,"rgba(255, 0, 0, 1.0)",0.2665624288523713,1.2486378492572618,-1.7051834769595224,44.973200464755465,-9.34446184831318,True,False,False,False,True,0.0,0.0,0.0,0.0,0.0,0,0.8663960175389054,1.0524192669370989,False,False,False,False,-0.23157699044022387,-0.2304327292875154,False,False,False,False,-65208056,-43966075.85973064,False,False,False,False,4132626.5746083087,False,False,False,False
2022-08-10 00:00:00+00:00,0.8135,0.82,0.7851,0.8124,1377797,,,,,,,,,,,,,,,,,,,,,,,,,,,,,,,,,,,,,,,,,,,,,,,,,"rgba(255, 0, 0, 1.0)",0.2627045324972419,1.2474957452373339,-1.6520299102258174,45.843020937816526,-8.598979230965675,True,False,False,False,True,0.0,0.0,0.0,0.0,0.0,0,0.8688254888582561,1.0579402542950236,False,False,False,False,-0.2393206186103783,-0.23487667394894685,False,False,False,False,-63830259,-44745063.43385885,False,False,False,False,4024594.0422707284,False,False,False,False
2022-08-11 00:00:00+00:00,0.785,0.8166,0.785,0.8004,1293355,,,,,,,,,,,,,,,,,,,,,,,,,,,,,,,,,,,,,,,,,,,,,,,,,"rgba(255, 0, 0, 1.0)",0.261016118462629,1.2463264995569818,-1.7674253309495607,45.025843792184034,-8.598979230965675,True,False,False,False,True,0.0,0.0,0.0,0.0,0.0,0,0.8813996578482372,1.0466988847222567,False,False,False,False,-0.24105072011325018,-0.23796369703109851,False,False,False,False,-65123614,-45544222.27958988,False,False,False,False,3917486.628848347,False,False,False,False
2022-08-12 00:00:00+00:00,0.818,0.83,0.7823,0.79,1543299,,,,,,,,,,,,,,,,,,,,,,,,,,,,,,,,,,,,,,,,,,,,,,,,,"rgba(255, 0, 0, 1.0)",0.260407420854391,1.2451282882040426,-1.640230861327393,46.38446140075651,-7.805547084534815,True,False,False,False,True,0.0,0.0,0.0,0.0,0.0,0,0.8784278037185062,1.0513402194175825,False,False,False,False,-0.23576595675432588,-0.2368648268927122,False,False,False,False,-63580315,-46251520.033331454,False,False,False,False,3824381.231638608,False,False,False,False
2022-08-15 00:00:00+00:00,0.7897,0.8,0.78,0.8,1115338,,,,,,,,,,,,,,,,,,,,,,,,,,,,,,,,,,,,,,,,,,,,,,,,,"rgba(255, 0, 0, 1.0)",0.2604778438953307,1.2441057980748194,-1.7445084437101526,45.86809170601647,-7.805547084534815,True,False,False,False,True,0.0,0.0,0.0,0.0,0.0,0,0.8599262401069615,1.0872038144296512,False,False,False,False,-0.25175973758690706,-0.24431228223980964,False,False,False,False,-64695653,-46974819.36535767,False,False,False,False,3718144.2421625843,False,False,False,False
2022-08-16 00:00:00+00:00,0.7797,0.7999,0.771,0.788,1824148,,,,,,,,,,,,,,,,,,,,,,,,,,,,,,,,,,,,,,,,,,,,,,,,,"rgba(255, 0, 0, 1.0)",0.2591188024373694,1.2423899747595233,-1.785628717049039,45.03559785427913,-7.805547084534815,True,False,False,True,True,0.0,0.0,0.0,0.0,0.0,0,0.85047571909585,1.086969292083822,False,False,False,False,-0.25254668377811873,-0.24842948300896417,False,False,False,False,-66519801,-47741289.23338286,False,False,False,False,3643869.8797248364,False,False,False,False
2022-08-17 00:00:00+00:00,0.7204,0.787,0.72,0.787,3417560,,,,,,,,,,,,,,,,,,,,,,,,,,,,,,,,,,,,,,,,,,,,,,,,,"rgba(255, 0, 0, 1.0)",0.25904936447718985,1.2384430777211752,-1.9997851713193089,41.94100466264424,-4.113338070234157,False,False,False,True,False,0.0,0.0,0.0,0.0,0.0,1,0.8445470884764786,1.0825876980121527,False,False,False,False,-0.2836536293639647,-0.2660415561864644,False,False,False,False,-69937361,-48611723.42030902,False,False,False,False,3634994.9824807253,False,False,False,False
2022-08-18 00:00:00+00:00,0.73,0.7435,0.715,0.731,1068560,,,,,,,,,,,,,,,,,,,,,,,,,,,,,,,,,,,,,,,,,,,,,,,,,"rgba(255, 0, 0, 1.0)",0.2597050806428547,1.2371829292822758,-1.9529187801287244,40.5275661306323,-5.48480475712369,False,False,False,True,False,0.0,0.0,0.0,0.0,0.0,1,0.8472685721550943,1.0855780857607173,False,False,False,False,-0.3102999102986246,-0.2881707332425445,False,False,False,False,-68868801,-49406118.61951259,False,False,False,False,3534350.473363834,False,False,False,False
2022-08-19 00:00:00+00:00,0.687,0.735,0.684,0.735,2489704,,,,,,,,,,,,,,,,,,,,,,,,,,,,,,,,,,,,,,,,,,,,,,,,,"rgba(255, 26, 202, 1.0)",0.2601383445728774,1.2339650935330757,-2.102593119946007,37.95128918952685,-7.9280123138088,False,True,False,True,False,0.0,0.0,0.0,0.0,0.0,1,0.8407884330088902,1.0883786657583305,False,False,False,False,-0.33240707840726513,-0.3102889058249048,False,False,False,False,-71358505,-50266996.516786605,False,False,False,False,3493383.944996625,False,False,False,False
2022-08-22 00:00:00+00:00,0.7,0.7,0.661,0.684,2309026,,,,,,,,,,,,,,,,,,,,,,,,,,,,,,,,,,,,,,,,,,,,,,,,,"rgba(255, 26, 202, 1.0)",0.2591215432436542,1.2309333987992963,-2.0489743621974923,37.16222308712811,-8.67337746006752,False,True,False,True,False,0.0,0.0,0.0,0.0,0.0,0,0.8432265782292511,1.099170858044824,False,False,False,False,-0.34282825441539394,-0.3265585801201494,False,False,False,False,-69049479,-51003564.45730478,False,False,False,False,3446938.5353889144,False,False,False,False
2022-08-23 00:00:00+00:00,0.695,0.7365,0.69,0.6959,1888551,,,,,,,,,,,,,,,,,,,,,,,,,,,,,,,,,,,,,,,,,,,,,,,,,"rgba(255, 26, 202, 1.0)",0.2595651841129769,1.2287360324822396,-2.0562697355047765,36.4317664905016,-9.428292550011378,False,True,False,True,False,0.0,0.0,0.0,0.0,0.0,0,0.8589550356032112,1.1063371190331523,False,False,False,False,-0.3028788724490604,-0.3147187262846049,False,False,False,False,-70938030,-51785308.20407715,False,False,False,False,3385825.2987069963,False,False,False,False
2022-08-24 00:00:00+00:00,0.7096,0.7098,0.6817,0.6936,1252826,,,,,,,,,,,,,,,,,,,,,,,,,,,,,,,,,,,,,,,,,,,,,,,,,"rgba(255, 0, 0, 1.0)",0.2599414377082612,1.2272677862977903,-1.9914785070888998,37.08173425077375,-9.428292550011378,False,True,False,True,False,0.0,0.0,0.0,0.0,0.0,0,0.869803024958018,1.1098232035670956,False,False,False,False,-0.3223160890931451,-0.318517407688875,False,False,False,False,-69685204,-52487264.901956476,False,False,False,False,3302178.267385153,False,False,False,False
2022-08-25 00:00:00+00:00,0.7098,0.725,0.695,0.71,1916067,,,,,,,,,,,,,,,,,,,,,,,,,,,,,,,,,,,,,,,,,,,,,,,,,"rgba(255, 0, 0, 1.0)",0.2614346227475833,1.2251559872363997,-1.9712614259740917,37.53126664493935,-9.428292550011378,False,True,False,True,False,0.0,0.0,0.0,0.0,0.0,0,0.8834968641991883,1.080137299096062,False,False,False,False,-0.30338343318507327,-0.31095042043697413,False,False,False,False,-67769137,-53086554.003840536,False,False,False,False,3247820.962781814,False,False,False,False
2022-08-26 00:00:00+00:00,0.6989,0.7199,0.6801,0.71,1798055,,,,,,,,,,,,,,,,,,,,,,,,,,,,,,,,,,,,,,,,,,,,,,,,,"rgba(255, 0, 0, 1.0)",0.26265285245148384,1.2231295776423072,-1.995902853326677,37.251886770254465,-9.428292550011378,False,True,False,True,False,0.0,0.0,0.0,0.0,0.0,0,0.874481921770454,1.0826731114922938,False,False,False,False,-0.3166466532854671,-0.3137985368612206,False,False,False,False,-69567192,-53732853.53310169,False,False,False,False,3190967.3956139,False,False,False,False
2022-08-29 00:00:00+00:00,0.66,0.7077,0.6502,0.69,3271104,,,,,,,,,,,,,,,,,,,,,,,,,,,,,,,,,,,,,,,,,,,,,,,,,"rgba(255, 26, 202, 1.0)",0.26467841136262227,1.2191544592530248,-2.1125805326334532,35.22226961525408,-11.078187897096903,False,True,False,True,False,0.0,0.0,0.0,0.0,0.0,0,0.870179394349018,1.0841771826589466,False,False,False,False,-0.34282825441539394,-0.3283133956383073,False,False,False,False,-72838296,-54482086.57101928,False,False,False,False,3194110.0075506098,False,False,False,False
2022-08-30 00:00:00+00:00,0.6502,0.6642,0.615,0.6642,3187793,,,,,,,,,,,,,,,,,,,,,,,,,,,,,,,,,,,,,,,,,,,,,,,,,"rgba(255, 26, 202, 1.0)",0.2672529549672722,1.2150237920932516,-2.113442645236308,33.45273914752648,-12.842834399287106,False,True,False,True,False,0.0,0.0,0.0,0.0,0.0,0,0.857999520864904,1.0953920067712788,False,False,False,False,-0.34282825441539394,-0.33557082502685065,False,False,False,False,-76026089,-55326949.41137146,False,False,False,False,3193862.2817643117,False,False,False,False
2022-08-31 00:00:00+00:00,0.6549,0.6728,0.6295,0.6609,1938706,,,,,,,,,,,,,,,,,,,,,,,,,,,,,,,,,,,,,,,,,,,,,,,,,"rgba(255, 26, 202, 1.0)",0.2686483510310677,1.2126596164664112,-2.076169886491912,32.75692780504148,-13.580170555308115,False,True,False,True,False,0.0,0.0,0.0,0.0,0.0,0,0.8573274868607286,1.1003910015105944,False,False,False,False,-0.32834567655230523,-0.33195825078957797,False,False,False,False,-74087383,-56062652.6893569,False,False,False,False,3144640.4667931623,False,False,False,False
2022-09-01 00:00:00+00:00,0.6297,0.6408,0.6119,0.626,3226594,,,,,,,,,,,,,,,,,,,,,,,,,,,,,,,,,,,,,,,,,,,,,,,,,"rgba(255, 26, 202, 1.0)",0.2698046880031342,1.2085066689464194,-2.145280251541425,31.154923541321573,-15.179258407552773,False,True,False,True,False,0.0,0.0,0.0,0.0,0.0,0,0.8420883953503309,1.109055505194116,False,False,False,False,-0.34282825441539394,-0.337393252602486,False,False,False,False,-77313977,-56896037.95644094,False,False,False,False,3147854.3308404894,False,False,False,False
2022-09-02 00:00:00+00:00,0.6581,0.67,0.6226,0.65,6098266,,,,,,,,,,,,,,,,,,,,,,,,,,,,,,,,,,,,,,,,,,,,,,,,,"rgba(255, 26, 202, 1.0)",0.2695288618619102,1.2015287174916602,-2.016217164045605,32.94256721720687,-15.179258407552773,False,True,False,True,True,0.0,0.0,0.0,0.0,0.0,0,0.8656158159297419,1.083555438269561,False,False,False,False,-0.3184414407508359,-0.32791734667666095,False,False,False,False,-71215711,-57457593.76207071,False,False,False,False,3263556.749238902,False,False,False,False
2022-09-06 00:00:00+00:00,0.6192,0.665,0.6192,0.6606,4179261,,,,,,,,,,,,,,,,,,,,,,,,,,,,,,,,,,,,,,,,,,,,,,,,,"rgba(255, 26, 202, 1.0)",0.2702780442699972,1.196702741034285,-2.136698682255457,32.28491004777949,-15.179258407552773,False,True,False,True,True,0.0,0.0,0.0,0.0,0.0,0,0.8592389406617451,1.0864218169420392,False,False,False,False,-0.32354427127913904,-0.32573080897789997,True,False,False,False,-75394972,-58161020.35963657,False,False,False,False,3299466.719856984,False,False,False,False
2022-09-07 00:00:00+00:00,0.67,0.699,0.611,0.6221,6411272,,,,,,,,,,,,,,,,,,,,,,,,,,,,,,,,,,,,,,0.66,,,,,,,,,,0.66,"rgba(255, 0, 0, 1.0)",0.26864595936787294,1.1522780014414102,-1.7952177750084755,35.96877845754639,-17.92625972521472,False,True,False,True,True,0.0,0.0,0.0,0.0,0.0,0,0.8352657735245318,1.0949008811189411,True,False,False,False,-0.3071886508201392,-0.3164597298990196,False,False,False,False,-68983700,-58585439.169062585,False,False,False,False,3421498.2994704354,False,False,False,False
2022-09-08 00:00:00+00:00,0.6927,0.6948,0.645,0.67,3978533,,,,,,,,,,,,,,,,,,,,,,,,,,,,,,,,,,,,,,0.6667012159997228,,,,,,,,,,0.6667012159997228,"rgba(255, 0, 0, 1.0)",0.26733141261919285,1.1493104870712643,-1.708031550043447,39.953331191346265,-14.300486801141062,True,False,False,True,True,0.0,0.0,0.0,0.0,0.0,0,0.8494124213554617,1.0942382475090957,False,False,False,False,-0.2829459688312269,-0.29970284936512326,False,False,False,False,-65005167,-58837193.20164837,False,False,False,False,3443342.7975304183,False,False,False,False
2022-09-09 00:00:00+00:00,0.7849,0.87,0.7,0.7155,11336292,,,,,,,,,,,,,,,,,,,,,,,,,,,,,,,,,,,,,,0.728410030163264,,,,,,,,,,0.728410030163264,"rgba(239, 83, 80, 1.0)",0.264194216016507,1.1477335999428093,-1.3733593619632432,47.219720473451446,-7.770620993952093,True,False,False,False,True,0.0,0.0,0.0,0.0,0.0,0,0.8886113362779642,1.0162833748364768,False,False,False,False,-0.12271196770627943,-0.21120740853570136,False,False,False,False,-53668875,-58634514.05648569,False,False,False,False,3752870.217235108,False,False,False,False
2022-09-12 00:00:00+00:00,0.8116,0.83,0.77,0.79,4783431,,,,,,,,,,,,,,,,,,,,,,,,,,,,,,,,,,,,,,0.7420255730052983,,,,,,,,,,0.7420255730052983,"rgba(239, 83, 80, 1.0)",0.25950618134247816,1.1464418094346733,-1.2903037904625958,53.058378765288545,-2.7913715988097962,True,False,True,False,True,0.0,0.0,0.0,0.0,0.0,0,0.92869500430801,1.0131248206356136,False,False,False,False,-0.10280385091041468,-0.157005629723058,False,False,False,False,-48885444,-58252197.583682336,False,False,False,False,3793284.3655788293,False,False,False,False
2022-09-13 00:00:00+00:00,0.7873,0.84,0.76,0.77,4962130,,,,,,,,,,,,,,,,,,,,,,,,,,,,,,,,,,,,,,0.7504989204561979,,,,,,,,,,0.7504989204561979,"rgba(239, 83, 80, 1.0)",0.2555938606672919,1.1445912701954948,-1.3978867460380162,55.38789992957175,-1.0902958663632987,True,False,True,False,True,0.0,0.0,0.0,0.0,0.0,0,0.9315126791917838,1.0148542557607072,False,False,False,False,-0.10280385091041468,-0.12990474031673635,False,False,False,False,-53847574,-58079467.24706735,False,False,False,False,3839121.449281621,False,False,False,False
2022-09-14 00:00:00+00:00,0.8429,0.868,0.79,0.7936,4162888,,,,,,,,,,,,,,,,,,,,,,,,,,,,,,,,,,,,,,0.7602108233313818,,,,,,,,,,0.7602108233313818,"rgba(239, 83, 80, 1.0)",0.2505962559846291,1.143647982486753,-1.200129592140435,58.99433346279111,1.9591309835327095,True,False,True,False,True,0.0,0.0,0.0,0.0,0.0,0,0.9432240321290257,1.0048115227009298,False,False,False,False,-0.0645300580056187,-0.09721739916117753,False,False,False,False,-49684686,-57750260.139339216,False,False,False,False,3851818.1767607727,False,False,False,False
2022-09-15 00:00:00+00:00,0.855,0.8765,0.8058,0.8395,3863015,,,,,,,,,,,,,,,,,,,,,,,,,,,,,,,,,,,,,,0.7685785173806892,,,,,,,,,,0.7685785173806892,"rgba(239, 83, 80, 1.0)",0.24641797549823533,1.1428413290600494,-1.1681019961228873,61.799594188939025,4.339232076839814,True,False,True,False,True,0.0,0.0,0.0,0.0,0.0,0,0.9481347721119368,0.9953244482264464,False,False,False,False,-0.04855699486421296,-0.07288719701269525,False,False,False,False,-45821671,-57282472.329953365,False,False,False,False,3852257.2678681933,False,False,False,False
2022-09-16 00:00:00+00:00,0.9052,0.9145,0.8227,0.85,15473520,,,,,,,,,,,,,,,,,,,,,,,,,,,,,,,,,,,,,,0.8001671513342321,,,,,,,,,,0.8001671513342321,"rgba(239, 83, 80, 0.5)",0.24297554011030031,1.1407210099872669,-0.9693198331006924,65.18789753426842,7.357159345921723,True,False,True,False,True,0.0,0.0,0.0,0.0,0.0,0,0.9402565018775331,0.9993302298416763,False,False,False,False,0.043023055617274084,-0.014932070697710582,False,False,False,False,-30348151,-56226224.43466108,False,False,False,False,4307993.061285127,False,False,False,False
2022-09-19 00:00:00+00:00,0.918,0.9182,0.8601,0.8804,2658596,,,,,,,,,,,,,,,,,,,,,,,,,,,,,,,,,,,,,,0.8047157847937734,,,,,,,,,,0.8047157847937734,"rgba(239, 83, 80, 0.5)",0.23805765312001478,1.1403882792191218,-0.9341782391974037,67.7992473012624,9.711211529059533,True,False,True,False,True,0.0,0.0,0.0,0.0,0.0,0,0.9696078984730141,0.9646984051494241,False,False,False,False,0.13501342439718875,0.060040676849739086,False,False,False,False,-27689555,-55107139.35879202,False,False,False,False,4243310.823587671,False,False,False,False
2022-09-20 00:00:00+00:00,0.89,0.9199,0.8506,0.9096,2876158,,,,,,,,,,,,,,,,,,,,,,,,,,,,,,,,,,,,,,0.8086192602878715,,,,,,,,,,0.8086192602878715,"rgba(239, 83, 80, 1.0)",0.229801224900491,1.1398686379310845,-1.0873250916712176,67.5148316153323,9.711211529059533,True,False,True,False,True,0.0,0.0,0.0,0.0,0.0,0,0.9897771039976886,0.9505949222707968,False,False,False,False,0.3318757707576827,0.1959582238037109,False,False,False,False,-30565713,-54144730.48197665,False,False,False,False,4189696.9873685464,False,False,False,False
2022-09-21 00:00:00+00:00,0.8688,0.9,0.8302,0.89,2502278,,,,,,,,,,,,,,,,,,,,,,,,,,,,,,,,,,,,,,0.8109112929864551,,,,,,,,,,0.8109112929864551,"rgba(239, 83, 80, 1.0)",0.22259585545302762,1.1392154665709475,-1.2148270506681147,65.87899900586407,9.711211529059533,True,False,True,False,True,0.0,0.0,0.0,0.0,0.0,0,1.0215967954262546,0.9249357612906564,False,False,False,False,0.27643266633554125,0.2361954450696261,False,False,False,False,-33067991,-53318191.678761885,False,False,False,False,4123523.6937462506,False,False,False,False
2022-09-22 00:00:00+00:00,0.87,0.89,0.8609,0.87,1327685,,,,,,,,,,,,,,,,,,,,,,,,,,,,,,,,,,,,,,0.8122056751924229,,,,,,,,,,0.8122056751924229,"rgba(239, 83, 80, 1.0)",0.2158374002190854,1.1388966787598513,-1.2458298630677918,64.83853795698192,9.711211529059533,True,False,True,False,True,0.0,0.0,0.0,0.0,0.0,0,1.0305624504627358,0.9365097005743412,False,False,False,False,0.3046841397457487,0.2704397924076874,False,False,False,False,-31740306,-52472000.08351632,False,False,False,False,4013882.9606581624,False,False,False,False
2022-09-23 00:00:00+00:00,0.79,0.8421,0.7757,0.83,3497959,,,,,,,,,,,,,,,,,,,,,,,,,,,,,,,,,,,,,,0.8117103427874905,,,,,,,,,,0.8117103427874905,"rgba(255, 0, 0, 1.0)",0.2092235226556344,1.137212251322716,-1.6595277955156138,59.38290555496786,17.235321791522026,True,False,True,False,False,0.0,0.0,0.0,0.0,0.0,0,1.0037944262508176,0.939063768526474,False,False,False,False,0.12917240262535748,0.19980609751652245,False,False,False,False,-35238265,-51796167.335143134,False,False,False,False,3993650.648475489,False,False,False,False
2022-09-26 00:00:00+00:00,0.76,0.8199,0.7515,0.7831,3707164,,,,,,,,,,,,,,,,,,,,,,,,,,,,,,,,,,,,,,0.8099186039772491,,,,,,,,,,0.8099186039772491,"rgba(255, 0, 0, 1.0)",0.2013210145536259,1.1351408281150837,-1.8633962725990405,54.35888233319302,12.478526723974547,True,False,True,False,False,0.0,0.0,0.0,0.0,0.0,0,0.9951175860450918,0.9386530277116125,False,False,False,False,0.07030953980689746,0.13505781866170996,False,False,False,False,-38945429,-51292216.812196344,False,False,False,False,3982415.877947039,False,False,False,False
2022-09-27 00:00:00+00:00,0.74,0.7935,0.73,0.79,2481927,,,,,,,,,,,,,,,,,,,,,,,,,,,,,,,,,,,,,0.7544999999999998,0.8080604624273126,,,,,,,,,,0.7812802312136562,"rgba(255, 0, 0, 1.0)",0.19584110009517114,1.1083216861667318,-1.8807169995866129,50.13481729316773,8.56649653353199,True,False,False,False,False,0.0,0.0,0.0,0.0,0.0,0,0.9863725042806911,0.9442377607593682,False,False,False,False,0.01004587063500795,0.07255184464835895,False,False,False,False,-41427356,-50905359.525443554,False,False,False,False,3923573.1768510765,False,False,False,False
2022-09-28 00:00:00+00:00,0.84,0.8694,0.751,0.751,4118905,,,,,,,,,,,,,,,,,,,,,,,,,,,,,,,,,,,,,0.7954550591248699,0.8086968316720511,,,,,,,,,,0.8020759453984605,"rgba(239, 83, 80, 1.0)",0.18634471471631028,1.1094811820944739,-1.4461434149325347,52.09446947599439,8.56649653353199,True,False,False,False,False,0.0,0.0,0.0,0.0,0.0,0,0.990277478630856,0.9137392355898217,False,False,False,False,0.13249344913715305,0.102522646892756,False,False,False,False,-37308451,-50372147.426406555,False,False,False,False,3931233.248347113,False,False,False,False
2022-09-29 00:00:00+00:00,0.8542,0.8663,0.8134,0.83,2208499,,,,,,,,,,,,,,,,,,,,,,,,,,,,,,,,,,,,,0.8077840508963355,0.8096845787668884,,,,,,,,,,0.808734314831612,"rgba(239, 83, 80, 1.0)",0.18145744655899929,1.109619156940352,-1.40759809963106,53.94279482207137,8.56649653353199,True,False,True,False,False,0.0,0.0,0.0,0.0,0.0,0,1.012525441206035,0.9136551517981726,False,False,False,False,0.20918576414023093,0.15585420551649348,False,False,False,False,-35099952,-49773237.801841594,False,False,False,False,3863675.0425295793,False,False,False,False
2022-09-30 00:00:00+00:00,0.88,0.925,0.845,0.8623,3052948,,,,,,,,,,,,,,,,,,,,,,,,,,,,,,,,,,,,,0.8272278719966036,0.8123804683485366,,,,,,,,,,0.8198041701725701,"rgba(239, 83, 80, 1.0)",0.17715334186329568,1.110298952763224,-1.2999977891522894,56.14626114281718,8.56649653353199,True,False,True,False,True,0.0,0.0,0.0,0.0,0.0,0,1.0231885136576209,0.8973916884511207,False,False,False,False,0.3311763444778996,0.24351527499719655,False,False,False,False,-32047004,-49078091.37823997,False,False,False,False,3831881.825175478,False,False,False,False
2022-10-03 00:00:00+00:00,1.01,1.02,0.91,0.91,5395985,,,,,,,,,,,,,,,,,,,,,,,,,,,,,,,,,,,,,0.8749937487455285,0.8225660627151776,,,,,,,,,,0.8487799057303531,"rgba(239, 83, 80, 0.5)",0.17189630608843004,1.1137792967872024,-0.6037319774272194,61.24456392402887,2.536154434299519,True,False,True,False,True,1.6442098194192951,0.0,0.0,0.0,0.0,0,1.0338488933266767,0.8627725079048094,False,False,False,False,0.34282803570659653,0.29317165535189654,False,False,False,False,-26651019,-48198598.34379919,False,True,False,False,3893219.2045803615,False,True,False,False
2022-10-04 00:00:00+00:00,0.9767,1.05,0.953,1.03,5328647,,,,,,,,,,,,,,,,,,,,,,,,,,,,,,,,,,,,,0.9028885329280603,0.8322276646054413,,,,,,,,,,0.8675580987667508,"rgba(239, 83, 80, 0.5)",0.167552318702855,1.1083327166751278,-0.7856215759602306,62.9250142478583,4.209264206723034,True,False,True,False,True,0.31758474279247295,0.0,0.0,0.0,0.0,1,1.0549561919707073,0.8493526873283641,False,False,False,False,0.3428280569857341,0.3179998561688153,False,False,False,False,-31979666,-47562561.78129726,False,False,False,False,3949510.490675249,False,False,False,False
2022-10-05 00:00:00+00:00,0.96,0.9698,0.9278,0.9503,2032828,,,,,,,,,,,,,,,,,,,,,,,,,,,,,,,,,,,,,0.9069876560064264,0.8347709159927422,,,,,,,,,,0.8708792859995843,"rgba(239, 83, 80, 0.5)",0.1628590438119779,1.1077888106479497,-0.907464560694419,63.19942526548703,4.697814202215682,True,False,True,False,True,0.0,0.0,0.0,0.0,0.0,0,1.042782495101241,0.8760613977792292,False,False,False,False,0.24189508386989583,0.2799474700193556,False,False,False,False,-34012494,-47031186.57418756,False,False,False,False,3874346.4714330826,False,False,False,False
2022-10-06 00:00:00+00:00,1.01,1.03,0.945,0.95,1714919,,,,,,,,,,,,,,,,,,,,,,,,,,,,,,,,,,,,,0.9127190401371456,0.8375783568612826,,,,,,,,,,0.8751486984992141,"rgba(239, 83, 80, 0.5)",0.15693079914063815,1.1083877293596824,-0.6269497759423844,64.73536251180037,6.490620164388169,True,False,True,False,True,1.6244858607711805,0.0,0.0,0.0,0.0,0,1.0361782865963467,0.8674105994340106,False,False,False,False,0.31543088744951125,0.29768917873443346,False,False,False,False,-32297575,-46453397.88500374,False,False,False,False,3789663.041180805,False,False,False,False
2022-10-07 00:00:00+00:00,0.9401,0.9996,0.9233,0.9874,3405263,,,,,,,,,,,,,,,,,,,,,,,,,,,,,,,,,,,,,0.9174839355412769,0.841503890985951,,,,,,,,,,0.8794939132636139,"rgba(239, 83, 80, 1.0)",0.1522007558788408,1.1079878153245843,-1.1030682098466789,62.43924189701202,6.490620164388169,True,False,True,False,True,0.0,0.0,0.0,0.0,0.0,0,1.0183191386790937,0.9004017354973486,False,False,False,False,0.26561514832753463,0.28165216353098405,False,False,False,False,-35702838,-46031807.3012781,False,False,False,False,3774588.52976195,False,False,False,False
2022-10-10 00:00:00+00:00,0.9475,0.964,0.8857,0.91,1768263,,,,,,,,,,,,,,,,,,,,,,,,,,,,,,,,,,,,,0.918321036304938,0.8430636156086297,,,,,,,,,,0.8806923259567838,"rgba(239, 83, 80, 1.0)",0.14880823956408654,1.1075038839245064,-1.0752353793930762,61.14480474618908,6.490620164388169,True,False,True,False,True,0.0,0.0,0.0,0.0,0.0,0,0.9978419549349412,0.9103459219295461,False,False,False,False,0.19768531954765634,0.2396687415393202,False,False,False,False,-33934575,-45557406.03456131,False,False,False,False,3695909.097222266,False,False,False,False
2022-10-11 00:00:00+00:00,0.8804,0.9644,0.8804,0.9644,1592936,,,,,,,,,,,,,,,,,,,,,,,,,,,,,,,,,,,,,0.9178436030371985,0.8440582127878539,,,,,,,,,,0.8809509079125262,"rgba(255, 0, 0, 1.0)",0.1425276577174228,1.1068118370700388,-1.5885466771573975,57.47797198034166,6.490620164388169,True,False,True,False,False,0.0,0.0,0.0,0.0,0.0,0,0.9930544692300474,0.9146200294090042,False,False,False,False,0.19320828081051494,0.21643851117491758,False,False,False,False,-35527511,-45164076.817519695,False,False,False,False,3613439.5639978633,False,False,False,False
2022-10-12 00:00:00+00:00,0.9161,0.9176,0.871,0.89,915756,,,,,,,,,,,,,,,,,,,,,,,,,,,,,,,,,,,,,0.9174054175276609,0.8445571215675648,,,,,,,,,,0.8809812695476129,"rgba(239, 83, 80, 1.0)",0.13450226864358342,1.1063986906605394,-1.4148362892287751,56.322209418483396,13.809293436754984,True,False,True,False,False,0.0,0.0,0.0,0.0,0.0,0,0.9834083682271827,0.9466675062179265,False,False,False,False,0.14235723171569414,0.17939787144530586,False,False,False,False,-34611755,-44750260.27565618,False,False,False,False,3507648.0516842217,False,False,False,False
2022-10-13 00:00:00+00:00,0.92,0.9377,0.8416,0.89,2155448,,,,,,,,,,,,,,,,,,,,,,,,,,,,,,,,,,,,,0.9163543540055652,0.8456619188797687,,,,,,,,,,0.881008136442667,"rgba(239, 83, 80, 1.0)",0.12873345218594945,1.1054835930776763,-1.4408344523360865,55.69324318663684,12.898261242202501,True,False,True,False,False,0.0,0.0,0.0,0.0,0.0,0,0.9924557833776805,0.928470809203318,False,False,False,False,0.13401924464694678,0.15670855804612632,False,False,False,False,-32456307,-44268144.460924566,False,False,False,False,3454620.5986769977,False,False,False,False
2022-10-14 00:00:00+00:00,0.8778,0.94,0.853,0.932,1770332,,,,,,,,,,,,,,,,,,,,,,,,,,,,,,,,,,,,,0.915137152244517,0.8463831705462088,,,,,,,,,,0.8807601613953628,"rgba(255, 0, 0, 1.0)",0.1229718624961263,1.1046869220051228,-1.8450311916863895,53.47726820637614,10.470932312429802,True,False,False,False,False,0.0,0.0,0.0,0.0,0.0,0,0.996029512911899,0.9334396298380541,False,False,False,False,0.14630887812683882,0.15150871808648259,False,False,False,False,-34226639,-43874359.93304517,False,False,False,False,3388570.0653955466,False,False,False,False
2022-10-17 00:00:00+00:00,0.8913,0.91,0.8655,0.9,1619122,,,,,,,,,,,,,,,,,,,,,,,,,,,,,,,,,,,,,0.9140647237079857,0.8470032626348107,,,,,,,,,,0.8805339931713982,"rgba(255, 0, 0, 1.0)",0.11964979878608228,1.1039967089254326,-1.7776603979560854,52.57183776855351,9.299912387652014,True,False,False,False,False,0.0,0.0,0.0,0.0,0.0,0,0.998220751654389,0.9351042577100762,False,False,False,False,0.13061771321788956,0.14106321565218607,False,False,False,False,-32607517,-43432522.955278695,False,False,False,False,3319179.9451839565,False,False,False,False
2022-10-18 00:00:00+00:00,0.8929,0.926,0.8903,0.91,1174061,,,,,,,,,,,,,,,,,,,,,,,,,,,,,,,,,,,,,0.9137477450924725,0.847589509122517,,,,,,,,,,0.8806686271074947,"rgba(255, 0, 0, 1.0)",0.11488839472829131,1.10362986603886,-1.8342136865714915,52.03994926400634,8.441019819789958,False,False,False,False,False,0.0,0.0,0.0,0.0,0.0,0,1.003019532601516,0.9390117321422954,False,False,False,False,0.16731352161893273,0.1541883686355594,False,False,False,False,-31433456,-42961971.30997365,False,False,False,False,3235057.6336081154,False,False,False,False
2022-10-19 00:00:00+00:00,0.8572,0.885,0.85,0.88,1372005,,,,,,,,,,,,,,,,,,,,,,,,,,,,,,,,,,,,,0.9121289804745167,0.8477884267485586,,,,,,,,,,0.8799587036115377,"rgba(255, 26, 202, 1.0)",0.11060489600293584,1.1028827344484846,-2.22126454910245,50.03924949458153,6.202151360632342,False,False,False,False,False,0.0,0.0,0.0,0.0,0.0,0,0.9909519321394911,0.9431982406534716,False,False,False,False,0.09453479585158941,0.12436158224357441,False,False,False,False,-32805461,-42563676.7880139,False,False,False,False,3161996.7460156404,False,False,False,False
2022-10-20 00:00:00+00:00,0.87,0.908,0.8496,0.8699,1456824,,,,,,,,,,,,,,,,,,,,,,,,,,,,,,,,,,,,,0.9109163508029028,0.8481437965802568,,,,,,,,,,0.8795300736915799,"rgba(255, 26, 202, 1.0)",0.10422573626941352,1.102231906468156,-2.2281627818666485,49.367407821794345,5.2497098519837735,False,False,False,False,False,0.0,0.0,0.0,0.0,0.0,0,0.9926711367534695,0.9333229377826291,False,False,False,False,0.11463373231789636,0.11949765728073539,False,False,False,False,-31348637,-42123871.306131005,False,False,False,False,3095127.226564047,False,False,False,False
2022-10-21 00:00:00+00:00,0.8825,0.8954,0.855,0.866,2309937,,,,,,,,,,,,,,,,,,,,,,,,,,,,,,,,,,,,,0.9092404415820037,0.8487239496007252,,,,,,,,,,0.8789821955913644,"rgba(255, 26, 202, 1.0)",0.09952789392159823,1.101278791065177,-2.1981655839871084,49.578385413411475,5.120010633826666,False,False,False,False,False,0.0,0.0,0.0,0.0,0.0,1,0.9944017665536653,0.9363667464933288,False,False,False,False,0.10822128337077334,0.11385947032575436,False,False,False,False,-29038700,-41610727.333341554,False,False,False,False,3064335.4529733,False,False,False,False
2022-10-24 00:00:00+00:00,0.9002,0.903,0.85,0.875,2242684,,,,,,,,,,,,,,,,,,,,,,,,,,,,,,,,,,,,,0.908082661041024,0.8493926049935615,,,,,,,,,,0.8787376330172927,"rgba(255, 26, 202, 1.0)",0.09623866348588801,1.1004885527302477,-2.081165152086896,50.651060676558515,5.120010633826666,False,False,False,False,False,0.0,0.0,0.0,0.0,0.0,0,0.9936968266782588,0.938272371607775,False,False,False,False,0.11053584013847924,0.1121976552321168,False,False,False,False,-26796016,-41029758.261445805,False,False,False,False,3032113.827366504,False,False,False,False
2022-10-25 00:00:00+00:00,0.9265,0.93,0.89,0.9,2221666,,,,,,,,,,,,,,,,,,,,,,,,,,,,,,,,,,,,,0.908410018845246,0.8505976320796933,,,,,,,,,,0.8795038254624696,"rgba(255, 0, 0, 1.0)",0.09555544378022889,1.1001064508909604,-1.8168138205735676,52.68390385878068,5.120010633826666,False,False,False,False,True,0.0,0.0,0.0,0.0,0.0,1,1.0124123378638366,0.9262086513994909,False,False,False,False,0.17066205381736518,0.141429854524741,False,False,False,False,-24574350,-40384448.13354597,False,False,False,False,3000331.559626641,False,False,False,False
2022-10-26 00:00:00+00:00,0.94,0.9768,0.93,0.935,2046413,,,,,,,,,,,,,,,,,,,,,,,,,,,,,,,,,,,,,0.909993045570791,0.8522214639480837,,,,,,,,,,0.8811072547594374,"rgba(255, 0, 0, 1.0)",0.09637188055736282,1.1001069318881977,-1.661344896065387,54.690079316576494,5.120010633826666,True,False,True,False,True,0.0,0.0,0.0,0.0,0.0,1,1.0263563501849566,0.9111590628853266,False,False,False,False,0.2504883838037741,0.19595911916425754,False,False,False,False,-22527937,-39684192.79497554,False,False,False,False,2962922.9886608906,False,False,False,False
2022-10-27 00:00:00+00:00,0.9412,0.97,0.925,0.93,2114245,,,,,,,,,,,,,,,,,,,,,,,,,,,,,,,,,,,,,0.9113666145237885,0.8537844710831939,,,,,,,,,,0.8825755428034912,"rgba(255, 0, 0, 1.0)",0.09771265507682514,1.1000483104883094,-1.6256677332472158,56.08803677399294,1.2265919922333168,True,False,True,False,True,0.0,0.0,0.0,0.0,0.0,1,1.0408131595282433,0.9086592178770949,False,False,False,False,0.23947293215004425,0.2177160256571509,False,False,False,False,-20413692,-38928486.88144709,False,False,False,False,2929641.498909483,False,False,False,False
2022-10-28 00:00:00+00:00,0.9526,0.9526,0.8974,0.9363,1925382,,,,,,,,,,,,,,,,,,,,,,,,,,,,,,,,,,,,,0.9121457548568086,0.8549944074219991,,,,,,,,,,0.8835700811394038,"rgba(239, 83, 80, 1.0)",0.09891988772429851,1.099875641018289,-1.4888375270781118,57.621883311843156,2.8314535430775223,True,False,True,False,True,0.0,0.0,0.0,0.0,0.0,1,1.0335211007479916,0.9013759349893804,False,False,False,False,0.1979596765135189,0.2078378510853349,False,False,False,False,-18488310,-38126911.31746878,False,False,False,False,2890258.773462053,False,False,False,False
2022-10-31 00:00:00+00:00,0.8942,0.9417,0.865,0.9417,2569100,,,,,,,,,,,,,,,,,,,,,,,,,,,,,,,,,,,,,0.9116298908741061,0.855886080794086,,,,,,,,,,0.883757985834096,"rgba(255, 26, 202, 1.0)",0.09876698290275016,1.0992280643094765,-2.075876555947398,54.631341186303054,2.8314535430775223,False,False,True,False,False,0.0,0.0,0.0,0.0,0.0,1,1.0294037074239795,0.8998873771040696,False,False,False,False,0.15864255396725443,0.18324020252629467,False,False,False,False,-21057410,-37457519.10894059,False,False,False,False,2877664.3117576586,False,False,False,False
2022-11-01 00:00:00+00:00,0.9199,0.92735,0.8942,0.92,1807929,,,,,,,,,,,,,,,,,,,,,,,,,,,,,,,,,,,,,0.9116949139623485,0.8566774670382566,,,,,,,,,,0.8841861905003026,"rgba(255, 0, 0, 1.0)",0.09885364952911779,1.0988925156664413,-1.8106819173501347,54.13731714666061,2.8314535430775223,False,False,True,False,False,0.0,0.0,0.0,0.0,0.0,1,1.0453734620134472,0.8934120050618244,False,False,False,False,0.17206594041954754,0.1776530714729211,False,False,False,False,-19249481,-36743478.39878605,False,False,False,False,2835713.9073750055,False,False,False,False
2022-11-02 00:00:00+00:00,0.8744,0.929,0.85,0.9176,1995964,,,,,,,,,,,,,,,,,,,,,,,,,,,,,,,,,,,,,0.9108294944940484,0.8570903499659207,,,,,,,,,,0.8839599222299845,"rgba(255, 26, 202, 1.0)",0.09828891688274118,1.0982638223949386,-2.2776100245565685,51.22566569120282,6.111726650361163,False,False,False,False,False,0.0,0.0,0.0,0.0,0.0,1,1.0228264315584474,0.9049804495840819,False,False,False,False,0.13375059158995556,0.15570183153143832,False,False,False,False,-21245445,-36135712.38314739,False,False,False,False,2802782.538458339,False,False,False,False
2022-11-03 00:00:00+00:00,0.8471,0.8624,0.808,0.85,3292473,,,,,,,,,,,,,,,,,,,,,,,,,,,,,,,,,,,,0.8391666666666666,0.9072594191434573,0.8566615724410148,,,,,,,,0.8391666666666666,,0.867695886083713,"rgba(255, 26, 202, 1.0)",0.0974858955471562,1.0814747756933834,-2.404191646164966,47.95642931269105,3.0320842483080526,False,True,False,True,False,0.0,1.0,0.8624,0.808,0.0,1,1.0089247071114096,0.9143944481755092,False,False,True,False,0.037446423525751456,0.09657412752859489,False,False,False,False,-24537918,-35680896.91714161,False,False,False,False,2821986.0859697764,False,False,True,False
2022-11-04 00:00:00+00:00,0.9035,0.9151,0.8667,0.8777,3172509,,,,,,,,,,,,,,,,,,,,,,,,,,,,,,,,,,,,0.866614384757761,0.9067024712293353,0.8575276440851337,,,,,,,,0.866614384757761,,0.8769481666907434,"rgba(255, 0, 0, 1.0)",0.09742097944506846,1.0823549164005322,-1.835897333606473,49.023786851204505,3.0320842483080526,False,True,False,False,False,0.0,0.0,0.0,0.0,0.0,1,1.0164391647605695,0.9010403600678816,False,False,False,False,0.13625877191622573,0.1164164497224103,False,False,False,False,-21365409,-35119505.23411644,False,False,False,False,2835732.082598413,False,False,False,False
2022-11-07 00:00:00+00:00,0.9849,0.9864,0.91,0.91,3676280,,,,,,,,,,,,,,,,,,,,,,,,,,,,,,,,,,,,0.9006244245604409,0.9094106111366649,0.8601460665624256,,,,,,,,0.9006244245604409,,0.8900603674198438,"rgba(239, 83, 80, 1.0)",0.09856996348229673,1.0844196966738853,-1.0096351176163225,53.13542374293489,-2.274574735975378,False,False,False,False,True,1.6187182321569544,0.0,0.0,0.0,0.0,1,1.0312996342547394,0.8781237705276348,False,False,False,False,0.2407768233382163,0.1785966365303133,False,False,False,False,-17689129,-34435961.06807266,False,False,False,False,2868694.7460259264,False,False,False,False
2022-11-08 00:00:00+00:00,1.06,1.06,0.98,0.987,4842765,,,,,,,,,,,,,,,,,,,,,,,,,,,,,,,,,,,,0.943515301531869,0.9171261302288194,0.8657627873183302,,,,,,,,0.943515301531869,,0.9088014063596729,#000000,0.10140755232461177,1.0882201758678758,-0.2782847551387615,58.12906548817601,2.2763155625647755,True,False,True,False,True,4.644844746239492,0.0,0.0,0.0,0.0,0,1.060019977706038,0.8540758863297478,False,False,False,False,0.3428280662641479,0.2607123513972306,False,False,False,False,-12846364,-33589310.20265805,False,False,False,False,2946109.2657896155,False,False,False,False
2022-11-09 00:00:00+00:00,1.0,1.07,1.0,1.07,4190251,,,,,,,,,,,,,,,,,,,,,,,,,,,,,,,,,,,,0.9609583357662802,0.9225552205874523,0.8700637868019114,,,,,,,,0.9609583357662802,,0.9178591143852147,"rgba(239, 83, 80, 0.5)",0.10272512150096386,1.090069711319597,-0.8768031617149448,58.4334155502535,2.410413223860445,True,False,True,False,True,2.054341514363024,0.0,0.0,0.0,0.0,0,1.0755471774135523,0.8395521851121696,False,False,False,False,0.34282807317046815,0.30177021228384937,False,False,False,False,-17036615,-32940184.90059303,False,False,False,False,2994899.1377194347,False,False,False,False
2022-11-10 00:00:00+00:00,1.1,1.12,1.04,1.08,4670334,,,,,,,,,,,,,,,,,,,,,,,,,,,,,,,,,,,,0.9855802458182168,0.9314013917135834,0.8764589396467535,,,,,,,,0.9855802458182168,,0.9311468590595178,#000000,0.1068357642989169,1.0933032024676825,0.06268310594550075,61.31619596876769,5.102036727133104,True,False,True,False,True,5.8778860572838205,0.0,0.0,0.0,0.0,0,1.069832598870852,0.8200965829895673,False,False,False,False,0.34282809114912893,0.32229915171648915,False,False,False,False,-12366281,-32133365.13978546,False,False,False,False,3060602.4656520057,False,False,False,False
2022-11-11 00:00:00+00:00,1.11,1.13,1.075,1.12,2116748,,,,,,,,,,,,,,,,,,,,,,,,,,,,,,,,,,,,0.9953170826335754,0.9355414007962669,0.879476800037372,,,,,,,,0.9953170826335754,,0.9367784278224048,#000000,0.11139253456474157,1.0947538669719155,0.13686853511016536,63.46996507640013,7.116192752479407,True,False,True,False,True,6.245626132512015,0.0,0.0,0.0,0.0,0,1.088315770272356,0.8128727180883157,False,False,False,False,0.34282809354280164,0.3325636226296454,False,False,False,False,-10249533,-31275175.644107603,False,False,False,False,3023588.565038202,False,False,False,False
2022-11-14 00:00:00+00:00,1.09,1.14,1.07,1.09,2500183,,,,,,,,,,,,,,,,,,,,,,,,,,,,,,,,,,,,1.0045128753701091,0.9400469750571403,0.8828634512958844,,,,,,,,1.0045128753701091,,0.9424744339077114,#000000,0.11507151051990983,1.096244621024931,-0.05426730731800465,63.9019749811805,7.591741978160506,True,False,True,False,True,5.372980453771536,0.0,0.0,0.0,0.0,0,1.0833809729639285,0.819406294008561,False,False,False,False,0.34282809441163165,0.33769585852063855,False,False,False,False,-12749716,-30548687.030613188,False,False,False,False,3003062.8566053314,False,False,False,False
2022-11-15 00:00:00+00:00,1.14,1.16,1.11,1.12,3658609,,,,,,,,,,,,,,,,,,,,,,,,,,,,,,,,,,,,1.0195657010921577,0.947625658892494,0.8884418002449062,,,,,,,,1.0195657010921577,,0.9518777200765193,#000000,0.12002763948958513,1.0988576538125239,0.34277393409078893,65.46879171951318,9.233510544563742,True,False,True,False,True,7.229887199572282,0.0,0.0,0.0,0.0,0,1.0893037685414733,0.8081520158442171,False,False,False,False,0.34282810011176423,0.3402619793162014,False,False,False,False,-9091107,-29707213.303922474,False,False,False,False,3028770.5485031614,False,False,False,False
2022-11-16 00:00:00+00:00,1.11,1.13,1.09,1.12,1994778,,,,,,,,,,,,,,,,,,,,,,,,,,,,,,,,,,,,1.0248536014310061,0.9509678424743128,0.891065423578246,,,,,,,,1.0248536014310061,,0.955628955827855,#000000,0.1237939555496592,1.09990035947284,0.08158427834635794,64.9801746634987,9.233510544563742,True,False,True,False,True,5.908794795466502,0.0,0.0,0.0,0.0,0,1.0841510014976976,0.8212281119213918,False,False,False,False,0.3035123817000862,0.3218871805081438,False,False,False,False,-11085885,-28976965.1351412,False,False,False,False,2988221.8211108805,False,False,False,False
2022-11-17 00:00:00+00:00,1.05,1.105,1.05,1.1,2044021,,,,,,,,,,,,,,,,,,,,,,,,,,,,,,,,,,,,1.0273114571658897,0.9533921042836957,0.8931906076137847,,,,,,,,1.0273114571658897,,0.9579647230211233,#000000,0.125467536636175,1.100508805236241,-0.4025647318055198,61.91210878485479,9.233510544563742,True,False,True,False,False,3.340220050764799,0.0,0.0,0.0,0.0,0,1.061858835680489,0.8261476405153041,False,False,False,False,0.23242201719776823,0.277154598852956,False,False,False,False,-13129906,-28355511.8357239,False,False,False,False,2951194.337930062,False,False,False,False
2022-11-18 00:00:00+00:00,1.1,1.1,1.02,1.05,1120844,,,,,,,,,,,,,,,,,,,,,,,,,,,,,,,,,,,,1.0286951381590663,0.9547354134868274,0.8943671221110996,,,,,,,,1.0286951381590663,,0.9592658912523312,#000000,0.1285136977029984,1.1008534092171165,-0.006640608996316324,61.42059487004823,9.233510544563742,True,False,True,False,False,5.223852408267074,0.0,0.0,0.0,0.0,0,1.0412906558012078,0.872110873588614,False,False,False,False,0.20000587938602038,0.2385802391194882,False,False,False,False,-12009062,-27714474.58726414,False,False,False,False,2879415.8933053534,False,False,False,False
2022-11-21 00:00:00+00:00,1.09,1.115,1.05,1.1,1754325,,,,,,,,,,,,,,,,,,,,,,,,,,,,,,,,,,,,1.0312256685450234,0.9569795624612818,0.8962960958703482,,,,,,,,1.0312256685450234,,0.9615004422922179,#000000,0.13113253960838436,1.1014638784438695,-0.08742207295081202,60.63632724976335,9.233510544563742,True,False,True,False,False,4.795792470338075,0.0,0.0,0.0,0.0,0,1.0297703471296973,0.8565350066617956,False,False,False,False,0.2417697205072851,0.24017497981338665,False,False,False,False,-13763387,-27167373.113253783,False,False,False,False,2835294.681803183,False,False,False,False
2022-11-22 00:00:00+00:00,1.19,1.21,1.1,1.11,3929948,,,,,,,,,,,,,,,,,,,,,,,,,,,,,,,,,,,,1.0436145345082315,0.9647711982044234,0.9022889015295552,,,,,,,,1.0436145345082315,,0.9702248780807367,"rgba(38, 166, 154, 0.5)",0.13637129948241625,1.1041089486895455,0.6298323154244733,62.836243693771614,9.233510544563742,True,False,True,False,False,8.420836846041748,0.0,0.0,0.0,0.0,0,1.043597116188156,0.8312488491664423,False,False,False,False,0.3428280660727671,0.29150152294307685,False,False,False,False,-9833439,-26487610.9911654,False,False,False,False,2878222.2629089407,False,False,False,False
2022-11-23 00:00:00+00:00,1.13,1.19,1.07,1.19,5108332,,,,,,,,,,,,,,,,,,,,,,,,,,,,,,,,,,,,1.0527941393897537,0.9723840837616922,0.9086658301171996,,,,,,,,1.0527941393897537,,0.9779480177562152,#000000,0.13942832739181668,1.1064480122347244,0.16891824068928596,61.69456006922212,9.233510544563742,True,False,True,False,False,5.86441334790667,0.0,0.0,0.0,0.0,0,1.027063751103142,0.8473111350806167,False,False,False,False,0.29642957982415874,0.2939655513836178,False,False,False,False,-14941771,-26034832.952296168,False,False,False,False,2965677.546716433,False,False,False,False
2022-11-25 00:00:00+00:00,1.12,1.13,1.1,1.12,816101,,,,,,,,,,,,,,,,,,,,,,,,,,,,,,,,,,,,1.0538603703503475,0.9734383667035736,0.9095922727859512,,,,,,,,1.0538603703503475,,0.9789636699466241,#000000,0.14217259632554466,1.1067547608709924,0.09316309521898938,60.51972837481557,9.233510544563742,True,False,True,False,False,5.445155857890374,0.0,0.0,0.0,0.0,0,1.0314001105238546,0.8649625210774657,False,False,False,False,0.26918571814703846,0.2815756347653281,False,False,False,False,-15757872,-25631814.875735532,False,False,False,False,2881380.4272373575,False,False,False,False
2022-11-28 00:00:00+00:00,1.02,1.12,1.02,1.1,3967010,,,,,,,,,,,,,,,,,,,,,,,,,,,,,,,,,,,1.0533333333333335,1.0538208141890824,0.9761788296753849,0.9126384224767491,,,,,,,,1.0538208141890824,,0.9989928499186375,"rgba(239, 83, 80, 0.5)",0.14273947518670826,1.1042123419349286,-0.58997233823913,56.11335624912465,11.480353142451534,False,False,True,False,False,1.4030471091072059,0.0,0.0,0.0,0.0,0,1.0039300507513746,0.8788469966212873,False,False,False,False,0.18958160370574903,0.23557861923553858,False,False,False,False,-19724882,-25400170.449236102,False,False,False,False,2923954.135973147,False,False,False,False
2022-11-29 00:00:00+00:00,1.09,1.12,1.05,1.06,2647248,,,,,,,,,,,,,,,,,,,,,,,,,,,,,,,,,,,1.0666744518684736,1.0553874231081015,0.9786512460625739,0.9150651601167453,,,,,,,,1.0553874231081015,,1.0039445702889735,#000000,0.1446210384680178,1.10553251600985,-0.1074014968664796,55.38532014197927,10.746047744486013,False,True,True,False,False,3.952963994798452,0.0,0.0,0.0,0.0,0,0.9934334614041215,0.87291652113168,False,False,False,False,0.21580629094108897,0.22569245508831376,False,False,False,False,-17077634,-25073796.470834687,False,False,False,False,2913102.9149545925,False,False,False,False
2022-11-30 00:00:00+00:00,1.11,1.14,1.07,1.1,3748929,,,,,,,,,,,,,,,,,,,,,,,,,,,,,,,,,,,1.0811418134852404,1.058631925497211,0.982583421374124,0.9187755698963519,,,,,,,,1.058631925497211,,1.0102831825632317,#000000,0.14656682867712184,1.107366341407403,0.017968994869902017,55.48395841253016,10.699643096665852,False,True,True,False,False,4.663446122121066,0.0,0.0,0.0,0.0,0,1.001676235175795,0.8678288563885511,False,False,False,False,0.25123983315807535,0.23846614412319456,False,False,False,False,-13328705,-24613204.648449015,False,False,False,False,2945880.4084857847,False,False,False,False
2022-12-01 00:00:00+00:00,1.18,1.19,1.13,1.13,6011149,,,,,,,,,,,,,,,,,,,,,,,,,,,,,,,,,,,1.1125386674203663,1.0685826563602598,0.9912242513536047,0.9262409871500655,,,,,,,,1.0685826563602598,,1.0246466405710741,#000000,0.14987506198632816,1.1118117059119,0.4549675788912785,57.436375811576255,10.699643096665852,False,False,True,False,False,7.0888833174938135,0.0,0.0,0.0,0.0,1,1.0184976251166549,0.8431601966765562,False,False,False,False,0.3428280684373945,0.29064710628029455,False,False,False,False,-7317556,-23934943.91713729,False,False,False,False,3066087.019917715,False,False,False,False
2022-12-02 00:00:00+00:00,1.23,1.25,1.1213,1.14,5843086,,,,,,,,,,,,,,,,,,,,,,,,,,,,,,,,,,,1.1356545848238677,1.0794174055936239,1.0003533846915293,0.9340393310835386,,,,,,,,1.0794174055936239,,1.03736617654814,"rgba(38, 166, 154, 0.5)",0.15350380163734514,1.1205456875251942,0.7130397508551162,59.91312864166264,10.699643096665852,True,False,True,False,True,8.753887143572467,0.0,0.0,0.0,0.0,1,1.0073185606830657,0.8284204106525717,False,True,False,False,0.34282807969083695,0.31673759298556575,False,False,False,False,-1474470,-23054141.018426027,False,False,False,False,3174988.9407052556,False,True,False,False
2022-12-05 00:00:00+00:00,1.15,1.24,1.13,1.23,4546662,,,,,,,,,,,,,,,,,,,,,,,,,,,,,,,,,,,1.142055421633958,1.0850616804039146,1.0060339777162448,0.939220440690088,,,,,,,,1.0850616804039146,,1.0430928801110513,#000000,0.15492198850557914,1.1219601072220096,0.18099362813807776,58.57388809965227,10.699643096665852,True,False,True,False,True,5.53038440721922,0.0,0.0,0.0,0.0,1,1.0300139003225415,0.8264484001133617,False,False,False,False,0.3416927951349186,0.3292151940602422,False,False,False,False,-6021132,-22386179.880448535,False,False,False,False,3228780.0410697553,False,False,False,False
2022-12-06 00:00:00+00:00,1.07,1.16,1.035,1.15,4141937,,,,,,,,,,,,,,,,,,,,,,,,,,,,,,,,,,,1.1348557402110526,1.0852315038451719,1.0084245573203667,0.9421046993709107,,,,,,,,1.0852315038451719,,1.0426541251868755,#000000,0.15397295948397083,1.1205452254475792,-0.32827339045101006,55.22083245763085,10.451850340449376,False,True,True,False,False,2.487208812175915,0.0,0.0,0.0,0.0,1,1.010740253353006,0.8444258350945753,False,False,False,False,0.19519471314600087,0.2622049536031215,False,False,False,False,-10163069,-21906842.19886232,False,False,False,False,3264590.117890549,False,False,False,False
2022-12-07 00:00:00+00:00,1.09,1.13,1.07,1.08,3041016,,,,,,,,,,,,,,,,,,,,,,,,,,,,,,,,,,,1.1314347175258135,1.0856513057072996,1.0102671664624119,0.944268975242362,,,,,,,,1.0856513057072996,,1.0429055412344717,#000000,0.15339088677018722,1.120184123819883,-0.1967791206859985,53.58680808821849,8.891187102817241,False,True,False,False,False,3.1795644101598626,0.0,0.0,0.0,0.0,1,1.0257846489535798,0.8452388871888346,False,False,False,False,0.18140042247136137,0.22180268803724146,False,False,False,False,-7122053,-21327046.544004977,False,False,False,False,3255822.505424253,False,False,False,False
2022-12-08 00:00:00+00:00,1.05,1.12,1.04,1.09,3504442,,,,,,,,,,,,,,,,,,,,,,,,,,,,,,,,,,,1.1256860953056977,1.0850160369352255,1.0116707677950256,0.9462656188083158,,,,,,,,1.0850160369352255,,1.0421596297110662,#000000,0.15199467214465318,1.1193722419027583,-0.456412326326391,51.297011700623024,6.69580844974103,False,True,False,False,False,1.6852892889524327,0.0,0.0,0.0,0.0,1,1.015342510077791,0.8693055424480606,False,False,False,False,0.13178767148610826,0.17679517976167486,False,False,False,False,-10626495,-20907417.07169106,False,False,False,False,3265572.289525263,False,False,False,False
2022-12-09 00:00:00+00:00,1.05,1.15,1.05,1.06,5827901,,,,,,,,,,,,,,,,,,,,,,,,,,,,,,,,,,,1.1199829705416298,1.0849096372882143,1.014365827939936,0.9497922992691887,,,,,,,,1.0849096372882143,,1.0422626837597422,#000000,0.15072505153543853,1.118956495870016,-0.45749857218528056,49.77048077555938,5.212089729928891,False,True,False,False,False,1.6852892889524327,0.0,0.0,0.0,0.0,1,1.001198162817014,0.8621313985222657,False,False,False,False,0.17032397679140523,0.17355957827654006,False,False,False,False,-10626495,-20504243.65711494,False,False,False,False,3366055.7683674097,False,False,False,False
2022-12-12 00:00:00+00:00,1.05,1.05,1.01,1.04,3699138,,,,,,,,,,,,,,,,,,,,,,,,,,,,,,,,,,,1.1134225569993503,1.0830481273787527,1.0148857527899433,0.9511882679849292,,,,,,,,1.0830481273787527,,1.040636176288244,#000000,0.1493088352894621,1.1178948089744924,-0.4547273364155984,48.75279349218361,4.15778461397106,False,True,False,False,False,1.6852892889524327,0.0,0.0,0.0,0.0,1,0.981941734508511,0.9033573302832535,False,False,False,False,0.03688206831634577,0.10522082329644292,False,False,False,False,-10626495,-20116880.964679062,False,False,False,False,3379117.816666727,False,False,False,False
2022-12-13 00:00:00+00:00,1.09,1.12,1.06,1.09,3346472,,,,,,,,,,,,,,,,,,,,,,,,,,,,,,,,,,,1.1118650220417332,1.0832826141087335,1.016437295474703,0.9531772416561906,,,,,,,,1.0832826141087335,,1.0411905433203401,#000000,0.14800981289601622,1.1179987751727385,-0.18916837083233698,49.619087881998105,4.15778461397106,False,True,False,False,False,3.1445036197897274,0.0,0.0,0.0,0.0,1,0.9829664678049784,0.919330727559487,False,False,False,False,0.15100017936244503,0.12811050132944396,False,False,False,False,-7280023,-19613474.76998577,False,False,False,False,3377837.5885621496,False,False,False,False
2022-12-14 00:00:00+00:00,1.06,1.09,1.03,1.09,3088455,,,,,,,,,,,,,,,,,,,,,,,,,,,,,,,,,,,1.108866099454922,1.0825797212629105,1.0172522046593708,0.9545714103939631,,,,,,,,1.0825797212629105,,1.0408173589427916,#000000,0.14519794575768782,1.1176579187139817,-0.3970987221141784,49.0506113122363,4.15778461397106,False,True,False,False,False,1.9720485902989644,0.0,0.0,0.0,0.0,1,0.9625632144094216,0.935129892622099,False,False,False,False,0.09363683355259483,0.1108736674410194,False,False,False,False,-10368478,-19250925.87704515,False,False,False,False,3366489.251755791,False,False,False,False
2022-12-15 00:00:00+00:00,1.0,1.03,0.9857,1.02,4091089,,,,,,,,,,,,,,,,,,,,,,,,,,,,,,,,,,,1.101493274391778,1.0796055514138367,1.0169615847943065,0.9554323781251758,,,,,,,,1.0796055514138367,,1.0383731971812742,"rgba(239, 83, 80, 0.5)",0.1413656532822882,1.116240051001111,-0.8222651563671924,46.62121678298212,1.691875120439164,False,True,False,True,False,0.0,0.0,0.0,0.0,0.0,1,0.9512128007924824,0.9236685332195974,False,False,False,False,-0.00484961004032055,0.05301202870034942,False,False,False,False,-14459567,-19063029.450494364,False,False,False,False,3394904.928157524,False,False,False,False
2022-12-16 00:00:00+00:00,0.9434,1.02,0.9389,0.9969,13301395,,,,,,,,,,,,,,,,,,,,,,,,,,,,,,,,,,0.9674333333333334,1.0763091654495016,1.0671400843013328,1.01335160009707,0.9560607580308582,,,,,,,,1.0671400843013328,,1.0160589882424191,"rgba(239, 83, 80, 1.0)",0.13726974726251118,1.1034109214059853,-1.1656677789315402,43.365136176671456,-1.4748788847637755,False,True,False,True,False,0.0,0.0,0.0,0.0,0.0,0,0.9335307485710351,0.9429240410440052,True,False,False,False,-0.05840138186678088,-0.002694676583215729,False,False,False,False,-27760962,-19404124.844592627,True,False,False,False,3783394.734896445,False,False,False,False
2022-12-19 00:00:00+00:00,0.98,0.992,0.95,0.9539,2187294,,,,,,,,,,,,,,,,,,,,,,,,,,,,,,,,,,0.9683606700885616,1.073243398320234,1.06546858884766,1.012885530934136,0.9562139010305621,,,,,,,,1.06546858884766,,1.0152344178442307,"rgba(239, 83, 80, 0.5)",0.13217750613447093,1.102762124731891,-0.9287671429282294,42.81869144075405,-2.0570871124344947,False,True,False,True,False,0.0,0.0,0.0,0.0,0.0,0,0.943014629121835,0.9427084058293779,False,False,False,False,-0.0743857912300236,-0.03854023390661967,False,False,False,False,-25573668,-19646067.713432133,False,False,False,False,3720802.549214232,False,False,False,False
2022-12-20 00:00:00+00:00,1.0,1.03,0.971,0.98,3233860,,,,,,,,,,,,,,,,,,,,,,,,,,,,,,,,,,0.9738831615378155,1.0701502595894952,1.0637850391996997,1.0126695164690747,0.9567638088995566,,,,,,,,1.0637850391996997,,1.0154503571391282,"rgba(239, 83, 80, 0.5)",0.12772111719123327,1.1023678270317652,-0.8014949233374827,43.31545529320174,-2.0570871124344947,False,True,False,True,False,0.0,0.0,0.0,0.0,0.0,0,0.959108274906587,0.9217991239486684,False,False,False,False,-0.018693948268413457,-0.02861709108751656,False,False,False,False,-22339808,-19751704.587415185,False,False,False,False,3701706.7629705365,False,False,False,False
2022-12-21 00:00:00+00:00,1.03,1.05,1.0,1.0,1873980,,,,,,,,,,,,,,,,,,,,,,,,,,,,,,,,,,0.978685681076004,1.0691069014028656,1.0632372848365188,1.0128077256363823,0.957265080559298,,,,,,,,1.0632372848365188,,1.0162205347022137,"rgba(239, 83, 80, 0.5)",0.12172078964018754,1.1024117655759593,-0.5949005571686803,44.9118611907239,-2.0570871124344947,False,True,False,True,False,0.8869411248268335,0.0,0.0,0.0,0.0,0,0.9684078160984501,0.9155092756121339,False,False,False,False,0.02745578898449034,-0.0005806510515131112,False,False,False,False,-20465828,-19779709.427124396,False,False,False,False,3630031.203638359,False,False,False,False
2022-12-22 00:00:00+00:00,1.02,1.03,0.9603,1.02,2564756,,,,,,,,,,,,,,,,,,,,,,,,,,,,,,,,,,0.9814261028450423,1.0670188214721612,1.062053360260005,1.0126827308850554,0.9577137859078985,,,,,,,,1.062053360260005,,1.0161789602740325,"rgba(239, 83, 80, 0.5)",0.11698604367365605,1.1020811223823617,-0.7016317485813516,45.58518006097863,-2.0570871124344947,False,True,False,True,True,0.5018742918818404,0.0,0.0,0.0,0.0,0,0.9601061216468507,0.9085332472381701,False,False,False,False,-0.028775324687917755,-0.014677987869715433,False,False,False,False,-23030584,-19907194.70449207,False,False,False,False,3588255.7054564627,False,False,False,False
2022-12-23 00:00:00+00:00,1.02,1.04,1.0,1.03,1632429,,,,,,,,,,,,,,,,,,,,,,,,,,,,,,,,,,0.9839658251455725,1.0660861784380473,1.0615300671274353,1.012744307494065,0.9580967162165926,,,,,,,,1.0615300671274353,,1.0164846188843426,"rgba(239, 83, 80, 0.5)",0.11264670383408837,1.1020128996705254,-0.7280541452088828,46.03405930781511,-2.0570871124344947,False,True,False,True,True,0.5018742918818404,0.0,0.0,0.0,0.0,0,0.9791776601965285,0.9099505112882753,False,False,False,False,0.018034385202418027,0.0016781986663512967,False,False,False,False,-23030584,-20029680.55921787,False,False,False,False,3511556.618967974,False,False,False,False
2022-12-27 00:00:00+00:00,1.02,1.08,1.01,1.02,2818448,,,,,,,,,,,,,,,,,,,,,,,,,,,,,,,,,,0.9893451424689841,1.0651120174565987,1.0610071306826505,1.0130869031962906,0.9589219451474867,,,,,,,,1.0610071306826505,,1.0174946277904022,"rgba(239, 83, 80, 0.5)",0.11064639069112513,1.1021132607266426,-0.7421232650585579,46.333312139039435,-2.0570871124344947,False,True,False,True,True,0.5018742918818404,0.0,0.0,0.0,0.0,0,0.9786749215357494,0.8987058772948103,False,False,False,False,0.06520700171031818,0.03344260018833474,False,False,False,False,-23030584,-20147363.047091678,False,False,False,False,3484375.8888123673,False,False,False,False
2022-12-28 00:00:00+00:00,0.9992,1.03,0.9745,1.02,2135380,,,,,,,,,,,,,,,,,,,,,,,,,,,,,,,,,,0.990198517346408,1.0635486705340207,1.0600695720634905,1.0129596685597384,0.9592559848687257,,,,,,,,1.0600695720634905,,1.0172064826744767,"rgba(239, 83, 80, 0.5)",0.10902696955382285,1.1017805395690057,-0.9408730701110172,45.54363002067305,-2.0570871124344947,False,True,False,True,True,0.0,0.0,0.0,0.0,0.0,0,0.9650270725888251,0.9047387745189079,False,False,False,False,-0.015397225951648223,0.009022687118343259,False,False,False,False,-25165964,-20344170.927597888,False,False,False,False,3431474.089251098,False,False,False,False
2022-12-29 00:00:00+00:00,0.9923,1.029,0.9849,1.0,1975305,,,,,,,,,,,,,,,,,,,,,,,,,,,,,,,,,,0.9909375183160578,1.0621875893469666,1.0592400264139548,1.0128525729117157,0.9595663635319104,,,,,,,,1.0592400264139548,,1.016956814104121,"rgba(239, 83, 80, 1.0)",0.10675770284676059,1.1014848477267223,-1.0227350796733201,44.68666784172933,-2.0570871124344947,False,True,False,True,True,0.0,0.0,0.0,0.0,0.0,1,0.9610061996722011,0.9098125846219625,False,False,False,False,-0.006544628594959894,0.0012390292616916822,False,False,False,False,-27141269,-20610723.793182287,False,False,False,False,3374369.4190843883,False,False,False,False
2022-12-30 00:00:00+00:00,0.98,1.0,0.9706,0.9867,1707426,,,,,,,,,,,,,,,,,,,,,,,,,,,,,,,,,,0.9905593551479522,1.0607107475725255,1.0583155483852997,1.0126055088915726,0.9597156248992423,,,,,,,,1.0583155483852997,,1.0163813569793185,"rgba(239, 83, 80, 1.0)",0.10555327858394514,1.1010827077975192,-1.1471240819983026,43.508721451902275,-2.724228424501405,False,True,False,True,False,0.0,0.0,0.0,0.0,0.0,1,0.9675227126403891,0.9082910079404821,False,False,False,False,-0.04735317699915756,-0.023057073868732937,False,False,False,False,-28848695,-20933781.487567298,False,False,False,False,3308999.088924216,False,False,False,False
2023-01-03 00:00:00+00:00,0.99,1.04,0.9857,0.9933,2796131,,,,,,,,,,,,,,,,,,,,,,,,,,,,,,,,,,0.9916919645368794,1.0590557751475824,1.0572748429380185,1.0125051592332361,0.9601751650305314,,,,,,,,1.0572748429380185,,1.0161405813772495,"rgba(239, 83, 80, 1.0)",0.10451506046050575,1.100721467316999,-1.059382894954536,43.43924595016949,-2.993931517963375,False,True,False,True,False,0.0,0.0,0.0,0.0,0.0,1,0.9703404979478599,0.901840490797546,False,False,False,False,0.004566921586963186,-0.009245076140884875,False,False,False,False,-26052564,-21134518.056682307,False,False,False,False,3288886.6148487567,False,False,False,False
2023-01-04 00:00:00+00:00,1.05,1.075,1.01,1.02,4015468,,,,,,,,,,,,,,,,,,,,,,,,,,,,,,,,,,0.997011217839634,1.058478357341343,1.0569387071567709,1.0131281845381388,0.9613874182407207,,,,,,,,1.0569387071567709,,1.0173887770233214,#000000,0.10439254515857341,1.1009026757358957,-0.4876083407926684,47.06140201713635,-6.5691415112808755,False,True,False,True,True,1.8049706024753291,0.0,0.0,0.0,0.0,1,0.9704034228102628,0.8839859359776331,False,False,False,False,0.060480143307639365,0.025617533583377247,False,False,False,False,-22037096,-21169913.270145744,False,False,False,False,3317380.002501747,False,False,False,False
2023-01-05 00:00:00+00:00,1.04,1.06,1.02,1.05,3953062,,,,,,,,,,,,,,,,,,,,,,,,,,,,,,,,,,1.0008563943294195,1.0577601029230557,1.056494051716929,1.0136259958939877,0.9624780854738574,,,,,,,,1.056494051716929,,1.01824292606745,"rgba(239, 83, 80, 0.5)",0.1042832229257606,1.100950997589886,-0.5844755837022508,48.854150736910654,-4.86919077885819,False,True,False,False,True,1.3763201181549896,0.0,0.0,0.0,0.0,1,0.9745461245199052,0.8899644269334882,False,False,False,False,0.055755982732647834,0.04068675815801254,False,False,False,False,-25990158,-21358942.475238066,False,False,False,False,3342308.7082859925,False,False,False,False
2023-01-06 00:00:00+00:00,1.09,1.12,1.04,1.07,3792848,,,,,,,,,,,,,,,,,,,,,,,,,,,,,,,,,,1.0073751889081546,1.058679557339197,1.057153442679993,1.0148433768229974,0.9640657344768678,,,,,,,,1.057153442679993,,1.0204234600454418,#000000,0.10433335152980343,1.1016242613172618,-0.11141462578187329,52.56924905816264,-1.424700877933354,False,False,True,False,True,3.414684689896017,0.0,0.0,0.0,0.0,1,0.9692260261494696,0.8819490183438669,False,False,False,False,0.13178767148610826,0.0862372148220604,False,False,False,False,-22197310,-21391819.63307187,False,False,False,False,3359976.915804189,False,False,False,False
2023-01-09 00:00:00+00:00,1.09,1.14,1.08,1.12,1931554,,,,,,,,,,,,,,,,,,,,,,,,,,,,,,,,,,1.01108814570103,1.0594824625001873,1.0577240881889847,1.0156234546350984,0.9649912521200091,,,,,,,,1.0577240881889847,,1.0217818806290617,#000000,0.10400411681041091,1.1020915419147799,-0.11626022397576301,55.04598127233063,0.7686575247183356,False,False,True,False,True,3.414684689896017,0.0,0.0,0.0,0.0,1,0.9702877587243022,0.8907383338224811,False,False,False,False,0.18977460211180394,0.13800590846693217,False,False,False,False,-22197310,-21423407.490598463,False,False,False,False,3303960.3308706917,False,False,False,False
2023-01-10 00:00:00+00:00,1.11,1.12,1.075,1.1,1718130,,,,,,,,,,,,,,,,,,,,,,,,,,,,,,,,,,1.0141019588541906,1.0601465326721153,1.0582018381289149,1.0162929036928592,0.9657944350863635,,,,,,,,1.0582018381289149,,1.0229075336868887,#000000,0.10388093022718338,1.1024782841323015,0.07240709003326093,57.64963983109287,3.077371716353298,True,False,True,False,True,4.2307348747308495,0.0,0.0,0.0,0.0,0,0.9702877587243023,0.8944279065867259,False,False,False,False,0.16548175370368481,0.15174383108530848,False,False,False,False,-20479180,-21386378.961555388,False,False,False,False,3241770.9061306645,False,False,False,False
2023-01-11 00:00:00+00:00,1.09,1.14,1.075,1.14,2192723,,,,,,,,,,,,,,,,,,,,,,,,,,,,,,,,,,1.017668826301167,1.0609642663523162,1.0587966728029805,1.0171322902785138,0.9668058691230916,,,,,,,,1.0587966728029805,,1.0242735849716138,#000000,0.10161024682314047,1.1029499819404989,-0.1274475984989891,57.85892148115988,3.1913981993746603,True,False,True,False,True,3.319694064077151,0.0,0.0,0.0,0.0,0,0.9780624120196797,0.884291070258819,False,False,False,False,0.18489918457024215,0.16832150782777533,False,False,False,False,-22671903,-21436791.668945376,False,False,False,False,3200631.772556913,False,False,False,False
2023-01-12 00:00:00+00:00,1.12,1.13,1.08,1.12,1980296,,,,,,,,,,,,,,,,,,,,,,,,,,,,,,,,,,1.0209449679428517,1.0618212160140337,1.0594217994588937,1.017949642818616,0.9677621126041855,,,,,,,,1.0594217994588937,,1.025579947767716,#000000,0.09859972090306453,1.1034179015815748,0.16817591638750679,59.49087686281341,4.750861302158285,True,False,True,False,True,4.559438423013219,0.0,0.0,0.0,0.0,0,0.9914362578700507,0.8858825020775526,False,False,False,False,0.18003244280749697,0.17417697531763615,False,False,False,False,-20691607,-21407568.74075144,False,False,False,False,3152775.46775076,False,False,False,False
2023-01-13 00:00:00+00:00,1.1,1.14,1.1,1.12,2500637,,,,,,,,,,,,,,,,,,,,,,,,,,,,,,,,,,1.0249069867986191,1.0629334413466518,1.0602403166037475,1.0189980724309946,0.9689793980793501,,,,,,,,1.0602403166037475,,1.0272116430518727,#000000,0.09422245150476405,1.1040123395603003,-0.042583688879049765,59.052777524310436,4.750861302158285,True,False,True,False,True,3.634257337805888,0.0,0.0,0.0,0.0,0,0.9888660837292996,0.8792560519582758,False,False,False,False,0.20936818277372907,0.19177257904568262,False,False,False,False,-23192244,-21477556.005820014,False,False,False,False,3127201.4101919066,False,False,False,False
2023-01-17 00:00:00+00:00,1.08,1.115,1.06,1.1,2698311,,,,,,,,,,,,,,,,,,,,,,,,,,,,,,,,,,1.0275647665971042,1.063435849961043,1.0606394106366062,1.0197717187142177,0.9700169079810468,,,,,,,,1.0606394106366062,,1.0282857307780036,#000000,0.09245914855411219,1.1043498671317578,-0.26335811558449296,57.32010823889922,4.750861302158285,True,False,True,False,True,2.712115571931342,0.0,0.0,0.0,0.0,0,0.9899793359187025,0.8859795623743879,False,False,False,False,0.1461872142104241,0.16897989662805335,False,False,False,False,-25890555,-21650614.789905503,False,False,False,False,3110382.178419675,False,False,False,False
2023-01-18 00:00:00+00:00,1.07,1.11,1.06,1.1,2334184,,,,,,,,,,,,,,,,,,,,,,,,,,,,,,,,,,1.0294969815327513,1.0637557867881653,1.060905653533412,1.0203762905342475,0.9708611743627873,,,,,,,,1.060905653533412,,1.0290791773502728,#000000,0.09081428940624042,1.1045857472735756,-0.38084036663947013,55.460316243540746,4.750861302158285,False,False,True,False,False,2.2499177891818896,0.0,0.0,0.0,0.0,0,1.0052896510536642,0.871342035662486,False,False,False,False,0.10501009812323275,0.13699499737564305,False,False,False,False,-28224739,-21908423.582458228,False,False,False,False,3079943.034167923,False,False,False,False
2023-01-19 00:00:00+00:00,1.1,1.11,1.07,1.09,1955295,,,,,,,,,,,,,,,,,,,,,,,,,,,,,,,,,,1.0314084819800162,1.0642267249479302,1.0612749526256657,1.020984643046264,0.9716436745433388,,,,,,,,1.0612749526256657,,1.0299076954286428,#000000,0.08993623280508915,1.1048642178394654,-0.054085185555938546,56.06530236918948,4.750861302158285,True,False,True,False,False,3.5507814676570497,0.0,0.0,0.0,0.0,0,0.9969899377920477,0.8885703637875181,False,False,False,False,0.06422571085942684,0.10061035411753494,False,False,False,False,-26269444,-22079443.990989275,False,False,False,False,3035839.1896907496,False,False,False,False
2023-01-20 00:00:00+00:00,1.14,1.15,1.08,1.09,3567822,,,,,,,,,,,,,,,,,,,,,,,,,,,,,,,,,,1.0361708903004847,1.0658954733990642,1.0625382959316425,1.02251856453439,0.973391749519949,,,,,,,,1.0625382959316425,,1.0321029947371059,#000000,0.09102303949505826,1.1057063545390364,0.3767578587927215,58.519185640347885,4.750861302158285,True,False,True,False,True,5.247732424335332,0.0,0.0,0.0,0.0,0,0.9892674224549691,0.899033204810957,False,False,False,False,0.1132487675884183,0.10692956085297661,False,False,False,False,-22701622,-22103843.12859754,False,False,False,False,3056701.2606832692,False,False,False,False
2023-01-23 00:00:00+00:00,1.17,1.19,1.12,1.15,2709401,,,,,,,,,,,,,,,,,,,,,,,,,,,,,,,,,,1.040858244732922,1.067870725777692,1.0640220520140276,1.0240656706340183,0.9750106528223479,,,,,,,,1.0640220520140276,,1.0343654691962016,"rgba(38, 166, 154, 0.5)",0.09250807119401014,1.1066417528471715,0.6848942620363581,61.449484837458556,6.66826519029992,True,False,True,False,True,6.492941609229366,0.0,0.0,0.0,0.0,0,0.9805794424886016,0.9084376983897962,False,False,False,False,0.2402776108923981,0.17360358587268737,False,False,False,False,-19992221,-22021034.417672146,False,False,False,False,3043081.642617259,False,False,False,False
2023-01-24 00:00:00+00:00,1.17,1.2,1.15,1.17,2655353,,,,,,,,,,,,,,,,,,,,,,,,,,,,,,,,,,1.0455970440405737,1.0699964955338237,1.0656290322510635,1.0256939437724528,0.9766826460480976,,,,,,,,1.0656290322510635,,1.0367198323292022,"rgba(38, 166, 154, 0.5)",0.09376133297026214,1.107637695752936,0.6651175092278518,63.403017635532336,8.49886897983123,True,False,True,False,True,6.492941609229366,0.0,0.0,0.0,0.0,0,0.9833691298542986,0.9079061937656007,False,False,False,False,0.30650405803509473,0.24005382195389105,False,False,False,False,-19992221,-21941473.1071752,False,False,False,False,3027876.5978087396,False,False,False,False
2023-01-25 00:00:00+00:00,1.21,1.22,1.1606,1.17,2960871,,,,,,,,,,,,,,,,,,,,,,,,,,,,,,,,,,1.0513993001785749,1.0727853216314847,1.0677456369404854,1.027750983281751,0.978733248896515,,,,,,,,1.0677456369404854,,1.0396828981857622,"rgba(38, 166, 154, 1.0)",0.09613523785145983,1.1089270178791855,1.0513624803943802,66.29894312814191,11.204326332560548,True,False,True,False,True,8.149754915529943,0.0,0.0,0.0,0.0,0,0.9862030252895296,0.9269380761049397,False,False,False,False,0.34282791667841533,0.2914408693161532,False,False,False,False,-17031350,-21748919.259834997,False,False,False,False,3025248.927306436,False,False,False,False
2023-01-26 00:00:00+00:00,1.19,1.23,1.16,1.21,2562318,,,,,,,,,,,,,,,,,,,,,,,,,,,,,,,,,,1.0559592851430308,1.075035679461735,1.0694743480354996,1.0294552691401508,0.9804489949624139,,,,,,,,1.0694743480354996,,1.042074715348566,"rgba(38, 166, 154, 0.5)",0.09737248926090397,1.1017015627994162,0.9068109264824601,66.44059636943248,11.343422728703985,True,False,True,False,True,7.13627029938354,0.0,0.0,0.0,0.0,0,0.9757926936878639,0.9272604270839461,False,True,False,False,0.34282792376485693,0.31713439654050507,False,False,False,False,-19593668,-21664399.602586567,False,False,False,False,3007094.773294419,False,False,False,False
2023-01-27 00:00:00+00:00,1.18,1.18,1.17,1.17,1534498,,,,,,,,,,,,,,,,,,,,,,,,,,,,,,,,,,1.0582378817154927,1.0761593078144007,1.0703507571451052,1.0303571192539938,0.9813840132175204,,,,,,,,1.0703507571451052,,1.0432978158293027,"rgba(38, 166, 154, 0.5)",0.09836550037927348,1.1019318863782983,0.7936533979971631,65.66017321305567,11.343422728703985,True,False,True,False,True,6.628645644878201,0.0,0.0,0.0,0.0,0,0.9769239954624156,0.9411009612514178,False,False,False,False,0.27801957173393566,0.29757698413722034,False,False,False,False,-21128166,-21643370.83385768,False,False,False,False,2949345.8802240496,False,False,False,False
2023-01-30 00:00:00+00:00,1.15,1.18,1.14,1.16,1888863,,,,,,,,,,,,,,,,,,,,,,,,,,,,,,,,,,1.0604730689656323,1.0772402332567061,1.071210798317139,1.0313024864464269,0.982406164237991,,,,,,,,1.071210798317139,,1.0445265502447794,#000000,0.09758590086096879,1.1019910853457284,0.4919656859311067,62.68506722447861,11.343422728703985,True,False,True,False,False,5.112971821731474,0.0,0.0,0.0,0.0,0,0.9616543165250919,0.9526176275679257,False,False,False,False,0.23089214884655632,0.2642345664918883,False,False,False,False,-23017029,-21697239.781549536,False,False,False,False,2907758.316293695,False,False,False,False
2023-01-31 00:00:00+00:00,1.18,1.2,1.13,1.14,2827866,,,,,,,,,,,,,,,,,,,,,,,,,,,,,,,,,,1.0640743041128897,1.0790680598189892,1.0726627950176306,1.0328394092749007,0.9840297601366853,,,,,,,,1.0726627950176306,,1.046534865672219,"rgba(38, 166, 154, 0.5)",0.09788976935382021,1.1027675723568193,0.7889734356613495,62.319789882560286,11.343422728703985,True,False,True,False,False,6.412489298217881,0.0,0.0,0.0,0.0,0,0.9678723276842923,0.940924606263848,False,False,False,False,0.24647991389182602,0.2553572401918572,False,False,False,False,-20189163,-21638099.51560642,False,False,False,False,2904625.2842821777,False,False,False,False
2023-02-01 00:00:00+00:00,1.22,1.23,1.15,1.17,2937301,,,,,,,,,,,,,,,,,,,,,,,,,,,,,,,,,,1.0685631763370793,1.0814935906687733,1.074577584098919,1.0347415242098383,0.9859539864650724,,,,,,,,1.074577584098919,,1.0490659723559366,"rgba(38, 166, 154, 1.0)",0.098981933504859,1.0973534729340555,1.239079928257047,63.885512853859474,11.343422728703985,True,False,True,False,False,8.104849665404831,0.0,0.0,0.0,0.0,1,0.9874099648788617,0.9263944282397761,False,True,False,False,0.32638362416730743,0.2908704321795823,False,False,False,False,-17251862,-21466090.201268915,False,False,False,False,2905906.6848985627,False,True,False,False
2023-02-02 00:00:00+00:00,1.16,1.22,1.14,1.2,5526811,,,,,,,,,,,,,,,,,,,,,,,,,,,,,,,,,,1.0746925799370388,1.0848334979097927,1.077294880079761,1.0376466585371504,0.9890434977419287,,,,,,,,1.077294880079761,,1.0527022228411345,"rgba(38, 166, 154, 0.5)",0.09787919918160545,1.098052458025637,0.6328979240974909,60.70562145794617,15.741963353656402,True,False,True,False,False,5.080447905209162,0.0,0.0,0.0,0.0,1,0.9933627001607238,0.9278826120602417,False,False,False,False,0.2939902580088475,0.2924303450942149,False,False,False,False,-22778673,-21517564.036513273,False,False,False,False,3008687.2462750897,False,False,False,False
2023-02-03 00:00:00+00:00,1.1,1.14,1.08,1.13,3643766,,,,,,,,,,,,,,,,,,,,,,,,,,,,,,,,,,1.0758800389028593,1.0853447163835137,1.0778182069736741,1.0385875049201478,0.99030835449193,,,,,,,,1.0778182069736741,,1.053587764334425,#000000,0.09628182918199356,1.0966803103068794,0.034478880608362274,55.466746590537696,10.860239590550961,False,False,True,False,False,2.2131150439380747,0.0,0.0,0.0,0.0,1,0.9607976768993719,0.9504266919521158,False,False,False,False,0.07972185303810043,0.18607609906615766,False,False,False,False,-26422439,-21709912.074297067,False,False,False,False,3033592.2954407725,False,False,False,False
2023-02-06 00:00:00+00:00,1.1,1.11,1.06,1.11,2442518,,,,,,,,,,,,,,,,,,,,,,,,,,,,,,,,,,1.0762230135264192,1.0854166545970523,1.0779619824960214,1.0390530366750539,0.9910218236573171,,,,,,,,1.0779619824960214,,1.0539353021903728,#000000,0.0946117513985586,1.0958449232058305,0.043917132203441074,51.97416334559871,7.7569072995669615,False,True,False,False,False,2.2131150439380747,0.0,0.0,0.0,0.0,1,0.941811909949165,0.9902263374485596,False,False,False,False,0.00589277539829465,0.09598443723222616,False,False,False,False,-26422439,-21894717.051775612,False,False,False,False,3010412.91130584,False,False,False,False
2023-02-07 00:00:00+00:00,1.08,1.1,1.05,1.1,2802673,,,,,,,,,,,,,,,,,,,,,,,,,,,,,,,,,,1.0762350435867172,1.0852642063794287,1.0779446746917434,1.0394398233444968,0.9917194139662515,,,,,,,,1.0779446746917434,,1.0541206323937273,#000000,0.0917793433353225,1.0948976607957073,-0.16232041169958597,48.672008510193166,4.839613419748169,False,True,False,True,False,1.2653396679468685,0.0,0.0,0.0,0.0,0,0.9467355014220356,0.9869234574007668,False,False,False,False,-0.023575932426568205,0.03620425240282898,False,False,False,False,-29225112,-22182183.52033343,False,False,False,False,3002266.2481173757,False,False,False,False
2023-02-08 00:00:00+00:00,1.05,1.1075,1.03,1.09,2212334,,,,,,,,,,,,,,,,,,,,,,,,,,,,,,,,,,1.0759472143954165,1.084955380575144,1.0777834740925432,1.0396254994990883,0.9921715907695885,,,,,,,,1.0777834740925432,,1.054096631866356,#000000,0.08911805273075969,1.0941080215879484,-0.49493924335629225,45.11357685622016,1.673659930831633,False,True,False,True,False,0.0,0.0,0.0,0.0,0.0,0,0.9322731011790513,0.9665478475459282,False,False,False,False,-0.04201143445931057,-0.0029035910282407956,False,False,False,False,-31437446,-22545134.990124278,False,False,False,False,2971288.5128970863,False,False,False,False
2023-02-09 00:00:00+00:00,1.02,1.06,1.0,1.05,3809679,,,,,,,,,,,,,,,,,,,,,,,,,,,,,,,,,,1.0742308002849172,1.0836247601036126,1.0768809621641149,1.0394482778410925,0.9925469415635408,,,,,,,,1.0768809621641149,,1.0533463483914556,"rgba(239, 83, 80, 0.5)",0.08679799904282227,1.0921858710230157,-0.8316536304875226,41.522757865674244,-1.5275943923965656,False,True,False,True,False,0.0,0.0,0.0,0.0,0.0,0,0.9468587114085679,0.9777010147117787,False,False,False,False,-0.15744908408351957,-0.08017633755588019,False,False,False,False,-35247125,-23043252.245413523,False,False,False,False,3004166.5712148477,False,False,False,False
2023-02-10 00:00:00+00:00,1.02,1.026,0.9901,1.02,1593549,,,,,,,,,,,,,,,,,,,,,,,,,,,,,,,,,,1.0733376700612742,1.0829476169592713,1.076405556039477,1.039292344835918,0.992635232573154,,,,,,,,1.076405556039477,,1.052923684093819,"rgba(239, 83, 80, 0.5)",0.08486104472437073,1.0913655939051363,-0.8409700132367243,39.12887853864363,-3.6444985271464603,False,True,False,True,False,0.0,0.0,0.0,0.0,0.0,0,0.9426719526776163,0.9973884588760935,False,False,False,False,-0.22453361170097072,-0.15235497462842545,False,False,False,False,-35247125,-23521835.490691423,False,False,False,False,2948848.2350887754,False,False,False,False
2023-02-13 00:00:00+00:00,1.0,1.01,0.98,0.98,1995114,,,,,,,,,,,,,,,,,,,,,,,,,,,,,,,,,,1.0719836126341629,1.0819378433452687,1.0756803270641964,1.0389909453294872,0.9926579725629059,,,,,,,,1.0756803270641964,,1.0522501401872042,"rgba(239, 83, 80, 1.0)",0.0836725809545967,1.090252762403959,-1.078642027941423,36.708558157218576,-5.871521185874762,False,True,False,True,False,0.0,0.0,0.0,0.0,0.0,0,0.929388221841052,1.0056222603392415,False,False,False,False,-0.26534252092834804,-0.20884874777838675,False,False,False,False,-37242239,-24059890.530272152,False,False,False,False,2911446.8925362746,False,False,False,False
2023-02-14 00:00:00+00:00,0.991,1.0108,0.9611,0.9904,2623975,,,,,,,,,,,,,,,,,,,,,,,,,,,,,,,,,,1.0700688614872622,1.080508292161607,1.0746395748342394,1.038517741835699,0.9926209712110343,,,,,,,,1.0746395748342394,,1.0512710883059682,"rgba(239, 83, 80, 1.0)",0.08284972617895524,1.0888064762674554,-1.1805286604833627,34.729357384489205,-7.757662938362458,False,True,False,True,False,0.0,0.0,0.0,0.0,0.0,0,0.9098110907982937,1.0278713236473267,False,False,False,False,-0.2941510117280368,-0.25149987975321175,False,False,False,False,-39866214,-24679746.35261442,False,False,False,False,2900173.484985832,False,False,False,False
2023-02-15 00:00:00+00:00,0.9802,0.989,0.952,0.97,2025947,,,,,,,,,,,,,,,,,,,,,,,,,,,,,,,,,,1.0684095230574624,1.0792730515445985,1.0737269891503336,1.038060123530107,0.9925141895966314,,,,,,,,1.0737269891503336,,1.0503967753758265,"rgba(239, 83, 80, 1.0)",0.08218030436318155,1.087642360551341,-1.3073979390063857,32.9640970081213,-9.519887843674887,False,True,False,True,False,0.0,0.0,0.0,0.0,0.0,0,0.9063470048213458,1.0550492041476784,False,False,False,False,-0.34282825441539394,-0.2971640670843029,False,False,False,False,-41892161,-25354743.005453072,False,False,False,False,2865890.09341776,False,False,False,False
2023-02-16 00:00:00+00:00,0.9622,0.973,0.9,0.95,4469547,,,,,,,,,,,,,,,,,,,,,,,,,,,,,,,,,,1.06389407808756,1.0759330574065429,1.0712101476779237,1.0366331857899758,0.9919296895331565,,,,,,,,1.0712101476779237,,1.0479200316990318,"rgba(239, 83, 80, 1.0)",0.08200895299399391,1.0847192529730483,-1.4939741150215777,31.06318529690812,-11.469060478170768,False,True,False,True,False,0.0,0.0,0.0,0.0,0.0,0,0.8827708110992531,1.0551961045891143,False,False,False,False,-0.34282825441539394,-0.3199961607498484,False,False,False,False,-46361708,-26178545.554258835,False,False,False,False,2928778.59955824,False,False,False,False
2023-02-17 00:00:00+00:00,0.9355,0.97,0.9,0.93,3149207,,,,,,,,,,,,,,,,,,,,,,,,,,,,,,,,,,1.0606571355211487,1.0735072307257707,1.0693605316211643,1.035547903108547,0.9914412386285495,,,,,,,,1.0693605316211643,,1.0461028079210362,"rgba(255, 0, 0, 1.0)",0.08097258521719983,1.0827422069050683,-1.8184204754005033,28.819264447526976,-13.766940070853167,False,True,False,True,False,0.0,0.0,0.0,0.0,0.0,0,0.9128558809539988,1.0300672691445267,False,False,False,False,-0.34282825441539394,-0.33141220758262113,False,False,False,False,-49510915,-27093540.43448398,False,False,False,False,2937422.850555956,False,False,False,False
2023-02-21 00:00:00+00:00,0.9163,0.9376,0.9,0.9305,1862443,,,,,,,,,,,,,,,,,,,,,,,,,,,,,,,,,,1.0585662522867945,1.0719380155861757,1.0681529516322965,1.0348088061865452,0.991069215701376,,,,,,,,1.0681529516322965,,1.0449070482786378,"rgba(255, 26, 202, 1.0)",0.08106164987884847,1.0815028988717017,-2.037990826964507,26.68783360299254,-15.964161791236158,False,True,False,True,False,0.0,0.0,0.0,0.0,0.0,0,0.9002054091064704,1.0311194796302634,False,False,False,False,-0.34282825441539394,-0.33712023099900756,False,False,False,False,-51373358,-28045690.14293559,False,False,False,False,2895266.777985134,False,False,False,False
2023-02-22 00:00:00+00:00,0.8818,0.9132,0.861,0.9023,2156654,,,,,,,,,,,,,,,,,,,,,,,,,,,,,,,,,,1.0556758691907069,1.069783177721877,1.0664798012123806,1.0337286635963205,0.990452885248104,,,,,,,,1.0664798012123806,,1.0432240793938778,"rgba(255, 26, 202, 1.0)",0.08082896272014349,1.079822216129184,-2.4498918390775604,24.26446823548714,-18.435379392060142,False,True,False,True,False,0.0,0.0,0.0,0.0,0.0,0,0.8951766046334979,1.0352863998895143,False,False,False,False,-0.34282825441539394,-0.3399742427072008,False,False,False,False,-53530012,-29045075.313800864,False,False,False,False,2866301.571005325,False,False,False,False
2023-02-23 00:00:00+00:00,0.872,0.8842,0.852,0.8812,3291678,,,,,,,,,,,,,,,,,,,,,,,,,,,,,,,,,,1.0510499593916518,1.0663125947932852,1.063764820675795,1.031936004929149,0.9893854130964571,,,,,,,,1.063764820675795,,1.0404897585772677,"rgba(255, 26, 202, 1.0)",0.07996210753501544,1.0771884687074553,-2.566071293426117,22.388584514810965,-20.390952197274895,False,True,False,True,False,0.0,0.0,0.0,0.0,0.0,0,0.8859466148135053,1.0569913381651053,False,False,False,False,-0.34282825441539394,-0.3414012485612974,False,False,False,False,-56821690,-30134354.32110279,False,False,False,False,2882982.9995933515,False,False,False,False
2023-02-24 00:00:00+00:00,0.8843,0.8899,0.85,0.852,1366466,,,,,,,,,,,,,,,,,,,,,,,,,,,,,,,,,0.8747333333333335,1.0492508356456982,1.0649449926078818,1.062689931556937,1.0312273033910084,0.9889672382397081,,,,,,,,1.062689931556937,,1.0119689391290947,"rgba(255, 26, 202, 1.0)",0.08052086198255919,1.0560213558255678,-2.1326318620727465,22.56464880282914,-20.456123951960166,False,True,False,True,False,0.0,0.0,0.0,0.0,0.0,0,0.8993777400650543,1.019622401357658,False,False,False,False,-0.3386424744222565,-0.34002186149177693,False,False,False,False,-55455224,-31127329.602628175,False,False,False,False,2823511.7447073376,False,False,False,False
2023-02-27 00:00:00+00:00,0.8786,0.897999,0.87,0.8913,1156237,,,,,,,,,,,,,,,,,,,,,,,,,,,,,,,,,0.8781553972284225,1.0478208499775066,1.063847781441017,1.0618256669123018,1.0306609796311574,0.9886387459943851,,,,,,,,1.0618256669123018,,1.0118249035307985,"rgba(255, 26, 202, 1.0)",0.0828789530439278,1.0554189368240083,-2.133460068327481,22.48253807692025,-20.892784570509892,False,True,False,True,False,0.0,0.0,0.0,0.0,0.0,0,0.8906832797456501,1.038544731030983,False,False,False,False,-0.3072129108603492,-0.32361738617606306,False,False,False,False,-56611461,-32126707.304485895,False,False,False,False,2758128.421385481,False,False,False,False
2023-02-28 00:00:00+00:00,0.9147,0.9225,0.875,0.8881,3686679,,,,,,,,,,,,,,,,,,,,,,,,,,,,,,,,,0.8935396227280481,1.0440014400132622,1.0608463923232874,1.0594532288365197,1.0291454305312309,0.9878171439525886,,,,,,,,1.0594532288365197,,1.0124672097308227,"rgba(255, 0, 0, 1.0)",0.0846797991163082,1.054161090600497,-1.6469227850782502,26.413568572895358,-20.892784570509892,False,True,False,True,True,0.0,0.0,0.0,0.0,0.0,0,0.9028082853773695,1.0190706294641587,False,False,False,False,-0.27483571053961126,-0.29922654835783713,False,False,False,False,-52924782,-32942318.076858997,False,False,False,False,2794542.1695664427,False,False,False,False
2023-03-01 00:00:00+00:00,0.9512,0.9658,0.9147,0.9299,2805979,,,,,,,,,,,,,,,,,,,,,,,,,,,,,,,,,0.9092139990572017,1.0420173082858297,1.0591979732865364,1.0581455856366646,1.0283757035264562,0.9874948009170298,,,,,,,,1.0581455856366646,,1.0140742284516195,"rgba(239, 83, 80, 1.0)",0.08535691516078647,1.053928522557866,-1.2035172822770916,32.23660676356789,-24.518224716363225,False,True,False,True,True,0.0,0.0,0.0,0.0,0.0,0,0.9434325602328715,0.9925837032696051,False,False,False,False,-0.18646301798946427,-0.2428447831736507,False,False,False,False,-50118803,-33615905.72090375,False,False,False,False,2794990.6727207,False,False,False,False
2023-03-02 00:00:00+00:00,0.9557,0.9557,0.9215,0.9481,1619244,,,,,,,,,,,,,,,,,,,,,,,,,,,,,,,,,0.9145562563869868,1.0409122372504211,1.0582709241740251,1.0574069599880218,1.0279398837680762,0.9873126178713574,,,,,,,,1.0574069599880218,,1.0143998132398149,"rgba(239, 83, 80, 1.0)",0.08612465713003276,1.053633005620917,-1.1371076400693925,36.48223469211773,-20.60043315135323,False,True,False,True,True,0.0,0.0,0.0,0.0,0.0,0,0.9622753022691406,0.9924920454516035,False,False,False,False,-0.18991369058427704,-0.21637923687896388,False,False,False,False,-48499559,-34199578.398515366,False,False,False,False,2748882.9600649863,False,False,False,False
2023-03-03 00:00:00+00:00,0.9319,0.9789,0.9319,0.956,2583369,,,,,,,,,,,,,,,,,,,,,,,,,,,,,,,,,0.921007931249852,1.039257912671378,1.0568639891385503,1.0562816511124722,1.0272806415404028,0.9870469549500154,,,,,,,,1.0562816511124722,,1.014623180110445,"rgba(239, 83, 80, 1.0)",0.08719412448177964,1.038568225382475,-1.223341893922736,37.78960042819651,-19.43293792786504,False,True,False,True,True,0.0,0.0,0.0,0.0,0.0,0,0.9644363720066508,0.9759825238629722,False,False,False,False,-0.15497316145493992,-0.18567619916695188,False,False,False,False,-51082928,-34861670.53975006,False,False,False,False,2742392.2165330257,False,False,False,False
2023-03-06 00:00:00+00:00,0.9,0.9568,0.9,0.9568,1847844,,,,,,,,,,,,,,,,,,,,,,,,,,,,,,,,,0.9207534788654909,1.0377516892151393,1.055621423734535,1.055282476630253,1.0266486807799617,0.9867228546177134,,,,,,,,1.055282476630253,,1.0137967673071824,"rgba(255, 0, 0, 1.0)",0.08900120371693297,1.0372122295389012,-1.5416895930453112,36.90659514020088,-19.43293792786504,False,True,False,True,True,0.0,0.0,0.0,0.0,0.0,0,0.9448147943758497,0.9982222215637858,False,False,False,False,-0.21134798685816875,-0.19851209301256031,False,False,False,False,-52930772,-35570262.75387751,False,False,False,False,2707311.894316044,False,False,False,False
2023-03-07 00:00:00+00:00,0.8981,0.908,0.8619,0.891,2790638,,,,,,,,,,,,,,,,,,,,,,,,,,,,,,,,,0.915843083875154,1.0349979219020404,1.0533894499807792,1.0534791023066306,1.0254496772494273,0.986028012269695,,,,,,,,1.0534791023066306,,1.011531207930621,"rgba(255, 0, 0, 1.0)",0.09028026775517389,1.0346902788103407,-1.5129582820993883,36.21879170881088,-19.43293792786504,False,True,False,True,True,0.0,0.0,0.0,0.0,0.0,0,0.9198471569478716,1.0237380007188162,False,False,False,False,-0.30510831401062366,-0.251810203511592,False,False,False,False,-55721410,-36360503.82235291,False,False,False,False,2710579.584735023,False,False,False,False
2023-03-08 00:00:00+00:00,0.8824,0.885,0.852,0.88,2449379,,,,,,,,,,,,,,,,,,,,,,,,,,,,,,,,,0.9106912461855257,1.0324041703552955,1.0512905877387482,1.0517751925739447,1.02429120764322,0.9853254434836088,,,,,,,,1.0517751925739447,,1.0092963079967237,"rgba(255, 0, 0, 1.0)",0.09212810642139964,1.032562984865816,-1.6299367337364048,34.930632218813685,-19.43293792786504,False,True,False,True,True,0.0,0.0,0.0,0.0,0.0,0,0.9253881853650833,1.0201683892117452,False,False,False,False,-0.34192224505933483,-0.2968662242854634,False,False,False,False,-58170789,-37215809.12343711,False,False,False,False,2700336.4245493356,False,False,False,False
2023-03-09 00:00:00+00:00,0.87,0.9199,0.8595,0.87,2727900,,,,,,,,,,,,,,,,,,,,,,,,,,,,,,,,,0.907427544902625,1.029786941299711,1.0491378736832635,1.0500191601278173,1.02310556860287,0.9846220383318194,,,,,,,,1.0500191601278173,,1.007349854491351,"rgba(255, 0, 0, 1.0)",0.09443010796398593,1.0308368369056584,-1.7032368211100521,33.44168306497388,-19.43293792786504,False,True,False,True,False,0.0,0.0,0.0,0.0,0.0,0,0.9139960317858188,1.0107690633774233,False,False,False,False,-0.29462964283028503,-0.2957479335578742,False,False,False,False,-60898689,-38144549.5107533,False,False,False,False,2701417.3490768126,False,False,False,False
2023-03-10 00:00:00+00:00,0.88,0.91,0.8637,0.8841,3447249,,,,,,,,,,,,,,,,,,,,,,,,,,,,,,,,,0.904451555051265,1.0266390435314592,1.0465178864772604,1.0478703045768,1.0216505186960378,0.9837592355747817,,,,,,,,1.0478703045768,,1.0051480906512673,"rgba(255, 0, 0, 1.0)",0.09616497963452214,1.0289391946255195,-1.5487882926983123,33.591308451157204,-19.43293792786504,False,True,False,True,False,0.0,0.0,0.0,0.0,0.0,0,0.9110594601601455,1.029559429626641,False,False,False,False,-0.3009091604354788,-0.2983285469966765,False,False,False,False,-57451440,-38901682.47111591,False,False,False,False,2730665.649113016,False,False,False,False
2023-03-13 00:00:00+00:00,0.8716,0.9169,0.8373,0.9106,14533127,,,,,,,,,,,,,,,,,,,,,,,,,,,,,,,,,0.8941100487005801,1.0139640419306426,1.0357469511984647,1.0389100808766654,1.0154436949685386,0.9799534071370877,,,,,,,,1.0389100808766654,,0.9963547041353298,"rgba(255, 0, 0, 1.0)",0.09804595745349691,1.021549703561258,-1.5293818068162464,33.19905848391616,-19.43293792786504,False,True,False,True,False,0.0,0.0,0.0,0.0,0.0,1,0.9152340679590346,1.0081684209588315,False,False,False,False,-0.32257048071218747,-0.310449513854432,False,False,False,False,-71984567,-40199050.49185646,False,False,False,False,3193507.2707164274,False,False,False,False
2023-03-14 00:00:00+00:00,0.8612,0.8927,0.843,0.8927,3454101,,,,,,,,,,,,,,,,,,,,,,,,,,,,,,,,,0.891898098936854,1.0110696964956791,1.0332414719537655,1.0367982476521493,1.0139490454537181,0.9790081676768752,,,,,,,,1.0367982476521493,,0.9943274546948403,"rgba(255, 0, 0, 1.0)",0.09865315074213954,1.019869297118747,-1.6083550897779058,32.3325675916977,-19.43293792786504,False,True,False,True,False,0.0,0.0,0.0,0.0,0.0,1,0.913668499636333,1.0167475700276296,False,False,False,False,-0.34282825441539394,-0.32663888413491293,False,False,False,False,-75438668,-41580996.27648954,False,False,False,False,3203726.632649116,False,False,False,False
2023-03-15 00:00:00+00:00,0.8622,0.9,0.825,0.9,5024392,,,,,,,,,,,,,,,,,,,,,,,,,,,,,,,,,0.8889035098399956,1.0069663794133732,1.0296581365103896,1.033760315524572,1.0117811329756041,0.9776223548487057,,,,,,,,1.033760315524572,,0.99144863818544,"rgba(255, 0, 0, 1.0)",0.10007222199199123,1.017491466053197,-1.5517939240484244,31.89110342548493,-19.43293792786504,False,True,False,True,False,0.0,0.0,0.0,0.0,0.0,1,0.9137547508670981,1.0032428505166153,False,False,False,False,-0.34282825441539394,-0.3347335692751534,False,False,False,False,-70414276,-42711713.128391914,False,False,False,False,3275125.274506014,False,False,False,False
2023-03-16 00:00:00+00:00,0.8383,0.864,0.82,0.8599,3591949,,,,,,,,,,,,,,,,,,,,,,,,,,,,,,,,0.8407666666666667,0.8856463460149635,1.003750470647085,1.0268675895601747,1.031386479938622,1.0100499251910477,0.9764694038231806,,,,,,,0.8407666666666667,1.031386479938622,,0.9678481259773914,"rgba(255, 0, 0, 1.0)",0.1020404361996742,0.9986368558986305,-1.5713070413074377,30.211406976984957,-14.79556395018416,False,True,False,True,False,0.0,1.0,0.864,0.82,0.0,1,0.9079713791355611,1.03320506989374,True,False,False,False,-0.34282825441539394,-0.3387809118452737,False,False,False,False,-74006225,-43938948.88806282,False,False,False,False,3287549.7343293075,False,False,False,False
2023-03-17 00:00:00+00:00,0.89,0.9369,0.826,0.85,29745066,,,,,,,,,,,,,,,,,,,,,,,,,,,,,,,,0.8796094326791607,0.8851628577222801,0.9872536591253829,1.0113273088199406,1.0177895840051088,1.0003236274203229,0.9704586147268047,,,,,,,0.8796094326791607,1.0177895840051088,,0.9645607263570001,"rgba(239, 83, 80, 0.5)",0.10330071290405721,0.9924285226657826,-0.9915567839392875,34.98763517193555,-14.79556395018416,False,True,False,True,True,0.0,0.0,0.0,0.0,0.0,1,0.9094539316925397,1.0263941426060639,False,False,False,False,-0.2620808760197931,-0.3004308939325334,False,False,False,False,-44261159,-43951584.57872703,False,False,False,False,4325099.391806589,False,False,False,False
2023-03-20 00:00:00+00:00,0.9433,0.945,0.885,0.909,3737055,,,,,,,,,,,,,,,,,,,,,,,,,,,,,,,,0.8841276682561874,0.886858151308755,0.9861822482985074,1.0101533980253574,1.0167177929084992,0.9995932611090445,0.9700845800165621,,,,,,,0.8841276682561874,1.0167177929084992,,0.9648167285604162,#000000,0.1034955086634849,0.9922923657157747,-0.47337673246356143,42.150286370534786,-13.439174792996553,False,False,False,True,True,0.0,0.0,0.0,0.0,0.0,1,0.9277681400548371,1.0178777457748507,False,False,False,False,-0.19598405806110308,-0.24820747599681825,False,False,False,False,-40524104,-43817173.575639695,False,False,False,False,4302038.827422017,False,False,False,False
2023-03-21 00:00:00+00:00,0.921,0.9435,0.8901,0.93,4299161,,,,,,,,,,,,,,,,,,,,,,,,,,,,,,,,0.8876681807148847,0.8883410370772212,0.9848740697267514,1.0087461532230826,1.0154335793915297,0.9987019788279365,0.9696039990345481,,,,,,,0.8876681807148847,1.0154335793915297,,0.9647669997137076,"rgba(239, 83, 80, 0.5)",0.10371914514818484,0.9919529498073192,-0.6840872985016198,45.22887952615676,-10.818457315936854,False,False,False,False,True,0.0,0.0,0.0,0.0,0.0,1,0.9216463795204817,1.0404323605911494,False,False,False,False,-0.1924900405559371,-0.22034875827637768,False,False,False,False,-44823265,-43856628.14130089,False,False,False,False,4301925.971444683,False,False,False,False
2023-03-22 00:00:00+00:00,0.9327,0.97,0.893,0.913,2756380,,,,,,,,,,,,,,,,,,,,,,,,,,,,,,,,0.890430944747432,0.889623479008563,0.9842284676692429,1.0079994657607283,1.0147412313164483,0.9982362499997098,0.9693814121348948,,,,,,,0.890430944747432,1.0147412313164483,,0.9649487500910027,"rgba(239, 83, 80, 0.5)",0.10259543308593252,0.9918906132568021,-0.5769322422687649,48.082416930544326,-8.35270233752501,False,False,False,False,True,0.0,0.0,0.0,0.0,0.0,1,0.9087094577218815,1.0378327683133566,False,False,False,False,-0.16412079760573223,-0.19223477794105495,False,False,False,False,-42066885,-43786442.135759674,False,False,False,False,4241316.325505676,False,False,False,False
2023-03-23 00:00:00+00:00,0.9709,0.9709,0.94,0.9472,2827171,,,,,,,,,,,,,,,,,,,,,,,,,,,,,,,,0.8946556788467035,0.8917039770827329,0.9839367551791921,1.007531734582836,1.014284849716145,0.9979690302158055,0.9693285593662827,,,,,,,0.8946556788467035,1.014284849716145,,0.9656300835699569,#000000,0.09975200329899213,0.9921670855792051,-0.21319958372625455,52.30739087070545,-4.570349597414086,True,False,True,False,True,0.0,0.0,0.0,0.0,0.0,1,0.9246917783508986,1.0277012428213352,False,False,False,False,-0.11843457404676265,-0.1553346759939088,False,False,False,False,-39239714,-43608139.07161224,False,False,False,False,4185859.646074081,False,False,False,False
2023-03-24 00:00:00+00:00,1.01,1.01,0.9607,0.9753,3106339,,,,,,,,,,,,,,,,,,,,,,,,,,,,,,,,0.9007929522099378,0.8948822980210764,0.9840656356090585,1.0073819457940505,1.0140947223693555,0.9979349525305939,0.9694877935522209,,,,,,,0.9007929522099378,1.0140947223693555,,0.966948614298042,#000000,0.09852353722531162,0.9928712438521181,0.17385445783082742,57.0224948009519,-0.3644984817197141,True,False,True,False,True,1.0523689423575036,0.0,0.0,0.0,0.0,0,0.9318090405167342,1.0208948768897919,False,False,False,False,-0.062059796092367454,-0.10869723604313812,False,False,False,False,-36133375,-43315011.06880392,False,False,False,False,4143525.503090784,False,False,False,False
2023-03-27 00:00:00+00:00,1.07,1.07,0.97,0.99,2889580,,,,,,,,,,,,,,,,,,,,,,,,,,,,,,,,0.9082074553496335,0.8988814786175022,0.9847124377630224,1.0076712478476866,1.014285776377677,0.9982118511488521,0.9698958405914108,,,,,,,0.9082074553496335,1.014285776377677,,0.9688380125279693,"rgba(38, 166, 154, 0.5)",0.09852353722531162,0.9939947220269488,0.7714428461823919,62.36631039874443,4.385545619558712,True,False,True,False,True,4.239640855945474,0.0,0.0,0.0,0.0,0,0.9345700442538569,0.995451776475227,False,False,False,False,0.0028044456512456473,-0.05294639519594624,False,False,False,False,-33243795,-42920061.41904691,False,False,False,False,4094351.1696362435,False,False,False,False
2023-03-28 00:00:00+00:00,1.12,1.13,1.04,1.08,5236462,,,,,,,,,,,,,,,,,,,,,,,,,,,,,,,,0.925166962029797,0.9084995843584891,0.9871527738976509,1.0092364669222555,1.0155303079839377,0.9994710776649919,0.9712760525293597,,,,,,,0.925166962029797,1.0155303079839377,,0.973761889340926,"rgba(38, 166, 154, 1.0)",0.09889361378191629,0.9971173500585934,1.2425741687667713,67.30141901274882,8.718741775905329,True,False,True,False,True,6.741396715657913,0.0,0.0,0.0,0.0,0,0.9533124417944769,0.9779403926187922,False,False,False,False,0.12498085107448663,0.036017227939270195,False,False,False,False,-28007333,-42335248.5398686,False,False,False,False,4139139.8296505087,False,False,False,False
2023-03-29 00:00:00+00:00,1.11,1.15,1.1,1.11,2774322,,,,,,,,,,,,,,,,,,,,,,,,,,,,,,,,0.9340334102580695,0.9138118334290078,0.9886694533707576,1.0102590418444497,1.0163598272687677,1.0002823079265408,0.9721290118976756,,,,,,,0.9340334102580695,1.0163598272687677,,0.9765064122850384,"rgba(38, 166, 154, 1.0)",0.09942108555156812,0.9989045249544815,1.1174236775748663,69.75481477685918,10.788100831767565,True,False,True,False,True,6.155827111198974,0.0,0.0,0.0,0.0,0,0.9884749545254131,0.9620413639873697,False,False,False,False,0.20181778695832614,0.11891750744879817,False,False,False,False,-30781655,-41882166.44026592,False,False,False,False,4085617.561821077,False,False,False,False
2023-03-30 00:00:00+00:00,1.15,1.15,1.09,1.12,3421598,,,,,,,,,,,,,,,,,,,,,,,,,,,,,,,,0.9444476065328155,0.9203074781672345,0.9906318062528148,1.0116070615931056,1.0174618939994087,1.0013502164354742,0.9732378313086305,,,,,,,0.9444476065328155,1.0174618939994087,,0.9798634134699261,"rgba(38, 166, 154, 1.0)",0.1005488227965188,1.0011242893481016,1.4806310656980926,72.44782139322503,13.239073458960945,True,False,True,False,True,8.111612132202858,0.0,0.0,0.0,0.0,0,0.9850033312272438,0.9604186283210862,False,False,False,False,0.1921019103677983,0.15550970890829824,False,False,False,False,-27360057,-41312671.95241235,False,False,False,False,4059577.5790045643,False,False,False,False
2023-03-31 00:00:00+00:00,1.1,1.15,1.08,1.13,1972633,,,,,,,,,,,,,,,,,,,,,,,,,,,,,,,,0.9493690253860858,0.9235374539534086,0.9915797538693434,1.0122415521079566,1.0179764024650813,1.0018634612955875,0.973789383686924,,,,,,,0.9493690253860858,1.0179764024650813,,0.9814795761091981,"rgba(38, 166, 154, 0.5)",0.10093407446143923,1.0021987934101018,0.9689612463555329,70.43289727972524,13.239073458960945,True,False,True,False,True,5.205308530275897,0.0,0.0,0.0,0.0,0,0.9782087297844264,0.9608313213190566,False,False,False,False,0.1824217317789686,0.1689657203436334,False,False,False,False,-29332690,-40842868.73859227,False,False,False,False,3977736.6151220324,False,False,False,False
2023-04-03 00:00:00+00:00,1.14,1.14,1.0801,1.1,3275625,,,,,,,,,,,,,,,,,,,,,,,,,,,,,,,,0.9573972524636821,0.9289405323079507,0.9932516151229362,1.0133835597868543,1.0189100244572324,1.002783184258603,0.9747622381513446,,,,,,,0.9573972524636821,1.0189100244572324,,0.9842040580783719,"rgba(38, 166, 154, 1.0)",0.10157983147338912,1.0040314817520268,1.338538529507137,70.37130584361144,13.239073458960945,True,False,True,False,True,7.142363363998388,0.0,0.0,0.0,0.0,0,0.9746791206330638,0.9781319678194642,False,False,False,False,0.1728715547383725,0.17091863754100295,False,False,False,False,-26057065,-40263033.297863156,False,False,False,False,3950202.8262937176,False,False,False,False
2023-04-04 00:00:00+00:00,1.15,1.19,1.12,1.14,4993260,,,,,,,,,,,,,,,,,,,,,,,,,,,,,,,,0.9705073202150353,0.9379677541439913,0.9963658665700373,1.015607831014383,1.0207587768781832,1.004548405748289,0.9765548627198304,,,,,,,0.9705073202150353,1.0207587768781832,,0.9889015453271072,"rgba(38, 166, 154, 1.0)",0.10260244715484193,1.0072521028778754,1.391271856378799,70.63284758148659,13.239073458960945,True,False,True,False,True,7.619418101683607,0.0,0.0,0.0,0.0,0,0.9746442433887569,0.9746442433887567,False,False,False,False,0.26098039336359574,0.21594951545229935,False,False,False,False,-21063805,-39510122.384221464,False,False,False,False,3991107.0291841603,False,False,False,False
2023-04-05 00:00:00+00:00,1.16,1.19,1.14,1.17,2396704,,,,,,,,,,,,,,,,,,,,,,,,,,,,,,,,0.9765074117061064,0.9422370558418941,0.9979105429314113,1.0167262402553814,1.0216937925807088,1.0054370341449645,0.9774505318609611,,,,,,,0.9765074117061064,1.0216937925807088,,0.9911375156173469,"rgba(38, 166, 154, 1.0)",0.10384193202578047,1.008804089376747,1.4560198146709762,71.11943562891057,13.239073458960945,True,False,True,False,True,8.099343558408556,0.0,0.0,0.0,0.0,0,0.9711565189580494,0.9781319678194642,False,False,False,False,0.2810852185925753,0.24851736702243732,False,False,False,False,-18667101,-38692748.996604934,False,False,False,False,3928581.4201965462,False,False,False,False
2023-04-06 00:00:00+00:00,1.18,1.18,1.13,1.15,2418886,,,,,,,,,,,,,,,,,,,,,,,,,,,,,,,,0.9821959583155675,0.9463849407497358,0.9994408049453841,1.017837960345225,1.0226251092092695,1.0063238588277954,0.9783458228319061,,,,,,,0.9821959583155675,1.0226251092092695,,0.9933077793178404,"rgba(0, 255, 255, 0.75)",0.1050124180044203,1.0103208417814402,1.615800887580909,72.06410613744436,14.265574122381196,True,False,True,False,True,9.057873966155793,0.0,0.0,0.0,0.0,0,0.9638533010894048,0.9885576277407894,False,False,False,False,0.2609803933635954,0.25474888019301634,False,False,False,False,-16248215,-37812571.1928165,False,False,False,False,3869377.678228054,False,False,False,False
2023-04-10 00:00:00+00:00,1.12,1.16,1.11,1.16,1337668,,,,,,,,,,,,,,,,,,,,,,,,,,,,,,,,0.984643508228126,0.9482703429553975,1.0001053046741615,1.018306344197387,1.023014129459802,1.0067068051163313,0.9787486855605815,,,,,,,0.984643508228126,1.023014129459802,,0.9942564457416837,"rgba(38, 166, 154, 1.0)",0.10544424771686949,1.0109856965064594,1.033857283388822,68.24792581454183,14.265574122381196,True,False,True,False,False,5.525987349555816,0.0,0.0,0.0,0.0,0,0.9500664672357992,0.9920568241503339,False,False,False,False,0.22964292816999252,0.24219590418150444,False,False,False,False,-17585883,-37019367.734274685,False,False,False,False,3770094.945748523,False,False,False,False
2023-04-11 00:00:00+00:00,1.28,1.34,1.18,1.2,13580709,,,,,,,,,,,,,,,,,,,,,,,,,,,,,,,,1.0252332855810422,0.9783291018890728,1.0132024918342724,1.0284076934541058,1.0316583686769722,1.0146298130947062,0.9863098373782156,,,,,,,1.0252332855810422,1.0316583686769722,,1.0111100845583412,"rgba(0, 255, 0, 1.0)",0.10936244397118833,1.0230781782209157,2.349269204762566,70.24608571068427,14.265574122381196,True,False,True,False,False,12.654164105844423,0.0,0.0,0.0,0.0,0,0.9566027721246557,0.9140885323070614,False,False,False,False,0.3428280772246299,0.29251199070306716,False,False,False,False,-4005174,-35724693.47018548,False,False,False,False,4154824.9086603457,False,False,False,False
2023-04-12 00:00:00+00:00,1.33,1.37,1.29,1.34,6221475,,,,,,,,,,,,,,,,,,,,,,,,,,,,,,,,1.044084548073192,0.9929079247919492,1.0201762433255628,1.0339242855759105,1.036429692400316,1.0189724505290172,0.9903955094961814,,,,,,,1.044084548073192,1.036429692400316,,1.0195558077417328,"rgba(0, 255, 0, 1.0)",0.11469476926737875,1.0292638124606117,2.6220566941314134,72.49081668383502,15.271757779072388,True,False,True,False,True,14.629340748776603,0.0,0.0,0.0,0.0,0,0.9991312179455623,0.9025998785635749,False,False,False,False,0.3428281026413312,0.31767004667219917,False,False,False,False,2216301,-34236811.33409978,False,False,False,False,4235870.010281509,False,False,False,False
2023-04-13 00:00:00+00:00,1.38,1.41,1.34,1.36,5573765,,,,,,,,,,,,,,,,,,,,,,,,,,,,,,,,1.0615469423327897,1.0066503139138203,1.0270707991829842,1.039450331805155,1.0412356892831347,1.0233313343882517,0.9944659665900785,,,,,,,1.0615469423327897,1.0412356892831347,,1.0276787682137447,"rgba(0, 255, 0, 1.0)",0.12140992140766815,1.0460135349797839,2.7508992769936977,74.79056410383528,17.688896487935594,True,False,True,False,True,16.519858789863214,0.0,0.0,0.0,0.0,0,1.0151709587436524,0.8932901062576519,False,False,False,False,0.34282811545527364,0.3302490810637364,False,False,False,False,7790066,-32588698.497468412,False,False,False,False,4288336.480466547,False,False,False,False
2023-04-14 00:00:00+00:00,1.36,1.41,1.32,1.38,5785677,,,,,,,,,,,,,,,,,,,,,,,,,,,,,,,,1.0771447216665626,1.01943356653741,1.0336885463283674,1.0447816202400357,1.0458901937697334,1.0275784226204667,0.9984571523787497,,,,,,,1.0771447216665626,1.0458901937697334,,1.035282031934475,"rgba(0, 255, 0, 1.0)",0.1268975610411726,1.0617004309743507,2.350711602162822,75.15848184491023,18.30494469051743,True,False,True,False,True,15.364841948545791,0.0,0.0,0.0,0.0,0,1.002333909563882,0.9032226815086265,False,False,False,False,0.3289946535286821,0.32962186729620924,False,False,False,False,2004389,-31232106.830901023,False,False,False,False,4347055.7165266825,False,False,False,False
2023-04-17 00:00:00+00:00,1.31,1.35,1.3,1.35,3434639,,,,,,,,,,,,,,,,,,,,,,,,,,,,,,,,1.0843742955281346,1.0256951372244931,1.036994926754652,1.0474449513846662,1.0482216521752021,1.0297308947648696,1.0005093387069286,,,,,,,1.0843742955281346,1.0482216521752021,,1.0389958852198493,"rgba(0, 255, 255, 0.75)",0.13052341755305696,1.063071553241418,1.891832526207085,72.67130119377164,18.30494469051743,True,False,True,False,True,12.54629873255956,0.0,0.0,0.0,0.0,0,0.9959135066328293,0.9154707238145066,False,False,False,False,0.2748006742355999,0.3022112707659046,False,False,False,False,-1430250,-30063406.563022554,False,False,False,False,4311274.668819753,False,False,False,False
2023-04-18 00:00:00+00:00,1.32,1.36,1.29,1.33,4119151,,,,,,,,,,,,,,,,,,,,,,,,,,,,,,,,1.092611511263521,1.0329501940983647,1.040906457399114,1.050610117147524,1.0509996447662404,1.03230009135673,1.0029615551698097,,,,,,,1.092611511263521,1.0509996447662404,,1.0433342244573292,"rgba(0, 255, 255, 0.75)",0.13411465152978205,1.0655589204317955,1.897190774206369,71.26310687273916,18.30494469051743,True,False,True,False,False,12.94133010523053,0.0,0.0,0.0,0.0,0,1.0184970038404688,0.8926011661828285,False,False,False,False,0.2748006742355999,0.2885059725007523,False,False,False,False,2688901,-28779002.344864804,False,False,False,False,4303740.40729741,False,False,False,False
2023-04-19 00:00:00+00:00,1.26,1.3,1.25,1.28,2746155,,,,,,,,,,,,,,,,,,,,,,,,,,,,,,,,1.0965965455132523,1.0367407968959779,1.042974026407001,1.052275399513491,1.0524640806549637,1.0336787532815037,1.004307075670185,,,,,,,1.0965965455132523,1.0524640806549637,,1.045576668276625,"rgba(38, 166, 154, 1.0)",0.1360492775325067,1.066149496857578,1.4248550720609647,67.29346861636851,23.84192250475317,True,False,True,False,False,9.662712550333776,0.0,0.0,0.0,0.0,0,1.005548786178968,0.8964974971125464,False,False,False,False,0.20917061693239553,0.2488382947165739,False,False,False,False,-57254,-27652659.272517167,False,False,False,False,4242658.62661908,False,False,False,False
2023-04-20 00:00:00+00:00,1.29,1.315,1.27,1.27,2483519,,,,,,,,,,,,,,,,,,,,,,,,,,,,,,,,1.1004807752211097,1.040374835087107,1.044987390282132,1.053907515315197,1.053901936729657,1.035024918953307,1.0056105730818359,,,,,,,1.1004807752211097,1.053901936729657,,1.0477554206671924,"rgba(0, 255, 255, 0.75)",0.13840715549382482,1.067303414389749,1.6089961882078185,65.569538276949,22.098489657227375,True,False,True,False,False,10.882318318303074,0.0,0.0,0.0,0.0,0,1.011944412688745,0.8854553238937248,False,False,False,False,0.23191243491213076,0.24037536481435234,False,False,False,False,2426265,-26473093.6147714,False,False,False,False,4173672.758908528,False,False,False,False
2023-04-21 00:00:00+00:00,1.29,1.31,1.25,1.27,4660948,,,,,,,,,,,,,,,,,,,,,,,,,,,,,,,,1.1070677857438103,1.046705483656684,1.048554569437112,1.056805993669868,1.0564613311611402,1.0374329667267277,1.0079549160451522,,,,,,,1.1070677857438103,1.0564613311611402,,1.0515690066343564,"rgba(0, 255, 255, 0.75)",0.14067824181058997,1.0693844161241075,1.5682281853716276,64.42025138400268,20.850073503056137,True,False,True,False,False,10.882318318303074,0.0,0.0,0.0,0.0,0,1.012011725762962,0.8888351814108723,False,False,False,False,0.2156455685451896,0.22801046667977098,False,False,False,False,2426265,-25339785.433799975,False,False,False,False,4192781.5918925074,False,False,False,False
2023-04-24 00:00:00+00:00,1.29,1.33,1.265,1.28,3735867,,,,,,,,,,,,,,,,,,,,,,,,,,,,,,,,1.1123418276163068,1.0517850143641907,1.0514758704279383,1.0591938056716255,1.0585752796705266,1.0394196029565412,1.0098839880135662,,,,,,,1.1123418276163068,1.0585752796705266,,1.054667912674385,"rgba(0, 255, 255, 0.75)",0.14306876872254015,1.0714240477834318,1.527768458261234,63.65406012203846,19.90028557820905,True,False,True,False,False,10.882318318303064,0.0,0.0,0.0,0.0,0,1.0264604785584923,0.8673117922103308,False,False,False,False,0.2384526331029353,0.23323154989135314,False,False,False,False,2426265,-24250920.71090586,False,False,False,False,4174863.3726026053,False,False,False,False
2023-04-25 00:00:00+00:00,1.27,1.295,1.26,1.27,1954663,,,,,,,,,,,,,,,,,,,,,,,,,,,,,,,,1.1146956203414136,1.0541489541383982,1.0528536356925857,1.0603198143802135,1.0595741609919067,1.0403664909224342,1.010812933768996,,,,,,,1.1146956203414136,1.0595741609919067,,1.0561102300337069,"rgba(38, 166, 154, 1.0)",0.14493444733818497,1.0722698030765798,1.3642733011707249,61.96348389192638,18.049586755377348,True,False,True,False,False,9.76162149878606,0.0,0.0,0.0,0.0,0,1.0280440046452708,0.8675949918296109,False,False,False,False,0.21240589933998802,0.2228187246156706,False,False,False,False,471602,-23281410.016360536,False,False,False,False,4087796.691324072,False,False,False,False
2023-04-26 00:00:00+00:00,1.29,1.31,1.28,1.28,2490871,,,,,,,,,,,,,,,,,,,,,,,,,,,,,,,,1.1179301354134323,1.057333909478478,1.0547278128940842,1.061858890975354,1.0609409712247162,1.041655582042515,1.0120688153446808,,,,,,,1.1179301354134323,1.0609409712247162,,1.0580737310533228,"rgba(38, 166, 154, 1.0)",0.14712893581806008,1.0736185095613668,1.4706929621662659,61.65064557292653,17.482563638476336,True,False,True,False,False,10.618889801074609,0.0,0.0,0.0,0.0,0,1.0377243319368148,0.8576252195359939,False,False,False,False,0.23518006445373155,0.22899939453470108,False,False,False,False,2962473,-22252238.133366004,False,False,False,False,4025172.154409403,False,False,False,False
2023-04-27 00:00:00+00:00,1.29,1.34,1.24,1.34,3138675,,,,,,,,,,,,,,,,,,,,,,,,,,,,,,,1.29,1.1217684328980122,1.0611733874240339,1.0570158012654605,1.0637420116375187,1.0626162768460137,1.0432400729883031,1.0136169381666738,,,,,,,1.1217684328980122,1.0626162768460137,,1.0891466151532518,"rgba(38, 166, 154, 1.0)",0.14924288616302672,1.0821106276672958,1.3929600108752556,61.44208669359329,16.952869720946453,True,False,True,False,False,10.618889801074609,0.0,0.0,0.0,0.0,0,1.0304459380466304,0.8506503309334212,False,False,False,False,0.22864966368169565,0.22882452910819837,False,False,False,False,2962473,-21263425.932057533,False,False,False,False,3990407.560118838,False,False,False,False
2023-04-28 00:00:00+00:00,1.28,1.33,1.265,1.29,3145673,,,,,,,,,,,,,,,,,,,,,,,,,,,,,,,1.2908342613001913,1.1254836791365832,1.0649234678386055,1.0592807596996205,1.0656120700371094,1.0642830367808618,1.0448185288451919,1.0151605570853164,,,,,,,1.1254836791365832,1.0642830367808618,,1.091299545090435,"rgba(38, 166, 154, 1.0)",0.15105501225688542,1.0837864786087363,1.2989540595818252,60.602255118397196,15.806936360842556,True,False,True,False,False,10.037134860987656,0.0,0.0,0.0,0.0,0,1.0415293472484375,0.8487929964507004,False,False,False,False,0.2384526331029353,0.23363858110556684,False,False,False,False,-183200,-20436750.40531018,False,False,False,False,3957280.714623982,False,False,False,False
2023-05-01 00:00:00+00:00,1.29,1.32,1.26,1.29,3484615,,,,,,,,,,,,,,,,,,,,,,,,,,,,,,,1.2905366780827539,1.1293746156618794,1.068908173334507,1.0617216264574783,1.0676331114349207,1.0660879680768587,1.046532159361072,1.0168404255286698,,,,,,,1.1293746156618794,1.0660879680768587,,1.0934543447422675,"rgba(38, 166, 154, 1.0)",0.1530276621287029,1.0855333274834162,1.3361419084127317,60.54231393550491,15.394845113604063,True,False,True,False,False,10.484445109893137,0.0,0.0,0.0,0.0,0,1.0589164615120712,0.8482071862919558,False,False,False,False,0.22864966368169565,0.23114412239363125,False,False,False,False,3301415,-19505841.958043113,False,False,False,False,3938744.8042465714,False,False,False,False
2023-05-02 00:00:00+00:00,1.39,1.41,1.29,1.29,6316839,,,,,,,,,,,,,,,,,,,,,,,,,,,,,,,1.3191236736802636,1.138992902257965,1.0780633575035103,1.0673971167246734,1.0723836044125985,1.070335203468062,1.0504957921350093,1.0206375080215242,,,,,,,1.138992902257965,1.070335203468062,,1.102178644775451,"rgba(0, 255, 255, 0.75)",0.15709462279693592,1.0921078080696247,1.8962596340133004,64.28265564857304,15.394845113604063,True,False,True,False,True,14.719822600000487,0.0,0.0,0.0,0.0,0,1.06733014067179,0.8216451008070599,False,False,False,False,0.30846832443368527,0.26980622341365823,False,False,False,False,9618254,-18363720.547923777,False,False,False,False,4032003.400158471,False,False,False,False
2023-05-03 00:00:00+00:00,1.42,1.45,1.385,1.41,5241533,,,,,,,,,,,,,,,,,,,,,,,,,,,,,,,1.343506031109841,1.1482076382126765,1.086622117305202,1.0727923872213159,1.0769346107286124,1.074412833500429,1.0542753043941242,1.0242212272312952,,,,,,,1.1482076382126765,1.074412833500429,,1.110121518712937,"rgba(0, 255, 255, 0.75)",0.16181089777217633,1.098516255185231,1.9867867321730455,67.58935562627454,12.708802059034035,True,False,True,False,True,15.907384025708438,0.0,0.0,0.0,0.0,0,1.096056028880332,0.8008263593778283,False,False,False,False,0.34282812571731325,0.30631717456548574,False,False,False,False,14859787,-17060837.89898559,False,False,False,False,4079435.93348559,False,False,False,False
2023-05-04 00:00:00+00:00,1.39,1.47,1.33,1.44,10219389,,,,,,,,,,,,,,,,,,,,,,,,,,,,,,,1.3607271287503577,1.1632217655588606,1.101116032312401,1.0822178272858949,1.0849301673687435,1.081610399221445,1.0609997252308594,1.0306517798847505,,,,,,,1.1632217655588606,1.081610399221445,,1.1206843532016642,"rgba(0, 255, 255, 0.75)",0.16551484124958016,1.1078017220683756,1.7049726526100277,67.64728878708038,12.831041975733136,True,False,True,False,True,14.115909128852483,0.0,0.0,0.0,0.0,1,1.0897343700367743,0.7934847317840882,False,False,False,False,0.3204683938001513,0.3133927841828185,False,False,False,False,4640398,-16209809.04020184,False,False,False,False,4320218.406682233,False,False,False,False
2023-05-05 00:00:00+00:00,1.39,1.4,1.32,1.33,2484793,,,,,,,,,,,,,,,,,,,,,,,,,,,,,,,1.361404182481786,1.1662159651953308,1.104137954211244,1.0842398781818354,1.0866530131611587,1.0831680866011082,1.0624682703702888,1.032070435920141,,,,,,,1.1662159651953308,1.0831680866011082,,1.1225447232653614,"rgba(0, 255, 255, 0.75)",0.16901804842055101,1.1095179188797772,1.659480059918374,67.68591089428426,13.04488767702221,True,False,True,False,True,14.115909128852483,0.0,0.0,0.0,0.0,1,1.0881673544372088,0.8085559662724318,False,False,False,False,0.27046475534721126,0.2919287697650149,False,False,False,False,4640398,-15392153.86215471,False,False,False,False,4248240.939753518,False,False,False,False
2023-05-08 00:00:00+00:00,1.42,1.44,1.39,1.41,2298655,,,,,,,,,,,,,,,,,,,,,,,,,,,,,,,1.364900708333191,1.1695265352524487,1.1073538342844524,1.086386690208445,1.0884878156264528,1.0848261977247495,1.0640187047564464,1.0335520796969504,,,,,,,1.1695265352524487,1.0848261977247495,,1.124881570735392,"rgba(0, 255, 255, 0.75)",0.17309418611977784,1.1116074018015554,1.7816461957020489,68.73280989076284,14.255145453499566,True,False,True,False,True,15.340080111372863,0.0,0.0,0.0,0.0,1,1.1091714987953032,0.798995657656375,False,False,False,False,0.3396140753054589,0.31577142253523693,False,False,False,False,6939053,-14516420.25971727,False,False,False,False,4171786.5891749496,False,False,False,False
2023-05-09 00:00:00+00:00,1.46,1.48,1.4105,1.42,3723529,,,,,,,,,,,,,,,,,,,,,,,,,,,,,,,1.372827323368528,1.175409689123713,1.1129742529035316,1.09015284466556,1.091716069360422,1.0877450671218234,1.0667374775735328,1.0361358410681685,,,,,,,1.175409689123713,1.0877450671218234,,1.12921232064816,"rgba(0, 255, 255, 0.75)",0.1779470114671497,1.1341956897034469,1.830906333353617,70.62030825803357,16.223175455087542,True,False,True,False,True,16.92867318696127,0.0,0.0,0.0,0.0,1,1.1079953311934638,0.792121097169536,False,False,False,False,0.3428281316375305,0.3292997770863837,False,False,False,False,10662582,-13529008.406395026,False,False,False,False,4154207.8601876968,False,False,False,False
2023-05-10 00:00:00+00:00,1.47,1.47,1.4301,1.47,3065208,,,,,,,,,,,,,,,,,,,,,,,,,,,,,,,1.3787896077897828,1.180181571413657,1.1175515243961975,1.0932503269348754,1.0943782904177892,1.0901557964263675,1.0689846550418232,1.0382720504842382,,,,,,,1.180181571413657,1.0901557964263675,,1.1326954778630913,"rgba(0, 255, 255, 0.75)",0.18273165519145504,1.1374079500266752,1.8201118444686293,72.1564099765035,17.809336020931553,True,False,True,False,True,17.32047425288652,0.0,0.0,0.0,0.0,0,1.1125051178569338,0.8017488448265777,False,False,False,False,0.34282813260674955,0.3360639548465666,False,False,False,False,13727790,-12460114.35124228,False,False,False,False,4111501.9833175912,False,False,False,False
2023-05-11 00:00:00+00:00,1.4,1.448,1.34,1.44,3535634,,,,,,,,,,,,,,,,,,,,,,,,,,,,,,,1.3800938676525742,1.1843236154286034,1.1217638951702549,1.0961728455753204,1.0968948177929836,1.0924436164009839,1.0711439541518755,1.0403557481788324,,,,,,,1.1843236154286034,1.0924436164009839,,1.1353990450439284,"rgba(38, 166, 154, 1.0)",0.18567276980927613,1.1388805854095227,1.4063420008151983,68.15565090546966,17.809336020931553,True,False,True,False,False,13.075911347936437,0.0,0.0,0.0,0.0,0,1.0665751936654946,0.8185976045507817,False,False,False,False,0.2759592377099286,0.3060115962782476,False,False,False,False,10192156,-11571790.023742583,False,False,False,False,4088918.925148274,False,False,False,False
2023-05-12 00:00:00+00:00,1.42,1.43,1.34,1.35,2679688,,,,,,,,,,,,,,,,,,,,,,,,,,,,,,,1.3809940525697055,1.187368069528741,1.124880104733483,1.0983553756082065,1.0987785069299103,1.0941586609115792,1.072764923820183,1.041921831445071,,,,,,,1.187368069528741,1.0941586609115792,,1.13740269069336,"rgba(38, 166, 154, 1.0)",0.18872546095005463,1.1403172756588629,1.4819554443433252,66.27538261484686,20.954862617777835,True,False,True,False,False,13.894975186195499,0.0,0.0,0.0,0.0,0,1.0636166680734924,0.823668439267325,False,False,False,False,0.2654566755146907,0.2857341358964691,False,False,False,False,12871844,-10613216.140458561,False,False,False,False,4033654.967299322,False,False,False,False
2023-05-15 00:00:00+00:00,1.41,1.44,1.39,1.42,2581834,,,,,,,,,,,,,,,,,,,,,,,,,,,,,,,1.382602314956523,1.1904469931433155,1.1279964781594722,1.1005442475652778,1.1006714493837166,1.0958829229090823,1.0743910842309208,1.0434880411026786,,,,,,,1.1904469931433155,1.0958829229090823,,1.1395029414313733,"rgba(38, 166, 154, 1.0)",0.19159439554330232,1.14210519629895,1.3982392488119675,64.36427528668,19.180337428600325,True,False,True,False,False,13.299095865759682,0.0,0.0,0.0,0.0,0,1.0746956790644064,0.8275280425065362,False,False,False,False,0.3007024611764731,0.2932182985364711,False,False,False,False,10290010,-9793481.782009207,False,False,False,False,3976720.8117189566,False,False,False,False
2023-05-16 00:00:00+00:00,1.36,1.41,1.35,1.38,1873205,,,,,,,,,,,,,,,,,,,,,,,,,,,,,,,1.382279523761895,1.1922372823947178,1.1299045861258803,1.1019127324183788,1.101856755204918,1.0969661469868766,1.0754231357676727,1.0444941271647799,,,,,,,1.1922372823947178,1.0969661469868766,,1.1406342862281398,"rgba(38, 166, 154, 1.0)",0.1934999279930954,1.1428736862310829,1.1221002303249688,60.105586954970235,15.237608994888973,False,False,True,False,False,10.379136631764815,0.0,0.0,0.0,0.0,0,1.0723534533606718,0.8299019745527062,False,False,False,False,0.2596466881173196,0.27643249332689535,False,False,False,False,8416805,-9079352.888597082,False,False,False,False,3894229.9955731155,False,False,False,False
2023-05-17 00:00:00+00:00,1.32,1.36,1.3,1.35,1800742,,,,,,,,,,,,,,,,,,,,,,,,,,,,,,,1.3804780417346671,1.1934905232805668,1.1313647875188928,1.10299142355019,1.102792325646752,1.0978250302970725,1.0762542031046345,1.0453190896650861,,,,,,,1.1934905232805668,1.0978250302970725,,1.141314428099733,"rgba(38, 166, 154, 0.5)",0.19484284211724096,1.1430947134926608,0.9079383393560422,55.28616844237271,10.896669119731293,False,False,False,False,False,8.134904152692702,0.0,0.0,0.0,0.0,0,1.0687426556991775,0.83089922220357,False,False,False,False,0.20241298560374013,0.23942273946531772,False,False,False,False,6616063,-8463846.383161904,False,False,False,False,3812132.427119268,False,False,False,False
2023-05-18 00:00:00+00:00,1.29,1.31,1.26,1.3,3350273,,,,,,,,,,,,,,,,,,,,,,,,,,,,,,,1.3751456325516578,1.1950790905646629,1.1334798415719127,1.1046170037029315,1.1042050623559476,1.099129661810766,1.0775411983881027,1.046624765068066,,,,,,,1.1950790905646629,1.099129661810766,,1.1419777820017558,"rgba(38, 166, 154, 0.5)",0.19569269752104398,1.1428659830417953,0.751862582620808,50.753047624556736,6.917737960584354,False,True,False,False,False,6.4955041816759795,0.0,0.0,0.0,0.0,0,1.0609514784983696,0.8399431453972854,False,False,False,False,0.1520086160471024,0.19571567775621007,False,False,False,False,3265790,-8003860.642645751,False,False,False,False,3794020.2927224343,False,False,False,False
2023-05-19 00:00:00+00:00,1.3,1.35,1.29,1.29,1996382,,,,,,,,,,,,,,,,,,,,,,,,,,,,,,,1.3731205634493704,1.196268389940557,1.1349276691569372,1.1057119511889326,1.1051581492692995,1.1000078675287521,1.0783974831891656,1.0474817928665723,,,,,,,1.196268389940557,1.1000078675287521,,1.1426342333236983,"rgba(38, 166, 154, 0.5)",0.19643912054190996,1.1431731235788885,0.7983484959028456,48.330279519794566,4.910479729293982,False,True,False,True,False,6.9519297927616,0.0,0.0,0.0,0.0,0,1.067229701480057,0.8385037767929313,False,False,False,False,0.19113278193829344,0.19342422984725177,False,False,False,False,5262172,-7483624.06842435,False,False,False,False,3723524.6733999862,False,False,False,False
2023-05-22 00:00:00+00:00,1.3,1.35,1.29,1.29,2283076,,,,,,,,,,,,,,,,,,,,,,,,,,,,,,,1.3709614469502034,1.1975994925922535,1.1365551035020083,1.106950142941385,1.1062375129903688,1.1010034042588774,1.0793691447710454,1.0484551692873598,,,,,,,1.1975994925922535,1.1010034042588774,,1.1433914271616876,"rgba(38, 166, 154, 0.5)",0.19743728977727165,1.1435834219732939,0.7922342238548715,46.71510078328645,3.535664404919757,False,True,False,True,False,6.9519297927616,0.0,0.0,0.0,0.0,0,1.0658077414338867,0.8363691897595379,False,False,False,False,0.19113278193829344,0.19227850589277262,False,False,False,False,5262172,-6983788.92848614,False,False,False,False,3667036.4901293986,False,False,False,False
2023-05-23 00:00:00+00:00,1.25,1.29,1.23,1.28,2839160,,,,,,,,,,,,,,,,,,,,,,,,,,,,,,,1.3660491466598124,1.1984230661654063,1.1379023599639475,1.1080523066423025,1.107201229138682,1.1019015712787952,1.080276359212164,1.0493988887915124,,,,,,,1.1984230661654063,1.1019015712787952,,1.1436506159815778,"rgba(38, 166, 154, 0.5)",0.19791894912216304,1.1432927392391543,0.5391462577692949,43.35955929586534,0.4372103103868952,False,True,False,True,False,4.204548682284621,0.0,0.0,0.0,0.0,0,1.0538448688679771,0.851773484046996,False,False,False,False,0.12434960593683515,0.15831405591480388,False,False,False,False,2423012,-6614894.774427861,False,False,False,False,3634570.745418442,False,False,False,False
2023-05-24 00:00:00+00:00,1.21,1.25,1.19,1.25,4539061,,,,,,,,,,,,,,,,,,,,,,,,,,,,,,,1.3564446743690795,1.1988208694047136,1.1392899209117135,1.109315757191841,1.1083110293076104,1.1029505559094586,1.081383055942432,1.0506022361125864,,,,,,,1.1988208694047136,1.1029505559094586,,1.1433897623936793,#000000,0.19810841550902178,1.1421599292727922,0.34243911624298645,39.637877194860266,-2.9924001208765105,False,True,False,True,False,2.0947149030673273,0.0,0.0,0.0,0.0,0,1.0410038588601096,0.8565836595319398,False,False,False,False,0.08046837166743924,0.11939121379112155,False,False,False,False,-2116049,-6438469.449940494,False,False,False,False,3670040.9514804636,False,False,False,False
2023-05-25 00:00:00+00:00,1.17,1.2,1.13,1.2,2976334,,,,,,,,,,,,,,,,,,,,,,,,,,,,,,1.1666666666666665,1.3487674997016847,1.1983676112657908,1.1396025519447852,1.109749894302448,1.10869640884187,1.1033301584116355,1.0818344145835719,1.051147177276438,,,,,,,1.1983676112657908,1.1033301584116355,,1.1453513758883211,#000000,0.19807099593486766,1.1473454029709964,0.1143761453920952,35.8912867708803,-6.428661646767075,False,True,False,True,False,0.05462410863703937,0.0,0.0,0.0,0.0,0,1.0265310082892074,0.8698954839067395,False,False,False,False,0.02059902344904648,0.06999511862008402,False,False,False,False,-5092383,-6385681.74602126,False,False,False,False,3642836.7573047597,False,False,False,False
2023-05-26 00:00:00+00:00,1.15,1.18,1.13,1.17,3815701,,,,,,,,,,,,,,,,,,,,,,,,,,,,,1.1533333333333333,1.159176126153649,1.3391316507072186,1.1975682090508424,1.1398006709687551,1.1101687904998556,1.1090711499479409,1.1037091814213515,1.0823162642881021,1.0517585821657718,,,,,,,1.1975682090508424,1.1037091814213515,,1.1446033958536819,#000000,0.19785008558898146,1.1518901915685524,-0.009553655551503039,32.81701824531116,-9.244569715486499,False,True,False,True,False,0.0,0.0,0.0,0.0,0.0,0,1.0278708034651685,0.8656832083252608,False,False,False,False,-0.01247871970478633,0.028758199457648848,False,False,False,False,-8908084,-6484599.481471406,False,False,False,False,3649615.7472143774,False,False,False,False
2023-05-30 00:00:00+00:00,1.16,1.18,1.14,1.17,2370711,,,,,,,,,,,,,,,,,,,,,,,,,,,,,1.155888083970698,1.1593892900665368,1.3338073578971401,1.1971583982433593,1.1399801427538172,1.1104645950963377,1.1093354186960545,1.1039730388596367,1.0826401798795882,1.0521594702395798,,,,,,,1.1971583982433593,1.1039730388596367,,1.144479597570275,#000000,0.1974292688214873,1.1511543647357043,0.04480407245135319,31.559797000369137,-10.438116984960004,False,True,False,True,False,0.0,0.0,0.0,0.0,0.0,0,1.029557901868895,0.883575179267122,False,False,False,False,-0.027792463815801506,0.0004828678209236707,False,False,False,False,-6537373,-6486669.031217625,False,False,False,False,3599462.6198726376,False,False,False,False
2023-05-31 00:00:00+00:00,1.22,1.24,1.14,1.15,3429194,,,,,,,,,,,,,,,,,,,,,,,,,,,,,1.1716196268163788,1.1704489046167628,1.3282916478554898,1.1972025390623495,1.1407417334368812,1.1112268471002773,1.1100108567032525,1.1046197401376145,1.0833437754685902,1.052947270634248,,,,,,,1.1972025390623495,1.1046197401376145,,1.1470452941831843,#000000,0.1972069909218945,1.151941165767242,0.345113699644214,34.88964663586494,-10.438116984960004,False,True,False,True,False,2.5614164508570276,0.0,0.0,0.0,0.0,0,1.012757523309698,0.8703869130701802,False,False,False,False,0.008137950269670543,0.004310409045297107,False,False,False,False,-3108179,-6354179.226071836,False,False,False,False,3592785.4190933183,False,False,False,False
2023-06-01 00:00:00+00:00,1.24,1.3,1.225,1.24,4559287,,,,,,,,,,,,,,,,,,,,,,,,,,,,,1.1984385277781873,1.1929250055987248,1.3244835482768156,1.198372072696819,1.1426373629580768,1.1128360035582272,1.1114328832022151,1.1059542902593071,1.0847012137778551,1.0543687031321658,,,,,,,1.198372072696819,1.1059542902593071,,1.1526149611238394,#000000,0.1968916136831085,1.1548319090580017,0.43256332430224237,38.29208258945448,-10.438116984960004,False,True,False,True,True,3.526316164863456,0.0,0.0,0.0,0.0,0,1.0334183107958324,0.8529150964309465,False,False,False,False,0.09154493033254106,0.04792766968891908,False,False,False,False,1451108,-6048089.530931764,False,False,False,False,3630687.441873973,False,False,False,False
2023-06-02 00:00:00+00:00,1.23,1.28,1.23,1.24,1786657,,,,,,,,,,,,,,,,,,,,,,,,,,,,,1.2038369472263033,1.1979951557241912,1.3229307392137133,1.1987520140402048,1.1433093352630601,1.1134204163671806,1.1119506517756828,1.1064419455017436,1.0852015747681927,1.0548973733444378,,,,,,,1.1987520140402048,1.1064419455017436,,1.1538736153224711,#000000,0.19636838750371838,1.155475452180703,0.3795139776145786,40.074778247431865,-18.162815302878645,False,True,False,True,True,2.9962502471916785,0.0,0.0,0.0,0.0,0,1.0342565190686246,0.8647886537495113,False,False,False,False,0.0698362394085492,0.05888195454873414,False,False,False,False,-335549,-5824068.333640322,False,False,False,False,3558372.522584798,False,False,False,False
2023-06-05 00:00:00+00:00,1.23,1.26,1.23,1.23,859481,,,,,,,,,,,,,,,,,,,,,,,,,,,,,1.205684720811703,1.1998187502057305,1.3221422317160512,1.1989075301468897,1.1436088566990743,1.1136857617279357,1.11218606117666,1.1066642367406154,1.0854312836296292,1.0551418536304964,,,,,,,1.1989075301468897,1.1066642367406154,,1.1543271286484786,#000000,0.19567070261810465,1.155696834999508,0.3797357703851622,41.26324201941679,-16.850500407345137,False,True,False,True,True,2.9962502471916785,0.0,0.0,0.0,0.0,0,1.0232258786657713,0.8723695992836356,False,False,False,False,0.03879277060708676,0.04883736257791045,False,False,False,False,-335549,-5608832.2813407015,False,False,False,False,3452533.6393461786,False,False,False,False
2023-06-06 00:00:00+00:00,1.22,1.24,1.2,1.22,1242703,,,,,,,,,,,,,,,,,,,,,,,,,,,,,1.2066695471157847,1.2010107282764804,1.320757081304045,1.1990218890737259,1.1439494817679114,1.1140070212433135,1.112471885725022,1.1069363228897455,1.0857193918015915,1.0554560811132538,,,,,,,1.1990218890737259,1.1069363228897455,,1.1545999430310876,#000000,0.19463715031072756,1.1557658185500548,0.3300201495315711,41.50835028764959,-16.3144283693685,False,True,False,True,True,2.4518798899821235,0.0,0.0,0.0,0.0,0,1.0090620879275032,0.8886176808910586,False,False,False,False,-0.023063106279174524,0.012887128149367964,False,False,False,False,-1578252,-5450770.3095234195,False,False,False,False,3365873.6142737796,False,False,False,False
2023-06-07 00:00:00+00:00,1.16,1.2599,1.15,1.22,3485237,,,,,,,,,,,,,,,,,,,,,,,,,,,,,1.2039680957588803,1.199441281040134,1.315965029925538,1.1988862600425054,1.1445178388208024,1.1146453544169006,1.1130438184396794,1.1074916220143942,1.0863416078755899,1.0561713013479122,,,,,,,1.1988862600425054,1.1074916220143942,,1.1540472209682338,#000000,0.19300203624001602,1.1550702221803593,0.02554262077064316,38.88736626666045,-16.3144283693685,False,True,False,True,True,0.0,0.0,0.0,0.0,0.0,0,0.9924458620110793,0.9001454871020088,False,False,False,False,-0.1136202948364711,-0.05036658334355157,False,False,False,False,-5063489,-5435582.807189168,False,False,False,False,3370554.5313610826,False,False,False,False
2023-06-08 00:00:00+00:00,1.18,1.21,1.18,1.18,2370637,,,,,,,,,,,,,,,,,,,,,,,,,,,,,1.2025837384305518,1.1986091164644839,1.3129020963238462,1.1987966404179569,1.1448967537785364,1.1150736384386968,1.1134282101605861,1.107865258938,1.0867607430682593,1.0566535793295697,,,,,,,1.1987966404179569,1.107865258938,,1.1537569775350487,#000000,0.19101029411436785,1.1546682804116462,0.13261965647352159,38.643420353959065,-16.3144283693685,False,True,False,True,True,0.31885785301542313,0.0,0.0,0.0,0.0,0,0.9753833965253806,0.9244524927847887,False,False,False,False,-0.16662214728074842,-0.10849436531215,False,False,False,False,-2692852,-5328024.7363190055,False,False,False,False,3331342.079150844,False,False,False,False
2023-06-09 00:00:00+00:00,1.15,1.2,1.15,1.19,2447722,,,,,,,,,,,,,,,,,,,,,,,,,,,,,1.19924949841717,1.1959446149521977,1.3093205689311633,1.1984655149948626,1.145082420714578,1.115374639989428,1.113701371319022,1.1081389184740045,1.0870929558242712,1.0570614069245516,,,,,,,1.1984655149948626,1.1081389184740045,,1.152943191054125,#000000,0.1882752086372155,1.1538839535577594,-0.020629128953687306,37.19823897403879,-16.3144283693685,False,True,False,True,True,0.0,0.0,0.0,0.0,0.0,0,0.9499179446550847,0.9329409767415541,False,False,False,False,-0.2068199000343322,-0.1576571326732411,False,False,False,False,-5140574,-5320673.727051594,False,False,False,False,3296690.3113410072,False,False,False,False
2023-06-12 00:00:00+00:00,1.13,1.16,1.11,1.15,3093429,,,,,,,,,,,,,,,,,,,,,,,,,,,,,1.1923281907672507,1.189973563406766,1.3040368913744247,1.1976281093111774,1.1449571342643965,1.115506083793284,1.1138278531654906,1.1082862373188413,1.0873346470134353,1.0574170751850431,,,,,,,1.1976281093111774,1.1082862373188413,,1.1511295785600109,#000000,0.18526000727489764,1.1523007156772047,-0.12037522833578405,35.447325303966544,-16.3144283693685,False,True,False,True,False,0.0,0.0,0.0,0.0,0.0,0,0.9412632654219397,0.9441007888315079,False,False,False,False,-0.2893839060332598,-0.22352051935325046,False,False,False,False,-8234003,-5434921.933833885,False,False,False,False,3288719.2795237126,False,False,False,False
2023-06-13 00:00:00+00:00,1.12,1.16,1.11,1.14,2291395,,,,,,,,,,,,,,,,,,,,,,,,,,,,,1.1878302752972287,1.1860164915261118,1.300250688999442,1.1969901237247427,1.1448399170885644,1.1155842398680806,1.1139046643281587,1.108379879591501,1.0874991964491048,1.057666923910557,,,,,,,1.1969901237247427,1.108379879591501,,1.149896240078349,#000000,0.1824244908878062,1.1511964168794497,-0.17101002572420987,33.89148522015973,-16.3144283693685,False,True,False,True,False,0.0,0.0,0.0,0.0,0.0,0,0.943781747617145,0.9437817476171452,False,False,False,False,-0.2893839060332598,-0.25645221269325513,False,False,False,False,-10525398,-5634548.446232556,False,False,False,False,3249608.523463959,False,False,False,False
2023-06-14 00:00:00+00:00,1.1,1.15,1.09,1.15,2252850,,,,,,,,,,,,,,,,,,,,,,,,,,,,,1.1828948123958463,1.181588737913341,1.2963363973384643,1.1962213339465722,1.144599013616625,1.1155723693305697,1.1139020087844187,1.1084007937192013,1.0875967860747753,1.0578546829594009,,,,,,,1.1962213339465722,1.1084007937192013,,1.1484966936079215,#000000,0.17945541691311265,1.1499583938362334,-0.2783888873102216,32.09181756196857,-11.63124075006182,False,True,False,True,False,0.0,0.0,0.0,0.0,0.0,0,0.9380475415917587,0.9437833518819736,False,False,False,False,-0.34282825441539394,-0.29964023355432456,False,False,False,False,-12778248,-5914693.526772456,False,False,False,False,3210519.953916353,False,False,False,False
2023-06-15 00:00:00+00:00,1.08,1.1,1.07,1.09,2725251,,,,,,,,,,,,,,,,,,,,,,,,,,,,,1.1755077136573107,1.1748450047866532,1.2910738148122196,1.1949801759235128,1.1440375330709502,1.1153680039085712,1.1137310932701574,1.1082734129956415,1.0875773921671443,1.0579582186090306,,,,,,,1.1949801759235128,1.1082734129956415,,1.1463352363201191,#000000,0.17727520062534513,1.1480831227897332,-0.38405328297227875,30.17434574615917,-13.700035944211074,False,True,False,True,False,0.0,0.0,0.0,0.0,0.0,0,0.9200415668388996,0.9720001154634413,False,False,False,False,-0.34282825441539394,-0.3212342439848592,False,False,False,False,-15503499,-6290725.11395785,False,False,False,False,3191489.7988608098,False,False,False,False
2023-06-16 00:00:00+00:00,1.11,1.14,1.07,1.08,9117155,,,,,,,,,,,,,,,,,,,,,,,,,,,,,1.1618180745746234,1.1621136485784458,1.2769953982420013,1.1918470926643456,1.1429258318452482,1.115187307117812,1.1136013794721773,1.1082465550609417,1.0878635376055705,1.0586115090893735,,,,,,,1.1918470926643456,1.1082465550609417,,1.141921033425054,#000000,0.17553564292968632,1.143917768850182,-0.1932243975302968,31.618086683417467,-13.700035944211074,False,True,False,True,False,0.0,0.0,0.0,0.0,0.0,0,0.9147604970869326,0.9606807680165311,False,False,False,False,-0.3027646240217175,-0.31199943400328833,False,False,False,False,-6386344,-6294474.874194797,False,False,False,False,3423868.8263564645,False,False,False,False
2023-06-20 00:00:00+00:00,1.07,1.1,1.03,1.1,3576434,,,,,,,,,,,,,,,,,,,,,,,,,,,,,1.1549326787241936,1.1555991701103254,1.2708796406008582,1.1901289080437276,1.1420462034129788,1.1147952418957214,1.1132657366347032,1.1079756849733573,1.0877396254822451,1.058653667865215,,,,,,,1.1901289080437276,1.1079756849733573,,1.1396016557743327,#000000,0.1740992662583944,1.141791314565506,-0.41235851309651644,30.97196279848432,-13.700035944211074,False,True,False,True,False,0.0,0.0,0.0,0.0,0.0,0,0.90410608086959,0.96670745240873,False,False,False,False,-0.34282825441539394,-0.32741384420934116,False,False,False,False,-9962778,-6438329.898736178,False,False,False,False,3429851.7743424857,False,False,False,False
2023-06-21 00:00:00+00:00,1.05,1.07,1.02,1.07,2165253,,,,,,,,,,,,,,,,,,,,,,,,,,,,,1.1503886312211795,1.1512765353293615,1.267000888235201,1.1889465869186948,1.141384751080424,1.1144635765250837,1.1129786363775633,1.1077348325393903,1.08759477426734,1.0586158053911885,,,,,,,1.1889465869186948,1.1077348325393903,,1.1380385017885426,"rgba(239, 83, 80, 0.5)",0.1723856230601538,1.1403661175396604,-0.5242091302946258,29.834567272890233,-14.631812363775275,False,True,False,True,False,0.0,0.0,0.0,0.0,0.0,0,0.9121426322868672,0.9751023094754314,False,False,False,False,-0.34282825441539394,-0.3351210493123675,False,False,False,False,-12128031,-6661455.432119073,False,False,False,False,3380259.6655447413,False,False,False,False
2023-06-22 00:00:00+00:00,1.05,1.06,1.01,1.03,2062314,,,,,,,,,,,,,,,,,,,,,,,,,,,,1.04,1.146145387374186,1.147223978465562,1.2633212301417265,1.1877865312399787,1.1407194734341632,1.1141198984880438,1.1126802164846152,1.107482331658074,1.0874354377917985,1.0585599684249827,,,,,,,1.1877865312399787,1.107482331658074,,1.127770404863921,"rgba(239, 83, 80, 0.5)",0.16997283665338878,1.140844456790979,-0.5344645566881394,29.07630358916084,-15.631619135738426,False,True,False,True,False,0.0,0.0,0.0,0.0,0.0,0,0.9016334265860482,1.0370002707336883,True,False,False,False,-0.34282825441539394,-0.33897465186388076,False,False,False,False,-12128031,-6875830.944584993,False,False,False,False,3328575.521797889,False,False,False,False
2023-06-23 00:00:00+00:00,1.06,1.07,1.01,1.06,4013806,,,,,,,,,,,,,,,,,,,,,,,,,,,1.0466666666666666,1.044403913462319,1.1392211389828522,1.1405681866069028,1.2566951054809976,1.1856793385210815,1.1395334526626575,1.1135193770791998,1.1121589929337399,1.107044276957809,1.0871715224644718,1.0584909418855568,,,,,,,1.1856793385210815,1.107044276957809,,1.1192627428086879,#000000,0.16735536449491184,1.1393846763401771,-0.4743479635670158,29.571034706631615,-15.631619135738426,False,True,False,True,False,0.0,0.0,0.0,0.0,0.0,0,0.8703821752724402,1.0464438575721702,True,False,False,False,-0.333931705698901,-0.3364531787813909,False,False,False,False,-8114225,-6924395.417346366,False,False,False,False,3355447.305256795,False,False,False,False
2023-06-26 00:00:00+00:00,1.08,1.1,1.045,1.06,2073736,,,,,,,,,,,,,,,,,,,,,,,,,,,1.0563184856328987,1.0521891069813585,1.1369918115309676,1.1384001169778593,1.253868772176293,1.18483202877664,1.1391157355639001,1.1133430134352906,1.112008025266421,1.1069254685287406,1.0871309502322384,1.0585402970661153,,,,,,,1.18483202877664,1.1069254685287406,,1.1199719843473934,#000000,0.16410014606556053,1.1393571728502976,-0.36171310186758404,31.834055218634187,-15.631619135738426,False,True,False,True,True,0.0,0.0,0.0,0.0,0.0,0,0.8678616217538921,1.052916526473557,False,False,False,False,-0.2772614973982688,-0.30685733808982985,False,False,False,False,-6040489,-6889732.420587685,False,False,False,False,3305184.116815352,False,False,False,False
2023-06-27 00:00:00+00:00,1.05,1.09,1.02,1.09,2371217,,,,,,,,,,,,,,,,,,,,,,,,,,,1.0554816673856453,1.052446990276879,1.133797931918396,1.1353009828852796,1.2503642218862268,1.183690912850191,1.138485488503448,1.11303047661454,1.1117367090251404,1.1066992238514866,1.0870026180083825,1.0585225579998783,,,,,,,1.183690912850191,1.1066992238514866,,1.1188799817671242,"rgba(239, 83, 80, 0.5)",0.1607190652621471,1.138112169986051,-0.5482371978852179,31.874789808344218,-15.631619135738426,False,True,False,True,True,0.0,0.0,0.0,0.0,0.0,0,0.8655094943526299,1.0563198227310497,False,False,False,False,-0.30753903238573616,-0.307198185237783,False,False,False,False,-8411706,-6949417.658996011,False,False,False,False,3268557.9553716127,False,False,False,False
2023-06-28 00:00:00+00:00,1.04,1.045,1.01,1.03,3274733,,,,,,,,,,,,,,,,,,,,,,,,,,1.0316666666666667,1.0488350724291342,1.0475143309254036,1.1286827966301842,1.1303365508453278,1.245210363084917,1.1818905833426114,1.1374125356682578,1.1124494403549412,1.111228625588013,1.1062643062419928,1.0867139556384167,1.0583967953013138,,,,,,,1.1818905833426114,1.1062643062419928,,1.1097386171320909,"rgba(239, 83, 80, 0.5)",0.15762170790726496,1.1342913031283337,-0.5982126724816924,31.44900538819533,-15.631619135738426,False,True,False,True,True,0.0,0.0,0.0,0.0,0.0,0,0.8693215247886539,1.053571981543988,True,False,False,False,-0.34282825441539394,-0.3250132198265885,False,False,False,False,-11686439,-7135183.201780481,True,False,False,False,3268800.1139844903,False,False,False,False
2023-06-29 00:00:00+00:00,1.05,1.07,1.01,1.03,1934804,,,,,,,,,,,,,,,,,,,,,,,,,1.0433333333333332,1.0359996262623723,1.0480562784368537,1.0470000844425824,1.1262298078941428,1.1279419042783174,1.242438119619544,1.180927860268853,1.1368575039607247,1.112159048938822,1.1109750306639277,1.1060495241848136,1.0865806639164697,1.0583552331309913,,,,,,,1.180927860268853,1.1060495241848136,,1.104493144237982,"rgba(239, 83, 80, 0.5)",0.15407198203062875,1.1313006269592465,-0.5276795033576208,32.19886458568941,-15.631619135738426,False,True,False,True,True,0.0,0.0,0.0,0.0,0.0,0,0.8720218681079737,1.0490789923275246,True,False,False,False,-0.32107175694277795,-0.3230424883846832,False,False,False,False,-9751635,-7237789.154651836,False,False,False,False,3216486.540887059,False,False,False,False
2023-06-30 00:00:00+00:00,1.08,1.1,1.05,1.07,2109944,,,,,,,,,,,,,,,,,,,,,,,,,1.060721676603833,1.0477224762702892,1.0518822005284916,1.0505086541408224,1.1247236005180743,1.1264477200620917,1.2399922537188113,1.1801437981733034,1.136472732057898,1.1119971707664558,1.1108358530187734,1.1059405689445372,1.0865475555792734,1.058410165070634,,,,,,,1.1801437981733034,1.1059405689445372,,1.1065961732466634,#000000,0.14974472719438925,1.1323774380141045,-0.34977817914156883,35.53882369056969,-18.619721755141054,False,True,False,True,True,0.0,0.0,0.0,0.0,0.0,0,0.9024786672084519,1.0275060169412058,False,False,False,False,-0.26161728880757457,-0.29232988859612885,False,False,False,False,-7641691,-7253628.442704705,False,False,False,False,3173092.7157542333,False,False,False,False
2023-07-03 00:00:00+00:00,1.14,1.15,1.08,1.09,1390152,,,,,,,,,,,,,,,,,,,,,,,,,1.0767366391285949,1.0597907900750045,1.0576677123673939,1.0557730148683395,1.1246963103728673,1.1263890520732813,1.2388691217461851,1.1798637059989905,1.136417624075341,1.112031133877829,1.1108691668113657,1.1059829580572782,1.0866283172610651,1.0585382317427696,,,,,,,1.1798637059989905,1.1059829580572782,,1.1093038413183076,#000000,0.14477023582899046,1.1341134722192971,0.04066117421854727,42.0105190060621,-12.571323867193414,False,True,False,True,True,0.0,0.0,0.0,0.0,0.0,1,0.9091559593068474,1.0195999128892759,False,False,False,False,-0.1957939760103073,-0.24406193230321807,False,False,False,False,-6251539,-7214330.817500599,False,False,False,False,3103173.4719991656,False,False,False,False
2023-07-05 00:00:00+00:00,1.07,1.13,1.05,1.13,2215543,,,,,,,,,,,,,,,,,,,,,,,,,1.0786470199612406,1.064565039653976,1.0606012388609432,1.0586201827181994,1.123441555528013,1.1251340897271753,1.2365186881876156,1.1791111213946885,1.1360651480098045,1.1118947574980824,1.1107526800385035,1.1058953223712193,1.0866168283289126,1.0586159381829938,,,,,,,1.1791111213946885,1.1058953223712193,,1.1097485436043837,#000000,0.13935997385732043,1.134048039684893,-0.4595870529544352,42.286126270570634,-12.485367008487351,False,True,False,True,True,0.0,0.0,0.0,0.0,0.0,1,0.9038313349566933,1.0209598372530284,False,False,False,False,-0.23670221033267283,-0.24038207131794545,False,False,False,False,-8467082,-7263458.314853517,False,False,False,False,3068364.4338815515,False,False,False,False
2023-07-06 00:00:00+00:00,1.06,1.065,1.01,1.06,3934355,,,,,,,,,,,,,,,,,,,,,,,,1.045,1.0672200342494822,1.0593848080849029,1.0579689355437298,1.0565088604668353,1.1194319657519085,1.1211904800586212,1.2315134902822218,1.1772797431512496,1.135003896586652,1.1113349658492435,1.1102624105581806,1.1054797721790612,1.0863607293110542,1.0585405814957456,,,,,,,1.1772797431512496,1.1054797721790612,,1.1028320449045923,"rgba(239, 83, 80, 0.5)",0.135561153940416,1.1288785784125646,-0.508099676127271,41.991692148784765,-12.485367008487351,False,True,False,True,True,0.0,0.0,0.0,0.0,0.0,1,0.8851603741549099,1.0456888834007347,True,False,False,False,-0.3253990168160034,-0.28289054406697445,False,False,False,False,-12401437,-7464947.67505534,False,False,False,False,3102324.848239138,False,False,False,False
2023-07-07 00:00:00+00:00,1.04,1.09,1.03,1.03,2018763,,,,,,,,,,,,,,,,,,,,,,,,1.0478259182834944,1.06515925339941,1.0586610090253592,1.0575995878447269,1.0562748902191792,1.1177426371244115,1.1195191833503124,1.2291557490912055,1.1764173077795985,1.1345184357244613,1.1110869807756112,1.1100454359358318,1.1052978196968062,1.0862567717906966,1.0585258358859189,,,,,,,1.1764173077795985,1.1052978196968062,,1.1022724543951348,"rgba(239, 83, 80, 0.5)",0.13349767440022983,1.128063640465528,-0.6596642290674716,40.848418619899505,-12.485367008487351,False,True,False,True,True,0.0,0.0,0.0,0.0,0.0,1,0.8936984958490333,1.0269583065281986,False,False,False,False,-0.2868541270125494,-0.28487233553976193,False,False,False,False,-14420200,-7737702.668190425,False,False,False,False,3059832.226739564,False,False,False,False
2023-07-10 00:00:00+00:00,1.1,1.12,1.03,1.04,2500802,,,,,,,,,,,,,,,,,,,,,,,,1.0583295680189388,1.0679814560190923,1.0618448829260836,1.0599113680514058,1.058538014840875,1.1166866593255769,1.118447816473215,1.226803984565968,1.175621818924212,1.1341442906594457,1.1109407612929565,1.109919910655596,1.1052032884918401,1.0862454169930873,1.0586125541528075,,,,,,,1.175621818924212,1.1052032884918401,,1.1032821194260733,#000000,0.12990847681944798,1.128441904680589,-0.21893801988086217,43.867346208267804,-11.010435845717396,False,False,False,True,True,0.0,0.0,0.0,0.0,0.0,1,0.8922849470476419,1.0250429955043296,False,False,False,False,-0.26161728880757457,-0.27324481217366825,False,False,False,False,-11919398,-7901690.720418252,False,False,False,False,3037909.472749777,False,False,False,False
2023-07-11 00:00:00+00:00,1.18,1.21,1.13,1.14,5112042,,,,,,,,,,,,,,,,,,,,,,,,1.101666271928719,1.0933657386819302,1.0851158979763755,1.0775083229142315,1.075298981165933,1.1200304907684917,1.1215800385446628,1.2250974562019137,1.1755825271919833,1.1347212363561647,1.111605545955574,1.1105232581918698,1.1057974490758384,1.0869314166897752,1.059426494429149,,,,,,,1.1755825271919833,1.1057974490758384,,1.112283408404841,#000000,0.12592662380840391,1.1350343619829657,0.3570780876762725,49.43817235182414,-5.840617597993187,False,False,False,False,True,1.9078184217943104,0.0,0.0,0.0,0.0,1,0.9256986433234063,1.0039105977198206,False,False,False,False,-0.10783893559313434,-0.1905418738834013,False,False,False,False,-6807356,-7858775.633343027,False,False,False,False,3119248.0032301783,False,False,False,False
2023-07-12 00:00:00+00:00,1.25,1.27,1.21,1.22,4655320,,,,,,,,,,,,,,,,,,,,,,,,1.1378605146992402,1.1203506862543309,1.1103866458376064,1.0980365514178525,1.0950192324800856,1.1263206003378368,1.1275949248038424,1.2256124920971039,1.1766255283005016,1.1361581140098778,1.1128714098278338,1.1116641009208938,1.1068811285466833,1.0880453495129916,1.060607104458777,,,,,,,1.1766255283005016,1.1068811285466833,,1.122268958900364,"rgba(38, 166, 154, 0.5)",0.12283908759609428,1.142790070742925,0.8727672221857478,55.38838557904865,-0.5181001243147705,True,False,True,False,True,5.298956216881425,0.0,0.0,0.0,0.0,0,0.9337174932075359,0.974024423013764,False,False,False,False,0.0019133068162325976,-0.09431428353358436,False,False,False,False,-2152036,-7634981.922231535,False,False,False,False,3179486.1207505637,False,False,False,False
2023-07-13 00:00:00+00:00,1.23,1.28,1.23,1.25,4512941,,,,,,,,,,,,,,,,,,,,,,,,1.159459482223489,1.1391120103695287,1.1286586207317606,1.1139621989958188,1.1105096944942856,1.1319916574658488,1.1330368087652878,1.2261735767665365,1.1776554404088453,1.1375574218217306,1.1141063143318783,1.1127790251779621,1.1079407543574098,1.0891330275334947,1.0617578421632907,,,,,,,1.1776554404088453,1.1079407543574098,,1.1295889250404778,"rgba(38, 166, 154, 0.5)",0.12050314937381713,1.14854481176678,0.6759589990510115,58.21637530988902,1.8023930140864266,True,False,True,False,True,4.2273005824135375,0.0,0.0,0.0,0.0,0,0.9410055999760427,0.9679573563321652,False,False,False,False,0.025347906335439808,-0.034483188599072276,False,False,False,False,-6664977,-7596942.513516573,False,False,False,False,3231778.468956424,False,False,False,False
2023-07-14 00:00:00+00:00,1.21,1.25,1.21,1.25,2675075,,,,,,,,,,,,,,,,,,,,,,,,1.1661840813154303,1.1459268960495888,1.1356289144757308,1.120493899603094,1.1169510171335744,1.134473720721329,1.1354184656988155,1.2261294080016683,1.1780501342731946,1.1381964374594409,1.1147006468376304,1.1133175856851931,1.1084569298998133,1.0896762865816836,1.062348025438104,,,,,,,1.1780501342731946,1.1084569298998133,,1.1323968299449525,#000000,0.11927226783235634,1.150727847110887,0.4969483180484432,58.97550282820315,2.32399789156392,True,False,True,False,True,3.1628641251756235,0.0,0.0,0.0,0.0,0,0.9242168563802042,1.0039885865063047,False,False,False,False,-0.013707003509451036,-0.024095096054261654,False,False,False,False,-9340052,-7665299.7482806295,False,False,False,False,3209946.9603698975,False,False,False,False
2023-07-17 00:00:00+00:00,1.26,1.26,1.21,1.21,2762512,,,,,,,,,,,,,,,,,,,,,,,,1.173749294004657,1.1534386081653396,1.1432390854885845,1.1276296391389375,1.1239874202522377,1.1374451112636736,1.1382799182842374,1.226401325010528,1.1786275197106175,1.1389991150187588,1.115419409377894,1.1139683798934663,1.1090771161875252,1.0903159660317123,1.063028149026889,,,,,,,1.1786275197106175,1.1090771161875252,,1.1355737371236705,"rgba(38, 166, 154, 0.5)",0.11879757937291623,1.153253059272661,0.8985615808908928,61.15390670748589,4.340685861898741,True,False,True,False,True,5.543387303392457,0.0,0.0,0.0,0.0,0,0.8945843479332983,1.0132540147335325,False,False,False,False,-0.005896488666361896,-0.014995792360311774,False,False,False,False,-6577540,-7622642.503250017,False,False,False,False,3192400.491335784,False,False,False,False
2023-07-18 00:00:00+00:00,1.3,1.33,1.26,1.27,3170198,,,,,,,,,,,,,,,,,,,,,,,,1.1861822054179383,1.1650834597445539,1.15474673196429,1.1381938754034924,1.1343576698633309,1.1422810630975884,1.1429571432804433,1.227653097854916,1.179813526026884,1.140368489087666,1.1165742227417383,1.1150118424557984,1.110061787741953,1.0912970997896279,1.0640313831963106,,,,,,,1.179813526026884,1.110061787741953,,1.1405742398444354,"rgba(38, 166, 154, 1.0)",0.11842814372109649,1.1666881875233988,1.1256767883701402,63.761788161909735,6.808197281839746,True,False,True,False,True,7.37278783724301,0.0,0.0,0.0,0.0,0,0.9253378697665625,0.9977947894023876,False,False,False,False,0.08804709632810608,0.03652565198389715,False,False,False,False,-3407342,-7457336.601161781,False,False,False,True,3191529.8054010477,False,False,False,False
2023-07-19 00:00:00+00:00,1.29,1.3299,1.27,1.31,2763275,,,,,,,,,,,,,,,,,,,,,,,,1.195131166213555,1.1737890556415342,1.163453543022957,1.1463789229603867,1.1424296755818244,1.1462619784003691,1.1468134934966074,1.2287078605320003,1.1808277367734463,1.1415425844945133,1.1175686841495995,1.1159115278581988,1.110911522491819,1.0921445797137888,1.0648987174651328,,,,,,,1.1808277367734463,1.110911522491819,,1.1444514032530486,"rgba(38, 166, 154, 1.0)",0.11835996401266999,1.1698530446918416,1.015097937130981,64.88189501992754,7.930638013300488,True,False,True,False,True,6.8230133220153775,0.0,0.0,0.0,0.0,0,0.9312028406569018,0.975619808509289,False,False,False,False,0.09584431007499367,0.06618498102944541,False,False,False,False,-6170617,-7406877.008959359,False,False,False,False,3174735.4993068893,False,False,False,False
2023-07-20 00:00:00+00:00,1.24,1.3,1.23,1.29,2430553,,,,,,,,,,,,,,,,,,,,,,,,1.1992248263458376,1.1783479012983493,1.1682271335505163,1.1511725800432908,1.1472183799099325,1.1487110205789934,1.1491858600231863,1.2290789063264531,1.1814024894843245,1.1422984221913726,1.1182411495990487,1.1165221611815834,1.1114930985354745,1.092739686979235,1.0655256316197639,,,,,,,1.1814024894843245,1.1114930985354745,,1.1466259498444908,"rgba(38, 166, 154, 0.5)",0.11745928947803207,1.1710221051575196,0.5872493793296873,62.74509699670503,7.930638013300488,True,False,True,False,True,4.128515802175897,0.0,0.0,0.0,0.0,0,0.8969819167034212,0.9977947199294307,False,False,False,False,0.04098486135766302,0.053584921193554215,False,False,False,False,-8601170,-7453712.028215854,False,False,False,False,3145551.8718830897,False,False,False,False
2023-07-21 00:00:00+00:00,1.22,1.25,1.2,1.25,1782101,,,,,,,,,,,,,,,,,,,,,,,,1.2003460713233771,1.180091895396357,1.1702214187968443,1.15340123825041,1.149488042456843,1.1499052781221843,1.1503416260425328,1.2290235376717547,1.181634198586143,1.1426866406201657,1.1186123513949848,1.1168608344404347,1.1118193400343332,1.093085124906505,1.065902984550745,,,,,,,1.181634198586143,1.1118193400343332,,1.1475613721729077,#000000,0.11702036474804381,1.1712056932405996,0.41697277960514995,60.27463582732115,7.930638013300488,True,False,True,False,False,3.0790441252914853,0.0,0.0,0.0,0.0,0,0.8803372745427457,1.0263099502329855,False,False,False,False,-0.021519191007934507,0.016032865092809854,False,False,False,False,-10383271,-7568596.693776017,False,False,False,False,3092083.2102406155,False,False,False,False
2023-07-24 00:00:00+00:00,1.21,1.24,1.21,1.22,1318136,,,,,,,,,,,,,,,,,,,,,,,,1.2009996817587523,1.181204354376626,1.1715191505817693,1.1548886359718329,1.1510096668258072,1.1507253119616192,1.1511355818958282,1.2289596744589835,1.1817903731117791,1.1429596328203704,1.1188765432757006,1.1171021572666953,1.1120522470911134,1.0933329467286241,1.066175050519269,,,,,,,1.1817903731117791,1.1120522470911134,,1.1481820672429848,#000000,0.11668360237438039,1.1713724662672262,0.33104509071323435,58.09887823566913,7.930638013300488,True,False,True,False,False,2.5542520780245113,0.0,0.0,0.0,0.0,0,0.8769079114729077,1.0263927753752224,False,False,False,False,0.006387096817109393,0.011209980954959623,False,False,False,False,-11701407,-7730667.686176958,False,False,False,False,3022516.6529762777,False,False,False,False
2023-07-25 00:00:00+00:00,1.25,1.26,1.2166,1.22,1509040,,,,,,,,,,,,,,,,,,,,,,,,1.202510746468643,1.1830906915068247,1.173567540000274,1.1570653816026757,1.1532082107778174,1.151934266317263,1.1523085386316438,1.2290660908351843,1.182070589414235,1.1433591841188395,1.1192433413093286,1.11743635490345,1.1123722405591607,1.0936649912933003,1.0665301236585736,,,,,,,1.182070589414235,1.1123722405591607,,1.1491618860931476,"rgba(38, 166, 154, 0.5)",0.11642760577881359,1.172006141235359,0.6698914595290384,58.37533931809323,7.930638013300488,True,False,True,False,False,4.488649503877898,0.0,0.0,0.0,0.0,0,0.9102714695901852,1.01840250587314,False,False,False,False,0.029048074752513,0.02012902785373631,False,False,False,False,-10192367,-7827204.914170018,False,False,False,False,2963164.627369365,False,False,False,False
2023-07-26 00:00:00+00:00,1.24,1.27,1.21,1.27,1695775,,,,,,,,,,,,,,,,,,,,,,,,1.203994687205519,1.185002017286888,1.1756628115614587,1.1593255479757116,1.1554976166097841,1.1532230523295512,1.1535597104860198,1.2291639604458855,1.1823709866318302,1.1437944471680193,1.1196456049135126,1.1178031984380168,1.112723897168731,1.094030860877672,1.0669224539106292,,,,,,,1.1823709866318302,1.112723897168731,,1.1501813902006153,"rgba(38, 166, 154, 0.5)",0.11628452214327377,1.1726764379171888,0.578955486439219,57.97266072740546,7.930638013300488,True,False,True,False,False,3.9508707230483715,0.0,0.0,0.0,0.0,0,0.9072097008040068,1.009358112560959,False,False,False,False,0.031946253756538125,0.026037640805137218,False,False,False,False,-11888142,-7986457.348908449,False,False,False,False,2913463.0733548803,False,False,False,False
2023-07-27 00:00:00+00:00,1.09,1.2301,1.07,1.23,6993502,,,,,,,,,,,,,,,,,,,,,,,,1.1936153311779276,1.1783146254810086,1.170410801577593,1.156365996994293,1.1529992591522644,1.151903139457113,1.1522523056090137,1.2256348624892996,1.181275145120027,1.1435435022152012,1.1197863784278834,1.1179523229153567,1.1129183775937443,1.094398296917163,1.0675056658838165,,,,,,,1.181275145120027,1.1129183775937443,,1.1479250674007806,"rgba(239, 83, 80, 0.5)",0.11672204605829815,1.1682956697966558,-0.6707873314485083,51.411242923975436,8.05945119954444,True,False,False,False,False,0.0,0.0,0.0,0.0,0.0,0,0.847375427919361,1.02168124762267,False,False,False,False,-0.10088562649466076,-0.03742399284476177,False,False,False,False,-18881644,-8413719.570519883,False,False,False,False,3073464.5998899834,False,False,False,False
2023-07-28 00:00:00+00:00,1.15,1.17,1.09,1.11,3934371,,,,,,,,,,,,,,,,,,,,,,,,1.1894482800877633,1.175646754347929,1.168358647203163,1.1553065080321854,1.1521449286372496,1.1514303950160436,1.151779817725641,1.223887998152462,1.1807558122732915,1.143473669104058,1.1199140994373238,1.1180798210951783,1.1130675434577515,1.094639597922709,1.0678633602627663,,,,,,,1.1807558122732915,1.1130675434577515,,1.1470531488503677,#000000,0.11694258235376458,1.1667324153441827,-0.14308231447776087,49.646755714610435,6.378852904702761,True,False,False,False,False,0.0,0.0,0.0,0.0,0.0,0,0.867235731384654,1.031025576414262,False,False,False,False,-0.1067675611954826,-0.07209577702012218,False,False,False,False,-14947273,-8669937.352068122,False,False,False,False,3107225.6351884156,False,False,False,False
2023-07-31 00:00:00+00:00,1.16,1.19,1.15,1.15,1663965,,,,,,,,,,,,,,,,,,,,,,,,1.1887644276036506,1.175409883692326,1.1683162197558123,1.1555591644072436,1.1524592364674477,1.1516277407250781,1.1519682715088944,1.2234167391148365,1.1806867805366292,1.14357285211831,1.1200632309065492,1.1182194153040155,1.1132095510356492,1.0948130825297773,1.0680790066971648,,,,,,,1.1806867805366292,1.1132095510356492,,1.1470777068268923,#000000,0.11660157772486346,1.1665635956415443,-0.05629079614198756,48.87869399772005,5.546049821802981,True,False,False,False,False,0.0,0.0,0.0,0.0,0.0,0,0.9012615696716115,1.0090338531761125,False,False,False,False,-0.008461850347769095,-0.04027881368394564,False,False,False,False,-13283308,-8850853.84806545,False,False,False,False,3050627.178906517,False,False,False,False
2023-08-01 00:00:00+00:00,1.11,1.1392,1.09,1.13,4081996,,,,,,,,,,,,,,,,,,,,,,,,1.183572469261751,1.1716209439565881,1.1651145050867808,1.1533607213360637,1.1504730904223799,1.150440218512248,1.1507965721719668,1.2212314149676995,1.179883662325602,1.143256140242674,1.120008906891793,1.1181833519767614,1.1132086283508509,1.09492030434901,1.0683185993377837,,,,,,,1.179883662325602,1.1132086283508509,,1.1456259686126633,#000000,0.11596566748842302,1.1645198724383037,-0.4701380470538521,46.61297818312778,3.2389800480290205,False,False,False,True,False,0.0,0.0,0.0,0.0,0.0,0,0.8986665824064711,1.0058455510616782,False,False,False,False,-0.13426781077096733,-0.08727331222745649,False,False,False,False,-17365304,-9184753.854023669,False,False,False,False,3091073.0150278304,False,False,False,False
2023-08-02 00:00:00+00:00,1.08,1.1101,1.05,1.11,2180000,,,,,,,,,,,,,,,,,,,,,,,,1.1799138853666173,1.1687417094611667,1.162560426114892,1.151389133352731,1.1486261229332209,1.1493009998362058,1.1496763347797487,1.2197537127770361,1.1792543141023744,1.1429075358537149,1.1198438291429806,1.1180412875807828,1.1130946106729651,1.0948737494897478,1.0683518241811694,,,,,,,1.1792543141023744,1.1130946106729651,,1.1444219650430236,"rgba(239, 83, 80, 0.5)",0.11600046598228635,1.1629969394018775,-0.715487982734064,44.14399673032717,0.7629734150605785,False,False,False,True,False,0.0,0.0,0.0,0.0,0.0,0,0.8765521817434988,1.0276785996397986,False,False,False,False,-0.21466326966682783,-0.15096829094714215,False,False,False,False,-19545304,-9591049.938179603,False,False,False,False,3055344.6614973275,False,False,False,False
2023-08-03 00:00:00+00:00,1.06,1.0899,1.05,1.07,2331141,,,,,,,,,,,,,,,,,,,,,,,,1.1757894124274957,1.16542082093721,1.1595768840322547,1.1490203742243008,1.1463898759391056,1.1478949857774858,1.148293955874152,1.2180591020272125,1.1785003414692965,1.1424604451488343,1.119609897124248,1.1178373924127691,1.1129244859457328,1.0947796273170136,1.068346628115248,,,,,,,1.1785003414692965,1.1129244859457328,,1.1429936152514908,"rgba(239, 83, 80, 0.5)",0.11694412310128029,1.1612448225650653,-0.8657538308050032,41.87438647484207,-1.5062417132710095,False,False,False,True,False,0.0,0.0,0.0,0.0,0.0,0,0.8757631645891631,1.0342788094632407,False,False,False,False,-0.23119974052971165,-0.1910840157384269,False,False,False,False,-21876445,-10072830.136682365,False,False,False,False,3026944.517909197,False,False,False,False
2023-08-04 00:00:00+00:00,1.06,1.1,1.06,1.08,2414786,,,,,,,,,,,,,,,,,,,,,,,,1.1720656452889255,1.162419494194165,1.1568850014236476,1.1468908211498003,1.1443825697272876,1.1466040795218322,1.1470232580685524,1.2164187299105629,1.1777760314933359,1.14204324212847,1.119400104486779,1.1176552941994808,1.1127748829217483,1.0947058392041702,1.0683621982760405,,,,,,,1.1777760314933359,1.1127748829217483,,1.1416938127996532,"rgba(239, 83, 80, 0.5)",0.11766696016092622,1.1596561268897656,-0.8469338100811961,40.36131297118534,-3.0768228036521563,False,False,False,True,False,0.0,0.0,0.0,0.0,0.0,0,0.9002504173622704,1.015313984846539,False,False,False,False,-0.20567256911792745,-0.19837829242817717,False,False,False,False,-21876445,-10535716.99406737,False,False,False,False,3002938.3015206014,False,False,False,False
2023-08-07 00:00:00+00:00,1.05,1.08,1.05,1.06,1529845,,,,,,,,,,,,,,,,,,,,,,,,1.169543329251072,1.1603475025300645,1.1550063300719378,1.1453690953506206,1.14293885518286,1.1456644672473613,1.1460986151593553,1.215303545559903,1.1772643734362829,1.1417307398098417,1.1192299906711958,1.1175062243894924,1.1126488453985166,1.0946303543421139,1.06834568966957,,,,,,,1.1772643734362829,1.1126488453985166,,1.1407751972046793,"rgba(239, 83, 80, 0.5)",0.11900987921744498,1.1585577768333928,-0.9121744980099087,39.00339110678344,-4.543794343055929,False,True,False,True,False,0.0,0.0,0.0,0.0,0.0,0,0.9090054460580913,1.0089795124481327,False,False,False,False,-0.2438804978183522,-0.22112939512326468,False,False,False,False,-23406290,-11040445.347241199,False,False,False,False,2945169.9367550877,False,False,False,False
2023-08-08 00:00:00+00:00,1.08,1.08,1.03,1.05,1733065,,,,,,,,,,,,,,,,,,,,,,,,1.1669025914004383,1.158173964551526,1.1530358754679706,1.143773211332371,1.141425285963667,1.144664843447552,1.1451142458227492,1.2140859857799184,1.1767064170146715,1.141393910706535,1.1190492320843235,1.11734801591106,1.1125157845857025,1.0945534308501685,1.068334504846383,,,,,,,1.1767064170146715,1.1125157845857025,,1.1398051533176692,"rgba(239, 83, 80, 0.5)",0.11956181257837524,1.1574005706217325,-0.6473686618877141,39.89798315702727,-4.543794343055929,False,False,False,True,False,0.0,0.0,0.0,0.0,0.0,0,0.9244795076600759,0.9959735498232288,False,False,False,False,-0.26973936391433234,-0.2454343795187985,False,False,False,False,-21673225,-11457417.09832978,False,False,False,False,2897636.409823516,False,False,False,False
2023-08-09 00:00:00+00:00,1.05,1.075,1.04,1.07,2263645,,,,,,,,,,,,,,,,,,,,,,,,1.163382825070338,1.1552405793311962,1.1503586882606096,1.1415734463577223,1.1393309819832198,1.143265079274123,1.1437357608898215,1.2124384453401331,1.1759328534858662,1.1409117918058158,1.1187798368113682,1.1171110911960274,1.1123137995048564,1.0944268576903802,1.068295752894052,,,,,,,1.1759328534858662,1.1123137995048564,,1.1384731859930353,"rgba(239, 83, 80, 0.5)",0.12051286799072894,1.1558323018442982,-0.8781825842236186,39.30941920491957,-4.668671517641016,False,True,False,True,False,0.0,0.0,0.0,0.0,0.0,0,0.9258736205990542,0.9893917498686284,False,False,False,False,-0.26324281957660994,-0.2543385995477042,False,False,False,False,-23936870,-11946807.4081992,False,False,False,False,2872774.0015951428,False,False,False,False
2023-08-10 00:00:00+00:00,0.9707,1.03,0.9205,1.02,11354438,,,,,,,,,,,,,,,,,,,,,,,0.9737333333333333,1.137538838514488,1.132586236834446,1.1290796500468236,1.1230181720200063,1.1213839925325977,1.1309539077496598,1.1316210192945912,1.2006507393619035,1.1696855861080913,1.1363596154138742,1.1157829290926422,1.1144292894521834,1.1099149225824902,1.0925201547009045,1.066937103195182,,,,,,,1.1696855861080913,1.1099149225824902,,1.117887218139576,"rgba(239, 83, 80, 1.0)",0.12303295995803545,1.1365109316232687,-1.3476952166299507,36.39158241760859,-7.68457551139138,False,True,False,True,False,0.0,0.0,0.0,0.0,0.0,0,0.8866732603771176,0.9976709313084259,True,False,False,False,-0.34282825441539394,-0.29858342698154905,False,False,False,False,-35291308,-12862278.01964237,False,False,False,False,3205388.276042392,False,False,False,False
2023-08-11 00:00:00+00:00,1.04,1.05,0.9905,1.02,2736232,,,,,,,,,,,,,,,,,,,,,,,0.9840446896563471,1.1340189288098532,1.1294983094453257,1.126194922832392,1.1205221598970607,1.1189774565588833,1.12916314603413,1.129851881214942,1.1986066003577973,1.1686298320611397,1.1356456060268538,1.115342231866724,1.114036225652266,1.1095697866924392,1.0922710313905795,1.0667987273475104,,,,,,,1.1686298320611397,1.1095697866924392,,1.1170732209902652,"rgba(239, 83, 80, 0.5)",0.12410971480149181,1.1352888538408359,-0.7677791701741181,38.15851091472638,-7.68457551139138,False,True,False,True,False,0.0,0.0,0.0,0.0,0.0,0,0.9020426515930111,1.0041431140801642,False,False,False,False,-0.24321588685785459,-0.2708996569197018,False,False,False,False,-32555076,-13634544.607107377,False,False,False,False,3186989.9907073965,False,False,False,False
2023-08-14 00:00:00+00:00,1.03,1.05,1.0,1.01,2014138,,,,,,,,,,,,,,,,,,,,,,,0.9893751812419413,1.1315638665754564,1.1273345839190327,1.1241699800348537,1.1187629467431897,1.1172797792214761,1.1278817517109718,1.1285852759897266,1.1971309385610154,1.1678617079255342,1.1351251483702598,1.11502000953993,1.1137485896082153,1.1093170510397636,1.0920883920129332,1.0666970553846855,,,,,,,1.1678617079255342,1.1093170510397636,,1.1163713911174367,"rgba(239, 83, 80, 0.5)",0.1250837861609565,1.134324203467226,-0.834034583291097,38.99148634063151,-7.68457551139138,False,True,False,True,True,0.0,0.0,0.0,0.0,0.0,0,0.8782267479569332,1.0252626799844335,False,False,False,False,-0.23300292132332226,-0.25195128912151205,False,False,False,False,-34569214,-14455512.034279635,False,False,False,False,3140995.794993381,False,False,False,False
2023-08-15 00:00:00+00:00,0.9943,1.05,0.9751,1.01,4520190,,,,,,,,,,,,,,,,,,,,,,,0.9931209639810228,1.1254568392033704,1.121884349132381,1.1190303469574614,1.1142298333867333,1.1128874333166803,1.124568177007406,1.125311334072565,1.193527961620887,1.1659254128144145,1.1337608205009624,1.1141419275616034,1.1129617608360898,1.108618162637545,1.0915567636173065,1.0663565447784948,,,,,,,1.1659254128144145,1.108618162637545,,1.1139586644640578,"rgba(239, 83, 80, 1.0)",0.12662962841607148,1.1313990435000032,-1.0826774524642213,38.34304930415196,-7.68457551139138,False,True,False,True,True,0.0,0.0,0.0,0.0,0.0,0,0.8695834003538684,1.0186263471127552,False,False,False,False,-0.2598789911660026,-0.2559151401437573,False,False,False,False,-39089404,-15421547.013327494,False,False,False,False,3195081.8422485427,False,False,False,False
2023-08-16 00:00:00+00:00,0.9768,1.01,0.9713,1.0,1911314,,,,,,,,,,,,,,,,,,,,,,,0.992519859076025,1.1226370277299171,1.119342558770532,1.1166192475757297,1.1120783780406736,1.1107963724399674,1.1229877461566697,1.123750159473763,1.1918831431133827,1.1650174434625835,1.1331013824384897,1.1137052482821623,1.11256934801721,1.1082669517799746,1.0912804452635976,1.0661649893576532,,,,,,,1.1650174434625835,1.1082669517799746,,1.1126700188111456,"rgba(239, 83, 80, 1.0)",0.12850680373196183,1.1299110593202681,-1.1914626686974925,37.34635891327686,-7.68457551139138,False,True,False,True,True,0.0,0.0,0.0,0.0,0.0,0,0.8687283459514947,1.024990375978442,False,False,False,False,-0.30808864486940063,-0.282001892506579,False,False,False,False,-41000718,-16424651.757902887,False,False,False,False,3144738.00529762,False,False,False,False
2023-08-17 00:00:00+00:00,0.9742,1.0,0.9711,0.985,2104577,,,,,,,,,,,,,,,,,,,,,,,0.9916014294925263,1.1195682111052538,1.116565433084859,1.1139799932983223,1.1097139825273166,1.1084961355618757,1.121235773680977,1.1220190994210917,1.1900649932156604,1.1640046269529305,1.1323611730173002,1.113211890584243,1.1121255781692427,1.1078691309132187,1.0909655892702286,1.0659439441838137,,,,,,,1.1640046269529305,1.1078691309132187,,1.1112329365299287,"rgba(239, 83, 80, 1.0)",0.13017694022278037,1.128260898766219,-1.1834730367956454,36.594528124355605,-8.375758312182974,False,True,False,True,True,0.0,0.0,0.0,0.0,0.0,0,0.8778532564952833,1.021860210553427,False,False,False,False,-0.3195099604600709,-0.30075592648332494,False,False,False,False,-43105295,-17470951.492887087,False,False,False,False,3103947.3776388895,False,False,False,False
2023-08-18 00:00:00+00:00,0.9675,0.9869,0.963,0.9869,1486947,,,,,,,,,,,,,,,,,,,,,,,0.9905124614593672,1.1173384123284928,1.1145391788908217,1.1120498667198264,1.107976825009752,1.1068040958291827,1.11994312319068,1.1207418566976237,1.1887427578845744,1.1632595898881064,1.1318105149405524,1.112841031798322,1.1117916133660208,1.1075689456285034,1.09072537047503,1.0657712884333908,,,,,,,1.1632595898881064,1.1075689456285034,,1.1101510582837655,"rgba(239, 83, 80, 1.0)",0.13013512104627753,1.1270316301034164,-1.2258922020496308,35.85254193302216,-9.357109669932811,False,True,False,True,False,0.0,0.0,0.0,0.0,0.0,0,0.8882487334856459,1.0334094897519948,False,False,False,False,-0.34282825441539394,-0.3217920904493594,False,False,False,False,-44592242,-18534531.512773868,False,False,False,False,3040535.598123639,False,False,False,False
2023-08-21 00:00:00+00:00,0.9765,0.9889,0.9502,0.975,2748639,,,,,,,,,,,,,,,,,,,,,,,0.9887376409955393,1.113373371410815,1.1109246491439724,1.108602457235217,1.1048650799033575,1.1037711863621347,1.117602365164324,1.1184280780495506,1.1863337618150849,1.1618932473485195,1.1307987438968157,1.1121577071955084,1.111175821541609,1.1070150906909713,1.0902816377984117,1.0654517641243266,,,,,,,1.1618932473485195,1.1070150906909713,,1.10821328766726,"rgba(239, 83, 80, 1.0)",0.12892162015792283,1.1248278072148374,-1.1505270181459317,36.00362897725312,-9.492723081945236,False,True,False,True,False,0.0,0.0,0.0,0.0,0.0,0,0.8802512629619782,1.02293273065674,False,False,False,False,-0.34282825441539394,-0.3323101724323767,False,False,False,False,-41843603,-19448612.74756705,False,False,False,False,3029088.672707026,False,False,False,False
2023-08-22 00:00:00+00:00,0.9887,0.99,0.965,0.9811,1251643,,,,,,,,,,,,,,,,,,,,,,,0.9884258819219973,1.1117533936249628,1.1094455284909326,1.1071919106957042,1.103591259055308,1.1025297123810522,1.1166277480623779,1.1174639450287676,1.1853015648319085,1.1613078526986005,1.1303691486886633,1.111869362045994,1.1109159353202067,1.1067817540642217,1.090096568478731,1.065321473113882,,,,,,,1.1613078526986005,1.1067817540642217,,1.1074370649064569,"rgba(239, 83, 80, 1.0)",0.1279522398650609,1.1239340628102883,-1.056910476541144,36.99941512198359,-9.492723081945236,False,True,False,True,False,0.0,0.0,0.0,0.0,0.0,0,0.89426235002346,1.019404785843555,False,False,False,False,-0.32510908943889855,-0.32870963093563765,False,False,False,False,-40591960,-20277763.62021148,False,False,False,False,2959384.9208361623,False,False,False,False
2023-08-23 00:00:00+00:00,1.02,1.05,0.99,0.9972,1760732,,,,,,,,,,,,,,,,,,,,,,,0.9901692361060371,1.1101978450551697,1.1080331479704424,1.1058543959530667,1.1023969891926342,1.1013700153758015,1.1156659400372202,1.11650986681228,1.1841395224557518,1.160666656561513,1.129924990696745,1.1115856144501546,1.1106608621948453,1.1065558757207452,1.0899296173170974,1.0652230538809004,,,,,,,1.160666656561513,1.1065558757207452,,1.1068052268612751,"rgba(239, 83, 80, 0.5)",0.12623101449255422,1.1231461461781425,-0.8171220566735329,39.82551428444911,-9.492723081945236,False,True,False,True,True,0.0,0.0,0.0,0.0,0.0,0,0.9159293512737471,0.9855096657874525,False,False,False,False,-0.23336836252961424,-0.28103899673262595,False,False,False,False,-38831228,-21005350.45863456,False,False,False,False,2912378.9239406264,False,False,False,False
2023-08-24 00:00:00+00:00,1.02,1.05,1.0,1.04,1333382,,,,,,,,,,,,,,,,,,,,,,,0.9915002848534279,1.1090967499188797,1.107032285427507,1.1049067796486,1.1015507244192664,1.1005483456610197,1.1149751571146072,1.1158242203035507,1.1832879860718049,1.1601963597111962,1.1296011340523378,1.1113796775605533,1.110475715718012,1.1063921589058412,1.0898097167045644,1.0651542787958475,,,,,,,1.1601963597111962,1.1063921589058412,,1.1063582234291887,"rgba(239, 83, 80, 0.5)",0.12346510106901304,1.1225848122238218,-0.8308810452151992,41.70958039275946,-12.50744850342199,False,False,False,True,True,0.0,0.0,0.0,0.0,0.0,0,0.9192681379586657,0.9855096657874525,False,False,False,False,-0.22285160122883077,-0.25194529898072837,False,False,False,False,-38831228,-21704404.479864575,False,False,False,False,2850457.475942955,False,False,False,False
2023-08-25 00:00:00+00:00,1.01,1.03,0.9852,1.01,1147105,,,,,,,,,,,,,,,,,,,,,,,0.9920643267999807,1.108010484142041,1.1060397020306578,1.1039627084521257,1.1007007939613596,1.099721130759471,1.1142935960425426,1.1151484426098859,1.1824948731681137,1.1597504689269167,1.1292851601806464,1.1111733594523425,1.1102898737097453,1.106226597981165,1.0896838171828394,1.0650742294325948,,,,,,,1.1597504689269167,1.106226597981165,,1.1058699728020267,"rgba(239, 83, 80, 0.5)",0.11922798439570594,1.1219986662594503,-0.9393655929612781,42.36713537806741,-11.791023577802811,False,False,False,True,True,0.0,0.0,0.0,0.0,0.0,1,0.9206013624618274,0.9887915701869188,False,False,False,False,-0.25967567314866175,-0.25581048606469503,False,False,False,False,-39978333,-22421029.12771302,False,False,False,False,2783659.339631466,False,False,False,False
2023-08-28 00:00:00+00:00,1.01,1.03,1.0,1.0,1309500,,,,,,,,,,,,,,,,,,,,,,,0.992844951013024,1.1068587489938435,1.1049867732196703,1.1029617980311923,1.0998001585893398,1.0988448210996955,1.113561880030103,1.1144224895441954,1.181623635868489,1.1592611325495767,1.128941100460733,1.110950098608619,1.110088779666197,1.1060477779161775,1.0895492633973622,1.0649910536608527,,,,,,,1.1592611325495767,1.1060477779161775,,1.105358403915567,"rgba(239, 83, 80, 0.5)",0.11413393985588456,1.1213781547835833,-0.9758548151778429,42.805505368272705,-11.232798101679869,False,False,False,True,True,0.0,0.0,0.0,0.0,0.0,1,0.9322796066982112,0.9720124836403904,False,False,False,False,-0.24393607636524497,-0.24987328121497,False,False,False,False,-39978333,-23109550.848194864,False,False,False,False,2725849.1694498397,False,False,False,False
2023-08-29 00:00:00+00:00,1.05,1.05,1.0,1.02,2199278,,,,,,,,,,,,,,,,,,,,,,,0.9951957862774674,1.1053866532270407,1.1036455688112394,1.1016938364269628,1.098668998097495,1.097747431709146,1.1125970712149,1.1134629475401137,1.180351944355235,1.1585582528754643,1.1284670057336659,1.1106537758828934,1.1098223419175295,1.1058134491917988,1.089383367884779,1.0649058131165756,,,,,,,1.1585582528754643,1.1058134491917988,,1.1047721402663941,"rgba(239, 83, 80, 0.5)",0.11051189415420047,1.1206190683660675,-0.6390178080517797,46.10941201434355,-8.008808936728997,False,False,False,False,True,0.0,0.0,0.0,0.0,0.0,1,0.9318220210142234,0.9785803574445079,False,False,False,False,-0.22285160122883077,-0.23636244122190037,False,False,False,False,-37779055,-23684825.520814672,False,False,False,False,2705199.319667493,False,False,False,False
2023-08-30 00:00:00+00:00,1.06,1.08,1.04,1.05,3374791,,,,,,,,,,,,,,,,,,,,,,,1.000497247397149,1.1040337975476853,1.102426953779222,1.1005604225981915,1.0976848668309231,1.0968014664825585,1.1116440568636727,1.112509480502721,1.1787887567202942,1.1577212725730037,1.127949961242605,1.110358756081067,1.1095583623863186,1.1055880137161613,1.089250908920056,1.0648856269602627,,,,,,,1.1577212725730037,1.1055880137161613,,1.104391246912618,"rgba(239, 83, 80, 0.5)",0.10575421194516942,1.117522911608158,-0.5439302184766119,48.97797426953685,-5.320396760494205,True,False,False,False,True,0.0,0.0,0.0,0.0,0.0,0,0.9617110175005993,0.9577382787081747,False,False,False,False,-0.1504438967899858,-0.19340316900594307,False,False,False,False,-34404264,-24105195.657253314,False,False,False,False,2731457.8169354345,False,False,False,False
2023-08-31 00:00:00+00:00,1.05,1.06,1.04,1.05,1384584,,,,,,,,,,,,,,,,,,,,,,,1.0021047697726422,1.1033809941682375,1.1018331994131259,1.1000027453524277,1.09719211081014,1.0963251701759,1.1111891892627677,1.1120554291285594,1.1781061033357205,1.1573472604896986,1.1277091973094886,1.1102148710782198,1.109429175554621,1.1054760165676896,1.0891784487337488,1.064860539907303,,,,,,,1.1573472604896986,1.1054760165676896,,1.104150326316268,"rgba(239, 83, 80, 0.5)",0.10102288123654468,1.1170465413031299,-0.6636767876986264,50.080296758409176,-4.315639505248235,True,False,False,False,True,0.0,0.0,0.0,0.0,0.0,0,0.9647738676078756,0.9538392331914597,False,False,False,False,-0.1709406103046196,-0.18217188965528133,False,False,False,False,-35788848,-24563378.10206691,False,False,False,False,2678639.2358791432,False,False,False,False
2023-09-01 00:00:00+00:00,1.04,1.08,1.04,1.06,1827189,,,,,,,,,,,,,,,,,,,,,,,1.0042099073768942,1.1025955861425574,1.1011190088860845,1.0993331802969268,1.0966020596884136,1.0957554336250124,1.1106312374517986,1.1114978819400676,1.1772393830294325,1.156872849813531,1.1274072681180514,1.1100364908744826,1.1092690616825662,1.105337745865786,1.089091334899206,1.06483495958984,,,,,,,1.156872849813531,1.105337745865786,,1.1038645868300405,"rgba(239, 83, 80, 0.5)",0.09775606067246105,1.1137582944239683,-0.7545137755816589,50.00335933763766,-4.315639505248235,True,False,False,False,True,0.0,0.0,0.0,0.0,0.0,0,0.9681238931907358,0.9432619188166254,False,False,False,False,-0.1504438967899858,-0.16630789322263356,False,False,False,False,-37616037,-25075247.078456443,False,False,False,False,2645249.0305505493,False,False,False,False
2023-09-05 00:00:00+00:00,1.01,1.04,0.9846,1.03,2121828,,,,,,,,,,,,,,,,,,,,,,,1.004543459970788,1.1009657895202172,1.0996128350497878,1.097894365228312,1.0952934886728944,1.094478970327325,1.1095337389255655,1.1104077210581607,1.1759134089482306,1.1561071135744916,1.1268635885184495,1.1096790752831722,1.10894618161648,1.1050497730718085,1.0888730686760553,1.0646979562054852,,,,,,,1.1561071135744916,1.1050497730718085,,1.1030537834154512,"rgba(239, 83, 80, 1.0)",0.09583954971769112,1.1111646592620414,-1.0555627562946213,47.73816523338557,-4.315639505248235,False,False,False,False,False,0.0,0.0,0.0,0.0,0.0,1,0.9488053420512642,0.9605606371509059,False,False,False,False,-0.24966479273993097,-0.20798634298128227,False,False,False,False,-39737865,-25650251.7028307,False,False,False,False,2624722.7156269983,False,False,False,False
2023-09-06 00:00:00+00:00,1.0,1.02,0.99,1.01,1246704,,,,,,,,,,,,,,,,,,,,,,,1.004511919756617,1.0999497765651869,1.098671044293794,1.0969925554464186,1.0944697818875952,1.0936744796087128,1.1088471418454033,1.1097259957159438,1.1751057957845346,1.1556356423902248,1.126523972498635,1.1094528340724417,1.1087415769035696,1.1048666302685266,1.088731859319255,1.064605421064517,,,,,,,1.1556356423902248,1.1048666302685266,,1.102531651713836,"rgba(239, 83, 80, 1.0)",0.09467594142486459,1.1099825713228315,-1.161673912797734,45.55719949130931,0.02398442051240579,False,False,False,True,False,0.0,0.0,0.0,0.0,0.0,1,0.9379714416026383,0.9777567273620319,False,False,False,False,-0.2652354353649929,-0.23661088917313758,False,False,False,False,-40984569,-26251597.47919028,False,False,False,False,2570682.765994567,False,False,False,False
2023-09-07 00:00:00+00:00,1.0,1.01,0.99,1.0,851960,,,,,,,,,,,,,,,,,,,,,,,1.0044329639867822,1.099244003374709,1.0980158460354317,1.0963645320722937,1.0938950418406963,1.093112849190339,1.1083683638904156,1.1092506563901572,1.1745476052330497,1.155308108448579,1.1262867104194187,1.1092939415165313,1.1085978044200546,1.1047377584864828,1.088631872822822,1.0645389142528479,,,,,,,1.155308108448579,1.1047377584864828,,1.102164185773788,"rgba(239, 83, 80, 1.0)",0.09306863984459124,1.1092412741941382,-1.1737710401328794,44.10322232992514,-1.374503307664213,False,False,False,True,False,0.0,0.0,0.0,0.0,0.0,0,0.9457915223368922,0.977359568617648,False,False,False,False,-0.2759728138948518,-0.2562918515339947,False,False,False,False,-40984569,-26829361.06824164,False,False,False,False,2503281.8732104665,False,False,False,False
2023-09-08 00:00:00+00:00,0.9964,1.03,0.9851,1.0,1327975,,,,,,,,,,,,,,,,,,,,,,,1.0044170422825764,1.0982052870195895,1.0970510133794626,1.0954399721811918,1.0930490028475017,1.0922862175481134,1.107656524228012,1.1085435998001196,1.1737035518792749,1.1548128453609876,1.1259298245189424,1.1090558434373021,1.108382342382095,1.1045448415683319,1.0884831907202674,1.0644416618884691,,,,,,,1.1548128453609876,1.1045448415683319,,1.1016251725651398,"rgba(239, 83, 80, 1.0)",0.09131341409011338,1.1082987303510243,-1.2254358405720787,42.86083887282786,-2.6004392136762178,False,True,False,True,False,0.0,0.0,0.0,0.0,0.0,0,0.9494866676172822,0.9560102666476542,False,False,False,False,-0.25978244267950135,-0.258037147106748,False,False,False,False,-42312544,-27436544.712624323,False,False,False,False,2457191.4075943697,False,False,False,False
2023-09-11 00:00:00+00:00,0.9821,1.02,0.9803,1.0,1058992,,,,,,,,,,,,,,,,,,,,,,,1.0042038073185815,1.097309546156654,1.0962170614387856,1.0946391413217342,1.0923135128005332,1.0915668162677437,1.1070433897525822,1.1079349138677952,1.172998326068122,1.154394988009779,1.1256242219054158,1.1088493090817255,1.1081952740494767,1.1043767617408566,1.088351453790395,1.0643519548274525,,,,,,,1.154394988009779,1.1043767617408566,,1.1011481548998523,"rgba(239, 83, 80, 1.0)",0.09087221763959803,1.1074615986244374,-1.3795371333582427,40.95665278013927,-4.460596830206427,False,True,False,True,False,0.0,0.0,0.0,0.0,0.0,0,0.9473948795288879,0.9682573880570218,False,False,False,False,-0.27564979936555434,-0.2668434732361512,False,False,False,False,-43371536,-28061446.331737097,False,False,False,False,2402360.058276944,False,False,False,False
2023-09-12 00:00:00+00:00,0.9976,1.02,0.98,0.9849,617426,,,,,,,,,,,,,,,,,,,,,,,1.0041440374056938,1.096819679037975,1.0957608728127406,1.0942012920418211,1.0919115943077642,1.0911737874039749,1.1067048641685755,1.107598677654201,1.1726012822605811,1.1541600358262851,1.1254535393987577,1.1087345385171246,1.108091321932512,1.1042834947439277,1.0882789378381348,1.0643035245908625,,,,,,,1.1541600358262851,1.1042834947439277,,1.1008888424963084,"rgba(239, 83, 80, 1.0)",0.09080733833504447,1.1070483258934163,-1.205280629298853,41.51035994538444,-4.460596830206427,False,True,False,True,False,0.0,0.0,0.0,0.0,0.0,1,0.9326822588201378,0.9789541965476234,False,False,False,False,-0.2759728138948518,-0.27140814356550147,False,False,False,False,-42754110,-28637629.220688585,False,False,False,False,2332362.6442268677,False,False,False,False
2023-09-13 00:00:00+00:00,0.9869,1.01,0.9802,1.01,636892,,,,,,,,,,,,,,,,,,,,,,,1.004000689016024,1.0962844523180024,1.0952617906920277,1.0937216424593885,1.09147033296806,1.0907419944574004,1.1063358303161301,1.1072322852957055,1.1721775517888595,1.1539077657682535,1.1252684547381615,1.1086090309436403,1.1079775839822117,1.1041812155271185,1.088198530452937,1.0642484072059097,,,,,,,1.1539077657682535,1.1041812155271185,,1.1006010973706144,"rgba(239, 83, 80, 1.0)",0.09136854916532451,1.1065778093660847,-1.3098359387269765,40.99894779490838,-4.587284470663931,False,True,False,True,False,0.0,0.0,0.0,0.0,0.0,1,0.9207956997111199,1.0005850733169999,False,False,False,False,-0.2865559946918836,-0.2789820691286925,False,False,False,False,-43391002,-29216192.859092955,False,False,False,False,2265873.599355226,False,False,False,False
2023-09-14 00:00:00+00:00,1.0,1.02,0.9847,0.9906,1095512,,,,,,,,,,,,,,,,,,,,,,,1.0039507750800196,1.095456912992721,1.0944902601015996,1.0929810242976037,1.0907900232937142,1.090076673780459,1.1057573943588965,1.1066575213260101,1.1714903933860008,1.1535002821008937,1.124973248944349,1.1084108148433693,1.1077979934437001,1.1040201620424872,1.0880737849338251,1.0641659065228033,,,,,,,1.1535002821008937,1.1040201620424872,,1.1001620732155284,"rgba(239, 83, 80, 1.0)",0.09185288409797956,1.1059387635988571,-1.1533526098739821,42.19952253210009,-4.587284470663931,False,True,False,True,False,0.0,0.0,0.0,0.0,0.0,1,0.9357835820895523,0.9931343283582089,False,False,False,False,-0.27091865520188985,-0.2749503621652912,False,False,False,False,-42295490,-29729106.47246186,False,False,False,False,2219977.066047178,False,False,False,False
2023-09-15 00:00:00+00:00,1.01,1.04,1.01,1.03,3501355,,,,,,,,,,,,,,,,,,,,,,,1.0049379633002102,1.0934071002893277,1.0925800873186025,1.0911533864225538,1.0891183867983507,1.0884445826936806,1.1042703779747924,1.1051767234857874,1.1695650891496778,1.1523686706443756,1.1241786524551325,1.1078906453305295,1.1073269461150328,1.10360079855209,1.0877619303922532,1.0639808946653009,,,,,,,1.1523686706443756,1.10360079855209,,1.0991101397242313,"rgba(239, 83, 80, 1.0)",0.092070865147498,1.1047728372265673,-1.0293466567816072,44.121988635206975,-4.587284470663931,False,True,False,True,True,0.0,0.0,0.0,0.0,0.0,1,0.9579699248120302,0.9592481203007519,False,False,False,False,-0.22285160122883077,-0.24890098169706099,False,False,False,False,-38794135,-30084597.78726728,False,False,False,False,2270227.1811041515,False,False,False,False
2023-09-18 00:00:00+00:00,1.05,1.05,1.0092,1.01,896476,,,,,,,,,,,,,,,,,,,,,,,1.0054257713054313,1.0930133359211114,1.0922136362426778,1.0908045531005528,1.0888015639027044,1.0881360743550852,1.103970390496759,1.1048771264180859,1.1691331761443782,1.152117530101243,1.1240088599354061,1.1077831133836917,1.1072296495363423,1.103515029736665,1.087701756662289,1.063951344648267,,,,,,,1.152117530101243,1.103515029736665,,1.098917681993168,"rgba(239, 83, 80, 0.5)",0.09101071450634103,1.1046323690913546,-0.6002850256444057,49.06255428587175,-5.484698765008488,False,False,False,False,True,0.0,0.0,0.0,0.0,0.0,1,0.9497879430475613,0.964631929718267,False,False,False,False,-0.21321887902135678,-0.23105993035920888,False,False,False,False,-37897659,-30390992.344629347,False,False,False,False,2216354.585766734,False,False,False,False
2023-09-19 00:00:00+00:00,1.03,1.06,1.02,1.06,1047380,,,,,,,,,,,,,,,,,,,,,,,1.0059816173564786,1.0925622589710737,1.0917935267861043,1.0904045593372178,1.0884380593088967,1.0877820698601164,1.1036246178574813,1.10453173782186,1.1686331013213698,1.1518261623287032,1.123811917647786,1.107658357389928,1.1071167392879917,1.103415497388564,1.0876319967308155,1.0639172339552545,,,,,,,1.1518261623287032,1.103415497388564,,1.0986955908343528,"rgba(239, 83, 80, 0.5)",0.08960361897453192,1.1004934221253735,-0.7867251672659543,50.31359095535434,-4.399462285785148,True,False,False,False,True,0.0,0.0,0.0,0.0,0.0,1,0.9529874942102826,0.9716689825536513,False,False,False,False,-0.1915805849440488,-0.21132025765162885,False,False,False,False,-38945039,-30726445.154643886,False,False,False,False,2170512.4451484308,False,False,False,False
2023-09-20 00:00:00+00:00,1.03,1.06,1.02,1.02,902569,,,,,,,,,,,,,,,,,,,,,,,1.0064449851168857,1.0921793016604278,1.0914365662803773,1.0900645801379045,1.0881288548368127,1.0874808933731142,1.103329489211475,1.1042368963645768,1.1682051858567242,1.1515762562968546,1.1236429157056755,1.1075512007724155,1.107019729495189,1.1033299638579044,1.0875720346248354,1.063887907756837,,,,,,,1.1515762562968546,1.1033299638579044,,1.0985054225842508,"rgba(239, 83, 80, 0.5)",0.0883120668195786,1.096435448929376,-0.7522805356271802,51.14761540167606,-3.6191607520830757,True,False,False,False,True,0.0,0.0,0.0,0.0,0.0,1,0.923913043478261,1.0105522056490002,False,False,False,False,-0.1915805849440488,-0.20145042129783883,False,False,False,False,-38945039,-31048742.952500988,False,False,False,False,2120789.1727896687,False,False,False,False
2023-09-21 00:00:00+00:00,1.0,1.03,1.0,1.02,966488,,,,,,,,,,,,,,,,,,,,,,,1.0065015556166506,1.0915807843280725,1.0908757876087165,1.0895258194223634,1.087632359972242,1.0869951035271523,1.1028910603030384,1.1038005176801113,1.1676577592504278,1.1512480284437248,1.1234074078233334,1.1073937811895749,1.1068768827527453,1.1032020745111095,1.0874744286346212,1.0638258798092166,,,,,,,1.1512480284437248,1.1032020745111095,,1.0981805769295687,"rgba(239, 83, 80, 1.0)",0.087236397643837,1.09490107783576,-1.0878610350603404,48.908960058284734,-3.6191607520830757,False,False,False,False,True,0.0,0.0,0.0,0.0,0.0,1,0.8936118335500649,1.0595741222366708,False,False,False,False,-0.24393607636524497,-0.2226932488315419,False,False,False,False,-39911527,-31396303.11122644,False,False,False,False,2075522.4601312503,False,False,False,False
2023-09-22 00:00:00+00:00,0.985,1.02,0.9711,1.0,1715719,,,,,,,,,,,,,,,,,,,,,,,1.0061040756039317,1.0903101659553354,1.0896821059595843,1.088374968164623,1.0865659245571917,1.0859497932464055,1.1019742293648105,1.1028892392635468,1.166585548284173,1.1505954478849771,1.122925873034516,1.1070642546253329,1.1065774957537782,1.1029323064746195,1.0872617188806688,1.063679480635496,,,,,,,1.1505954478849771,1.1029323064746195,,1.0974670392305619,"rgba(239, 83, 80, 1.0)",0.08646938567758675,1.0925251444528525,-1.2435053586916318,46.22727976884113,1.2375384004080843,False,False,False,True,False,0.0,0.0,0.0,0.0,0.0,1,0.8736837825751108,1.0677318372159206,False,False,False,False,-0.2855814931913354,-0.25413737101143863,False,False,False,False,-41627246,-31797516.55784501,False,False,False,False,2061412.52051826,False,False,False,False
2023-09-25 00:00:00+00:00,0.9602,0.985,0.9602,0.985,626262,,,,,,,,,,,,,,,,,,,,,,,1.0057303986023154,1.089745126778246,1.0891501170054934,1.0878605220072732,1.0860869930938952,1.0854796390342478,1.101572410809276,1.1024903720908206,1.1661450295701226,1.150323371906093,1.1227194961566502,1.106919894755196,1.1064461999331905,1.1028133071453123,1.0871651566955978,1.063608662999162,,,,,,,1.150323371906093,1.1028133071453123,,1.0971410436614306,"rgba(255, 0, 0, 1.0)",0.0870458744539869,1.0914804952448747,-1.5081759597265056,42.70379515969832,-2.025919441928849,False,True,False,True,False,0.0,0.0,0.0,0.0,0.0,1,0.8766209858866844,1.0701984045817141,False,False,False,False,-0.33600635807030244,-0.29507186454087053,False,False,False,False,-42253508,-32207555.437929522,False,False,False,False,2005132.1079489165,False,False,False,False
2023-09-26 00:00:00+00:00,0.9205,0.97,0.9205,0.9606,2097389,,,,,,,,,,,,,,,,,,,,,,,1.0035186143038446,1.0874091242659139,1.0869461608463205,1.0857235766219802,1.084089293471647,1.0835159502173894,1.0999301261365775,1.100861986566175,1.1644512776478042,1.149261418148751,1.121892147376695,1.1063292237492897,1.1059084288854903,1.1023233137590498,1.0867574759795327,1.0632940679352993,,,,,,,1.149261418148751,1.1023233137590498,,1.095763261619485,"rgba(255, 0, 0, 1.0)",0.08805969744164076,1.0872881729308583,-1.8940352712589412,38.176636519568206,-6.141637535054407,False,True,False,True,False,0.0,0.0,0.0,0.0,0.0,0,0.8603518821603928,1.080441898527005,False,False,False,False,-0.34282825441539394,-0.31895005947813226,False,False,False,False,-44350897,-32683764.910951894,False,False,False,False,2008750.0252842533,False,False,False,False
2023-09-27 00:00:00+00:00,0.9256,0.9499,0.9,0.9,1238098,,,,,,,,,,,,,,,,,,,,,,,1.0020579610979086,1.0859575362891338,1.0855745453212073,1.0843921828584022,1.0828421094814726,1.0822893005356613,1.0989066746017546,1.0998473618246847,1.1634117421396708,1.1486048186710216,1.1213761740900425,1.1059582393545528,1.1055704517934057,1.1020148192770465,1.0864989237771987,1.0630917623786502,,,,,,,1.1486048186710216,1.1020148192770465,,1.0948996627182384,"rgba(255, 0, 0, 1.0)",0.08924105829990081,1.0850976852800196,-1.7872679719240498,35.75491634893284,-8.23365081008859,False,True,False,True,False,0.0,0.0,0.0,0.0,0.0,0,0.8301085028260242,1.1182804571145675,False,False,False,False,-0.34282825441539394,-0.33088915694676313,False,False,False,False,-43112799,-33092746.639934175,False,False,False,False,1978528.3772338906,False,False,False,False
2023-09-28 00:00:00+00:00,0.9357,0.94,0.915,0.926,2549622,,,,,,,,,,,,,,,,,,,,,,,0.9994025547868735,1.083140276935972,1.0829089188712382,1.081803891614056,1.080415037831635,1.0799017347667261,1.0968967594239183,1.0978539661708369,1.1613441465312129,1.147295115172821,1.120349326399576,1.105220311833525,1.1048978558717755,1.1014010113635089,1.0859857232656807,1.0626922502706564,,,,,,,1.147295115172821,1.1014010113635089,,1.0932193050693757,"rgba(255, 0, 0, 1.0)",0.09031424623985793,1.0816325728686278,-1.6158311555970684,35.34081732726855,-8.551262703584989,False,True,False,True,False,0.0,0.0,0.0,0.0,0.0,0,0.8297195479280034,1.1241105064880705,False,False,False,False,-0.33728424519926875,-0.33408670107301597,False,False,False,False,-40563177,-33385704.69327009,False,False,False,False,2000924.2055776597,False,False,False,False
2023-09-29 00:00:00+00:00,0.9101,0.9599,0.89,0.9411,3371983,,,,,,,,,,,,,,,,,,,,,,,0.9957011250342487,1.0793281032668731,1.0792938124630274,1.078289054954622,1.07711044672393,1.0766487033425525,1.094152217500679,1.095131851257384,1.1585467097803908,1.1455063823516738,1.118935907958142,1.104197317407287,1.103964549812938,1.1005477975038591,1.0852678929559645,1.0621270178615776,,,,,,,1.1455063823516738,1.1005477975038591,,1.0909218056359467,"rgba(255, 0, 0, 1.0)",0.0919267266570158,1.0774011773213434,-1.8199405483625481,33.60501974816533,-10.245069977900421,False,True,False,True,False,0.0,0.0,0.0,0.0,0.0,0,0.835991460504835,1.1032692871195948,False,False,False,False,-0.34282825441539394,-0.338457477744205,False,False,False,False,-43935160,-33799408.82294577,False,False,False,False,2054691.217123634,False,False,False,False
2023-10-02 00:00:00+00:00,0.8914,0.91,0.86,0.9,3914252,,,,,,,,,,,,,,,,,,,,,,0.8871333333333333,0.9901278248050068,1.0742524374837081,1.0744681371371798,1.0735873926463335,1.0726736019133574,1.0722764427148512,1.0904897707211778,1.0915009175692818,1.1549433000479044,1.143167455564596,1.1170530288005096,1.102814514400529,1.1027014428506519,1.0993889115056108,1.0842782012321757,1.0613260408649148,,,,,,0.8871333333333333,1.143167455564596,1.0993889115056108,,1.0760107502112426,"rgba(255, 0, 0, 1.0)",0.09399960461868073,1.060207028522504,-1.7958270059463282,31.51848305529063,-12.299399520097772,False,True,False,True,False,0.0,1.0,0.91,0.86,0.0,0,0.8359564671410631,1.1031812473838423,True,False,False,False,-0.34282825441539394,-0.34064286607979943,False,False,False,False,-47849412,-34350389.339693,False,False,False,False,2127615.1693932954,False,False,False,False
2023-10-03 00:00:00+00:00,0.9885,0.9898,0.895,0.9,3302391,,,,,,,,,,,,,,,,,,,,,,0.9194556865798498,0.9887844360546512,1.0717136062802513,1.0720468589019523,1.071232830204052,1.0704532346480498,1.0700901323724243,1.0885378900845488,1.0895598936872595,1.152759162388314,1.1417621964873175,1.1159688612455663,1.1020390968926885,1.1019926139237033,1.098743044760461,1.0837472884737755,1.0609276650958077,,,,,,0.9194556865798498,1.1417621964873175,1.098743044760461,,1.0764596763576866,"rgba(239, 83, 80, 0.5)",0.09436470419705684,1.060399849701097,-0.7619358351503143,38.50088062336101,-18.113743858098733,False,True,False,True,True,0.0,0.0,0.0,0.0,0.0,0,0.8492308944412793,1.0623016195979489,False,False,False,False,-0.2271103399878574,-0.28387660303382845,False,False,False,False,-44547021,-34750257.24794033,False,False,False,False,2173684.8098092447,False,False,False,False
2023-10-04 00:00:00+00:00,0.9735,0.990999,0.9228,0.99,1732935,,,,,,,,,,,,,,,,,,,,,,0.9277775192552841,0.9882226424971431,1.0704778894544087,1.0708663076212854,1.070084418872813,1.0693689184154125,1.0690222183173292,1.0875721644543688,1.0885989802269642,1.151659245894406,1.1410517593245542,1.1154224331399127,1.1016485565861516,1.1016353663994363,1.0984176166890667,1.0834807232779478,1.0607292411008262,,,,,,0.9277775192552841,1.1410517593245542,1.0984176166890667,,1.0762374118545477,"rgba(239, 83, 80, 0.5)",0.09473127679707187,1.0601545590539565,-0.9147407486081192,42.18533480549728,-14.852940078355601,False,True,False,True,True,0.0,0.0,0.0,0.0,0.0,0,0.8615688566686285,1.072104165496916,False,False,False,False,-0.19891017621318408,-0.24139338962350626,False,False,False,False,-46279956,-35202402.29704071,False,False,False,False,2156400.5035422156,False,False,False,False
2023-10-05 00:00:00+00:00,1.02,1.03,0.96,0.9609,1984986,,,,,,,,,,,,,,,,,,,,,,0.9414934052442937,0.9885828509216253,1.0696193252089834,1.0700433347593992,1.0692870056944983,1.0686182658428016,1.0682842227180793,1.0868396497763622,1.0878670795778083,1.1506838340731493,1.1404296372808453,1.1149673456377158,1.1013345288372371,1.1013479737908174,1.098158303240762,1.0832795064288536,1.0605971004106536,,,,,,0.9414934052442937,1.1404296372808453,1.098158303240762,,1.0765549040849345,#000000,0.0948331889294163,1.0609025646684203,-0.4313106532657437,47.31725515144067,-10.247373793906803,True,False,False,False,True,0.0,0.0,0.0,0.0,0.0,0,0.8797472963257549,1.0601464677126118,False,False,False,False,-0.07540584320576832,-0.1583996164146373,False,False,False,False,-44294970,-35558973.5795097,False,False,False,False,2149678.3661484034,False,False,False,False
2023-10-06 00:00:00+00:00,1.05,1.07,1.01,1.03,3803458,,,,,,,,,,,,,,,,,,,,,,0.9677753506240525,0.9909744116663576,1.0689906951173693,1.0694338814475108,1.0687062197101331,1.0680792692644028,1.0677584243314364,1.0861266310576019,1.0871464642310287,1.149347982996017,1.1395964081480068,1.1144143694196968,1.1009817069711174,1.101024792808118,1.0978732983356525,1.0830882627349574,1.0605212774476869,,,,,,0.9677753506240525,1.1395964081480068,1.0978732983356525,,1.0777552615477146,#000000,0.0948331889294163,1.0635682525132,-0.14307493680612898,52.17321453392174,-5.951472765299648,True,False,True,False,True,0.0,0.0,0.0,0.0,0.0,0,0.9583263000194897,1.033465243923743,False,False,False,False,0.028955331920393762,-0.06472214224712176,False,False,False,False,-40491512,-35752406.45874461,False,False,False,False,2214532.4694367014,False,False,False,False
2023-10-09 00:00:00+00:00,1.1,1.11,1.07,1.08,1650428,,,,,,,,,,,,,,,,,,,,,,0.9804198905461875,0.9928784792157159,1.0692407139793851,1.0696681929310268,1.0689430580291848,1.0683107285900282,1.0679901701973729,1.0861775202504977,1.0871896026678005,1.1490471435440028,1.1394247754606808,1.1143439901487144,1.1009615715483627,1.1010062452660956,1.0978630803370948,1.0831095021997914,1.0605836925493888,,,,,,0.9804198905461875,1.1394247754606808,1.0978630803370948,,1.0786563739683135,#000000,0.09494501221309094,1.0654104422315898,0.36431147842478395,57.40320932409594,-1.3205545284073565,True,False,True,False,True,2.1900707303359788,0.0,0.0,0.0,0.0,0,0.966462882689286,0.9827644688251267,False,False,False,False,0.145760254241017,0.04051905599694761,False,False,False,False,-38841084,-35873531.0682056,False,False,False,False,2192410.725537223,False,False,False,False
2023-10-10 00:00:00+00:00,1.06,1.11,1.05,1.11,1356354,,,,,,,,,,,,,,,,,,,,,,0.9875218861375796,0.9940899037973197,1.069274969656887,1.0696974875301142,1.068977484124147,1.068348276862219,1.068029665972893,1.0861034132785947,1.0871106558244814,1.148714428775472,1.139223882322114,1.1142317789802714,1.1009019253577002,1.1009515122833327,1.0978177926314272,1.0830928744117356,1.0606035925124802,,,,,,0.9875218861375796,1.139223882322114,1.0978177926314272,,1.0790995017916922,#000000,0.09494501221309094,1.0664427800860372,-0.06785801524336245,58.14633260606187,-0.8130567971481639,True,False,True,False,True,0.0,0.0,0.0,0.0,0.0,0,0.9330695121525139,0.9913285028323381,False,False,False,False,0.23475951890268223,0.13763928744981493,False,False,False,False,-40197438,-36043096.04592303,False,False,False,False,2159624.187280861,False,False,False,False
2023-10-11 00:00:00+00:00,1.1,1.1,1.07,1.07,1119224,,,,,,,,,,,,,,,,,,,,,,0.9936020279031428,0.9952669395636251,1.069417130857453,1.0698305132906942,1.0691126364720824,1.0684810244107774,1.068162862189315,1.0861218769472472,1.0871241763838868,1.148502293043244,1.1391007274029932,1.1141771919860752,1.1008825386661183,1.1009336677953325,1.0978059006497423,1.0831025549164046,1.0606414048524533,,,,,,0.9936020279031428,1.1391007274029932,1.0978059006497423,,1.0795450274900347,#000000,0.09503104676182669,1.067428126952821,0.34274980816335715,60.22559542094444,1.178177189703682,True,False,True,False,True,2.105947216250783,0.0,0.0,0.0,0.0,0,0.9617155362020532,0.9784276852096202,False,False,False,False,0.3248682086642031,0.231253748057009,False,False,False,False,-39078214,-36162120.27941625,False,False,False,False,2118824.179936514,False,False,False,False
2023-10-12 00:00:00+00:00,1.06,1.1,1.03,1.1,1363185,,,,,,,,,,,,,,,,,,,,,,0.9983014726359815,0.9962693656534302,1.0693667245161216,1.0697790738112722,1.0690677345670379,1.068442869250235,1.0681274622335224,1.0859911127715003,1.086989350031438,1.148129144995981,1.1388705436717257,1.1140380717798588,1.1008013866318938,1.1008591948632362,1.0977421510269005,1.0830688659813525,1.0606456156148294,,,,,,0.9983014726359815,1.1388705436717257,1.0977421510269005,,1.079793537649195,#000000,0.09502398953625989,1.0681358848853089,-0.08561927282798691,59.1515392437404,1.178177189703682,True,False,True,False,True,0.0,0.0,0.0,0.0,0.0,0,0.9618764431655457,0.9661642819631847,False,False,False,False,0.2548922528523,0.2430730004546545,False,False,False,False,-40441399,-36329935.13120385,False,False,False,False,2089191.2709193956,False,False,False,False
2023-10-13 00:00:00+00:00,1.03,1.1,1.0,1.09,6551938,,,,,,,,,,,,,,,,,,,,,,1.0093192214553404,0.9993805181358503,1.0683697201559152,1.0688096293455638,1.0681413397054473,1.067579111577458,1.0672836905809515,1.0848462063756021,1.0858317651685574,1.1459678782462048,1.1374956023294194,1.1131202868326806,1.100210570785291,1.1003167319236133,1.0972628093700494,1.0827460543953453,1.0605164301553773,,,,,,1.0093192214553404,1.1374956023294194,1.0972628093700494,,1.079835150972863,#000000,0.0950594827150553,1.0695111978575382,-0.4156470951559314,56.79375220812959,1.178177189703682,True,False,True,False,True,0.0,0.0,0.0,0.0,0.0,0,0.9504056757764844,0.9586437980807244,False,False,False,False,0.20400293270230374,0.22353796657847913,False,False,False,False,-46993337,-36748107.75350959,False,False,False,False,2264200.9465696155,False,False,False,False
2023-10-16 00:00:00+00:00,1.08,1.11,1.01,1.01,3277360,,,,,,,,,,,,,,,,,,,,,,1.0155723831425967,1.0015342149033164,1.0683377085097412,1.0687710420111736,1.068115255266351,1.0675636766400116,1.0672733629249862,1.0846053726967255,1.0855808934562419,1.1451581461922888,1.136989356499657,1.1128206083390335,1.1000389515504179,1.1001587514204023,1.0971285677276674,1.0826809766236039,1.0605393012767317,,,,,,1.0155723831425967,1.136989356499657,1.0971285677276674,,1.0801687393635848,#000000,0.09508039477342378,1.0706447633812821,0.09839290887476275,57.40623457020119,1.178177189703682,True,False,True,False,True,0.9638186731164922,0.0,0.0,0.0,0.0,0,0.9516076715170753,0.9596865243522881,False,False,False,False,0.23779754146840407,0.23066775402344158,False,False,False,False,-43715977,-37021357.527881764,False,False,False,False,2303932.6741551207,False,False,False,False
2023-10-17 00:00:00+00:00,1.1,1.11,1.05,1.09,3556993,,,,,,,,,,,,,,,,,,,,,,1.0230956056199418,1.0043923454138968,1.068704150929939,1.0691140706577846,1.0684646877150807,1.0679080720699905,1.067619375473098,1.084634589546295,1.085596102855432,1.1445170450152935,1.1366019940610157,1.1126387631225552,1.0999651081036081,1.1000903526604278,1.097078985401872,1.0826984076132153,1.0606443282435822,,,,,,1.0230956056199418,1.1366019940610157,1.097078985401872,,1.080809646147237,#000000,0.09516441359255179,1.0722748572826504,0.2913393953758327,58.597153137619316,1.178177189703682,True,False,True,False,True,2.0372609566885735,0.0,0.0,0.0,0.0,0,0.9721423899035718,0.9521870818115747,False,False,False,False,0.307108785942515,0.2688882699829783,False,False,False,False,-40158984,-37144401.703258954,False,False,False,False,2353072.2947764886,False,False,False,False
2023-10-18 00:00:00+00:00,1.09,1.13,1.07,1.11,2121655,,,,,,,,,,,,,,,,,,,,,,1.0274636401801096,1.0062038881848372,1.0690336753603895,1.0694255293939183,1.0687780202312178,1.068214035987025,1.0679252476751646,1.0847354612898912,1.085687834847251,1.1442062449887742,1.1364194729070332,1.112572796990255,1.0999542793432975,1.1000800311421357,1.0970778231101588,1.0827347506425833,1.060730492827378,,,,,,1.0274636401801096,1.1364194729070332,1.0970778231101588,,1.081249601476554,#000000,0.09477473925049776,1.0733107038597296,0.17609435037493737,58.77583787482371,1.178177189703682,True,False,True,False,True,1.4715707923544663,0.0,0.0,0.0,0.0,0,0.9881539148330079,0.9444267548206212,False,False,False,False,0.3428279099236797,0.30585808995332897,False,False,False,False,-42280639,-37345822.773719385,False,False,False,False,2343997.106746038,False,False,False,False
2023-10-19 00:00:00+00:00,1.09,1.09,1.04,1.07,3211225,,,,,,,,,,,,,,,,,,,,,,1.0312457090211082,1.0081410239947406,1.0691090218939852,1.0694912647584585,1.068853355393582,1.0682951640819078,1.068010088865623,1.0845925933635656,1.0855348108719782,1.1435162859989576,1.135986069847874,1.1123290317534211,1.0998226548329242,1.0999585416696867,1.0969769461741168,1.0826978731608679,1.060775955172723,,,,,,1.0312457090211082,1.135986069847874,1.0969769461741168,,1.0814903759326777,#000000,0.09483167274152025,1.074143615294086,0.16720557855320511,58.89496103295997,1.638393568390299,True,False,True,False,True,1.4715707923544663,0.0,0.0,0.0,0.0,0,0.9743427202814066,0.9604846216679687,False,False,False,False,0.22634568680268596,0.26610188837800747,False,False,False,False,-42280639,-37539344.978671566,False,False,False,False,2378006.0437363894,False,False,False,False
2023-10-20 00:00:00+00:00,1.07,1.1,1.06,1.07,2558664,,,,,,,,,,,,,,,,,,,,,,1.0340457773205887,1.0096811991979993,1.0692130944812392,1.0695861661953,1.0689549736528512,1.0683995537018829,1.0681169591517843,1.0845142455210808,1.0854481457314091,1.1430017346706074,1.135663126388138,1.1121533781808715,1.099731786716475,1.0998745480121621,1.0969084257857513,1.0826790817493273,1.0608214982925346,,,,,,1.0340457773205887,1.135663126388138,1.0969084257857513,,1.08169374675,#000000,0.09483847069794074,1.0747969375370023,-0.0505800810757531,57.62905990742332,1.638393568390299,True,False,True,False,True,0.3198033019637698,0.0,0.0,0.0,0.0,0,1.030663778442502,0.9446656314049633,False,False,False,False,0.2753590644960952,0.27073047643705134,False,False,False,False,-44839303,-37825617.842253074,False,False,False,False,2385090.6694722176,False,False,False,False
2023-10-23 00:00:00+00:00,1.08,1.09,1.03,1.06,1330837,,,,,,,,,,,,,,,,,,,,,,1.0350592520396162,1.010339683024863,1.069194985528776,1.0695662195804208,1.068939597965424,1.0683883869183695,1.06810770582021,1.084422951841962,1.0853531615784724,1.1426973447713036,1.1354683034454636,1.1120371445492827,1.099664435663057,1.0998123779940405,1.0968554519814793,1.0826531745527679,1.0608301987311353,,,,,,1.0350592520396162,1.1354683034454636,1.0968554519814793,,1.0817288456462733,#000000,0.09483526367357173,1.0750131340222255,0.05258451112594157,57.32665814790861,1.638393568390299,True,False,True,False,True,0.8892979681189139,0.0,0.0,0.0,0.0,0,0.9977242625472784,0.9648295120943032,False,False,False,False,0.21025342077060474,0.24049194860382805,False,False,False,False,-43508466,-38048474.632752955,False,False,False,False,2343747.3883164446,False,False,False,False
2023-10-24 00:00:00+00:00,1.09,1.09,1.06,1.06,1586812,,,,,,,,,,,,,,,,,,,,,,1.0366645692078311,1.0112864089127644,1.0692858346878422,1.0696505296653127,1.0690275055273621,1.0684769243393335,1.0681974936306091,1.0843961395782444,1.0853210751509605,1.1424006595390215,1.1352821808635412,1.1119398293966465,1.0996167922472166,1.0997682505602633,1.0968203211034333,1.082648066057392,1.060864160652057,,,,,,1.0366645692078311,1.1352821808635412,1.0968203211034333,,1.0818615730070489,#000000,0.09478646476529518,1.0754097432427474,0.15392763928246753,57.677215404759195,1.830789243664249,True,False,True,False,True,1.4615307285957222,0.0,0.0,0.0,0.0,0,1.006258347070405,0.964536033267704,False,False,False,False,0.2588884220482978,0.24969018532606294,False,False,False,False,-41921654,-38200364.01970382,False,False,False,False,2314063.6475981525,False,False,False,False
2023-10-25 00:00:00+00:00,1.07,1.1,1.07,1.07,1644661,,,,,,,,,,,,,,,,,,,,,,1.0382116970666089,1.0122408685232993,1.0693783974959372,1.069736487362714,1.0691171551933665,1.0685672757541684,1.0682891350124266,1.0843686907699133,1.0852882224074203,1.142096107106159,1.1350905866006138,1.1118395884795491,1.0995676549682074,1.0997227213807128,1.0967840637050024,1.0826427920456745,1.0608992339286016,,,,,,1.0382116970666089,1.1350905866006138,1.0967840637050024,,1.0819906281059044,#000000,0.09376097092323817,1.0757981616249017,-0.06183982063974777,56.399595055585564,1.830789243664249,True,False,True,False,True,0.27535637292557524,0.0,0.0,0.0,0.0,0,1.0212168974943228,0.9596071089787446,False,False,False,False,0.2919767565763425,0.2708334709512027,False,False,False,False,-43566315,-38410793.469911516,False,False,False,False,2287812.563378617,False,False,False,False
2023-10-26 00:00:00+00:00,1.12,1.12,1.03,1.06,5175229,,,,,,,,,,,,,,,,,,,,,,1.0434420404761184,1.0154972867441843,1.069924161697165,1.0702525829261014,1.0696405889105074,1.0690833496111327,1.068806937674222,1.0844771994691487,1.0853780177277164,1.1413081323987766,1.1346041505168567,1.1116260175353174,1.099492832486993,1.0996527651334438,1.0967383580833214,1.0826886131148648,1.0610661079980999,,,,,,1.0434420404761184,1.1346041505168567,1.0967383580833214,,1.0825693613237628,#000000,0.09135741724942936,1.0772394458963224,0.46805782596644974,58.255516291808505,3.0641083317386233,True,False,True,False,True,3.1199979682661976,0.0,0.0,0.0,0.0,1,1.0057007347290008,0.9355026362777282,False,False,False,False,0.2588884220482978,0.2648609464997502,False,False,False,False,-38391086,-38410020.6279542,False,False,False,False,2401044.580501024,False,False,False,False
2023-10-27 00:00:00+00:00,1.2,1.2,1.12,1.13,5538859,,,,,,,,,,,,,,,,,,,,,,1.0561125447895137,1.0222681477929672,1.0727725680237958,1.072987875894818,1.0723496207202976,1.0717024428047637,1.0714086382367543,1.0862726279113695,1.0871361547131924,1.1418183030515947,1.135046212678394,1.112265168318394,1.1001057360177342,1.100215820126062,1.0972866987305796,1.0832888189115124,1.0617509193107728,,,,,,1.0561125447895137,1.135046212678394,1.0972866987305796,,1.084987546943089,"rgba(38, 166, 154, 1.0)",0.09065489274373571,1.0815139141633752,1.307001555575854,62.49094435077652,7.275964589278701,True,False,True,False,True,7.326090994030135,0.0,0.0,0.0,0.0,1,1.0423338802647923,0.90017516203201,False,False,False,False,0.34282798508547413,0.30384446579261215,False,False,False,False,-32852227,-38192067.93666188,False,False,False,False,2524096.126363729,False,False,False,False
2023-10-30 00:00:00+00:00,1.24,1.25,1.17,1.2,9234214,,,,,,,,,,,,,,,,,,,,,,1.079036981708406,1.035465729646522,1.0792367246591748,1.0792160267153095,1.0785122249550125,1.0776641267907814,1.0773289793367065,1.0906306721519425,1.0914210491012089,1.1438409711825706,1.13663264180265,1.1140939715362879,1.1017422017057676,1.1017227008300574,1.0987340325865809,1.0847815216932708,1.0633440247726968,,,,,,1.079036981708406,1.13663264180265,1.0987340325865809,,1.0902002694808792,"rgba(0, 255, 255, 0.75)",0.09140178222876423,1.0901600215057887,1.6393551070939236,66.4286603570668,11.0140288374281,True,False,True,False,True,9.287914668471789,0.0,0.0,0.0,0.0,1,1.0645315744628643,0.877270505604886,False,False,False,False,0.34282802652083055,0.32333624615672135,False,False,False,False,-23618013,-37620536.370518275,False,False,False,False,2787238.00376123,False,False,False,False
2023-10-31 00:00:00+00:00,1.22,1.26,1.15,1.24,4207861,,,,,,,,,,,,,,,,,,,,,,1.086884411875166,1.0406173989565453,1.0818016053698252,1.0816929801175803,1.0809663358936434,1.0800447476859003,1.07969477080417,1.0923773932841336,1.093138429389084,1.1446118393468585,1.1372516869258769,1.1148301307677018,1.1024113714852335,1.102339858038927,1.0993288353967932,1.0854014532357232,1.064013719415516,,,,,,1.086884411875166,1.1372516869258769,1.0993288353967932,,1.092200409881687,"rgba(38, 166, 154, 1.0)",0.09031442788771091,1.0933987338876272,1.401783403530804,67.57921518627492,12.080463474372124,True,False,True,False,True,8.059424864830337,0.0,0.0,0.0,0.0,0,1.0599605143744486,0.8775612493942943,False,False,False,False,0.33147549813421134,0.32740587214546635,False,False,False,False,-27825874,-37236431.96383128,False,False,False,False,2842948.7094960837,False,False,False,False
2023-11-01 00:00:00+00:00,1.19,1.23,1.15,1.21,1973962,,,,,,,,,,,,,,,,,,,,,,1.0897037103341727,1.0426575974045276,1.0827881158705503,1.0826467767843857,1.0819127056722129,1.080964892982989,1.080609844420204,1.0930429538843247,1.0937920821330047,1.144858581637642,1.1374596516985072,1.1150998339302398,1.1026646187435971,1.1025736223883233,1.0995556492162297,1.0856438187881412,1.0642830268740475,,,,,,1.0897037103341727,1.1374596516985072,1.0995556492162297,,1.0929563225154764,"rgba(38, 166, 154, 1.0)",0.08715208428141259,1.0946184903545015,1.0944260304494053,66.26271034897597,12.080463474372124,True,False,True,False,True,6.246923446975135,0.0,0.0,0.0,0.0,0,1.0530966940101998,0.891910301479236,False,False,False,False,0.29789429583584165,0.31265008399065397,False,False,False,False,-29799836,-36944800.74956339,False,False,False,False,2808870.7993197665,False,False,False,False
2023-11-02 00:00:00+00:00,1.18,1.1995,1.125,1.19,3036077,,,,,,,,,,,,,,,,,,,,,,1.092870110768674,1.0452398168188284,1.083968859658226,1.0837896481804774,1.0830490080582775,1.0820730098864515,1.0817129512871697,1.0938225289272754,1.0945561108329191,1.1450518520695632,1.1376447349882124,1.1153910728200855,1.1029546193161663,1.1028415578795934,1.0998186157284442,1.0859368733155927,1.0646234513421444,,,,,,1.092870110768674,1.1376447349882124,1.0998186157284442,,1.093843813051653,"rgba(38, 166, 154, 0.5)",0.08402169406691183,1.0960558311118782,0.9990773194988384,64.7115004825555,12.080463474372124,True,False,True,False,False,5.648322439986483,0.0,0.0,0.0,0.0,0,1.0344541433465952,0.9270915608481682,False,False,False,False,0.23739170351074176,0.2750208937506979,False,False,False,False,-32835913,-36783667.89663933,False,False,False,False,2817780.846405266,False,False,False,False
2023-11-03 00:00:00+00:00,1.27,1.32,1.18,1.18,7818359,,,,,,,,,,,,,,,,,,,,,,1.108289625361396,1.0558778276490974,1.0899076638496688,1.0895410803300218,1.0887456985771735,1.0876053310427738,1.0872107294673699,1.0980609352351358,1.0987340281185445,1.147385350783056,1.1394638925961984,1.1173598715772586,1.1046873508868276,1.104442803748857,1.1013515486249221,1.0874840248659032,1.066230488407735,,,,,,1.108289625361396,1.1394638925961984,1.1013515486249221,,1.0983751912424669,"rgba(0, 255, 255, 0.75)",0.08498489336876733,1.1097965749935306,1.8850812027416812,66.7382317732568,12.080463474372124,True,False,True,False,False,10.043435008770132,0.0,0.0,0.0,0.0,0,1.0497463592636078,0.8855067285326941,False,False,False,False,0.3428280514955687,0.3089244726231333,False,False,False,False,-25017554,-36322251.665398575,False,False,False,False,3013881.9504678044,False,False,False,False
2023-11-06 00:00:00+00:00,1.25,1.2983,1.24,1.27,3425107,,,,,,,,,,,,,,,,,,,,,,1.1144080179563725,1.0603398010262974,1.0924731451012866,1.092029509693493,1.0912116845466657,1.0900035481253154,1.0895946961274043,1.0999177723472024,1.1005653365254506,1.1484325279956107,1.1402840108201073,1.118242207725803,1.105464165780589,1.1051615237183032,1.1020397115484735,1.0881771318659277,1.0669483467969347,,,,,,1.1144080179563725,1.1402840108201073,1.1020397115484735,,1.1003113610412494,"rgba(0, 255, 255, 0.75)",0.08584100760934274,1.1127643853925138,1.5987185895118712,66.78591517348227,12.080463474372124,True,False,True,False,False,8.838624937345728,0.0,0.0,0.0,0.0,0,1.0766688736358225,0.8866855112535451,False,False,False,False,0.3428280616111835,0.3258762671171584,False,False,False,False,-28442661,-36013248.10989275,False,False,False,False,3030008.422998479,False,False,False,False
2023-11-07 00:00:00+00:00,1.25,1.25,1.185,1.22,3349975,,,,,,,,,,,,,,,,,,,,,,1.1186567065926536,1.0638102383516554,1.094417061638322,1.093918063266186,1.0930861807882766,1.09183146425375,1.0914132213299443,1.1013182871030718,1.1019454163193863,1.1491355439442912,1.140853100835815,1.1188917377171121,1.106051885807686,1.1057059863641208,1.1025641430244673,1.0887170957688663,1.0675228310177511,,,,,,1.1186567065926536,1.140853100835815,1.1025641430244673,,1.1017552331837268,"rgba(0, 255, 255, 0.75)",0.08693540126319452,1.1145413686972112,1.558152712641097,66.81770410696592,12.080463474372124,True,False,True,False,False,8.838624937345728,0.0,0.0,0.0,0.0,0,1.0506742399491606,0.9054296031522031,False,False,False,False,0.2461126984651839,0.2859944827911711,False,False,False,False,-28442661,-35716362.34087735,False,False,False,False,3042556.1319004996,False,False,False,False
2023-11-08 00:00:00+00:00,1.16,1.23,1.15,1.22,2836909,,,,,,,,,,,,,,,,,,,,,,1.1205347337680334,1.0658079434470233,1.0954416414290407,1.0949163861743767,1.0940808356976837,1.0928071840246403,1.0923857457334307,1.1020383244763188,1.102652921888665,1.1493638158848463,1.1410662018709992,1.1191955366163446,1.1063502198877648,1.105983057793911,1.1028354923587578,1.0890139416991185,1.0678608771474274,,,,,,1.1205347337680334,1.1410662018709992,1.1028354923587578,,1.1024902858763754,"rgba(38, 166, 154, 0.5)",0.08480755762684411,1.115031111906575,0.5302462345548191,61.68399819471368,16.915594653881072,True,False,True,False,False,3.6198297056721884,0.0,0.0,0.0,0.0,0,1.0304044639249097,0.9141417397624506,False,False,False,False,0.19650474076879676,0.24124961177998394,False,False,False,False,-31279570,-35542370.48437235,False,False,False,False,3034491.538492637,False,False,False,False
2023-11-09 00:00:00+00:00,1.17,1.215,1.15,1.16,2446724,,,,,,,,,,,,,,,,,,,,,,1.1220216045286975,1.0674521670520358,1.096288767389015,1.0957424821872312,1.0949042917532914,1.093615766874663,1.0931918889222418,1.1026357760033154,1.1032399685101142,1.149547433057879,1.1412403502876245,1.1194480200158645,1.1065998158002637,1.1062150231050958,1.103062976018236,1.089263752169513,1.0681464920746708,,,,,,1.1220216045286975,1.1412403502876245,1.103062976018236,,1.103095092691162,"rgba(38, 166, 154, 0.5)",0.08310277383950354,1.1155258831878083,0.6555029910000059,58.706620198823586,14.120516459401344,True,False,True,False,False,4.120072440644027,0.0,0.0,0.0,0.0,0,1.016169594247955,0.9306069464995973,False,False,False,False,0.18314904844771923,0.2121993301138516,False,False,False,False,-28832846,-35279251.877142064,False,False,False,False,3011441.8311007693,False,False,False,False
2023-11-10 00:00:00+00:00,1.14,1.16,1.12,1.15,1669291,,,,,,,,,,,,,,,,,,,,,1.14,1.1223317016253287,1.06816826720307,1.0965914305269928,1.096039502331372,1.0952030043942313,1.093913036660418,1.0934895187144065,1.1028343377085632,1.103433485785404,1.1495063245472423,1.1412364084149977,1.1195077105192028,1.1066786430891569,1.1062887633556098,1.1031387522101241,1.0893603800355267,1.068273011310347,,,,,,1.1223317016253287,1.1412364084149977,1.1031387522101241,,1.105333015468444,#000000,0.08360080408251523,1.1153901970771938,0.29437280170793434,55.25949201428435,10.936860033981539,True,False,True,False,False,2.4583194853534884,0.0,0.0,0.0,0.0,0,1.0021773699375718,0.9399668002926663,False,False,False,False,0.10853416606475394,0.16036674808930276,False,False,False,False,-30502137,-35091914.03882277,False,False,False,False,2958808.465175249,False,False,False,False
2023-11-13 00:00:00+00:00,1.13,1.16,1.12,1.14,1237583,,,,,,,,,,,,,,,,,,,,1.1366666666666667,1.1385808546683942,1.1225126969332357,1.0686658959256015,1.0967961037965097,1.0962406440467372,1.0954056330093205,1.094115216124927,1.0936921045275743,1.102967109557564,1.1035626869286308,1.1494654684651566,1.1412256667866514,1.119544578604395,1.106731022260417,1.1063378404529123,1.1031896688413647,1.0894270810447266,1.068362177480874,,,,,,1.1225126969332357,1.1412256667866514,1.1031896688413647,,1.1070257429537715,#000000,0.08332154384352418,1.1138918826110777,0.19332475907038882,52.48439100034963,8.41827927004939,False,False,False,False,False,1.9088937253693565,0.0,0.0,0.0,0.0,0,1.0021773699375718,0.9468790858087669,False,False,False,False,0.10853416606475394,0.13445045707702835,False,False,False,False,-31739720,-34960455.449065015,False,False,False,False,2891309.4273252394,False,False,False,False
2023-11-14 00:00:00+00:00,1.23,1.24,1.16,1.16,2524690,,,,,,,,,,,,,,,,,,,,1.185877325577738,1.1717777758548613,1.124709568730087,1.0707299284617462,1.0979633936413207,1.097378119771842,1.0965367874848966,1.0952224887822661,1.0947948133113057,1.1038171939281325,1.1044001993718164,1.1498558867207427,1.1415538837326606,1.1199393344726902,1.1070976874145733,1.1066783631583905,1.1035195494045507,1.0897729006733177,1.0687378796867582,,,,,,1.124709568730087,1.1415538837326606,1.1035195494045507,,1.1121243726410368,"rgba(38, 166, 154, 1.0)",0.08490615291958208,1.119142662033842,1.3056455174827581,54.97778820611495,8.41827927004939,True,False,True,False,False,6.842119037419533,0.0,0.0,0.0,0.0,0,1.0243215821986371,0.8969809691251592,False,False,False,False,0.21442149736781266,0.1744359772224205,False,False,False,False,-29215030,-34735144.6471409,False,False,False,False,2876932.194881113,False,False,False,False
2023-11-15 00:00:00+00:00,1.19,1.24,1.19,1.24,1710820,,,,,,,,,,,,,,,,,,,,1.1923758119951553,1.1801347351248546,1.126080812777787,1.0720619951265224,1.0987176729422268,1.098113637623199,1.0972685409513874,1.0959394223434102,1.095508960076142,1.1043677632579025,1.1049425964649213,1.1501030933014045,1.1417637752636414,1.1201950539518126,1.1073366755914473,1.1069004412023051,1.1037349708088369,1.0899996490674004,1.0689853572038333,,,,,,1.126080812777787,1.1417637752636414,1.1037349708088369,,1.1133963665828521,"rgba(38, 166, 154, 0.5)",0.08610605461546413,1.120601137786879,0.805969597876075,54.69105017000713,8.41827927004939,True,False,True,False,False,4.64792614560881,0.0,0.0,0.0,0.0,0,1.03244610257618,0.8909366209355192,False,False,False,False,0.24155702170696491,0.2079964994646927,False,False,False,False,-30925850,-34585760.54333145,False,False,False,False,2831202.304885775,False,False,False,False
2023-11-16 00:00:00+00:00,1.25,1.29,1.19,1.19,2463888,,,,,,,,,,,,,,,,,,,,1.208194625891129,1.19634438104605,1.1288396517217734,1.0744454354859199,1.1001485524763635,1.0995076659786738,1.0986530178595237,1.0972924683584804,1.0968556104738403,1.1054309228125268,1.105991663083255,1.1506837100738678,1.142233125832396,1.1207157415692772,1.10780516370673,1.1073354571651393,1.1041535950919779,1.090426813924125,1.069434716370089,,,,,,1.1288396517217734,1.142233125832396,1.1041535950919779,,1.1160259115221653,"rgba(38, 166, 154, 1.0)",0.08894694659238143,1.1237477333254597,1.4194109130369421,56.61951027262373,8.41827927004939,True,False,True,False,True,7.421082476118691,0.0,0.0,0.0,0.0,1,1.0315944985546253,0.8741141319272087,False,False,False,False,0.2875929275523518,0.24779471350852222,False,False,False,False,-28461962,-34345611.58084787,False,False,False,False,2816797.822341235,False,False,False,False
2023-11-17 00:00:00+00:00,1.21,1.27,1.21,1.27,1787314,,,,,,,,,,,,,,,,,,,,1.2122024280423414,1.2016239443841474,1.1305372868645176,1.0760000406253682,1.1010739076584322,1.100410062186427,1.0995499596994942,1.0981703300217422,1.0977296902715101,1.10611843092238,1.106669843466831,1.1510404218844963,1.1425263440561784,1.1210499301276342,1.1081097561912239,1.1076185192535526,1.1044267576026985,1.0907083039856214,1.0697343544646816,,,,,,1.1305372868645176,1.1425263440561784,1.1044267576026985,,1.1171210690373305,"rgba(38, 166, 154, 0.5)",0.09066470668257677,1.1251590230650352,0.9357662980369935,56.0453681241778,8.41827927004939,True,False,True,False,True,5.268666717517441,0.0,0.0,0.0,0.0,1,1.0395677710710622,0.887793375271253,False,False,False,False,0.2875929275523518,0.267693820530437,False,False,False,False,-30249276,-34184970.96983422,False,False,False,False,2776425.907739618,False,False,False,False
2023-11-20 00:00:00+00:00,1.25,1.27,1.19,1.21,1630138,,,,,,,,,,,,,,,,,,,,1.2157147201156293,1.2060101301798676,1.1321371995854301,1.0774513026396195,1.1019495123516314,1.1012640718084197,1.1003986740720022,1.0990009071381448,1.0985566358854888,1.106772285933051,1.1073150366355393,1.1513902121725201,1.1428123257314573,1.121371495000841,1.1084013639225656,1.1078895539308165,1.10468803834837,1.0909762920474144,1.0700179965974073,,,,,,1.1321371995854301,1.1428123257314573,1.10468803834837,,1.118111460741906,"rgba(38, 166, 154, 1.0)",0.09328427748139052,1.1264596674712808,1.3243424922636564,57.0477533694159,8.41827927004939,True,False,True,False,True,7.078623690801496,0.0,0.0,0.0,0.0,1,1.0341560978784872,0.8860281903809338,False,False,False,False,0.2690461548428187,0.26836998768662784,False,False,False,False,-28619138,-33966703.01023288,False,False,False,False,2731473.440769437,False,False,False,False
2023-11-21 00:00:00+00:00,1.31,1.35,1.27,1.27,4108503,,,,,,,,,,,,,,,,,,,,1.2407663244979263,1.2309480843714402,1.1386476345706151,1.0826275757641783,1.105281383198988,1.1045101193686007,1.1036182721787064,1.1021426190829973,1.1016816066541029,1.1093056916277995,1.1098190634484475,1.1530065849324358,1.1440826470053722,1.122684543438645,1.1095473376819125,1.1089537662071534,1.105705366495426,1.0919851540615442,1.071041318767676,,,,,,1.1386476345706151,1.1440826470053722,1.105705366495426,,1.1229660575449456,"rgba(0, 255, 255, 0.75)",0.09754972320461565,1.1327770319642505,1.8167449605573467,59.51713076435638,3.7377774361936105,True,False,True,False,True,9.67394939530259,0.0,0.0,0.0,0.0,1,1.0525700362173724,0.8565783197124358,False,False,False,False,0.34282808014306515,0.3055990339148465,False,False,False,False,-24510635,-33595876.81375316,False,False,False,False,2785474.599954949,False,False,False,False
2023-11-22 00:00:00+00:00,1.32,1.34,1.28,1.3,2558768,,,,,,,,,,,,,,,,,,,,1.2510695755147978,1.241653726149102,1.142541134862773,1.085782070628702,1.1073359882247207,1.106513197057219,1.1056055089409031,1.104083054190102,1.1036119823824746,1.1108774993157537,1.1113729912761967,1.1540177385276758,1.1448797909754242,1.1235074983583666,1.110266246687872,1.1096218061203238,1.1063441325051113,1.0926183233105977,1.0716830723174386,,,,,,1.142541134862773,1.1448797909754242,1.1063441325051113,,1.1254413335445028,"rgba(0, 255, 255, 0.75)",0.10185987385964372,1.1361217840843338,1.8052075753504118,61.44324391769921,5.717071196897223,True,False,True,False,True,10.095724913922368,0.0,0.0,0.0,0.0,1,1.0551415503323993,0.8579345747540627,False,False,False,False,0.34282808014306515,0.3242135570289558,False,False,False,False,-21951867,-33139248.9779197,False,False,False,False,2776584.1450547553,False,False,False,False
2023-11-24 00:00:00+00:00,1.33,1.36,1.32,1.34,572493,,,,,,,,,,,,,,,,,,,,1.2537050071768807,1.244338073649183,1.1435043968677399,1.0865472408935866,1.107841579373086,1.1070060810974849,1.1060943485938275,1.1045601996716639,1.1040865868453753,1.1112660116782953,1.1117572139206617,1.1542751068864459,1.1450816773810093,1.123713166037118,1.1104448022716147,1.1097877259876252,1.1065025608237777,1.0927744154858534,1.0718400110513748,,,,,,1.1435043968677399,1.1450816773810093,1.1065025608237777,,1.126059273983821,"rgba(0, 255, 255, 0.75)",0.10618972156365035,1.1369581943335545,1.8178953934890572,63.02028333310024,7.358681991704316,True,False,True,False,True,10.520530622587366,0.0,0.0,0.0,0.0,1,1.066160168264443,0.8550166823051877,False,False,False,False,0.3428280916335452,0.3335208243312505,False,False,False,False,-21379374,-32678077.410158146,False,False,False,False,2690149.198189863,False,False,False,False
2023-11-27 00:00:00+00:00,1.39,1.41,1.35,1.38,3823892,,,,,,,,,,,,,,,,,,,,1.275815933731015,1.2664036889856847,1.1511981488082654,1.0924724655323905,1.1118394868005521,1.1109029713398715,1.1099574413152606,1.1083285167721761,1.1078339863243618,1.1143573791615415,1.114815948567022,1.1564108596221283,1.1467451538845184,1.1253756061453024,1.1118747993299742,1.1111164573892118,1.107768624117944,1.094010429857956,1.0730673957204857,,,,,,1.1511981488082654,1.1467451538845184,1.107768624117944,,1.1310681733371402,"rgba(0, 255, 0, 1.0)",0.11163802994378547,1.1437458892780623,2.205826373377756,65.6863479740539,10.00468251887149,True,False,True,False,True,13.004808770621239,0.0,0.0,0.0,0.0,0,1.0637062853059585,0.8444553761094946,False,False,False,False,0.34282810478763054,0.33817446455944056,False,False,False,False,-17555482,-32085034.452897042,False,False,False,False,2734609.700221633,False,False,False,False
2023-11-28 00:00:00+00:00,1.47,1.47,1.4,1.41,4218410,,,,,,,,,,,,,,,,,,,,1.3028734851127894,1.2932682685533008,1.16129735043818,1.1001052784690037,1.1171153120359518,1.1160465676613052,1.1150549025464427,1.1132997280490051,1.1127769574574178,1.1184712432901533,1.118888563337148,1.1593660455666739,1.1490376006247038,1.1276292865215094,1.1137990629101535,1.1129049499749786,1.1094698722470084,1.0956576466397443,1.074684348807552,,,,,,1.16129735043818,1.1490376006247038,1.1094698722470084,,1.1374603405391064,"rgba(0, 255, 0, 1.0)",0.12034068455996151,1.1524846801416433,2.638470281429636,69.14059854623268,13.314969504772044,True,False,True,False,True,16.092690195720834,0.0,0.0,0.0,0.0,0,1.0753928529039978,0.8280091008418309,False,False,False,False,0.34282811975040367,0.3405012921549221,False,False,False,False,-13337072,-31349820.239057943,False,False,False,False,2792797.947271765,False,False,False,False
2023-11-29 00:00:00+00:00,1.36,1.47,1.35,1.46,6725967,,,,,,,,,,,,,,,,,,,,1.321110444993285,1.312480388675148,1.173289341301214,1.1098458188865,1.1238847337631321,1.1226578842082837,1.1216137244884081,1.1197099115913816,1.1191543462595122,1.1237915840783892,1.1241557106831852,1.1631034621652427,1.151978991206194,1.1305680699209546,1.116337514111425,1.1152680512942887,1.1117238613022642,1.0978581706628328,1.076868200850492,,,,,,1.173289341301214,1.151978991206194,1.1117238613022642,,1.143968432128533,"rgba(0, 255, 255, 0.75)",0.12430161371104946,1.1616257822960825,1.5959102362504862,66.17206234555766,13.314969504772044,True,False,True,False,True,10.142566800828234,0.0,0.0,0.0,0.0,0,1.055487730599473,0.8350855800701653,False,False,False,False,0.30951947832901366,0.3250103852419679,False,False,False,False,-20063039,-30907201.366938025,False,False,False,False,2947039.8709081667,False,False,False,False
2023-11-30 00:00:00+00:00,1.41,1.4375,1.35,1.36,3537830,,,,,,,,,,,,,,,,,,,,1.328594115116764,1.320431765361311,1.1792671559099859,1.1148142209040668,1.127388191214141,1.12608270017721,1.1250125069081296,1.1230346638076698,1.1224627634260163,1.1265670258118559,1.126904177811277,1.165070411008543,1.1535346132317663,1.1321216587893306,1.1176820446211433,1.116520861110062,1.1129194061614465,1.099025224639761,1.0780258804147163,,,,,,1.1792671559099859,1.1535346132317663,1.1129194061614465,,1.1471294413907998,"rgba(0, 255, 255, 0.75)",0.12921311376004893,1.166071305961931,1.8878013766547634,65.44140456910227,13.314969504772044,True,False,True,False,False,12.049744606692098,0.0,0.0,0.0,0.0,0,1.0547136724562913,0.8469309388930804,False,False,False,False,0.2882245691767597,0.30661747720936383,False,False,False,False,-16525209,-30343201.66627379,False,False,False,False,2970208.1112647094,False,False,False,False
2023-12-01 00:00:00+00:00,1.5,1.52,1.38,1.41,5539152,,,,,,,,,,,,,,,,,,,,1.346615198945723,1.338795866543967,1.190701983840197,1.124026799705092,1.1340166567353522,1.1325618404362696,1.13143972105481,1.129318563831831,1.1287145567126928,1.131850507499419,1.1321387268148833,1.1689543102026367,1.1565899058526066,1.1351241237514071,1.1202603751030449,1.1189234906470267,1.115208137641031,1.1012413002743453,1.080199328380825,,,,,,1.190701983840197,1.1565899058526066,1.115208137641031,,1.1535095470512189,"rgba(0, 255, 0, 1.0)",0.1367012915971319,1.1749461617366397,2.37784028567423,66.84137423376129,13.314969504772044,True,False,True,False,False,15.27549258014,0.0,0.0,0.0,0.0,0,1.0672261926674802,0.819715453688607,False,False,False,False,0.34282812332557966,0.32472280026747175,False,False,False,False,-10986057,-29584097.953870896,False,False,False,False,3070951.008862172,False,False,False,False
2023-12-04 00:00:00+00:00,1.41,1.5,1.4,1.5,4845710,,,,,,,,,,,,,,,,,,,,1.3558435343496156,1.3484835154614854,1.1989751441258094,1.1310275362367261,1.1391023674738927,1.1375399282666296,1.13638150849838,1.1341579216428173,1.1335311478457493,1.1359374988848914,1.1361885018175077,1.171936664964098,1.1589603253930412,1.1374731598731598,1.1222922344794217,1.1208194502256517,1.1170173505341827,1.103000787234853,1.0819347908390637,,,,,,1.1989751441258094,1.1589603253930412,1.1170173505341827,,1.1579264930603672,"rgba(0, 255, 255, 0.75)",0.14044637850808322,1.1810988588100986,1.6298116307550587,64.35292187769062,13.314969504772044,True,False,True,False,False,10.789672301126718,0.0,0.0,0.0,0.0,0,1.0799753456087449,0.8251030047118714,False,False,False,False,0.34282812332557966,0.33377546179652573,False,False,False,False,-15831767,-29044790.857640665,False,False,False,False,3140549.4006714984,False,False,False,False
2023-12-05 00:00:00+00:00,1.37,1.44,1.36,1.39,2949796,,,,,,,,,,,,,,,,,,,,1.3578492016734005,1.3508429594727753,1.2028079830846352,1.134510168026032,1.1416428846320135,1.1400308507759316,1.1388567482262184,1.1365868843597022,1.1359500057148748,1.137994386267303,1.138226707337197,1.173405499497154,1.1601445593076656,1.1386650290429101,1.1233346710847962,1.1217936688551042,1.117949421409709,1.1039143130888454,1.0828450970274897,,,,,,1.2028079830846352,1.1601445593076656,1.117949421409709,,1.159860580993882,"rgba(38, 166, 154, 1.0)",0.14272004477991773,1.1837944308762354,1.3046910783338395,61.36354809123419,17.472016695067367,True,False,True,False,False,8.898983259184966,0.0,0.0,0.0,0.0,0,1.070720479032524,0.8346725857213116,False,False,False,False,0.27858268217220844,0.3061790719843671,False,False,False,False,-18781563,-28642311.33381162,False,False,False,False,3133068.8751549693,False,False,False,False
2023-12-06 00:00:00+00:00,1.41,1.44,1.355,1.37,3614845,,,,,,,,,,,,,,,,,,,,1.3607905932326072,1.3541520883477496,1.2075802371853803,1.1388414719992817,1.1448298732024391,1.1431565185137333,1.1419628266773065,1.1396354781357598,1.138986004007307,1.1405846536399598,1.1407939272756824,1.175274243492555,1.1616521592798914,1.1401774494344319,1.1246565207272792,1.1230294726936492,1.1191316023277602,1.1050712303464982,1.0839954217219983,,,,,,1.2075802371853803,1.1616521592798914,1.1191316023277602,,1.1623316722232246,"rgba(0, 255, 255, 0.75)",0.1458909614795967,1.1872133110530623,1.5270767063804362,60.39455683099577,16.47893563503763,True,False,True,False,False,10.352796976514917,0.0,0.0,0.0,0.0,0,1.079523102035414,0.8321756268255378,False,False,False,False,0.27543244800412087,0.29080575999424396,False,False,False,False,-15166718,-28113856.693269987,False,False,False,False,3151962.056521441,False,False,False,False
2023-12-07 00:00:00+00:00,1.43,1.46,1.395,1.41,6283067,,,,,,,,,,,,,,,,,,,,1.3678478913400425,1.361693665454643,1.216419583453557,1.1467756566695866,1.1507434878530887,1.1489576960536894,1.1477271706039378,1.1452933454863516,1.1446203556662617,1.1454154915654917,1.14558316407482,1.1788247094135127,1.164514472020905,1.1430291519517954,1.1271427565263994,1.12535479106461,1.121354851581643,1.1072397369635294,1.0861413960920598,,,,,,1.216419583453557,1.164514472020905,1.121354851581643,,1.1670883880966276,"rgba(0, 255, 255, 0.75)",0.14945991899966726,1.1937345065016038,1.5807950056424296,60.25381476107573,16.164182520976894,True,False,True,False,False,11.070174997872996,0.0,0.0,0.0,0.0,0,1.0956725661571847,0.8219449935850632,False,False,False,False,0.31360892546811264,0.30220734273117833,False,False,False,False,-8883651,-27359730.97980842,False,False,False,False,3274750.4856774625,False,False,False,False
2023-12-08 00:00:00+00:00,1.38,1.44,1.38,1.41,7371314,,,,,,,,,,,,,,,,,,,,1.371358833754196,1.3657756930880816,1.2246567095870597,1.1546642576747954,1.1566975633392127,1.154809355703637,1.1535472444605757,1.1510180140919188,1.1503242831711316,1.1503329819833297,1.1504593853015999,1.1824063568303673,1.1674428533964232,1.1459784623920601,1.1297386557958944,1.1277871739087422,1.1236857467795789,1.109525792380572,1.0884195502579355,,,,,,1.2246567095870597,1.1674428533964232,1.1236857467795789,,1.1715067849419534,"rgba(38, 166, 154, 1.0)",0.15183945053489376,1.19971181394222,1.187360632712171,58.337082495070035,14.122160058710051,False,False,True,False,False,8.700757196811093,0.0,0.0,0.0,0.0,0,1.0866762218231465,0.8263508123636496,False,False,False,False,0.2912383896353829,0.2967228661832806,False,False,False,False,-16254965,-26924249.960992407,False,False,False,False,3435400.0352587383,False,False,False,False
2023-12-11 00:00:00+00:00,1.37,1.4,1.33,1.35,4862199,,,,,,,,,,,,,,,,,,,1.3666666666666667,1.3710435734021365,1.365834206651109,1.2287388600980311,1.15893289696452,1.159954591309523,1.1580173743253777,1.1567417947756222,1.1541683250411858,1.1534652662057685,1.1530545874875986,1.1531586136837944,1.184353740413485,1.169063710280637,1.1476366288535422,1.1312161974302408,1.1291745586217645,1.1250190886770686,1.110843449460379,1.0897453966293411,,,,,,1.2287388600980311,1.169063710280637,1.1250190886770686,,1.1833414763488894,"rgba(38, 166, 154, 1.0)",0.15381866825162155,1.2113316391655549,1.0315286345795844,56.70195959207032,12.375593717900067,False,False,True,False,False,8.233141407306345,0.0,0.0,0.0,0.0,0,1.0799298839843225,0.8425141199120907,False,False,False,False,0.2349369983803074,0.26582993228179397,False,False,False,False,-21117164,-26696521.099777017,False,False,False,False,3491352.935836827,False,False,False,False
2023-12-12 00:00:00+00:00,1.36,1.39,1.34,1.37,2374834,,,,,,,,,,,,,,,,,,,1.3655728325866874,1.370798587543216,1.3657564796545074,1.2306024177619925,1.1609234824580563,1.1614838965085037,1.1595247325010054,1.1582433169521016,1.155650189396435,1.1549430198426298,1.1543387987800324,1.154432439780309,1.1852728931370624,1.169832639697333,1.1484253112752405,1.1319210693642014,1.1298369257453722,1.125656115088006,1.1114738116946177,1.0903806550353792,,,,,,1.2306024177619925,1.169832639697333,1.125656115088006,,1.1842534807401344,"rgba(38, 166, 154, 0.5)",0.15532677788432883,1.212572946826749,0.9491412567834208,55.234734602121186,10.795645252916515,False,False,True,False,False,7.761337854310565,0.0,0.0,0.0,0.0,0,1.0907497075048442,0.8317731343637903,False,False,False,False,0.22310951348790262,0.2444697228848483,False,False,False,False,-23491998,-26570853.52723674,False,False,False,False,3447567.8795295004,False,False,False,False
2023-12-13 00:00:00+00:00,1.46,1.47,1.3492,1.36,4024043,,,,,,,,,,,,,,,,,,,1.3873088671573952,1.3736392115181681,1.3687904015530374,1.2350907089570768,1.165233175899759,1.164816838442555,1.1628038887181673,1.1615055978741196,1.1588618854382289,1.158143646701699,1.1571253430206307,1.1571970810362946,1.187353053030446,1.1715419045662157,1.1501369449275372,1.133428570473424,1.1312516054122437,1.1270121502855441,1.1128004453042106,1.0916975215650953,,,,,,1.2350907089570768,1.1715419045662157,1.1270121502855441,,1.1877869420940925,"rgba(0, 255, 255, 0.75)",0.15896252263852412,1.2169820782945577,1.5287749443814345,57.26043230290935,10.795645252916515,False,False,True,False,False,11.437861355874343,0.0,0.0,0.0,0.0,0,1.0842517588426135,0.8336952869694814,False,False,False,False,0.2832666192554373,0.2638681710701428,False,False,False,False,-19467955,-26292308.486952946,False,False,False,False,3470174.7469989317,False,False,False,False
2023-12-14 00:00:00+00:00,1.51,1.55,1.47,1.48,4326478,,,,,,,,,,,,,,,,,,,1.421362990532917,1.380739339569766,1.3759981980735445,1.241703140322336,1.1711474695904849,1.1694237056252026,1.1673307871736853,1.1660050198303828,1.1632838195933526,1.1625481861305347,1.1609689176858753,1.1610112940066029,1.190318161155214,1.173948954492019,1.1525036766423542,1.1354898594529945,1.1331842056177448,1.1288598472585882,1.1145912999034402,1.0934526694744362,,,,,,1.241703140322336,1.173948954492019,1.1288598472585882,,1.193193577106574,"rgba(0, 255, 255, 0.75)",0.16407677504177057,1.2237472297171255,1.7446269906877465,59.824762516722664,10.795645252916515,False,False,True,False,True,13.162948292284113,0.0,0.0,0.0,0.0,1,1.1058889392444882,0.8109885100370556,False,False,False,False,0.3428281105984163,0.3033481408342795,False,False,False,False,-15141477,-25855020.977660675,False,False,False,False,3503755.266724464,False,False,False,False
2023-12-15 00:00:00+00:00,1.44,1.55,1.42,1.5,21815509,,,,,,,,,,,,,,,,,,,1.449730750621502,1.3993011345924578,1.3952397428956231,1.2663968887960604,1.1949397516623734,1.188375787768716,1.1860019799720325,1.184585936527401,1.1815970455656046,1.1808023013786968,1.1770578620760717,1.1769845739991698,1.202704296017366,1.1841978379016038,1.162694583532927,1.144474634342768,1.1416327503308124,1.1369614530042933,1.1224916736866863,1.1012542247043495,,,,,,1.2663968887960604,1.1841978379016038,1.1369614530042933,,1.2088712604688259,"rgba(38, 166, 154, 1.0)",0.1670938313297895,1.2441265321378328,1.1722363794243005,58.79320623183003,10.795645252916515,False,False,True,False,True,9.872307661316519,0.0,0.0,0.0,0.0,1,1.0813413450184988,0.8241977381858256,False,False,False,False,0.3039174206157549,0.3036327807250172,False,False,False,False,-36956986,-26290392.155007314,False,False,False,False,4221863.256264681,False,False,False,False
2023-12-18 00:00:00+00:00,1.46,1.48,1.41,1.48,2967332,,,,,,,,,,,,,,,,,,,1.4497505411709084,1.4006957205334685,1.3967230926181358,1.2690589919365973,1.1976721570153088,1.1906004912938137,1.1881987085024803,1.1867743517028801,1.1837592832421708,1.1829588670124123,1.1789771146946009,1.1788908965669498,1.2041850422409566,1.1854435825896512,1.1639434809642033,1.1455867813804244,1.1426812764862528,1.1379693966375586,1.1234789337745241,1.1022342768376607,,,,,,1.2690589919365973,1.1854435825896512,1.1379693966375586,,1.210479149360048,"rgba(38, 166, 154, 1.0)",0.17028045969797773,1.246203532716498,1.2555549101917363,58.65743900936674,10.795645252916515,False,False,True,False,True,10.573384385450044,0.0,0.0,0.0,0.0,1,1.0654261861767553,0.8534453429640679,False,False,False,False,0.24131666377198036,0.2724747222484988,False,False,False,False,-33989654,-26592323.99206585,False,False,False,False,4172665.9520974387,False,False,False,False
2023-12-19 00:00:00+00:00,1.52,1.54,1.46,1.46,4697179,,,,,,,,,,,,,,,,,,,1.4556826383687747,1.405117473638488,1.4012435751400325,1.2743901446902417,1.2028246936381564,1.19479843220659,1.1923389847689656,1.1908957902591872,1.187825231654909,1.1870124838906504,1.1825844599537727,1.1824741959731944,1.2070251642563692,1.1878091653346945,1.1662856554908376,1.1476554642003434,1.1446299300367369,1.139839094231543,1.125298736764979,1.1040254165351853,,,,,,1.2743901446902417,1.1878091653346945,1.139839094231543,,1.2139878365516827,"rgba(0, 255, 255, 0.75)",0.17464656923095798,1.2507027188609263,1.5419557471120244,60.12221648783715,10.795645252916515,False,False,True,False,True,12.628706011200062,0.0,0.0,0.0,0.0,1,1.0676889432714587,0.8542084298768582,False,False,False,False,0.3268105767938849,0.29964264952119185,False,False,False,False,-29292475,-26698212.266886797,False,False,False,False,4193235.091230873,False,False,False,False
2023-12-20 00:00:00+00:00,1.48,1.54,1.48,1.53,3641925,,,,,,,,,,,,,,,,,,,1.458996170853656,1.4080909191725473,1.4042945967813105,1.27824779185367,1.206617825453094,1.1979093566384558,1.1954092379668455,1.1939530125612672,1.1908434883615455,1.1900221209472204,1.1852707696709939,1.1851429805458162,1.209142608551009,1.1895816101624024,1.1680445889360247,1.14921367837111,1.146098945694462,1.1412496416100701,1.1266733977343744,1.1053804686348534,,,,,,1.27824779185367,1.1895816101624024,1.1412496416100701,,1.2165091605250364,"rgba(38, 166, 154, 1.0)",0.17734427961880575,1.253924744547213,1.2747817744035863,59.501927209846095,10.795645252916515,False,False,True,False,True,10.767393271923588,0.0,0.0,0.0,0.0,1,1.0781026268516831,0.8542084298768582,False,False,False,False,0.3428280934029126,0.3212353714620522,False,False,False,False,-32934400,-26942768.64857751,False,False,False,False,4171615.0876531918,False,False,False,False
2023-12-21 00:00:00+00:00,1.51,1.535,1.5,1.51,2329831,,,,,,,,,,,,,,,,,,,1.4615526201108047,1.4101920893732045,1.4064401659564802,1.280809485307324,1.2091155014844779,1.1999636233420186,1.1974365734638839,1.1959715875306722,1.1928361274022197,1.1920089978248618,1.1870463234195725,1.1869070869041676,1.2105502457133068,1.1907592529850584,1.1692105383462117,1.1502456162413808,1.147071921254193,1.1421837115769433,1.1275826469518153,1.1062752420040196,,,,,,1.280809485307324,1.1907592529850584,1.1421837115769433,,1.2182079678596307,"rgba(38, 166, 154, 1.0)",0.1803584239260277,1.2560905560664195,1.4078047390662445,59.90902662616641,10.795645252916515,False,False,True,False,True,11.79484316699967,0.0,0.0,0.0,0.0,1,1.0752055185290839,0.8508856098130236,False,False,False,False,0.34282809598599995,0.33203173372402606,False,False,False,False,-30604569,-27086368.662358787,False,False,False,False,4099388.2606864,False,False,False,False
2023-12-22 00:00:00+00:00,1.52,1.6081,1.52,1.54,4264989,,,,,,,,,,,,,,,,,,,1.4683247122254592,1.4150254522598908,1.4113372640921191,1.28602557731939,1.2140865514975276,1.2040588067742626,1.2014764410454677,1.1999928290752404,1.196803512011057,1.1959643039361074,1.190583057963933,1.1904212422214835,1.2133808953974947,1.1931192784148492,1.1715348697054027,1.1522962453686587,1.1490049489416538,1.1440380906155774,1.1293828101796355,1.1080400036466453,,,,,,1.28602557731939,1.1931192784148492,1.1440380906155774,,1.221744844634593,"rgba(38, 166, 154, 1.0)",0.1833091240362972,1.277393657075626,1.3234820917933983,60.45758044015589,10.795645252916515,False,False,True,False,True,12.136864984298924,0.0,0.0,0.0,0.0,1,1.0875341125585705,0.8305700015447196,False,False,False,False,0.3428281103326326,0.33742992202832933,False,False,False,False,-26339580,-27057082.832462363,False,False,False,False,4105882.407326149,False,False,False,False
2023-12-26 00:00:00+00:00,1.5,1.54,1.48,1.54,1842852,,,,,,,,,,,,,,,,,,,1.4695611434641271,1.416380280698549,1.4127279946759086,1.287861853025925,1.2159219605533251,1.2055835811226847,1.2029827189476006,1.2014932699182004,1.1982862584511649,1.1974431468886533,1.1919106247046178,1.1917405393141032,1.2144358172240324,1.1940083565666215,1.172417905675332,1.1530812088018505,1.1497459826676293,1.1447502705301167,1.1300772943756205,1.1087248369094218,,,,,,1.287861853025925,1.1940083565666215,1.1447502705301167,,1.2229567522257743,"rgba(38, 166, 154, 1.0)",0.1854399579087226,1.2782316428034488,1.1959038370021102,59.9102212353959,10.795645252916515,False,False,True,False,True,11.185083344481274,0.0,0.0,0.0,0.0,1,1.085843608553145,0.846522033192862,False,False,False,False,0.2652796945709299,0.30135480829962963,False,False,False,False,-28182432,-27101214.172365803,False,False,False,False,4017136.1168427705,False,False,False,False
2023-12-27 00:00:00+00:00,1.53,1.58,1.51,1.51,3941827,,,,,,,,,,,,,,,,,,,1.4741062791781263,1.4201696539363338,1.4165793283008736,1.292271806752623,1.220212936268173,1.2091494416017647,1.2065034506496188,1.2049991348464009,1.2017483928448485,1.2008955231771263,1.1950099563582859,1.1948206776924184,1.2169214928482004,1.196094207857059,1.174477982437651,1.1549058019439342,1.151467849575517,1.1464037004981606,1.1316849633098476,1.1103038548386024,,,,,,1.292271806752623,1.196094207857059,1.1464037004981606,,1.2259363217457786,"rgba(38, 166, 154, 1.0)",0.18776389165387636,1.281949709577697,1.321075571226221,60.484357067175864,10.795645252916515,False,False,True,False,True,12.234437295647467,0.0,0.0,0.0,0.0,1,1.088907483918205,0.835259662151561,False,False,False,False,0.3150848937989792,0.3082198510493044,False,False,False,False,-24240605,-26989033.42050832,False,False,False,False,4014182.8181430544,False,False,False,False
2023-12-28 00:00:00+00:00,1.46,1.54,1.46,1.53,3102424,,,,,,,,,,,,,,,,,,,1.4747133329927893,1.4217361597656089,1.4182097471896147,1.2949114561137294,1.2229610169525997,1.211459062896664,1.2087882035641069,1.2072765515432158,1.204002403552397,1.2031444542521708,1.197039601062184,1.196838170429323,1.2185327438018112,1.197466415991025,1.1758489853056266,1.1561325801733973,1.1526278355651796,1.1475203193581962,1.1327773231414777,1.1113852719536814,,,,,,1.2949114561137294,1.197466415991025,1.1475203193581962,,1.2276685817802402,"rgba(38, 166, 154, 0.5)",0.18858025497322187,1.2834360917810679,0.9362799315548911,57.79891087438203,10.795645252916515,False,True,True,False,False,8.947741408064157,0.0,0.0,0.0,0.0,1,1.0650330367826857,0.8465220331928619,False,False,False,False,0.25129245675240025,0.2797561539008523,False,False,False,False,-27343029,-27002915.60009623,False,False,False,False,3978427.570372739,False,False,False,False
2023-12-29 00:00:00+00:00,1.46,1.475,1.42,1.45,3077056,,,,,,,,,,,,,,,,,,,1.4736591113869608,1.4224195168145064,1.418964271846972,1.2969945447794395,1.2252768054726852,1.2134255980222808,1.2107369384744533,1.2092208132455844,1.2059305451250377,1.2050692319416179,1.1987850196914822,1.1985734640932193,1.2199057860020461,1.1986514924138503,1.1770451473570893,1.1572125033305887,1.1536507140116947,1.1485070437913112,1.1337476331945828,1.1123522643890074,,,,,,1.2969945447794395,1.1986514924138503,1.1485070437913112,,1.2290064222692205,"rgba(38, 166, 154, 0.5)",0.18902037666027544,1.2843186717117443,0.9294306327830787,56.008613412519466,9.908991601649433,False,True,True,False,False,8.947741408064157,0.0,0.0,0.0,0.0,1,1.0494894769743695,0.8684621796207542,False,False,False,False,0.17928663596249733,0.2295213949316748,False,False,False,False,-27343029,-27016253.38048461,False,False,False,False,3943079.665652239,False,False,False,False
2024-01-02 00:00:00+00:00,1.43,1.48,1.41,1.48,3124350,,,,,,,,,,,,,,,,,,,1.4721651687844297,1.4228178400518068,1.4194351804955916,1.2988984348989612,1.22746196398119,1.2152935033672558,1.2125896096379012,1.21107007306825,1.2077663436351889,1.2069022959890765,1.2004523103135265,1.2002313008165235,1.2212141300498736,1.1997885653928966,1.1781979771555982,1.1582578524902496,1.1546417994100413,1.1494640998124215,1.1346909000022403,1.1132949459327715,,,,,,1.2988984348989612,1.1997885653928966,1.1494640998124215,,1.2302317147642898,"rgba(38, 166, 154, 0.5)",0.18897507843699884,1.2851733298622738,0.766379732902235,53.558908166352026,7.556945344881598,False,True,False,False,False,7.55967389608659,0.0,0.0,0.0,0.0,1,1.0544154228855722,0.8574834162520729,False,False,False,False,0.1759088100242679,0.20271510247797137,False,False,False,False,-30467379,-27151591.640073452,False,False,False,False,3910972.619940387,False,False,False,False
2024-01-03 00:00:00+00:00,1.4,1.42,1.36,1.4,3506501,,,,,,,,,,,,,,,,,,,1.4684246218324932,1.4220866880950838,1.4187954631406763,1.3002886913925973,1.2293350493765687,1.21692571194044,1.2142141134374103,1.2126945983219062,1.2093855016365431,1.2085206879502826,1.2019370652755739,1.2017081077403733,1.2223548240354196,1.2008065685449034,1.1792513410534475,1.1592290884367147,1.155565396488747,1.1503594299714976,1.1355818852239685,1.1141962879128766,,,,,,1.3002886913925973,1.2008065685449034,1.1503594299714976,,1.2310830560903763,"rgba(38, 166, 154, 0.5)",0.18850205174881546,1.285292897851484,0.6085191173482111,50.737275248957324,4.927210658282576,False,True,False,False,False,6.189811230574978,0.0,0.0,0.0,0.0,1,1.0334258973567827,0.8740100791936645,False,False,False,False,0.1024569164325651,0.15258600945526823,False,False,False,False,-33973880,-27419132.36007057,False,False,False,False,3895110.9877858623,False,False,False,False
2024-01-04 00:00:00+00:00,1.39,1.42,1.37,1.4,2371082,,,,,,,,,,,,,,,,,,,1.4660901961989778,1.4216124974787794,1.4183803697256927,1.3012058077260196,1.2305778298956245,1.218012549140307,1.2152961472544614,1.2137767825325085,1.210464450658333,1.2095992072745596,1.2029281633388664,1.2026939831410601,1.2231176264581844,1.2014888907681318,1.1799577950331337,1.1598812987835774,1.1561858890656762,1.1509611321918563,1.1361808950909806,1.1148024907020968,,,,,,1.3012058077260196,1.2014888907681318,1.1509611321918563,,1.2316607001229414,"rgba(38, 166, 154, 0.5)",0.18833607133463665,1.2855003713470912,0.5548572183351599,48.462902777403784,2.85924479159646,False,True,False,True,False,5.734174069848823,0.0,0.0,0.0,0.0,1,1.0438234687564445,0.8711074448339863,False,False,False,False,0.10221206061607506,0.12739903503567165,False,False,False,False,-36344962,-27769164.894969765,False,False,False,False,3835345.1451275935,False,False,False,False
2024-01-05 00:00:00+00:00,1.44,1.4575,1.38,1.41,3811360,,,,,,,,,,,,,,,,,,,1.4641742371119641,1.4217214992152836,1.4185706875128268,1.3031496158131957,1.232927644329007,1.2200504813376742,1.2173208630760237,1.2157993973247667,1.212476075874986,1.211608757830264,1.2047682434255267,1.2045241980576995,1.2245610306125179,1.202759699073132,1.181255138210404,1.1610669980688655,1.1573122952251613,1.1520509674492778,1.1372589083424074,1.1158844822841092,,,,,,1.3031496158131957,1.202759699073132,1.1520509674492778,,1.2329620610087546,"rgba(38, 166, 154, 0.5)",0.1884299905836407,1.2866556888380132,0.8137999194662167,49.29852730045228,2.85924479159646,False,True,False,False,False,7.6622327441334654,0.0,0.0,0.0,0.0,1,1.0382000152800062,0.8631166119133115,False,False,False,False,0.13471866057557363,0.13105884780562266,False,False,False,False,-32533602,-27956005.565755263,False,False,False,False,3834404.5512010218,False,False,False,False
2024-01-08 00:00:00+00:00,1.38,1.43,1.38,1.42,3016322,,,,,,,,,,,,,,,,,,,1.461723825044136,1.4212196911009882,1.4181367944192567,1.304289865759008,1.2344724130843054,1.2214105836607998,1.2186755264147242,1.2171544408575052,1.2138276217459838,1.212959889301256,1.2060137834599383,1.205763385629706,1.225525421213185,1.203625091938239,1.1821509081408426,1.1618953483227557,1.1581009817369048,1.1528161260884848,1.1380207247281657,1.1166553745712862,,,,,,1.304289865759008,1.203625091938239,1.1528161260884848,,1.2337218898608735,#000000,0.18762824106953202,1.2871404336652519,0.4949125238579396,47.43609892826626,2.0169438377393902,False,True,False,True,False,4.937602834043645,0.0,0.0,0.0,0.0,1,1.032855662547072,0.8711047084691789,False,False,False,False,0.11586891192135344,0.12346387986348806,False,False,False,False,-35549924,-28253806.288666822,False,False,False,False,3802322.882526472,False,False,False,False
2024-01-09 00:00:00+00:00,1.35,1.405,1.34,1.4,3351606,,,,,,,,,,,,,,,,,,,1.4579738969806402,1.4199957774507697,1.4169924044225979,1.3051013895620884,1.2358265414298157,1.222628839118915,1.2198934010317473,1.218375049392156,1.2150502218663815,1.2141834184207405,1.2071521970820271,1.2068963877771353,1.2263884643608647,1.2044214031158293,1.1829919033139111,1.1626857376945838,1.1588557429048372,1.1535510593972653,1.1387589925376507,1.1174106951031069,,,,,,1.3051013895620884,1.2044214031158293,1.1535510593972653,,1.234256676148153,#000000,0.18594333656900422,1.2872007672847159,0.3377331711587266,45.136149746539445,-0.15355373617731516,False,True,False,True,False,3.61553813691609,0.0,0.0,0.0,0.0,0,1.0330645776636063,0.8817305491263321,False,False,False,False,0.03187841319055676,0.07767114652702241,False,False,False,False,-38901530,-28671364.081268124,False,False,False,False,3784647.710662689,False,False,False,False
2024-01-10 00:00:00+00:00,1.35,1.37,1.31,1.35,2889197,,,,,,,,,,,,,,,,,,,1.4542664505334835,1.4185835831148412,1.4156498242110873,1.3055369163747692,1.2367794494892768,1.2235052319369206,1.220772748724653,1.2192580834872873,1.2159383761645626,1.2150731768156464,1.2079876255936743,1.2077281292373552,1.2270089509532118,1.2050097955611552,1.1836251196981058,1.1632897185065083,1.1594340457921553,1.1541160231918879,1.1393309807767311,1.1180014717578322,,,,,,1.3055369163747692,1.2050097955611552,1.1541160231918879,,1.2345447850960574,#000000,0.1838409837258734,1.28701326039091,0.3426153316444942,43.60285029205491,-1.6000228561778727,False,True,False,True,False,3.61553813691609,0.0,0.0,0.0,0.0,0,1.0025564332643095,0.9105248357491627,False,False,False,False,-0.018718212517704516,0.029476467004658946,False,False,False,False,-38901530,-29072547.058473296,False,False,False,False,3749531.9965190543,False,False,False,False
2024-01-11 00:00:00+00:00,1.33,1.36,1.29,1.36,3842947,,,,,,,,,,,,,,,,,,,1.449004060449488,1.416385309539337,1.4135435946710067,1.3058522998696576,1.2378268433492408,1.2244919791921025,1.221766705550529,1.2202582576007142,1.2169487537757115,1.2160864872155672,1.208948185003962,1.2086847920543609,1.2277073364579139,1.205691367164084,1.1843725669044862,1.164013057537397,1.1601284508739749,1.1547965614634585,1.1400250959834255,1.1187247291818443,,,,,,1.3058522998696576,1.205691367164084,1.1547965614634585,,1.2347628216919133,#000000,0.1809337655229279,1.2865622448443963,0.24007544987560298,41.83276212448929,-3.2955583567149063,False,True,False,True,False,2.7232418529068028,0.0,0.0,0.0,0.0,0,0.9846220878078786,0.9256734244047466,False,False,False,False,-0.042087157181256905,-0.00630534508829898,False,False,False,False,-42744477,-29608701.173827287,False,False,False,False,3753195.3299888954,False,False,False,False
2024-01-12 00:00:00+00:00,1.4,1.44,1.37,1.37,3221055,,,,,,,,,,,,,,,,,,,1.4474780905151492,1.4161288158373493,1.4133449684205843,1.3070567779089535,1.2394276535288773,1.2259143810450024,1.2231840091380688,1.2216760841392005,1.2183634393091547,1.2175008441701765,1.210258002345538,1.2099882683499361,1.228732901825645,1.2066151144474135,1.185327384502743,1.1648978791042475,1.1609719585659057,1.1556154542943715,1.1408402930026897,1.1195491800335569,,,,,,1.3070567779089535,1.2066151144474135,1.1556154542943715,,1.235643575024228,"rgba(38, 166, 154, 0.5)",0.17743990276116428,1.2874023885176935,0.6345675900976108,44.265938276997765,-3.2955583567149063,False,True,False,True,True,5.538927369514514,0.0,0.0,0.0,0.0,0,1.0000000000000002,0.9026065561165646,False,False,False,False,0.08263887079705896,0.03816676285437999,False,False,False,False,-39523422,-29997513.755245827,False,False,False,False,3732327.0817540367,False,False,False,False
2024-01-16 00:00:00+00:00,1.37,1.39,1.3548,1.36,1873409,,,,,,,,,,,,,,,,,,,1.4460316513680829,1.415625616179424,1.4128779304795496,1.3075173037446395,1.2401670265572657,1.2265851935790293,1.223854780877871,1.2223483598996077,1.219036933424577,1.2181748683633262,1.2108878432279693,1.210615273517414,1.2292164822639804,1.207062388453181,1.185798619469462,1.1653414088115137,1.161395984313072,1.1560285608612055,1.1412550667522967,1.1199731237801744,,,,,,1.3075173037446395,1.207062388453181,1.1560285608612055,,1.235989720796182,#000000,0.1734962633551447,1.2876238073796014,0.4748009612851183,44.63552468008509,-3.2955583567149063,False,True,False,True,True,4.189803315791288,0.0,0.0,0.0,0.0,0,0.993483151878766,0.9043161188548967,False,False,False,False,0.031722613754050166,0.03494468830421508,False,False,False,False,-41396831,-30444545.804059718,False,False,False,False,3659428.333449957,False,False,False,False
2024-01-17 00:00:00+00:00,1.29,1.35,1.28,1.32,4778046,,,,,,,,,,,,,,,,,,,1.4395700872680912,1.412573227866002,1.4099313548773629,1.3075021006080676,1.241102448630723,1.2275147243816384,1.2247984658340472,1.223301765067616,1.2200083364469314,1.2191511564258466,1.2118320519878456,1.2115563900557742,1.2298793754768873,1.207746351619707,1.1865734818607283,1.1661106190245334,1.1621380589392962,1.156759832245061,1.1420098957960234,1.1207705822689702,,,,,,1.3075021006080676,1.207746351619707,1.156759832245061,,1.2360415153340578,#000000,0.1691505928545998,1.2868780892969336,0.018456398232963973,42.11054202826965,-3.2955583567149063,False,True,False,True,True,0.7375705456556858,0.0,0.0,0.0,0.0,0,0.9780032969297341,0.9019936121986399,False,False,False,False,-0.0576904398073922,-0.01137287575158856,False,False,False,False,-46174877,-31061421.537233848,False,False,False,False,3703295.692922508,False,False,False,False
2024-01-18 00:00:00+00:00,1.27,1.31,1.27,1.31,1229053,,,,,,,,,,,,,,,,,,,1.4377287276644954,1.4116485820065796,1.4090343268617325,1.3073914964035058,1.2412547031516343,1.2276808881251897,1.2249695453893845,1.223475863261913,1.2201883921197083,1.2193327828165175,1.2120129079111739,1.2117368379366096,1.2299968019912415,1.2078796287318205,1.1867327808322912,1.1662745079854606,1.1622970985468266,1.1569176896060285,1.1421755901198145,1.1209490021287103,,,,,,1.3073914964035058,1.2078796287318205,1.1569176896060285,,1.235983907679532,#000000,0.16380252610004603,1.286585649503141,-0.10125392994861901,39.83460060008338,-5.056036936865304,False,True,False,True,False,0.0,0.0,0.0,0.0,0.0,0,0.9602368866328257,0.9418358714043993,False,False,False,False,-0.09683859706398389,-0.05410573640778622,False,False,False,False,-47403930,-31702304.222048208,False,False,False,False,3606266.5677098604,False,False,False,False
2024-01-19 00:00:00+00:00,1.27,1.29,1.23,1.29,2564659,,,,,,,,,,,,,,,,,,,1.4335427396671467,1.409466917885495,1.4069114425098908,1.3069747470209394,1.2414195634690304,1.2279009861772223,1.225202099142703,1.223715615708533,1.2204428707855413,1.21959108296107,1.212282360248326,1.2120060990935748,1.2301489195930535,1.2080829127218338,1.1869950331181165,1.1665568443434942,1.1625730090184099,1.1571939112980159,1.1424712840500915,1.1212743514229921,,,,,,1.3069747470209394,1.2080829127218338,1.1571939112980159,,1.235737639511774,#000000,0.1575183807378357,1.2857922219548161,-0.10025637567402215,38.31730631462586,-6.527399302144161,False,True,False,True,False,0.0,0.0,0.0,0.0,0.0,0,0.9338283871990697,0.9414127533627547,False,False,False,False,-0.1442212899286814,-0.09916351316823382,False,False,False,False,-47403930,-32318054.252556123,False,False,False,False,3565419.2121133953,False,False,False,False
2024-01-22 00:00:00+00:00,1.23,1.28,1.23,1.26,1869594,,,,,,,,,,,,,,,,,,,1.4303290723748325,1.4077397178142417,1.4052273075479742,1.3065617400735487,1.2414479703602177,1.2279850596113628,1.2252965327959058,1.2238158170068425,1.220555142768364,1.2197064568372087,1.2124134626311611,1.2121374574821526,1.2302036823496947,1.2081857464868997,1.187143589199082,1.1667263621219892,1.1627400827808252,1.1573628930436366,1.1426563324793517,1.121482874176246,,,,,,1.3065617400735487,1.2081857464868997,1.1573628930436366,,1.2354858649970768,#000000,0.15389407641867264,1.285115051890144,-0.35813627900922007,36.08245286647558,-8.687320417914243,False,True,False,True,False,0.0,0.0,0.0,0.0,0.0,0,0.9481573850521344,0.9310180149107213,False,False,False,False,-0.15217559994266985,-0.12566955655545184,False,False,False,False,-49273524,-32982974.634808823,False,False,False,False,3498916.2626187527,False,False,False,False
2024-01-23 00:00:00+00:00,1.28,1.28,1.23,1.26,1725242,,,,,,,,,,,,,,,,,,,1.4277204116079858,1.4063396613582742,1.4038643947960006,1.306290272539333,1.2415567621989008,1.2281305966766232,1.225450331173325,1.2239743855250957,1.2207234832478209,1.219877333251141,1.212591994174091,1.2123158775316831,1.2303047302775278,1.2083210452054165,1.1873182217350606,1.1669146374676111,1.1629241689159844,1.1575472587742521,1.1428537805945933,1.1217002193743546,,,,,,1.306290272539333,1.2083210452054165,1.1575472587742521,,1.2353359783212536,#000000,0.14955152174972056,1.2846323937723825,-0.030975236615344598,37.44489945290439,-8.687320417914243,False,True,False,True,False,0.3591185357530229,0.0,0.0,0.0,0.0,0,0.9622489311930306,0.930090613320427,False,False,False,False,-0.15217559994266985,-0.13892257824906085,False,False,False,False,-47548282,-33554163.158933967,False,False,False,False,3429360.409182723,False,False,False,False
2024-01-24 00:00:00+00:00,1.22,1.31,1.22,1.3,3240956,,,,,,,,,,,,,,,,,,,1.4226538696246032,1.4035431745045803,1.401137308389595,1.3056339584259535,1.241634877833199,1.2282984459062367,1.2256353986895834,1.2241690963242264,1.2209383206874087,1.2200973525387975,1.2128367675964682,1.212560984809945,1.2304169358203947,1.2085122549902705,1.1875869585127348,1.1672177092755232,1.163222489032314,1.1578484354157115,1.1431820993066624,1.1220684501457292,,,,,,1.3056339584259535,1.2085122549902705,1.1578484354157115,,1.234959744391497,#000000,0.14646181435125863,1.2836018967402751,-0.43425582990347955,36.45512417644848,-8.687320417914243,False,True,False,True,False,0.0,0.0,0.0,0.0,0.0,0,0.959830132742181,0.9185385005742368,False,False,False,False,-0.13628506366560422,-0.13760382095733253,False,False,False,False,-50789238,-34230048.44681891,False,False,False,False,3421972.000979479,False,False,False,False
2024-01-25 00:00:00+00:00,1.26,1.27,1.23,1.24,2335310,,,,,,,,,,,,,,,,,,,1.4192456746527642,1.4016317744025235,1.3992734756545775,1.3051982226176857,1.2417123495608715,1.2284361365007193,1.2257850397116508,1.2243254744934693,1.2211087129140175,1.220271359857211,1.2130268082282403,1.2127511820760954,1.2305106253279938,1.2086599322804725,1.1877894419119768,1.167443462713597,1.1634443917301869,1.1580720444524149,1.1434247724463455,1.1223393550702467,,,,,,1.3051982226176857,1.2086599322804725,1.1580720444524149,,1.2347225118301528,#000000,0.1437841224679323,1.2829314418768463,-0.1594852163315917,37.85195760672881,-8.687320417914243,False,True,False,True,False,0.0,0.0,0.0,0.0,0.0,0,0.9705136080767072,0.9145321973237893,False,False,False,False,-0.16014906572012536,-0.14887644333872896,False,False,False,False,-48453928,-34787847.644982874,False,False,False,False,3379357.8048626366,False,False,False,False
2024-01-26 00:00:00+00:00,1.24,1.28,1.23,1.27,1596270,,,,,,,,,,,,,,,,,,,1.4169486820132864,1.4003242670921259,1.3979978069142092,1.3048856599714578,1.2417496957670087,1.2285169004200485,1.2258741336199206,1.2244192308918902,1.2212122132391439,1.2203773692757136,1.2131450269288249,1.2128695762307025,1.2305649369004739,1.2087528262288822,1.1879201282640244,1.1675911313228375,1.1635898411989685,1.1582189605713196,1.143585022031614,1.1225191903806802,,,,,,1.3048856599714578,1.2087528262288822,1.1582189605713196,,1.2345531299631567,#000000,0.14213963442923,1.2824700190906024,-0.2987908281961135,38.116048159109305,-8.687320417914243,False,True,False,True,True,0.0,0.0,0.0,0.0,0.0,0,0.970592152579846,0.9120961082549746,False,False,False,False,-0.2344940486678118,-0.19168524600327036,False,False,False,False,-50050198,-35386371.18831688,False,False,False,False,3309432.792907239,False,False,False,False
2024-01-29 00:00:00+00:00,1.2,1.26,1.19,1.26,7067168,,,,,,,,,,,,,,,,,,,1.4055964436650972,1.3935707376198285,1.3913872447992466,1.3027281157807244,1.2412590647401143,1.2283236081474183,1.2257265540927849,1.2242958869822556,1.221141244682509,1.220319697697879,1.213194183150567,1.2129222675369424,1.2303955542651661,1.2088307811230994,1.1881850211401204,1.1679767119014288,1.1639818013036787,1.1586296053668892,1.1440683105705927,1.1231027235065767,,,,,,1.3027281157807244,1.2088307811230994,1.1586296053668892,,1.2332817779036458,"rgba(239, 83, 80, 0.5)",0.13991091116515014,1.2796991063660286,-0.5696418220874295,37.033076648684066,-8.687320417914243,False,True,False,True,True,0.0,0.0,0.0,0.0,0.0,0,0.9568132252766484,0.9461511537115316,False,False,False,False,-0.3217534509947388,-0.2567193484990046,False,False,False,False,-57117366,-36238567.06328485,False,False,False,False,3456794.957891269,False,False,False,False
2024-01-30 00:00:00+00:00,1.2,1.246,1.16,1.21,3683774,,,,,,,,,,,,,,,,,,1.202,1.39975376670008,1.389967831159523,1.387855502680767,1.301460188221165,1.2408628259693797,1.2281016844532329,1.2255299670779014,1.2241125045052264,1.2209867272315982,1.2201724775035698,1.2131133247517285,1.2128438310149408,1.2302163056341395,1.208795887198246,1.1882510602930063,1.1681154829811715,1.1641275845085062,1.1587878584591387,1.1442673171735476,1.1233568006325865,,,,,,1.301460188221165,1.208795887198246,1.1587878584591387,,1.2364661063758433,"rgba(239, 83, 80, 0.5)",0.1384766542915565,1.277208840947984,-0.5575585382459072,36.31109564173391,-9.061715889817265,False,True,False,True,True,0.0,0.0,0.0,0.0,0.0,0,0.9412282339137623,0.9504013226313965,False,False,False,False,-0.34282825441539394,-0.29977380145719923,False,False,False,False,-57117366,-37057343.492175646,False,False,False,False,3465696.096797494,False,False,False,False
2024-01-31 00:00:00+00:00,1.22,1.27,1.17,1.18,3498071,,,,,,,,,,,,,,,,,,1.2107672844512796,1.39498529848568,1.3869856190576892,1.3849348076039512,1.300497990306436,1.240664772123251,1.2280373407167862,1.225486797802656,1.224080633459866,1.220979220969806,1.2201711712856482,1.213160239486599,1.2128923007008856,1.230155430563239,1.208849973959359,1.1883945263669764,1.1683156614160857,1.1643302923455348,1.15899922188888,1.1445135556433015,1.1236514357071459,,,,,,1.300497990306436,1.208849973959359,1.15899922188888,,1.2363601069316954,#000000,0.13596395918844692,1.2764973682320038,-0.41553194368000185,37.04192732627806,-9.061715889817265,False,True,False,True,True,0.0,0.0,0.0,0.0,0.0,0,0.9438948294712142,0.9573344710807712,False,False,False,False,-0.3083375837835706,-0.3040556926203849,False,False,False,False,-53619295,-37706831.786600135,False,False,False,False,3466965.7008446516,False,False,False,False
2024-02-01 00:00:00+00:00,1.3,1.3,1.22,1.23,3326461,,,,,,,,,,,,,,,,,,1.2305729050270646,1.3919919721247636,1.385120453531688,1.383118258418273,1.3001962550458246,1.2409570466715478,1.228376869744393,1.225839367081256,1.224440950615388,1.221355232202396,1.2205512934270561,1.213547543014845,1.2132791012238098,1.2303987109327914,1.209144637140439,1.1887579538437085,1.1686995500515993,1.1647050666080798,1.1593734170878724,1.144910626667966,1.1240841278319305,,,,,,1.3001962550458246,1.209144637140439,1.1593734170878724,,1.2372668605230381,#000000,0.13222721367417334,1.2770600053666405,0.17348920843092788,41.571747082749766,-12.97649315814369,False,True,False,True,True,1.4100850132262792,0.0,0.0,0.0,0.0,0,0.952149810349858,0.9442985597199014,False,False,False,False,-0.2297635119541572,-0.26690960228727106,False,False,False,False,-50292834,-38200400.50085111,False,False,False,False,3461455.7125762342,False,False,False,False
2024-02-02 00:00:00+00:00,1.27,1.296,1.23,1.23,3637662,,,,,,,,,,,,,,,,,,1.2395116138629279,1.3886731933795313,1.3830085975665083,1.3810583664195468,1.2997778643458404,1.2411932250364905,1.228677340372025,1.2261550703326785,1.224765496907647,1.2216979437851854,1.2208987349331215,1.2139094971069042,1.2136408627469089,1.230612641968841,1.209424021616776,1.189114580128809,1.1690843005141198,1.1650819970568431,1.1597512957216907,1.145315176951355,1.1245292353323777,,,,,,1.2997778643458404,1.209424021616776,1.1597512957216907,,1.2375675910376878,#000000,0.12967040685682246,1.2769693718856066,-0.05374681898933094,43.32196390996627,-11.327587649416209,False,True,False,True,True,0.13802306074780546,0.0,0.0,0.0,0.0,0,0.9589372623068535,0.9441504215313422,False,False,False,False,-0.2239923367921815,-0.24545096953972628,False,False,False,False,-53930496,-38817266.99101381,False,False,False,False,3468365.763063441,False,False,False,False
2024-02-05 00:00:00+00:00,1.27,1.3,1.23,1.25,3113939,,,,,,,,,,,,,,,,,,1.244410781510391,1.3859966106106867,1.3812788892932246,1.379371100632869,1.2994411651692634,1.2414027620710113,1.2289399126162053,1.226430400459141,1.2250482501184454,1.2219959347762654,1.2212006967597666,1.214223274330823,1.2139544549997716,1.2308006552724513,1.2096666357881805,1.189422528196298,1.1694157608608258,1.1654066854986904,1.160076693692044,1.1456631534090345,1.1249116241407031,,,,,,1.2994411651692634,1.2096666357881805,1.160076693692044,,1.2377073173032695,#000000,0.12747626523473946,1.2767928515517162,-0.053287186749686744,44.4887751281106,-10.199211571751775,False,True,False,True,True,0.13802306074780546,0.0,0.0,0.0,0.0,1,0.9425216482131846,0.969437816680518,False,False,False,False,-0.2201530465318883,-0.2328020080358073,False,False,False,False,-53930496,-39409942.63842503,False,False,False,False,3454466.6743158554,False,False,False,False
2024-02-06 00:00:00+00:00,1.3,1.31,1.2515,1.26,1835341,,,,,,,,,,,,,,,,,,1.2485202661852486,1.3847350348925669,1.3804613658231262,1.3785764280529513,1.299368037378664,1.241623563789927,1.229176151215513,1.2266727225147203,1.2252943347816452,1.2222494820372993,1.2214562208415665,1.2144780821824843,1.2142087612804744,1.230973368665447,1.2098597532173732,1.1896507547373438,1.1696510287001896,1.1656356312141372,1.1603042633165996,1.14590190444197,1.125168494203055,,,,,,1.299368037378664,1.2098597532173732,1.1603042633165996,,1.2379398577634624,#000000,0.12488235905684615,1.2805324006631156,0.15588750471972476,46.74557665707784,-8.02694605386889,False,True,False,False,True,1.4135893941782633,0.0,0.0,0.0,0.0,1,0.9455827924690232,0.9640615780721987,False,False,False,False,-0.19013133686059988,-0.2114666724482036,False,False,False,False,-52095155,-39907401.94672209,False,False,False,False,3390971.5498328805,False,False,False,False
2024-02-07 00:00:00+00:00,1.26,1.31,1.255,1.31,2704559,,,,,,,,,,,,,,,,,,1.2518054329945827,1.3827089563198438,1.3791284482630894,1.3772774671492118,1.2991559656424905,1.2418591892419966,1.2294484907826437,1.2269551916583268,1.225582818849658,1.2225501796799219,1.2217601194072554,1.2147880305657384,1.2145183441531042,1.2311712693509143,1.2100980712432685,1.189943414531656,1.1699602942161536,1.1659378224094257,1.1606061093895952,1.1462220880609115,1.1255172216604163,,,,,,1.2991559656424905,1.2100980712432685,1.1606061093895952,,1.2380738851954896,#000000,0.1223199172749949,1.2830623467283193,-0.18854122241164886,46.387228016958126,-8.02694605386889,False,True,False,False,True,0.0,0.0,0.0,0.0,0.0,1,0.9360508601346297,0.969548028635538,False,False,False,False,-0.1868173433793879,-0.19914200791379577,False,False,False,False,-54799714,-40491414.18410554,False,False,False,False,3364053.4106237483,False,False,False,False
2024-02-08 00:00:00+00:00,1.24,1.3,1.24,1.25,2509462,,,,,,,,,,,,,,,,,,1.2526513635944108,1.3806421760674905,1.3777475994738768,1.3759284749558496,1.2988423111830367,1.2419772451098177,1.2296160420394533,1.227133436570868,1.2257671687579792,1.222747215957163,1.221960446277704,1.2150018540869418,1.2147322433083625,1.2312910078888986,1.210266896422299,1.190165600661213,1.1702048838677788,1.1661783656256821,1.1608482250669292,1.146483318105882,1.1258070207106194,,,,,,1.2988423111830367,1.210266896422299,1.1608482250669292,,1.2380092937510818,#000000,0.11927453380505768,1.2820090197608727,-0.35220443476670577,45.28709496268319,-8.02694605386889,False,True,False,True,True,0.0,0.0,0.0,0.0,0.0,1,0.9289934472016327,0.9908690514555806,False,False,False,False,-0.21058243895825174,-0.20486222343602375,False,False,False,False,-57309176,-41150934.255317084,False,False,False,False,3330540.0219718367,False,False,False,False
2024-02-09 00:00:00+00:00,1.19,1.25,1.16,1.24,4935563,,,,,,,,,,,,,,,,,,1.2437655501263722,1.3748500258321936,1.373785724077817,1.3720364868890036,1.297309235258627,1.24144675475437,1.2293000044191558,1.2268486026751322,1.2254985482542073,1.2225142406807334,1.2217364874835306,1.2148635986882343,1.2145972229922402,1.2310374653965892,1.2101990331236783,1.1902265643603431,1.1703632240151693,1.16634762389468,1.1610349038876981,1.1467238948866414,1.1261201418682414,,,,,,1.297309235258627,1.2101990331236783,1.1610349038876981,,1.236724259584821,"rgba(239, 83, 80, 0.5)",0.11698432943489807,1.2768237002828926,-0.7421823136680041,42.62008342122684,-8.02694605386889,False,True,False,True,False,0.0,0.0,0.0,0.0,0.0,1,0.8970430683522606,1.0230340689950717,False,False,False,False,-0.3387309819553289,-0.27179660269567635,False,False,False,False,-62244739,-41978142.284520335,False,False,False,False,3393482.0995415687,False,False,False,False
2024-02-12 00:00:00+00:00,1.24,1.2695,1.18,1.2,3296532,,,,,,,,,,,,,,,,,,1.2423541772506321,1.3718094451217762,1.3716740898002362,1.369965892600494,1.29661738180948,1.241349548562781,1.2293037787769767,1.2268693842379275,1.2255285224219443,1.222563968412697,1.2217912666255986,1.2149551799849776,1.2146899218869773,1.2310309838016356,1.210285334690619,1.1903898767128915,1.1705735662570964,1.1665591201363308,1.1612533085109484,1.1469726851916224,1.126411670835257,,,,,,1.29661738180948,1.210285334690619,1.1612533085109484,,1.236326871639682,#000000,0.11428950122425731,1.2758231527016841,-0.3134422000091891,43.538570341227974,-8.02694605386889,False,True,False,True,False,0.0,0.0,0.0,0.0,0.0,1,0.915098161000243,1.017957927142124,False,False,False,False,-0.2988293854646361,-0.2853129940801562,False,False,False,False,-58948207,-42643635.01846071,False,False,False,False,3389680.1348536643,False,False,False,False
2024-02-13 00:00:00+00:00,1.2,1.24,1.185,1.24,6278749,,,,,,,,,,,,,,,,,,1.2368516600445412,1.3655317178401076,1.3672345011117382,1.3656042504650105,1.2949263029063918,1.2408314554312676,1.229024873592474,1.2266267876966865,1.22530500061543,1.2223821668966308,1.221620055090364,1.214878909519862,1.214617104244135,1.2308006410100891,1.2102691285910923,1.190529698268482,1.1708262381988448,1.1668225128886032,1.1615362637813684,1.147320557385114,1.126847928798321,,,,,,1.2949263029063918,1.2102691285910923,1.1615362637813684,,1.235176991278912,"rgba(239, 83, 80, 0.5)",0.1114000986623504,1.2729829184097174,-0.6551423139303137,42.60903356742769,-8.02694605386889,False,True,False,True,False,0.0,0.0,0.0,0.0,0.0,1,0.9157086034980657,1.0172996240396666,False,False,False,False,-0.3234620793533827,-0.30438753671676944,False,False,False,False,-65226956,-43529255.449109316,False,False,False,False,3502976.953094697,False,False,False,False
2024-02-14 00:00:00+00:00,1.14,1.21,1.09,1.2,8881291,,,,,,,,,,,,,,,,,1.1466666666666665,1.2200605574174155,1.3542557055204196,1.3590685003965197,1.3575546202380768,1.2910152198003775,1.2387867173094258,1.2275041004706129,1.2251734138107369,1.2238851675465268,1.2210382171421508,1.2202950939160364,1.2137853964386558,1.2135336091274709,1.2296100071682383,1.2095308762649357,1.1900514989840505,1.1705997067216323,1.1666443392655539,1.1614109188339203,1.147315355399936,1.1269961002222695,,,,,1.1466666666666665,1.2910152198003775,1.2095308762649357,1.1614109188339203,,1.2320235166519709,"rgba(239, 83, 80, 1.0)",0.11093427970836534,1.2622725504286851,-1.102207097302358,40.033575774051094,-5.317534424251576,False,True,False,True,False,0.0,1.0,1.21,1.09,0.0,1,0.8810058620500739,1.0482112529447214,True,False,False,False,-0.34282825441539394,-0.3236078955660817,False,False,False,False,-74108247,-44728431.58835993,False,False,False,False,3713891.229443925,False,False,False,False
2024-02-15 00:00:00+00:00,1.17,1.21,1.15,1.16,5476797,,,,,,,,,,,,,,,,,1.1581099667773778,1.2155914417607572,1.3487872769379745,1.354997105239241,1.3535442998344187,1.2891848146339624,1.2379658846361559,1.2269317337744228,1.2246357437963904,1.2233652230542824,1.220557792253093,1.2198246331637639,1.2134220398551117,1.213174627010491,1.2291519759052039,1.2092973116224506,1.18996211416193,1.1706345851633784,1.1666986768719205,1.1614898121020758,1.147458645641175,1.127224050668055,,,,,1.1581099667773778,1.2891848146339624,1.2092973116224506,1.1614898121020758,,1.2313663529277201,"rgba(239, 83, 80, 0.5)",0.11143211887564797,1.2605054264355346,-0.8122023286350117,39.909366387187674,-5.533596884755099,False,True,False,True,False,0.0,0.0,0.0,0.0,0.0,1,0.8883058056675689,1.040324808042866,False,False,False,False,-0.29004877003849094,-0.30682833280228633,False,False,False,False,-68631450,-45665804.85940464,False,False,False,False,3783024.789073575,False,False,False,False
2024-02-16 00:00:00+00:00,1.17,1.1885,1.14,1.16,4188951,,,,,,,,,,,,,,,,,1.1599296168604956,1.2119824433385387,1.3445851906478148,1.3518274439467846,1.350419924233944,1.2876968948822813,1.2372475050019591,1.2264129343098986,1.22414421142936,1.222887511097493,1.2201110614946329,1.2193856989334628,1.213070859486471,1.2128271202278371,1.228737940562097,1.2090641300878098,1.189841190653993,1.1706150253646168,1.1666964798554185,1.1615082378254942,1.147528240471511,1.1273602651685444,,,,,1.1599296168604956,1.2876968948822813,1.2090641300878098,1.1615082378254942,,1.23044957101202,"rgba(239, 83, 80, 0.5)",0.1124114065578923,1.25870691239656,-0.7891273235770397,39.82656012927873,-5.799873831423291,False,True,False,True,False,0.0,0.0,0.0,0.0,0.0,1,0.8956841548020393,1.0299517985010167,False,False,False,False,-0.3175449384134766,-0.31218663560788146,False,False,False,False,-68631450,-46566418.39432994,False,False,False,False,3798943.464011866,False,False,False,False
2024-02-20 00:00:00+00:00,1.15,1.22,1.14,1.22,4793934,,,,,,,,,,,,,,,,,1.1619979433233854,1.2087447093239867,1.3401057785956143,1.3484003707723855,1.3470415522439345,1.2860899838017623,1.2364862105778696,1.225867065639946,1.2236282628961623,1.2223867971818028,1.2196444288707788,1.2189276557555193,1.2127076381451545,1.2124678354854932,1.2282993606746073,1.2088239182873575,1.189726467007736,1.170611959390291,1.1667120190825435,1.1615463533188826,1.1476235042879124,1.1275302712579038,,,,,1.1619979433233854,1.2860899838017623,1.2088239182873575,1.1615463533188826,,1.2295108155187608,"rgba(239, 83, 80, 0.5)",0.11354119782529613,1.2569215819287751,-0.9416985550328049,39.03253961115814,-6.77662411909715,False,True,False,True,False,0.0,0.0,0.0,0.0,0.0,1,0.8969336793058228,1.0212047654920342,False,False,False,False,-0.29004877003849094,-0.3011177028231862,False,False,False,False,-73425384,-47619711.163179755,False,False,False,False,3837962.7007172834,False,False,False,False
2024-02-21 00:00:00+00:00,1.16,1.19,1.14,1.19,2960482,,,,,,,,,,,,,,,,,1.1621482543266144,1.206680269456452,1.3373485597525125,1.3462710670527676,1.3449415065915888,1.2850636328134022,1.235978340509391,1.2254956101631802,1.2232755207841193,1.2220435393063607,1.2193224587622205,1.2186110450137508,1.2124518365092243,1.2122145952636203,1.2280011736593452,1.208651825761373,1.1896325598790194,1.1705896205652706,1.1667022329543544,1.1615512929173482,1.1476645244389467,1.1276182084369388,,,,,1.1621482543266144,1.2850636328134022,1.208651825761373,1.1615512929173482,,1.2288487471020957,"rgba(239, 83, 80, 0.5)",0.11405514708497817,1.2557255749375134,-0.8392920213078322,39.124997105323175,-6.919769625656592,False,True,False,True,False,0.0,0.0,0.0,0.0,0.0,1,0.8852932111736852,1.035303017567454,False,False,False,False,-0.3162253100257944,-0.30867150642449026,False,False,False,False,-70464902,-48515600.999917805,False,False,False,False,3803551.692846018,False,False,False,False
2024-02-22 00:00:00+00:00,1.1,1.15,1.1,1.15,4870458,,,,,,,,,,,,,,,,,1.1550419800831602,1.200416592051024,1.3318274403025154,1.342005739185766,1.3407277070156836,1.2827787731103495,1.234630994068842,1.2244423862172926,1.2222592317569987,1.2210453923164573,1.2183658236698782,1.217664773395815,1.2116423268734073,1.211411239626025,1.227166777095198,1.2080828797042544,1.1892079401608224,1.1703187232691497,1.1664649400439373,1.1613481009967188,1.147531936733418,1.1275741343149475,,,,,1.1550419800831602,1.2827787731103495,1.2080828797042544,1.1613481009967188,,1.226842488047165,"rgba(239, 83, 80, 1.0)",0.11573501887758098,1.25234774169833,-1.3163495645123289,37.03182979056515,-9.111987116605121,False,True,False,True,False,0.0,0.0,0.0,0.0,0.0,1,0.8754868174049479,1.0381048443585217,False,False,False,False,-0.34282825441539394,-0.32574988041994213,False,False,False,False,-75335360,-49567356.25482299,False,False,False,False,3845391.155871664,True,False,False,False
2024-02-23 00:00:00+00:00,1.15,1.15,1.1099,1.12,3677701,,,,,,,,,,,,,,,,,1.1530993043748874,1.1972324380718826,1.328208296755493,1.3391647393671273,1.337922003514306,1.2812966296322705,1.233802420493204,1.2238053559760764,1.221647275007516,1.2204459255873519,1.2177947148125403,1.21710077310074,1.2111666839829311,1.2109394830713567,1.2266573200483721,1.207750728535513,1.1889779238273877,1.1701914213883837,1.1663584922307908,1.1612639052923763,1.147496849542033,1.1276015808199145,,,,,1.1530993043748874,1.2812966296322705,1.207750728535513,1.1612639052923763,,1.2257412917535253,"rgba(239, 83, 80, 0.5)",0.11722742968379757,1.2504851843178912,-0.8571815025624481,38.56872322529433,-9.111987116605121,False,True,False,True,False,0.0,0.0,0.0,0.0,0.0,1,0.8888732354681468,1.0242596714660053,False,False,False,False,-0.3345005838580769,-0.3301252321390095,False,False,False,False,-71657659,-50433642.6369868,False,False,False,False,3838815.0713276775,False,False,False,False
2024-02-26 00:00:00+00:00,1.12,1.13,1.1,1.12,2512966,,,,,,,,,,,,,,,,,1.1506488852697003,1.1945748916353829,1.3255617623401863,1.3370813053792958,1.3358630134630787,1.2801636427066043,1.2331295783145488,1.2232768745334448,1.221137100000908,1.2199447625784836,1.2173141661769733,1.216625375912827,1.2107589920967605,1.21053483898423,1.2262360138949282,1.2074623177143702,1.18876239648186,1.1700535614446559,1.1662376280436806,1.1611603334277731,1.1474291774300898,1.1275789903802003,,,,,1.1506488852697003,1.2801636427066043,1.2074623177143702,1.1611603334277731,,1.2248263720199846,"rgba(239, 83, 80, 1.0)",0.11916753291438208,1.2489697225243213,-1.0822555386539858,38.4887141106065,-9.111987116605121,False,True,False,True,False,0.0,0.0,0.0,0.0,0.0,0,0.8776309486912173,1.021442055732439,False,False,False,False,-0.34282825441539394,-0.33647674327720173,False,False,False,False,-74170625,-51364504.6904383,False,False,False,False,3786820.9900991414,False,False,False,False
2024-02-27 00:00:00+00:00,1.13,1.14,1.11,1.12,2367728,,,,,,,,,,,,,,,,,1.14921966477414,1.1925279490010625,1.3232445725784747,1.3352411274478968,1.3340447012962893,1.27917473890477,1.2325564879007043,1.2228299462122412,1.2207065067949172,1.2195222674125303,1.2169101240522486,1.216225954615643,1.2104185525742972,1.2101970260576345,1.2258779600603393,1.2072219873805115,1.188588502125903,1.1699485263282916,1.1661471505944936,1.1610850205714123,1.147386326382328,1.1275772179916552,,,,,1.14921966477414,1.27917473890477,1.2072219873805115,1.1610850205714123,,1.2240844383341902,"rgba(239, 83, 80, 0.5)",0.12084134487264725,1.2477417170383474,-0.9743496082605962,39.018193923589536,-9.111987116605121,False,True,False,True,True,0.0,0.0,0.0,0.0,0.0,0,0.8746493942110285,1.042246190324726,False,False,False,False,-0.32642219760620117,-0.3314494704417015,False,False,False,False,-71802897,-52166010.271205425,False,False,False,False,3731170.2846050574,False,False,False,False
2024-02-28 00:00:00+00:00,1.19,1.2,1.12,1.14,7569196,,,,,,,,,,,,,,,,,1.1525450787207692,1.190547930192258,1.317742077420797,1.330747007039865,1.3296097216608498,1.2769716060856442,1.2314981968394467,1.2220600409182618,1.2199782736237172,1.2188154338439268,1.2162510856972841,1.2155790045232966,1.2099021389070281,1.209686010096736,1.225242896705185,1.2068713744944184,1.1884235661517113,1.169948921632016,1.1661751082555594,1.1611468147055113,1.1475345490606206,1.1278390593253278,,,,,1.1525450787207692,1.2769716060856442,1.2068713744944184,1.1611468147055113,,1.222987114375714,#000000,0.12037658627209015,1.245868302976225,-0.4641127041926952,42.519604065079804,-11.096280908484268,False,True,False,True,True,0.0,0.0,0.0,0.0,0.0,0,0.8450540846214076,1.0510686425195024,False,False,False,False,-0.2702531610808545,-0.300851315761278,False,False,False,False,-64233701,-52639253.044883646,False,False,False,False,3881681.0969734867,False,False,False,False
2024-02-29 00:00:00+00:00,1.24,1.276,1.205,1.22,7939856,,,,,,,,,,,,,,,,,1.1651633657558669,1.1947504726819664,1.3149323103800208,1.328239126047196,1.3271477439386234,1.2762121211661965,1.2316522496364755,1.2223351773019293,1.2202803718387392,1.219132847302995,1.2166008299094067,1.2159371582763407,1.2103045935591221,1.2100893236208488,1.2254206813580133,1.2071987697979356,1.188902261759101,1.1705113931619868,1.166735314313679,1.1617184180107387,1.1481682333066037,1.1285627110519503,,,,,1.1651633657558669,1.2762121211661965,1.2071987697979356,1.1617184180107387,,1.2236632264908591,#000000,0.11951749843613642,1.2467844085825532,-0.05676498145732579,46.978096063256565,-6.971213733443676,False,False,False,False,True,0.0,0.0,0.0,0.0,0.0,1,0.8783009722997384,1.027935258349734,False,False,False,False,-0.14658491803240561,-0.2237181168968418,False,False,False,False,-56293845,-52782570.376456834,False,False,False,False,4040825.210817664,False,False,False,False
2024-03-01 00:00:00+00:00,1.34,1.345,1.23,1.31,8392694,,,,,,,,,,,,,,,,,1.1836069960872235,1.2037819121675255,1.3145653087052065,1.3275771671567722,1.3265204268050017,1.2768293828062407,1.2329796451467976,1.2236302171760496,1.2215889157708484,1.2204511702964247,1.2179373459740368,1.2172787243060883,1.2116101225536529,1.2113914540814157,1.226399509576005,1.2081998887975405,1.1900230150943392,1.1716379293648758,1.1678306176743556,1.1628033973413536,1.149292139138681,1.1297543241245573,,,,,1.1836069960872235,1.2768293828062407,1.2081998887975405,1.1628033973413536,,1.2258321573440878,"rgba(38, 166, 154, 0.5)",0.11779245758138547,1.2499686779983457,0.7643216199937908,53.14612838124603,-1.4390260747784396,True,False,True,False,True,3.9830436138686736,0.0,0.0,0.0,0.0,0,0.8900356594091554,0.9872727799843447,False,False,False,False,-0.07661436695302039,-0.15016624192493108,False,False,False,False,-47901151,-52591142.16561539,False,False,False,False,4211486.731962069,False,False,False,False
2024-03-04 00:00:00+00:00,1.41,1.42,1.32,1.35,8416470,,,,,,,,,,,,,,,,,1.20693836545215,1.2174123597908637,1.3170224556568746,1.3291256301304524,1.3280895943290303,1.2790712739027092,1.2356597085728722,1.2261004303055758,1.2240560159806222,1.2229209669678343,1.2204076148759342,1.2197497867228004,1.2139519339572913,1.213724993937734,1.2283116827101679,1.2099794119672014,1.191876486007239,1.173401394048933,1.169529127193218,1.164465438400906,1.150962102104373,1.1314602307881794,,,,,1.20693836545215,1.2790712739027092,1.2099794119672014,1.164465438400906,,1.2295897335455206,"rgba(38, 166, 154, 1.0)",0.11620996840528003,1.2555021860043312,1.3294712675324083,58.9078422339567,3.5283515672318657,True,False,True,False,True,6.6362840414175,0.0,0.0,0.0,0.0,0,0.9021992909232409,0.9830225117458854,False,False,False,False,0.044821132590520174,-0.052672554667205454,False,False,False,False,-39484681,-52077163.29637557,False,False,False,False,4376388.036591007,False,False,False,False
2024-03-05 00:00:00+00:00,1.42,1.5,1.4,1.45,9917168,,,,,,,,,,,,,,,,,1.2351368876358662,1.235688009174312,1.3219908708084545,1.332638908251359,1.3316168879317125,1.282966203535375,1.239863251782982,1.2299290716148057,1.227868606170098,1.2267313823144532,1.2242052894591244,1.2235451881483055,1.2175267881409413,1.2172865330903795,1.2313079071383355,1.2127007980472146,1.1946483846851463,1.1759927606902159,1.1720178628763314,1.166890754171184,1.1533719570576368,1.133886739189314,,,,,1.2351368876358662,1.282966203535375,1.2127007980472146,1.166890754171184,,1.2350276172833299,"rgba(38, 166, 154, 1.0)",0.11627476002907612,1.2634012522714266,1.3467991478925745,62.966160234266475,6.846284328605151,True,False,True,False,True,7.006587080092672,0.0,0.0,0.0,0.0,0,0.92041147807255,0.9604194568717408,False,False,False,False,0.16382266370403706,0.0555750545184158,False,False,False,False,-29567513,-51194431.91220398,False,False,False,False,4593673.525352145,False,False,False,False
2024-03-06 00:00:00+00:00,1.47,1.49,1.41,1.42,5995854,,,,,,,,,,,,,,,,,1.2502373522379882,1.2461386987921232,1.3252020483986813,1.3349703374111836,1.333955290852464,1.2854712827956323,1.2425265689167788,1.2323565037641617,1.2302850876997484,1.2291459465945274,1.2266107446328258,1.22594891857954,1.2197916420167676,1.219543053780594,1.2332200250082856,1.214433486413602,1.1964062312273895,1.177632563603515,1.1735926492904405,1.1684247097558356,1.1548931371553548,1.13541423648277,,,,,1.2502373522379882,1.2854712827956323,1.214433486413602,1.1684247097558356,,1.2382946570886042,"rgba(0, 255, 255, 0.75)",0.1164308556360536,1.2680612489231844,1.7344092334771426,66.71358703123346,9.937265696165134,True,False,True,False,True,8.835121184255666,0.0,0.0,0.0,0.0,0,0.9238038649803354,0.9677729677729676,False,False,False,False,0.16382266370403706,0.10969885911122643,False,False,False,False,-23571659,-50111185.91564696,False,False,False,False,4648660.994946178,False,False,False,False
2024-03-07 00:00:00+00:00,1.54,1.54,1.46,1.47,5191840,,,,,,,,,,,,,,,,,1.2649008260755368,1.2566501408763893,1.3290077148728172,1.3378270480646963,1.3368135399726486,1.2882817135484321,1.2453768733419184,1.2349373184939272,1.23285021029745,1.2317067547323766,1.2291570154658351,1.2284920955841325,1.2221793497746423,1.2219216918378701,1.2352630096890367,1.2162604280856655,1.1982367044163458,1.1793223066597125,1.1752124238580388,1.1699984703209072,1.156443097961725,1.1369565299890203,,,,,1.2649008260755368,1.2882817135484321,1.2162604280856655,1.1699984703209072,,1.241719781798419,"rgba(0, 255, 0, 1.0)",0.11863153645401733,1.2729361466296614,2.251204539307767,70.43872117123753,13.084338257832577,True,False,True,False,True,11.283019483422851,0.0,0.0,0.0,0.0,0,0.9347875547466012,0.9770206472896877,False,False,False,False,0.26710619401523267,0.18840252656322953,False,False,False,False,-18379819,-48866818.585621595,False,False,False,False,4669962.132399268,False,False,False,False
2024-03-08 00:00:00+00:00,1.5,1.57,1.465,1.56,11533890,,,,,,,,,,,,,,,,,1.2920881803547295,1.2771461764961805,1.3368632214339813,1.3437998864214236,1.3427914745704121,1.2942392899278694,1.2514610649906015,1.2404711175336083,1.238352759008088,1.2372010834796967,1.2346227163702068,1.2339517738522003,1.2273176283617344,1.2270410953392554,1.2396700734792805,1.220217880895143,1.2022073584473767,1.1829975134845172,1.178738663712692,1.1734270448219268,1.1598230319133536,1.1403231841283044,,,,,1.2920881803547295,1.2942392899278694,1.220217880895143,1.1734270448219268,,1.2487303001490464,"rgba(0, 255, 255, 0.75)",0.11936045793694958,1.2827083149299812,1.8204662484187184,70.78498059392413,13.20459949126721,True,False,True,False,True,9.460979765246105,0.0,0.0,0.0,0.0,0,0.9482477816466359,0.9497641244524316,False,False,False,False,0.29615562310400495,0.24227907483361724,False,False,False,False,-29913709,-48123559.38618545,False,False,False,False,4939135.774265964,False,False,False,False
2024-03-11 00:00:00+00:00,1.67,1.67,1.51,1.53,12960783,,,,,,,,,,,,,,,,,1.3278456026472425,1.305269796404984,1.3497618937229547,1.353943345034769,1.3529239074639607,1.3036209334228905,1.2606028631010067,1.2487388463892277,1.2465605666518802,1.2453889934929123,1.2427517844103217,1.2420676400494257,1.234931502748172,1.2346263142616032,1.2463057639584283,1.2260975037202326,1.2080246389091664,1.1883203598625394,1.1838361857474615,1.1783693918967841,1.1646559629050315,1.1450843792516199,,,,,1.3278456026472425,1.3036209334228905,1.2260975037202326,1.1783693918967841,,1.2589993916947981,"rgba(0, 255, 0, 1.0)",0.12504528909288706,1.296929870369231,2.9834800841928746,73.65783728016723,15.891674408416648,True,False,True,False,True,14.959428459596232,0.0,0.0,0.0,0.0,0,0.9536316827344433,0.9345694566170026,False,False,False,False,0.342828098487516,0.29255358666056663,False,False,False,False,-16952926,-46901181.606335044,False,False,False,False,5253710.175275141,False,False,False,False
2024-03-12 00:00:00+00:00,1.62,1.7,1.5718,1.62,10873319,,,,,,,,,,,,,,,,,1.353459591481608,1.3264087205467772,1.3602187099882337,1.3623103533167822,1.3612829358978866,1.3114124824010234,1.268213089695086,1.2556519733783644,1.253425682432031,1.2522381780208436,1.2495537743605403,1.2488590378519537,1.241317986755619,1.24098960971091,1.251897894544278,1.2310685096429759,1.2129426457422348,1.1928281544496886,1.1881567932608952,1.1825606242534341,1.1687548905773928,1.1491217931822177,,,,,1.353459591481608,1.3114124824010234,1.2310685096429759,1.1825606242534341,,1.2672398373865583,"rgba(0, 255, 0, 1.0)",0.12908506867548364,1.30809274861213,2.416292252762373,73.38977648092647,15.891674408416648,True,False,True,False,True,12.74998798629315,0.0,0.0,0.0,0.0,0,0.984456938963075,0.9164999729685895,False,False,False,False,0.34282811222736614,0.3176908494439664,False,False,False,False,-27826245,-46153144.876674846,False,False,False,False,5474086.991931018,False,False,False,False
2024-03-13 00:00:00+00:00,1.68,1.735,1.63,1.64,17442956,,,,,,,,,,,,,,,,,1.3926808273442106,1.3599437329540693,1.3783369637034364,1.3770873910565857,1.3760421573215156,1.325044802553777,1.2814195194460074,1.2676751291511976,1.2653638949037163,1.2641471671390492,1.2613781884026465,1.2606642690984011,1.2524323041163603,1.2520645186005253,1.261701474296379,1.239779989526398,1.2215333077495047,1.200692220085121,1.1956961570230722,1.189872405628307,1.1758924727178843,1.1561324550167802,,,,,1.3926808273442106,1.325044802553777,1.239779989526398,1.189872405628307,,1.2811778210050138,"rgba(0, 255, 0, 1.0)",0.13473029448587875,1.3266659262273635,2.62252877217358,74.09959901649992,16.59729972834681,True,False,True,False,True,14.567435234588267,0.0,0.0,0.0,0.0,0,1.0081661967335211,0.8885726445709422,False,False,False,False,0.3428281239030677,0.33025948667351707,False,False,False,False,-10383289,-44750405.430530734,False,False,False,False,5943454.404012155,False,False,False,False
2024-03-14 00:00:00+00:00,1.68,1.71,1.64,1.68,8755043,,,,,,,,,,,,,,,,,1.4087506195245345,1.3742711598979964,1.3865447199172853,1.3838871078761752,1.3828361961210476,1.3314249579591346,1.2876562658202664,1.273387778677791,1.271039553326721,1.2698103850093838,1.2670047898439647,1.2662826123310953,1.2577394722468045,1.2573537932163963,1.2663988519443536,1.2439786963045965,1.225681982735863,1.204504729179619,1.1993561316133303,1.1934257091312854,1.179365960082539,1.15954933795489,,,,,1.4087506195245345,1.3314249579591346,1.2439786963045965,1.1934257091312854,,1.2875667756338824,"rgba(0, 255, 0, 1.0)",0.14000965217691974,1.334975467494378,2.464291048088887,74.57281404021556,17.378012337620135,True,False,True,False,True,14.567435234588277,0.0,0.0,0.0,0.0,0,1.0134861946055223,0.8965526413789435,False,False,False,False,0.33307090677968626,0.33166519672660166,False,False,False,False,-10383289,-43402675.37443149,False,False,False,False,6053712.780325403,False,False,False,False
2024-03-15 00:00:00+00:00,1.7,1.76,1.65,1.68,25751494,,,,,,,,,,,,,,,,,1.4507847990301623,1.412913161635957,1.410261017733545,1.4038789960848008,1.4028128119680523,1.3502681479591239,1.306093114791387,1.290354397623097,1.287901157546643,1.2866364732528779,1.2837265843613654,1.282980833719623,1.2735536645923393,1.2731170139175596,1.2804781063879518,1.256606644488295,1.238153960843993,1.2159865173564757,1.2103893282304559,1.2041432935403011,1.1898420922653568,1.1698495505940132,,,,,1.4507847990301623,1.3502681479591239,1.256606644488295,1.2041432935403011,,1.3060520012532002,"rgba(0, 255, 0, 1.0)",0.14555293764695026,1.3795174485896962,2.201828122409035,75.19916252719375,18.365560710170627,True,False,True,False,True,15.173670680954228,0.0,0.0,0.0,0.0,0,1.0317681739221982,0.8713217876506818,False,False,False,False,0.3428281288802316,0.33724666280341664,False,False,False,False,15368205,-41097934.96759104,False,False,False,False,6826174.788940094,False,False,False,False
2024-03-18 00:00:00+00:00,1.63,1.7,1.63,1.69,5446247,,,,,,,,,,,,,,,,,1.4567182459293502,1.4187394665744844,1.4140496746248452,1.407137599292434,1.4060722922681617,1.3534812201684507,1.3093201273140354,1.2933587343247472,1.290891037017661,1.2896220125584759,1.2866982380494847,1.2859494453405023,1.2763830156383966,1.275938132215666,1.2830018710332691,1.2588999045352405,1.2404341102192749,1.2181052200828901,1.2124307278785242,1.2061312375150197,1.1917937362384796,1.1717786751132555,,,,,1.4567182459293502,1.3534812201684507,1.2588999045352405,1.2061312375150197,,1.3091681156290458,"rgba(0, 255, 255, 0.75)",0.14836016560633136,1.3827420945784998,1.6666057523661066,72.35710648491367,18.365560710170627,True,False,True,False,True,12.054747151278992,0.0,0.0,0.0,0.0,0,1.0237471854217939,0.8877048751112742,False,False,False,False,0.2933923489599331,0.3153195058816749,False,False,False,False,9921958,-39097154.85121492,False,False,False,False,6772059.973687542,False,False,False,False
2024-03-19 00:00:00+00:00,1.59,1.65,1.52,1.6,5639081,,,,,,,,,,,,,,,,,1.460543701196187,1.4228499372873893,1.4167911948444323,1.4095334046998753,1.4084728310628978,1.356013172202312,1.3119634210068023,1.2958510093438487,1.2933756381296564,1.2921051604891796,1.289174772870764,1.2884246885250756,1.2787581480549581,1.278307099000882,1.2851152674345592,1.2608499567503102,1.2423917998881067,1.2199446870610569,1.2142080584964505,1.2078670171574626,1.1935078438703457,1.1734856600868901,,,,,1.460543701196187,1.356013172202312,1.2608499567503102,1.2078670171574626,,1.3116270482751102,"rgba(38, 166, 154, 1.0)",0.15071302005604473,1.384660360150458,1.3624545495351614,68.80854055101219,18.365560710170627,True,False,True,False,False,10.333744043871857,0.0,0.0,0.0,0.0,0,0.992432655802061,0.9118262351816939,False,False,False,False,0.19832248395799065,0.2568209949198328,False,False,False,False,4282877,-37395977.13155943,False,False,False,False,6727629.425699796,False,False,False,False
2024-03-20 00:00:00+00:00,1.7,1.73,1.58,1.59,9442358,,,,,,,,,,,,,,,,,1.4703833805858286,1.4325809535250114,1.423350535925012,1.4152264319785814,1.414167036636562,1.3616199384774126,1.317587432320692,1.301099727604651,1.298599704218247,1.297321754327409,1.2943676023615627,1.2936122962710859,1.283709402000083,1.2832443659952824,1.2895488777232005,1.2648857690384312,1.2464023286935382,1.2236746607240725,1.2178040735921358,1.2113699685581725,1.1969462985171324,1.1768828596630942,,,,,1.4703833805858286,1.3616199384774126,1.2648857690384312,1.2113699685581725,,1.3170278120278485,"rgba(0, 255, 255, 0.75)",0.15556835640165653,1.390860270498551,1.987163306548613,68.78796984356548,18.365560710170627,True,False,True,False,False,13.732544428162697,0.0,0.0,0.0,0.0,0,1.0102728488856356,0.8892198187738208,False,False,False,False,0.2812566010817212,0.269038798000777,False,False,False,False,13725235,-35391223.714635536,False,False,False,False,6834089.36979,False,False,False,False
2024-03-21 00:00:00+00:00,1.63,1.74,1.61,1.74,7373157,,,,,,,,,,,,,,,,,1.4770928954134983,1.4393643344919331,1.4280425865271644,1.4193339463117374,1.418276715023705,1.3657232081028212,1.3217364662622326,1.3049886027367599,1.302472130631339,1.3011894675465447,1.2982196912238908,1.2974610011731598,1.287391502765801,1.2869165121678896,1.2928513696446142,1.2679058027526058,1.249409358140638,1.226480235149766,1.220511616100117,1.2140097352492054,1.1995409057161275,1.1794503013814692,,,,,1.4770928954134983,1.3657232081028212,1.2679058027526058,1.2140097352492054,,1.320968858870771,"rgba(38, 166, 154, 1.0)",0.15777655542393093,1.395254934866093,1.4878323620589178,66.16268900653819,22.460536126826753,True,False,True,False,False,10.804111252543827,0.0,0.0,0.0,0.0,0,1.02749012888326,0.8823164220616355,False,False,False,False,0.30561270922865125,0.28732575361471413,False,False,False,False,6352078,-33754231.49053218,False,False,False,False,6855229.2768570585,False,False,False,False
2024-03-22 00:00:00+00:00,1.59,1.66,1.58,1.61,3863124,,,,,,,,,,,,,,,,,1.479512086486637,1.441990001629962,1.429913371173895,1.4209957180903507,1.4199414317391905,1.3674706778907433,1.3235550097426918,1.3067104429022969,1.3041889830470785,1.3029053603832281,1.2999312616579333,1.29917172305659,1.28903705761176,1.288558038829143,1.2943258366345871,1.2692703363414832,1.2507777421840507,1.2277679615883763,1.2217571317817522,1.2152267897945426,1.2007424012953738,1.1806457998674362,,,,,1.479512086486637,1.3674706778907433,1.2692703363414832,1.2152267897945426,,1.3226503481283147,"rgba(38, 166, 154, 1.0)",0.15976615794724652,1.3968846025115909,1.208737820134439,63.055251056345,19.368005075247794,True,False,True,False,False,9.184098899168365,0.0,0.0,0.0,0.0,0,1.0273542711705255,0.894017643134251,False,False,False,False,0.23938540875467224,0.26335558118469315,False,False,False,False,2488954,-32332930.098746605,False,False,False,False,6737891.815019527,False,False,False,False
2024-03-25 00:00:00+00:00,1.58,1.67,1.57,1.64,2587003,,,,,,,,,,,,,,,,,1.4810433520174517,1.4436696095172281,1.4311220193962264,1.4220731078119222,1.4210208973693144,1.3686110959887323,1.3247460299623457,1.3078401197465959,1.3053156083203796,1.3040314573646492,1.3010547656996316,1.3002947300477021,1.290118329420558,1.289636716662676,1.2952952505279869,1.2701691685912682,1.2516798616289457,1.228618006455123,1.2225796444716641,1.2160307896023714,1.2015365559783806,1.181436493239308,,,,,1.4810433520174517,1.3686110959887323,1.2701691685912682,1.2160307896023714,,1.3237475280301387,"rgba(38, 166, 154, 1.0)",0.16157245327609826,1.3979439521456714,1.126776527575698,60.64161881985791,16.990506593091652,True,False,True,False,False,8.7805766300555,0.0,0.0,0.0,0.0,0,1.0296058279575167,0.8898918295763938,False,False,False,False,0.23938540875467224,0.25137049496968267,False,False,False,False,-98049,-31068817.114482034,False,False,False,False,6575111.86148935,False,False,False,False
2024-03-26 00:00:00+00:00,1.58,1.6507,1.56,1.64,3074831,,,,,,,,,,,,,,,,,1.4826782535948968,1.4455049299260534,1.4324585167458366,1.4232706103128125,1.4222211439083998,1.3698974640123978,1.3261000785097825,1.3091282767097143,1.3066007658338203,1.3053162439315875,1.3023371348028137,1.3015766666900728,1.2913546012312804,1.2908701181253284,1.2964037712706022,1.2712004561074597,1.252716825262992,1.2295974220685923,1.2235279538727046,1.216958328489286,1.2024537732253058,1.1823509800326137,,,,,1.4826782535948968,1.3698974640123978,1.2712004561074597,1.216958328489286,,1.324985978070322,"rgba(38, 166, 154, 1.0)",0.1632659908976241,1.3991051718315688,1.1079761754048418,59.032530662199854,15.364244006489542,True,False,True,False,False,8.7805766300555,0.0,0.0,0.0,0.0,0,1.017424093059937,0.9187697160883281,False,False,False,False,0.2221087424063104,0.23673961868799653,False,False,False,False,-98049,-29854277.188423917,False,False,False,False,6437845.945352513,False,False,False,False
2024-03-27 00:00:00+00:00,1.69,1.7,1.575,1.58,7941672,,,,,,,,,,,,,,,,,1.4887379986504863,1.451791300484559,1.4369978567715698,1.4272989302699148,1.4262529753784279,1.373987218167634,1.3302728903684358,1.3130639277222178,1.3105221918993488,1.3092339451454813,1.3062416203059184,1.3054783540839927,1.2951005039321064,1.2946065866869576,1.2997758586231394,1.2743040053862902,1.2558137713814572,1.2324994694027054,1.226332854666956,1.2196963650934665,1.2051492453806292,1.1850228296639005,,,,,1.4887379986504863,1.373987218167634,1.2743040053862902,1.2196963650934665,,1.328900431221053,"rgba(0, 255, 255, 0.75)",0.16713397549799697,1.4034282330637744,1.714623050653516,60.812959874692986,15.364244006489542,True,False,True,False,False,12.226866334469559,0.0,0.0,0.0,0.0,0,1.0268042732150626,0.8987528399477934,False,False,False,False,0.26020944840362026,0.2484745335458084,False,False,False,False,7843623,-28375928.1614269,False,False,False,False,6496819.516123002,False,False,False,False
2024-03-28 00:00:00+00:00,1.7,1.74,1.67,1.73,8058158,,,,,,,,,,,,,,,,,1.4961311964886364,1.4592237975633915,1.4423984042390257,1.4320834270778984,1.4310384189891796,1.3787121635497877,1.3350143598328192,1.3175184824224786,1.314957692624452,1.3136636652581661,1.310652925936744,1.309885608508388,1.2993232448635035,1.298818345199601,1.3035900119490138,1.2777955384766688,1.2592824047322744,1.2357361518408727,1.2294585902409056,1.2227444103514973,1.2081419839673173,1.1879788210651132,,,,,1.4961311964886364,1.3787121635497877,1.2777955384766688,1.2227444103514973,,1.3334014420072653,"rgba(0, 255, 255, 0.75)",0.17117316452134523,1.4087419466803177,1.7015403911830027,62.22558633572921,15.364244006489542,True,False,True,False,True,12.528465268651804,0.0,0.0,0.0,0.0,0,1.0706999562830912,0.8836887356098511,False,False,False,False,0.3428281288802316,0.29565133121302,False,False,False,False,15901781,-26639547.4099984,False,False,False,False,6558048.476275042,False,False,False,False
2024-04-01 00:00:00+00:00,1.69,1.8,1.68,1.76,7843531,,,,,,,,,,,,,,,,,1.503503028871929,1.466607424071795,1.4478359396912859,1.4369156692748584,1.4358709354915362,1.383458290619963,1.3397596027722274,1.3219775611625963,1.319397327586192,1.3180972445485273,1.3150675642839333,1.3142960499362772,1.3035498116542457,1.3030339990626245,1.307416279358533,1.2812971090249836,1.2627571556765858,1.2389771077680336,1.2325887376117732,1.2257965398957658,1.211136945724186,1.190934289071518,,,,,1.503503028871929,1.383458290619963,1.2812971090249836,1.2257965398957658,,1.3379101689181834,"rgba(0, 255, 255, 0.75)",0.17476656245217678,1.4141094359839113,1.5786232797911988,62.723348174294614,15.364244006489542,True,False,True,False,True,12.101438358320124,0.0,0.0,0.0,0.0,1,1.0741173107161575,0.862081288416639,False,False,False,False,0.3428281359101993,0.3192397335616096,False,False,False,False,8058250,-25278849.472351402,False,False,False,False,6608459.5556368055,False,False,False,False
2024-04-02 00:00:00+00:00,1.71,1.7225,1.66,1.72,8224778,,,,,,,,,,,,,,,,,1.5098862554301695,1.473183391239865,1.4528023066405458,1.4413717489784836,1.4403294066407544,1.3879289371580068,1.3442856671402517,1.326255064042801,1.3236590666302213,1.3223545316755432,1.3193098900561397,1.3185351430624592,1.3076250168616197,1.3070993219676956,1.3111097129250417,1.284699087376328,1.2661440867508404,1.242150831023116,1.2356581400161748,1.2287931867194348,1.2140837853391142,1.193849878087371,,,,,1.5098862554301695,1.3879289371580068,1.284699087376328,1.2287931867194348,,1.3421590396167749,"rgba(0, 255, 255, 0.75)",0.1786282061602682,1.4189345700299771,1.62944831741116,63.57648875481987,15.364244006489542,True,False,True,False,True,12.721518559888722,0.0,0.0,0.0,0.0,1,1.0788352103621515,0.8758541870044525,False,False,False,False,0.28607678451831703,0.30265825903996335,False,False,False,False,16283028,-23648971.924416054,False,False,False,False,6671844.592670657,False,False,False,False
2024-04-03 00:00:00+00:00,1.8,1.83,1.695,1.71,15425535,,,,,,,,,,,,,,,,,1.5252957132626823,1.4884875417852308,1.4643904441345006,1.4517392405899423,1.4506944333762561,1.397994695820671,1.3542689495521703,1.3356412625844452,1.3330026364726406,1.3316841056883166,1.3285972485474289,1.3278130110853401,1.316519989701686,1.3159717189256257,1.3192036415010269,1.292101920882753,1.273472080362373,1.2489793555085085,1.2422547288670378,1.2352244422436327,1.2203861378885144,1.2000561669748262,,,,,1.5252957132626823,1.397994695820671,1.292101920882753,1.2352244422436327,,1.3516668580446136,"rgba(0, 255, 0, 1.0)",0.18456552341223337,1.430407745468928,2.0024988833129753,66.18024488893342,10.491808639174117,True,False,True,False,True,15.41866079374191,0.0,0.0,0.0,0.0,1,1.085439566851035,0.8508950033839765,False,False,False,False,0.34282814002813955,0.32274319953405145,False,False,False,False,31708563,-21478088.201889936,False,False,False,False,7015126.56942867,False,False,False,False
2024-04-04 00:00:00+00:00,1.73,1.81,1.7,1.81,9461192,,,,,,,,,,,,,,,,,1.5329159474757363,1.4962749279360283,1.4704829355426634,1.4572553391772114,1.4562118661722567,1.4034687125356349,1.3597692383885955,1.3408475518641767,1.3381892251929024,1.3368647437259593,1.3337588131838602,1.3329703786891656,1.321483182779319,1.3209232651286258,1.3237297535366903,1.2962728548629037,1.2776150950432654,1.2528607207611433,1.2460105116607598,1.2388914830627638,1.2239881483581783,1.2036132322818691,,,,,1.5329159474757363,1.4034687125356349,1.2962728548629037,1.2388914830627638,,1.356839827335983,"rgba(0, 255, 255, 0.75)",0.18809064328160852,1.4363544076218635,1.5611919192518873,64.80419971846769,10.491808639174117,True,False,True,False,True,12.414128193711,0.0,0.0,0.0,0.0,1,1.0854104812538838,0.857557135952496,False,False,False,False,0.3342731069950085,0.32850815326453,False,False,False,False,22247371,-19763364.311619744,False,False,False,False,7111050.70396088,False,False,False,False
2024-04-05 00:00:00+00:00,1.82,1.83,1.715,1.73,8482687,,,,,,,,,,,,,,,,,1.5405628377820106,1.5039651550926296,1.4765169608834994,1.4627155889442014,1.461671605695863,1.408810839314421,1.3650883418538289,1.3458723909307904,1.3431932373257143,1.341862033538118,1.3387355504928178,1.3379425134869403,1.3262633157099828,1.3256919988961053,1.328098868470208,1.3002878539052183,1.2815929578474288,1.2565788687945814,1.2496069362160918,1.242400985742472,1.2274300876653814,1.2070049754937116,,,,,1.5405628377820106,1.408810839314421,1.3002878539052183,1.242400985742472,,1.3618729420461462,"rgba(0, 255, 255, 0.75)",0.1941874268760878,1.4422775575444908,1.9451436611111605,65.861184174041,10.491808639174117,True,False,True,False,True,15.028585396533288,0.0,0.0,0.0,0.0,1,1.0906428064715439,0.8606604270120597,False,False,False,False,0.3428281417678694,0.33566814751619967,False,False,False,False,30730058,-17783230.10332093,False,False,False,False,7164840.36262908,False,False,False,False
2024-04-08 00:00:00+00:00,1.75,1.87,1.74,1.85,8209672,,,,,,,,,,,,,,,,,1.5474929492810936,1.5109903957776758,1.482112491696043,1.467805107738538,1.466761267315945,1.413819588768752,1.3700922304704588,1.3506112842461746,1.347913642422949,1.3465765910196903,1.3434319577909797,1.3426348767451144,1.3307809474149679,1.3301992027915992,1.3322347879133383,1.304098668703348,1.2853717594367295,1.2601173818676115,1.253031849617605,1.2457448658010075,1.2307117231873794,1.2102409912046603,,,,,1.5474929492810936,1.413819588768752,1.304098668703348,1.2457448658010075,,1.3665910923409812,"rgba(0, 255, 255, 0.75)",0.19813245183075803,1.4477514426207474,1.525487392834714,63.89653490674806,10.491808639174117,True,False,True,False,True,12.139568442452703,0.0,0.0,0.0,0.0,1,1.094631340030113,0.8474347738151418,False,False,False,False,0.34282814707373016,0.3392481472949649,False,False,False,False,22520386,-16202696.138484815,False,False,False,False,7205814.152329901,False,False,False,False
2024-04-09 00:00:00+00:00,1.86,1.86,1.7727,1.79,12264189,,,,,,,,,,,,,,,,,1.558933584978819,1.5224413851023981,1.4912661339531113,1.476131472026845,1.4750855863089996,1.42191837632807,1.3781206307772897,1.3582029470324601,1.3554734051870867,1.3541257308638648,1.3509492975959303,1.35014503324538,1.338005965478358,1.3374073535144853,1.3388642486883908,1.310193327070611,1.2914015545190085,1.2657530757347408,1.2584850443441764,1.251066634222275,1.2359273297051634,1.2153742748094662,,,,,1.558933584978819,1.42191837632807,1.310193327070611,1.251066634222275,,1.374198539348615,"rgba(0, 255, 255, 0.75)",0.20448352870955813,1.4567289038497442,1.9721446450733413,64.84441279151947,10.491808639174117,True,False,True,False,True,15.215837946420354,0.0,0.0,0.0,0.0,1,1.095589702654161,0.84886582851061,False,False,False,False,0.34282814881084794,0.34103814805290644,False,False,False,False,34784575,-14203195.309524627,False,False,False,False,7404181.793415003,False,False,False,False
2024-04-10 00:00:00+00:00,1.81,1.86,1.76,1.79,9285584,,,,,,,,,,,,,,,,,1.5663795939839136,1.5300288960284913,1.4974760636994169,1.481829250054989,1.480783731543397,1.4275412101556273,1.3837434060292386,1.363545904603147,1.3607967740253877,1.359442921310103,1.3562472456475045,1.3554386943606307,1.3431127547294104,1.3425029477953858,1.3435592530911484,1.314533303384411,1.2957055080821256,1.2697914678240672,1.2623975771924232,1.254889025610327,1.2396797072134644,1.219074645295473,,,,,1.5663795939839136,1.4275412101556273,1.314533303384411,1.254889025610327,,1.3794872764575574,"rgba(0, 255, 255, 0.75)",0.20941385379711944,1.462785930197489,1.6580281748641745,63.74120680319043,10.491808639174117,True,False,True,False,True,13.213518297275371,0.0,0.0,0.0,0.0,1,1.1009713870349567,0.8454591510826229,False,False,False,False,0.3361369675006667,0.33858755777678656,False,False,False,False,25498991,-12646246.82679817,False,False,False,False,7477962.272104612,False,False,False,False
2024-04-11 00:00:00+00:00,1.84,1.85,1.78,1.83,8455945,,,,,,,,,,,,,,,,,1.573136830149421,1.5369111782997307,1.5031567520755196,1.487055393766152,1.4860100861656504,1.4326953894518522,1.3888941525608711,1.3684447785862537,1.3656778865613628,1.3643183957172484,1.3611052322254331,1.3602927775079485,1.347798158247894,1.3471782451498677,1.3478740090573125,1.3185250658896672,1.2996632462546553,1.273506744519695,1.2659981375780938,1.2584072188971858,1.2431332936712296,1.222479692506728,,,,,1.573136830149421,1.4326953894518522,1.3185250658896672,1.2584072188971858,,1.384332483933091,"rgba(0, 255, 255, 0.75)",0.21476297431152855,1.4683265210275038,1.7306217711129208,63.63344145479467,10.491808639174117,True,False,True,False,True,14.041856193600776,0.0,0.0,0.0,0.0,0,1.1123809102765312,0.8440283825902429,False,False,False,False,0.34140315693892825,0.3399953573578574,False,False,False,False,33954936,-10818749.46104138,False,False,False,False,7516314.535943647,False,False,False,False
2024-04-12 00:00:00+00:00,1.8,1.94,1.78,1.88,14386169,,,,,,,,,,,,,,,,,1.5845650222152776,1.5485461840351866,1.5128594159104967,1.496011362180819,1.4949662090869602,1.4415237055285182,1.3977109655005577,1.3768404001333792,1.37404356330086,1.3726745022878513,1.3694317800445412,1.3686127140738256,1.35583494930913,1.3551980663294279,1.3552902565500489,1.3253937825789928,1.3064718756437428,1.2799024342049445,1.2721987745896943,1.2644673876773203,1.24908203854918,1.2283436489027881,,,,,1.5845650222152776,1.4415237055285182,1.3253937825789928,1.2644673876773203,,1.392627167559079,"rgba(38, 166, 154, 1.0)",0.2188699066478422,1.501154872698303,1.365400716246174,62.145424992272666,10.491808639174117,True,False,True,False,False,12.44681926268047,0.0,0.0,0.0,0.0,1,1.1087283754008597,0.831671720587273,False,False,False,False,0.342828154998281,0.3414117561780692,False,False,False,False,19568767,-9627082.14884368,False,False,False,False,7785720.593357622,False,False,False,False
2024-04-15 00:00:00+00:00,1.76,1.82,1.75,1.79,8348957,,,,,,,,,,,,,,,,,1.5892235161249857,1.5535175856773844,1.5171968908792344,1.5000843903809982,1.4990425769741467,1.4456870927647547,1.4019611745847245,1.3809293740496305,1.3781229115430793,1.3767515193968412,1.3734999271738422,1.3726790094335273,1.3597853301141847,1.359141230138872,1.3589435410782904,1.3288172112428789,1.309885342762176,1.2831360898631958,1.2753416664334252,1.2675461303721847,1.2521160864135055,1.231348868601906,,,,,1.5892235161249857,1.4456870927647547,1.3288172112428789,1.2675461303721847,,1.3965646255494177,"rgba(38, 166, 154, 1.0)",0.2220847172175986,1.5039950021643893,1.15273577147939,59.799738531549785,14.409841834973093,True,False,True,False,False,10.877079252900277,0.0,0.0,0.0,0.0,1,1.0914755460329262,0.8640984717637029,False,False,False,False,0.2699270642475606,0.3056694102128149,False,False,False,False,11219810,-8809556.966536084,False,False,False,False,7807808.295578891,False,False,False,False
2024-04-16 00:00:00+00:00,1.72,1.79,1.71,1.73,11253629,,,,,,,,,,,,,,,,,1.5939959478922066,1.5588391496763285,1.5220276135099864,1.5046874814112392,1.5036525367278444,1.4505341089466048,1.4069953976501763,1.3858118200817637,1.3829984497119754,1.3816264220097472,1.3783693476734107,1.3775474830539998,1.3645360466288137,1.3638843205395526,1.3633452076914199,1.3329791821108565,1.3140533977297395,1.2871098050885172,1.2792111962142465,1.2713432100842452,1.2558688713063526,1.2350789950725496,,,,,1.5939959478922066,1.4505341089466048,1.3329791821108565,1.2713432100842452,,1.4011774062216338,"rgba(38, 166, 154, 0.5)",0.2243133265512051,1.5071610047370156,0.9488468587014537,56.94645645367294,11.62961186588825,False,False,True,False,False,9.332351864134608,0.0,0.0,0.0,0.0,1,1.0812408647658107,0.8709395929230569,False,False,False,False,0.23688384607131904,0.271276628142067,False,False,False,False,-33819,-8465410.379613101,False,False,False,False,7942938.51928168,False,False,False,False
2024-04-17 00:00:00+00:00,1.73,1.7899,1.71,1.74,7435714,,,,,,,,,,,,,,,,,1.5970545195077896,1.5622528329436447,1.5251527619985559,1.5076745373925124,1.5066441411616718,1.4536855951016086,1.410272395737082,1.3889950272497327,1.3861775825105758,1.3848053079900169,1.3815451079407404,1.3807227316346327,1.367637449842016,1.3669809110177509,1.366223187410069,1.3357051633689108,1.316784350875416,1.2897165418657275,1.2817508382857485,1.2738362112801025,1.2583336552556652,1.2375296771136506,,,,,1.5970545195077896,1.4536855951016086,1.3357051633689108,1.2738362112801025,,1.4041808597557153,"rgba(38, 166, 154, 0.5)",0.22691165880337658,1.5096092741157314,0.9712622394393646,55.352086605570804,10.088749152560872,False,False,True,False,False,9.632303816797517,0.0,0.0,0.0,0.0,1,1.081065784317994,0.8721102355348515,False,False,False,False,0.2368370188596036,0.2540568235008353,False,False,False,False,7401895,-7843163.109824353,False,False,False,False,7923047.36166279,False,False,False,False
2024-04-18 00:00:00+00:00,1.75,1.81,1.72,1.76,7400010,,,,,,,,,,,,,,,,,1.6003101418761758,1.5658289613165683,1.5284079547145921,1.5107794092979918,1.5097530624934643,1.456932310298919,1.4136312541993188,1.392253851800018,1.3894316049603963,1.388058743122968,1.3847946044287727,1.3839715152134036,1.3708089306466988,1.3701474042160908,1.3691693320656393,1.3384920207477606,1.3195729813301398,1.292375783828959,1.2843412959532974,1.2763785617675072,1.2608456002733281,1.2400249982893699,,,,,1.6003101418761758,1.456932310298919,1.3384920207477606,1.2763785617675072,,1.407271986213934,"rgba(38, 166, 154, 1.0)",0.2297766247843683,1.5124490144424922,1.0338344284604024,54.92697401382437,9.604646382970493,False,False,True,False,False,10.236026698132363,0.0,0.0,0.0,0.0,1,1.078027371197544,0.8707975698873589,False,False,False,False,0.2509791413849847,0.25251798244291,False,False,False,False,14801905,-6955121.223164575,False,False,False,False,7902536.092577975,False,False,False,False
2024-04-19 00:00:00+00:00,1.75,1.77,1.73,1.75,8549621,,,,,,,,,,,,,,,,,1.6036875804049373,1.569598239219388,1.5319006458677997,1.51413265201496,1.5131115003360112,1.460477775577222,1.4173227253802712,1.3958479141680695,1.3930217460851881,1.3916488618503073,1.3883818959400154,1.387558392928077,1.374317339881627,1.3736506502689931,1.3724330487917464,1.3415912704617092,1.3226792883587954,1.2953460385059419,1.2872372736289963,1.2792229095112233,1.2636591234197894,1.2428235828451053,,,,,1.6036875804049373,1.460477775577222,1.3415912704617092,1.2792229095112233,,1.410658387459064,"rgba(38, 166, 154, 1.0)",0.23254277917007699,1.5154645962059183,1.008568851852189,54.64356561932675,9.173954609813102,False,False,False,False,False,10.236026698132363,0.0,0.0,0.0,0.0,1,1.0796911263909073,0.8790534238552807,False,False,False,False,0.23688384607131904,0.24470091425711454,False,False,False,False,14801905,-6101904.508530671,False,False,False,False,7927911.971300407,False,False,False,False
2024-04-22 00:00:00+00:00,1.72,1.76,1.66,1.69,10776719,,,,,,,,,,,,,,,,1.7133333333333334,1.6067197080747073,1.5732129847212053,1.5354350600936806,1.5175911736990195,1.5165784275182632,1.4642756873407279,1.4213616364980999,1.399818083306816,1.3969920109942686,1.3956211819895756,1.3923560389603566,1.3915333044063976,1.3782255362227436,1.377554104272557,1.3760762347382278,1.3450871484048443,1.326200921268053,1.2987379835927757,1.2905515100657188,1.282484399555897,1.266895841572063,1.2460558266867643,,,,,1.6067197080747073,1.4642756873407279,1.3450871484048443,1.282484399555897,,1.4358631034750684,"rgba(38, 166, 154, 0.5)",0.2346457556203173,1.5340632105859684,0.7924148848227955,53.23458530966151,7.654265063259395,False,True,False,False,False,9.023986984883237,0.0,0.0,0.0,0.0,1,1.0671784616046278,0.8800937573919962,False,False,False,False,0.19972812557995465,0.22221451991853458,False,False,False,False,4025186,-5704763.704274566,False,False,False,False,8039629.893994509,False,False,False,False
2024-04-23 00:00:00+00:00,1.72,1.77,1.68,1.68,8872919,,,,,,,,,,,,,,,,1.71784889692794,1.6093157252028674,1.5762583107194843,1.5384012176028041,1.520490777862938,1.5194845991827013,1.4674402296506894,1.4247163197993478,1.4031150255612805,1.4002887852470614,1.398919507079598,1.3956555680463865,1.3948333887968383,1.3814703384968423,1.3807949980706848,1.3791051032211863,1.3479933075552912,1.3291267947289835,1.3015560348643378,1.2933054379044164,1.2851946374440981,1.2695849108398498,1.2487401630278487,,,,,1.6093157252028674,1.4674402296506894,1.3479933075552912,1.2851946374440981,,1.4390060183260838,"rgba(38, 166, 154, 0.5)",0.2366190537056887,1.5366402970669484,0.7749152067910723,52.29526510321802,6.59357124413593,False,True,False,False,False,9.023986984883248,0.0,0.0,0.0,0.0,1,1.0886824505945856,0.8671913639980218,False,False,False,False,0.2135925701909122,0.2179035450547234,False,False,False,False,4025186,-5323197.049204974,False,False,False,False,8072307.898151588,False,False,False,False
2024-04-24 00:00:00+00:00,1.72,1.74,1.67,1.72,6823245,,,,,,,,,,,,,,,,1.7158258854290005,1.6110103459223737,1.578312606044441,1.540459333162215,1.522522614363724,1.5215218796976115,1.4696975703008364,1.4271328501319331,1.4055013331774824,1.4026762540625104,1.4013086919896298,1.3980470510783638,1.3972256259919538,1.3838286637835768,1.3831507946142818,1.38130975774609,1.3501196218287534,1.3312725070148244,1.3036300869174253,1.2953345490905617,1.287193503614244,1.271571207877846,1.2507265404110055,,,,,1.6110103459223737,1.4696975703008364,1.3501196218287534,1.287193503614244,,1.4409944011173794,"rgba(38, 166, 154, 0.5)",0.23861273234267077,1.5381323162964053,0.7621876750584088,51.669051632255695,5.815857605256092,False,True,False,False,False,9.023986984883248,0.0,0.0,0.0,0.0,1,1.0825775244018312,0.8773214131467566,False,False,False,False,0.1951236842314598,0.2065136146430916,False,False,False,False,4025186,-4956593.792373407,False,False,False,False,8023325.039400545,False,False,False,False
2024-04-25 00:00:00+00:00,1.8,1.81,1.69,1.71,5514391,,,,,,,,,,,,,,,,1.7245904943322148,1.6130992406883529,1.5806221148422306,1.542630931208727,1.524619932092343,1.5236223320577098,1.4719144493624436,1.42944141457106,1.4077568327601182,1.4049298707745441,1.4035624891182312,1.400299653191153,1.3994780999448566,1.3860368642739918,1.3853560396604092,1.383373654497598,1.352087620469641,1.3332458719288938,1.3055225630854321,1.29718218267167,1.2890099234322856,1.2733692399988636,1.2525159639472427,,,,,1.6130992406883529,1.4719144493624436,1.352087620469641,1.2890099234322856,,1.443468632576581,"rgba(38, 166, 154, 1.0)",0.2416976743077284,1.5405218951163038,1.0735647565782114,54.45300371754405,5.815857605256092,False,True,True,False,True,11.579136450306635,0.0,0.0,0.0,0.0,1,1.0846288172409388,0.8578304016355041,False,False,False,False,0.23688384607131904,0.22169873035720533,False,False,False,False,9539577,-4388116.506397979,False,False,False,False,7924935.469227974,False,False,False,False
2024-04-26 00:00:00+00:00,1.82,1.865,1.79,1.84,5108681,,,,,,,,,,,,,,,,1.7384184206876465,1.615701361359669,1.583366924565099,1.5451201076867922,1.5269916213267465,1.5259957746266428,1.474339544411885,1.431917433597185,1.4101569460642933,1.407325608034405,1.4059572699259415,1.4026904801545506,1.4018681203795091,1.3883700441199927,1.3876856243063624,1.3855540811482316,1.3541485156736595,1.3353020669460973,1.3074820922348038,1.299092078820508,1.2908844791531153,1.2752189748454898,1.2543495244769687,,,,,1.615701361359669,1.474339544411885,1.3541485156736595,1.2908844791531153,,1.4463742058035012,"rgba(38, 166, 154, 1.0)",0.24482036069127902,1.5436104470711585,1.1289483936238933,56.982932502809874,2.721157348577755,False,False,True,False,True,12.199586294824357,0.0,0.0,0.0,0.0,1,1.127375935322955,0.8381783779134773,False,False,False,False,0.31084757224565257,0.2662731513014289,False,False,False,False,14648258,-3641592.0159509997,False,False,False,False,7814494.117493545,False,False,False,False
2024-04-29 00:00:00+00:00,1.83,1.8697,1.79,1.83,4835476,,,,,,,,,,,,,,,,1.7489679528800246,1.6181624275631412,1.5859602874797467,1.5474766197137495,1.529238578652695,1.5282443608984724,1.4766361082177346,1.43426151205079,1.4124299400794718,1.4095944952708772,1.40822525721648,1.404954754007794,1.4041316361949814,1.3905802429699616,1.3898924496348766,1.3876209519080767,1.3561028466691885,1.3372518379256704,1.309340691252779,1.300903872110015,1.2926629143168331,1.2769738997645834,1.2560890513746301,,,,,1.6181624275631412,1.4766361082177346,1.3561028466691885,1.2926629143168331,,1.4489988411348262,"rgba(38, 166, 154, 1.0)",0.2479340220285998,1.546402612473096,1.1438421609366316,59.01195938018256,4.627696102347613,False,False,True,False,True,12.511488637214313,0.0,0.0,0.0,0.0,1,1.116382362407467,0.8396523978113937,False,False,False,False,0.3131387626521054,0.28970595697676715,False,False,False,False,19483734,-2734716.4859137055,False,False,False,False,7697669.877591837,False,False,False,False
2024-04-30 00:00:00+00:00,1.74,1.81,1.73,1.78,6730935,,,,,,,,,,,,,,,,1.750493895783859,1.6203951931349239,1.588471939356292,1.5498966978155628,1.5315970005872177,1.5306069556029613,1.4791610914767757,1.436910422083273,1.4150302906470933,1.4121939546051165,1.410825489356146,1.4075550066113196,1.406732081840484,1.3931365428145484,1.392445696338842,1.3900165315273372,1.3583992525217317,1.3395589705492716,1.3115614773272568,1.3030748354663735,1.2947994646887653,1.279091839228421,1.2582001785605512,,,,,1.6203951931349239,1.4791610914767757,1.3583992525217317,1.2947994646887653,,1.4514031662723192,"rgba(38, 166, 154, 0.5)",0.2492119471345495,1.5486075605393939,0.76799062669846,55.92226735204305,4.627696102347613,False,False,True,False,False,8.694091320620952,0.0,0.0,0.0,0.0,1,1.1002546689303905,0.8452674023769101,False,False,False,False,0.2556991027665976,0.27270252987168236,False,False,False,False,12752799,-2127362.9374465016,False,False,False,False,7659758.705921569,False,False,False,False
2024-05-01 00:00:00+00:00,1.89,1.95,1.79,1.8,17612322,,,,,,,,,,,,,,,,1.7840239739400963,1.6305334498780766,1.5989586834958336,1.5593515480085127,1.5405846232255438,1.539598168925323,1.4882181807348303,1.4460727791542667,1.4238939090687603,1.4210382677973266,1.4196645656963538,1.4163757554822298,1.4155488918555645,1.4017358457763522,1.4010314817379232,1.3980727961806523,1.3659965566492491,1.34712095032758,1.318755383091932,1.3100853888872175,1.3016778031758516,1.2858701594765969,1.2649064794403244,,,,,1.6305334498780766,1.4882181807348303,1.3659965566492491,1.3016778031758516,,1.461333059995681,"rgba(38, 166, 154, 1.0)",0.25346236638043534,1.559520045452574,1.303862026015297,58.54015813068773,4.627696102347613,False,False,True,False,True,13.2733745081376,0.0,0.0,0.0,0.0,1,1.099628252788104,0.8166873192895499,False,False,False,False,0.3428281563150638,0.3077653430933731,False,False,False,False,30365121,-853147.8810760507,False,False,False,False,8050055.305689351,False,False,False,False
2024-05-02 00:00:00+00:00,1.82,1.92,1.82,1.84,8837614,,,,,,,,,,,,,,,,1.7921788213964385,1.6348701529049259,1.603519984106316,1.5635587295090085,1.5446193374287125,1.5436357704955863,1.492345390403221,1.450286532285902,1.4279918639036415,1.4251296748991997,1.423754630269842,1.420459969626325,1.4196319288533175,1.4057302425559621,1.4050202268339098,1.4018234120438802,1.3695550844138669,1.350672091586031,1.3221485054672486,1.3133967800636281,1.3049307545114741,1.289081756026854,1.2680908319036812,,,,,1.6348701529049259,1.492345390403221,1.3695550844138669,1.3049307545114741,,1.465516456452348,"rgba(38, 166, 154, 1.0)",0.25597071904615937,1.56392177554261,1.000419991050661,57.620303117559345,4.627696102347613,False,False,True,False,True,10.462749936727999,0.0,0.0,0.0,0.0,1,1.1047424366312348,0.8185609157808668,False,False,False,False,0.3428281563150638,0.32529674970421846,False,False,False,False,21527507,24524.85935830418,False,False,False,False,8080939.960368199,False,False,False,False
2024-05-03 00:00:00+00:00,1.81,1.865,1.8,1.85,3640657,,,,,,,,,,,,,,,,1.7936961060184844,1.6363825689795446,1.6051440283928773,1.5650910050541411,1.5461015418304966,1.545119577844836,1.493887258787476,1.4518768856411242,1.429546416806405,1.426682656707351,1.4253075275285454,1.4220116649102141,1.4211834291539425,1.4072523958400538,1.4065404457811364,1.4032547346508655,1.3709209795058162,1.3520388927749496,1.3234599165960619,1.3146782287711236,1.3061910193239876,1.2903283218485226,1.2693296018050764,,,,,1.6363825689795446,1.493887258787476,1.3709209795058162,1.3061910193239876,,1.4670088130787722,"rgba(38, 166, 154, 0.5)",0.25743796593801993,1.5654159506372924,0.9500698487556921,56.64784325928309,4.627696102347613,False,False,True,False,True,10.067915716377694,0.0,0.0,0.0,0.0,1,1.110761690831121,0.8238513375536042,False,False,False,False,0.3064657576571031,0.3158812536806608,False,False,False,False,17886850,725008.1982069981,False,False,False,False,7906811.216824348,False,False,False,False
2024-05-06 00:00:00+00:00,1.86,1.93,1.85,1.87,5244550,,,,,,,,,,,,,,,,1.79908465970977,1.6391425716141577,1.6080170144906765,1.5677274878874286,1.5486250699932491,1.5476444537072105,1.4964482388920912,1.454478508217558,1.4320730474572267,1.4292047144409363,1.4278284782821176,1.4245283838722145,1.4236992630358158,1.4097119549064017,1.408996457337399,1.4055663726658916,1.3731108726703647,1.3542214117659876,1.3255429464686324,1.3167107164102307,1.3081871227295783,1.2922975798487324,1.2712801299505525,,,,,1.6391425716141577,1.4964482388920912,1.3731108726703647,1.3081871227295783,,1.469618131191268,"rgba(38, 166, 154, 1.0)",0.25932643173845,1.5682118469853688,1.12517706374382,57.44983495182625,4.627696102347613,False,False,True,False,True,11.563197814805442,0.0,0.0,0.0,0.0,1,1.1112140124823837,0.8071874370847593,False,False,False,False,0.3428281588466848,0.3293547062636728,False,False,False,False,23131400,1603690.2296498609,False,False,False,False,7802408.81616457,False,False,False,False
2024-05-07 00:00:00+00:00,1.87,1.89,1.84,1.86,2492125,,,,,,,,,,,,,,,,1.8010319775708614,1.6403608832216803,1.6092953653202153,1.568912055813112,1.5497631750634624,1.5487833380324927,1.4976114138785408,1.4556653161958841,1.4332283098800456,1.4303581887673638,1.4289815861411326,1.425679893199421,1.4248504506555455,1.4108388677252282,1.4101218201440966,1.4066263362318874,1.3741176855089592,1.3552260573991484,1.326503641388213,1.3176486678969659,1.3091087753307127,1.2932076112035285,1.2721824223387712,,,,,1.6403608832216803,1.4976114138785408,1.3741176855089592,1.3091087753307127,,1.4707802515017128,"rgba(38, 166, 154, 1.0)",0.2611418447186544,1.569432653618721,1.1509735129010072,58.26694606440449,4.627696102347613,False,False,True,False,True,11.85993551831005,0.0,0.0,0.0,0.0,1,1.1152204550030198,0.8152405878800079,False,False,False,False,0.3188108491049931,0.3240827776843329,False,False,False,False,25623525,2545644.5343694743,False,False,False,False,7594162.392001254,False,False,False,False
2024-05-08 00:00:00+00:00,1.87,1.91,1.84,1.85,3160514,,,,,,,,,,,,,,,,1.8035808796329782,1.641932274091581,1.6109400354067933,1.5704342253388022,1.5512249762910038,1.5502460756122232,1.4991025402078781,1.4571848876260656,1.4347070092589234,1.4318345243213901,1.430457413247496,1.4271535864323737,1.4263237096827903,1.4122808351036829,1.4115617952065627,1.4079829727079416,1.3754058356855854,1.3565110320696312,1.3277320763866107,1.3188479751220825,1.3102871730152834,1.294370942863998,1.2733355723566915,,,,,1.641932274091581,1.4991025402078781,1.3754058356855854,1.3102871730152834,,1.4722722329716196,"rgba(38, 166, 154, 1.0)",0.26213351937892393,1.5710067926297933,1.1406141728025283,58.81168680612333,4.627696102347613,False,False,True,False,True,11.85993551831006,0.0,0.0,0.0,0.0,1,1.1123027761134412,0.81471939285001,False,False,False,False,0.32768405820239155,0.32588341794336223,False,False,False,False,25623525,3450659.454590279,False,False,False,False,7420293.827609047,False,False,False,False
2024-05-09 00:00:00+00:00,1.97,1.98,1.88,1.88,10556395,,,,,,,,,,,,,,,,1.8183032925544593,1.648572866251332,1.617714574329298,1.5765597595490757,1.5570537808603282,1.5560757282930322,1.5049141357656075,1.4630216360726884,1.4403516158441905,1.4374657186038324,1.4360845506256004,1.4327676164008207,1.4319348430903571,1.4177540817712058,1.4170265727579359,1.4131307403885052,1.3802587447085803,1.3613322480127814,1.332316777044063,1.3233175140284066,1.3146726226586836,1.2986887148184778,1.277600973509258,,,,,1.648572866251332,1.5049141357656075,1.3802587447085803,1.3146726226586836,,1.4782978398476052,"rgba(38, 166, 154, 1.0)",0.2655310504229918,1.577717251856361,1.4773516977345265,61.8515256206248,7.190397471975004,False,False,True,False,True,14.792386174140955,0.0,0.0,0.0,0.0,0,1.1156045265038714,0.8118522930315666,False,False,False,False,0.3428281469958898,0.33435578246962605,False,False,False,False,36179920,4734159.868135758,False,False,False,False,7543278.187310654,False,False,False,False
2024-05-10 00:00:00+00:00,1.95,2.01,1.935,2.0,6536516,,,,,,,,,,,,,,,,1.8272864094367016,1.6528316114101729,1.622042683949822,1.580470981314795,1.5607745077304873,1.5597967086359565,1.5086111611694326,1.4667258929054838,1.4439322482427754,1.4410375156464144,1.43965359273207,1.4363279509802047,1.4354932382424488,1.4212243100890831,1.420491409938385,1.416397142151049,1.383336342623313,1.364387695998669,1.3352210026929783,1.3261487165060821,1.3174503048160242,1.3014224883114682,1.2803000644272204,,,,,1.6528316114101729,1.5086111611694326,1.383336342623313,1.3174503048160242,,1.4821095561198163,"rgba(38, 166, 154, 1.0)",0.26725916160060464,1.5819816136751592,1.3770094320463817,62.92258081672399,8.294390672504434,True,False,True,False,True,13.949299655268273,0.0,0.0,0.0,0.0,0,1.1128730600875447,0.8215877437325905,False,False,False,False,0.3428281462902144,0.33859196437992023,False,False,False,False,29643404,5710992.971346119,False,False,False,False,7503797.31722004,False,False,False,False
2024-05-13 00:00:00+00:00,1.86,1.98,1.84,1.93,7541737,,,,,,,,,,,,,,,,1.8316448940918908,1.656509165009388,1.6258883468256782,1.5840639236491572,1.5642376640905387,1.5632620599559874,1.5121452536549436,1.470327427391243,1.4474433560338067,1.4445434533599126,1.4431584611947377,1.4398281826939379,1.4389925341584089,1.4246533847951972,1.4239159915218191,1.4196320581389281,1.3864146465703695,1.367458726807889,1.3381613365520213,1.3290214477388809,1.3202743710336833,1.3042112775662085,1.2830648065457027,,,,,1.656509165009388,1.5121452536549436,1.3864146465703695,1.3202743710336833,,1.4855651157117369,"rgba(38, 166, 154, 1.0)",0.26764720627539834,1.585591132113387,1.0252633371568138,59.88920226501246,8.294390672504434,False,False,True,False,False,10.27284005645662,0.0,0.0,0.0,0.0,0,1.0885567214412988,0.8420708770540489,False,False,False,False,0.26775558660416954,0.3031737754920449,False,False,False,False,22101667,6353764.501881566,False,False,False,False,7505285.147917293,False,False,False,False
2024-05-14 00:00:00+00:00,1.82,1.87,1.74,1.75,28213465,,,,,,,,,,,,,,,,1.8273593859207402,1.6648143544723428,1.6351601023487192,1.5933706980116564,1.5734528966554973,1.572493394228766,1.522040952417116,1.4807266477384444,1.4577391413575453,1.454842284129423,1.4534626178430459,1.4501390511104733,1.4493056807908131,1.4348469971978055,1.434100688570631,1.4292921141240928,1.3957681101449821,1.3768663539952464,1.347280971004873,1.337965399133027,1.3290967029668717,1.3129717101373577,1.2918075296965748,,,,,1.6648143544723428,1.522040952417116,1.3957681101449821,1.3290967029668717,,1.494551392059762,"rgba(38, 166, 154, 0.5)",0.2669121392707508,1.5936809032149941,0.8479160873062876,56.46948371082324,11.42300138796724,False,True,True,False,False,8.7038361205754,0.0,0.0,0.0,0.0,1,1.0506396378665617,0.8794135012792756,False,False,False,False,0.11897923150683264,0.21107650349943877,False,False,False,False,-6111798,5864918.913572485,False,False,False,False,8317370.632312694,False,False,False,False
2024-05-15 00:00:00+00:00,1.84,1.87,1.795,1.87,11588597,,,,,,,,,,,,,,,,1.8279340228401137,1.6685144928206397,1.6392100144907233,1.597390929413291,1.5774200362723563,1.576466406973788,1.5262542043353893,1.4851263768286365,1.4620888821301128,1.4591923142794638,1.4578143637079148,1.4544924613314725,1.4536597529342545,1.4391481383267213,1.4383979883174869,1.4333743805053094,1.3997161228290929,1.380832030218185,1.3511224091876843,1.3417329597657426,1.3328126606028856,1.316659329859269,1.2954843129663776,,,,,1.6685144928206397,1.5262542043353893,1.3997161228290929,1.3328126606028856,,1.4984944143754189,"rgba(38, 166, 154, 0.5)",0.26550865682091307,1.5973759941525534,0.913808268071266,54.8794248748221,9.983391712875786,False,True,True,False,False,9.320413579308653,0.0,0.0,0.0,0.0,1,1.045945411392405,0.8946400316455697,False,False,False,False,0.1543725016099371,0.18272450255468792,False,False,False,False,5476799,5849698.524804937,False,False,False,False,8445654.019280823,False,False,False,False
2024-05-16 00:00:00+00:00,1.88,1.92,1.812,1.82,8193710,,,,,,,,,,,,,,,,1.8300916372443723,1.671575030847394,1.6424796850400643,1.6005683380922358,1.5805315916435394,1.579581347454995,1.5295016666134766,1.4884822853401902,1.4653927299153569,1.4624946514411041,1.4611171658628745,1.4577945673323134,1.456961871490605,1.4424028961346789,1.4416494956733474,1.4364634710289241,1.4026902420858514,1.3838117427027607,1.3539997053606552,1.3445526618056882,1.3355915275049792,1.319412630279491,1.2982239689865405,,,,,1.671575030847394,1.5295016666134766,1.4026902420858514,1.3355915275049792,,1.5016071391555212,"rgba(38, 166, 154, 1.0)",0.26439882514628776,1.6004389690204246,1.0573459652284707,55.15389323881142,9.983391712875786,False,True,True,False,False,10.543811629159826,0.0,0.0,0.0,0.0,1,1.0470692368214005,0.8834185680566483,False,False,False,False,0.18326242494720144,0.18299346375094466,False,False,False,False,13670509,6156396.974812587,False,False,False,False,8435773.861661967,False,False,False,False
2024-05-17 00:00:00+00:00,2.11,2.13,1.92,1.92,21574657,,,,,,,,,,,,,,,,1.8562881351748368,1.686210092409997,1.6572137949009818,1.6140180092581475,1.5933820796689504,1.5924306411810198,1.5421919012988394,1.5011382766677632,1.4776499583465392,1.4747219061386352,1.4733345503364481,1.4699819210533818,1.469142438385532,1.4542997925539063,1.453529149202678,1.4477279690509057,1.4133323348143845,1.3943665833799728,1.3640510108053616,1.3543638922070684,1.345224638765792,1.3288925419798074,1.307576965357904,,,,,1.686210092409997,1.5421919012988394,1.4133323348143845,1.345224638765792,,1.5144687218417674,"rgba(0, 255, 255, 0.75)",0.26812683565804907,1.6148268211899086,1.8467870908736708,60.41547439796741,5.038862501566264,False,False,True,False,True,16.894178146628246,0.0,0.0,0.0,0.0,1,1.048972211648268,0.8491244765892655,False,False,False,False,0.34282810847304274,0.2629107861119937,False,False,False,False,35245166,7297133.015016015,False,False,False,False,8951024.180812478,False,False,False,False
2024-05-20 00:00:00+00:00,2.1,2.15,2.05,2.13,14405598,,,,,,,,,,,,,,,,1.8739961982171336,1.6965376231610003,1.6675685869634236,1.6234698543346704,1.6024122843640236,1.6014591566979401,1.5510712532621478,1.5099655583273792,1.4861942714543894,1.483244280648799,1.4818494518998313,1.4784746182494373,1.477630072299066,1.4625877914861303,1.461805092284148,1.4555852298317975,1.4207505749366078,1.4017168995159681,1.3710466146416935,1.3611924708085574,1.3519285584108776,1.3354862219033732,1.3140768905764573,,,,,1.6965376231610003,1.5510712532621478,1.4207505749366078,1.3519285584108776,,1.5234278941692072,"rgba(0, 255, 255, 0.75)",0.2723777848093638,1.6248902976099031,1.7443041572668068,63.540520186216455,7.853483299493739,True,False,True,False,True,16.494257251254936,0.0,0.0,0.0,0.0,0,1.0728329205562963,0.8508858830253383,False,False,False,False,0.3428281105984163,0.302869448355205,False,False,False,False,20839568,7828208.896780092,False,False,False,False,9164929.036466891,False,False,False,False
2024-05-21 00:00:00+00:00,2.08,2.19,2.06,2.12,15513663,,,,,,,,,,,,,,,,1.8911230477120644,1.7073598526981189,1.6784372057988595,1.6334511496882573,1.6119721921184813,1.6110176447735443,1.5604913220213583,1.5193416073536659,1.495282950194368,1.492310797496083,1.4909084839245754,1.4875112625455202,1.4866616215623356,1.4714149428600667,1.4706198575879532,1.463965941266367,1.4286772353267345,1.409574176984886,1.3785344183621817,1.3685054511589057,1.3591109637433427,1.3425533701729062,1.3210461388560644,,,,,1.7073598526981189,1.5604913220213583,1.4286772353267345,1.3591109637433427,,1.5328580580717166,"rgba(0, 255, 255, 0.75)",0.2751976848844556,1.6353930622867825,1.615591126429316,64.82409865930104,8.972497236729154,True,False,True,False,True,15.688797835049108,0.0,0.0,0.0,0.0,0,1.068592820119025,0.8631791130735266,False,False,False,False,0.3428281172566081,0.32284878280590656,False,False,False,False,5325905,7730079.332200481,False,False,False,False,9413898.995821131,False,False,False,False
2024-05-22 00:00:00+00:00,1.95,2.12,1.9345,2.12,25258968,,,,,,,,,,,,,,,,1.9027867201358353,1.7193828163288127,1.6908618632959458,1.6453475173548693,1.6235616937438655,1.6226127476724241,1.5722697992615127,1.5313041562423648,1.5070132022555816,1.5040276869302986,1.5026226950965706,1.4992135059702842,1.4983614604315765,1.482926945634475,1.4821196992781183,1.4749451901056196,1.4392060266336648,1.4200758745750837,1.3886454638235417,1.3784131778946151,1.3688700857607157,1.3521996956416809,1.330610741020383,,,,,1.7193828163288127,1.5722697992615127,1.4392060266336648,1.3688700857607157,,1.544284912133253,"rgba(38, 166, 154, 1.0)",0.27505072423263904,1.6472020924098854,1.1008802410351295,61.24747418683991,8.972497236729154,False,False,True,False,False,10.685629669241603,0.0,0.0,0.0,0.0,0,1.0322807284051423,0.8836564570951143,False,False,False,False,0.21372343246462655,0.26828610763526656,False,False,False,False,-19933063,6645250.221133795,False,False,False,False,10035274.25088697,False,False,False,False
2024-05-23 00:00:00+00:00,1.89,1.97,1.86,1.95,10881673,,,,,,,,,,,,,,,,1.9029556587267595,1.7226236492440883,1.6943791040736262,1.6489363604435106,1.6271444942355209,1.626200592050805,1.576073583224728,1.5352737646124648,1.510963412995885,1.507979942216074,1.5065770604455886,1.5031711281418787,1.5023200714187528,1.4868546631377177,1.486044947659216,1.478710889110627,1.442878494341538,1.4237667502789626,1.3922424065286403,1.3819513411427613,1.3723669409461268,1.3556745541079747,1.3340780377902486,,,,,1.7226236492440883,1.576073583224728,1.442878494341538,1.3723669409461268,,1.5478524157014573,"rgba(38, 166, 154, 0.5)",0.27424175564734643,1.6504949576610677,0.8733354327227874,57.22125779725791,13.662146906808758,False,True,True,False,False,8.515720718218038,0.0,0.0,0.0,0.0,0,1.0089901735312565,0.9206089749681636,False,False,False,False,0.07346514083169668,0.17087562423348163,False,False,False,False,-30814736,5176231.153638352,False,False,False,False,10068466.358695325,False,False,False,False
2024-05-24 00:00:00+00:00,1.97,2.01,1.91,1.91,5804580,,,,,,,,,,,,,,,,1.904326171177987,1.7248252298004072,1.6966972196937635,1.6512228369287527,1.6293987936524617,1.6284568698318844,1.578409212442496,1.5376749906697111,1.5133359978617544,1.5103517791072256,1.5089492337607193,1.5055430389301776,1.5046920251098252,1.4891989870349878,1.488387346007249,1.4809553114989524,1.4450504698114879,1.425941113224626,1.3943498733985527,1.3840211169677794,1.3744095902217963,1.3576991899483346,1.336091929965766,,,,,1.7248252298004072,1.578409212442496,1.4450504698114879,1.3744095902217963,,1.5500893808455403,"rgba(38, 166, 154, 1.0)",0.273662710794287,1.6526959859333146,1.1594711356389498,56.53326195791752,13.088333803741484,False,True,True,False,False,10.730108844717904,0.0,0.0,0.0,0.0,1,1.0126710974714288,0.9053527385009321,False,False,False,False,0.12904481812587257,0.1499602211796771,False,False,False,False,-25010156,3992451.2652603774,False,False,False,False,9901255.128942568,False,False,False,False
2024-05-28 00:00:00+00:00,2.11,2.12,2.0,2.05,15956182,,,,,,,,,,,,,,,,1.9144481452777482,1.7334542636443617,1.7054913715012017,1.659561419186322,1.6374938877430534,1.6365536807590675,1.5865351291590997,1.545860078104404,1.521342317651128,1.5183460360101615,1.5169401387399055,1.51352234808649,1.5126688197821774,1.4970383705158388,1.4962180685001412,1.4884439189254008,1.4522140403551431,1.4330706046668669,1.4012018583918715,1.3907338824523323,1.3810192390261087,1.3642244075054566,1.3425504400108577,,,,,1.7334542636443617,1.5865351291590997,1.4522140403551431,1.3810192390261087,,1.5580569189726359,"rgba(0, 255, 255, 0.75)",0.2750739130809316,1.6611380510465843,1.6317866857165495,58.837827430227776,13.088333803741484,False,False,True,False,False,14.338078800848983,0.0,0.0,0.0,0.0,0,1.021919907312242,0.8892418664623549,False,False,False,False,0.25600537763784575,0.20298279940876143,False,False,False,False,-9053974,3480826.745054088,False,False,False,False,10138703.241533056,False,False,False,False
2024-05-29 00:00:00+00:00,2.08,2.12,2.05,2.07,7271309,,,,,,,,,,,,,,,,1.9188504708672502,1.737321403501237,1.7094348780989854,1.663312911098149,1.6411409991155699,1.6402016325647433,1.5902000659026145,1.5495539909675133,1.5249587371967408,1.52195728654499,1.5205499840785694,1.517127248866433,1.5162726538933908,1.5005821339822292,1.4997580319160053,1.491832393600159,1.4554591734471178,1.4363011082050359,1.4043092724470643,1.3937792686080317,1.3840186675405695,1.3671863154608592,1.3454827877355813,,,,,1.737321403501237,1.5902000659026145,1.4554591734471178,1.3840186675405695,,1.5616451822450916,"rgba(0, 255, 255, 0.75)",0.27425069086775267,1.6649243577351924,1.5134898692560181,59.49112824931926,13.088333803741484,False,False,True,False,False,13.2547492823416,0.0,0.0,0.0,0.0,0,1.0350008409171605,0.8780296376581392,False,False,False,False,0.28888799000505455,0.245935394706908,False,False,False,False,-16325283,2704116.558973536,False,False,False,False,10026256.40853176,False,False,False,False
2024-05-30 00:00:00+00:00,2.2,2.31,2.08,2.08,23320100,,,,,,,,,,,,,,,,1.940284153936935,1.7530467687323017,1.7252155981771597,1.6780376124410945,1.6553428668940835,1.6544015296760088,1.6042170851788216,1.5635099225848725,1.5385411207859643,1.5355104546785263,1.534093218766124,1.5306408583395454,1.5297795042909963,1.513819150336859,1.512978632611244,1.50447716032646,1.467483901396151,1.448226056664635,1.4157188835218404,1.4049440718345534,1.394999095212178,1.3780006905306006,1.356153340922774,,,,,1.7530467687323017,1.6042170851788216,1.467483901396151,1.394999095212178,,1.5755134275587088,"rgba(0, 255, 255, 0.75)",0.2767870355762011,1.7130236984380063,1.759389852014678,61.95481884402658,13.088333803741484,True,False,True,False,True,16.16668129415242,0.0,0.0,0.0,0.0,0,1.0600407242309173,0.8362408966668502,False,False,False,False,0.34282812880571745,0.2943817617563127,False,False,False,False,6994817,2872379.3213667306,False,False,False,False,10547583.608197182,False,False,False,False
2024-05-31 00:00:00+00:00,2.19,2.27,2.14,2.25,9248468,,,,,,,,,,,,,,,,1.9479947546627012,1.759033727431258,1.731236812547577,1.6836906325684462,1.660809537751229,1.659867746053465,1.609628533695742,1.5689076534816149,1.5438033398279951,1.5407622229385791,1.5393415008410603,1.5358785940283082,1.5350148449544192,1.518955364076592,1.5181087798668256,1.5093907129548627,1.4721667138169054,1.4528730055118653,1.4201722435260933,1.40930465929297,1.3992898285081172,1.382228996653889,1.360327919575077,,,,,1.759033727431258,1.609628533695742,1.4721667138169054,1.3992898285081172,,1.5808470689914256,"rgba(0, 255, 255, 0.75)",0.2775528843366642,1.7185987010308772,1.6984197447479077,63.284543886972465,6.821357772753643,True,False,True,False,True,15.802541322497504,0.0,0.0,0.0,0.0,0,1.0602618157715464,0.8577320346878279,False,False,False,False,0.34282813090043346,0.3186049463283731,False,False,False,False,-2253651,2671358.5244503883,False,False,False,False,10496637.898071803,False,False,False,False
2024-06-03 00:00:00+00:00,2.13,2.23,2.1,2.2,10422034,,,,,,,,,,,,,,,,1.954642143221662,1.764897088182202,1.7371841067947054,1.6893533289276366,1.6663179332196845,1.6653768059515544,1.6151372286485806,1.574439892150631,1.5492192038524053,1.5461698376620236,1.5447466645643029,1.5412756807878805,1.5404101496723508,1.5242616096677257,1.5234094448023558,1.5144766426330118,1.4770387241528344,1.457718433973303,1.4248337686578336,1.413874949163708,1.4037919113041792,1.3866730638216573,1.3647242827056763,,,,,1.764897088182202,1.6151372286485806,1.4770387241528344,1.4037919113041792,,1.5862391818343196,"rgba(38, 166, 154, 1.0)",0.27477545296031736,1.7235063923332175,1.4793665274222572,62.308377743598875,6.821357772753643,True,False,True,False,True,13.635023158280546,0.0,0.0,0.0,0.0,0,1.0473735569753098,0.8669379338279969,False,False,False,False,0.29417639014586927,0.3063906682371212,False,False,False,False,-12675685,2069513.6803542948,False,False,False,False,10493712.255010163,False,False,False,False
2024-06-04 00:00:00+00:00,2.04,2.11,1.98,2.09,10956616,,,,,,,,,,,,,,,,1.9575612529030832,1.7691829006471318,1.741652783338557,1.6937841876057802,1.6706992477139686,1.6697612945054037,1.6196500777588847,1.5790601811633669,1.5537920433080221,1.5507413565664536,1.5493187045938632,1.5458471859940666,1.5449817008508357,1.5287862940796508,1.5279308511238845,1.5188317010017685,1.4812650973352095,1.4619464616260691,1.4289405227858538,1.4179137228970344,1.407781170279947,1.3906277203645592,1.3686564968421768,,,,,1.7691829006471318,1.6196500777588847,1.4812650973352095,1.407781170279947,,1.5905823783899444,"rgba(38, 166, 154, 1.0)",0.27047452462009514,1.726112578942424,1.16050641552456,59.189712868645344,6.821357772753643,False,False,True,False,False,10.510738593773898,0.0,0.0,0.0,0.0,0,1.0267754894297711,0.8722665551778672,False,False,False,False,0.15512974074499114,0.23076020449105616,False,False,False,False,-23632301,1061599.3791639304,False,False,False,False,10511865.34304898,False,False,False,False
2024-06-05 00:00:00+00:00,2.05,2.08,1.9924,2.06,9965638,,,,,,,,,,,,,,,,1.9599806867550695,1.772933106460863,1.7455722911671478,1.6976905320687075,1.6745702870183559,1.6736353568921547,1.6236488823183621,1.58316171221032,1.5578572534037902,1.554805985218434,1.5533840529189982,1.5499127058376312,1.5490474187766083,1.532813848904321,1.5319556794700777,1.522712203842385,1.4850377180929708,1.4657228830665292,1.4326135547451488,1.4215277614269184,1.4113523510532942,1.3941697542526896,1.372180410634993,,,,,1.772933106460863,1.6236488823183621,1.4850377180929708,1.4113523510532942,,1.5944291960297399,"rgba(38, 166, 154, 1.0)",0.2657552894560554,1.7287713655029329,1.2087384418746798,57.34225146435619,6.821357772753643,False,True,True,False,False,10.767442130619429,0.0,0.0,0.0,0.0,0,1.0309169414636812,0.8792654265882053,False,False,False,False,0.14522392845840051,0.18799206647472833,False,False,False,False,-13666663,484020.46233397245,False,False,False,False,10490444.662929414,False,False,False,False
2024-06-06 00:00:00+00:00,2.13,2.175,2.04,2.04,9215761,,,,,,,,,,,,,,,,1.9640383950110296,1.7772455671499545,1.749994830267493,1.7019899335828912,1.67878948436881,1.6778561865597872,1.6279256416993333,1.587494839861905,1.562125013284725,1.5590700031746376,1.5576473630315901,1.5541726856448526,1.5533067361795951,1.537018211125142,1.5361564415815585,1.5267563535040791,1.4889412448182149,1.4696165222265325,1.4363808117327925,1.4252287284346645,1.415004232882052,1.397783028421754,1.3757644453941713,,,,,1.7772455671499545,1.6279256416993333,1.4889412448182149,1.415004232882052,,1.5985877496619794,"rgba(0, 255, 255, 0.75)",0.2612926977048378,1.7326670162188678,1.520643275802405,57.8879744126596,6.821357772753643,False,False,True,False,False,12.78895205495559,0.0,0.0,0.0,0.0,0,1.0410793031157377,0.8595749295163738,False,False,False,False,0.22009418912786388,0.2040431278012961,False,False,False,False,-4450902,290494.09126205195,False,False,False,False,10440457.068304732,False,False,False,False
2024-06-07 00:00:00+00:00,1.97,2.0525,1.96,2.03,8707849,,,,,,,,,,,,,,,,1.9647655688450651,1.779799166361117,1.752725898217264,1.7048068096136813,1.6816185937644013,1.6806887970527364,1.630913172251767,1.5906016526143343,1.5652296210401277,1.562176948827212,1.560756119167894,1.5572846588127598,1.556419619704493,1.5401164990977667,1.5392533959856314,1.5297526133501083,1.4918820898416763,1.4725720726425975,1.439275371050894,1.428083334521733,1.4178305247954806,1.4005944190237407,1.3785709395844552,,,,,1.779799166361117,1.630913172251767,1.4918820898416763,1.4178305247954806,,1.601436100138163,"rgba(38, 166, 154, 0.5)",0.2538242280373104,1.7343988757661264,0.9282058141401767,54.28125999359165,10.39012923044558,False,True,True,False,False,7.490734910117155,0.0,0.0,0.0,0.0,1,1.0098239575490302,0.8776128500233049,False,False,False,False,0.07481070525351426,0.1394269165274052,False,False,False,False,-13158751,-236927.28486587165,False,False,False,False,10372511.65386141,False,False,False,False
2024-06-10 00:00:00+00:00,1.95,2.015,1.92,2.0,7967831,,,,,,,,,,,,,,,,1.9646986090383178,1.781737293354557,1.7548426364651972,1.7070529306716995,1.6838985738503975,1.6829724518545832,1.6333636427149647,1.5931775283493572,1.5678192547461163,1.5647702580066736,1.5633517266808878,1.5598848698023422,1.5590210633887172,1.5427146123200801,1.541850848759814,1.5322712632254776,1.4943709925978106,1.475080723050276,1.4417441534083268,1.4305218385338616,1.4202480945025808,1.4030041813047507,1.3809823018680665,,,,,1.781737293354557,1.6333636427149647,1.4943709925978106,1.4202480945025808,,1.6037572635409731,"rgba(38, 166, 154, 0.5)",0.2433443413528785,1.7356206873681945,0.8809710200777987,51.452868496728016,7.644561359167419,False,True,False,False,False,6.860578100850045,0.0,0.0,0.0,0.0,1,0.9856867504283268,0.8919902912621359,False,False,False,False,0.024895583941160596,0.08216125023428289,False,False,False,False,-21126582,-1056129.430557406,False,False,False,False,10278210.4517492,False,False,False,False
2024-06-11 00:00:00+00:00,1.99,2.0099,1.9,1.93,9463218,,,,,,,,,,,,,,,1.9666333333333332,1.9647470173025772,1.78404824663463,1.7573606338627967,1.7097211428731502,1.6866062531712067,1.685684419038541,1.636270574535574,1.596231372762692,1.5708895275447543,1.5678448678319936,1.5664290420958256,1.5629676131281027,1.562105259374135,1.5457951228869728,1.5449305972860934,1.5352588713079887,1.4973240173015483,1.4780570347246353,1.4446738483288946,1.433416009625733,1.4231176968089272,1.4058646545755358,1.3838447155352946,,,,,1.78404824663463,1.636270574535574,1.4973240173015483,1.4231176968089272,,1.6331789397662722,"rgba(38, 166, 154, 0.5)",0.23416518386244162,1.7565769955317894,0.9968305305597138,50.58102369763552,6.730895231588107,False,True,False,False,False,7.906567757423268,0.0,0.0,0.0,0.0,1,0.9802971518478126,0.903434589047219,False,False,False,False,0.008768041956040787,0.04546464609516184,False,False,False,False,-11663364,-1472099.4136728018,False,False,False,False,10246249.96344531,False,False,False,False
2024-06-12 00:00:00+00:00,1.99,2.06,1.97,2.04,7739414,,,,,,,,,,,,,,,1.9846442133234805,1.9655876185514494,1.7863008104063147,1.7597613897544384,1.712196619464436,1.6890935691682893,1.6881747247501564,1.6388941138453075,1.5989580068662346,1.5736160830681216,1.5705735963314966,1.5691593907705401,1.5657009021196995,1.5648393725881538,1.5485179235020732,1.547652321690028,1.537895819277263,1.4999154966883228,1.4806617928609203,1.4472275891038897,1.435935830411059,1.4256134858399165,1.4083480518206237,1.386324386747443,,,,,1.7863008104063147,1.6388941138453075,1.4999154966883228,1.4256134858399165,,1.636468567706531,"rgba(38, 166, 154, 1.0)",0.22287418177280788,1.7592326781409053,1.0354152285540765,49.99979383157387,5.998228833639288,False,True,False,False,False,7.906567757423268,0.0,0.0,0.0,0.0,1,0.9964060776429564,0.8812048535743516,False,False,False,False,0.0793661413863605,0.062415393740761174,False,False,False,False,-11663364,-1871756.8484307313,False,False,False,False,10147942.670761181,False,False,False,False
2024-06-13 00:00:00+00:00,1.95,2.03,1.91,1.99,9806033,,,,,,,,,,,,,,,1.9769068744937965,1.9655317625116695,1.7885417073939998,1.762215259957972,1.7148215289676034,1.6917675562918788,1.6908532252113389,1.6417798700822446,1.601999425155239,1.5766812597843465,1.573643862847781,1.5722326893677743,1.5687804540968528,1.5679205782095909,1.5515999565561396,1.5507338368671224,1.5408898666686899,1.5028837779155233,1.483656582158457,1.45018203978544,1.438856862808562,1.4285116623568594,1.411239483914102,1.389220481256104,,,,,1.7885417073939998,1.6417798700822446,1.5028837779155233,1.4285116623568594,,1.638681105716173,"rgba(38, 166, 154, 0.5)",0.21030197079180354,1.7604323021257557,0.9014071392698169,48.5773777648208,4.422559986358856,False,True,False,True,False,6.602263241294651,0.0,0.0,0.0,0.0,1,0.9794491223062652,0.9054160125588699,False,False,False,False,0.01980251808537997,0.04110895591307057,False,False,False,False,-21469397,-2640291.7563354084,False,False,False,False,10134534.44837839,False,False,False,False
2024-06-14 00:00:00+00:00,1.97,2.01,1.95,1.98,11217902,,,,,,,,,,,,,,,1.9768363835217881,1.965838683879805,1.7912269887085817,1.765132237054603,1.7179154189895636,1.6949103855140522,1.6940009736248645,1.6451530996054506,1.6055431820441108,1.5802480553280254,1.5772160198266447,1.575808103098482,1.5723625090046291,1.5715043984882382,1.5551824223029624,1.554315593043606,1.5443702160931712,1.506330127357178,1.4871312793445393,1.4536074077941938,1.442242982400251,1.4318707466646685,1.4145894913634254,1.3925742264222574,,,,,1.7912269887085817,1.6451530996054506,1.506330127357178,1.4318707466646685,,1.6417316742312242,"rgba(38, 166, 154, 1.0)",0.1991606712505524,1.7625082962058134,1.0418307113112377,48.24023232024463,3.84471828064396,False,True,False,True,False,7.146895938120156,0.0,0.0,0.0,0.0,1,0.9855641154870761,0.9045647634818923,False,False,False,False,0.03301191415403918,0.03706043503355488,False,False,False,False,-10251495,-2938770.3149104905,False,False,False,False,10177019.450402766,False,False,False,False
2024-06-17 00:00:00+00:00,1.92,1.98,1.9,1.95,6057612,,,,,,,,,,,,,,1.9333333333333336,1.9708856217642272,1.9653619579843695,1.7923139448207657,1.7663586719591455,1.7192811645627095,1.696322234299432,1.695415898701923,1.6467120993352866,1.6072088613780762,1.5819401211279953,1.5789123490890902,1.5775067646344356,1.5740662378135122,1.573209437669251,1.556895621604451,1.556028905669832,1.546040491262787,1.5080008267905312,1.4888230162206375,1.455286913269453,1.4439069725292917,1.4335246538173636,1.4162438307961651,1.3942361797421823,,,,,1.7923139448207657,1.6467120993352866,1.5080008267905312,1.4335246538173636,,1.6667308780010894,"rgba(38, 166, 154, 0.5)",0.18843834272516463,1.7792678805507935,0.7468337781682931,46.6676203686559,2.0803269781079834,False,True,False,True,False,5.511459714623967,0.0,0.0,0.0,0.0,0,0.9736985110314098,0.9130167010832158,False,False,False,False,-0.01980265013712355,0.008628892448215663,False,False,False,False,-16309107,-3463097.24373753,False,False,False,False,10015474.060190894,False,False,False,False
2024-06-18 00:00:00+00:00,1.96,1.985,1.9,1.92,7025163,,,,,,,,,,,,,1.9483333333333333,1.9413880040740592,1.9677978117071417,1.9650771686079218,1.7936857631277874,1.7678845666114789,1.720953008826288,1.69804110201287,1.6971381569339314,1.6485926390615442,1.6092073949954355,1.5839651584308119,1.5809419050825284,1.5795388387310516,1.5761037219565048,1.5752483277699125,1.5589415220861096,1.5580748058081948,1.548034005841666,1.5099898356198411,1.4908346367759882,1.4572806658469422,1.4458813892861087,1.4354862762047298,1.4182045167261264,1.3962041143482036,,,,,1.7936857631277874,1.6485926390615442,1.5099898356198411,1.4354862762047298,,1.6914468535309204,"rgba(38, 166, 154, 0.5)",0.18096269089371178,1.796408052035741,0.904009258241769,46.92951894929364,2.0803269781079834,False,True,False,True,False,6.622726027191277,0.0,0.0,0.0,0.0,0,0.9689166484038279,0.9186938417707649,False,False,False,False,-0.016501560336706165,-0.003936333944245251,False,False,False,False,-9283944,-3691365.743983117,False,False,False,False,9898206.95979125,False,False,False,False
2024-06-20 00:00:00+00:00,2.0,2.04,1.94,1.98,6147321,,,,,,,,,,,,,1.9693338860764606,1.957993465295233,1.9705298716657689,1.9654847152762238,1.7952101068310746,1.7695267286788516,1.7226816372527212,1.6997930450783545,1.6988926305159442,1.6504632337625884,1.6111666047865612,1.5859354651878381,1.582914944555506,1.5815135580765962,1.5780818448751954,1.5772273584437413,1.560919180253085,1.5600520514903193,1.5499565641999202,1.5118927888363571,1.4927522222983036,1.4591707728159293,1.4477500548888267,1.4373401003785853,1.4200530184379316,1.3980541280362477,,,,,1.7952101068310746,1.6504632337625884,1.5118927888363571,1.4373401003785853,,1.6949784840569169,"rgba(38, 166, 154, 1.0)",0.17569291391515354,1.7995295411080883,1.1410275714860298,48.349767320345705,2.0803269781079834,False,True,False,False,False,7.720621155280355,0.0,0.0,0.0,0.0,0,0.9743486533957847,0.9108057669789228,False,False,False,False,0.046232837135269836,0.021148251595512292,False,False,False,False,-3136623,-3669611.1265720143,False,False,False,False,9751113.392740613,False,False,False,False
2024-06-21 00:00:00+00:00,1.94,2.0,1.93,1.99,9398390,,,,,,,,,,,,,1.964059324345762,1.95755789315346,1.9685810016644019,1.965294462259477,1.7970730599788243,1.771587797814404,1.7249301121030736,1.702102095934175,1.7012060816210168,1.6529825161203868,1.6138399163775479,1.588643551104899,1.5856289565727697,1.5842308710296247,1.5808062538914398,1.5799536115643023,1.5636547193194579,1.5627875962342084,1.552623562643185,1.5145539599406685,1.4954431302070936,1.4618382525147235,1.4503920942033972,1.4399652894337824,1.4226769661734542,1.4006876237244894,,,,,1.7970730599788243,1.6529825161203868,1.5145539599406685,1.4399652894337824,,1.6966048671836542,"rgba(38, 166, 154, 0.5)",0.16957636670285653,1.800385654841025,0.8233125162046714,47.5046101512861,2.0803269781079834,False,True,False,True,False,5.73642870165072,0.0,0.0,0.0,0.0,0,0.9747038045477959,0.9176723820737361,False,False,False,False,0.013200698084210817,0.017174474839861554,False,False,False,False,-12535013,-4017273.9451378174,False,False,False,False,9737281.102829216,False,False,False,False
2024-06-24 00:00:00+00:00,1.96,2.0,1.96,1.98,5830027,,,,,,,,,,,,,1.9659630570053626,1.9602269358421434,1.9689621833586757,1.965400631159075,1.7983256829607144,1.7729567558528994,1.7264020624405532,1.7036061236947224,1.7027126858617598,1.6546091838989987,1.6155571523568584,1.5903788232361287,1.5873675358086516,1.5859713357505292,1.5825507156428473,1.5816991185278322,1.5654038688377605,1.564536635627232,1.5543279742497251,1.5162504276954365,1.4971564811319429,1.4635338708294547,1.4520707679141085,1.4416325537136216,1.4243422025818322,1.4023573944495986,,,,,1.7983256829607144,1.6546091838989987,1.5162504276954365,1.4416325537136216,,1.6981604444903955,"rgba(38, 166, 154, 0.5)",0.1647436446982583,1.8015259715790137,0.9619431979378907,47.6108943304767,2.0764292436469134,False,True,False,True,False,6.296958416735372,0.0,0.0,0.0,0.0,0,0.972814066647007,0.9119913005013272,False,False,False,False,0.03301191415403918,0.02509319449695037,False,False,False,False,-6704986,-4122674.4178775107,False,False,False,False,9584055.451737873,False,False,False,False
2024-06-25 00:00:00+00:00,1.94,1.98,1.93,1.96,5291990,,,,,,,,,,,,,1.9634558118407428,1.9588654224492872,1.9676752962685058,1.965218193785527,1.7992978342990826,1.7740405511078787,1.7275983138389466,1.7048401203860082,1.7039492036649546,1.6559644398815925,1.6170010299480142,1.5918453028864372,1.588837628537457,1.5874433957605318,1.5840270653627726,1.5831765764649866,1.5668886318127524,1.5660215225247316,1.5557776855917917,1.5177014495495842,1.4986254200660598,1.4649932993360755,1.4535174258581394,1.4430709319314634,1.4257811876364133,1.4038030623598508,,,,,1.7992978342990826,1.6559644398815925,1.5177014495495842,1.4430709319314634,,1.6989812737980792,"rgba(38, 166, 154, 0.5)",0.1613309507678956,1.8019231243753733,0.855861041960112,47.05703565566209,1.2580914580953362,False,True,False,True,False,5.631117676715952,0.0,0.0,0.0,0.0,0,0.9666077206712318,0.930863872375649,False,False,False,False,-6.599998683524595e-08,0.012546564248481766,False,False,False,False,-11996976,-4431470.5583529025,False,False,False,False,9415739.159512859,False,False,False,False
2024-06-26 00:00:00+00:00,1.95,1.99,1.91,1.93,4317970,,,,,,,,,,,,,1.9619272542041775,1.9579967599890893,1.9667478843731045,1.9650725065911445,1.8000818713539428,1.7749150861555616,1.728564946892613,1.705837873266334,1.704949009355783,1.6570610747086505,1.618169949928136,1.5930330374986805,1.5900283411765705,1.5886357237948825,1.5852229243816882,1.5843733468125245,1.5680916494052073,1.5672246588118675,1.5569527227166884,1.5188782300226968,1.4998169510211479,1.4661776403212028,1.454691605448718,1.444238552381288,1.426949495778274,1.4049770046419738,,,,,1.8000818713539428,1.6570610747086505,1.5188782300226968,1.444238552381288,,1.6996882425719668,"rgba(38, 166, 154, 0.5)",0.15660278551938306,1.802291883019572,0.9432023606128374,47.06793636882692,0.9695385203889728,False,True,False,True,False,5.919782385983762,0.0,0.0,0.0,0.0,0,0.9685481448099744,0.9065832957788794,False,False,False,False,-0.006600160517309498,0.002973201865586134,False,False,False,False,-7679006,-4558824.889397887,False,False,False,False,9215826.643453531,False,False,False,False
2024-06-27 00:00:00+00:00,1.99,2.02,1.96,1.98,3411642,,,,,,,,,,,,,1.9642393829186675,1.9602963247175509,1.9676734585805111,1.9652596386261094,1.8008593452473283,1.7757563966793066,1.7294596570712095,1.7067486865476105,1.7058612410147853,1.6580392860626816,1.6191983624756472,1.594070447694198,1.5910675138139487,1.5896759205151412,1.586265268111315,1.5854162548684667,1.5691358230610957,1.568268723926397,1.5579701607310947,1.5198893335158483,1.500837198399598,1.467186335121035,1.4556900125036578,1.4452299583877821,1.4279392148029153,1.405968789268873,,,,,1.8008593452473283,1.6580392860626816,1.5198893335158483,1.4452299583877821,,1.7007575613089458,"rgba(38, 166, 154, 1.0)",0.15594605211793153,1.8031571904744361,1.1981246526476168,48.57343810911389,0.9695385203889728,False,True,False,False,True,7.073506857819726,0.0,0.0,0.0,0.0,1,0.9835390172322975,0.8932387689066145,False,False,False,False,0.046232837135269836,0.024603019500427984,False,False,False,False,-4267364,-4547395.050597969,False,False,False,False,8988211.55939653,False,False,False,False
2024-06-28 00:00:00+00:00,1.95,2.03,1.93,2.0,4128888,,,,,,,,,,,,,1.9647615391518265,1.9610726502828713,1.9677803875948028,1.9653023184631264,1.8016932005676387,1.776671587606882,1.7304518156559028,1.7077659230533575,1.7068803146756504,1.6591446267455519,1.6203686777262443,1.5952556728620924,1.592255267946474,1.5908650802664985,1.5874574552775087,1.5866092284958493,1.5703329016369618,1.5694658149513099,1.559138416229533,1.5210554040902677,1.5020160193237406,1.4683554078617784,1.456848307028299,1.4463811129661488,1.4290899073539407,1.407123643292967,,,,,1.8016932005676387,1.6591446267455519,1.5210554040902677,1.4463811129661488,,1.7017164141640175,"rgba(38, 166, 154, 0.5)",0.1538424372385361,1.8038367456323328,0.9500841054736922,48.107656746762274,0.9695385203889728,False,True,False,False,True,5.69824181282338,0.0,0.0,0.0,0.0,1,0.9779785220308487,0.8917480368086662,False,False,False,False,0.03301191415403918,0.028807466827233584,False,False,False,False,-8396252,-4698330.617241186,False,False,False,False,8797649.851184903,False,False,False,False
2024-07-01 00:00:00+00:00,1.95,2.0,1.95,1.96,2583993,,,,,,,,,,,,,1.9648638097842257,1.961339380307866,1.96774924865637,1.9653099630586541,1.802200631747175,1.7772301695152612,1.7310600052209242,1.708390511481613,1.7075060643825486,1.6598250337330611,1.6210901898873258,1.595987066727886,1.5929882965158106,1.5915990095644454,1.588193335018826,1.5873456137722795,1.5710722239665782,1.5702051661498653,1.5598602798543713,1.521776704815124,1.5027455216197267,1.4690794467786958,1.4575658634541981,1.4470944073378236,1.4298031436554315,1.4078397199649753,,,,,1.802200631747175,1.6598250337330611,1.521776704815124,1.4470944073378236,,1.7022796352080103,"rgba(38, 166, 154, 0.5)",0.15272208758406053,1.8042235546442325,0.9545210366217,47.797135838527865,0.9695385203889728,False,True,False,False,True,5.69824181282338,0.0,0.0,0.0,0.0,1,0.9797005117359368,0.9003908831693637,False,False,False,False,0.02640606448435517,0.027606765655794376,False,False,False,False,-8396252,-4843347.142055257,False,False,False,False,8553977.033491377,False,False,False,False
2024-07-02 00:00:00+00:00,1.97,1.99,1.915,1.95,4924721,,,,,,,,,,,,,1.9642576900918935,1.9610889656536183,1.9672728903739916,1.9652362486924968,1.8031105634111755,1.778239269522726,1.7321698050035939,1.7095344412892124,1.708652263943575,1.6610784973872101,1.6224240368618021,1.5973418934724788,1.594346446944897,1.5929589628619707,1.589557230335266,1.5887105266114503,1.5724441341257598,1.5715772103642023,1.5612009533850122,1.523119325622569,1.5041046640075295,1.4704305384440648,1.458905551194108,1.4484267255617154,1.4311362238416492,1.4091791210869646,,,,,1.8031105634111755,1.6610784973872101,1.523119325622569,1.4484267255617154,,1.703216067797745,"rgba(38, 166, 154, 1.0)",0.1516715274936257,1.8048112101677962,1.0891219503221932,48.45574487334269,0.9695385203889728,False,True,False,False,True,6.2975818501688146,0.0,0.0,0.0,0.0,1,0.9713921248616505,0.8954171121991481,False,False,False,False,-0.0033000773197767006,0.012153344168008838,False,False,False,False,-3471531,-4789550.43060211,False,False,False,False,8411653.267472107,False,False,False,False
2024-07-03 00:00:00+00:00,2.11,2.12,2.0,2.02,6848216,,,,,,,,,,,,,1.9771073400081878,1.9730875992713794,1.974462968442067,1.9668497580706155,1.805309697456545,1.7805337830696566,1.7344932811015121,1.7118562251424594,1.7109760445883995,1.663491099950634,1.6249086829355615,1.5998212183047325,1.596826932428125,1.5954404812925298,1.5920404648102187,1.5911942644304695,1.574915890475101,1.5740479524828244,1.5636014025242122,1.525476599199263,1.5064701112599603,1.4727496605121528,1.4611952123030088,1.450695202709559,1.4333924282944444,1.4114298875956979,,,,,1.805309697456545,1.663491099950634,1.525476599199263,1.450695202709559,,1.706822084299225,"rgba(0, 255, 255, 0.75)",0.1529278225795303,1.808263618292552,1.9730640024677621,53.49216786569396,0.16154614376004162,False,True,True,False,True,10.294646877435376,0.0,0.0,0.0,0.0,1,0.9948891408181093,0.8685115319568089,False,False,False,False,0.1394977763928864,0.07582556028044762,False,False,False,False,3376685,-4469305.903911832,False,False,False,False,8350342.002081044,False,False,False,False
2024-07-05 00:00:00+00:00,2.14,2.19,2.11,2.12,6677669,,,,,,,,,,,,,1.9941118338857768,1.9890436301602994,1.984834733071737,1.9693533101124343,1.8079647334126916,1.7832583297883269,1.73718626340586,1.7145210997588818,1.713642228840948,1.666210815809293,1.6276767905438174,1.6025655123300973,1.599570479067901,1.5981842320820063,1.5947838418700278,1.5939376362695306,1.5776358761326852,1.5767663031999037,1.5662370645361332,1.5280453827714235,1.5090387645958458,1.475254146853802,1.4636636416679827,1.4531370657702316,1.4358150639728853,1.413839439644986,,,,,1.8079647334126916,1.666210815809293,1.5280453827714235,1.4531370657702316,,1.711276504852489,"rgba(0, 255, 0, 1.0)",0.15330591215833805,1.8127413916905666,2.134677023880416,57.58808985464334,3.865065658638116,True,False,True,False,True,11.10745220254589,0.0,0.0,0.0,0.0,1,1.0116372167501444,0.8570949783082281,False,False,False,False,0.2633217912871171,0.16957367578378235,False,False,False,False,10054354,-3899750.6135623483,False,False,False,False,8284746.982391592,False,False,False,False
2024-07-08 00:00:00+00:00,2.19,2.2,2.09,2.11,6385166,,,,,,,,,,,,,2.008627480014158,2.002856129428716,1.9943733976175444,1.971858029567267,1.8105635589808349,1.7859200795553944,1.7398113592602653,1.7171165551342822,1.7162388496304852,1.6688542969848452,1.6303636130926547,1.6052276356002726,1.6022316782173007,1.6008455326453674,1.5974445531957928,1.5965982857174277,1.58027300092903,1.5794018026987449,1.5687924699413904,1.5305343681174495,1.511526657007474,1.4776787933299529,1.4660531296811186,1.4555005778026664,1.438159401711707,1.4161703730455009,,,,,1.8105635589808349,1.6688542969848452,1.5305343681174495,1.4555005778026664,,1.7153966338164612,"rgba(0, 255, 0, 1.0)",0.1536229149573635,1.8169007282806955,2.428669393643874,61.46250544992023,7.24752890831477,True,False,True,False,True,12.443859832775953,0.0,0.0,0.0,0.0,0,1.009702995915501,0.8507586818711074,False,False,False,False,0.24792474964209774,0.20874921271294006,False,False,False,False,16439520,-3102132.1581285307,False,False,False,False,8210253.610533099,False,False,False,False
2024-07-09 00:00:00+00:00,2.25,2.25,2.19,2.2,6044781,,,,,,,,,,,,,2.025562650987737,2.0189955166910925,2.0059249780651736,1.9750292653549175,1.8134745500889577,1.788870595408206,1.742675685863566,1.7199299109536579,1.719052757461067,1.67168388489488,1.6332152202732633,1.6080395717821276,1.6050410952511867,1.6036543432166108,1.6002510144118034,1.599404254227461,1.5830464331703857,1.5821731290222734,1.5714755092464634,1.5331327017338978,1.5141168194744925,1.4801922841226156,1.4685268395600974,1.457944455866368,1.4405786916304915,1.4185700731752693,,,,,1.8134745500889577,1.67168388489488,1.5331327017338978,1.457944455866368,,1.7200316534052362,"rgba(0, 255, 0, 1.0)",0.15760310510499484,1.8217142912919975,2.717495371824556,65.24508357940634,10.490341302054816,True,False,True,False,True,14.00603867121843,0.0,0.0,0.0,0.0,0,1.0247631151064347,0.8528229951221337,False,False,False,False,0.3428280898248584,0.27578865126889923,False,False,False,False,22484301,-2098742.6225156477,False,False,False,False,8125333.116002389,False,False,False,False
2024-07-10 00:00:00+00:00,2.38,2.45,2.28,2.28,13518868,,,,,,,,,,,,,2.0758832093502546,2.0671248092031256,2.041898656715163,1.98559071513753,1.8219806478644147,1.7973793032794414,1.750767994627927,1.7278081746215215,1.7269298637474122,1.6794712240101464,1.6409688942535323,1.6156327956585084,1.6126214507205514,1.6112302553340052,1.6078137912898895,1.6069640198633097,1.590488081829828,1.5896075580928555,1.5786569862329096,1.5400279790957332,1.5209622865262824,1.4867915702188856,1.475008174012991,1.4643357004845936,1.4468863055272367,1.4248031930773493,,,,,1.8219806478644147,1.6794712240101464,1.5400279790957332,1.4643357004845936,,1.7334423205464031,"rgba(0, 255, 0, 1.0)",0.16419610336532847,1.8361156280012019,3.312407303531932,69.74157561200562,14.369364523151361,True,False,True,False,True,17.197387661098645,0.0,0.0,0.0,0.0,0,1.0168928173566851,0.8351808901145059,False,False,False,False,0.34282812993514866,0.309308390602024,False,False,False,False,36003169,-604550.0098679753,False,False,False,False,8336844.287923864,False,False,False,False
2024-07-11 00:00:00+00:00,2.4,2.46,2.35,2.43,9746423,,,,,,,,,,,,,2.1070860750387808,2.0973709378526357,2.0659336272944686,1.9934916713185944,1.8283168722284733,1.8037088851657779,1.7567809635738965,1.7336592908036776,1.7327799090197444,1.6852444710586219,1.6467094227948318,1.6212516892651732,1.6182304190155186,1.6168357321227458,1.6134090804968932,1.6125569621418359,1.5959921284121643,1.5951061968550195,1.5839695872996498,1.5451258912499048,1.526021088878985,1.491666204226057,1.4797952614902181,1.4690557332928336,1.4515432235437653,1.4294032307796198,,,,,1.8283168722284733,1.6852444710586219,1.5451258912499048,1.4690557332928336,,1.7426779906504202,"rgba(0, 255, 0, 1.0)",0.1697207032660257,1.882816024719045,3.0472650968827533,72.99131782405283,17.068725184230374,True,False,True,False,True,17.668302985856478,0.0,0.0,0.0,0.0,0,1.0295132582637125,0.8351253178350891,False,True,False,False,0.34282813777642246,0.3260682641892232,False,False,False,False,45749592,1213259.4807150825,False,False,False,False,8392121.88447587,False,False,False,False
2024-07-12 00:00:00+00:00,2.37,2.4,2.34,2.34,5270223,,,,,,,,,,,,,2.1199693509171404,2.1100179566366695,2.076487787678031,1.9973032962286579,1.8314905870429532,1.8068895118397175,1.7598211892092976,1.7366257700801335,1.735746107972326,1.6881849267009659,1.6496424836803245,1.624128672395894,1.6211029885701929,1.6197068141188935,1.616275686113754,1.61542254770142,1.5988158123275205,1.5979273005417334,1.586698166383477,1.547751407965156,1.528629448724657,1.494184959022097,1.4822706055906067,1.4714979451222816,1.4539550064455007,1.431788139923028,,,,,1.8314905870429532,1.6881849267009659,1.547751407965156,1.4714979451222816,,1.747000418205213,"rgba(0, 255, 0, 1.0)",0.1730593815704504,1.886711816584007,2.792614760496253,73.68921548957549,17.490771762782174,True,False,True,False,True,16.52697712022808,0.0,0.0,0.0,0.0,0,1.0425356750823271,0.8376326381266008,False,False,False,False,0.30020466350020697,0.31313646384471505,False,False,False,False,40479369,2753106.9128439026,False,False,False,False,8269694.477241522,False,False,False,False
2024-07-15 00:00:00+00:00,2.35,2.4,2.3201,2.4,5847637,,,,,,,,,,,,,2.1321768115504303,2.1220935207867506,2.08687937412725,2.001295474584561,1.834882872059307,1.810294685593503,1.763086655889932,1.739816617926607,1.7389367954467925,1.6913550587832769,1.6528096051718695,1.6272386350093648,1.6242085475314383,1.6228109285439445,1.619375366959196,1.6185212251317391,1.6018712298206845,1.6009800359865882,1.589652576790803,1.5505982828107832,1.531459328258506,1.4969206354466789,1.4849601825405303,1.474152397616939,1.4565776089263425,1.434382916817378,,,,,1.834882872059307,1.6913550587832769,1.5505982828107832,1.474152397616939,,1.751444215025241,"rgba(0, 255, 0, 1.0)",0.17504419004487304,1.8907990193832547,2.6233431712245237,73.17693321582263,17.490771762782174,True,False,True,False,True,15.766499041802142,0.0,0.0,0.0,0.0,0,1.0379692273093575,0.8692816582019904,False,False,False,False,0.288284277175505,0.30071037051011,False,False,False,False,34631732,4003249.0731245335,False,False,False,False,8174711.831075188,False,False,False,False
2024-07-16 00:00:00+00:00,2.41,2.44,2.35,2.38,8936694,,,,,,,,,,,,,2.151741438041134,2.141436923807518,2.103673659768172,2.007950854321603,1.840406557414706,1.8158239390148807,1.7683677013613697,1.7449679723414526,1.74408750781833,1.696453710100093,1.6578897360428475,1.632219887915088,1.629181888277685,1.6277815524480421,1.6243379221467507,1.6234819326945822,1.6067585366344344,1.6058628420153207,1.5943765523846989,1.555142170276963,1.5359719086604826,1.5012769618005763,1.48924131857391,1.4783759978280138,1.4607477056265188,1.438505249837993,,,,,1.840406557414706,1.696453710100093,1.555142170276963,1.4783759978280138,,1.758597164241284,"rgba(0, 255, 0, 1.0)",0.18096209348721737,1.8984970627739135,2.8265750432546675,73.89523895325064,17.705657987566994,True,False,True,False,True,17.2357365257482,0.0,0.0,0.0,0.0,0,1.0380217428040333,0.8558929007303931,False,False,False,False,0.3305333028631171,0.3156218366866136,False,False,False,False,43568426,5554824.638884356,False,False,False,False,8204593.484758514,False,False,False,False
2024-07-17 00:00:00+00:00,2.31,2.42,2.3,2.42,9900850,,,,,,,,,,,,,2.1660863482813144,2.155891220735839,2.117115896213696,2.0140406035730956,1.8457943782408182,1.8212473075362827,1.773601364206785,1.7500963576553545,1.7492160284797005,1.70156932182623,1.6630142404716814,1.6372622866774704,1.6342182341951972,1.6328160307180952,1.6293664028498884,1.6285090765558403,1.6117218619050893,1.610822156970436,1.599182653084908,1.5597859891126433,1.5405925865449812,1.5057532334288044,1.4936455890557192,1.4827255461639373,1.4650487192138215,1.4427646707285753,,,,,1.8457943782408182,1.70156932182623,1.5597859891126433,1.4827255461639373,,1.765067887964518,"rgba(0, 255, 0, 1.0)",0.18342340129912876,1.9045172692860532,2.2106379439157897,70.02774772210398,17.705657987566994,True,False,True,False,False,13.502357270833784,0.0,0.0,0.0,0.0,0,1.0320578341913063,0.8508613800665318,False,False,False,False,0.28822457921670064,0.3019232079516571,False,False,False,False,33667576,6657285.476575166,False,False,False,False,8271113.348101318,False,False,False,False
2024-07-18 00:00:00+00:00,2.27,2.36,2.225,2.33,11562249,,,,,,,,,,,,,2.1756476831200096,2.1658526700134377,2.127436431253476,2.01966687080498,1.8512212122040161,1.8267491986085842,1.7789803583035912,1.7553970722065073,1.7545178814344895,1.706908087187795,1.6683976222589687,1.64258197092185,1.6395340315756393,1.6381309856864419,1.6346778037580438,1.6338197490229107,1.6169785970632573,1.616075358648611,1.6042838489740532,1.5647416530136664,1.545534842704749,1.5105608783762154,1.4983825817732028,1.4874093571680218,1.469688605239099,1.4473694290511672,,,,,1.8512212122040161,1.706908087187795,1.5647416530136664,1.4874093571680218,,1.7710799543030167,"rgba(0, 255, 255, 0.75)",0.1843384079584222,1.909387353867394,1.956253447810739,65.9799490256712,22.503407374523803,True,False,True,False,False,12.063971821512396,0.0,0.0,0.0,0.0,0,1.0162160158638969,0.8818547415630389,False,False,False,False,0.20925145787731947,0.2555873329144883,False,False,False,False,22105327,7263091.026513395,False,False,False,False,8400177.491313031,False,False,False,False
2024-07-19 00:00:00+00:00,2.22,2.28,2.19,2.2,5752458,,,,,,,,,,,,,2.177738332539436,2.1682240298818027,2.1304802109881296,2.021817529216469,1.8535354811797033,1.829115423561891,1.7813282677841729,1.7577255091939519,1.7568473154259594,1.7092787403543606,1.6708055791501375,1.6449723906924556,1.6419239203862757,1.6405210462839925,1.6370676182519528,1.6362095686566798,1.6193506513341123,1.6184461614626757,1.6065908503087087,1.5669957009166975,1.5477882768898743,1.5127624435104927,1.5005549598125685,1.489560045026372,1.471823128709068,1.4494924858526668,,,,,1.8535354811797033,1.7092787403543606,1.5669957009166975,1.489560045026372,,1.773448716378478,"rgba(0, 255, 255, 0.75)",0.18430849579338077,1.9109722328485799,1.6766875874124447,61.570381548629584,18.44175029235629,True,False,True,False,False,10.295769838212586,0.0,0.0,0.0,0.0,0,1.0114976360860208,0.8900825990176423,False,False,False,False,0.14398679211948,0.19978706251698417,False,False,False,False,16352869,7619552.907826596,False,False,False,False,8296345.354398795,False,False,False,False
2024-07-22 00:00:00+00:00,2.19,2.23,2.15,2.22,6650903,,,,,,,,,,,,,2.1782604195457065,2.1691166096630408,2.1324547105144513,2.023782551693084,1.8558956197936813,1.8315472905408672,1.7837732828215396,1.7601636812083996,1.7592869870222598,1.711784508089662,1.6733666956049782,1.6475247042243968,1.6444767582899313,1.643074562313156,1.6396220851042473,1.638764339797469,1.6218922493062824,1.6209867242088027,1.6090672656558487,1.5694267460432803,1.5502235570774368,1.5151500999376777,1.5029137525430143,1.4918976663383723,1.4741467246490545,1.4518077547707242,,,,,1.8558956197936813,1.711784508089662,1.5694267460432803,1.4918976663383723,,1.7757133895720538,"rgba(0, 255, 255, 0.75)",0.18497070622711903,1.9121919620487404,1.5019028883965486,57.65843304604225,14.906530585210291,False,False,True,False,False,9.248209011663278,0.0,0.0,0.0,0.0,0,1.0041315485043796,0.9031381406195489,False,False,False,False,0.09377383375513787,0.146780448136061,False,False,False,False,9701966,7701216.1663432,False,False,False,False,8231818.2032459015,False,False,False,False
2024-07-23 00:00:00+00:00,2.2,2.21,2.15,2.2,4975354,,,,,,,,,,,,,2.1785199100473407,2.169638735041766,2.13376747865777,2.0251938846860855,1.85762223734923,1.833328460928223,1.785568434116538,1.7619556959839484,1.7610801575193162,1.713629041568116,1.6752538796868286,1.6494068067928664,1.646359395232044,1.6449577641594884,1.6415061506753938,1.6406486694586013,1.6237677245442879,1.6228614822168952,1.6108955489845207,1.571223271868698,1.5520238511314945,1.5169164916089302,1.504659263544993,1.4936278975790427,1.4758670862077192,1.4535225201862365,,,,,1.85762223734923,1.713629041568116,1.571223271868698,1.4936278975790427,,1.7773592364758979,"rgba(0, 255, 255, 0.75)",0.18453984652359487,1.9131382705450306,1.5544704022407,55.382743353769236,12.880762876928515,False,True,True,False,False,9.521736877359832,0.0,0.0,0.0,0.0,0,0.9986100557830947,0.9207731796363907,False,False,False,False,0.08268787075283485,0.11473415944444793,False,False,False,False,14677320,7974788.86570229,False,False,False,False,8104113.724687239,False,False,False,False
2024-07-24 00:00:00+00:00,2.15,2.29,2.14,2.23,10130199,,,,,,,,,,,,,2.1793958942706992,2.1709920485202994,2.1365663489045286,2.0281087561014566,1.8611527429714658,1.8369677855752387,1.7892344351048048,1.7656147733903516,1.764741543825922,1.7173930203872727,1.6791032922512807,1.653245632811669,1.6501992622478345,1.6487987542362024,1.6453488424454075,1.6444918840298794,1.6275928664657235,1.6266851655362264,1.6146252183003635,1.5748882768609294,1.5556962632005724,1.5205199448597597,1.5082203261056921,1.497157911302389,1.479376934831757,1.457020819157728,,,,,1.8611527429714658,1.7173930203872727,1.5748882768609294,1.497157911302389,,1.7807573272118777,"rgba(38, 166, 154, 1.0)",0.18459139194983865,1.915362248325226,1.271119683297773,52.19628112781175,9.925117783040307,False,True,False,False,False,7.765087456775479,0.0,0.0,0.0,0.0,0,0.9867480670456417,0.9127200277833629,False,False,False,False,0.12159568640997062,0.11816492292720927,False,False,False,False,4547121,7840370.51802769,False,False,False,False,8183568.049209308,False,False,False,False
2024-07-25 00:00:00+00:00,2.07,2.12,2.05,2.1,8764071,,,,,,,,,,,,,2.1745583108444415,2.166707607483682,2.134356684805618,2.0288755285923363,1.8631259232461612,1.8390748723833814,1.7914785688037416,1.767905053578463,1.7670350031276145,1.7198379112286981,1.681663856721451,1.655835517338562,1.6527938891506277,1.6513959772369289,1.6479517135246324,1.647096217005534,1.6302062617947763,1.6292986771828017,1.61718918391734,1.5774496616456655,1.558280952517518,1.5230866737586715,1.5107668278820094,1.4996907559035557,1.481908229176746,1.4595590121383457,,,,,1.8631259232461612,1.7198379112286981,1.5774496616456655,1.4996907559035557,,1.7821918209806227,"rgba(38, 166, 154, 0.5)",0.18277392129705833,1.9151291056349933,0.8473358412729921,47.81479452390431,5.854354830750246,False,True,False,True,False,5.048862376087264,0.0,0.0,0.0,0.0,0,0.9894124362444531,0.9323316577362867,False,False,False,False,-0.02200360172259863,0.04808066060230532,False,False,False,False,-4216950,7367534.419281506,False,False,False,False,8206332.870808943,False,False,False,False
2024-07-26 00:00:00+00:00,2.02,2.1,2.02,2.07,10731181,,,,,,,,,,,,,2.1673654048419535,2.160163988916817,2.1303538409567464,2.0291917056048927,1.8651300789468375,1.841255513703801,1.7938676056314393,1.770369641570683,1.769503887967249,1.7225140857460037,1.6844962776694232,1.6587183401007133,1.6556839497762776,1.654289815428376,1.650854018976371,1.6500006866699048,1.6331312893909666,1.6322243799506784,1.6200670556891863,1.5803451012486014,1.5612112813000731,1.5260114138510852,1.513673383512897,1.5025858500135647,1.484807639219483,1.4624734129263068,,,,,1.8651300789468375,1.7225140857460037,1.5803451012486014,1.5025858500135647,,1.7834763334393462,"rgba(38, 166, 154, 0.5)",0.1821767283720874,1.9143875719563859,0.5797251327727532,43.6932790870121,2.068758207587628,False,True,False,True,False,3.4077752088215796,0.0,0.0,0.0,0.0,0,1.0023230314631384,0.9149770484491443,False,False,False,False,-0.06783315337750342,-0.009876246387599052,False,False,False,False,-14948131,6492410.285192035,False,False,False,False,8305346.522934083,False,False,False,False
2024-07-29 00:00:00+00:00,2.08,2.09,2.015,2.03,6242895,,,,,,,,,,,,,2.1640166115739303,2.157136427712305,2.128576993478434,2.029524018145905,1.8663706761836114,1.8425942660112171,1.795318217122259,1.7718602305158262,1.7709968642630094,1.7241220038561134,1.686191323803299,1.6604400383246498,1.6574095776310398,1.6560175169398776,1.6525863373096032,1.651734188565506,1.6348751450886243,1.6339685423567216,1.6217818361898735,1.5820668046090671,1.5629520617326214,1.5277464921473696,1.515396999880316,1.5043020677154526,1.4865253892266337,1.4641987923000686,,,,,1.8663706761836114,1.7241220038561134,1.5820668046090671,1.5043020677154526,,1.7843793809840438,"rgba(38, 166, 154, 0.5)",0.1812074616127633,1.9143027238610475,0.9144064745691561,43.280709752382386,1.6911944070288385,False,True,False,True,False,5.160968750296735,0.0,0.0,0.0,0.0,0,0.9911724804400753,0.9168354736196549,False,False,False,False,-0.101984808556676,-0.055930527472137524,False,False,False,False,-8705236,5896424.1563609755,False,False,False,False,8224466.071054315,False,False,False,False
2024-07-30 00:00:00+00:00,2.06,2.09,2.01,2.09,5936181,,,,,,,,,,,,,2.1607796961076873,2.1541886916917172,2.1267706010096217,2.0297534537322255,1.8674861630335375,1.8438043953264693,1.7966403562385849,1.7732231551473419,1.772362110448314,1.7255994486097466,1.6877535617919728,1.6620298383728476,1.6590033288302939,1.6576133280208403,1.6541867699282846,1.653335802199731,1.6364880910490192,1.6355818649055764,1.623369406538142,1.5836642868894246,1.5645686504760523,1.5293603441774264,1.5170010591447656,1.5058999697600648,1.4881257553350915,1.465807457952772,,,,,1.8674861630335375,1.7255994486097466,1.5836642868894246,1.5058999697600648,,1.7851817174935694,"rgba(38, 166, 154, 0.5)",0.18044239928424913,1.9141961777374128,0.808035266882613,42.46407230682162,0.7332949068516541,False,True,False,True,False,4.498787048780418,0.0,0.0,0.0,0.0,0,0.9870163836425118,0.9257411870201201,False,False,False,False,-0.14926198864878495,-0.10259625806046124,False,False,False,False,-14641417,5091018.620817408,False,False,False,False,8134729.401601205,False,False,False,False
2024-07-31 00:00:00+00:00,2.31,2.38,2.11,2.12,17024298,,,,,,,,,,,,,2.168973326697739,2.1626591172565397,2.1357820161366567,2.036124722197608,1.8742015755331363,1.8506553943384272,1.8034477422178445,1.779981573358944,1.7791232418214962,1.732474814502931,1.6947330061455117,1.668965913204294,1.6659383713904925,1.664549008298645,1.6611222290452234,1.6602713835575171,1.643378087436288,1.642468605620395,1.6300854921040857,1.5902401408889915,1.571144302941711,1.5357964264356354,1.5233576028615363,1.5121973042561465,1.49437927385821,1.4720302010525141,,,,,1.8742015755331363,1.732474814502931,1.5902401408889915,1.5121973042561465,,1.7922587880876386,"rgba(0, 255, 0, 1.0)",0.1824781364171258,1.921102091062362,2.1312027652927057,48.71982774235738,0.7332949068516541,False,True,False,False,True,11.219090217456134,0.0,0.0,0.0,0.0,0,0.9838647218278044,0.9174795773479135,False,False,False,False,0.11499391625987726,0.006198829099708009,False,False,False,False,2382881,4984817.145491235,False,False,False,False,8483339.934871746,False,False,False,False
2024-08-01 00:00:00+00:00,2.3,2.405,2.24,2.39,9975883,,,,,,,,,,,,,2.1753074879893073,2.1690975826149392,2.1423007041621145,2.0404512375333104,1.8785045152597237,1.8550223006802276,1.8077526133907709,1.7842413500691403,1.7833841757032023,1.736780275213129,1.6990842250223817,1.673279585637322,1.6702501798449008,1.6688606440584688,1.6654323543542167,1.6645812443315446,1.6476536061551244,1.6467417979773284,1.634250101154816,1.5943060992445384,1.5752043866907883,1.5397618619524451,1.5272715245356767,1.5160725100312296,1.4982236712903876,1.47585093631638,,,,,1.8785045152597237,1.736780275213129,1.5943060992445384,1.5160725100312296,,1.7968641040198257,"rgba(0, 255, 0, 1.0)",0.18333988522280248,1.9258298335494661,2.040855245413872,52.585322700867486,-6.098846644832321,False,True,False,False,True,10.88493888046223,0.0,0.0,0.0,0.0,0,0.9840558319211359,0.9175458736493013,False,False,False,False,0.22247675818185195,0.11433779364077998,False,False,False,False,-7593002,4491569.335864128,False,False,False,False,8541871.035465011,False,False,False,False
2024-08-02 00:00:00+00:00,2.19,2.36,2.16,2.36,8301670,,,,,,,,,,,,,2.177445204782844,2.1713932877676414,2.1450731152481763,2.0429521842598146,1.8813905750920454,1.8579859091608326,1.8107354109767335,1.7872192568289458,1.7863637808972128,1.7398360923091845,1.7022042891206317,1.6763927799597793,1.673364256171558,1.671975604371301,1.6685487024623593,1.6676980116252982,1.6507575107122698,1.649844645270867,1.6372829928448398,1.597291062398035,1.5781952553461842,1.5427008118177086,1.5301782382303064,1.5189555438850408,1.5010913274463353,1.4787098006166826,,,,,1.8813905750920454,1.7398360923091845,1.597291062398035,1.5189555438850408,,1.7997877336130184,"rgba(38, 166, 154, 1.0)",0.18124474518632125,1.9284642070500557,1.4429979345391948,52.08356459578647,-6.098846644832321,False,True,False,False,True,7.304549827665269,0.0,0.0,0.0,0.0,0,0.9680634772126162,0.9338779035247127,False,False,False,False,0.1355173229215087,0.12492755828114434,False,False,False,False,-15894672,3692108.8913204363,False,False,False,False,8532451.387015402,False,False,False,False
2024-08-05 00:00:00+00:00,2.11,2.15,1.94,2.04,9165964,,,,,,,,,,,,2.0666666666666664,2.1733417804677995,2.167606732144927,2.1426096711626634,2.04328128467937,1.883024420335993,1.8597598918029603,1.8126855591075794,1.7892354503000785,1.7883834927229851,1.742027231655693,1.704524939364887,1.6787594617725146,1.6757372923149314,1.6743518966858626,1.6709323829172926,1.6700835717981466,1.6531633968144903,1.652251291412965,1.6396566105873138,1.5996869739308448,1.5806217611516467,1.5451291933366038,1.5325944041329955,1.5213643896778124,1.5035059825675217,1.481139061263722,,,,2.0666666666666664,1.883024420335993,1.742027231655693,1.5996869739308448,1.5213643896778124,,1.8244041512357563,"rgba(38, 166, 154, 0.5)",0.1783659564334272,1.9452582303382697,0.9236166640533666,49.89085446643833,-6.098846644832321,False,True,False,False,True,4.834669188324767,1.0,2.15,1.94,0.0,0,0.9480648833238476,0.9524224530449632,False,False,False,False,-0.1561549834120654,-0.015613712565460534,False,False,False,False,-25060636,2564550.2681313995,False,False,False,False,8557295.018897152,False,False,False,False
2024-08-06 00:00:00+00:00,2.15,2.16,2.06,2.1,5640919,,,,,,,,,,,,2.088254740042182,2.172227186274453,2.166643027217344,2.142244017536272,2.0439591845996197,1.8843215475491433,1.8611316392835315,1.8141355070901137,1.7907123583720432,1.7898622325128102,1.7435939993969924,1.7061596676940884,1.6804124442856232,1.6773931616285476,1.6760093316233367,1.6725932472572036,1.671745321919638,1.6548312576777435,1.653919265888591,1.6412965099018009,1.6013268005013994,1.5822758442079299,1.5467736782678385,1.5342271991017764,1.5229892998342498,1.5051302872741528,1.4827678467853769,,,,2.088254740042182,1.8843215475491433,1.7435939993969924,1.6013268005013994,1.5229892998342498,,1.8265722823875539,"rgba(38, 166, 154, 1.0)",0.17604770033371525,1.9469324077507264,1.153480516157493,49.45763789904606,-6.098846644832321,False,True,False,False,True,5.892751975959449,0.0,0.0,0.0,0.0,0,0.982627752833013,0.9238293778062864,False,False,False,False,-0.08894353216501057,-0.05227862236523555,False,False,False,False,-19419717,1702422.1399693838,False,False,False,False,8442927.331881577,False,False,False,False
2024-08-07 00:00:00+00:00,2.05,2.195,2.04,2.18,8112609,,,,,,,,,,,,2.0906422997944283,2.1698286194559913,2.1644683302066903,2.140989393173768,2.04457332008037,1.885944422778121,1.8628691046319503,1.8160082845102417,1.7926346639350677,1.791787406126341,1.7456583899599236,1.7083302740153852,1.6826175791188152,1.679603270033537,1.6782220367055802,1.6748117767647557,1.6739653407816775,1.6570654719963915,1.6561539478782896,1.6434980787994495,1.6035401934264215,1.5845134481468182,1.5490069752406534,1.5364474944434923,1.525201311402873,1.5073450634169996,1.4849929134856492,,,,2.0906422997944283,1.885944422778121,1.7456583899599236,1.6035401934264215,1.525201311402873,,1.8279836005373387,"rgba(38, 166, 154, 0.5)",0.1730125236314705,1.94754990991632,0.592154185912611,46.986463390389574,-6.098846644832321,False,True,False,True,False,2.8961637063150647,0.0,0.0,0.0,0.0,0,0.973881786308744,0.9287282643340299,False,False,False,False,-0.07822372984462522,-0.06525117610493039,False,False,False,False,-27532326,555961.4285980356,False,False,False,False,8429973.67180779,False,False,False,False
2024-08-08 00:00:00+00:00,2.12,2.15,2.05,2.08,6458671,,,,,,,,,,,,2.094165192414062,2.1683045253971303,2.163104446418905,2.140278760648355,2.045162480924447,1.8872897827209671,1.864302597489357,1.8175430974067641,1.794206169219934,1.7933611159030804,1.7473389576811764,1.7100927229860396,1.684405640829591,1.6813950923731247,1.6800158382494772,1.676609996099262,1.675764692235154,1.6588749956351492,1.6579637834413028,1.6452804877707246,1.6053296918496671,1.586321345257535,1.5508097117548598,1.538239261027108,1.5269859681514497,1.509131222056176,1.4867864791172656,,,,2.094165192414062,1.8872897827209671,1.7473389576811764,1.6053296918496671,1.5269859681514497,,1.8292730187922004,"rgba(38, 166, 154, 1.0)",0.16937085489092646,1.9482654153827486,1.013955941403539,47.154895624058405,-6.098846644832321,False,True,False,True,False,4.754848652782599,0.0,0.0,0.0,0.0,0,0.9647157608889844,0.9611426733840713,False,False,False,False,-0.10326881706335853,-0.08425999658414446,False,False,False,False,-21073655,-292258.82350384817,False,False,False,False,8352667.684678073,False,False,False,False
2024-08-09 00:00:00+00:00,2.17,2.19,2.12,2.17,5471515,,,,,,,,,,,,2.1045014754990468,2.1681381660527372,2.1630436063163017,2.1406187070735165,2.0460781954345193,1.888690728917268,1.8657682134822777,1.8190682191285887,1.795750376091485,1.7949068993193813,1.7489599740669537,1.711772800056052,1.686098492445022,1.6830902233266178,1.6817122582014963,1.6783091692323326,1.677464584503118,1.6605778168990641,1.6596665535931794,1.6469530788608537,1.6069959676248204,1.5879991324335345,1.5524734793988417,1.5398899786925277,1.5286276192677455,1.510770387719195,1.4884278693253676,,,,2.1045014754990468,1.888690728917268,1.7489599740669537,1.6069959676248204,1.5286276192677455,,1.8310584769249902,"rgba(38, 166, 154, 1.0)",0.165888272397164,1.9497071971673798,1.3279588704450587,48.470935144559945,-6.098846644832321,False,True,False,False,False,6.050313386625426,0.0,0.0,0.0,0.0,1,0.9682888483938973,0.9539964983742453,False,False,False,False,-0.02484388541161252,-0.05455194099787849,False,False,False,False,-15602140,-892646.3206213443,False,False,False,False,8239681.304886776,False,False,False,False
2024-08-12 00:00:00+00:00,2.33,2.4,2.2,2.23,13894909,,,,,,,,,,,,2.163079944890428,2.1750056264420548,2.170010655277711,2.1477223809362114,2.0513165282534396,1.8941162334213275,1.8712902350644134,1.8245583629148567,1.8012049408467603,1.8003634575553498,1.754501443998969,1.7173926065908747,1.6916875464210461,1.6886786619846479,1.6873012385075372,1.6838981557620745,1.6830537040564901,1.6661338737629634,1.6652202290505786,1.65237986071866,1.6123184874738177,1.5933219355720927,1.557691237439133,1.5450473944736631,1.5337399960301135,1.5158494130970286,1.493483462355903,,,,2.163079944890428,1.8941162334213275,1.754501443998969,1.6123184874738177,1.5337399960301135,,1.8394457843228196,"rgba(0, 255, 0, 1.0)",0.16473806673209251,1.9581124547710083,2.2574475505638834,52.52503518019458,-4.73880103764607,False,False,False,False,True,9.966558635095119,0.0,0.0,0.0,0.0,1,0.9718619358988105,0.9486368671168759,False,False,False,False,0.1829829021017477,0.0642154805519346,False,False,False,False,-1707231,-924590.8178518799,False,False,False,False,8461454.939989256,False,False,False,False
2024-08-13 00:00:00+00:00,2.42,2.43,2.3,2.33,7620278,,,,,,,,,,,,2.1928572192683036,2.180393446896403,2.1754165190531056,2.153019654620863,2.0548916529154946,1.8975470654430442,1.8747572801126333,1.8279644770902865,1.8045716145399406,1.8037307318608824,1.7578893756865164,1.720805904392434,1.6950689164157968,1.6920581547193525,1.6906803677239597,1.6872756052153821,1.6864308178412761,1.6694832327357967,1.668567748806867,1.655646174635741,1.6155066304800005,1.5965031927617237,1.560798339979053,1.5481149647118135,1.5367776300254552,1.5188622415191344,1.4964763822332194,,,,2.1928572192683036,1.8975470654430442,1.7578893756865164,1.6155066304800005,1.5367776300254552,,1.844452797998704,"rgba(0, 255, 0, 1.0)",0.1674485802478592,1.963325415039924,2.727252654421443,56.63996512149174,-0.6881680245331907,False,False,True,False,True,12.019791144677164,0.0,0.0,0.0,0.0,0,0.9790081109086362,0.9361310608496803,False,False,False,False,0.2803464274237249,0.17228095398782975,False,False,False,False,5913047,-656448.1583282768,False,False,False,False,8428467.609009285,False,False,False,False
2024-08-14 00:00:00+00:00,2.39,2.41,2.325,2.4,4815816,,,,,,,,,,,,2.2071945248261184,2.183522996031813,2.178562467563889,2.1561295313483644,2.05705527703871,1.899653786010661,1.8768887460259025,1.8300637409705136,1.80664890875494,1.8058084655650595,1.7599834205444316,1.7229181275628767,1.6971631888621395,1.694151457923911,1.6927735312975205,1.6893679419150587,1.6885229988810158,1.6715593328127945,1.6706427690802454,1.6576719210956345,1.617486172331402,1.5984793318724375,1.562730144439607,1.550022810836884,1.5386673717707215,1.5207372511595905,1.498339793478992,,,,2.2071945248261184,1.899653786010661,1.7599834205444316,1.617486172331402,1.5386673717707215,,1.8473141567055802,"rgba(0, 255, 0, 1.0)",0.16931499510546685,1.9662843403763666,2.5025288478418566,58.562386694365095,1.2329603600845402,True,False,True,False,True,11.095235227572623,0.0,0.0,0.0,0.0,0,0.9887638429454914,0.9303358262620453,False,False,False,False,0.28418511995093,0.22823303696937985,False,False,False,False,1097231,-587676.4266291287,False,False,False,False,8286794.996891274,False,False,False,False
2024-08-15 00:00:00+00:00,2.4,2.43,2.335,2.38,5963749,,,,,,,,,,,,2.223283221805095,2.187522091820794,2.182578765974414,2.1600893693959535,2.059805114139054,1.9023095128013692,1.8795732258028899,1.8327042396451714,1.8092603464013697,1.808420394122364,1.7626127974095362,1.7255681061718653,1.699789519110447,1.696776436739062,1.695398270619089,1.6919914904735531,1.6911463138941665,1.6741618459101943,1.6732438966974397,1.6602111174434704,1.6199662138113626,1.6009544385330203,1.56514882126383,1.5524112461522868,1.5410329107273455,1.523083913705786,1.5006713843478838,,,,2.223283221805095,1.9023095128013692,1.7626127974095362,1.6199662138113626,1.5410329107273455,,1.8508223038188654,"rgba(0, 255, 0, 1.0)",0.17126903129602197,1.9699283331810507,2.511088336078762,60.016029952250406,2.7681638083652444,True,False,True,False,True,11.325344658436112,0.0,0.0,0.0,0.0,0,1.0158877147111163,0.9078512546755276,False,False,False,False,0.30739390366449565,0.26781347031693775,False,False,False,False,7060980,-287729.11578092765,False,False,False,False,8195695.15387593,False,False,False,False
2024-08-16 00:00:00+00:00,2.56,2.6,2.405,2.43,12739199,,,,,,,,,,,,2.2708670150050394,2.2009009971323192,2.1959019377869793,2.1727978326249016,2.0678517769661657,1.9094169105063368,1.8866925754092918,1.839595433680956,1.816027370894888,1.8151869749068865,1.7693376359856137,1.732283328067771,1.706406854774974,1.7033860728317733,1.7020053406742177,1.6985907633502237,1.697743814016238,1.6806844386582722,1.679761834188922,1.666558924480701,1.6261208338970394,1.607076481842124,1.5710973972910416,1.5582744429045468,1.5468303518738553,1.5288202932509147,1.5063532164490063,,,,2.2708670150050394,1.9094169105063368,1.7693376359856137,1.6261208338970394,1.5468303518738553,,1.8605998915971238,"rgba(0, 255, 0, 1.0)",0.17567240190988861,1.9805653777199503,3.2983816238664025,63.390165143317645,6.11908970305938,True,False,True,False,True,14.860856708131625,0.0,0.0,0.0,0.0,0,1.0249297128011676,0.8732161286878539,False,False,False,False,0.34282812274295843,0.3053207965299481,False,False,False,False,19800179,500031.98679871653,False,False,False,False,8373871.775292561,False,False,False,False
2024-08-19 00:00:00+00:00,2.64,2.7,2.545,2.55,11181396,,,,,,,,,,,,2.3147584262454215,2.21541232168099,2.2103178333533204,2.186430248388256,2.0762934467101175,1.9165857583456631,1.8938405585826568,1.8464596262109212,1.822743788828794,1.8219020524594458,1.7759657519171494,1.738868636968158,1.7128763161557579,1.7098457170897985,1.7084614226211918,1.7050366574953029,1.7041873405134782,1.6870429523910346,1.6861151909753604,1.6727393468891465,1.6320892435881549,1.6130021064697668,1.5768369970721017,1.5639258689400648,1.552413297674074,1.534336288373211,1.51180687053898,,,,2.3147584262454215,1.9165857583456631,1.7759657519171494,1.6320892435881549,1.552413297674074,,1.870294169691098,"rgba(0, 255, 0, 1.0)",0.18541037999261428,1.9913329515674298,3.4985476458136247,66.60194789632354,9.249080644173965,True,False,True,False,True,16.51759856644573,0.0,0.0,0.0,0.0,0,1.041224866130005,0.8727791765665451,False,False,False,False,0.3428281458941516,0.32407447121204985,False,False,False,False,30981575,1695386.6147673945,False,False,False,False,8483970.764496775,False,False,False,False
2024-08-20 00:00:00+00:00,2.66,2.705,2.61,2.69,8303749,,,,,,,,,,,,2.343469254368916,2.226304887873246,2.2211415055287635,2.1966899653537997,2.082731687909617,1.922038325189017,1.899273613099804,1.8516730807293476,1.827843324897382,1.8270004705252592,1.7809931734557354,1.7438597025458211,1.717777877335087,1.714739614450961,1.7133525100490195,1.709919766231973,1.7090685899070759,1.6918588443198184,1.6909271312125522,1.6774205074673536,1.636607919482739,1.6174871215105635,1.5811797538537686,1.568201572092007,1.556636830228845,1.5385083606332177,1.5159306915865443,,,,2.343469254368916,1.922038325189017,1.7809931734557354,1.636607919482739,1.556636830228845,,1.8774041916225275,"rgba(0, 255, 0, 1.0)",0.1936671240942859,1.9992491536047226,3.4117863291737334,68.9760069474203,11.572747884203416,True,False,True,False,True,16.92572557259104,0.0,0.0,0.0,0.0,0,1.0817639447958598,0.8620794997124787,False,False,False,False,0.3428281511878698,0.33345131119995985,False,False,False,False,39285324,3169501.806345144,False,False,False,False,8476903.244320432,False,False,False,False
2024-08-21 00:00:00+00:00,2.69,2.73,2.64,2.67,12369708,,,,,,,,,,,,2.3814620004711835,2.2425739605582145,2.237313178215393,2.2120609182723157,2.0925218979139464,1.9303206191274136,1.907522093793677,1.8595847995904133,1.8355807473747563,1.8347360815359461,1.7886154046940728,1.7514222580028331,1.7252031207503618,1.7221530038115564,1.7207615186032623,1.7173164028643089,1.716462337310231,1.6991526826647079,1.6982149438883964,1.6845109920754409,1.6434505023506643,1.624277264875037,1.5877531409519678,1.5746732360090216,1.5630292245494548,1.5448219876122642,1.5221700394193727,,,,2.3814620004711835,1.9303206191274136,1.7886154046940728,1.6434505023506643,1.5630292245494548,,1.8878744480759218,"rgba(0, 255, 0, 1.0)",0.20186892545178817,2.0562020488952903,3.1396508882496525,70.91765909974305,13.523247462347435,True,False,True,False,True,17.539494309025233,0.0,0.0,0.0,0.0,0,1.0944278571171626,0.850714054462391,False,False,False,False,0.342828154998281,0.33813973309912043,False,False,False,False,51655032,5070895.147272785,False,False,False,False,8629562.254347082,False,False,False,False
2024-08-22 00:00:00+00:00,2.63,2.67,2.58,2.67,8362034,,,,,,,,,,,,2.3985344479841086,2.2515358335110056,2.2462467978235034,2.220670844078758,2.098311916020386,1.935382470137001,1.9125790173212431,1.8644669256071962,1.8403696014907303,1.8395242625838752,1.7933564016416876,1.7561426604183858,1.729849271205752,1.7267929951182228,1.7253993309110949,1.721947867350975,1.7210923358689487,1.7037271723651395,1.7027860341228138,1.688964438606792,1.6477627037543832,1.6285623231174455,1.5919124890881031,1.5787721007774187,1.5670811564579388,1.548828653467129,1.5261349671097355,,,,2.3985344479841086,1.935382470137001,1.7933564016416876,1.6477627037543832,1.5670811564579388,,1.893884031208381,"rgba(0, 255, 0, 1.0)",0.20798241436400627,2.06133684077236,2.734188661895126,70.1499852852519,13.523247462347435,True,False,True,False,True,15.58567492073739,0.0,0.0,0.0,0.0,0,1.0836345977445638,0.8569938308242956,False,False,False,False,0.2842625456619284,0.3112011393805244,False,False,False,False,43292998,6569801.141497382,False,False,False,False,8619070.95025504,False,False,False,False
2024-08-23 00:00:00+00:00,2.65,2.68,2.61,2.65,7843719,,,,,,,,,,,,2.4137463830759285,2.259998576542111,2.2546832752718955,2.2288104072813026,2.1038314077743547,1.940199576947982,1.9173893265531075,1.8691089774528291,1.8449221444413213,1.8440761089039703,1.7978606016091185,1.760625094130563,1.7342603365127136,1.731198093107573,1.729802299967444,1.7263446706892551,1.7254877121881236,1.7080693898869337,1.7071250037381946,1.693192028175863,1.6518553184113842,1.6326284850341795,1.5958586912465653,1.5826608029376557,1.5709251843951155,1.5526293260189519,1.52989546354907,,,,2.4137463830759285,1.940199576947982,1.7978606016091185,1.6518553184113842,1.5709251843951155,,1.8995365707125296,"rgba(0, 255, 0, 1.0)",0.2142270413024969,2.067089460212104,2.720994213633392,69.94611628419483,13.523247462347435,True,False,True,False,True,16.009311475773277,0.0,0.0,0.0,0.0,0,1.0767161862127477,0.8637159515514722,False,False,False,False,0.30355623690117356,0.307378688140849,False,False,False,False,51136717,8317523.332026897,False,False,False,False,8588664.99142151,False,False,False,False
2024-08-26 00:00:00+00:00,2.65,2.69,2.6221,2.68,2925570,,,,,,,,,,,,2.419117952882001,2.2631213300638233,2.257797057468777,2.2318193700813995,2.1058892906071955,1.9419981704703215,1.9191853460827264,1.8708425752241555,1.8466225088557844,1.8457762126859176,1.7995429128952298,1.7622992353329583,1.7359079339660104,1.7328434685196006,1.7314468818433992,1.7279869558107606,1.7271294655861957,1.709691369925665,1.708745775802776,1.6947714131128004,1.653384458583003,1.6341477457212374,1.5973332710314025,1.5841139709151155,1.5723617100684188,1.5540496809654818,1.5313008177697562,,,,2.419117952882001,1.9419981704703215,1.7995429128952298,1.653384458583003,1.5723617100684188,,1.901626761360875,"rgba(0, 255, 0, 1.0)",0.2197965480222994,2.0692745554722762,2.6421044814079897,69.81020361682344,13.523247462347435,True,False,True,False,True,16.009311475773288,0.0,0.0,0.0,0.0,0,1.0905827471846645,0.8551332045628487,False,False,False,False,0.314309960153525,0.310844324147187,False,False,False,False,51136717,9996707.397437606,False,False,False,False,8366582.834895176,False,False,False,False
2024-08-27 00:00:00+00:00,2.6,2.64,2.5715,2.62,5433975,,,,,,,,,,,,2.426481936180836,2.268063884880942,2.262736963849093,2.236645462298855,2.109324708325081,1.9450811112247517,1.9222718411140136,1.8738372399894312,1.8495666988972632,1.8487201769180481,1.802467623259071,1.76521808701605,1.7387861104148257,1.7357183848463984,1.7343206914723792,1.7308574435798565,1.7299991941963362,1.7125299660891606,1.7115824413804352,1.697538437605552,1.656070478644942,1.6368193631954804,1.599931690329285,1.5866765092511106,1.5748964735180495,1.556558204430317,1.5337855325574892,,,,2.426481936180836,1.9450811112247517,1.802467623259071,1.656070478644942,1.5748964735180495,,1.905087420176919,"rgba(0, 255, 0, 1.0)",0.2247856235985144,2.0724613874346303,2.3468520989918695,67.82458841438911,13.523247462347435,True,False,True,False,True,14.350912169372254,0.0,0.0,0.0,0.0,0,1.072008426711222,0.859252129379075,False,False,False,False,0.2658851971111799,0.2883647606291835,False,False,False,False,45702742,11396944.048518483,False,False,False,False,8251578.606075758,False,False,False,False
2024-08-28 00:00:00+00:00,2.47,2.57,2.445,2.57,9660157,,,,,,,,,,,,2.4310165854060695,2.273769155978747,2.2684855307083795,2.242469402802017,2.1139976803248746,1.9495975793701497,1.9268253547828937,1.8783162165616998,1.8539974295071038,1.853151462120585,1.8069157599802148,1.7696903805050075,1.7432180462323381,1.7401477411359887,1.7387494432485935,1.7352837930821319,1.7344250420053478,1.7169212069737876,1.7159714108835098,1.7018303630280847,1.6602641664554696,1.6410021589269022,1.604020807334373,1.5907163193222644,1.5788985948366259,1.5605278458245353,1.5377279987935863,,,,2.4310165854060695,1.9495975793701497,1.8069157599802148,1.6602641664554696,1.5788985948366259,,1.9097389792318762,"rgba(0, 255, 255, 0.75)",0.2262687551332396,2.0754112022854696,1.7438943237309756,62.46731095962921,18.8399153786781,True,False,True,False,False,10.230455418870008,0.0,0.0,0.0,0.0,0,1.0524967301524737,0.8629351584756242,False,False,False,False,0.17395584405841621,0.23116030234379986,False,False,False,False,36042585,12363439.772105994,False,False,False,False,8306816.974464945,False,False,False,False
2024-08-29 00:00:00+00:00,2.49,2.545,2.46,2.46,5109472,,,,,,,,,,,,2.433293313262693,2.276716074225309,2.271455577182651,2.245484172841194,2.1164450497786813,1.9519709901577802,1.929218614137708,1.8806718933802036,1.8563284930792343,1.855482830661159,1.8092567382557025,1.7720445535028113,1.7455515566733277,1.7424799483397733,1.7410813543622938,1.7376144981678305,1.736755496990705,1.7192338271734728,1.7182828571773787,1.7040912930339303,1.662474183178224,1.6432066596068529,1.6061765968448594,1.592846392049398,1.581009011957006,1.56262136987659,1.539807424358392,,,,2.433293313262693,1.9519709901577802,1.8092567382557025,1.662474183178224,1.581009011957006,,1.9121729566191923,"rgba(0, 255, 255, 0.75)",0.226454299030833,2.0771973189448554,1.8228961994620356,59.395533161610004,15.899676241893232,True,False,True,False,False,10.69598259996058,0.0,0.0,0.0,0.0,0,1.0551842760647163,0.8683102503001096,False,False,False,False,0.1676763342913023,0.19941831831755108,False,False,False,False,41152057,13492405.153592033,False,False,False,False,8181430.897034947,False,False,False,False
2024-08-30 00:00:00+00:00,2.51,2.528,2.47,2.49,4489182,,,,,,,,,,,,2.4352952702073467,2.2792915272636693,2.2740510706053465,2.2481193200839003,2.1185938380983913,1.9540557942609493,1.9313207355482493,1.8827412847643061,1.8583764203624218,1.857531024247257,1.8113133306341451,1.7741126773150895,1.7476016424321879,1.7445288963001546,1.743130043927838,1.7396621348240862,1.7388029153131004,1.7212656663056225,1.7203136706752047,1.7060779599171338,1.6644163235946632,1.64514396655447,1.6080712725571242,1.5947185566172233,1.5828639664617343,1.5644615239341537,1.5416352180491604,,,,2.4352952702073467,1.9540557942609493,1.8113133306341451,1.6644163235946632,1.5828639664617343,,1.9143092611543195,"rgba(0, 255, 255, 0.75)",0.22588261321967945,2.0788691337091803,1.9086500733526062,57.86270993076696,14.405263931691977,False,False,True,False,False,11.164162414833637,0.0,0.0,0.0,0.0,0,1.0501868467134838,0.8803097864351094,False,False,False,False,0.16444600699665984,0.18193216265710546,False,False,False,False,45641239,14753143.73580411,False,False,False,False,8036636.82264142,False,False,False,False
2024-09-03 00:00:00+00:00,2.34,2.48,2.31,2.45,9232246,,,,,,,,,,,2.3766666666666665,2.432010739572907,2.2815218385991187,2.276366612251158,2.2507721562657657,2.1215132714414446,1.9573206669121535,1.934653000807449,1.8860978569300382,1.8617318423332925,1.8608879897545816,1.814740829523604,1.777600055070403,1.7510852889609132,1.7480135679850546,1.7466156114009619,1.7431492042227892,1.7422904235992598,1.7247428254420276,1.7237899348004164,1.7094913761352066,1.6677862079233075,1.648519420058865,1.6113974377209206,1.598013686339431,1.5861360357044976,1.5677181391427544,1.5448824640714984,,,,2.432010739572907,1.9573206669121535,1.814740829523604,1.6677862079233075,1.5861360357044976,,1.950578519127,"rgba(38, 166, 154, 1.0)",0.2229682642145361,2.107902305739653,1.0409449751872613,52.52874246369297,9.360730392849696,False,True,False,False,False,6.046166812763605,0.0,0.0,0.0,0.0,0,1.0172860847018153,0.8791737957067012,False,False,False,False,0.06970445466355557,0.1258183086603305,False,False,False,False,36408993,15602392.726556892,False,False,False,False,8083523.457047639,False,False,False,False
2024-09-04 00:00:00+00:00,2.36,2.39,2.31,2.34,7336449,,,,,,,,,,2.3533333333333335,2.3663349048713047,2.428657410891397,2.2828055173997837,2.2777224326703966,2.2524269523363105,2.1235786477632437,1.9597369909197906,1.9371277348306009,1.8886074887069761,1.8642479967198158,1.8634055313306612,1.81732314289921,1.780235840604364,1.7537239614569884,1.7506536366470002,1.7492566356387778,1.745792053495721,1.7449337740869222,1.7273818091149942,1.7264284250856403,1.7120851832212156,1.670354050478487,1.6510943640301723,1.6139401662789075,1.6005345654333951,1.5886408484850174,1.5702133517254095,1.5473730671918497,,,,2.428657410891397,1.9597369909197906,1.81732314289921,1.670354050478487,1.5886408484850174,,1.9833642897858799,"rgba(38, 166, 154, 1.0)",0.22082458082263354,2.132821212925448,1.0287749046245094,49.54728174930225,6.638943079009209,False,True,False,True,False,6.534370261908645,0.0,0.0,0.0,0.0,0,1.0154676322218903,0.8989330849137857,False,False,False,False,0.02919191391204559,0.07750511128618805,False,False,False,False,43745442,16706041.717672309,False,False,False,False,8054226.419516359,False,False,False,False
2024-09-05 00:00:00+00:00,2.4,2.465,2.4,2.43,5417929,,,,,,,,,,2.382360632691509,2.3799697201504575,2.4284440877524203,2.2846147521301705,2.2795709670255015,2.2544197672570077,2.1255271100523494,1.9618091200517096,1.9392335994262175,1.8907135826951988,1.8663470069206274,1.8655052777909813,1.8194554261932223,1.7823971658614832,1.755878199872638,1.752807966274898,1.7514112692622958,1.747947008042249,1.747088849658878,1.7295277096374122,1.7285736299225631,1.7141900175305687,1.6724265741194546,1.6531677682157553,1.6159793087646253,1.6025534550412543,1.5906445277621055,1.5722058064300515,1.5493576474416872,,,,2.4284440877524203,1.9618091200517096,1.8194554261932223,1.6724265741194546,1.5906445277621055,,1.9872514609373613,"rgba(38, 166, 154, 1.0)",0.22182559499433538,2.1360925729799356,1.1897068371519686,48.71101782302601,5.855705971146229,False,True,False,True,False,7.50955886316882,0.0,0.0,0.0,0.0,0,1.0292463833713423,0.8798809254391312,False,False,False,False,0.10363467736288956,0.0905698943245388,False,False,False,False,49163371,17978878.16011653,False,False,False,False,7950842.206986306,False,False,False,False
2024-09-06 00:00:00+00:00,2.33,2.445,2.33,2.43,6366641,,,,,,,,,,2.3776900249580493,2.37735680423401,2.426363225330066,2.2858772020737192,2.280890542741345,2.2559744760278235,2.127377917457917,1.963940795768757,1.9414139418223058,1.8929208248386844,1.8685584943680447,1.8677179176646428,1.8217217237758925,1.7847080673811582,1.7581906003498922,1.7551214625595533,1.753725541063218,1.750262733755493,1.7494049781565,1.7318394718677954,1.7308849346192174,1.7164622585891174,1.6746751181583608,1.655421920206577,1.6182046471935263,1.604759567224906,1.5928364586110713,1.5743890124254964,1.5515363730152336,,,,2.426363225330066,1.963940795768757,1.8217217237758925,1.6746751181583608,1.5928364586110713,,1.988552837309743,"rgba(38, 166, 154, 0.5)",0.22200860303109005,2.1364590318135823,0.871772379736628,46.500351189112735,3.6676221765093757,False,True,False,True,False,5.463000171432771,0.0,0.0,0.0,0.0,0,1.0204176976450436,0.8857993182565363,False,False,False,False,0.062024754640269825,0.07629732448240431,False,False,False,False,42796730,18952127.251876667,False,False,False,False,7888716.669457432,False,False,False,False
2024-09-09 00:00:00+00:00,2.37,2.406,2.33,2.33,4280078,,,,,,,,,,2.376039646033118,2.3762170354208987,2.4250510515430865,2.2867080627060474,2.2817591116852323,2.2569990473136214,2.1286080729062236,1.965362498351993,1.942868434804026,1.8943942797948965,1.870035266664429,1.869195470444154,1.8232357112755204,1.7862522709615296,1.759736202790433,1.7566678373601956,1.7552724511051294,1.7518106591394573,1.7509531833066474,1.733385018328665,1.7324301897940075,1.7179817336190941,1.6761793109841476,1.6569300448455624,1.61969394360329,1.606236175238127,1.5943037179695356,1.5758506033502797,1.5529951474477457,,,,2.4250510515430865,1.965362498351993,1.8232357112755204,1.6761793109841476,1.5943037179695356,,1.9895275655967652,"rgba(38, 166, 154, 1.0)",0.2223543150951601,2.136856546551972,1.0485222800747116,46.22657816022538,3.2332552332102438,False,True,False,True,False,6.454369751067109,0.0,0.0,0.0,0.0,0,1.013482446891259,0.8995730558484435,False,False,False,False,0.04440453758596104,0.060350931034182674,False,False,False,False,47076808,20055055.908665817,False,False,False,False,7747201.427517925,False,False,False,False
2024-09-10 00:00:00+00:00,2.49,2.5,2.37,2.41,8403562,,,,,,,,,,2.39646251217471,2.3920089571244874,2.426259965672377,2.2899278810920696,2.285029014781314,2.2604423251491257,2.1318263619120503,1.9687049746405212,1.9462577442161804,1.89777263339873,1.873397603176951,1.8725587967084214,1.8266417085328246,1.7896978626599853,1.7631669968543124,1.7600983607689724,1.7587032623546952,1.7552415116956712,1.7543841116346,1.7367993756246927,1.7358433423719886,1.7213301121979,1.679472554854851,1.6602226841643295,1.6229295335513805,1.6094389360296315,1.597481692521917,1.5790095153498729,1.5561399589128884,,,,2.426259965672377,1.9687049746405212,1.8266417085328246,1.679472554854851,1.597481692521917,,1.9942690980086346,"rgba(0, 255, 255, 0.75)",0.22265166912862352,2.141078310671195,1.5671191269050717,49.125849476176484,3.2332552332102438,False,True,False,False,False,9.32080818541996,0.0,0.0,0.0,0.0,0,1.0254501057555074,0.8856464842742422,False,False,False,False,0.10512956860178144,0.08274024981798206,False,False,False,False,55480370,21444283.912247553,False,False,False,False,7772941.05781134,False,False,False,False
2024-09-11 00:00:00+00:00,2.64,2.66,2.44,2.49,15192947,,,,,,,,,,2.4557947965689997,2.442802936644163,2.4372885187228643,2.299719663470096,2.2948539308367777,2.2702631378448297,2.1397153469016805,1.976182515043773,1.9537749148525947,1.9051470625201923,1.8806854928870418,1.879847078585606,1.8339328077836758,1.7970095945030364,1.7704069003015974,1.7673331724706671,1.7659366268983943,1.7624699203419607,1.7616114365947484,1.7439675636427914,1.7430077262343968,1.7283411737387648,1.6863192002422938,1.667046672962221,1.629598537289253,1.6160281595530503,1.6040094872475301,1.5854822840484226,1.5625649753359825,,,,2.4372885187228643,1.976182515043773,1.8339328077836758,1.6863192002422938,1.6040094872475301,,2.0069371708707746,"rgba(0, 255, 0, 1.0)",0.22471178737970926,2.1541398630747186,2.162147978932204,53.90811406024149,-3.1948759304331986,False,True,True,False,True,12.646686234403713,0.0,0.0,0.0,0.0,0,1.0330810485689943,0.8571500175429804,False,False,False,False,0.21145808061790042,0.14709916521794125,False,False,False,False,70673317,23374834.229414318,False,False,False,False,8063921.6829952095,False,False,False,False
2024-09-12 00:00:00+00:00,2.89,2.9,2.65,2.71,14123327,,,,,,,,,,2.5384118873425354,2.5171865257053034,2.4607972976071273,2.315346414464488,2.3104255195653622,2.2853471112172543,2.1505604711411306,1.9855948215298023,1.9631494470370325,1.9141820391736606,1.8895426683145962,1.8887022766259758,1.8426656776356505,1.8056759199664008,1.7789297436975897,1.7758434619879844,1.7744422331247949,1.7709623742356075,1.770100810259703,1.7523521404219626,1.7513859850757894,1.7365144317342034,1.694228655692549,1.6748982855008308,1.63721691237974,1.6235371051010992,1.6114326572855557,1.5928189380245417,1.5698190067696607,,,,2.4607972976071273,1.9855948215298023,1.8426656776356505,1.694228655692549,1.6114326572855557,,2.0245109420526983,"rgba(0, 255, 0, 1.0)",0.23548202433260176,2.1738811170213053,3.041076638475077,60.23743550431196,2.692598695078786,True,False,True,False,True,17.590739564728487,0.0,0.0,0.0,0.0,0,1.0701748699414941,0.8192956582337976,False,False,False,False,0.3428281529554641,0.24496365908670267,False,False,False,False,84796644,25783532.651790228,False,False,False,False,8301545.420916967,False,False,False,False
2024-09-13 00:00:00+00:00,3.1,3.12,2.9,2.95,21828553,,,,,,,,,,2.67040719230818,2.6409882962421807,2.511830381771587,2.34789213103313,2.3427888832023704,2.316409892737403,2.172155350395825,2.003604493746402,1.9810002597268437,1.9312303503924215,1.9061847551088145,1.905338117192064,1.8589419826635125,1.8217317872947387,1.7946589593723161,1.7915425442062234,1.7901294905400162,1.78661756852707,1.7857483957143694,1.7677694509736817,1.7667897161708388,1.751515962731219,1.7086694490423298,1.6891985826592977,1.6510330856537936,1.6371351931594245,1.6248582867787524,1.6060614635985095,1.5828802860054272,,,,2.511830381771587,2.003604493746402,1.8589419826635125,1.7086694490423298,1.6248582867787524,,2.056348514157458,"rgba(0, 255, 0, 1.0)",0.2551999745827246,2.2108634774739935,3.4840776296307494,66.19606984784234,8.057420908461374,True,False,True,False,True,20.0,0.0,0.0,0.0,0.0,0,1.0988752539878088,0.8072092539558102,False,False,False,False,0.34282817766331947,0.29389591837501106,False,False,False,False,106625197,28953793.998778846,False,False,False,False,8832016.306371203,False,False,False,False
2024-09-16 00:00:00+00:00,3.13,3.2,3.1001,3.19,14569795,,,,,,,,,,2.741069347669138,2.709554527332428,2.546907998928216,2.3710442386762027,2.3658109356425996,2.3385221751720993,2.187643339463587,2.0164519697405496,1.9937204980276242,1.9433593665225926,1.9180158841884647,1.917164385209077,1.8704912591306613,1.833107802643072,1.8057945558105912,1.8026556914106058,1.801233736563424,1.7976978462656505,1.796822969751168,1.778675672864903,1.7776860578893805,1.7621262496501888,1.7188720075864867,1.6992956925389724,1.660779524741041,1.6467251999416836,1.634324229814014,1.6153938363121476,1.5920791816678577,,,,2.546907998928216,2.0164519697405496,1.8704912591306613,1.7188720075864867,1.634324229814014,,2.076787210050633,"rgba(0, 255, 0, 1.0)",0.2738662131455776,2.234765993971761,3.2688734975583293,70.38269362089233,11.708863413915147,True,False,True,False,True,20.0,0.0,0.0,0.0,0.0,0,1.1129132577388645,0.8062134188156868,False,False,False,False,0.3428281873905958,0.3183620528828034,False,False,False,False,121194992,32571095.881179675,False,False,False,False,9057027.235533116,False,False,False,False
2024-09-17 00:00:00+00:00,3.05,3.13,2.99,3.1,12963802,,,,,,,,,,2.778100728801169,2.747142805155442,2.5709143211074346,2.388351351036116,2.383046849237347,2.355211157035966,2.1998016342145204,2.026781282287222,2.003970739304056,1.9531840497097956,1.9276227651254518,1.9267680168781351,1.8799061044155632,1.8424075042741699,1.814916946394409,1.8117617825784904,1.810333461587456,1.8067802458063296,1.8059012621210568,1.7876280184322138,1.7866309499436968,1.7708477905100874,1.7272835944080511,1.707630298642345,1.6688443114895415,1.6546676383720214,1.6421698560458624,1.6231369853000006,1.599721022850287,,,,2.5709143211074346,2.026781282287222,1.8799061044155632,1.7272835944080511,1.6421698560458624,,2.091026551275117,"rgba(0, 255, 0, 1.0)",0.2883847530050123,2.2511305432330007,2.7701515022644565,71.09212934405791,12.22846556340226,True,False,True,False,True,19.377808233953097,0.0,0.0,0.0,0.0,0,1.0980746948558007,0.8198339761598654,False,False,False,False,0.28358179092698405,0.30097192190489375,False,False,False,False,108231190,35538158.39564322,False,False,False,False,9210234.089041622,False,False,False,False
2024-09-18 00:00:00+00:00,2.99,3.19,2.99,3.07,14057464,,,,,,,,,,2.809543746657598,2.779669004562335,2.594514774035841,2.4061574044867267,2.400790516034884,2.3724530255265175,2.2126069123842913,2.037752644737515,2.0148646199878533,1.9636434664907185,1.9378585712233052,1.9370005561503123,1.8899477548796217,1.852333302807185,1.8246597398031685,1.8214878012564604,1.8200529499273408,1.8164819181993381,1.8155987143647057,1.7971949365998556,1.7961901269076692,1.7801732614218684,1.7362860750631206,1.716553130440658,1.677484808174217,1.6631796126474838,1.6505801289315787,1.6314398886050707,1.6079179362725797,,,,2.594514774035841,2.037752644737515,1.8899477548796217,1.7362860750631206,1.6505801289315787,,2.1052306180057787,"rgba(0, 255, 0, 1.0)",0.29975665806458784,2.2673191621478272,2.410891696345436,70.08099241522547,12.22846556340226,True,False,True,False,True,17.647712910878496,0.0,0.0,0.0,0.0,0,1.0804155085943206,0.8221977237085231,False,False,False,False,0.30308645809638984,0.30202919000064177,False,False,False,False,94173726,37837592.41934349,False,False,False,False,9400321.536530185,False,False,False,False
2024-09-19 00:00:00+00:00,3.05,3.15,3.05,3.12,8519190,,,,,,,,,,2.827073207946944,2.797849748540178,2.60849588611432,2.4169176649134227,2.411514885502386,2.3828870146309185,2.2204220043306937,2.0444596053451036,2.021523752170683,1.9700385097516153,1.9441176225196346,1.943257596531343,1.8960874807420103,1.8584014670058138,1.8306162753548263,1.8274340771546087,1.8259952234816144,1.822413287007464,1.8215274985894898,1.8030441385350304,1.8020346123846576,1.7858758943755588,1.7417917114819377,1.7220098509352122,1.6827692502049434,1.6683857338042227,1.6557242212074248,1.6365182970650674,1.6129313598588861,,,,2.60849588611432,2.0444596053451036,1.8960874807420103,1.7417917114819377,1.6557242212074248,,2.113703847308405,"rgba(0, 255, 0, 1.0)",0.3118661066362689,2.2769514246748472,2.4787835512589487,70.08052541744591,12.22846556340226,True,False,True,False,True,18.700828574391522,0.0,0.0,0.0,0.0,0,1.071543521397435,0.8445229129884539,False,False,False,False,0.3096373863279896,0.30583328816431565,False,False,False,False,102692916,40380938.44211433,False,False,False,False,9365767.35862704,False,False,False,False
2024-09-20 00:00:00+00:00,3.11,3.19,3.09,3.14,16908448,,,,,,,,,,2.8612272647639676,2.8331269473499936,2.6365100573323805,2.4387189144812442,2.4332433206170845,2.4040352847898263,2.236341503478441,2.0581062344761034,2.035067800519768,1.983040187037395,1.9568405041920367,1.9559762336951991,1.9085597609788287,1.8707219107224575,1.842707307151499,1.8395039028692843,1.8380567360122955,1.8344522234965732,1.8335610771591044,1.8149146191453973,1.8138954469524338,1.7974494496301157,1.752962297799881,1.7330789009079137,1.693486314062016,1.6789434188970214,1.6661555046869467,1.6468148932788789,1.6230941195921234,,,,2.6365100573323805,2.0581062344761034,1.9085597609788287,1.752962297799881,1.6661555046869467,,2.1307355895134443,"rgba(0, 255, 0, 1.0)",0.32412498979406873,2.296310288235668,2.5104195522884734,70.72915649693572,12.530698372663146,True,False,True,False,True,19.73630256223012,0.0,0.0,0.0,0.0,0,1.0603237796059286,0.8343623159106109,False,False,False,False,0.3361070342028598,0.32097016118358773,False,False,False,False,119601364,43487621.79732554,False,False,False,False,9661558.756327942,False,False,False,False
2024-09-23 00:00:00+00:00,3.12,3.2,3.1,3.14,10455860,,,,,,,,,,2.879396665064559,2.8520394300959535,2.6526973719174562,2.4517312653021106,2.446217797093027,2.4166962064351485,2.2460170323359043,2.0664518226980686,2.043353795333494,1.9910041691730143,1.9646382921921521,1.9637715155623943,1.9162091142340012,1.8782814414271178,1.8501294291405401,1.846913335152117,1.8454612008467663,1.841843182550734,1.8409488318952878,1.8222044236965271,1.821179451553754,1.8045600748515136,1.7598299760411746,1.739885501981434,1.7000800628212511,1.6854405766590492,1.6725760311356028,1.65315382144105,1.6293519779203582,,,,2.6526973719174562,2.0664518226980686,1.9162091142340012,1.7598299760411746,1.6725760311356028,,2.1408003161073186,"rgba(0, 255, 0, 1.0)",0.33575312680920527,2.3076714477245437,2.419422151017135,71.27149757453395,13.511709415523875,True,False,True,False,True,19.9086256511657,0.0,0.0,0.0,0.0,0,1.063041899139144,0.824567639831229,False,False,False,False,0.3427946753629154,0.3318824182732516,False,False,False,False,130057224,46882508.15821473,False,False,False,False,9692707.824707238,False,False,False,False
2024-09-24 00:00:00+00:00,3.19,3.23,3.12,3.16,10418044,,,,,,,,,,2.8977276207923603,2.8710133035661816,2.669064647253185,2.464951093543088,2.459398587619111,2.4295594661799385,2.2558759014175904,2.0749452419242473,2.0517837994509476,1.9991035208884946,1.9725672754358867,1.9716978678929524,1.923982914032925,1.885960570887852,1.8576674482313176,1.8544382617450794,1.8529809818109217,1.8493490106834707,1.8484513460894667,1.8296065886681507,1.828575684852813,1.8117804433615474,1.7668018761102637,1.7467941893940335,1.7067713003455678,1.6920334687574696,1.6790908121119572,1.659585002743508,1.6356998073050757,,,,2.669064647253185,2.0749452419242473,1.923982914032925,1.7668018761102637,1.6790908121119572,,2.1510062724056582,"rgba(0, 255, 0, 1.0)",0.34939009923212977,2.3191967158052824,2.492352491122447,72.39986462133922,15.066227466500152,True,False,True,False,True,20.0,0.0,0.0,0.0,0.0,0,1.0688880684265587,0.8207648760076304,False,False,False,False,0.3428281888704795,0.33735530357186555,False,False,False,False,140475268,50552812.465735726,False,False,False,False,9721152.380601073,False,False,False,False
2024-09-25 00:00:00+00:00,3.14,3.25,3.12,3.2,10117628,,,,,,,,,,2.9129506256310442,2.886918477074835,2.6837232468074252,2.4771650524094073,2.471582366260239,2.4414824824800845,2.2651518084230475,2.0829971121668973,2.059780372367628,2.00679867523454,1.9801062564949858,1.9792344939622393,1.9313821687987935,1.8932750726797798,1.8648520075910193,1.8616108079014608,1.8601488244176172,1.8565040637378885,1.8556033643067726,1.8366657955696604,1.8356293929434115,1.818669690663762,1.773460073842564,1.7533941307650194,1.7131682090983926,1.698338152871979,1.685322262183242,1.665738349233487,1.6417754427922546,,,,2.6837232468074252,2.0829971121668973,1.9313821687987935,1.773460073842564,1.685322262183242,,2.1603966537157677,"rgba(0, 255, 0, 1.0)",0.35860274389346763,2.389255237339142,2.0935276582375693,71.62484508525856,15.066227466500152,True,False,True,False,True,19.606566157604405,0.0,0.0,0.0,0.0,0,1.063895174607058,0.8249189652009054,False,False,False,False,0.34282818944543475,0.34009174650865015,False,False,False,False,130357640,53682413.5455108,False,False,False,False,9736700.444106912,False,False,False,False
2024-09-26 00:00:00+00:00,3.11,3.21,3.1,3.18,12383652,,,,,,,,,,2.9274931488814944,2.9023896062506505,2.69950031954796,2.4909276481002656,2.4853213355614647,2.4549835157246607,2.2758841193505313,2.0924250361743795,2.0691533041129317,2.015841340959936,1.9889760988887342,1.9881018622033997,1.9401034007550284,1.9019074325854521,1.8733396377625278,1.8700851647158394,1.8686180264914691,1.8649591671213415,1.8640551290045908,1.8450133440810836,1.8439707391563533,1.8268222756390013,1.7813507655070775,1.7612200858163187,1.720762427396003,1.7058262339509616,1.6927261304205654,1.6730530995585713,1.6490019506213927,,,,2.69950031954796,2.0924250361743795,1.9401034007550284,1.7813507655070775,1.6927261304205654,,2.170953931913687,"rgba(0, 255, 255, 0.75)",0.3657757398897416,2.3996650122990077,1.9419959014097368,70.19886464106294,15.066227466500152,True,False,True,False,True,18.709711910982115,0.0,0.0,0.0,0.0,0,1.068586916574789,0.8277134631875537,False,False,False,False,0.32345934572414503,0.3317755461163976,False,False,False,False,117973988,56203651.75941233,False,False,False,False,9840502.46590664,False,False,False,False
2024-09-27 00:00:00+00:00,2.97,3.1,2.9301,3.05,11438935,,,,,,,,,,2.9315451711442804,2.9076085983577595,2.7088022412002113,2.500508170192901,2.4949117859375334,2.4645439457281433,2.2839980598372716,2.0998417530227145,2.0765549275769315,2.023042736084021,1.9960678475139462,1.9951924850342722,1.9471214710154572,1.9088862054358953,1.8802246787368004,1.8769619878595771,1.8754918024957332,1.8718243298893404,1.8709182758348295,1.8518064396787697,1.850759577790223,1.8334708540335247,1.78781638219532,1.7676450208267906,1.7270210640911328,1.7120059579582612,1.698843565669421,1.6791070709754363,1.654994659645123,,,,2.7088022412002113,2.0998417530227145,1.9471214710154572,1.78781638219532,1.698843565669421,,2.1782926456288196,"rgba(0, 255, 255, 0.75)",0.36943116731995335,2.404467957086717,1.5308184391044972,65.50932620980439,15.066227466500152,True,False,True,False,False,14.662177262743622,0.0,0.0,0.0,0.0,0,1.0521649202317769,0.834973309202622,False,False,False,False,0.23588778273829314,0.28383166442734536,False,False,False,False,106535053,58177432.2002197,False,False,False,False,9903186.094694616,False,False,False,False
2024-09-30 00:00:00+00:00,2.88,2.93,2.85,2.9,14230627,,,,,,,,,,2.9286291366680386,2.9063029111030607,2.71539700687828,2.509341718615408,2.503786932505121,2.4735584836197386,2.292283370433662,2.1077601455156763,2.0844898344277047,2.0308332213547367,2.0037720010322917,2.0028963935107167,1.9547974532721593,1.9165560511531965,1.8878181219495156,1.8845492724897785,1.883077018314115,1.8794032634067117,1.8784957748573055,1.8593232280086796,1.8582725565421487,1.8408439377620363,1.7950214704751768,1.774818778740132,1.7340363552221696,1.7189425157249192,1.7057183812160082,1.6859220574955192,1.661753953681848,,,,2.71539700687828,2.1077601455156763,1.9547974532721593,1.7950214704751768,1.7057183812160082,,2.185153566955795,"rgba(38, 166, 154, 1.0)",0.37086084420677484,2.407683226466664,1.2735687277624645,60.41156969426194,17.094182258205137,True,False,True,False,False,12.191762759131567,0.0,0.0,0.0,0.0,0,1.0390746824519705,0.8432925075318306,False,False,False,False,0.16057654175006916,0.22220410308870725,False,False,False,False,92304426,59515745.68256402,False,False,False,False,10072889.659608554,False,False,False,False
2024-10-01 00:00:00+00:00,2.96,3.0,2.88,2.94,9921369,,,,,,,,,,2.9294108325125015,2.9079843551173363,2.721224646790195,2.516206864459704,2.510673274577955,2.4804990420551096,2.29849588246425,2.113605132797977,2.0903375358857748,2.0365569778269346,2.00942452209521,2.008548462771619,1.9604150631439161,1.9221588895959152,1.8933586728576095,1.8900845935071346,1.8886104935289352,1.8849313311830236,1.8840225925305147,1.8648018481515907,1.8637481939848515,1.8462149802666536,1.8002621335914317,1.7800330101053297,1.7391292952316642,1.7239763118064573,1.7107056368272058,1.6908631806555634,1.66665139213853,,,,2.721224646790195,2.113605132797977,1.9604150631439161,1.8002621335914317,1.7107056368272058,,2.1905675506926605,"rgba(38, 166, 154, 1.0)",0.372745257551351,2.412127776796564,1.4698301644467169,58.563029717963396,15.359716298189028,False,False,True,False,False,13.723127147495866,0.0,0.0,0.0,0.0,0,1.0493732412381684,0.8261779001700451,False,False,False,False,0.1904267176351245,0.20631541036191586,False,False,False,False,102225795,61190649.577365436,False,False,False,False,10066947.672957238,False,False,False,False
2024-10-02 00:00:00+00:00,2.92,2.96,2.88,2.94,7583333,,,,,,,,,,2.9291090982365224,2.908355133067363,2.7249807715265693,2.520994411105158,2.5154808969197173,2.485372527288972,2.3029732992213026,2.1178768214506425,2.094616446160453,2.0407571011512253,2.0135778673746585,2.0127016339813992,1.9645511830141116,1.926290053242514,1.897448386204437,1.8941709271125853,1.8926956764529796,1.8890130532834217,1.8881035216686644,1.868850008137855,1.8677943038856206,1.8501866179984217,1.8041433198501284,1.7838969051735651,1.742907966279141,1.7277128052427322,1.7144090013836581,1.694534213539198,1.670292154912978,,,,2.7249807715265693,2.1178768214506425,1.9645511830141116,1.8041433198501284,1.7144090013836581,,2.1943959408300273,"rgba(38, 166, 154, 1.0)",0.37371753075389536,2.415148628766717,1.3508902571812802,56.43707191773076,13.301342865387873,False,False,True,False,False,12.633008945922676,0.0,0.0,0.0,0.0,0,1.0492250911436847,0.8297000885181464,False,False,False,False,0.1784492704156686,0.19238234038879223,False,False,False,False,94642462,62502485.35864522,False,False,False,False,9969551.019115778,False,False,False,False
2024-10-03 00:00:00+00:00,2.85,2.92,2.84,2.9,5371802,,,,,,,,,,2.9277964225831807,2.9075346695386823,2.7268962982267313,2.5239012036985353,2.5184061362225236,2.488370184681565,2.3058522631908276,2.1206885544122525,2.0974388844334757,2.043540432930813,2.01633608721714,2.015459915323941,1.9673073749543615,1.9290495990482273,1.9001850589441,1.896905861993361,1.8954300741159726,1.8917457151619501,1.8908357951517578,1.8715633469748059,1.8705064312698205,1.8528516134431623,1.8067539285209826,1.7864983970596442,1.7454569829735658,1.7302351217486067,1.7169104256126806,1.6970158608240424,1.67275571489657,,,,2.7268962982267313,2.1206885544122525,1.9673073749543615,1.8067539285209826,1.7169104256126806,,2.19676219394021,"rgba(38, 166, 154, 1.0)",0.3722259315847568,2.4167526854769186,1.163936410014545,53.5242992662437,10.487560663695007,False,True,False,False,False,10.751567143250739,0.0,0.0,0.0,0.0,0,1.045198853729171,0.8460873652449473,False,False,False,False,0.15464204316234123,0.17351219177556673,False,False,False,False,89270660,63552217.69752189,False,False,False,False,9789247.136013199,False,False,False,False
2024-10-04 00:00:00+00:00,2.8,2.86,2.79,2.81,8978876,,,,,,,,,,2.9238189561016346,2.9043978345408417,2.7288354574006317,2.5279209549913215,2.522463750025264,2.492591899461121,2.3101508696960287,2.1250104805679926,2.1017884104458995,2.0478536954994477,2.020621382446648,2.0197456356942682,1.9716070425539085,1.9333668687806609,1.90447546172307,1.9011945095283251,1.8997183104058701,1.896032303992143,1.89512203840153,1.875825442689095,1.874766924429814,1.8570432015637748,1.8108716259568627,1.7906063578519944,1.7494911245946818,1.7342302309386648,1.7208751510090496,1.7009530363670444,1.6766685698204686,,,,2.7288354574006317,2.1250104805679926,1.9716070425539085,1.8108716259568627,1.7208751510090496,,2.2001270652472855,"rgba(38, 166, 154, 1.0)",0.37035896879346886,2.4185739128602366,1.0298821394344737,50.57641364429702,7.660651617116201,False,True,False,False,False,9.430369938583738,0.0,0.0,0.0,0.0,0,1.0499748678659016,0.8331987875649249,False,False,False,False,0.12218331401189643,0.1478477528937316,False,False,False,False,80291784,64208671.278011225,False,False,False,False,9757467.875777386,False,False,False,False
2024-10-07 00:00:00+00:00,2.76,2.8,2.72,2.8,6938198,,,,,,,,,,2.9194101909467314,2.9006460915894654,2.7293471116326415,2.5303573994351494,2.5249348363138013,2.4952229411482243,2.313057175051464,2.12804293337348,2.1048499576962385,2.050910595261873,2.0236679426210866,2.0227927835261412,1.9746790012058046,1.9364620911078259,1.9075590991369553,1.9042777188645161,1.9028015948892818,1.8991153279636162,1.8982050405064652,1.8788958491591938,1.8778364341510008,1.8600674646224125,1.8138525719687568,1.7935842354467901,1.7524232295517213,1.737136719314212,1.7237618464853188,1.7038229157058242,1.6795244579024355,,,,2.7293471116326415,2.12804293337348,1.9746790012058046,1.8138525719687568,1.7237618464853188,,2.202261784071498,"rgba(38, 166, 154, 0.5)",0.36836439068444193,2.4193350434290752,0.9248042568337014,47.825602335516805,5.026301706605949,False,True,False,True,False,8.381648922866578,0.0,0.0,0.0,0.0,0,1.043882229296453,0.8392914261343734,False,False,False,False,0.08414536674344461,0.1159965598185881,False,False,False,False,73353586,64567295.38475589,False,False,False,False,9646908.272805724,False,False,False,False
2024-10-08 00:00:00+00:00,2.71,2.74,2.685,2.71,5714810,,,,,,,,,,2.914904996549192,2.8966865411163374,2.7291112102259807,2.531911776589962,2.526521284911339,2.4969629356190124,2.315167124999713,2.130329640706169,2.10716589823829,2.053238554891467,2.025995037873811,2.0251205391059743,1.977036743588358,1.938845579887664,1.9099392947670895,1.9066581945926713,1.9051824004249138,1.9014966092116785,1.9005864709123255,1.8812710373216919,1.8802111164990956,1.86241032548358,1.8161691591123013,1.7959013418468628,1.754710337197251,1.7394058347575962,1.726017180384539,1.7060674613748181,1.6817607704051736,,,,2.7291112102259807,2.130329640706169,1.977036743588358,1.8161691591123013,1.726017180384539,,2.2037065935766815,"rgba(38, 166, 154, 0.5)",0.3644758299676763,2.41953169282347,0.7969480642990523,45.037748704870765,2.3516257558931812,False,True,False,True,False,7.081212928523943,0.0,0.0,0.0,0.0,0,1.0362664310846423,0.8438609050614597,False,False,False,False,0.05650740214380841,0.08625198098119825,False,False,False,False,67638776,64687745.60496154,False,False,False,False,9492708.340538833,False,False,False,False
2024-10-09 00:00:00+00:00,2.74,2.76,2.6712,2.72,6589689,,,,,,,,,2.723733333333333,2.9102411295874826,2.8926065863133394,2.7290297246892594,2.5337894704688035,2.5284345289029146,2.4990457238448007,2.3176457302857956,2.132998546893002,2.109867407895483,2.055951443996573,2.0287058015554105,2.0278320317326686,1.9797811238778407,1.941618455921408,1.9127074874818248,1.9094266153559756,1.9079511595508285,1.9042658119344795,1.9033558199388079,1.8840326334169097,1.8829720992161292,1.8651340607263673,1.8188613910217974,1.7985937116063746,1.7573671601292147,1.742041557217846,1.7286367148462851,1.7086741534084329,1.684357511707806,,,,2.7290297246892594,2.132998546893002,1.9797811238778407,1.8188613910217974,1.7286367148462851,,2.247449396678001,"rgba(38, 166, 154, 0.5)",0.36092259158594237,2.4547753911644845,0.7902653241577382,44.04128849338432,1.3136362550114242,False,True,False,True,False,7.723614108576189,0.0,0.0,0.0,0.0,0,1.0348792990675533,0.841027669186657,False,False,False,False,0.058308060630478976,0.07228002080583862,False,False,False,False,74228465,65061891.4635905,False,False,False,False,9378864.444831429,False,False,False,False
2024-10-10 00:00:00+00:00,2.81,2.83,2.74,2.79,10799597,,,,,,,,,2.7669583370051347,2.905746614025484,2.8889114715746236,2.7305878233651146,2.537887441953731,2.5325803337793182,2.5034097260637327,2.322328608059183,2.137830252135405,2.11474020167297,2.060808816799743,2.033543460308824,2.032670486975506,1.9846521459190924,1.946521350184917,1.917589529595281,1.9143076769001526,1.9128321956503092,1.9091460921011114,1.9082359797067778,1.8888914775777386,1.8878294571481742,1.8699196758315095,1.8235759475826412,1.8033019339153893,1.762001305608884,1.746634851649231,1.7331983537961175,1.7132083584270896,1.6888684506117873,,,,2.7305878233651146,2.137830252135405,1.9846521459190924,1.8235759475826412,1.7331983537961175,,2.2530644271888205,"rgba(38, 166, 154, 0.5)",0.35737849317968645,2.459033981272948,0.9820569100407217,45.28587582198763,1.3136362550114242,False,True,False,True,False,9.20530628501957,0.0,0.0,0.0,0.0,0,1.0391072019671825,0.8715184186882303,False,False,False,False,0.09874066642815515,0.08551034361699689,False,False,False,False,85028062,65844878.5434497,False,False,False,False,9434579.446994903,False,False,False,False
2024-10-11 00:00:00+00:00,2.82,2.895,2.81,2.84,9525841,,,,,,,,,2.793399217991182,2.9036448964268997,2.887409658033057,2.732912179004256,2.5420600287346424,2.5367890551189074,2.50777701299309,2.3267993754074814,2.142343714410166,2.1192830145924115,2.065319689952902,2.038028246759971,2.0371557561499936,1.9891544111460897,1.951043532263391,1.9220862469237658,1.9188027967069576,1.9173269775749455,1.913639403556691,1.912728989479652,1.8933610865423713,1.8922974992119845,1.874318888526006,1.827902125603367,1.8076189523350832,1.7662445576414025,1.7508387580408593,1.7373716185446302,1.717353990379529,1.6929897913717964,,,,2.732912179004256,2.142343714410166,1.9891544111460897,1.827902125603367,1.7373716185446302,,2.2578852101613225,"rgba(38, 166, 154, 1.0)",0.35374572228654844,2.4630549149525853,1.009044244380359,46.381793745450906,1.3136362550114242,False,True,False,True,False,9.415863449897657,0.0,0.0,0.0,0.0,0,1.0300282562538914,0.8634919621334272,False,False,False,False,0.13837645916076424,0.11194340138888056,False,False,False,False,94553903,66970722.639785014,False,False,False,False,9438158.331426475,False,False,False,False
2024-10-14 00:00:00+00:00,2.85,2.86,2.785,2.81,5205834,,,,,,,,,2.79960121130664,2.902377463650554,2.886457827903055,2.734028725543499,2.544217748176336,2.5389671627851857,2.5100463317172252,2.329163431460988,2.1447510048456304,2.1217076955987384,2.0677314392391946,2.040427956441792,2.0395557769847628,1.9915663208559702,1.9534680993891018,1.924498717625237,1.921214575488617,1.9197386473923777,1.9160504665414941,1.9151399350859115,1.8957604630556926,1.8946960887420945,1.8766815708730074,1.8302276954270653,1.8099403819783404,1.7685279816783155,1.7531016281490495,1.739618506586641,1.7195866794028765,1.6952101597591007,,,,2.734028725543499,2.1447510048456304,1.9915663208559702,1.8302276954270653,1.739618506586641,,2.2600355269016155,"rgba(38, 166, 154, 1.0)",0.35089573924431683,2.464753119581623,1.0978955778945578,47.9358583596599,1.3136362550114242,False,True,False,True,True,10.052130224032215,0.0,0.0,0.0,0.0,0,1.0395986382368754,0.8590835790262419,False,False,False,False,0.12071449185163763,0.1163289466202591,False,False,False,False,99759737,68256566.3401856,False,False,False,False,9272184.82823328,False,False,False,False
2024-10-15 00:00:00+00:00,2.85,2.86,2.78,2.83,5909598,,,,,,,,,2.804324902611433,2.9009590618907266,2.8853842754237133,2.7352448843226718,2.5466145473083883,2.5413871928747747,2.5125710479953596,2.331811576633596,2.1474568533948055,2.1244338223432657,2.0704449627078763,2.0431288487414947,2.042257042653668,1.9942822103142759,1.9561991152698857,1.927216858796047,1.923932014841213,1.9224559974611848,1.9187672181670117,1.917856575200861,1.898464552876274,1.897399318652755,1.8793449083780285,1.8328502560691695,1.812558639411628,1.771104218038917,1.7556550023430155,1.7421541139026981,1.7221065994706701,1.6977165420915916,,,,2.7352448843226718,2.1474568533948055,1.9942822103142759,1.8328502560691695,1.7421541139026981,,2.2623364504476124,"rgba(38, 166, 154, 1.0)",0.34677702678565964,2.466549590446442,1.105754937424289,48.97190143579924,1.3136362550114242,False,True,False,False,True,10.052130224032236,0.0,0.0,0.0,0.0,0,1.0800958268415677,0.8265902732405223,False,False,False,False,0.10839485052326543,0.11236189857176226,False,False,False,False,99759737,69491984.79743323,False,False,False,False,9140318.678106485,False,False,False,False
2024-10-16 00:00:00+00:00,2.93,2.97,2.88,2.91,9697404,,,,,,,,,2.829182395735878,2.90176001804967,2.886633433303318,2.7391443009601235,2.551773967718406,2.5465735960534266,2.5178644668564845,2.3369284256031686,2.1524733674735317,2.129468795971412,2.075417520204535,2.0480606687417984,2.047188990093726,1.9992120589752163,1.9611356283076264,1.932115859065592,1.9288281827914224,1.927351300733271,1.923659699976358,1.9227484274740205,1.903325054079327,1.9022578063766769,1.8841243751603987,1.8375384008650721,1.8172315368967993,1.7756881895289223,1.760193499288276,1.7466569553587559,1.7265756353586297,1.7021545952758514,,,,2.7391443009601235,2.1524733674735317,1.9992120589752163,1.8375384008650721,1.7466569553587559,,2.2678760552044492,"rgba(38, 166, 154, 1.0)",0.3432970504750377,2.471822383763042,1.3346389536494827,51.85253270568306,-4.551255080979587,False,True,False,False,True,11.755770606497268,0.0,0.0,0.0,0.0,0,1.0714798550700442,0.8121420580721646,False,False,False,False,0.17356540607847357,0.14296365232511793,False,False,False,False,109457141,71059245.82498486,False,False,False,False,9162165.161317995,False,False,False,False
2024-10-17 00:00:00+00:00,2.88,2.95,2.87,2.95,7873329,,,,,,,,,2.8392104054692355,2.901716595237643,2.886953938314771,2.7417614205645107,2.5555702744480784,2.5503945474260097,2.521789757522224,2.3408335549998336,2.1563603542924916,2.1333752481243833,2.0792873123522697,2.0519041954174546,2.051032772688103,2.0030624397830135,1.9649971202107657,1.935952470625807,1.932663055638524,1.931185707819398,1.9274924272255773,1.9265807913521416,1.907135671782392,1.9060669990042716,1.8878744214837402,1.8412227780293438,1.820906229760763,1.7792976449510223,1.763768864603878,1.750205661717559,1.730099645614672,1.7056563880805857,,,,2.7417614205645107,2.1563603542924916,2.0030624397830135,1.8412227780293438,1.750205661717559,,2.271606219475612,"rgba(38, 166, 154, 1.0)",0.3390341341873114,2.4752046751891688,1.1939662824250836,52.15077734965129,-4.02556063054778,False,True,False,False,True,10.328323032672571,0.0,0.0,0.0,0.0,0,1.0740772053228729,0.8190595356859034,False,False,False,False,0.16417822940400242,0.1535709408645602,False,False,False,False,101583812,72256287.63576978,False,False,False,False,9111622.566756506,False,False,False,False
2024-10-18 00:00:00+00:00,3.03,3.07,2.94,2.95,10980193,,,,,,,,,2.867925645954978,2.905429297194338,2.891043318850401,2.747786731191483,2.562425774684306,2.5572707480262897,2.5287318550035134,2.3472757692548645,2.1625300977332453,2.1395532211586734,2.0853608288955385,2.057915464444464,2.0570437765182907,2.009049164809117,1.9709760088799222,1.9418755980538809,1.938581596191692,1.9371026747514721,1.9334046846484096,1.93249196737668,1.9130026790472643,1.9119312434755154,1.8936387304610462,1.8468640329758486,1.8265234078361914,1.784798043012574,1.769211431840339,1.755602641572603,1.7354517459804963,1.7109661456789895,,,,2.747786731191483,2.1625300977332453,2.009049164809117,1.8468640329758486,1.755602641572603,,2.278688711181078,"rgba(0, 255, 255, 0.75)",0.33956665547946435,2.4824349055856123,1.6125408239546715,55.78303985439301,-0.3664704694848524,False,False,True,False,True,13.429521106756827,0.0,0.0,0.0,0.0,0,1.0729668060158895,0.7842973967788681,False,False,False,False,0.21805151621575722,0.1858112285401587,False,False,False,False,112564005,73836982.43436705,False,False,False,False,9184899.838648409,False,False,False,False
2024-10-21 00:00:00+00:00,2.97,3.1,2.955,3.09,10295736,,,,,,,,,2.8867296617975655,2.908541745295383,2.8944972109929323,2.753096616778818,2.56860073952766,2.5634666181685057,2.535000059298909,2.353160764938813,2.168201556931027,2.1452350961716076,2.090954130761714,2.0634549853537423,2.062583143362955,2.014570974533088,1.976493979583238,1.9473450001348107,1.9440470635427196,1.942566818631557,1.9388648094322607,1.9379511737666781,1.918422963750225,1.917349079765987,1.8989664362528604,1.8520820656767094,1.8317205826817107,1.7898904020679747,1.7742515012603495,1.7606015159336614,1.7404103428012625,1.7158869284679736,,,,2.753096616778818,2.168201556931027,2.014570974533088,1.8520820656767094,1.7606015159336614,,2.284768107450199,"rgba(38, 166, 154, 1.0)",0.3391656429140915,2.534430078610268,1.2842395168547753,56.365273083873014,0.3566933723137069,False,False,True,False,True,11.731948333605448,0.0,0.0,0.0,0.0,0,1.063019196920597,0.7886035761872648,False,False,False,False,0.2158324390396933,0.200821833789926,False,False,False,False,102268269,74951934.84870559,False,False,False,False,9228462.041054353,False,False,False,False
2024-10-22 00:00:00+00:00,3.01,3.055,2.975,3.01,6913039,,,,,,,,,2.89717498227837,2.9106275621203332,2.8968013281609917,2.7566096103960924,2.572697878572244,2.5675778672411633,2.5391611797215226,2.357083488396074,2.1719895620968828,2.149030511831679,2.094692111279596,2.0671578761201657,2.0662859472999187,2.0182629418100957,1.980183974197121,1.9510031990180996,1.9477026967247326,1.946221593581881,1.9425169672785396,1.941602734380279,1.922048952104979,1.9209734568173,1.9025312155239174,1.8555745042149607,1.8351993548372858,1.7932998641997853,1.7776263134408732,1.7639490280596757,1.7437311988179072,1.7191827804294788,,,,2.7566096103960924,2.1719895620968828,2.0182629418100957,1.8555745042149607,1.7639490280596757,,2.2887192006252897,"rgba(38, 166, 154, 1.0)",0.3398793108530462,2.5383123516419968,1.3878092407982636,57.60721559958711,1.7599141511494878,False,False,True,False,True,12.547522507340933,0.0,0.0,0.0,0.0,0,1.0586609595389362,0.8272526583643689,False,False,False,False,0.19818320690741634,0.19950252034867116,False,False,False,False,109181308,76294263.20757988,False,False,False,False,9137661.137483595,False,False,False,False
2024-10-23 00:00:00+00:00,2.92,2.97,2.884,2.95,10023663,,,,,,,,,2.900112364820305,2.911021375089932,2.8975632963434013,2.7598359085248165,2.577337477885879,2.5722477564881663,2.5439631998231262,2.3619318107166207,2.1768495921900946,2.1539166021518987,2.0995405877814055,2.0719775878458067,2.071106048045134,2.0230952349124642,1.985032731011075,1.9558240703036474,1.9525216986861593,1.9510401362372691,1.9473337363344574,1.9464191272084306,1.926840328065512,1.9257631758508262,1.9072503309245772,1.8602162936893085,1.8398303304072952,1.7978530115626075,1.7821383648129638,1.768428931362884,1.7481815246851546,1.723606630868645,,,,2.7598359085248165,2.1768495921900946,2.0230952349124642,1.8602162936893085,1.768428931362884,,2.2929335171200043,"rgba(38, 166, 154, 1.0)",0.33979760801749337,2.5402877869670446,1.1174658210466482,55.83364387226359,1.7599141511494878,False,False,True,False,True,10.030932946682928,0.0,0.0,0.0,0.0,0,1.021433028110825,0.8397834775130272,False,False,False,False,0.12674617717360515,0.16312434876113815,False,False,False,False,99157645,77190866.41512576,False,False,False,False,9172406.30856267,False,False,False,False
2024-10-24 00:00:00+00:00,2.92,2.99,2.84,2.96,8845187,,,,,,,,,2.9015386960585703,2.9111577386301737,2.898013395378655,2.7624484546676276,2.581239192643734,2.5761770528255363,2.5480153890275226,2.366081988035489,2.1810410745667363,2.158133166899864,2.1037311968806023,2.076146389565496,2.0752752678435846,2.0272793448118587,1.9892341816413153,1.960003876112059,1.9567001486258881,1.9552183031314967,1.9515106569108218,1.9505957926530493,1.9309969149887976,1.9299184145772066,1.9113461170284334,1.8642484671360389,1.8438543731868926,1.8018122076575789,1.7860628829035279,1.7723263567899528,1.752054347143354,1.7274576686109067,,,,2.7624484546676276,2.1810410745667363,2.0272793448118587,1.8642484671360389,1.7723263567899528,,2.2964770653455036,"rgba(38, 166, 154, 1.0)",0.3409524550088651,2.542450253325046,1.107338401963222,54.651262720714584,1.7599141511494878,False,True,True,False,False,10.030932946682928,0.0,0.0,0.0,0.0,0,1.0113782560024063,0.8362433376217611,False,False,False,False,0.11711935743282705,0.1401218530969826,False,False,False,False,99157645,78052308.7125718,False,False,False,False,9159574.178815115,False,False,False,False
2024-10-25 00:00:00+00:00,2.88,2.9567,2.855,2.89,8650403,,,,,,,,,2.901204105405618,2.910836389085073,2.897995825735949,2.7646091071082814,2.584753066892756,2.5797196321799167,2.5516895542574782,2.3699399932060308,2.1849874876352957,2.162107529701334,2.1076911744570666,2.080090433040845,2.079219839348782,2.0312450020053587,1.9932212851011328,1.9639742863983254,1.9606696822456346,1.9591877487764382,1.9554793729583153,1.9545643774639716,1.9349488578984289,1.9338692088214664,1.915242875861983,1.8680899183822726,1.847690054887418,1.8055901843071205,1.7898092840129727,1.7760481536828427,1.755754346396641,1.7311387766701578,,,,2.7646091071082814,2.1849874876352957,2.0312450020053587,1.8680899183822726,1.7760481536828427,,2.2996592946501804,"rgba(38, 166, 154, 0.5)",0.3416569060350413,2.5443157157302445,0.9825186564070995,52.725144797108406,1.7599141511494878,False,True,False,False,False,8.914656701539581,0.0,0.0,0.0,0.0,0,1.0122000066757906,0.8453219399846461,False,False,False,False,0.1097934940970358,0.12495767359700921,False,False,False,False,90507242,78540737.46894152,False,False,False,False,9139606.68160668,False,False,False,False
2024-10-28 00:00:00+00:00,2.86,2.9,2.84,2.89,5975833,,,,,,,,,2.8994443803147125,2.910143252884768,2.8975158279271445,2.7657269173233794,2.58690219281007,2.58189035508893,2.553962338114283,2.3724199858498625,2.18757251426066,2.1647150847040715,2.110298767578112,2.0826918906203606,2.081821772417808,2.033867536807689,1.9958628088425625,1.9666083255741067,1.9633035249789939,1.9618217035403789,1.9581132699885317,1.9571982918605213,1.9375739733962918,1.9364936833341049,1.9178336419107134,1.8706486848901818,1.850246833726286,1.8081122329830288,1.7923116079738157,1.7785351752400937,1.7582283589813852,1.7336019377648177,,,,2.7657269173233794,2.18757251426066,2.033867536807689,1.8706486848901818,1.7785351752400937,,2.3015940370743477,"rgba(38, 166, 154, 0.5)",0.3417654218957781,2.545218887630949,0.9210443544082232,50.87637548354855,6.2858968032465725,False,True,False,False,False,8.356344232994367,0.0,0.0,0.0,0.0,0,0.9988208756280123,0.8812160360914593,False,False,False,False,0.0811958808318447,0.10307677721442696,False,False,False,False,84531409,78775665.76427716,False,False,False,False,9015537.125465242,False,False,False,False
2024-10-29 00:00:00+00:00,2.91,2.93,2.86,2.91,7690192,,,,,,,,,2.8994785695818863,2.909942469890561,2.897563860017472,2.767593176653517,2.589943951607625,2.584957333746613,2.5571460011035785,2.3757880361601322,2.1910323076685763,2.1682004387608713,2.1137749111319977,2.0861557158942636,2.085286098318324,2.0373524155238694,1.9993679450288442,1.9701001897551214,1.9667947592115596,1.9653129196903494,1.9616039980488968,1.9606889416279936,1.9410509221987609,1.9399696746922102,1.9212633627045743,1.8740318393188236,1.8536255738927772,1.8114418718388006,1.7956141238890886,1.781816569902075,1.7614912099662823,1.7368488451256003,,,,2.767593176653517,2.1910323076685763,2.0373524155238694,1.8740318393188236,1.781816569902075,,2.3044042019711024,"rgba(38, 166, 154, 1.0)",0.34206642840453816,2.547172539455029,1.0606929836326426,51.17615274140908,6.2858968032465725,False,True,False,False,False,9.468595511504873,0.0,0.0,0.0,0.0,0,0.9779947284455852,0.8916036623430674,False,False,False,False,0.1011216637817275,0.10209922049807724,False,False,False,False,92221601,79302957.34214863,False,False,False,False,8963562.806819547,False,False,False,False
2024-10-30 00:00:00+00:00,2.85,3.0,2.7,3.0,22550655,,,,,,,,,2.8919153421315946,2.906653940173466,2.895011759476569,2.7708203235387012,2.597147298388441,2.5922445841692396,2.564839347677388,2.3845022812390773,2.2002847111828365,2.177547494653664,2.123156955962279,2.0955320471857983,2.094664582482668,2.046828601250921,2.0089294219520677,1.9796481424526065,1.9763434279593288,1.974862616206499,1.9711550580694954,1.9702404483181222,1.9505792310630325,1.9494961375743796,1.9306771363469497,1.8833482838519289,1.8629416367891443,1.820646487500613,1.8047524875165262,1.7909037724843597,1.7705370252801507,1.7458618272740287,,,,2.7708203235387012,2.2002847111828365,2.046828601250921,1.8833482838519289,1.7909037724843597,,2.3111164192235387,"rgba(38, 166, 154, 0.5)",0.34218692536665896,2.550584504845971,0.8750056561430581,49.597697974201694,4.70379463304198,False,True,False,False,False,7.77695255325807,0.0,0.0,0.0,0.0,1,0.9410730433035269,0.8844402022840688,False,False,False,False,0.06530219985169639,0.08370071017488681,False,False,False,False,69670946,78925231.40716241,False,False,False,False,9496389.951650152,False,False,False,False
2024-10-31 00:00:00+00:00,2.75,2.825,2.695,2.8,12141681,,,,,,,,,2.8816305789414263,2.9023506695344654,2.8911272573836624,2.7705280550790907,2.5994913723130995,2.594643117191248,2.5675147830616596,2.3881484426502295,2.2044592865526904,2.181790873447637,2.12747403674252,2.0998729171809423,2.099007227991416,2.051257462705824,2.013427546278251,1.9841614829053766,1.9808594356298586,1.979380142419263,1.9756758090632882,1.9747620430106607,1.9551033474166812,1.954020108656568,1.9351604763028516,1.8878138898651495,1.8674182810368467,1.8250919016091491,1.8091739342828226,1.795307189766914,1.774929715441256,1.750249277064687,,,,2.7705280550790907,2.2044592865526904,2.051257462705824,1.8878138898651495,1.795307189766914,,2.313378127004131,"rgba(38, 166, 154, 0.5)",0.34046348906657076,2.5503499924663946,0.5864065133121158,46.08573850024027,1.250575058995409,False,True,False,True,False,5.050486578786437,0.0,0.0,0.0,0.0,1,0.9317684866154257,0.9146733368672146,False,False,False,False,-0.005928251970429368,0.03888622910222872,False,False,False,False,57529265,78086173.90099917,False,False,False,False,9600126.855507009,False,False,False,False
2024-11-01 00:00:00+00:00,2.77,2.87,2.75,2.76,10224848,,,,,,,,,2.8765170986329833,2.8998574349755164,2.888945277752437,2.7709748276701416,2.601901539249135,2.5970947924013,2.5701749831989344,2.391491332915544,2.2081776826429715,2.1855617099936038,2.1312924323385305,2.103704466918396,2.102840097126739,2.055153559020717,2.017375393130808,1.988116530543632,1.984816145860956,1.9833378796040917,1.979635621179736,1.9787224096746021,1.959062193745354,1.9579786302069444,1.939080448294594,1.8917107361483205,1.8713215675708432,1.8289622297388792,1.813021474079559,1.7991374035468453,1.7787481698225382,1.7540603148581317,,,,2.7709748276701416,2.2081776826429715,2.055153559020717,1.8917107361483205,1.7991374035468453,,2.315784560741539,"rgba(38, 166, 154, 0.5)",0.3381695294236696,2.551203294110718,0.6470030172800293,44.430497109324875,-0.3694056343682419,False,True,False,True,False,5.517543415010213,0.0,0.0,0.0,0.0,1,0.9542071839650726,0.9007574254150958,False,False,False,False,0.033605415582194965,0.03624582234221184,False,False,False,False,67754113,77680995.04213646,False,False,False,False,9624625.7239185,False,False,False,False
2024-11-04 00:00:00+00:00,2.76,2.86,2.74,2.82,6923238,,,,,,,,,2.8729990003521175,2.8980777840902117,2.887370217328009,2.7711543559634815,2.603418196289922,2.598639809275342,2.5718634173495247,2.393668808379129,2.2106266718617795,2.1880474366900025,2.133814733076228,2.1062378758876026,2.105374445706464,2.0577332944502293,2.019991945736534,1.9907398496177928,1.9874407791876576,1.9859632868278392,1.9822626382637176,1.9813498516924848,1.9616898948748376,1.960606185171379,1.941683752321167,1.8943014221857906,1.8739175541230044,1.8315384656478326,1.815583350087144,1.801688412867194,1.781292237981311,1.75660044433624,,,,2.7711543559634815,2.2106266718617795,2.0577332944502293,1.8943014221857906,1.801688412867194,,2.3173387199013034,"rgba(38, 166, 154, 0.5)",0.33487058142855997,2.5517141009188644,0.6219892419112675,43.07702696886244,-1.7300471469452958,False,True,False,True,False,5.244178672536705,0.0,0.0,0.0,0.0,1,0.9480219131347596,0.9048517254953421,False,False,False,False,0.02569423305376928,0.03097002769799056,False,False,False,False,60830875,77020206.02087621,False,False,False,False,9518688.9504315,False,False,False,False
2024-11-05 00:00:00+00:00,2.74,2.84,2.73,2.79,7055041,,,,,,,,,2.8690469787364674,2.896058093591399,2.885556798258856,2.7711410527953935,2.6048000673637195,2.6000512659032844,2.573425701136585,2.395770128273852,2.2130294534201265,2.1904894873358844,2.1363000481738745,2.1087374891412227,2.107875082343666,2.060283810426775,2.0225824971076225,1.9933398310249253,1.9900423552206277,1.9885657588154257,1.9848670290557116,1.9839547428084727,1.9642967598020216,1.963212998383112,1.944268215125416,1.8968770246442888,1.876499829166707,1.8341039656381053,1.8181355973609308,1.8042307067050398,1.7838288025494737,1.7591344334569574,,,,2.7711410527953935,2.2130294534201265,2.060283810426775,1.8968770246442888,1.8042307067050398,,2.3187958835466946,"rgba(38, 166, 154, 0.5)",0.330752513558432,2.5520684991390548,0.568193719343405,41.65562350996831,-3.1822283783498477,False,True,False,True,False,4.692011361549227,0.0,0.0,0.0,0.0,1,0.9447783804916192,0.9103911124142764,False,False,False,False,0.013833176441611425,0.02240160206980099,False,False,False,False,53775834,76108662.02005754,False,False,False,False,9422075.30531654,False,False,False,False
2024-11-06 00:00:00+00:00,2.69,2.72,2.54,2.6,14283535,,,,,,,,,2.8532574578373517,2.888445437755529,2.8784119142246394,2.7683790361685405,2.6055466546273585,2.600870552114217,2.574628896889915,2.398611988285758,2.2167968410856114,2.1943605001496507,2.140331134663268,2.112832978999378,2.1119734734835096,2.0645283194250905,2.0269395479601977,1.9977457938049148,1.9944545863522851,1.9929810941434034,1.989289571706043,1.9883791038527463,1.9687449812209643,1.967662236010416,1.9486983315459578,1.9013351042360205,1.8809865045719862,1.8385948252134798,1.822615086629862,1.8087026501053407,1.7883045742596242,1.7636216737412944,,,,2.7683790361685405,2.2167968410856114,2.0645283194250905,1.9013351042360205,1.8087026501053407,,2.3199382441764707,#000000,0.32649423652873566,2.5499625796006113,0.42891238108291546,39.467214900325544,-5.353036060090233,False,True,False,True,False,3.317246264178099,0.0,0.0,0.0,0.0,0,0.9251804996485848,0.9217142674589485,False,False,False,False,-0.10911363677080671,-0.04335601735050286,False,False,False,False,39492299,74672726.2153494,False,False,False,False,9612720.78353942,False,False,False,False
2024-11-07 00:00:00+00:00,2.83,2.85,2.7206,2.74,13073953,,,,,,,,,2.8499734751068546,2.886015280467966,2.876299152228276,2.769029539286344,2.608445726990246,2.6038189223249693,2.5778271021492016,2.4026792963823462,2.2213647176323077,2.198996271833769,2.145036931954022,2.1175607926619384,2.1167030454119686,2.0693432263942837,2.031823610611694,2.0026439494373256,1.9993553267529005,1.9978833282953223,1.994194950305909,1.9932853084885165,1.9736528062048608,1.9725698573924337,1.9535628961474456,1.9061790673197752,1.885841090071755,1.8434151926032998,1.8274098407934496,1.813478057054038,1.7930680262093581,1.768378779692336,,,,2.769029539286344,2.2213647176323077,2.0693432263942837,1.9061790673197752,1.813478057054038,,2.323113997735808,"rgba(38, 166, 154, 0.5)",0.32155590213552865,2.551677886505052,0.8655481415410056,42.942135719931215,-5.353036060090233,False,True,False,True,True,6.684419259460903,0.0,0.0,0.0,0.0,1,0.9736808503846524,0.8899511603409201,False,False,False,False,0.014070348322740523,-0.014642834513881167,False,False,False,False,52566252,73805805.65788473,False,False,False,False,9748455.380263364,False,False,False,False
2024-11-08 00:00:00+00:00,2.74,2.845,2.71,2.8,9543490,,,,,,,,,2.846300257547177,2.8836305517844125,2.874146918449878,2.768970293298303,2.6101294334351213,2.605540635814934,2.5797444215532757,2.405338311544337,2.224454148091453,2.2021401451014913,2.148247536190093,2.120795208938016,2.1199389191718954,2.07265095040481,2.0351884663792945,2.00602568546498,2.0027396162668807,2.0012689891707747,1.9975836337972825,1.9966747709636554,1.9770478895058556,1.9759650440452916,1.9569327130234107,1.9095442161401543,1.8892173231185836,1.8467751416951215,1.8307546634503455,1.8168116590199772,1.7963964033971944,1.7717062844980218,,,,2.768970293298303,2.224454148091453,2.07265095040481,1.9095442161401543,1.8168116590199772,,2.325075444668403,"rgba(38, 166, 154, 0.5)",0.3139152924131067,2.552408170852635,0.5975874182660013,42.949403087984095,-5.353036060090233,False,True,False,True,True,4.242685366453568,0.0,0.0,0.0,0.0,1,0.9698356398644585,0.8876555720936127,False,False,False,False,0.007904315760916535,-0.003369259376482316,False,False,False,False,43022762,72598627.47522259,False,False,False,False,9740417.52221382,False,False,False,False
2024-11-11 00:00:00+00:00,2.53,2.68,2.48,2.62,16451803,,,,,,,,,2.82667610328476,2.8731073000763443,2.864120112549299,2.763887054018886,2.609277630102834,2.6047774746700236,2.5794596523450255,2.4073121764886998,2.2277418167417533,2.2055658729247924,2.1519204029211467,2.124573798867693,2.1237215433809653,2.076640241313866,2.039334137825049,2.010255046303176,2.006978954144287,2.0055130598267636,2.001839011389115,2.0009329697559757,1.9813521504111626,1.9802715349417266,1.961243129925849,1.9139307545901612,1.893650757771242,1.8512505652626152,1.835232393681161,1.8212932126783454,1.8008973754390498,1.7762365429621225,,,,2.763887054018886,2.2277418167417533,2.076640241313866,1.9139307545901612,1.8212932126783454,,2.325181717946523,#000000,0.30487143945373113,2.5486486026996737,-0.06116874290713661,39.19118789409033,-5.369559049620662,False,True,False,True,False,0.0,0.0,0.0,0.0,0.0,0,0.9339460521066683,0.9046398870715316,False,False,False,False,-0.14930320588143156,-0.07633623262895693,False,False,False,False,26570959,70793620.86835112,False,False,False,False,10003609.109577985,False,False,False,False
2024-11-12 00:00:00+00:00,2.54,2.55,2.47,2.48,9561883,,,,,,,,,2.8147937234127163,2.8664909479674425,2.8577867385437536,2.760432731421609,2.6083430170858217,2.6038958192166715,2.578865975760837,2.4081245184245943,2.22938051052664,2.207289667303382,2.1538036669568066,2.1265264494757665,2.1256767169876145,2.078725376034518,2.0415170597356784,2.0124935161916246,2.0092239227839848,2.007761074143586,2.0040943615009934,2.00319014453431,1.983640778130104,1.9825617251555674,1.9635420396883467,1.9162849698284175,1.8960357955928206,1.8536693787187504,1.8376564164377036,1.8237226091551195,1.8033418674546169,1.7787021565624754,,,,2.760432731421609,2.22938051052664,2.078725376034518,1.9162849698284175,1.8237226091551195,,2.324920796900418,#000000,0.2970753536828008,2.546085587278548,-0.02048499548382582,36.99492211491466,-7.436959584317307,False,True,False,True,False,0.0,0.0,0.0,0.0,0.0,0,0.9608434676587365,0.9203582705474102,False,False,False,False,-0.20641543690652014,-0.14137583476773855,False,False,False,False,36132842,69434374.6382197,False,False,False,False,9986286.517045517,False,False,False,False
2024-11-13 00:00:00+00:00,2.48,2.6,2.47,2.59,8443342,,,,,,,,,2.8049312523356718,2.8607970989250675,2.852331646685299,2.7574216644663734,2.6075033226686766,2.6031020741091533,2.578322385241849,2.408811073700807,2.2307958865962987,2.2087801174554755,2.1554356867169204,2.1282202457697346,2.1273727466347294,2.080536569579023,2.0434148933159677,2.014440974652448,2.011177174366038,2.0097170364620363,2.0060568601386293,2.0051542683635786,1.985633116682922,1.984555470031845,1.9655442885244871,1.918337243319976,1.8981156130567016,1.8557801287726534,1.8397722687994806,1.82584361181735,1.805476653494909,1.7808560646998088,,,,2.7574216644663734,2.2307958865962987,2.080536569579023,1.918337243319976,1.82584361181735,,2.3247161489091885,#000000,0.28887429854584806,2.543934049286214,-0.22132134844826556,34.63703307560265,-9.663538070041987,False,True,False,True,False,0.0,0.0,0.0,0.0,0.0,0,0.9611471290752863,0.8992617179017901,False,False,False,False,-0.19762504032755046,-0.1695004375476445,False,False,True,False,27689500,67797320.73083854,False,False,False,False,9925778.888926083,False,False,False,False
2024-11-14 00:00:00+00:00,2.55,2.59,2.445,2.45,14645337,,,,,,,,2.528333333333333,2.7899210454473584,2.8516687084541084,2.843587045812823,2.752616277094,2.6062651990397967,2.601940295723046,2.577575915649895,2.4101081693720876,2.233316975930906,2.2114282736342257,2.1583222590027193,2.1312107883378544,2.1303670726848813,2.0837259813757933,2.0467513307826124,2.0178611279950838,2.014607124839879,2.0131515776103783,2.009502461461296,2.0086026207811707,1.9891289701678907,1.9880536857344258,1.9690559070703717,1.9219326865525477,1.901757700232207,1.8594736877685079,1.8434739196167165,1.829553564328076,1.8092096331427667,1.7846212083583326,,,,2.752616277094,2.233316975930906,2.0837259813757933,1.9219326865525477,1.829553564328076,,2.3506130481791034,#000000,0.28585260487129927,2.5582820181381556,-0.028973037142287432,35.29508307199512,-9.663538070041987,False,True,False,True,False,0.0,0.0,0.0,0.0,0.0,0,0.9498258161975522,0.916068070413417,False,False,False,False,-0.21236480967516275,-0.19093262361140362,False,False,False,False,42334837,66798791.95708017,False,False,False,False,10110859.599164275,False,False,False,False
2024-11-15 00:00:00+00:00,2.53,2.63,2.53,2.59,8550727,,,,,,,,2.5412353258868974,2.7829622983026314,2.847119407780475,2.8392393210832516,2.7503261789420583,2.6058767452050544,2.6015931991388355,2.5774528151965628,2.411072917396776,2.2349415613152144,2.21312274155084,2.160144496443612,2.133088317755706,2.1322466736468786,2.085712153553479,2.0488182147764964,2.01997250320034,2.0167237650826575,2.0152707018880998,2.011627543865782,2.0107291879087463,1.9912804292640334,1.9902063662302278,1.9712130321184684,1.924132401751141,1.9039824439748585,1.86172335262331,1.8457263083182254,1.83180915729196,1.8114765844782899,1.7869046441647587,,,,2.7503261789420583,2.2349415613152144,2.085712153553479,1.924132401751141,1.83180915729196,,2.351427344100583,#000000,0.28272725850667124,2.5575441334750577,-0.09742298503703695,35.37830408179343,-9.663538070041987,False,True,False,True,False,0.0,0.0,0.0,0.0,0.0,0,0.9736573759347384,0.9066034237686178,False,False,False,False,-0.16009315268491034,-0.17551288814815696,False,False,False,False,33784110,65504098.54699859,False,False,False,False,10049677.928608814,False,False,False,False
2024-11-18 00:00:00+00:00,2.67,2.69,2.6,2.63,8670565,,,,,,,,2.5717359809745384,2.7790473785835137,2.8440678585331605,2.836360135138545,2.749150656282536,2.6063081987636356,2.602060627758443,2.5781120739001415,2.4126098211525755,2.2370196882833944,2.2152616753977723,2.162384345713283,2.1353703559102026,2.13453047497629,2.0880857894626956,2.051260913588104,2.022448711017971,2.0192041179210714,2.017753063272532,2.0141146392393825,2.0132174712481876,1.993786288904255,1.9927130343513706,1.9737145052784961,1.9266594931265733,1.906528990909134,1.8642806551800308,1.8482805639379152,1.8343619062345198,1.8140349368323163,1.789473262793109,,,,2.749150656282536,2.2370196882833944,2.0880857894626956,1.9266594931265733,1.8343619062345198,,2.353844325293489,#000000,0.2763319586138142,2.558797198183845,0.4024246865038348,39.369870111392736,-9.663538070041987,False,True,False,True,True,2.4154821523857173,0.0,0.0,0.0,0.0,0,0.9739948752364103,0.8820236715270579,False,False,False,False,-0.1462335500601548,-0.16087321910415586,False,False,False,False,42454675,64600199.5843712,False,False,False,False,9995595.068663372,False,False,False,False
2024-11-19 00:00:00+00:00,2.78,2.79,2.66,2.68,8170148,,,,,,,,2.6067531794163483,2.7780591535632633,2.8425949970888396,2.835022077306442,2.7490849714072905,2.607472098651198,2.6032530968759953,2.579453704887116,2.4145750963876758,2.2393783367801414,2.217668411030726,2.164859894579893,2.137872908771631,2.137034379189618,2.0906575795398155,2.053886016691438,2.025094694809104,2.021852907028996,2.0204032745896425,2.016768105786818,2.015871764415891,1.9964500746872884,1.995377185190547,1.9763648046974944,1.929317701373923,1.9092000557503352,1.8669484244618584,1.8509400827819023,1.8370155997281612,1.816688430326342,1.7921304520394967,,,,2.7490849714072905,2.2393783367801414,2.0906575795398155,1.929317701373923,1.8370155997281612,,2.357087244219099,"rgba(38, 166, 154, 0.5)",0.26739773662008604,2.561295757633551,0.8178986296999964,44.42975742320891,-11.479699097804868,False,True,False,True,True,4.913337426636577,0.0,0.0,0.0,0.0,0,0.9770453297541334,0.8811085351717408,False,False,False,False,-0.12035559712668707,-0.14061440811542147,False,False,False,False,50624823,64052145.60067037,False,False,False,False,9924008.909107946,False,False,False,False
2024-11-20 00:00:00+00:00,2.78,2.825,2.74,2.75,7142822,,,,,,,,2.633234453766058,2.778144362196381,2.8418259969004103,2.834359467315464,2.7494034569189334,2.608756133300707,2.604560060626732,2.580879128050253,2.4164723362485883,2.241577961496833,2.219906751666175,2.167149220498982,2.1401814237701924,2.1393439655348687,2.0930205924506673,2.05629147274353,2.027514721619676,2.024275005165283,2.022826452387485,2.019193711300073,2.01829799092908,1.9988821807720611,1.9978094752016744,1.978782003239353,1.9317362989164144,1.9116280014125437,1.8693689510494418,1.853351596494849,1.8394205427495047,1.8190913401257838,1.7945345546545328,,,,2.7494034569189334,2.241577961496833,2.0930205924506673,1.9317362989164144,1.8394205427495047,,2.3599458336978647,"rgba(38, 166, 154, 0.5)",0.25908828367707804,2.5636280673161935,0.8351282026843311,47.80301563108637,-8.441190777615411,False,True,False,False,True,4.913337426636577,0.0,0.0,0.0,0.0,0,0.9781200361291931,0.8980751860964902,False,False,False,False,-0.06364137668542848,-0.10212789240042497,False,False,False,False,50624823,63525583.93005584,False,False,False,False,9814942.755809594,False,False,False,False
2024-11-21 00:00:00+00:00,2.88,2.88,2.81,2.82,8172955,,,,,,,,2.666224827102528,2.7802106769475388,2.8420372693576557,2.834672007617509,2.7505898963492554,2.6108296081231352,2.6066556399430594,2.5830857599200705,2.4190601966395873,2.2444195055461984,2.222785248257392,2.1700651199860346,2.1431091079779443,2.1422726275299553,2.095996968029229,2.059306980685058,2.0305383382396602,2.0273001096587473,2.0258524149687127,2.022221485044365,2.021326240420579,2.001911493186404,2.0008386801299753,1.981786773939691,1.9347296434355905,1.9146276358054788,1.8723492988294224,1.8563173059126123,1.8423751885711603,1.8220392433053116,1.7974790000389456,,,,2.7505898963492554,2.2444195055461984,2.095996968029229,1.9347296434355905,1.8423751885711603,,2.3638616893961815,"rgba(38, 166, 154, 1.0)",0.24727465854137187,2.567199042100495,1.264993993904028,52.032123699209315,-4.62352340359989,False,False,True,False,True,7.124356055390461,0.0,0.0,0.0,0.0,0,0.9520075382502315,0.9218225955856519,False,False,False,False,-0.002444497840263828,-0.0522861951203444,False,False,False,False,58797778,63340179.77593601,False,False,False,False,9750551.079111177,False,False,False,False
2024-11-22 00:00:00+00:00,2.83,2.9099,2.82,2.89,7625120,,,,,,,,2.688875245127874,2.781962101076166,2.842184897927495,2.834912363340651,2.751638996024085,2.612706997489107,2.6085536724075444,2.585087930793531,2.4214289403606646,2.247032560002024,2.2254332912666297,2.1727501848757313,2.1458062707101124,2.1449707238118134,2.0987407936454208,2.0620881486312683,2.0333280489622445,2.0300913046932183,2.028644450096754,2.025015314129424,2.024120538427813,2.004707464169107,2.00363459028546,1.984560929450604,1.9374947912408713,1.9173991439962623,1.875104238955957,1.859059198374121,1.8451072504401331,1.8247655831049445,1.8002027110944194,,,,2.751638996024085,2.247032560002024,2.0987407936454208,1.9374947912408713,1.8451072504401331,,2.3670626117685876,"rgba(38, 166, 154, 1.0)",0.2366907740544988,2.570056853028144,1.0982394561437514,53.499194067133345,-3.379552517721649,False,False,True,False,True,5.823472405273169,0.0,0.0,0.0,0.0,0,0.9133354026105565,0.9527224609151651,False,False,False,False,0.017063826794684604,-0.017611184162829897,False,False,False,False,51172658,62863022.05923264,False,False,False,False,9667200.840714661,False,False,False,False
2024-11-25 00:00:00+00:00,2.66,2.78,2.63,2.78,10239877,,,,,,,,2.6890325482797603,2.7790950270248636,2.839552399279203,2.832444158961412,2.750804948936387,2.6135024082454237,2.609386752813501,2.5861215637958783,2.4233820467205516,2.2495708457745036,2.2280387451602035,2.1754656683940437,2.148567638908005,2.1477340459657577,2.101603684639706,2.065027958057346,2.036304567780034,2.033072399310987,2.0316277708283335,2.0280038693674496,2.0271104087279,2.007716434077353,2.0066444297029324,1.9875636289263363,1.9405245732319365,1.920450457115915,1.8781660630908144,1.8621167931538647,1.8481625091750553,1.8278265188276934,1.8032746171889678,,,,2.750804948936387,2.2495708457745036,2.101603684639706,1.9405245732319365,1.8481625091750553,,2.3684169524121677,#000000,0.22712753888270393,2.570274874005439,0.39504291921596546,50.704951955321235,-3.379552517721649,False,False,False,False,True,1.6130830503414835,0.0,0.0,0.0,0.0,0,0.8568627135807627,0.9792004886438528,False,False,False,False,-0.14024567494061962,-0.07892842955172476,False,False,False,False,40932781,62003012.6059294,False,False,False,False,9689658.729314087,False,False,False,False
2024-11-26 00:00:00+00:00,2.71,2.71,2.62,2.67,7924508,,,,,,,,2.688150410187808,2.776760464353475,2.8374447308104536,2.830460911370095,2.7500711922210352,2.6140278078779766,2.609941320966361,2.586831935340858,2.4248181774814896,2.251471163984354,2.229991884473838,2.177507191248542,2.1506463506314764,2.149814304260886,2.103762948143632,2.067248110142263,2.038554644876816,2.0353261689244735,2.0338833260319316,2.030263640116002,2.029371236900489,2.00999309675774,2.0089218260476454,1.989837058802086,1.942821526093636,1.922764865085554,1.8804908288556565,1.8644392290718805,1.8504839028537632,1.8301532094017574,1.8056107591527806,,,,2.7500711922210352,2.251471163984354,2.103762948143632,1.942821526093636,1.8504839028537632,,2.3693488341721887,"rgba(38, 166, 154, 0.5)",0.22173379055495607,2.5703145154120577,0.6299693169829325,49.956738661637885,-3.379552517721649,False,False,False,False,True,2.742777576561341,0.0,0.0,0.0,0.0,0,0.8719232576604604,0.9790319705734611,False,False,False,False,-0.18037553229138228,-0.12965198092155353,False,False,False,False,48857289,61487494.03314786,False,False,False,False,9620437.132086085,False,False,False,False
2024-11-27 00:00:00+00:00,2.74,2.83,2.72,2.75,8230972,,,,,,,,2.6950745183708347,2.7764397513939447,2.8364416303202433,2.8295659244086684,2.750212423612666,2.615243123309805,2.611182464461503,2.588208341647739,2.4267745282307995,2.2538076840634425,2.232375143006482,2.179959017233111,2.1531255009628993,2.1522947858020522,2.1063105956715957,2.0698485278779835,2.0411766120230483,2.0379509895820966,2.0365095815801855,2.032893198442797,2.032001632242706,2.012633627665236,2.0115627646073158,1.9924658749872066,1.9454602446457685,1.9254168031909882,1.8831414699922406,1.8670826162595335,1.853122245788949,1.8327921222215193,1.8082541042576583,,,,2.750212423612666,2.2538076840634425,2.1063105956715957,1.9454602446457685,1.853122245788949,,2.3712697171000947,"rgba(38, 166, 154, 0.5)",0.2181872078231281,2.5715842433965763,0.7718864835556671,50.122050325159435,-3.379552517721649,False,False,False,False,True,3.417421932994632,0.0,0.0,0.0,0.0,0,0.8850163347725442,0.9705481588495067,False,False,False,False,-0.07100803122258618,-0.10033000607206985,False,False,False,False,57088261,61314975.09067147,False,False,False,False,9565948.303376827,False,False,False,False
2024-11-29 00:00:00+00:00,2.75,2.83,2.73,2.79,4940524,,,,,,,,2.6989994169731664,2.7763487303001653,2.835906194325122,2.829093019522466,2.7503381032428886,2.615995557066867,2.611950065334716,2.589055308162499,2.427961023717317,2.2552181467537404,2.2338132915747337,2.181437564880095,2.1546201161594714,2.1537901895313705,2.1078457754389,2.0714149970486817,2.042755764287729,2.03953182686302,2.03809126756991,2.034476835978522,2.033585764576707,2.014223694036291,2.013153067823843,1.9940487925436468,1.9470488067710123,1.9270131710211433,1.8847368420421526,1.868673565216809,1.8547101074093044,1.8343802331724264,1.8098447647179516,,,,2.7503381032428886,2.2552181467537404,2.1078457754389,1.9470488067710123,1.8547101074093044,,2.372432159736569,"rgba(38, 166, 154, 0.5)",0.21379665340927165,2.5723701282507507,0.8308356043778282,50.4630838350675,-3.379552517721649,False,False,False,False,True,3.6440306481447458,0.0,0.0,0.0,0.0,0,0.8855304826488485,0.9735712035547892,False,False,False,False,-0.06609612253069198,-0.08321306430138092,False,False,False,False,62028785,61342967.63613534,False,False,False,False,9384559.115009109,False,False,False,False
2024-12-02 00:00:00+00:00,2.72,2.77,2.7,2.74,5856512,,,,,,,,2.700811887424081,2.775584963832986,2.8349040607632707,2.8281691366603745,2.750186121577687,2.6166488534544556,2.6126225581855067,2.5898294403418456,2.4291936731226977,2.256751018359327,2.235381705224309,2.1830622047484747,2.1562679284130772,2.1554390326465205,2.109547029777895,2.073157034242382,2.0445163809669866,2.0412948028458078,2.039855403068737,2.0362436805424307,2.035353291604776,2.0160006353463396,2.0149304246036874,1.9958205614624294,1.9488328386315306,1.9288082890232312,1.886535466446018,1.8704688604225528,1.8565033064811716,1.836175641024813,1.8116452668375094,,,,2.750186121577687,2.256751018359327,2.109547029777895,1.9488328386315306,1.8565033064811716,,2.3734733458099426,"rgba(38, 166, 154, 0.5)",0.20951707664388744,2.5728807905159785,0.7021824275167683,49.93881581172323,-3.379552517721649,False,False,False,False,False,2.8892134788065604,0.0,0.0,0.0,0.0,0,0.8791538758324524,0.9967456762786641,False,False,False,False,-0.11044694878188524,-0.09683000654163308,False,False,False,False,56172273,61140195.297463365,False,False,False,False,9246204.32618522,False,False,False,False
2024-12-03 00:00:00+00:00,2.91,2.96,2.76,2.76,11622570,,,,,,,,2.719094705831715,2.7787859444457363,2.8356738557478747,2.8290501741394705,2.752034429289121,2.619572626261225,2.6155743057869634,2.5929222757903254,2.4327887095273173,2.2606977138898103,2.239379438679149,2.1871150586718113,2.1603391787145076,2.15951166168593,2.113687474762719,2.077352942551232,2.048725742122241,2.0455064368037523,2.0440683094660232,2.040459323836134,2.039569648371647,2.020220117580603,2.019149856288149,2.000008991150525,1.953009620513937,1.9329949582320172,1.8906991172221597,1.8746138347747543,1.8606342313595023,1.8402986717935694,1.8157650161850492,,,,2.752034429289121,2.2606977138898103,2.113687474762719,1.953009620513937,1.8606342313595023,,2.3776170154001526,"rgba(0, 255, 255, 0.75)",0.2086363274147441,2.576588383902208,1.598051596426972,53.59244622647737,-2.568685149633957,True,False,True,False,True,7.1008110238412385,0.0,0.0,0.0,0.0,0,0.8835657974530017,0.9607624604592467,False,False,False,False,0.012222780165871078,-0.042303613187881,False,False,False,False,67794843,61401161.87403343,False,False,False,False,9339395.136923056,False,False,False,False
2024-12-04 00:00:00+00:00,2.9,2.96,2.88,2.91,5918676,,,,,,,,2.728861273492605,2.7809212523187807,2.836396037978495,2.829822745667734,2.7532259029068546,2.621245167668046,2.6172597901754395,2.5946720138804853,2.434746739736445,2.2628067715568068,2.241512183259631,2.189269567525907,2.1625000096835083,2.161673117964725,2.115879330450485,2.0795701178343626,2.0509472025523627,2.0477287880410024,2.046291193948109,2.042683309309231,2.04179392594543,2.0224443005378396,2.0213739193170657,2.0022152083857856,1.9552060496556416,1.9351950856470441,1.892884337635571,1.876788282941395,1.862800486507183,1.8424595928539467,1.8179228190257852,,,,2.7532259029068546,2.2628067715568068,2.115879330450485,1.9552060496556416,1.862800486507183,,2.379900625797551,"rgba(0, 255, 255, 0.75)",0.2085015609075771,2.5787175581363995,1.5409114467302043,55.75575183383809,-0.3408344618864234,True,False,True,False,True,6.844094217468822,0.0,0.0,0.0,0.0,0,0.8994614003590662,0.9655098578558137,False,False,False,False,0.07100793295098569,0.014352159881552345,False,False,False,False,61876167,61419789.52603212,False,False,False,False,9205249.28841627,False,False,False,False
2024-12-05 00:00:00+00:00,2.87,2.92,2.84,2.89,4504921,,,,,,,,2.73430941730976,2.782064002262075,2.836679073026159,2.8301473051124497,2.7539160462805485,2.6223472784638524,2.6183726405380883,2.5958392739564653,2.4361130428435906,2.2643129715366688,2.243038363550789,2.190818283727937,2.1640564906825834,2.163230143688759,2.1174632569591103,2.0811759555865534,2.052558835700441,2.049341357818984,2.0479042792510653,2.0442975153683944,2.043408422878301,2.0240604261494783,2.0229900499004776,2.003820019049369,1.956807389648025,1.9368005491445386,1.894481800533819,1.8783789128052868,1.864385996239783,1.8440424076002928,1.8195047383303333,,,,2.7539160462805485,2.2643129715366688,2.1174632569591103,1.956807389648025,1.864385996239783,,2.3813992766832133,"rgba(38, 166, 154, 1.0)",0.20828186030792142,2.5800368294359477,1.3921671821798323,56.34856323666617,0.41674858252250857,True,False,True,False,True,6.068111428436982,0.0,0.0,0.0,0.0,0,0.8919834587215384,0.9751880823078074,False,False,False,False,0.048642921408458224,0.03149754064500528,False,False,False,False,57371246,61261023.113246545,False,False,False,False,9020922.688870534,False,False,False,False
2024-12-06 00:00:00+00:00,2.82,2.88,2.78,2.88,8049440,,,,,,,,2.7400164014632638,2.782995341885319,2.8365548938622456,2.8301047418538294,2.7546356259754066,2.623910499419777,2.619957147863533,2.5975339719258024,2.4382587479489937,2.2667676891516537,2.245533421758231,2.193367762331344,2.1666268443266827,2.1658016341979778,2.120091759797845,2.0838498910807615,2.0552491415653593,2.05203395169374,2.050598054935227,2.0469939655790745,2.046105555744956,2.026764506126638,2.0256943671884167,2.006509470340301,1.9595000885357368,1.9395037299725315,1.897178633533271,1.8810667802796426,1.8670673658740733,1.8467222085276487,1.8221864575142328,,,,2.7546356259754066,2.2667676891516537,2.120091759797845,1.9595000885357368,1.8670673658740733,,2.3835440744308034,"rgba(38, 166, 154, 1.0)",0.20804218213993217,2.581718660933952,1.1453510851264597,55.36017577187226,0.41674858252250857,True,False,True,False,True,4.781668480227282,0.0,0.0,0.0,0.0,0,0.8851496348543574,0.9751468068471048,False,False,False,False,0.07827533740911649,0.05488643902706089,False,False,False,False,49321806,60792818.52057021,False,False,False,False,8982825.328522671,False,False,False,False
2024-12-09 00:00:00+00:00,2.9,2.98,2.89,2.9,9457250,,,,,,,,2.752424344299675,2.7863557798663696,2.8378012397034595,2.8314252133821474,2.75657353225175,2.6265780243580843,2.6226445574127286,2.600320248861953,2.441369767736925,2.270117711855013,2.248920842514233,2.19679037928956,2.170059945527267,2.1692357292562163,2.123574298827627,2.087372737406648,2.058779278496865,2.0555655457092477,2.0541305111740464,2.0505282148266173,2.0496402792830373,2.0302994631082254,2.02922915734826,2.010016709195486,1.962992804354623,1.9430025553474555,1.9006547184918645,1.8845261887135334,1.870514101209904,1.8501608254169866,1.8256204706603105,,,,2.75657353225175,2.270117711855013,2.123574298827627,1.962992804354623,1.870514101209904,,2.3870283951378215,"rgba(0, 255, 255, 0.75)",0.2076723857902513,2.5849569040023317,1.5170196788506158,56.45199278148624,0.9220189363455447,True,False,True,False,True,6.554944980650557,0.0,0.0,0.0,0.0,0,0.9214707747771804,0.9333377841572923,False,False,False,False,0.2152947784475575,0.13509060873730921,False,False,False,False,58779056,60713847.44133216,False,False,False,False,9001430.217600215,False,False,False,False
2024-12-10 00:00:00+00:00,2.91,3.03,2.89,2.95,9247737,,,,,,,,2.764275510896292,2.7899472898162636,2.839262827800807,2.832953970186937,2.7586480940471967,2.629313614891654,2.625398538980786,2.6031649626756015,2.4444981651406894,2.27345991575081,2.2522979007755475,2.2001975562597056,2.1734753360862986,2.172652036500442,2.1270350414552075,2.0908707991065834,2.0622827705567697,2.0590702828024887,2.0576360129377043,2.0540352716171,2.0531477514468737,2.033806067896205,2.0327355385974064,2.0134949329239924,1.9664543710723164,1.9464691970222054,1.9040971270539628,1.8879515252187848,1.8739264093452208,1.853564358441849,1.8290185631087374,,,,2.7586480940471967,2.27345991575081,2.1270350414552075,1.9664543710723164,1.8739264093452208,,2.3905237949142446,"rgba(0, 255, 255, 0.75)",0.20750990424641302,2.5882547878839257,1.550505327851772,57.39021677430868,2.0780353773322133,True,False,True,False,True,6.774708343044175,0.0,0.0,0.0,0.0,0,0.9416774794557007,0.9036164620554282,False,False,False,False,0.2489303714316048,0.192010490084457,False,False,False,False,68026793,61000629.62010345,False,False,False,False,9011089.307106089,False,False,False,False
2024-12-11 00:00:00+00:00,3.08,3.08,2.93,2.96,8037704,,,,,,,,2.777878701968098,2.7946277791651393,2.841531520682382,2.8352661141533213,2.7612428678804273,2.632298863878976,2.6283961253277734,2.606219639426021,2.447652649392946,2.27671031951756,2.2555713002376656,2.203476181685259,2.1767508519804406,2.1759280989426633,2.13033615071611,2.094194758463164,2.0656027032775,2.0623903950863087,2.06095640381452,2.0573560245637235,2.0564686250149125,2.037120377450924,2.036049327297325,2.0167768692143206,1.969708371606711,1.9497230428628458,1.907318677844918,1.8911537220620407,1.8771135758660416,1.856739275170101,1.8321836941890035,,,,2.7612428678804273,2.27671031951756,2.13033615071611,1.969708371606711,1.8771135758660416,,2.394219372508,"rgba(0, 255, 0, 1.0)",0.20948310473918008,2.6307055476374184,2.1447765580999105,61.02941153678012,5.7127692596277555,True,False,True,False,True,10.374206444932696,0.0,0.0,0.0,0.0,0,0.9405087933480712,0.9044115220906064,False,True,False,False,0.3109534368857448,0.2514819634851009,False,False,False,False,76064497,61591369.5173543,False,False,False,False,8972917.334278401,False,True,False,False
2024-12-12 00:00:00+00:00,2.87,3.0,2.84,3.0,11144071,,,,,,,,2.7861930347988935,2.797489081741749,2.842534171750643,2.836355767617947,2.763102056208878,2.635069945010865,2.63119157261514,2.6091387578902228,2.4510312785505928,2.280420920167208,2.2593295532457462,2.207289172413913,2.180582980029049,2.179761537810776,2.1342345202548203,2.098146050498384,2.069568552667012,2.066358555408777,2.064925826670267,2.0613282056782696,2.0604415206634985,2.041097665294513,2.040026655519607,2.020727797141093,1.9736521038136068,1.9536770189018955,1.9112543793585797,1.8950733772858088,1.8810212167462308,1.8606407813455381,1.8360834139412716,,,,2.763102056208878,2.280420920167208,2.1342345202548203,1.9736521038136068,1.8810212167462308,,2.397702577051458,"rgba(38, 166, 154, 1.0)",0.20836774490576082,2.6299005568568012,1.1522869974514982,58.179520452144914,5.7127692596277555,True,False,True,False,False,5.050605805589534,0.0,0.0,0.0,0.0,1,0.9147137300286108,0.9004404153405988,False,False,False,False,0.19534589974320116,0.22341393161415102,False,False,False,False,64920426,61721920.751967855,False,False,False,False,9058060.615287092,False,False,False,False
2024-12-13 00:00:00+00:00,2.77,2.86,2.72,2.85,8939965,,,,,,,,2.7860486715689174,2.797196355328071,2.8417735782962814,2.835683472153108,2.7633122107698265,2.6362760998240615,2.632422493593024,2.6105009741427256,2.4529961282934343,2.282798658134508,2.2617571704552235,2.209795916784473,2.1831224955485733,2.1823025152520246,2.1368500180779906,2.1008197921605465,2.072268981130842,2.069062374456803,2.0676313114442766,2.064037584735538,2.063151880817243,2.043821616696555,2.0427512085664192,2.0234444537350305,1.9763865652139365,1.9564275154228958,1.9140100650255811,1.8978242800313783,1.8837691007757846,1.8633918800413694,1.8388419153916729,,,,2.7633122107698265,2.282798658134508,2.1368500180779906,1.9763865652139365,1.8837691007757846,,2.3993328401075122,"rgba(38, 166, 154, 0.5)",0.20478289976468037,2.6279878015044003,0.6934768413709762,54.386158885878814,10.026070534982019,True,False,True,False,False,2.6964531999269745,0.0,0.0,0.0,0.0,1,0.9013574085259242,0.9158533871634296,False,False,False,False,0.02710801837993424,0.12526097499704264,False,False,False,False,55980461,61496765.467576966,False,False,False,False,9053429.414687598,False,False,False,False
2024-12-16 00:00:00+00:00,2.7,2.79,2.7,2.78,5644427,,,,,,,,2.784317424296103,2.7963303404657123,2.840874206440896,2.8348441498499954,2.76309515865071,2.636755037007952,2.632918403389252,2.61108808598803,2.4540263908421722,2.284129615995492,2.2631227987188614,2.2112212633672317,2.184573383143305,2.1837544390874677,2.138355198784022,2.1023661164330534,2.0738363592009508,2.070632323082116,2.069202494076288,2.0656116962942095,2.064726725821149,2.045407873423125,2.0443380055026257,2.025030038427588,1.977990051883435,1.9580433237676418,1.9156347798058853,1.8994482794787648,1.8853930793253144,1.8650201978198382,1.840477412055243,,,,2.76309515865071,2.284129615995492,2.138355198784022,1.977990051883435,1.8853930793253144,,2.4000527442556914,#000000,0.20183679072479618,2.6266966381696877,0.3631813683079285,50.657133577008636,6.611108902205402,True,False,False,False,False,1.0979449492924225,0.0,0.0,0.0,0.0,1,0.9064232975251131,0.9177044712742024,False,False,False,False,-0.030299181541509825,0.04748089672776641,False,False,False,False,50336034,61059089.72375042,False,False,False,False,8919743.045484165,False,False,False,False
2024-12-17 00:00:00+00:00,2.66,2.7,2.62,2.66,7534985,,,,,,,,2.7793943097656824,2.7940245151465715,2.838952003511744,2.8330099138551015,2.7622061618752505,2.636912532105381,2.633100899352859,2.6114067951526145,2.455044009874446,2.285617057148174,2.264661989540107,2.2128567835209694,2.186251237762839,2.1854338708333887,2.140116334501294,2.1041896538486236,2.0756951369906815,2.0724952630876676,2.071067391753589,2.067481303522387,2.0665975061085775,2.047298682984333,2.04622980755886,2.026926568587982,1.9799217450432414,1.9599952004777454,1.9176080570645873,1.9014244853651612,1.8873724363581594,1.8670092540530037,1.8424802954766568,,,,2.7622061618752505,2.285617057148174,2.140116334501294,1.9799217450432414,1.8873724363581594,,2.4004958581574685,#000000,0.19957991919063203,2.624293506629109,0.17890824645933143,47.506910138583734,3.7761156552365236,False,False,False,True,False,0.1958680918464637,0.0,0.0,0.0,0.0,0,0.9048388630097917,0.9224577748201669,False,False,False,False,-0.13959543659665996,-0.046057269934446775,False,False,False,False,42801049,60343088.1267406,False,False,False,False,8865438.808406353,False,False,False,False
2024-12-18 00:00:00+00:00,2.52,2.67,2.51,2.65,9736959,,,,,,,,2.769038162291202,2.7891616189830764,2.835263380761035,2.829447545567106,2.760051273563054,2.6363028351908717,2.632527382224882,2.6110332212350933,2.4557521237182796,2.2870469727028193,2.266167971788562,2.214515201804053,2.1879782436317723,2.187163241414934,2.1419691773443623,2.106135754328126,2.077698823832503,2.0745055627157196,2.0730807454095266,2.0695020938139166,2.0686201399320523,2.0493553016180925,2.0482881672930557,2.029001765006355,1.9820614361339923,1.9621672957763068,1.9198239139316566,1.90365070683762,1.8896081178983233,1.869264092657844,1.8447601998149512,,,,2.760051273563054,2.2870469727028193,2.1419691773443623,1.9820614361339923,1.8896081178983233,,2.4002170666160447,"rgba(239, 83, 80, 0.5)",0.1948852284095624,2.6200779050225784,-0.513522270719559,43.335371599092056,-0.0030294151378456036,False,True,False,True,False,0.0,0.0,0.0,0.0,0.0,0,0.8975048464761426,0.9219248327184042,False,False,False,False,-0.232048225437288,-0.1390527476858674,False,False,False,False,33064090,59273323.4943194,False,False,False,False,8899616.07082179,False,False,False,False
2024-12-19 00:00:00+00:00,2.48,2.59,2.47,2.55,10757157,,,,,,,,2.755987395481743,2.7827943219492406,2.830516328122438,2.824844503792636,2.757083644466749,2.6351348959357903,2.6314013241018346,2.610140204353789,2.4561528728079876,2.2883117838397227,2.267522169119236,2.216054639323711,2.189601902255916,2.188789707688825,2.1437428084406647,2.1080200113950545,2.0796541368543697,2.076468941056748,2.075047819363738,2.0714782144824153,2.0705984987037502,2.051376246143613,2.0503113217202933,2.031050334232233,1.9841932367193549,1.9643388339359467,1.922054015498176,1.905896469715544,1.8918677786552247,1.8715491295255045,1.8470774955953755,,,,2.757083644466749,2.2883117838397227,2.1437428084406647,1.9841932367193549,1.8918677786552247,,2.3994373812416305,"rgba(239, 83, 80, 0.5)",0.1915900277643223,2.615309730812645,-0.7062462091142419,40.02652988562672,-2.948683270754337,False,True,False,True,False,0.0,0.0,0.0,0.0,0.0,0,0.8939261932914304,0.9378617213267781,False,False,False,False,-0.31446406513204517,-0.22675840640895628,False,False,False,False,22306933,57823661.12199315,False,False,False,False,8972460.813142505,False,False,False,False
2024-12-20 00:00:00+00:00,2.51,2.58,2.49,2.51,13765717,,,,,,,,2.7419280666016523,2.7754452807211902,2.8248889772546493,2.819389946757877,2.7535907076612336,2.6338323889329756,2.6301502614143595,2.6091751197706743,2.456775339869842,2.2900045515826175,2.2693264466621144,2.218088967375586,2.1917407858856444,2.1909320966313692,2.1460689216720867,2.1104844602162243,2.082207000988214,2.079031861170547,2.077615352586187,2.0740570326253684,2.073180109605143,2.0540107775330227,2.0529485952850526,2.033718485609799,1.9869645472173625,1.9671597606127167,1.924947307993778,1.9088088624945796,1.8947971785121562,1.8745099627509703,1.8500784425219863,,,,2.7535907076612336,2.2900045515826175,2.1460689216720867,1.9869645472173625,1.8947971785121562,,2.398736678319021,"rgba(239, 83, 80, 0.5)",0.18878253851148916,2.6107088155919085,-0.5334646752076577,38.619480758804244,-4.181397481380436,False,True,False,True,False,0.0,0.0,0.0,0.0,0.0,0,0.8849571268795821,0.9488318628060146,False,False,False,False,-0.3074504997981247,-0.2671044531035405,False,False,False,False,36072650,56970680.29367969,False,False,False,False,9160431.64399966,False,False,False,False
2024-12-23 00:00:00+00:00,2.52,2.53,2.45,2.5,6740326,,,,,,,,2.734877173130459,2.7716290684886093,2.8219692538993004,2.8165545440865554,2.751722264258927,2.6330500863892294,2.629393458074985,2.6085605507545706,2.456961369789884,2.290732260454555,2.270110170713075,2.2189901365928364,2.1926956127441573,2.191888694569622,2.147118535003972,2.1116039729085934,2.0833720346879234,2.0802020451721894,2.0787878905882007,2.075235343590741,2.0743598479080956,2.0552179619529034,2.054157210206154,2.034944376510148,1.988244668612536,1.9684653777482877,1.9262915838427321,1.9101638414331898,1.8961615897845878,1.8758911010241692,1.8514806647867303,,,,2.751722264258927,2.290732260454555,2.147118535003972,1.988244668612536,1.8961615897845878,,2.398272723294919,#000000,0.18338479212294848,2.6084384079699867,-0.48225595452153996,37.96013891332902,-4.864703863480109,False,True,False,True,False,0.0,0.0,0.0,0.0,0.0,0,0.8677673102633459,0.9666697758293691,False,False,False,False,-0.34282825441539394,-0.30496635375946723,False,False,False,False,42812976,56415476.20373147,False,False,False,False,9065525.540313398,False,False,False,False
2024-12-24 00:00:00+00:00,2.52,2.54,2.48,2.53,2795155,,,,,,,,2.7322315672332746,2.770153527266373,2.8208233117680286,2.815442345913057,2.7509961035269024,2.6327605907906104,2.6291142679585158,2.6083387717425364,2.4570618001348477,2.2910516909528593,2.2704523737291633,2.2193798074650983,2.1931069430171393,2.1923007443145317,2.1475683539607813,2.1120822124548155,2.0838686610489265,2.080700756394744,2.079287556051418,2.0757373471436322,2.074862429761244,2.0557316055837473,2.0546714292438404,2.035465375076637,1.9887874341549518,1.9690184654702747,1.9268601145599094,1.91073657997719,1.8967380502747542,1.876474257496098,1.8520722997643024,,,,2.7509961035269024,2.2910516909528593,2.1475683539607813,1.9887874341549518,1.8967380502747542,,2.3981229366433623,#000000,0.1792091736712241,2.6076126998819626,-0.4888851284069658,37.5205776830122,-5.483586953459472,False,True,False,True,False,0.0,0.0,0.0,0.0,0.0,0,0.87602842183994,0.9595799052605335,False,False,False,False,-0.31551049499861283,-0.31023842437904003,False,False,False,False,42812976,55882044.823192984,False,False,False,False,8819628.65637954,False,False,False,False
2024-12-26 00:00:00+00:00,2.52,2.57,2.49,2.54,3762134,,,,,,,,2.7289798113375685,2.7682956734258295,2.819360601519329,2.8140237039510883,2.7500801269384176,2.6324164036059803,2.628783637169599,2.6080835590694176,2.4572283060304363,2.2915058859888684,2.2709366453071644,2.2199263741207678,2.1936818913286826,2.192876641798453,2.1481940518493072,2.1127454330169453,2.084555982308273,2.081390816769794,2.079978872010558,2.0764317365398113,2.075557579644466,2.056441218540266,2.0553817928769083,2.0361843390205605,1.9895347238098828,1.9697793144617624,1.9276409486724357,1.9115227602367875,1.8975289794182546,1.8772738709582188,1.8528829646905234,,,,2.7500801269384176,2.2915058859888684,2.1481940518493072,1.9895347238098828,1.8975289794182546,,2.397973807704315,#000000,0.17849591814040966,2.6066255229260493,-0.48530814501823705,37.22753686280099,-6.071065534627863,False,True,False,True,False,0.0,0.0,0.0,0.0,0.0,0,0.8783657442034403,0.9549052605335328,False,False,False,False,-0.2886412387706898,-0.2994398315748649,False,False,False,False,42812976,55369532.32032267,False,False,False,False,8621295.53259995,False,False,False,False
2024-12-27 00:00:00+00:00,2.49,2.51,2.45,2.48,5769374,,,,,,,,2.7231619363589616,2.7649998369935957,2.8168175837105025,2.8115510200534204,2.7484202312254458,2.631678377612319,2.628067318201641,2.607488598667265,2.4573237213954053,2.292071294973481,2.2715505073772735,2.2206429097961684,2.194445514082862,2.193641803812724,2.149040177295558,2.1136523478711724,2.085502974667999,2.0823423292521746,2.0809324456651273,2.0773903732438157,2.076517467439788,2.0574253898139325,2.0563672345618595,2.0371857689575705,1.9905845663646013,1.9708516013253463,1.9287481084519484,1.9126398499747557,1.8986547706036472,1.878414723673556,1.8540426613339474,,,,2.7484202312254458,2.292071294973481,2.149040177295558,1.9905845663646013,1.8986547706036472,,2.3975360651128454,"rgba(239, 83, 80, 0.5)",0.18135595380901345,2.6047691038906886,-0.632838908677639,36.428396739077655,-7.194231248777044,False,True,False,True,False,0.0,0.0,0.0,0.0,0.0,0,0.8585652365098307,0.9781079213518438,False,False,False,False,-0.34282825441539394,-0.32113404299512943,False,False,False,False,37043602,54650868.38619237,False,False,False,False,8509455.472497992,False,False,False,False
2024-12-30 00:00:00+00:00,2.47,2.49,2.43,2.48,5717165,,,,,,,2.4633333333333334,2.717203697871,2.7615815535181323,2.8141863938742415,2.808989818277358,2.746673037485721,2.6308565695126824,2.627267276294325,2.6068105176284915,2.4573454095430805,2.29257006282732,2.27209820739971,2.2212953581171675,2.1951461513214534,2.1943440010327278,2.1498245296347003,2.114498303147478,2.086390016440572,2.0832339900951196,2.081826208035533,2.0782893057469547,2.077417676754157,2.058350601459484,2.057293758688409,2.0381294333855395,1.9915784664605762,1.9718684804955562,1.9298014961172527,1.9137038898504617,1.8997280982119653,1.8795037852821443,1.8551512722141017,,,2.4633333333333334,2.746673037485721,2.29257006282732,2.1498245296347003,1.9915784664605762,1.8997280982119653,,2.4162737217695076,"rgba(239, 83, 80, 0.5)",0.18553482468573446,2.6119559432118074,-0.7651175107005234,35.489476982350695,-8.457074686132074,False,True,False,True,False,0.0,1.0,2.49,2.43,0.0,0,0.8565442056840377,0.9780389438527946,True,False,False,False,-0.34282825441539394,-0.3319811487052617,False,False,False,False,31326437,53736184.80242012,False,False,False,False,8399953.885341208,False,False,False,False
2024-12-31 00:00:00+00:00,2.48,2.5,2.44,2.45,4454364,,,,,,,2.4677125805438562,2.71292310256641,2.7590590297730886,2.8122210303378474,2.807077274714605,2.7453740567661336,2.630259711525608,2.6266870081925098,2.6063231301244443,2.457390237985918,2.2929792935195255,2.2725449697454616,2.2218221701927,2.1957097674244155,2.194908813476183,2.150452333144332,2.115173386471863,2.0870965062138667,2.0839440156571647,2.082537843681939,2.079004900307255,2.078134249242101,2.059086262849247,2.058030421003846,2.038878993882575,1.992366296648284,1.9726739082656384,1.9306346687716893,1.9145450916686284,1.9005763140891019,1.8803639749837153,1.856026378401619,,,2.4677125805438562,2.7453740567661336,2.2929792935195255,2.150452333144332,1.992366296648284,1.9005763140891019,,2.416109813102894,"rgba(239, 83, 80, 0.5)",0.18635189032317886,2.6107866256791117,-0.7018261282581911,35.281283567525094,-9.041016992700513,False,True,False,True,False,0.0,0.0,0.0,0.0,0.0,0,0.8535447761194026,1.004921513124035,False,False,False,False,-0.3298322590076146,-0.33090670385643817,False,False,False,False,35780801,53032052.10428599,False,False,False,False,8245224.870229788,False,False,False,False
2025-01-02 00:00:00+00:00,2.62,2.65,2.51,2.51,7247985,,,,,,,2.519981394237903,2.7096023187171814,2.7567322811451307,2.8101864588009904,2.805113762084339,2.7442073918440153,2.6300334423880702,2.6264836723870295,2.606246406598905,2.4580076476209776,2.2940816604513468,2.2736996371651226,2.223081439476458,2.1970163010665287,2.1962169889509067,2.1518464111042253,2.1166326706879786,2.0885960374211248,2.0854481819880406,2.0840441526301423,2.0805164257014797,2.0796470683085735,2.0606228978621046,2.059568276507978,2.0404285091989487,1.9939612009742937,1.9742917554664263,1.9322834984765969,1.9162012605268475,1.9022391985710425,1.8820405092899357,1.8577208139356893,,,2.519981394237903,2.7442073918440153,2.2940816604513468,2.1518464111042253,1.9939612009742937,1.9022391985710425,,2.4188629128383208,#000000,0.18357971977729073,2.61256173814539,0.040517884348193575,40.03275614353457,-9.041016992700513,False,True,False,True,True,0.0,0.0,0.0,0.0,0.0,0,0.8581360330631465,0.9840771473424534,False,False,False,False,-0.18953475714060264,-0.2602207304985204,False,False,False,False,43028786,52639767.15901988,False,False,False,False,8206117.424338424,False,False,False,False
2025-01-03 00:00:00+00:00,2.59,2.63,2.5793,2.63,3824023,,,,,,,2.5343434431202927,2.7080164154734137,2.7555781312052536,2.809159585615207,2.8041233136632937,2.7436249877620216,2.6299359083484277,2.626398014663328,2.606226276972142,2.4583465157731132,2.2946724460364,2.274317688328282,2.223753877972481,2.1977133052558586,2.1969148492335746,2.1525890595379287,2.117409344703624,2.089393651271765,2.086248210190924,2.0848452976315754,2.0813202885708675,2.0804516053336712,2.0614398146633737,2.0603858271236937,2.0412520172799793,1.9948082581229405,1.975150769759373,1.9331585497777342,1.917080070323175,1.903121457394279,1.8829298436982862,1.8586194511736363,,,2.5343434431202927,2.7436249877620216,2.2946724460364,2.1525890595379287,1.9948082581229405,1.903121457394279,,2.4196805161379453,#000000,0.18270174582614973,2.612891489176985,-0.1252943099885186,42.36795924428975,-13.308802321048425,False,True,False,True,True,0.0,0.0,0.0,0.0,0.0,0,0.866098609925422,0.9807676819741313,False,False,False,False,-0.15608281273911453,-0.20815177161881748,False,False,False,False,39204763,52112904.25082302,False,False,False,False,8034270.58416829,False,False,False,False
2025-01-06 00:00:00+00:00,2.54,2.62,2.54,2.6,4888090,,,,,,,2.540389711337147,2.7054548553113404,2.753819106657587,2.8076562801055687,2.8026682669194702,2.742717602365232,2.6296763612810876,2.6261542203600174,2.6060698081932605,2.4586764922608206,2.295342735744753,2.2750243098133454,2.2245345821100986,2.1985276905880227,2.1977303822439977,2.1534647761030583,2.1183306286958934,2.0903437024753835,2.0872015525173753,2.085800154480971,2.082278843879633,2.08141107679504,2.062416462558701,2.0613633618645153,2.0422389731470494,1.995828518946648,1.9761873761078956,1.9342183814976974,1.9181458254949675,1.9041925383959413,1.8840110950371016,1.8597138177377284,,,2.540389711337147,2.742717602365232,2.295342735744753,2.1534647761030583,1.995828518946648,1.9041925383959413,,2.4199791609782215,#000000,0.18346789492568877,2.612474310533729,-0.3950244840552831,42.59816584272696,-12.955200590990366,False,True,False,True,True,0.0,0.0,0.0,0.0,0.0,0,0.8783571069243622,0.9749444201028834,False,False,False,False,-0.18682253816004235,-0.19748715488942992,False,False,False,False,34316673,51415012.82922212,False,False,False,False,7910890.9534165915,False,False,False,False
2025-01-07 00:00:00+00:00,2.61,2.65,2.5601,2.59,8936434,,,,,,,2.55728763786227,2.702287931314548,2.751356602877547,2.805404218154916,2.800497239742117,2.741454354240606,2.629505326338271,2.6260101311304944,2.6060743324203806,2.459496310344088,2.2967392156313347,2.2764834905869638,2.2261186557001684,2.200168197467307,2.1993728605169727,2.1552104158192074,2.120154720463286,2.0922160094532933,2.089079423634805,2.087680600452964,2.0841655548147826,2.083299341940645,2.0643332313280167,2.0632815893776826,2.0441707888583465,1.9978145377822834,1.9782009941657577,1.9362689011683953,1.9202049512077146,1.9062595744886248,1.886094436025005,1.8618186271116,,,2.55728763786227,2.741454354240606,2.2967392156313347,2.1552104158192074,1.9978145377822834,1.9062595744886248,,2.421129883707577,#000000,0.18190998665064645,2.612571907840326,-0.014138354290935169,44.93961739065995,-10.568918763045161,False,False,False,True,True,0.0,0.0,0.0,0.0,0.0,0,0.8847491955637583,0.9698642666971562,False,False,False,False,-0.15558655014326106,-0.1765368525163455,False,False,False,False,43253107,51094938.09082125,False,False,False,False,7951108.327792412,False,False,False,False
2025-01-08 00:00:00+00:00,2.74,2.76,2.59,2.65,11721217,,,,,,,2.5922035825337306,2.7020610346022447,2.7501817261709305,2.803829040545442,2.799010112944953,2.74091533752794,2.6301547254240205,2.6266899290540007,2.6069194190655263,2.4612067675372202,2.299078149642644,2.2788941937189677,2.228663033786587,2.202771816687851,2.201978704344891,2.1579319536391237,2.122965278896439,2.095077130981733,2.091946533994808,2.0905505280028356,2.0870422640003667,2.086177740829204,2.0672405839945593,2.0661903812572335,2.0470866901321907,2.0007819594219787,1.9811979642353168,1.939297901815641,1.9232386544631608,1.9092982446810018,1.8891477406451396,1.8648926987145364,,,2.5922035825337306,2.74091533752794,2.299078149642644,2.1579319536391237,2.0007819594219787,1.9092982446810018,,2.4241514499550947,"rgba(38, 166, 154, 0.5)",0.17778801021602023,2.614844146725575,0.7039611564489382,49.70132196856789,-6.019875867907032,True,False,False,False,True,2.756236992140014,0.0,0.0,0.0,0.0,0,0.8884276160630629,0.9470487513326654,False,False,False,False,-0.06974594866716749,-0.12314140059175649,False,False,False,False,54974324,51247070.87157336,False,False,False,False,8098955.726702513,False,False,False,False
2025-01-10 00:00:00+00:00,2.71,2.825,2.67,2.8,13131872,,,,,,,2.6234977795947954,2.7034861485447035,2.7498249209524315,2.8027298224925974,2.7979992046741318,2.740836640117591,2.631278335769464,2.6278449610833934,2.6082441622477828,2.463401256970254,2.3019158269127376,2.281807203916496,2.2317119693159673,2.2058804343541243,2.2050896446326202,2.161163372104939,2.1262899501978865,2.098452801082469,2.095328325414266,2.0939352221306846,2.0904339096149576,2.0895711221826825,2.0706626954026364,2.0696138982037358,2.050513687304438,2.0042582161511833,1.98470437452252,1.942833224762749,1.926776496685954,1.9128393866565905,1.8927023993736585,1.8684674461636663,,,2.6234977795947954,2.740836640117591,2.3019158269127376,2.161163372104939,2.0042582161511833,1.9128393866565905,,2.4275358991254663,"rgba(38, 166, 154, 0.5)",0.17325937438074154,2.6176212913989287,0.533181589344002,51.964690372892434,-3.9338810592976046,True,False,True,False,True,2.012788338743519,0.0,0.0,0.0,0.0,0,0.9052278223240419,0.9284873361333841,False,False,False,False,0.01816707210271207,-0.05248716424452221,False,False,False,False,41842452,50878262.28837441,False,False,False,False,8296324.992322023,False,False,False,False
2025-01-13 00:00:00+00:00,2.63,2.68,2.6001,2.68,9550074,,,,,,,2.6253126631476458,2.7014488631196096,2.747923894167099,2.800823644787844,2.7961676668484245,2.739838749661115,2.6313202641334614,2.627913107122007,2.6084566066901247,2.4644055539549408,2.3034932502051952,2.2834479493025497,2.233477735543668,2.2077026682861236,2.2069138746666965,2.1630920745568747,2.1282983939047107,2.1005097871237366,2.097390937454781,2.096000443759812,2.092505472180769,2.091644258895786,2.0727644581300133,2.0717171213591854,2.052629733903197,2.006428390529911,1.9869025558806321,1.9450679995542766,1.9290194871447384,1.9150900097175065,1.8949692857741922,1.8707559397547364,,,2.6253126631476458,2.739838749661115,2.3034932502051952,2.1630920745568747,2.006428390529911,1.9150900097175065,,2.4281969064218214,#000000,0.16680894827682474,2.617333051844346,0.07593686241959054,51.22833930457448,-3.9338810592976046,True,False,False,False,True,0.05994833883194062,0.0,0.0,0.0,0.0,0,0.8868706031143782,0.9518615129238795,False,False,False,False,-0.11242916868972759,-0.0824581664671249,False,False,False,False,32292378,50149404.08098718,False,False,False,False,8345491.620074101,False,False,False,False
2025-01-14 00:00:00+00:00,2.77,2.8,2.63,2.66,10648374,,,,,,,2.639669256597701,2.702497669547599,2.7476555350872154,2.7999706015851427,2.7953820817234822,2.7397699770775397,2.632192389385292,2.628809998722797,2.6094875429315456,2.466132114216225,2.3057396712023883,2.2857551716820774,2.235896011978585,2.210169971883799,2.209383063892921,2.165659257861261,2.1309413878164953,2.103194897213552,2.100081080184762,2.0986929657586395,2.095203704137616,2.094343915530344,2.0754880308102877,2.0744418721654303,2.0553585837070556,2.0091989648002286,1.9896980294968898,1.9478886536661295,1.9318430061584415,1.917916866816729,1.8978078223609138,1.8736115011969514,,,2.639669256597701,2.7397699770775397,2.3057396712023883,2.165659257861261,2.0091989648002286,1.917916866816729,,2.4303540323174513,"rgba(38, 166, 154, 0.5)",0.160822547834211,2.6189447071462757,0.939266880720261,53.86398007351089,-2.1248613674945744,True,False,True,False,True,3.3063087139094023,0.0,0.0,0.0,0.0,0,0.9151480913566294,0.9427810507626502,False,False,False,False,-0.02119589083822911,-0.051827028652677,False,False,False,False,42940752,49866711.84251709,False,False,False,False,8435800.73301237,False,False,False,False
2025-01-15 00:00:00+00:00,2.73,2.825,2.68,2.82,7736872,,,,,,,2.648944959108494,2.703489764963996,2.747620515330176,2.799470368944042,2.7949285296768127,2.739809843094509,2.632888782122632,2.629523821712723,2.6102955485193635,2.4674269226839765,2.307401331890178,2.2874600708069663,2.2376793187814665,2.211987834819611,2.211202267378184,2.167548102211639,2.1328842026521517,2.1051674467309582,2.102057194211186,2.100670768069084,2.0971855534969976,2.0963267751700623,2.0774877188014096,2.0764423862157386,2.0573615049943705,2.0112310113079066,1.991747720663588,1.949955703027522,1.9339117912361072,1.9199877894589648,1.899886843135699,1.8757024529257083,,,2.648944959108494,2.739809843094509,2.307401331890178,2.167548102211639,2.0112310113079066,1.9199877894589648,,2.4319228796854073,"rgba(38, 166, 154, 0.5)",0.15542733883603896,2.6201439399905446,0.7068001088620776,54.52866046691196,-1.397534104420636,True,False,True,False,True,2.329668130775943,0.0,0.0,0.0,0.0,0,0.927944386064182,0.9143965726295368,False,False,False,False,0.02422485611398542,-0.01380108626934579,False,False,False,False,35203880,49291698.82908505,False,False,False,False,8408391.763090316,False,False,False,False
2025-01-16 00:00:00+00:00,2.75,2.8,2.73,2.76,7878279,,,,,,,2.6580839875766182,2.7048017590646682,2.7477845503172205,2.799107981714043,2.794611255792999,2.739965349033725,2.6336828254134788,2.630334989171819,2.6111990043527626,2.468803684609696,2.3091380522305682,2.2892396619045647,2.2395357395764584,2.2138780052502645,2.2130937649929794,2.1695084887145586,2.134898104706831,2.1072104257336486,2.104103676659303,2.1027189148473675,2.099237682328244,2.098379898858782,2.0795571998848312,2.0785126653679558,2.0594333437618992,2.0133307606500095,1.993864809916115,1.952089049020679,1.936046357769173,1.922124080239296,1.902030792569555,1.877857896603457,,,2.6580839875766182,2.739965349033725,2.3091380522305682,2.1695084887145586,2.0133307606500095,1.922124080239296,,2.4335850110831787,"rgba(38, 166, 154, 0.5)",0.15330626474741996,2.621469507691314,0.8383903457594933,55.40700705387259,-0.3842617798968746,True,False,True,False,True,2.789166843630621,0.0,0.0,0.0,0.0,0,0.9265422540950206,0.9251079781598891,False,False,False,False,0.039378071415808305,0.012788492573231258,False,False,False,False,43082159,49048187.463238575,False,False,False,False,8387603.027282853,False,False,False,False
2025-01-17 00:00:00+00:00,2.75,2.77,2.67,2.73,8585428,,,,,,,2.6640025909040266,2.705423564140494,2.747531398483705,2.7984233818186315,2.7939779478718867,2.739882402087736,2.6343340760559606,2.6310056766188263,2.6119752086576074,2.4701362874048494,2.3108906190881022,2.291041169495514,2.2414280758002163,2.215810704997822,2.215027993168513,2.1715223289629644,2.1369734736700203,2.1093206641374955,2.106218057786324,2.104835246969222,2.1013587091151447,2.100502095872964,2.0816993900166323,2.080655848638797,2.061581190417711,2.015514213369126,1.9960688587828983,1.9543152704721227,1.9382757568102922,1.9243568712150463,1.9042737736970892,1.880115402073183,,,2.6640025909040266,2.739882402087736,2.3108906190881022,2.1715223289629644,2.015514213369126,1.9243568712150463,,2.434988043405996,"rgba(38, 166, 154, 0.5)",0.15253119604120655,2.6223764466843695,0.8367045996358198,55.99257144517968,0.40707258638038013,True,False,True,False,True,2.789166843630621,0.0,0.0,0.0,0.0,0,0.91812607309296,0.9281334314446895,False,False,False,False,-0.015138828872280186,-0.0011751681495244639,False,False,False,False,43082159,48814225.56271941,False,False,False,False,8395360.869350191,False,False,False,False
2025-01-21 00:00:00+00:00,2.82,2.9,2.79,2.79,11286311,,,,,,,2.680859261245787,2.7095472538566767,2.749168690926723,2.79891500768296,2.794521010133937,2.740929956161429,2.636116689225938,2.6328090862624913,2.6138886640201138,2.472578203035528,2.313753180674909,2.2939571932289566,2.244431902658532,2.218852012205289,2.218070929881782,2.174649239541739,2.140166593475171,2.1125461201393363,2.1094475646666404,2.108066722176658,2.1045948258398246,2.103739379198278,2.08495393943031,2.083911195851381,2.0648311364339387,2.018789904611873,1.9993644697058695,1.9576223095831229,1.9415798166508431,1.9276595076765646,1.907582467446471,1.8834351510273877,,,2.680859261245787,2.740929956161429,2.313753180674909,2.174649239541739,2.018789904611873,1.9276595076765646,,2.4381637640600298,"rgba(38, 166, 154, 1.0)",0.15073119083947792,2.6253928897977135,1.2910871938213133,57.97249329828714,2.5200495137581598,True,False,True,False,True,4.415656948842731,0.0,0.0,0.0,0.0,0,0.9332791812200467,0.9042319876533181,False,False,False,False,0.13709086324987876,0.06795784755017716,False,False,False,False,54368470,49032039.07006375,False,False,False,False,8508731.462709008,False,False,False,False
2025-01-22 00:00:00+00:00,2.81,2.895,2.78,2.83,13298996,,,,,,,2.696073952149054,2.7137881078908728,2.750845853114125,2.799353977942627,2.7950203733732533,2.7420306407442494,2.638091673928886,2.6348086974899196,2.616019144861653,2.47534924213064,2.317033352997946,2.2973013292626754,2.247883462261972,2.2223498291691084,2.2215707083796468,2.1782503397804978,2.143847365808639,2.1162669293679084,2.1131733394746814,2.1117948956473187,2.1083286774888284,2.107474655828562,2.0887109260111005,2.0876692017922722,2.068584868079062,2.0225773774882594,2.003176453516871,1.9614507761643438,1.945406075281006,1.9314851486384381,1.9114164877659947,1.8872835177323586,,,2.696073952149054,2.7420306407442494,2.317033352997946,2.1782503397804978,2.0225773774882594,1.9314851486384381,,2.4415426607887847,"rgba(38, 166, 154, 1.0)",0.14953381009108135,2.628477160793566,1.2139250587935124,58.93751218361375,3.6485062875655174,True,False,True,False,True,4.155756244483019,0.0,0.0,0.0,0.0,0,0.9619965406473929,0.8872415781237131,False,False,False,False,0.12784791710546722,0.09790288232782218,False,False,False,False,41069474,48719781.61633576,False,False,False,False,8696584.973975321,False,False,False,False
2025-01-23 00:00:00+00:00,2.81,2.84,2.75,2.79,9224841,,,,,,,2.703014508230301,2.715871499722123,2.7515577355506515,2.7993605960301884,2.7950708687910373,2.7425326318378658,2.639237444545493,2.635972293413339,2.6172783382894864,2.4770938899748005,2.3191594581517623,2.299474048007187,2.2501380624045852,2.2246402547568156,2.2238625788121786,2.1806171666523966,2.1462727575512965,2.118723430421333,2.1156336244427183,2.114256987515082,2.110795079023956,2.1099421356419383,2.0911957490939472,2.090154862392657,2.071070737714548,2.025092154440497,2.0057100179171594,1.9640005218046748,1.947956269880094,1.9340365352385411,1.9139756508669694,1.889854755114285,,,2.703014508230301,2.7425326318378658,2.3191594581517623,2.1806171666523966,2.025092154440497,1.9340365352385411,,2.4434884087550315,"rgba(38, 166, 154, 1.0)",0.14921922925137232,2.630085275998802,1.205707366964862,59.580858107164815,4.498655414933637,True,False,True,False,True,4.155756244483019,0.0,0.0,0.0,0.0,0,0.9315557036913589,0.9216565286226147,False,False,False,False,0.07583302838274406,0.08686795535528312,False,False,False,False,41069474,48419769.55295005,False,False,False,False,8717300.896564525,False,False,False,False
2025-01-24 00:00:00+00:00,2.91,2.96,2.86,2.86,10885920,,,,,,,2.7181351919152617,2.7212540448863436,2.754220089630122,2.80068214275211,2.79642988768175,2.744226651592903,2.641479837130915,2.6382313165195392,2.6196235789351348,2.4798218996329155,2.322212929700942,2.302572157184368,2.253302600438894,2.227832151081209,2.2270558164822534,2.1838790329924227,2.1495896492155047,2.122064053915827,2.118977371558177,2.117602293313058,2.114143998897781,2.1132919703637993,2.094557372005416,2.093516984718171,2.0744219941230466,2.0284572077220457,2.0090903337884,1.9673828044999289,1.9513321570993933,1.9374081341366192,1.9173493193845956,1.8932348832741719,,,2.7181351919152617,2.744226651592903,2.322212929700942,2.1838790329924227,2.0284572077220457,1.9374081341366192,,2.4469596348279823,"rgba(0, 255, 255, 0.75)",0.1503255326475213,2.6335871037357417,1.8387621277376942,62.2560562298951,7.235705993760213,True,False,True,False,True,6.490295944517982,0.0,0.0,0.0,0.0,0,0.9434627213032994,0.8994098578671764,False,False,False,False,0.21835961991893849,0.1526137876371108,False,False,False,False,51955394,48558421.492050044,False,False,False,False,8802344.782973759,False,False,False,False
2025-01-27 00:00:00+00:00,2.81,2.88,2.73,2.88,16164287,,,,,,,2.7267987320376226,2.724631502064536,2.7554968231954327,2.800786436537745,2.7966065283648383,2.745150643026781,2.643486533852414,2.6402682034545117,2.6218226004505203,2.4828518832106647,2.32590225808767,2.306342109204906,2.2572153126366254,2.2318075709685616,2.2310337468368537,2.187987384655428,2.1537999097817973,2.1263290157160846,2.1232489679212376,2.1218770516649497,2.1184263094315425,2.117576169571006,2.098872239462452,2.0978333404286817,2.0787397838360273,2.0328267549648573,2.013492934529423,1.9718150084386046,1.9557658282898873,1.9418444310484195,1.9217997478678364,1.8977069390741128,,,2.7267987320376226,2.745150643026781,2.32590225808767,2.187987384655428,2.0328267549648573,1.9418444310484195,,2.4501721606834588,"rgba(38, 166, 154, 1.0)",0.15050701100066927,2.6361586702605706,1.1550380848281974,60.45052169589939,7.235705993760213,True,False,True,False,True,3.83927451373987,0.0,0.0,0.0,0.0,0,0.954494145396344,0.8887878022070592,False,False,False,False,0.08802473498327197,0.12031926131019138,False,False,False,False,35791107,48057742.492361814,False,False,False,False,9091048.399327729,False,False,False,False
2025-01-28 00:00:00+00:00,2.87,2.895,2.81,2.82,9387592,,,,,,,2.7338721492374707,2.7276330276870078,2.756930433634674,2.8013630369612317,2.797218975091292,2.7461150629416813,2.6449916833100007,2.6417890244743023,2.623426514502324,2.4848626094962842,2.328246700176908,2.3087292140175326,2.259673667664151,2.234296636717004,2.233524127534458,2.1905457562198998,2.1564119437923925,2.128967894412944,2.1258911876057587,2.1245208875922597,2.121073968824606,2.120224788960216,2.1015354064118963,2.10049718881378,2.0814004258009717,2.0355099005553186,2.016192658368515,1.974525613885403,1.9584747683483843,1.9445528209619778,1.9245137220152064,1.9004305819908336,,,2.7338721492374707,2.7461150629416813,2.328246700176908,2.1905457562198998,2.0355099005553186,1.9445528209619778,,2.452450526653479,"rgba(0, 255, 255, 0.75)",0.15113778690528007,2.6382169387916243,1.5335877675226057,60.61522253904699,7.235705993760213,True,False,True,False,True,5.228932369414885,0.0,0.0,0.0,0.0,0,0.9696826866425383,0.8644726874842185,False,False,False,False,0.14635714709679754,0.13333820420349446,False,False,False,False,45178699,47944838.825994685,False,False,False,False,9102677.560138408,False,False,False,False
2025-01-29 00:00:00+00:00,2.89,2.92,2.82,2.88,12293636,,,,,,,2.743266601157811,2.731889320090799,2.759077168965004,2.8023383266335844,2.798238024773847,2.747555768406646,2.647097835763522,2.643914769907203,2.6256557145987975,2.4875911132562742,2.331390959864824,2.311927471243894,2.262960454342622,2.2376213578953883,2.2368505092698117,2.19395789164128,2.15989199807923,2.132481177345356,2.129408641951999,2.128040369617067,2.1245982331115334,2.123750255532079,2.1050786781816364,2.104041284216797,2.084938933959143,2.0390750861834013,2.0197785316786536,1.978123469195959,1.9620695760305098,1.9481461882309667,1.9281134542159346,1.9040419114983196,,,2.743266601157811,2.747555768406646,2.331390959864824,2.19395789164128,2.0390750861834013,1.9481461882309667,,2.4555577737402476,"rgba(0, 255, 255, 0.75)",0.15203283192119124,2.641083054110834,1.6372578392685355,61.16374308694253,7.235705993760213,True,False,True,False,True,5.689316527196649,0.0,0.0,0.0,0.0,0,0.9712207089078754,0.8680145503764486,False,False,False,False,0.16807875481150533,0.15070847950749988,False,False,False,False,57472335,48318466.12693607,False,False,False,False,9227813.18523102,False,False,False,False
2025-01-30 00:00:00+00:00,3.04,3.06,2.94,2.94,13109415,,,,,,,2.7609712371873925,2.740207213431786,2.763846996122586,2.8052126519254275,2.8011403630488605,2.7506470132927285,2.6506141217075845,2.6474459508439057,2.629260940976603,2.4914665286719595,2.3355348544745893,2.3161142988369567,2.267198945681205,2.2418791364217716,2.2411095421308627,2.1982801875309383,2.1642666616522224,2.136872767484021,2.1338027657588277,2.1324358370476335,2.128996699674332,2.128149493710374,2.1094845105664324,2.1084472963859526,2.089323104053516,2.043458614390052,2.024174214083997,1.982507338233187,1.9664402408361294,1.9525071256148192,1.932470948671494,1.9084005523028074,,,2.7609712371873925,2.7506470132927285,2.3355348544745893,2.1982801875309383,2.043458614390052,1.9525071256148192,,2.460415400711393,"rgba(0, 255, 0, 1.0)",0.1555573530569522,2.6462300355501,2.531349092226674,64.26604356653844,9.618747512476254,True,False,True,False,True,9.02116201015059,0.0,0.0,0.0,0.0,0,0.9873473169909863,0.8416140173532135,False,False,False,False,0.3360481952765798,0.24337833739203985,False,False,False,False,70581750,49191536.0827425,False,False,False,False,9380032.86424157,False,False,False,False
2025-01-31 00:00:00+00:00,3.02,3.13,3.01,3.06,14025405,,,,,,,2.7801327434371457,2.7498046054143437,2.769542878776455,2.808776956671529,2.8047292310134675,2.7543672376475703,2.6547088007932063,2.651554798935561,2.6334386128262928,2.4958629500019334,2.3401712594472737,2.3207925078237923,2.2719211680953824,2.246616489942002,2.245848096057948,2.2030787662430726,2.169115773712691,2.1417352080038063,2.138667415980826,2.1373017083743253,2.1338652283204373,2.1330187135488763,2.114357627058911,2.1133204288103653,2.094169065711938,2.0482965908696587,2.029022612459474,1.9873370029085393,1.9712533672031123,1.9573078490284235,1.9372654320708549,1.9131934225627374,,,2.7801327434371457,2.7543672376475703,2.3401712594472737,2.2030787662430726,2.0482965908696587,1.9573078490284235,,2.465908360459931,"rgba(0, 255, 0, 1.0)",0.15842433610485937,2.652129799577242,2.3220561276600113,65.60793541405185,10.980133863811375,True,False,True,False,True,8.475209521866095,0.0,0.0,0.0,0.0,0,0.9848711275291745,0.8371085551171186,False,False,False,False,0.3428281329961377,0.29310323519408876,False,False,False,False,56556345,49480352.11871338,False,False,False,False,9562204.320545822,False,False,False,False
2025-02-03 00:00:00+00:00,2.89,3.01,2.85,3.01,30385555,,,,,,,2.7971088576431056,2.7601947614436395,2.775557920675919,2.8120333264509236,2.8080770694314396,2.7585767545588173,2.6603547641969665,2.6572442939836467,2.6393571030329226,2.502877452278043,2.3481271942198845,2.32887340249993,2.2802039151502163,2.254985466318802,2.254220924571811,2.2116505327410727,2.177845864649119,2.150541478528594,2.1474833246205063,2.146122320572112,2.1426969081885616,2.141853179047734,2.1232325984430447,2.1221972551784685,2.103030021994922,2.0572166684138256,2.0379906272653976,1.9963298381515113,1.980237314916592,1.9662870317430639,1.9462582508374344,1.9222122962842516,,,2.7971088576431056,2.7585767545588173,2.3481271942198845,2.2116505327410727,2.0572166684138256,1.9662870317430639,,2.473571836378374,"rgba(38, 166, 154, 1.0)",0.15881600209839594,2.659185419455312,1.4533458687726228,62.3811323380555,10.980133863811375,True,False,True,False,False,5.026266625641302,0.0,0.0,0.0,0.0,0,0.9563992959517221,0.8776129410778643,False,False,False,False,0.18045820590301714,0.23678072054855295,False,False,False,False,26170790,48566251.64346972,False,False,False,False,10378806.307975397,False,False,False,False
2025-02-04 00:00:00+00:00,3.03,3.06,2.91,2.92,17660163,,,,,,,2.810782568615061,2.7685702692887673,2.7807673309792387,2.8152738090929614,2.8113562036818536,2.7621620419085615,2.6645567368705194,2.6614668295603465,2.6436846002013925,2.50764748097932,2.3533141939502253,2.334121806065436,2.2855384002471495,2.260354745983868,2.2595920553160322,2.2171162563198434,2.1833885598536362,2.1561151256377253,2.1530611828872135,2.1517023137792157,2.148281805121324,2.1474393228019513,2.1288334492257976,2.127798689271221,2.108611388856267,2.0628119001784415,2.043606556065521,2.0019430276543306,1.9858385030635248,1.971879804350917,1.9518517738877443,1.9278130254275025,,,2.810782568615061,2.7621620419085615,2.3533141939502253,2.2171162563198434,2.0628119001784415,1.971879804350917,,2.4790286255609186,"rgba(0, 255, 0, 1.0)",0.16160155649949115,2.664631177369425,2.260923907819696,62.82430659479307,10.980133863811375,True,False,True,False,False,8.065319716286265,0.0,0.0,0.0,0.0,0,0.9533594205311796,0.8834235284322702,False,False,False,False,0.24268760593363478,0.23973416324109387,False,False,False,False,43830953,48380553.6574513,False,False,False,False,10664349.707662636,False,False,False,False
2025-02-05 00:00:00+00:00,3.11,3.14,3.015,3.07,13774819,,,,,,,2.8246439692013983,2.777050332346422,2.7862365037371495,2.818896876348138,2.814998857809386,2.7658969517018464,2.6686070172616345,2.6655295661496723,2.6478076806239907,2.5119611984779793,2.3578479285961245,2.338694436234805,2.2901523788919467,2.2649831054717624,2.264221542128264,2.2218022771111237,2.188122287663581,2.1608617960224326,2.1578099739855388,2.156452270892996,2.1530343086447394,2.1521924878798235,2.1335906026890443,2.1325558768024595,2.1133434892238525,2.067537276079528,2.0483420271797277,2.0066615431754036,1.9905416891118666,1.9765715034390823,1.9565378613525797,1.932497906177974,,,2.8246439692013983,2.7658969517018464,2.3578479285961245,2.2218022771111237,2.067537276079528,1.9765715034390823,,2.4841288475328094,"rgba(0, 255, 0, 1.0)",0.16548449207437013,2.6700025770118034,2.6588438437509776,64.32835836261651,10.980133863811375,True,False,True,False,False,9.718533504469097,0.0,0.0,0.0,0.0,0,0.9578033247870315,0.8767513026217847,False,False,False,False,0.34282813447086513,0.2912811488559795,False,False,False,False,57605772,48742326.92578655,False,False,False,False,10786328.895597434,False,False,False,False
2025-02-06 00:00:00+00:00,2.99,3.0989,2.96,3.09,11922277,,,,,,,2.8325851004317695,2.78241866785836,2.78972365817472,2.821138111297213,2.817264430644793,2.7683542863025004,2.671459608586398,2.668395459286099,2.650741510506773,2.515183177763786,2.3613445011920065,2.342231559645407,2.2937466775990107,2.26860060359994,2.267840267518004,2.2254837931734768,2.1918549288100353,2.164615186122197,2.161566178744712,2.160209900191655,2.156795213910884,2.155954225761546,2.137362272352941,2.1363279440494223,2.117102551187949,2.0713059970138508,2.0521246218771116,2.010442738991498,1.9943150938101804,1.9803394611418796,1.9603064831521064,1.9362714927858167,,,2.8325851004317695,2.7683542863025004,2.3613445011920065,2.2254837931734768,2.0713059970138508,1.9803394611418796,,2.4877378803724426,"rgba(0, 255, 255, 0.75)",0.16704134461505618,2.673569999379498,1.8943214408966214,62.15443706793712,10.980133863811375,True,False,True,False,False,6.63246255353096,0.0,0.0,0.0,0.0,0,0.9407431711918628,0.8966286604872448,False,False,False,False,0.2862100399246342,0.28874559439030684,False,False,False,False,45683495,48622372.73261845,False,False,False,False,10830875.880083809,False,False,False,False
2025-02-07 00:00:00+00:00,3.0,3.1,2.98,3.02,20275691,,,,,,,2.845360896350255,2.791396502838979,2.795677957648492,2.825031397414138,2.821197173896831,2.7725946007088687,2.6763475270532995,2.6733053572193892,2.655763587681805,2.5206805534307644,2.3672992346908517,2.348254153205144,2.29986484996323,2.274757572416237,2.2739992933420994,2.231748101692911,2.1982050432489264,2.1710001151428164,2.1679558336395455,2.1666019473987497,2.1631927623954055,2.1623531725603033,2.1437778882022007,2.1427442269338037,2.123496931795634,2.077716560441831,2.058558512038885,2.0168742327527833,2.0007334510856656,1.9867486288984428,1.966716747777919,1.942690098327585,,,2.845360896350255,2.7725946007088687,2.3672992346908517,2.231748101692911,2.077716560441831,1.9867486288984428,,2.4938520849491668,"rgba(0, 255, 255, 0.75)",0.16642472529400293,2.67960010964685,1.9251940466606587,60.8852809430312,15.664983996209259,True,False,True,False,False,6.843581357695207,0.0,0.0,0.0,0.0,0,0.9426668407992687,0.9018381872796135,False,False,False,False,0.29847774966212537,0.2936116720262161,False,False,False,False,65959186,49302247.762711845,False,False,False,False,11201260.786747187,False,False,False,False
2025-02-10 00:00:00+00:00,3.14,3.15,3.0448,3.11,15451148,,,,,,,2.8580784519223674,2.800121274737126,2.8016142273705977,2.8291092680455074,2.825294765363497,2.7767829747562587,2.6808644035765985,2.6778353736534997,2.660357441119076,2.5254811430244977,2.3723413392432784,2.3533387349872013,2.3049959517198224,2.2799052218466045,2.2791481853905586,2.2369595224976004,2.2034691721163284,2.1762793197813055,2.1732374469596016,2.1718848716437025,2.1684785682773398,2.1676397251419055,2.149069494253238,2.1480359113410827,2.1287623399610394,2.0829763749254804,2.0638298899852314,2.0221286353357844,2.005971752434345,1.9919748988266703,1.9719375036172544,1.9479102014403036,,,2.8580784519223674,2.7767829747562587,2.3723413392432784,2.2369595224976004,2.0829763749254804,1.9919748988266703,,2.499354954487752,"rgba(0, 255, 0, 1.0)",0.170416765237077,2.7227645926219237,2.448323712738211,62.32645453379811,15.664983996209259,True,False,True,False,False,9.723217907397842,0.0,0.0,0.0,0.0,0,0.9718217130818355,0.8722759892027125,False,False,False,False,0.3428281382156026,0.31821990512090936,False,False,False,False,81410334,50561388.39946824,False,False,False,False,11367923.030404162,False,False,False,False
2025-02-11 00:00:00+00:00,3.01,3.09,3.0,3.07,12517314,,,,,,,2.864607701346161,2.8051579867974614,2.8050886666777775,2.8314367387640234,2.8276459453464136,2.7793253323481784,2.6838029482732964,2.6807872617462913,2.6633778654932927,2.528801655608511,2.375949061410763,2.356988395996566,2.3087066954671864,2.2836411511408157,2.282885397206439,2.24076259840346,2.207325751992479,2.1801586071446746,2.17711976262294,2.1757687062110778,2.172365916631587,2.171527964494891,2.1529689573883926,2.1519358430985838,2.1326505707976815,2.0868771396771826,2.0677456923652375,2.026045351054546,2.0098814791427313,1.9958798510221682,1.9758440998705777,1.9518229247892462,,,2.864607701346161,2.7793253323481784,2.375949061410763,2.24076259840346,2.0868771396771826,1.9958798510221682,,2.5029669114998905,"rgba(0, 255, 255, 0.75)",0.170416765237077,2.724330744535174,1.676297839989006,60.15651843776347,14.96544156329854,True,False,True,False,False,6.462033167265233,0.0,0.0,0.0,0.0,0,0.9582081755256627,0.8635235732009926,False,False,False,False,0.2830677639895328,0.3006438345552211,False,False,False,False,68893020,51280275.91321459,False,False,False,False,11412997.186074587,False,False,False,False
2025-02-12 00:00:00+00:00,3.0,3.06,2.98,3.0,11372525,,,,,,,2.869477015874553,2.8091641810198267,2.80788742968689,2.8333008589650124,2.8295332132940443,2.781413415606597,2.686280230508441,2.6832772441587642,2.665933872840505,2.5316629562479087,2.3790941703596724,2.3601734173108935,2.3119532860476557,2.2869137301235947,2.286159210492007,2.244100102557395,2.2107145866042117,2.183570876400203,2.1805350679766664,2.179185511232299,2.1757862250937343,2.1749491577443516,2.1564022797971414,2.1553697019557805,2.136076527599382,2.090319189166378,2.071202921677104,2.029507509533183,2.0133390124086175,1.9993344585033708,1.9793019060349204,1.9552881386409584,,,2.869477015874553,2.781413415606597,2.3790941703596724,2.244100102557395,2.090319189166378,1.9993344585033708,,2.506016518865357,"rgba(0, 255, 255, 0.75)",0.17165563683623322,2.7261297661936124,1.5954630960803897,58.48587273225425,13.328576188227707,True,False,True,False,False,6.216647839655337,0.0,0.0,0.0,0.0,1,0.9398580255028264,0.885631655054555,False,False,False,False,0.25525876198711894,0.27795129827117004,False,False,False,False,57520495,51524990.38720617,False,False,False,False,11411410.041522643,False,False,False,False
2025-02-13 00:00:00+00:00,3.03,3.04,2.86,3.0,19692051,,,,,,,2.8752277170437037,2.814565777682335,2.8117258664196085,2.8358005703923856,2.832077816169872,2.7843843327599194,2.6900116461406167,2.6870324041501457,2.66981459389902,2.536167188399692,2.3841566593669916,2.3653104061115457,2.3172144982567264,2.2922289159256763,2.291476737000509,2.249539216462396,2.216250593052661,2.1891555519786405,2.1861258259328915,2.1847792139609203,2.1813868964906638,2.180551579773254,2.1620312571773335,2.160999925572183,2.1417007847360967,2.095984781687884,2.07689919395269,2.0352240201216043,2.019052410456004,2.0050468055168715,1.9850246722880254,1.9610290207247758,,,2.8752277170437037,2.7843843327599194,2.3841566593669916,2.249539216462396,2.095984781687884,2.0050468055168715,,2.510652276555313,"rgba(0, 255, 255, 0.75)",0.17346235669212015,2.7286361988621888,1.7373440951958485,57.94349924803713,12.720339516722731,True,False,True,False,False,6.845119194475696,0.0,0.0,0.0,0.0,1,0.9195536525236796,0.8903594135201764,False,False,False,False,0.1792696896322103,0.22861049395169017,False,False,False,False,77212546,52532345.50927652,False,False,False,False,11736141.059502147,False,False,False,False
2025-02-14 00:00:00+00:00,2.91,3.08,2.87,3.04,12183599,,,,,,,2.877737020599593,2.8172803021644195,2.813690754743814,2.837054946954953,2.833361542273767,2.78595999522674,2.6920886125252608,2.689124664383777,2.6719885404579506,2.5387633969970906,2.3871244605801945,2.3683263688704885,2.3203144341957707,2.295365911658632,2.2946152614359088,2.252757474582473,2.2195319852224644,2.192470398138079,2.189444774171295,2.1881001262528645,2.184712490327013,2.1838783462470808,2.165376769005952,2.1643463414643502,2.1450468226128545,2.0993620784230465,2.0802972965688227,2.038639630964669,2.022468205938277,2.008463679144244,1.9884500731651291,1.964467874859268,,,2.877737020599593,2.78595999522674,2.3871244605801945,2.252757474582473,2.0993620784230465,2.008463679144244,,2.5132550485717764,"rgba(38, 166, 154, 1.0)",0.17376311927914034,2.7300265843342153,1.035740014408167,54.85375547247975,9.709646057159532,False,False,True,False,False,3.9025472498828115,0.0,0.0,0.0,0.0,1,0.9276833291042882,0.8769347881248414,False,False,False,False,0.2061307454772606,0.21737061971447538,False,False,False,False,65028947,53022408.3128343,False,False,False,False,11753688.42971775,False,False,False,False
2025-02-18 00:00:00+00:00,2.96,2.98,2.91,2.97,16619862,,,,,,,2.8807709878587557,2.820729801432961,2.816222881096641,2.838675677668036,2.8350220362107605,2.788020714620703,2.694834086390387,2.6918909566142717,2.6748663537560757,2.542225202984181,2.3910997961929574,2.3723677976363735,2.324472702878078,2.2995760099665072,2.298827466473525,2.257079728980672,2.223941242905476,2.1969265310482804,2.1939066233486066,2.1925647031478377,2.1891835836150335,2.188351070349727,2.1698759735224167,2.168846833120025,2.149548333735412,2.1039086171049286,2.08487290586606,2.0432413227594077,2.027071136504743,2.0130688825370786,1.9930678247096099,1.9691049404596919,,,2.8807709878587557,2.788020714620703,2.3910997961929574,2.257079728980672,2.1039086171049286,2.0130688825370786,,2.5167010650605546,"rgba(38, 166, 154, 1.0)",0.17487117523457962,2.7320616962102497,1.3034641271437908,53.85279609531941,8.71211016462852,False,False,False,False,False,4.972987876336809,0.0,0.0,0.0,0.0,1,0.9289393050394418,0.927309472586218,False,False,False,False,0.1739292448281398,0.1956499322713076,False,False,False,False,81648809,54145012.26135061,False,False,False,False,11944518.765807249,False,False,False,False
2025-02-19 00:00:00+00:00,2.88,2.945,2.86,2.94,12719496,,,,,,,2.88121396062867,2.8221783193139127,2.8173271423486015,2.8392875187566835,2.835668469284618,2.7890394369654765,2.696451628572364,2.6935259897436374,2.6765965758366557,2.5444834010984216,2.393808785944194,2.3751321348138013,2.3273416223005396,2.302492295959646,2.3017455430093996,2.260091901306846,2.2270270278522712,2.200055140578295,2.197040320015389,2.195700788931446,2.1923254363758926,2.1914943603097767,2.1730442831852623,2.1720163988312677,2.1527251707338224,2.107131410218984,2.088121748033795,2.0465200964286465,2.0303550063773463,2.016357900428424,1.9963706212847192,1.9724270630536818,,,2.88121396062867,2.7890394369654765,2.393808785944194,2.260091901306846,2.107131410218984,2.016357900428424,,2.5188104001630434,"rgba(38, 166, 154, 0.5)",0.17457541801918075,2.7327450643683138,0.8435032681147989,51.48774405282083,6.411542265849924,False,False,False,False,False,3.0543217704635026,0.0,0.0,0.0,0.0,1,0.8991162518682173,0.9307947235038012,False,False,False,False,0.12889861248423187,0.16227427237776973,False,False,False,False,68929313,54724788.76090549,False,False,False,False,11974910.029893238,False,False,False,False
2025-02-20 00:00:00+00:00,3.01,3.065,2.75,2.83,16168459,,,,,,,2.8835151994097727,2.825068985327479,2.8195038962895977,2.8406819497998934,2.837101051235718,2.7908648512140046,2.698944919223093,2.696039452792142,2.6792187245647967,2.5476891877275913,2.3975273193380255,2.3789157744630325,2.3312434821793864,2.3064471127415116,2.305702452531954,2.2641584567727766,2.231180007113885,2.204256194528749,2.201247176150885,2.199910396003881,2.19654164360071,2.195712216572501,2.1772897127271933,2.176263187820358,2.156975990205078,2.111430791836428,2.0924507948789817,2.0508789054419188,2.034716986944024,2.020723692375024,2.000750455010359,1.9768276183879303,,,2.8835151994097727,2.7908648512140046,2.3975273193380255,2.2641584567727766,2.111430791836428,2.020723692375024,,2.5219608294704083,"rgba(0, 255, 255, 0.75)",0.17656553284087612,2.7347648992776863,1.5588268916015453,52.561778202573755,6.411542265849924,False,False,False,False,False,5.806939553762724,0.0,0.0,0.0,0.0,1,0.8918724376427877,0.9083028197665319,False,False,False,False,0.13416599452094696,0.14822013344935836,False,False,False,False,85097772,55915886.14283077,False,False,False,False,12139362.930681739,False,False,False,False
2025-02-21 00:00:00+00:00,2.82,3.0046,2.8,2.98,17891313,,,,,,,2.883165622317262,2.8263673059627648,2.820556000720835,2.841189518028574,2.8376575244162505,2.7919620410129484,2.7009022303559362,2.698021623335371,2.681337170303535,2.550585457678005,2.401085720826687,2.382554069498053,2.335037534800106,2.3103124399423587,2.309570389452143,2.2681640115656565,2.2352928010826254,2.2084336504522804,2.205432228512302,2.2040989904075254,2.2007388291051453,2.1999115391115325,2.181527391141114,2.180502817692822,2.161230780177818,2.1157583076533535,2.096817426655558,2.055294957968341,2.039143409510875,2.0251599727121756,2.005209189397352,1.981316815817203,,,2.883165622317262,2.7919620410129484,2.401085720826687,2.2681640115656565,2.1157583076533535,2.0251599727121756,,2.5245863165335605,#000000,0.17664623373252825,2.735568226705344,0.47797097911806896,49.74667786867781,4.764147817930272,False,True,False,False,False,1.4450492630440515,0.0,0.0,0.0,0.0,1,0.9097929421899517,0.9121619542811433,False,False,False,False,0.12868806699857924,0.1384541002239688,False,False,False,False,67206459,56358653.70585701,False,False,False,False,12364929.60006677,False,False,False,False
2025-02-24 00:00:00+00:00,2.84,2.865,2.77,2.85,13229687,,,,,,,2.8814775775939667,2.8263414445106703,2.820617583885539,2.8410137007687357,2.8375210983196415,2.7922780789636796,2.7019148661953793,2.69905390796232,2.682478288016411,2.552370039942156,2.403409665123119,2.38494120624196,2.3375531257595803,2.3128875154768807,2.312147550664689,2.2708515975028303,2.2380658604844093,2.2112606962072388,2.208265523765589,2.2069351721526926,2.2035820556937384,2.202756513736074,2.1844049670879664,2.1833820787363583,2.1641270906823555,2.118718712832894,2.099810159748454,2.058333235638347,2.042193117072584,2.0282200624003393,2.008289665426583,1.984423934627266,,,2.8814775775939667,2.7922780789636796,2.403409665123119,2.2708515975028303,2.118718712832894,2.0282200624003393,,2.5260692249768746,"rgba(38, 166, 154, 0.5)",0.17682892429821423,2.735481709528198,0.5910701028500084,48.27842434799929,3.3456526529079937,False,True,False,True,False,1.8690606794436704,0.0,0.0,0.0,0.0,1,0.8980048480328173,0.9562744732425879,False,False,False,False,0.04019729233795232,0.08932569628096057,False,False,False,False,80436146,57302869.08994105,False,False,False,False,12398841.654966112,False,False,False,False
2025-02-25 00:00:00+00:00,2.72,2.835,2.68,2.82,16244778,,,,,,,2.8767814899411523,2.824495187123684,2.8193524184055434,2.839750210267918,2.836312606731516,2.7917291975037606,2.702342282556281,2.699508025927739,2.6830821891361567,2.5538960706677534,2.4056937055995844,2.38731087173444,2.340105727487898,2.315525956758028,2.3147888528606657,2.27364508872979,2.24097616230712,2.214248885772721,2.2112625799100045,2.2099362786592174,2.2065931195220228,2.205770041101002,2.187466450757199,2.1864460827618015,2.167222746446797,2.121912237909588,2.103049773786586,2.0616454120215737,2.0455262339220406,2.0315716117535683,2.011673246046715,1.987847872104008,,,2.8767814899411523,2.7917291975037606,2.4056937055995844,2.27364508872979,2.121912237909588,2.0315716117535683,,2.527037189404049,#000000,0.17692386513426941,2.7340591361848867,-0.07946432876207454,45.388729813063605,0.5905640677307602,False,True,False,True,False,0.0,0.0,0.0,0.0,0.0,0,0.88360493215193,0.9680277588450337,False,False,False,False,-0.021955254063835736,0.03368522110856242,False,False,False,False,64191368,57573006.30210022,False,False,False,False,12549662.688104697,False,False,False,False
2025-02-26 00:00:00+00:00,2.83,2.83,2.68,2.7,13881022,,,,,,,2.874017161228065,2.8236486254573,2.818797743313415,2.8390858102599767,2.8356910285622927,2.7916139828859916,2.7029950373541998,2.700182131462944,2.6838755603819298,2.5554163564311327,2.4078201729232704,2.389506883520171,2.342448064278672,2.317936748587602,2.3172019643191826,2.2761814716322197,2.243607501587313,2.2169425245206216,2.2139633499065723,2.212640317571653,2.2093051771331784,2.2084840844921465,2.1902186596366677,2.1892002880673465,2.1700005953034873,2.124767225138562,2.1059418569270054,2.0645940918107866,2.0484906698257457,2.03455003175923,2.0146767784348243,1.9908833845708478,,,2.874017161228065,2.7916139828859916,2.4078201729232704,2.2761814716322197,2.124767225138562,2.03455003175923,,2.5281786218092264,"rgba(38, 166, 154, 0.5)",0.1770173300418076,2.7335465050959304,0.5448816501824393,45.73837242414165,0.5905640677307602,False,True,False,True,False,1.5894299597146393,0.0,0.0,0.0,0.0,0,0.8801354963018211,0.9795823233264962,False,False,False,False,-0.024545296066275535,0.004569962521143441,False,False,False,False,78072390,58376903.70201786,False,False,False,False,12601872.857198631,False,False,False,False
2025-02-27 00:00:00+00:00,2.7,2.81,2.69,2.79,14880267,,,,,,,2.869837579485984,2.82184341604392,2.817525621120009,2.8378400806048893,2.8344940365764915,2.7910066822501927,2.7032659630384335,2.700477104493832,2.684305791933548,2.5566895800435128,2.4097905645906965,2.3915557733891735,2.3446666063908697,2.320235228676331,2.3195030817690068,2.278623123697906,2.2461569392367586,2.2195647543556234,2.2165938403770835,2.215274572717601,2.2119487027134515,2.2111299023423308,2.1929095264366594,2.191893531407376,2.1727248950379887,2.127584325685555,2.108802064189165,2.0675238246413947,2.051441001652364,2.0375184063868614,2.0176758089627294,1.9939207674176012,,,2.869837579485984,2.7910066822501927,2.4097905645906965,2.278623123697906,2.127584325685555,2.0375184063868614,,2.5289625170395933,#000000,0.17695848752264304,2.7323763597982333,-0.18296019734057906,43.987764094003126,-0.8454832826270646,False,True,False,True,False,0.0,0.0,0.0,0.0,0.0,0,0.9034976955615885,0.9792600542963571,False,False,False,False,-0.029726402779237538,-0.012578220129047048,False,False,False,False,63192123,58565735.8313505,False,False,False,False,12691221.64711241,False,False,False,False
2025-02-28 00:00:00+00:00,2.72,2.72,2.63,2.67,20078995,,,,,,,2.862906034517796,2.818380852117758,2.815014684177491,2.8355269092355364,2.832249367436949,2.789606138423777,2.7031080103514524,2.7003528041645364,2.684371855826525,2.5579645765762655,2.4120607697620136,2.393936423445598,2.347291276827808,2.322975566148298,2.322247154512083,2.281566702541281,2.249253017836575,2.222766285062542,2.21980725714773,2.21849338111757,2.215180829492541,2.2143653183075855,2.196210739474413,2.1951982385399234,2.1760785462470817,2.131075559490064,2.11235551875505,2.0711820073270033,2.0551315850646987,2.0412371259557296,2.0214405126486223,1.9977422460097294,,,2.862906034517796,2.789606138423777,2.4120607697620136,2.281566702541281,2.131075559490064,2.0412371259557296,,2.5294939533614786,#000000,0.17692824422233638,2.7301245560771887,-0.05722408042700941,43.241789584310226,-1.681980457154296,False,True,False,True,False,0.0,0.0,0.0,0.0,0.0,0,0.9137293645229141,0.9726878704825035,False,False,False,False,-0.10779243469388483,-0.06018532741146594,False,False,False,False,83271118,59534574.34776813,False,False,False,False,12980938.249186434,False,False,False,False
2025-03-03 00:00:00+00:00,2.67,2.81,2.63,2.75,20506422,,,,,,,2.8568625347963654,2.8153756792079525,2.8128131753073347,2.83344774432739,2.830236008949521,2.788401486658457,2.7031107173775517,2.7003884855552687,2.6845938978884174,2.559370761452629,2.4144510628804583,2.3964366107667074,2.350033655128268,2.3258327883691052,2.325108099055366,2.2846265075862786,2.252465051926191,2.2260833324518665,2.2231361565623287,2.2218276602862406,2.2185283931317112,2.217716163450546,2.199627097346319,2.1986180735228498,2.1795467024000246,2.1346806529471594,2.116022784854086,2.074953496074176,2.058935196907085,2.045068668273001,2.0253179032889075,2.0016763472032015,,,2.8568625347963654,2.788401486658457,2.4144510628804583,2.2846265075862786,2.1346806529471594,2.045068668273001,,2.5302300708266845,#000000,0.17727649295648326,2.7283470787952817,-0.3291303760708108,41.97690682917525,-3.0453256654556355,False,True,False,True,False,0.0,0.0,0.0,0.0,0.0,0,0.9180909890662309,0.9479389217041598,False,False,False,False,-0.06085635723395835,-0.06052084232271215,False,False,False,False,62764696,59661245.785110556,False,False,False,False,13276055.25902226,True,False,False,False
2025-03-04 00:00:00+00:00,2.68,2.75,2.6,2.73,22462100,,,,,,2.6766666666666667,2.8496848858522617,2.8115172934676207,2.8099355839747524,2.8307924398957067,2.8276530797203403,2.7867182531201826,2.7027672405247727,2.700081442787359,2.684493503412357,2.560600569116148,2.4167871236880987,2.3988953049309787,2.352766392178351,2.3286960090321274,2.3279754949505613,2.2877173369767925,2.2557266329206733,2.22946446415043,2.226530727798495,2.22522831452466,2.2219440976678806,2.2211355829900548,2.2031214946116826,2.2021164664523316,2.183102867180447,2.138395036803015,2.1198078798957547,2.0788602209005873,2.0628803481975795,2.049047077764139,2.0293497209401066,2.00577372611892,,2.6766666666666667,2.8496848858522617,2.7867182531201826,2.4167871236880987,2.2877173369767925,2.138395036803015,2.049047077764139,,2.553273522258234,#000000,0.1753712150355872,2.7390499321918753,-0.3367139366622535,41.37563220226717,-3.8031420966360443,False,True,False,True,False,0.0,1.0,2.75,2.6,0.0,0,0.9267511964696376,0.9438436198645036,True,False,False,False,-0.10779243469388483,-0.08415663850829849,False,False,False,False,85226796,60663816.38177288,False,False,False,False,13636292.307688054,False,False,False,False
2025-03-05 00:00:00+00:00,2.82,2.83,2.67,2.68,17908029,,,,,,2.7195476163411154,2.847334845015893,2.8106888681648066,2.809329028391629,2.8300269277249117,2.8269343290337083,2.7865594042530457,2.7034904911708733,2.7008296269782486,2.685381539117575,2.562364050997608,2.4193017016827043,2.401496302035087,2.355553046802395,2.3315703616066488,2.3308527714756493,2.290750625105932,2.258880178539815,2.2326988226836693,2.2297742925684814,2.228476082109138,2.22520220674031,2.224396250688615,2.2064322158761516,2.2054298256962364,2.1864499765084724,2.1418453713946377,2.1233066733341777,2.082436520766888,2.0664794243211198,2.0526661803852235,2.0330032295139895,2.0094704873690943,,2.7195476163411154,2.847334845015893,2.7865594042530457,2.4193017016827043,2.290750625105932,2.1418453713946377,2.0526661803852235,,2.556668241484489,#000000,0.173339951363596,2.7409813687123914,0.4558593138281193,44.082794356993915,-3.8031420966360443,False,True,False,True,True,1.4536123041905888,0.0,0.0,0.0,0.0,0,0.9547206165703275,0.9267511964696376,False,False,False,False,-0.029726402779237538,-0.056941520643768014,False,False,False,False,103134825,62329346.13150728,False,False,False,False,13803811.393661072,False,False,False,False
2025-03-06 00:00:00+00:00,2.82,2.88,2.78,2.78,27396152,,,,,,2.762853073590783,2.8464054104406338,2.8112021438472707,2.8097576970539877,2.8299598087253113,2.826929018401112,2.787274590247257,2.7053920270727634,2.702765631654246,2.687509531006783,2.565673890115143,2.4236499478983244,2.405966985071938,2.3602805885237963,2.3364186864880554,2.335705228111071,2.2958232054174217,2.264123384875307,2.2380538959643146,2.2351422180328204,2.233849905832456,2.2305904956593503,2.2297881236747434,2.2118928556124975,2.2108940641492163,2.1919563493087373,2.147491532230557,2.1290205747117668,2.0882537948617745,2.0723255112628642,2.0585379154694463,2.038921222412291,2.0154475696619483,,2.762853073590783,2.8464054104406338,2.787274590247257,2.4236499478983244,2.2958232054174217,2.147491532230557,2.0585379154694463,,2.5615443481269167,#000000,0.1699204901504467,2.744154758018984,0.44635724575572294,45.88756912681175,-3.8031420966360443,False,True,False,True,True,1.4536123041905888,0.0,0.0,0.0,0.0,0,0.9779599725668683,0.9062597418791696,False,False,False,False,0.05316890555568756,-0.0018863075440402263,False,False,False,False,103134825,63929560.989095226,False,False,False,False,14336844.35861554,False,False,False,False
2025-03-07 00:00:00+00:00,2.9,2.94,2.8,2.83,23507138,,,,,,2.7930238395766316,2.8476535231296527,2.8130476262905044,2.811216926437158,2.830802990765861,2.82781739053061,2.788671956736235,2.707674665550699,2.705074825621496,2.689965462500303,2.569015489415938,2.4277916534128394,2.4102056479447653,2.3647173432998456,2.3409481085655024,2.3402379130755753,2.3005294418299203,2.26896497687919,2.242981825590359,2.2400801625932685,2.238792473732811,2.235544360150308,2.234744791677759,2.216902137339607,2.215906076548702,2.1969968250825445,2.152637147311919,2.1342190567695796,2.0935285876073677,2.0776201326048507,2.0638504911890307,2.044268283431585,2.020839538581175,,2.7930238395766316,2.8476535231296527,2.788671956736235,2.4277916534128394,2.3005294418299203,2.152637147311919,2.0638504911890307,,2.5660210884873176,"rgba(38, 166, 154, 0.5)",0.16831705389123736,2.747560868037247,0.9056665883734849,48.7283383814819,-6.187662431487524,False,True,False,False,True,3.1378097316274207,0.0,0.0,0.0,0.0,1,0.9796455790321581,0.8975463163764793,False,False,False,False,0.09482027008997378,0.04646698127296678,False,False,False,False,126641963,66388870.87187581,False,False,False,False,14696463.717101207,False,False,False,False
2025-03-10 00:00:00+00:00,2.79,2.88,2.73,2.87,28735349,,,,,,2.794694237563264,2.8455833465797475,2.812633368304444,2.8109391314624674,2.8301813243608813,2.827259596393186,2.7888768631546887,2.709126861793356,2.7065629806212748,2.6916552481444267,2.5719787238037743,2.4318757151590464,2.4144201986224987,2.369212822316488,2.345576771077728,2.3448710227290355,2.3054002391632076,2.2740195074959293,2.2481602262337965,2.245272686845184,2.2439914450978784,2.240759200883207,2.239963559060414,2.2221978596870904,2.221205859686588,2.202348873112519,2.158148722990241,2.139805522220543,2.099235591452655,2.0833628123901136,2.069624540677889,2.0500960323976782,2.0267347752245644,,2.794694237563264,2.8455833465797475,2.7888768631546887,2.4318757151590464,2.3054002391632076,2.158148722990241,2.069624540677889,,2.5684150435912216,#000000,0.16565752145438334,2.7480227591702793,0.25339773564872464,48.29597928240917,-6.187662431487524,False,True,False,False,True,0.7054086741399779,0.0,0.0,0.0,0.0,1,0.9722867269616231,0.8974272793937912,False,False,False,False,0.02723918593160522,0.036853083602286,False,False,False,False,97906614,67624860.79846892,False,False,False,False,15247008.237999199,False,False,False,False
2025-03-11 00:00:00+00:00,3.0,3.02,2.84,2.86,20774653,,,,,,2.8181037565495726,2.8488644258687916,2.8157905138631216,2.813443815732211,2.831952380620246,2.829061156538713,2.7909997475640345,2.7118726569483744,2.709328536454087,2.6945286215964956,2.5754831753333307,2.43597974921727,2.418600139935233,2.373541883463697,2.349975085689955,2.3492718856868824,2.3099363793640135,2.2786621700320615,2.252868157714182,2.2499883025457508,2.248710639494893,2.2454870919873717,2.2446936137281,2.226967181831737,2.2259771937246393,2.2071370565875026,2.163013335738178,2.1447108594220947,2.1041947665356275,2.088334249120871,2.0746074752417374,2.0551037272249606,2.031775745291634,,2.8181037565495726,2.8488644258687916,2.7909997475640345,2.43597974921727,2.3099363793640135,2.163013335738178,2.0746074752417374,,2.5729126270359015,"rgba(38, 166, 154, 1.0)",0.16685560461904733,2.751976776534361,1.4864542550542903,51.72597681725317,-3.2952459940817747,False,False,False,False,True,4.953196404945842,0.0,0.0,0.0,0.0,1,0.977455476800286,0.8732205610816606,False,False,False,False,0.15796542287165016,0.09740925323696809,False,False,False,False,118681267,69627072.80637209,False,False,False,False,15463778.620822761,False,False,False,False
2025-03-12 00:00:00+00:00,3.08,3.12,2.9606,3.0,20891997,,,,,,2.8485264025691275,2.8549457447754483,2.821036933495006,2.8176169745735002,2.8351112636926863,2.8322412233610894,2.794364126910907,2.7156927066725634,2.713164595552737,2.6984496645193676,2.57986056942431,2.4408291597850575,2.4235143220475734,2.3785724401922597,2.3550584775302337,2.3543574224227295,2.3151350601937213,2.2839514635438465,2.258207962802252,2.2553342581072338,2.2540595173628666,2.2508429817719326,2.2500512573905636,2.232354131524943,2.231365592474881,2.2125294801160122,2.168458443800887,2.15018853349661,2.1097058963639497,2.09384932906886,2.0801271853459475,2.0606395852422397,2.0373353893358646,,2.8485264025691275,2.8549457447754483,2.794364126910907,2.4408291597850575,2.3151350601937213,2.168458443800887,2.0801271853459475,,2.578798538608582,"rgba(0, 255, 255, 0.75)",0.1701151703146025,2.7577920425386173,1.8940577543173103,55.13990370011395,-0.11776191864841223,True,False,True,False,True,6.476168215796424,0.0,0.0,0.0,0.0,1,0.9939955849889625,0.8644002943340692,False,False,False,False,0.27780823062951776,0.18760874193324292,False,False,False,False,139573264,72370060.69631828,False,False,False,False,15676649.929810105,False,False,False,False
2025-03-13 00:00:00+00:00,3.23,3.31,3.1,3.13,28534190,,,,,,2.9032527141639797,2.868922560166978,2.832514751672931,2.8267933615723337,2.8423349476846935,2.83947502112055,2.8015710884575746,2.7231777372517243,2.720663706069899,2.7060173931472082,2.587685094765024,2.449026400731149,2.4317760261537833,2.386922587716662,2.36344536477063,2.362746364573937,2.3236305049093717,2.2925360189172963,2.2668294553448116,2.2639608127099917,2.2626886330846143,2.2594780052116743,2.258687783723435,2.241009031194202,2.2400212481452737,2.221162885462747,2.177112125109676,2.1588688325418883,2.1183874562263316,2.1025181951698153,2.0887874119786742,2.069303030081742,2.046010513207114,,2.9032527141639797,2.868922560166978,2.8015710884575746,2.449026400731149,2.3236305049093717,2.177112125109676,2.0887874119786742,,2.5896640955950265,"rgba(0, 255, 0, 1.0)",0.17730789629930505,2.769504748984894,2.5971502715128136,59.2432161928951,3.625457739542,True,False,True,False,True,9.212822837612034,0.0,0.0,0.0,0.0,0,1.0184902947519772,0.830136592379583,False,False,False,False,0.342828154998281,0.265218448465762,False,False,False,False,168107454,76124468.27685483,False,False,False,False,16180867.187464612,False,False,False,False
2025-03-14 00:00:00+00:00,3.19,3.31,3.19,3.3,21653554,,,,,,2.936648043165081,2.879301495833337,2.8411483648460876,2.8337660938598077,2.84787332910407,2.845020482282947,2.8070916091397775,2.728897369052735,2.7263936196632357,2.711797285571756,2.593649812127386,2.4552649514260625,2.438062349026032,2.3932741255737597,2.369823965111966,2.3691264897270865,2.330089675804609,2.299061435918798,2.2733822138925515,2.270517327728455,2.269247050705716,2.266040809047532,2.2652517037502604,2.247586521080605,2.24659929412746,2.2277240977642636,2.183688118990053,2.1654646102490207,2.124983864589164,2.109104972521015,2.0953676128283796,2.0758855049711764,2.0526015874981414,,2.936648043165081,2.879301495833337,2.8070916091397775,2.4552649514260625,2.330089675804609,2.183688118990053,2.0953676128283796,,2.597509501942777,"rgba(0, 255, 0, 1.0)",0.18267038202309505,2.777928395611492,2.255820565024107,61.0666848521424,5.202955054646054,True,False,True,False,True,8.307496632394287,0.0,0.0,0.0,0.0,0,1.0340128296507485,0.8287384176764079,False,False,False,False,0.3428281594593046,0.3040233039625333,False,False,False,False,146453900,78882485.20717426,False,False,False,False,16395482.356583646,False,False,False,False
2025-03-17 00:00:00+00:00,3.36,3.38,3.19,3.19,17310613,,,,,,2.964849137455045,2.8889763018736456,2.8491506461425065,2.8402601491649566,2.853091742460123,2.8502396781872776,2.8122193087694236,2.734093115138216,2.731595476430229,2.7170263207150014,2.5989286498328554,2.460688674797532,2.4435176023222596,2.398762280787825,2.375324105117218,2.374627606664435,2.3356407097750833,2.304655812676993,2.2789896875512095,2.2761268879812557,2.274857738155933,2.2716539945843963,2.2708655361019323,2.2532052974953785,2.25221818230527,2.2333220875656887,2.1892838671386,2.1710712566563837,2.130578943702248,2.1146874653671155,2.100940797364857,2.0814553685569632,2.058172624785402,,2.964849137455045,2.8889763018736456,2.8122193087694236,2.460688674797532,2.3356407097750833,2.1892838671386,2.100940797364857,,2.604438194692155,"rgba(0, 255, 0, 1.0)",0.19351495041993794,2.7855355772610735,2.9685790244748915,64.15740441895436,8.028182607387983,True,False,True,False,True,11.278320696544437,0.0,0.0,0.0,0.0,0,1.0319944016794962,0.8234569629111267,False,False,False,False,0.34282814935759487,0.3234257266600641,False,False,False,False,163764513,82211192.17944193,False,False,False,False,16431369.832796052,False,False,False,False
2025-03-18 00:00:00+00:00,3.34,3.48,3.32,3.45,19969659,,,,,,2.9981248334084794,2.9013790746516612,2.859401024344149,2.8486192523780494,2.8598673733876656,2.8570117246671183,2.8188200700652115,2.7406873825503864,2.7381948055501986,2.7236449825508506,2.6055125842794644,2.467369333386447,2.450228243851743,2.405492516522938,2.38205895091596,2.381363347036924,2.342421289171338,2.311477141201234,2.2858177338834578,2.282956462187133,2.2816882345097054,2.278486404884323,2.277698456863782,2.2600382682801516,2.2590509635167204,2.240123671329282,2.1960693997433713,2.177864630558191,2.137347404235904,2.121436728865956,2.107675441900384,2.0881812451197,2.0648943692226047,,2.9981248334084794,2.9013790746516612,2.8188200700652115,2.467369333386447,2.342421289171338,2.1960693997433713,2.107675441900384,,2.61302240629952,"rgba(0, 255, 0, 1.0)",0.20196039215646955,2.795091192663345,2.6980973918612947,65.74395675557817,9.468408956510245,True,False,True,False,True,10.81939711780818,0.0,0.0,0.0,0.0,0,1.0446531184302732,0.8316187806587245,False,False,False,False,0.34282816409130834,0.3331269453756862,False,False,False,False,143794854,84626237.74103245,False,False,False,False,16570126.270725619,False,False,False,False
2025-03-19 00:00:00+00:00,3.38,3.39,3.285,3.35,14481946,,,,,,3.017546232584788,2.9094789673672334,2.8661990860824207,2.8542063965624385,2.864411262001309,2.861555235934069,2.8232748450291774,2.74517768742852,2.7426896115961488,2.7281590902406387,2.610046076178017,2.4720051742929328,2.4548884565993854,2.4101755637440303,2.3867497611538178,2.386054906278146,2.347150948745029,2.3162403208340985,2.2905898190506653,2.2877300673747074,2.2864626821375604,2.28326269115268,2.2824752224990226,2.264817853150497,2.263830570272545,2.244884548886867,2.200825460371134,2.1826286084757367,2.142099305566422,2.126177231800565,2.112407417265849,2.092909384628093,2.069622250916805,,3.017546232584788,2.9094789673672334,2.8232748450291774,2.4720051742929328,2.347150948745029,2.200825460371134,2.112407417265849,,2.618716475453879,"rgba(0, 255, 0, 1.0)",0.21149642724815398,2.8013314201275956,2.736067873115597,67.24278733784645,10.915042493354207,True,False,True,False,True,11.508616368963033,0.0,0.0,0.0,0.0,0,1.02980818716704,0.8426272377004717,False,False,False,False,0.2873512085611604,0.31023907696842334,False,False,False,False,158276800,87514495.08452137,False,False,False,False,16488236.848344222,False,False,False,False
2025-03-20 00:00:00+00:00,3.33,3.35,3.25,3.31,17027771,,,,,,3.0352899698700804,2.917774719103196,2.873290118570022,2.860081902877818,2.8691999036055176,2.86634665213722,2.8280127894907405,2.7500166839410123,2.7475351559035786,2.7330352445204262,2.615011006164227,2.477138911778604,2.460054897087847,2.4153818261280433,2.391971783292353,2.3912779624740783,2.352427324737873,2.3215621963072075,2.2959282312059215,2.2930708892935137,2.291804757993905,2.2886076106284885,2.287820870943144,2.2701709877097076,2.269183968839484,2.250221665108093,2.2061671061470616,2.1879829395183714,2.1474483678828196,2.1315166318747463,2.1177398705110364,2.0982411022657255,2.074957781076044,,3.0352899698700804,2.917774719103196,2.8280127894907405,2.477138911778604,2.352427324737873,2.2061671061470616,2.1177398705110364,,2.6247204084244635,"rgba(0, 255, 0, 1.0)",0.218881925469629,2.807768369197558,2.385905687196197,66.94713988366107,10.915042493354207,True,False,True,False,True,10.339686150455435,0.0,0.0,0.0,0.0,0,1.026052242620143,0.8437141712596523,False,False,False,False,0.25218962707260983,0.2812143520205166,False,False,False,False,141249029,89621731.70865779,False,False,False,False,16509395.050369939,False,False,False,False
2025-03-21 00:00:00+00:00,3.22,3.28,3.2,3.26,22963023,,,,,,3.0502683363065275,2.9263493876827718,2.8808844351952607,2.8664596152968924,2.8744017917901084,2.871559361572023,2.8332646357692273,2.7555369194985095,2.7530670667968886,2.7386262838009294,2.620869625696267,2.4833350889434116,2.466304488406305,2.421714565428988,2.398340810824076,2.39764873637593,2.358889529182947,2.3280997497795726,2.302501864163172,2.299649190469189,2.2983853516947006,2.2951935937940524,2.2944082144146916,2.27677788547795,2.2757917621612473,2.256820378179372,2.2127950034968,2.194635650122449,2.154114173540815,2.1381778372179947,2.1243986584178414,2.104907458593508,2.081638639033107,,3.0502683363065275,2.9263493876827718,2.8332646357692273,2.4833350889434116,2.358889529182947,2.2127950034968,2.1243986584178414,,2.63138857414895,"rgba(0, 255, 255, 0.75)",0.22297190062531058,2.8145884836988047,1.818217969009748,64.13918954494078,10.915042493354207,True,False,True,False,False,7.827227351133882,0.0,0.0,0.0,0.0,0,1.0122050335431791,0.8538013307068176,False,False,False,False,0.19341989169894588,0.23731712185973125,False,False,False,False,118286006,90745820.89655356,False,False,False,False,16762478.49937504,False,False,False,False
2025-03-24 00:00:00+00:00,3.23,3.29,3.2,3.26,12771910,,,,,,3.0579273976156864,2.9310191593095265,2.8850486174583225,2.8699761905072267,2.8772837933439033,2.8744473136528708,2.836174907089445,2.758595100240026,2.7561316631992336,2.7417234246709175,2.624115312141676,2.4867678690439816,2.4697667888247428,2.4252231304797887,2.4018696253632887,2.4011785182995284,2.362469997901034,2.3317219713411834,2.306144239771748,2.303294166499735,2.302031602741474,2.298842845440872,2.298058223109417,2.2804388669286237,2.279453248580375,2.260477149098969,2.216468360202591,2.1983228499185166,2.1578090465397595,2.14187036584447,2.128090011955661,2.1086031790622797,2.0853425692739207,,3.0579273976156864,2.9310191593095265,2.836174907089445,2.4867678690439816,2.362469997901034,2.216468360202591,2.128090011955661,,2.635043959337693,"rgba(0, 255, 255, 0.75)",0.22682493149904057,2.818311034339029,1.8150075608540959,62.428513993510265,10.915042493354207,True,False,True,False,False,8.010179687257036,0.0,0.0,0.0,0.0,0,1.0081762845959914,0.8661011519228895,False,False,False,False,0.19793068675767506,0.21762390430870315,False,False,False,False,131057916,92326687.37119852,False,False,False,False,16605985.617046608,False,False,False,False
2025-03-25 00:00:00+00:00,3.37,3.4,3.26,3.27,19566679,,,,,,3.07455001156232,2.940214003957416,2.893047784775581,2.876706168392968,2.8828450129119725,2.880011054731412,2.8416740082043956,2.7641958402809452,2.7617393700156336,2.7473635005119963,2.629845544939934,2.4926801652445474,2.475714976648385,2.4312146548794797,2.4078782733790405,2.4071883048717653,2.368538534777413,2.3378407930693106,2.3122812407842566,2.309433827220406,2.308172649446375,2.30498703313107,2.304203216371593,2.2865920667886956,2.285606735561358,2.2666123576567823,2.222608331081412,2.204476874769398,2.163956978295354,2.148007420235808,2.1342192314022497,2.114731482786635,2.0914750356998213,,3.07455001156232,2.940214003957416,2.8416740082043956,2.4926801652445474,2.368538534777413,2.222608331081412,2.1342192314022497,,2.641748153557959,"rgba(0, 255, 0, 1.0)",0.2344859818319009,2.825443110907004,2.322343045152183,63.36909674970056,10.915042493354207,True,False,True,False,False,10.519049217879427,0.0,0.0,0.0,0.0,0,1.0012092906884618,0.8559554091433498,False,False,False,False,0.27600806929111354,0.24681598679990835,False,False,False,False,150624595,94612879.82722995,False,False,False,False,16722091.239907525,False,False,False,False
2025-03-26 00:00:00+00:00,3.47,3.56,3.44,3.49,27188395,,,,,,3.1056545997654914,2.9567383002833703,2.907183179338311,2.88858745938491,2.8927479059959387,2.8899053716471776,2.851297073147485,2.7737288022988236,2.77127668663271,2.7569132457613525,2.639263856223803,2.5021545513058245,2.4852215812122136,2.440729385116934,2.417390480069243,2.4167014423578106,2.378097451337368,2.3474436000519168,2.3218851983223487,2.319038964412233,2.3177786342144118,2.31459461538099,2.3138112447130905,2.2961951494050648,2.295209292558118,2.2761685173223944,2.232131818528847,2.2140062576717954,2.1734438801863525,2.157465316699648,2.143654729414936,2.1241511878837054,2.1008844491167813,,3.1056545997654914,2.9567383002833703,2.851297073147485,2.5021545513058245,2.378097451337368,2.232131818528847,2.143654729414936,,2.653097956733263,"rgba(0, 255, 0, 1.0)",0.2448476636163254,2.8379728247454628,2.581307764671668,65.23409360504621,10.915042493354207,True,False,True,False,False,12.232416854901505,0.0,0.0,0.0,0.0,0,1.030050588364676,0.8211123941493457,False,False,False,False,0.342828164638727,0.2948220757193177,False,False,False,False,177812990,97875629.24576996,False,False,False,False,17132534.524617035,False,False,False,False
2025-03-27 00:00:00+00:00,3.62,3.62,3.4749,3.53,22191756,,,,,,3.1324906999495674,2.9714618575480287,2.9197818613832567,2.8992200578408704,2.901667057955982,2.8988131815572746,2.859919577873368,2.782192036300498,2.779741421757316,2.765375721212777,2.6475228773892185,2.510383462381057,2.4934697619400006,2.448964098307814,2.425613012178058,2.4249244766267477,2.3863437089108417,2.3557153629978207,2.3301485859315165,2.3273023354789326,2.3260422751223384,2.322858481081991,2.322075211572811,2.3044487938923552,2.303462153976446,2.2843756771204635,2.2402972841615605,2.222171210521989,2.181561192062936,2.1655537135654774,2.1517204866161235,2.13219848277918,2.1089171296950187,,3.1324906999495674,2.9714618575480287,2.859919577873368,2.510383462381057,2.3863437089108417,2.2402972841615605,2.1517204866161235,,2.663052557776047,"rgba(0, 255, 0, 1.0)",0.25985255694594617,2.8490714081082205,2.9667924031709494,68.02825345035339,12.093757924336188,True,False,True,False,True,14.685466205730275,0.0,0.0,0.0,0.0,0,1.0301472209969122,0.828214600794001,False,False,False,False,0.3428281695214162,0.31882512262036694,False,False,False,False,200004746,101880692.64789665,False,False,False,False,17330935.366788916,False,False,False,False
2025-03-28 00:00:00+00:00,3.6,3.78,3.58,3.66,27613902,,,,,,3.1673194653520125,2.991190603940016,2.9366902314602084,2.9135495389641815,2.9137576018808895,2.9108847124150006,2.8715638669632386,2.793539939748725,2.7910888218078282,2.776705987636299,2.658488467423197,2.521222611978277,2.5043245951700435,2.4597784690706015,2.4364002731136556,2.435712057513721,2.397143437034244,2.3665345863577993,2.340946345517519,2.3380989122460294,2.336838686718406,2.333653891500991,2.33287043569569,2.3152237161735534,2.314235681765057,2.2950830562369875,2.2509349236366156,2.2328018688189366,2.1921171293344686,2.17606742919471,2.162200836697477,2.1426492091492384,2.1193422461912244,,3.1673194653520125,2.991190603940016,2.8715638669632386,2.521222611978277,2.397143437034244,2.2509349236366156,2.162200836697477,,2.6762470262796745,"rgba(0, 255, 0, 1.0)",0.2728486363872343,2.9173743710923103,2.501847317055632,69.3631150483202,13.481634325653843,True,False,True,False,True,14.211112285530255,0.0,0.0,0.0,0.0,0,1.0374586149341944,0.811037841683312,False,False,False,False,0.34282818071812793,0.3308266516692474,False,False,False,False,172390844,104645796.62248895,False,False,False,False,17734188.960248176,False,False,False,False
2025-03-31 00:00:00+00:00,3.71,3.73,3.5,3.64,24743397,,,,,,3.1944176812916396,3.0077547666524462,2.9510572984974432,2.9258229850346096,2.9241708839919727,2.921283684493848,2.881624611167057,2.803383047472176,2.80093240532536,2.786540248371876,2.6680485284375224,2.530705673891013,2.5138244553680216,2.4692517989690157,2.4458543346158357,2.4451665125565567,2.406614771398061,2.3760275756658653,2.350424653257766,2.347576617551303,2.3463164345165177,2.343131240427984,2.3423477380022075,2.324686001005651,2.323696900317558,2.3044896955557523,2.2602869509239745,2.2421501062322085,2.2014053844434236,2.1853208468930894,2.171426805830728,2.1518515388418837,2.128524736668894,,3.1944176812916396,3.0077547666524462,2.881624611167057,2.530705673891013,2.406614771398061,2.2602869509239745,2.171426805830728,,2.6875241267004695,"rgba(0, 255, 0, 1.0)",0.28893485658768503,2.9292850441254052,2.702044900690844,71.32664435584184,15.48172649106084,True,False,True,False,True,15.96352915658975,0.0,0.0,0.0,0.0,0,1.0192518810078455,0.8184325380887355,False,False,False,False,0.2956354275414159,0.31323103960533166,False,False,False,False,197134241,108272794.44121487,False,False,False,False,18009059.86376786,False,False,False,False
2025-04-01 00:00:00+00:00,3.65,3.65,3.46,3.64,29872658,,,,,,3.219478417282978,3.0248938624436956,2.9662154542422257,2.9389152878692406,2.93534334161072,2.9324466517318264,2.892502572013272,2.8141438472474323,2.8116968842735135,2.797313039695317,2.678654044951675,2.541339546085652,2.524488767470708,2.479916701986192,2.4565126757357225,2.4558257149240603,2.417315816964374,2.3867701053591,2.361164774198076,2.3583175834109498,2.3570581167929796,2.353874163035329,2.3530910218934027,2.3354217003694875,2.3344319151012334,2.3151733589761743,2.2709305169887104,2.2527976535561156,2.2120032047519063,2.1958861261158904,2.181966788102905,2.162372589778902,2.1390323144796004,,3.219478417282978,3.0248938624436956,2.892502572013272,2.541339546085652,2.417315816964374,2.2709305169887104,2.181966788102905,,2.6996627544748364,"rgba(0, 255, 0, 1.0)",0.3017162320536954,2.940809643508305,2.3505210563728722,71.01436231069113,15.48172649106084,True,False,True,False,True,14.527047839117795,0.0,0.0,0.0,0.0,0,1.0136231199307033,0.8206945428773922,False,False,False,False,0.25318513246563595,0.2832080860354838,False,False,False,False,167261583,110586080.26704958,False,False,False,False,18474299.0063652,False,False,False,False
2025-04-02 00:00:00+00:00,3.62,3.69,3.52,3.6,21865189,,,,,,3.236924890053136,3.037304065796438,2.977260321825913,2.948507561374431,2.9435695517218754,2.940665866014668,2.900514834273019,2.8220669302118564,2.8196224683398388,2.8052437731147823,2.686458321964893,2.549158942831303,2.5323296024979234,2.487756572761975,2.46434711342968,2.4636607557240593,2.4251800582656307,2.3946635715702986,2.369055869184543,2.3662092216463724,2.3649502434550493,2.3617671116413312,2.3609842134167174,2.343308988342575,2.342318684644047,2.323022507477079,2.2787496462660677,2.260619283979168,2.219787965471011,2.203646977670302,2.1897090262191523,2.1701007240388894,2.1467502411187698,,3.236924890053136,3.037304065796438,2.900514834273019,2.549158942831303,2.4251800582656307,2.2787496462660677,2.1897090262191523,,2.7085250146301316,"rgba(0, 255, 0, 1.0)",0.3121517879793954,2.949856886013772,2.146850153651732,70.00072546729282,15.48172649106084,True,False,True,False,True,13.81148833026742,0.0,0.0,0.0,0.0,0,1.0109694478623976,0.8329449956802891,False,False,False,False,0.2884919436129382,0.285850014824211,False,False,False,False,145396394,111951190.60951823,False,False,False,False,18607275.084546953,False,False,False,False
2025-04-03 00:00:00+00:00,3.54,3.65,3.2,3.2,21521650,,,,,,3.246461374965421,3.0460163617510982,2.985332138271937,2.955650209630291,2.949733572983561,2.946832948895308,2.906633799622733,2.828289725340172,2.8258519695463895,2.8115048026827454,2.6928135010563636,2.55569578939781,2.5389020174100674,2.494373048939834,2.4709812304463794,2.470296013007843,2.431874365732557,2.4014084757373197,2.375819644797324,2.372975725039216,2.3717181602664676,2.3685382438832416,2.367756169179009,2.350089675936707,2.349099690229448,2.3297860293105392,2.2855191121409666,2.26740320565229,2.226566708609625,2.2104151287030964,2.1964695518709214,2.176860631713251,2.1535146681687407,,3.246461374965421,3.0460163617510982,2.906633799622733,2.55569578939781,2.431874365732557,2.2855191121409666,2.1964695518709214,,2.7153723357627184,"rgba(0, 255, 255, 0.75)",0.3203361410194577,2.9552139318064046,1.8255388428309585,67.25214704684291,15.48172649106084,True,False,True,False,False,11.921064486633878,0.0,0.0,0.0,0.0,0,0.9716342295345105,0.8443519261637239,False,False,False,False,0.1639917122459429,0.22492086353507695,False,False,False,False,123874744,112418780.93855673,False,False,False,False,18721564.296917662,False,False,False,False
2025-04-04 00:00:00+00:00,3.01,3.43,2.975,3.3,24770343,,,,,,3.2414618259191452,3.048139252657742,2.9882015888969513,2.958521477841964,2.9522731882314357,2.949398745596894,2.9094972560621537,2.8317142683645153,2.8292941406264474,2.815044836908684,2.696969067833599,2.560451709835991,2.543733217189542,2.499360790694612,2.4760433022840815,2.4753606934713996,2.437078833155509,2.4067230504817143,2.3812059030554633,2.378370302905139,2.377116571598837,2.3739460435976607,2.3731662986700837,2.3555440834470573,2.3545564111443076,2.3352682541898875,2.2910916423314394,2.2730207680750056,2.232251459550418,2.2161180370717126,2.2021887940949836,2.18261042944984,2.1593040856255086,,3.2414618259191452,3.048139252657742,2.9094972560621537,2.560451709835991,2.437078833155509,2.2910916423314394,2.2021887940949836,,2.7189421726006495,#000000,0.31997956015801,2.9538306174819295,0.17554053293383204,57.18560965188691,13.281560611717858,False,False,True,False,False,0.9868346436014228,0.0,0.0,0.0,0.0,0,0.93713163064833,0.8596113333491135,False,False,False,False,0.016419351344768754,0.12067010743992285,False,False,False,False,99104401,111896648.39194666,False,False,False,False,18958771.304881677,False,False,False,False
2025-04-07 00:00:00+00:00,2.99,3.24,2.895,2.94,20428471,,,,,3.0416666666666665,3.2341229681089,3.048018785521824,2.9890159408416035,2.9595854323389403,2.953255026776123,2.9504071496908044,2.910830765801924,2.833609517599175,2.8312061185318154,2.8170512983083724,2.6996004098557878,2.5636695556325377,2.5470210789590433,2.5028029239651235,2.47955968464282,2.478879531915751,2.440729918265818,2.410477177077474,2.385031222360122,2.382203730776025,2.380953690353077,2.3777922733384584,2.37701478198456,2.3594374139847423,2.3584521254085207,2.3391963604365777,2.2951147518193036,2.2770879224318885,2.2363921764138115,2.2202813349337633,2.206371853385382,2.1868264662103827,2.1635613346191236,,3.2341229681089,3.048018785521824,2.910830765801924,2.5636695556325377,2.440729918265818,2.2951147518193036,2.206371853385382,,2.753827058643031,#000000,0.3189523955555519,2.969742962285085,0.06351116341243154,50.272859734320136,7.227685979559439,False,True,False,False,False,0.6205396481699594,0.0,0.0,0.0,0.0,0,0.922354356577669,0.899796399981491,False,False,False,False,-0.07236488474969771,0.024152611345112568,False,False,False,False,78675930,110593875.12167424,False,False,False,False,19016406.58704318,False,False,False,False
2025-04-08 00:00:00+00:00,2.98,3.18,2.95,3.16,24647197,,,,,3.0389326864403503,3.225743554442884,3.0477694667660957,2.9898758143419575,2.960757391422378,2.954345902576377,2.951529771172361,2.9123441414297493,2.8357972339710504,2.8334138828651034,2.819372478480311,2.7026765374743853,2.567455084035955,2.550891066966173,2.5068601790842697,2.483707254225381,2.483030072339956,2.4450405563343027,2.41491248870254,2.389553245195836,2.3867356132774207,2.3854900552709406,2.382339712697724,2.381564959732397,2.3640423521039495,2.3630599796060054,2.343844582927409,2.299879516532858,2.281906347110478,2.2413012838232125,2.2252186088440835,2.211333726107271,2.1918289737213383,2.168614453222555,,3.225743554442884,3.0477694667660957,2.9123441414297493,2.567455084035955,2.4450405563343027,2.299879516532858,2.211333726107271,,2.755700440413371,#000000,0.31741938041502393,2.9675410222162535,0.03925084148124937,45.55619481529641,3.307328022953506,False,True,False,True,False,0.4350116230539314,0.0,0.0,0.0,0.0,0,0.9475294442399707,0.9015228192859772,False,False,False,False,-0.07401548646576182,-0.024931437560324628,False,False,False,False,54028733,108375634.2541576,False,False,False,False,19237221.897355214,False,False,False,False
2025-04-09 00:00:00+00:00,3.24,3.28,3.06,3.17,27727691,,,,,3.0977373004863686,3.2242667704360937,3.0512792312102492,2.9939239659568306,2.9646685838012092,2.9578110901336756,2.9550189462137846,2.9160950931622054,2.8400788389594522,2.8377127823459793,2.823766730999723,2.707662821075898,2.5730399319557895,2.5565529852242497,2.5126795271878573,2.489601233575016,2.4889267276818807,2.4510805901981376,2.4210661292781634,2.395779604394535,2.3929704729315993,2.3917288473641296,2.3885881132500666,2.3878157474508526,2.370337873411874,2.3693578265675828,2.350166096529846,2.306291467405734,2.2883645552363214,2.2478261940778044,2.231760755380893,2.2178915660378427,2.19841742023996,2.175243106286853,,3.2242667704360937,3.0512792312102492,2.9160950931622054,2.5730399319557895,2.4510805901981376,2.306291467405734,2.2178915660378427,,2.762937444213855,"rgba(38, 166, 154, 0.5)",0.3155830868165771,2.9723727383151695,0.8480405727204919,46.73307440321877,3.307328022953506,False,True,False,True,False,4.991869681389254,0.0,0.0,0.0,0.0,0,0.9431836038341529,0.8853794868341303,False,False,False,False,-0.0049254453101258856,-0.014928441435225256,False,False,False,False,81756424,107331743.65595534,False,False,False,False,19570181.470007952,False,False,False,False
2025-04-10 00:00:00+00:00,3.4,3.47,3.215,3.25,27984957,,,,,3.1710201199313617,3.2303077249516625,3.0586531330373186,3.0011633763451044,2.9712943234900178,2.9636358671345477,2.9608562196027246,2.9220184529357778,2.8463076834576273,2.843953749722433,2.8300712367268432,2.714302676661482,2.580078919120336,2.5636512421311246,2.5198816892248574,2.4968508264216105,2.4961783318962145,2.4584388658847,2.4285114344420187,2.4032725401687114,2.4004692976737094,2.3992304883483557,2.3960964925661954,2.395325815987683,2.3778755687958757,2.3768968771672037,2.3577064359026387,2.3138807647189257,2.295985840956258,2.2554779854869853,2.2394148652447146,2.225549008567005,2.2060899731714456,2.1829387518660535,,3.2303077249516625,3.0586531330373186,2.9220184529357778,2.580078919120336,2.4584388658847,2.3138807647189257,2.225549008567005,,2.7730224206643244,"rgba(38, 166, 154, 1.0)",0.3151625921004172,2.9817558071017123,1.3270743526726247,49.56756760657234,3.307328022953506,False,True,False,False,False,7.579160580217561,0.0,0.0,0.0,0.0,0,0.9601518026565466,0.8691364017474958,False,False,False,False,0.10878527384453546,0.0469284162046551,False,False,False,False,109741381,107426239.23807473,False,False,False,False,19900172.667262543,False,False,False,False
2025-04-11 00:00:00+00:00,3.57,3.66,3.5,3.5,21386423,,,,,3.2420276678743982,3.241566905612555,3.0678901926911624,3.009693109569075,2.9789182361584037,2.970319126987936,2.9675383354372404,2.928602338310903,2.8529128597109046,2.8505632833566037,2.8366991333328184,2.720942031426076,2.5868306548650057,2.5704308998092413,2.5266886849352734,2.503667577037136,2.502995968539106,2.4653020417447475,2.4354149804144574,2.410187919383031,2.4073866143724896,2.4061488604312884,2.403017195687942,2.4022471243664163,2.3848012356094808,2.383822629710774,2.3646113884231075,2.3207824917572593,2.3028979462959875,2.2623779114189944,2.246301969088973,2.232426553989448,2.2129638281657495,2.1898133817838694,,3.241566905612555,3.0678901926911624,2.928602338310903,2.5868306548650057,2.4653020417447475,2.3207824917572593,2.232426553989448,,2.783459597359804,"rgba(0, 255, 255, 0.75)",0.3186041063397818,2.992959781188738,1.8111512291554257,53.30308756772812,3.307328022953506,False,True,False,False,True,10.176519630232526,0.0,0.0,0.0,0.0,0,0.973105828891025,0.861683998951324,False,False,False,False,0.2707561552836837,0.1588422857441694,False,False,False,False,131127804,108355712.36599337,False,False,False,False,19958456.994036563,False,False,False,False
2025-04-14 00:00:00+00:00,3.59,3.61,3.46,3.52,20057527,,,,,3.2859278458424237,3.2507906296400484,3.0758750526718197,3.017146316248384,2.9856235780548386,2.976219867189037,2.973439727935987,2.9344398720199454,2.8588037107678246,2.8564589201597737,2.8426164696177807,2.72690932521658,2.592932925456608,2.5765617956359916,2.532853393509678,2.5098456675267395,2.5091749852063905,2.4715290974769215,2.4416836990076667,2.416471670058763,2.4136725840283013,2.412435989003308,2.4093069500626485,2.4085375528708157,2.391098489588604,2.3901201214639083,2.370893266891401,2.3270681632599435,2.309195576336391,2.268670192016503,2.252584809299336,2.2387025596233894,2.2192389593547786,2.196092051225442,,3.2507906296400484,3.0758750526718197,2.9344398720199454,2.592932925456608,2.4715290974769215,2.3270681632599435,2.2387025596233894,,2.7917652274621605,"rgba(0, 255, 255, 0.75)",0.3220767073313433,3.0017169866432356,1.8265307610449317,55.99946088867508,-2.973264967100647,False,False,True,False,True,10.474935065342777,0.0,0.0,0.0,0.0,0,0.9612168459561866,0.8752014285092112,False,False,False,False,0.23923819422837475,0.19904023998627207,False,False,False,False,151185331,110035305.25360148,False,False,False,False,19962342.09230964,False,False,False,False
2025-04-15 00:00:00+00:00,3.64,3.66,3.5501,3.63,18485841,,,,,3.3239733502545956,3.2605030828117383,3.0839513650699746,3.024627465597496,2.992340826414071,2.982139060449468,2.97935730174919,2.9402652496844097,2.8646332925794713,2.8622918356463627,2.848462833768171,2.732749684568914,2.598855786441073,2.5825071382946043,2.5388185962725034,2.515817478331525,2.5151475047241916,2.4775379108850144,2.4477250728730175,2.4225215745016913,2.419723973908455,2.4184882061183144,2.4153609705724155,2.4145920444432227,2.3971556626889794,2.396177310001494,2.3769315249066754,2.3331012276258933,2.3152365880731884,2.2746987243126275,2.258601574706377,2.2447104746164674,2.225242810937574,2.2020955299482883,,3.2605030828117383,3.0839513650699746,2.9402652496844097,2.598855786441073,2.4775379108850144,2.3331012276258933,2.2447104746164674,,2.799711320545874,"rgba(0, 255, 255, 0.75)",0.3261548849994482,3.0102905653971037,1.9307067395417417,58.33152887805039,-0.7133455553953993,False,False,True,False,True,11.223898881540986,0.0,0.0,0.0,0.0,0,0.9894676851922886,0.8568438126760408,False,False,False,False,0.2885275892960783,0.2437839146411752,False,False,False,False,169671172,112373966.69463672,False,False,False,False,19904440.088689655,False,False,False,False
2025-04-16 00:00:00+00:00,3.74,3.86,3.56,3.75,26027937,,,,,3.379170003790638,3.2770571104040043,3.097049529690453,3.036633361017987,3.003085112996559,2.9916170701716047,2.9888278932117824,2.949527821529621,2.873797657570568,2.8714584298868355,2.8576332818399695,2.7417900158319575,2.607914553088559,2.591588560265079,2.54790144440013,2.524896138379657,2.524226825778768,2.486649736052999,2.4568691670616456,2.431665105570705,2.428868278733836,2.427633110062654,2.4245069629062175,2.4237383467908953,2.4062971816147356,2.4053183663317075,2.3860349740368108,2.342176638385061,2.324315925761124,2.283742399790075,2.2676212819891766,2.2537115688809686,2.2342303801141017,2.211073894622711,,3.2770571104040043,3.097049529690453,2.949527821529621,2.607914553088559,2.486649736052999,2.342176638385061,2.2537115688809686,,2.8119679409269764,"rgba(0, 255, 0, 1.0)",0.33225128881452537,3.023914751185335,2.155251982226049,60.91891745969498,1.859570644214756,True,False,True,False,True,12.699695383112385,0.0,0.0,0.0,0.0,0,0.9863630960742574,0.8448072787785138,False,False,False,False,0.34282818285428024,0.2933060487477277,False,False,False,False,195699109,115641619.33406273,False,False,False,False,20144577.222466532,False,False,False,False
2025-04-17 00:00:00+00:00,3.64,3.73,3.61,3.69,23366748,,,,,3.4104012472090073,3.2890545788242167,3.1072681702306473,3.0461481491168723,3.011679167037393,2.999236928913253,2.996445238720406,2.9570247482161163,2.88128772254305,2.8789522724504857,2.865141775942638,2.749276914186752,2.61549122035705,2.5991918328134496,2.5555260861452336,2.5325273584039887,2.5318588800394553,2.4943243841651075,2.464582425565679,2.4393874675074425,2.436592325031764,2.4353581134377977,2.4322340282854453,2.4314659537192,2.4140271324796903,2.4130482815537575,2.3937402667054575,2.349873140716149,2.332021421409649,2.2914303756031726,2.2752938361357486,2.2613724488536624,2.2418853145925017,2.218727348602642,,3.2890545788242167,3.1072681702306473,2.9570247482161163,2.61549122035705,2.4943243841651075,2.349873140716149,2.2613724488536624,,2.8212403284194125,"rgba(0, 255, 255, 0.75)",0.334160397371031,3.0338878125462863,1.813836086568704,60.786017774803916,1.957194242933312,True,False,True,False,True,10.676653245664284,0.0,0.0,0.0,0.0,0,0.9793504908578402,0.8664909874396552,False,False,False,False,0.3144639921311286,0.3038850204394281,False,False,False,False,172332361,117864785.6739034,False,False,False,False,20270936.86080118,False,False,False,False
2025-04-21 00:00:00+00:00,3.68,3.845,3.6,3.8,30175695,,,,,3.447815889391183,3.305358516933159,3.1210352096489142,3.0589483507861184,3.023253321643719,3.0095251096346605,3.0067282774607436,2.9671250754312983,2.891339183838177,2.8890075851628882,2.875209893961969,2.759270330421151,2.625561077927201,2.60929214976652,2.5656433619253463,2.5426477843951703,2.5419802405535172,2.5044929269252356,2.4747950338574936,2.4496068286460977,2.446813327555432,2.445580119759935,2.4424581071735165,2.4416905877317205,2.42425143898086,2.4232723543495682,2.403928596797983,2.360042156051287,2.3421991111831817,2.3015785909040556,2.285419423307069,2.2714806876370504,2.251982888036178,2.2288196273517147,,3.305358516933159,3.1210352096489142,2.9671250754312983,2.625561077927201,2.5044929269252356,2.360042156051287,2.2714806876370504,,2.8334318074155282,"rgba(0, 255, 255, 0.75)",0.33587841000323376,3.0471066907783437,1.8842929178316732,61.16823271928021,2.712888653761894,True,False,True,False,True,11.276636939545831,0.0,0.0,0.0,0.0,0,0.9855574441700609,0.8523459799236714,False,False,False,False,0.3428281837082315,0.32335660207382977,False,False,False,False,202508056,121184129.60826014,False,False,False,False,20659358.748612896,False,False,False,False
2025-04-22 00:00:00+00:00,3.47,3.7249,3.46,3.71,39062351,,,,,3.4623329513918746,3.3171612322815753,3.1334346686442553,3.070975818123072,3.0343777655728568,3.019519107844726,3.016730256377175,2.9771231397795073,2.901566434323092,2.8992463565702473,2.8855061726000484,2.769816049157552,2.63647704632749,2.6202712736601588,2.5767191434004664,2.5537660491472685,2.5531006245853303,2.5157249829647563,2.4861206795785504,2.4609770690301405,2.4581894022503237,2.456959070040725,2.453843811396691,2.4530779991921827,2.4356631435178433,2.4346851671954086,2.4153286678032013,2.371478105235476,2.353666858144081,2.313062022256016,2.29689609453052,2.2829535508906273,2.263465059893291,2.240320354107568,,3.3171612322815753,3.1334346686442553,2.9771231397795073,2.63647704632749,2.5157249829647563,2.371478105235476,2.2829535508906273,,2.844547341068007,"rgba(38, 166, 154, 1.0)",0.33269811546810735,3.0579994265657993,1.2383616085546947,57.888114441537745,2.712888653761894,False,False,True,False,True,7.1706211746185495,0.0,0.0,0.0,0.0,0,0.9689342260400876,0.8673572511369378,False,False,False,False,0.25334362211754213,0.28835011209568595,False,False,False,False,163445705,122841446.29028916,False,False,False,False,21381044.719255526,False,False,False,False
2025-04-23 00:00:00+00:00,3.43,3.52,3.26,3.26,36948505,,,,,3.455440911521801,3.320898145839755,3.140591139679716,3.0784770843517206,3.041581881726008,3.0260972758613027,3.023327967839227,2.983909191935034,2.9088115506418153,2.9065077832097637,2.8928559908872837,2.7776922314606223,2.6449328422874387,2.628806877762012,2.5854098096577616,2.562529701415362,2.5618670554929457,2.5246401623714285,2.4951555482850636,2.4700848669109505,2.4673058988802294,2.466079636924112,2.462974256513945,2.4622109065351987,2.4448402744468227,2.443864560407823,2.424524976555491,2.380760873791891,2.3629974228882014,2.322454027817558,2.30630126509366,2.2923713140319144,2.2729116798434266,2.2498065648579075,,3.320898145839755,3.140591139679716,2.983909191935034,2.6449328422874387,2.5246401623714285,2.380760873791891,2.2923713140319144,,2.851480900956851,"rgba(38, 166, 154, 1.0)",0.3313310312244331,3.0635643943054918,1.105950156073056,55.108799315863905,2.712888653761894,False,False,True,False,False,6.417508711490168,0.0,0.0,0.0,0.0,0,0.9463951213420472,0.900064521500229,False,False,False,False,0.12108953179089424,0.20471982194329008,False,False,False,False,126497200,122984809.18086606,False,False,False,False,21991533.357716095,False,False,False,False
2025-04-24 00:00:00+00:00,3.46,3.54,3.43,3.5,33073060,,,,,3.457450230710791,3.3267187016013424,3.148382716212408,3.0863622362686916,3.049055538424975,3.0329051426163587,3.030148908261449,2.9908332114997576,2.916057265492706,2.913765930898656,2.9001801611161837,2.7853851256643027,2.653061838185161,2.6369994968323884,2.5937190754295893,2.5708931326757556,2.5702326862518188,2.533123136779662,2.503734062467941,2.478718306199417,2.475946031110475,2.4747229401586304,2.471625195801731,2.4708637556683013,2.453525728665812,2.452551647124188,2.4332186410880974,2.3895152718306223,2.3717886288123196,2.331285867218464,2.3151391209349446,2.3012156361061002,2.2817756357459658,2.2586990156187605,,3.3267187016013424,3.148382716212408,2.9908332114997576,2.653061838185161,2.533123136779662,2.3895152718306223,2.3012156361061002,,2.858886345179468,"rgba(38, 166, 154, 1.0)",0.32945693781413654,3.070196544313413,1.1831696678565464,53.723081282235356,2.712888653761894,False,False,False,False,False,6.8952096698848955,0.0,0.0,0.0,0.0,0,0.973870469350259,0.896619759478871,False,False,False,False,0.18235264556433023,0.19353623375381016,False,False,False,False,159570260,124419532.74240074,False,False,False,False,22426103.029962525,False,False,False,False
2025-04-25 00:00:00+00:00,3.39,3.44,3.31,3.31,21418642,,,,,3.4529763395886044,3.3279776057012547,3.1518088537695284,3.0900802883472687,3.0526965941547255,3.0362686014799127,3.0335249744389046,2.9943427028138174,2.9198596112347217,2.91757821923746,2.9040471054721495,2.789593334395922,2.657634060661628,2.6416200732606385,2.5984379753666285,2.575658880357193,2.575000135526812,2.5379820375174096,2.50866601690278,2.483696905967639,2.4809301107678667,2.4797095595499576,2.4766180173864596,2.475858119294754,2.4585488742051353,2.4575762883040357,2.438258032899604,2.3946130090435025,2.3769166146523526,2.3364570894608088,2.3203213567737078,2.3064079550589165,2.286987966708742,2.2639378222629207,,3.3279776057012547,3.1518088537695284,2.9943427028138174,2.657634060661628,2.5379820375174096,2.3946130090435025,2.3064079550589165,,2.86247251580975,"rgba(38, 166, 154, 0.5)",0.3251002340235332,3.072906770512407,0.975370658960029,51.668898476211595,9.343454269804909,False,True,False,False,False,5.559202697936392,0.0,0.0,0.0,0.0,0,0.9616237615553621,0.9025515068606725,False,False,False,False,0.11150997927339638,0.15252310651360326,False,False,False,False,138151618,124958045.88975757,False,False,False,False,22386594.75427772,False,False,False,False
2025-04-28 00:00:00+00:00,3.37,3.39,3.32,3.36,20111814,,,,,3.4481927397628307,3.3286726317356625,3.1546609533493326,3.0932517859901854,3.05583880502362,3.039187696745383,3.036456674088328,2.997412996690048,2.9232209196877523,2.920949196501454,2.907471587460049,2.79335888854204,2.661757838560338,2.6457906096820962,2.602705608527555,2.5799730189724572,2.579315927168004,2.5423868249198236,2.5131416370298636,2.488218728475601,2.4854573238586912,2.4842392600753933,2.4811538096293884,2.4803954243475115,2.463114901659938,2.462143818299709,2.442841899239795,2.399255987395444,2.3815893984539636,2.3411744083926487,2.325050720106368,2.3111481932165883,2.2917486978138673,2.268725264850822,,3.3286726317356625,3.1546609533493326,2.997412996690048,2.661757838560338,2.5423868249198236,2.399255987395444,2.3111481932165883,,2.8655982534456212,"rgba(38, 166, 154, 0.5)",0.321610698580497,3.0751522373515905,0.9167846839355414,49.97462276488314,7.441231101418431,False,True,False,False,False,5.177864255091201,0.0,0.0,0.0,0.0,0,0.9748092083193558,0.9045727104998321,False,False,False,False,0.09876856817784244,0.12564583734572285,False,False,False,False,118039804,124686742.28623767,False,False,False,False,22297387.66587467,False,False,False,False
2025-04-29 00:00:00+00:00,3.35,3.375,3.28,3.35,19761521,,,,,3.442745808368706,3.3288047536855028,3.157056222703432,3.0960109462465413,3.058615642974629,3.0417855697041687,3.0390678181360786,3.0001754321672394,2.9262878493675095,2.9240260213414118,2.9106035443942297,2.7968496251167907,2.665619498315138,2.6496998080381595,2.6067156779070957,2.5840316527722136,2.583376249455639,2.546538213804251,2.517365226769721,2.4924904518576643,2.4897346240998783,2.4885191222212635,2.4854399640704132,2.4846831395458526,2.467432762095587,2.4664632660559,2.4471801689647075,2.403657215677644,2.3860215114453203,2.34565469920264,2.3295447445452147,2.315654473748529,2.2962770262826715,2.2732819258761205,,3.3288047536855028,3.157056222703432,3.0001754321672394,2.665619498315138,2.546538213804251,2.403657215677644,2.315654473748529,,2.8683933006563063,"rgba(38, 166, 154, 0.5)",0.3199661018081449,3.0770137302696305,0.8531724710452454,48.502837741169685,5.7402810862648295,False,True,False,True,False,4.792447014507399,0.0,0.0,0.0,0.0,0,0.9691963243564442,0.9092442859871396,False,False,False,False,0.08130033159599093,0.10347308447085689,False,False,False,False,98278283,123651116.43187541,False,False,False,False,22197941.914271746,False,False,False,False
2025-04-30 00:00:00+00:00,3.98,3.9823,3.3,3.3,39867382,,,,,3.4702974208010082,3.345996482416716,3.172636821892191,3.1108227914690465,3.072297696989624,3.0541861950119635,3.0514657747977547,3.01241935876225,2.9385422370113172,2.936286314767722,2.9228881125541983,2.8091358409910163,2.6780710650230204,2.662194311430959,2.6192528874577605,2.5965844804835183,2.5959304691016767,2.5591644515212364,2.530055740930352,2.5052007759045942,2.502448133155867,2.501234351374312,2.49815901634979,2.497403182602017,2.480160624047622,2.479191318651054,2.459876590326678,2.416350933619361,2.398732672124323,2.358348783929342,2.3422192560606225,2.3283144439543926,2.3089320989150637,2.285939442456997,,3.345996482416716,3.172636821892191,3.01241935876225,2.6780710650230204,2.5591644515212364,2.416350933619361,2.3283144439543926,,2.8821714614658958,"rgba(0, 255, 0, 1.0)",0.3317358115257417,3.0915351593941045,2.678230114860401,55.37956494749483,5.7402810862648295,False,False,True,False,True,14.188526070378863,0.0,0.0,0.0,0.0,0,0.9690828476062373,0.844308274796991,False,False,False,False,0.28631932931106313,0.19489620689096002,False,False,False,False,138145665,124219530.10121363,False,False,False,False,22890861.133319914,False,False,False,False
2025-05-01 00:00:00+00:00,3.87,3.89,3.745,3.8,35084221,,,,,3.4966460302698352,3.362794356260581,3.187506699000231,3.124887977611793,3.085277220857238,3.0659679611164483,3.063241831296755,3.0240098678540375,2.950070466874961,2.9478179509198643,2.9344302989693762,2.8205935742854993,2.6896017204131564,2.673755706430131,2.6308319445676194,2.6081671814146876,2.6075141321224997,2.570797017689289,2.5417341737914865,2.5168871122775185,2.5141362617350373,2.512923556366553,2.5098504696848862,2.5090952354793497,2.4918531096812306,2.4908836092592144,2.4715331684111472,2.4279896229624143,2.4103810920635294,2.3699686851418216,2.3538165033057643,2.33989435611883,2.3205018157447386,2.2975046843376545,,3.362794356260581,3.187506699000231,3.0240098678540375,2.6896017204131564,2.570797017689289,2.4279896229624143,2.33989435611883,,2.8951266612011506,"rgba(0, 255, 0, 1.0)",0.33733251433151085,3.1053870779102604,2.2666446002246983,58.19468028140418,0.5688871640008699,True,False,True,False,True,12.111395223068648,0.0,0.0,0.0,0.0,0,1.010785036621934,0.8446345180160254,False,False,False,False,0.34282818958760086,0.2688621982392804,False,False,False,False,103061444,123389801.23449938,False,False,False,False,23369032.10848384,False,False,False,False
2025-05-02 00:00:00+00:00,3.84,3.975,3.77,3.93,26810556,,,,,3.5157441945303574,3.37555499355674,3.198877230312009,3.1356633727591086,3.0952442535503235,3.075038361656482,3.072307720912297,3.032933318482294,2.9589416643839335,2.9566915579635897,2.9433109516207905,2.829403922784124,2.6984609877300016,2.682637541237884,2.639725475839817,2.6170626460845035,2.6164103004251067,2.5797288747891938,2.5506997523644888,2.5258578999847154,2.5231083212770993,2.52189639313044,2.518824914016301,2.5180701104794223,2.5008278051364643,2.4998581291759177,2.480480133025991,2.436921858471591,2.419320223197747,2.3788852102555618,2.3627154860137622,2.3487798802888022,2.3293791610859143,2.3063781093500717,,3.37555499355674,3.198877230312009,3.032933318482294,2.6984609877300016,2.5797288747891938,2.436921858471591,2.3487798802888022,,2.9050147510483884,"rgba(0, 255, 0, 1.0)",0.3437580858999761,3.1159405595730254,2.1063051899749503,59.59240314873172,1.9401054207379147,True,False,True,False,True,11.550441993721435,0.0,0.0,0.0,0.0,0,1.0243204293594397,0.8464145505143369,False,False,False,False,0.3428281925650775,0.30584519540217897,False,False,False,False,76250888,121541216.40177393,False,False,False,False,23503993.82971977,False,False,False,False
2025-05-05 00:00:00+00:00,3.93,3.98,3.825,3.98,26595205,,,,,3.5352789153978925,3.3888214109941344,3.2106064904345146,3.146760280068764,3.105510296378468,3.084392947476469,3.081656551635812,3.0421220612557334,2.9680507030105856,2.96580226931373,2.9524243483915042,2.838413647183765,2.7074898682429303,2.6916858895786437,2.6487773251798084,2.6261123098895958,2.6254605534554987,2.5888085469048465,2.559808428789841,2.534967848925917,2.532219116552158,2.5310077790619707,2.5279374353808133,2.527182946876406,2.5099378347414865,2.508967837126029,2.4895593647211642,2.4459801739349083,2.428383059769242,2.3879201442528024,2.371730830431093,2.3577800401952764,2.3383688050839715,2.3153611444238424,,3.3888214109941344,3.2106064904345146,3.0421220612557334,2.7074898682429303,2.5888085469048465,2.4459801739349083,2.3577800401952764,,2.9151475346254228,"rgba(0, 255, 0, 1.0)",0.3512801299955968,3.12681711946875,2.286445522954338,61.39133972088611,3.783288458080307,True,False,True,False,True,12.777026911550728,0.0,0.0,0.0,0.0,0,1.025493429270974,0.839574276720132,False,False,False,False,0.3428281940766942,0.3243366947394366,False,False,False,False,102846093,120808074.30758671,False,False,False,False,23625217.79718174,False,False,False,False
2025-05-06 00:00:00+00:00,4.2,4.21,3.99,4.0,29363733,,,,,3.566175394914604,3.4086217010101665,3.227071834759135,3.1620948708431476,3.11958458356819,3.09718446561104,3.094432454773561,3.054576678857651,2.9802233114467813,2.9779721392305327,2.9645688663760654,2.850207507194172,2.719110380599114,2.70330995905632,2.660351118226545,2.6376559121819825,2.6370041214302518,2.600346600302173,2.5713507147068153,2.54648528748221,2.5437347424628607,2.5425228809320783,2.539450767349559,2.5386958908276784,2.5214296697229237,2.520458293952225,2.5009926642979803,2.45734621357101,2.439738706800116,2.3992059782986184,2.3829789134378987,2.3689979456486565,2.3495581621631514,2.3265243813743672,,3.4086217010101665,3.227071834759135,3.054576678857651,2.719110380599114,2.600346600302173,2.45734621357101,2.3689979456486565,,2.9289163951285233,"rgba(0, 255, 0, 1.0)",0.3670219572683775,3.2063130277504235,2.7074319467022048,64.75925935561321,7.112609592483089,True,False,True,False,True,16.253555349875533,0.0,0.0,0.0,0.0,0,1.0382769955354954,0.8022960310062306,False,False,False,False,0.34282820243942547,0.33358244858943104,False,False,False,False,132209826,121255201.82493626,False,False,False,False,23850257.60905697,False,False,False,False
2025-05-07 00:00:00+00:00,4.08,4.14,4.01,4.07,36218267,,,,,3.5967559352519225,3.4298396994083498,3.245368456404346,3.1792988858843545,3.1354810192282123,3.1116989123064216,3.108932909273439,3.068765808887886,2.9941707686663475,2.9919185608891916,2.978498798089816,2.863832334830585,2.73262126463241,2.716833831136067,2.6738407257205536,2.6511226204707277,2.650471120763097,2.6138254014025875,2.5848481298551405,2.559965484394517,2.5572140873272557,2.5560021652142115,2.5529293855391706,2.552174398478536,2.5348914501779607,2.5339189077252664,2.514395671591183,2.4706893822097395,2.453076774163591,2.4124785239989213,2.3962135915567835,2.3822025936278663,2.362736444244751,2.339680135809928,,3.4298396994083498,3.245368456404346,3.068765808887886,2.73262126463241,2.6138254014025875,2.4706893822097395,2.3822025936278663,,2.944404533374798,"rgba(0, 255, 0, 1.0)",0.3771654355395777,3.2209984205386357,2.2775193549548507,65.01979028468335,7.537032034548005,True,False,True,False,True,13.998439659369563,0.0,0.0,0.0,0.0,0,1.043545467886318,0.8014087951866165,False,False,False,False,0.3298889690552039,0.33173570882231745,False,False,False,False,95991559,120264470.73376228,False,False,False,False,24335277.58517238,False,False,False,False
2025-05-08 00:00:00+00:00,4.02,4.15,4.015,4.06,22648338,,,,,3.6135425760412767,3.4421442127086226,3.25621539024659,3.1895575662724474,3.145001740623966,3.1204209034697565,3.1176476798619555,3.077311108691219,3.002595242002356,3.000343026078986,2.9869170511309138,2.872096078083594,2.7408414186545813,2.7250643757637025,2.682057550341498,2.6593291331122884,2.6586779046412055,2.622044570537069,2.5930825013240764,2.5681928276073434,2.565441278845893,2.564229478852778,2.5611566992955703,2.5604017439766245,2.5431109488120835,2.542137827368259,2.522582335716001,2.4788451862186056,2.4612315136842278,2.420598173033526,2.4043120832571647,2.390284385644114,2.3708042626852,2.3477365942498887,,3.4421442127086226,3.25621539024659,3.077311108691219,2.7408414186545813,2.622044570537069,2.4788451862186056,2.390284385644114,,2.9536541428596723,"rgba(0, 255, 0, 1.0)",0.3855900824861879,3.2300695344486123,2.048627548867736,64.23660671126234,7.537032034548005,True,False,True,False,True,12.890276288497702,0.0,0.0,0.0,0.0,0,1.044099348454416,0.7996472835937883,False,False,False,False,0.3337593798564005,0.33274754433935894,False,False,False,False,73343221,118424421.72459513,False,False,False,False,24269123.09163621,False,False,False,False
2025-05-09 00:00:00+00:00,4.18,4.19,3.99,4.1,29821676,,,,,3.636528441815407,3.459091619361888,3.271068806385181,3.2035866394235617,3.158022385248015,3.1323608066262443,3.1295765966555273,3.088994744392006,3.014087176681157,3.011834118000493,2.998394936377332,2.883329953689717,2.751982503951803,2.7362156473974566,2.6931808504756956,2.670433805555801,2.6697828022948653,2.633158492763354,2.604211030586914,2.5793072739613017,2.57655501209139,2.5753431506315008,2.57226980392789,2.5715147519155495,2.5542103450388183,2.553236276508205,2.533634303451507,2.4898485750347024,2.472230607317298,2.431544098486466,2.4152273391720636,2.401175297626028,2.3816737129941066,2.3585876294616757,,3.459091619361888,3.271068806385181,3.088994744392006,2.751982503951803,2.633158492763354,2.4898485750347024,2.401175297626028,,2.9662574315821866,"rgba(0, 255, 0, 1.0)",0.39769162755912285,3.2435587565589437,2.354691873169595,65.13114331516496,8.209032491779524,True,False,True,False,True,14.925690681971172,0.0,0.0,0.0,0.0,0,1.0423805581259438,0.7969220279549993,False,False,False,False,0.33763945881272084,0.3351935015760399,False,False,False,False,103164897,117826008.99029729,False,False,False,False,24486870.264513224,False,False,False,False
2025-05-12 00:00:00+00:00,3.81,4.0,3.75,3.98,27120675,,,,,3.645122336646568,3.4678562368736334,3.2800342255570927,3.212375595876332,3.1663656001670484,3.1401086079602627,3.137325969298225,3.09670509721675,3.0218639127687763,3.0196156262393683,3.0061990018414035,2.8912067411337175,2.7600145933266442,2.744278554826786,2.7012854420029573,2.6785560744512584,2.677906108084705,2.6413363298555184,2.6124358533751955,2.587552018552975,2.5848025117774256,2.5835920445254903,2.580521922309629,2.579767691480051,2.5624734972480585,2.561499856080095,2.5418859467251123,2.4981119148410684,2.480509161346335,2.4398239689452303,2.42350008096823,2.4094431393894555,2.389943563004424,2.366864518859726,,3.4678562368736334,3.2800342255570927,3.09670509721675,2.7600145933266442,2.6413363298555184,2.4981119148410684,2.4094431393894555,,2.974407196302761,"rgba(38, 166, 154, 1.0)",0.3995629143483113,3.2490525425322287,1.4039027079945066,60.71810658958004,8.209032491779524,True,False,True,False,False,8.470874581293351,0.0,0.0,0.0,0.0,0,1.0070805638052138,0.7958893131570266,False,False,False,False,0.22974823354347354,0.2824708675597567,False,False,False,False,76044222,116187507.5396974,False,False,False,False,24590156.72472839,False,False,False,False
2025-05-13 00:00:00+00:00,3.88,3.88,3.78,3.86,10835414,,,,,3.6482643833723984,3.471191245200109,3.283498667208288,3.21578505992391,3.169611413133177,3.1431291995326265,3.1403474509604896,3.0997155074821117,3.024906186353322,3.0226599150509794,3.009253016604663,2.8942965148156237,2.763171594945162,2.747448280994135,2.7044733127269254,2.681751794370816,2.681102259087794,2.6445552198641553,2.615674190066895,2.590799059527542,2.5880507288872203,2.5868408500763325,2.583772098411015,2.5830182155510166,2.5657286293804207,2.564755189593174,2.54513730279191,2.5013692963979315,2.4837730510726677,2.443089618619132,2.42676342108737,2.4127049657710726,2.3932067228011453,2.370131064843099,,3.471191245200109,3.283498667208288,3.0997155074821117,2.763171594945162,2.6445552198641553,2.5013692963979315,2.4127049657710726,,2.9775817135610563,"rgba(0, 255, 255, 0.75)",0.40370995743197013,3.251345548303341,1.5571933268517273,58.49205624333619,8.209032491779524,True,False,True,False,False,9.380170887333719,0.0,0.0,0.0,0.0,0,1.0099843252743077,0.8142877499643756,False,False,False,False,0.2078913866164001,0.2451811270880784,False,False,False,False,86879636,115038179.24402298,False,False,False,False,24050755.049248844,False,False,False,False
2025-05-14 00:00:00+00:00,3.76,3.775,3.68,3.76,25300671,,,,,3.6514279378981795,3.476572289145372,3.2899006660045282,3.222262352085967,3.1758775125973107,3.1490119829198706,3.1462364890247967,3.1056456155848813,3.030998186877984,3.028758628025283,3.015387001620407,2.9006220183761378,2.769742289368481,2.7540565995961663,2.711148840783545,2.688458493218225,2.6878102715796466,2.651333446380689,2.6225102754330103,2.5976676464688464,2.5949233272463563,2.5937153608942607,2.5906511994245327,2.5898984668433305,2.5726280648273376,2.571655576390863,2.552039791395987,2.5083067656482654,2.4907328512146982,2.450072175707518,2.4337484062496326,2.419692910121606,2.400205873528887,2.377147058921377,,3.476572289145372,3.2899006660045282,3.1056456155848813,2.769742289368481,2.651333446380689,2.5083067656482654,2.419692910121606,,2.9837714271494664,"rgba(38, 166, 154, 1.0)",0.403845613173243,3.254759664877271,1.251072980966093,55.609194117666696,12.493366303390559,False,False,True,False,False,7.409881436252835,0.0,0.0,0.0,0.0,0,0.9943365007327565,0.8094927433460976,False,False,False,False,0.14898139135158772,0.19708125921983305,False,False,False,False,61578965,112941739.46974757,False,False,False,False,24099771.36104301,False,False,False,False
2025-05-15 00:00:00+00:00,3.86,3.87,3.75,3.83,22934050,,,,,3.656835075464722,3.482849979487836,3.2966628924261983,3.2289780441482367,3.182312837031154,3.15502926686908,3.1522568980542753,3.1116639728810234,3.0371096125603634,3.034874847114521,3.021527266870872,2.906870493237656,2.776158560993047,2.7605018642178285,2.7176398859845223,2.6949700453567664,2.6943228202697656,2.657898885764051,2.6291202627523353,2.604299761239151,2.601558307442455,2.6003517435771153,2.597290893674546,2.596538996909356,2.5792809710040334,2.578309060900868,2.5586887602789865,2.5149752080474204,2.4974172205484124,2.456766406259757,2.440440420784916,2.4263839266099105,2.4069023623858605,2.3838535861835757,,3.482849979487836,3.2966628924261983,3.1116639728810234,2.776158560993047,2.657898885764051,2.5149752080474204,2.4263839266099105,,2.990094163636171,"rgba(38, 166, 154, 1.0)",0.40620183151719197,3.259688309320642,1.4778655439271458,54.79831240278592,11.578636274164872,False,False,True,False,False,8.72579343485424,0.0,0.0,0.0,0.0,0,0.9943150002372705,0.807345892848669,False,False,False,False,0.18425804803530302,0.19066965362756805,False,False,False,False,84513015,111826887.52975748,False,False,False,False,24054056.797864854,False,False,False,False
2025-05-16 00:00:00+00:00,3.77,3.7862,3.67,3.73,30647181,,,,3.742066666666667,3.660210276843767,3.488915996353053,3.3040371426650985,3.236485007695082,3.189613053474521,3.1619133267054846,3.1591491213192495,3.118618065263954,3.0442718366776056,3.0420453765071778,3.0287418896650737,2.9143339837068054,2.783931324684102,2.768320918651632,2.725544212523377,2.7029142759506306,2.7022686777255625,2.6659319126409877,2.637224789067585,2.6124457349835897,2.609709340992479,2.608505173807224,2.6054501003767667,2.6046996486737948,2.5874664089789565,2.586495743823655,2.5668807160392304,2.5232137714923133,2.5056840346028326,2.465064836287514,2.448743669027611,2.4346922969770493,2.4152260514086916,2.3921995098630875,,3.488915996353053,3.3040371426650985,3.118618065263954,2.783931324684102,2.6659319126409877,2.5232137714923133,2.4346922969770493,,3.053826892739371,"rgba(38, 166, 154, 1.0)",0.40689994785888195,3.3015191809223707,1.1513415559347882,53.163564199893344,9.819657873457743,False,True,False,False,False,7.255097493831727,0.0,0.0,0.0,0.0,0,0.9695384181056792,0.8146238178139557,False,False,False,False,0.14139500243621939,0.16603232803189372,False,False,False,False,53865834,109553905.03839445,False,False,False,False,24312610.688144665,False,False,False,False
2025-05-19 00:00:00+00:00,3.9,3.93,3.81,3.86,17501560,,,,3.792203979900534,3.6650707751238163,3.494073405575088,3.3094317250037877,3.241817168850435,3.1947168685766596,3.1666901952211264,3.1639276096864366,3.123384393190875,3.04909269149777,3.0468694429801526,3.0335816869905905,2.919236917418175,2.788945187545583,2.7733551105970324,2.7306087299763755,2.707992148923173,2.707347246133264,2.671047296888522,2.6423715016437246,2.617607169906729,2.61487272771718,2.613669527369224,2.610616720214861,2.609866842392493,2.5926416184663923,2.591671315673944,2.5720513176145676,2.5283959250493737,2.5108770522281456,2.4702625911474083,2.4539386762375526,2.439885650374486,2.420422355571002,2.397402058165761,,3.494073405575088,3.3094317250037877,3.123384393190875,2.788945187545583,2.671047296888522,2.5283959250493737,2.439885650374486,,3.0610882040861562,"rgba(38, 166, 154, 1.0)",0.411225897456291,3.3082796391951113,1.438918036206079,53.565529874820996,9.819657873457743,False,True,False,False,False,8.964774436853343,0.0,0.0,0.0,0.0,0,0.9771098483069552,0.8078147748086225,False,False,False,False,0.21608126125061886,0.1910567946412563,False,False,False,False,71367394,108056394.80159466,False,False,False,False,24045510.6611586,False,False,False,False
2025-05-20 00:00:00+00:00,4.11,4.12,3.91,3.92,23947129,,,,3.8767254758707628,3.676278243152387,3.503867790593057,3.318760305339157,3.250839937285452,3.2032483039618005,3.1746276095284234,3.1718623498721628,3.1312256989214764,3.056904767133817,3.0546834500318334,3.0414019801136467,2.927015287199669,2.7967684164445408,2.7811962473329515,2.738461328180633,2.7158475697647706,2.7152032378336792,2.6789325130348245,2.6502840877247182,2.625525213620752,2.6227919044291985,2.6215893687586136,2.6185379698928726,2.617788465348458,2.6005641117850407,2.5995937307710566,2.579953712271769,2.5362892688897514,2.5187765959282653,2.47814658052486,2.4618097771162506,2.4477468880414444,2.4282780298857594,2.405255598412927,,3.503867790593057,3.318760305339157,3.1312256989214764,2.7967684164445408,2.6789325130348245,2.5362892688897514,2.4477468880414444,,3.073206729965988,"rgba(0, 255, 255, 0.75)",0.41953320262894717,3.320796270826879,1.8811472470538322,55.91689140195865,9.819657873457743,False,False,True,False,False,11.602090832457474,0.0,0.0,0.0,0.0,0,0.994044781003132,0.7862758846351611,False,False,False,False,0.28990919079314414,0.24048299271720022,False,False,False,False,95314523,107556713.55447331,False,False,False,False,24041652.55679944,False,False,False,False
2025-05-21 00:00:00+00:00,4.25,4.3066,4.15,4.18,22762856,,,,3.962827112857634,3.691467229279118,3.5159905505717743,3.3296559358285966,3.2612222965683806,3.2129817499754654,3.183646442202837,3.1808736202865258,3.140069222560527,3.0656134156153465,3.063391389006929,3.0501001429817585,2.9355406584045713,2.8052251854787422,2.7896597079899306,2.7469043543269955,2.724277148060279,2.7236329611629184,2.6873679188109394,2.658729309600627,2.6339602632020904,2.631226422366026,2.6300238298393728,2.6269719986976505,2.626222417942771,2.608988325498259,2.6080172693485144,2.5883443830792077,2.544645298051388,2.5271294353132614,2.4864615262418592,2.47010289376071,2.4560226526760647,2.4365384267025108,2.4135027522065724,,3.5159905505717743,3.3296559358285966,3.140069222560527,2.8052251854787422,2.6873679188109394,2.544645298051388,2.4560226526760647,,3.086458817578495,"rgba(0, 255, 0, 1.0)",0.4291880874563127,3.335393585431844,2.13101537833632,58.68265692650915,9.819657873457743,False,False,True,False,True,13.278972367772695,0.0,0.0,0.0,0.0,0,1.0071555176262064,0.7878009209329371,False,False,False,False,0.34282819207048343,0.2916555923938418,False,False,False,False,118077379,107969288.66998416,False,False,False,False,23991503.67221907,False,False,False,False
2025-05-22 00:00:00+00:00,4.21,4.27,4.15,4.21,23912268,,,,4.012590646197112,3.705850968334492,3.52786338157707,3.3405114012626416,3.2716159839102836,3.2227605043001235,3.192730991153907,3.1899516890880966,3.148995013487163,3.074427610346515,3.0722055003882325,3.058908185814921,2.944204116492803,2.813845875167012,2.7982899391631975,2.755521368526396,2.7328843220084775,2.732240386024953,2.695986829792692,2.667362501830574,2.642586812100404,2.639852828545451,2.638650351905293,2.6355985222523772,2.634848971923824,2.617607465711255,2.6166358621035566,2.5969324060157923,2.553203987032567,2.535687114630183,2.4949857300803253,2.4786068604605647,2.46451062040376,2.4450129823643936,2.421966384648766,,3.52786338157707,3.3405114012626416,3.148995013487163,2.813845875167012,2.695986829792692,2.553203987032567,2.46451062040376,,3.097937360743334,"rgba(0, 255, 255, 0.75)",0.43859632777615887,3.347921410079821,1.965539917516472,59.929577567264985,3.8056030427218843,True,False,True,False,True,12.603427150087665,0.0,0.0,0.0,0.0,0,0.995830078033077,0.7998719843369072,False,False,False,False,0.3312209320779844,0.3114382622359131,False,False,False,False,94165111,107427948.36920047,False,False,False,False,23988396.39095558,False,False,False,False
2025-05-23 00:00:00+00:00,4.3,4.34,4.23,4.32,23456624,,,,4.058341865248234,3.7213250339585358,3.5404421692111967,3.351859126285526,3.2824432653421316,3.2329306840953693,3.202176159147875,3.199388808406463,3.1582565650753516,3.083542817299684,3.081319720411095,3.0680109017762405,2.95311873714306,2.822678814042053,2.8071284336732845,2.764335668379684,2.741683200887297,2.741039365241372,2.7047889893418438,2.676172698823335,2.6513849668602916,2.648650260599275,2.647447646964037,2.6443951761321665,2.643645499026466,2.6263929344954207,2.6254205793584298,2.605682310490075,2.561915831740739,2.5443946669142496,2.5036522271344155,2.4872501327380423,2.473135380905144,2.4536209814608396,2.4305596303761163,,3.5404421692111967,3.351859126285526,3.1582565650753516,2.822678814042053,2.7047889893418438,2.561915831740739,2.473135380905144,,3.1095491511894813,"rgba(0, 255, 0, 1.0)",0.4503619365286845,3.3608128559056225,2.085405243909991,61.56956911296339,5.549176207402866,True,False,True,False,True,13.680761117202966,0.0,0.0,0.0,0.0,1,0.9901460512937466,0.8093731292226118,False,False,False,False,0.3428281937057594,0.3271332279708362,False,False,False,False,117621735,107827704.7076632,False,False,False,False,23967542.57170242,False,False,False,False
2025-05-27 00:00:00+00:00,4.3,4.33,4.2,4.22,21953149,,,,4.087534790726127,3.7347600003840835,3.5516414564348975,3.362089016015407,3.2922386866240596,3.242157090398,3.21076324389595,3.2079693308772654,3.166688783576997,3.0918578754937207,3.0896342826079577,3.0763174288986286,2.9612734857334244,2.8307761145893386,2.8152325272053296,2.7724224672145037,2.7497583535267616,2.7491146746449022,2.7128708007242155,2.6842645553630318,2.6594681739465167,2.656733059543353,2.655530430574377,2.652477653217685,2.6517279285794766,2.6344668469981687,2.6334938940128994,2.6137256643373163,2.56992817622963,2.5524045034757954,2.511627788901905,2.495205735625128,2.4810751267867395,2.4615468254768214,2.4384736110153202,,3.5516414564348975,3.362089016015407,3.166688783576997,2.8307761145893386,2.7128708007242155,2.56992817622963,2.4810751267867395,,3.11946824824673,"rgba(0, 255, 0, 1.0)",0.46002749624048583,3.3717021323379712,2.0179182228202026,62.66289681009566,6.7905580792220235,True,False,True,False,True,13.680761117202955,0.0,0.0,0.0,0.0,0,0.9787633974766701,0.8105034318425626,False,False,False,False,0.3307341340103012,0.32893368099056874,False,False,False,False,117621735,108211784.32697052,False,False,False,False,23888546.74536115,False,False,False,False
2025-05-28 00:00:00+00:00,4.4,4.405,4.27,4.31,19378758,,,,4.116123551913746,3.7477981559583116,3.5623301356986152,3.371722746141923,3.301430544401623,3.25079936554241,3.2188021782762664,3.2160010325854813,3.174567143483045,3.0996014611989198,3.097376666238196,3.084048019100147,2.9688306594334297,2.8382487937677596,2.822707987532971,2.779873089516602,2.757193770721349,2.7565501065799216,2.7203051071777806,2.691702665696739,2.6668939289758313,2.664157957313444,2.662955101294241,2.6599015054820403,2.659151605401407,2.6418797655036297,2.6409061009736976,2.621107259856989,2.5772744310244295,2.5597457241737005,2.5189316868326483,2.502489104165329,2.488342067459863,2.468798394911857,2.445711241191797,,3.5623301356986152,3.371722746141923,3.174567143483045,2.8382487937677596,2.7203051071777806,2.5772744310244295,2.488342067459863,,3.128800659048262,"rgba(0, 255, 0, 1.0)",0.471621393427749,3.3821037676285606,2.1582910498893186,64.32761547417891,8.582486107355173,True,False,True,False,True,14.881647786699336,0.0,0.0,0.0,0.0,0,0.9853321499804363,0.80903165468999,False,False,False,False,0.342828196210479,0.33588093860052387,False,False,False,False,137000493,109340753.2945403,False,False,False,False,23711692.284758754,False,False,False,False
2025-05-29 00:00:00+00:00,4.39,4.4399,4.3201,4.4,21008467,,,,4.143565126815799,3.7618846311066463,3.5739562790392534,3.382217717990431,3.311449528016371,3.260226609912658,3.2275793197245335,3.22477024116932,3.1831691186119944,3.1080546168585244,3.1058284246142724,3.0924864634078997,2.9770773028271065,2.8463996344973044,2.8308613329680585,2.7879982903015605,2.765301876693579,2.764658209612354,2.7284109562568517,2.699811835779171,2.6749890905259566,2.672252120910111,2.6710489880822568,2.6679944282559727,2.667244319079806,2.6499604105592987,2.648985952407561,2.629153537144904,2.585281447406421,2.5677468850967142,2.526891571870269,2.510426431675728,2.4962613255895327,2.4767006132175884,2.4535979005902955,,3.5739562790392534,3.382217717990431,3.1831691186119944,2.8463996344973044,2.7284109562568517,2.585281447406421,2.4962613255895327,,3.1387853758101842,"rgba(0, 255, 0, 1.0)",0.48339423039789664,3.3932208530063486,2.062041878681861,65.24101296818216,9.667693906526793,True,False,True,False,True,14.70238786733621,0.0,0.0,0.0,0.0,0,0.9776213057431621,0.814532739378263,False,False,False,False,0.3428281980916263,0.3393545683460751,False,False,False,False,115992026,109601587.51828383,False,False,False,False,23605683.45006233,False,False,False,False
2025-05-30 00:00:00+00:00,4.45,4.48,4.3,4.36,25870375,,,,4.173476682656466,3.7791044494247807,3.5882854207651422,3.3951824705871645,3.3238357621941836,3.2718926939556012,3.2384528388484646,3.2356339408076575,3.1938267254585178,3.1185268256707666,3.1162988198038146,3.102939964188417,2.987291348040301,2.856491516187205,2.8409557383760538,2.7980568083316846,2.7753387336223185,2.774695042365754,2.7384438961848394,2.70984798190566,2.6850073586775745,2.6822690883144054,2.6810655820079927,2.678009754253096,2.67725936760094,2.659960189988125,2.658984732556147,2.639110643847077,2.5951892764612343,2.5776470825807842,2.5367401538144305,2.5202469607396574,2.506059362050734,2.4864772933321397,2.4633549641837007,,3.5882854207651422,3.3951824705871645,3.1938267254585178,2.856491516187205,2.7384438961848394,2.5951892764612343,2.506059362050734,,3.15092888296874,"rgba(0, 255, 0, 1.0)",0.4945321931786472,3.40671425955207,2.1096417075339895,66.4466409201037,11.046979992756668,True,False,True,False,True,15.429776608332578,0.0,0.0,0.0,0.0,0,0.9791981737765728,0.8034812384077615,False,False,False,False,0.34282819851671126,0.34109138343139317,False,False,False,False,141862401,110866717.45874329,False,False,False,False,23694494.88339322,False,False,False,False
2025-06-02 00:00:00+00:00,4.59,4.72,4.55,4.6,39894010,,,,4.239371881319022,3.8122011311670514,3.6148514357654573,3.4185532186393353,3.3459870050068887,3.292660933882827,3.2577704478555054,3.254928531064172,3.2126794016566964,3.1369224426583386,3.134687524575094,3.1212771617297195,3.0050430877762526,2.8738706357584554,2.858321431179095,2.8153147551687265,2.792536232113656,2.7918918334706886,2.75559740655469,2.7269790119514825,2.702084878321233,2.6993418794934323,2.698136630560864,2.695075848513354,2.6943243037662707,2.676983711094099,2.6760056966313677,2.6560440140017767,2.6120024910149215,2.594433040527068,2.5534071854161566,2.5368544261198585,2.5226185414143245,2.502986299479727,2.4798144931412183,,3.6148514357654573,3.4185532186393353,3.2126794016566964,2.8738706357584554,2.75559740655469,2.6120024910149215,2.5226185414143245,,3.1730722754646576,"rgba(0, 255, 0, 1.0)",0.5084427027522124,3.4320592790022095,2.2774261774823983,68.52134665464318,13.219380090669397,True,False,True,False,True,17.092991258434726,0.0,0.0,0.0,0.0,0,0.9996526962969916,0.7863519031304267,False,False,False,False,0.3428282072397533,0.34195979533557325,False,False,False,False,181756411,113646705.44075337,False,False,False,False,24329769.986005254,False,False,False,False
2025-06-03 00:00:00+00:00,4.67,4.68,4.46,4.56,29219344,,,,4.2748739803677065,3.8343683759717346,3.6331486109650246,3.434882772918042,3.3615306697026153,3.30728470216626,3.271410918451648,3.2685541677768413,3.2260145531272197,3.1499641811747954,3.147725101143386,3.1342827415070227,3.017670254393253,2.8862643288058543,2.8707086165197695,2.8276340678839817,2.8048170079701467,2.8041722215633373,2.7678533923450863,2.7392237571374225,2.714295810793449,2.711549899945697,2.7103436069309015,2.707279799652696,2.706527552915722,2.689160378566332,2.688180707001895,2.668160195758266,2.624040072446007,2.6064537468544686,2.5653492214937876,2.548756436010821,2.5344881605075456,2.5148227939718555,2.4916186978202903,,3.6331486109650246,3.434882772918042,3.2260145531272197,2.8862643288058543,2.7678533923450863,2.624040072446007,2.5344881605075456,,3.1881192210945573,"rgba(0, 255, 0, 1.0)",0.5238205799698907,3.449030227171844,2.330893094918755,70.55545982460947,15.29910398670252,True,False,True,False,True,18.020616787784775,0.0,0.0,0.0,0.0,0,1.0005864010797225,0.7900032577837761,False,False,False,False,0.3124618986577919,0.32721084699668257,False,False,False,False,210975755,117463530.91366501,False,False,False,False,24521517.986554068,False,False,False,False
2025-06-04 00:00:00+00:00,4.69,4.76,4.63,4.75,25220033,,,,4.307369289953502,3.8546515106594543,3.6498206322002837,3.4496776688835533,3.375591277588074,3.320505462113284,3.2837446065381024,3.2808735180901962,3.2380593323738633,3.161721376902597,3.1594778494154623,3.146002627478824,3.0290193359503945,2.897372983572024,2.881807872655038,2.8386635782066496,2.8158074997234412,2.815162232425543,2.7788142172906274,2.7501688550736283,2.725206151276258,2.72245713786867,2.721249690036973,2.718182621466436,2.717429610314154,2.700035664445304,2.6990543455726583,2.678978184617567,2.634780781812845,2.6171765158038447,2.57599568750819,2.559364900086067,2.545065776260092,2.525368108635153,2.502131974417164,,3.6498206322002837,3.4496776688835533,3.2380593323738633,2.897372983572024,2.7788142172906274,2.634780781812845,2.545065776260092,,3.2017155863547275,"rgba(0, 255, 0, 1.0)",0.5367633061665443,3.464458867887277,2.2832058712531818,72.07455754799932,16.86929423285372,True,False,True,False,True,18.25251750588448,0.0,0.0,0.0,0.0,0,1.0163490517920897,0.7842908146705615,False,False,False,False,0.34282820897627986,0.3350195279864812,False,False,False,False,236195788,122119697.85822718,False,False,False,False,24548910.732179396,False,False,False,False
2025-06-05 00:00:00+00:00,4.9,4.94,4.75,4.82,42548235,,,,4.371768967285723,3.8932956921950677,3.6811834556680787,3.477170899861054,3.401626447096216,3.3449396682432244,3.3065263899848225,3.3036255086480026,3.260259880116225,3.183312954780005,3.181058908477828,3.167509624710684,3.0497421774045983,2.917552766653093,2.901958708687991,2.8586573475518624,2.835715079844278,2.8350684930409904,2.7986429553481353,2.769950179360439,2.7449091846372755,2.7421528691538546,2.740942585749006,2.7378677358395165,2.737112879854447,2.719660225131471,2.7186753573593374,2.69848773217845,2.6541264267574154,2.6364800601807703,2.5951405807180765,2.578433288588596,2.564071769385392,2.5443064335379186,2.5210015172139326,,3.6811834556680787,3.477170899861054,3.260259880116225,2.917552766653093,2.7986429553481353,2.6541264267574154,2.564071769385392,,3.226978305247916,"rgba(0, 255, 0, 1.0)",0.5555100894308329,3.493495890860737,2.531914605872138,74.59769468236692,19.36224150558455,True,False,True,False,True,20.0,0.0,0.0,0.0,0.0,0,1.0189901965296637,0.7766741841947807,False,False,False,False,0.3428282128054184,0.33892387039594984,False,False,False,False,278744023,128261828.25594378,False,False,False,False,25254766.58581942,False,False,False,False
2025-06-06 00:00:00+00:00,4.8,4.9688,4.76,4.94,32912864,,,,4.410514833811006,3.920628761739494,3.7039538655624638,3.4974130443159672,3.4208765840487283,3.363069205798475,3.3234781854844044,3.320556909201264,3.276807965451754,3.199444454618486,3.1971834713589593,3.1835845019074074,3.0652770445589828,2.9327200474230866,2.917108073257761,2.873699909432828,2.850698595184734,2.850051162530604,2.8135754361601943,2.784853001190898,2.7597586009491533,2.7569973719048,2.755785205266284,2.7527051411244243,2.751949053243782,2.7344559664810126,2.7334686395771963,2.713201806091018,2.6687261754510616,2.651051359374365,2.609600314035197,2.5928385915994663,2.5784327328216516,2.5586198512250067,2.5352669679766753,,3.7039538655624638,3.4974130443159672,3.276807965451754,2.9327200474230866,2.8135754361601943,2.6687261754510616,2.5784327328216516,,3.245274752651875,"rgba(0, 255, 0, 1.0)",0.5682000979860385,3.5142266020744772,2.262888377673451,73.96834872032673,19.36224150558455,True,False,True,False,True,18.72082207495267,0.0,0.0,0.0,0.0,0,1.0097681556288651,0.7881973479870982,False,False,False,False,0.34282821325403096,0.34087604182499043,False,False,False,False,245831159,132872390.24590676,False,False,False,False,25555084.13147356,False,False,False,False
2025-06-09 00:00:00+00:00,4.86,4.9,4.78,4.83,22158742,,,,4.433395440460094,3.9382324391092345,3.7188365517880437,3.5107434169809824,3.4335830462834847,3.375059999250517,3.3347094426992454,3.331775242526077,3.287781586538442,3.2101538468932618,3.2078885369105863,3.1942583203825126,3.075606884736593,2.9428172984219496,2.927194464546847,2.883718531197269,2.860679615905388,2.8600316610336898,2.82352479614763,2.79478426751321,2.769655908642942,2.76689157413719,2.7656782243877664,2.7625948709587504,2.76183800720174,2.74431909776771,2.743330195979859,2.723012081614322,2.678463001913421,2.660770157543761,2.619247162587991,2.602450159591788,2.5880155721605456,2.568172026812145,2.544788302703422,,3.7188365517880437,3.5107434169809824,3.287781586538442,2.9428172984219496,2.82352479614763,2.678463001913421,2.5880155721605456,,3.257238769466253,"rgba(0, 255, 0, 1.0)",0.5831678014814237,3.5276786235429,2.284627808792939,74.04311439286454,19.36224150558455,True,False,True,False,True,19.39822973508228,0.0,0.0,0.0,0.0,0,1.0088736949771016,0.7999318116896879,False,False,False,False,0.33281768339943324,0.33684686261221186,False,False,False,False,267989901,138171116.157832,False,False,False,False,25421894.24396479,False,False,False,False
2025-06-10 00:00:00+00:00,4.76,4.91,4.71,4.91,22354800,,,,4.451487413094527,3.954322870987009,3.73277151760301,3.523401120686606,3.445699254640532,3.386530719680527,3.345479675287995,3.3425343316892335,3.2983244566209864,3.220470272189054,3.2182015134176942,3.2045455324070375,3.085597244511413,2.952614150648002,2.9369840258263102,2.8934513920755904,2.870380597154775,2.8697322587221668,2.8332019833024247,2.804449013102665,2.779292152650431,2.7765252820750694,2.775310992245144,2.772224975814116,2.771467488500079,2.7539265255398395,2.752936263731725,2.732571888490897,2.6879586912180105,2.670251041460255,2.6286644053481094,2.611835583978417,2.5973751469265465,2.5775045542891433,2.5540940013130604,,3.73277151760301,3.523401120686606,3.2983244566209864,2.952614150648002,2.8332019833024247,2.6879586912180105,2.5973751469265465,,3.2685089671823784,"rgba(0, 255, 0, 1.0)",0.5909559212842301,3.5401671620591797,2.064168906692655,71.85235386921293,19.36224150558455,True,False,True,False,False,17.504628639287752,0.0,0.0,0.0,0.0,0,0.9927388664154141,0.8137537664826809,False,False,False,False,0.3205970161209588,0.32872193936658534,False,False,False,False,245635101,142385390.07321113,False,False,False,False,25301616.038319115,False,False,False,False
2025-06-11 00:00:00+00:00,4.81,4.85,4.75,4.8,28864986,,,,4.472931212735504,3.974461879510942,3.750403485565958,3.5395059244164186,3.461141931671556,3.401173676689017,3.359247814075595,3.35628873968558,3.311810779563118,3.2336772712741384,3.2314043240631127,3.2177168002633643,3.0984009257708447,2.9651795446456033,2.9495408826481277,2.9059382473204627,2.882827970200122,2.8821791714740628,2.8456206406393525,2.8168529757256517,2.79166086066376,2.7888908702695194,2.787675430667428,2.7845861440958717,2.78382789223589,2.766259546658554,2.7652675923340952,2.7448451593148238,2.700151957027053,2.6824260470688697,2.640759756107908,2.6238909568778714,2.6093980492237616,2.5894935973110416,2.5660495368010836,,3.750403485565958,3.5395059244164186,3.311810779563118,2.9651795446456033,2.8456206406393525,2.700151957027053,2.6093980492237616,,3.2828152098969268,"rgba(0, 255, 0, 1.0)",0.5991578774931984,3.5559335845846873,2.093048364251121,70.90650764983758,19.36224150558455,True,False,True,False,False,18.08710625834173,0.0,0.0,0.0,0.0,0,1.0038424591738713,0.8124283036288855,False,False,False,False,0.31654411494713086,0.3226330271568581,False,False,False,False,274500087,147566358.58014405,False,False,False,False,25441356.036816407,False,False,False,False
2025-06-12 00:00:00+00:00,4.88,4.945,4.83,4.92,27446098,,,,4.495502835337714,3.99454568221132,3.767897573002115,3.555413149886675,3.4763769821349166,3.4156135942580454,3.3728269475527792,3.369853599075724,3.3251018510781667,3.246675078741983,3.244397450102626,3.230675656590935,3.1109741774701116,2.9774938745449697,2.9618439048165195,2.9181653529316454,2.895012703647085,2.8943633435026346,2.8577710669681524,2.828984307250198,2.80375396154243,2.80098050540801,2.7997637572409344,2.796670809857235,2.795911696522047,2.778314078601458,2.7773203316385455,2.7568386075769147,2.7120613457679754,2.6943151945429293,2.652566039322177,2.63565630273653,2.6211300685961727,2.6011902594318292,2.577710774825373,,3.767897573002115,3.555413149886675,3.3251018510781667,2.9774938745449697,2.8577710669681524,2.7120613457679754,2.6211300685961727,,3.2969744565552155,"rgba(0, 255, 0, 1.0)",0.6054965351296787,3.5716199624057934,2.1608381909468597,70.97947673554248,19.36224150558455,True,False,True,False,False,18.89903635578762,0.0,0.0,0.0,0.0,0,1.018968069159918,0.7976676439810317,False,False,False,False,0.3428282137757469,0.33273062046630253,False,False,False,False,301946185,153620469.42013842,False,False,False,False,25519973.36870596,False,False,False,False
2025-06-13 00:00:00+00:00,4.91,4.9831,4.875,4.96,24706022,,,,4.515577151124964,4.012615417274589,3.783706173771426,3.5698109796180986,3.4901745253955534,3.4287010178296007,3.3851449685295165,3.3821587059457205,3.337159939560635,3.258466728077435,3.256184790330712,3.242431618496714,3.122379107900881,2.9886609032535465,2.97300014301333,2.9292517771253173,2.9060602335040158,2.9054103446347472,2.868786406302929,2.8399814499637004,2.814715906716576,2.811939243052802,2.810721277752861,2.8076249367535664,2.8068650237355306,2.7892405316530673,2.788245142120481,2.767709531037929,2.7228553469640193,2.705090448450539,2.6632655964660845,2.646318591386729,2.6317619965442995,2.6117898407779876,2.588277850025129,,3.783706173771426,3.5698109796180986,3.337159939560635,2.9886609032535465,2.868786406302929,2.7228553469640193,2.6317619965442995,,3.3097831190826716,"rgba(0, 255, 0, 1.0)",0.6134535232804662,3.585791946123245,2.158611864832892,71.32758039341962,19.36224150558455,True,False,True,False,False,19.246872211699078,0.0,0.0,0.0,0.0,0,1.0176569878809716,0.7966601551387332,False,False,False,False,0.3428282146816118,0.33777941757395713,False,False,False,False,326652207,160406027.7566036,False,False,False,False,25488053.70718808,False,False,False,False
2025-06-16 00:00:00+00:00,4.85,4.95,4.81,4.87,28381590,,,,4.53372958835986,4.031371203105557,3.8005247939467943,3.585351148261164,3.5051320934169814,3.442937182239197,3.3985792850407917,3.3955805393115432,3.3503362049235843,3.271386990202183,3.2691012451654995,3.2553192211242585,3.134926456152476,3.0009867928259193,2.985318250207243,2.9415044394884817,2.9182758820900503,2.9176255667709876,2.8809753712972133,2.8521568560342514,2.8268581838013924,2.82407859234956,2.822859550133383,2.819760141691097,2.8189995118439914,2.8013492265053133,2.800352240934242,2.7797617073384013,2.734831867933708,2.7170497335694774,2.6751493378258515,2.6581643458308255,2.64357688024269,2.6235725321136067,2.6000286711804765,,3.8005247939467943,3.585351148261164,3.3503362049235843,3.0009867928259193,2.8809753712972133,2.734831867933708,2.64357688024269,,3.3235559554982017,"rgba(0, 255, 0, 1.0)",0.6157855892206995,3.600808667594251,2.028614105741982,70.02162002237729,19.36224150558455,True,False,True,False,False,18.069228115733598,0.0,0.0,0.0,0.0,0,1.0431053012095275,0.7898274615549952,False,False,False,False,0.32346091902924723,0.3306201683016022,False,False,False,False,298270617,165812482.2367368,False,False,False,False,25601525.7186709,False,False,False,False
2025-06-17 00:00:00+00:00,4.89,4.92,4.775,4.86,22816847,,,,4.546698364371829,4.045720804837359,3.813570366593586,3.5974982613159585,3.5168518400980147,3.454114109980017,3.4091443758746975,3.4061364418329143,3.3607086926904737,3.281571361847357,3.2792829438541267,3.2654801971288796,3.144835941717018,3.0107357979446294,2.9950624868665483,2.951201037821606,2.9279453186139732,2.9272947192690855,2.8906267136525114,2.8617996629642564,2.836476807409984,2.833695113328943,2.8324753110902043,2.829373711540942,2.8286125720279833,2.8109432648729666,2.8099450948990587,2.789312855169129,2.7443265169821385,2.726531945434211,2.684574716460017,2.66756085704171,2.6529499556464247,2.632921409936323,2.6093537624552683,,3.813570366593586,3.5974982613159585,3.3607086926904737,3.0107357979446294,2.8906267136525114,2.7443265169821385,2.6529499556464247,,3.3343139719637414,"rgba(0, 255, 0, 1.0)",0.6181873531572737,3.612449915268308,2.0666066334208373,69.63844112084061,19.36224150558455,True,False,True,False,False,18.549072986005324,0.0,0.0,0.0,0.0,0,1.0755139882225888,0.7726837418750128,False,False,False,False,0.3107571417679969,0.32068865503479954,False,False,False,False,321087464,171901697.20784515,False,False,False,False,25492322.631664198,False,False,False,False
2025-06-18 00:00:00+00:00,4.82,4.94,4.79,4.87,23731280,,,,4.558680747098764,4.059922571423634,3.8266554682797063,3.6097749447662535,3.5287244524690355,3.465458842281521,3.4198852441747833,3.416868609002384,3.3712642121889274,3.2919492233554086,3.2896584232630937,3.275836655584307,3.1549533967585597,3.0207044867966526,3.0050277714307154,2.9611219348152087,2.937840656789962,2.9371898235266025,2.9005067421938677,2.8716732938488274,2.846327836215719,2.84354421725302,2.842323735040124,2.8392201435950257,2.8384585435741387,2.820771235623175,2.8197719363816733,2.7990988488153987,2.7540582436434926,2.7362522219890915,2.694239938532212,2.6771977903065567,2.662563950540972,2.6425119932217354,2.6189215248005855,,3.8266554682797063,3.6097749447662535,3.3712642121889274,3.0207044867966526,2.9005067421938677,2.7540582436434926,2.662563950540972,,3.3451848750024107,"rgba(0, 255, 255, 0.75)",0.6163862425460128,3.6241261952363075,1.9401370799972415,67.55764438490397,21.415074544626634,True,False,True,False,False,17.16194230994722,0.0,0.0,0.0,0.0,0,1.086919462808199,0.7462475572741257,False,False,False,False,0.3175853204759676,0.31913698775538357,False,False,False,False,297356184,176821481.00361595,False,False,False,False,25423262.136304818,False,False,False,False
2025-06-20 00:00:00+00:00,4.83,4.97,4.765,4.77,35155470,,,,4.575063957133462,4.080190174948137,3.845535387176458,3.627597156159118,3.545994011551476,3.4819894926669495,3.435560247235768,3.4325316338007665,3.3866809376880274,3.3071215334650903,3.3048275981670288,3.290980201802973,3.169766192058021,3.0353148802427095,3.019634559071662,2.975668055805293,2.952351584903576,2.951700462679583,2.914998293323504,2.8861576578446364,2.8607812188320882,2.8579950014082285,2.8567736173953766,2.853667351238504,2.852905135741236,2.8351929263945475,2.8341920565592007,2.8134610919261727,2.76834459587825,2.750523038109516,2.708433283871619,2.691351010403293,2.6766846572645147,2.656599769267141,2.632977381020502,,3.845535387176458,3.627597156159118,3.3866809376880274,3.0353148802427095,2.914998293323504,2.76834459587825,2.6766846572645147,,3.3609832008862113,"rgba(0, 255, 255, 0.75)",0.6136967587593273,3.6409983623644577,1.93744161210705,66.32101413994988,20.118629068610204,True,False,True,False,False,17.286689209640933,0.0,0.0,0.0,0.0,0,1.0788085957854803,0.736206932488484,False,False,False,False,0.31712635350980545,0.3181316706325945,False,False,False,False,332511654,182926977.9838663,False,False,False,False,25804917.346645806,False,False,False,False
2025-06-23 00:00:00+00:00,4.93,5.06,4.83,4.86,30298504,,,,4.591662415082882,4.098673738206878,3.862583386767987,3.6435884974746022,3.5614641369095486,3.4967866179274902,3.449590160642764,3.4465499562871136,3.4004673967426626,3.3206685187888705,3.318371150104114,3.3044971952463777,3.1829604813249097,3.0483008074206346,3.032614011516977,2.988585393399662,2.965233516977723,2.964582015066502,2.9278561329097688,2.8990038858319074,2.8735957875439637,2.870806804136717,2.8695844156308,2.8664752625541805,2.865712374664051,2.847975299008195,2.846972882771196,2.826187760354454,2.7809974578849515,2.763159469458155,2.720995454694489,2.70387553002692,2.6891785799843224,2.6690619794700448,2.6454083206264434,,3.862583386767987,3.6435884974746022,3.4004673967426626,3.0483008074206346,2.9278561329097688,2.7809974578849515,2.6891785799843224,,3.3752019707314687,"rgba(0, 255, 0, 1.0)",0.6153053296117634,3.6562941261733926,2.0700387474788684,66.93688888796362,20.118629068610204,True,False,True,False,False,18.52951848899647,0.0,0.0,0.0,0.0,0,1.0830621286245197,0.743716799294518,False,False,False,False,0.3428282086251274,0.33047993962886096,False,False,False,False,362810158,189981220.3374402,False,False,False,False,25981136.43109107,False,False,False,False
2025-06-24 00:00:00+00:00,4.85,4.91,4.62,4.8,32095839,,,4.793333333333334,4.600932535994621,4.11414065807636,3.877692001189181,3.6582398230109283,3.5757776282863443,3.510577380527361,3.462734982899165,3.4596875516671144,3.4134411242862335,3.3334983256848285,3.331199877911587,3.3173138261547104,3.1955756722106594,3.060813636211603,3.0451307676355794,3.001070360738026,2.97769866534104,2.977047185206423,2.9403198828916803,2.911472653638371,2.886048014221068,2.8832578705010556,2.8820351713866814,2.8789249056741513,2.878161778419617,2.860410170925246,2.859406791953694,2.8385803148103435,2.7933413935972307,2.775496133385092,2.7332800490517326,2.716131442927463,2.7014114051142952,2.6812728584827905,2.65759897129176,,3.877692001189181,3.6582398230109283,3.4134411242862335,3.060813636211603,2.9403198828916803,2.7933413935972307,2.7014114051142952,,3.482311260962839,"rgba(0, 255, 255, 0.75)",0.6138352920497142,3.7436350871296327,1.8023807480602843,65.18499424252096,18.863603150043446,True,False,True,False,False,16.913747259080484,0.0,0.0,0.0,0.0,0,1.0423990647572126,0.7785896204751366,False,False,False,False,0.262415335901425,0.296447637765143,False,False,False,False,330714319,195500165.38303077,False,False,False,False,26220928.688695345,False,False,False,False
2025-06-25 00:00:00+00:00,4.83,4.88,4.79,4.85,19212110,,,4.808311215220602,4.607155795718338,4.123599836797028,3.886888305706127,3.6671353985129578,3.5844637200990586,3.5189459232071445,3.470713816064172,3.4676618176525658,3.4213138023322642,3.3412791772002275,3.3389799273121508,3.3250857038776718,3.203219513250954,3.0683891011952924,3.052707825126672,3.008626332493152,2.9852417220777427,2.9845902260274326,2.9478604741467156,2.9190150353778654,2.893579455935356,2.890788505320719,2.8895655711482853,2.8864545147270926,2.885691213657105,2.8679302039573438,2.8669262093070973,2.84607416792851,2.800804441699742,2.7829541785857095,2.7407054276068843,2.7235390596238775,2.708804699689965,2.688652342048284,2.664965570544296,,3.886888305706127,3.6671353985129578,3.4213138023322642,3.0683891011952924,2.9478604741467156,2.800804441699742,2.708804699689965,,3.4906084817009138,"rgba(0, 255, 255, 0.75)",0.6125876881522088,3.7522665451085464,1.7593129534520955,63.49270052547275,17.193968899257428,True,False,True,False,False,16.510458759167093,0.0,0.0,0.0,0.0,1,1.0415710277990309,0.8022188217291508,False,False,False,False,0.2932418580531409,0.29484474790914195,False,False,False,False,311502209,200049265.13271585,False,False,False,False,25946073.05384455,False,False,False,False
2025-06-26 00:00:00+00:00,4.93,4.94,4.8,4.84,20573860,,,4.831692007176206,4.615040576740245,4.134244458492347,3.897120194511381,3.676969036690528,3.5940494750254564,3.5281723380543815,3.479506892801825,3.476449372411318,3.4299827388184094,3.3498355843543886,3.347535120791685,3.3336299695688814,3.211608240261806,3.0766882093855483,3.061007032568954,3.0168982198718033,2.9934973302221284,2.9928457547317033,2.956109909130951,2.927263806524611,2.9018141264940844,2.8990220592454965,2.8977987645486762,2.8946865825452517,2.893923027340677,2.8761503085818836,2.8751455616084263,2.8542640605018588,2.808957292562659,2.7911002162887306,2.74881286542089,2.7316259889464902,2.7168750452039183,2.696706293488692,2.6730039187493246,,3.897120194511381,3.676969036690528,3.4299827388184094,3.0766882093855483,2.956109909130951,2.808957292562659,2.7168750452039183,,3.500144123080497,"rgba(0, 255, 255, 0.75)",0.6096790767088606,3.762234917129404,1.9153766751753523,64.00026499163262,17.193968899257428,True,False,True,False,False,17.791144441260723,0.0,0.0,0.0,0.0,1,1.0469341730139141,0.7903067954555124,False,False,False,False,0.30885729508792736,0.30185102149853466,False,False,False,False,332076069,205226786.8530015,False,False,False,False,25735398.032125156,False,False,False,False
2025-06-27 00:00:00+00:00,4.75,4.81,4.7012,4.79,26673952,,,4.810592622391704,4.619878381952843,4.145202397759556,3.90830059002653,3.688079282720105,3.60498485580795,3.538772494096062,3.489660365775973,3.48659921589062,3.4400359252332513,3.3598200687046025,3.3575198394804264,3.343611848574477,3.221487796628408,3.0865359007313073,3.070862579781596,3.026742662409992,3.0033333205737756,3.002681946323548,2.965955209734943,2.9371206953828,2.9116649273138346,2.9088726833478127,2.9076494626609426,2.9045372189793666,2.9037736740863065,2.8859942494219726,2.8849890116873746,2.864080785277622,2.8187472282763126,2.8008886168164286,2.758570344955833,2.741364932715852,2.7265991951666546,2.706417580375251,2.6827042788419697,,3.90830059002653,3.688079282720105,3.4400359252332513,3.0865359007313073,2.965955209734943,2.8187472282763126,2.7265991951666546,,3.508532865229884,"rgba(0, 255, 255, 0.75)",0.6068642782799498,3.7707818461361207,1.6135702642431042,60.09394448577109,13.943292839533989,False,False,True,False,False,14.203632872448864,0.0,0.0,0.0,0.0,1,1.013898080741231,0.7992289349006756,False,False,False,False,0.2583138433523653,0.28008243242544995,False,False,False,False,305402117,209155231.17249164,False,False,False,False,25772204.070081033,False,False,False,False
2025-06-30 00:00:00+00:00,4.95,4.96,4.76,4.77,23584690,,,4.825925776717494,4.62796012049145,4.156671690438854,3.919500398712102,3.6989454773312014,3.6156101122741116,3.5490275958816886,3.4994574108545367,3.4963908613245716,3.449707364622267,3.369382163616379,3.3670809626826737,3.353163158009862,3.2308858286228985,3.0958510748266885,3.080179498593761,3.036033975944733,3.0126089787933363,3.0119575792631887,2.9752275686739704,2.9463949338406565,2.9209258525694843,2.9181326184889613,2.9169091057646352,2.9137958885383077,2.9130321289437453,2.8952412954768585,2.894235311962581,2.8732962925515664,2.827925426196711,2.8100606598809477,2.7677028411337328,2.750475965892673,2.735692908324704,2.715494533530391,2.6917655487390335,,3.919500398712102,3.6989454773312014,3.449707364622267,3.0958510748266885,2.9752275686739704,2.827925426196711,2.735692908324704,,3.518578379883788,"rgba(0, 255, 255, 0.75)",0.608671570784338,3.7812228190197343,1.9202099080694246,60.56201955211371,13.943292839533989,False,False,True,False,False,16.756710890711208,0.0,0.0,0.0,0.0,1,1.0181561727805881,0.801554728346749,False,False,False,False,0.3043811277739578,0.29223178009970385,False,False,False,False,328986807,213854508.65592334,False,False,False,False,25686419.20458766,False,False,False,False
2025-07-01 00:00:00+00:00,4.92,5.16,4.91,5.1,15354066,4.996666666666667,,4.844992478069507,4.635004484392933,4.165009195106353,3.9274417494240406,3.7065387268168264,3.623004535978651,3.556145047267576,3.5062457556265696,3.5031746156317665,3.456395794924876,3.3759754820198355,3.373673067308269,3.3597452728826007,3.2373371392636847,3.102221358575674,3.0865483381211507,3.042378311580831,3.018939059761965,3.0182875428452487,2.9815497730648977,2.952714203339103,2.9272325118996436,2.9244382185387967,2.9232143379068667,2.9201000298149844,2.9193360191262716,2.9015350326437233,2.900528408466079,2.879565778135196,2.834163840745036,2.816292678080352,2.7739030312888664,2.756659654013542,2.741863207013514,2.7216512348174455,2.697909035967675,,3.9274417494240406,3.7065387268168264,3.456395794924876,3.102221358575674,2.9815497730648977,2.834163840745036,2.741863207013514,4.996666666666667,3.5260303864331624,"rgba(0, 255, 255, 0.75)",0.6116559122210355,3.8702047530313926,1.7163166839287256,60.24093694611389,13.943292839533989,False,False,True,False,False,16.170698333574094,0.0,0.0,0.0,0.0,1,1.0294471846103903,0.7705381546291352,False,False,False,False,0.34282821103867,0.31752999556918693,False,False,False,False,313632741,217767380.51255378,False,False,False,False,25281228.88283913,False,False,False,False
2025-07-02 00:00:00+00:00,4.9,5.0,4.78,4.99,17791774,4.941200179368915,,4.850531083997192,4.640599737804375,4.173290779184378,3.935623410195945,3.714531233799947,3.6308373662973197,3.563720095355889,3.5134952109535926,3.51042047116555,3.463559020999716,3.3830661995056808,3.3807632632660054,3.3668294366001965,3.244318363746932,3.1091500958936,3.093479204870537,3.0492927392573974,3.0258431925815876,3.025191689455403,2.988453305176211,2.959620469150871,2.9341301685329535,2.9313352737360954,2.9301112335286126,2.926996349859023,2.926232215609106,2.9084236368820755,2.9074165089205533,2.8864321606147842,2.841004677893198,2.8231297018913324,2.780712596410903,2.763454064620932,2.748645407487412,2.7284218171888828,2.7046688958306255,,3.935623410195945,3.714531233799947,3.463559020999716,3.1091500958936,2.988453305176211,2.841004677893198,2.748645407487412,4.941200179368915,3.5331497950053725,"rgba(0, 255, 255, 0.75)",0.6126776263859046,3.8744432434914318,1.673892945231536,59.58689013811484,13.387722397359923,False,True,True,False,False,15.776309805223917,0.0,0.0,0.0,0.0,1,1.0169251283558896,0.798809361317892,False,False,False,False,0.2811327180103943,0.2993313567897906,False,False,False,False,295840967,220829089.7865713,False,False,False,False,24987524.769786615,False,False,False,False
2025-07-03 00:00:00+00:00,4.99,4.99,4.81,4.85,11340008,4.938345111311205,,4.855939462798327,4.6445405468286385,4.17873550088302,3.940963144770584,3.719726229462237,3.635923136763262,3.568635523505609,3.5181981499988457,3.5151209133838295,3.4682036576628246,3.387660044984779,3.3853566610186863,3.3714182833648954,3.2488356389667983,3.1136285706327254,3.0979585083441323,3.053760016102328,3.0303031078584928,3.0296515929952577,2.992911675688587,2.964079731148157,2.9385831621145986,2.9357878010925664,2.934563623416373,2.9314482813277247,2.930684045984851,2.9128700913913144,2.9118626119275755,2.8908637448205523,2.845418655351366,2.8275407702236595,2.785104981276953,2.7678363057162043,2.753019459643947,2.732787939086671,2.709027591002518,,3.940963144770584,3.719726229462237,3.4682036576628246,3.1136285706327254,2.992911675688587,2.845418655351366,2.753019459643947,4.938345111311205,3.5378735183006924,"rgba(0, 255, 255, 0.75)",0.6175049476403834,3.878975502366939,1.7992155396948961,60.52487125645392,13.387722397359923,False,False,True,False,False,16.929786576116115,0.0,0.0,0.0,0.0,1,1.0350869758671102,0.7853359323685829,False,False,False,False,0.2853164619669515,0.29232390937837105,False,False,False,False,307180975,224215438.2263136,False,False,False,False,24452328.033716552,False,False,False,False
2025-07-07 00:00:00+00:00,5.04,5.06,4.83,4.94,17446329,4.949140314950229,,4.867381938199597,4.651355703826728,4.1874716828892256,3.9494495104143827,3.7279373117464267,3.6439495571965663,3.576385983278672,3.5256099957736704,3.5225284766267797,3.4755184404171113,3.3948867678996284,3.3925824492759316,3.3786355560545185,3.2559298831904617,3.120651659469051,3.1049817574507426,3.060761440205884,3.0372914865269363,3.0366399101306665,2.9998952132861834,2.971062842196764,2.9455549531793035,2.9427586977379243,2.941534232368229,2.9384179895273275,2.9376535510000212,2.9198301703959832,2.918822084554215,2.8977993985912756,2.8523243574458688,2.83444097382934,2.7919738776652494,2.774688537798907,2.7598582069390263,2.7396133495825987,2.715840298860848,,3.9494495104143827,3.7279373117464267,3.4755184404171113,3.120651659469051,2.9998952132861834,2.8523243574458688,2.7598582069390263,4.949140314950229,3.5454922361929584,"rgba(0, 255, 255, 0.75)",0.622233929533785,3.8871013065199485,1.852838038491203,61.86381968383646,13.387722397359923,False,False,True,False,True,17.56394737514407,0.0,0.0,0.0,0.0,1,1.0585797181541863,0.7554360533083938,False,False,False,False,0.30426659655053745,0.29829525296445425,False,False,False,False,324627304,228153158.45273268,False,False,False,False,24177582.973570805,False,False,False,False
2025-07-08 00:00:00+00:00,4.74,5.03,4.67,5.01,23559809,4.911714742127994,,4.861249106423579,4.655723123124218,4.196590283959155,3.9589038289527565,3.7374286448036673,3.6533274249385816,3.5855127682000667,3.5343870609437986,3.5313031088741935,3.4842219786815845,3.4035451603451263,3.4012413177342937,3.3872938065011104,3.264517494024693,3.129224883810598,3.1135627351103037,3.0693365869642593,3.0458613265718912,3.0452099642211388,3.008475428207305,2.9796546635747885,2.9541433847440426,2.9513471631998116,2.950122838685521,2.947006745392233,2.9462423646503653,2.928414524761885,2.9274060928244485,2.9063623980103714,2.86086764385865,2.842983985312884,2.800493301697753,2.7831933239554965,2.768351338792143,2.7480966905697493,2.7243156102920687,,3.9589038289527565,3.7374286448036673,3.4842219786815845,3.129224883810598,3.008475428207305,2.86086764385865,2.768351338792143,4.911714742127994,3.553345801619616,"rgba(38, 166, 154, 1.0)",0.6215601411038205,3.8927241568459765,1.3631437846856744,56.8799065425759,10.830000885321553,False,True,True,False,False,11.762915120681757,0.0,0.0,0.0,0.0,1,1.0218420998200508,0.7661488820402508,False,False,False,False,0.264491660244443,0.2813934566044486,False,False,False,False,301067495,231012544.19968435,False,False,False,False,24153356.543234695,False,False,False,False
2025-07-09 00:00:00+00:00,4.74,4.8,4.7017,4.76,11621064,4.892032022056768,,4.855205943646027,4.656924213227152,4.200519303795928,3.963136540706442,3.741765563390236,3.657637517468791,3.589725508283825,3.538451016802749,3.5353665814335753,3.4882620568321636,3.4075787456841584,3.4052755063778313,3.3913300055226587,3.2685393236047102,3.133257066196015,3.117600336637361,3.073376371381896,3.0499011324778666,3.049249938821628,3.0125239481363058,2.98371149361896,2.9582010929208895,2.9554051536659696,2.9541810116379326,2.951065284071591,2.9503010027984167,2.9324727399336994,2.9314642390019983,2.9104126026268946,2.8649125936926767,2.847030330659908,2.804532050469143,2.7872265590314655,2.7723802467007626,2.7521225439669044,2.7283394692913134,,3.963136540706442,3.741765563390236,3.4882620568321636,3.133257066196015,3.0125239481363058,2.8649125936926767,2.7723802467007626,4.892032022056768,3.5567813310213667,"rgba(38, 166, 154, 1.0)",0.6195253923058391,3.8949330561436035,1.3640553790880217,53.55729778173553,7.868753063275108,False,True,False,False,False,11.762915120681757,0.0,0.0,0.0,0.0,1,1.0398120132672053,0.7804880584755192,False,False,False,False,0.2238320974671346,0.2526127770357916,False,False,False,False,301067495,233759797.17224577,False,False,False,False,23661894.090558823,False,False,False,False
2025-07-10 00:00:00+00:00,4.7,4.82,4.64,4.78,13183657,4.8714692035148435,,4.847537166412954,4.657849635017348,4.204690610450148,3.9677188153491723,3.746508703594019,3.6623650271994515,3.5943562860607448,3.5429254414619127,3.5398408213535992,3.4927157232393724,3.412033046355918,3.4097306765225426,3.395788623810379,3.272992056608932,3.1377303852362792,3.122080602995095,3.0778616837619803,3.05438781261687,3.053736842126197,3.0170223279367914,2.988220601574363,2.962712495230341,2.9599170110587565,2.9586931333121873,2.9555779687875163,2.954813836345554,2.9369860003083836,2.935977473108208,2.9149180771979095,2.8694143961415057,2.851534494892227,2.809029671155513,2.791718805472127,2.7768683172908935,2.75660806071357,2.732823730780025,,3.9677188153491723,3.746508703594019,3.4927157232393724,3.1377303852362792,3.0170223279367914,2.8694143961415057,2.7768683172908935,4.8714692035148435,3.560493614405485,"rgba(38, 166, 154, 1.0)",0.6143210710844702,3.8973103710400148,1.3066288407509534,50.68219866138876,5.364427985965818,False,True,False,False,False,11.014535680317202,0.0,0.0,0.0,0.0,1,1.0319911181471468,0.7757743351460263,False,False,False,False,0.2153779520394221,0.23399536453760683,False,False,False,False,287883838,235882308.57725576,False,False,False,False,23250982.83210554,False,False,False,False
2025-07-11 00:00:00+00:00,4.7,4.805,4.66,4.77,14263190,4.854315512021765,,4.8402598566408725,4.658846772444754,4.209143043156634,3.972625072238848,3.7515973998998566,3.6674404740069995,3.599331062016409,3.5477350423952294,3.544650306192283,3.497504439563132,3.416824255294992,3.4145228626900033,3.400584783938942,3.2777842460875752,3.1425467479348277,3.1269046291091196,3.0826917316403066,3.0592196411600017,3.0585689183031564,3.021867173820149,2.9930773023970274,2.96757196662166,2.9647770037648966,2.963553423914602,2.9604389000813023,2.959674936266715,2.9418477690974636,2.940839225589529,2.91977175797906,2.8742646474552664,2.8563874703114642,2.813876072890255,2.7965596181826804,2.781704798158231,2.7614419984729133,2.7376565468589398,,3.972625072238848,3.7515973998998566,3.497504439563132,3.1425467479348277,3.021867173820149,2.8742646474552664,2.781704798158231,4.854315512021765,3.5645324229267046,"rgba(38, 166, 154, 1.0)",0.6086293861864722,3.90015461784967,1.314174767606888,48.76546591449091,3.734843016625007,False,True,False,True,False,11.014535680317202,0.0,0.0,0.0,0.0,1,1.0379639383495096,0.7769209527803063,False,False,False,False,0.18898169084133248,0.21148852768946966,False,False,False,False,287883838,237921584.2408928,False,False,False,False,22898520.368101403,False,False,False,False
2025-07-14 00:00:00+00:00,4.61,4.76,4.58,4.69,11079430,4.837626403756289,,4.832082447304045,4.65874068484345,4.212072786789581,3.976031891338129,3.755224390658249,3.671083823987748,3.6029203679974904,3.5512176376216273,3.548133477349741,3.5009822990629433,3.4203187837757247,3.4180184968360465,3.404085678445872,3.281301241133956,3.1460989812367006,3.130464331479233,3.086260893069279,3.0627926795400415,3.062142209032058,3.025453741402902,2.9966755401778706,2.971174771505524,2.968380465513918,2.967157224385132,2.964043475305154,2.9632797098467667,2.9454547435745173,2.9444462835977516,2.9233748247061437,2.877869276780668,2.859995670476515,2.8174829855456713,2.8001638003062195,2.785306958143744,2.765043864422483,2.741259407306891,,3.976031891338129,3.755224390658249,3.5009822990629433,3.1460989812367006,3.025453741402902,2.877869276780668,2.785306958143744,4.837626403756289,3.567271342145241,"rgba(38, 166, 154, 1.0)",0.6039789090047059,3.901737916269815,1.172660291892191,45.94395527585266,1.209828190561936,False,True,False,True,False,9.310803572584181,0.0,0.0,0.0,0.0,1,1.0292386312180608,0.8351661383875628,False,False,False,False,0.14680075127391293,0.1791446394816913,False,False,False,False,276804408,239446400.85889703,False,False,False,False,22435026.62817586,False,False,False,False
2025-07-15 00:00:00+00:00,4.52,4.63,4.45,4.62,13832351,4.809466630525149,,4.816868095056241,4.656890872780566,4.214716287974379,3.9795094162147637,3.759126603678452,3.675057090485167,3.606871764229628,3.555076404259665,3.551994237343232,3.5048570663924234,3.4242426055032675,3.4219443669186487,3.4080222975372845,3.285294761891338,3.150168192578398,3.1345458044427676,3.0903633840586093,3.0669048105555667,3.0662547711471047,3.0295893712934268,3.0008305062245637,2.9753400917666815,2.972547091810052,2.9713244807955754,2.968212233648539,2.9674488458706314,2.949629863434869,2.94862169276509,2.9275496138145303,2.8820541418669863,2.8641878008456096,2.8216808442282995,2.804361338426668,2.7895045472527964,2.7692443190361065,2.7454646952334465,,3.9795094162147637,3.759126603678452,3.5048570663924234,3.150168192578398,3.0295893712934268,2.8820541418669863,2.7895045472527964,4.809466630525149,3.569914910217046,"rgba(38, 166, 154, 1.0)",0.5997699859413009,3.9024585080407315,1.0296305357629323,42.694998047588896,-1.708756979800114,False,True,False,True,False,7.6404965727923155,0.0,0.0,0.0,0.0,1,0.9768122858010497,0.8480326233135221,False,False,False,False,0.08030600024587309,0.1297253198637822,False,False,False,False,262972057,240368975.6095285,False,False,False,False,22097666.799619943,False,False,False,False
2025-07-16 00:00:00+00:00,4.43,4.569,4.37,4.52,15612804,4.776069179183056,,4.797270358497742,4.653606462137542,4.216939698317803,3.98284425582055,3.7630509348329912,3.6790996021951377,3.6109242977876805,3.559055621507091,3.5559766655629628,3.50887095313366,3.428333200697266,3.4260377762765533,3.4121309912446773,3.2894955991523154,3.154478496361068,3.1388721632599,3.094720467897154,3.071276430823181,3.070626965851427,3.0339925223059505,3.0052590899196994,2.979783908919925,2.9769927530442652,2.97577101081537,2.972660865806963,2.971898003251512,2.954088246231278,2.9530805435658283,2.9320111204515316,2.8865332439669706,2.8686772445928197,2.826182384453611,2.8088648949005317,2.7940101439360885,2.7737556321602526,2.7499842183672376,,3.98284425582055,3.7630509348329912,3.50887095313366,3.154478496361068,3.0339925223059505,2.8865332439669706,2.7940101439360885,4.776069179183056,3.572380173183133,"rgba(38, 166, 154, 0.5)",0.5968256871992802,3.902590097936026,0.8836916931959591,39.3136482286009,-4.734353856235451,False,True,False,True,False,6.002971539881848,0.0,0.0,0.0,0.0,0,0.9654019795103315,0.8637784337558604,False,False,False,False,0.04457631812663866,0.08715081899521043,False,False,False,False,247359253,240643104.13464504,False,False,False,False,21843358.454536807,False,False,False,False
2025-07-17 00:00:00+00:00,4.34,4.39,4.29,4.38,12360702,4.74569291844855,,4.778403690759071,4.64959251965223,4.217829759193012,3.984810958485921,3.765610538769051,3.6817959100281215,3.6136676432743884,3.5617759160428295,3.5587005982460718,3.511637574798571,3.4311849174166267,3.428892297297604,3.4150012232061795,3.2924706410734603,3.15756771252933,3.141976639932596,3.0978572799533195,3.0744289300443484,3.073780020794842,3.037175734608246,3.008466585756568,2.9830075209927878,2.9802182487134345,2.9789973749224963,2.9758893602810867,2.975127026902169,2.9573273969176666,2.9563202262437316,2.9352567181491254,2.8897998696745573,2.8719545092437477,2.8294756417050246,2.8121624521185327,2.797311571491974,2.7770644151343973,2.7533026454157015,,3.984810958485921,3.765610538769051,3.511637574798571,3.15756771252933,3.037175734608246,2.8897998696745573,2.797311571491974,4.74569291844855,3.57370802530529,"rgba(38, 166, 154, 0.5)",0.5930224005613614,3.901778386025529,0.7389630030158144,35.97709132046733,-7.71114697622864,False,True,False,True,False,4.397597212253562,0.0,0.0,0.0,0.0,0,0.9463225862556254,0.8792095136639347,False,False,False,False,-0.020825213415525304,0.033162802789842565,False,False,False,False,234998551,240421749.109757,False,False,False,False,21471489.573966738,False,False,False,False
2025-07-18 00:00:00+00:00,4.3,4.4,4.27,4.4,11842579,4.719268459340043,,4.76109887887593,4.64564013893076,4.218555819971711,3.9865875451338524,3.767971097414111,3.6842937486432796,3.6162168320991066,3.564309029618449,3.5612373630385226,3.5142180214632868,3.4338506152039825,3.4315607669135377,3.417685287628182,3.2952601156868675,3.1604708685086655,3.1448948009901048,3.100807692724994,3.0773950428726793,3.076746681620604,3.04017216575883,3.0114869218692526,2.986043951986908,2.983256552080256,2.982036538981225,2.978930639761602,2.9781688314261587,2.9603793645040968,2.9593727300462804,2.938315538489115,2.892880014354258,2.8750452435681995,2.832582777515476,2.8152741710343623,2.8004273843793888,2.780187751903637,2.7564357479311457,,3.9865875451338524,3.767971097414111,3.5142180214632868,3.1604708685086655,3.04017216575883,2.892880014354258,2.8004273843793888,4.719268459340043,3.574948625654873,"rgba(38, 166, 154, 0.5)",0.5903255476872439,3.9010924338422313,0.6757416610556569,33.29851569302295,-10.091998718046952,False,True,False,True,False,3.6903225590691626,0.0,0.0,0.0,0.0,0,0.9316197758967445,0.9059385152606803,False,False,False,False,-0.023350346671496967,0.004906228059172799,False,False,False,False,223155972,239744659.81133518,False,False,False,False,21093885.23773275,False,False,False,False
2025-07-21 00:00:00+00:00,4.49,4.6,4.3897,4.41,16412052,4.701233925658772,,4.747689228755485,4.6431237003192996,4.2211507351394895,3.9902457905570334,3.7722003935825494,3.6886352303743317,3.620561093521637,3.5685714038824448,3.5655028218093063,3.5185123820222617,3.4382192791821815,3.4359322200750677,3.4220718047461647,3.299735802709677,3.165054737505794,3.1494948194028196,3.105438107901606,3.082039785417649,3.081392001149837,3.0448485550911784,3.016188933263144,2.9907610629617043,2.987975502313553,2.986756358817973,2.98365255911562,2.982891275865543,2.9651108997044444,2.9641047235825804,2.943049669598426,2.8976312270845845,2.8798067753574053,2.837355825600887,2.8200488832089623,2.8052038566654915,2.7849697046013726,2.7612257186092637,,3.9902457905570334,3.7722003935825494,3.5185123820222617,3.165054737505794,3.0448485550911784,2.8976312270845845,2.8052038566654915,4.701233925658772,3.578020994657291,"rgba(38, 166, 154, 0.5)",0.5875371715286787,3.9026093554639893,0.9997506081321007,36.20785041386439,-10.091998718046952,False,True,False,True,False,6.641796214596937,0.0,0.0,0.0,0.0,0,0.9400834115771776,0.8743476646941938,False,False,False,False,0.05740596780085393,0.031156097930013362,False,False,False,False,239568024,239737732.91677302,False,False,False,False,20910283.93429225,False,False,False,False
2025-07-22 00:00:00+00:00,4.54,4.59,4.5,4.52,14491274,4.6908421302480585,,4.739038616912715,4.641689768690731,4.223815986554158,3.9937496439018925,3.776150561521408,3.6926663450545862,3.6245794739246953,3.5725047078702077,3.5694383906038505,3.5224662476592727,3.4422285748155277,3.439943729396227,3.4260950776738848,3.3038246966105707,3.1692276881874886,3.153680928007728,3.109647753372947,3.086260373569614,3.0856130558964407,3.049094657082273,3.0204558918747946,2.995039698362198,2.9922555871637457,2.991037136510505,2.987934998103003,2.987174131575826,2.969400641306407,2.9683948050668554,2.947340166168126,2.9019339813370855,2.884117638334388,2.8416743340449666,2.824367818110796,2.809523473627028,2.7892930467273884,2.7655548918703605,,3.9937496439018925,3.776150561521408,3.5224662476592727,3.1692276881874886,3.049094657082273,2.9019339813370855,2.809523473627028,4.6908421302480585,3.581085813865311,"rgba(38, 166, 154, 1.0)",0.5844311009107094,3.904623574916724,1.0871707958272232,39.18228515507014,-10.091998718046952,False,True,False,True,True,7.393196181377263,0.0,0.0,0.0,0.0,0,0.9502981017929946,0.8749616413134015,False,False,False,False,0.08284673506553289,0.05700141649777313,False,False,False,False,254059298,240299362.92003682,False,False,False,False,20658558.054516084,False,False,False,False
2025-07-23 00:00:00+00:00,4.49,4.53,4.41,4.51,14064285,4.6779834081262095,,4.728684752963085,4.639420004094167,4.2258298888942285,3.9967006737419504,3.779616028177421,3.696238714118671,3.628165554408945,3.5760318161462354,3.572968421066889,3.5260258497961203,3.4458581022831756,3.4435757848328183,3.429740933900654,3.3075554188806984,3.173058267689873,3.1575259625226773,3.113520968753729,3.090146998512804,3.089500200634744,3.0530098618831247,3.0243940899291517,2.9989919391048394,2.9962095172922534,2.9949918594211202,2.991891644221167,2.991131257717203,2.973366340438886,2.9723609422914326,2.951309277562733,2.90591975490089,2.8881129207456246,2.845681354987979,2.828377078787116,2.8135349187677297,2.793310012608692,2.7695796315531327,,3.9967006737419504,3.779616028177421,3.5260258497961203,3.173058267689873,3.0530098618831247,2.90591975490089,2.8135349187677297,4.6779834081262095,3.5836587101651007,"rgba(38, 166, 154, 1.0)",0.5794926951944915,3.9059775159817356,1.0078168178155427,40.32834694943516,-16.853502442920572,False,True,False,True,True,6.4792898448283935,0.0,0.0,0.0,0.0,0,0.9416305884431879,0.8839348824880721,False,False,False,False,0.04482921286249977,0.05091531468013645,False,False,False,False,239995013,240287427.629055,False,False,False,False,20399959.111201726,False,False,False,False
2025-07-24 00:00:00+00:00,4.43,4.48,4.36,4.45,12638442,4.664947924886056,,4.718227279086795,4.636781820390585,4.227233437716879,3.999030656671951,3.782465000916149,3.699203765620453,3.63116148179198,3.5789916455123945,3.575931390779346,3.5290238081365426,3.4489303770727573,3.4466506009732845,3.4328298476093178,3.310735714042225,3.176341356211134,3.16082324245374,3.1168473938308408,3.0934874725136026,3.092841189589425,3.0563787487558662,3.0277856060696977,3.0023980180210046,2.999617316952679,2.998400457730901,2.995302193594448,2.9945422926188368,2.9767864360853347,2.975781509355186,2.9547343690194023,2.9093632459336805,2.8915661333616223,2.849148225116229,2.8318472780494557,2.8170081787728702,2.79678960612006,2.773067733295241,,3.999030656671951,3.782465000916149,3.5290238081365426,3.176341356211134,3.0563787487558662,2.9093632459336805,2.8170081787728702,4.664947924886056,3.585695811483763,"rgba(38, 166, 154, 0.5)",0.5615088103887028,3.9068032273838798,0.931769480614095,40.12051021857192,-16.853502442920572,False,True,False,True,True,5.387462843306057,0.0,0.0,0.0,0.0,0,0.980752535867678,0.8833843552956226,False,False,False,False,0.019562697871145594,0.03523900627564102,False,False,False,False,227356571,239780335.2122293,False,False,False,False,20095585.891154602,False,False,False,False
2025-07-25 00:00:00+00:00,4.41,4.4499,4.32,4.41,17220999,4.6472357467834575,,4.703740557892872,4.632797602990112,4.228826067119548,4.001942959911398,3.7861265988030164,3.703039241858367,3.635054149683296,3.582849271417861,3.5797937049703386,3.532940586710006,3.4529575948830344,3.450681494228421,3.4368812966215225,3.314923888157225,3.180680124991124,3.1651823038904356,3.121249270731704,3.097910122227355,3.0972645793819726,3.0608423106390497,3.032281580571681,3.006915424078551,3.0041372326849847,3.002921531703945,2.9998261073600547,2.9990669119986206,2.9813245155225836,2.980320295146006,2.9592808671075126,2.9139376482122987,2.896154745214399,2.853758031667097,2.8364627239042433,2.8216287143713963,2.8014199137538687,2.7777108973823035,,4.001942959911398,3.7861265988030164,3.532940586710006,3.180680124991124,3.0608423106390497,2.9139376482122987,2.8216287143713963,4.6472357467834575,3.5882841863554327,"rgba(38, 166, 154, 0.5)",0.5415517577353973,3.9077133901920282,0.9274951149791847,39.65809849976142,-16.853502442920572,False,True,False,True,True,5.0227318759655795,0.0,0.0,0.0,0.0,0,0.9728492879341555,0.8735471238459525,False,False,False,False,0.0018676632141961633,0.018553334744918593,False,False,False,False,210135572,238617795.47841638,False,False,False,False,19982856.99346227,False,False,False,False
2025-07-28 00:00:00+00:00,4.13,4.3,4.03,4.25,24164480,4.605835288274055,4.153333333333333,4.671333968055636,4.622035611008117,4.227823643186504,4.003496000230421,3.7891895407067375,3.7065039008270664,3.638742183264926,3.586616452362611,3.583571532149006,3.5368607965732317,3.457123623971882,3.454854839199544,3.4410969970618286,3.319450727275766,3.185521854996141,3.17006215614511,3.1262194369862404,3.1029252154111213,3.102281093336198,3.0659365913624117,3.0374370769977093,3.0121163413498304,3.0093432762310837,3.0081298850568197,3.005040211533053,3.004282435869234,2.986569610854008,2.985566992572319,2.964552778926167,2.9192755866136695,2.9015219277320634,2.8591792613967937,2.841902104591815,2.827083781020619,2.806899430351955,2.7832203979708963,4.153333333333333,4.003496000230421,3.7891895407067375,3.5368607965732317,3.185521854996141,3.0659365913624117,2.9192755866136695,2.827083781020619,4.605835288274055,3.643952145304071,#000000,0.520010498854505,3.9402947579522247,0.3648104076084303,35.81612360765774,-16.853502442920572,False,True,False,True,False,0.15165666405301437,1.0,4.3,4.03,0.0,0,0.9549881195408454,0.8805372421717256,False,False,False,False,-0.109799462263074,-0.0456230637590777,False,False,True,False,185971092,236553218.87141967,False,False,False,False,20146842.209404927,False,False,True,False
2025-07-29 00:00:00+00:00,4.31,4.34,4.115,4.15,17815552,4.5854157209963295,4.196478793219278,4.654013538161364,4.616060604944408,4.228087111514589,4.005383899826542,3.7920366006387805,3.7095977773511826,3.6419583820890815,3.5898547093758153,3.586816394667196,3.540190875464719,3.4606073840056872,3.458343326335053,3.444612578334418,3.3231601132316366,3.1894324725952967,3.1739979441243604,3.1302128847367263,3.1069471599022895,3.1063039705800253,3.0700104069155363,3.0415513023613046,3.0162595721314007,3.0134898153659204,3.012277925235648,3.009191972471007,3.008435117081645,2.9907409969681997,2.9897393835663992,2.968739706225954,2.9235034937376545,2.9057686868670975,2.863458970077707,2.8461923277944225,2.831383173542873,2.8112138072445823,2.7875534818363863,4.196478793219278,4.005383899826542,3.7920366006387805,3.540190875464719,3.1894324725952967,3.0700104069155363,2.9235034937376545,2.831383173542873,4.5854157209963295,3.6477048260549223,"rgba(38, 166, 154, 0.5)",0.5050430362538035,3.9421022391372937,0.7284483389606091,37.13943719510846,-16.853502442920572,False,True,False,True,False,3.0255981666426806,0.0,0.0,0.0,0.0,0,0.9571631768714235,0.8879847397263293,False,False,False,False,-0.07795462153206818,-0.06178884264557294,False,False,False,False,203786644,235268255.15097183,False,False,False,False,20055419.06393807,False,False,False,False
2025-07-30 00:00:00+00:00,4.19,4.28,4.16,4.26,13719540,4.569310970208999,4.199809244973492,4.6402300902305464,4.611033121408475,4.227953077093649,4.006559909259538,3.7939946631055177,3.7117620228779287,3.644232216990983,3.592159873973491,3.589127073254464,3.542574232594474,3.4631187179611023,3.460858525910551,3.4471500656022567,3.3258596970296903,3.192298195849461,3.17688407592151,3.1331467170498644,3.1099046683231486,3.1092622384500284,3.0730102129747165,3.0445839219440325,3.0193162195864334,3.0165491866351477,3.0153385272782076,3.0122556334182296,3.0114995337690984,2.9938210026595633,2.9928202310916205,2.971833380115788,2.926631734263243,2.908912474387295,2.8666308752172167,2.849373497447372,2.834572378122565,2.814415765595834,2.7907711925766305,4.199809244973492,4.006559909259538,3.7939946631055177,3.542574232594474,3.192298195849461,3.0730102129747165,2.926631734263243,2.834572378122565,4.569310970208999,3.6488959213930086,"rgba(38, 166, 154, 0.5)",0.49386550308269905,3.9417468335549586,0.5026736325891367,36.612194047411734,-16.853502442920572,False,True,False,True,False,1.039424505572839,0.0,0.0,0.0,0.0,0,0.9756681027322165,0.8897035207601919,False,False,False,False,-0.13248651545548995,-0.09713767905053144,False,False,False,False,190067104,233495660.98818862,False,False,False,False,19806953.21829344,False,False,False,False
2025-07-31 00:00:00+00:00,4.19,4.27,4.13,4.22,13267498,4.554467600531422,4.199204693389662,4.627302392335232,4.606130539367246,4.227730463773075,4.0076106870887935,3.7958107060592194,3.713781693137162,3.6463624694653602,3.5943250879142257,3.5912977398659702,3.5448172612306936,3.4654882789201147,3.463231887525266,3.449545383392118,3.3284156119623325,3.1950181234645276,3.179624035654545,3.1359338176555807,3.1127152032670486,3.112073520068188,3.0758623577318844,3.047468303869138,3.0222243683189127,3.0194600241857166,3.01825057812313,3.0151707024327004,3.014415348187522,2.9967522690798973,2.995752333395772,2.974778429849952,2.9296111879461786,2.911907288285299,2.869653785226988,2.852405759640384,2.837612737877336,2.817468861031278,2.793839964119009,4.199204693389662,4.0076106870887935,3.7958107060592194,3.5448172612306936,3.1950181234645276,3.0758623577318844,2.9296111879461786,2.837612737877336,4.554467600531422,3.6498209797768184,"rgba(38, 166, 154, 0.5)",0.48621731692656894,3.9412080049674314,0.511688881435177,36.26069861561392,-16.853502442920572,False,True,False,True,False,1.039424505572839,0.0,0.0,0.0,0.0,0,0.9611845537389144,0.9056863463310136,False,False,False,False,-0.2134790653629898,-0.15530837220676064,False,False,False,False,190067104,231792580.32198516,False,False,False,False,19550503.99404664,False,False,False,False
2025-08-01 00:00:00+00:00,4.26,4.37,4.2251,4.34,12923636,4.544403973843815,4.212749797042902,4.61785371393754,4.602472099430286,4.2281248918193235,4.009096345453193,3.7979505060710976,3.7160899750341927,3.648752452868841,3.5967265589880966,3.593703760577093,3.5472816068327058,3.4680589322560316,3.4658058341344,3.45213817675716,3.3311428227991566,3.1978859204164563,3.1825095301350075,3.138859674778942,3.1156610018302118,3.1150199747284275,3.078844641416125,3.0504790557651904,3.0252554701034082,3.022493450976581,3.021285060824451,3.0182078010298667,3.0174530939722444,2.999803127096298,2.9988038951260103,2.9778400488719443,2.9327014829190885,2.915010849020724,2.872780369019038,2.8555396411576255,2.840752993409405,2.8206196040067435,2.797003835008202,4.212749797042902,4.009096345453193,3.7979505060710976,3.5472816068327058,3.1978859204164563,3.078844641416125,2.9327014829190885,2.840752993409405,4.544403973843815,3.651894178794554,"rgba(38, 166, 154, 0.5)",0.47850397496159464,3.94214254691605,0.6642733806118573,37.52528801702131,-16.853502442920572,False,True,False,True,False,2.165536743761237,0.0,0.0,0.0,0.0,0,0.9576667075468543,0.9125015330070351,False,False,False,False,-0.23360337650153756,-0.1944558743541491,False,False,False,False,202990740,230663096.38778967,False,False,False,False,19290626.81780952,False,False,False,False
2025-08-04 00:00:00+00:00,4.41,4.48,4.31,4.31,8405469,4.5409791840944305,4.230180499685618,4.614011185132687,4.600982754028115,4.228890914662674,4.010453139671125,3.7996583271690145,3.7178826341964664,3.650576442457552,3.5985389103365137,3.59551843498276,3.5491240181858488,3.469956298934715,3.4677050014212316,3.4540474772701266,3.33312103409873,3.1999394276711643,3.184573024271583,3.1409447297133526,3.1177565867991253,3.117115926458203,3.08096054686809,3.052611006518239,3.0273982848891956,3.0246375291419905,3.023429719313695,3.0203538868409474,3.0195995340025164,3.0019564507273415,3.000957582651607,2.9799980989234016,2.9348740717665707,2.917190627696763,2.874971419444133,2.8577338896882476,2.8429500943364547,2.822821890225976,2.7992128344986376,4.230180499685618,4.010453139671125,3.7996583271690145,3.5491240181858488,3.1999394276711643,3.08096054686809,2.9348740717665707,2.8429500943364547,4.5409791840944305,3.6540488383573306,"rgba(38, 166, 154, 0.5)",0.4714822324282092,3.9437671376535732,0.9888662398692158,41.19074316120009,-14.618719234301757,False,True,False,True,True,4.51226130144795,0.0,0.0,0.0,0.0,0,0.9394175275501241,0.9134631423265536,False,False,False,False,-0.15678953594513537,-0.17562270514964223,False,False,False,False,211396209,229907532.1765038,False,False,False,False,18863757.883777775,False,False,False,False
2025-08-05 00:00:00+00:00,4.57,4.59,4.38,4.41,17572500,4.5396731941095005,4.276307914982732,4.610430784743336,4.599655288919871,4.231516746371249,4.014075906551189,3.8038657324463054,3.7222178452322843,3.65493357205246,3.602833586461928,3.5998166896677075,3.55345979174165,3.4743784250027208,3.4721302037901154,3.4584895840350116,3.337669946722553,3.2046132149007436,3.1892646115115784,3.1456719330149188,3.1225008854544702,3.121860870740171,3.0857404417409273,3.0574194534462067,3.03222466097245,3.0294660443567567,3.0282592328735687,3.025185831233157,3.024432084267578,3.0068000759006743,3.005801779507369,2.9848470323383194,2.939745112534737,2.92207379652512,2.879870692915543,2.8626367318109636,2.847856295362806,2.8277356344811473,2.804136932673233,4.276307914982732,4.014075906551189,3.8038657324463054,3.55345979174165,3.2046132149007436,3.0857404417409273,2.939745112534737,2.847856295362806,4.5396731941095005,3.6597846767171496,"rgba(38, 166, 154, 1.0)",0.4666712869784069,3.9487966075920093,1.3311369474435533,46.073924217936636,-9.948963896690735,False,True,False,True,True,6.900468303354902,0.0,0.0,0.0,0.0,0,0.947724795490328,0.8981800565911018,False,False,False,False,-0.08746375677626914,-0.13154323096295567,False,False,False,False,228968709,229870715.5813468,False,False,False,False,18813120.319708057,False,False,False,False
2025-08-06 00:00:00+00:00,4.76,4.78,4.56,4.57,15950386,4.546265231047519,4.3308879792037835,4.613231677635678,4.601016033345077,4.23540970958704,4.018532047714524,3.808635605137175,3.7270310418825283,3.6597023522202985,3.607489129245912,3.604473596364361,3.5581205135993197,3.4790753793959093,3.476828935393043,3.463197339274201,3.3424194774601337,3.2094278633854447,3.1940908587320993,3.150516464565285,3.127353625409416,3.1267140170878234,3.090615275433509,3.06231279759023,3.0371271656614436,3.034369744283444,3.0331635196615263,3.030091502234499,3.029338105060946,3.01171121385655,3.010713154829789,2.9897561651771163,2.9446619606923625,2.926997331833547,2.8847977150501976,2.867562335797937,2.8527810572192953,2.832662321122343,2.8090675241509597,4.3308879792037835,4.018532047714524,3.808635605137175,3.5581205135993197,3.2094278633854447,3.090615275433509,2.9446619606923625,2.8527810572192953,4.546265231047519,3.666707682331952,"rgba(0, 255, 255, 0.75)",0.4611511252944666,3.955624957404678,1.7442764388391996,51.63484442738935,-4.832363562012148,False,False,True,False,True,9.586037751452675,0.0,0.0,0.0,0.0,0,0.9613200039246899,0.8882771702988216,False,False,False,False,0.05315340556592822,-0.039194912698513724,False,False,False,False,244919095,230460848.1075685,False,False,False,False,18700856.228739113,False,False,False,False
2025-08-07 00:00:00+00:00,4.81,4.92,4.7615,4.92,13295311,4.555683762332573,4.379332916805395,4.6187510079646605,4.603580991342511,4.2395032457170485,4.022905291123722,3.813149294806967,3.7315402531897677,3.6641386819479234,3.6117995740054045,3.608784119758844,3.562417250819543,3.483378603690637,3.481133068443548,3.467505430949335,3.3467313098549423,3.2137667342452607,3.198436815815714,3.1548697245140427,3.131709596585451,3.1310702252645535,3.094983876560401,3.066692630487651,3.041510610421595,3.038753762833427,3.0375478465658463,3.034476517468027,3.033723298538958,3.016097881597965,3.0150998612474784,2.994137310797225,2.949042554057377,2.931381051726239,2.889178048170032,2.8719388556197973,2.8571546762308793,2.837034759918656,2.8134401080513576,4.379332916805395,4.022905291123722,3.813149294806967,3.562417250819543,3.2137667342452607,3.094983876560401,2.949042554057377,2.8571546762308793,4.555683762332573,3.6732252068422633,"rgba(0, 255, 255, 0.75)",0.45651847401513734,3.962347475157876,1.8567759534174229,55.880559423126954,-1.0693689514735638,False,False,True,False,True,10.271491553164847,0.0,0.0,0.0,0.0,0,0.9864387625370818,0.87217881708629,False,False,False,False,0.18471023483607443,0.07275766106878036,False,False,False,False,258214406,231549222.92687953,False,False,False,False,18488874.062906206,False,False,False,False
2025-08-08 00:00:00+00:00,4.88,4.91,4.8,4.85,16234090,4.567647475308667,4.430571163472336,4.626109317917709,4.607078266631831,4.244699363372051,4.02839624711027,3.8187830404258185,3.737159464467748,3.6696614447489027,3.6171624630331642,3.6141468617647905,3.5677593727283545,3.48872315389195,3.48647859037562,3.4728549405428817,3.3520782173612975,3.2191402268407,3.203818326034415,3.160258285598915,3.137100503630169,3.1364613969856543,3.100388805816941,3.072110249051092,3.0469316962646635,3.044175449264731,3.042969866363533,3.039899267245209,3.03914623900259,3.0215219738697403,3.0205239640119013,2.999553805460351,2.954456773362799,2.9367985105409242,2.8945899425514665,2.8773455076830263,2.862557294734763,2.8424353024280307,2.818840111490516,4.430571163472336,4.02839624711027,3.8187830404258185,3.5677593727283545,3.2191402268407,3.100388805816941,2.954456773362799,2.862557294734763,4.567647475308667,3.6809220323467287,"rgba(0, 255, 0, 1.0)",0.4469805405200501,3.9703387753008483,2.035124893000453,59.454598160698005,2.0646643008728205,False,False,True,False,True,11.226159334246951,0.0,0.0,0.0,0.0,0,0.9829695893306606,0.8810922126458698,False,False,False,False,0.19591697602002434,0.13433731854440234,False,False,False,False,274448496,233231547.36111954,False,False,False,False,18400451.158478513,False,False,False,False
2025-08-11 00:00:00+00:00,4.88,4.92,4.71,4.76,16133781,4.577657452632284,4.469229230522004,4.63222207096684,4.610109754761006,4.2495593864660615,4.033610612928769,3.8241809911519455,3.7425580127340097,3.6749784184519156,3.6223337924322756,3.6193184297816425,3.5729168086390675,3.49389157398876,3.4916481745054773,3.478029742298458,3.357261755576667,3.2243598925214516,3.2090468379808605,3.165496652583449,3.142342696268692,3.141703887855508,3.1056469458087923,3.077382443341636,3.052208788427076,3.04945328905555,3.048248101412981,3.045178393369457,3.044425594859316,3.0268034918885767,3.025805550906695,3.004829244470064,2.959732535123863,2.9420783690176853,2.899866625440783,2.8826179848917226,2.8678265998036854,2.847703582816317,2.8241090039786467,4.469229230522004,4.033610612928769,3.8241809911519455,3.5729168086390675,3.2243598925214516,3.1056469458087923,2.959732535123863,2.8678265998036854,4.577657452632284,3.6877399361207432,"rgba(0, 255, 0, 1.0)",0.4351995296764729,3.9773257387264827,2.0741618492661624,61.83729065241204,4.148515660755358,True,False,True,False,True,11.226159334246951,0.0,0.0,0.0,0.0,0,0.968018645000486,0.884936177559102,False,False,False,False,0.1645732564399613,0.14945528749218182,False,False,False,False,274448496,234847898.28813446,False,False,False,False,18311562.13265583,False,False,False,False
2025-08-12 00:00:00+00:00,4.96,4.98,4.82,4.88,9788244,4.585215060812126,4.493841504151396,4.637202994598078,4.612572487539162,4.252882244161347,4.037066356478057,3.8276953265638944,3.7460550099467125,3.6784103484942743,3.625663718985121,3.6226480352847097,3.5762303881113517,3.497201346832455,3.4949583994808147,3.4813415539186843,3.3605651170660993,3.227673066141504,3.212364224912411,3.1688164867202775,3.1456630139261956,3.145024340998043,3.1089743544987845,3.0807165014275304,3.055544025557831,3.052788791333943,3.0515837627790785,3.0485143876759384,3.047761677972755,3.0301396441207125,3.02914167409509,3.008160001411468,2.9630603808057954,2.9454076075075495,2.903191138034029,2.8859387773372362,2.8711444906471493,2.8510196119835896,2.8274240179973873,4.493841504151396,4.037066356478057,3.8276953265638944,3.5762303881113517,3.227673066141504,3.1089743544987845,2.9630603808057954,2.8711444906471493,4.585215060812126,3.6921937982155293,"rgba(0, 255, 0, 1.0)",0.4243579994670824,3.9819944428089746,2.304670958057171,64.31281112139233,6.423791276650334,True,False,True,False,True,12.326134656769483,0.0,0.0,0.0,0.0,0,0.9820175391169892,0.8825354945447075,False,False,False,False,0.23164227190721223,0.19054877969969702,False,False,False,False,284236740,236784715.61016843,False,False,False,False,17977314.36274776,False,False,False,False
2025-08-13 00:00:00+00:00,5.04,5.12,4.98,5.0,17393986,4.6026344261806305,4.542736116333019,4.64942115243862,4.6186175023314275,4.259812353502591,4.044012797010191,3.8346028789061473,3.7528832952992044,3.6850799697979455,3.6321140957271707,3.6290965644494424,3.5826299357463958,3.5035654087603185,3.5013225705286772,3.487704222544702,3.3668749755474754,3.2339671231033797,3.2186626140913273,3.175109513914364,3.1519518427786704,3.1513132860544455,3.1152686980871893,3.087017517820999,3.061842202000354,3.0590869206815565,3.0578819530275,3.054812598545342,3.0540599076330173,3.036434571104515,3.0354363540600406,3.0144406108108095,2.969327235733706,2.951673929079816,2.9094413188911252,2.8921791077343326,2.877376956752721,2.8572453399355306,2.8336441105546144,4.542736116333019,4.044012797010191,3.8346028789061473,3.5826299357463958,3.2339671231033797,3.1152686980871893,2.969327235733706,2.877376956752721,4.6026344261806305,3.7010739109432764,"rgba(0, 255, 0, 1.0)",0.41123641301249103,3.9915583891343425,2.549486323901507,66.78880332758534,8.773531313371961,True,False,True,False,True,13.410120593178895,0.0,0.0,0.0,0.0,0,0.9807067269285068,0.8854988564112106,False,False,False,False,0.3428281707252799,0.26668847521248845,False,False,False,False,301630726,239327696.40976968,False,False,False,False,17954438.74067922,False,False,False,False
2025-08-14 00:00:00+00:00,5.1,5.17,5.0,5.02,11065792,4.614064207472079,4.571888865479953,4.657629018846588,4.622756923978397,4.264397906182721,4.048571336903284,3.839112420080307,3.7573344080055473,3.689423311457191,3.6363121172315123,3.6332931930199206,3.5867919689526797,3.507699925662835,3.5054570341586584,3.4918369733402987,3.3709676135885958,3.2380438684054207,3.2227415451889043,3.179183326794946,3.15602209871316,3.15538359353762,3.1193411921049656,3.0910933285551923,3.0659153376408765,3.0631599345462885,3.0619549661475287,3.0588855234468824,3.0581328197841207,3.0405047823193234,3.0395063740406107,3.018500907629546,2.9733772897953186,2.955723110426006,2.9134788913067076,2.896209858763782,2.881402239803637,2.8612657401291095,2.837660255183782,4.571888865479953,4.048571336903284,3.839112420080307,3.5867919689526797,3.2380438684054207,3.1193411921049656,2.9733772897953186,2.881402239803637,4.614064207472079,3.7067423724764277,"rgba(0, 255, 0, 1.0)",0.39686396788950473,3.9976965888018134,2.777534622405153,69.02668848002253,10.959897363590173,True,False,True,False,True,14.21470366977189,0.0,0.0,0.0,0.0,0,0.9927045852177072,0.8749656136181078,False,False,False,False,0.3428281739091424,0.3047583245608154,False,False,False,False,312696518,242204905.09958264,False,False,False,False,17684295.73124082,False,False,False,False
2025-08-15 00:00:00+00:00,5.21,5.33,5.06,5.1,15592659,4.632807723367106,4.615744294914838,4.671502556153789,4.62981232522032,4.271623560975395,4.055599070160656,3.8459660156239632,3.764069914360441,3.695975178435759,3.6426311453183913,3.6396093083591072,3.5930440888064306,3.5138918509423034,3.5116483652847106,3.498022660929394,3.3770685229064172,3.2440974556356457,3.228795839941672,3.185223115890589,3.162053076120479,3.1614145498594226,3.1253699907469694,3.097122927445192,3.0719374547653597,3.0691814900153376,3.0679763535837017,3.0649063567481116,3.064153530462918,3.0465191102299403,3.0455202855010928,3.024497711447198,2.9793532036430483,2.9616955276267705,2.919429121934392,2.9021480393466494,2.887330676841579,2.867184712490856,2.8435703425640106,4.615744294914838,4.055599070160656,3.8459660156239632,3.5930440888064306,3.2440974556356457,3.1253699907469694,2.9793532036430483,2.887330676841579,4.632807723367106,3.715389644791986,"rgba(0, 255, 0, 1.0)",0.38219484677438265,4.007212633324626,3.1470528104357305,71.50501276348848,13.419995000127244,True,False,True,False,True,15.664775411678281,0.0,0.0,0.0,0.0,0,0.9808948948298096,0.8681931967186467,False,False,False,False,0.34282818250689623,0.3237932535338558,False,False,False,False,328289177,245580758.89959902,False,False,False,False,17602270.76138824,False,False,False,False
2025-08-18 00:00:00+00:00,5.2,5.26,5.11,5.21,9365884,4.6433120715381735,4.638858480622325,4.679348478131806,4.633895033522079,4.2758641419681656,4.059742730371695,3.8500194515123725,3.7680575474401405,3.699857385727909,3.646378025115176,3.6433545658290103,3.5967530186381897,3.5175674280995506,3.515323649482082,3.5016949611152963,3.3806935720095836,3.247697178335078,3.2323962626998317,3.1888157296683737,3.165640871441763,3.1650023435356505,3.1289571076708103,3.100710974896333,3.075521466534221,3.072765211809258,3.07155999449599,3.068489716815792,3.0677368294970586,3.050098896945876,3.0490998405720138,3.028067442850071,2.9829112048638224,2.9652517030523806,2.9229727156623273,2.905684714117319,2.8908617643228727,2.87071044207996,2.847091095429861,4.638858480622325,4.059742730371695,3.8500194515123725,3.5967530186381897,3.247697178335078,3.1289571076708103,2.9829112048638224,2.8908617643228727,4.6433120715381735,3.720348042763304,"rgba(0, 255, 0, 1.0)",0.3848657189483296,4.01264472053389,3.0851157196089973,72.87573547055766,14.888417248000081,True,False,True,False,True,15.464581544529441,0.0,0.0,0.0,0.0,0,0.9795900480943045,0.9007110069128715,False,False,False,False,0.3356542332007635,0.32972374336730964,False,False,False,False,318923293,248456936.7074579,False,False,False,False,17279275.20211811,False,False,False,False
2025-08-19 00:00:00+00:00,5.13,5.23,5.09,5.2,13107840,4.656337047005747,4.666116627988759,4.689109108086018,4.639106115006061,4.2814767977853,4.065287894501468,3.855483355434105,3.7734451164516996,3.7051119591115538,3.651456433709416,3.6484311097218183,3.601785349887572,3.522562138113526,3.5203181625496813,3.5066866369763994,3.3856310397373006,3.2526095027336237,3.2373105157913704,3.1937220669274313,3.170542040851671,3.169903548405013,3.133859481804074,3.105616203416292,3.080422579144656,3.077666078344345,3.076460815837358,3.0733903207959683,3.072637390770511,3.054995611971737,3.053996292661316,3.032951604572796,2.987781649817945,2.970120520425563,2.927826374054384,2.9105297261965437,2.895699821585929,2.8755420822975357,2.8519169704994725,4.666116627988759,4.065287894501468,3.855483355434105,3.601785349887572,3.2526095027336237,3.133859481804074,2.987781649817945,2.895699821585929,4.656337047005747,3.7268047759884895,"rgba(0, 255, 0, 1.0)",0.3828963588513407,4.019648271306402,2.8998753919326012,71.81399605894853,14.888417248000081,True,False,True,False,True,14.059936713552613,0.0,0.0,0.0,0.0,0,0.9761234559724478,0.9064476603636122,False,False,False,False,0.3178623322810225,0.3237930378241661,False,False,False,False,305815453,250706290.2875576,False,False,False,False,17115689.5079174,False,False,False,False
2025-08-20 00:00:00+00:00,5.26,5.33,5.1705,5.18,11752099,4.669790005299047,4.692919272611332,4.699411587571294,4.64461808960014,4.287040418059867,4.070681606994902,3.860731784800126,3.778600365676579,3.710125935152412,3.6562929705315104,3.653265314852931,3.606569318617498,3.5272974772062047,3.525052963871316,3.511416646668056,3.390292765122405,3.2572312979038553,3.241932384421319,3.1983317459849787,3.175144432784145,3.1745059066740033,3.1384592291216955,3.1102158038033996,3.085015894774074,3.082258900714522,3.0810534809762564,3.0779824906199527,3.0772294491533407,3.0595824204467967,3.058582762631081,3.037524672894311,2.992337903946338,2.9746737296008825,2.932361913584624,2.915055807138415,2.900218239914856,2.8800529381171978,2.8564206350883135,4.692919272611332,4.070681606994902,3.860731784800126,3.606569318617498,3.2572312979038553,3.1384592291216955,2.992337903946338,2.900218239914856,4.669790005299047,3.7330731142552436,"rgba(0, 255, 0, 1.0)",0.3822811097174957,4.0265471091618465,3.2265598782782394,72.50056090085835,15.013296508204405,True,False,True,False,True,15.801806309302076,0.0,0.0,0.0,0.0,0,0.9785208609162829,0.8843649812344762,False,False,False,False,0.34282818616775235,0.33331061199595924,False,False,False,False,317567552,253328300.55079064,False,False,False,False,16905352.625253975,False,False,False,False
2025-08-21 00:00:00+00:00,5.44,5.45,5.255,5.26,13186094,4.68734049349306,4.726464596318924,4.713104761196098,4.651963352882424,4.294025431400932,4.0773249386581485,3.8671115226158546,3.7848410191906856,3.7161771847452205,3.662117695865852,3.6590865020547634,3.612319309277572,3.532972080446348,3.5307264597851664,3.5170816275210783,3.395853591979563,3.262723006802409,3.2474218644615256,3.203800422289663,3.180601216970506,3.1799625616248868,3.143907839673059,3.1156604685030276,3.090449874319285,3.087691945186131,3.086486185727298,3.0834142191287395,3.0826609502504767,3.0650055067159294,3.0640053250374892,3.042928851712094,2.9977168829152947,2.9800470712277125,2.9377097051059646,2.92039058812469,2.9055424183221166,2.8853660918736694,2.8617228827761654,4.726464596318924,4.0773249386581485,3.8671115226158546,3.612319309277572,3.262723006802409,3.143907839673059,2.9977168829152947,2.9055424183221166,4.68734049349306,3.740783957304381,"rgba(0, 255, 0, 1.0)",0.3877505931942796,4.035159530373543,3.6230517613227033,74.47094700921679,17.234973938052477,True,False,True,False,True,18.099702229073145,0.0,0.0,0.0,0.0,0,0.9954237418026953,0.8722588979757173,False,False,False,False,0.34282819204423287,0.33806940202009605,False,False,False,False,330753646,256364588.60762239,False,False,False,False,16759499.345832251,False,False,False,False
2025-08-22 00:00:00+00:00,5.54,5.61,5.35,5.42,12932363,4.706526241416539,4.761730007662547,4.728295197891233,4.660171845350856,4.301525957610175,4.084360561732086,3.8738015435126503,3.7913646547490463,3.722488244659475,3.668182770322247,3.6651473012112588,3.6182973336779853,3.5388579423905564,3.5366107937496998,3.522954858527039,3.4016005291481264,3.268380783421874,3.2530754189188524,3.2094273023200155,3.186213163635858,3.185574300933194,3.149507181467562,3.12125260595688,3.096028331474282,3.0932691489294366,3.092062912326225,3.0889896176439167,3.088236035489248,3.0705701154045406,3.069569293064893,3.048471845604347,3.0032295817138372,2.985552282190461,2.9431848132189318,2.9258508237702254,2.9109904887260685,2.89080111049597,2.8671447018866054,4.761730007662547,4.084360561732086,3.8738015435126503,3.6182973336779853,3.268380783421874,3.149507181467562,3.0032295817138372,2.9109904887260685,4.706526241416539,3.748903025571239,"rgba(0, 255, 0, 1.0)",0.4001248904128825,4.044322995624301,3.738025402099663,76.47508459772357,19.447607174972717,True,False,True,False,True,19.32483961992244,0.0,0.0,0.0,0.0,0,1.0014202558612455,0.8507870584564401,False,False,False,False,0.3428281980916263,0.3404488000558612,False,False,False,False,343686009,259788958.03477445,False,False,False,False,16609415.56756432,False,False,False,False
2025-08-25 00:00:00+00:00,5.53,5.6,5.5,5.57,8735358,4.719661158360618,4.78507995650371,4.738785977785013,4.66590853703077,4.3067210105223594,4.089217902259069,3.8784090743774415,3.7958541770765266,3.7268292447066256,3.6723532923279003,3.6693147782819415,3.62240639685346,3.542901151486615,3.54065288159884,3.526988894715296,3.4055444494516087,3.2722601426096385,3.256951503964523,3.21328409189096,3.1900592005917896,3.189420181136123,3.1533437550618775,3.125083619660239,3.0998494493695885,3.0970893509986226,3.0958827623871934,3.092808494288344,3.09205468192097,3.0743812310977217,3.073379950155576,3.052267744637485,3.0070038807428534,2.989321118969354,2.9469322901197277,2.9295878276951544,2.9147189174397283,2.8945202655064235,2.870854426925399,4.78507995650371,4.089217902259069,3.8784090743774415,3.62240639685346,3.2722601426096385,3.1533437550618775,3.0070038807428534,2.9147189174397283,4.719661158360618,3.754447142258511,"rgba(0, 255, 0, 1.0)",0.409112993488883,4.050592671888143,3.6161338106022716,77.53094698820337,20.755477383831632,True,False,True,False,True,19.118055527614306,0.0,0.0,0.0,0.0,0,1.0111457917076176,0.8637232560400042,False,False,False,False,0.3428282009383145,0.3416385004970879,False,False,False,False,334950651,262736475.40595976,False,False,False,False,16300628.996287288,False,False,False,False
2025-08-26 00:00:00+00:00,5.71,5.72,5.55,5.55,11004890,4.737895377732612,4.816814176523698,4.7534857124761,4.673977416834071,4.313815892850071,4.095778668525543,3.8845818319019694,3.801852901169,3.7326180584287396,3.677907003590218,3.6748639719442546,3.6278710201562747,3.548267382913747,3.546017327133552,3.532340870082077,3.4107624385419415,3.2773787010617736,3.2620642173917465,3.218367183407362,3.1951259736771265,3.1944866885678938,3.158394724118277,3.130124764700578,3.104875413885651,3.102113876758967,3.1009067227562026,3.0978309143338234,3.097076735497245,3.0793919109194547,3.078389944540748,3.0572566418664073,3.0119608274794127,2.9942695235299652,2.951849498381151,2.9344900447428337,2.919608828372582,2.8993965903480916,2.8757167455318418,4.816814176523698,4.095778668525543,3.8845818319019694,3.6278710201562747,3.2773787010617736,3.158394724118277,3.0119608274794127,2.919608828372582,4.737895377732612,3.761918871858858,"rgba(0, 255, 0, 1.0)",0.4214679622975354,4.059114495128447,3.9169893148511967,79.39777762616299,22.829951720401553,True,False,True,False,True,20.0,0.0,0.0,0.0,0.0,0,1.0094422438711064,0.8540092067230493,False,False,False,False,0.34282820403052633,0.34223335226380713,False,False,False,False,345955541,265999968.1743535,False,False,False,False,16092952.9572172,False,False,False,False
2025-08-27 00:00:00+00:00,5.69,5.72,5.57,5.65,8767128,4.751923415248052,4.840494253364683,4.764864846455078,4.680312409990761,4.319415065171821,4.100966260126252,3.8894688779599234,3.8066042706588568,3.7372050081712973,3.682309247765517,3.679262686835772,3.63220352111239,3.552523001990636,3.5502715569390824,3.53658537884123,3.414902134145476,3.2814407604805047,3.266121755567663,3.2224015762524605,3.1991476037284814,3.198508112375496,3.1624040720565114,3.134126504000255,3.108865285736608,3.1061026256327726,3.104895030984675,3.1018180208795028,3.1010635562549806,3.0833698295027685,3.0823673262213704,3.06121744396173,3.01589657940892,2.9981986030306933,2.9557540915733385,2.9383828528711735,2.9234919634734897,2.9032690613145595,2.8795782323113923,4.840494253364683,4.100966260126252,3.8894688779599234,3.63220352111239,3.2814407604805047,3.1624040720565114,3.01589657940892,2.9234919634734897,4.751923415248052,3.7677504163966695,"rgba(0, 255, 0, 1.0)",0.4344999403891694,4.065751242471013,3.738202486458787,80.07381544699952,23.776289677585567,True,False,True,False,True,20.0,0.0,0.0,0.0,0.0,0,1.0185220831996582,0.8506256015399425,False,False,False,False,0.34282820437096473,0.34253077831738593,False,False,False,False,337188413,268791671.8930063,False,False,False,False,15805665.703992996,False,False,False,False
2025-08-28 00:00:00+00:00,5.68,5.75,5.66,5.69,8973481,4.766408590994075,4.864417321309002,4.776684844482079,4.686952308185543,4.325253431099073,4.10636448323267,3.894546182293971,3.811538090533729,3.741966466129062,3.686878068088549,3.683827764389127,3.636698746330102,3.5569365354340117,3.5546835940563,3.5409870055395394,3.419192458713695,3.285647982476478,3.2703239950867515,3.226579050584866,3.2033114543749406,3.2026717378727945,3.166554552089981,3.1382686118732335,3.1129946941704016,3.110230826290741,3.109022755561489,3.105944451086234,3.105189678251267,3.0874864564446316,3.0864833817928448,3.065316030597162,3.0199685656586017,3.002263417922549,2.959792975311701,2.942409312451306,2.927508219104148,2.9072740141246802,2.883571506772769,4.864417321309002,4.10636448323267,3.894546182293971,3.636698746330102,3.285647982476478,3.166554552089981,3.0199685656586017,2.927508219104148,4.766408590994075,3.773773076010614,"rgba(0, 255, 0, 1.0)",0.4380217609469382,4.072613516736688,3.6696498360912035,80.22165602920684,24.2744499106673,True,False,True,False,True,20.0,0.0,0.0,0.0,0.0,0,1.0320783132530125,0.8432874354561103,False,False,False,False,0.34282820632074745,0.3426794923190667,False,False,False,False,328214932,271121995.81877077,False,False,False,False,15537736.892071703,False,False,False,False
2025-08-29 00:00:00+00:00,5.9,5.92,5.69,5.7,13418732,4.790397145338117,4.90341208610782,4.79641733160449,4.69807563254323,4.334774099191205,4.115073727643793,3.9026713709649017,3.819412505546403,3.7495505012856922,3.69414487008862,3.691087992434063,3.643838765883267,3.5639322448530035,3.561676529788885,3.547961031874462,3.42597062640816,3.2922758226286972,3.2769419065601535,3.2331522692190844,3.2098603025639205,3.209220151089741,3.1730778083044124,3.1447752819823007,3.1194784574894983,3.1167123722332604,3.1155034136279247,3.112422720407795,3.1116673763564515,3.0939472324543478,3.0929431479054257,3.0717460556359995,3.026351968026907,3.008633697459387,2.9661182817700356,2.9487134412764826,2.9337949156564043,2.9135410568597533,2.8898180110771134,4.90341208610782,4.115073727643793,3.9026713709649017,3.643838765883267,3.2922758226286972,3.1730778083044124,3.026351968026907,2.9337949156564043,4.790397145338117,3.7834724884139797,"rgba(0, 255, 0, 1.0)",0.4490910941121016,4.08375805387194,4.044261776597805,81.70097713285445,26.038971960966492,True,False,True,False,True,20.0,0.0,0.0,0.0,0.0,0,1.032303430641381,0.8277434476880462,False,False,False,False,0.3428282092533475,0.3427538507862071,False,False,False,False,341633664,273887159.2768582,False,False,False,False,15454638.661010068,False,False,False,False
2025-09-02 00:00:00+00:00,6.12,6.12,5.7801,6.05,18726982,4.827289540479237,4.961893877654462,4.827064307652633,4.715509402655726,4.349343990943167,4.128268750326029,3.914884780436506,3.831217819526798,3.760898158562276,3.7050029254427,3.701935292110553,3.6544928209713965,3.574348962417362,3.5720885044021293,3.558341182989722,3.4360295885267553,3.302082469988802,3.2867306429550704,3.24286611585355,3.2195336032868203,3.2188926838480043,3.1827062274543882,3.154373890175787,3.129038687547945,3.126268834221818,3.125058348278695,3.1219735791427747,3.1212172571983756,3.1034690394908755,3.1024632910843235,3.0812187781531915,3.035748418031388,3.01800790021134,2.975419572220897,2.9579809212520387,2.94303450738169,2.922748708758451,2.8989919559805886,4.961893877654462,4.128268750326029,3.914884780436506,3.6544928209713965,3.302082469988802,3.1827062274543882,3.035748418031388,2.94303450738169,4.827289540479237,3.7980712940275225,"rgba(0, 255, 0, 1.0)",0.46312211142428067,4.100660738705661,4.360273913685714,83.65642314313841,28.186798271453952,True,False,True,False,True,20.0,0.0,0.0,0.0,0.0,0,1.0439349221187075,0.8123286664075876,False,False,False,False,0.3428282129231352,0.3427910318546712,False,False,False,False,360360646,277278276.40325594,False,False,False,False,15582965.85077438,False,False,False,False
2025-09-03 00:00:00+00:00,6.16,6.29,6.08,6.15,15975713,4.861324583019177,5.014448616315861,4.855601903327137,4.731928822876672,4.362828350616981,4.140386023357551,3.926029859322606,3.8419674877347325,3.7712147214046623,3.7148635795607916,3.71178547498248,3.66415726495709,3.583781411408921,3.581516189548555,3.5677372485522123,3.4451122477848743,3.3109147715532425,3.295544309804207,3.2516055436924907,3.228233035876767,3.2275913280354502,3.19135978094342,3.1629964901036454,3.1376232387817202,3.1348496129002124,3.1336375851420115,3.1305487238554632,3.1297914179261928,3.1120155582319518,3.1110081796235023,3.089718316645911,3.0441736021475365,3.0264108426668757,2.9837518992849454,2.966280876781277,2.951307719245004,2.9309909294907883,2.907201234209687,5.014448616315861,4.140386023357551,3.926029859322606,3.66415726495709,3.3109147715532425,3.19135978094342,3.0441736021475365,2.951307719245004,4.861324583019177,3.811362409535665,"rgba(0, 255, 0, 1.0)",0.4789322959919678,4.116139084377524,4.267536210706395,85.11141942320606,29.806076316426285,True,False,True,False,True,20.0,0.0,0.0,0.0,0.0,0,1.0687513814480736,0.8035133513667126,False,False,False,False,0.34282821774917777,0.34280962480192445,False,False,False,False,376336359,281162907.09332436,False,False,False,False,15598367.69976362,False,False,False,False
2025-09-04 00:00:00+00:00,6.14,6.225,6.0,6.04,13704879,4.8880177131710525,5.054070822693641,4.878158580349656,4.745197944029483,4.373892432287087,4.150389551632884,3.935272071314995,3.850895554112458,3.7797941412197593,3.7230725380691454,3.7199860901176174,3.6722089496238515,3.5916482960029756,3.589379322433935,3.5755753582216405,3.4527001125094086,3.3183038982294004,3.302918928467391,3.2589211464393655,3.2355167668942015,3.2348744413126767,3.1986074939452847,3.1702200551902764,3.144816528828121,3.1420399133417365,3.140826667999973,3.137734567572504,3.1369764834964524,3.1191785592283274,3.118169876491171,3.0968433485909,3.0512389995426132,3.0334585877733016,2.9907428231265443,2.973245617473939,2.9582508408096526,2.9379091210826984,2.91409300332132,5.054070822693641,4.150389551632884,3.935272071314995,3.6722089496238515,3.3183038982294004,3.1986074939452847,3.0512389995426132,2.9582508408096526,4.8880177131710525,3.822138847298079,"rgba(0, 255, 0, 1.0)",0.48908721748405987,4.1286139591232525,4.112530381030253,85.50361968713433,30.427048425843793,True,False,True,False,True,20.0,0.0,0.0,0.0,0.0,0,1.0853025202051851,0.7948363937594921,False,False,False,False,0.3164702776258603,0.32963995121389233,False,False,False,False,362631480,284357753.0896646,False,False,False,False,15524113.240949363,False,False,False,False
2025-09-05 00:00:00+00:00,6.3,6.34,6.18,6.28,13886150,4.917121220620731,5.096732819508304,4.902897713842697,4.759839812070155,4.385922347875729,4.161194837130766,3.9452016224412856,3.860470122733409,3.788982250653034,3.7318554893837486,3.7287595821863406,3.6808153193544446,3.6000445066652147,3.5977711753244517,3.5839383886319127,3.460778990904475,3.326154153642562,3.310751882061207,3.2666862645724257,3.2432453922248436,3.242602337327065,3.206293733433989,3.177877542553225,3.152439216300007,3.1496591382184755,3.148444473704427,3.1453486136233915,3.144589624806136,3.1267664744370736,3.125756306475962,3.104388818630618,3.058716825076859,3.0409159925046425,2.998136109556098,2.9806096283839367,2.965590648782104,2.94522075721388,2.921374610864563,5.096732819508304,4.161194837130766,3.9452016224412856,3.6808153193544446,3.326154153642562,3.206293733433989,3.058716825076859,2.965590648782104,4.917121220620731,3.833732250426704,"rgba(0, 255, 0, 1.0)",0.5064618481224399,4.142103610275967,4.2607284195715955,86.44017706072363,31.58544455714845,True,False,True,False,True,20.0,0.0,0.0,0.0,0.0,0,1.0811681835837035,0.777784776241615,False,False,False,False,0.34282821906181066,0.33623408513785147,False,False,False,False,376517630,287971865.90967774,False,False,False,False,15459879.388363114,False,False,False,False
2025-09-08 00:00:00+00:00,6.52,6.56,6.365,6.48,22027569,4.967579473017543,5.169560686660191,4.946090571309634,4.78561830973015,4.406768138679659,4.17978000156006,3.9621751204378537,3.876802013473051,3.8046298967454333,3.7467964089265826,3.7436833376613343,3.695439117348932,3.614285676884484,3.6120042366974934,3.5981182718330165,3.474442272158393,3.3393960528479862,3.3239607291630873,3.279770171229103,3.2562623527672705,3.255617917999879,3.219230752611541,3.1907597112096946,3.1652572814802045,3.1624707753239507,3.1612534593379125,3.158150604530966,3.1573899295508285,3.139520568558646,3.1385076908665512,3.1170669989513446,3.0712721056480197,3.0534334053323855,3.010537668848858,2.9929588123619846,2.977896472511848,2.9574755975568965,2.933574777687566,5.169560686660191,4.17978000156006,3.9621751204378537,3.695439117348932,3.3393960528479862,3.219230752611541,3.0712721056480197,2.977896472511848,4.967579473017543,3.8535600642056798,"rgba(0, 255, 0, 1.0)",0.5345917698210048,4.165308126476843,4.404654179976562,87.77589615016282,33.098762095980476,True,False,True,False,True,20.0,0.0,0.0,0.0,0.0,0,1.0915622181444966,0.762406825697965,False,False,False,False,0.3428282221778499,0.3395311536578507,False,False,False,False,398545199,292308075.05047476,False,False,False,False,15717435.843721423,False,False,False,False
2025-09-09 00:00:00+00:00,6.34,6.595,6.31,6.59,19196506,5.007148599043225,5.2241348115843635,4.980297250008544,4.806603688565582,4.4240265637724825,4.195273347664296,3.9763964204213575,3.8905097640375996,3.8177829754174395,3.7593711038793005,3.75624423408601,3.7077574776069984,3.626296330135246,3.6240084290957104,3.6100799222112228,3.48598736142201,3.350602837875776,3.3351413711908338,3.2908503445911266,3.2672885758132124,3.2666430439560123,3.230193317087168,3.2016788005511363,3.1761247614091075,3.1733330970096207,3.1721136592543155,3.169005196627537,3.1682431708177994,3.150336503220084,3.149321433778629,3.1278209760821265,3.081926442020614,3.0640573057566844,3.0210673569485595,3.003445708823997,2.9883479588899613,2.967885626804003,2.9439404583690423,5.2241348115843635,4.195273347664296,3.9763964204213575,3.7077574776069984,3.350602837875776,3.230193317087168,3.081926442020614,2.9883479588899613,5.007148599043225,3.8697647926667558,"rgba(0, 255, 0, 1.0)",0.5553020442609177,4.184139119679868,3.8823211666535227,84.41091417304585,33.098762095980476,True,False,True,False,False,20.0,0.0,0.0,0.0,0.0,0,1.1079147813359995,0.7591449273868545,False,False,False,False,0.33960788258753466,0.33956951812269265,False,False,False,False,379348693,295721432.6171228,False,False,False,False,15853869.967497054,False,False,False,False
2025-09-10 00:00:00+00:00,6.49,6.55,6.39,6.42,16190543,5.040267513726168,5.268775535445642,5.009120756398634,4.824549947662603,4.438797324739362,4.208533020687909,3.9885633331619705,3.902236067043505,3.8290347794419204,3.770129109760983,3.7669903594037835,3.718295184028267,3.636568693278954,3.6342751941375617,3.6203098877347344,3.4958579017087312,3.3601804021290116,3.3446961165067792,3.3003180461785355,3.276709567017037,3.276063079079932,3.239558863823872,3.2110063862629823,3.1854076077228233,3.182611464101467,3.1813901813903844,3.1782768468313085,3.177513647017311,3.159574672586024,3.158557706675795,3.1370057586258926,3.0910250652969373,3.073129492808704,3.030058153197756,3.012399610830917,2.9972713196052694,2.9767731501060624,2.952789591532626,5.268775535445642,4.208533020687909,3.9885633331619705,3.718295184028267,3.3601804021290116,3.239558863823872,3.0910250652969373,2.9972713196052694,5.040267513726168,3.883500215277292,"rgba(0, 255, 0, 1.0)",0.5784274425598255,4.200088870593811,3.9588563074950383,83.01989983673262,37.7283022249521,True,False,True,False,False,20.0,0.0,0.0,0.0,0.0,0,1.1059770565135385,0.7751208501252307,False,False,False,False,0.34282822228274423,0.34119887020271844,False,False,False,False,395539236,299635856.2791965,False,False,False,False,15867072.831516778,False,False,False,False
2025-09-11 00:00:00+00:00,6.53,6.55,6.4,6.48,11621570,5.063399896811263,5.299321542778314,5.029362310657419,4.837323374273133,4.449355034749522,4.2180254246894275,3.9972820051792404,3.910641926946542,3.837103262587404,3.777846066338318,3.7746988573592004,3.725855239156618,3.6439396679146796,3.6416421786284925,3.6276506400484076,3.502942291539359,3.36705564701668,3.3515550639306753,3.307114819292917,3.2834729696588054,3.2828257985930733,3.246282647760549,3.2177030396399506,3.1920722856194685,3.1892729403719753,3.18805033889472,3.184933521918433,3.1841694829232576,3.166207415913298,3.165189094388316,3.1436003413548645,3.0975580474012743,3.079643569333927,3.036514024206074,3.0188290953933894,3.003678959479474,2.983155153562371,2.9591441288466527,5.299321542778314,4.2180254246894275,3.9972820051792404,3.725855239156618,3.36705564701668,3.246282647760549,3.0975580474012743,3.003678959479474,5.063399896811263,3.8932507060669126,"rgba(0, 255, 0, 1.0)",0.6019358260967134,4.2113881791333325,3.851925272336482,82.30672806991439,36.94662374471967,True,False,True,False,False,20.0,0.0,0.0,0.0,0.0,0,1.09250059882734,0.7936076483269285,False,False,False,False,0.34282822235229543,0.3420135462775069,False,False,False,False,407160806,303852520.97413,False,False,False,False,15700582.524398474,False,False,False,False
2025-09-12 00:00:00+00:00,6.52,6.63,6.48,6.59,11352498,5.086062099144166,5.328913297516671,5.049266496013738,4.849984737080106,4.459813794356855,4.227424304406849,4.005909845022133,3.9189586244750774,3.8450853686984554,3.785480267511123,3.7823246269674087,3.733333299430839,3.6512290553618327,3.648927568788065,3.6349097886004302,3.5099455697757347,3.3738495875114536,3.35833258723244,3.313830099365701,3.2901548623620593,3.2895070041285406,3.2529247073684595,3.2243177663056275,3.1986549908022317,3.1958524348493724,3.1946285093901667,3.1915081987645433,3.1907433176238844,3.1727581457004512,3.1717384687727983,3.1501130502395323,3.1040092034351523,3.086075764799638,3.042888107902141,3.0251768800306924,3.01000496548,2.9894555532361977,2.9654170636615262,5.328913297516671,4.227424304406849,4.005909845022133,3.733333299430839,3.3738495875114536,3.2529247073684595,3.1040092034351523,3.01000496548,5.086062099144166,3.9028590392302753,"rgba(0, 255, 0, 1.0)",0.6227926932284392,4.222522531805228,3.6889923295102967,81.59236855526132,36.11533409211657,True,False,True,False,False,20.0,0.0,0.0,0.0,0.0,0,1.115210709077748,0.766913901448789,False,False,False,False,0.34282822342553726,0.3424208848515221,False,False,False,False,395808308,307458630.26926214,False,False,False,False,15530069.405794613,False,False,False,False
2025-09-15 00:00:00+00:00,6.74,6.8,6.505,6.58,15976836,5.119722916940426,5.372732392654421,5.078921009037064,4.868918447121018,4.475322679197233,4.241306205511252,4.018610164452658,3.9311867187212126,3.8568113267756705,3.7966884146507307,3.7935199505860946,3.74430528272049,3.6619135658056496,3.6596059190508194,3.6455478753598722,3.5201940790955066,3.3837770609137907,3.3682344235524546,3.3236365134335424,3.299910197027002,3.299261270825836,3.2626182325177737,3.2339686370527567,3.2082567658568624,3.2054492674782433,3.204223297298133,3.201097602717672,3.2003314226265895,3.182310927750642,3.1812891830473644,3.159608438573889,3.113410893167779,3.0954482836593478,3.0521724220675397,3.0344214869351447,3.019216665557779,2.998628353693705,2.9745480076286293,5.372732392654421,4.241306205511252,4.018610164452658,3.74430528272049,3.3837770609137907,3.2626182325177737,3.113410893167779,3.019216665557779,5.119722916940426,3.9170201748246156,"rgba(0, 255, 0, 1.0)",0.6503782129037027,4.238985791000156,3.845476615573766,82.2837201022841,36.11533409211657,True,False,True,False,False,20.0,0.0,0.0,0.0,0.0,0,1.113319028516342,0.7510339894890693,False,False,False,False,0.3428282246402149,0.3426245547458685,False,False,False,False,411785144,311549866.1018401,False,False,False,False,15547589.664390903,False,False,False,False
2025-09-16 00:00:00+00:00,6.43,6.775,6.4,6.74,17519636,5.151722405434601,5.412600582268138,5.107360192033326,4.887591752444125,4.490968099863826,4.255445113006172,4.0316396024007455,3.9437633740940123,3.8688968193662063,3.808259800523934,3.8050789856845406,3.7556472014006803,3.6729786938639206,3.6706652076579456,3.656568745645216,3.530838530475718,3.3941138046404062,3.378547193831528,3.333857633962232,3.310082090549896,3.309432157665614,3.2727317193690357,3.2440421260169323,3.2182830338984183,3.215470807741759,3.214242890559623,3.211112053662,3.210344634435725,3.1922900150814932,3.191266266582761,3.1695310689476215,3.123242389643178,3.105251816013543,3.0618897547488118,3.0440997145010433,3.0288625126621738,3.0082362010944235,2.9841151380370836,5.412600582268138,4.255445113006172,4.0316396024007455,3.7556472014006803,3.3941138046404062,3.2727317193690357,3.123242389643178,3.0288625126621738,5.151722405434601,3.9312167790689094,"rgba(0, 255, 0, 1.0)",0.6657166293781648,4.255328627122136,3.2666622357161024,76.75163527246343,31.36125863464399,True,False,True,False,False,20.0,0.0,0.0,0.0,0.0,0,1.0988756242276938,0.7644223404581244,False,False,False,False,0.32359481155236863,0.3331096831491186,False,False,False,False,394265508,314793616.764513,False,False,False,False,15624924.814806947,False,False,False,False
2025-09-17 00:00:00+00:00,6.46,6.595,6.3,6.35,16479855,5.178794060593528,5.445079393387747,5.131612454231423,4.903909346201223,4.5048783549878335,4.268106285532979,4.043369282854601,3.9551063157714315,3.8798136767084843,3.8187255891715877,3.8155341781913523,3.7659147884717252,3.6830087959360887,3.680690358993608,3.6665611579964525,3.5405070116157744,3.4035190239419455,3.387932292548198,3.3431641808756676,3.3193463336299303,3.318695550332882,3.2819465249550053,3.2532232793378673,3.2274236633179547,3.2246073967290605,3.2233778214620163,3.2202425949659936,3.2194741189807354,3.201390115120148,3.2003646371123917,3.1785818949213347,3.132214332883434,3.1141998167424987,3.070762871932594,3.052938665450562,3.0376731893523536,3.0170138730354727,2.9928575539030606,5.445079393387747,4.268106285532979,4.043369282854601,3.7659147884717252,3.4035190239419455,3.2819465249550053,3.132214332883434,3.0376731893523536,5.178794060593528,3.9437737185690467,"rgba(0, 255, 0, 1.0)",0.6812095231383724,4.2696727264330825,3.2153503425435845,73.31936334054146,28.250773029122684,True,False,True,False,False,20.0,0.0,0.0,0.0,0.0,0,1.1068425764888703,0.7790698871062355,False,False,False,False,0.2829227793326691,0.30801623124089383,False,False,False,False,410745363,318556430.3423752,False,False,False,False,15658451.488736087,False,False,False,False
2025-09-18 00:00:00+00:00,6.44,6.475,6.33,6.41,15090629,5.201927007864449,5.472068653786754,5.152469358498549,4.91820861392078,4.51720733035202,4.279380224181607,4.053848858622941,3.96525220798816,3.8895882561202093,3.8281042499883386,3.8249036610513203,3.7751210506754256,3.692009276310271,3.689686580316525,3.6755291242226646,3.549193676021423,3.4119777985151543,3.39637385205423,3.3515376526910314,3.327683075514482,3.3270315615202524,3.2902407355187395,3.261488644923428,3.235653867963405,3.232834104367777,3.2316030970928074,3.228464074038596,3.2276946845837986,3.209585131379282,3.2085581474550757,3.1867337227867027,3.140297353066938,3.1222620869998394,3.0787596746712707,3.060905495948424,3.045615224045541,3.024927052718114,3.000739965133096,5.472068653786754,4.279380224181607,4.053848858622941,3.7751210506754256,3.4119777985151543,3.2902407355187395,3.140297353066938,3.045615224045541,5.201927007864449,3.9548587531176076,"rgba(0, 255, 0, 1.0)",0.6963953003965555,4.282269084980355,3.0984283118954807,70.6737570925288,25.91211309265097,True,False,True,False,False,20.0,0.0,0.0,0.0,0.0,0,1.1061574387021447,0.7688604846473709,False,False,False,False,0.2700467305911219,0.28903148091600783,False,False,False,False,395654734,321579893.2309095,False,False,False,False,15636183.940158201,False,False,False,False
2025-09-19 00:00:00+00:00,6.65,6.65,6.43,6.46,40741232,5.268039407424052,5.54925262333098,5.212329871540269,4.959522758276266,4.552480399403533,4.311494137024802,4.08359009836694,3.994010776687656,3.917270295581145,3.8546507767878,3.8514230586538187,3.8011619629737283,3.7174401784456834,3.7151046412779216,3.7008625546706826,3.5736938968994862,3.4357957404502724,3.420138806903841,3.3750988353330027,3.351134658335862,3.3504809119437344,3.313562691799229,3.284721908764029,3.2587818721735395,3.2559515776824006,3.254716237045994,3.25156576207394,3.250793613595342,3.2326078911854066,3.2315764313172726,3.209630008654638,3.162989749692516,3.1448920420656687,3.1011964123535405,3.083254418950305,3.0678914214669097,3.0471179783785325,3.022839550111752,5.54925262333098,4.311494137024802,4.08359009836694,3.8011619629737283,3.4357957404502724,3.313562691799229,3.162989749692516,3.0678914214669097,5.268039407424052,3.986346849144371,"rgba(0, 255, 0, 1.0)",0.7167632451162267,4.318173155335294,3.253273463103691,70.72268489732016,25.91211309265097,True,False,True,False,False,20.0,0.0,0.0,0.0,0.0,0,1.1222179155021523,0.753993349517534,False,False,False,False,0.3096852480797085,0.29935836449785813,False,False,False,False,436395966,326082484.3198935,False,False,False,False,16620695.628779449,False,False,False,False
2025-09-22 00:00:00+00:00,6.86,6.9,6.5601,6.75,28720137,5.317398447334374,5.606719139211609,5.257251432121845,4.990825769959996,4.578974948468532,4.335517689126707,4.105759167566045,4.015421407093058,3.937862384305765,3.874388605821165,3.871139853903629,3.8205107215878233,3.7363145336275774,3.7339688470789443,3.7196602804607553,3.5918439167734446,3.4534097412304035,3.4377100936426372,3.392510051018769,3.3684600156923907,3.3678044814684167,3.3307844622854392,3.301872227399956,3.2758494631791586,3.273010845435016,3.271772064237447,3.2686125239163144,3.267838188684278,3.249592835404406,3.248557881575493,3.2265176494352565,3.1797186893910063,3.1615716536985965,3.11772620015763,3.099716599808152,3.084297551702517,3.0634578966100707,3.039108226875772,5.606719139211609,4.335517689126707,4.105759167566045,3.8205107215878233,3.4534097412304035,3.3307844622854392,3.1797186893910063,3.084297551702517,5.317398447334374,4.009802654007975,"rgba(0, 255, 0, 1.0)",0.7419007242783089,4.345000323846741,3.3899409905546993,72.18838044585914,25.91211309265097,True,False,True,False,False,20.0,0.0,0.0,0.0,0.0,0,1.1308470101113146,0.7322851970756199,False,False,False,False,0.3428282255404178,0.32109329501913797,False,False,False,False,465116103,331534783.09166235,False,False,False,False,17095183.52569006,False,False,False,False
2025-09-23 00:00:00+00:00,6.94,7.02,6.8435,6.95,21696823,5.35648756236633,5.6521963180016215,5.292938309013111,5.015840382839008,4.600014238564633,4.354536999968674,4.123263208482181,4.032311055780228,3.95409589067512,3.889942579814067,3.88667673760084,3.835750215259129,3.7511677609226313,3.748813719776741,3.73445065430571,3.6061070772428017,3.467233443676802,3.4514981751155482,3.4061669063238,3.3820466153578175,3.3813895965102247,3.3442851651727854,3.3153133661141974,3.2892227575575532,3.2863772881209217,3.28513566604254,3.281968655329132,3.281192516589838,3.2628983898134805,3.2618605838348644,3.2397445690169375,3.192816315265755,3.1746286855622756,3.1306614904581425,3.1125972286174073,3.097132828334252,3.076239320801949,3.051831529835084,5.6521963180016215,4.354536999968674,4.123263208482181,3.835750215259129,3.467233443676802,3.3442851651727854,3.192816315265755,3.097132828334252,5.35648756236633,4.0283219942615345,"rgba(0, 255, 0, 1.0)",0.7689826436963978,4.3662325158499,3.346977341098807,73.64778192520944,25.91211309265097,True,False,True,False,True,20.0,0.0,0.0,0.0,0.0,0,1.1672502801344644,0.7156835280934849,False,False,False,False,0.34282822764544435,0.33196076133229113,False,False,False,False,486812926,337624122.02924424,False,False,False,False,17275639.975663,False,False,False,False
2025-09-24 00:00:00+00:00,6.83,7.085,6.82,6.95,16647434,5.38480598835914,5.684447120832907,5.318940113541649,5.034377941446617,4.615748663816188,4.368814877627884,4.136439550108371,4.045037220536807,3.9663381902028108,3.9016812709726967,3.8984028531308086,3.8472569317805383,3.76238999063155,3.760029816460631,3.7456266796360014,3.6168940770945945,3.477696456850214,3.4619350569132896,3.416506930827785,3.3923347338215732,3.3916766234008984,3.35451008745302,3.32549453054777,3.299353796616547,3.296503270683607,3.2952595541386662,3.292087032055286,3.291309563101115,3.2729793596610146,3.271939442439122,3.2497671283525214,3.2027430628071625,3.1845254426561636,3.1404679069754886,3.1223630053573106,3.1068648901498337,3.085931410448873,3.0614805143429984,5.684447120832907,4.368814877627884,4.136439550108371,3.8472569317805383,3.477696456850214,3.35451008745302,3.2027430628071625,3.1068648901498337,5.38480598835914,4.04212875498169,"rgba(0, 255, 0, 1.0)",0.7904440991454541,4.38199248432608,3.0970027081237634,72.5574219361183,25.91211309265097,True,False,True,False,True,20.0,0.0,0.0,0.0,0.0,0,1.1764052300549594,0.6987361361877741,False,False,False,False,0.3428282278447184,0.3373944945885048,False,False,False,False,470165492,342821822.8124111,False,False,False,False,17251004.447205625,False,False,False,False
2025-09-25 00:00:00+00:00,6.81,7.0,6.77,6.88,13247731,5.405876935636447,5.707923340260935,5.338390442059798,5.048473841313192,4.627839268201421,4.379834981360949,4.146642844001201,4.05490329238891,3.975838584199364,3.9107985136243695,3.9075106382620204,3.856199087392652,3.7711180766184054,3.768753313279904,3.7543201168722633,3.6252941812524644,3.4858528325629172,3.4700719422978223,3.4245708621482467,3.400359514437245,3.399700587215931,3.362487534496921,3.3334392884230026,3.307260762265146,3.3044064312920574,3.3031611412271755,3.2999844740130957,3.299206005030166,3.2808485546507753,3.2798070410551956,3.2575919110515157,3.2104952884011815,3.1922550729745245,3.14812898946725,3.1299931608305784,3.1144693949137285,3.0935055829062605,3.0690220243977904,5.707923340260935,4.379834981360949,4.146642844001201,3.856199087392652,3.4858528325629172,3.362487534496921,3.2104952884011815,3.1144693949137285,5.405876935636447,4.052719812987499,"rgba(0, 255, 0, 1.0)",0.8103124077775143,4.3940218880554545,2.9815390814154914,71.45725220353128,25.91211309265097,True,False,True,False,True,20.0,0.0,0.0,0.0,0.0,0,1.1788313948888363,0.7020333887174619,False,False,False,False,0.3249966593538626,0.33119557697118374,False,False,False,False,456917761,347296173.3295715,False,False,False,False,17094013.331628934,False,False,False,False
2025-09-26 00:00:00+00:00,6.83,6.89,6.74,6.85,14509690,5.427658907526229,5.731726825374844,5.358592489782532,5.063329396870554,4.640698365895686,4.391600644843258,4.1575672706606115,4.065477178414352,3.9860293267125444,3.9205854215273432,3.9172876789475115,3.865802735794136,3.7804982595143737,3.7781287294361374,3.7636642399105273,3.6343315238969103,3.4946357842547933,3.478834706354323,3.4332573942939364,3.409005085893752,3.4083453101567653,3.3710838920619226,3.342001737499558,3.3157836853481713,3.3129253815483426,3.3116784509702546,3.3084974578849082,3.307717945670625,3.2893319547672877,3.2882887672873253,3.266028514599286,3.218855708218712,3.2005918750802382,3.1563936926170526,3.1382252509328104,3.122674441723838,3.1016787230395595,3.0771608501792453,5.731726825374844,4.391600644843258,4.1575672706606115,3.865802735794136,3.4946357842547933,3.3710838920619226,3.218855708218712,3.122674441723838,5.427658907526229,4.063969918426745,"rgba(0, 255, 0, 1.0)",0.828631717062844,4.4067443042563115,2.9244061575788165,70.90008074428462,25.89708672972982,True,False,True,False,True,20.0,0.0,0.0,0.0,0.0,0,1.1875469311939297,0.6994625143263644,False,False,False,False,0.3067130866976327,0.31895433183440824,False,False,False,False,471427451,352164066.57154906,False,False,False,False,16992667.318623878,False,False,False,False
2025-09-29 00:00:00+00:00,6.94,7.21,6.89,7.01,14866542,5.452295198707129,5.759230504802752,5.381391610386291,5.079941060752119,4.65487321572873,4.404488991876672,4.169474249202699,4.07698211234567,3.9971023957240295,3.9312090695512847,3.927900016802522,3.876217981997563,3.7906569849134693,3.7882819005820667,3.7737811653798525,3.6440969945722506,3.504107287251999,3.488282336222567,3.44261702976725,3.418317577214072,3.417656804774012,3.3803386976896754,3.351216513698978,3.324952859042785,3.322089948135541,3.3208411071370816,3.317655090425857,3.3168743653384607,3.298455574158379,3.2974104683446686,3.275099245743088,3.2278394002555735,3.2095482146797427,3.1652679926742695,3.1470627020171396,3.131481309233755,3.110449255309746,3.085892147083449,5.759230504802752,4.404488991876672,4.169474249202699,3.876217981997563,3.504107287251999,3.3803386976896754,3.2278394002555735,3.131481309233755,5.452295198707129,4.0763304644923934,"rgba(0, 255, 0, 1.0)",0.8488336884399824,4.4208107400086245,2.967824315056621,71.4779574199251,25.89708672972982,True,False,True,False,True,20.0,0.0,0.0,0.0,0.0,0,1.1936323665535329,0.6710313174946005,False,False,False,False,0.34282822874268737,0.3308912802885478,False,False,False,False,486293993,357424063.6863903,False,False,False,False,16909289.85514843,False,False,False,False
2025-09-30 00:00:00+00:00,7.18,7.2,6.795,6.85,23924131,5.491471041232862,5.802597621466847,5.417767037713365,5.106695939514672,4.677760550063712,4.4253189431845295,4.188728527441465,4.095590042802495,4.015016100220179,3.9484002778018,3.9450729848396398,3.893073231789163,3.807098062514285,3.8047139943826425,3.7901546611427817,3.6599025366830498,3.519436894422215,3.5035731840298485,3.457765330670481,3.4333895130088945,3.432727122622629,3.395317003080463,3.3661297886398724,3.33979221264939,3.3369218290892455,3.335669888043499,3.3324757217171848,3.3316930287866384,3.3132210815527565,3.312172867644558,3.289779184461792,3.2423783258718686,3.2240427543694583,3.1796296341426586,3.16136468721125,3.1457337720999026,3.12464283194321,3.1000221022464016,5.802597621466847,4.4253189431845295,4.188728527441465,3.893073231789163,3.519436894422215,3.395317003080463,3.2423783258718686,3.1457337720999026,5.491471041232862,4.096239127815734,"rgba(0, 255, 0, 1.0)",0.8745917348698747,4.443435588015434,3.1289621235578258,73.54611745623032,25.89708672972982,True,False,True,False,True,20.0,0.0,0.0,0.0,0.0,0,1.1797598365819668,0.7029361791489281,False,False,False,False,0.3294089352020141,0.330150107745281,False,False,False,False,510218124,363415987.6202573,False,False,False,False,17184381.664750453,False,False,False,False
2025-10-01 00:00:00+00:00,7.28,7.36,7.155,7.27,16510285,5.520831931622944,5.835529063477682,5.445011434175559,5.126652571437621,4.694652065237348,4.440617649083968,4.202813335877897,4.109183037181388,4.028087996807213,3.9609353890215333,3.9575942088515434,3.905354159387499,3.8190631796171335,3.8166721793355105,3.8020678391138807,3.6713831735984934,3.530552438997094,3.5146584563094247,3.468741322415594,3.4443070909871722,3.443643443138139,3.4061619278245203,3.3769239746896815,3.3505297361807,3.347653601320088,3.3463992664978313,3.3431988208365806,3.342414610323229,3.3239020412915896,3.322851457462606,3.3003956335594173,3.2528875108200257,3.2345178059046726,3.1900039145369083,3.171693991428775,3.1560257111166297,3.134890085040817,3.1102209155721305,5.835529063477682,4.440617649083968,4.202813335877897,3.905354159387499,3.530552438997094,3.4061619278245203,3.2528875108200257,3.1560257111166297,5.520831931622944,4.110876001702584,"rgba(0, 255, 0, 1.0)",0.9015670441709424,4.460148416851338,3.127722559714597,75.50488105916901,25.89708672972982,True,False,True,False,True,20.0,0.0,0.0,0.0,0.0,0,1.202519562998526,0.6907628624352626,False,False,False,False,0.34282823046526983,0.3364891691052754,False,False,False,False,526728409,369820396.30181587,False,False,False,False,17157946.501426905,False,False,False,False
