date,Open,High,Low,Close,Volume,aVWAP_peak_305,aVWAP_peak_259,aVWAP_peak_258,aVWAP_peak_257,aVWAP_peak_237,aVWAP_peak_236,aVWAP_peak_235,aVWAP_peak_234,aVWAP_peak_233,aVWAP_peak_232,aVWAP_peak_231,aVWAP_peak_230,aVWAP_peak_229,aVWAP_peak_228,aVWAP_peak_227,aVWAP_peak_226,aVWAP_peak_225,aVWAP_peak_224,aVWAP_peak_223,aVWAP_peak_222,aVWAP_peak_221,aVWAP_peak_220,aVWAP_peak_219,aVWAP_peak_218,aVWAP_peak_217,aVWAP_peak_216,aVWAP_peak_215,aVWAP_peak_214,aVWAP_peak_213,aVWAP_peak_212,aVWAP_peak_211,aVWAP_valley_314,aVWAP_valley_313,aVWAP_valley_312,aVWAP_valley_311,aVWAP_valley_310,aVWAP_valley_309,aVWAP_OB_bull_314,Peaks_avg,Valleys_avg,color,StDev,StDev_Mean,StdDev_ZScore,QQEMOD,QQE1_Value,QQE1_Above_Upper,QQE1_Below_Lower,QQE2_Above_Threshold,QQE2_Below_Threshold,QQE2_Above_TL,banker_RSI,OB,OB_High,OB_Low,OB_Mitigated_Index,TTM_squeeze_Active,VI_plus,VI_minus,VI_Regular_Bullish,VI_Regular_Bearish,VI_Hidden_Bullish,VI_Hidden_Bearish,Fisher,Fisher_Signal,Fisher_Regular_Bullish,Fisher_Regular_Bearish,Fisher_Hidden_Bullish,Fisher_Hidden_Bearish,OBV,OBV_Smoothed,OBV_Regular_Bullish,OBV_Regular_Bearish,OBV_Hidden_Bullish,OBV_Hidden_Bearish,Volume_MA,Vol_Regular_Bullish,Vol_Regular_Bearish,Vol_Hidden_Bullish,Vol_Hidden_Bearish
2024-01-30 17:00:00+00:00,28.32,28.32,28.32,28.32,0.0,,,,,,,,,,,,,,,,,,,,,,,,,,,,,,,,,,,,,,,,,#000000,,,,,,False,False,False,False,False,,0.0,0.0,0.0,0.0,0,,,False,False,False,False,,,False,False,False,False,0.0,0.0,False,False,False,False,0.0,False,False,False,False
2024-01-31 17:00:00+00:00,28.32,28.32,28.32,28.32,0.0,,,,,,,,,,,,,,,,,,,,,,,,,,,,,,,,,,,,,,,,,#000000,,,,,,False,False,False,False,False,,0.0,0.0,0.0,0.0,0,,,False,False,False,False,,,False,False,False,False,0.0,0.0,False,False,False,False,0.0,False,False,False,False
2024-02-01 17:00:00+00:00,28.32,28.32,28.32,28.32,0.0,,,,,,,,,,,,,,,,,,,,,,,,,,,,,,,,,,,,,,,,,#000000,,,,,,False,False,False,False,False,,0.0,0.0,0.0,0.0,0,,,False,False,False,False,,,False,False,False,False,0.0,0.0,False,False,False,False,0.0,False,False,False,False
2024-02-02 17:00:00+00:00,28.32,28.32,28.32,28.32,0.0,,,,,,,,,,,,,,,,,,,,,,,,,,,,,,,,,,,,,,,,,#000000,,,,,,False,False,False,False,False,,0.0,0.0,0.0,0.0,0,,,False,False,False,False,,,False,False,False,False,0.0,0.0,False,False,False,False,0.0,False,False,False,False
2024-02-05 17:00:00+00:00,28.32,28.32,28.32,28.32,0.0,,,,,,,,,,,,,,,,,,,,,,,,,,,,,,,,,,,,,,,,,#000000,,,,,,False,False,False,False,False,,0.0,0.0,0.0,0.0,0,,,False,False,False,False,,,False,False,False,False,0.0,0.0,False,False,False,False,0.0,False,False,False,False
2024-02-06 17:00:00+00:00,28.32,28.32,28.32,28.32,0.0,,,,,,,,,,,,,,,,,,,,,,,,,,,,,,,,,,,,,,,,,#000000,,,,,,False,False,False,False,False,,0.0,0.0,0.0,0.0,0,,,False,False,False,False,,,False,False,False,False,0.0,0.0,False,False,False,False,0.0,False,False,False,False
2024-02-07 17:00:00+00:00,28.32,28.32,28.32,28.32,0.0,,,,,,,,,,,,,,,,,,,,,,,,,,,,,,,,,,,,,,,,,#000000,,,,,,False,False,False,False,False,,0.0,0.0,0.0,0.0,0,,,False,False,False,False,,,False,False,False,False,0.0,0.0,False,False,False,False,0.0,False,False,False,False
2024-02-08 17:00:00+00:00,28.32,28.32,28.32,28.32,0.0,,,,,,,,,,,,,,,,,,,,,,,,,,,,,,,,,,,,,,,,,#000000,,,,,,False,False,False,False,False,,0.0,0.0,0.0,0.0,0,,,False,False,False,False,,,False,False,False,False,0.0,0.0,False,False,False,False,0.0,False,False,False,False
2024-02-09 17:00:00+00:00,28.32,28.32,28.32,28.32,0.0,,,,,,,,,,,,,,,,,,,,,,,,,,,,,,,,,,,,,,,,,#000000,,,,,,False,False,False,False,False,,0.0,0.0,0.0,0.0,0,,,False,False,False,False,,,False,False,False,False,0.0,0.0,False,False,False,False,0.0,False,False,False,False
2024-02-12 17:00:00+00:00,28.32,28.32,28.32,28.32,0.0,,,,,,,,,,,,,,,,,,,,,,,,,,,,,,,,,,,,,,,,,#000000,,,,,,False,False,False,False,False,,0.0,0.0,0.0,0.0,0,,,False,False,False,False,,,False,False,False,False,0.0,0.0,False,False,False,False,0.0,False,False,False,False
2024-02-13 17:00:00+00:00,28.32,28.32,28.32,28.32,0.0,,,,,,,,,,,,,,,,,,,,,,,,,,,,,,,,,,,,,,,,,#000000,,,,,,False,False,False,False,False,,0.0,0.0,0.0,0.0,0,,,False,False,False,False,,,False,False,False,False,0.0,0.0,False,False,False,False,0.0,False,False,False,False
2024-02-14 17:00:00+00:00,28.32,28.32,28.32,28.32,0.0,,,,,,,,,,,,,,,,,,,,,,,,,,,,,,,,,,,,,,,,,#000000,,,,,,False,False,False,False,False,,0.0,0.0,0.0,0.0,0,,,False,False,False,False,,,False,False,False,False,0.0,0.0,False,False,False,False,0.0,False,False,False,False
2024-02-15 17:00:00+00:00,28.32,28.32,28.32,28.32,0.0,,,,,,,,,,,,,,,,,,,,,,,,,,,,,,,,,,,,,,,,,#000000,,,,,,False,False,False,False,False,,0.0,0.0,0.0,0.0,0,,,False,False,False,False,,,False,False,False,False,0.0,0.0,False,False,False,False,0.0,False,False,False,False
2024-02-16 17:00:00+00:00,28.32,28.32,28.32,28.32,0.0,,,,,,,,,,,,,,,,,,,,,,,,,,,,,,,,,,,,,,,,,#000000,,,,,,False,False,False,False,False,,0.0,0.0,0.0,0.0,0,,,False,False,False,False,,,False,False,False,False,0.0,0.0,False,False,False,False,0.0,False,False,False,False
2024-02-19 17:00:00+00:00,28.32,28.32,28.32,28.32,0.0,,,,,,,,,,,,,,,,,,,,,,,,,,,,,,,,,,,,,,,,,#000000,,,,,,False,False,False,False,False,,0.0,0.0,0.0,0.0,0,,,False,False,False,False,,,False,False,False,False,0.0,0.0,False,False,False,False,0.0,False,False,False,False
2024-02-20 17:00:00+00:00,28.32,28.32,28.32,28.32,0.0,,,,,,,,,,,,,,,,,,,,,,,,,,,,,,,,,,,,,,,,,#000000,,,,,,False,False,False,False,False,,0.0,0.0,0.0,0.0,0,,,False,False,False,False,,,False,False,False,False,0.0,0.0,False,False,False,False,0.0,False,False,False,False
2024-02-21 17:00:00+00:00,28.32,28.32,28.32,28.32,0.0,,,,,,,,,,,,,,,,,,,,,,,,,,,,,,,,,,,,,,,,,#000000,,,,,,False,False,False,False,False,,0.0,0.0,0.0,0.0,0,,,False,False,False,False,,,False,False,False,False,0.0,0.0,False,False,False,False,0.0,False,False,False,False
2024-02-22 17:00:00+00:00,28.32,28.32,28.32,28.32,0.0,,,,,,,,,,,,,,,,,,,,,,,,,,,,,,,,,,,,,,,,,#000000,,,,,,False,False,False,False,False,,0.0,0.0,0.0,0.0,0,,,False,False,False,False,,,False,False,False,False,0.0,0.0,False,False,False,False,0.0,False,False,False,False
2024-02-23 17:00:00+00:00,28.32,28.32,28.32,28.32,0.0,,,,,,,,,,,,,,,,,,,,,,,,,,,,,,,,,,,,,,,,,#000000,,,,,,False,False,False,False,False,,0.0,0.0,0.0,0.0,0,,,False,False,False,False,,,False,False,False,False,0.0,0.0,False,False,False,False,0.0,False,False,False,False
2024-02-26 17:00:00+00:00,28.32,28.32,28.32,28.32,0.0,,,,,,,,,,,,,,,,,,,,,,,,,,,,,,,,,,,,,,,,,#000000,,,,,,False,False,False,False,False,,0.0,0.0,0.0,0.0,0,,,False,False,False,False,,,False,False,False,False,0.0,0.0,False,False,False,False,0.0,False,False,False,False
2024-02-27 17:00:00+00:00,28.32,28.32,28.32,28.32,0.0,,,,,,,,,,,,,,,,,,,,,,,,,,,,,,,,,,,,,,,,,#000000,,,,,,False,False,False,False,False,,0.0,0.0,0.0,0.0,0,,,False,False,False,False,,,False,False,False,False,0.0,0.0,False,False,False,False,0.0,False,False,False,False
2024-02-28 17:00:00+00:00,28.32,28.32,28.32,28.32,0.0,,,,,,,,,,,,,,,,,,,,,,,,,,,,,,,,,,,,,,,,,#000000,,,,,,False,False,False,False,False,,0.0,0.0,0.0,0.0,0,,,False,False,False,False,,,False,False,False,False,0.0,0.0,False,False,False,False,0.0,False,False,False,False
2024-02-29 17:00:00+00:00,28.32,28.32,28.32,28.32,0.0,,,,,,,,,,,,,,,,,,,,,,,,,,,,,,,,,,,,,,,,,#000000,,,,,,False,False,False,False,False,,0.0,0.0,0.0,0.0,0,,,False,False,False,False,,,False,False,False,False,0.0,0.0,False,False,False,False,0.0,False,False,False,False
2024-03-01 17:00:00+00:00,28.32,28.32,28.32,28.32,0.0,,,,,,,,,,,,,,,,,,,,,,,,,,,,,,,,,,,,,,,,,#000000,,,,,,False,False,False,False,False,,0.0,0.0,0.0,0.0,0,,,False,False,False,False,,,False,False,False,False,0.0,0.0,False,False,False,False,0.0,False,False,False,False
2024-03-04 17:00:00+00:00,28.32,28.32,28.32,28.32,0.0,,,,,,,,,,,,,,,,,,,,,,,,,,,,,,,,,,,,,,,,,#000000,,,,,,False,False,False,False,False,,0.0,0.0,0.0,0.0,0,,,False,False,False,False,,,False,False,False,False,0.0,0.0,False,False,False,False,0.0,False,False,False,False
2024-03-05 17:00:00+00:00,28.32,28.32,28.32,28.32,0.0,,,,,,,,,,,,,,,,,,,,,,,,,,,,,,,,,,,,,,,,,#000000,,,,,,False,False,False,False,False,,0.0,0.0,0.0,0.0,0,,,False,False,False,False,,,False,False,False,False,0.0,0.0,False,False,False,False,0.0,False,False,False,False
2024-03-06 17:00:00+00:00,28.32,28.32,28.32,28.32,0.0,,,,,,,,,,,,,,,,,,,,,,,,,,,,,,,,,,,,,,,,,#000000,,,,,,False,False,False,False,False,,0.0,0.0,0.0,0.0,0,,,False,False,False,False,,,False,False,False,False,0.0,0.0,False,False,False,False,0.0,False,False,False,False
2024-03-07 17:00:00+00:00,28.32,28.32,28.32,28.32,0.0,,,,,,,,,,,,,,,,,,,,,,,,,,,,,,,,,,,,,,,,,#000000,,,,,,False,False,False,False,False,,0.0,0.0,0.0,0.0,0,,,False,False,False,False,,,False,False,False,False,0.0,0.0,False,False,False,False,0.0,False,False,False,False
2024-03-08 17:00:00+00:00,28.32,28.32,28.32,28.32,0.0,,,,,,,,,,,,,,,,,,,,,,,,,,,,,,,,,,,,,,,,,#000000,,,,,,False,False,False,False,False,,0.0,0.0,0.0,0.0,0,,,False,False,False,False,,,False,False,False,False,0.0,0.0,False,False,False,False,0.0,False,False,False,False
2024-03-11 17:00:00+00:00,28.32,28.32,28.32,28.32,0.0,,,,,,,,,,,,,,,,,,,,,,,,,,,,,,,,,,,,,,,,,#000000,,,,,,False,False,False,False,False,,0.0,0.0,0.0,0.0,0,,,False,False,False,False,,,False,False,False,False,0.0,0.0,False,False,False,False,0.0,False,False,False,False
2024-03-12 17:00:00+00:00,28.32,28.32,28.32,28.32,0.0,,,,,,,,,,,,,,,,,,,,,,,,,,,,,,,,,,,,,,,,,#000000,,,,,,False,False,False,False,False,,0.0,0.0,0.0,0.0,0,,,False,False,False,False,,,False,False,False,False,0.0,0.0,False,False,False,False,0.0,False,False,False,False
2024-03-13 17:00:00+00:00,28.32,28.32,28.32,28.32,0.0,,,,,,,,,,,,,,,,,,,,,,,,,,,,,,,,,,,,,,,,,#000000,,,,,,False,False,False,False,False,,0.0,0.0,0.0,0.0,0,,,False,False,False,False,,,False,False,False,False,0.0,0.0,False,False,False,False,0.0,False,False,False,False
2024-03-14 17:00:00+00:00,28.32,28.32,28.32,28.32,0.0,,,,,,,,,,,,,,,,,,,,,,,,,,,,,,,,,,,,,,,,,#000000,,,,,,False,False,False,False,False,,0.0,0.0,0.0,0.0,0,,,False,False,False,False,,,False,False,False,False,0.0,0.0,False,False,False,False,0.0,False,False,False,False
2024-03-15 17:00:00+00:00,28.32,28.32,28.32,28.32,0.0,,,,,,,,,,,,,,,,,,,,,,,,,,,,,,,,,,,,,,,,,#000000,,,,,,False,False,False,False,False,,0.0,0.0,0.0,0.0,0,,,False,False,False,False,,,False,False,False,False,0.0,0.0,False,False,False,False,0.0,False,False,False,False
2024-03-18 17:00:00+00:00,28.32,28.32,28.32,28.32,0.0,,,,,,,,,,,,,,,,,,,,,,,,,,,,,,,,,,,,,,,,,#000000,,,,,,False,False,False,False,False,,0.0,0.0,0.0,0.0,0,,,False,False,False,False,,,False,False,False,False,0.0,0.0,False,False,False,False,0.0,False,False,False,False
2024-03-19 17:00:00+00:00,28.32,28.32,28.32,28.32,0.0,,,,,,,,,,,,,,,,,,,,,,,,,,,,,,,,,,,,,,,,,#000000,,,,,,False,False,False,False,False,,0.0,0.0,0.0,0.0,0,,,False,False,False,False,,,False,False,False,False,0.0,0.0,False,False,False,False,0.0,False,False,False,False
2024-03-20 17:00:00+00:00,28.32,28.32,28.32,28.32,0.0,,,,,,,,,,,,,,,,,,,,,,,,,,,,,,,,,,,,,,,,,#000000,,,,,,False,False,False,False,False,,0.0,0.0,0.0,0.0,0,,,False,False,False,False,,,False,False,False,False,0.0,0.0,False,False,False,False,0.0,False,False,False,False
2024-03-21 17:00:00+00:00,28.32,28.32,28.32,28.32,0.0,,,,,,,,,,,,,,,,,,,,,,,,,,,,,,,,,,,,,,,,,#000000,,,,,,False,False,False,False,False,,0.0,0.0,0.0,0.0,0,,,False,False,False,False,,,False,False,False,False,0.0,0.0,False,False,False,False,0.0,False,False,False,False
2024-03-22 17:00:00+00:00,28.32,28.32,28.32,28.32,0.0,,,,,,,,,,,,,,,,,,,,,,,,,,,,,,,,,,,,,,,,,#000000,,,,,,False,False,False,False,False,,0.0,0.0,0.0,0.0,0,,,False,False,False,False,,,False,False,False,False,0.0,0.0,False,False,False,False,0.0,False,False,False,False
2024-03-25 17:00:00+00:00,28.32,28.32,28.32,28.32,0.0,,,,,,,,,,,,,,,,,,,,,,,,,,,,,,,,,,,,,,,,,#000000,,,,,,False,False,False,False,False,,0.0,0.0,0.0,0.0,0,,,False,False,False,False,,,False,False,False,False,0.0,0.0,False,False,False,False,0.0,False,False,False,False
2024-03-26 17:00:00+00:00,28.32,28.32,28.32,28.32,0.0,,,,,,,,,,,,,,,,,,,,,,,,,,,,,,,,,,,,,,,,,#000000,,,,,,False,False,False,False,False,,0.0,0.0,0.0,0.0,0,,,False,False,False,False,,,False,False,False,False,0.0,0.0,False,False,False,False,0.0,False,False,False,False
2024-03-27 17:00:00+00:00,28.32,28.32,28.32,28.32,0.0,,,,,,,,,,,,,,,,,,,,,,,,,,,,,,,,,,,,,,,,,#000000,,,,,,False,False,False,False,False,,0.0,0.0,0.0,0.0,0,,,False,False,False,False,,,False,False,False,False,0.0,0.0,False,False,False,False,0.0,False,False,False,False
2024-03-28 17:00:00+00:00,28.32,28.32,28.32,28.32,0.0,,,,,,,,,,,,,,,,,,,,,,,,,,,,,,,,,,,,,,,,,#000000,,,,,,False,False,False,False,False,,0.0,0.0,0.0,0.0,0,,,False,False,False,False,,,False,False,False,False,0.0,0.0,False,False,False,False,0.0,False,False,False,False
2024-03-29 17:00:00+00:00,28.32,28.32,28.32,28.32,0.0,,,,,,,,,,,,,,,,,,,,,,,,,,,,,,,,,,,,,,,,,#000000,,,,,,False,False,False,False,False,,0.0,0.0,0.0,0.0,0,,,False,False,False,False,,,False,False,False,False,0.0,0.0,False,False,False,False,0.0,False,False,False,False
2024-04-01 17:00:00+00:00,28.32,28.32,28.32,28.32,0.0,,,,,,,,,,,,,,,,,,,,,,,,,,,,,,,,,,,,,,,,,#000000,,,,,,False,False,False,False,False,,0.0,0.0,0.0,0.0,0,,,False,False,False,False,,,False,False,False,False,0.0,0.0,False,False,False,False,0.0,False,False,False,False
2024-04-02 17:00:00+00:00,28.32,28.32,28.32,28.32,0.0,,,,,,,,,,,,,,,,,,,,,,,,,,,,,,,,,,,,,,,,,#000000,,,,,,False,False,False,False,False,,0.0,0.0,0.0,0.0,0,,,False,False,False,False,,,False,False,False,False,0.0,0.0,False,False,False,False,0.0,False,False,False,False
2024-04-03 17:00:00+00:00,28.32,28.32,28.32,28.32,0.0,,,,,,,,,,,,,,,,,,,,,,,,,,,,,,,,,,,,,,,,,#000000,,,,,,False,False,False,False,False,,0.0,0.0,0.0,0.0,0,,,False,False,False,False,,,False,False,False,False,0.0,0.0,False,False,False,False,0.0,False,False,False,False
2024-04-04 17:00:00+00:00,28.32,28.32,28.32,28.32,0.0,,,,,,,,,,,,,,,,,,,,,,,,,,,,,,,,,,,,,,,,,#000000,,,,,,False,False,False,False,False,,0.0,0.0,0.0,0.0,0,,,False,False,False,False,,,False,False,False,False,0.0,0.0,False,False,False,False,0.0,False,False,False,False
2024-04-05 17:00:00+00:00,28.32,28.32,28.32,28.32,0.0,,,,,,,,,,,,,,,,,,,,,,,,,,,,,,,,,,,,,,,,,#000000,,,,,,False,False,False,False,False,,0.0,0.0,0.0,0.0,0,,,False,False,False,False,,,False,False,False,False,0.0,0.0,False,False,False,False,0.0,False,False,False,False
2024-04-08 17:00:00+00:00,28.32,28.32,28.32,28.32,0.0,,,,,,,,,,,,,,,,,,,,,,,,,,,,,,,,,,,,,,,,,#000000,,,,,,False,False,False,False,False,20.0,0.0,0.0,0.0,0.0,0,,,False,False,False,False,,,False,False,False,False,0.0,0.0,False,False,False,False,0.0,False,False,False,False
2024-04-09 17:00:00+00:00,28.32,28.32,28.32,28.32,0.0,,,,,,,,,,,,,,,,,,,,,,,,,,,,,,,,,,,,,,,,,#000000,,,,,,False,False,False,False,False,20.0,0.0,0.0,0.0,0.0,0,,,False,False,False,False,,,False,False,False,False,0.0,0.0,False,False,False,False,0.0,False,False,False,False
2024-04-10 17:00:00+00:00,28.32,28.32,28.32,28.32,0.0,,,,,,,,,,,,,,,,,,,,,,,,,,,,,,,,,,,,,,,,,#000000,,,,,,False,False,False,False,False,20.0,0.0,0.0,0.0,0.0,0,,,False,False,False,False,,,False,False,False,False,0.0,0.0,False,False,False,False,0.0,False,False,False,False
2024-04-11 17:00:00+00:00,28.32,28.32,28.32,28.32,0.0,,,,,,,,,,,,,,,,,,,,,,,,,,,,,,,,,,,,,,,,,#000000,,,,,,False,False,False,False,False,20.0,0.0,0.0,0.0,0.0,0,,,False,False,False,False,,,False,False,False,False,0.0,0.0,False,False,False,False,0.0,False,False,False,False
2024-04-12 17:00:00+00:00,28.32,28.32,28.32,28.32,0.0,,,,,,,,,,,,,,,,,,,,,,,,,,,,,,,,,,,,,,,,,#000000,,,,,,False,False,False,False,False,20.0,0.0,0.0,0.0,0.0,0,,,False,False,False,False,,,False,False,False,False,0.0,0.0,False,False,False,False,0.0,False,False,False,False
2024-04-15 17:00:00+00:00,28.32,28.32,28.32,28.32,0.0,,,,,,,,,,,,,,,,,,,,,,,,,,,,,,,,,,,,,,,,,#000000,,,,,,False,False,False,False,False,20.0,0.0,0.0,0.0,0.0,0,,,False,False,False,False,,,False,False,False,False,0.0,0.0,False,False,False,False,0.0,False,False,False,False
2024-04-16 17:00:00+00:00,28.32,28.32,28.32,28.32,0.0,,,,,,,,,,,,,,,,,,,,,,,,,,,,,,,,,,,,,,,,,#000000,,,,,,False,False,False,False,False,20.0,0.0,0.0,0.0,0.0,0,,,False,False,False,False,,,False,False,False,False,0.0,0.0,False,False,False,False,0.0,False,False,False,False
2024-04-17 17:00:00+00:00,28.32,28.32,28.32,28.32,0.0,,,,,,,,,,,,,,,,,,,,,,,,,,,,,,,,,,,,,,,,,#000000,,,,,,False,False,False,False,False,20.0,0.0,0.0,0.0,0.0,0,,,False,False,False,False,,,False,False,False,False,0.0,0.0,False,False,False,False,0.0,False,False,False,False
2024-04-18 17:00:00+00:00,28.32,28.32,28.32,28.32,0.0,,,,,,,,,,,,,,,,,,,,,,,,,,,,,,,,,,,,,,,,,#000000,,,,,,False,False,False,False,False,20.0,0.0,0.0,0.0,0.0,0,,,False,False,False,False,,,False,False,False,False,0.0,0.0,False,False,False,False,0.0,False,False,False,False
2024-04-19 17:00:00+00:00,28.32,28.32,28.32,28.32,0.0,,,,,,,,,,,,,,,,,,,,,,,,,,,,,,,,,,,,,,,,,#000000,,,,,,False,False,False,False,False,20.0,0.0,0.0,0.0,0.0,0,,,False,False,False,False,,,False,False,False,False,0.0,0.0,False,False,False,False,0.0,False,False,False,False
2024-04-22 17:00:00+00:00,28.32,28.32,28.32,28.32,0.0,,,,,,,,,,,,,,,,,,,,,,,,,,,,,,,,,,,,,,,,,#000000,,,,,,False,False,False,False,False,20.0,0.0,0.0,0.0,0.0,0,,,False,False,False,False,,,False,False,False,False,0.0,0.0,False,False,False,False,0.0,False,False,False,False
2024-04-23 17:00:00+00:00,28.32,28.32,28.32,28.32,0.0,,,,,,,,,,,,,,,,,,,,,,,,,,,,,,,,,,,,,,,,,#000000,,,,,,False,False,False,False,False,20.0,0.0,0.0,0.0,0.0,0,,,False,False,False,False,,,False,False,False,False,0.0,0.0,False,False,False,False,0.0,False,False,False,False
2024-04-24 17:00:00+00:00,28.32,28.32,28.32,28.32,0.0,,,,,,,,,,,,,,,,,,,,,,,,,,,,,,,,,,,,,,,,,#000000,,,,,,False,False,False,False,False,20.0,0.0,0.0,0.0,0.0,0,,,False,False,False,False,,,False,False,False,False,0.0,0.0,False,False,False,False,0.0,False,False,False,False
2024-04-25 17:00:00+00:00,28.32,28.32,28.32,28.32,0.0,,,,,,,,,,,,,,,,,,,,,,,,,,,,,,,,,,,,,,,,,#000000,,,,,,False,False,False,False,False,20.0,0.0,0.0,0.0,0.0,0,,,False,False,False,False,,,False,False,False,False,0.0,0.0,False,False,False,False,0.0,False,False,False,False
2024-04-26 17:00:00+00:00,28.32,28.32,28.32,28.32,0.0,,,,,,,,,,,,,,,,,,,,,,,,,,,,,,,,,,,,,,,,,#000000,,,,,,False,False,False,False,False,20.0,0.0,0.0,0.0,0.0,0,,,False,False,False,False,,,False,False,False,False,0.0,0.0,False,False,False,False,0.0,False,False,False,False
2024-04-29 17:00:00+00:00,28.32,28.32,28.32,28.32,0.0,,,,,,,,,,,,,,,,,,,,,,,,,,,,,,,,,,,,,,,,,#000000,,,,,,False,False,False,False,False,20.0,0.0,0.0,0.0,0.0,0,,,False,False,False,False,,,False,False,False,False,0.0,0.0,False,False,False,False,0.0,False,False,False,False
2024-04-30 17:00:00+00:00,28.32,28.32,28.32,28.32,0.0,,,,,,,,,,,,,,,,,,,,,,,,,,,,,,,,,,,,,,,,,#000000,,,,,,False,False,False,False,False,20.0,0.0,0.0,0.0,0.0,0,,,False,False,False,False,,,False,False,False,False,0.0,0.0,False,False,False,False,0.0,False,False,False,False
2024-05-01 17:00:00+00:00,28.32,28.32,28.32,28.32,0.0,,,,,,,,,,,,,,,,,,,,,,,,,,,,,,,,,,,,,,,,,#000000,,,,,,False,False,False,False,False,20.0,0.0,0.0,0.0,0.0,0,,,False,False,False,False,,,False,False,False,False,0.0,0.0,False,False,False,False,0.0,False,False,False,False
2024-05-02 17:00:00+00:00,28.32,28.32,28.32,28.32,0.0,,,,,,,,,,,,,,,,,,,,,,,,,,,,,,,,,,,,,,,,,#000000,,,,,,False,False,False,False,False,20.0,0.0,0.0,0.0,0.0,0,,,False,False,False,False,,,False,False,False,False,0.0,0.0,False,False,False,False,0.0,False,False,False,False
2024-05-03 17:00:00+00:00,28.32,28.32,28.32,28.32,0.0,,,,,,,,,,,,,,,,,,,,,,,,,,,,,,,,,,,,,,,,,#000000,,,,,,False,False,False,False,False,20.0,0.0,0.0,0.0,0.0,0,,,False,False,False,False,,,False,False,False,False,0.0,0.0,False,False,False,False,0.0,False,False,False,False
2024-05-06 17:00:00+00:00,28.32,28.32,28.32,28.32,0.0,,,,,,,,,,,,,,,,,,,,,,,,,,,,,,,,,,,,,,,,,#000000,,,,,,False,False,False,False,False,20.0,0.0,0.0,0.0,0.0,0,,,False,False,False,False,,,False,False,False,False,0.0,0.0,False,False,False,False,0.0,False,False,False,False
2024-05-07 17:00:00+00:00,28.32,28.32,28.32,28.32,0.0,,,,,,,,,,,,,,,,,,,,,,,,,,,,,,,,,,,,,,,,,#000000,,,,,,False,False,False,False,False,20.0,0.0,0.0,0.0,0.0,0,,,False,False,False,False,,,False,False,False,False,0.0,0.0,False,False,False,False,0.0,False,False,False,False
2024-05-08 17:00:00+00:00,28.32,28.32,28.32,28.32,0.0,,,,,,,,,,,,,,,,,,,,,,,,,,,,,,,,,,,,,,,,,#000000,,,,,,False,False,False,False,False,20.0,0.0,0.0,0.0,0.0,0,,,False,False,False,False,,,False,False,False,False,0.0,0.0,False,False,False,False,0.0,False,False,False,False
2024-05-09 17:00:00+00:00,28.32,28.32,28.32,28.32,0.0,,,,,,,,,,,,,,,,,,,,,,,,,,,,,,,,,,,,,,,,,#000000,,,,,,False,False,False,False,False,20.0,0.0,0.0,0.0,0.0,0,,,False,False,False,False,,,False,False,False,False,0.0,0.0,False,False,False,False,0.0,False,False,False,False
2024-05-10 17:00:00+00:00,28.32,28.32,28.32,28.32,0.0,,,,,,,,,,,,,,,,,,,,,,,,,,,,,,,,,,,,,,,,,#000000,,,,,,False,False,False,False,False,20.0,0.0,0.0,0.0,0.0,0,,,False,False,False,False,,,False,False,False,False,0.0,0.0,False,False,False,False,0.0,False,False,False,False
2024-05-13 17:00:00+00:00,28.32,28.32,28.32,28.32,0.0,,,,,,,,,,,,,,,,,,,,,,,,,,,,,,,,,,,,,,,,,#000000,0.0,,,,,False,False,False,False,False,20.0,0.0,0.0,0.0,0.0,0,,,False,False,False,False,,,False,False,False,False,0.0,0.0,False,False,False,False,0.0,False,False,False,False
2024-05-14 17:00:00+00:00,28.32,28.32,28.32,28.32,0.0,,,,,,,,,,,,,,,,,,,,,,,,,,,,,,,,,,,,,,,,,#000000,0.0,,,,,False,False,False,False,False,20.0,0.0,0.0,0.0,0.0,0,,,False,False,False,False,,,False,False,False,False,0.0,0.0,False,False,False,False,0.0,False,False,False,False
2024-05-15 17:00:00+00:00,28.32,28.32,28.32,28.32,0.0,,,,,,,,,,,,,,,,,,,,,,,,,,,,,,,,,,,,,,,,,#000000,0.0,,,,,False,False,False,False,False,20.0,0.0,0.0,0.0,0.0,0,,,False,False,False,False,,,False,False,False,False,0.0,0.0,False,False,False,False,0.0,False,False,False,False
2024-05-16 17:00:00+00:00,28.32,28.32,28.32,28.32,0.0,,,,,,,,,,,,,,,,,,,,,,,,,,,,,,,,,,,,,,,,,#000000,0.0,,,,,False,False,False,False,False,20.0,0.0,0.0,0.0,0.0,0,,,False,False,False,False,,,False,False,False,False,0.0,0.0,False,False,False,False,0.0,False,False,False,False
2024-05-17 17:00:00+00:00,28.32,28.32,28.32,28.32,0.0,,,,,,,,,,,,,,,,,,,,,,,,,,,,,,,,,,,,,,,,,#000000,0.0,,,,,False,False,False,False,False,20.0,0.0,0.0,0.0,0.0,0,,,False,False,False,False,,,False,False,False,False,0.0,0.0,False,False,False,False,0.0,False,False,False,False
2024-05-20 17:00:00+00:00,28.32,28.32,28.32,28.32,0.0,,,,,,,,,,,,,,,,,,,,,,,,,,,,,,,,,,,,,,,,,#000000,0.0,,,,,False,False,False,False,False,20.0,0.0,0.0,0.0,0.0,0,,,False,False,False,False,,,False,False,False,False,0.0,0.0,False,False,False,False,0.0,False,False,False,False
2024-05-21 17:00:00+00:00,28.32,28.32,28.32,28.32,0.0,,,,,,,,,,,,,,,,,,,,,,,,,,,,,,,,,,,,,,,,,#000000,0.0,,,,,False,False,False,False,False,20.0,0.0,0.0,0.0,0.0,0,,,False,False,False,False,,,False,False,False,False,0.0,0.0,False,False,False,False,0.0,False,False,False,False
2024-05-22 17:00:00+00:00,28.32,28.32,28.32,28.32,0.0,,,,,,,,,,,,,,,,,,,,,,,,,,,,,,,,,,,,,,,,,#000000,0.0,,,,,False,False,False,False,False,20.0,0.0,0.0,0.0,0.0,0,,,False,False,False,False,,,False,False,False,False,0.0,0.0,False,False,False,False,0.0,False,False,False,False
2024-05-23 17:00:00+00:00,28.32,28.32,28.32,28.32,0.0,,,,,,,,,,,,,,,,,,,,,,,,,,,,,,,,,,,,,,,,,#000000,0.0,,,,,False,False,False,False,False,20.0,0.0,0.0,0.0,0.0,0,,,False,False,False,False,,,False,False,False,False,0.0,0.0,False,False,False,False,0.0,False,False,False,False
2024-05-24 17:00:00+00:00,28.32,28.32,28.32,28.32,0.0,,,,,,,,,,,,,,,,,,,,,,,,,,,,,,,,,,,,,,,,,#000000,0.0,,,,,False,False,False,False,False,20.0,0.0,0.0,0.0,0.0,0,,,False,False,False,False,,,False,False,False,False,0.0,0.0,False,False,False,False,0.0,False,False,False,False
2024-05-27 17:00:00+00:00,28.32,28.32,28.32,28.32,0.0,,,,,,,,,,,,,,,,,,,,,,,,,,,,,,,,,,,,,,,,,#000000,0.0,,,,,False,False,False,False,False,20.0,0.0,0.0,0.0,0.0,0,,,False,False,False,False,,,False,False,False,False,0.0,0.0,False,False,False,False,0.0,False,False,False,False
2024-05-28 17:00:00+00:00,28.32,28.32,28.32,28.32,0.0,,,,,,,,,,,,,,,,,,,,,,,,,,,,,,,,,,,,,,,,,#000000,0.0,,,,,False,False,False,False,False,20.0,0.0,0.0,0.0,0.0,0,,,False,False,False,False,,,False,False,False,False,0.0,0.0,False,False,False,False,0.0,False,False,False,False
2024-05-29 17:00:00+00:00,28.32,28.32,28.32,28.32,0.0,,,,,,,,,,,,,,,,,,,,,,,,,,,,,,,,,,,,,,,,,#000000,0.0,,,,,False,False,False,False,False,20.0,0.0,0.0,0.0,0.0,0,,,False,False,False,False,,,False,False,False,False,0.0,0.0,False,False,False,False,0.0,False,False,False,False
2024-05-30 17:00:00+00:00,28.32,28.32,28.32,28.32,0.0,,,,,,,,,,,,,,,,,,,,,,,,,,,,,,,,,,,,,,,,,#000000,0.0,,,,,False,False,False,False,False,20.0,0.0,0.0,0.0,0.0,0,,,False,False,False,False,,,False,False,False,False,0.0,0.0,False,False,False,False,0.0,False,False,False,False
2024-05-31 17:00:00+00:00,28.32,28.32,28.32,28.32,0.0,,,,,,,,,,,,,,,,,,,,,,,,,,,,,,,,,,,,,,,,,#000000,0.0,,,,,False,False,False,False,False,20.0,0.0,0.0,0.0,0.0,0,,,False,False,False,False,,,False,False,False,False,0.0,0.0,False,False,False,False,0.0,False,False,False,False
2024-06-03 17:00:00+00:00,28.32,28.32,28.32,28.32,0.0,,,,,,,,,,,,,,,,,,,,,,,,,,,,,,,,,,,,,,,,,#000000,0.0,,,,,False,False,False,False,False,20.0,0.0,0.0,0.0,0.0,0,,,False,False,False,False,,,False,False,False,False,0.0,0.0,False,False,False,False,0.0,False,False,False,False
2024-06-04 17:00:00+00:00,28.32,28.32,28.32,28.32,0.0,,,,,,,,,,,,,,,,,,,,,,,,,,,,,,,,,,,,,,,,,#000000,0.0,,,,,False,False,False,False,False,20.0,0.0,0.0,0.0,0.0,0,,,False,False,False,False,,,False,False,False,False,0.0,0.0,False,False,False,False,0.0,False,False,False,False
2024-06-05 17:00:00+00:00,28.32,28.32,28.32,28.32,0.0,,,,,,,,,,,,,,,,,,,,,,,,,,,,,,,,,,,,,,,,,#000000,0.0,,,,,False,False,False,False,False,20.0,0.0,0.0,0.0,0.0,0,,,False,False,False,False,,,False,False,False,False,0.0,0.0,False,False,False,False,0.0,False,False,False,False
2024-06-06 17:00:00+00:00,28.32,28.32,28.32,28.32,0.0,,,,,,,,,,,,,,,,,,,,,,,,,,,,,,,,,,,,,,,,,#000000,0.0,,,,,False,False,False,False,False,20.0,0.0,0.0,0.0,0.0,0,,,False,False,False,False,,,False,False,False,False,0.0,0.0,False,False,False,False,0.0,False,False,False,False
2024-06-07 17:00:00+00:00,28.32,28.32,28.32,28.32,0.0,,,,,,,,,,,,,,,,,,,,,,,,,,,,,,,,,,,,,,,,,#000000,0.0,,,,,False,False,False,False,False,20.0,0.0,0.0,0.0,0.0,0,,,False,False,False,False,,,False,False,False,False,0.0,0.0,False,False,False,False,0.0,False,False,False,False
2024-06-10 17:00:00+00:00,28.32,28.32,28.32,28.32,0.0,,,,,,,,,,,,,,,,,,,,,,,,,,,,,,,,,,,,,,,,,#000000,0.0,,,,,False,False,False,False,False,20.0,0.0,0.0,0.0,0.0,0,,,False,False,False,False,,,False,False,False,False,0.0,0.0,False,False,False,False,0.0,False,False,False,False
2024-06-11 17:00:00+00:00,28.32,28.32,28.32,28.32,0.0,,,,,,,,,,,,,,,,,,,,,,,,,,,,,,,,,,,,,,,,,#000000,0.0,,,,,False,False,False,False,False,20.0,0.0,0.0,0.0,0.0,0,,,False,False,False,False,,,False,False,False,False,0.0,0.0,False,False,False,False,0.0,False,False,False,False
2024-06-12 17:00:00+00:00,28.32,28.32,28.32,28.32,0.0,,,,,,,,,,,,,,,,,,,,,,,,,,,,,,,,,,,,,,,,,#000000,0.0,,,,,False,False,False,False,False,20.0,0.0,0.0,0.0,0.0,0,,,False,False,False,False,,,False,False,False,False,0.0,0.0,False,False,False,False,0.0,False,False,False,False
2024-06-13 17:00:00+00:00,28.32,28.32,28.32,28.32,0.0,,,,,,,,,,,,,,,,,,,,,,,,,,,,,,,,,,,,,,,,,#000000,0.0,,,,,False,False,False,False,False,20.0,0.0,0.0,0.0,0.0,0,,,False,False,False,False,,,False,False,False,False,0.0,0.0,False,False,False,False,0.0,False,False,False,False
2024-06-14 17:00:00+00:00,28.32,28.32,28.32,28.32,0.0,,,,,,,,,,,,,,,,,,,,,,,,,,,,,,,,,,,,,,,,,#000000,0.0,,,,,False,False,False,False,False,20.0,0.0,0.0,0.0,0.0,0,,,False,False,False,False,,,False,False,False,False,0.0,0.0,False,False,False,False,0.0,False,False,False,False
2024-06-17 17:00:00+00:00,28.32,28.32,28.32,28.32,0.0,,,,,,,,,,,,,,,,,,,,,,,,,,,,,,,,,,,,,,,,,#000000,0.0,,,,,False,False,False,False,False,20.0,0.0,0.0,0.0,0.0,0,,,False,False,False,False,,,False,False,False,False,0.0,0.0,False,False,False,False,0.0,False,False,False,False
2024-06-18 17:00:00+00:00,28.32,28.32,28.32,28.32,0.0,,,,,,,,,,,,,,,,,,,,,,,,,,,,,,,,,,,,,,,,,#000000,0.0,,,,,False,False,False,False,False,20.0,0.0,0.0,0.0,0.0,0,,,False,False,False,False,,,False,False,False,False,0.0,0.0,False,False,False,False,0.0,False,False,False,False
2024-06-19 17:00:00+00:00,28.32,28.32,28.32,28.32,0.0,,,,,,,,,,,,,,,,,,,,,,,,,,,,,,,,,,,,,,,,,#000000,0.0,,,,,False,False,False,False,False,20.0,0.0,0.0,0.0,0.0,0,,,False,False,False,False,,,False,False,False,False,0.0,0.0,False,False,False,False,0.0,False,False,False,False
2024-06-20 17:00:00+00:00,28.32,28.32,28.32,28.32,0.0,,,,,,,,,,,,,,,,,,,,,,,,,,,,,,,,,,,,,,,,,#000000,0.0,,,,,False,False,False,False,False,20.0,0.0,0.0,0.0,0.0,0,,,False,False,False,False,,,False,False,False,False,0.0,0.0,False,False,False,False,0.0,False,False,False,False
2024-06-21 17:00:00+00:00,28.32,28.32,28.32,28.32,0.0,,,,,,,,,,,,,,,,,,,,,,,,,,,,,,,,,,,,,,,,,#000000,0.0,,,,,False,False,False,False,False,20.0,0.0,0.0,0.0,0.0,0,,,False,False,False,False,,,False,False,False,False,0.0,0.0,False,False,False,False,0.0,False,False,False,False
2024-06-24 17:00:00+00:00,28.32,28.32,28.32,28.32,0.0,,,,,,,,,,,,,,,,,,,,,,,,,,,,,,,,,,,,,,,,,#000000,0.0,,,,,False,False,False,False,False,20.0,0.0,0.0,0.0,0.0,0,,,False,False,False,False,,,False,False,False,False,0.0,0.0,False,False,False,False,0.0,False,False,False,False
2024-06-25 17:00:00+00:00,28.41,28.41,28.41,28.41,0.0,,,,,,,,,,,,,,,,,,,,,,,,,,,,,,,,,,,,,,,,,"rgba(38, 166, 154, 0.5)",0.010392304845413203,,,100.0,,False,False,True,False,False,20.0,0.0,0.0,0.0,0.0,0,,,False,False,False,False,,,False,False,False,False,0.0,0.0,False,False,False,False,0.0,False,False,False,False
2024-06-26 17:00:00+00:00,28.41,28.41,28.41,28.41,0.0,,,,,,,,,,,,,,,,,,,,,,,,,,,,,,,,,,,,,,,,,"rgba(38, 166, 154, 0.5)",0.014597297047093201,,,100.0,50.0,False,False,True,False,True,20.0,0.0,0.0,0.0,0.0,0,,,False,False,False,False,,,False,False,False,False,0.0,0.0,False,False,False,False,0.0,False,False,False,False
2024-06-27 17:00:00+00:00,28.41,28.41,28.41,28.41,0.0,,,,,,,,,,,,,,,,,,,,,,,,,,,,,,,,,,,,,,,,,"rgba(38, 166, 154, 0.5)",0.017755090628978256,,,100.0,50.0,False,False,True,False,True,20.0,0.0,0.0,0.0,0.0,0,,,False,False,False,False,,,False,False,False,False,0.0,0.0,False,False,False,False,0.0,False,False,False,False
2024-06-28 17:00:00+00:00,28.41,28.41,28.41,28.41,0.0,,,,,,,,,,,,,,,,,,,,,,,,,,,,,,,,,,,,,,,,,"rgba(38, 166, 154, 0.5)",0.020358941192667013,,,100.0,50.0,False,False,True,False,True,20.0,0.0,0.0,0.0,0.0,0,,,False,False,False,False,,,False,False,False,False,0.0,0.0,False,False,False,False,0.0,False,False,False,False
2024-07-01 17:00:00+00:00,28.41,28.41,28.41,28.41,0.0,,,,,,,,,,,,,,,,,,,,,,,,,,,,,,,,,,,,,,,,,"rgba(38, 166, 154, 0.5)",0.022601124105026255,,,100.0,50.0,False,False,True,False,True,20.0,0.0,0.0,0.0,0.0,0,,,False,False,False,False,,,False,False,False,False,0.0,0.0,False,False,False,False,0.0,False,False,False,False
2024-07-02 17:00:00+00:00,28.41,28.41,28.41,28.41,0.0,,,,,,,,,,,,,,,,,,,,,,,,,,,,,,,,,,,,,,,,,"rgba(38, 166, 154, 0.5)",0.02458080991782416,,,100.0,50.0,False,False,True,False,True,20.0,0.0,0.0,0.0,0.0,0,,,False,False,False,False,,,False,False,False,False,0.0,0.0,False,False,False,False,0.0,False,False,False,False
2024-07-03 17:00:00+00:00,28.41,28.41,28.41,28.41,0.0,,,,,,,,,,,,,,,,,,,,,,,,,,,,,,,,,,,,,,,,,"rgba(38, 166, 154, 0.5)",0.02635721348516729,,,100.0,50.0,False,False,True,False,True,20.0,0.0,0.0,0.0,0.0,0,,,False,False,False,False,,,False,False,False,False,0.0,0.0,False,False,False,False,0.0,False,False,False,False
2024-07-04 17:00:00+00:00,28.41,28.41,28.41,28.41,0.0,,,,,,,,,,,,,,,,,,,,,,,,,,,,,,,,,,,,,,,,,"rgba(38, 166, 154, 0.5)",0.02796909491331897,,,100.0,50.0,False,False,True,False,True,20.0,0.0,0.0,0.0,0.0,0,,,False,False,False,False,,,False,False,False,False,0.0,0.0,False,False,False,False,0.0,False,False,False,False
2024-07-05 17:00:00+00:00,28.41,28.41,28.41,28.41,0.0,,,,,,,,,,,,,,,,,,,,,,,,,,,,,,,,,,,,,,,,,"rgba(38, 166, 154, 0.5)",0.029443486867538154,,,100.0,50.0,False,False,True,False,True,20.0,0.0,0.0,0.0,0.0,0,,,False,False,False,False,,,False,False,False,False,0.0,0.0,False,False,False,False,0.0,False,False,False,False
2024-07-08 17:00:00+00:00,28.41,28.41,28.41,28.41,0.0,,,,,,,,,,,,,,,,,,,,,,,,,,,,,,,,,,,,,,,,,"rgba(38, 166, 154, 0.5)",0.030800140399819962,,,100.0,50.0,False,False,True,False,True,20.0,0.0,0.0,0.0,0.0,0,,,False,False,False,False,,,False,False,False,False,0.0,0.0,False,False,False,False,0.0,False,False,False,False
2024-07-09 17:00:00+00:00,28.41,28.41,28.41,28.41,0.0,,,,,,,,,,,,,,,,,,,,,,,,,,,,,,,,,,,,,,,,,"rgba(38, 166, 154, 0.5)",0.03205400847724712,,,100.0,50.0,False,False,True,False,True,20.0,0.0,0.0,0.0,0.0,0,,,False,False,False,False,,,False,False,False,False,0.0,0.0,False,False,False,False,0.0,False,False,False,False
2024-07-10 17:00:00+00:00,28.41,28.41,28.41,28.41,0.0,,,,,,,,,,,,,,,,,,,,,,,,,,,,,,,,,,,,,,,,,"rgba(38, 166, 154, 0.5)",0.03321673300237874,,,100.0,50.0,False,False,True,False,True,20.0,0.0,0.0,0.0,0.0,0,,,False,False,False,False,,,False,False,False,False,0.0,0.0,False,False,False,False,0.0,False,False,False,False
2024-07-11 17:00:00+00:00,28.41,28.41,28.41,28.41,0.0,,,,,,,,,,,,,,,,,,,,,,,,,,,,,,,,,,,,,,,,,"rgba(38, 166, 154, 0.5)",0.03429758481765563,,,100.0,50.0,False,False,True,False,True,20.0,0.0,0.0,0.0,0.0,0,,,False,False,False,False,,,False,False,False,False,0.0,0.0,False,False,False,False,0.0,False,False,False,False
2024-07-12 17:00:00+00:00,28.41,28.41,28.41,28.41,0.0,,,,,,,,,,,,,,,,,,,,,,,,,,,,,,,,,,,,,,,,,"rgba(38, 166, 154, 0.5)",0.03530408444328125,,,100.0,50.0,False,False,True,False,True,20.0,0.0,0.0,0.0,0.0,0,,,False,False,False,False,,,False,False,False,False,0.0,0.0,False,False,False,False,0.0,False,False,False,False
2024-07-15 17:00:00+00:00,28.41,28.41,28.41,28.41,0.0,,,,,,,,,,,,,,,,,,,,,,,,,,,,,,,,,,,,,,,,,"rgba(38, 166, 154, 0.5)",0.036242426981556684,,,100.0,50.0,False,False,True,False,True,20.0,0.0,0.0,0.0,0.0,0,,,False,False,False,False,,,False,False,False,False,0.0,0.0,False,False,False,False,0.0,False,False,False,False
2024-07-16 17:00:00+00:00,28.41,28.41,28.41,28.41,0.0,,,,,,,,,,,,,,,,,,,,,,,,,,,,,,,,,,,,,,,,,"rgba(38, 166, 154, 0.5)",0.037117781853576344,,,100.0,50.0,False,False,True,False,True,20.0,0.0,0.0,0.0,0.0,0,,,False,False,False,False,,,False,False,False,False,0.0,0.0,False,False,False,False,0.0,False,False,False,False
2024-07-17 17:00:00+00:00,28.41,28.41,28.41,28.41,0.0,,,,,,,,,,,,,,,,,,,,,,,,,,,,,,,,,,,,,,,,,"rgba(38, 166, 154, 0.5)",0.037934509711171606,,,100.0,50.0,False,False,True,False,True,20.0,0.0,0.0,0.0,0.0,0,,,False,False,False,False,,,False,False,False,False,0.0,0.0,False,False,False,False,0.0,False,False,False,False
2024-07-18 17:00:00+00:00,28.41,28.41,28.41,28.41,0.0,,,,,,,,,,,,,,,,,,,,,,,,,,,,,,,,,,,,,,,,,"rgba(38, 166, 154, 0.5)",0.03869632289256103,,,100.0,50.0,False,False,True,False,True,20.0,0.0,0.0,0.0,0.0,0,,,False,False,False,False,,,False,False,False,False,0.0,0.0,False,False,False,False,0.0,False,False,False,False
2024-07-19 17:00:00+00:00,28.41,28.41,28.41,28.41,0.0,,,,,,,,,,,,,,,,,,,,,,,,,,,,,,,,,,,,,,,,,"rgba(38, 166, 154, 0.5)",0.03940640639369186,,,100.0,50.0,False,False,True,False,True,20.0,0.0,0.0,0.0,0.0,0,,,False,False,False,False,,,False,False,False,False,0.0,0.0,False,False,False,False,0.0,False,False,False,False
2024-07-22 17:00:00+00:00,28.41,28.41,28.41,28.41,0.0,,,,,,,,,,,,,,,,,,,,,,,,,,,,,,,,,,,,,,,,,"rgba(38, 166, 154, 0.5)",0.040067510596558636,,,100.0,50.0,False,False,True,False,True,20.0,0.0,0.0,0.0,0.0,0,,,False,False,False,False,,,False,False,False,False,0.0,0.0,False,False,False,False,0.0,False,False,False,False
2024-07-23 17:00:00+00:00,28.41,28.41,28.41,28.41,0.0,,,,,,,,,,,,,,,,,,,,,,,,,,,,,,,,,,,,,,,,,"rgba(38, 166, 154, 0.5)",0.04068202338904687,,,100.0,50.0,False,False,True,False,True,20.0,0.0,0.0,0.0,0.0,0,,,False,False,False,False,,,False,False,False,False,0.0,0.0,False,False,False,False,0.0,False,False,False,False
2024-07-24 17:00:00+00:00,28.41,28.41,28.41,28.41,0.0,,,,,,,,,,,,,,,,,,,,,,,,,,,,,,,,,,,,,,,,,"rgba(38, 166, 154, 0.5)",0.04125202697722444,,,100.0,50.0,False,False,True,False,True,20.0,0.0,0.0,0.0,0.0,0,,,False,False,False,False,,,False,False,False,False,0.0,0.0,False,False,False,False,0.0,False,False,False,False
2024-07-25 17:00:00+00:00,28.41,28.41,28.41,28.41,0.0,,,,,,,,,,,,,,,,,,,,,,,,,,,,,,,,,,,,,,,,,"rgba(38, 166, 154, 0.5)",0.04177934314363301,,,100.0,50.0,False,False,True,False,True,20.0,0.0,0.0,0.0,0.0,0,,,False,False,False,False,0.34282743146362704,0.34282743146362704,False,False,False,False,0.0,0.0,False,False,False,False,0.0,False,False,False,False
2024-07-26 17:00:00+00:00,28.41,28.41,28.41,28.41,0.0,,,,,,,,,,,,,,,,,,,,,,,,,,,,,,,,,,,,,,,,,"rgba(38, 166, 154, 0.5)",0.04226556965637989,,,100.0,50.0,False,False,True,False,True,20.0,0.0,0.0,0.0,0.0,0,1.0,1.0,False,False,False,False,0.34282743146362704,0.34282743146362704,False,False,False,False,0.0,0.0,False,False,False,False,0.0,False,False,False,False
2024-07-29 17:00:00+00:00,28.41,28.41,28.41,28.41,0.0,,,,,,,,,,,,,,,,,,,,,,,,,,,,,,,,,,,,,,,,,"rgba(38, 166, 154, 0.5)",0.04271210980886153,,,100.0,50.0,False,False,True,False,True,20.0,0.0,0.0,0.0,0.0,0,1.0,1.0,False,False,False,False,0.34282743146362704,0.34282743146362704,False,False,False,False,0.0,0.0,False,False,False,False,0.0,False,False,False,False
2024-07-30 17:00:00+00:00,28.41,28.41,28.41,28.41,0.0,,,,,,,,,,,,,,,,,,,,,,,,,,,,,,,,,,,,,,,,,"rgba(38, 166, 154, 0.5)",0.04312019655974759,,,100.0,50.0,False,False,True,False,True,20.0,0.0,0.0,0.0,0.0,0,1.0,1.0,False,False,False,False,0.34282743146362704,0.34282743146362704,False,False,False,False,0.0,0.0,False,False,False,False,0.0,False,False,False,False
2024-07-31 17:00:00+00:00,28.41,28.41,28.41,28.41,0.0,,,,,,,,,,,,,,,,,,,,,,,,,,,,,,,,,,,,,,,,,"rgba(38, 166, 154, 0.5)",0.04349091237786774,,,100.0,50.0,False,False,True,False,True,20.0,0.0,0.0,0.0,0.0,0,1.0,1.0,False,False,False,False,0.34282743146362704,0.34282743146362704,False,False,False,False,0.0,0.0,False,False,False,False,0.0,False,False,False,False
2024-08-01 17:00:00+00:00,28.41,28.41,28.41,28.41,0.0,,,,,,,,,,,,,,,,,,,,,,,,,,,,,,,,,,,,,,,,,"rgba(38, 166, 154, 0.5)",0.04382520563156043,,,100.0,50.0,False,False,True,False,True,20.0,0.0,0.0,0.0,0.0,0,1.0,1.0,False,False,False,False,0.34282743146362704,0.34282743146362704,False,False,False,False,0.0,0.0,False,False,False,False,0.0,False,False,False,False
2024-08-02 17:00:00+00:00,28.41,28.41,28.41,28.41,0.0,,,,,,,,,,,,,,,,,,,,,,,,,,,,,,,,,,,,,,,,,"rgba(38, 166, 154, 0.5)",0.04412390416677593,,,100.0,50.0,False,False,True,False,True,20.0,0.0,0.0,0.0,0.0,0,1.0,1.0,False,False,False,False,0.34282743146362704,0.34282743146362704,False,False,False,False,0.0,0.0,False,False,False,False,0.0,False,False,False,False
2024-08-05 17:00:00+00:00,28.41,28.41,28.41,28.41,0.0,,,,,,,,,,,,,,,,,,,,,,,,,,,,,,,,,,,,,,,,,"rgba(38, 166, 154, 0.5)",0.044387726572445406,,,100.0,50.0,False,False,True,False,True,20.0,0.0,0.0,0.0,0.0,0,1.0,1.0,False,False,False,False,0.34282743146362704,0.34282743146362704,False,False,False,False,0.0,0.0,False,False,False,False,0.0,False,False,False,False
2024-08-06 17:00:00+00:00,28.41,28.41,28.41,28.41,0.0,,,,,,,,,,,,,,,,,,,,,,,,,,,,,,,,,,,,,,,,,"rgba(38, 166, 154, 0.5)",0.04461729152136651,,,100.0,50.0,False,False,True,False,True,20.0,0.0,0.0,0.0,0.0,0,1.0,1.0,False,False,False,False,0.34282743146362704,0.34282743146362704,False,False,False,False,0.0,0.0,False,False,False,False,0.0,False,False,False,False
2024-08-07 17:00:00+00:00,28.41,28.41,28.41,28.41,0.0,,,,,,,,,,,,,,,,,,,,,,,,,,,,,,,,,,,,,,,,,"rgba(38, 166, 154, 0.5)",0.04481312549037513,,,100.0,50.0,False,False,True,False,True,20.0,0.0,0.0,0.0,0.0,0,1.0,1.0,False,False,False,False,0.34282743146362704,0.34282743146362704,False,False,False,False,0.0,0.0,False,False,False,False,0.0,False,False,False,False
2024-08-08 17:00:00+00:00,28.41,28.41,28.41,28.41,0.0,,,,,,,,,,,,,,,,,,,,,,,,,,,,,,,,,,,,,,,,,"rgba(38, 166, 154, 0.5)",0.04497566909797675,,,100.0,50.0,False,False,True,False,True,20.0,0.0,0.0,0.0,0.0,0,1.0,1.0,False,False,False,False,0.34282743146362704,0.34282743146362704,False,False,False,False,0.0,0.0,False,False,False,False,0.0,False,False,False,False
2024-08-09 17:00:00+00:00,28.41,28.41,28.07,28.07,100.0,,,,,,,,,,,,,,,,,,,,,,,,,,,,,,,,,,,,,,,,,"rgba(38, 166, 154, 0.5)",0.055890175448924814,28.18333333333334,-2.0277863224263797,66.84666050261737,20.16199445235563,False,False,True,False,False,0.0,0.0,0.0,0.0,0.0,0,0.20930232558139517,1.0,False,False,False,False,-0.34282825441539394,-4.114758834494747e-07,False,False,False,False,-100.0,-1.550387596899225,False,False,False,False,1.550387596899225,True,False,False,False
2024-08-12 17:00:00+00:00,28.17,28.17,28.17,28.17,0.0,,,,,,,,,,,,,,,,,,,,,,,,,,,,,,,,,,,,,,,,,"rgba(239, 83, 80, 0.5)",0.0597556586336274,28.18333333333334,-0.22313089066740968,52.953489551774354,9.647340966439877,False,False,False,True,False,0.0,0.0,0.0,0.0,0.0,0,0.3584905660377375,1.2641509433962201,False,False,False,False,-0.34282825441539394,-0.17141433294563868,False,False,False,False,-100.0,-3.07673817679226,False,False,False,False,1.5263505798930352,False,False,False,False
2024-08-13 17:00:00+00:00,28.17,28.17,28.17,28.17,0.0,,,,,,,,,,,,,,,,,,,,,,,,,,,,,,,,,,,,,,,,,"rgba(239, 83, 80, 0.5)",0.06332185766113863,28.18333333333334,-0.21056446898148717,43.691375584545675,3.205935516900894,False,False,False,True,False,0.0,0.0,0.0,0.0,0.0,0,0.3584905660377375,1.2641509433962201,False,False,False,False,-0.34282825441539394,-0.2571212936805163,False,False,False,False,-100.0,-4.5794244066094345,False,False,False,False,1.5026862298171741,False,False,False,False
2024-08-14 17:00:00+00:00,28.17,28.17,28.17,28.17,0.0,,,,,,,,,,,,,,,,,,,,,,,,,,,,,,,,,,,,,,,,,"rgba(239, 83, 80, 0.5)",0.06663684017469823,28.18333333333334,-0.20008951952679158,37.516632939726556,-0.9266618094091186,False,False,False,True,False,0.0,0.0,0.0,0.0,0.0,0,0.3584905660377375,1.2641509433962201,False,False,False,False,-0.34282825441539394,-0.29997477404795514,False,False,False,False,-100.0,-6.0588131754992105,False,False,False,False,1.479388768889776,False,False,False,False
2024-08-15 17:00:00+00:00,28.17,28.17,28.17,28.17,0.0,,,,,,,,,,,,,,,,,,,,,,,,,,,,,,,,,,,,,,,,,"rgba(239, 83, 80, 0.5)",0.06973644076930606,28.18333333333334,-0.19119606888809748,33.400137843180474,-3.786802602489331,False,False,False,True,False,0.0,0.0,0.0,0.0,0.0,0,0.3584905660377375,1.2641509433962201,False,False,False,False,-0.34282825441539394,-0.3214015142316745,False,False,False,False,-100.0,-7.5152656844062,False,False,False,False,1.4564525089069886,False,False,False,False
2024-08-16 17:00:00+00:00,28.17,28.17,28.17,28.17,0.0,,,,,,,,,,,,,,,,,,,,,,,,,,,,,,,,,,,,,,,,,"rgba(239, 83, 80, 0.5)",0.0726482330532923,28.18333333333334,-0.18353279595331778,30.655807778816424,-5.965155288372031,False,False,False,True,False,0.0,0.0,0.0,0.0,0.0,0,0.3584905660377375,1.2641509433962201,False,False,False,False,-0.34282825441539394,-0.3321148843235342,False,False,False,False,-100.0,-8.949137534260366,False,False,False,False,1.4338718498541672,False,False,False,False
2024-08-19 17:00:00+00:00,28.17,28.17,28.17,28.17,0.0,,,,,,,,,,,,,,,,,,,,,,,,,,,,,,,,,,,,,,,,,"rgba(239, 83, 80, 0.5)",0.07539398021229475,28.18333333333334,-0.17684877885203704,28.826254402573724,-7.784689282074865,False,False,False,True,False,0.0,0.0,0.0,0.0,0.0,0,0.3584905660377375,1.2641509433962201,False,False,False,False,-0.34282825441539394,-0.3374715693694641,False,False,False,False,-100.0,-10.360778812798966,False,False,False,False,1.4116412785385986,False,False,False,False
2024-08-20 17:00:00+00:00,28.17,28.17,28.17,28.17,0.0,,,,,,,,,,,,,,,,,,,,,,,,,,,,,,,,,,,,,,,,,"rgba(239, 83, 80, 1.0)",0.07799122149723131,28.18333333333334,-0.17095941155136676,27.606552151745255,-9.411571155609025,False,True,False,True,False,0.0,0.0,0.0,0.0,0.0,0,0.3584905660377375,1.2641509433962201,False,False,False,False,-0.34282825441539394,-0.34014991189242905,False,False,False,False,-100.0,-11.750534180042393,False,False,False,False,1.3897553672434264,False,False,False,False
2024-08-21 17:00:00+00:00,28.17,28.17,28.17,28.17,0.0,,,,,,,,,,,,,,,,,,,,,,,,,,,,,,,,,,,,,,,,,"rgba(239, 83, 80, 1.0)",0.0804543404727202,28.18333333333334,-0.16572546931585286,26.793417317859607,-10.923262532343571,False,True,False,True,False,0.0,0.0,0.0,0.0,0.0,0,0.3584905660377375,1.2641509433962201,False,False,False,False,-0.34282825441539394,-0.34148908315391147,False,False,False,False,-100.0,-13.118742952444837,False,False,False,False,1.368208772402443,False,False,False,False
2024-08-22 17:00:00+00:00,28.17,28.17,28.17,28.17,0.0,,,,,,,,,,,,,,,,,,,,,,,,,,,,,,,,,,,,,,,,,"rgba(239, 83, 80, 1.0)",0.08279530821889879,28.18333333333334,-0.16103972097171945,26.251327428602508,-12.349552426090135,False,True,False,True,False,0.0,0.0,0.0,0.0,0.0,0,0.3584905660377375,1.2641509433962201,False,False,False,False,-0.34282825441539394,-0.34215866878465273,False,False,False,False,-100.0,-14.465739185740265,False,False,False,False,1.3469962332954284,False,False,False,False
2024-08-23 17:00:00+00:00,28.17,28.17,28.17,28.17,0.0,,,,,,,,,,,,,,,,,,,,,,,,,,,,,,,,,,,,,,,,,"rgba(239, 83, 80, 1.0)",0.08502421488679797,28.18333333333334,-0.1568180706060161,25.889934169097778,-13.696659168329944,False,True,False,True,False,0.0,0.0,0.0,0.0,0.0,0,0.3584905660377375,1.2641509433962201,False,False,False,False,-0.34282825441539394,-0.34249346160002336,False,False,False,False,-100.0,-15.79185175650398,False,False,False,False,1.3261125707637162,False,False,False,False
2024-08-26 17:00:00+00:00,29.08,29.08,29.08,29.08,0.0,,,,,,,,,,,,,,,,,,,,,,,,,,,,,,,,,,,,,,,,,#000000,0.12081524872433982,28.18333333333334,7.421800444350799,47.59409369279527,-13.942336026693418,False,True,False,False,True,20.0,0.0,0.0,0.0,0.0,0,0.7638888888888886,1.0972222222222203,False,False,False,False,0.34282817302445845,0.00016735571221754286,False,False,False,False,-100.0,-17.097404442449655,False,False,False,False,1.305552685945674,False,False,False,False
2024-08-27 17:00:00+00:00,29.08,29.08,29.08,29.08,0.0,,,,,,,,,,,,,,,,,,,,,,,,,,,,,,,,,,,,,,,,,"rgba(38, 166, 154, 0.5)",0.1474970758604647,28.18333333333334,6.0792165636891875,62.06353337526027,-1.1771178801218696,False,True,True,False,True,20.0,0.0,0.0,0.0,0.0,0,0.7638888888888886,1.0972222222222203,False,False,False,False,0.34282817302445845,0.171497764368338,False,False,False,False,-100.0,-18.38271600148144,False,False,False,False,1.2853115590317876,False,False,False,False
2024-08-28 17:00:00+00:00,29.08,29.08,29.08,29.08,0.0,,,,,,,,,,,,,,,,,,,,,,,,,,,,,,,,,,,,,,,,,"rgba(38, 166, 154, 0.5)",0.1694293549132118,28.18333333333334,5.292274571463515,71.7098264969036,6.9434701966006,False,True,True,False,True,20.0,0.0,0.0,0.0,0.0,0,0.7638888888888886,1.0972222222222203,False,False,False,False,0.34282817302445845,0.2571629686963982,False,False,False,False,-100.0,-19.648100249520486,False,False,False,False,1.2653842480390467,False,False,False,False
2024-08-29 17:00:00+00:00,29.08,29.08,29.08,29.08,0.0,,,,,,,,,,,,,,,,,,,,,,,,,,,,,,,,,,,,,,,,,"rgba(38, 166, 154, 0.5)",0.1882792635450922,28.18333333333334,4.7624292223339255,78.14068857799916,12.345449092849364,False,False,True,False,True,20.0,0.0,0.0,0.0,0.0,0,0.7638888888888886,1.0972222222222203,False,False,False,False,0.34282817302445845,0.29999557086042833,False,False,False,False,-100.0,-20.893866137124817,False,False,False,False,1.2457658876043327,False,False,False,False
2024-08-30 17:00:00+00:00,29.08,29.08,29.08,29.08,0.0,,,,,,,,,,,,,,,,,,,,,,,,,,,,,,,,,,,,,,,,,"rgba(38, 166, 154, 0.5)",0.20489927211123357,28.18333333333334,4.376133977576478,82.4279299653962,16.17729068261076,False,False,True,False,True,20.0,0.0,0.0,0.0,0.0,0,0.7638888888888886,1.0972222222222203,False,False,False,False,0.34282817302445845,0.32141187194244336,False,False,False,False,-100.0,-22.12031782492133,False,False,False,False,1.2264516877965135,False,False,False,False
2024-09-02 17:00:00+00:00,29.08,29.08,29.08,29.08,0.0,,,,,,,,,,,,,,,,,,,,,,,,,,,,,,,,,,,,,,,,,"rgba(38, 166, 154, 0.5)",0.21979581023804862,28.18333333333334,4.079543944425182,85.28609089032756,19.108205215873568,False,False,True,False,True,20.0,0.0,0.0,0.0,0.0,0,0.7638888888888886,1.0972222222222203,False,False,False,False,0.34282817302445845,0.3321200224834509,False,False,False,False,-100.0,-23.327754757868284,False,False,False,False,1.2074369329469552,False,False,False,False
2024-09-03 17:00:00+00:00,29.08,29.08,29.08,29.08,0.0,,,,,,,,,,,,,,,,,,,,,,,,,,,,,,,,,,,,,,,,,"rgba(38, 166, 154, 1.0)",0.23329925105011184,28.18333333333334,3.8434185391964966,87.19153150694846,21.516779507142687,True,False,True,False,True,20.0,0.0,0.0,0.0,0.0,0,0.7638888888888886,1.0972222222222203,False,False,False,False,0.34282817302445845,0.33747409775395465,False,False,False,False,-100.0,-24.516471738366448,False,False,False,False,1.1887169804981652,False,False,False,False
2024-09-04 17:00:00+00:00,29.08,29.08,29.08,29.08,0.0,,,,,,,,,,,,,,,,,,,,,,,,,,,,,,,,,,,,,,,,,"rgba(38, 166, 154, 1.0)",0.2456394486615328,28.18333333333334,3.6503365870283186,88.4618252513624,23.609039508882304,True,False,True,False,True,20.0,0.0,0.0,0.0,0.0,0,0.7638888888888886,1.0972222222222203,False,False,False,False,0.34282817302445845,0.34015113538920655,False,False,False,False,-100.0,-25.686758998236733,False,False,False,False,1.1702872598702867,False,False,False,False
2024-09-05 17:00:00+00:00,29.08,29.08,29.08,29.08,0.0,,,,,,,,,,,,,,,,,,,,,,,,,,,,,,,,,,,,,,,,,"rgba(38, 166, 154, 1.0)",0.25698403217475674,28.18333333333334,3.489192145825223,89.30868774763836,25.49138558991831,True,False,True,False,True,20.0,0.0,0.0,0.0,0.0,0,0.7638888888888886,1.0972222222222203,False,False,False,False,0.34282817302445845,0.3414896542068325,False,False,False,False,-100.0,-26.838902269581897,False,False,False,False,1.152143271345166,False,False,False,False
2024-09-06 17:00:00+00:00,29.08,29.08,29.08,29.08,0.0,,,,,,,,,,,,,,,,,,,,,,,,,,,,,,,,,,,,,,,,,"rgba(38, 166, 154, 1.0)",0.26745972164553455,28.18333333333334,3.352529723541003,89.87326274515567,27.21490466823913,True,False,True,False,True,20.0,0.0,0.0,0.0,0.0,0,0.7638888888888886,1.0972222222222203,False,False,False,False,0.34282817302445845,0.3421589136156455,False,False,False,False,-100.0,-27.97318285454962,False,False,False,False,1.1342805849677216,False,False,False,False
2024-09-09 17:00:00+00:00,29.08,29.08,29.08,29.08,0.0,,,,,,,,,,,,,,,,,,,,,,,,,,,,,,,,,,,,,,,,,"rgba(38, 166, 154, 1.0)",0.27716505636258165,28.18333333333334,3.235136053708216,90.24964607683387,28.801708201540407,True,False,True,False,True,20.0,0.0,0.0,0.0,0.0,0,0.7638888888888886,1.0972222222222203,False,False,False,False,0.34282817302445845,0.342493543320052,False,False,False,False,-100.0,-29.089877694013964,False,False,False,False,1.116694839464346,False,False,False,False
2024-09-10 17:00:00+00:00,29.08,29.08,29.08,29.08,0.0,,,,,,,,,,,,,,,,,,,,,,,,,,,,,,,,,,,,,,,,,"rgba(38, 166, 154, 1.0)",0.2861784235229748,28.18333333333334,3.133243434736693,90.50056829795267,30.260124644597838,True,False,True,False,True,20.0,0.0,0.0,0.0,0.0,0,0.7638888888888886,1.0972222222222203,False,False,False,False,0.34282817302445845,0.3426608581722552,False,False,False,False,-100.0,-30.189259435192042,False,False,False,False,1.0993817411780769,False,False,False,False
2024-09-11 17:00:00+00:00,29.08,29.08,29.08,29.08,0.0,,,,,,,,,,,,,,,,,,,,,,,,,,,,,,,,,,,,,,,,,"rgba(38, 166, 154, 1.0)",0.29456335068635586,28.18333333333334,3.0440537309796127,90.66784977869854,31.593092025444037,True,False,True,False,True,20.0,0.0,0.0,0.0,0.0,0,0.7638888888888886,1.0972222222222203,False,False,False,False,0.34282817302445845,0.34274451559835684,False,False,False,False,-100.0,-31.27159649821232,False,False,False,False,1.082337063020277,False,False,False,False
2024-09-12 17:00:00+00:00,29.08,29.08,29.08,29.08,0.0,,,,,,,,,,,,,,,,,,,,,,,,,,,,,,,,,,,,,,,,,"rgba(38, 166, 154, 1.0)",0.3023721232205556,28.18333333333334,2.9654409180194596,90.77937076586245,32.802490200085956,True,False,True,False,True,20.0,0.0,0.0,0.0,0.0,0,0.7638888888888886,1.0972222222222203,False,False,False,False,0.34282817302445845,0.34278634431140764,False,False,False,False,-100.0,-32.33715314165089,False,False,False,False,1.0655566434385673,False,False,False,False
2024-09-13 17:00:00+00:00,29.08,29.08,29.08,29.08,0.0,,,,,,,,,,,,,,,,,,,,,,,,,,,,,,,,,,,,,,,,,"rgba(38, 166, 154, 1.0)",0.30964833293608507,28.18333333333334,2.8957580948828805,90.8537180906384,33.891119415001285,True,False,True,False,True,20.0,0.0,0.0,0.0,0.0,0,0.7638888888888886,1.0972222222222203,False,False,False,False,0.34282817302445845,0.34280725866793305,False,False,False,False,-100.0,-33.38618952705165,False,False,False,False,1.04903638540076,False,False,False,False
2024-09-16 17:00:00+00:00,29.08,29.08,29.08,29.08,0.0,,,,,,,,,,,,,,,,,,,,,,,,,,,,,,,,,,,,,,,,,"rgba(38, 166, 154, 1.0)",0.31642872046503956,28.18333333333334,2.833708221393024,90.90328297382236,34.86337216658154,True,False,True,False,True,20.0,0.0,0.0,0.0,0.0,0,0.7638888888888886,1.0972222222222203,False,False,False,False,0.34282817302445845,0.34281771584619575,False,False,False,False,-100.0,-34.418961782446196,False,False,False,False,1.0327722553945466,False,False,False,False
2024-09-17 17:00:00+00:00,29.08,29.08,29.08,29.08,0.0,,,,,,,,,,,,,,,,,,,,,,,,,,,,,,,,,,,,,,,,,"rgba(38, 166, 154, 1.0)",0.3227445368027838,28.18333333333334,2.778255135003492,90.93632622927834,35.725227764555186,True,False,True,False,True,20.0,0.0,0.0,0.0,0.0,0,0.7638888888888886,1.0972222222222203,False,False,False,False,0.34282817302445845,0.3428229444353271,False,False,False,False,-100.0,-35.43572206488889,False,False,False,False,1.0167602824426931,False,False,False,False
2024-09-18 17:00:00+00:00,29.08,29.08,29.08,29.08,0.0,,,,,,,,,,,,,,,,,,,,,,,,,,,,,,,,,,,,,,,,,"rgba(38, 166, 154, 1.0)",0.32862256890359903,28.18333333333334,2.728560821790951,90.95835506624898,36.483937555629,True,False,True,False,True,20.0,0.0,0.0,0.0,0.0,0,0.7638888888888886,1.0972222222222203,False,False,False,False,0.34282817302445845,0.3428255587298928,False,False,False,False,-100.0,-36.4367186220224,False,False,False,False,1.000996557133504,False,False,False,False
2024-09-19 17:00:00+00:00,29.08,29.08,29.08,29.08,0.0,,,,,,,,,,,,,,,,,,,,,,,,,,,,,,,,,,,,,,,,,"rgba(38, 166, 154, 1.0)",0.3340859251830489,28.18333333333334,2.6839402652936224,90.97304095756274,37.14760736886221,True,False,True,False,True,20.0,0.0,0.0,0.0,0.0,0,0.7638888888888886,1.0972222222222203,False,False,False,False,0.34282817302445845,0.3428268658771756,False,False,False,False,-100.0,-37.422195852688716,False,False,False,False,0.9854772306663179,False,False,False,False
2024-09-20 17:00:00+00:00,29.08,29.08,29.08,29.08,0.0,,,,,,,,,,,,,,,,,,,,,,,,,,,,,,,,,,,,,,,,,"rgba(38, 166, 154, 1.0)",0.33915464595650574,28.18333333333334,2.643828346027284,90.98283155177192,37.72478595722694,True,False,True,False,True,20.0,0.0,0.0,0.0,0.0,0,0.7638888888888886,1.0972222222222203,False,False,False,False,0.34282817302445845,0.342827519450817,False,False,False,False,-100.0,-38.39239436660052,False,False,False,False,0.9701985139118013,False,False,False,False
2024-09-23 17:00:00+00:00,29.08,29.08,29.08,29.08,0.0,,,,,,,,,,,,,,,,,,,,,,,,,,,,,,,,,,,,,,,,,"rgba(38, 166, 154, 1.0)",0.3438461839227063,28.18333333333334,2.6077551783102546,90.98935861457804,38.2241104537938,True,False,True,False,True,20.0,0.0,0.0,0.0,0.0,0,0.7638888888888886,1.0972222222222203,False,False,False,False,0.34282817302445845,0.34282784623763773,False,False,False,False,-100.0,-39.347551043087336,False,False,False,False,0.9551566764868121,False,False,False,False
2024-09-24 17:00:00+00:00,29.08,29.08,29.08,29.08,0.0,,,,,,,,,,,,,,,,,,,,,,,,,,,,,,,,,,,,,,,,,"rgba(38, 166, 154, 1.0)",0.34817578660554255,28.18333333333334,2.575327467221363,90.99370998978212,38.654026975515706,True,False,True,False,True,20.0,0.0,0.0,0.0,0.0,0,0.7638888888888886,1.0972222222222203,False,False,False,False,0.34282817302445845,0.3428280096310481,False,False,False,False,-100.0,-40.28789908893094,False,False,False,False,0.9403480458436058,False,False,False,False
2024-09-25 17:00:00+00:00,29.08,29.08,29.08,29.08,0.0,,,,,,,,,,,,,,,,,,,,,,,,,,,,,,,,,,,,,,,,,"rgba(38, 166, 154, 1.0)",0.3521568037315549,28.18333333333334,2.5462142351512718,90.99661090658483,39.02258681498023,True,False,True,False,True,20.0,0.0,0.0,0.0,0.0,0,0.7638888888888886,1.0972222222222203,False,False,False,False,0.34282817302445845,0.34282809132775327,False,False,False,False,-100.0,-41.21366809530411,False,False,False,False,0.9257690063731623,False,False,False,False
2024-09-26 17:00:00+00:00,29.08,29.08,29.08,29.08,0.0,,,,,,,,,,,,,,,,,,,,,,,,,,,,,,,,,,,,,,,,,"rgba(38, 166, 154, 1.0)",0.3558009363482862,28.18333333333334,2.5201357699321205,90.99854485111999,39.33731003922959,True,False,True,False,True,20.0,0.0,0.0,0.0,0.0,0,0.7638888888888886,1.0972222222222203,False,False,False,False,0.34282817302445845,0.34282813217610586,False,False,False,False,-100.0,-42.12508409382653,False,False,False,False,0.9114159985224155,False,False,False,False
2024-09-27 17:00:00+00:00,29.08,29.08,29.08,29.08,0.0,,,,,,,,,,,,,,,,,,,,,,,,,,,,,,,,,,,,,,,,,"rgba(38, 166, 154, 1.0)",0.35911844014762795,28.18333333333334,2.496854982712812,90.99983414747675,39.6051049374434,True,False,True,False,True,20.0,0.0,0.0,0.0,0.0,0,0.7638888888888886,1.0972222222222203,False,False,False,False,0.34282817302445845,0.34282815260028215,False,False,False,False,-100.0,-43.0223696117517,False,False,False,False,0.8972855179251688,False,False,False,False
2024-09-30 17:00:00+00:00,29.08,29.08,29.08,29.08,0.0,,,,,,,,,,,,,,,,,,,,,,,,,,,,,,,,,,,,,,,,,"rgba(38, 166, 154, 1.0)",0.3621182923544039,28.18333333333334,2.4761705928655298,91.00069367838125,39.832231268847295,True,False,True,False,True,20.0,0.0,0.0,0.0,0.0,0,0.7638888888888886,1.0972222222222203,False,False,False,False,0.34282817302445845,0.3428281628123703,False,False,False,False,-100.0,-43.905743726298184,False,False,False,False,0.883374114546484,False,False,False,False
2024-10-01 17:00:00+00:00,29.08,29.08,29.08,29.08,0.0,,,,,,,,,,,,,,,,,,,,,,,,,,,,,,,,,,,,,,,,,"rgba(38, 166, 154, 1.0)",0.36480832928694146,28.18333333333334,2.457911716049062,91.00126669898427,40.024296236090976,True,False,True,False,True,20.0,0.0,0.0,0.0,0.0,0,0.7638888888888886,1.0972222222222203,False,False,False,False,0.34282817302445845,0.34282816791841436,False,False,False,False,-100.0,-44.77542211813852,False,False,False,False,0.8696783918403369,False,False,False,False
2024-10-02 17:00:00+00:00,29.08,29.5,29.08,29.5,16.0,,,,,,,,,,,,,,,,,,,,,,,,,,,,,,,,,,,,,,,,,"rgba(38, 166, 154, 1.0)",0.37736726680260346,29.36,0.3709913718436872,93.72224992997783,42.63481480835094,True,False,True,False,True,20.0,0.0,0.0,0.0,0.0,0,0.8172043010752689,0.8494623655913953,False,False,False,False,0.3428281882852571,0.34282817810183575,False,False,False,False,-84.0,-45.38355510855498,False,True,False,False,1.1042570214242078,False,False,False,False
2024-10-03 17:00:00+00:00,29.5,29.5,29.5,29.5,0.0,,,,,,,,,,,,,,,,,,,,,,,,,,,,,,,,,,,,,,,,,"rgba(38, 166, 154, 1.0)",0.38887687669137555,29.36,0.36001112020632897,95.53623875064021,44.24020477022265,True,False,True,False,True,20.0,0.0,0.0,0.0,0.0,0,1.0430107526881731,0.8494623655913953,False,False,False,False,0.3428281987268567,0.34282818841434626,False,False,False,False,-84.0,-45.98225968051537,False,True,False,False,1.0871367575261581,False,False,False,False
2024-10-04 17:00:00+00:00,29.5,29.5,29.5,29.5,0.0,,,,,,,,,,,,,,,,,,,,,,,,,,,,,,,,,,,,,,,,,"rgba(38, 166, 154, 1.0)",0.39942787913545247,29.36,0.35050132279956425,96.74556463108179,45.24693615221075,True,False,True,False,True,20.0,0.0,0.0,0.0,0.0,0,1.0430107526881731,0.8494623655913953,False,False,False,False,0.3428281987268567,0.34282819357060146,False,False,False,False,-84.0,-46.571682011050015,False,True,False,False,1.07028192407614,False,False,False,False
2024-10-07 17:00:00+00:00,29.5,29.5,29.5,29.5,0.0,,,,,,,,,,,,,,,,,,,,,,,,,,,,,,,,,,,,,,,,,"rgba(38, 166, 154, 1.0)",0.40909445152713336,29.36,0.3422192588469145,97.55178188470951,45.90281634062032,True,False,True,False,True,20.0,0.0,0.0,0.0,0.0,0,1.0430107526881731,0.8494623655913953,False,False,False,False,0.3428281987268567,0.34282819614872906,False,False,False,False,-84.0,-47.151966010878695,False,True,False,False,1.0536884058734093,False,False,False,False
2024-10-08 17:00:00+00:00,29.5,29.5,29.5,29.5,0.0,,,,,,,,,,,,,,,,,,,,,,,,,,,,,,,,,,,,,,,,,"rgba(38, 166, 154, 1.0)",0.4188766616292608,29.36,0.33422726263969255,98.08926005379466,46.3562895928209,True,False,True,False,True,20.0,0.0,0.0,0.0,0.0,0,1.0430107526881731,0.8494623655913953,False,False,False,False,0.3428281987268567,0.3428281974377929,False,False,False,False,-84.0,-47.72325335954724,False,False,False,False,1.0373521515187827,False,False,False,False
2024-10-09 17:00:00+00:00,29.5,29.5,29.5,29.5,0.0,,,,,,,,,,,,,,,,,,,,,,,,,,,,,,,,,,,,,,,,,"rgba(38, 166, 154, 1.0)",0.427935627052619,29.36,0.32715200873608535,98.44757883318476,46.69433216590481,True,False,True,False,True,20.0,0.0,0.0,0.0,0.0,0,1.0430107526881731,0.8494623655913953,False,False,False,False,0.3428281987268567,0.3428281980823248,False,False,False,False,-84.0,-48.28568354001938,False,False,False,False,1.021269172425468,False,False,False,False
2024-10-10 17:00:00+00:00,29.5,29.5,29.5,29.5,0.0,,,,,,,,,,,,,,,,,,,,,,,,,,,,,,,,,,,,,,,,,"rgba(38, 166, 154, 1.0)",0.43631639895839125,29.36,0.32086806806762147,98.68645801944483,46.96647652819411,True,False,True,False,True,20.0,0.0,0.0,0.0,0.0,0,1.0430107526881731,0.8494623655913953,False,False,False,False,0.3428281987268567,0.3428281984045908,False,False,False,False,-84.0,-48.83939387273226,False,False,False,False,1.0054355418452283,False,False,False,False
2024-10-11 17:00:00+00:00,29.5,29.5,29.5,29.5,0.0,,,,,,,,,,,,,,,,,,,,,,,,,,,,,,,,,,,,,,,,,"rgba(38, 166, 154, 1.0)",0.44405737799857997,29.36,0.3152745724685342,98.84571081028487,47.19989301225888,True,False,True,False,True,20.0,0.0,0.0,0.0,0.0,0,1.0430107526881731,0.8494623655913953,False,False,False,False,0.3428281987268567,0.3428281985657238,False,False,False,False,-84.0,-49.38451954912401,False,False,False,False,0.9898473939096434,False,False,False,False
2024-10-14 17:00:00+00:00,29.5,29.5,29.5,29.5,0.0,,,,,,,,,,,,,,,,,,,,,,,,,,,,,,,,,,,,,,,,,"rgba(38, 166, 154, 1.0)",0.451191495670946,29.36,0.31028953635709167,98.95187933751157,47.40874216234779,True,False,True,False,True,20.0,0.0,0.0,0.0,0.0,0,1.0430107526881731,0.8494623655913953,False,False,False,False,0.3428281987268567,0.3428281986462902,False,False,False,False,-84.0,-49.921193664641464,False,False,False,False,0.974500922686238,False,False,False,False
2024-10-15 17:00:00+00:00,29.5,29.5,29.5,29.5,0.0,,,,,,,,,,,,,,,,,,,,,,,,,,,,,,,,,,,,,,,,,"rgba(38, 166, 154, 1.0)",0.4577471271700705,29.36,0.30584572068321303,99.0226583556627,47.599884364322165,True,False,True,False,True,20.0,0.0,0.0,0.0,0.0,0,1.0430107526881731,0.8494623655913953,False,False,False,False,0.3428281987268567,0.34282819868657344,False,False,False,False,-84.0,-50.44954725123617,False,False,False,False,0.9593923812492421,False,False,False,False
2024-10-16 17:00:00+00:00,29.5,29.5,29.5,29.5,0.0,,,,,,,,,,,,,,,,,,,,,,,,,,,,,,,,,,,,,,,,,"rgba(38, 166, 154, 1.0)",0.46374880587983824,29.36,0.3018875697898312,99.06984436776345,47.77629517251334,True,False,True,False,True,20.0,0.0,0.0,0.0,0.0,0,1.0430107526881731,0.8494623655913953,False,False,False,False,0.3428281987268567,0.3428281987067151,False,False,False,False,-84.0,-50.96970930935654,False,False,False,False,0.9445180807647577,False,False,False,False
2024-10-17 17:00:00+00:00,29.5,29.5,29.5,29.5,0.0,,,,,,,,,,,,,,,,,,,,,,,,,,,,,,,,,,,,,,,,,"rgba(38, 166, 154, 1.0)",0.46921778880745235,29.36,0.29836890957569984,99.10130170916396,47.93905261708167,True,False,True,False,True,20.0,0.0,0.0,0.0,0.0,0,1.0430107526881731,0.8494623655913953,False,False,False,False,0.3428281987268567,0.34282819871678594,False,False,False,False,-84.0,-51.48180683944403,False,False,False,False,0.9298743895901103,False,False,False,False
2024-10-18 17:00:00+00:00,29.5,29.5,29.5,29.5,0.0,,,,,,,,,,,,,,,,,,,,,,,,,,,,,,,,,,,,,,,,,"rgba(38, 166, 154, 1.0)",0.4741725082368124,29.36,0.2952511956473053,99.12227327009764,48.08844905163268,True,False,True,False,True,20.0,0.0,0.0,0.0,0.0,0,1.0430107526881731,0.8494623655913953,False,False,False,False,0.3428281987268567,0.34282819872182135,False,False,False,False,-84.0,-51.985964872941025,False,False,False,False,0.9154577323871628,False,False,False,False
2024-10-21 17:00:00+00:00,29.5,29.5,29.5,29.5,0.0,,,,,,,,,,,,,,,,,,,,,,,,,,,,,,,,,,,,,,,,,"rgba(38, 166, 154, 1.0)",0.47862893524909333,29.36,0.2925021654345662,99.13625431072008,48.22457687604657,True,False,True,False,True,20.0,0.0,0.0,0.0,0.0,0,1.0430107526881731,0.8494623655913953,False,False,False,False,0.3428281987268567,0.342828198724339,False,False,False,False,-84.0,-52.48230650281791,False,False,False,False,0.9012645892493772,False,False,False,False
2024-10-22 17:00:00+00:00,29.5,29.5,29.5,29.5,0.0,,,,,,,,,,,,,,,,,,,,,,,,,,,,,,,,,,,,,,,,,"rgba(38, 166, 154, 1.0)",0.48260087401871493,29.36,0.2900947916529705,99.14557500446837,48.3476065394335,True,False,True,False,True,20.0,0.0,0.0,0.0,0.0,0,1.0430107526881731,0.8494623655913953,False,False,False,False,0.3428281987268567,0.3428281987255979,False,False,False,False,-84.0,-52.97095291362694,False,False,False,False,0.8872914948424101,False,False,False,False
2024-10-23 17:00:00+00:00,29.5,29.5,29.5,29.5,0.0,,,,,,,,,,,,,,,,,,,,,,,,,,,,,,,,,,,,,,,,,"rgba(38, 166, 154, 1.0)",0.486100200992995,29.36,0.28800646392248264,99.15178880030057,48.4578914348526,True,False,True,False,True,20.0,0.0,0.0,0.0,0.0,0,1.0430107526881731,0.8494623655913953,False,False,False,False,0.3428281987268567,0.3428281987262273,False,False,False,False,-84.0,-53.45202341109009,False,False,False,False,0.8735350375580316,False,False,False,False
2024-10-24 17:00:00+00:00,29.5,29.5,29.5,29.5,0.0,,,,,,,,,,,,,,,,,,,,,,,,,,,,,,,,,,,,,,,,,"rgba(38, 166, 154, 1.0)",0.48913705958870934,29.36,0.28621834566720317,99.15593133085537,48.55598111070546,True,False,True,False,True,20.0,0.0,0.0,0.0,0.0,0,1.0430107526881731,0.8494623655913953,False,False,False,False,0.3428281987268567,0.342828198726542,False,False,False,False,-84.0,-53.925635451228224,False,False,False,False,0.8599918586811629,False,False,False,False
2024-10-25 17:00:00+00:00,29.5,29.5,29.5,29.5,0.0,,,,,,,,,,,,,,,,,,,,,,,,,,,,,,,,,,,,,,,,,"rgba(38, 166, 154, 1.0)",0.49172001848267566,29.36,0.2847148676842675,99.1586930178919,48.64259081083509,True,False,True,False,True,20.0,0.0,0.0,0.0,0.0,0,1.0430107526881731,0.8494623655913953,False,False,False,False,0.3428281987268567,0.34282819872669934,False,False,False,False,-84.0,-54.39190466903864,False,False,False,False,0.846658651569827,False,False,False,False
2024-10-28 17:00:00+00:00,29.5,29.5,29.5,29.5,0.0,,,,,,,,,,,,,,,,,,,,,,,,,,,,,,,,,,,,,,,,,"rgba(38, 166, 154, 1.0)",0.49385619966339694,29.36,0.28348332995601133,99.16053414258293,48.718554639718874,True,False,True,False,True,20.0,0.0,0.0,0.0,0.0,0,1.0430107526881731,0.8494623655913953,False,False,False,False,0.3428281987268567,0.34282819872677806,False,False,False,False,-84.0,-54.85094490672796,False,False,False,False,0.8335321608478141,False,False,False,False
2024-10-29 17:00:00+00:00,29.5,29.5,29.5,29.5,0.0,,,,,,,,,,,,,,,,,,,,,,,,,,,,,,,,,,,,,,,,,"rgba(38, 166, 154, 1.0)",0.4955513809598345,29.36,0.28251359067718523,99.16176155904361,48.78477702533141,True,False,True,False,True,20.0,0.0,0.0,0.0,0.0,0,1.0430107526881731,0.8494623655913953,False,False,False,False,0.3428281987268567,0.34282819872681736,False,False,False,False,-84.0,-55.302868241507376,False,False,False,False,0.8206091816098635,False,False,False,False
2024-10-30 17:00:00+00:00,29.5,29.5,29.5,29.5,0.0,,,,,,,,,,,,,,,,,,,,,,,,,,,,,,,,,,,,,,,,,"rgba(38, 166, 154, 1.0)",0.4968100766412461,29.36,0.28179782694121286,99.16257983668406,48.84218963681349,True,False,True,False,True,20.0,0.0,0.0,0.0,0.0,0,1.0430107526881731,0.8494623655913953,False,False,False,False,0.3428281987268567,0.342828198726837,False,False,False,False,-84.0,-55.747785012956875,False,False,False,False,0.8078865586391679,False,False,False,False
2024-10-31 17:00:00+00:00,29.5,29.5,29.5,29.5,0.0,,,,,,,,,,,,,,,,,,,,,,,,,,,,,,,,,,,,,,,,,"rgba(38, 166, 154, 1.0)",0.4976355987961658,29.36,0.2813303556632115,99.16312535511103,48.89171658505123,True,False,True,False,True,20.0,0.0,0.0,0.0,0.0,0,1.0430107526881731,0.8494623655913953,False,False,False,False,0.3428281987268567,0.3428281987268469,False,False,False,False,-84.0,-56.185803849965296,False,False,False,False,0.7953611856370103,False,False,False,False
2024-11-01 17:00:00+00:00,29.5,29.5,29.42,29.42,100.0,,,,,,,,,,,,,,,,,,,,,,,,,,,,,,,,,,,,,,,,,"rgba(38, 166, 154, 0.5)",0.4969183230872553,29.446666666666665,-0.053664084071178945,76.10720759521195,28.64200367538038,False,True,True,False,False,20.0,0.0,0.0,0.0,0.0,0,1.0000000000000018,0.8556701030927809,False,False,False,False,0.3207117280986692,0.33176996341275805,False,False,False,False,-184.0,-58.16741929415188,False,False,False,False,2.3334176013635686,False,False,False,False
2024-11-04 17:00:00+00:00,29.42,29.42,29.42,29.42,0.0,,,,,,,,,,,,,,,,,,,,,,,,,,,,,,,,,,,,,,,,,"rgba(38, 166, 154, 0.5)",0.4958294533878333,29.446666666666665,-0.053781933454052605,60.736595755279204,16.155629054703695,False,True,True,False,False,20.0,0.0,0.0,0.0,0.0,0,1.0000000000000018,0.896907216494842,False,False,False,False,0.29889461160731334,0.3153322875100357,False,False,False,False,-184.0,-60.11831201827355,False,False,False,False,2.2972405842881645,False,False,False,False
2024-11-05 17:00:00+00:00,29.42,29.42,29.42,29.42,0.0,,,,,,,,,,,,,,,,,,,,,,,,,,,,,,,,,,,,,,,,,"rgba(239, 83, 80, 1.0)",0.4943665343349019,29.446666666666665,-0.053941083820610636,50.489521195324045,8.562412439090949,False,True,False,True,False,20.0,0.0,0.0,0.0,0.0,0,1.0000000000000018,0.896907216494842,False,False,False,False,0.29889461160731334,0.30711344955867453,False,False,False,False,-184.0,-62.03895834357163,False,False,False,False,2.2616244511984256,False,False,False,False
2024-11-06 17:00:00+00:00,29.42,29.42,29.42,29.42,0.0,,,,,,,,,,,,,,,,,,,,,,,,,,,,,,,,,,,,,,,,,"rgba(239, 83, 80, 1.0)",0.4925262328953883,29.446666666666665,-0.05414263218001564,43.65813815535394,3.7897211377463194,False,True,False,True,False,20.0,0.0,0.0,0.0,0.0,0,1.0000000000000018,0.896907216494842,False,False,False,False,0.29889461160731334,0.30300403058299397,False,False,False,False,-184.0,-63.92982720646199,False,False,False,False,2.226560506218605,False,False,False,False
2024-11-07 17:00:00+00:00,29.42,29.42,29.42,29.42,0.0,,,,,,,,,,,,,,,,,,,,,,,,,,,,,,,,,,,,,,,,,"rgba(239, 83, 80, 1.0)",0.490304299702072,29.446666666666665,-0.054387992687128045,39.10388279537386,0.6031907071888654,False,True,False,True,False,20.0,0.0,0.0,0.0,0.0,0,1.0000000000000018,0.896907216494842,False,False,False,False,0.29889461160731334,0.30094932109515365,False,False,False,False,-184.0,-65.79138027302847,False,False,False,False,2.192040188292735,False,False,False,False
2024-11-08 17:00:00+00:00,29.42,29.42,29.42,29.42,0.0,,,,,,,,,,,,,,,,,,,,,,,,,,,,,,,,,,,,,,,,,"rgba(239, 83, 80, 1.0)",0.4876955186578533,29.446666666666665,-0.054678924957216886,36.067712555387146,-1.7139908704413074,False,True,False,True,False,20.0,0.0,0.0,0.0,0.0,0,1.0000000000000018,0.896907216494842,False,False,False,False,0.29889461160731334,0.29992196635123347,False,False,False,False,-184.0,-67.62407205174121,False,False,False,False,2.1580550690943983,False,False,False,False
2024-11-11 17:00:00+00:00,29.42,29.42,29.42,29.42,0.0,,,,,,,,,,,,,,,,,,,,,,,,,,,,,,,,,,,,,,,,,"rgba(239, 83, 80, 1.0)",0.48469364337482523,29.446666666666665,-0.05501757044096771,34.043599062062675,-3.564272133491997,False,True,False,True,False,20.0,0.0,0.0,0.0,0.0,0,1.0000000000000018,0.896907216494842,False,False,False,False,0.29889461160731334,0.2994082889792734,False,False,False,False,-184.0,-69.4283500044274,False,False,False,False,2.1245968509689037,False,False,False,False
2024-11-12 17:00:00+00:00,29.42,29.42,29.42,29.42,0.0,,,,,,,,,,,,,,,,,,,,,,,,,,,,,,,,,,,,,,,,,"rgba(239, 83, 80, 1.0)",0.4812913185726171,29.446666666666665,-0.05540649838802416,32.69419006651302,-5.163172754289278,False,True,False,True,False,20.0,0.0,0.0,0.0,0.0,0,1.0000000000000018,0.896907216494842,False,False,False,False,0.29889461160731334,0.2991514502932934,False,False,False,False,-184.0,-71.20465465552155,False,False,False,False,2.09165736490737,False,False,False,False
2024-11-13 17:00:00+00:00,29.42,29.42,29.42,29.42,0.0,,,,,,,,,,,,,,,,,,,,,,,,,,,,,,,,,,,,,,,,,"rgba(239, 83, 80, 1.0)",0.47747998401521596,29.446666666666665,-0.05584876342337721,31.794584069479928,-6.6181982789454565,False,True,False,True,False,20.0,0.0,0.0,0.0,0.0,0,1.0000000000000018,0.896907216494842,False,False,False,False,0.29889461160731334,0.29902303095030336,False,False,False,False,-184.0,-72.95341969962199,False,False,False,False,2.059228568552217,False,False,False,False
2024-11-14 17:00:00+00:00,29.42,29.42,29.42,29.42,0.0,,,,,,,,,,,,,,,,,,,,,,,,,,,,,,,,,,,,,,,,,"rgba(239, 83, 80, 1.0)",0.4732497578798851,29.446666666666665,-0.05634797741076068,31.19484673812453,-7.976919080907074,False,True,False,True,False,20.0,0.0,0.0,0.0,0.0,0,1.0000000000000018,0.896907216494842,False,False,False,False,0.29889461160731334,0.29895882127880835,False,False,False,False,-184.0,-74.67507210737979,False,False,False,False,2.027302544233578,False,False,False,False
2024-11-15 17:00:00+00:00,29.42,29.42,29.42,29.42,0.0,,,,,,,,,,,,,,,,,,,,,,,,,,,,,,,,,,,,,,,,,"rgba(239, 83, 80, 1.0)",0.4685892955755234,29.446666666666665,-0.05690839914281783,30.795021850554257,-9.255640268147033,False,True,False,True,False,20.0,0.0,0.0,0.0,0.0,0,1.0000000000000018,0.896907216494842,False,False,False,False,0.29889461160731334,0.29892671644306085,False,False,False,False,-184.0,-76.370032229746,False,False,False,False,1.995871497036158,False,False,False,False
2024-11-18 17:00:00+00:00,29.42,29.42,29.42,29.42,0.0,,,,,,,,,,,,,,,,,,,,,,,,,,,,,,,,,,,,,,,,,"rgba(239, 83, 80, 1.0)",0.46348561889119816,29.446666666666665,-0.05753504656834595,30.52847192550741,-10.456002347729743,False,True,False,True,False,20.0,0.0,0.0,0.0,0.0,0,1.0000000000000018,0.896907216494842,False,False,False,False,0.29889461160731334,0.29891066402518707,False,False,False,False,-184.0,-78.03871390060266,False,False,False,False,1.9649277528960625,False,False,False,False
2024-11-19 17:00:00+00:00,29.42,29.42,29.42,29.42,0.0,,,,,,,,,,,,,,,,,,,,,,,,,,,,,,,,,,,,,,,,,"rgba(239, 83, 80, 1.0)",0.45792390886078993,29.446666666666665,-0.05823383787276865,30.350771975476178,-11.574193110731315,False,True,False,True,False,20.0,0.0,0.0,0.0,0.0,0,1.0000000000000018,0.896907216494842,False,False,False,False,0.29889461160731334,0.2989026378162502,False,False,False,False,-184.0,-79.68152453780262,False,False,False,False,1.9344637567271312,False,False,False,False
2024-11-20 17:00:00+00:00,30.08,30.08,30.08,30.08,0.0,,,,,,,,,,,,,,,,,,,,,,,,,,,,,,,,,,,,,,,,,"rgba(38, 166, 154, 0.5)",0.4640141346092347,29.446666666666665,1.3649009504132645,52.72192235485724,-6.665312080020648,False,True,True,False,True,20.0,0.0,0.0,0.0,0.0,0,1.0000000000000013,0.9230769230769205,False,False,False,False,0.3428282156375109,0.32086542672688056,False,False,False,False,-184.0,-81.29886524264289,False,True,False,False,1.904472070576323,False,False,False,False
2024-11-21 17:00:00+00:00,30.08,30.08,30.08,30.08,0.0,,,,,,,,,,,,,,,,,,,,,,,,,,,,,,,,,,,,,,,,,"rgba(38, 166, 154, 0.5)",0.4689551352943689,29.446666666666665,1.350520093858833,67.63602260777796,6.293059831508465,False,True,True,False,True,20.0,0.0,0.0,0.0,0.0,0,1.0000000000000013,0.9230769230769205,False,False,False,False,0.3428282156375109,0.3318468211821958,False,False,False,False,-184.0,-82.89113089779572,False,True,False,False,1.8749453718076978,False,False,False,False
2024-11-22 17:00:00+00:00,30.08,30.08,30.08,30.08,0.0,,,,,,,,,,,,,,,,,,,,,,,,,,,,,,,,,,,,,,,,,"rgba(38, 166, 154, 0.5)",0.46357237984094085,29.446666666666665,1.3662016135444475,77.5787561097251,14.443572355821047,False,False,True,False,True,20.0,0.0,0.0,0.0,0.0,0,1.0000000000000013,0.9230769230769205,False,False,False,False,0.3428282156375109,0.3373375184098534,False,False,False,False,-184.0,-84.45871026372137,False,True,False,False,1.8458764513145551,False,False,False,False
2024-11-25 17:00:00+00:00,30.08,30.08,30.08,30.08,0.0,,,,,,,,,,,,,,,,,,,,,,,,,,,,,,,,,,,,,,,,,"rgba(38, 166, 154, 0.5)",0.4597407416681635,29.446666666666665,1.377588009788497,84.20724511102321,19.78759838145939,False,False,True,False,True,20.0,0.0,0.0,0.0,0.0,0,1.0000000000000013,0.9230769230769205,False,False,False,False,0.3428282156375109,0.3400828670236822,False,False,False,False,-184.0,-86.00198607358615,False,True,False,False,1.8172582117592906,False,False,False,False
2024-11-26 17:00:00+00:00,30.08,30.08,30.08,30.08,0.0,,,,,,,,,,,,,,,,,,,,,,,,,,,,,,,,,,,,,,,,,"rgba(38, 166, 154, 1.0)",0.45443274212710716,29.446666666666665,1.3936789201606126,88.62623777855528,23.51942134699854,True,False,True,False,True,20.0,0.0,0.0,0.0,0.0,0,1.0000000000000013,0.9230769230769205,False,False,False,False,0.3428282156375109,0.3414555413305965,False,False,False,False,-184.0,-87.52133512670885,False,True,False,False,1.7890836658405418,False,False,False,False
2024-11-27 17:00:00+00:00,30.08,30.08,30.08,30.08,0.0,,,,,,,,,,,,,,,,,,,,,,,,,,,,,,,,,,,,,,,,,"rgba(38, 166, 154, 1.0)",0.44759586018427383,29.446666666666665,1.4149669147355195,91.57223289024333,26.335300995504596,True,False,True,False,True,20.0,0.0,0.0,0.0,0.0,0,1.0000000000000013,0.9230769230769205,False,False,False,False,0.3428282156375109,0.34214187848405375,False,False,False,False,-184.0,-89.01712838055833,False,True,False,False,1.7613459345872,False,False,False,False
2024-11-28 17:00:00+00:00,30.08,30.08,30.08,30.08,0.0,,,,,,,,,,,,,,,,,,,,,,,,,,,,,,,,,,,,,,,,,"rgba(38, 166, 154, 1.0)",0.4391586961001769,29.446666666666665,1.4421514112266665,93.53622963136868,28.62910144187049,True,False,True,False,True,20.0,0.0,0.0,0.0,0.0,0,1.0000000000000013,0.9230769230769205,False,False,False,False,0.3428282156375109,0.3424850470607823,False,False,False,False,-184.0,-90.48973104132487,False,True,False,False,1.7340382456788712,False,False,False,False
2024-11-29 17:00:00+00:00,30.08,30.08,30.08,30.08,0.0,,,,,,,,,,,,,,,,,,,,,,,,,,,,,,,,,,,,,,,,,"rgba(38, 166, 154, 1.0)",0.4290268476868137,29.446666666666665,1.4762090921537416,94.84556079211893,30.614858985479586,True,False,True,False,True,20.0,0.0,0.0,0.0,0.0,0,1.0000000000000013,0.9230769230769205,False,False,False,False,0.3428282156375109,0.3426566313491466,False,False,False,False,-184.0,-91.93950265308727,False,True,False,False,1.707153931792377,False,False,False,False
2024-12-02 17:00:00+00:00,30.08,30.08,30.08,30.08,0.0,,,,,,,,,,,,,,,,,,,,,,,,,,,,,,,,,,,,,,,,,"rgba(38, 166, 154, 1.0)",0.4170768287511675,29.446666666666665,1.5185052001802437,95.7184482326191,32.402598639224976,True,False,True,False,True,20.0,0.0,0.0,0.0,0.0,0,1.0000000000000013,0.9230769230769205,False,False,False,False,0.3428282156375109,0.34274242349332873,False,False,False,False,-184.0,-93.36679718559755,False,True,False,False,1.6806864289738905,False,False,False,False
2024-12-03 17:00:00+00:00,30.08,30.08,30.08,30.08,0.0,,,,,,,,,,,,,,,,,,,,,,,,,,,,,,,,,,,,,,,,,"rgba(38, 166, 154, 1.0)",0.40314698993735076,29.446666666666665,1.5709737369780514,96.30037319295253,34.04447050373777,True,False,True,False,True,20.0,0.0,0.0,0.0,0.0,0,1.0000000000000013,0.9230769230769205,False,False,False,False,0.3428282156375109,0.3427853195654198,False,False,False,False,-184.0,-94.77196312070457,False,True,False,False,1.6546292750363107,False,False,False,False
2024-12-04 17:00:00+00:00,30.08,30.08,30.08,30.08,0.0,,,,,,,,,,,,,,,,,,,,,,,,,,,,,,,,,,,,,,,,,"rgba(38, 166, 154, 1.0)",0.38702361591940543,29.446666666666665,1.6364203818126164,96.68832316650817,35.562227606181224,True,False,True,False,True,20.0,0.0,0.0,0.0,0.0,0,1.0000000000000013,0.9230769230769205,False,False,False,False,0.3428282156375109,0.34280676760146533,False,False,False,False,-184.0,-96.15534353743783,False,True,False,False,1.6289761079814842,False,False,False,False
2024-12-05 17:00:00+00:00,30.08,30.08,30.08,30.08,0.0,,,,,,,,,,,,,,,,,,,,,,,,,,,,,,,,,,,,,,,,,"rgba(38, 166, 154, 1.0)",0.36841882746744353,29.446666666666665,1.7190580016959076,96.94695648221192,36.96311797521588,True,False,True,False,True,20.0,0.0,0.0,0.0,0.0,0,1.0000000000000013,0.9230769230769205,False,False,False,False,0.3428282156375109,0.34281749161948816,False,False,False,False,-184.0,-97.51727619577213,False,True,False,False,1.6037206644468875,False,False,False,False
2024-12-06 17:00:00+00:00,30.08,30.08,30.08,30.08,0.0,,,,,,,,,,,,,,,,,,,,,,,,,,,,,,,,,,,,,,,,,"rgba(38, 166, 154, 1.0)",0.34693364632881857,29.446666666666665,1.825517184727217,97.11937869268108,38.248696019049746,True,False,True,False,True,20.0,0.0,0.0,0.0,0.0,0,1.0000000000000013,0.9230769230769205,False,False,False,False,0.3428282156375109,0.3428228536284995,False,False,False,False,-184.0,-98.8580936190935,False,True,False,False,1.5788567781763931,False,False,False,False
2024-12-09 17:00:00+00:00,30.08,30.08,30.08,30.08,0.0,,,,,,,,,,,,,,,,,,,,,,,,,,,,,,,,,,,,,,,,,"rgba(38, 166, 154, 1.0)",0.3522628011600665,29.446666666666665,1.7979001224303253,97.23432683299386,39.41939638562991,True,False,True,False,True,20.0,0.0,0.0,0.0,0.0,0,1.0000000000000013,0.9230769230769205,False,False,False,False,0.3428282156375109,0.34282553463300525,False,False,False,False,-184.0,-100.17812317538662,False,True,False,False,1.5543783785147436,False,False,False,False
2024-12-10 17:00:00+00:00,30.08,30.08,30.08,30.08,0.0,,,,,,,,,,,,,,,,,,,,,,,,,,,,,,,,,,,,,,,,,"rgba(38, 166, 154, 1.0)",0.3570081887672928,29.446666666666665,1.7740022589402171,97.31095892653572,40.47664391252327,True,False,True,False,True,20.0,0.0,0.0,0.0,0.0,0,1.0000000000000013,0.9230769230769205,False,False,False,False,0.3428282156375109,0.3428268751352581,False,False,False,False,-184.0,-101.47768715716357,False,True,False,False,1.5302794889253677,False,False,False,False
2024-12-11 17:00:00+00:00,30.08,30.08,30.08,30.08,0.0,,,,,,,,,,,,,,,,,,,,,,,,,,,,,,,,,,,,,,,,,"rgba(38, 166, 154, 1.0)",0.361192818661043,29.446666666666665,1.7534494060018309,97.36204698889695,41.423589646553836,True,False,True,False,True,20.0,0.0,0.0,0.0,0.0,0,1.0000000000000013,0.9230769230769205,False,False,False,False,0.3428282156375109,0.3428275453863845,False,False,False,False,-184.0,-102.75710286015328,False,True,False,False,1.506554225531176,False,False,False,False
2024-12-12 17:00:00+00:00,30.08,30.08,30.08,30.08,0.0,,,,,,,,,,,,,,,,,,,,,,,,,,,,,,,,,,,,,,,,,"rgba(38, 166, 154, 1.0)",0.36483598684526025,29.446666666666665,1.735939863854362,97.39610569713777,42.26512968753268,True,False,True,False,True,20.0,0.0,0.0,0.0,0.0,0,1.0000000000000013,0.9230769230769205,False,False,False,False,0.3428282156375109,0.3428278805119477,False,False,False,False,-184.0,-104.01668266077107,False,True,False,False,1.4831967956779792,False,False,False,False
2024-12-13 17:00:00+00:00,30.08,30.08,30.08,30.08,0.0,,,,,,,,,,,,,,,,,,,,,,,,,,,,,,,,,,,,,,,,,"rgba(38, 166, 154, 1.0)",0.36795377696395565,29.446666666666665,1.721230689786814,97.41881150263166,43.007592005813706,True,False,True,False,True,20.0,0.0,0.0,0.0,0.0,0,1.0000000000000013,0.9230769230769205,False,False,False,False,0.3428282156375109,0.34282804807472933,False,False,False,False,-184.0,-105.25673409238702,False,True,False,False,1.460201496520181,False,False,False,False
2024-12-16 17:00:00+00:00,30.08,30.08,30.08,30.08,0.0,,,,,,,,,,,,,,,,,,,,,,,,,,,,,,,,,,,,,,,,,"rgba(38, 166, 154, 1.0)",0.37055945043456323,29.446666666666665,1.709127462787979,97.43394870629425,43.658308437166525,True,False,True,False,True,20.0,0.0,0.0,0.0,0.0,0,1.0000000000000013,0.9230769230769205,False,False,False,False,0.3428282156375109,0.34282813185612016,False,False,False,False,-184.0,-106.47755992041203,False,True,False,False,1.4375627136283953,False,False,False,False
2024-12-17 17:00:00+00:00,30.08,30.08,30.08,30.08,0.0,,,,,,,,,,,,,,,,,,,,,,,,,,,,,,,,,,,,,,,,,"rgba(38, 166, 154, 1.0)",0.372663749605902,29.446666666666665,1.6994766300803157,97.44404017540263,44.22518707585094,True,False,True,False,True,20.0,0.0,0.0,0.0,0.0,0,1.0000000000000013,0.9230769230769205,False,False,False,False,0.3428282156375109,0.3428281737468155,False,False,False,False,-184.0,-107.6794582162196,False,True,False,False,1.4152749196186527,False,False,False,False
2024-12-18 17:00:00+00:00,30.08,30.08,30.08,30.08,0.0,,,,,,,,,,,,,,,,,,,,,,,,,,,,,,,,,,,,,,,,,"rgba(38, 166, 154, 1.0)",0.3742751312523114,29.446666666666665,1.6921598055799805,97.4507678214749,44.7163398698267,True,False,True,False,True,20.0,0.0,0.0,0.0,0.0,0,1.0000000000000013,0.9230769230769205,False,False,False,False,0.3428282156375109,0.3428281946921632,False,False,False,False,-184.0,-108.86272242992162,False,True,False,False,1.3933326728028597,False,False,False,False
2024-12-19 17:00:00+00:00,30.08,30.08,30.08,30.08,0.0,,,,,,,,,,,,,,,,,,,,,,,,,,,,,,,,,,,,,,,,,"rgba(38, 166, 154, 1.0)",0.375399942883825,29.446666666666665,1.6870895836266295,97.4552529188564,45.139785670194215,True,False,True,False,True,20.0,0.0,0.0,0.0,0.0,0,1.0000000000000013,0.9230769230769205,False,False,False,False,0.3428282156375109,0.34282820516483703,False,False,False,False,-184.0,-110.02764146201586,False,True,False,False,1.3717306158601796,False,False,False,False
2024-12-20 17:00:00+00:00,30.08,30.08,30.08,30.08,0.0,,,,,,,,,,,,,,,,,,,,,,,,,,,,,,,,,,,,,,,,,"rgba(38, 166, 154, 1.0)",0.3760425507839012,29.446666666666665,1.6842065665523258,97.45824298377741,45.50323026848065,True,False,True,False,True,20.0,0.0,0.0,0.0,0.0,0,1.0000000000000013,0.9203187250995989,False,False,False,False,0.3428282156375109,0.34282821040117395,False,False,False,False,-184.0,-111.1744997339226,False,True,False,False,1.350463474529014,False,False,False,False
2024-12-23 17:00:00+00:00,30.08,30.08,30.08,30.08,0.0,,,,,,,,,,,,,,,,,,,,,,,,,,,,,,,,,,,,,,,,,"rgba(38, 166, 154, 1.0)",0.37620542596111817,29.446666666666665,1.6834774025794874,97.46023636039142,45.81391571739901,True,False,True,False,True,20.0,0.0,0.0,0.0,0.0,0,1.0000000000000013,0.9203187250995989,False,False,False,False,0.3428282156375109,0.3428282130193424,False,False,False,False,-184.0,-112.30357725742768,False,True,False,False,1.329526056319262,False,False,False,False
2024-12-24 17:00:00+00:00,30.08,30.08,30.08,30.08,0.0,,,,,,,,,,,,,,,,,,,,,,,,,,,,,,,,,,,,,,,,,"rgba(38, 166, 154, 1.0)",0.37588919202971155,29.446666666666665,1.6848937047470949,97.46156527813409,46.0785274953619,True,False,True,False,True,20.0,0.0,0.0,0.0,0.0,0,1.0000000000000013,0.9203187250995989,False,False,False,False,0.3428282156375109,0.3428282143284267,False,False,False,False,-184.0,-113.41514970304895,False,True,False,False,1.3089132492445446,False,False,False,False
2024-12-25 17:00:00+00:00,30.08,30.08,30.08,30.08,0.0,,,,,,,,,,,,,,,,,,,,,,,,,,,,,,,,,,,,,,,,,"rgba(38, 166, 154, 1.0)",0.37509263720653324,29.446666666666665,1.6884717813978505,97.46245122329587,46.303147387859326,True,False,True,False,True,20.0,0.0,0.0,0.0,0.0,0,1.0000000000000013,0.9203187250995989,False,False,False,False,0.3428282156375109,0.3428282149829688,False,False,False,False,-184.0,-114.50948846734278,False,True,False,False,1.2886200205740865,False,False,False,False
2024-12-26 17:00:00+00:00,30.08,30.08,30.08,30.08,0.0,,,,,,,,,,,,,,,,,,,,,,,,,,,,,,,,,,,,,,,,,"rgba(38, 166, 154, 1.0)",0.3738126909670057,29.446666666666665,1.694253161108523,97.46304185340372,46.493240834668654,True,False,True,False,True,20.0,0.0,0.0,0.0,0.0,0,1.0000000000000013,0.9203187250995989,False,False,False,False,0.3428282156375109,0.3428282153102399,False,False,False,False,-184.0,-115.58686073916692,False,True,False,False,1.2686414156039456,False,False,False,False
2024-12-27 17:00:00+00:00,28.46,28.46,28.46,28.46,0.0,,,,,,,,,,,,,,,,,,,,,,,,,,,,,,,,,,,,,,,,,"rgba(38, 166, 154, 0.5)",0.39235909274250724,29.446666666666665,-2.5147032015240756,65.53652694098328,19.538905607522025,False,True,True,False,False,0.0,0.0,0.0,0.0,0.0,0,1.0000000000000009,0.951573849878933,False,False,False,False,-0.23396836213386074,0.05442992658818957,False,False,False,False,-184.0,-116.64752956491627,False,False,False,False,1.2489725564472953,False,False,False,False
2024-12-30 17:00:00+00:00,28.46,28.46,28.46,28.46,0.0,,,,,,,,,,,,,,,,,,,,,,,,,,,,,,,,,,,,,,,,,"rgba(239, 83, 80, 1.0)",0.4098986031507427,29.446666666666665,-2.407099363312082,44.252183666036316,2.163751208002573,False,True,False,True,False,0.0,0.0,0.0,0.0,0.0,0,1.0000000000000009,0.951573849878933,False,False,False,False,-0.23396836213386074,-0.08976921777283559,False,False,False,False,-184.0,-117.69175391274703,False,False,False,False,1.2296086408434612,False,False,False,False
2024-12-31 17:00:00+00:00,28.46,28.46,28.46,28.46,0.0,,,,,,,,,,,,,,,,,,,,,,,,,,,,,,,,,,,,,,,,,"rgba(239, 83, 80, 1.0)",0.4265554472159678,29.446666666666665,-2.3131029579071556,30.06262148273834,-8.421436578370646,False,True,False,True,False,0.0,0.0,0.0,0.0,0.0,0,1.0000000000000009,0.951573849878933,False,False,False,False,-0.23396836213386074,-0.16186878995334816,False,False,False,False,-184.0,-118.71978873580522,False,False,False,False,1.210544940985423,False,False,False,False
2025-01-01 17:00:00+00:00,28.46,28.46,28.46,28.46,0.0,,,,,,,,,,,,,,,,,,,,,,,,,,,,,,,,,,,,,,,,,"rgba(239, 83, 80, 1.0)",0.44242932962426434,29.446666666666665,-2.2301113434423456,20.602913360539688,-15.089011951873232,False,True,False,True,False,0.0,0.0,0.0,0.0,0.0,0,1.0000000000000009,0.951573849878933,False,False,False,False,-0.23396836213386074,-0.19791857604360447,False,False,False,False,-184.0,-119.73188503447491,False,False,False,False,1.191776802365494,False,False,False,False
2025-01-02 17:00:00+00:00,28.22,28.22,28.22,28.22,0.0,,,,,,,,,,,,,,,,,,,,,,,,,,,,,,,,,,,,,,,,,"rgba(239, 83, 80, 1.0)",0.4663018393760301,29.446666666666665,-2.630627981884222,14.190321874530825,-19.64570231761921,False,True,False,True,False,0.0,0.0,0.0,0.0,0.0,0,1.0000000000000009,0.9542334096109825,True,False,False,False,-0.323560197066548,-0.2607393865550762,False,False,False,False,-184.0,-120.72828991766136,False,False,False,False,1.173299642638897,True,False,False,False
2025-01-03 17:00:00+00:00,28.22,28.22,28.22,28.22,0.0,,,,,,,,,,,,,,,,,,,,,,,,,,,,,,,,,,,,,,,,,"rgba(239, 83, 80, 1.0)",0.48873773803200377,29.446666666666665,-2.5098668901772863,9.91526088385825,-22.95203952457028,False,True,False,True,False,0.0,0.0,0.0,0.0,0.0,0,1.0000000000000009,0.9542334096109825,True,False,False,False,-0.323560197066548,-0.29214979181081213,False,False,False,False,-184.0,-121.70924666312398,False,False,False,False,1.1551089505049608,True,False,False,False
2025-01-06 17:00:00+00:00,28.22,28.415,28.22,28.41,4100.0,,,,,28.348333333333336,28.348333333333336,28.348333333333336,28.348333333333336,28.348333333333336,28.348333333333336,28.348333333333336,28.348333333333336,28.348333333333336,28.348333333333336,28.348333333333336,28.348333333333336,28.348333333333336,28.348333333333336,28.348333333333336,28.348333333333336,28.348333333333336,28.348333333333336,28.348333333333336,28.348333333333336,28.348333333333336,28.348333333333336,28.348333333333336,28.348333333333336,28.348333333333336,28.348333333333336,28.348333333333336,,,,,,,,28.34833333333334,,"rgba(239, 83, 80, 1.0)",0.5036396180454108,28.348333333333336,0.1224420487530107,12.30249165437551,-22.95203952457028,False,True,False,True,False,0.0,0.0,0.0,0.0,0.0,0,1.0000000000000009,0.9134720700985746,True,False,False,False,-0.2866314006532521,-0.2893905962320321,False,False,False,False,3916.0,-59.10910330400578,False,False,False,False,64.70309175747387,False,False,False,False
2025-01-07 17:00:00+00:00,28.52,28.52,28.52,28.52,0.0,,,,,28.348333333333336,28.348333333333336,28.348333333333336,28.348333333333336,28.348333333333336,28.348333333333336,28.348333333333336,28.348333333333336,28.348333333333336,28.348333333333336,28.348333333333336,28.348333333333336,28.348333333333336,28.348333333333336,28.348333333333336,28.348333333333336,28.348333333333336,28.348333333333336,28.348333333333336,28.348333333333336,28.348333333333336,28.348333333333336,28.348333333333336,28.348333333333336,28.348333333333336,28.348333333333336,28.348333333333336,,,,,,,,28.34833333333334,,"rgba(239, 83, 80, 0.75)",0.5148365611383351,28.348333333333336,0.3334391525867895,16.49216844881809,-22.95203952457028,False,True,False,True,True,0.0,0.0,0.0,0.0,0.0,0,1.0406417112299475,0.9144385026737955,False,False,False,False,-0.21218567099153962,-0.25078813361178587,False,False,False,False,3916.0,2.5204951968315257,False,False,False,False,63.69994304805567,False,False,False,False
2025-01-08 17:00:00+00:00,28.52,28.52,28.52,28.52,0.0,,,,,28.348333333333336,28.348333333333336,28.348333333333336,28.348333333333336,28.348333333333336,28.348333333333336,28.348333333333336,28.348333333333336,28.348333333333336,28.348333333333336,28.348333333333336,28.348333333333336,28.348333333333336,28.348333333333336,28.348333333333336,28.348333333333336,28.348333333333336,28.348333333333336,28.348333333333336,28.348333333333336,28.348333333333336,28.348333333333336,28.348333333333336,28.348333333333336,28.348333333333336,28.348333333333336,28.348333333333336,,,,,,,,28.34833333333334,,"rgba(239, 83, 80, 0.75)",0.5256876406151823,28.348333333333336,0.32655640613078063,19.285286311779814,-22.95203952457028,False,True,False,True,True,0.0,0.0,0.0,0.0,0.0,0,1.0406417112299475,0.9144385026737955,False,False,False,False,-0.21218567099153962,-0.23148690230166274,False,False,False,False,3916.0,63.194596046493054,False,False,False,False,62.71234703180674,False,False,False,False
2025-01-09 17:00:00+00:00,28.52,28.52,28.52,28.52,0.0,,,,,28.348333333333336,28.348333333333336,28.348333333333336,28.348333333333336,28.348333333333336,28.348333333333336,28.348333333333336,28.348333333333336,28.348333333333336,28.348333333333336,28.348333333333336,28.348333333333336,28.348333333333336,28.348333333333336,28.348333333333336,28.348333333333336,28.348333333333336,28.348333333333336,28.348333333333336,28.348333333333336,28.348333333333336,28.348333333333336,28.348333333333336,28.348333333333336,28.348333333333336,28.348333333333336,28.348333333333336,,,,,,,,28.34833333333334,,"rgba(239, 83, 80, 0.75)",0.5362138540707041,28.348333333333336,0.3201458995575069,21.14736488708763,-22.95203952457028,False,True,False,True,True,0.0,0.0,0.0,0.0,0.0,0,1.0406417112299475,0.9144385026737955,False,False,False,False,-0.21218567099153962,-0.22183628664660118,False,False,False,False,3916.0,122.9280131620513,False,False,False,False,61.74006258170121,False,False,False,False
2025-01-10 17:00:00+00:00,28.52,28.52,28.52,28.52,0.0,,,,,28.348333333333336,28.348333333333336,28.348333333333336,28.348333333333336,28.348333333333336,28.348333333333336,28.348333333333336,28.348333333333336,28.348333333333336,28.348333333333336,28.348333333333336,28.348333333333336,28.348333333333336,28.348333333333336,28.348333333333336,28.348333333333336,28.348333333333336,28.348333333333336,28.348333333333336,28.348333333333336,28.348333333333336,28.348333333333336,28.348333333333336,28.348333333333336,28.348333333333336,28.348333333333336,28.348333333333336,,,,,,,,28.34833333333334,,"rgba(239, 83, 80, 0.75)",0.5464339759661277,28.348333333333336,0.31415811281343997,22.388750603959508,-22.95203952457028,False,True,False,True,True,0.0,0.0,0.0,0.0,0.0,0,1.0406417112299475,0.9144385026737955,False,False,False,False,-0.21218567099153962,-0.2170109788190704,False,False,False,False,3916.0,181.73533078744586,False,False,False,False,60.78285230911669,False,False,False,False
2025-01-13 17:00:00+00:00,28.52,28.52,28.52,28.52,0.0,,,,,28.348333333333336,28.348333333333336,28.348333333333336,28.348333333333336,28.348333333333336,28.348333333333336,28.348333333333336,28.348333333333336,28.348333333333336,28.348333333333336,28.348333333333336,28.348333333333336,28.348333333333336,28.348333333333336,28.348333333333336,28.348333333333336,28.348333333333336,28.348333333333336,28.348333333333336,28.348333333333336,28.348333333333336,28.348333333333336,28.348333333333336,28.348333333333336,28.348333333333336,28.348333333333336,28.348333333333336,,,,,,,,28.34833333333334,,"rgba(239, 83, 80, 0.75)",0.5563648747664917,28.348333333333336,0.3085505114583526,23.21634108187409,-22.95203952457028,False,True,False,True,True,0.0,0.0,0.0,0.0,0.0,0,1.0406417112299475,0.9144385026737955,False,False,False,False,-0.21218567099153962,-0.214598324905305,False,False,False,False,3916.0,239.63090705430716,False,False,False,False,59.84048250587457,False,False,False,False
2025-01-14 17:00:00+00:00,28.52,28.52,28.52,28.52,0.0,,,,,28.348333333333336,28.348333333333336,28.348333333333336,28.348333333333336,28.348333333333336,28.348333333333336,28.348333333333336,28.348333333333336,28.348333333333336,28.348333333333336,28.348333333333336,28.348333333333336,28.348333333333336,28.348333333333336,28.348333333333336,28.348333333333336,28.348333333333336,28.348333333333336,28.348333333333336,28.348333333333336,28.348333333333336,28.348333333333336,28.348333333333336,28.348333333333336,28.348333333333336,28.348333333333336,28.348333333333336,,,,,,,,28.34833333333334,,"rgba(239, 83, 80, 0.75)",0.5660217740058313,28.348333333333336,0.3032863302267498,23.76806806715048,-22.95203952457028,False,True,False,True,True,0.0,0.0,0.0,0.0,0.0,0,1.0406417112299475,0.9144385026737955,False,False,False,False,-0.21218567099153962,-0.2133919979484223,False,False,False,False,3916.0,296.6288774875737,False,False,False,False,58.91272308717884,False,False,False,False
2025-01-15 17:00:00+00:00,28.23,28.23,28.23,28.23,0.0,,,,,28.348333333333336,28.348333333333336,28.348333333333336,28.348333333333336,28.348333333333336,28.348333333333336,28.348333333333336,28.348333333333336,28.348333333333336,28.348333333333336,28.348333333333336,28.348333333333336,28.348333333333336,28.348333333333336,28.348333333333336,28.348333333333336,28.348333333333336,28.348333333333336,28.348333333333336,28.348333333333336,28.348333333333336,28.348333333333336,28.348333333333336,28.348333333333336,28.348333333333336,28.348333333333336,28.348333333333336,,,,,,,,28.34833333333334,,"rgba(239, 83, 80, 0.75)",0.5850740154917685,28.348333333333336,-0.20225361270552047,21.363606945598544,-22.95203952457028,False,True,False,True,True,0.0,0.0,0.0,0.0,0.0,0,1.0382678751258823,0.9194360523665647,False,False,False,False,-0.3197347010872396,-0.26656334951783095,False,False,False,False,3916.0,352.7431584567586,False,False,False,False,57.99934753543963,False,False,False,False
2025-01-16 17:00:00+00:00,28.23,28.23,28.23,28.23,0.0,,,,,28.348333333333336,28.348333333333336,28.348333333333336,28.348333333333336,28.348333333333336,28.348333333333336,28.348333333333336,28.348333333333336,28.348333333333336,28.348333333333336,28.348333333333336,28.348333333333336,28.348333333333336,28.348333333333336,28.348333333333336,28.348333333333336,28.348333333333336,28.348333333333336,28.348333333333336,28.348333333333336,28.348333333333336,28.348333333333336,28.348333333333336,28.348333333333336,28.348333333333336,28.348333333333336,28.348333333333336,,,,,,,,28.34833333333334,,"rgba(239, 83, 80, 0.75)",0.6030433925791666,28.348333333333336,-0.19622689642155597,19.760632864563917,-22.95203952457028,False,True,False,True,True,0.0,0.0,0.0,0.0,0.0,0,1.0382678751258823,0.9194360523665647,False,False,False,False,-0.3197347010872396,-0.2931490253025353,False,False,False,False,3916.0,407.98745057370803,False,False,False,False,57.100132844967696,False,False,False,False
2025-01-17 17:00:00+00:00,28.23,28.6,28.23,28.6,245.0,,,,,28.355569620253167,28.355569620253167,28.355569620253167,28.355569620253167,28.355569620253167,28.355569620253167,28.355569620253167,28.355569620253167,28.355569620253167,28.355569620253167,28.355569620253167,28.355569620253167,28.355569620253167,28.355569620253167,28.355569620253167,28.355569620253167,28.355569620253167,28.355569620253167,28.355569620253167,28.355569620253167,28.355569620253167,28.355569620253167,28.355569620253167,28.355569620253167,28.355569620253167,28.355569620253167,28.355569620253167,,,,,,,,28.35556962025317,,"rgba(239, 83, 80, 0.75)",0.6115056591489796,28.36313818565401,0.38734198253476276,28.444907006582888,-31.78248863066542,False,True,False,True,True,0.0,0.0,0.0,0.0,0.0,0,1.035613870665418,0.8556701030927821,False,False,False,False,-0.2504486126177317,-0.27179881896013347,False,False,False,False,4161.0,466.17369165008466,False,False,False,False,60.01330907992944,False,False,False,False
2025-01-20 17:00:00+00:00,28.6,28.6,28.6,28.6,0.0,,,,,28.355569620253167,28.355569620253167,28.355569620253167,28.355569620253167,28.355569620253167,28.355569620253167,28.355569620253167,28.355569620253167,28.355569620253167,28.355569620253167,28.355569620253167,28.355569620253167,28.355569620253167,28.355569620253167,28.355569620253167,28.355569620253167,28.355569620253167,28.355569620253167,28.355569620253167,28.355569620253167,28.355569620253167,28.355569620253167,28.355569620253167,28.355569620253167,28.355569620253167,28.355569620253167,28.355569620253167,,,,,,,,28.35556962025317,,"rgba(239, 83, 80, 0.75)",0.6196169115809971,28.36313818565401,0.38227138400987587,34.2344231012622,-26.05782977812308,False,True,False,True,True,0.0,0.0,0.0,0.0,0.0,0,1.104967197750704,0.8556701030927821,False,False,False,False,-0.18344402922871095,-0.2276214240944222,False,False,False,False,4161.0,523.4578204617112,False,False,False,False,59.08287017946542,False,False,False,False
2025-01-21 17:00:00+00:00,28.6,28.6,28.6,28.6,0.0,,,,,28.355569620253167,28.355569620253167,28.355569620253167,28.355569620253167,28.355569620253167,28.355569620253167,28.355569620253167,28.355569620253167,28.355569620253167,28.355569620253167,28.355569620253167,28.355569620253167,28.355569620253167,28.355569620253167,28.355569620253167,28.355569620253167,28.355569620253167,28.355569620253167,28.355569620253167,28.355569620253167,28.355569620253167,28.355569620253167,28.355569620253167,28.355569620253167,28.355569620253167,28.355569620253167,28.355569620253167,,,,,,,,28.35556962025317,,"rgba(239, 83, 80, 0.75)",0.6273907643337017,28.36313818565401,0.3775347483757486,38.09410049771508,-22.213938641107738,False,True,False,True,True,0.0,0.0,0.0,0.0,0.0,0,1.104967197750704,0.8556701030927821,False,False,False,False,-0.18344402922871095,-0.20553272666156658,False,False,False,False,4161.0,579.8538232452505,False,False,False,False,58.166856688310915,False,False,False,False
2025-01-22 17:00:00+00:00,28.6,28.6,28.6,28.6,0.0,,,,,28.355569620253167,28.355569620253167,28.355569620253167,28.355569620253167,28.355569620253167,28.355569620253167,28.355569620253167,28.355569620253167,28.355569620253167,28.355569620253167,28.355569620253167,28.355569620253167,28.355569620253167,28.355569620253167,28.355569620253167,28.355569620253167,28.355569620253167,28.355569620253167,28.355569620253167,28.355569620253167,28.355569620253167,28.355569620253167,28.355569620253167,28.355569620253167,28.355569620253167,28.355569620253167,28.355569620253167,,,,,,,,28.35556962025317,,"rgba(239, 83, 80, 0.75)",0.6348396122906854,28.36313818565401,0.3731049697597264,40.667218762017,-19.495913843723123,False,True,False,True,True,0.0,0.0,0.0,0.0,0.0,0,1.104967197750704,0.8556701030927821,False,False,False,False,-0.18344402922871095,-0.19448837794513876,False,False,False,False,4161.0,635.3754693964869,False,False,False,False,57.2650449567092,False,False,False,False
2025-01-23 17:00:00+00:00,28.6,28.97,28.6,28.97,1850.0,,,,28.84666666666666,28.502224912563893,28.502224912563893,28.502224912563893,28.502224912563893,28.502224912563893,28.502224912563893,28.502224912563893,28.502224912563893,28.502224912563893,28.502224912563893,28.502224912563893,28.502224912563893,28.502224912563893,28.502224912563893,28.502224912563893,28.502224912563893,28.502224912563893,28.502224912563893,28.502224912563893,28.502224912563893,28.502224912563893,28.502224912563893,28.502224912563893,28.502224912563893,28.502224912563893,28.502224912563893,28.502224912563893,,,,,,,,28.519447000269032,,#000000,0.6370020436416649,28.542575776218147,0.6709934890292008,48.87870941253728,-11.606306772852342,False,True,False,False,True,0.0,0.0,0.0,0.0,0.0,0,1.0981595092024552,0.8001752848378605,False,False,False,False,-0.11803200789773026,-0.1562601929214345,False,False,False,False,6011.0,718.7184853748358,False,False,False,False,85.05938534497727,False,False,False,False
2025-01-24 17:00:00+00:00,28.97,28.97,28.97,28.97,0.0,,,,28.84666666666666,28.502224912563893,28.502224912563893,28.502224912563893,28.502224912563893,28.502224912563893,28.502224912563893,28.502224912563893,28.502224912563893,28.502224912563893,28.502224912563893,28.502224912563893,28.502224912563893,28.502224912563893,28.502224912563893,28.502224912563893,28.502224912563893,28.502224912563893,28.502224912563893,28.502224912563893,28.502224912563893,28.502224912563893,28.502224912563893,28.502224912563893,28.502224912563893,28.502224912563893,28.502224912563893,28.502224912563893,,,,,,,,28.519447000269032,,"rgba(38, 166, 154, 0.5)",0.6390779675819704,28.542575776218147,0.6688138935520868,54.35303651288414,-6.466017226100263,False,False,True,False,True,0.0,0.0,0.0,0.0,0.0,0,1.163014899211219,0.8001752848378605,False,False,False,False,-0.05361152826068305,-0.10493586059105878,False,False,False,False,6011.0,800.7693615705748,False,False,False,False,83.74063518459002,False,False,False,False
2025-01-27 17:00:00+00:00,28.97,28.97,28.58,28.58,500.0,,28.71,28.71,28.81758865248226,28.51774209609161,28.51774209609161,28.51774209609161,28.51774209609161,28.51774209609161,28.51774209609161,28.51774209609161,28.51774209609161,28.51774209609161,28.51774209609161,28.51774209609161,28.51774209609161,28.51774209609161,28.51774209609161,28.51774209609161,28.51774209609161,28.51774209609161,28.51774209609161,28.51774209609161,28.51774209609161,28.51774209609161,28.51774209609161,28.51774209609161,28.51774209609161,28.51774209609161,28.51774209609161,28.51774209609161,,,,,,,,28.55196021430199,,#000000,0.6462408833239599,28.577243451159703,0.004265512924711978,50.9450570738157,-6.466017226100263,False,False,False,False,True,0.0,0.0,0.0,0.0,0.0,0,1.0885972108285487,0.8129614438063978,False,False,False,False,-0.12153732686397078,-0.11323659372751478,False,False,False,False,5511.0,873.7961931741318,False,False,False,False,90.19426874761963,False,False,False,False
2025-01-28 17:00:00+00:00,28.58,28.58,28.58,28.58,0.0,,28.71,28.71,28.81758865248226,28.51774209609161,28.51774209609161,28.51774209609161,28.51774209609161,28.51774209609161,28.51774209609161,28.51774209609161,28.51774209609161,28.51774209609161,28.51774209609161,28.51774209609161,28.51774209609161,28.51774209609161,28.51774209609161,28.51774209609161,28.51774209609161,28.51774209609161,28.51774209609161,28.51774209609161,28.51774209609161,28.51774209609161,28.51774209609161,28.51774209609161,28.51774209609161,28.51774209609161,28.51774209609161,28.51774209609161,,,,,,,,28.55196021430199,,#000000,0.6530918012813764,28.577243451159703,0.004220767792349014,48.673070781103405,-6.466017226100263,False,True,False,False,False,0.0,0.0,0.0,0.0,0.0,0,1.0885972108285487,0.8769483182936826,False,False,False,False,-0.19059960947985977,-0.15191810160368727,False,False,False,False,5511.0,945.6908258380987,False,False,False,False,88.79590799184258,False,False,False,False
2025-01-29 17:00:00+00:00,28.8,28.81,28.67,28.76,75.0,,28.714782608695653,28.714782608695653,28.81539518900343,28.520278188084685,28.520278188084685,28.520278188084685,28.520278188084685,28.520278188084685,28.520278188084685,28.520278188084685,28.520278188084685,28.520278188084685,28.520278188084685,28.520278188084685,28.520278188084685,28.520278188084685,28.520278188084685,28.520278188084685,28.520278188084685,28.520278188084685,28.520278188084685,28.520278188084685,28.520278188084685,28.520278188084685,28.520278188084685,28.520278188084685,28.520278188084685,28.520278188084685,28.520278188084685,28.520278188084685,,,,,,,,28.554484480191718,,#000000,0.6570141304170093,28.579538251357064,0.2746695090536294,50.123939843930316,-6.466017226100263,False,False,False,False,False,0.0,0.0,0.0,0.0,0.0,0,1.0853754940711469,0.8592885375494068,False,False,False,False,-0.1338299619835873,-0.14287403179363728,False,False,False,False,5586.0,1017.6336037320816,False,False,False,False,88.58201794545742,False,False,False,False
2025-01-30 17:00:00+00:00,28.76,28.76,28.76,28.76,0.0,,28.714782608695653,28.714782608695653,28.81539518900343,28.520278188084685,28.520278188084685,28.520278188084685,28.520278188084685,28.520278188084685,28.520278188084685,28.520278188084685,28.520278188084685,28.520278188084685,28.520278188084685,28.520278188084685,28.520278188084685,28.520278188084685,28.520278188084685,28.520278188084685,28.520278188084685,28.520278188084685,28.520278188084685,28.520278188084685,28.520278188084685,28.520278188084685,28.520278188084685,28.520278188084685,28.520278188084685,28.520278188084685,28.520278188084685,28.520278188084685,,,,,,,,28.554484480191718,,#000000,0.6607638768130046,28.579538251357064,0.27311079642146907,51.09118588581492,-6.466017226100263,False,False,False,False,False,0.0,0.0,0.0,0.0,0.0,0,1.0996047430830045,0.8671936758893274,False,False,False,False,-0.12680091094560045,-0.13483747136961888,False,False,False,False,5586.0,1088.4609897207315,False,False,False,False,87.20865332614801,False,False,False,False
2025-01-31 17:00:00+00:00,28.76,28.76,28.76,28.76,0.0,,28.714782608695653,28.714782608695653,28.81539518900343,28.520278188084685,28.520278188084685,28.520278188084685,28.520278188084685,28.520278188084685,28.520278188084685,28.520278188084685,28.520278188084685,28.520278188084685,28.520278188084685,28.520278188084685,28.520278188084685,28.520278188084685,28.520278188084685,28.520278188084685,28.520278188084685,28.520278188084685,28.520278188084685,28.520278188084685,28.520278188084685,28.520278188084685,28.520278188084685,28.520278188084685,28.520278188084685,28.520278188084685,28.520278188084685,28.520278188084685,,,,,,,,28.554484480191718,,"rgba(38, 166, 154, 0.5)",0.6643439627940867,28.579538251357064,0.27163902849956545,51.73601658040466,-6.466017226100263,False,False,True,False,False,0.0,0.0,0.0,0.0,0.0,0,1.0996047430830045,0.8671936758893274,False,False,False,False,-0.12680091094560045,-0.13081919115760965,False,False,False,False,5586.0,1158.1902767018055,False,False,False,False,85.85658118155656,False,False,False,False
2025-02-03 17:00:00+00:00,28.76,28.76,28.76,28.76,0.0,,28.714782608695653,28.714782608695653,28.81539518900343,28.520278188084685,28.520278188084685,28.520278188084685,28.520278188084685,28.520278188084685,28.520278188084685,28.520278188084685,28.520278188084685,28.520278188084685,28.520278188084685,28.520278188084685,28.520278188084685,28.520278188084685,28.520278188084685,28.520278188084685,28.520278188084685,28.520278188084685,28.520278188084685,28.520278188084685,28.520278188084685,28.520278188084685,28.520278188084685,28.520278188084685,28.520278188084685,28.520278188084685,28.520278188084685,28.520278188084685,,,,,,,,28.554484480191718,,"rgba(38, 166, 154, 0.5)",0.6677571171972763,28.579538251357064,0.2702505806308361,52.165903710131154,-6.258292517921454,False,False,True,False,False,0.0,0.0,0.0,0.0,0.0,0,1.0996047430830045,0.8671936758893274,False,False,False,False,-0.12680091094560045,-0.12881005105160503,False,False,False,False,5586.0,1226.8384894661187,False,False,False,False,84.52547139579599,False,False,False,False
2025-02-04 17:00:00+00:00,28.76,28.76,28.76,28.76,0.0,,28.714782608695653,28.714782608695653,28.81539518900343,28.520278188084685,28.520278188084685,28.520278188084685,28.520278188084685,28.520278188084685,28.520278188084685,28.520278188084685,28.520278188084685,28.520278188084685,28.520278188084685,28.520278188084685,28.520278188084685,28.520278188084685,28.520278188084685,28.520278188084685,28.520278188084685,28.520278188084685,28.520278188084685,28.520278188084685,28.520278188084685,28.520278188084685,28.520278188084685,28.520278188084685,28.520278188084685,28.520278188084685,28.520278188084685,28.520278188084685,,,,,,,,28.554484480191718,,"rgba(38, 166, 154, 0.5)",0.6710058873817351,28.579538251357064,0.26894212411026513,52.452495129948815,-5.173744512135983,False,False,True,False,False,0.0,0.0,0.0,0.0,0.0,0,1.0996047430830045,0.8671936758893274,False,False,False,False,-0.12680091094560045,-0.12780548099860273,False,False,False,False,5586.0,1294.422388854241,False,False,False,False,83.21499897105497,False,False,False,False
2025-02-05 17:00:00+00:00,28.76,28.76,28.76,28.76,0.0,,28.714782608695653,28.714782608695653,28.81539518900343,28.520278188084685,28.520278188084685,28.520278188084685,28.520278188084685,28.520278188084685,28.520278188084685,28.520278188084685,28.520278188084685,28.520278188084685,28.520278188084685,28.520278188084685,28.520278188084685,28.520278188084685,28.520278188084685,28.520278188084685,28.520278188084685,28.520278188084685,28.520278188084685,28.520278188084685,28.520278188084685,28.520278188084685,28.520278188084685,28.520278188084685,28.520278188084685,28.520278188084685,28.520278188084685,28.520278188084685,,,,,,,,28.554484480191718,,"rgba(38, 166, 154, 0.5)",0.6740926500867289,28.579538251357064,0.2677106012351847,52.64355607649392,-4.18604785954259,False,False,True,False,False,0.0,0.0,0.0,0.0,0.0,0,1.1620718462823731,0.8596491228070168,False,False,False,False,-0.12680091094560045,-0.1273031959721016,False,False,False,False,5586.0,1360.958475848749,False,False,False,False,81.92484394824791,False,False,False,False
2025-02-06 17:00:00+00:00,28.76,28.76,28.76,28.76,0.0,,28.714782608695653,28.714782608695653,28.81539518900343,28.520278188084685,28.520278188084685,28.520278188084685,28.520278188084685,28.520278188084685,28.520278188084685,28.520278188084685,28.520278188084685,28.520278188084685,28.520278188084685,28.520278188084685,28.520278188084685,28.520278188084685,28.520278188084685,28.520278188084685,28.520278188084685,28.520278188084685,28.520278188084685,28.520278188084685,28.520278188084685,28.520278188084685,28.520278188084685,28.520278188084685,28.520278188084685,28.520278188084685,28.520278188084685,28.520278188084685,,,,,,,,28.554484480191718,,"rgba(38, 166, 154, 0.5)",0.6770196212574752,28.579538251357064,0.26655320315200487,52.77093004085733,-3.288380282303166,False,False,True,False,False,0.0,0.0,0.0,0.0,0.0,0,1.1648258283772308,0.8334749362786743,False,False,False,False,-0.12680091094560045,-0.127052053458851,False,False,False,False,5586.0,1426.462995603032,False,False,False,False,80.65469132889523,False,False,False,False
2025-02-07 17:00:00+00:00,28.76,28.76,28.73,28.73,100.0,,28.71851851851852,28.71851851851852,28.812409240924083,28.52347646773411,28.52347646773411,28.52347646773411,28.52347646773411,28.52347646773411,28.52347646773411,28.52347646773411,28.52347646773411,28.52347646773411,28.52347646773411,28.52347646773411,28.52347646773411,28.52347646773411,28.52347646773411,28.52347646773411,28.52347646773411,28.52347646773411,28.52347646773411,28.52347646773411,28.52347646773411,28.52347646773411,28.52347646773411,28.52347646773411,28.52347646773411,28.52347646773411,28.52347646773411,28.52347646773411,,,,,,,,28.557427311472047,,#000000,0.6801273595623633,28.582117343052815,0.21743377158410834,51.84706527530615,-3.288380282303166,False,False,False,False,False,0.0,0.0,0.0,0.0,0.0,0,1.1589180050718517,0.8343195266272186,False,False,False,False,-0.13207149308675625,-0.12956177327280363,False,False,False,False,5486.0,1489.4015538107367,False,False,False,False,80.9546185951139,False,False,False,False
2025-02-10 17:00:00+00:00,28.73,28.84,28.73,28.84,500.0,,28.75460992907801,28.75460992907801,28.810909090909085,28.542462686567163,28.542462686567163,28.542462686567163,28.542462686567163,28.542462686567163,28.542462686567163,28.542462686567163,28.542462686567163,28.542462686567163,28.542462686567163,28.542462686567163,28.542462686567163,28.542462686567163,28.542462686567163,28.542462686567163,28.542462686567163,28.542462686567163,28.542462686567163,28.542462686567163,28.542462686567163,28.542462686567163,28.542462686567163,28.542462686567163,28.542462686567163,28.542462686567163,28.542462686567163,28.542462686567163,,,,,,,,28.57709973103535,,"rgba(38, 166, 154, 0.5)",0.6819363791625078,28.600971728166506,0.35051403494127487,54.407248996640426,-0.6369491279479504,False,False,True,False,False,0.0,0.0,0.0,0.0,0.0,0,1.1560165975103738,0.8240663900414937,False,False,False,False,-0.11803200789773026,-0.12379689058526694,False,False,False,False,5986.0,1559.1162584028184,False,False,False,False,87.4514462137943,False,False,False,False
2025-02-11 17:00:00+00:00,28.84,28.87,28.84,28.87,500.0,,28.786069651741293,28.786069651741293,28.817872340425527,28.562636594663275,28.562636594663275,28.562636594663275,28.562636594663275,28.562636594663275,28.562636594663275,28.562636594663275,28.562636594663275,28.562636594663275,28.562636594663275,28.562636594663275,28.562636594663275,28.562636594663275,28.562636594663275,28.562636594663275,28.562636594663275,28.562636594663275,28.562636594663275,28.562636594663275,28.562636594663275,28.562636594663275,28.562636594663275,28.562636594663275,28.562636594663275,28.562636594663275,28.562636594663275,28.562636594663275,,,,,,,,28.597741687659187,,"rgba(38, 166, 154, 1.0)",0.6833647542765381,28.639669542631847,0.33705346365426725,56.859249674319955,2.0097879509216696,True,False,True,False,True,0.0,0.0,0.0,0.0,0.0,0,1.1734104046242777,0.8199834847233689,False,False,False,False,-0.0935705729227275,-0.10868373175399722,False,False,False,False,6486.0,1635.5020528461855,False,False,False,False,93.84754782288276,False,False,False,False
2025-02-12 17:00:00+00:00,28.67,28.76,28.67,28.76,431.0,,28.774594808483698,28.774594808483698,28.808298786653182,28.571326346223344,28.571326346223344,28.571326346223344,28.571326346223344,28.571326346223344,28.571326346223344,28.571326346223344,28.571326346223344,28.571326346223344,28.571326346223344,28.571326346223344,28.571326346223344,28.571326346223344,28.571326346223344,28.571326346223344,28.571326346223344,28.571326346223344,28.571326346223344,28.571326346223344,28.571326346223344,28.571326346223344,28.571326346223344,28.571326346223344,28.571326346223344,28.571326346223344,28.571326346223344,28.571326346223344,,,,,,,,28.603501814470878,,"rgba(38, 166, 154, 0.75)",0.6857079461311739,28.649345465691106,0.1613726877940075,54.67336208590252,2.0097879509216696,True,False,True,False,False,0.0,0.0,0.0,0.0,0.0,0,1.1486810551558755,0.8257394084732212,False,False,False,False,-0.1426348835885626,-0.12565930767127992,False,False,False,False,6055.0,1704.0214008640742,False,False,False,False,99.07471762407837,False,False,False,False
2025-02-13 17:00:00+00:00,28.76,28.76,28.76,28.76,0.0,,28.774594808483698,28.774594808483698,28.808298786653182,28.571326346223344,28.571326346223344,28.571326346223344,28.571326346223344,28.571326346223344,28.571326346223344,28.571326346223344,28.571326346223344,28.571326346223344,28.571326346223344,28.571326346223344,28.571326346223344,28.571326346223344,28.571326346223344,28.571326346223344,28.571326346223344,28.571326346223344,28.571326346223344,28.571326346223344,28.571326346223344,28.571326346223344,28.571326346223344,28.571326346223344,28.571326346223344,28.571326346223344,28.571326346223344,28.571326346223344,,,,,,,,28.603501814470878,,"rgba(38, 166, 154, 0.75)",0.6878997412807326,28.649345465691106,0.16085852002630396,53.21610369362423,2.0097879509216696,True,False,True,False,False,0.0,0.0,0.0,0.0,0.0,0,1.1630695443645085,0.8257394084732212,False,False,False,False,-0.12680091094560045,-0.1262301093084402,False,False,False,False,6055.0,1771.4784334088172,False,False,False,False,97.53867549037173,False,False,False,False
2025-02-14 17:00:00+00:00,28.76,28.76,28.76,28.76,0.0,,28.774594808483698,28.774594808483698,28.808298786653182,28.571326346223344,28.571326346223344,28.571326346223344,28.571326346223344,28.571326346223344,28.571326346223344,28.571326346223344,28.571326346223344,28.571326346223344,28.571326346223344,28.571326346223344,28.571326346223344,28.571326346223344,28.571326346223344,28.571326346223344,28.571326346223344,28.571326346223344,28.571326346223344,28.571326346223344,28.571326346223344,28.571326346223344,28.571326346223344,28.571326346223344,28.571326346223344,28.571326346223344,28.571326346223344,28.571326346223344,,,,,,,,28.603501814470878,,#000000,0.6902450798595486,28.649345465691106,0.16031194938964588,52.24459809877203,2.0097879509216696,True,False,False,False,False,0.0,0.0,0.0,0.0,0.0,0,1.1630695443645085,0.8257394084732212,False,False,False,False,-0.12680091094560045,-0.12651551012702034,False,False,False,False,6055.0,1837.8896204877503,False,False,False,False,96.02644796338922,False,False,False,False
2025-02-17 17:00:00+00:00,28.76,28.76,28.76,28.76,0.0,,28.774594808483698,28.774594808483698,28.808298786653182,28.571326346223344,28.571326346223344,28.571326346223344,28.571326346223344,28.571326346223344,28.571326346223344,28.571326346223344,28.571326346223344,28.571326346223344,28.571326346223344,28.571326346223344,28.571326346223344,28.571326346223344,28.571326346223344,28.571326346223344,28.571326346223344,28.571326346223344,28.571326346223344,28.571326346223344,28.571326346223344,28.571326346223344,28.571326346223344,28.571326346223344,28.571326346223344,28.571326346223344,28.571326346223344,28.571326346223344,,,,,,,,28.603501814470878,,#000000,0.6924691426435963,28.649345465691106,0.15979706169499067,51.5969277022039,5.864765270121609,True,False,False,False,False,0.0,0.0,0.0,0.0,0.0,0,1.1630695443645085,0.8257394084732212,False,False,False,False,-0.12680091094560045,-0.12665821053631038,False,False,False,False,6055.0,1903.271176759258,False,False,False,False,94.53766582442194,False,False,False,False
2025-02-18 17:00:00+00:00,28.76,28.76,28.76,28.76,0.0,,28.774594808483698,28.774594808483698,28.808298786653182,28.571326346223344,28.571326346223344,28.571326346223344,28.571326346223344,28.571326346223344,28.571326346223344,28.571326346223344,28.571326346223344,28.571326346223344,28.571326346223344,28.571326346223344,28.571326346223344,28.571326346223344,28.571326346223344,28.571326346223344,28.571326346223344,28.571326346223344,28.571326346223344,28.571326346223344,28.571326346223344,28.571326346223344,28.571326346223344,28.571326346223344,28.571326346223344,28.571326346223344,28.571326346223344,28.571326346223344,,,,,,,,28.603501814470878,,#000000,0.6945730946299511,28.649345465691106,0.15931301567022207,51.16514743782514,5.167496438050456,True,False,False,False,False,0.0,0.0,0.0,0.0,0.0,0,1.1630695443645085,0.8257394084732212,False,False,False,False,-0.12680091094560045,-0.12672956074095543,False,False,False,False,6055.0,1967.6390654916725,False,False,False,False,93.07196557908206,False,False,False,False
2025-02-19 17:00:00+00:00,28.76,28.76,28.76,28.76,0.0,,28.774594808483698,28.774594808483698,28.808298786653182,28.571326346223344,28.571326346223344,28.571326346223344,28.571326346223344,28.571326346223344,28.571326346223344,28.571326346223344,28.571326346223344,28.571326346223344,28.571326346223344,28.571326346223344,28.571326346223344,28.571326346223344,28.571326346223344,28.571326346223344,28.571326346223344,28.571326346223344,28.571326346223344,28.571326346223344,28.571326346223344,28.571326346223344,28.571326346223344,28.571326346223344,28.571326346223344,28.571326346223344,28.571326346223344,28.571326346223344,,,,,,,,28.603501814470878,,#000000,0.6965580242026674,28.649345465691106,0.1588590332234842,50.87729392823931,4.578421636091065,True,False,False,False,False,0.0,0.0,0.0,0.0,0.0,0,1.1630695443645085,0.8257394084732212,False,False,False,False,-0.13928081578556317,-0.1330051882632593,False,False,False,False,6055.0,2031.0090024607937,False,False,False,False,91.62898936855366,False,False,False,False
2025-02-20 17:00:00+00:00,28.76,28.76,28.76,28.76,0.0,,28.774594808483698,28.774594808483698,28.808298786653182,28.571326346223344,28.571326346223344,28.571326346223344,28.571326346223344,28.571326346223344,28.571326346223344,28.571326346223344,28.571326346223344,28.571326346223344,28.571326346223344,28.571326346223344,28.571326346223344,28.571326346223344,28.571326346223344,28.571326346223344,28.571326346223344,28.571326346223344,28.571326346223344,28.571326346223344,28.571326346223344,28.571326346223344,28.571326346223344,28.571326346223344,28.571326346223344,28.571326346223344,28.571326346223344,28.571326346223344,,,,,,,,28.603501814470878,,#000000,0.698424946150585,28.649345465691106,0.15843439573396653,50.685391588515415,4.06488279490641,True,False,False,False,False,0.0,0.0,0.0,0.0,0.0,0,1.1908325537885875,0.796071094480823,False,False,False,False,-0.13928081578556317,-0.13614300202441124,False,False,False,False,6055.0,2093.3964597869826,False,False,False,False,90.20838488221949,False,False,False,False
2025-02-21 17:00:00+00:00,28.76,28.78,28.76,28.78,31.0,,28.774576509124945,28.774576509124945,28.808026920826013,28.572077932469192,28.572077932469192,28.572077932469192,28.572077932469192,28.572077932469192,28.572077932469192,28.572077932469192,28.572077932469192,28.572077932469192,28.572077932469192,28.572077932469192,28.572077932469192,28.572077932469192,28.572077932469192,28.572077932469192,28.572077932469192,28.572077932469192,28.572077932469192,28.572077932469192,28.572077932469192,28.572077932469192,28.572077932469192,28.572077932469192,28.572077932469192,28.572077932469192,28.572077932469192,28.572077932469192,,,,,,,,28.604125239552605,,#000000,0.6999999485199764,28.649917162871766,0.18583263813557654,51.74117191680675,4.06488279490641,True,False,False,False,False,0.0,0.0,0.0,0.0,0.0,0,1.190121155638397,0.793103448275862,False,False,False,False,-0.13566494141478277,-0.135903971719597,False,False,False,False,6086.0,2155.2972898678045,False,False,False,False,89.29042542668121,False,False,False,False
2025-02-24 17:00:00+00:00,28.78,28.78,28.78,28.78,0.0,,28.774576509124945,28.774576509124945,28.808026920826013,28.572077932469192,28.572077932469192,28.572077932469192,28.572077932469192,28.572077932469192,28.572077932469192,28.572077932469192,28.572077932469192,28.572077932469192,28.572077932469192,28.572077932469192,28.572077932469192,28.572077932469192,28.572077932469192,28.572077932469192,28.572077932469192,28.572077932469192,28.572077932469192,28.572077932469192,28.572077932469192,28.572077932469192,28.572077932469192,28.572077932469192,28.572077932469192,28.572077932469192,28.572077932469192,28.572077932469192,,,,,,,,28.604125239552605,,"rgba(38, 166, 154, 1.0)",0.701466212191926,28.649917162871766,0.1854441951263127,52.44502546900097,4.06488279490641,True,False,True,False,True,0.0,0.0,0.0,0.0,0.0,0,1.1938490214352284,0.793103448275862,False,False,False,False,-0.13205258953498386,-0.13397828062729045,False,False,False,False,6086.0,2216.2384171566755,False,False,False,False,87.9060777456474,False,False,False,False
2025-02-25 17:00:00+00:00,28.78,28.78,28.46,28.46,500.0,,28.735154847680445,28.735154847680445,28.781131416685234,28.57177158816425,28.57177158816425,28.57177158816425,28.57177158816425,28.57177158816425,28.57177158816425,28.57177158816425,28.57177158816425,28.57177158816425,28.57177158816425,28.57177158816425,28.57177158816425,28.57177158816425,28.57177158816425,28.57177158816425,28.57177158816425,28.57177158816425,28.57177158816425,28.57177158816425,28.57177158816425,28.57177158816425,28.57177158816425,28.57177158816425,28.57177158816425,28.57177158816425,28.57177158816425,28.57177158816425,,,,,,,,28.59857790554192,,"rgba(239, 83, 80, 0.5)",0.7064076866936403,28.630327042110135,-0.24111719806922624,42.299410601870626,-3.997449256752809,False,False,False,True,False,0.0,0.0,0.0,0.0,0.0,0,1.1266490765171504,0.804749340369393,False,False,False,False,-0.1903299685656023,-0.16215412459644638,False,False,False,False,5586.0,2268.482782782153,False,False,False,False,94.2951308038544,False,False,False,False
2025-02-26 17:00:00+00:00,28.46,28.46,28.46,28.46,0.0,,28.735154847680445,28.735154847680445,28.781131416685234,28.57177158816425,28.57177158816425,28.57177158816425,28.57177158816425,28.57177158816425,28.57177158816425,28.57177158816425,28.57177158816425,28.57177158816425,28.57177158816425,28.57177158816425,28.57177158816425,28.57177158816425,28.57177158816425,28.57177158816425,28.57177158816425,28.57177158816425,28.57177158816425,28.57177158816425,28.57177158816425,28.57177158816425,28.57177158816425,28.57177158816425,28.57177158816425,28.57177158816425,28.57177158816425,28.57177158816425,,,,,,,,28.59857790554192,,"rgba(239, 83, 80, 1.0)",0.7110813488516797,28.630327042110135,-0.23953242816056747,35.53566735711706,-9.743240364958062,False,True,False,True,False,0.0,0.0,0.0,0.0,0.0,0,1.1266490765171504,0.86103781882146,False,False,False,False,-0.24991495189388588,-0.20603453824516613,False,False,False,False,5586.0,2319.917158242895,False,False,False,False,92.83319079139154,False,False,False,False
2025-02-27 17:00:00+00:00,28.46,28.46,28.46,28.46,0.0,,28.735154847680445,28.735154847680445,28.781131416685234,28.57177158816425,28.57177158816425,28.57177158816425,28.57177158816425,28.57177158816425,28.57177158816425,28.57177158816425,28.57177158816425,28.57177158816425,28.57177158816425,28.57177158816425,28.57177158816425,28.57177158816425,28.57177158816425,28.57177158816425,28.57177158816425,28.57177158816425,28.57177158816425,28.57177158816425,28.57177158816425,28.57177158816425,28.57177158816425,28.57177158816425,28.57177158816425,28.57177158816425,28.57177158816425,28.57177158816425,,,,,,,,28.59857790554192,,"rgba(239, 83, 80, 1.0)",0.7154924468095243,28.630327042110135,-0.2380556816073255,31.026505193948026,-13.338840635536279,False,True,False,True,False,0.0,0.0,0.0,0.0,0.0,0,1.1266490765171504,0.86103781882146,False,False,False,False,-0.24991495189388588,-0.227974745069526,False,False,False,False,5586.0,2370.5541015259505,False,False,False,False,91.39391651555601,False,False,False,False
2025-02-28 17:00:00+00:00,28.46,28.46,28.46,28.46,0.0,,28.735154847680445,28.735154847680445,28.781131416685234,28.57177158816425,28.57177158816425,28.57177158816425,28.57177158816425,28.57177158816425,28.57177158816425,28.57177158816425,28.57177158816425,28.57177158816425,28.57177158816425,28.57177158816425,28.57177158816425,28.57177158816425,28.57177158816425,28.57177158816425,28.57177158816425,28.57177158816425,28.57177158816425,28.57177158816425,28.57177158816425,28.57177158816425,28.57177158816425,28.57177158816425,28.57177158816425,28.57177158816425,28.57177158816425,28.57177158816425,,,,,,,,28.59857790554192,,"rgba(239, 83, 80, 1.0)",0.7196458087768787,28.630327042110135,-0.23668176765960036,28.020397085168668,-15.685044489000198,False,True,False,True,False,0.0,0.0,0.0,0.0,0.0,0,1.1266490765171504,0.86103781882146,False,False,False,False,-0.24991495189388588,-0.23894484848170594,False,False,False,False,5586.0,2420.4059759208967,False,False,False,False,89.9769565695784,False,False,False,False
2025-03-03 17:00:00+00:00,28.46,28.46,28.46,28.46,0.0,,28.735154847680445,28.735154847680445,28.781131416685234,28.57177158816425,28.57177158816425,28.57177158816425,28.57177158816425,28.57177158816425,28.57177158816425,28.57177158816425,28.57177158816425,28.57177158816425,28.57177158816425,28.57177158816425,28.57177158816425,28.57177158816425,28.57177158816425,28.57177158816425,28.57177158816425,28.57177158816425,28.57177158816425,28.57177158816425,28.57177158816425,28.57177158816425,28.57177158816425,28.57177158816425,28.57177158816425,28.57177158816425,28.57177158816425,28.57177158816425,,,,,,,,28.59857790554192,,"rgba(239, 83, 80, 1.0)",0.7235458732040888,28.630327042110135,-0.235406003154814,26.01632501264909,-17.31815296789918,False,True,False,True,False,0.0,0.0,0.0,0.0,0.0,0,1.1266490765171504,0.86103781882146,False,False,False,False,-0.24991495189388588,-0.24442990018779592,False,False,False,False,5586.0,2469.484953038402,False,False,False,False,88.58196499485625,False,False,False,False
2025-03-04 17:00:00+00:00,28.46,28.46,28.46,28.46,0.0,,28.735154847680445,28.735154847680445,28.781131416685234,28.57177158816425,28.57177158816425,28.57177158816425,28.57177158816425,28.57177158816425,28.57177158816425,28.57177158816425,28.57177158816425,28.57177158816425,28.57177158816425,28.57177158816425,28.57177158816425,28.57177158816425,28.57177158816425,28.57177158816425,28.57177158816425,28.57177158816425,28.57177158816425,28.57177158816425,28.57177158816425,28.57177158816425,28.57177158816425,28.57177158816425,28.57177158816425,28.57177158816425,28.57177158816425,28.57177158816425,,,,,,,,28.59857790554192,,"rgba(239, 83, 80, 1.0)",0.727196715520016,28.630327042110135,-0.23422416311153726,24.680276964302706,-18.54980039227182,False,True,False,True,False,0.0,0.0,0.0,0.0,0.0,0,1.1266490765171504,0.86103781882146,False,False,False,False,-0.24991495189388588,-0.2471724260408409,False,False,False,False,5586.0,2517.8030157819926,False,False,False,False,87.20860119648638,False,False,False,False
2025-03-05 17:00:00+00:00,28.46,28.46,28.46,28.46,0.0,,28.735154847680445,28.735154847680445,28.781131416685234,28.57177158816425,28.57177158816425,28.57177158816425,28.57177158816425,28.57177158816425,28.57177158816425,28.57177158816425,28.57177158816425,28.57177158816425,28.57177158816425,28.57177158816425,28.57177158816425,28.57177158816425,28.57177158816425,28.57177158816425,28.57177158816425,28.57177158816425,28.57177158816425,28.57177158816425,28.57177158816425,28.57177158816425,28.57177158816425,28.57177158816425,28.57177158816425,28.57177158816425,28.57177158816425,28.57177158816425,,,,,,,,28.59857790554192,,"rgba(239, 83, 80, 1.0)",0.7228769349364369,28.630327042110135,-0.23562384394670355,23.78957826540512,-19.55540972767347,False,True,False,True,False,0.0,0.0,0.0,0.0,0.0,0,1.1266490765171504,0.86103781882146,False,False,False,False,-0.24991495189388588,-0.2485436889673634,False,False,False,False,5586.0,2565.3719612737445,False,False,False,False,85.85652986010675,False,False,False,False
2025-03-06 17:00:00+00:00,28.46,28.46,28.46,28.46,0.0,,28.735154847680445,28.735154847680445,28.781131416685234,28.57177158816425,28.57177158816425,28.57177158816425,28.57177158816425,28.57177158816425,28.57177158816425,28.57177158816425,28.57177158816425,28.57177158816425,28.57177158816425,28.57177158816425,28.57177158816425,28.57177158816425,28.57177158816425,28.57177158816425,28.57177158816425,28.57177158816425,28.57177158816425,28.57177158816425,28.57177158816425,28.57177158816425,28.57177158816425,28.57177158816425,28.57177158816425,28.57177158816425,28.57177158816425,28.57177158816425,,,,,,,,28.59857790554192,,"rgba(239, 83, 80, 1.0)",0.7178727835301786,28.630327042110135,-0.237266331887583,23.195779132806727,-20.429572234651477,False,True,False,True,False,0.0,0.0,0.0,0.0,0.0,0,1.1266490765171504,0.86103781882146,False,False,False,False,-0.24991495189388588,-0.24922932043062462,False,False,False,False,5586.0,2612.2034037346166,False,False,False,False,84.52542087002757,False,False,False,False
2025-03-07 17:00:00+00:00,28.46,28.46,28.46,28.46,0.0,,28.735154847680445,28.735154847680445,28.781131416685234,28.57177158816425,28.57177158816425,28.57177158816425,28.57177158816425,28.57177158816425,28.57177158816425,28.57177158816425,28.57177158816425,28.57177158816425,28.57177158816425,28.57177158816425,28.57177158816425,28.57177158816425,28.57177158816425,28.57177158816425,28.57177158816425,28.57177158816425,28.57177158816425,28.57177158816425,28.57177158816425,28.57177158816425,28.57177158816425,28.57177158816425,28.57177158816425,28.57177158816425,28.57177158816425,28.57177158816425,,,,,,,,28.59857790554192,,"rgba(239, 83, 80, 1.0)",0.7121698349929642,28.630327042110135,-0.239166324858195,22.799913044407795,-21.220270219115143,False,True,False,True,False,0.0,0.0,0.0,0.0,0.0,0,1.1266490765171504,0.86103781882146,False,False,False,False,-0.24991495189388588,-0.24957213616225526,False,False,False,False,5586.0,2658.3087773201264,False,False,False,False,83.2149492286318,False,False,False,False
2025-03-10 17:00:00+00:00,28.46,28.46,28.46,28.46,0.0,,28.735154847680445,28.735154847680445,28.781131416685234,28.57177158816425,28.57177158816425,28.57177158816425,28.57177158816425,28.57177158816425,28.57177158816425,28.57177158816425,28.57177158816425,28.57177158816425,28.57177158816425,28.57177158816425,28.57177158816425,28.57177158816425,28.57177158816425,28.57177158816425,28.57177158816425,28.57177158816425,28.57177158816425,28.57177158816425,28.57177158816425,28.57177158816425,28.57177158816425,28.57177158816425,28.57177158816425,28.57177158816425,28.57177158816425,28.57177158816425,,,,,,,,28.59857790554192,,"rgba(239, 83, 80, 1.0)",0.7057511492620577,28.630327042110135,-0.24134150158767786,22.536002318808507,-21.949674955095013,False,True,False,True,False,0.0,0.0,0.0,0.0,0.0,0,1.1266490765171504,0.86103781882146,False,False,False,False,-0.24991495189388588,-0.24974354402807059,False,False,False,False,5586.0,2703.699338912062,False,False,False,False,81.9247949770251,False,False,False,False
2025-03-11 17:00:00+00:00,27.32,27.32,27.32,27.32,0.0,,28.735154847680445,28.735154847680445,28.781131416685234,28.57177158816425,28.57177158816425,28.57177158816425,28.57177158816425,28.57177158816425,28.57177158816425,28.57177158816425,28.57177158816425,28.57177158816425,28.57177158816425,28.57177158816425,28.57177158816425,28.57177158816425,28.57177158816425,28.57177158816425,28.57177158816425,28.57177158816425,28.57177158816425,28.57177158816425,28.57177158816425,28.57177158816425,28.57177158816425,28.57177158816425,28.57177158816425,28.57177158816425,28.57177158816425,28.57177158816425,,,,,,,,28.59857790554192,,"rgba(239, 83, 80, 1.0)",0.723131877123212,28.630327042110135,-1.8120167061683448,15.95962692445467,-28.3869018857009,False,True,False,True,False,0.0,0.0,0.0,0.0,0.0,0,1.1054945054945053,0.8842490842490843,False,False,False,False,-0.34282825441539394,-0.29628589922173226,False,False,False,False,5586.0,2748.3861708669137,False,False,False,False,80.65464311691618,False,False,False,False
2025-03-12 17:00:00+00:00,27.32,27.32,27.32,27.32,0.0,,28.735154847680445,28.735154847680445,28.781131416685234,28.57177158816425,28.57177158816425,28.57177158816425,28.57177158816425,28.57177158816425,28.57177158816425,28.57177158816425,28.57177158816425,28.57177158816425,28.57177158816425,28.57177158816425,28.57177158816425,28.57177158816425,28.57177158816425,28.57177158816425,28.57177158816425,28.57177158816425,28.57177158816425,28.57177158816425,28.57177158816425,28.57177158816425,28.57177158816425,28.57177158816425,28.57177158816425,28.57177158816425,28.57177158816425,28.57177158816425,,,,,,,,28.59857790554192,,"rgba(239, 83, 80, 1.0)",0.7382476939738343,28.630327042110135,-1.7749151847084224,11.575376661552111,-32.46981095310829,False,True,False,True,False,0.0,0.0,0.0,0.0,0.0,0,1.1054945054945053,0.8842490842490843,False,False,False,False,-0.34282825441539394,-0.3195570768185631,False,False,False,False,5586.0,2792.38018372169,False,False,False,False,79.40418353370818,False,False,False,False
2025-03-13 17:00:00+00:00,27.32,27.32,27.32,27.32,0.0,,28.735154847680445,28.735154847680445,28.781131416685234,28.57177158816425,28.57177158816425,28.57177158816425,28.57177158816425,28.57177158816425,28.57177158816425,28.57177158816425,28.57177158816425,28.57177158816425,28.57177158816425,28.57177158816425,28.57177158816425,28.57177158816425,28.57177158816425,28.57177158816425,28.57177158816425,28.57177158816425,28.57177158816425,28.57177158816425,28.57177158816425,28.57177158816425,28.57177158816425,28.57177158816425,28.57177158816425,28.57177158816425,28.57177158816425,28.57177158816425,,,,,,,,28.59857790554192,,"rgba(239, 83, 80, 1.0)",0.7512353309866003,28.630327042110135,-1.7442297880070115,8.652543152950404,-35.1456952411465,False,True,False,True,False,0.0,0.0,0.0,0.0,0.0,0,1.1054945054945053,0.8842490842490843,False,False,False,False,-0.34282825441539394,-0.3311926656169785,False,False,False,False,5586.0,2835.6921188577876,False,False,False,False,78.17311092078246,False,False,False,False
2025-03-14 17:00:00+00:00,27.32,27.32,27.32,27.32,0.0,,28.735154847680445,28.735154847680445,28.781131416685234,28.57177158816425,28.57177158816425,28.57177158816425,28.57177158816425,28.57177158816425,28.57177158816425,28.57177158816425,28.57177158816425,28.57177158816425,28.57177158816425,28.57177158816425,28.57177158816425,28.57177158816425,28.57177158816425,28.57177158816425,28.57177158816425,28.57177158816425,28.57177158816425,28.57177158816425,28.57177158816425,28.57177158816425,28.57177158816425,28.57177158816425,28.57177158816425,28.57177158816425,28.57177158816425,28.57177158816425,,,,,,,,28.59857790554192,,"rgba(239, 83, 80, 1.0)",0.7622035858655669,28.630327042110135,-1.7191299889019978,6.703987480549267,-36.98941830938301,False,True,False,True,False,0.0,0.0,0.0,0.0,0.0,0,1.1054945054945053,0.8842490842490843,False,False,False,False,-0.34282825441539394,-0.33701046001618623,False,False,False,False,5586.0,2878.332551123558,False,False,False,False,76.96112470495638,False,False,False,False
2025-03-17 17:00:00+00:00,27.47,27.47,27.47,27.47,0.0,,28.735154847680445,28.735154847680445,28.781131416685234,28.57177158816425,28.57177158816425,28.57177158816425,28.57177158816425,28.57177158816425,28.57177158816425,28.57177158816425,28.57177158816425,28.57177158816425,28.57177158816425,28.57177158816425,28.57177158816425,28.57177158816425,28.57177158816425,28.57177158816425,28.57177158816425,28.57177158816425,28.57177158816425,28.57177158816425,28.57177158816425,28.57177158816425,28.57177158816425,28.57177158816425,28.57177158816425,28.57177158816425,28.57177158816425,28.57177158816425,,,,,,,,28.59857790554192,,"rgba(239, 83, 80, 0.75)",0.7673565247237145,28.630327042110135,-1.5121094363899625,10.437039883168913,-36.98941830938301,False,True,False,True,True,0.0,0.0,0.0,0.0,0.0,0,1.1032258064516127,0.8867383512544803,False,False,False,False,-0.3030819019479762,-0.3200461809820812,False,False,False,False,5586.0,2920.311891416216,False,False,False,False,75.76792897309659,False,False,False,False
2025-03-18 17:00:00+00:00,27.47,27.47,27.47,27.47,0.0,,28.735154847680445,28.735154847680445,28.781131416685234,28.57177158816425,28.57177158816425,28.57177158816425,28.57177158816425,28.57177158816425,28.57177158816425,28.57177158816425,28.57177158816425,28.57177158816425,28.57177158816425,28.57177158816425,28.57177158816425,28.57177158816425,28.57177158816425,28.57177158816425,28.57177158816425,28.57177158816425,28.57177158816425,28.57177158816425,28.57177158816425,28.57177158816425,28.57177158816425,28.57177158816425,28.57177158816425,28.57177158816425,28.57177158816425,28.57177158816425,,,,,,,,28.59857790554192,,"rgba(239, 83, 80, 0.75)",0.7708845276401479,28.630327042110135,-1.505189169721904,12.925741484915344,-36.98941830938301,False,True,False,True,True,0.0,0.0,0.0,0.0,0.0,0,1.1032258064516127,0.8867383512544803,False,False,False,False,-0.3030819019479762,-0.3115640414650287,False,False,False,False,5586.0,2961.6403892237163,False,False,False,False,74.59323239987029,False,False,False,False
2025-03-19 17:00:00+00:00,27.47,27.47,27.47,27.47,0.0,,28.735154847680445,28.735154847680445,28.781131416685234,28.57177158816425,28.57177158816425,28.57177158816425,28.57177158816425,28.57177158816425,28.57177158816425,28.57177158816425,28.57177158816425,28.57177158816425,28.57177158816425,28.57177158816425,28.57177158816425,28.57177158816425,28.57177158816425,28.57177158816425,28.57177158816425,28.57177158816425,28.57177158816425,28.57177158816425,28.57177158816425,28.57177158816425,28.57177158816425,28.57177158816425,28.57177158816425,28.57177158816425,28.57177158816425,28.57177158816425,,,,,,,,28.59857790554192,,"rgba(239, 83, 80, 0.75)",0.772809849227532,28.630327042110135,-1.501439252191144,14.584875886079631,-41.99115615250417,False,True,False,True,True,0.0,0.0,0.0,0.0,0.0,0,1.1032258064516127,0.8867383512544803,False,False,False,False,-0.3030819019479762,-0.30732297170650247,False,False,False,False,5586.0,3002.3281351272244,False,False,False,False,73.43674817661649,False,False,False,False
2025-03-20 17:00:00+00:00,27.47,27.47,27.47,27.47,0.0,,28.735154847680445,28.735154847680445,28.781131416685234,28.57177158816425,28.57177158816425,28.57177158816425,28.57177158816425,28.57177158816425,28.57177158816425,28.57177158816425,28.57177158816425,28.57177158816425,28.57177158816425,28.57177158816425,28.57177158816425,28.57177158816425,28.57177158816425,28.57177158816425,28.57177158816425,28.57177158816425,28.57177158816425,28.57177158816425,28.57177158816425,28.57177158816425,28.57177158816425,28.57177158816425,28.57177158816425,28.57177158816425,28.57177158816425,28.57177158816425,,,,,,,,28.59857790554192,,"rgba(239, 83, 80, 0.75)",0.7731444628013426,28.630327042110135,-1.5007894357878615,15.690965486855823,-40.71459678712929,False,True,False,True,True,0.0,0.0,0.0,0.0,0.0,0,1.1032258064516127,0.8867383512544803,False,False,False,False,-0.3030819019479762,-0.30520243682723935,False,False,False,False,5586.0,3042.385063264787,False,False,False,False,72.29819394132011,False,False,False,False
2025-03-21 17:00:00+00:00,27.47,27.47,27.47,27.47,0.0,,28.735154847680445,28.735154847680445,28.781131416685234,28.57177158816425,28.57177158816425,28.57177158816425,28.57177158816425,28.57177158816425,28.57177158816425,28.57177158816425,28.57177158816425,28.57177158816425,28.57177158816425,28.57177158816425,28.57177158816425,28.57177158816425,28.57177158816425,28.57177158816425,28.57177158816425,28.57177158816425,28.57177158816425,28.57177158816425,28.57177158816425,28.57177158816425,28.57177158816425,28.57177158816425,28.57177158816425,28.57177158816425,28.57177158816425,28.57177158816425,,,,,,,,28.59857790554192,,"rgba(239, 83, 80, 0.75)",0.7718904370743699,28.630327042110135,-1.503227642653567,16.428358554039953,-39.68561988636101,False,True,False,True,True,0.0,0.0,0.0,0.0,0.0,0,1.1032258064516127,0.8867383512544803,False,False,False,False,-0.3030819019479762,-0.30414216938760774,False,False,False,False,5586.0,3081.8209537568055,False,False,False,False,71.17729170967174,False,False,False,False
2025-03-24 17:00:00+00:00,27.47,27.47,27.47,27.47,0.0,,28.735154847680445,28.735154847680445,28.781131416685234,28.57177158816425,28.57177158816425,28.57177158816425,28.57177158816425,28.57177158816425,28.57177158816425,28.57177158816425,28.57177158816425,28.57177158816425,28.57177158816425,28.57177158816425,28.57177158816425,28.57177158816425,28.57177158816425,28.57177158816425,28.57177158816425,28.57177158816425,28.57177158816425,28.57177158816425,28.57177158816425,28.57177158816425,28.57177158816425,28.57177158816425,28.57177158816425,28.57177158816425,28.57177158816425,28.57177158816425,,,,,,,,28.59857790554192,,"rgba(239, 83, 80, 0.75)",0.7690400005997973,28.630327042110135,-1.5087993358019904,16.919953932162706,-38.812011254940636,False,True,False,True,True,0.0,0.0,0.0,0.0,0.0,0,1.1032258064516127,0.8867383512544803,False,False,False,False,-0.3030819019479762,-0.30361203566779194,False,False,False,False,5586.0,3120.645435093909,False,False,False,False,70.0737678071962,False,False,False,False
2025-03-25 17:00:00+00:00,27.47,27.47,27.47,27.47,0.0,,28.735154847680445,28.735154847680445,28.781131416685234,28.57177158816425,28.57177158816425,28.57177158816425,28.57177158816425,28.57177158816425,28.57177158816425,28.57177158816425,28.57177158816425,28.57177158816425,28.57177158816425,28.57177158816425,28.57177158816425,28.57177158816425,28.57177158816425,28.57177158816425,28.57177158816425,28.57177158816425,28.57177158816425,28.57177158816425,28.57177158816425,28.57177158816425,28.57177158816425,28.57177158816425,28.57177158816425,28.57177158816425,28.57177158816425,28.57177158816425,,,,,,,,28.59857790554192,,"rgba(239, 83, 80, 0.75)",0.764575298703404,28.630327042110135,-1.5176098993491725,17.24768418424454,-38.04328693847238,False,True,False,True,True,0.0,0.0,0.0,0.0,0.0,0,1.1032258064516127,0.8867383512544803,False,False,False,False,-0.3030819019479762,-0.30334696880788403,False,False,False,False,5586.0,3158.8679864878013,False,False,False,False,68.98735280243348,False,False,False,False
2025-03-26 17:00:00+00:00,27.47,27.47,27.47,27.47,0.0,,28.735154847680445,28.735154847680445,28.781131416685234,28.57177158816425,28.57177158816425,28.57177158816425,28.57177158816425,28.57177158816425,28.57177158816425,28.57177158816425,28.57177158816425,28.57177158816425,28.57177158816425,28.57177158816425,28.57177158816425,28.57177158816425,28.57177158816425,28.57177158816425,28.57177158816425,28.57177158816425,28.57177158816425,28.57177158816425,28.57177158816425,28.57177158816425,28.57177158816425,28.57177158816425,28.57177158816425,28.57177158816425,28.57177158816425,28.57177158816425,,,,,,,,28.59857790554192,,"rgba(239, 83, 80, 0.75)",0.7584678249216984,28.630327042110135,-1.5298302762281637,17.466171018965763,-37.352773741107285,False,True,False,True,True,0.0,0.0,0.0,0.0,0.0,0,1.1032258064516127,0.8867383512544803,False,False,False,False,-0.3030819019479762,-0.30321443537793014,False,False,False,False,5586.0,3196.4979401856644,False,False,False,False,67.91778144115544,False,False,False,False
2025-03-27 17:00:00+00:00,27.47,27.5,27.47,27.5,58.0,,28.708357452071738,28.708357452071738,28.76465493215988,28.564713910761157,28.564713910761157,28.564713910761157,28.564713910761157,28.564713910761157,28.564713910761157,28.564713910761157,28.564713910761157,28.564713910761157,28.564713910761157,28.564713910761157,28.564713910761157,28.564713910761157,28.564713910761157,28.564713910761157,28.564713910761157,28.564713910761157,28.564713910761157,28.564713910761157,28.564713910761157,28.564713910761157,28.564713910761157,28.564713910761157,28.564713910761157,28.564713910761157,28.564713910761157,28.564713910761157,,,,,,,,28.589075315962152,,"rgba(239, 83, 80, 0.75)",0.7500798756264755,28.044936248094942,-0.726504290812768,19.631983009420473,-34.90868828720305,False,True,False,True,True,0.0,0.0,0.0,0.0,0.0,0,1.1027837259100641,0.8829407566024268,False,False,False,False,-0.2991597490766772,-0.30118709222730367,False,False,False,False,5644.0,3234.443708554879,False,False,False,False,67.76401738780419,False,False,False,False
2025-03-28 17:00:00+00:00,27.5,27.5,27.5,27.5,0.0,,28.708357452071738,28.708357452071738,28.76465493215988,28.564713910761157,28.564713910761157,28.564713910761157,28.564713910761157,28.564713910761157,28.564713910761157,28.564713910761157,28.564713910761157,28.564713910761157,28.564713910761157,28.564713910761157,28.564713910761157,28.564713910761157,28.564713910761157,28.564713910761157,28.564713910761157,28.564713910761157,28.564713910761157,28.564713910761157,28.564713910761157,28.564713910761157,28.564713910761157,28.564713910761157,28.564713910761157,28.564713910761157,28.564713910761157,28.564713910761157,,,,,,,,28.589075315962152,,"rgba(239, 83, 80, 0.75)",0.7399780371710387,28.044936248094942,-0.7364221919048458,21.075857669723614,-33.24947922445759,False,True,False,True,True,0.0,0.0,0.0,0.0,0.0,0,1.107066381156317,0.8829407566024268,False,False,False,False,-0.2952465149494202,-0.29821680358836195,False,False,False,False,5644.0,3271.801170437749,False,False,False,False,66.71341246706304,False,False,False,False
2025-03-31 17:00:00+00:00,27.5,27.5,27.5,27.5,0.0,,28.708357452071738,28.708357452071738,28.76465493215988,28.564713910761157,28.564713910761157,28.564713910761157,28.564713910761157,28.564713910761157,28.564713910761157,28.564713910761157,28.564713910761157,28.564713910761157,28.564713910761157,28.564713910761157,28.564713910761157,28.564713910761157,28.564713910761157,28.564713910761157,28.564713910761157,28.564713910761157,28.564713910761157,28.564713910761157,28.564713910761157,28.564713910761157,28.564713910761157,28.564713910761157,28.564713910761157,28.564713910761157,28.564713910761157,28.564713910761157,,,,,,,,28.589075315962152,,"rgba(239, 83, 80, 0.75)",0.7280909754065591,28.044936248094942,-0.7484452719533498,22.038440776592374,-32.072326934945366,False,True,False,True,True,0.0,0.0,0.0,0.0,0.0,0,1.1138952164009113,0.9392558845861809,False,False,False,False,-0.2952465149494202,-0.2967316592688911,False,False,False,False,5644.0,3308.5794468650706,False,False,False,False,65.67909599470546,False,False,False,False
2025-04-01 17:00:00+00:00,27.5,27.5,27.5,27.5,0.0,,28.708357452071738,28.708357452071738,28.76465493215988,28.564713910761157,28.564713910761157,28.564713910761157,28.564713910761157,28.564713910761157,28.564713910761157,28.564713910761157,28.564713910761157,28.564713910761157,28.564713910761157,28.564713910761157,28.564713910761157,28.564713910761157,28.564713910761157,28.564713910761157,28.564713910761157,28.564713910761157,28.564713910761157,28.564713910761157,28.564713910761157,28.564713910761157,28.564713910761157,28.564713910761157,28.564713910761157,28.564713910761157,28.564713910761157,28.564713910761157,,,,,,,,28.589075315962152,,"rgba(239, 83, 80, 0.75)",0.714329572913472,28.044936248094942,-0.7628639059032082,22.680162847838215,-31.193022085470783,False,True,False,True,True,0.0,0.0,0.0,0.0,0.0,0,1.0501138952164006,0.9392558845861809,False,False,False,False,-0.2952465149494202,-0.29598908710915567,False,False,False,False,5644.0,3344.78751745631,False,False,False,False,64.66081543664801,False,False,False,False
2025-04-02 17:00:00+00:00,27.455,27.485,27.38,27.485,0.0,,28.708357452071738,28.708357452071738,28.76465493215988,28.564713910761157,28.564713910761157,28.564713910761157,28.564713910761157,28.564713910761157,28.564713910761157,28.564713910761157,28.564713910761157,28.564713910761157,28.564713910761157,28.564713910761157,28.564713910761157,28.564713910761157,28.564713910761157,28.564713910761157,28.564713910761157,28.564713910761157,28.564713910761157,28.564713910761157,28.564713910761157,28.564713910761157,28.564713910761157,28.564713910761157,28.564713910761157,28.564713910761157,28.564713910761157,28.564713910761157,,,,,,,,28.589075315962152,,"rgba(239, 83, 80, 0.75)",0.6988618997734517,28.044936248094942,-0.80121158168224,22.66207116702777,-30.905942558963524,False,True,False,True,True,0.0,0.0,0.0,0.0,0.0,0,1.0335570469798654,0.9403430275913499,False,False,False,False,-0.3129273030946487,-0.3044581951019022,False,False,False,False,5644.0,3380.434222612026,False,False,False,False,63.65832217406432,False,False,False,False
2025-04-03 17:00:00+00:00,26.96,27.04,26.96,26.99,0.0,,28.708357452071738,28.708357452071738,28.76465493215988,28.564713910761157,28.564713910761157,28.564713910761157,28.564713910761157,28.564713910761157,28.564713910761157,28.564713910761157,28.564713910761157,28.564713910761157,28.564713910761157,28.564713910761157,28.564713910761157,28.564713910761157,28.564713910761157,28.564713910761157,28.564713910761157,28.564713910761157,28.564713910761157,28.564713910761157,28.564713910761157,28.564713910761157,28.564713910761157,28.564713910761157,28.564713910761157,28.564713910761157,28.564713910761157,28.564713910761157,,,,,,,,28.589075315962152,,"rgba(239, 83, 80, 1.0)",0.6927366086825573,28.044936248094942,-1.5228533253081793,17.562772242250688,-28.6973142610033,False,True,False,True,False,0.0,0.0,0.0,0.0,0.0,0,1.0055325034578146,0.9446749654218536,False,False,False,False,-0.34282825441539394,-0.32364322475864804,False,False,False,False,5644.0,3415.5282656723048,False,False,False,False,62.67137144268347,False,False,False,False
2025-04-04 17:00:00+00:00,26.55,26.55,26.55,26.55,0.0,,28.708357452071738,28.708357452071738,28.76465493215988,28.564713910761157,28.564713910761157,28.564713910761157,28.564713910761157,28.564713910761157,28.564713910761157,28.564713910761157,28.564713910761157,28.564713910761157,28.564713910761157,28.564713910761157,28.564713910761157,28.564713910761157,28.564713910761157,28.564713910761157,28.564713910761157,28.564713910761157,28.564713910761157,28.564713910761157,28.564713910761157,28.564713910761157,28.564713910761157,28.564713910761157,28.564713910761157,28.564713910761157,28.564713910761157,28.564713910761157,,,,,,,,28.589075315962152,,"rgba(239, 83, 80, 1.0)",0.697800063003671,28.044936248094942,-2.142356138031871,13.174438404144512,-32.686395401885676,False,True,False,True,False,0.0,0.0,0.0,0.0,0.0,0,1.0013037809647982,0.9543676662320733,False,False,False,False,-0.34282825441539394,-0.333235739587021,False,False,False,False,5644.0,3450.0782150417263,False,False,False,False,61.699722273029465,False,False,False,False
2025-04-07 17:00:00+00:00,25.875,25.875,25.875,25.875,0.0,,28.708357452071738,28.708357452071738,28.76465493215988,28.564713910761157,28.564713910761157,28.564713910761157,28.564713910761157,28.564713910761157,28.564713910761157,28.564713910761157,28.564713910761157,28.564713910761157,28.564713910761157,28.564713910761157,28.564713910761157,28.564713910761157,28.564713910761157,28.564713910761157,28.564713910761157,28.564713910761157,28.564713910761157,28.564713910761157,28.564713910761157,28.564713910761157,28.564713910761157,28.564713910761157,28.564713910761157,28.564713910761157,28.564713910761157,28.564713910761157,,,,,,,,28.589075315962152,,"rgba(239, 83, 80, 1.0)",0.7265040503225926,28.044936248094942,-2.9868192023587703,9.647708535507066,-35.770497205194935,False,True,False,True,False,0.0,0.0,0.0,0.0,0.0,0,1.001198322348712,0.9580587177950871,True,False,False,False,-0.34282825441539394,-0.33803199700120745,False,False,False,False,5644.0,3484.0925062813894,True,False,False,False,60.743137431587144,False,False,False,False
2025-04-08 17:00:00+00:00,25.875,25.875,25.875,25.875,0.0,,28.708357452071738,28.708357452071738,28.76465493215988,28.564713910761157,28.564713910761157,28.564713910761157,28.564713910761157,28.564713910761157,28.564713910761157,28.564713910761157,28.564713910761157,28.564713910761157,28.564713910761157,28.564713910761157,28.564713910761157,28.564713910761157,28.564713910761157,28.564713910761157,28.564713910761157,28.564713910761157,28.564713910761157,28.564713910761157,28.564713910761157,28.564713910761157,28.564713910761157,28.564713910761157,28.564713910761157,28.564713910761157,28.564713910761157,28.564713910761157,,,,,,,,28.589075315962152,,"rgba(239, 83, 80, 1.0)",0.7498796179664016,28.044936248094942,-2.8937127988350873,7.296555289748769,-37.78652493493929,False,True,False,True,False,0.0,0.0,0.0,0.0,0.0,0,1.001198322348712,0.9580587177950871,True,False,False,False,-0.34282825441539394,-0.34043012570830067,False,False,False,False,5644.0,3517.5794441685,True,False,False,False,59.801383362880365,False,False,False,False
2025-04-09 17:00:00+00:00,25.875,25.875,25.875,25.875,0.0,,28.708357452071738,28.708357452071738,28.76465493215988,28.564713910761157,28.564713910761157,28.564713910761157,28.564713910761157,28.564713910761157,28.564713910761157,28.564713910761157,28.564713910761157,28.564713910761157,28.564713910761157,28.564713910761157,28.564713910761157,28.564713910761157,28.564713910761157,28.564713910761157,28.564713910761157,28.564713910761157,28.564713910761157,28.564713910761157,28.564713910761157,28.564713910761157,28.564713910761157,28.564713910761157,28.564713910761157,28.564713910761157,28.564713910761157,28.564713910761157,,,,,,,,28.589075315962152,,"rgba(239, 83, 80, 1.0)",0.7684132005938208,28.044936248094942,-2.823918493875483,5.7291197925765704,-39.17941334315782,False,True,False,True,False,0.0,0.0,0.0,0.0,0.0,0,1.001198322348712,0.9580587177950871,True,False,False,False,-0.34282825441539394,-0.34162919006184733,False,False,False,False,5644.0,3550.547204724027,True,False,False,False,58.87423013244811,False,False,False,False
2025-04-10 17:00:00+00:00,25.875,25.875,25.875,25.875,0.0,,28.708357452071738,28.708357452071738,28.76465493215988,28.564713910761157,28.564713910761157,28.564713910761157,28.564713910761157,28.564713910761157,28.564713910761157,28.564713910761157,28.564713910761157,28.564713910761157,28.564713910761157,28.564713910761157,28.564713910761157,28.564713910761157,28.564713910761157,28.564713910761157,28.564713910761157,28.564713910761157,28.564713910761157,28.564713910761157,28.564713910761157,28.564713910761157,28.564713910761157,28.564713910761157,28.564713910761157,28.564713910761157,28.564713910761157,28.564713910761157,,,,,,,,28.589075315962152,,"rgba(239, 83, 80, 1.0)",0.7824489448848032,28.044936248094942,-2.7732624119193012,4.684162794461772,-40.21182317910141,False,True,False,True,False,0.0,0.0,0.0,0.0,0.0,0,1.001198322348712,0.9580587177950871,True,False,False,False,-0.34282825441539394,-0.34222872223862066,False,False,False,False,5644.0,3583.0038372089257,True,False,False,False,57.96145137070473,False,False,False,False
2025-04-11 17:00:00+00:00,25.875,25.875,25.875,25.875,0.0,,28.708357452071738,28.708357452071738,28.76465493215988,28.564713910761157,28.564713910761157,28.564713910761157,28.564713910761157,28.564713910761157,28.564713910761157,28.564713910761157,28.564713910761157,28.564713910761157,28.564713910761157,28.564713910761157,28.564713910761157,28.564713910761157,28.564713910761157,28.564713910761157,28.564713910761157,28.564713910761157,28.564713910761157,28.564713910761157,28.564713910761157,28.564713910761157,28.564713910761157,28.564713910761157,28.564713910761157,28.564713910761157,28.564713910761157,28.564713910761157,,,,,,,,28.589075315962152,,"rgba(239, 83, 80, 1.0)",0.8240362812357123,28.044936248094942,-2.633301830886546,3.987524795718572,-41.03492775523819,False,True,False,True,False,0.0,0.0,0.0,0.0,0.0,0,1.001198322348712,0.9580587177950871,True,False,False,False,-0.34282825441539394,-0.34252848832700733,False,False,False,False,5644.0,3614.9572660894073,True,False,False,False,57.062824217670546,False,False,False,False
2025-04-14 17:00:00+00:00,25.875,25.875,25.875,25.875,0.0,,28.708357452071738,28.708357452071738,28.76465493215988,28.564713910761157,28.564713910761157,28.564713910761157,28.564713910761157,28.564713910761157,28.564713910761157,28.564713910761157,28.564713910761157,28.564713910761157,28.564713910761157,28.564713910761157,28.564713910761157,28.564713910761157,28.564713910761157,28.564713910761157,28.564713910761157,28.564713910761157,28.564713910761157,28.564713910761157,28.564713910761157,28.564713910761157,28.564713910761157,28.564713910761157,28.564713910761157,28.564713910761157,28.564713910761157,28.564713910761157,,,,,,,,28.589075315962152,,"rgba(239, 83, 80, 1.0)",0.8622280587090708,28.044936248094942,-2.51666160266667,3.5230994632231054,-41.73295106197774,False,True,False,True,False,0.0,1.0,25.875,25.875,0.0,0,1.001198322348712,0.9580587177950871,True,False,False,False,-0.34282825441539394,-0.3426783713712006,False,False,False,False,5644.0,3646.415292971742,True,False,False,False,56.178129268559374,False,False,False,False
2025-04-15 17:00:00+00:00,26.925,26.925,26.86,26.865,0.0,,28.708357452071738,28.708357452071738,28.76465493215988,28.564713910761157,28.564713910761157,28.564713910761157,28.564713910761157,28.564713910761157,28.564713910761157,28.564713910761157,28.564713910761157,28.564713910761157,28.564713910761157,28.564713910761157,28.564713910761157,28.564713910761157,28.564713910761157,28.564713910761157,28.564713910761157,28.564713910761157,28.564713910761157,28.564713910761157,28.564713910761157,28.564713910761157,28.564713910761157,28.564713910761157,28.564713910761157,28.564713910761157,28.564713910761157,28.564713910761157,,,,,,,,28.589075315962152,,"rgba(239, 83, 80, 0.5)",0.8721436157459811,28.044936248094942,-1.352915078195802,21.052424518896352,-35.105196778961954,False,False,False,True,True,0.0,0.0,0.0,0.0,0.0,0,1.0010643959552956,0.9558275678552423,False,False,False,False,-0.17197279514337424,-0.25732558325728744,False,False,False,False,5644.0,3677.385598507064,False,False,False,False,55.30715052020962,False,False,False,False
2025-04-16 17:00:00+00:00,26.745,26.745,26.735,26.735,0.0,,28.708357452071738,28.708357452071738,28.76465493215988,28.564713910761157,28.564713910761157,28.564713910761157,28.564713910761157,28.564713910761157,28.564713910761157,28.564713910761157,28.564713910761157,28.564713910761157,28.564713910761157,28.564713910761157,28.564713910761157,28.564713910761157,28.564713910761157,28.564713910761157,28.564713910761157,28.564713910761157,28.564713910761157,28.564713910761157,28.564713910761157,28.564713910761157,28.564713910761157,28.564713910761157,28.564713910761157,28.564713910761157,28.564713910761157,28.564713910761157,,,,,,,,28.589075315962152,,"rgba(239, 83, 80, 0.5)",0.8838732482199612,28.044936248094942,-1.482040836435578,31.334528552963867,-26.50974826314472,True,False,False,True,True,0.0,0.0,0.0,0.0,0.0,0,0.999475065616798,0.9627296587926513,False,False,False,False,-0.1967324606645514,-0.22702902196091942,False,False,False,False,5644.0,3707.8757442666447,False,False,False,False,54.4496753183459,False,False,False,False
2025-04-17 17:00:00+00:00,26.735,26.735,26.625,26.625,51.0,26.66166666666667,28.670345350813303,28.670345350813303,28.74131890049318,28.553858815195913,28.553858815195913,28.553858815195913,28.553858815195913,28.553858815195913,28.553858815195913,28.553858815195913,28.553858815195913,28.553858815195913,28.553858815195913,28.553858815195913,28.553858815195913,28.553858815195913,28.553858815195913,28.553858815195913,28.553858815195913,28.553858815195913,28.553858815195913,28.553858815195913,28.553858815195913,28.553858815195913,28.553858815195913,28.553858815195913,28.553858815195913,28.553858815195913,28.553858815195913,28.553858815195913,26.66166666666667,26.66166666666667,26.66166666666667,26.66166666666667,26.66166666666667,26.66166666666667,26.66166666666667,28.480270865596047,26.661666666666665,"rgba(239, 83, 80, 0.5)",0.898257687901339,26.854501146788994,-0.2554958892978623,37.035452308216804,-22.14460534245291,True,False,False,True,True,0.0,0.0,0.0,0.0,0.0,0,0.9880643487285938,0.9641930461857815,False,False,False,False,-0.20653798643072324,-0.21678350419582132,False,False,False,False,5593.0,3737.1024769136734,False,False,False,False,54.39619198007697,False,False,False,False
2025-04-18 17:00:00+00:00,26.625,26.625,26.625,26.625,0.0,26.66166666666667,28.670345350813303,28.670345350813303,28.74131890049318,28.553858815195913,28.553858815195913,28.553858815195913,28.553858815195913,28.553858815195913,28.553858815195913,28.553858815195913,28.553858815195913,28.553858815195913,28.553858815195913,28.553858815195913,28.553858815195913,28.553858815195913,28.553858815195913,28.553858815195913,28.553858815195913,28.553858815195913,28.553858815195913,28.553858815195913,28.553858815195913,28.553858815195913,28.553858815195913,28.553858815195913,28.553858815195913,28.553858815195913,28.553858815195913,28.553858815195913,26.66166666666667,26.66166666666667,26.66166666666667,26.66166666666667,26.66166666666667,26.66166666666667,26.66166666666667,28.480270865596047,26.661666666666665,"rgba(239, 83, 80, 0.5)",0.9119128593583093,26.854501146788994,-0.25167004109415514,40.836068145052096,-19.21174851739348,True,False,False,True,True,0.0,0.0,0.0,0.0,0.0,0,0.9880643487285938,0.9756097560975614,False,False,False,False,-0.21556087390889808,-0.2161721890523597,False,False,False,False,5593.0,3765.8760819227637,False,False,False,False,53.55284016643237,False,False,False,False
2025-04-21 17:00:00+00:00,26.245,26.37,26.16,26.36,209.0,26.368262820512818,28.50246080090242,28.50246080090242,28.634985431841827,28.502301092896175,28.502301092896175,28.502301092896175,28.502301092896175,28.502301092896175,28.502301092896175,28.502301092896175,28.502301092896175,28.502301092896175,28.502301092896175,28.502301092896175,28.502301092896175,28.502301092896175,28.502301092896175,28.502301092896175,28.502301092896175,28.502301092896175,28.502301092896175,28.502301092896175,28.502301092896175,28.502301092896175,28.502301092896175,28.502301092896175,28.502301092896175,28.502301092896175,28.502301092896175,28.502301092896175,26.368262820512818,26.368262820512818,26.368262820512818,26.368262820512818,26.368262820512818,26.368262820512818,26.368262820512818,28.402249367024922,26.36826282051282,"rgba(239, 83, 80, 0.5)",0.9295621947314002,26.457772508970326,-0.10518124502532933,40.64132276015498,-19.21174851739348,True,False,False,True,True,0.0,0.0,0.0,0.0,0.0,0,0.9678217821782179,0.9767326732673272,False,False,False,False,-0.27555607500485596,-0.24586413202860782,False,False,False,False,5384.0,3790.9632744510927,False,False,False,False,55.96287365222412,False,False,False,False
2025-04-22 17:00:00+00:00,26.53,26.595,26.51,26.51,30.0,26.38585632183908,28.482720826353987,28.482720826353987,28.621976215098236,28.495882897603483,28.495882897603483,28.495882897603483,28.495882897603483,28.495882897603483,28.495882897603483,28.495882897603483,28.495882897603483,28.495882897603483,28.495882897603483,28.495882897603483,28.495882897603483,28.495882897603483,28.495882897603483,28.495882897603483,28.495882897603483,28.495882897603483,28.495882897603483,28.495882897603483,28.495882897603483,28.495882897603483,28.495882897603483,28.495882897603483,28.495882897603483,28.495882897603483,28.495882897603483,28.495882897603483,26.38585632183908,26.38585632183908,26.38585632183908,26.38585632183908,26.38585632183908,26.38585632183908,26.38585632183908,28.395370027565054,26.385856321839075,"rgba(239, 83, 80, 0.5)",0.9420297139591536,26.466366798371645,0.04631828591157203,42.44647525787426,-17.65662821109092,True,False,False,True,True,0.0,0.0,0.0,0.0,0.0,0,0.9879051765844219,0.9680696661828742,False,False,False,False,-0.22750796998673434,-0.2366860510076711,False,False,False,False,5414.0,3816.1266345371223,False,False,False,False,55.56034847932142,False,False,False,False
2025-04-23 17:00:00+00:00,26.99,26.99,26.75,26.815,0.0,26.38585632183908,28.482720826353987,28.482720826353987,28.621976215098236,28.495882897603483,28.495882897603483,28.495882897603483,28.495882897603483,28.495882897603483,28.495882897603483,28.495882897603483,28.495882897603483,28.495882897603483,28.495882897603483,28.495882897603483,28.495882897603483,28.495882897603483,28.495882897603483,28.495882897603483,28.495882897603483,28.495882897603483,28.495882897603483,28.495882897603483,28.495882897603483,28.495882897603483,28.495882897603483,28.495882897603483,28.495882897603483,28.495882897603483,28.495882897603483,28.495882897603483,26.38585632183908,26.38585632183908,26.38585632183908,26.38585632183908,26.38585632183908,26.38585632183908,26.38585632183908,28.395370027565054,26.385856321839075,#000000,0.9481796784906775,26.466366798371645,0.36768685254182437,46.9194881083764,-13.151502373754738,True,False,False,False,True,0.0,0.0,0.0,0.0,0.0,0,0.9884419787332408,0.9394359685621829,False,False,False,False,-0.17561205210257252,-0.2061490515551218,False,False,False,False,5414.0,3840.899865009415,False,False,False,False,54.69894772770403,False,False,False,False
2025-04-24 17:00:00+00:00,27.085,27.27,27.06,27.26,180.0,26.696379432624113,28.409580305423898,28.409580305423898,28.570818544366894,28.470897970085467,28.470897970085467,28.470897970085467,28.470897970085467,28.470897970085467,28.470897970085467,28.470897970085467,28.470897970085467,28.470897970085467,28.470897970085467,28.470897970085467,28.470897970085467,28.470897970085467,28.470897970085467,28.470897970085467,28.470897970085467,28.470897970085467,28.470897970085467,28.470897970085467,28.470897970085467,28.470897970085467,28.470897970085467,28.470897970085467,28.470897970085467,28.470897970085467,28.470897970085467,28.470897970085467,26.696379432624113,26.696379432624113,26.696379432624113,26.696379432624113,26.696379432624113,26.696379432624113,26.696379432624113,28.381036305460317,26.69637943262411,"rgba(38, 166, 154, 1.0)",0.9483592374428714,26.734519815005104,0.5540940228639384,53.28305129393757,-7.000903575890661,True,False,True,False,True,0.0,0.0,0.0,0.0,0.0,0,0.9946761313220942,0.9077196095829645,False,False,False,False,-0.12822490960801253,-0.16718698058156717,False,False,False,False,5594.0,3868.0797120635325,False,False,False,False,56.641599700917915,False,False,False,False
2025-04-25 17:00:00+00:00,27.19,27.24,27.17,27.215,0.0,26.696379432624113,28.409580305423898,28.409580305423898,28.570818544366894,28.470897970085467,28.470897970085467,28.470897970085467,28.470897970085467,28.470897970085467,28.470897970085467,28.470897970085467,28.470897970085467,28.470897970085467,28.470897970085467,28.470897970085467,28.470897970085467,28.470897970085467,28.470897970085467,28.470897970085467,28.470897970085467,28.470897970085467,28.470897970085467,28.470897970085467,28.470897970085467,28.470897970085467,28.470897970085467,28.470897970085467,28.470897970085467,28.470897970085467,28.470897970085467,28.470897970085467,26.696379432624113,26.696379432624113,26.696379432624113,26.696379432624113,26.696379432624113,26.696379432624113,26.696379432624113,28.381036305460317,26.69637943262411,"rgba(38, 166, 154, 1.0)",0.9486455636355373,26.734519815005104,0.506490731009725,56.96470992390879,-3.41234982224956,True,False,True,False,True,0.0,0.0,0.0,0.0,0.0,0,1.0026408450704227,0.9093309859154937,False,False,False,False,-0.12184798165962012,-0.14451748112059365,False,False,False,False,5594.0,3894.8381661400667,False,False,False,False,55.76343536446957,False,False,False,False
2025-04-28 17:00:00+00:00,27.14,27.225,27.075,27.225,500.0,26.943091065292094,28.241151887221456,28.241151887221456,28.444271078875786,28.405183062880322,28.405183062880322,28.405183062880322,28.405183062880322,28.405183062880322,28.405183062880322,28.405183062880322,28.405183062880322,28.405183062880322,28.405183062880322,28.405183062880322,28.405183062880322,28.405183062880322,28.405183062880322,28.405183062880322,28.405183062880322,28.405183062880322,28.405183062880322,28.405183062880322,28.405183062880322,28.405183062880322,28.405183062880322,28.405183062880322,28.405183062880322,28.405183062880322,28.405183062880322,28.405183062880322,26.943091065292094,26.943091065292094,26.943091065292094,26.943091065292094,26.943091065292094,26.943091065292094,26.943091065292094,28.317629746234793,26.943091065292094,"rgba(38, 166, 154, 1.0)",0.9485176533616645,26.956590884570513,0.2829774590680659,59.49442245645726,-0.780113273960886,True,False,True,False,True,0.0,0.0,0.0,0.0,0.0,0,0.9943527367506515,0.9118158123370986,False,False,False,False,-0.13061890664949044,-0.13756819388504204,False,False,False,False,6094.0,3928.9336984479723,False,False,False,False,62.65082396347004,False,False,False,False
2025-04-29 17:00:00+00:00,27.275,27.365,27.265,27.345,0.0,26.943091065292094,28.241151887221456,28.241151887221456,28.444271078875786,28.405183062880322,28.405183062880322,28.405183062880322,28.405183062880322,28.405183062880322,28.405183062880322,28.405183062880322,28.405183062880322,28.405183062880322,28.405183062880322,28.405183062880322,28.405183062880322,28.405183062880322,28.405183062880322,28.405183062880322,28.405183062880322,28.405183062880322,28.405183062880322,28.405183062880322,28.405183062880322,28.405183062880322,28.405183062880322,28.405183062880322,28.405183062880322,28.405183062880322,28.405183062880322,28.405183062880322,26.943091065292094,26.943091065292094,26.943091065292094,26.943091065292094,26.943091065292094,26.943091065292094,26.943091065292094,28.317629746234793,26.943091065292094,"rgba(38, 166, 154, 1.0)",0.9471204913975859,26.956590884570513,0.4100947228544735,62.111154976954104,2.0515427937767328,True,False,True,False,True,0.0,0.0,0.0,0.0,0.0,0,1.0072961373390559,0.9042918454935629,False,False,False,False,-0.10436058352416187,-0.12096438870460197,False,False,False,False,6094.0,3962.5006178518797,False,False,False,False,61.67949335938523,False,False,False,False
2025-04-30 17:00:00+00:00,27.23,27.375,27.165,27.36,0.0,26.943091065292094,28.241151887221456,28.241151887221456,28.444271078875786,28.405183062880322,28.405183062880322,28.405183062880322,28.405183062880322,28.405183062880322,28.405183062880322,28.405183062880322,28.405183062880322,28.405183062880322,28.405183062880322,28.405183062880322,28.405183062880322,28.405183062880322,28.405183062880322,28.405183062880322,28.405183062880322,28.405183062880322,28.405183062880322,28.405183062880322,28.405183062880322,28.405183062880322,28.405183062880322,28.405183062880322,28.405183062880322,28.405183062880322,28.405183062880322,28.405183062880322,26.943091065292094,26.943091065292094,26.943091065292094,26.943091065292094,26.943091065292094,26.943091065292094,26.943091065292094,28.317629746234793,26.943091065292094,"rgba(38, 166, 154, 1.0)",0.9476226774084281,26.956590884570513,0.42570648112045534,63.97484143186607,4.26879616075869,True,False,True,False,True,0.0,0.0,0.0,0.0,0.0,0,1.0055178268251272,0.9044991511035658,False,False,False,False,-0.11150623443848369,-0.11623531157154282,False,False,False,False,6094.0,3995.5471199006874,False,False,False,False,60.72322214451104,False,False,False,False
2025-05-01 17:00:00+00:00,27.48,27.54,27.465,27.465,0.0,26.943091065292094,28.241151887221456,28.241151887221456,28.444271078875786,28.405183062880322,28.405183062880322,28.405183062880322,28.405183062880322,28.405183062880322,28.405183062880322,28.405183062880322,28.405183062880322,28.405183062880322,28.405183062880322,28.405183062880322,28.405183062880322,28.405183062880322,28.405183062880322,28.405183062880322,28.405183062880322,28.405183062880322,28.405183062880322,28.405183062880322,28.405183062880322,28.405183062880322,28.405183062880322,28.405183062880322,28.405183062880322,28.405183062880322,28.405183062880322,28.405183062880322,26.943091065292094,26.943091065292094,26.943091065292094,26.943091065292094,26.943091065292094,26.943091065292094,26.943091065292094,28.317629746234793,26.943091065292094,"rgba(38, 166, 154, 1.0)",0.9473724592664466,26.956590884570513,0.5366517787767965,66.07199947498769,6.770763034137239,True,False,True,False,True,0.0,0.0,0.0,0.0,0.0,0,1.0217391304347825,0.8917224080267565,False,False,False,False,-0.07469270258005167,-0.09546400707579725,False,False,False,False,6094.0,4028.0812730805214,False,False,False,False,59.781776839944975,False,False,False,False
2025-05-02 17:00:00+00:00,27.655,27.675,27.63,27.66,0.0,26.943091065292094,28.241151887221456,28.241151887221456,28.444271078875786,28.405183062880322,28.405183062880322,28.405183062880322,28.405183062880322,28.405183062880322,28.405183062880322,28.405183062880322,28.405183062880322,28.405183062880322,28.405183062880322,28.405183062880322,28.405183062880322,28.405183062880322,28.405183062880322,28.405183062880322,28.405183062880322,28.405183062880322,28.405183062880322,28.405183062880322,28.405183062880322,28.405183062880322,28.405183062880322,28.405183062880322,28.405183062880322,28.405183062880322,28.405183062880322,28.405183062880322,26.943091065292094,26.943091065292094,26.943091065292094,26.943091065292094,26.943091065292094,26.943091065292094,26.943091065292094,28.317629746234793,26.943091065292094,"rgba(38, 166, 154, 1.0)",0.943115127725201,26.956590884570513,0.745835895057811,68.88016836079038,9.929242140358113,True,False,True,False,True,0.0,0.0,0.0,0.0,0.0,0,1.021364009860312,0.8837304847986859,False,False,False,False,-0.0510550222444823,-0.07325951466013977,False,False,False,False,6094.0,4060.111020784699,False,False,False,False,58.85492758661249,False,False,False,False
2025-05-05 17:00:00+00:00,27.64,27.675,27.595,27.595,0.0,26.943091065292094,28.241151887221456,28.241151887221456,28.444271078875786,28.405183062880322,28.405183062880322,28.405183062880322,28.405183062880322,28.405183062880322,28.405183062880322,28.405183062880322,28.405183062880322,28.405183062880322,28.405183062880322,28.405183062880322,28.405183062880322,28.405183062880322,28.405183062880322,28.405183062880322,28.405183062880322,28.405183062880322,28.405183062880322,28.405183062880322,28.405183062880322,28.405183062880322,28.405183062880322,28.405183062880322,28.405183062880322,28.405183062880322,28.405183062880322,28.405183062880322,26.943091065292094,26.943091065292094,26.943091065292094,26.943091065292094,26.943091065292094,26.943091065292094,26.943091065292094,28.317629746234793,26.943091065292094,"rgba(38, 166, 154, 1.0)",0.9388246581437432,26.956590884570513,0.6800088918539452,69.49456081071305,11.064430935173448,True,False,True,False,True,0.0,0.0,0.0,0.0,0.0,0,1.0183673469387753,0.8844897959183678,False,False,False,False,-0.05380931203527521,-0.06353441334770749,False,False,False,False,6094.0,4091.644183253153,False,False,False,False,57.94244808914563,False,False,False,False
2025-05-06 17:00:00+00:00,27.545,27.605,27.535,27.56,0.0,26.943091065292094,28.241151887221456,28.241151887221456,28.444271078875786,28.405183062880322,28.405183062880322,28.405183062880322,28.405183062880322,28.405183062880322,28.405183062880322,28.405183062880322,28.405183062880322,28.405183062880322,28.405183062880322,28.405183062880322,28.405183062880322,28.405183062880322,28.405183062880322,28.405183062880322,28.405183062880322,28.405183062880322,28.405183062880322,28.405183062880322,28.405183062880322,28.405183062880322,28.405183062880322,28.405183062880322,28.405183062880322,28.405183062880322,28.405183062880322,28.405183062880322,26.943091065292094,26.943091065292094,26.943091065292094,26.943091065292094,26.943091065292094,26.943091065292094,26.943091065292094,28.317629746234793,26.943091065292094,"rgba(38, 166, 154, 1.0)",0.934422184999798,26.956590884570513,0.6457564098070039,69.20238765268516,11.41355531709565,True,False,True,False,True,0.0,0.0,0.0,0.0,0.0,0,1.013392857142857,0.8908279220779226,False,False,False,False,-0.06404700883396133,-0.06379071109083441,False,False,False,False,6094.0,4122.688459481787,False,False,False,False,57.04411556063174,False,False,False,False
2025-05-07 17:00:00+00:00,27.545,27.58,27.455,27.545,0.0,26.943091065292094,28.241151887221456,28.241151887221456,28.444271078875786,28.405183062880322,28.405183062880322,28.405183062880322,28.405183062880322,28.405183062880322,28.405183062880322,28.405183062880322,28.405183062880322,28.405183062880322,28.405183062880322,28.405183062880322,28.405183062880322,28.405183062880322,28.405183062880322,28.405183062880322,28.405183062880322,28.405183062880322,28.405183062880322,28.405183062880322,28.405183062880322,28.405183062880322,28.405183062880322,28.405183062880322,28.405183062880322,28.405183062880322,28.405183062880322,28.405183062880322,26.943091065292094,26.943091065292094,26.943091065292094,26.943091065292094,26.943091065292094,26.943091065292094,26.943091065292094,28.317629746234793,26.943091065292094,"rgba(38, 166, 154, 1.0)",0.9298357745148031,26.956590884570513,0.6328097192609371,68.68397017177895,11.565279807090462,True,False,True,False,True,0.0,0.0,0.0,0.0,0.0,0,1.006830052229811,0.8939333065488155,False,False,False,False,-0.07232561664252854,-0.06805816386668148,False,False,False,False,6094.0,4153.251429102224,False,False,False,False,56.15971066821884,False,False,False,False
2025-05-08 17:00:00+00:00,27.705,27.74,27.58,27.58,504.0,27.17910334690185,28.167671304069714,28.167671304069714,28.3763673367669,28.367648108838285,28.367648108838285,28.367648108838285,28.367648108838285,28.367648108838285,28.367648108838285,28.367648108838285,28.367648108838285,28.367648108838285,28.367648108838285,28.367648108838285,28.367648108838285,28.367648108838285,28.367648108838285,28.367648108838285,28.367648108838285,28.367648108838285,28.367648108838285,28.367648108838285,28.367648108838285,28.367648108838285,28.367648108838285,28.367648108838285,28.367648108838285,28.367648108838285,28.367648108838285,28.367648108838285,27.17910334690185,27.17910334690185,27.17910334690185,27.17910334690185,27.17910334690185,27.17910334690185,27.17910334690185,28.288659151661033,27.17910334690185,"rgba(38, 166, 154, 1.0)",0.9192983860110372,27.184252826387734,0.43048827196299766,68.72456663100752,12.315455096360367,True,False,True,False,True,0.0,0.0,0.0,0.0,0.0,0,1.0138449367088609,0.8801424050632921,False,False,False,False,-0.04987485164460479,-0.05896650775564313,False,False,False,False,6598.0,4191.154507720795,False,False,False,False,63.10297096793638,False,False,False,False
2025-05-09 17:00:00+00:00,27.565,27.61,27.53,27.545,2.0,27.17962172538392,28.167380724046986,28.167380724046986,28.37609671704589,28.367492604025983,28.367492604025983,28.367492604025983,28.367492604025983,28.367492604025983,28.367492604025983,28.367492604025983,28.367492604025983,28.367492604025983,28.367492604025983,28.367492604025983,28.367492604025983,28.367492604025983,28.367492604025983,28.367492604025983,28.367492604025983,28.367492604025983,28.367492604025983,28.367492604025983,28.367492604025983,28.367492604025983,28.367492604025983,28.367492604025983,28.367492604025983,28.367492604025983,28.367492604025983,28.367492604025983,27.17962172538392,27.17962172538392,27.17962172538392,27.17962172538392,27.17962172538392,27.17962172538392,27.17962172538392,28.28851807774698,27.17962172538392,"rgba(38, 166, 154, 1.0)",0.9083419306973766,27.18475591620425,0.3965952375656336,67.86338727582512,12.315455096360367,True,False,True,False,True,0.0,0.0,0.0,0.0,0.0,0,1.0098270440251575,0.8911163522012587,False,False,False,False,-0.06404700883396133,-0.06150675829480223,False,False,False,False,6596.0,4228.438933957682,False,False,False,False,62.15563808471256,False,False,False,False
2025-05-12 17:00:00+00:00,27.985,28.02,27.975,28.02,0.0,27.17962172538392,28.167380724046986,28.167380724046986,28.37609671704589,28.367492604025983,28.367492604025983,28.367492604025983,28.367492604025983,28.367492604025983,28.367492604025983,28.367492604025983,28.367492604025983,28.367492604025983,28.367492604025983,28.367492604025983,28.367492604025983,28.367492604025983,28.367492604025983,28.367492604025983,28.367492604025983,28.367492604025983,28.367492604025983,28.367492604025983,28.367492604025983,28.367492604025983,28.367492604025983,28.367492604025983,28.367492604025983,28.367492604025983,28.367492604025983,28.367492604025983,27.17962172538392,27.17962172538392,27.17962172538392,27.17962172538392,27.17962172538392,27.17962172538392,27.17962172538392,28.28851807774698,27.17962172538392,"rgba(38, 166, 154, 1.0)",0.9035332148129611,27.18475591620425,0.9244198996808908,71.48306620777309,15.967354404667589,True,False,True,False,True,2.6961864804535125,0.0,0.0,0.0,0.0,0,1.0106100795755972,0.8866995073891637,False,False,False,False,0.0031391224836976555,-0.02918381790555229,False,False,False,False,6596.0,4265.145307074617,False,False,False,False,61.1919847810736,False,False,False,False
2025-05-13 17:00:00+00:00,28.09,28.115,28.075,28.085,0.0,27.17962172538392,28.167380724046986,28.167380724046986,28.37609671704589,28.367492604025983,28.367492604025983,28.367492604025983,28.367492604025983,28.367492604025983,28.367492604025983,28.367492604025983,28.367492604025983,28.367492604025983,28.367492604025983,28.367492604025983,28.367492604025983,28.367492604025983,28.367492604025983,28.367492604025983,28.367492604025983,28.367492604025983,28.367492604025983,28.367492604025983,28.367492604025983,28.367492604025983,28.367492604025983,28.367492604025983,28.367492604025983,28.367492604025983,28.367492604025983,28.367492604025983,27.17962172538392,27.17962172538392,27.17962172538392,27.17962172538392,27.17962172538392,27.17962172538392,27.17962172538392,28.28851807774698,27.17962172538392,"rgba(38, 166, 154, 1.0)",0.8989671250339836,27.18475591620425,1.00142047325893,74.2799540357535,18.87735648482061,True,False,True,False,True,3.5952119135259935,0.0,0.0,0.0,0.0,0,1.0139202407825434,0.8844996237772773,False,False,False,False,0.018444413562211544,-0.005369702171670373,False,False,False,False,6596.0,4301.282589135476,False,False,False,False,60.243271838731374,False,False,False,False
2025-05-14 17:00:00+00:00,28.225,28.225,28.18,28.225,0.0,27.17962172538392,28.167380724046986,28.167380724046986,28.37609671704589,28.367492604025983,28.367492604025983,28.367492604025983,28.367492604025983,28.367492604025983,28.367492604025983,28.367492604025983,28.367492604025983,28.367492604025983,28.367492604025983,28.367492604025983,28.367492604025983,28.367492604025983,28.367492604025983,28.367492604025983,28.367492604025983,28.367492604025983,28.367492604025983,28.367492604025983,28.367492604025983,28.367492604025983,28.367492604025983,28.367492604025983,28.367492604025983,28.367492604025983,28.367492604025983,28.367492604025983,27.17962172538392,27.17962172538392,27.17962172538392,27.17962172538392,27.17962172538392,27.17962172538392,27.17962172538392,28.28851807774698,27.17962172538392,"rgba(38, 166, 154, 1.0)",0.892655381785493,27.18475591620425,1.1653367077841972,76.9221757263014,21.543853029741513,True,False,True,False,True,5.494617942971971,0.0,0.0,0.0,0.0,0,1.0145197319434105,0.880119136262101,False,False,False,False,0.035329784518291156,0.014980041173310392,False,False,False,False,6596.0,4336.859603257407,False,False,False,False,59.309267624177394,False,False,False,False
2025-05-15 17:00:00+00:00,28.37,28.39,28.34,28.365,0.0,27.17962172538392,28.167380724046986,28.167380724046986,28.37609671704589,28.367492604025983,28.367492604025983,28.367492604025983,28.367492604025983,28.367492604025983,28.367492604025983,28.367492604025983,28.367492604025983,28.367492604025983,28.367492604025983,28.367492604025983,28.367492604025983,28.367492604025983,28.367492604025983,28.367492604025983,28.367492604025983,28.367492604025983,28.367492604025983,28.367492604025983,28.367492604025983,28.367492604025983,28.367492604025983,28.367492604025983,28.367492604025983,28.367492604025983,28.367492604025983,28.367492604025983,27.17962172538392,27.17962172538392,27.17962172538392,27.17962172538392,27.17962172538392,27.17962172538392,27.17962172538392,28.28851807774698,27.17962172538392,"rgba(38, 166, 154, 1.0)",0.8875083402729392,27.18475591620425,1.3298399916250743,79.36786427207849,23.97564153560201,True,False,True,False,True,7.33137515129313,0.0,0.0,0.0,0.0,0,1.0176535490989338,0.8778962853990449,False,False,False,False,0.06089560360247411,0.03793782238789225,False,False,False,False,6596.0,4371.885035765044,False,False,False,False,58.38974409512038,False,False,False,False
2025-05-16 17:00:00+00:00,28.415,28.485,28.415,28.47,0.0,27.17962172538392,28.167380724046986,28.167380724046986,28.37609671704589,28.367492604025983,28.367492604025983,28.367492604025983,28.367492604025983,28.367492604025983,28.367492604025983,28.367492604025983,28.367492604025983,28.367492604025983,28.367492604025983,28.367492604025983,28.367492604025983,28.367492604025983,28.367492604025983,28.367492604025983,28.367492604025983,28.367492604025983,28.367492604025983,28.367492604025983,28.367492604025983,28.367492604025983,28.367492604025983,28.367492604025983,28.367492604025983,28.367492604025983,28.367492604025983,28.367492604025983,27.17962172538392,27.17962172538392,27.17962172538392,27.17962172538392,27.17962172538392,27.17962172538392,27.17962172538392,28.28851807774698,27.17962172538392,"rgba(38, 166, 154, 1.0)",0.8834573106946327,27.18475591620425,1.4547891202408019,81.46372711153438,26.068710975024743,True,False,True,False,True,8.672781298115126,0.0,0.0,0.0,0.0,0,1.0193219103171713,0.872037914691944,False,False,False,False,0.07429811516418178,0.05611796877603702,False,False,False,False,6596.0,4406.367438311323,False,False,False,False,57.48447674480843,False,False,False,False
2025-05-19 17:00:00+00:00,28.485,28.53,28.46,28.49,290.0,27.39535013212533,28.188570201001266,28.188570201001266,28.381483916970367,28.370917323573572,28.370917323573572,28.370917323573572,28.370917323573572,28.370917323573572,28.370917323573572,28.370917323573572,28.370917323573572,28.370917323573572,28.370917323573572,28.370917323573572,28.370917323573572,28.370917323573572,28.370917323573572,28.370917323573572,28.370917323573572,28.370917323573572,28.370917323573572,28.370917323573572,28.370917323573572,28.370917323573572,28.370917323573572,28.370917323573572,28.370917323573572,28.370917323573572,28.370917323573572,28.370917323573572,27.39535013212533,27.39535013212533,27.39535013212533,27.39535013212533,27.39535013212533,27.39535013212533,27.39535013212533,28.30443258141377,27.395350132125326,"rgba(38, 166, 154, 1.0)",0.8796119281502024,27.465102719605586,1.1651698295516992,82.95015713754155,27.620510867870365,True,False,True,False,True,8.927352498990793,0.0,0.0,0.0,0.0,0,1.023619047619048,0.8628571428571438,False,False,False,False,0.08140405861533816,0.06876101369568759,False,False,False,False,6886.0,4444.811353996419,False,False,False,False,61.089368578222256,False,False,False,False
2025-05-20 17:00:00+00:00,28.48,28.49,28.395,28.445,0.0,27.39535013212533,28.188570201001266,28.188570201001266,28.381483916970367,28.370917323573572,28.370917323573572,28.370917323573572,28.370917323573572,28.370917323573572,28.370917323573572,28.370917323573572,28.370917323573572,28.370917323573572,28.370917323573572,28.370917323573572,28.370917323573572,28.370917323573572,28.370917323573572,28.370917323573572,28.370917323573572,28.370917323573572,28.370917323573572,28.370917323573572,28.370917323573572,28.370917323573572,28.370917323573572,28.370917323573572,28.370917323573572,28.370917323573572,28.370917323573572,28.370917323573572,27.39535013212533,27.39535013212533,27.39535013212533,27.39535013212533,27.39535013212533,27.39535013212533,27.39535013212533,28.30443258141377,27.395350132125326,"rgba(38, 166, 154, 1.0)",0.875194763394895,27.465102719605586,1.1196333906219649,82.64980472168453,27.620510867870365,True,False,True,False,True,8.194245752806356,0.0,0.0,0.0,0.0,0,1.0185325264750382,0.8668683812405457,False,False,False,False,0.07311453831104052,0.07093777600336405,False,False,False,False,6886.0,4482.659239980971,False,False,False,False,60.142246584761445,False,False,False,False
2025-05-21 17:00:00+00:00,28.4,28.4,28.125,28.15,0.0,27.39535013212533,28.188570201001266,28.188570201001266,28.381483916970367,28.370917323573572,28.370917323573572,28.370917323573572,28.370917323573572,28.370917323573572,28.370917323573572,28.370917323573572,28.370917323573572,28.370917323573572,28.370917323573572,28.370917323573572,28.370917323573572,28.370917323573572,28.370917323573572,28.370917323573572,28.370917323573572,28.370917323573572,28.370917323573572,28.370917323573572,28.370917323573572,28.370917323573572,28.370917323573572,28.370917323573572,28.370917323573572,28.370917323573572,28.370917323573572,28.370917323573572,27.39535013212533,27.39535013212533,27.39535013212533,27.39535013212533,27.39535013212533,27.39535013212533,27.39535013212533,28.30443258141377,27.395350132125326,"rgba(38, 166, 154, 0.75)",0.8679202541521539,27.465102719605586,0.7891246656796472,75.62484087848253,31.08381796332266,True,False,True,False,False,3.6014445590018767,0.0,0.0,0.0,0.0,0,0.9948301329394389,0.8733382570162491,False,False,False,False,0.04476232474768839,0.05785005037552622,False,False,False,False,6886.0,4519.920337035529,False,False,False,False,59.20980865321475,False,False,False,False
2025-05-22 17:00:00+00:00,28.205,28.26,28.165,28.18,0.0,27.39535013212533,28.188570201001266,28.188570201001266,28.381483916970367,28.370917323573572,28.370917323573572,28.370917323573572,28.370917323573572,28.370917323573572,28.370917323573572,28.370917323573572,28.370917323573572,28.370917323573572,28.370917323573572,28.370917323573572,28.370917323573572,28.370917323573572,28.370917323573572,28.370917323573572,28.370917323573572,28.370917323573572,28.370917323573572,28.370917323573572,28.370917323573572,28.370917323573572,28.370917323573572,28.370917323573572,28.370917323573572,28.370917323573572,28.370917323573572,28.370917323573572,27.39535013212533,27.39535013212533,27.39535013212533,27.39535013212533,27.39535013212533,27.39535013212533,27.39535013212533,28.30443258141377,27.395350132125326,"rgba(38, 166, 154, 0.75)",0.8607376995271898,27.465102719605586,0.8305634582836477,71.29704293421106,27.197204339138622,True,False,True,False,False,4.008136994297406,0.0,0.0,0.0,0.0,0,0.9967032967032968,0.8835164835164842,False,False,False,False,0.03690139297422752,0.04737572167487687,False,False,False,False,6886.0,4556.603742662885,False,False,False,False,58.29182712370754,False,False,False,False
2025-05-23 17:00:00+00:00,28.07,28.13,28.065,28.08,0.0,27.39535013212533,28.188570201001266,28.188570201001266,28.381483916970367,28.370917323573572,28.370917323573572,28.370917323573572,28.370917323573572,28.370917323573572,28.370917323573572,28.370917323573572,28.370917323573572,28.370917323573572,28.370917323573572,28.370917323573572,28.370917323573572,28.370917323573572,28.370917323573572,28.370917323573572,28.370917323573572,28.370917323573572,28.370917323573572,28.370917323573572,28.370917323573572,28.370917323573572,28.370917323573572,28.370917323573572,28.370917323573572,28.370917323573572,28.370917323573572,28.370917323573572,27.39535013212533,27.39535013212533,27.39535013212533,27.39535013212533,27.39535013212533,27.39535013212533,27.39535013212533,28.30443258141377,27.395350132125326,"rgba(38, 166, 154, 0.75)",0.8532013481825445,27.465102719605586,0.7206942203083039,66.44337431280866,22.875254088535314,True,False,True,False,False,2.50649150137329,0.0,0.0,0.0,0.0,0,0.9909189974573195,0.8903014892844178,False,False,False,False,0.018836939931247767,0.03310633080306232,False,False,False,False,6886.0,4592.718413319275,False,False,False,False,57.38807786597564,False,False,False,False
2025-05-26 17:00:00+00:00,28.08,28.08,28.08,28.08,0.0,27.39535013212533,28.188570201001266,28.188570201001266,28.381483916970367,28.370917323573572,28.370917323573572,28.370917323573572,28.370917323573572,28.370917323573572,28.370917323573572,28.370917323573572,28.370917323573572,28.370917323573572,28.370917323573572,28.370917323573572,28.370917323573572,28.370917323573572,28.370917323573572,28.370917323573572,28.370917323573572,28.370917323573572,28.370917323573572,28.370917323573572,28.370917323573572,28.370917323573572,28.370917323573572,28.370917323573572,28.370917323573572,28.370917323573572,28.370917323573572,28.370917323573572,27.39535013212533,27.39535013212533,27.39535013212533,27.39535013212533,27.39535013212533,27.39535013212533,27.39535013212533,28.30443258141377,27.395350132125326,"rgba(38, 166, 154, 0.75)",0.8435205717437634,27.465102719605586,0.7289653637293866,63.20759523187371,20.046077481976212,True,False,True,False,False,2.50649150137329,0.0,0.0,0.0,0.0,0,0.992008717762441,0.8939338903014902,False,False,False,False,0.01608937045357976,0.02459785062832104,False,False,False,False,6886.0,4628.273166601147,False,False,False,False,56.49834022464268,False,False,False,False
2025-05-27 17:00:00+00:00,28.435,28.445,28.415,28.43,0.0,27.39535013212533,28.188570201001266,28.188570201001266,28.381483916970367,28.370917323573572,28.370917323573572,28.370917323573572,28.370917323573572,28.370917323573572,28.370917323573572,28.370917323573572,28.370917323573572,28.370917323573572,28.370917323573572,28.370917323573572,28.370917323573572,28.370917323573572,28.370917323573572,28.370917323573572,28.370917323573572,28.370917323573572,28.370917323573572,28.370917323573572,28.370917323573572,28.370917323573572,28.370917323573572,28.370917323573572,28.370917323573572,28.370917323573572,28.370917323573572,28.370917323573572,27.39535013212533,27.39535013212533,27.39535013212533,27.39535013212533,27.39535013212533,27.39535013212533,27.39535013212533,28.30443258141377,27.395350132125326,"rgba(38, 166, 154, 0.75)",0.8364584931786998,27.465102719605586,1.1535507000803145,65.29868242868254,20.046077481976212,True,False,True,False,False,7.2024625248263305,0.0,0.0,0.0,0.0,0,0.9922151450813872,0.8945506015569717,False,False,False,False,0.07114236288466558,0.04787010675649331,False,False,False,False,6886.0,4663.276683398029,False,False,False,False,55.62239696534589,False,False,False,False
2025-05-28 17:00:00+00:00,28.32,28.355,28.265,28.265,0.0,27.39535013212533,28.188570201001266,28.188570201001266,28.381483916970367,28.370917323573572,28.370917323573572,28.370917323573572,28.370917323573572,28.370917323573572,28.370917323573572,28.370917323573572,28.370917323573572,28.370917323573572,28.370917323573572,28.370917323573572,28.370917323573572,28.370917323573572,28.370917323573572,28.370917323573572,28.370917323573572,28.370917323573572,28.370917323573572,28.370917323573572,28.370917323573572,28.370917323573572,28.370917323573572,28.370917323573572,28.370917323573572,28.370917323573572,28.370917323573572,28.370917323573572,27.39535013212533,27.39535013212533,27.39535013212533,27.39535013212533,27.39535013212533,27.39535013212533,27.39535013212533,28.30443258141377,27.395350132125326,"rgba(38, 166, 154, 0.75)",0.829500924522543,27.465102719605586,0.9643114995379085,63.56324773337785,20.046077481976212,True,False,True,False,False,4.718332525554526,0.0,0.0,0.0,0.0,0,0.9849597761455055,0.8968170689052124,False,False,False,False,0.05223531921877127,0.05005271298763229,False,False,False,False,6886.0,4697.7375100120125,False,False,False,False,54.76003422169712,False,False,False,False
2025-05-29 17:00:00+00:00,28.37,28.38,28.33,28.37,0.0,27.39535013212533,28.188570201001266,28.188570201001266,28.381483916970367,28.370917323573572,28.370917323573572,28.370917323573572,28.370917323573572,28.370917323573572,28.370917323573572,28.370917323573572,28.370917323573572,28.370917323573572,28.370917323573572,28.370917323573572,28.370917323573572,28.370917323573572,28.370917323573572,28.370917323573572,28.370917323573572,28.370917323573572,28.370917323573572,28.370917323573572,28.370917323573572,28.370917323573572,28.370917323573572,28.370917323573572,28.370917323573572,28.370917323573572,28.370917323573572,28.370917323573572,27.39535013212533,27.39535013212533,27.39535013212533,27.39535013212533,27.39535013212533,27.39535013212533,27.39535013212533,28.30443258141377,27.395350132125326,"rgba(38, 166, 154, 0.75)",0.8236042082771684,27.465102719605586,1.0987040514123858,63.5796219771002,20.046077481976212,True,False,True,False,False,6.070937995870182,0.0,0.0,0.0,0.0,0,0.9850798056904927,0.8913948646773084,False,False,False,False,0.05932036566435227,0.05468653932599228,False,False,False,False,6886.0,4731.664060244385,False,False,False,False,53.91104144306615,False,False,False,False
2025-05-30 17:00:00+00:00,28.255,28.425,28.255,28.42,0.0,27.39535013212533,28.188570201001266,28.188570201001266,28.381483916970367,28.370917323573572,28.370917323573572,28.370917323573572,28.370917323573572,28.370917323573572,28.370917323573572,28.370917323573572,28.370917323573572,28.370917323573572,28.370917323573572,28.370917323573572,28.370917323573572,28.370917323573572,28.370917323573572,28.370917323573572,28.370917323573572,28.370917323573572,28.370917323573572,28.370917323573572,28.370917323573572,28.370917323573572,28.370917323573572,28.370917323573572,28.370917323573572,28.370917323573572,28.370917323573572,28.370917323573572,27.39535013212533,27.39535013212533,27.39535013212533,27.39535013212533,27.39535013212533,27.39535013212533,27.39535013212533,28.30443258141377,27.395350132125326,"rgba(38, 166, 154, 0.75)",0.8182611314728621,27.465102719605586,1.1669835504414223,64.13780661868421,20.046077481976212,True,False,True,False,False,6.709559628203184,0.0,0.0,0.0,0.0,0,0.9801097393689987,0.8895747599451312,False,False,False,False,0.056958057526364264,0.05582229842617827,False,False,False,False,6886.0,4765.064617449899,False,False,False,False,53.075211343173656,False,False,False,False
2025-06-02 17:00:00+00:00,28.385,28.45,28.385,28.435,0.0,27.39535013212533,28.188570201001266,28.188570201001266,28.381483916970367,28.370917323573572,28.370917323573572,28.370917323573572,28.370917323573572,28.370917323573572,28.370917323573572,28.370917323573572,28.370917323573572,28.370917323573572,28.370917323573572,28.370917323573572,28.370917323573572,28.370917323573572,28.370917323573572,28.370917323573572,28.370917323573572,28.370917323573572,28.370917323573572,28.370917323573572,28.370917323573572,28.370917323573572,28.370917323573572,28.370917323573572,28.370917323573572,28.370917323573572,28.370917323573572,28.370917323573572,27.39535013212533,27.39535013212533,27.39535013212533,27.39535013212533,27.39535013212533,27.39535013212533,27.39535013212533,28.30443258141377,27.395350132125326,"rgba(38, 166, 154, 0.75)",0.8130565010341181,27.465102719605586,1.1929026816227541,64.68365358275642,20.046077481976212,True,False,True,False,False,6.90269701360188,0.0,0.0,0.0,0.0,0,0.9890747695459203,0.8883578012973721,False,False,False,False,0.06917073978552715,0.062496519105852716,False,False,False,False,6886.0,4797.947336559203,False,False,False,False,52.25233984948104,False,False,False,False
2025-06-03 17:00:00+00:00,28.485,28.53,28.465,28.505,0.0,27.39535013212533,28.188570201001266,28.188570201001266,28.381483916970367,28.370917323573572,28.370917323573572,28.370917323573572,28.370917323573572,28.370917323573572,28.370917323573572,28.370917323573572,28.370917323573572,28.370917323573572,28.370917323573572,28.370917323573572,28.370917323573572,28.370917323573572,28.370917323573572,28.370917323573572,28.370917323573572,28.370917323573572,28.370917323573572,28.370917323573572,28.370917323573572,28.370917323573572,28.370917323573572,28.370917323573572,28.370917323573572,28.370917323573572,28.370917323573572,28.370917323573572,27.39535013212533,27.39535013212533,27.39535013212533,27.39535013212533,27.39535013212533,27.39535013212533,27.39535013212533,28.30443258141377,27.395350132125326,"rgba(38, 166, 154, 1.0)",0.8087838439943487,27.465102719605586,1.2857542693467545,65.88034132172437,20.046077481976212,True,False,True,False,True,7.8076108388559575,0.0,0.0,0.0,0.0,0,0.9925373134328358,0.8836499321573957,False,False,False,False,0.08179906728004803,0.07214779319295037,False,False,False,False,6886.0,4830.320246069913,False,False,False,False,51.442226053365054,False,False,False,False
2025-06-04 17:00:00+00:00,28.59,28.615,28.565,28.57,0.0,27.39535013212533,28.188570201001266,28.188570201001266,28.381483916970367,28.370917323573572,28.370917323573572,28.370917323573572,28.370917323573572,28.370917323573572,28.370917323573572,28.370917323573572,28.370917323573572,28.370917323573572,28.370917323573572,28.370917323573572,28.370917323573572,28.370917323573572,28.370917323573572,28.370917323573572,28.370917323573572,28.370917323573572,28.370917323573572,28.370917323573572,28.370917323573572,28.370917323573572,28.370917323573572,28.370917323573572,28.370917323573572,28.370917323573572,28.370917323573572,28.370917323573572,27.39535013212533,27.39535013212533,27.39535013212533,27.39535013212533,27.39535013212533,27.39535013212533,27.39535013212533,28.30443258141377,27.395350132125326,"rgba(38, 166, 154, 1.0)",0.8054725153429765,27.465102719605586,1.3717380287320426,67.42745254117715,20.046077481976212,True,False,True,False,True,8.643122458920029,0.0,0.0,0.0,0.0,0,0.9952861952861952,0.8794612794612804,False,False,False,False,0.09643335891622468,0.08429057605458752,False,False,False,False,6886.0,4862.191250006814,False,False,False,False,50.64467216106482,False,False,False,False
2025-06-05 17:00:00+00:00,28.52,28.59,28.43,28.435,500.0,27.635784789644013,28.218446213800977,28.218446213800977,28.389083100866245,28.376030387235566,28.376030387235566,28.376030387235566,28.376030387235566,28.376030387235566,28.376030387235566,28.376030387235566,28.376030387235566,28.376030387235566,28.376030387235566,28.376030387235566,28.376030387235566,28.376030387235566,28.376030387235566,28.376030387235566,28.376030387235566,28.376030387235566,28.376030387235566,28.376030387235566,28.376030387235566,28.376030387235566,28.376030387235566,28.376030387235566,28.376030387235566,28.376030387235566,28.376030387235566,28.376030387235566,27.635784789644013,27.635784789644013,27.635784789644013,27.635784789644013,27.635784789644013,27.635784789644013,27.635784789644013,28.32391232569406,27.635784789644017,"rgba(38, 166, 154, 1.0)",0.8001283568199266,27.740990899568665,0.8673722091160987,65.11990471749131,20.046077481976212,True,False,True,False,True,6.495488250792327,0.0,0.0,0.0,0.0,0,0.9863424383744169,0.8824117255163233,False,False,False,False,0.083774495190386,0.08403253562248676,False,False,False,False,6386.0,4885.816191867173,False,False,False,False,57.61142142988552,False,False,False,False
2025-06-06 17:00:00+00:00,28.57,28.64,28.55,28.615,0.0,27.635784789644013,28.218446213800977,28.218446213800977,28.389083100866245,28.376030387235566,28.376030387235566,28.376030387235566,28.376030387235566,28.376030387235566,28.376030387235566,28.376030387235566,28.376030387235566,28.376030387235566,28.376030387235566,28.376030387235566,28.376030387235566,28.376030387235566,28.376030387235566,28.376030387235566,28.376030387235566,28.376030387235566,28.376030387235566,28.376030387235566,28.376030387235566,28.376030387235566,28.376030387235566,28.376030387235566,28.376030387235566,28.376030387235566,28.376030387235566,28.376030387235566,27.635784789644013,27.635784789644013,27.635784789644013,27.635784789644013,27.635784789644013,27.635784789644013,27.635784789644013,28.32391232569406,27.635784789644017,"rgba(38, 166, 154, 1.0)",0.797112649866093,27.740990899568665,1.0964687369823554,65.89382486874177,20.046077481976212,True,False,True,False,True,8.807816291493364,0.0,0.0,0.0,0.0,0,0.9868550772264211,0.8731514952349662,False,False,False,False,0.09722552003710658,0.09062902782979668,False,False,False,False,6386.0,4909.074855559155,False,False,False,False,56.71822109763923,False,False,False,False
2025-06-09 17:00:00+00:00,28.595,28.635,28.59,28.595,0.0,27.635784789644013,28.218446213800977,28.218446213800977,28.389083100866245,28.376030387235566,28.376030387235566,28.376030387235566,28.376030387235566,28.376030387235566,28.376030387235566,28.376030387235566,28.376030387235566,28.376030387235566,28.376030387235566,28.376030387235566,28.376030387235566,28.376030387235566,28.376030387235566,28.376030387235566,28.376030387235566,28.376030387235566,28.376030387235566,28.376030387235566,28.376030387235566,28.376030387235566,28.376030387235566,28.376030387235566,28.376030387235566,28.376030387235566,28.376030387235566,28.376030387235566,27.635784789644013,27.635784789644013,27.635784789644013,27.635784789644013,27.635784789644013,27.635784789644013,27.635784789644013,28.32391232569406,27.635784789644017,"rgba(38, 166, 154, 1.0)",0.7937419248365373,27.740990899568665,1.0759279228033822,65.92681977443773,20.046077481976212,True,False,True,False,True,8.488304180199613,0.0,0.0,0.0,0.0,0,0.9895150720838791,0.8738532110091749,False,False,False,False,0.09999904872768157,0.09531403827873913,False,False,False,False,6386.0,4931.972919814052,False,False,False,False,55.83886883255955,False,False,False,False
2025-06-10 17:00:00+00:00,28.73,28.74,28.675,28.74,0.0,27.635784789644013,28.218446213800977,28.218446213800977,28.389083100866245,28.376030387235566,28.376030387235566,28.376030387235566,28.376030387235566,28.376030387235566,28.376030387235566,28.376030387235566,28.376030387235566,28.376030387235566,28.376030387235566,28.376030387235566,28.376030387235566,28.376030387235566,28.376030387235566,28.376030387235566,28.376030387235566,28.376030387235566,28.376030387235566,28.376030387235566,28.376030387235566,28.376030387235566,28.376030387235566,28.376030387235566,28.376030387235566,28.376030387235566,28.376030387235566,28.376030387235566,27.635784789644013,27.635784789644013,27.635784789644013,27.635784789644013,27.635784789644013,27.635784789644013,27.635784789644013,28.32391232569406,27.635784789644017,"rgba(38, 166, 154, 1.0)",0.7984204733423488,27.740990899568665,1.251231818053563,67.63893474581208,20.046077481976212,True,False,True,False,True,10.312760006222568,0.0,0.0,0.0,0.0,0,0.9899383317104833,0.8682246024018181,False,False,False,False,0.11508325590974125,0.10519864709424019,False,False,False,False,6386.0,4954.515975320811,False,False,False,False,54.973149935930714,False,False,False,False
2025-06-11 17:00:00+00:00,28.75,28.79,28.645,28.695,15.0,27.642848896682743,28.21992798767416,28.21992798767416,28.389788309405212,28.376478829111093,28.376478829111093,28.376478829111093,28.376478829111093,28.376478829111093,28.376478829111093,28.376478829111093,28.376478829111093,28.376478829111093,28.376478829111093,28.376478829111093,28.376478829111093,28.376478829111093,28.376478829111093,28.376478829111093,28.376478829111093,28.376478829111093,28.376478829111093,28.376478829111093,28.376478829111093,28.376478829111093,28.376478829111093,28.376478829111093,28.376478829111093,28.376478829111093,28.376478829111093,28.376478829111093,27.642848896682743,27.642848896682743,27.642848896682743,27.642848896682743,27.642848896682743,27.642848896682743,27.642848896682743,28.324807722360685,27.642848896682747,"rgba(38, 166, 154, 1.0)",0.8022234024181515,27.747792603620752,1.180727704432543,67.60828594634215,20.046077481976212,True,False,True,False,True,9.57805757937064,0.0,0.0,0.0,0.0,0,0.9881028938906748,0.866237942122187,False,False,False,False,0.11667398656945785,0.11093631683184901,False,False,False,False,6371.0,4976.476967951496,False,False,False,False,54.35341117723411,False,False,False,False
2025-06-12 17:00:00+00:00,28.765,28.79,28.765,28.78,0.0,27.642848896682743,28.21992798767416,28.21992798767416,28.389788309405212,28.376478829111093,28.376478829111093,28.376478829111093,28.376478829111093,28.376478829111093,28.376478829111093,28.376478829111093,28.376478829111093,28.376478829111093,28.376478829111093,28.376478829111093,28.376478829111093,28.376478829111093,28.376478829111093,28.376478829111093,28.376478829111093,28.376478829111093,28.376478829111093,28.376478829111093,28.376478829111093,28.376478829111093,28.376478829111093,28.376478829111093,28.376478829111093,28.376478829111093,28.376478829111093,28.376478829111093,27.642848896682743,27.642848896682743,27.642848896682743,27.642848896682743,27.642848896682743,27.642848896682743,27.642848896682743,28.324807722360685,27.642848896682747,"rgba(38, 166, 154, 1.0)",0.8075808441387079,27.747792603620752,1.278147449720786,68.6170536248294,20.046077481976212,True,False,True,False,True,10.646255287142623,0.0,0.0,0.0,0.0,0,0.9913710450623199,0.8625759028443597,False,False,False,False,0.1262310132950559,0.11858366506345246,False,False,False,False,6371.0,4998.097480076279,False,False,False,False,53.51072263185063,False,False,False,False
2025-06-13 17:00:00+00:00,28.73,28.73,28.58,28.63,189.0,27.71965924426451,28.23554340109712,28.23554340109712,28.396709194583032,28.38097403169014,28.38097403169014,28.38097403169014,28.38097403169014,28.38097403169014,28.38097403169014,28.38097403169014,28.38097403169014,28.38097403169014,28.38097403169014,28.38097403169014,28.38097403169014,28.38097403169014,28.38097403169014,28.38097403169014,28.38097403169014,28.38097403169014,28.38097403169014,28.38097403169014,28.38097403169014,28.38097403169014,28.38097403169014,28.38097403169014,28.38097403169014,28.38097403169014,28.38097403169014,28.38097403169014,27.71965924426451,27.71965924426451,27.71965924426451,27.71965924426451,27.71965924426451,27.71965924426451,27.71965924426451,28.334151987404198,27.71965924426451,"rgba(38, 166, 154, 0.5)",0.8101906849291186,27.81897788135396,1.0010262197929296,65.5489046487136,19.196284640292575,False,False,True,False,False,8.20002181147844,0.0,0.0,0.0,0.0,0,0.981066582518144,0.8649416219627646,False,False,False,False,0.1067412359978324,0.11266245053064243,False,False,False,False,6182.0,5016.452557904553,False,False,False,False,55.61133158329481,False,False,False,False
2025-06-16 17:00:00+00:00,28.77,28.795,28.72,28.76,0.0,27.71965924426451,28.23554340109712,28.23554340109712,28.396709194583032,28.38097403169014,28.38097403169014,28.38097403169014,28.38097403169014,28.38097403169014,28.38097403169014,28.38097403169014,28.38097403169014,28.38097403169014,28.38097403169014,28.38097403169014,28.38097403169014,28.38097403169014,28.38097403169014,28.38097403169014,28.38097403169014,28.38097403169014,28.38097403169014,28.38097403169014,28.38097403169014,28.38097403169014,28.38097403169014,28.38097403169014,28.38097403169014,28.38097403169014,28.38097403169014,28.38097403169014,27.71965924426451,27.71965924426451,27.71965924426451,27.71965924426451,27.71965924426451,27.71965924426451,27.71965924426451,28.334151987404198,27.71965924426451,"rgba(38, 166, 154, 0.5)",0.8150836634225636,27.81897788135396,1.1545098507982103,65.318074802953,18.84162399747541,False,False,True,False,False,9.845750685677405,0.0,0.0,0.0,0.0,0,0.9843847595252962,0.8566520924422238,False,False,False,False,0.123042873423409,0.11785266197702571,False,False,False,False,6182.0,5034.523060882777,False,False,False,False,54.74914039595691,False,False,False,False
2025-06-17 17:00:00+00:00,28.615,28.62,28.54,28.545,0.0,27.71965924426451,28.23554340109712,28.23554340109712,28.396709194583032,28.38097403169014,28.38097403169014,28.38097403169014,28.38097403169014,28.38097403169014,28.38097403169014,28.38097403169014,28.38097403169014,28.38097403169014,28.38097403169014,28.38097403169014,28.38097403169014,28.38097403169014,28.38097403169014,28.38097403169014,28.38097403169014,28.38097403169014,28.38097403169014,28.38097403169014,28.38097403169014,28.38097403169014,28.38097403169014,28.38097403169014,28.38097403169014,28.38097403169014,28.38097403169014,28.38097403169014,27.71965924426451,27.71965924426451,27.71965924426451,27.71965924426451,27.71965924426451,27.71965924426451,27.71965924426451,28.334151987404198,27.71965924426451,"rgba(38, 166, 154, 0.5)",0.8163098135583573,27.81897788135396,0.8893953087262989,60.84664193786715,14.597140741001041,False,True,True,False,False,6.4589487357627675,0.0,0.0,0.0,0.0,0,0.977202711028958,0.8607516943930995,False,False,False,False,0.09484939755976422,0.10635102976839497,False,False,False,False,6182.0,5052.313401024129,False,False,False,False,53.90031651384905,False,False,False,False
2025-06-18 17:00:00+00:00,28.685,28.705,28.61,28.63,45.0,27.736275679257787,28.23910876519513,28.23910876519513,28.398313031161468,28.38202893467777,28.38202893467777,28.38202893467777,28.38202893467777,28.38202893467777,28.38202893467777,28.38202893467777,28.38202893467777,28.38202893467777,28.38202893467777,28.38202893467777,28.38202893467777,28.38202893467777,28.38202893467777,28.38202893467777,28.38202893467777,28.38202893467777,28.38202893467777,28.38202893467777,28.38202893467777,28.38202893467777,28.38202893467777,28.38202893467777,28.38202893467777,28.38202893467777,28.38202893467777,28.38202893467777,27.736275679257787,27.736275679257787,27.736275679257787,27.736275679257787,27.736275679257787,27.736275679257787,27.736275679257787,28.336263459782693,27.73627567925779,"rgba(38, 166, 154, 0.5)",0.8188710752235704,27.834204499866864,0.9718202586602106,59.173572106599465,13.086605690246124,False,True,True,False,False,7.545191775491638,0.0,0.0,0.0,0.0,0,0.9777303233679067,0.8529591214154978,False,False,False,False,0.107138130547361,0.106744580157878,False,False,False,False,6227.0,5070.525596357089,False,False,False,False,53.762327110533555,False,False,False,False
2025-06-19 17:00:00+00:00,28.63,28.63,28.63,28.63,0.0,27.736275679257787,28.23910876519513,28.23910876519513,28.398313031161468,28.38202893467777,28.38202893467777,28.38202893467777,28.38202893467777,28.38202893467777,28.38202893467777,28.38202893467777,28.38202893467777,28.38202893467777,28.38202893467777,28.38202893467777,28.38202893467777,28.38202893467777,28.38202893467777,28.38202893467777,28.38202893467777,28.38202893467777,28.38202893467777,28.38202893467777,28.38202893467777,28.38202893467777,28.38202893467777,28.38202893467777,28.38202893467777,28.38202893467777,28.38202893467777,28.38202893467777,27.736275679257787,27.736275679257787,27.736275679257787,27.736275679257787,27.736275679257787,27.736275679257787,27.736275679257787,28.336263459782693,27.73627567925779,"rgba(38, 166, 154, 0.5)",0.8214180114591584,27.834204499866864,0.9688069765106466,58.05819221908769,12.030264707667826,False,True,True,False,False,7.545191775491638,0.0,0.0,0.0,0.0,0,0.9789505796217199,0.8575350823672977,False,False,False,False,0.1027741116403131,0.10475934589909555,False,False,False,False,6227.0,5088.455432072483,False,False,False,False,52.92880265920745,False,False,False,False
2025-06-20 17:00:00+00:00,28.58,28.58,28.51,28.535,0.0,27.736275679257787,28.23910876519513,28.23910876519513,28.398313031161468,28.38202893467777,28.38202893467777,28.38202893467777,28.38202893467777,28.38202893467777,28.38202893467777,28.38202893467777,28.38202893467777,28.38202893467777,28.38202893467777,28.38202893467777,28.38202893467777,28.38202893467777,28.38202893467777,28.38202893467777,28.38202893467777,28.38202893467777,28.38202893467777,28.38202893467777,28.38202893467777,28.38202893467777,28.38202893467777,28.38202893467777,28.38202893467777,28.38202893467777,28.38202893467777,28.38202893467777,27.736275679257787,27.736275679257787,27.736275679257787,27.736275679257787,27.736275679257787,27.736275679257787,27.736275679257787,28.336263459782693,27.73627567925779,"rgba(38, 166, 154, 0.5)",0.8224786094866124,27.834204499866864,0.8520531622950894,55.38935567118368,9.507213814168445,False,True,True,False,False,6.050389062089636,0.0,0.0,0.0,0.0,0,0.9748637189582068,0.8585705632949733,False,False,False,False,0.08930921508449205,0.0970342804917938,False,False,False,False,6227.0,5106.1072858388015,False,False,False,False,52.10820106759183,False,False,False,False
2025-06-23 17:00:00+00:00,28.515,28.695,28.515,28.695,0.0,27.736275679257787,28.23910876519513,28.23910876519513,28.398313031161468,28.38202893467777,28.38202893467777,28.38202893467777,28.38202893467777,28.38202893467777,28.38202893467777,28.38202893467777,28.38202893467777,28.38202893467777,28.38202893467777,28.38202893467777,28.38202893467777,28.38202893467777,28.38202893467777,28.38202893467777,28.38202893467777,28.38202893467777,28.38202893467777,28.38202893467777,28.38202893467777,28.38202893467777,28.38202893467777,28.38202893467777,28.38202893467777,28.38202893467777,28.38202893467777,28.38202893467777,27.736275679257787,27.736275679257787,27.736275679257787,27.736275679257787,27.736275679257787,27.736275679257787,27.736275679257787,28.336263459782693,27.73627567925779,"rgba(38, 166, 154, 0.5)",0.8260926425371568,27.834204499866864,1.0420084332059871,56.33891602473849,9.507213814168445,False,True,True,False,False,8.131447707944545,0.0,0.0,0.0,0.0,0,0.9754343918514076,0.8532055122828045,False,False,False,False,0.09881020827410324,0.09792224438294853,False,False,False,False,6227.0,5123.485467453704,False,False,False,False,51.300321981272575,False,False,False,False
2025-06-24 17:00:00+00:00,28.925,28.96,28.91,28.94,0.0,27.736275679257787,28.23910876519513,28.23910876519513,28.398313031161468,28.38202893467777,28.38202893467777,28.38202893467777,28.38202893467777,28.38202893467777,28.38202893467777,28.38202893467777,28.38202893467777,28.38202893467777,28.38202893467777,28.38202893467777,28.38202893467777,28.38202893467777,28.38202893467777,28.38202893467777,28.38202893467777,28.38202893467777,28.38202893467777,28.38202893467777,28.38202893467777,28.38202893467777,28.38202893467777,28.38202893467777,28.38202893467777,28.38202893467777,28.38202893467777,28.38202893467777,27.736275679257787,27.736275679257787,27.736275679257787,27.736275679257787,27.736275679257787,27.736275679257787,27.736275679257787,28.336263459782693,27.73627567925779,"rgba(38, 166, 154, 0.5)",0.8386694578076805,27.834204499866864,1.3185117090393825,60.036922253979405,5.676306568261857,False,True,True,False,True,11.14293793997815,0.0,0.0,0.0,0.0,0,0.9864346800353874,0.8525508699498676,False,False,False,False,0.33447535079599744,0.21619879758947297,False,False,False,False,6227.0,5140.594219896282,False,False,False,False,50.504968152105555,False,False,False,False
2025-06-25 17:00:00+00:00,28.91,28.94,28.89,28.915,0.0,27.736275679257787,28.23910876519513,28.23910876519513,28.398313031161468,28.38202893467777,28.38202893467777,28.38202893467777,28.38202893467777,28.38202893467777,28.38202893467777,28.38202893467777,28.38202893467777,28.38202893467777,28.38202893467777,28.38202893467777,28.38202893467777,28.38202893467777,28.38202893467777,28.38202893467777,28.38202893467777,28.38202893467777,28.38202893467777,28.38202893467777,28.38202893467777,28.38202893467777,28.38202893467777,28.38202893467777,28.38202893467777,28.38202893467777,28.38202893467777,28.38202893467777,27.736275679257787,27.736275679257787,27.736275679257787,27.736275679257787,27.736275679257787,27.736275679257787,27.736275679257787,28.336263459782693,27.73627567925779,"rgba(38, 166, 154, 0.5)",0.8500105616725742,27.834204499866864,1.2715083186807035,61.94814097060313,7.430531711514163,False,True,True,False,True,10.740873844565556,0.0,0.0,0.0,0.0,0,0.9837504062398436,0.8388040298992528,False,False,False,False,0.3297224730524505,0.2729606353209617,False,False,False,False,6227.0,5157.4377203630065,False,False,False,False,49.72194539005741,False,False,False,False
2025-06-26 17:00:00+00:00,29.055,29.105,29.055,29.105,0.0,27.736275679257787,28.23910876519513,28.23910876519513,28.398313031161468,28.38202893467777,28.38202893467777,28.38202893467777,28.38202893467777,28.38202893467777,28.38202893467777,28.38202893467777,28.38202893467777,28.38202893467777,28.38202893467777,28.38202893467777,28.38202893467777,28.38202893467777,28.38202893467777,28.38202893467777,28.38202893467777,28.38202893467777,28.38202893467777,28.38202893467777,28.38202893467777,28.38202893467777,28.38202893467777,28.38202893467777,28.38202893467777,28.38202893467777,28.38202893467777,28.38202893467777,27.736275679257787,27.736275679257787,27.736275679257787,27.736275679257787,27.736275679257787,27.736275679257787,27.736275679257787,28.336263459782693,27.73627567925779,"rgba(38, 166, 154, 0.5)",0.8645500834808922,27.834204499866864,1.4698922878089373,65.20853349757752,10.445113469196968,False,True,True,False,True,12.985561633615998,0.0,0.0,0.0,0.0,0,0.9855537720706254,0.8359550561797755,False,False,False,False,0.34282823130595286,0.3078944333134573,False,False,False,False,6227.0,5174.020081287611,False,False,False,False,48.95106251579295,False,False,False,False
2025-06-27 17:00:00+00:00,29.24,29.24,29.08,29.18,0.0,27.736275679257787,28.23910876519513,28.23910876519513,28.398313031161468,28.38202893467777,28.38202893467777,28.38202893467777,28.38202893467777,28.38202893467777,28.38202893467777,28.38202893467777,28.38202893467777,28.38202893467777,28.38202893467777,28.38202893467777,28.38202893467777,28.38202893467777,28.38202893467777,28.38202893467777,28.38202893467777,28.38202893467777,28.38202893467777,28.38202893467777,28.38202893467777,28.38202893467777,28.38202893467777,28.38202893467777,28.38202893467777,28.38202893467777,28.38202893467777,28.38202893467777,27.736275679257787,27.736275679257787,27.736275679257787,27.736275679257787,27.736275679257787,27.736275679257787,27.736275679257787,28.336263459782693,27.73627567925779,"rgba(38, 166, 154, 0.5)",0.8798219926432337,27.834204499866864,1.5296224820318323,68.0583529833628,13.043168915192318,False,False,True,False,True,13.846015273043168,0.0,0.0,0.0,0.0,0,0.9872894820463928,0.8290435335239914,False,False,False,False,0.3428282318687398,0.32536133259109856,False,False,False,False,6227.0,5190.345351345168,False,False,False,False,48.192131313997706,False,False,False,False
2025-06-30 17:00:00+00:00,29.275,29.33,29.23,29.33,1100.0,28.211083448593822,28.423469096671944,28.423469096671944,28.519414624183003,28.462484872717578,28.462484872717578,28.462484872717578,28.462484872717578,28.462484872717578,28.462484872717578,28.462484872717578,28.462484872717578,28.462484872717578,28.462484872717578,28.462484872717578,28.462484872717578,28.462484872717578,28.462484872717578,28.462484872717578,28.462484872717578,28.462484872717578,28.462484872717578,28.462484872717578,28.462484872717578,28.462484872717578,28.462484872717578,28.462484872717578,28.462484872717578,28.462484872717578,28.462484872717578,28.462484872717578,28.211083448593822,28.211083448593822,28.211083448593822,28.211083448593822,28.211083448593822,28.211083448593822,28.211083448593822,28.4488597114801,28.211083448593822,"rgba(38, 166, 154, 1.0)",0.8983431796749173,28.369264993543062,1.0694521071608696,71.17422498890696,15.886932097443335,True,False,True,False,True,15.529993857992103,0.0,0.0,0.0,0.0,0,0.9937047529115512,0.8218445073969156,False,False,False,False,0.3428282326633355,0.33409478262721704,False,False,False,False,7327.0,5223.471780006483,False,False,False,False,64.49923005331557,False,False,False,False
2025-07-01 17:00:00+00:00,29.285,29.335,29.285,29.3,0.0,28.211083448593822,28.423469096671944,28.423469096671944,28.519414624183003,28.462484872717578,28.462484872717578,28.462484872717578,28.462484872717578,28.462484872717578,28.462484872717578,28.462484872717578,28.462484872717578,28.462484872717578,28.462484872717578,28.462484872717578,28.462484872717578,28.462484872717578,28.462484872717578,28.462484872717578,28.462484872717578,28.462484872717578,28.462484872717578,28.462484872717578,28.462484872717578,28.462484872717578,28.462484872717578,28.462484872717578,28.462484872717578,28.462484872717578,28.462484872717578,28.462484872717578,28.211083448593822,28.211083448593822,28.211083448593822,28.211083448593822,28.211083448593822,28.211083448593822,28.211083448593822,28.4488597114801,28.211083448593822,"rgba(38, 166, 154, 1.0)",0.9151308181972605,28.369264993543062,1.0170513198215934,72.46891769157045,17.089497598591407,True,False,True,False,True,15.024082502301617,0.0,0.0,0.0,0.0,0,0.9971328448550488,0.819369225868111,False,False,False,False,0.3428282328533098,0.3384615077402634,False,False,False,False,7327.0,5256.084620626537,False,False,False,False,63.499241990473465,False,False,False,False
2025-07-02 17:00:00+00:00,29.31,29.335,29.295,29.335,0.0,28.211083448593822,28.423469096671944,28.423469096671944,28.519414624183003,28.462484872717578,28.462484872717578,28.462484872717578,28.462484872717578,28.462484872717578,28.462484872717578,28.462484872717578,28.462484872717578,28.462484872717578,28.462484872717578,28.462484872717578,28.462484872717578,28.462484872717578,28.462484872717578,28.462484872717578,28.462484872717578,28.462484872717578,28.462484872717578,28.462484872717578,28.462484872717578,28.462484872717578,28.462484872717578,28.462484872717578,28.462484872717578,28.462484872717578,28.462484872717578,28.462484872717578,28.211083448593822,28.211083448593822,28.211083448593822,28.211083448593822,28.211083448593822,28.211083448593822,28.211083448593822,28.4488597114801,28.211083448593822,"rgba(38, 166, 154, 1.0)",0.9317355113244513,28.369264993543062,1.0364905004899485,73.65032890385025,18.308983084392523,True,False,True,False,True,15.420451663214799,0.0,0.0,0.0,0.0,0,0.9977756593581184,0.8198284080076264,False,False,False,False,0.34282823288465,0.3406448703124567,False,False,False,False,7327.0,5288.191835810621,False,False,False,False,62.51475761852814,False,False,False,False
2025-07-03 17:00:00+00:00,29.505,29.505,29.505,29.505,0.0,28.211083448593822,28.423469096671944,28.423469096671944,28.519414624183003,28.462484872717578,28.462484872717578,28.462484872717578,28.462484872717578,28.462484872717578,28.462484872717578,28.462484872717578,28.462484872717578,28.462484872717578,28.462484872717578,28.462484872717578,28.462484872717578,28.462484872717578,28.462484872717578,28.462484872717578,28.462484872717578,28.462484872717578,28.462484872717578,28.462484872717578,28.462484872717578,28.462484872717578,28.462484872717578,28.462484872717578,28.462484872717578,28.462484872717578,28.462484872717578,28.462484872717578,28.211083448593822,28.211083448593822,28.211083448593822,28.211083448593822,28.211083448593822,28.211083448593822,28.211083448593822,28.4488597114801,28.211083448593822,"rgba(38, 166, 154, 1.0)",0.9512297635498151,28.369264993543062,1.193964959862675,75.82118103217698,20.500771367718528,True,False,True,False,True,17.310085485130525,0.0,0.0,0.0,0.0,0,1.0003182686187138,0.8319541693189052,False,False,False,False,0.34282823401160356,0.34173655216203014,False,False,False,False,7327.0,5319.8012647127825,False,False,False,False,61.54553657017886,False,False,False,False
2025-07-04 17:00:00+00:00,29.505,29.505,29.505,29.505,0.0,28.211083448593822,28.423469096671944,28.423469096671944,28.519414624183003,28.462484872717578,28.462484872717578,28.462484872717578,28.462484872717578,28.462484872717578,28.462484872717578,28.462484872717578,28.462484872717578,28.462484872717578,28.462484872717578,28.462484872717578,28.462484872717578,28.462484872717578,28.462484872717578,28.462484872717578,28.462484872717578,28.462484872717578,28.462484872717578,28.462484872717578,28.462484872717578,28.462484872717578,28.462484872717578,28.462484872717578,28.462484872717578,28.462484872717578,28.462484872717578,28.462484872717578,28.211083448593822,28.211083448593822,28.211083448593822,28.211083448593822,28.211083448593822,28.211083448593822,28.211083448593822,28.4488597114801,28.211083448593822,"rgba(38, 166, 154, 1.0)",0.969563164383685,28.369264993543062,1.1713883614574827,77.2684157843948,22.029498170492445,True,False,True,False,True,17.310085485130525,0.0,0.0,0.0,0.0,0,0.988141025641025,0.8310897435897436,False,False,False,False,0.34282823401160356,0.34228239308681685,False,False,False,False,7327.0,5350.920624949794,False,False,False,False,60.59134220474973,False,False,False,False
2025-07-07 17:00:00+00:00,29.295,29.33,29.225,29.33,0.0,28.211083448593822,28.423469096671944,28.423469096671944,28.519414624183003,28.462484872717578,28.462484872717578,28.462484872717578,28.462484872717578,28.462484872717578,28.462484872717578,28.462484872717578,28.462484872717578,28.462484872717578,28.462484872717578,28.462484872717578,28.462484872717578,28.462484872717578,28.462484872717578,28.462484872717578,28.462484872717578,28.462484872717578,28.462484872717578,28.462484872717578,28.462484872717578,28.462484872717578,28.462484872717578,28.462484872717578,28.462484872717578,28.462484872717578,28.462484872717578,28.462484872717578,28.211083448593822,28.211083448593822,28.211083448593822,28.211083448593822,28.211083448593822,28.211083448593822,28.211083448593822,28.4488597114801,28.211083448593822,"rgba(38, 166, 154, 0.75)",0.983125174180828,28.369264993543062,0.9772255168396555,73.31830400778787,22.029498170492445,True,False,True,False,False,14.275159813161732,0.0,0.0,0.0,0.0,0,0.9817380352644832,0.8340680100755667,False,False,False,False,0.297078038002628,0.3196802155447224,False,False,False,False,7327.0,5381.557514485456,False,False,False,False,59.65194155041252,False,False,False,False
2025-07-08 17:00:00+00:00,29.325,29.33,29.28,29.31,0.0,28.211083448593822,28.423469096671944,28.423469096671944,28.519414624183003,28.462484872717578,28.462484872717578,28.462484872717578,28.462484872717578,28.462484872717578,28.462484872717578,28.462484872717578,28.462484872717578,28.462484872717578,28.462484872717578,28.462484872717578,28.462484872717578,28.462484872717578,28.462484872717578,28.462484872717578,28.462484872717578,28.462484872717578,28.462484872717578,28.462484872717578,28.462484872717578,28.462484872717578,28.462484872717578,28.462484872717578,28.462484872717578,28.462484872717578,28.462484872717578,28.462484872717578,28.211083448593822,28.211083448593822,28.211083448593822,28.211083448593822,28.211083448593822,28.211083448593822,28.211083448593822,28.4488597114801,28.211083448593822,"rgba(38, 166, 154, 0.5)",0.9954942319098297,28.369264993543062,0.9449929254257565,70.18112222167653,25.737480606831852,False,False,True,False,False,13.934176234736146,0.0,0.0,0.0,0.0,0,0.9852479598242306,0.8345888261142498,False,False,False,False,0.3025411050599601,0.31111066030234125,False,False,False,False,7327.0,5411.719413485681,False,False,False,False,58.72710524730535,False,False,False,False
2025-07-09 17:00:00+00:00,29.37,29.45,29.365,29.45,0.0,28.211083448593822,28.423469096671944,28.423469096671944,28.519414624183003,28.462484872717578,28.462484872717578,28.462484872717578,28.462484872717578,28.462484872717578,28.462484872717578,28.462484872717578,28.462484872717578,28.462484872717578,28.462484872717578,28.462484872717578,28.462484872717578,28.462484872717578,28.462484872717578,28.462484872717578,28.462484872717578,28.462484872717578,28.462484872717578,28.462484872717578,28.462484872717578,28.462484872717578,28.462484872717578,28.462484872717578,28.462484872717578,28.462484872717578,28.462484872717578,28.462484872717578,28.211083448593822,28.211083448593822,28.211083448593822,28.211083448593822,28.211083448593822,28.211083448593822,28.211083448593822,28.4488597114801,28.211083448593822,"rgba(38, 166, 154, 0.5)",1.009815668666644,28.369264993543062,1.0702299835413869,69.94158572166072,25.417493796134124,False,False,True,False,False,15.555924235352002,0.0,0.0,0.0,0.0,0,0.9872433105164898,0.8294959551960174,False,False,False,False,0.32306171333203487,0.31708618681718803,False,False,False,False,7327.0,5441.413686144818,False,False,False,False,57.816607491533176,False,False,False,False
2025-07-10 17:00:00+00:00,29.51,29.555,29.505,29.505,0.0,28.211083448593822,28.423469096671944,28.423469096671944,28.519414624183003,28.462484872717578,28.462484872717578,28.462484872717578,28.462484872717578,28.462484872717578,28.462484872717578,28.462484872717578,28.462484872717578,28.462484872717578,28.462484872717578,28.462484872717578,28.462484872717578,28.462484872717578,28.462484872717578,28.462484872717578,28.462484872717578,28.462484872717578,28.462484872717578,28.462484872717578,28.462484872717578,28.462484872717578,28.462484872717578,28.462484872717578,28.462484872717578,28.462484872717578,28.462484872717578,28.462484872717578,28.211083448593822,28.211083448593822,28.211083448593822,28.211083448593822,28.211083448593822,28.211083448593822,28.211083448593822,28.4488597114801,28.211083448593822,"rgba(38, 166, 154, 0.5)",1.024535324247343,28.369264993543062,1.1085366991043326,70.43027926356451,25.417493796134124,False,False,True,False,False,16.182109971054775,0.0,0.0,0.0,0.0,0,0.9925811437403396,0.8275115919629056,False,False,False,False,0.34282823415116437,0.3299572104841762,False,False,False,False,7327.0,5470.647582483658,False,False,False,False,56.920225980036534,False,False,False,False
2025-07-11 17:00:00+00:00,29.42,29.445,29.42,29.43,0.0,28.211083448593822,28.423469096671944,28.423469096671944,28.519414624183003,28.462484872717578,28.462484872717578,28.462484872717578,28.462484872717578,28.462484872717578,28.462484872717578,28.462484872717578,28.462484872717578,28.462484872717578,28.462484872717578,28.462484872717578,28.462484872717578,28.462484872717578,28.462484872717578,28.462484872717578,28.462484872717578,28.462484872717578,28.462484872717578,28.462484872717578,28.462484872717578,28.462484872717578,28.462484872717578,28.462484872717578,28.462484872717578,28.462484872717578,28.462484872717578,28.462484872717578,28.211083448593822,28.211083448593822,28.211083448593822,28.211083448593822,28.211083448593822,28.211083448593822,28.211083448593822,28.4488597114801,28.211083448593822,"rgba(38, 166, 154, 0.5)",1.0369054792858179,28.369264993543062,1.0229813880311756,68.63720277634513,23.718733908361585,False,False,True,False,False,14.864893497746792,0.0,0.0,0.0,0.0,0,0.9910824108241079,0.8314883148831488,False,False,False,False,0.32319607421327684,0.3265766423487265,False,False,False,False,7327.0,5499.428240119571,False,False,False,False,56.03774185631504,False,False,False,False
2025-07-14 17:00:00+00:00,29.45,29.475,29.45,29.455,0.0,28.211083448593822,28.423469096671944,28.423469096671944,28.519414624183003,28.462484872717578,28.462484872717578,28.462484872717578,28.462484872717578,28.462484872717578,28.462484872717578,28.462484872717578,28.462484872717578,28.462484872717578,28.462484872717578,28.462484872717578,28.462484872717578,28.462484872717578,28.462484872717578,28.462484872717578,28.462484872717578,28.462484872717578,28.462484872717578,28.462484872717578,28.462484872717578,28.462484872717578,28.462484872717578,28.462484872717578,28.462484872717578,28.462484872717578,28.462484872717578,28.462484872717578,28.211083448593822,28.211083448593822,28.211083448593822,28.211083448593822,28.211083448593822,28.211083448593822,28.211083448593822,28.4488597114801,28.211083448593822,"rgba(38, 166, 154, 0.5)",1.0489497621924433,28.369264993543062,1.0350686425511997,67.81814462647614,22.66777839230636,False,False,True,False,False,15.15892884649232,0.0,0.0,0.0,0.0,0,0.9915704027474237,0.8264127380580704,False,False,False,False,0.3292105023023834,0.32789357232555494,False,False,False,False,7327.0,5527.76268600919,False,False,False,False,55.16893965699232,False,False,False,False
2025-07-15 17:00:00+00:00,29.46,29.495,29.425,29.425,0.0,28.211083448593822,28.423469096671944,28.423469096671944,28.519414624183003,28.462484872717578,28.462484872717578,28.462484872717578,28.462484872717578,28.462484872717578,28.462484872717578,28.462484872717578,28.462484872717578,28.462484872717578,28.462484872717578,28.462484872717578,28.462484872717578,28.462484872717578,28.462484872717578,28.462484872717578,28.462484872717578,28.462484872717578,28.462484872717578,28.462484872717578,28.462484872717578,28.462484872717578,28.462484872717578,28.462484872717578,28.462484872717578,28.462484872717578,28.462484872717578,28.462484872717578,28.211083448593822,28.211083448593822,28.211083448593822,28.211083448593822,28.211083448593822,28.211083448593822,28.211083448593822,28.4488597114801,28.211083448593822,"rgba(38, 166, 154, 0.5)",1.0596728502464947,28.369264993543062,0.996283906123819,66.35027167574836,21.004293071658964,False,True,True,False,False,14.622338442890094,0.0,0.0,0.0,0.0,0,0.9900528442648425,0.8259247746347527,False,False,False,False,0.32870842625339425,0.3283009992894746,False,False,False,False,7327.0,5555.657838164086,False,False,False,False,54.31360725920949,False,False,False,False
2025-07-16 17:00:00+00:00,29.295,29.345,29.295,29.34,0.0,28.211083448593822,28.423469096671944,28.423469096671944,28.519414624183003,28.462484872717578,28.462484872717578,28.462484872717578,28.462484872717578,28.462484872717578,28.462484872717578,28.462484872717578,28.462484872717578,28.462484872717578,28.462484872717578,28.462484872717578,28.462484872717578,28.462484872717578,28.462484872717578,28.462484872717578,28.462484872717578,28.462484872717578,28.462484872717578,28.462484872717578,28.462484872717578,28.462484872717578,28.462484872717578,28.462484872717578,28.462484872717578,28.462484872717578,28.462484872717578,28.462484872717578,28.211083448593822,28.211083448593822,28.211083448593822,28.211083448593822,28.211083448593822,28.211083448593822,28.211083448593822,28.4488597114801,28.211083448593822,"rgba(38, 166, 154, 0.5)",1.0681409631303813,28.369264993543062,0.9088079569685467,62.88707501152666,17.57606330127446,False,True,True,False,False,13.106291410483358,0.0,0.0,0.0,0.0,0,0.9867466077627008,0.8510571158094035,False,False,False,False,0.3008380180009897,0.31456950864523214,False,False,False,False,7327.0,5583.120507339836,False,False,False,False,53.47153582883415,False,False,False,False
2025-07-17 17:00:00+00:00,29.45,29.49,29.445,29.48,0.0,28.211083448593822,28.423469096671944,28.423469096671944,28.519414624183003,28.462484872717578,28.462484872717578,28.462484872717578,28.462484872717578,28.462484872717578,28.462484872717578,28.462484872717578,28.462484872717578,28.462484872717578,28.462484872717578,28.462484872717578,28.462484872717578,28.462484872717578,28.462484872717578,28.462484872717578,28.462484872717578,28.462484872717578,28.462484872717578,28.462484872717578,28.462484872717578,28.462484872717578,28.462484872717578,28.462484872717578,28.462484872717578,28.462484872717578,28.462484872717578,28.462484872717578,28.211083448593822,28.211083448593822,28.211083448593822,28.211083448593822,28.211083448593822,28.211083448593822,28.211083448593822,28.4488597114801,28.211083448593822,"rgba(38, 166, 154, 0.5)",1.0729478631867906,28.369264993543062,1.0352180609763413,63.20368877468884,17.57606330127446,False,True,True,False,False,14.817295845445198,0.0,0.0,0.0,0.0,0,0.9665520475148479,0.8493279149734293,False,False,False,False,0.33021513556787396,0.32239232210655305,False,False,False,False,7327.0,5610.157398698908,False,False,False,False,52.64251976947238,False,False,False,False
2025-07-18 17:00:00+00:00,29.415,29.44,29.41,29.44,0.0,28.211083448593822,28.423469096671944,28.423469096671944,28.519414624183003,28.462484872717578,28.462484872717578,28.462484872717578,28.462484872717578,28.462484872717578,28.462484872717578,28.462484872717578,28.462484872717578,28.462484872717578,28.462484872717578,28.462484872717578,28.462484872717578,28.462484872717578,28.462484872717578,28.462484872717578,28.462484872717578,28.462484872717578,28.462484872717578,28.462484872717578,28.462484872717578,28.462484872717578,28.462484872717578,28.462484872717578,28.462484872717578,28.462484872717578,28.462484872717578,28.462484872717578,28.211083448593822,28.211083448593822,28.211083448593822,28.211083448593822,28.211083448593822,28.211083448593822,28.211083448593822,28.4488597114801,28.211083448593822,"rgba(38, 166, 154, 0.5)",1.0684638632293613,28.369264993543062,1.0021256153864795,62.258017224414516,16.640382188451213,False,True,True,False,False,14.099196883688368,0.0,0.0,0.0,0.0,0,0.9626517273576092,0.8506069094304388,False,False,False,False,0.32169600719121544,0.32204416464888425,False,False,False,False,7327.0,5636.775113447762,False,False,False,False,51.82635667227125,False,False,False,False
2025-07-21 17:00:00+00:00,29.585,29.595,29.49,29.49,0.0,28.211083448593822,28.423469096671944,28.423469096671944,28.519414624183003,28.462484872717578,28.462484872717578,28.462484872717578,28.462484872717578,28.462484872717578,28.462484872717578,28.462484872717578,28.462484872717578,28.462484872717578,28.462484872717578,28.462484872717578,28.462484872717578,28.462484872717578,28.462484872717578,28.462484872717578,28.462484872717578,28.462484872717578,28.462484872717578,28.462484872717578,28.462484872717578,28.462484872717578,28.462484872717578,28.462484872717578,28.462484872717578,28.462484872717578,28.462484872717578,28.462484872717578,28.211083448593822,28.211083448593822,28.211083448593822,28.211083448593822,28.211083448593822,28.211083448593822,28.211083448593822,28.4488597114801,28.211083448593822,"rgba(38, 166, 154, 0.5)",1.0463436208879753,28.369264993543062,1.0710965156033818,62.56577452468462,16.640382188451213,False,True,True,False,False,14.71398412248277,0.0,0.0,0.0,0.0,0,0.9648581997533904,0.845561035758323,False,False,False,False,0.3428282342202312,0.3324361994345577,False,False,False,False,7327.0,5662.980150448572,False,False,False,False,51.0228472664996,False,False,False,False
2025-07-22 17:00:00+00:00,29.51,29.565,29.51,29.56,0.0,28.211083448593822,28.423469096671944,28.423469096671944,28.519414624183003,28.462484872717578,28.462484872717578,28.462484872717578,28.462484872717578,28.462484872717578,28.462484872717578,28.462484872717578,28.462484872717578,28.462484872717578,28.462484872717578,28.462484872717578,28.462484872717578,28.462484872717578,28.462484872717578,28.462484872717578,28.462484872717578,28.462484872717578,28.462484872717578,28.462484872717578,28.462484872717578,28.462484872717578,28.462484872717578,28.462484872717578,28.462484872717578,28.462484872717578,28.462484872717578,28.462484872717578,28.211083448593822,28.211083448593822,28.211083448593822,28.211083448593822,28.211083448593822,28.211083448593822,28.211083448593822,28.4488597114801,28.211083448593822,"rgba(38, 166, 154, 0.5)",1.0226377437562837,28.369264993543062,1.1643761573704576,64.0055846694028,16.640382188451213,False,True,True,False,False,15.57102594862496,0.0,0.0,0.0,0.0,0,0.964207221350078,0.8665620094191517,False,False,False,False,0.34181881211284965,0.33712750577370365,False,False,False,False,7327.0,5688.778907805959,False,False,False,False,50.23179537089496,False,False,False,False
2025-07-23 17:00:00+00:00,29.605,29.66,29.6,29.655,0.0,28.211083448593822,28.423469096671944,28.423469096671944,28.519414624183003,28.462484872717578,28.462484872717578,28.462484872717578,28.462484872717578,28.462484872717578,28.462484872717578,28.462484872717578,28.462484872717578,28.462484872717578,28.462484872717578,28.462484872717578,28.462484872717578,28.462484872717578,28.462484872717578,28.462484872717578,28.462484872717578,28.462484872717578,28.462484872717578,28.462484872717578,28.462484872717578,28.462484872717578,28.462484872717578,28.462484872717578,28.462484872717578,28.462484872717578,28.462484872717578,28.462484872717578,28.211083448593822,28.211083448593822,28.211083448593822,28.211083448593822,28.211083448593822,28.211083448593822,28.211083448593822,28.4488597114801,28.211083448593822,"rgba(38, 166, 154, 0.5)",0.9976196308853976,28.369264993543062,1.2888028329152224,66.43512505737252,16.640382188451213,False,True,True,False,True,16.718429447164688,0.0,0.0,0.0,0.0,0,0.9444617784711383,0.863338533541341,False,False,False,False,0.3428282346908242,0.3399778702322639,False,False,False,False,7327.0,5714.177684429122,False,False,False,False,49.4530078457648,False,False,False,False
2025-07-24 17:00:00+00:00,29.8,29.84,29.77,29.77,0.0,28.211083448593822,28.423469096671944,28.423469096671944,28.519414624183003,28.462484872717578,28.462484872717578,28.462484872717578,28.462484872717578,28.462484872717578,28.462484872717578,28.462484872717578,28.462484872717578,28.462484872717578,28.462484872717578,28.462484872717578,28.462484872717578,28.462484872717578,28.462484872717578,28.462484872717578,28.462484872717578,28.462484872717578,28.462484872717578,28.462484872717578,28.462484872717578,28.462484872717578,28.462484872717578,28.462484872717578,28.462484872717578,28.462484872717578,28.462484872717578,28.462484872717578,28.211083448593822,28.211083448593822,28.211083448593822,28.211083448593822,28.211083448593822,28.211083448593822,28.211083448593822,28.4488597114801,28.211083448593822,"rgba(38, 166, 154, 1.0)",0.9715096128849774,28.369264993543062,1.4418128116070204,69.52349382721607,15.482319056523892,True,False,True,False,True,18.075997243357115,0.0,0.0,0.0,0.0,0,0.9718710493046772,0.8568268015170664,False,False,False,False,0.34282823556914477,0.34140305290070433,False,False,False,False,7327.0,5739.182681569755,False,False,False,False,48.686294545830464,False,False,False,False
2025-07-25 17:00:00+00:00,29.89,29.94,29.88,29.92,0.0,28.211083448593822,28.423469096671944,28.423469096671944,28.519414624183003,28.462484872717578,28.462484872717578,28.462484872717578,28.462484872717578,28.462484872717578,28.462484872717578,28.462484872717578,28.462484872717578,28.462484872717578,28.462484872717578,28.462484872717578,28.462484872717578,28.462484872717578,28.462484872717578,28.462484872717578,28.462484872717578,28.462484872717578,28.462484872717578,28.462484872717578,28.462484872717578,28.462484872717578,28.462484872717578,28.462484872717578,28.462484872717578,28.462484872717578,28.462484872717578,28.462484872717578,28.211083448593822,28.211083448593822,28.211083448593822,28.211083448593822,28.211083448593822,28.211083448593822,28.211083448593822,28.4488597114801,28.211083448593822,"rgba(38, 166, 154, 1.0)",0.9449070596367369,28.369264993543062,1.6411508313347865,73.071380533003,18.752943441127968,True,False,True,False,True,19.787719545303958,0.0,0.0,0.0,0.0,0,0.9721701063164473,0.8258286429018128,False,False,False,False,0.3428282360595676,0.342115644480136,False,False,False,False,7327.0,5763.800004336115,False,False,False,False,47.93146827380208,False,False,False,False
2025-07-28 17:00:00+00:00,29.91,29.94,29.855,29.94,30.0,28.225080018289898,28.43051104100946,28.43051104100946,28.524514448514445,28.465953197713066,28.465953197713066,28.465953197713066,28.465953197713066,28.465953197713066,28.465953197713066,28.465953197713066,28.465953197713066,28.465953197713066,28.465953197713066,28.465953197713066,28.465953197713066,28.465953197713066,28.465953197713066,28.465953197713066,28.465953197713066,28.465953197713066,28.465953197713066,28.465953197713066,28.465953197713066,28.465953197713066,28.465953197713066,28.465953197713066,28.465953197713066,28.465953197713066,28.465953197713066,28.465953197713066,28.225080018289898,28.225080018289898,28.225080018289898,28.225080018289898,28.225080018289898,28.225080018289898,28.225080018289898,28.453293385611612,28.225080018289898,"rgba(38, 166, 154, 1.0)",0.9147536959883347,28.383400230835996,1.7016599943684252,75.61403615926788,21.03662310288435,True,False,True,False,True,20.0,0.0,0.0,0.0,0.0,0,0.9703376459450926,0.8330703692016399,False,False,False,False,0.34053548978165826,0.3413255671308971,False,False,False,False,7357.0,5788.500779462687,False,False,False,False,47.65346101374313,False,False,False,False
2025-07-29 17:00:00+00:00,29.92,29.985,29.92,29.965,0.0,28.225080018289898,28.43051104100946,28.43051104100946,28.524514448514445,28.465953197713066,28.465953197713066,28.465953197713066,28.465953197713066,28.465953197713066,28.465953197713066,28.465953197713066,28.465953197713066,28.465953197713066,28.465953197713066,28.465953197713066,28.465953197713066,28.465953197713066,28.465953197713066,28.465953197713066,28.465953197713066,28.465953197713066,28.465953197713066,28.465953197713066,28.465953197713066,28.465953197713066,28.465953197713066,28.465953197713066,28.465953197713066,28.465953197713066,28.465953197713066,28.465953197713066,28.225080018289898,28.225080018289898,28.225080018289898,28.225080018289898,28.225080018289898,28.225080018289898,28.225080018289898,28.453293385611612,28.225080018289898,"rgba(38, 166, 154, 1.0)",0.9124304243498649,28.383400230835996,1.7333921874546692,77.54308353267845,22.79011764392375,True,False,True,False,True,20.0,0.0,0.0,0.0,0.0,0,0.9688874921433058,0.827781269641734,False,False,False,False,0.34282823625089126,0.3420769016908942,False,False,False,False,7357.0,5812.818596835358,False,False,False,False,46.91464766469285,False,False,False,False
2025-07-30 17:00:00+00:00,29.95,29.97,29.815,29.865,0.0,28.225080018289898,28.43051104100946,28.43051104100946,28.524514448514445,28.465953197713066,28.465953197713066,28.465953197713066,28.465953197713066,28.465953197713066,28.465953197713066,28.465953197713066,28.465953197713066,28.465953197713066,28.465953197713066,28.465953197713066,28.465953197713066,28.465953197713066,28.465953197713066,28.465953197713066,28.465953197713066,28.465953197713066,28.465953197713066,28.465953197713066,28.465953197713066,28.465953197713066,28.465953197713066,28.465953197713066,28.465953197713066,28.465953197713066,28.465953197713066,28.465953197713066,28.225080018289898,28.225080018289898,28.225080018289898,28.225080018289898,28.225080018289898,28.225080018289898,28.225080018289898,28.453293385611612,28.225080018289898,"rgba(38, 166, 154, 0.75)",0.9027742127903718,28.383400230835996,1.6411631481857987,75.01348648506027,22.79011764392375,True,False,True,False,False,18.327491615955022,0.0,0.0,0.0,0.0,0,0.9626517273576094,0.8303765950824767,False,False,False,False,0.3319681653390679,0.33702253351498107,False,False,False,False,7357.0,5836.759393783647,False,False,False,False,46.18728878617048,False,False,False,False
2025-07-31 17:00:00+00:00,30.025,30.025,29.795,29.825,0.0,28.225080018289898,28.43051104100946,28.43051104100946,28.524514448514445,28.465953197713066,28.465953197713066,28.465953197713066,28.465953197713066,28.465953197713066,28.465953197713066,28.465953197713066,28.465953197713066,28.465953197713066,28.465953197713066,28.465953197713066,28.465953197713066,28.465953197713066,28.465953197713066,28.465953197713066,28.465953197713066,28.465953197713066,28.465953197713066,28.465953197713066,28.465953197713066,28.465953197713066,28.465953197713066,28.465953197713066,28.465953197713066,28.465953197713066,28.465953197713066,28.465953197713066,28.225080018289898,28.225080018289898,28.225080018289898,28.225080018289898,28.225080018289898,28.225080018289898,28.225080018289898,28.453293385611612,28.225080018289898,"rgba(38, 166, 154, 0.75)",0.8870992408197972,28.383400230835996,1.6250715848113844,71.93932807736029,27.089902982421478,True,False,True,False,False,17.546817357803178,0.0,0.0,0.0,0.0,0,0.961951518870819,0.829395520098189,False,False,False,False,0.3351277875663225,0.3360751605406518,False,False,False,False,7357.0,5860.329015585451,False,False,False,False,45.47120678948566,False,False,False,False
2025-08-01 17:00:00+00:00,29.47,29.5,29.41,29.485,0.0,28.225080018289898,28.43051104100946,28.43051104100946,28.524514448514445,28.465953197713066,28.465953197713066,28.465953197713066,28.465953197713066,28.465953197713066,28.465953197713066,28.465953197713066,28.465953197713066,28.465953197713066,28.465953197713066,28.465953197713066,28.465953197713066,28.465953197713066,28.465953197713066,28.465953197713066,28.465953197713066,28.465953197713066,28.465953197713066,28.465953197713066,28.465953197713066,28.465953197713066,28.465953197713066,28.465953197713066,28.465953197713066,28.465953197713066,28.465953197713066,28.465953197713066,28.225080018289898,28.225080018289898,28.225080018289898,28.225080018289898,28.225080018289898,28.225080018289898,28.225080018289898,28.453293385611612,28.225080018289898,"rgba(38, 166, 154, 0.5)",0.8634850713639852,28.383400230835996,1.2757600631402763,61.93588215843033,18.02312370518355,False,True,True,False,False,11.286505114474718,0.0,0.0,0.0,0.0,0,0.9557151406343505,0.8456014362657084,False,False,False,False,0.2548504396083007,0.29546280007447623,False,False,False,False,7357.0,5883.533216894203,False,False,False,False,44.76622683926108,False,False,False,False
2025-08-04 17:00:00+00:00,29.965,29.995,29.95,29.995,0.0,28.225080018289898,28.43051104100946,28.43051104100946,28.524514448514445,28.465953197713066,28.465953197713066,28.465953197713066,28.465953197713066,28.465953197713066,28.465953197713066,28.465953197713066,28.465953197713066,28.465953197713066,28.465953197713066,28.465953197713066,28.465953197713066,28.465953197713066,28.465953197713066,28.465953197713066,28.465953197713066,28.465953197713066,28.465953197713066,28.465953197713066,28.465953197713066,28.465953197713066,28.465953197713066,28.465953197713066,28.465953197713066,28.465953197713066,28.465953197713066,28.465953197713066,28.225080018289898,28.225080018289898,28.225080018289898,28.225080018289898,28.225080018289898,28.225080018289898,28.225080018289898,28.453293385611612,28.225080018289898,"rgba(38, 166, 154, 0.5)",0.8371659613522553,28.383400230835996,1.9250660485058717,62.616201542863585,18.02312370518355,False,True,True,False,False,17.264338873803254,0.0,0.0,0.0,0.0,0,0.961382113821138,0.8466898954703824,False,False,False,False,0.34282823633955256,0.3191455182070144,False,False,False,False,7357.0,5906.377663143905,False,False,False,False,44.072176810745404,False,False,False,False
2025-08-05 17:00:00+00:00,29.75,29.785,29.705,29.715,0.0,28.225080018289898,28.43051104100946,28.43051104100946,28.524514448514445,28.465953197713066,28.465953197713066,28.465953197713066,28.465953197713066,28.465953197713066,28.465953197713066,28.465953197713066,28.465953197713066,28.465953197713066,28.465953197713066,28.465953197713066,28.465953197713066,28.465953197713066,28.465953197713066,28.465953197713066,28.465953197713066,28.465953197713066,28.465953197713066,28.465953197713066,28.465953197713066,28.465953197713066,28.465953197713066,28.465953197713066,28.465953197713066,28.465953197713066,28.465953197713066,28.465953197713066,28.225080018289898,28.225080018289898,28.225080018289898,28.225080018289898,28.225080018289898,28.225080018289898,28.225080018289898,28.453293385611612,28.225080018289898,"rgba(38, 166, 154, 0.5)",0.8073423590303463,28.383400230835996,1.64936195192745,59.01879811756943,15.900704628591683,False,True,True,False,False,12.656892841350434,0.0,0.0,0.0,0.0,0,0.9548829240434034,0.849229011993146,False,False,False,False,0.3022339935250311,0.31068975586602277,False,False,False,False,7357.0,5928.867931932371,False,False,False,False,43.38888724778811,False,False,False,False
2025-08-06 17:00:00+00:00,29.85,29.88,29.83,29.865,0.0,28.225080018289898,28.43051104100946,28.43051104100946,28.524514448514445,28.465953197713066,28.465953197713066,28.465953197713066,28.465953197713066,28.465953197713066,28.465953197713066,28.465953197713066,28.465953197713066,28.465953197713066,28.465953197713066,28.465953197713066,28.465953197713066,28.465953197713066,28.465953197713066,28.465953197713066,28.465953197713066,28.465953197713066,28.465953197713066,28.465953197713066,28.465953197713066,28.465953197713066,28.465953197713066,28.465953197713066,28.465953197713066,28.465953197713066,28.465953197713066,28.465953197713066,28.225080018289898,28.225080018289898,28.225080018289898,28.225080018289898,28.225080018289898,28.225080018289898,28.225080018289898,28.453293385611612,28.225080018289898,"rgba(38, 166, 154, 0.5)",0.7876829231279475,28.383400230835996,1.8809596166950782,58.27012356686612,15.188841136206094,False,True,True,False,False,14.31352262082245,0.0,0.0,0.0,0.0,0,0.9574950410881267,0.8435817512043063,False,False,False,False,0.32173382169641884,0.3162117887812208,False,False,False,False,7357.0,5951.009514383032,False,False,False,False,42.716191321465814,False,False,False,False
2025-08-07 17:00:00+00:00,29.855,29.89,29.82,29.845,59.0,28.250989470842335,28.443614366828143,28.443614366828143,28.534006748292718,28.47244494732941,28.47244494732941,28.47244494732941,28.47244494732941,28.47244494732941,28.47244494732941,28.47244494732941,28.47244494732941,28.47244494732941,28.47244494732941,28.47244494732941,28.47244494732941,28.47244494732941,28.47244494732941,28.47244494732941,28.47244494732941,28.47244494732941,28.47244494732941,28.47244494732941,28.47244494732941,28.47244494732941,28.47244494732941,28.47244494732941,28.47244494732941,28.47244494732941,28.47244494732941,28.47244494732941,28.250989470842335,28.250989470842335,28.250989470842335,28.250989470842335,28.250989470842335,28.250989470842335,28.250989470842335,28.461567205503098,28.250989470842338,"rgba(38, 166, 154, 0.5)",0.7785174927299243,28.610744549386105,1.5853920588038344,57.48383859221983,14.227995033574189,False,True,True,False,False,13.991786658447111,0.0,0.0,0.0,0.0,0,0.9568304458960522,0.8472024992899734,False,False,False,False,0.32173382169641934,0.3189728052388201,False,False,False,False,7298.0,5971.89308780345,False,False,False,False,42.968653471520604,False,False,False,False
2025-08-08 17:00:00+00:00,29.975,29.99,29.96,29.98,0.0,28.250989470842335,28.443614366828143,28.443614366828143,28.534006748292718,28.47244494732941,28.47244494732941,28.47244494732941,28.47244494732941,28.47244494732941,28.47244494732941,28.47244494732941,28.47244494732941,28.47244494732941,28.47244494732941,28.47244494732941,28.47244494732941,28.47244494732941,28.47244494732941,28.47244494732941,28.47244494732941,28.47244494732941,28.47244494732941,28.47244494732941,28.47244494732941,28.47244494732941,28.47244494732941,28.47244494732941,28.47244494732941,28.47244494732941,28.47244494732941,28.47244494732941,28.250989470842335,28.250989470842335,28.250989470842335,28.250989470842335,28.250989470842335,28.250989470842335,28.250989470842335,28.461567205503098,28.250989470842338,"rgba(38, 166, 154, 0.5)",0.7690464846129247,28.610744549386105,1.7804586302778134,58.47815066826783,14.227995033574189,False,True,True,False,False,15.468867384056693,0.0,0.0,0.0,0.0,0,0.9523137697516928,0.8456546275395025,False,False,False,False,0.3428282363505746,0.33090052079469734,False,False,False,False,7298.0,5992.452884891768,False,False,False,False,42.30247279754354,False,False,False,False
2025-08-11 17:00:00+00:00,29.995,29.995,29.9,29.9,0.0,28.250989470842335,28.443614366828143,28.443614366828143,28.534006748292718,28.47244494732941,28.47244494732941,28.47244494732941,28.47244494732941,28.47244494732941,28.47244494732941,28.47244494732941,28.47244494732941,28.47244494732941,28.47244494732941,28.47244494732941,28.47244494732941,28.47244494732941,28.47244494732941,28.47244494732941,28.47244494732941,28.47244494732941,28.47244494732941,28.47244494732941,28.47244494732941,28.47244494732941,28.47244494732941,28.47244494732941,28.47244494732941,28.47244494732941,28.47244494732941,28.47244494732941,28.250989470842335,28.250989470842335,28.250989470842335,28.250989470842335,28.250989470842335,28.250989470842335,28.250989470842335,28.461567205503098,28.250989470842338,"rgba(38, 166, 154, 0.5)",0.7563730549128523,28.610744549386105,1.7045232405356359,57.8421042314284,13.928812383676245,False,True,True,False,False,14.163498762114287,0.0,0.0,0.0,0.0,0,0.9554357082032356,0.8444507521998287,False,False,False,False,0.33786850123734874,0.33438451101602307,False,False,False,False,7298.0,6012.693925436081,False,False,False,False,41.64662050610875,False,False,False,False
2025-08-12 17:00:00+00:00,30.1,30.14,30.1,30.14,0.0,28.250989470842335,28.443614366828143,28.443614366828143,28.534006748292718,28.47244494732941,28.47244494732941,28.47244494732941,28.47244494732941,28.47244494732941,28.47244494732941,28.47244494732941,28.47244494732941,28.47244494732941,28.47244494732941,28.47244494732941,28.47244494732941,28.47244494732941,28.47244494732941,28.47244494732941,28.47244494732941,28.47244494732941,28.47244494732941,28.47244494732941,28.47244494732941,28.47244494732941,28.47244494732941,28.47244494732941,28.47244494732941,28.47244494732941,28.47244494732941,28.47244494732941,28.250989470842335,28.250989470842335,28.250989470842335,28.250989470842335,28.250989470842335,28.250989470842335,28.250989470842335,28.461567205503098,28.250989470842338,"rgba(38, 166, 154, 0.5)",0.7501621446349089,28.610744549386105,2.038566543981179,60.00426188196874,13.928812383676245,False,True,True,False,False,16.73698669953751,0.0,0.0,0.0,0.0,0,0.9509941192943151,0.8389806776813207,False,False,False,False,0.34282823696762954,0.3386063739918263,False,False,False,False,7298.0,6032.621151398313,False,False,False,False,41.000936467254355,False,False,False,False
2025-08-13 17:00:00+00:00,30.185,30.25,30.17,30.25,500.0,28.485568902632416,28.572598202638055,28.572598202638055,28.63055072960719,28.53930337050048,28.53930337050048,28.53930337050048,28.53930337050048,28.53930337050048,28.53930337050048,28.53930337050048,28.53930337050048,28.53930337050048,28.53930337050048,28.53930337050048,28.53930337050048,28.53930337050048,28.53930337050048,28.53930337050048,28.53930337050048,28.53930337050048,28.53930337050048,28.53930337050048,28.53930337050048,28.53930337050048,28.53930337050048,28.53930337050048,28.53930337050048,28.53930337050048,28.53930337050048,28.53930337050048,28.485568902632416,28.485568902632416,28.485568902632416,28.485568902632416,28.485568902632416,28.485568902632416,28.485568902632416,28.54450849827618,28.48556890263242,"rgba(38, 166, 154, 0.5)",0.744976316208586,28.859444836862345,1.866576336566804,62.44859862111087,13.928812383676245,False,True,True,False,True,17.867297922235146,0.0,0.0,0.0,0.0,0,0.953520734762037,0.8355134984692447,False,False,False,False,0.34282823732986684,0.34071730566084657,False,False,False,False,7798.0,6059.991366105315,False,False,False,False,48.117201018149636,False,False,False,False
2025-08-14 17:00:00+00:00,30.235,30.3,30.21,30.3,523.0,28.68300014103378,28.692207625976817,28.692207625976817,28.72302613603681,28.60577574600377,28.60577574600377,28.60577574600377,28.60577574600377,28.60577574600377,28.60577574600377,28.60577574600377,28.60577574600377,28.60577574600377,28.60577574600377,28.60577574600377,28.60577574600377,28.60577574600377,28.60577574600377,28.60577574600377,28.60577574600377,28.60577574600377,28.60577574600377,28.60577574600377,28.60577574600377,28.60577574600377,28.60577574600377,28.60577574600377,28.60577574600377,28.60577574600377,28.60577574600377,28.60577574600377,28.68300014103378,28.68300014103378,28.68300014103378,28.68300014103378,28.68300014103378,28.68300014103378,28.68300014103378,28.624142673254234,28.683000141033776,"rgba(38, 166, 154, 0.5)",0.7418878099298615,29.132045703294512,1.5743004280066384,64.52833001242266,8.989181698952976,False,True,True,False,True,18.376805570619236,0.0,0.0,0.0,0.0,0,0.9559678759346438,0.8335641096649117,False,False,False,False,0.34282823750540314,0.34177277158312486,False,False,False,False,8321.0,6095.045763530039,False,False,False,False,55.47972503337212,False,False,False,False
2025-08-15 17:00:00+00:00,30.195,30.225,30.16,30.16,500.0,28.82635833173905,28.78621539173609,28.78621539173609,28.79765981034247,28.661591107647986,28.661591107647986,28.661591107647986,28.661591107647986,28.661591107647986,28.661591107647986,28.661591107647986,28.661591107647986,28.661591107647986,28.661591107647986,28.661591107647986,28.661591107647986,28.661591107647986,28.661591107647986,28.661591107647986,28.661591107647986,28.661591107647986,28.661591107647986,28.661591107647986,28.661591107647986,28.661591107647986,28.661591107647986,28.661591107647986,28.661591107647986,28.661591107647986,28.661591107647986,28.661591107647986,28.82635833173905,28.82635833173905,28.82635833173905,28.82635833173905,28.82635833173905,28.82635833173905,28.82635833173905,28.68909533239607,28.826358331739048,"rgba(38, 166, 154, 0.5)",0.7387847642770741,29.23545903233137,1.25143480533647,63.276389564705816,8.989181698952976,False,True,True,False,True,16.056689273246235,0.0,0.0,0.0,0.0,0,0.9494366584226432,0.8348447375652641,False,False,False,False,0.33229583627283243,0.3370343039279786,False,False,False,False,7821.0,6121.804743940426,False,False,False,False,62.371512242157046,False,False,False,False
2025-08-18 17:00:00+00:00,30.12,30.17,30.11,30.145,55.0,28.84005427237158,28.795560987840034,28.795560987840034,28.805181981615277,28.66733512089566,28.66733512089566,28.66733512089566,28.66733512089566,28.66733512089566,28.66733512089566,28.66733512089566,28.66733512089566,28.66733512089566,28.66733512089566,28.66733512089566,28.66733512089566,28.66733512089566,28.66733512089566,28.66733512089566,28.66733512089566,28.66733512089566,28.66733512089566,28.66733512089566,28.66733512089566,28.66733512089566,28.66733512089566,28.66733512089566,28.66733512089566,28.66733512089566,28.66733512089566,28.66733512089566,28.84005427237158,28.84005427237158,28.84005427237158,28.84005427237158,28.84005427237158,28.84005427237158,28.84005427237158,28.69568600819988,28.840054272371585,"rgba(38, 166, 154, 0.5)",0.7321471262078535,29.24500628173194,1.2292525450855296,62.16424038181417,8.989181698952976,False,True,True,False,True,15.810004928381531,0.0,0.0,0.0,0.0,0,0.9468638729115307,0.8384004382360987,False,False,False,False,0.3235033420293483,0.33026882297866345,False,False,False,False,7766.0,6147.296143259179,False,False,False,False,62.25722523065073,False,False,False,False
2025-08-19 17:00:00+00:00,30.05,30.05,29.93,29.98,18.0,28.843948427672963,28.79824265165728,28.79824265165728,28.80734213644828,28.66900869156683,28.66900869156683,28.66900869156683,28.66900869156683,28.66900869156683,28.66900869156683,28.66900869156683,28.66900869156683,28.66900869156683,28.66900869156683,28.66900869156683,28.66900869156683,28.66900869156683,28.66900869156683,28.66900869156683,28.66900869156683,28.66900869156683,28.66900869156683,28.66900869156683,28.66900869156683,28.66900869156683,28.66900869156683,28.66900869156683,28.66900869156683,28.66900869156683,28.66900869156683,28.66900869156683,28.843948427672963,28.843948427672963,28.843948427672963,28.843948427672963,28.843948427672963,28.843948427672963,28.843948427672963,28.697595746625257,28.84394842767296,"rgba(38, 166, 154, 0.5)",0.7197680244419123,29.24723554736029,1.018056412283492,58.526536353998885,13.698201570440396,False,True,True,False,False,13.130092704044724,0.0,0.0,0.0,0.0,0,0.9390904168922573,0.8416350839198692,False,False,False,False,0.2986410321707351,0.3144549275746993,False,False,False,False,7748.0,6172.113257317176,False,False,False,False,61.57106669994297,False,False,False,False
2025-08-20 17:00:00+00:00,29.9,29.99,29.88,29.955,0.0,28.843948427672963,28.79824265165728,28.79824265165728,28.80734213644828,28.66900869156683,28.66900869156683,28.66900869156683,28.66900869156683,28.66900869156683,28.66900869156683,28.66900869156683,28.66900869156683,28.66900869156683,28.66900869156683,28.66900869156683,28.66900869156683,28.66900869156683,28.66900869156683,28.66900869156683,28.66900869156683,28.66900869156683,28.66900869156683,28.66900869156683,28.66900869156683,28.66900869156683,28.66900869156683,28.66900869156683,28.66900869156683,28.66900869156683,28.66900869156683,28.66900869156683,28.843948427672963,28.843948427672963,28.843948427672963,28.843948427672963,28.843948427672963,28.843948427672963,28.843948427672963,28.697595746625257,28.84394842767296,"rgba(38, 166, 154, 0.5)",0.70481686970434,29.24723554736029,1.0041820550302727,55.68945988599753,10.951068777988048,False,True,True,False,False,12.729812547779915,0.0,0.0,0.0,0.0,0,0.9366918103448271,0.8467133620689647,False,False,False,False,0.28961542117940525,0.3020351743770523,False,False,False,False,7748.0,6196.54560991691,False,False,False,False,60.6164765185485,False,False,False,False
2025-08-21 17:00:00+00:00,29.835,29.89,29.81,29.85,0.0,28.843948427672963,28.79824265165728,28.79824265165728,28.80734213644828,28.66900869156683,28.66900869156683,28.66900869156683,28.66900869156683,28.66900869156683,28.66900869156683,28.66900869156683,28.66900869156683,28.66900869156683,28.66900869156683,28.66900869156683,28.66900869156683,28.66900869156683,28.66900869156683,28.66900869156683,28.66900869156683,28.66900869156683,28.66900869156683,28.66900869156683,28.66900869156683,28.66900869156683,28.66900869156683,28.66900869156683,28.66900869156683,28.66900869156683,28.66900869156683,28.66900869156683,28.843948427672963,28.843948427672963,28.843948427672963,28.843948427672963,28.843948427672963,28.843948427672963,28.843948427672963,28.697595746625257,28.84394842767296,#000000,0.6874907042778641,29.24723554736029,0.8767601494668225,52.092872038703774,7.561239312095424,False,True,False,False,False,11.054724018956442,0.0,0.0,0.0,0.0,0,0.9288960171077248,0.8497727880245916,False,False,False,False,0.2757559550763451,0.2888955647266987,False,False,False,False,7748.0,6220.599166352306,False,False,False,False,59.6766861849276,False,False,False,False
2025-08-22 17:00:00+00:00,30.15,30.205,30.115,30.14,0.0,28.843948427672963,28.79824265165728,28.79824265165728,28.80734213644828,28.66900869156683,28.66900869156683,28.66900869156683,28.66900869156683,28.66900869156683,28.66900869156683,28.66900869156683,28.66900869156683,28.66900869156683,28.66900869156683,28.66900869156683,28.66900869156683,28.66900869156683,28.66900869156683,28.66900869156683,28.66900869156683,28.66900869156683,28.66900869156683,28.66900869156683,28.66900869156683,28.66900869156683,28.66900869156683,28.66900869156683,28.66900869156683,28.66900869156683,28.66900869156683,28.66900869156683,28.843948427672963,28.843948427672963,28.843948427672963,28.843948427672963,28.843948427672963,28.843948427672963,28.843948427672963,28.697595746625257,28.84394842767296,"rgba(38, 166, 154, 0.5)",0.6721114839421003,29.24723554736029,1.32829816774358,54.12448198397568,7.561239312095424,False,True,True,False,False,14.319991899844222,0.0,0.0,0.0,0.0,0,0.9482390608324438,0.8431163287086438,False,False,False,False,0.32684709935355866,0.3078713320401287,False,False,False,False,7748.0,6244.279799432115,False,False,False,False,58.751466244076006,False,False,False,False
2025-08-25 17:00:00+00:00,30.155,30.17,30.075,30.075,175.0,28.884309284627097,28.826268869849034,28.826268869849034,28.83003493013972,28.686522798468502,28.686522798468502,28.686522798468502,28.686522798468502,28.686522798468502,28.686522798468502,28.686522798468502,28.686522798468502,28.686522798468502,28.686522798468502,28.686522798468502,28.686522798468502,28.686522798468502,28.686522798468502,28.686522798468502,28.686522798468502,28.686522798468502,28.686522798468502,28.686522798468502,28.686522798468502,28.686522798468502,28.686522798468502,28.686522798468502,28.686522798468502,28.686522798468502,28.686522798468502,28.686522798468502,28.884309284627097,28.884309284627097,28.884309284627097,28.884309284627097,28.884309284627097,28.884309284627097,28.884309284627097,28.717562336498055,28.884309284627097,"rgba(38, 166, 154, 0.5)",0.6669628283603364,29.351867609360077,1.084216930676141,54.367038846245244,7.561239312095424,False,True,True,False,True,13.288880371003774,0.0,0.0,0.0,0.0,0,0.9463764268648791,0.8287762144942916,False,False,False,False,0.32058328115126317,0.3142273065956959,False,False,False,False,7573.0,6264.880112619215,False,False,False,False,60.55376909300506,False,False,False,False
2025-08-26 17:00:00+00:00,30.12,30.185,30.1,30.18,1678.0,29.182396663404635,29.052671269970208,29.052671269970208,29.020092323474103,28.840116561740327,28.840116561740327,28.840116561740327,28.840116561740327,28.840116561740327,28.840116561740327,28.840116561740327,28.840116561740327,28.840116561740327,28.840116561740327,28.840116561740327,28.840116561740327,28.840116561740327,28.840116561740327,28.840116561740327,28.840116561740327,28.840116561740327,28.840116561740327,28.840116561740327,28.840116561740327,28.840116561740327,28.840116561740327,28.840116561740327,28.840116561740327,28.840116561740327,28.840116561740327,28.840116561740327,29.182396663404635,29.182396663404635,29.182396663404635,29.182396663404635,29.182396663404635,29.182396663404635,29.182396663404635,28.887484825733214,29.182396663404635,"rgba(38, 166, 154, 0.5)",0.6641212917006165,29.547493462180313,0.9523961145712198,55.948593216456274,7.561239312095424,False,True,True,False,True,14.441228994406679,0.0,0.0,0.0,0.0,0,0.9466877804169964,0.8276590129321711,False,False,False,False,0.3239209281510775,0.3190741173733867,False,False,False,False,9251.0,6311.176544981707,False,False,False,False,85.6304548435011,False,False,False,False
2025-08-27 17:00:00+00:00,30.24,30.285,30.235,30.265,500.0,29.25290953438739,29.111088132972547,29.111088132972547,29.07098486090616,28.88308186745653,28.88308186745653,28.88308186745653,28.88308186745653,28.88308186745653,28.88308186745653,28.88308186745653,28.88308186745653,28.88308186745653,28.88308186745653,28.88308186745653,28.88308186745653,28.88308186745653,28.88308186745653,28.88308186745653,28.88308186745653,28.88308186745653,28.88308186745653,28.88308186745653,28.88308186745653,28.88308186745653,28.88308186745653,28.88308186745653,28.88308186745653,28.88308186745653,28.88308186745653,28.88308186745653,29.25290953438739,29.25290953438739,29.25290953438739,29.25290953438739,29.25290953438739,29.25290953438739,29.25290953438739,28.93376902702716,29.25290953438739,"rgba(38, 166, 154, 0.5)",0.6648735773618013,29.597971056593757,1.0032417682365948,58.08138186613493,2.8496894985895906,False,True,True,False,True,15.361155709766066,0.0,0.0,0.0,0.0,0,0.9511811023622045,0.8257217847769021,False,False,False,False,0.3428282375246847,0.3309511774490357,False,False,False,False,9751.0,6364.507141183541,False,False,False,False,92.05478887693519,False,False,False,False
2025-08-28 17:00:00+00:00,30.26,30.475,30.255,30.46,806.0,29.36189029436104,29.2039854162931,29.2039854162931,29.1531518507126,28.95340000384268,28.95340000384268,28.95340000384268,28.95340000384268,28.95340000384268,28.95340000384268,28.95340000384268,28.95340000384268,28.95340000384268,28.95340000384268,28.95340000384268,28.95340000384268,28.95340000384268,28.95340000384268,28.95340000384268,28.95340000384268,28.95340000384268,28.95340000384268,28.95340000384268,28.95340000384268,28.95340000384268,28.95340000384268,28.95340000384268,28.95340000384268,28.95340000384268,28.95340000384268,28.95340000384268,29.36189029436104,29.36189029436104,29.36189029436104,29.36189029436104,29.36189029436104,29.36189029436104,29.36189029436104,29.008870651957142,29.361890294361043,"rgba(38, 166, 154, 0.5)",0.6715704466881119,29.746831289584172,1.0619417723529394,61.63164656432528,6.311214587332621,False,True,True,False,True,17.409106900530222,0.0,0.0,0.0,0.0,0,0.9527763362740008,0.8178515827711459,False,False,False,False,0.34282823791967915,0.33688970768435744,False,False,False,False,10557.0,6429.507030467516,False,False,False,False,103.12370687884317,False,False,False,False
2025-08-29 17:00:00+00:00,30.085,30.115,30.055,30.095,0.0,29.36189029436104,29.2039854162931,29.2039854162931,29.1531518507126,28.95340000384268,28.95340000384268,28.95340000384268,28.95340000384268,28.95340000384268,28.95340000384268,28.95340000384268,28.95340000384268,28.95340000384268,28.95340000384268,28.95340000384268,28.95340000384268,28.95340000384268,28.95340000384268,28.95340000384268,28.95340000384268,28.95340000384268,28.95340000384268,28.95340000384268,28.95340000384268,28.95340000384268,28.95340000384268,28.95340000384268,28.95340000384268,28.95340000384268,28.95340000384268,28.95340000384268,29.36189029436104,29.36189029436104,29.36189029436104,29.36189029436104,29.36189029436104,29.36189029436104,29.36189029436104,29.008870651957142,29.361890294361043,"rgba(38, 166, 154, 0.5)",0.6716772538454302,29.746831289584172,0.5183571550510615,57.96992019656814,6.311214587332621,False,True,True,False,False,11.721257031282008,0.0,0.0,0.0,0.0,0,0.9402795425667088,0.8223634053367209,False,False,False,False,0.29730224025294916,0.3170959739686533,False,False,False,False,10557.0,6493.499169530035,False,False,False,False,101.52488971793086,False,False,False,False
2025-09-01 17:00:00+00:00,30.095,30.095,30.095,30.095,0.0,29.36189029436104,29.2039854162931,29.2039854162931,29.1531518507126,28.95340000384268,28.95340000384268,28.95340000384268,28.95340000384268,28.95340000384268,28.95340000384268,28.95340000384268,28.95340000384268,28.95340000384268,28.95340000384268,28.95340000384268,28.95340000384268,28.95340000384268,28.95340000384268,28.95340000384268,28.95340000384268,28.95340000384268,28.95340000384268,28.95340000384268,28.95340000384268,28.95340000384268,28.95340000384268,28.95340000384268,28.95340000384268,28.95340000384268,28.95340000384268,28.95340000384268,29.36189029436104,29.36189029436104,29.36189029436104,29.36189029436104,29.36189029436104,29.36189029436104,29.36189029436104,29.008870651957142,29.361890294361043,"rgba(38, 166, 154, 0.5)",0.6714102611211299,29.746831289584172,0.5185632847410614,55.528769284730046,11.216737006214473,False,True,True,False,False,11.721257031281997,0.0,0.0,0.0,0.0,0,0.9423125794155016,0.8233799237611172,False,False,False,False,0.2989067167544339,0.3080013453615436,False,False,False,False,10557.0,6556.499182405538,False,False,False,False,99.95086041997844,False,False,False,False
2025-09-02 17:00:00+00:00,29.87,29.935,29.87,29.93,0.0,29.36189029436104,29.2039854162931,29.2039854162931,29.1531518507126,28.95340000384268,28.95340000384268,28.95340000384268,28.95340000384268,28.95340000384268,28.95340000384268,28.95340000384268,28.95340000384268,28.95340000384268,28.95340000384268,28.95340000384268,28.95340000384268,28.95340000384268,28.95340000384268,28.95340000384268,28.95340000384268,28.95340000384268,28.95340000384268,28.95340000384268,28.95340000384268,28.95340000384268,28.95340000384268,28.95340000384268,28.95340000384268,28.95340000384268,28.95340000384268,28.95340000384268,29.36189029436104,29.36189029436104,29.36189029436104,29.36189029436104,29.36189029436104,29.36189029436104,29.36189029436104,29.008870651957142,29.361890294361043,#000000,0.6673971695939285,29.746831289584172,0.27445233327446533,51.69233812083269,7.6371579533671365,False,True,False,False,False,9.279544894846556,0.0,0.0,0.0,0.0,0,0.9396984924623114,0.8253768844221097,False,False,False,False,0.26827133441612583,0.2881363398888347,False,False,False,False,10557.0,6618.522450895374,False,False,False,False,98.40123467703303,False,False,False,False
2025-09-03 17:00:00+00:00,30.13,30.13,30.08,30.1,0.0,29.36189029436104,29.2039854162931,29.2039854162931,29.1531518507126,28.95340000384268,28.95340000384268,28.95340000384268,28.95340000384268,28.95340000384268,28.95340000384268,28.95340000384268,28.95340000384268,28.95340000384268,28.95340000384268,28.95340000384268,28.95340000384268,28.95340000384268,28.95340000384268,28.95340000384268,28.95340000384268,28.95340000384268,28.95340000384268,28.95340000384268,28.95340000384268,28.95340000384268,28.95340000384268,28.95340000384268,28.95340000384268,28.95340000384268,28.95340000384268,28.95340000384268,29.36189029436104,29.36189029436104,29.36189029436104,29.36189029436104,29.36189029436104,29.36189029436104,29.36189029436104,29.008870651957142,29.361890294361043,#000000,0.6586828038107879,29.746831289584172,0.5361741772710376,51.59210901799845,7.47354431858696,False,True,False,False,False,11.169012127506345,0.0,0.0,0.0,0.0,0,0.943283582089552,0.8243781094527355,False,False,False,False,0.30051268937630526,0.29432451463257,False,False,False,False,10557.0,6679.584118323352,False,False,False,False,96.87563413940461,False,False,False,False
2025-09-04 17:00:00+00:00,30.255,30.34,30.255,30.34,0.0,29.36189029436104,29.2039854162931,29.2039854162931,29.1531518507126,28.95340000384268,28.95340000384268,28.95340000384268,28.95340000384268,28.95340000384268,28.95340000384268,28.95340000384268,28.95340000384268,28.95340000384268,28.95340000384268,28.95340000384268,28.95340000384268,28.95340000384268,28.95340000384268,28.95340000384268,28.95340000384268,28.95340000384268,28.95340000384268,28.95340000384268,28.95340000384268,28.95340000384268,28.95340000384268,28.95340000384268,28.95340000384268,28.95340000384268,28.95340000384268,28.95340000384268,29.36189029436104,29.36189029436104,29.36189029436104,29.36189029436104,29.36189029436104,29.36189029436104,29.36189029436104,29.008870651957142,29.361890294361043,"rgba(38, 166, 154, 0.5)",0.6537156240423828,29.746831289584172,0.9073803479682023,54.32801307726267,7.47354431858696,False,True,True,False,True,13.707540916280788,0.0,0.0,0.0,0.0,0,0.9449360865290068,0.8207964601769904,False,False,False,False,0.33173393879602736,0.31302922671429867,False,False,False,False,10557.0,6739.699093233067,False,False,False,False,95.3736863232898,False,False,False,False
2025-09-05 17:00:00+00:00,30.245,30.305,30.225,30.285,0.0,29.36189029436104,29.2039854162931,29.2039854162931,29.1531518507126,28.95340000384268,28.95340000384268,28.95340000384268,28.95340000384268,28.95340000384268,28.95340000384268,28.95340000384268,28.95340000384268,28.95340000384268,28.95340000384268,28.95340000384268,28.95340000384268,28.95340000384268,28.95340000384268,28.95340000384268,28.95340000384268,28.95340000384268,28.95340000384268,28.95340000384268,28.95340000384268,28.95340000384268,28.95340000384268,28.95340000384268,28.95340000384268,28.95340000384268,28.95340000384268,28.95340000384268,29.36189029436104,29.36189029436104,29.36189029436104,29.36189029436104,29.36189029436104,29.36189029436104,29.36189029436104,29.008870651957142,29.361890294361043,"rgba(38, 166, 154, 0.5)",0.6436898349388536,29.746831289584172,0.8360683689636806,55.30095818977749,7.47354431858696,False,True,True,False,True,12.890175550858565,0.0,0.0,0.0,0.0,0,0.9386487186124773,0.8112865648459737,False,False,False,False,0.32642036062308444,0.31972479366869155,False,False,False,False,10557.0,6798.882053027903,False,False,False,False,93.89502451982794,False,False,False,False
2025-09-08 17:00:00+00:00,30.37,30.385,30.355,30.375,0.0,29.36189029436104,29.2039854162931,29.2039854162931,29.1531518507126,28.95340000384268,28.95340000384268,28.95340000384268,28.95340000384268,28.95340000384268,28.95340000384268,28.95340000384268,28.95340000384268,28.95340000384268,28.95340000384268,28.95340000384268,28.95340000384268,28.95340000384268,28.95340000384268,28.95340000384268,28.95340000384268,28.95340000384268,28.95340000384268,28.95340000384268,28.95340000384268,28.95340000384268,28.95340000384268,28.95340000384268,28.95340000384268,28.95340000384268,28.95340000384268,28.95340000384268,29.36189029436104,29.36189029436104,29.36189029436104,29.36189029436104,29.36189029436104,29.36189029436104,29.36189029436104,29.008870651957142,29.361890294361043,"rgba(38, 166, 154, 0.5)",0.633820618611119,29.746831289584172,0.991082795306224,56.98799693282706,7.47354431858696,False,True,True,False,True,13.831282136967399,0.0,0.0,0.0,0.0,0,0.9420551120267834,0.8096832346124122,False,False,False,False,0.342828237938028,0.3312765158033598,False,False,False,False,10557.0,6857.147447554601,False,False,False,False,92.43928770556704,False,False,False,False
2025-09-09 17:00:00+00:00,30.355,30.435,30.355,30.435,0.0,29.36189029436104,29.2039854162931,29.2039854162931,29.1531518507126,28.95340000384268,28.95340000384268,28.95340000384268,28.95340000384268,28.95340000384268,28.95340000384268,28.95340000384268,28.95340000384268,28.95340000384268,28.95340000384268,28.95340000384268,28.95340000384268,28.95340000384268,28.95340000384268,28.95340000384268,28.95340000384268,28.95340000384268,28.95340000384268,28.95340000384268,28.95340000384268,28.95340000384268,28.95340000384268,28.95340000384268,28.95340000384268,28.95340000384268,28.95340000384268,28.95340000384268,29.36189029436104,29.36189029436104,29.36189029436104,29.36189029436104,29.36189029436104,29.36189029436104,29.36189029436104,29.008870651957142,29.361890294361043,"rgba(38, 166, 154, 0.5)",0.6326682235430244,29.746831289584172,1.087724473598488,58.79733275889694,3.346169119756148,False,True,True,False,True,14.455357297122891,0.0,0.0,0.0,0.0,0,0.94229289561426,0.8078994614003583,False,False,False,False,0.3428282380291639,0.3370523769162619,False,False,False,False,10557.0,6914.509502631274,False,False,False,False,91.00612045431794,False,False,False,False
2025-09-10 17:00:00+00:00,30.545,30.545,30.475,30.515,0.0,29.36189029436104,29.2039854162931,29.2039854162931,29.1531518507126,28.95340000384268,28.95340000384268,28.95340000384268,28.95340000384268,28.95340000384268,28.95340000384268,28.95340000384268,28.95340000384268,28.95340000384268,28.95340000384268,28.95340000384268,28.95340000384268,28.95340000384268,28.95340000384268,28.95340000384268,28.95340000384268,28.95340000384268,28.95340000384268,28.95340000384268,28.95340000384268,28.95340000384268,28.95340000384268,28.95340000384268,28.95340000384268,28.95340000384268,28.95340000384268,28.95340000384268,29.36189029436104,29.36189029436104,29.36189029436104,29.36189029436104,29.36189029436104,29.36189029436104,29.36189029436104,29.008870651957142,29.361890294361043,"rgba(38, 166, 154, 0.5)",0.6279504628422446,29.746831289584172,1.223295077988994,60.90707989961214,5.551749639442072,False,False,True,False,True,15.284270246382068,0.0,0.0,0.0,0.0,0,0.94669727110431,0.8054067839836769,False,False,False,False,0.34282823843572613,0.33994030767599404,False,False,False,False,10557.0,6970.982223520711,False,False,False,False,89.59517285037502,False,False,False,False
2025-09-11 17:00:00+00:00,30.695,30.705,30.685,30.705,0.0,29.36189029436104,29.2039854162931,29.2039854162931,29.1531518507126,28.95340000384268,28.95340000384268,28.95340000384268,28.95340000384268,28.95340000384268,28.95340000384268,28.95340000384268,28.95340000384268,28.95340000384268,28.95340000384268,28.95340000384268,28.95340000384268,28.95340000384268,28.95340000384268,28.95340000384268,28.95340000384268,28.95340000384268,28.95340000384268,28.95340000384268,28.95340000384268,28.95340000384268,28.95340000384268,28.95340000384268,28.95340000384268,28.95340000384268,28.95340000384268,28.95340000384268,29.36189029436104,29.36189029436104,29.36189029436104,29.36189029436104,29.36189029436104,29.36189029436104,29.36189029436104,29.008870651957142,29.361890294361043,"rgba(38, 166, 154, 1.0)",0.6289111640384976,29.746831289584172,1.523535858805607,64.19167144932042,8.78342860712759,True,False,True,False,True,17.20198352910384,0.0,0.0,0.0,0.0,0,0.9488419445151436,0.8032578264189353,False,False,False,False,0.3428282390490537,0.34138427336252386,False,False,False,False,10557.0,7026.579398349847,False,False,False,False,88.20610040308239,False,False,False,False
2025-09-12 17:00:00+00:00,30.685,30.725,30.685,30.715,0.0,29.36189029436104,29.2039854162931,29.2039854162931,29.1531518507126,28.95340000384268,28.95340000384268,28.95340000384268,28.95340000384268,28.95340000384268,28.95340000384268,28.95340000384268,28.95340000384268,28.95340000384268,28.95340000384268,28.95340000384268,28.95340000384268,28.95340000384268,28.95340000384268,28.95340000384268,28.95340000384268,28.95340000384268,28.95340000384268,28.95340000384268,28.95340000384268,28.95340000384268,28.95340000384268,28.95340000384268,28.95340000384268,28.95340000384268,28.95340000384268,28.95340000384268,29.36189029436104,29.36189029436104,29.36189029436104,29.36189029436104,29.36189029436104,29.36189029436104,29.36189029436104,29.008870651957142,29.361890294361043,"rgba(38, 166, 154, 1.0)",0.6298113045026147,29.746831289584172,1.5372361586625165,66.47375222202396,11.019766963753916,True,False,True,False,True,17.301496525829123,0.0,0.0,0.0,0.0,0,0.9489458978917956,0.8026416052832096,False,False,False,False,0.342828239080868,0.34210625622169594,False,False,False,False,10557.0,7081.314601476205,False,False,False,False,86.83856396272452,False,False,False,False
2025-09-15 17:00:00+00:00,30.705,30.715,30.685,30.705,0.0,29.36189029436104,29.2039854162931,29.2039854162931,29.1531518507126,28.95340000384268,28.95340000384268,28.95340000384268,28.95340000384268,28.95340000384268,28.95340000384268,28.95340000384268,28.95340000384268,28.95340000384268,28.95340000384268,28.95340000384268,28.95340000384268,28.95340000384268,28.95340000384268,28.95340000384268,28.95340000384268,28.95340000384268,28.95340000384268,28.95340000384268,28.95340000384268,28.95340000384268,28.95340000384268,28.95340000384268,28.95340000384268,28.95340000384268,28.95340000384268,28.95340000384268,29.36189029436104,29.36189029436104,29.36189029436104,29.36189029436104,29.36189029436104,29.36189029436104,29.36189029436104,29.008870651957142,29.361890294361043,"rgba(38, 166, 154, 1.0)",0.6293403023930871,29.746831289584172,1.5224969810011506,67.74537859961572,12.353114967627889,True,False,True,False,True,17.13961875859391,0.0,0.0,0.0,0.0,0,0.9490235861019527,0.8034491503931008,False,False,False,False,0.34206170659344565,0.3420839814075708,False,False,False,False,10557.0,7135.201196802155,False,False,False,False,85.49222963772104,False,False,False,False
2025-09-16 17:00:00+00:00,30.755,30.785,30.735,30.76,0.0,29.36189029436104,29.2039854162931,29.2039854162931,29.1531518507126,28.95340000384268,28.95340000384268,28.95340000384268,28.95340000384268,28.95340000384268,28.95340000384268,28.95340000384268,28.95340000384268,28.95340000384268,28.95340000384268,28.95340000384268,28.95340000384268,28.95340000384268,28.95340000384268,28.95340000384268,28.95340000384268,28.95340000384268,28.95340000384268,28.95340000384268,28.95340000384268,28.95340000384268,28.95340000384268,28.95340000384268,28.95340000384268,28.95340000384268,28.95340000384268,28.95340000384268,29.36189029436104,29.36189029436104,29.36189029436104,29.36189029436104,29.36189029436104,29.36189029436104,29.36189029436104,29.008870651957142,29.361890294361043,"rgba(38, 166, 154, 1.0)",0.6304368784086667,29.746831289584172,1.6070898532669047,69.19988665985147,13.917364607940193,True,False,True,False,True,17.703571392464937,0.0,0.0,0.0,0.0,0,0.9502399595857538,0.8012124273806508,False,False,False,False,0.34282823925351885,0.3424561103305448,False,False,False,False,10557.0,7188.25234103778,False,False,False,False,84.16676871310521,False,False,False,False
2025-09-17 17:00:00+00:00,30.73,30.75,30.59,30.64,280.0,29.403482091772517,29.239640837268954,29.239640837268954,29.184913178761416,28.980505795375045,28.980505795375045,28.980505795375045,28.980505795375045,28.980505795375045,28.980505795375045,28.980505795375045,28.980505795375045,28.980505795375045,28.980505795375045,28.980505795375045,28.980505795375045,28.980505795375045,28.980505795375045,28.980505795375045,28.980505795375045,28.980505795375045,28.980505795375045,28.980505795375045,28.980505795375045,28.980505795375045,28.980505795375045,28.980505795375045,28.980505795375045,28.980505795375045,28.980505795375045,28.980505795375045,29.403482091772517,29.403482091772517,29.403482091772517,29.403482091772517,29.403482091772517,29.403482091772517,29.403482091772517,29.03778848355363,29.403482091772513,"rgba(38, 166, 154, 1.0)",0.628941288312471,29.784415363288613,1.3603569245819904,67.02751947350072,13.917364607940193,True,False,True,False,True,15.734656167995269,0.0,0.0,0.0,0.0,0,0.9429000751314799,0.8041572752316545,False,False,False,False,0.32924288819007025,0.3358494992603075,False,False,False,False,10277.0,7236.1399016418445,False,False,False,False,87.20294284158419,False,False,False,False
2025-09-18 17:00:00+00:00,30.83,30.835,30.765,30.78,0.0,29.403482091772517,29.239640837268954,29.239640837268954,29.184913178761416,28.980505795375045,28.980505795375045,28.980505795375045,28.980505795375045,28.980505795375045,28.980505795375045,28.980505795375045,28.980505795375045,28.980505795375045,28.980505795375045,28.980505795375045,28.980505795375045,28.980505795375045,28.980505795375045,28.980505795375045,28.980505795375045,28.980505795375045,28.980505795375045,28.980505795375045,28.980505795375045,28.980505795375045,28.980505795375045,28.980505795375045,28.980505795375045,28.980505795375045,28.980505795375045,28.980505795375045,29.403482091772517,29.403482091772517,29.403482091772517,29.403482091772517,29.403482091772517,29.403482091772517,29.403482091772517,29.03778848355363,29.403482091772513,"rgba(38, 166, 154, 1.0)",0.6258805112914295,29.784415363288613,1.5906944197018034,67.4009154031846,13.917364607940193,True,False,True,False,True,17.196186249415355,0.0,0.0,0.0,0.0,0,0.9459325396825395,0.7971230158730149,False,False,False,False,0.342828239376661,0.3393388693184842,False,False,False,False,10277.0,7283.285019445846,False,False,False,False,85.85095923163715,False,False,False,False
2025-09-19 17:00:00+00:00,30.78,30.925,30.78,30.915,0.0,29.403482091772517,29.239640837268954,29.239640837268954,29.184913178761416,28.980505795375045,28.980505795375045,28.980505795375045,28.980505795375045,28.980505795375045,28.980505795375045,28.980505795375045,28.980505795375045,28.980505795375045,28.980505795375045,28.980505795375045,28.980505795375045,28.980505795375045,28.980505795375045,28.980505795375045,28.980505795375045,28.980505795375045,28.980505795375045,28.980505795375045,28.980505795375045,28.980505795375045,28.980505795375045,28.980505795375045,28.980505795375045,28.980505795375045,28.980505795375045,28.980505795375045,29.403482091772517,29.403482091772517,29.403482091772517,29.403482091772517,29.403482091772517,29.403482091772517,29.403482091772517,29.03778848355363,29.403482091772513,"rgba(38, 166, 154, 1.0)",0.6291462254301301,29.784415363288613,1.79701409785688,69.10536862421861,14.265493842258792,True,False,True,False,True,18.565587178005778,0.0,0.0,0.0,0.0,0,0.9470573750307805,0.7941393745382901,False,False,False,False,0.34282823953528146,0.3410835544268829,False,False,False,False,10277.0,7329.699205190871,False,False,False,False,84.51993660789083,False,False,False,False
2025-09-22 17:00:00+00:00,30.935,30.97,30.925,30.965,0.0,29.403482091772517,29.239640837268954,29.239640837268954,29.184913178761416,28.980505795375045,28.980505795375045,28.980505795375045,28.980505795375045,28.980505795375045,28.980505795375045,28.980505795375045,28.980505795375045,28.980505795375045,28.980505795375045,28.980505795375045,28.980505795375045,28.980505795375045,28.980505795375045,28.980505795375045,28.980505795375045,28.980505795375045,28.980505795375045,28.980505795375045,28.980505795375045,28.980505795375045,28.980505795375045,28.980505795375045,28.980505795375045,28.980505795375045,28.980505795375045,28.980505795375045,29.403482091772517,29.403482091772517,29.403482091772517,29.403482091772517,29.403482091772517,29.403482091772517,29.403482091772517,29.03778848355363,29.403482091772513,"rgba(38, 166, 154, 1.0)",0.6316762342093236,29.784415363288613,1.8689711164915657,70.73672174190199,16.03342372190906,True,False,True,False,True,19.066378991243894,0.0,0.0,0.0,0.0,0,0.9538310412573672,0.7919941060903724,False,False,False,False,0.3428282398139626,0.34195589712042274,False,False,False,False,10277.0,7375.393791156904,False,False,False,False,83.209549993815,False,False,False,False
2025-09-23 17:00:00+00:00,30.965,30.965,30.865,30.895,0.0,29.403482091772517,29.239640837268954,29.239640837268954,29.184913178761416,28.980505795375045,28.980505795375045,28.980505795375045,28.980505795375045,28.980505795375045,28.980505795375045,28.980505795375045,28.980505795375045,28.980505795375045,28.980505795375045,28.980505795375045,28.980505795375045,28.980505795375045,28.980505795375045,28.980505795375045,28.980505795375045,28.980505795375045,28.980505795375045,28.980505795375045,28.980505795375045,28.980505795375045,28.980505795375045,28.980505795375045,28.980505795375045,28.980505795375045,28.980505795375045,28.980505795375045,29.403482091772517,29.403482091772517,29.403482091772517,29.403482091772517,29.403482091772517,29.403482091772517,29.403482091772517,29.03778848355363,29.403482091772513,"rgba(38, 166, 154, 1.0)",0.6343047339374847,29.784415363288613,1.7508692230899277,69.88973717187531,16.03342372190906,True,False,True,False,True,17.88883086283772,0.0,0.0,0.0,0.0,0,0.9510523739598625,0.7944199706314234,False,False,False,False,0.3380901590469081,0.3400230280836654,False,False,False,False,10277.0,7420.379933929665,False,False,False,False,81.91947945127524,False,False,False,False
2025-09-24 17:00:00+00:00,30.825,30.865,30.805,30.815,0.0,29.403482091772517,29.239640837268954,29.239640837268954,29.184913178761416,28.980505795375045,28.980505795375045,28.980505795375045,28.980505795375045,28.980505795375045,28.980505795375045,28.980505795375045,28.980505795375045,28.980505795375045,28.980505795375045,28.980505795375045,28.980505795375045,28.980505795375045,28.980505795375045,28.980505795375045,28.980505795375045,28.980505795375045,28.980505795375045,28.980505795375045,28.980505795375045,28.980505795375045,28.980505795375045,28.980505795375045,28.980505795375045,28.980505795375045,28.980505795375045,28.980505795375045,29.403482091772517,29.403482091772517,29.403482091772517,29.403482091772517,29.403482091772517,29.403482091772517,29.403482091772517,29.03778848355363,29.403482091772513,"rgba(38, 166, 154, 0.75)",0.6327732824851529,29.784415363288613,1.6286791260589766,67.24283790918588,16.03342372190906,True,False,True,False,False,16.55229885140273,0.0,0.0,0.0,0.0,0,0.9454191033138397,0.7987329434697846,False,False,False,False,0.3264887408470778,0.3332558844653716,False,False,False,False,10277.0,7464.668617124553,False,False,False,False,80.64941000241825,False,False,False,False
2025-09-25 17:00:00+00:00,30.705,30.73,30.655,30.73,0.0,29.403482091772517,29.239640837268954,29.239640837268954,29.184913178761416,28.980505795375045,28.980505795375045,28.980505795375045,28.980505795375045,28.980505795375045,28.980505795375045,28.980505795375045,28.980505795375045,28.980505795375045,28.980505795375045,28.980505795375045,28.980505795375045,28.980505795375045,28.980505795375045,28.980505795375045,28.980505795375045,28.980505795375045,28.980505795375045,28.980505795375045,28.980505795375045,28.980505795375045,28.980505795375045,28.980505795375045,28.980505795375045,28.980505795375045,28.980505795375045,28.980505795375045,29.403482091772517,29.403482091772517,29.403482091772517,29.403482091772517,29.403482091772517,29.403482091772517,29.403482091772517,29.03778848355363,29.403482091772513,"rgba(38, 166, 154, 0.75)",0.6302278652695155,29.784415363288613,1.500385319057593,63.4404157390601,18.0918990884214,True,False,True,False,False,15.146039630734702,0.0,0.0,0.0,0.0,0,0.9417311411992259,0.8027079303675038,False,False,False,False,0.3060299304558037,0.31964290746058766,False,False,False,False,10277.0,7508.2706540683575,False,False,False,False,79.39903155276835,False,False,False,False
2025-09-26 17:00:00+00:00,30.79,30.815,30.765,30.795,0.0,29.403482091772517,29.239640837268954,29.239640837268954,29.184913178761416,28.980505795375045,28.980505795375045,28.980505795375045,28.980505795375045,28.980505795375045,28.980505795375045,28.980505795375045,28.980505795375045,28.980505795375045,28.980505795375045,28.980505795375045,28.980505795375045,28.980505795375045,28.980505795375045,28.980505795375045,28.980505795375045,28.980505795375045,28.980505795375045,28.980505795375045,28.980505795375045,28.980505795375045,28.980505795375045,28.980505795375045,28.980505795375045,28.980505795375045,28.980505795375045,28.980505795375045,29.403482091772517,29.403482091772517,29.403482091772517,29.403482091772517,29.403482091772517,29.403482091772517,29.403482091772517,29.03778848355363,29.403482091772513,"rgba(38, 166, 154, 0.5)",0.624120014734988,29.784415363288613,1.6192152356153817,62.05749360120551,16.77447413132407,False,False,True,False,False,15.854936384793511,0.0,0.0,0.0,0.0,0,0.9455815073440881,0.8011076330363582,False,False,False,False,0.3200002350766222,0.3198215712686049,False,False,False,False,10277.0,7551.19669043939,False,False,False,False,78.16803881551613,False,False,False,False
2025-09-29 17:00:00+00:00,30.905,30.92,30.86,30.9,0.0,29.403482091772517,29.239640837268954,29.239640837268954,29.184913178761416,28.980505795375045,28.980505795375045,28.980505795375045,28.980505795375045,28.980505795375045,28.980505795375045,28.980505795375045,28.980505795375045,28.980505795375045,28.980505795375045,28.980505795375045,28.980505795375045,28.980505795375045,28.980505795375045,28.980505795375045,28.980505795375045,28.980505795375045,28.980505795375045,28.980505795375045,28.980505795375045,28.980505795375045,28.980505795375045,28.980505795375045,28.980505795375045,28.980505795375045,28.980505795375045,28.980505795375045,29.403482091772517,29.403482091772517,29.403482091772517,29.403482091772517,29.403482091772517,29.403482091772517,29.403482091772517,29.03778848355363,29.403482091772513,"rgba(38, 166, 154, 0.75)",0.6221646822923181,29.784415363288613,1.7930696943470013,62.82503120524193,16.77447413132407,True,False,True,False,False,16.98749728569872,0.0,0.0,0.0,0.0,0,0.9520943668753005,0.7973038035628298,False,False,False,False,0.33445541865739364,0.3271384949629993,False,False,False,False,10277.0,7593.457206866686,False,False,False,False,76.956131236981,False,False,False,False
2025-09-30 17:00:00+00:00,30.915,30.98,30.875,30.98,0.0,29.403482091772517,29.239640837268954,29.239640837268954,29.184913178761416,28.980505795375045,28.980505795375045,28.980505795375045,28.980505795375045,28.980505795375045,28.980505795375045,28.980505795375045,28.980505795375045,28.980505795375045,28.980505795375045,28.980505795375045,28.980505795375045,28.980505795375045,28.980505795375045,28.980505795375045,28.980505795375045,28.980505795375045,28.980505795375045,28.980505795375045,28.980505795375045,28.980505795375045,28.980505795375045,28.980505795375045,28.980505795375045,28.980505795375045,28.980505795375045,28.980505795375045,29.403482091772517,29.403482091772517,29.403482091772517,29.403482091772517,29.403482091772517,29.403482091772517,29.403482091772517,29.03778848355363,29.403482091772513,"rgba(38, 166, 154, 1.0)",0.6147085517573455,29.784415363288613,1.9449617762652203,64.48229627458218,16.77447413132407,True,False,True,False,True,17.83848135869277,0.0,0.0,0.0,0.0,0,0.9609336609336605,0.7901719901719891,False,False,False,False,0.33991075687084626,0.3335246259169228,False,False,False,False,10277.0,7635.062521488907,False,False,False,False,75.76301292322935,False,False,False,False
2025-10-01 17:00:00+00:00,31.015,31.105,31.0,31.095,147.0,29.430995948683325,29.262831649540903,29.262831649540903,29.20550864914501,28.997757463246323,28.997757463246323,28.997757463246323,28.997757463246323,28.997757463246323,28.997757463246323,28.997757463246323,28.997757463246323,28.997757463246323,28.997757463246323,28.997757463246323,28.997757463246323,28.997757463246323,28.997757463246323,28.997757463246323,28.997757463246323,28.997757463246323,28.997757463246323,28.997757463246323,28.997757463246323,28.997757463246323,28.997757463246323,28.997757463246323,28.997757463246323,28.997757463246323,28.997757463246323,28.997757463246323,29.430995948683325,29.430995948683325,29.430995948683325,29.430995948683325,29.430995948683325,29.430995948683325,29.430995948683325,29.056314365442567,29.43099594868332,"rgba(38, 166, 154, 1.0)",0.6107508080629607,29.81359801726146,2.0980766064028584,67.03527389955889,12.422813120004136,True,False,True,False,True,19.042518184330277,0.0,0.0,0.0,0.0,0,0.9670576491140499,0.7791365111055641,False,False,False,False,0.3428282401100805,0.33817643301350164,False,False,False,False,10424.0,7678.301862241016,False,False,False,False,76.86746233527231,False,False,False,False
2025-10-02 17:00:00+00:00,31.135,31.18,31.11,31.16,100.0,29.450125751168486,29.278987529606475,29.278987529606475,29.219879289532678,29.009797307376743,29.009797307376743,29.009797307376743,29.009797307376743,29.009797307376743,29.009797307376743,29.009797307376743,29.009797307376743,29.009797307376743,29.009797307376743,29.009797307376743,29.009797307376743,29.009797307376743,29.009797307376743,29.009797307376743,29.009797307376743,29.009797307376743,29.009797307376743,29.009797307376743,29.009797307376743,29.009797307376743,29.009797307376743,29.009797307376743,29.009797307376743,29.009797307376743,29.009797307376743,29.009797307376743,29.450125751168486,29.450125751168486,29.450125751168486,29.450125751168486,29.450125751168486,29.450125751168486,29.450125751168486,29.069236850897102,29.450125751168486,"rgba(38, 166, 154, 1.0)",0.606616766089523,29.8338037169209,2.186217653739202,69.47092304166036,14.779911242825975,True,False,True,False,True,19.71416250250912,0.0,0.0,0.0,0.0,0,0.9709436873232187,0.7683209051169954,False,False,False,False,0.3428282403611701,0.34050233668733587,False,False,False,False,10524.0,7722.421213214024,False,False,False,False,77.22610633007429,False,False,False,False
2025-10-03 17:00:00+00:00,31.255,31.255,31.155,31.155,0.0,29.450125751168486,29.278987529606475,29.278987529606475,29.219879289532678,29.009797307376743,29.009797307376743,29.009797307376743,29.009797307376743,29.009797307376743,29.009797307376743,29.009797307376743,29.009797307376743,29.009797307376743,29.009797307376743,29.009797307376743,29.009797307376743,29.009797307376743,29.009797307376743,29.009797307376743,29.009797307376743,29.009797307376743,29.009797307376743,29.009797307376743,29.009797307376743,29.009797307376743,29.009797307376743,29.009797307376743,29.009797307376743,29.009797307376743,29.009797307376743,29.009797307376743,29.450125751168486,29.450125751168486,29.450125751168486,29.450125751168486,29.450125751168486,29.450125751168486,29.450125751168486,29.069236850897102,29.450125751168486,"rgba(38, 166, 154, 1.0)",0.5973278107651813,29.8338037169209,2.211844583942338,70.92641365997979,16.227220618927873,True,False,True,False,True,19.625013249561825,0.0,0.0,0.0,0.0,0,0.973394730110002,0.7656689690457905,False,False,False,False,0.34282824051937894,0.34166528860335743,False,False,False,False,10524.0,7765.856543241714,False,False,False,False,76.0288023559646,False,False,False,False
2025-10-06 17:00:00+00:00,31.185,31.22,31.18,31.18,0.0,29.450125751168486,29.278987529606475,29.278987529606475,29.219879289532678,29.009797307376743,29.009797307376743,29.009797307376743,29.009797307376743,29.009797307376743,29.009797307376743,29.009797307376743,29.009797307376743,29.009797307376743,29.009797307376743,29.009797307376743,29.009797307376743,29.009797307376743,29.009797307376743,29.009797307376743,29.009797307376743,29.009797307376743,29.009797307376743,29.009797307376743,29.009797307376743,29.009797307376743,29.009797307376743,29.009797307376743,29.009797307376743,29.009797307376743,29.009797307376743,29.009797307376743,29.450125751168486,29.450125751168486,29.450125751168486,29.450125751168486,29.450125751168486,29.450125751168486,29.450125751168486,29.069236850897102,29.450125751168486,"rgba(38, 166, 154, 1.0)",0.5917094870940706,29.8338037169209,2.2750966689588994,72.2175959114147,17.572016371842167,True,False,True,False,True,19.88966802850065,0.0,0.0,0.0,0.0,0,0.9734829168791428,0.7669556348801619,False,False,False,False,0.34213359893362405,0.34189944376849074,False,False,False,False,10524.0,7808.618457299982,False,False,False,False,74.8500612341667,False,False,False,False
2025-10-07 17:00:00+00:00,31.18,31.18,31.18,31.18,0.0,29.450125751168486,29.278987529606475,29.278987529606475,29.219879289532678,29.009797307376743,29.009797307376743,29.009797307376743,29.009797307376743,29.009797307376743,29.009797307376743,29.009797307376743,29.009797307376743,29.009797307376743,29.009797307376743,29.009797307376743,29.009797307376743,29.009797307376743,29.009797307376743,29.009797307376743,29.009797307376743,29.009797307376743,29.009797307376743,29.009797307376743,29.009797307376743,29.009797307376743,29.009797307376743,29.009797307376743,29.009797307376743,29.009797307376743,29.009797307376743,29.009797307376743,29.450125751168486,29.450125751168486,29.450125751168486,29.450125751168486,29.450125751168486,29.450125751168486,29.450125751168486,29.069236850897102,29.450125751168486,"rgba(38, 166, 154, 1.0)",0.5912761964941189,29.8338037169209,2.276763872892503,73.07838407903799,18.56686154523281,True,False,True,False,True,19.88966802850064,0.0,0.0,0.0,0.0,0,0.9734829168791428,0.7689954105048432,False,False,False,False,0.3393582009806981,0.3406288223745944,False,False,False,False,10524.0,7850.7173959464935,False,False,False,False,73.68959516852071,False,False,False,False
2025-10-08 17:00:00+00:00,31.165,31.165,31.13,31.155,0.0,29.450125751168486,29.278987529606475,29.278987529606475,29.219879289532678,29.009797307376743,29.009797307376743,29.009797307376743,29.009797307376743,29.009797307376743,29.009797307376743,29.009797307376743,29.009797307376743,29.009797307376743,29.009797307376743,29.009797307376743,29.009797307376743,29.009797307376743,29.009797307376743,29.009797307376743,29.009797307376743,29.009797307376743,29.009797307376743,29.009797307376743,29.009797307376743,29.009797307376743,29.009797307376743,29.009797307376743,29.009797307376743,29.009797307376743,29.009797307376743,29.009797307376743,29.450125751168486,29.450125751168486,29.450125751168486,29.450125751168486,29.450125751168486,29.450125751168486,29.450125751168486,29.069236850897102,29.450125751168486,"rgba(38, 166, 154, 1.0)",0.5880249198004436,29.8338037169209,2.24683723187696,72.54289308464038,18.56686154523281,True,False,True,False,True,19.419798778157972,0.0,0.0,0.0,0.0,0,0.9717700915564593,0.769582909460833,False,False,False,False,0.3348588761757741,0.33774384927518425,False,False,False,False,10524.0,7892.163637869804,False,False,False,False,72.54712082482271,False,False,False,False
2025-10-09 17:00:00+00:00,31.03,31.075,31.0,31.06,0.0,29.450125751168486,29.278987529606475,29.278987529606475,29.219879289532678,29.009797307376743,29.009797307376743,29.009797307376743,29.009797307376743,29.009797307376743,29.009797307376743,29.009797307376743,29.009797307376743,29.009797307376743,29.009797307376743,29.009797307376743,29.009797307376743,29.009797307376743,29.009797307376743,29.009797307376743,29.009797307376743,29.009797307376743,29.009797307376743,29.009797307376743,29.009797307376743,29.009797307376743,29.009797307376743,29.009797307376743,29.009797307376743,29.009797307376743,29.009797307376743,29.009797307376743,29.450125751168486,29.450125751168486,29.450125751168486,29.450125751168486,29.450125751168486,29.450125751168486,29.450125751168486,29.069236850897102,29.450125751168486,"rgba(38, 166, 154, 0.75)",0.586053759487149,29.8338037169209,2.092293178277932,68.37860466444761,22.78576188195416,True,False,True,False,False,17.64103202872043,0.0,0.0,0.0,0.0,0,0.9669442341660353,0.7718899823366123,False,False,False,False,0.3179161116139244,0.32782998044455436,False,False,False,False,10524.0,7932.967302398954,False,False,False,False,71.42235926164716,False,False,False,False
2025-10-10 17:00:00+00:00,31.165,31.165,31.165,31.165,0.0,29.450125751168486,29.278987529606475,29.278987529606475,29.219879289532678,29.009797307376743,29.009797307376743,29.009797307376743,29.009797307376743,29.009797307376743,29.009797307376743,29.009797307376743,29.009797307376743,29.009797307376743,29.009797307376743,29.009797307376743,29.009797307376743,29.009797307376743,29.009797307376743,29.009797307376743,29.009797307376743,29.009797307376743,29.009797307376743,29.009797307376743,29.009797307376743,29.009797307376743,29.009797307376743,29.009797307376743,29.009797307376743,29.009797307376743,29.009797307376743,29.009797307376743,29.450125751168486,29.450125751168486,29.450125751168486,29.450125751168486,29.450125751168486,29.450125751168486,29.450125751168486,29.069236850897102,29.450125751168486,"rgba(38, 166, 154, 0.75)",0.5869654209622723,29.8338037169209,2.2679296523068295,67.80991639722563,22.166995653109268,True,False,True,False,False,18.834377331700654,0.0,0.0,0.0,0.0,0,0.9684684684684678,0.7631160572337029,False,False,False,False,0.3368427860606933,0.3323363832526238,False,False,False,False,10524.0,7973.138351974165,False,False,False,False,70.31503586224177,False,False,False,False
2025-10-13 17:00:00+00:00,31.165,31.165,30.865,30.91,0.0,29.450125751168486,29.278987529606475,29.278987529606475,29.219879289532678,29.009797307376743,29.009797307376743,29.009797307376743,29.009797307376743,29.009797307376743,29.009797307376743,29.009797307376743,29.009797307376743,29.009797307376743,29.009797307376743,29.009797307376743,29.009797307376743,29.009797307376743,29.009797307376743,29.009797307376743,29.009797307376743,29.009797307376743,29.009797307376743,29.009797307376743,29.009797307376743,29.009797307376743,29.009797307376743,29.009797307376743,29.009797307376743,29.009797307376743,29.009797307376743,29.009797307376743,29.450125751168486,29.450125751168486,29.450125751168486,29.450125751168486,29.450125751168486,29.450125751168486,29.450125751168486,29.069236850897102,29.450125751168486,"rgba(38, 166, 154, 0.5)",0.5849126599927822,29.8338037169209,1.8399264654185796,60.50295794404471,15.384399979572436,False,True,True,False,False,14.233732932651328,0.0,0.0,0.0,0.0,0,0.9537815126050413,0.7620798319327717,False,False,False,False,0.3145992138194185,0.32346779853602114,False,False,False,False,10524.0,8012.686594579217,False,False,False,False,69.22488026747833,False,False,False,False
