date,Close,High,Low,Open,Volume,aVWAP_peak_186,aVWAP_peak_173,aVWAP_peak_166,aVWAP_peak_150,aVWAP_peak_140,aVWAP_peak_126,aVWAP_peak_121,aVWAP_peak_113,aVWAP_peak_108,aVWAP_peak_101,aVWAP_peak_92,aVWAP_peak_82,aVWAP_peak_75,aVWAP_peak_57,aVWAP_peak_43,aVWAP_valley_182,aVWAP_OB_bear_173,aVWAP_OB_bear_150,aVWAP_OB_bear_108,aVWAP_OB_bear_57,Peaks_avg,Valleys_avg,color,StDev,StDev_Mean,StdDev_ZScore,QQEMOD,QQE1_Value,QQE1_Above_Upper,QQE1_Below_Lower,QQE2_Above_Threshold,QQE2_Below_Threshold,QQE2_Above_TL,banker_RSI,OB,OB_High,OB_Low,OB_Mitigated_Index,TTM_squeeze_Active,VI_plus,VI_minus,VI_Regular_Bullish,VI_Regular_Bearish,VI_Hidden_Bullish,VI_Hidden_Bearish,Fisher,Fisher_Signal,Fisher_Regular_Bullish,Fisher_Regular_Bearish,Fisher_Hidden_Bullish,Fisher_Hidden_Bearish,OBV,OBV_Smoothed,OBV_Regular_Bullish,OBV_Regular_Bearish,OBV_Hidden_Bullish,OBV_Hidden_Bearish,Volume_MA,Vol_Regular_Bullish,Vol_Regular_Bearish,Vol_Hidden_Bullish,Vol_Hidden_Bearish
2021-12-31 00:00:00+00:00,505.1,526.49,497.7872,520.9,657928,,,,,,,,,,,,,,,,,,,,,,,#000000,,,,,,False,False,False,False,False,,0.0,0.0,0.0,0.0,0,,,False,False,False,False,,,False,False,False,False,0,0.0,False,False,False,False,657928.0,False,False,False,False
2022-01-07 00:00:00+00:00,516.88,535.0,490.4601,503.54,1006695,,,,,,,,,,,,,,,,,,,,,,,#000000,,,,100.0,,False,False,True,False,False,,0.0,0.0,0.0,0.0,0,,,False,False,False,False,,,False,False,False,False,1006695,74570.0,False,False,False,False,683762.5925925926,False,False,False,False
2022-01-14 00:00:00+00:00,449.33,519.45,428.13,517.0,1740977,,,,,,,,,,,,,,,,,,,,,,,#000000,,,,75.42799426228812,-60.57402581970344,False,False,True,False,True,,0.0,0.0,0.0,0.0,0,,,False,False,False,False,,,False,False,False,False,-734282,14655.037037037036,False,False,False,False,762074.7709190672,False,False,False,False
2022-01-21 00:00:00+00:00,443.44,470.84,435.56,445.0,1022054,,,,,,,,,,,,,,,,,,,,,,,#000000,,,,57.57912359235683,-60.57402581970344,False,False,True,False,True,,0.0,0.0,0.0,0.0,0,,,False,False,False,False,,,False,False,False,False,-1756336,-116529.4842249657,False,False,False,False,781332.4915917289,False,False,False,False
2022-01-28 00:00:00+00:00,426.16,452.59,406.68,439.05,1400348,,,,,,,,,,,,,,,,,,,,,,,#000000,,,,44.128489746762426,-60.57402581970344,False,False,False,True,True,,0.0,0.0,0.0,0.0,0,,,False,False,False,False,,,False,False,False,False,-3156684,-341726.11502311635,False,False,False,False,827185.4922145638,False,False,False,False
2022-02-04 00:00:00+00:00,419.04,428.87,404.5,426.16,1404163,,,,,,,,,,,,,,,,,,,,,,,#000000,,,,34.28927871158618,-60.57402581970344,False,False,False,True,True,,0.0,0.0,0.0,0.0,0,,,False,False,False,False,,,False,False,False,False,-4560847,-654253.587984367,False,False,False,False,869924.5668653368,False,False,False,False
2022-02-11 00:00:00+00:00,432.52,454.11,418.85,423.41,987568,,,,,,,,,,,,,,,,,,,,,,,#000000,,,,30.75449205332928,-60.57402581970344,False,False,False,True,True,,0.0,0.0,0.0,0.0,0,,,False,False,False,False,,,False,False,False,False,-3573279,-870477.6925781176,False,False,False,False,878638.8952456822,False,False,False,False
2022-02-18 00:00:00+00:00,378.26,432.05,378.14,430.09,1427704,,,,,,,,,,,,,,,,,,,,,,,#000000,,,,25.92119214955102,-60.57402581970344,False,False,False,True,False,,0.0,0.0,0.0,0.0,0,,,False,False,False,False,,,False,False,False,False,-5000983,-1176441.0486834422,False,False,False,False,919310.3844867428,False,False,False,False
2022-02-25 00:00:00+00:00,380.53,392.7,355.8685,377.61,771468,,,,,,,,,,,,,,,,,,,,,,,#000000,,,,22.868998359280432,-60.57402581970344,False,False,False,True,False,,0.0,0.0,0.0,0.0,0,,,False,False,False,False,,,False,False,False,False,-4229515,-1402594.674706891,False,False,False,False,908359.096746984,False,False,False,False
2022-03-04 00:00:00+00:00,376.13,402.805,372.7,379.72,833871,,,,,,,,,,,,,,,,,,,,,,,#000000,,,,20.546681130103046,-60.57402581970344,False,False,False,True,False,,0.0,0.0,0.0,0.0,0,,,False,False,False,False,-0.27233266148063195,-0.27233266148063195,False,False,False,False,-5063386,-1673764.4025063806,False,False,False,False,902841.4599509112,False,False,False,False
2022-03-11 00:00:00+00:00,346.62,381.02,342.74,377.17,642712,,,,,,,,,,,,,,,,,,,,,,,#000000,,356.79333333333335,,18.087407522519122,-60.57402581970344,False,False,False,True,False,,0.0,0.0,0.0,0.0,0,,,False,False,False,False,-0.34282825441539394,-0.3075804579480129,False,False,False,False,-5706098,-1972455.7800985004,False,False,False,False,883572.6110656585,False,False,False,False
2022-03-18 00:00:00+00:00,401.62,402.95,345.31,348.78,783396,,,,,,,,,,,,,,,,,,,,,,,#000000,,371.35043139322784,,23.252784557783507,-60.57402581970344,False,False,False,True,False,,0.0,0.0,0.0,0.0,0,,,False,False,False,False,-0.2637015498320439,-0.28564100389002844,False,False,False,False,-4922702,-2190992.537128241,False,False,False,False,876152.1213570912,False,False,False,False
2022-03-25 00:00:00+00:00,383.2,409.78,378.88,401.1,528514,,,,,,,,,,,,,,,,,,,,,,,#000000,,383.5903835455994,,26.0138964965845,-60.57402581970344,False,False,False,True,False,,0.0,0.0,0.0,0.0,0,,,False,False,False,False,-0.09576474124588988,-0.19070287256795915,False,False,False,False,-5451216,-2432490.571415038,False,False,False,False,850401.1494047141,False,False,False,False
2022-04-01 00:00:00+00:00,391.15,401.15,377.85,384.49,402683,,,,,,,,,,,,,,,,,,,,,,,#000000,,384.61927804749297,,28.750707633886396,-60.57402581970344,False,False,False,True,False,,0.0,0.0,0.0,0.0,0,,,False,False,False,False,-0.08585104996342155,-0.13827696126569033,False,False,False,False,-5048533,-2626271.4920509607,False,False,False,False,817236.8420414019,False,False,False,False
2022-04-08 00:00:00+00:00,377.33,404.2,372.09,391.4,549146,,,,,,,,,,,,,,,,,,,,,,,#000000,,384.0733965063639,,30.002252251949688,-60.57402581970344,False,False,False,True,False,,0.0,0.0,0.0,0.0,0,,,False,False,False,False,-0.09794065072445575,-0.11810880599507304,False,False,False,False,-5597679,-2846375.751899038,False,False,False,False,797378.2611494461,False,False,False,False
2022-04-15 00:00:00+00:00,365.76,392.19,363.675,372.3,474490,,,,,,,,,,,,,,,,,,,,,,,#000000,,381.90831419650624,,30.343274028150223,-60.57402581970344,False,False,False,True,False,,0.0,0.0,0.0,0.0,0,,,False,False,False,False,-0.19024293100529166,-0.15417586850018233,False,False,False,False,-6072169,-3085323.3999065165,False,False,False,False,773460.612175413,False,False,False,False
2022-04-22 00:00:00+00:00,350.7,372.42,325.53,361.93,1200736,,,,,,,,,,,,,,,,,,,,,,,#000000,,364.0797952035494,,29.91546251886807,-60.57402581970344,False,False,False,True,False,,0.0,0.0,0.0,0.0,0,,,False,False,False,False,-0.34282825441539394,-0.24850206145778814,False,False,False,False,-7272905,-3395514.629543071,False,False,False,False,805110.6409031602,False,False,False,False
2022-04-29 00:00:00+00:00,375.0,383.6348,340.785,349.59,948351,,,,,,,,,,,,,,,,,,,,,,,#000000,,365.9154155028655,,31.952293024853645,-60.57402581970344,False,False,False,True,False,,0.0,0.0,0.0,0.0,0,,,False,False,False,False,-0.13828219396112282,-0.19339212770945546,False,False,False,False,-6324554,-3612480.5088361767,False,False,False,False,815721.0378732965,False,False,False,False
2022-05-06 00:00:00+00:00,372.39,395.62,359.01,375.38,969052,,,,,,,,,,,,,,,,,,,,,,,#000000,,368.45195913550236,,33.268668002453026,-57.24059458493709,False,False,False,True,False,,0.0,0.0,0.0,0.0,0,,,False,False,False,False,0.08258721020719823,-0.05540245875112862,False,False,False,False,-7293606,-3885156.4711446078,False,False,False,False,827078.886919719,False,False,False,False
2022-05-13 00:00:00+00:00,358.29,376.88,332.04,368.33,811345,,,,,,,,,,,,,,,,,,,,,,,#000000,,366.67624578307186,,33.47345010848653,-54.024518975077754,False,False,False,True,False,,0.0,0.0,0.0,0.0,0,,,False,False,False,False,-0.25560802242264913,-0.15550524058688886,False,False,False,False,-8104951,-4197733.843652414,False,False,False,False,825913.4138145547,False,False,False,False
2022-05-20 00:00:00+00:00,329.21,363.0,322.22,354.06,573462,,,,,,,,,,,,,,,,,,,,,,,#000000,,364.01240066659784,,32.31234777268902,-52.357691739066844,False,False,False,True,False,,0.0,0.0,0.0,0.0,0,,,False,False,False,False,-0.34282825441539394,-0.2491667475011414,False,False,False,False,-8678413,-4529636.003381865,False,False,False,False,807213.3090875506,False,False,False,False
2022-05-27 00:00:00+00:00,358.26,359.53,315.08,330.14,752906,,,,,,,,,,,,,,,,,,,,,,,#000000,,361.90251521592364,,34.0233830642098,-48.0333757442641,False,False,False,True,False,,0.0,0.0,0.0,0.0,1,,,False,False,False,False,-0.34282825441539394,-0.29599750095826766,False,False,False,False,-7925507,-4781182.003131357,False,False,False,False,803190.5454514357,False,False,False,False
2022-06-03 00:00:00+00:00,347.39,359.03,339.41,355.84,630458,,,,,,,,,,,,,,,,,,,,,,,#000000,,360.8333129147101,,34.7195135280453,-44.87363502033695,False,False,False,True,False,,0.0,0.0,0.0,0.0,1,,,False,False,False,False,-0.18129668763581172,-0.23864709429703967,False,False,False,False,-8555965,-5060795.558454961,False,False,False,False,790395.5420846627,False,False,False,False
2022-06-10 00:00:00+00:00,314.1,348.96,313.69,345.21,689504,,,,,,,,,,,,,,,,,,,,,,,#000000,,357.89296423671937,,33.79749329605793,-43.49748368230998,False,False,False,True,False,,0.0,0.0,0.0,0.0,1,,,False,False,False,False,-0.34282825441539394,-0.2907376743562168,False,False,False,False,-9245469,-5370771.368939778,False,False,False,False,782922.0945228358,False,False,False,False
2022-06-17 00:00:00+00:00,296.69,309.65,287.0,307.7,1087984,,,,,,,,,,,,,,,,,,,,,,,#000000,,337.6036237227962,,32.50071679737707,-42.67915602218322,False,False,False,True,False,,0.0,0.0,0.0,0.0,1,,,False,False,False,False,-0.34282825441539394,-0.31678296438580533,False,False,False,False,-10333453,-5738377.415684979,False,False,False,False,805519.2727063295,False,False,False,False
2022-06-24 00:00:00+00:00,341.29,344.11,288.64,293.1,818249,,,,,,,,,,,,,,,,,,,,,,,#000000,,338.93156399293673,,34.86801085927892,-38.42851121989892,False,False,False,True,False,,0.0,0.0,0.0,0.0,1,,,False,False,False,False,-0.1811389153032077,-0.2489609398445065,False,False,False,False,-9515204,-6018142.347856462,False,False,False,False,806462.2154688237,False,False,False,False
2022-07-01 00:00:00+00:00,314.59,341.29,298.36,341.29,708372,,,,,,,,,,,,,,,,,,,,,,,#000000,,338.03987921645955,,35.45619546561726,-36.06654439112724,False,False,False,True,False,,0.0,0.0,0.0,0.0,1,0.812283511319197,1.172425797990572,False,False,False,False,-0.15150568096836706,-0.20023331040643677,False,False,False,False,-10223576,-6329655.951718947,False,False,False,False,799196.2735822442,False,False,False,False
2022-07-08 00:00:00+00:00,317.41,325.4,299.26,312.02,707934,,,,,,,,,,,,,,,,,,,,,,,#000000,,336.67506717589134,,36.06726001660445,-33.79455260846001,False,False,False,True,False,,0.0,0.0,0.0,0.0,1,0.8169304755784275,1.1992695720679125,False,False,False,False,-0.21629233610776727,-0.20826282325710202,False,False,False,False,-9515642,-6565654.918258284,False,False,False,False,792436.1051687446,False,False,False,False
2022-07-15 00:00:00+00:00,321.93,326.74,305.21,314.3,787257,,,,,,,,,,,,,,,,,,,,,,,#000000,,335.6853872832904,,36.82235680700686,-31.498761939761057,False,False,False,True,False,,0.0,0.0,0.0,0.0,1,0.8749061613415959,1.1961537404948375,False,False,False,False,-0.12310047302763334,-0.1656816481423677,False,False,False,False,-8728385,-6725857.146535449,False,False,False,False,792052.4677488377,False,False,False,False
2022-07-22 00:00:00+00:00,356.99,358.0,316.2,327.09,1666194,,,,,,,,,,,,,,,,,,,,,,,#000000,,337.9698985251714,,39.62607527115297,-27.382510598133905,False,False,False,True,False,,0.0,0.0,0.0,0.0,1,0.8794457367312759,1.1119639939067187,False,False,False,False,0.17458167088308296,0.004450011370357637,False,False,False,False,-7062191,-6750770.7653106,False,False,False,False,856803.6923600348,False,False,False,False
2022-07-29 00:00:00+00:00,380.43,383.08,354.17,358.85,1161279,,,,,,,,,,,,,,,,,,,,,,,#000000,,341.7847064066744,,42.9212832908349,-22.9968421284993,False,False,False,True,False,,0.0,0.0,0.0,0.0,1,0.9478815348872135,1.0682134075305953,False,False,False,False,0.34282825336182693,0.1736391323660923,False,False,False,False,-5900912,-6687818.264176481,False,False,False,False,879357.4188518841,False,False,False,False
2022-08-05 00:00:00+00:00,375.87,383.195,368.24,379.92,604749,,,,,,,,,,,,,,,,,,,,,,,#000000,,343.56906640093473,,45.02120851993153,-19.92815206869678,False,False,False,True,False,,0.0,0.0,0.0,0.0,1,0.964692064130732,1.0434735627296683,False,False,False,False,0.3428282534583792,0.25823369291223575,False,False,False,False,-6505661,-6674325.133496742,False,False,False,False,859016.0544924852,False,False,False,False
2022-08-12 00:00:00+00:00,381.82,394.335,371.22,379.99,581371,,,,,,,,,,,,,,,,,,,,,,,#000000,,353.3206979029125,,46.85787347752524,-17.21663539326496,False,False,False,False,False,,0.0,0.0,0.0,0.0,1,0.9519410176767789,1.0592821109813424,False,False,False,False,0.34282825353838303,0.3005309732253094,False,False,False,False,-5924290,-6618766.975459946,False,False,False,False,838449.7541597086,False,False,False,False
2022-08-19 00:00:00+00:00,368.58,384.23,362.795,378.67,578542,,,,,,,,,,,,,,,,,,,,,,,#000000,,353.02329212786816,,47.383631622114386,-15.82990709963213,False,False,False,False,True,,0.0,0.0,0.0,0.0,1,0.9868721300644133,1.0486005735472805,False,False,False,False,0.2635292834673199,0.2820301283463147,False,False,False,False,-6502832,-6610179.199499951,False,False,False,False,819197.3279256561,False,False,False,False
2022-08-26 00:00:00+00:00,347.85,366.83,345.38,363.36,569605,,,,,,,,,,,,,,,,,,,,,,,#000000,,351.3699966299164,,46.613674774516376,-15.776329149444294,False,False,False,False,True,,0.0,0.0,0.0,0.0,1,0.9902036404653547,1.0223842007372335,False,False,False,False,0.08028597387054147,0.1811580511084281,False,False,False,False,-7072437,-6644420.51805551,False,False,False,False,800709.0073385704,False,False,False,False
2022-09-02 00:00:00+00:00,330.8,352.91,327.395,344.43,454510,,,,,,,,,,,,,,,,,,,,,,,#000000,,349.5074403905913,,45.20002680334514,-15.776329149444294,False,False,False,True,True,,0.0,0.0,0.0,0.0,1,0.9503234438568546,1.0499854259222736,False,False,False,False,-0.0694513854703538,0.05585333281903714,False,False,False,False,-7526947,-6709792.850051398,False,False,False,False,775064.6364246022,False,False,False,False
2022-09-09 00:00:00+00:00,342.44,349.465,328.565,331.13,448524,,,,,,,,,,,,,,,,,,,,,,,#000000,,348.4558949208508,,44.976046717307966,-15.776329149444294,False,False,False,True,True,,0.0,0.0,0.0,0.0,1,0.9856496713021905,1.0295935407997527,False,False,False,False,-0.08016811095538974,-0.012157389068176299,False,False,False,False,-7078423,-6737098.787084628,False,False,False,False,750876.441133891,False,False,False,False
2022-09-16 00:00:00+00:00,326.94,348.64,324.59,343.74,652584,,,,,,,,,,,,,,,,,,,,,,,#000000,,346.8423345954645,,44.01625864139977,-15.776329149444294,False,False,False,True,True,,0.0,0.0,0.0,0.0,1,0.9771132800314098,1.0584437419155457,False,False,False,False,-0.12675398800766918,-0.06945568853792274,False,False,False,False,-7731007,-6810721.617670951,False,False,False,False,743595.5195684176,False,False,False,False
2022-09-23 00:00:00+00:00,317.64,335.9399,308.79,322.78,580583,,,,,,,,,,,,,,,,,,,,,,,#000000,,338.1674059522099,,42.86770040688683,-15.776329149444294,False,False,False,True,True,,0.0,0.0,0.0,0.0,1,0.9167596881118165,1.0825448324314308,False,False,False,False,-0.34282825441539394,-0.20614197147665833,False,False,False,False,-8311590,-6921897.053399029,False,False,False,False,731520.5181189051,False,False,False,False
2022-09-30 00:00:00+00:00,323.65,336.265,318.37,318.76,555234,,,,,,,,,,,,,,,,,,,,,,,#000000,,337.81819207156803,,42.49737882203291,-15.776329149444294,False,False,False,True,True,,0.0,0.0,0.0,0.0,1,0.9284083392931682,1.0711314023018075,False,False,False,False,-0.28323227089570946,-0.2446871211861839,False,False,False,False,-7756356,-6983708.827221324,False,False,False,False,718462.2575175049,False,False,False,False
2022-10-07 00:00:00+00:00,342.45,349.22,322.83,322.83,626454,,,,,,,,,,,,,,,,,,,,,,,#000000,,338.84342652685336,,43.58293137669969,-14.861229085098842,False,False,False,True,True,,0.0,0.0,0.0,0.0,1,0.9405344385448575,1.0593913994579003,False,False,False,False,-0.18277399759129417,-0.21373055938873903,False,False,False,False,-7129902,-6994537.951130856,False,False,False,False,711646.8310347267,False,False,False,False
2022-10-14 00:00:00+00:00,350.68,373.88,339.705,342.29,964818,,,,,,,,,,,,,,,,,,,,,,,#000000,,341.97275138478165,,44.91907422338161,-13.049126524560364,False,False,False,True,True,,0.0,0.0,0.0,0.0,0,0.9719896791418974,1.013968337044926,False,False,False,False,0.04614966720794058,-0.08379044609039922,False,False,False,False,-6165084,-6933096.917713756,False,False,False,False,730400.2509580803,False,False,False,False
2022-10-21 00:00:00+00:00,402.28,405.0,324.58,354.98,1571054,,,,,,,,,,,,,,,,,,,,,,,#000000,,348.74915931426114,,48.787323167741626,-8.903512651737003,False,False,False,False,True,,0.0,0.0,0.0,0.0,0,1.0002357851888468,0.9534206359433064,False,False,False,False,0.22097401723309523,0.06859178557134801,False,False,False,False,-4594030,-6759832.701586811,False,False,False,False,792670.8990352595,False,False,False,False
2022-10-28 00:00:00+00:00,383.75,422.75,372.14,405.25,1100376,,,,,,,,,,,,,,,392.87999999999994,,,,,,392.87999999999994,,#000000,,364.580214511401,,50.37296167376638,-7.072061918476379,False,False,False,False,True,,0.0,0.0,0.0,0.0,0,1.037973578893863,0.9462082438122227,False,False,False,False,0.34282825342890344,0.20571001950012574,False,False,False,False,-5694406,-6680912.205172973,False,False,False,False,815463.8694770922,False,False,False,False
2022-11-04 00:00:00+00:00,375.51,384.21,361.74,381.97,791075,,,,,,,,,,,,,,,384.90840068286195,,,,,,384.90840068286195,,#000000,,363.65454549684284,,51.001081058362495,-6.173764332619108,False,False,False,False,True,,0.0,0.0,0.0,0.0,1,1.0046088976193974,1.0053216137461085,False,False,False,False,0.11540318429123793,0.16055660189568183,False,False,False,False,-6485481,-6666435.8196046045,False,False,False,False,813657.2865528632,False,False,False,False
2022-11-11 00:00:00+00:00,412.15,420.835,343.985,368.01,1165900,,,,,,,,,,,,,,,387.736034793955,,,,,,387.736034793955,,#000000,,367.16564560570157,,53.26637332403333,-3.71339309315249,False,False,False,False,True,,0.0,0.0,0.0,0.0,0,1.0149852396247958,0.941769842053629,False,False,False,False,0.20047634530973496,0.1805164736027084,False,False,False,False,-5319581,-6566668.79593019,False,True,False,False,839749.3394007992,False,False,False,False
2022-11-18 00:00:00+00:00,376.65,408.29,366.88,408.01,650715,,,,,,,,,,,,,,,387.0698824706284,,,,,,387.0698824706284,,#000000,,367.930409115692,,52.82755360544492,-3.71339309315249,False,False,False,False,True,,0.0,0.0,0.0,0.0,1,1.0477600099914623,0.9361530069053344,False,False,False,False,0.24830482337807744,0.21441064849039293,False,False,False,False,-5970296,-6522493.033268695,False,False,False,False,825746.7957414808,False,False,False,False
2022-11-25 00:00:00+00:00,377.07,379.22,364.55,376.65,323157,,,,,,,,,,,,,,,385.99115821013453,,,,,,385.99115821013453,,#000000,,367.86792477121395,,52.53543459854657,-3.71339309315249,False,False,False,False,True,,0.0,0.0,0.0,0.0,1,1.0551044763666495,0.96408074337777,False,False,False,False,0.1057037509967368,0.16005719974356486,False,False,False,False,-5647139,-6457651.99376731,False,False,False,False,788517.9219828525,False,False,False,False
2022-12-02 00:00:00+00:00,388.72,392.05,365.95,377.07,393275,,,,,,,,,,,,,,,385.65773354928245,,,,,,385.65773354928245,,#000000,,368.23408820579783,,52.931726048911834,-3.2593280342402053,False,False,False,False,True,,0.0,0.0,0.0,0.0,1,1.0278697184807577,0.9487632242282,False,False,False,False,0.1577006239697828,0.15887891185667383,False,True,False,False,-5253864,-6368482.512747509,False,False,False,False,759240.6685026411,False,False,False,False
2022-12-09 00:00:00+00:00,360.61,385.99,352.09,385.99,501493,,,,,,,,,,,,,,,383.67988332973675,,,,,,383.67988332973675,,#000000,,367.7938072199377,,51.643468357632855,-3.2593280342402053,False,False,False,False,True,0.0,0.0,0.0,0.0,0.0,1,1.0384862435616404,0.94097452633371,False,False,False,False,0.02477387140543498,0.09182639163105441,False,False,False,False,-5755357,-6323065.808099546,False,False,False,False,740148.2486135566,False,False,False,False
2022-12-16 00:00:00+00:00,344.08,372.35,338.3,360.61,493727,,,,,,,,,,,,,,,380.75533543750186,,,,,,380.75533543750186,,#000000,,366.7019827889888,,49.8879245884653,-3.2593280342402053,False,False,False,False,True,0.0,0.0,0.0,0.0,0.0,1,1.0489135527373925,0.916871283922267,False,False,False,False,-0.34282825441539394,-0.12550093139216978,False,False,False,False,-6249084,-6317585.674166245,False,False,False,False,721894.8227903302,False,False,False,False
2022-12-23 00:00:00+00:00,336.02,345.18,330.07,344.92,409860,,,,,,,,,,,,,,,377.6853577508812,,,,,,377.6853577508812,,#000000,,365.3309730098092,,48.23644059021811,-3.2593280342402053,False,False,False,False,False,0.0,0.0,0.0,0.0,0.0,1,1.0393195673535318,0.9876792208601728,False,False,False,False,-0.34282825441539394,-0.23416459290378186,False,False,False,False,-6658944,-6342871.476079857,False,False,False,False,698781.1322132687,False,False,False,False
2022-12-30 00:00:00+00:00,329.52,337.95,323.515,335.89,387557,,,,,,,,,,,,,,,374.73326706727994,,,,,,374.73326706727994,,#000000,,363.9186084497664,,46.73240140578076,2.240101475274656,False,False,False,False,False,0.0,0.0,0.0,0.0,0.0,1,1.0202453125210431,0.9927879614084194,False,False,False,False,-0.34282825441539394,-0.2884964236595879,False,False,False,False,-7046501,-6394992.181555424,False,False,False,False,675727.4927900636,False,False,False,False
2023-01-06 00:00:00+00:00,328.7,337.12,310.1,330.0,511970,,,,,,,,,,,,,,,370.97274667012425,,,,,,370.97274667012425,,#000000,,355.34293063975565,,45.615516061242644,1.0114120027589593,False,False,False,True,False,0.0,0.0,0.0,0.0,0.0,1,1.0022253376949954,0.9738617114808189,False,False,False,False,-0.34282825441539394,-0.3156623390374909,False,False,False,False,-7558471,-6481175.797736503,False,False,False,False,663597.3081389478,False,False,False,False
2023-01-13 00:00:00+00:00,357.66,361.58,320.941,328.97,668977,,,,,,,,,,,,,,,368.780307214852,,,,,,368.780307214852,,#000000,,357.4219670098345,,46.71251625475644,1.0114120027589593,False,False,False,False,False,0.0,0.0,0.0,0.0,0.0,1,1.0081780845749735,0.9460892217854547,False,False,False,False,-0.1490010574185268,-0.23233169822800886,False,False,False,False,-6889494,-6511421.590496763,False,False,False,False,663995.803832359,False,False,False,False
2023-01-20 00:00:00+00:00,354.83,371.32,341.355,355.15,568685,,,,,,,,,,,,,,,367.8562432835887,,,,,,367.8562432835887,,#000000,,358.5609160135704,,47.326553404253985,1.0114120027589593,False,False,False,False,False,0.0,0.0,0.0,0.0,0.0,1,1.0200396457324528,0.9721052118153802,False,False,False,False,0.0076343799108182665,-0.1123486591585953,False,False,False,False,-7458179,-6581551.768978484,False,False,False,False,656935.7442892214,False,False,False,False
2023-01-27 00:00:00+00:00,392.29,393.81,352.7,352.7,548139,,,,,,,,,,,,,,,368.61223648689327,,,,,,368.61223648689327,,#000000,,361.2536188846176,,49.889829726540235,1.0114120027589593,False,False,False,False,True,0.0,0.0,0.0,0.0,0.0,1,0.9870652452835698,0.9757013146693249,False,False,False,False,0.26776657066053694,0.07770895575097082,False,False,False,False,-6910040,-6605884.230535633,False,False,False,False,648876.7261937235,False,False,False,False
2023-02-03 00:00:00+00:00,402.99,420.495,374.21,388.8,770496,,,,,,,,,,,,,,399.2316666666666,371.1530148480019,,,,,399.2316666666666,385.19234075733425,,#000000,,374.86629725719104,,52.252747847263,-2.8747589156429285,False,False,False,False,True,0.0,-1.0,420.495,374.21,0.0,1,0.9963365154045392,0.9452013610672511,False,False,False,False,0.34282825341101025,0.21026860458099053,False,False,False,False,-6139544,-6571340.509755216,False,False,False,False,657885.5612904847,False,False,False,False
2023-02-10 00:00:00+00:00,359.98,402.2276,355.46,399.26,790859,,,,,,,,,,,,,,385.7198154142609,371.2631209663782,,,,,385.7198154142609,378.49146819031955,,#000000,,372.0608304491018,,51.36409683999033,-2.8747589156429285,False,False,False,False,True,0.0,0.0,0.0,0.0,0.0,1,0.9706038532563431,0.9796405690348965,False,False,False,False,0.16585006434264335,0.18805933446181694,False,False,False,False,-6930403,-6597937.731254829,False,False,False,False,667735.4456393376,False,False,False,False
2023-02-17 00:00:00+00:00,329.04,396.2,324.175,361.85,1915125,,,,,,,,,,,,,,365.9350443612888,367.8360789283907,,,,,365.9350443612888,366.88556164483975,,#000000,,364.4783005102523,,49.230549458573115,-2.8747589156429285,False,False,False,False,False,0.0,0.0,0.0,0.0,0.0,1,0.9474026043811188,0.9763324529178927,False,False,False,False,-0.002629087424910453,0.09271512351845325,False,False,False,False,-8845528,-6764425.899310027,False,False,False,False,760134.6718882757,False,False,False,False
2023-02-24 00:00:00+00:00,332.03,338.0,322.54,331.81,713807,,,,,,,,,,,,,,359.95951296044086,365.7584903920887,,,,,359.95951296044086,362.85900167626477,,#000000,,361.307137770701,,47.88181952459184,-2.8747589156429285,False,False,False,False,False,0.0,0.0,0.0,0.0,0.0,1,0.9661478263982453,1.0227133520367038,False,False,False,False,-0.2772873231304418,-0.09228609980599428,False,False,False,False,-8131721,-6865707.017879655,False,False,False,False,756702.9924891441,False,False,False,False
2023-03-03 00:00:00+00:00,319.14,334.455,313.87,333.78,515374,,,,,,,,,,,,,,355.85558967970707,364.07170086755474,,,,,355.85558967970707,359.9636452736309,,#000000,,358.92844347473,,46.307168286898715,1.463917517544182,True,False,False,False,False,0.0,0.0,0.0,0.0,0.0,1,0.9762170263214869,1.0114169808851479,False,False,False,False,-0.3372891214905301,-0.21478761064826218,False,False,False,False,-8647095,-6997661.683221903,False,False,False,False,738826.7708232815,False,False,False,False
2023-03-10 00:00:00+00:00,311.97,333.6236,305.12,317.44,750366,,,,,,,,,,,,,,350.4986608473529,361.5383955518694,,,,,350.4986608473529,356.0185281996112,,#000000,,355.58910199299663,,44.84528175011379,0.012226362458100937,True,False,False,True,False,0.0,0.0,0.0,0.0,0.0,1,0.9655862311741543,1.0084693451511935,False,False,False,False,-0.34282825441539394,-0.27880793253182806,False,False,False,False,-9397461,-7175424.595575836,False,False,False,False,739681.5285400754,False,False,False,False
2023-03-17 00:00:00+00:00,310.21,319.03,303.18,309.03,685592,,,,,,,,,,,,,,346.0678236895407,359.165304558618,,,,,346.0678236895407,352.61656412407933,,#000000,,340.9341208266799,,43.71550622733784,-1.128692231870744,True,False,False,True,False,0.0,0.0,0.0,0.0,0.0,0,0.9675167896115052,1.0237107037731537,False,False,False,False,-0.34282825441539394,-0.310818093473611,False,False,False,False,-10083053,-7390804.477385033,False,False,False,False,735674.8967963661,False,False,False,False
2023-03-24 00:00:00+00:00,325.39,329.34,309.455,309.6,586524,,,,,,,,,,,,,,343.91697712731934,357.7119739217527,,,,,343.91697712731934,350.814475524536,,#000000,,340.8262597633811,,43.971836252698424,-1.128692231870744,True,False,False,True,False,0.0,0.0,0.0,0.0,0.0,0,0.9917645075969623,0.998353989607207,False,False,False,False,-0.2731381949052689,-0.29197814418943996,False,False,False,False,-9496529,-7546784.071652808,False,False,False,False,724626.6822188575,False,False,False,False
2023-03-31 00:00:00+00:00,328.7,331.595,323.65,326.93,510959,,,,,,,,,,,,,,342.7922118874229,356.74771339422523,,,,,342.7922118874229,349.7699626408241,,#000000,,340.9435083769142,,44.384330533618744,-1.128692231870744,True,False,False,True,False,0.0,0.0,0.0,0.0,0.0,0,0.9976714151490151,0.996986008490503,False,False,False,False,-0.20648700729391659,-0.24923257574167829,False,False,False,True,-8985570,-7653360.807085934,False,False,False,False,708799.4464989421,False,False,False,False
2023-04-07 00:00:00+00:00,319.27,331.71,316.38,327.13,422703,,,,,,,,,,,,,,341.67011272391653,355.8515894951904,,,,,341.67011272391653,348.76085110955347,,#000000,,340.35480248423414,,44.12913315846876,-1.128692231870744,True,False,False,True,False,0.0,0.0,0.0,0.0,0.0,0,0.9842962281320334,1.011556876566833,False,False,False,False,-0.2352223377959869,-0.2422274567688326,False,False,False,False,-9408273,-7783354.302857346,False,False,False,False,687607.1171286501,False,False,False,False
2023-04-14 00:00:00+00:00,323.13,326.61,314.2925,318.39,654929,,,,,,,,,,,,,,340.0694782049661,354.5088854018482,,,,,340.0694782049661,347.28918180340713,,#000000,,339.35500897786744,,44.24141839789862,-1.128692231870744,True,False,False,True,False,0.0,0.0,0.0,0.0,0.0,0,0.9617708153091289,1.04657475844017,False,False,False,False,-0.24364602912887828,-0.24293674294885542,False,False,False,False,-8753344,-7855205.391534579,False,False,False,False,685186.5158598612,False,False,False,False
2023-04-21 00:00:00+00:00,322.16,325.71,316.485,323.03,401211,,,,,,,,,,,,,,339.21266266126946,353.73925536292074,,,,,339.21266266126946,346.47595901209513,,#000000,,338.79440454133766,,44.259439946470394,-1.323000949999006,True,False,False,True,False,0.0,0.0,0.0,0.0,0.0,1,0.9803435707758829,1.0915387924798259,False,False,False,False,-0.19818808675817887,-0.22056241485351713,False,False,False,False,-9154555,-7951453.510680165,False,False,False,False,664151.2924628345,False,False,False,False
2023-04-28 00:00:00+00:00,317.51,328.5,308.73,321.14,851528,,,,,,,,,,,,,,337.347028823618,352.0680377298827,,,,,337.347028823618,344.7075332767504,,#000000,,337.3779663665855,,43.96227591049572,-1.8359206160916628,True,False,False,True,False,0.0,0.0,0.0,0.0,0.0,1,0.9062787033258674,1.1150915705214932,False,False,False,False,-0.0714938566134601,-0.1460281357334886,False,False,False,False,-10006083,-8103648.287666819,False,False,False,False,678031.0485766986,False,False,False,False
2023-05-05 00:00:00+00:00,310.31,323.77,300.68,317.17,614346,,,,,,,,,,,,,,335.7930169691581,350.73802360393546,,,,,335.7930169691581,343.2655202865468,,#000000,,326.2469481018016,,43.267858499995924,-2.7232031580359077,True,False,False,True,False,0.0,0.0,0.0,0.0,0.0,0,0.9094655052649369,1.0702542089255331,False,False,False,False,-0.29338509042015043,-0.21970661307681952,False,False,False,False,-10620429,-8290076.488580388,False,False,False,False,673313.6375710173,False,False,False,False
2023-05-12 00:00:00+00:00,308.14,312.32,303.1741,308.4,463468,,,,,,,,,,,,,,334.57789976270647,349.70138682803326,,,,,334.57789976270647,342.13964329536986,,#000000,,325.0235674852614,,42.62409175091915,-3.542065940877947,True,False,False,True,False,0.0,0.0,0.0,0.0,0.0,0,0.9299897084945622,1.1470502045218667,False,False,False,False,-0.34282825441539394,-0.28126743374610674,False,False,False,False,-11083897,-8497026.156092951,False,False,False,False,657769.5162694604,False,False,False,False
2023-05-19 00:00:00+00:00,325.57,328.987,306.69,308.18,568142,,,,,,,,,,,,,,333.86048097866797,348.8580941204376,,,,,333.86048097866797,341.3592875495528,,#000000,,325.625652200118,,43.795409340386804,-3.542065940877947,True,False,False,True,False,0.0,0.0,0.0,0.0,0.0,0,0.9042331042012234,1.1140055310516368,False,False,False,False,0.00510475726460198,-0.1380813382407524,False,False,False,False,-10515755,-8646561.626011992,False,False,False,False,651130.4409902411,False,False,False,False
2023-05-26 00:00:00+00:00,317.85,335.98,316.565,326.38,475024,,,,,,,,,,,,,,333.4380762218625,348.26110749221357,,,,,333.4380762218625,340.84959185703804,,#000000,,326.06067271399706,,44.04583516222479,-3.542065940877947,True,False,False,True,False,0.0,0.0,0.0,0.0,0.0,0,0.9231357078651015,1.0593497561660281,False,False,False,False,0.2933016621547175,0.07761016195698255,False,False,False,False,-10990779,-8820207.357418511,False,False,False,False,638085.5194354084,False,False,False,False
2023-06-02 00:00:00+00:00,342.66,343.45,327.05,329.95,656535,,,,,,,,,,,,,,333.6657619398432,347.92937318240445,,,,,333.6657619398432,340.79756756112386,,#000000,42.933641002478865,327.88417377164285,0.3441549769213392,46.30103701891783,-3.542065940877947,True,False,False,False,True,0.0,0.0,0.0,0.0,0.0,0,0.922906437065351,1.0536560582650198,False,False,False,False,0.34282825172238235,0.21021920683968245,False,False,False,False,-10334244,-8932358.219831955,False,False,False,False,639452.1476253782,False,False,False,False
2023-06-09 00:00:00+00:00,328.49,344.03,328.46,341.35,471479,,,,,,,,,,,,,333.66,333.6655500086009,347.61401237196594,,,,,333.6655500086009,338.31318746018894,,#000000,39.54977869757342,327.8347417356192,0.0165679375703054,46.807879616973125,-6.650534174884285,True,False,False,False,True,0.0,0.0,0.0,0.0,0.0,0,0.9481725134920806,1.0493669753362607,False,False,False,False,0.3428282518164083,0.27652372932804536,False,False,False,False,-10805723,-9071125.981325883,False,False,False,False,627009.6922457205,False,False,False,False
2023-06-16 00:00:00+00:00,332.84,338.93,326.44,331.29,496356,,,,,,,,,,,,,333.1864667634463,333.630922674834,347.27573699507514,,,,,333.630922674834,338.0310421444518,,#000000,34.94646103311101,328.2184822968088,0.13224565711567682,47.52426738696606,-5.873643522588658,True,False,False,False,True,0.0,0.0,0.0,0.0,0.0,1,0.9651732051490748,1.0374364425038063,False,False,False,False,0.25280326921141566,0.26466349926973054,False,False,False,False,-10309367,-9162847.538264707,False,False,False,False,617331.6409682598,False,False,False,False
2023-06-23 00:00:00+00:00,312.7,332.25,312.25,332.2,455358,,,,,,,,,,,,,328.66876330898197,333.14930587637883,346.699332431494,,,,,333.14930587637883,336.17246720561826,,"rgba(239, 83, 80, 0.5)",33.47653982248605,326.792194710476,-0.42095732668913227,46.54335417180476,-5.873643522588658,True,False,False,False,True,0.0,0.0,0.0,0.0,0.0,1,0.9551125019380522,1.003761561073159,False,False,False,False,0.005882016059373308,0.13527275766455193,False,False,False,False,-10764725,-9281505.128022877,False,False,False,False,605333.5934891294,False,False,False,False
2023-06-30 00:00:00+00:00,308.44,321.88,306.805,313.06,659112,,,,,,,,,,,,,323.51129842170093,332.20036164918827,345.7133063166757,,,,,332.20036164918827,333.8083221291883,,"rgba(239, 83, 80, 0.5)",32.1436129522123,324.7130350075993,-0.5062602959969774,45.547357577589906,-5.873643522588658,True,False,False,True,False,0.0,0.0,0.0,0.0,0.0,1,0.9569122421046976,1.008720472627616,False,False,False,False,-0.17914440107250268,-0.021935821703975372,False,False,False,False,-11423837,-9440196.37779896,False,False,False,False,609317.1791566013,False,False,False,False
2023-07-07 00:00:00+00:00,312.29,314.07,302.5,307.55,462617,,,,,,,,,,,,,320.9861323058231,331.4989029937799,344.9999509808495,,,,,331.4989029937799,332.49499542681747,,"rgba(239, 83, 80, 0.5)",31.224909033400778,323.4955361794052,-0.3588652946088259,45.197075788863046,-5.873643522588658,True,False,False,True,False,0.0,0.0,0.0,0.0,0.0,1,0.9705923521063785,1.020246635173053,False,False,False,False,-0.32891032341847914,-0.17542307256122724,False,False,False,False,-10961220,-9552864.794258296,False,False,False,False,598450.4992190753,False,False,False,False
2023-07-14 00:00:00+00:00,302.19,315.22,299.18,311.98,747764,,,,,,,,,,,,,317.4760680854476,330.2572779587414,343.7780622779516,,,,,330.2572779587414,330.50380277404685,,"rgba(239, 83, 80, 1.0)",30.620062153861088,321.5566366471502,-0.6324819508803028,44.20317898412517,-5.873643522588658,False,False,False,True,False,0.0,0.0,0.0,0.0,0.0,1,0.9454781674087898,1.0604175349140919,False,False,False,False,-0.34282825441539394,-0.25912566348831056,False,False,False,False,-11708984,-9712577.32801694,False,False,False,False,609510.7585361808,False,False,False,False
2023-07-21 00:00:00+00:00,303.17,306.38,296.27,300.67,717825,,,,,,,,,,,,,314.6953306498848,329.0146154923867,342.5706033669749,,,,,329.0146154923867,328.7601831697488,,"rgba(239, 83, 80, 0.5)",29.41370752030591,313.04135663909096,-0.33560395717799957,43.59430299168152,-3.2337839806508413,False,False,False,True,False,0.0,0.0,0.0,0.0,0.0,1,0.902870041584179,1.0949480983355853,True,False,False,False,-0.34282825441539394,-0.3009769589518523,False,False,False,False,-10991159,-9807287.081497166,False,False,False,False,617534.035681649,False,False,False,False
2023-07-28 00:00:00+00:00,366.1,377.99,302.2,302.5,1491560,,,,,,,,,,,,348.7633333333333,323.9308476184089,330.66492084365717,342.92096145266584,,,,,330.66492084365717,336.5700158120163,,"rgba(38, 166, 154, 1.0)",29.268125420970645,332.2966252401082,1.1549552379487777,48.034251231411815,-5.293870007900942,True,False,False,False,True,0.0,0.0,0.0,0.0,0.0,1,0.8995012296417741,1.0086710321418813,False,False,False,False,0.3428282525050055,0.0209256467765766,False,False,False,False,-9499599,-9784495.371756636,False,False,False,False,682276.6997052305,False,False,False,False
2023-08-04 00:00:00+00:00,353.18,375.47,352.38,366.1,837486,,,,,,,,,,,,352.9273077159775,328.7411122806636,331.9950359057154,343.4573663869781,,,,,331.9950359057154,339.2802055723336,,"rgba(38, 166, 154, 0.5)",29.00258378486663,337.2402215334412,0.5495985662793297,50.17758754242513,-3.3353424190727097,True,False,False,False,True,0.0,0.0,0.0,0.0,0.0,1,0.9445790596937528,1.0589982183779194,False,False,False,False,0.3428282532322348,0.1818769500044057,False,False,False,False,-10337085,-9825427.9368117,False,False,False,False,693773.6849122505,False,False,False,False
2023-08-11 00:00:00+00:00,358.75,369.91,349.53,353.44,583241,,,,,,,,,,,,354.2229201963954,331.32382178564217,332.82440445846674,343.79195542739023,,,,,332.82440445846674,340.5407754669736,,"rgba(38, 166, 154, 0.5)",28.82537497439409,339.44848099578576,0.6696016624713469,52.055842601388946,-1.6464090809205274,True,False,False,False,True,0.0,0.0,0.0,0.0,0.0,0,0.9717849264738876,1.0404337080386037,False,False,False,False,0.29384090050067774,0.2378589252525417,False,False,False,False,-9753844,-9820125.422973797,False,False,False,False,685586.0786224542,False,False,False,False
2023-08-18 00:00:00+00:00,362.74,374.22,353.33,357.64,477395,,,,,,,,,,,,355.51962409453154,333.39502843506915,333.56430542375136,344.12367559684344,,,,,333.56430542375136,341.6506583875489,,"rgba(38, 166, 154, 0.5)",28.893794853030634,341.26959571562816,0.7430801109228422,53.651392918095596,-0.22521718211908848,True,False,False,False,True,0.0,0.0,0.0,0.0,0.0,0,1.038269692142905,1.0240902425624587,False,False,False,False,0.34105455147604874,0.2894567383642952,False,False,False,False,-9276449,-9779853.095346108,False,False,False,False,670164.5172430131,False,False,False,False
2023-08-25 00:00:00+00:00,355.42,369.62,351.86,362.6,373307,,,,,,,,,,,,355.86158765633735,334.6230559070346,334.03561005952906,344.3171771239152,,,,,334.03561005952906,342.20935768670404,,"rgba(38, 166, 154, 0.5)",28.169397415258096,342.18506410040897,0.46983383082317126,54.1516487541913,0.17475978204730325,True,False,True,False,True,0.0,0.0,0.0,0.0,0.0,0,1.038421133393926,0.9185346065620857,False,False,False,False,0.3055902946427732,0.2975235165035342,False,False,False,False,-9649756,-9770216.27346862,False,False,False,False,648175.0715213084,False,False,False,False
2023-09-01 00:00:00+00:00,367.5,368.71,355.44,356.53,281950,,,,,,,,,,,,356.42073853441707,335.6471992162656,334.448088488678,344.50795113632955,,,,,334.448088488678,342.75599434392257,,"rgba(38, 166, 154, 0.5)",27.93989487943512,343.0412043652452,0.8754075754507377,55.32754812612163,1.2717150359440623,True,False,True,False,True,0.0,0.0,0.0,0.0,0.0,0,1.0633908095301774,0.9120492436414588,False,False,False,False,0.32109335798207006,0.3093084372428021,False,False,False,False,-9367806,-9740408.105063537,False,False,False,False,621047.288445656,False,False,False,False
2023-09-08 00:00:00+00:00,374.92,380.97,358.11,363.02,395489,,,,,,,,,,,,357.7489364478679,337.31724718322226,335.1494905369864,344.8698794282729,,,,,335.1494905369864,343.77138839908736,,"rgba(38, 166, 154, 1.0)",27.638042687636453,344.58133882862967,1.0977138111499474,56.651134312071875,2.525848404014731,True,False,True,False,True,0.25019521579293524,0.0,0.0,0.0,0.0,0,1.087166217781505,0.8846200275588978,False,False,False,False,0.34282825332962447,0.3260683452862133,False,False,False,False,-8972317,-9683512.467651423,False,False,False,False,604339.2670793111,False,False,False,False
2023-09-15 00:00:00+00:00,371.56,385.84,369.945,376.33,508734,,,,,,,,,,,,359.60255590407695,339.50127309370924,336.11965519540735,345.39721178371,,,,,336.11965519540735,345.1551739942259,,"rgba(38, 166, 154, 1.0)",27.55383606196678,346.63033899511584,0.904761897719758,57.265910355217045,3.1182866609247384,True,False,True,False,True,0.0,0.0,0.0,0.0,0.0,0,1.1149629688240534,0.8453434699095961,False,False,False,False,0.3428282534480676,0.3344482993671405,False,False,False,False,-9481051,-9668515.321899466,False,False,False,False,597257.3954438065,False,False,False,False
2023-09-22 00:00:00+00:00,378.31,379.33,365.2501,370.79,387548,,,,,,,,,,,,360.6696339645462,340.9439369728108,336.8016545879609,345.7679587870316,,,,,336.8016545879609,346.0457960780874,,"rgba(38, 166, 154, 1.0)",27.721646160967516,347.92286070929526,1.0961520507930829,58.17451323403796,4.024904572447156,True,False,True,False,True,0.6864964165229352,0.0,0.0,0.0,0.0,0,1.0939208803319667,0.8778632938962488,False,False,False,False,0.28953606088864636,0.3119921801278934,False,False,False,False,-9093503,-9625921.81657358,False,False,False,False,581723.3661516727,False,False,False,False
2023-09-29 00:00:00+00:00,389.53,392.94,375.22,377.46,515674,,,,,,,,,,,,362.8924759485365,343.2942564208176,337.9415534905654,346.44146483802916,,,,,337.9415534905654,347.64243767448716,,"rgba(0, 255, 255, 0.75)",28.1924586855909,350.20287896729485,1.3949518015186495,59.57304080468808,5.410268061326789,True,False,True,False,True,2.1045636901192886,0.0,0.0,0.0,0.0,0,1.0836219686285458,0.8575162553217395,False,False,False,False,0.34282825273150697,0.3274102164297002,False,False,False,False,-8577829,-9548285.311642203,False,True,False,False,576830.820510808,False,True,False,False
2023-10-06 00:00:00+00:00,360.65,395.52,347.01,389.29,659388,,,,,,,,,,,367.72666666666663,363.3819905306267,344.8253346219256,338.80034545673533,346.888671296984,,,,,338.80034545673533,352.32460171458763,,#000000,28.036360160746153,358.3038553599823,0.0836822121903864,57.78566659128679,5.410268061326789,True,False,True,False,True,0.0,0.0,0.0,0.0,0.0,0,1.0390934304823232,0.8617647285250417,False,False,False,False,-0.017206132544775068,0.15510204194246258,False,False,False,False,-9237217,-9525243.214483522,False,False,False,False,582946.167139637,False,False,False,False
2023-10-13 00:00:00+00:00,349.24,366.13,337.52,356.81,538011,,,,,,,,,,,360.194626193942,362.4342487097262,345.12390813405136,339.0799089391797,346.95734494168653,,,,,339.0799089391797,350.7580073837172,,#000000,27.858701823295544,356.1491499447982,-0.24800688806758103,55.573139064130885,5.410268061326789,True,False,True,False,False,0.0,0.0,0.0,0.0,0.0,0,1.0244459999839668,0.9101232584901,False,False,False,False,-0.34282825441539394,-0.09386310623646568,False,False,False,False,-9775228,-9543760.60600326,False,False,False,False,579617.6362404047,False,False,False,False
2023-10-20 00:00:00+00:00,369.48,377.9,349.8,352.0,554028,,,,,,,,,,,361.9445737047562,362.674140487132,346.1067037810385,339.6960292552327,347.2775401816938,,,,,339.6960292552327,351.5397974819706,,"rgba(38, 166, 154, 0.5)",27.96175628272347,357.040156637173,0.4448877687455243,55.48509547881904,5.410268061326789,True,False,True,False,False,0.0,0.0,0.0,0.0,0.0,0,1.0403749583405042,0.8899168710489467,False,False,False,False,-0.08414314452334178,-0.08900312537990374,False,False,False,False,-9221200,-9519867.227780797,False,False,False,False,577722.1076300044,False,False,False,False
2023-10-27 00:00:00+00:00,319.64,378.08,313.165,369.8,845767,,,,,,,,,,,353.80897877542714,360.10043067041534,345.48595615996527,339.6028045015286,347.01570626277055,,,,,339.6028045015286,349.2027752740214,,"rgba(239, 83, 80, 0.5)",28.056178371132518,351.6043587548816,-1.1392983866886983,52.00836343949591,6.43399045193253,True,False,False,False,False,0.0,0.0,0.0,0.0,0.0,0,0.9903250963251995,0.9022728769495705,False,False,False,False,-0.34282825441539394,-0.21591568989764884,False,False,False,False,-10066967,-9560393.136834072,False,False,True,False,597577.2848425967,False,False,True,False
2023-11-03 00:00:00+00:00,338.13,345.04,325.38,325.86,733584,,,,,,,,,,,349.9270354318621,358.18984693760893,344.96871920376265,339.50458976317674,346.7823683341121,,,,,339.50458976317674,347.87451193410453,,#000000,28.022046500748324,349.70718469332485,-0.4131455813912694,50.806626698522535,5.325978614812513,True,False,False,False,False,0.0,0.0,0.0,0.0,0.0,0,1.013950403473602,0.9392938205071908,False,False,False,False,-0.34282825441539394,-0.2793719721565214,False,False,False,False,-9333383,-9543577.571142659,False,False,False,False,607651.8563357376,False,False,False,False
2023-11-10 00:00:00+00:00,336.7,345.55,333.26,337.87,408595,,,,,,,,,,,348.67878671237133,357.35122988067775,344.7745071547332,339.4888240560231,346.68421500294613,,,,,339.4888240560231,347.3955125613503,,#000000,28.034552305235167,349.12861194464676,-0.4433319215989712,49.85926520521903,4.431569208994745,True,False,False,False,False,0.0,0.0,0.0,0.0,0.0,0,1.0225819518566017,0.9202775131043636,False,False,False,False,-0.28047604187959946,-0.2799240070180604,False,False,False,False,-9741978,-9558273.899206165,False,False,False,False,592906.9040145719,False,False,False,False
2023-11-17 00:00:00+00:00,340.87,349.16,333.31,333.96,474978,,,,,,,,,,,347.82612306022924,356.585078429759,344.65097610190224,339.5180247574518,346.6084819930991,,,,,339.5180247574518,347.0377368684883,,#000000,27.81310253028906,348.78633331743606,-0.28462604302468597,49.48186101123695,4.043903498793327,False,False,False,False,False,0.0,0.0,0.0,0.0,0.0,0,1.0171605873394707,0.9407576031933389,False,False,False,False,-0.2539531433436526,-0.2669385751808565,False,False,False,False,-9267000,-9536698.054820523,False,False,False,False,584171.4296431221,False,False,False,False
2023-11-24 00:00:00+00:00,341.32,344.82,337.55,341.07,291119,,,,,,,,,,,347.3999174148313,356.1535068824681,344.58166333445723,339.5366802669125,346.56403786058934,,,,,339.5366802669125,346.84716115185176,,#000000,27.242379162151487,348.5858955003523,-0.26671295693758656,49.24612183712103,3.7419179235383737,False,False,False,False,False,0.0,0.0,0.0,0.0,0.0,0,1.0081208732429137,0.9584377871978056,False,False,False,False,-0.25467302652733337,-0.26080580085409494,False,False,False,False,-8975881,-9495156.050759744,False,False,False,False,562463.8422621501,False,False,False,False
2023-12-01 00:00:00+00:00,356.09,356.58,335.32,337.78,571125,,,,,,,,,,,347.6170547709636,355.7969250491377,344.76318852561894,339.7416612737159,346.60816213597684,,,,,339.7416612737159,346.90539835108257,,#000000,27.26614938737088,348.99051002069154,0.26037743278105735,50.17599457123989,3.7419179235383737,False,False,False,False,False,0.0,0.0,0.0,0.0,0.0,1,1.002282013588384,0.9663738585946923,False,False,False,False,-0.18710729879885593,-0.22395654982647545,False,False,False,False,-8404756,-9414385.676629392,False,False,False,False,563105.4095019909,False,False,False,False
2023-12-08 00:00:00+00:00,346.03,363.48,345.62,355.96,359914,,,,,,,,,,351.71000000000004,347.88802062224124,355.66662515683333,344.9266102317841,339.89747085148406,346.65894081303077,,,,,339.89747085148406,347.7912779458956,,#000000,27.0243477473774,349.1179848651837,-0.11426676765893096,50.063111322482655,3.7419179235383737,False,False,False,False,False,0.0,0.0,0.0,0.0,0.0,1,1.0171331651441553,0.9559385138341533,False,False,False,False,0.024030417418511023,-0.09996306620398221,False,False,False,False,-8764670,-9366258.58947166,False,False,False,False,548054.1939833249,False,False,False,False
2023-12-15 00:00:00+00:00,345.73,361.985,341.5,345.63,555314,,,,,,,,,,350.51369251887695,348.0595050857922,355.38867801814564,345.09514159275903,340.09124525322574,346.7055145485927,,,,,340.09124525322574,347.6422961695653,,#000000,26.816973082981306,349.0715944097643,-0.12460744169091006,49.95897702677367,3.7419179235383737,False,False,False,False,False,0.0,0.0,0.0,0.0,0.0,1,1.0134433011865238,0.9505731877234124,False,False,False,False,0.05103063197984462,-0.024466217112068794,False,False,False,False,-9319984,-9362830.842103388,False,False,False,False,548591.9573919675,False,False,False,False
2023-12-22 00:00:00+00:00,350.07,356.38,343.81,346.03,469199,,,,,,,,,,350.36896830963286,348.2067174287597,355.18664631188153,345.23861319783714,340.2548201990381,346.7481768746248,,,,,340.2548201990381,347.66732372029566,,#000000,26.667182316185848,349.2150372366048,0.03206048367833195,50.243513771516454,3.7419179235383737,False,False,False,False,False,0.0,0.0,0.0,0.0,0.0,1,1.0421911375543083,0.9490998360329365,False,False,False,False,0.013020986034750031,-0.005722615538659381,False,False,False,False,-8850785,-9324901.5204661,False,False,False,False,542710.9975851552,False,False,False,False
2023-12-29 00:00:00+00:00,345.59,353.45,345.12,348.07,290164,,,,,,,,,,349.9677277038592,348.20012502519313,355.0224205705156,345.28777212834893,340.33295432333784,346.75828226664424,,,,,340.33295432333784,347.59488033631646,,#000000,26.64033772883364,349.14392163803836,-0.13340377566579695,50.055444972047056,3.7419179235383737,False,False,False,False,False,0.0,0.0,0.0,0.0,0.0,1,1.0540926742170427,0.9359408836979609,False,False,False,False,0.15147369788410264,0.07287554117272163,False,False,False,False,-9140949,-9311275.407838983,False,False,False,False,524003.8125788474,False,False,False,False
2024-01-05 00:00:00+00:00,327.25,345.55,325.33,344.83,754836,,,,,,,,,,344.60565913827963,346.6423752592696,353.76162506139826,344.7411545584524,340.13931794074705,346.48091045799947,,,,,340.13931794074705,346.0618404026911,,"rgba(239, 83, 80, 0.5)",26.433843961758672,341.48578574566494,-0.5385439123518916,48.42703742879813,2.134553506434493,False,False,False,False,False,0.0,0.0,0.0,0.0,0.0,1,1.0274420006568086,0.9369517119093117,False,False,False,False,-0.3340453231767316,-0.130584891002005,False,False,False,False,-9895785,-9354572.414665727,False,False,False,False,541102.4931285625,False,False,False,False
2024-01-12 00:00:00+00:00,351.91,354.685,325.61,328.63,678357,,,,,,,,,,344.48837340636715,346.4290274464725,353.29317572612246,344.71586470094775,340.22700801509956,346.4388486852945,,,,,340.22700801509956,345.9320496633839,,#000000,26.21009889817784,342.8020743485089,0.3474968059782612,49.36074237981925,2.134553506434493,False,False,False,False,False,0.0,0.0,0.0,0.0,0.0,1,1.032729412881299,0.9252702867321615,False,False,False,False,-0.169008589265042,-0.1497967401335235,False,False,False,False,-9217428,-9344413.569134932,False,False,False,False,551269.4936375578,False,False,False,False
2024-01-19 00:00:00+00:00,357.59,361.33,351.235,355.44,452858,,,,,,,,,,346.0438331219482,346.96850488414293,353.4002254566631,345.00966876353095,340.46911258113244,346.55711360536594,,,,,340.46911258113244,346.4080764021306,,#000000,25.904426330175827,344.68287770478764,0.49825933725376287,50.462735062869065,2.134553506434493,False,False,False,False,False,0.0,0.0,0.0,0.0,0.0,1,1.079265173275251,0.9000154763191931,False,False,False,False,0.3428282508618009,0.0965157553641387,False,False,False,False,-8764570,-9301462.193643454,False,False,False,False,543979.7533681091,False,False,False,False
2024-01-26 00:00:00+00:00,359.4,368.7979,356.2,356.2,428498,,,,,,,,,361.46596666666665,347.70041909778377,347.65373706651843,353.63190037338717,345.38219919700117,340.75678427420473,346.71766473857195,,,,361.46596666666665,340.75678427420473,349.0440959163048,,"rgba(38, 166, 154, 0.5)",25.814077570054756,349.86453941513116,0.36938994077906884,51.392198409635675,2.134553506434493,True,False,False,False,True,0.0,-1.0,368.7979,356.2,0.0,1,1.0866177408551376,1.005149246512927,False,False,False,False,0.3428282516781937,0.2196720035211662,False,False,False,False,-8336072,-9229951.808929125,False,False,False,True,535425.5494149158,False,False,False,False
2024-02-02 00:00:00+00:00,357.07,363.15,347.85,362.28,485406,,,,,,,,,358.57519599950683,348.6033023193265,348.07909485837695,353.7072607800055,345.6482577515738,340.9901040346947,346.82981677006836,,,,358.57519599950683,340.9901040346947,348.91900464479323,,#000000,25.849302622199797,349.9828418706065,0.27417212111969896,51.83396770412851,2.134553506434493,True,False,False,False,True,0.0,0.0,0.0,0.0,0.0,1,0.9799156345995521,1.010991994287114,False,False,False,False,0.16065533303365884,0.19016366827741252,False,False,False,False,-8821478,-9199694.48974919,False,False,False,False,531720.3976064036,False,False,False,False
2024-02-09 00:00:00+00:00,350.27,358.14,349.59,355.08,432124,,,,,,,,,356.67834294041427,348.96115749508317,348.27766715712744,353.67886499460815,345.80107436365523,341.14683685718154,346.8917760797597,,,,356.67834294041427,341.14683685718154,348.7765314125471,,#000000,25.800264769226175,349.8622497683581,0.015804110356582524,51.49461834863331,2.134553506434493,False,False,False,False,True,0.0,0.0,0.0,0.0,0.0,1,0.9881217867547741,1.0102001799455038,False,False,False,False,0.11998009810939127,0.1550718831934019,False,False,False,False,-9253602,-9203687.638656657,False,False,False,False,524342.8866725959,False,False,False,False
2024-02-16 00:00:00+00:00,351.92,361.54,346.435,351.31,453548,,,,,,,,,355.8264775025154,349.3281420891961,348.4958480426991,353.6682696672935,345.9685825273776,341.3156529273825,346.9623681142787,,,,355.8264775025154,341.3156529273825,348.7950486958204,,#000000,25.80840075047868,349.99401115190676,0.07462643139782818,51.409190130050455,2.134553506434493,False,False,False,False,True,0.0,0.0,0.0,0.0,0.0,1,0.9747330240424189,1.0120473246361308,False,False,False,False,0.12301234427459327,0.13904211373399758,False,False,False,False,-8800054,-9173788.850608017,False,False,False,False,519098.8209931443,False,False,False,False
2024-02-23 00:00:00+00:00,354.43,356.4,343.34,351.28,429250,,,,,,,,,354.97205550279233,349.48101494525343,348.6101778351613,353.6097745657637,346.0808478641168,341.44639487142,347.0080647253255,,,,354.97205550279233,341.44639487142,348.744047187119,,#000000,25.734848083365186,349.94597841543145,0.1742392871348244,51.59664543851045,2.134553506434493,False,False,False,False,True,0.0,0.0,0.0,0.0,0.0,1,0.9713789902553924,1.01319490099785,False,False,False,False,0.021968408768193014,0.08050526125109529,False,False,False,False,-8370804,-9114308.49130372,False,False,False,False,512443.3527714299,False,False,False,False
2024-03-01 00:00:00+00:00,304.48,371.65,300.16,352.67,1769138,,,,,,,,325.43,341.89940827833027,343.8517276827323,345.3645679350939,350.9131589712593,344.45696823943086,340.63321810335617,346.12765459903085,,,,341.89940827833027,340.63321810335617,342.3345879761542,,"rgba(239, 83, 80, 1.0)",25.974375277628415,338.32306242343304,-1.3029403811140692,47.63475863921521,0.7969404288105011,False,True,False,False,False,0.0,0.0,0.0,0.0,0.0,1,0.8934090390933852,0.9839473528527528,False,True,False,False,-0.33015283195439155,-0.12482378535164812,False,False,False,False,-10139942,-9190281.34379974,False,False,False,False,605531.8451587314,False,False,False,False
2024-03-08 00:00:00+00:00,298.81,307.445,294.7,303.51,694401,,,,,,,,318.3517412653098,335.74602080253055,340.1888648535093,343.01789994352913,349.0815917123841,343.13542393924496,339.8455112387466,345.4055917632009,,,,335.74602080253055,339.8455112387466,339.34658068980696,,"rgba(255, 0, 0, 1.0)",26.415195778870302,332.99655004260035,-1.294200138768095,44.455552768688406,-2.204673708518527,False,True,False,True,False,0.0,0.0,0.0,0.0,0.0,1,0.8771969855425199,1.1182870326354954,False,False,False,False,-0.34282825441539394,-0.23382601988352103,False,False,False,False,-10834343,-9312063.688703462,False,False,False,False,612114.745517344,False,False,False,False
2024-03-15 00:00:00+00:00,295.1,304.92,292.83,300.16,718689,,,,,,,,313.6688367002616,330.6817306670875,336.77856533570315,340.6952425510737,347.2229976940314,341.7672847701769,339.0084749865442,344.6384929889217,,,,330.6817306670875,339.0084749865442,336.807703211725,,"rgba(255, 0, 0, 1.0)",27.046508980569886,328.720239063911,-1.2430528127701663,41.95301774994287,-4.486566633990506,False,True,False,True,False,0.0,0.0,0.0,0.0,0.0,0,0.8520767743785735,1.1321923691432025,False,False,False,False,-0.34282825441539394,-0.28832713714945746,False,False,False,False,-11553032,-9478061.341392094,False,False,False,False,620009.1347382815,False,False,False,False
2024-03-22 00:00:00+00:00,307.12,308.27,287.325,294.09,852074,,,,,,,,310.97302131694653,326.6307232461266,333.66703765235405,338.419846536851,345.3212563118587,340.3612626861192,338.13359588722676,343.82174676369164,,,,326.6307232461266,338.13359588722676,334.66606130014685,,"rgba(239, 83, 80, 1.0)",27.384841797101256,325.3970396624699,-0.6674144695772747,41.480612156404874,-4.819839937970379,False,True,False,True,False,0.0,0.0,0.0,0.0,0.0,0,0.852436480691731,1.1133364936329653,False,False,False,False,-0.34282825441539394,-0.31557769578242567,False,False,False,False,-10700958,-9568646.279066755,False,False,False,False,637199.124757668,False,False,False,False
2024-03-29 00:00:00+00:00,304.42,312.85,303.435,306.5,523464,,,,,,,,310.50542214870177,325.1089799509189,332.3129841770338,337.3501619269162,344.37600952033466,339.6686109226591,337.6991771246686,343.40296211432445,,,,325.1089799509189,337.6991771246686,333.80303848569474,,"rgba(239, 83, 80, 1.0)",26.909875929155355,324.2078589109242,-0.7353381696377547,40.94817854516822,-5.274438362924968,False,True,False,True,False,0.0,0.0,0.0,0.0,0.0,0,0.8611698270189372,1.1310556832941234,False,False,False,False,-0.22836232659734013,-0.2719700111898829,False,False,False,False,-11224422,-9691296.332469217,False,False,False,False,628774.3007015445,False,False,False,False
2024-04-05 00:00:00+00:00,294.75,304.37,291.695,303.49,593435,,,,,,,,308.94244967856366,322.84375142594104,330.3942207153633,335.8529153621201,343.08878361857194,338.68880078002354,337.0664092297663,342.81304927971604,,,,322.84375142594104,337.0664092297663,332.4612975112583,,"rgba(255, 0, 0, 1.0)",27.048249497904916,322.25931618296863,-1.017046082227962,39.87715166605183,-6.28632250590352,False,True,False,True,False,0.0,0.0,0.0,0.0,0.0,0,0.8829022479997738,1.160849290325568,False,False,False,False,-0.33981483245008254,-0.3058924218199827,False,False,False,False,-11817857,-9848819.344878906,False,False,False,False,626156.5747236523,False,False,False,False
2024-04-12 00:00:00+00:00,285.65,300.71,284.695,295.58,639880,,,,,,,,306.8882787502598,320.2513229606528,328.1816805771816,334.10499633018713,341.5896217349827,337.52251420795426,336.2973298383512,342.1045727068747,,,,320.2513229606528,336.2973298383512,330.8675396383055,,"rgba(255, 0, 0, 1.0)",27.51920764559646,319.95501405757705,-1.246584367521441,38.496100967347154,-7.606511553230455,False,True,False,True,False,0.0,0.0,0.0,0.0,0.0,0,0.8848758811714568,1.1147644470902458,False,False,False,False,-0.34282825441539394,-0.32436033811768833,False,False,False,False,-12457737,-10042072.504517507,False,False,False,False,627173.1247441225,False,False,False,False
2024-04-19 00:00:00+00:00,286.98,290.0,274.78,283.34,701943,,,,,,,,304.4052411870545,317.3273426315976,325.6521306414366,332.0756841388835,339.84562251625505,336.14032573869895,335.3681699426369,341.2551766740012,,,,317.3273426315976,335.3681699426369,329.00871168382054,,"rgba(255, 0, 0, 1.0)",26.90778158521902,317.2995803361324,-1.1267959879972989,37.676567225796546,-8.3955265208199,False,True,False,True,False,0.0,0.0,0.0,0.0,0.0,0,0.8385963049034582,1.1638392239526678,False,False,False,False,-0.34282825441539394,-0.33359429626654113,False,False,False,False,-11755794,-10169014.837516211,False,False,False,False,632711.6340223356,False,False,False,False
2024-04-26 00:00:00+00:00,283.2,318.0,281.52,288.25,1075863,,,,,,,294.24,302.9603250614434,314.79217777162893,323.1222421103796,329.86759501226743,337.82541717559457,334.5473065476541,334.27951308189904,340.2262475126397,,,,314.79217777162893,334.27951308189904,323.5400915859452,,"rgba(255, 0, 0, 1.0)",27.29664793993525,307.8167700125152,-0.9018239186981133,36.8198104284484,-9.243437029708176,False,True,False,True,False,0.0,0.0,0.0,0.0,0.0,0,0.9206849602387727,1.114818970168021,False,False,False,False,-0.16149924164574816,-0.24754676895614464,False,False,False,False,-12831657,-10366247.590292789,False,False,False,False,665537.6611317922,False,False,False,False
2024-05-03 00:00:00+00:00,277.28,288.19,276.0,285.0,1166300,,,,,,,287.0876988515108,299.9601442846425,311.14327385888726,319.6989605265254,326.9295635569874,335.19827572098353,332.4075181157641,332.7790823447693,338.8418670436345,,,,311.14327385888726,332.7790823447693,320.4495982559672,,"rgba(255, 0, 0, 1.0)",27.776926248594084,303.4863802238811,-0.9434586098311561,35.7835904570205,-10.277727540312824,False,True,False,True,False,0.0,0.0,0.0,0.0,0.0,0,0.8922862637878265,1.123586651857752,False,False,False,False,-0.34282825441539394,-0.2951875116857693,False,False,False,False,-13997957,-10635263.102122953,False,False,False,False,702631.1677146225,False,False,False,False
2024-05-10 00:00:00+00:00,291.16,298.51,264.6304,279.07,1402134,,,,,,,286.19473892254115,297.85869118917446,308.1525807353414,316.62366581597837,324.1148816791903,332.5652589784139,330.2433871346851,331.221235457303,337.37611858091265,,,,308.1525807353414,331.221235457303,318.26117316594895,,"rgba(239, 83, 80, 1.0)",27.573354733860278,301.22796206831873,-0.3651337374612302,36.89719273897764,-10.277727540312824,False,True,False,True,False,0.0,0.0,0.0,0.0,0.0,0,0.8570909563544673,1.0976370584106683,False,False,False,False,-0.34282825441539394,-0.3190078830505816,False,False,False,False,-12595823,-10780489.761224955,False,False,False,False,754446.1923283541,False,False,False,False
2024-05-17 00:00:00+00:00,280.33,302.61,277.0,290.93,1139843,,,,,,,286.30241275224665,296.72543218293777,306.3375811973749,314.62156764913743,322.1861708095181,330.69568070714854,328.6907649004629,330.0757011257978,336.2823833694705,,,,306.3375811973749,330.0757011257978,316.8797438548994,,"rgba(255, 0, 0, 1.0)",28.11921263426818,300.0353690950152,-0.7007795471129507,36.84125619734387,-10.277727540312824,False,True,False,True,False,0.0,0.0,0.0,0.0,0.0,0,0.885044000224205,1.0946960239287844,False,False,False,False,-0.1261295236479227,-0.22256870334925216,False,False,False,False,-13735666,-10999391.704837922,False,False,False,False,782994.1040077353,False,False,False,False
2024-05-24 00:00:00+00:00,260.75,282.44,260.06,279.98,900926,,,,,,,283.36236755114777,294.58185135746794,303.9245349092015,312.2713420950657,320.0579536594785,328.7331825594719,327.0223344913082,328.83490915284625,335.1340883924274,,,,303.9245349092015,328.83490915284625,314.88028490760166,,"rgba(255, 26, 202, 1.0)",29.333455181155898,297.5664154357586,-1.2550998581104695,35.46967710934418,-10.67860064542375,False,True,False,True,False,0.0,0.0,0.0,0.0,0.0,0,0.8465987453841706,1.1231678802529006,False,False,False,False,-0.34282825441539394,-0.282698478882323,False,False,False,False,-14636592,-11268813.948924001,False,False,False,False,791729.8000071623,True,False,False,False
2024-05-31 00:00:00+00:00,313.67,339.7699,254.4,259.63,2457788,,,,,,302.61330000000004,289.17294830841047,295.9305643008412,303.7334412840174,311.1091869979257,318.3766988707382,326.6857095580254,325.32595359859533,327.48415055857083,333.71253669519285,,,,303.7334412840174,327.48415055857083,313.41444901723173,,#000000,29.414075880297666,297.58252815231293,0.546931065016491,39.71051766326387,-14.290020389378085,False,True,False,True,True,0.0,0.0,0.0,0.0,0.0,0,0.8578378864050833,1.0293416214728843,True,False,False,False,0.13296048728930487,-0.07486899579650907,False,False,False,False,-12178804,-11336220.619374074,False,False,False,False,915141.5185251503,False,False,False,True
2024-06-07 00:00:00+00:00,291.53,306.2,282.85,283.005,1627967,,,,,,298.99273557365365,289.89834383193255,295.68994063406285,302.8349073592271,309.8112521762452,316.885538916301,325.04901834266906,323.92654113048064,326.363722967399,332.58175088755604,,,,302.8349073592271,326.363722967399,312.20337518195277,,"rgba(239, 83, 80, 0.5)",29.791417908670045,295.89343890332566,-0.14646630505142277,41.19356168597462,-12.939509032134993,False,True,False,True,True,0.0,0.0,0.0,0.0,0.0,0,0.8793244502768004,1.08531193419931,False,False,False,False,0.2119277557636738,0.06852937998358236,False,False,False,False,-13806771,-11519224.35127229,False,False,False,False,967943.4060418059,False,False,False,False
2024-06-14 00:00:00+00:00,284.87,293.4058,281.95,289.8,685492,,,,,,297.2326449874146,289.69141676830066,295.3280511146916,302.2596903819307,309.11579638988064,316.14266984095855,324.2690679807082,323.25003092299687,325.8207891109362,332.0449772837865,,,,302.2596903819307,325.8207891109362,311.5155134781604,,"rgba(239, 83, 80, 1.0)",30.283458337860264,294.87118946445537,-0.33025255414610016,41.823059414803105,-12.381328052380027,False,True,False,True,True,0.0,0.0,0.0,0.0,0.0,0,0.8830374092062857,1.1063472466124247,False,False,False,False,0.05034462938008655,0.05943700468183445,True,False,False,False,-14492263,-11739449.436363231,False,False,False,False,947021.0796683388,False,False,False,False
2024-06-21 00:00:00+00:00,297.24,298.55,284.06,284.06,612864,,,,,,296.7831017039334,289.8902893993655,295.2566970789216,301.9817216799411,308.7002737718319,315.6498622460449,323.71510992020336,322.7704029715005,325.42699438346153,331.6433815088727,,,,301.9817216799411,325.42699438346153,311.18178346640764,,"rgba(239, 83, 80, 0.5)",30.380178236107756,294.6782974715385,0.08432151084014587,43.283573185303204,-10.989594460538832,False,True,False,True,True,0.0,0.0,0.0,0.0,0.0,0,0.8830800850175059,1.0873208160179764,False,False,False,False,0.13508438648497764,0.09726069558340605,False,False,False,False,-13879399,-11897964.218854843,False,False,False,False,922268.70339661,False,False,False,False
2024-06-28 00:00:00+00:00,305.05,305.55,295.17,296.69,824735,,,,,,297.46589024996484,290.72467193800213,295.55572505461487,301.9793858500533,308.46909050849195,315.2628677767659,323.2031530826047,322.33085509927156,325.0503288889761,331.23471082011616,,,,301.9793858500533,325.0503288889761,311.12766792688615,,#000000,30.388334554710745,295.3030443731367,0.32074662102047874,44.94186595149686,-9.40788115981583,False,True,False,True,True,0.0,0.0,0.0,0.0,0.0,1,0.9004575043029498,1.0698234094317338,False,False,False,False,0.3428282518710531,0.22004447372722957,False,False,False,False,-13054664,-11983645.684124853,False,False,False,False,915043.9846264907,False,False,False,False
2024-07-05 00:00:00+00:00,295.07,305.015,293.0675,304.17,342509,,,,,,297.4790445674877,290.9204078109904,295.59525785309177,301.9097362944857,308.3188996532337,315.05981512526716,322.95690245783777,322.1172049005624,324.8696191267443,331.044394344042,,,,301.9097362944857,324.8696191267443,311.02712821337434,,"rgba(239, 83, 80, 0.5)",29.761402492260423,295.3684386997644,-0.010027709542317905,45.38836639323267,-8.976465065624154,False,True,False,True,True,0.0,0.0,0.0,0.0,0.0,1,0.9300791952877935,1.057913935817381,False,False,False,False,0.3096300240917944,0.264837248909512,False,False,False,False,-13397173,-12088351.411226716,False,False,False,False,872633.9857652693,False,False,False,False
2024-07-12 00:00:00+00:00,288.27,298.0,281.275,296.86,539347,,,,,,296.8479129984732,290.84700441011717,295.4157369383596,301.5904057449543,307.9069951874166,314.5966537217462,322.45070713403805,321.673087825481,324.5018994507859,330.6734007742372,,,,301.5904057449543,324.5018994507859,310.6503804185609,,"rgba(239, 83, 80, 0.5)",28.82388678768998,294.98964183635576,-0.23312754056561108,45.215767162599725,-8.976465065624154,False,True,False,True,True,0.0,0.0,0.0,0.0,0.0,1,0.9068595625648314,1.0881863498013065,False,False,False,False,0.08711250574103394,0.17597487732527295,False,False,False,False,-13936520,-12225252.788172886,False,False,False,False,847946.0608937679,False,False,False,False
2024-07-19 00:00:00+00:00,279.29,292.11,277.76,289.23,528028,,,,,,295.89185807705917,290.5376734077978,295.0860024026738,301.1460104581435,307.3940865012684,314.0534642121997,321.8810025090318,321.1698942353424,324.0879622743222,330.2637952597833,,,,301.1460104581435,324.0879622743222,310.15117493376226,,"rgba(239, 83, 80, 1.0)",29.086656147413336,294.35184799114745,-0.5178267283393755,44.45605075601476,-8.976465065624154,False,True,False,True,True,0.0,0.0,0.0,0.0,0.0,1,0.8556568769976772,1.1098472007890683,False,False,False,False,-0.01972774025647197,0.07812356853440049,False,False,False,False,-14464548,-12391126.507567488,False,False,False,False,824248.4267534887,False,False,False,False
2024-07-26 00:00:00+00:00,290.91,295.095,262.0,280.0,1132356,,,,,,294.1807861501342,289.92041096491414,294.4141545441302,300.24250813707357,306.3461906965925,312.93571380744663,320.70157343280255,320.1233405539712,323.2194934400308,329.4017513898543,,,,300.24250813707357,323.2194934400308,309.148592311695,,"rgba(239, 83, 80, 0.5)",29.366019461735824,290.237579149629,0.022897922929158567,44.97215525921161,-8.976465065624154,False,True,False,True,True,0.0,0.0,0.0,0.0,0.0,1,0.8251235074358814,1.1136820081812395,False,False,False,False,-0.16605621380526922,-0.04396632263543437,False,False,False,False,-13332192,-12460835.062562488,False,False,False,False,847071.209956934,False,False,False,False
2024-08-02 00:00:00+00:00,279.17,289.05,276.1201,288.95,703086,,,,,,293.233780141046,289.52688075239763,293.9926898010712,299.68867465052585,305.7077742540156,312.25446378111997,319.98191132844937,319.4814089830549,322.68264773949943,328.8684571066672,,,,299.68867465052585,322.68264773949943,308.5418688537847,,"rgba(239, 83, 80, 1.0)",29.839313223022444,289.54870361164035,-0.34781978841365124,44.47802874521649,-8.976465065624154,False,True,False,True,True,0.0,0.0,0.0,0.0,0.0,1,0.8604217334697725,1.1112654051025725,False,False,False,False,-0.21090471475410263,-0.1274355186947685,False,False,False,False,-14035278,-12577460.465335637,False,False,False,False,836405.638849013,False,False,False,False
2024-08-09 00:00:00+00:00,271.24,273.81,264.0,272.01,534578,,,,,,291.97340714606935,288.8500880752226,293.40644263359894,299.03117280775336,305.0189181440279,311.5655267605827,319.2904283717344,318.8608130989388,322.1697795525724,328.3722179219662,,,,299.03117280775336,322.1697795525724,307.8538794512467,,"rgba(239, 83, 80, 1.0)",30.469392829319855,288.0434879549076,-0.5514874565776735,43.56776295054173,-8.976465065624154,False,True,False,True,True,0.0,0.0,0.0,0.0,0.0,1,0.8371625318443198,1.1182953026960032,False,False,False,False,-0.34282825441539394,-0.23513188655508122,False,False,False,False,-14569856,-12725045.31975522,False,False,False,False,814048.0359713084,False,False,False,False
2024-08-16 00:00:00+00:00,282.29,284.395,264.43,270.26,516109,,,,,,291.2396394667109,288.47354816363674,293.0340162562857,298.5755367726533,304.5117244046955,311.0343696799347,318.73697878029924,318.3636002441949,321.7520391081686,327.96001451359524,,,,298.5755367726533,321.7520391081686,307.36814673901745,,"rgba(239, 83, 80, 0.5)",30.821390367993413,287.4779145213196,-0.1683218848785928,43.97593470325461,-8.976465065624154,False,True,False,True,True,0.0,0.0,0.0,0.0,0.0,1,0.8445446367530268,1.1052058598837422,False,False,False,False,-0.21782041294622456,-0.2264761497506529,False,False,False,False,-14053747,-12823467.66644002,False,False,False,False,791978.4777512115,False,False,False,False
2024-08-23 00:00:00+00:00,281.86,283.68,274.77,282.89,393923,,,,,,290.8371314505878,288.2747269891664,292.81328905335033,298.2879878658646,304.17863657173837,310.6754011160565,318.354554869703,318.01954560301294,321.45986529197756,327.6684958663552,,,,298.2879878658646,321.45986529197756,307.0569634677813,,"rgba(239, 83, 80, 0.5)",31.16260778041043,287.2613179216109,-0.17332689098652013,44.23375385864218,-8.976465065624154,False,True,False,True,True,0.0,0.0,0.0,0.0,0.0,1,0.8662706898751239,1.0984307978576755,False,False,False,False,-0.11395277539805365,-0.17021446257435327,False,False,False,False,-14447670,-12943778.950407425,False,False,False,False,762492.8868066773,False,False,False,False
2024-08-30 00:00:00+00:00,271.72,286.44,267.42,282.55,555238,,,,,,290.0787923540061,287.8509420305824,292.39930701898817,297.79214232518757,303.631631859772,310.1043276174239,317.76064112711424,317.48351837192394,321.00686198903145,327.2217788912121,,,,297.79214232518757,321.00686198903145,306.5329943585242,,"rgba(239, 83, 80, 1.0)",31.728522918576207,286.63494389123537,-0.4700799948838159,43.620726435517824,-8.976465065624154,False,True,False,True,True,0.0,0.0,0.0,0.0,0.0,1,0.9200048786155323,1.1313552312801307,False,False,False,False,-0.16304620597991748,-0.16663033427713536,False,False,False,False,-15002908,-13096307.028155023,False,False,False,False,747140.6729691457,False,False,False,False
2024-09-06 00:00:00+00:00,284.35,286.94,269.47,269.47,389814,,,,,280.2533333333334,289.7554087703892,287.68198366829444,292.20220912681685,297.531697450723,303.3259370414359,309.77079345605597,317.4017618797867,317.15921532577096,320.72863276578033,326.9427332730737,,,,297.531697450723,320.72863276578033,301.58109728183865,,"rgba(239, 83, 80, 0.5)",32.027693994895294,284.61357040596,-0.008229453110235674,44.45050707750668,-8.976465065624154,False,True,False,True,True,0.0,0.0,0.0,0.0,0.0,1,0.934586787103329,1.0105926191443195,False,False,False,False,-0.1270034981366958,-0.1468169162069156,False,False,False,False,-14613094,-13208661.618662057,False,False,False,False,720672.0305269868,False,False,False,False
2024-09-13 00:00:00+00:00,269.34,284.88,263.5,284.7,748429,,,,,275.2035023921371,288.7341814074219,287.0633072707998,291.609128362839,296.83984072804213,302.5727866731582,308.98957971441064,316.59308831129124,316.42581153700326,320.10558819383766,326.3295491751132,,,,296.83984072804213,320.10558819383766,300.41368145909405,,"rgba(239, 83, 80, 1.0)",32.601982384318426,278.5701694378291,-0.28311681568998287,43.86170312882673,-8.976465065624154,False,True,False,True,True,0.0,0.0,0.0,0.0,0.0,1,0.9282398156270973,1.009568678851693,False,False,False,False,-0.16319028103010963,-0.1550035986185126,True,False,False,False,-15361523,-13368132.832094498,False,False,False,False,722728.1023398025,True,False,False,False
2024-09-20 00:00:00+00:00,269.6,279.06,269.28,270.89,704553,,,,,274.2259518217607,287.8817587843561,286.52820293353943,291.0846883796091,296.2245671842299,301.8983916691535,308.2849890245882,315.85926222240505,315.75823256880636,319.5345064008906,325.7655887123093,,,,296.2245671842299,319.5345064008906,299.72805509893385,,"rgba(239, 83, 80, 1.0)",33.14669269548125,277.96264709694947,-0.2522920513903787,43.46823638832379,-8.976465065624154,False,True,False,True,True,0.0,0.0,0.0,0.0,0.0,1,0.9476878321591146,1.0267777127065858,False,False,False,False,-0.11371280728944987,-0.13435820295398124,False,False,False,False,-14656970,-13463602.25193935,False,False,False,False,721381.7984627802,False,False,False,False
2024-09-27 00:00:00+00:00,283.5,284.94,269.0237,270.0,737765,,,,,275.6350095929399,287.4229907675049,286.2523353807161,290.7489108373071,295.7817758314456,301.3740642780076,307.7053736026891,315.2284973837936,315.18294568274,319.0320337890229,325.2584177105974,,,,295.7817758314456,319.0320337890229,299.43639371461666,,"rgba(239, 83, 80, 0.5)",33.42411244584984,278.80939374038746,0.14033600046109684,44.603729557999685,-8.604258019938406,False,False,False,True,True,0.0,0.0,0.0,0.0,0.0,1,0.9183126240677163,1.0240757814318628,False,False,False,False,0.059742134979262465,-0.037308033987359386,False,False,False,False,-13919205,-13497350.603647547,False,False,False,False,722595.3689470186,False,False,False,False
2024-10-04 00:00:00+00:00,280.42,296.34,279.64,285.42,631153,,,,,277.5670869376393,287.3387986073842,286.22796891031305,290.62471451360034,295.55783986087954,301.0664029570293,307.3331628188491,314.79729239123003,314.78869674750155,318.678479658969,324.8914300295769,,,,295.55783986087954,318.678479658969,299.39804434033954,,"rgba(239, 83, 80, 0.5)",33.73807234917045,280.0484309559326,0.01101334540461865,45.14295635196549,-7.987394835668489,False,False,False,True,True,0.0,0.0,0.0,0.0,0.0,1,0.9596760223021267,0.9878171720553768,False,False,False,False,0.3428282505345576,0.15276010827359912,False,False,False,False,-14550358,-13575351.151525507,False,False,False,False,715821.8601361284,False,False,False,False
2024-10-11 00:00:00+00:00,273.74,281.0,267.74,281.0,586925,,,,,277.04066036726135,286.83167611991234,285.8896803592558,290.2724254614168,295.1344040172996,300.5910285621073,306.82476126867687,314.2570550823395,314.29355258396816,318.2466430056228,324.460035449638,,,,295.1344040172996,318.2466430056228,298.93818868278606,,"rgba(239, 83, 80, 1.0)",34.138279353084144,279.58378662463815,-0.17117988180356836,44.93666248196699,-7.987394835668489,False,False,False,True,True,0.0,0.0,0.0,0.0,0.0,1,0.9505114404276602,1.0091168622631397,False,False,False,False,-0.1419545358617147,0.005402786205942214,False,False,False,False,-15137283,-13691049.806968061,False,False,False,False,706273.9445704892,False,False,False,False
2024-10-18 00:00:00+00:00,298.81,302.8,272.89,273.88,682727,,,,,279.24351136613996,287.0316832460454,286.0668420900728,290.30223672637754,295.0526269078529,300.4079562408032,306.5563479278552,313.91049720782667,313.97494082569676,317.94821470310836,324.137204618783,,,,295.0526269078529,317.94821470310836,299.0494857241779,,#000000,34.19631739932968,281.08438583113036,0.5183486268967985,47.200742811867855,-5.8346403269196045,False,False,False,False,True,0.0,0.0,0.0,0.0,0.0,1,0.9786371351377342,0.9509776857193233,False,False,False,False,0.3350769614651749,0.17023987383555855,False,False,False,False,-14454556,-13747605.821266722,False,False,False,False,704529.7264541567,False,False,False,False
2024-10-25 00:00:00+00:00,295.96,303.36,282.7501,296.04,855397,,,,,281.61248369721494,287.38787062711924,286.36965544556585,290.4121147802298,295.02440604058546,300.250832551616,306.2872204822412,313.53815337580687,313.6315351611536,317.6183685762975,323.77213394081866,,,,295.02440604058546,317.6183685762975,299.2132640737831,,#000000,34.291880293359185,282.7610010509359,0.3849015812533373,48.5436636959799,-4.5193421817200345,False,False,False,False,True,0.0,0.0,0.0,0.0,0.0,1,0.9837343195831296,0.999844210752427,False,False,False,False,0.34282825049346827,0.2565340621645134,False,False,False,False,-15309953,-13863335.241913632,False,False,False,False,715705.0800501452,False,False,False,False
2024-11-01 00:00:00+00:00,294.94,306.74,291.06,296.7,601925,,,,,283.23089625745615,287.7405987631157,286.66204875204016,290.55801984883533,295.0727800683419,300.2053679365129,306.1576086983598,313.33064056217745,313.43945032674844,317.4258351063172,323.5505862360883,,,,295.0727800683419,317.4258351063172,299.3823246319905,,#000000,34.40183263869707,283.9495829511968,0.31947184803290263,49.400342269494644,-3.682802410335185,True,False,False,False,True,0.0,0.0,0.0,0.0,0.0,1,1.0090242395313485,0.9394007163372573,False,False,False,False,0.3428282514204176,0.29968115679246554,False,False,False,False,-15911878,-14015079.149920028,False,False,False,False,707276.9259723567,False,False,False,False
2024-11-08 00:00:00+00:00,308.35,309.53,294.62,294.93,553414,,,,,285.0155491241614,288.24713805571474,287.07198584951516,290.80802524881204,295.22833529496154,300.2664098062252,306.13072878126906,313.22237447400744,313.33853846036016,317.3097308167858,323.40100354221255,,,,295.22833529496154,317.3097308167858,299.6638815911812,,#000000,34.30339814438614,285.2974792523409,0.6720185752626882,51.24124805344516,-1.909815796202821,True,False,False,False,True,0.0,0.0,0.0,0.0,0.0,1,1.037509339702597,0.9514363759935546,False,False,False,False,0.3428282517611827,0.3212547042768241,False,False,False,False,-15358464,-14114589.13881484,False,False,False,False,695879.6721966267,False,False,False,False
2024-11-15 00:00:00+00:00,318.17,329.545,308.05,308.05,654212,,,,318.58833333333337,288.08898226788426,289.3143002929607,287.92098865449606,291.39851067823463,295.69133633372365,300.5941952370758,306.3264309011971,313.29628407275294,313.4052178113596,317.3228305797238,323.3574974194942,,,318.58833333333337,295.69133633372365,317.3228305797238,300.4624579583018,,#000000,34.28137356883163,294.9923368753783,0.6761007716941262,53.37763685339416,0.10697399950769437,True,False,False,False,True,0.0,-1.0,329.545,308.05,0.0,1,1.039818689339814,0.9208006322261579,False,False,False,False,0.34282825275574996,0.33204147851628707,False,False,False,False,-14704252,-14158267.869273,False,True,False,False,692793.1779598396,False,True,False,False
2024-11-22 00:00:00+00:00,312.8,317.74,304.9986,317.74,634914,,,,315.267730969251,290.0274668026092,290.05802964704,288.53054965907324,291.8117913113861,295.9962200834673,300.78622525094215,306.4093218266764,313.2771557840563,313.3862343313325,317.2689117080568,323.25738420832374,,,315.267730969251,295.9962200834673,317.2689117080568,300.5550725665834,,#000000,34.24099733223799,295.5175087743627,0.5047309533056684,54.28713052986845,0.9262658600216866,True,False,True,False,True,0.0,0.0,0.0,0.0,0.0,0,1.0665700862045444,0.9023714328228191,False,False,False,False,0.22380712223691868,0.2779243003766029,False,False,False,False,-15339166,-14245741.804882407,False,False,False,False,688505.8314442958,False,False,False,False
2024-11-29 00:00:00+00:00,316.24,320.03,311.22,315.87,320662,,,,315.37973224639927,291.0486966514644,290.4806175786331,288.87736256936734,292.05448768860003,296.18348187185893,300.9147839145119,306.4802337759008,313.29405070232474,313.40117101841076,317.26179236396524,323.2249029988832,,,315.37973224639927,296.18348187185893,317.26179236396524,300.81146180174716,,#000000,34.236621545457275,296.2624399684381,0.5835143518771827,55.24209710883272,1.8124604493206036,True,False,True,False,True,0.0,0.0,0.0,0.0,0.0,0,1.105134904183072,1.010414409404928,False,False,False,False,0.29079939036800173,0.2843618453723023,False,False,False,False,-15018504,-14302983.448965192,False,False,False,False,661258.1402261999,False,False,False,False
2024-12-06 00:00:00+00:00,314.81,319.93,310.68,316.24,438283,,,,315.3284300365889,292.2850660675765,291.02116393155586,289.3256024317796,292.3689816147034,296.4249950054837,301.07901949947205,306.5684209083709,313.31059879223943,313.4155770922218,317.24753993846787,323.17686442865346,,,315.3284300365889,296.4249950054837,317.24753993846787,301.11278553799923,,#000000,34.22142443526279,297.1241557559783,0.5168061977513039,55.74575692874488,2.28951089104865,True,False,True,False,True,0.0,0.0,0.0,0.0,0.0,0,1.0591512573690667,0.9488506381309832,False,False,False,False,0.2856396110411323,0.2850007282067173,False,False,False,False,-15456787,-14388450.378671473,False,False,False,False,644741.4631724074,False,False,False,False
2024-12-13 00:00:00+00:00,315.01,323.98,311.7175,314.85,386749,,,,315.5784567261508,293.35158910384035,291.51228847541324,289.7347689431078,292.6604004044879,296.6526507174026,301.2386011065779,306.6604574313678,313.3387894429868,313.44088418201176,317.24550681748224,323.1441387649367,,,315.5784567261508,296.6526507174026,317.24550681748224,301.4168886533347,,#000000,34.21704345882451,297.94437702365553,0.4987462752847299,56.125432836335236,2.6820543116094484,True,False,True,False,True,0.0,0.0,0.0,0.0,0.0,0,1.0636562907868623,0.9087942882003421,False,False,False,False,0.32709232579724884,0.3060465270019831,False,False,False,False,-15070038,-14438938.350621734,False,False,False,False,625630.9103448216,False,False,False,False
2024-12-20 00:00:00+00:00,302.77,316.82,299.91,314.44,690514,,,,313.5726546365817,294.29562052776157,292.0034374798147,290.1674345473301,292.9478159762703,296.8443092450973,301.33166364128977,306.65794589168206,313.24428334878695,313.35209369422694,317.1336354589619,322.99057182592696,,,313.5726546365817,296.8443092450973,317.1336354589619,301.44172589888416,,#000000,34.213545375116524,298.13959902191505,0.13533823891436347,54.829439051091676,2.6820543116094484,True,False,True,False,True,0.0,0.0,0.0,0.0,0.0,0,1.030303683908012,0.9384810471613702,False,False,False,False,0.10796540803657849,0.2070059675192808,False,False,False,False,-15760552,-14536835.657983087,False,False,False,False,630437.0651340941,False,False,False,False
2024-12-27 00:00:00+00:00,301.11,306.43,292.3,303.0,340007,,,,312.2357208999922,294.4885812350989,292.1295733504058,290.29014426322027,293.0186611651506,296.87375846276944,301.31970527730834,306.6066164507525,313.154411305469,313.26818235454823,317.04597857817924,322.88635465575504,,,312.2357208999922,296.87375846276944,317.04597857817924,301.3385354764715,,#000000,34.22623649764629,297.9610649906336,0.09200354265018228,53.700724190175094,2.6820543116094484,True,False,False,False,False,0.0,0.0,0.0,0.0,0.0,0,0.9860571710491539,0.9798779520853277,False,False,False,False,-0.16983612156433409,0.018584922977473356,False,False,False,False,-16100559,-14652667.016651006,False,False,False,False,608923.726976013,False,False,False,False
2025-01-03 00:00:00+00:00,289.72,302.68,282.0,300.12,461843,,,,309.7932475363093,294.35463250866707,292.1155764351001,290.3098612710455,292.99761128528183,296.80492681404394,301.20548694833195,306.45094691859725,312.95712227608954,313.08437782108655,316.86999028787653,322.6945179065359,,,309.7932475363093,296.80492681404394,316.86999028787653,301.0073789814553,,"rgba(239, 83, 80, 0.5)",33.902255951937086,297.286957464145,-0.22319923119194773,51.55797453277749,5.095182401212163,True,False,False,False,False,0.0,0.0,0.0,0.0,0.0,0,0.9675439161966153,0.9877633245078852,False,False,False,False,-0.34282825441539394,-0.1621216657189603,False,False,False,False,-16562402,-14794128.86726945,False,False,False,False,598028.8583111232,False,False,False,False
2025-01-10 00:00:00+00:00,256.05,298.99,255.72,290.0,973800,,,,301.936872479615,292.2946247867083,291.1837537205514,289.6253341027057,292.36525571275035,296.1108825110821,300.4669972920093,305.682843430538,312.1534496457636,312.33629237579083,316.20340380769187,322.0279835854576,,,301.936872479615,296.1108825110821,316.20340380769187,299.41563060575146,,"rgba(255, 0, 0, 1.0)",34.34254293711243,293.94525184455534,-1.1034492091616097,47.05042568239686,0.8349687696214474,False,False,False,False,False,0.0,0.0,0.0,0.0,0.0,0,0.9379798001714055,0.9812538647631238,False,False,False,False,-0.34282825441539394,-0.2524749600671771,False,False,False,False,-17536202,-14997245.395619862,False,False,False,False,625863.7576954846,False,False,False,False
2025-01-17 00:00:00+00:00,252.43,265.28,249.205,255.4,889910,,,,294.82198953206534,289.6388557603834,289.8511420284672,288.5973520634104,291.45523040210065,295.16664513569117,299.51042412707386,304.7308554633155,311.19791150913824,311.44553565446034,315.4221798619281,321.26570910772176,,,294.82198953206534,295.16664513569117,315.4221798619281,297.6415941676106,,"rgba(255, 0, 0, 1.0)",34.72177088262131,290.3507906859295,-1.0921329679330767,43.571880273284094,-2.323111146282322,False,True,False,True,False,0.0,0.0,0.0,0.0,0.0,0,0.9317262548095627,1.0414595132073838,False,False,False,False,-0.34282825441539394,-0.29765160724128553,False,False,False,False,-18426112,-15251235.514462834,False,False,False,False,645422.7386069301,False,False,False,False
2025-01-24 00:00:00+00:00,248.42,255.0,243.2,252.9,868070,,,,288.83207128255486,286.94802240487826,288.40544066436775,287.4589216937306,290.4503126269612,294.13655610882523,298.4779174449584,303.71324762207854,310.1866880444394,310.5010905801583,314.59524337099884,320.4638918317426,,,288.83207128255486,294.13655610882523,314.59524337099884,295.91102684729526,,"rgba(255, 0, 0, 1.0)",35.060652313507696,286.99506129293894,-1.1002379804005322,40.79648239599814,-4.765513817985337,False,True,False,True,False,0.0,0.0,0.0,0.0,0.0,0,0.9505357729564375,1.0735172491927716,False,False,False,False,-0.34282825441539394,-0.32023993082833974,False,False,False,False,-19294182,-15550713.031910032,False,False,False,False,661915.1283397501,False,False,False,False
2025-01-31 00:00:00+00:00,250.67,258.5,249.1401,251.04,749448,,,,285.1839720384836,285.10531172859027,287.3521030343632,286.62136199567,289.69791625957555,293.3568547206453,297.6871965736836,302.92439791501374,309.3935092878407,309.75846698659507,313.9390230281664,319.82270378707284,,,285.1839720384836,293.3568547206453,313.9390230281664,294.7081090540461,,"rgba(255, 0, 0, 1.0)",35.41129440276511,284.80457133769266,-0.9639458797932916,39.139806100950494,-6.145984983029635,False,True,False,True,False,0.0,0.0,0.0,0.0,0.0,0,0.9338779167280289,1.0550597081960746,False,False,False,False,-0.29277475876838194,-0.30650734479836084,False,False,False,False,-18544734,-15772492.36287966,False,False,False,False,668399.0447590279,False,False,False,False
2025-02-07 00:00:00+00:00,239.35,249.94,237.1,247.05,722146,,,,281.35997205081947,282.9829585135422,286.09975952982757,285.6097910606299,288.7999633910787,292.44307057387397,296.7762849743752,302.03063393351255,308.5099140240202,308.9304822427264,313.2120346891779,319.1200293778357,,,281.35997205081947,292.44307057387397,313.2120346891779,293.35428302944064,,"rgba(255, 0, 0, 1.0)",35.74208197225977,282.3646519549416,-1.2034735969864951,37.10632293473781,-7.93045200024406,False,True,False,True,False,0.0,0.0,0.0,0.0,0.0,0,0.9338411471233987,1.050549739537777,False,False,False,False,-0.34282825441539394,-0.3246677996068774,False,False,False,False,-19266880,-16031335.89155524,False,False,False,False,672380.3007028037,False,False,False,False
2025-02-14 00:00:00+00:00,232.11,240.01,223.07,239.14,1050913,,,,275.6793155614788,279.5464478729664,283.9934949933178,283.8841469163105,287.2740882030758,290.9068984444285,295.26042384595195,300.5580949848188,307.069659444668,307.5790793019617,312.0289923799021,317.98476050700526,,,275.6793155614788,290.9068984444285,312.0289923799021,291.17516495689785,,"rgba(255, 0, 0, 1.0)",36.00563860846839,278.5252624470687,-1.2891109348676295,35.15014062500534,-9.66655299247715,False,True,False,True,False,0.0,0.0,0.0,0.0,0.0,0,0.8999048820794735,1.0983932270670091,False,False,False,False,-0.34282825441539394,-0.3337480270111357,False,False,False,False,-20317793,-16348851.232921518,False,False,False,False,700419.7599100034,False,False,False,False
2025-02-21 00:00:00+00:00,227.32,232.145,222.27,231.11,846657,,,,271.59009249708083,276.8660138262381,282.27596867802583,282.45946169065934,286.0083077347207,289.6351120110098,294.0069743798982,299.34145468620807,305.88127942996124,306.461898610782,311.0487296350334,317.044921340808,,,271.59009249708083,289.6351120110098,311.0487296350334,289.45265635445844,,"rgba(255, 0, 0, 1.0)",36.38585772096236,263.12131521232925,-0.9839348981927024,33.42814756675607,-11.206863958869796,False,True,False,True,False,0.0,0.0,0.0,0.0,0.0,0,0.8743978301676086,1.1146883360422362,False,False,False,False,-0.34282825441539394,-0.33828814071326485,False,False,False,False,-21164450,-16705562.25270511,False,False,False,False,711252.148064818,False,False,False,False
2025-02-28 00:00:00+00:00,243.77,250.485,224.5,225.22,1933339,,,,266.41709042942364,272.9601656951906,279.5162639524792,280.13058600294914,283.8757060163895,287.45154178935775,291.8092552684424,297.1596665148845,303.7016163468496,304.4035293761835,309.2105094583293,315.2552165684494,,,266.41709042942364,287.45154178935775,309.2105094583293,286.74254213921506,,"rgba(239, 83, 80, 1.0)",36.06474914287864,262.0017120209859,-0.5055272102062004,34.656958012995695,-11.206863958869796,False,True,False,True,False,0.0,0.0,0.0,0.0,0.0,0,0.8981630982535239,1.0774570200361382,False,False,False,False,-0.2404562167493739,-0.2893721787313194,False,False,False,True,-19231111,-16892639.937689915,False,False,False,False,801777.1000600166,False,False,False,False
2025-03-07 00:00:00+00:00,239.14,253.25,230.53,243.57,1377805,,,240.9733333333333,263.7890207907073,270.73784778810415,277.81883791009943,278.6712842113442,282.5156884072494,286.0500388230653,290.38716817360586,295.7347731545698,302.26551516928123,303.0420849672168,307.9821553609588,314.05191577340514,,,263.7890207907073,286.0500388230653,307.9821553609588,278.894350776136,,"rgba(255, 0, 0, 1.0)",35.40546825582796,253.21041717265626,-0.39740802383937396,35.15391605980895,-11.206863958869796,False,True,False,True,False,0.0,0.0,0.0,0.0,0.0,0,0.9083044885539258,1.071455607643011,False,False,False,False,-0.18324324551046609,-0.23630771212089274,False,False,False,False,-20608916,-17167919.64600918,False,False,False,False,844445.8333889043,False,False,False,False
2025-03-14 00:00:00+00:00,228.85,245.0,224.73,240.14,1186226,,,237.21977226224382,261.2631997402705,268.60003529427553,276.1764393337812,277.24708986635085,281.19646665560583,284.70410500395184,289.03424718441164,294.3913046837254,300.9239297174451,301.7687061042164,306.8356632185804,312.93513314529304,,,261.2631997402705,284.70410500395184,306.8356632185804,277.0756589742062,,"rgba(255, 0, 0, 1.0)",35.711570503407536,250.83948364938357,-0.6157523553125555,34.70209299590017,-11.206863958869796,False,True,False,True,False,0.0,0.0,0.0,0.0,0.0,0,0.9084581118636869,1.0855737770630596,False,False,False,False,-0.23336426813509878,-0.23483599012799578,False,False,False,False,-21795142,-17510676.857415907,False,False,False,False,869762.882767504,False,False,False,False
2025-03-21 00:00:00+00:00,227.96,233.16,215.1,228.02,1214947,,,233.42184139203772,258.4955659606553,266.2396375569399,274.3453657490912,275.64737550740654,279.71860429794856,283.2061214868177,287.5376747796464,292.9139273649656,299.45788750592817,300.3755420489457,305.5824182303991,311.7191726074291,,,258.4955659606553,283.2061214868177,305.5824182303991,275.0984001601438,,"rgba(255, 0, 0, 1.0)",36.193592321254116,237.94131325597021,-0.27577569994644713,34.31088984014165,-11.206863958869796,False,True,False,True,False,0.0,0.0,0.0,0.0,0.0,0,0.8760664818352387,1.0973159355095867,False,False,False,False,-0.34282825441539394,-0.28883212227169486,False,False,False,False,-23010089,-17918040.719829544,False,False,False,False,895332.0766365777,False,False,False,False
2025-03-28 00:00:00+00:00,239.37,242.915,229.435,230.0,773596,,,234.0706418786383,257.49985444432207,265.26450654017196,273.5123876078667,274.9072678332661,279.0140050418299,282.4784494334561,286.795508626385,292.1649552788734,298.6981965986834,299.650539454035,304.9191810400792,311.06613651449334,,,257.49985444432207,282.4784494334561,304.9191810400792,274.4405773283493,,"rgba(239, 83, 80, 1.0)",35.85551084084127,239.07927552012595,0.008108223061290418,35.73235930735016,-11.206863958869796,False,True,False,True,False,0.0,0.0,0.0,0.0,0.0,0,0.90486083972043,1.0856706163426373,False,False,False,False,-0.06232420158774747,-0.17557816192972117,False,False,False,False,-22236493,-18237926.073916245,False,False,False,False,886314.5894783128,False,False,False,False
2025-04-04 00:00:00+00:00,244.86,251.24,236.0,237.2,1123838,,,236.0430940612955,256.6418040998146,264.2756786072189,272.5813601666921,274.06650977104636,278.190912767006,281.61417078084145,285.89809763678164,291.24232439160323,297.74543701404093,298.7379423978522,304.0727251901548,310.2230304126439,,,256.6418040998146,281.61417078084145,304.0727251901548,273.82993892963407,,"rgba(239, 83, 80, 1.0)",36.24464891129077,240.93265445737683,0.10835656188132527,37.51110776980189,-11.206863958869796,False,True,False,True,True,0.0,0.0,0.0,0.0,0.0,0,0.8955475965885399,1.092783186655014,False,False,False,False,0.10362559109577162,-0.03597628541697478,False,False,False,False,-21112655,-18450868.957329854,False,False,False,False,903908.9161836229,False,False,False,False
2025-04-11 00:00:00+00:00,245.58,249.5299,225.8995,242.05,1076041,,,236.72726690213665,255.70425538757783,263.25371752364435,271.6349120571493,273.2093881098599,277.35687316786135,280.74440089925343,285.0006358601209,290.32485468864184,296.80313027986006,297.83460746825745,303.23547194831434,309.3914296955576,,,255.70425538757783,280.74440089925343,303.23547194831434,273.0759434876106,,"rgba(239, 83, 80, 1.0)",36.353580939642846,241.33048859267555,0.11689388768550324,38.883562418033705,-16.352038071889304,False,True,False,True,True,0.0,0.0,0.0,0.0,0.0,0,0.9018104270098016,1.0610811637553086,False,False,False,False,0.13076604728832028,0.04739488093567275,False,False,False,False,-20036614,-18568331.5530832,False,False,False,False,916659.440910762,False,False,False,False
2025-04-18 00:00:00+00:00,239.36,248.99,237.98,248.3,483647,,,237.08703842472235,255.36177340350994,262.8556549581377,271.2504689518426,272.8581958848893,277.01124401958964,280.38193353166923,284.62423488044715,289.93741813915403,296.40258397675586,297.44987148427765,302.8766859365478,309.03349855584645,,,255.36177340350994,280.38193353166923,302.8766859365478,272.77705461707177,,"rgba(239, 83, 80, 1.0)",36.55998959035514,241.55006623665153,-0.059903360509415395,39.213156601565075,-15.927103549192935,False,True,False,True,True,0.0,0.0,0.0,0.0,0.0,0,0.9133075752646418,1.1143093215692637,False,False,False,False,0.3377066161126805,0.1925507485241766,False,False,False,False,-20520261,-18712918.91952148,False,False,False,False,884584.4452877425,False,False,False,False
2025-04-25 00:00:00+00:00,247.89,259.9999,233.14,238.58,1067554,,247.00996666666666,238.36277338867924,254.92180540681534,262.22344705232047,270.57323253803247,272.2295694440004,276.37563362873124,279.7048597344921,283.9094588123589,289.1892820479392,295.61684369180153,296.69271996403575,302.16212845422706,308.3136318849714,,247.00996666666666,254.92180540681534,279.7048597344921,302.16212845422706,267.4500028720036,,"rgba(239, 83, 80, 0.5)",36.49469661582502,240.4932062365119,0.2026813331633686,40.70420056273542,-14.364289542620284,False,True,False,True,True,0.0,-1.0,259.9999,233.14,0.0,0,0.8816788163324392,1.089368848840763,False,False,False,False,0.3428282511147732,0.26768949981947493,False,False,False,False,-19452707,-18767718.036593962,False,False,False,False,898137.7456367987,False,False,False,False
2025-05-02 00:00:00+00:00,239.56,248.005,235.5,245.76,986902,,244.13335833502072,238.64521795860946,254.2763104003903,261.4692665018017,269.82920499638266,271.54336315482124,275.69650833465715,278.99267846106676,283.16904899278285,288.4255455298079,294.82559116203043,295.9307516292269,301.44764549707213,307.59928687104326,,244.13335833502072,254.2763104003903,278.99267846106676,301.44764549707213,266.6180502665341,,"rgba(239, 83, 80, 1.0)",36.522705021042505,239.99081330234873,-0.011795766553997354,40.865081282252476,-14.078062888544508,False,False,False,True,True,0.0,0.0,0.0,0.0,0.0,0,0.8674469169845399,1.1245992365639348,False,False,False,False,0.1905844326082071,0.229136966213841,False,False,False,False,-20439609,-18891561.811661076,False,False,False,False,904712.8755896285,False,False,False,False
2025-05-09 00:00:00+00:00,242.56,246.35,238.95,239.29,538730,,243.8189607037572,238.86307043834788,253.98813292887283,261.1102268877841,269.4603180366582,271.20031565202083,275.353268050567,278.63077079436255,282.7904820781078,288.0324837668932,294.4158094346303,295.53539713790605,301.07475600705783,307.2249113258722,,243.8189607037572,253.98813292887283,278.63077079436255,301.07475600705783,266.32480293373715,,"rgba(239, 83, 80, 1.0)",36.118183026242434,240.07967728251748,0.068672411225127,41.42883653230731,-13.37193339491182,False,False,False,True,True,0.0,0.0,0.0,0.0,0.0,0,0.8649169638373999,1.1369134339479974,False,False,False,False,0.21810073708635772,0.22361885165009937,False,False,False,False,-19900879,-18966326.04783433,False,False,False,False,877603.0329533598,False,False,False,False
2025-05-16 00:00:00+00:00,249.73,251.05,236.8,245.2,635004,,244.22044516324422,239.2876647738802,253.75797807067266,260.77534887780934,269.0891117236067,270.8509394222189,274.9968769138723,278.25088710875934,282.38850692977843,287.610197871082,293.9706840081412,295.10493128400293,300.66528194860825,306.810989248949,,244.22044516324422,253.75797807067266,278.25088710875934,300.66528194860825,266.1227956854924,,"rgba(239, 83, 80, 0.5)",35.77314635662179,240.50703405128917,0.2578181370116919,42.87842410501409,-11.817602832235345,False,False,False,True,True,0.0,0.0,0.0,0.0,0.0,1,0.8263823534613641,1.1748622091405072,False,False,False,False,0.25776852491044716,0.24069368828027327,False,False,False,False,-19265875,-18988514.85910586,False,False,False,False,859632.7342160739,False,False,False,True
2025-05-23 00:00:00+00:00,232.06,249.78,230.5,249.53,500680,,243.31092152265967,239.20360153136156,253.40176278114652,260.3783133686879,268.70149862135133,270.49171037470524,274.6424865412574,277.8813131015723,282.0060895973497,287.2172509246961,293.5650539136573,294.71365324522714,300.29777297766424,306.44403258972926,,243.31092152265967,253.40176278114652,277.8813131015723,300.29777297766424,265.7234948364788,,"rgba(239, 83, 80, 1.0)",35.68951695936531,240.2110578825065,-0.22838801353873697,41.990543602593796,-11.817602832235345,False,False,False,True,True,0.0,0.0,0.0,0.0,0.0,1,0.8223484676394587,1.1492249742897147,False,False,False,False,0.141826750836956,0.19126021955861464,False,False,False,False,-19766555,-19046147.462135054,False,False,False,False,833043.642792661,False,False,False,False
2025-05-30 00:00:00+00:00,229.85,236.3,227.625,234.33,828896,,241.11898316079998,238.64519252211278,252.62911101088613,259.58031396902356,267.9572442557764,269.80543105708904,273.9750541964328,277.19254597557654,281.30112381927967,286.5008452195275,292.8335063157859,294.0086684413679,299.6396602500456,305.7912530127173,,241.11898316079998,252.62911101088613,277.19254597557654,299.6396602500456,264.87058451865045,,"rgba(239, 83, 80, 1.0)",35.48089804210014,239.22823190038082,-0.2643177714739072,41.14011535939168,-11.817602832235345,False,False,False,True,True,0.0,0.0,0.0,0.0,0.0,1,0.8014149284754871,1.185467271143134,False,False,False,False,-0.34282825441539394,-0.07578401742838965,False,False,False,False,-20595451,-19160910.687162086,False,False,False,False,832736.4099932046,False,False,False,False
2025-06-06 00:00:00+00:00,221.5,228.695,217.785,228.36,1039643,,237.69047675180906,237.35023153293463,251.3725186883652,258.35348332745014,266.8554250439768,268.79328362826345,273.0036389437174,276.20048385954766,280.29688755532993,285.49193080729,291.81511152055486,293.02811375990365,298.73016263030974,304.8957314143851,,237.69047675180906,251.3725186883652,276.20048385954766,298.73016263030974,263.54083601386844,,"rgba(255, 0, 0, 1.0)",35.49113662630515,237.37562445208988,-0.44731237038836513,39.7354127748442,-11.817602832235345,False,True,False,True,False,0.0,0.0,0.0,0.0,0.0,1,0.7788470090385858,1.1987578957066602,False,False,False,False,-0.34282825441539394,-0.2093061359218918,False,False,False,False,-21635094,-19344183.52515008,False,False,False,False,848062.824067782,False,False,False,False
2025-06-13 00:00:00+00:00,208.51,222.87,207.0,222.87,1039109,,233.79222079884866,235.51083150539193,249.82077111475917,256.8889752523024,265.57227884836027,267.61690171784693,271.8855729230074,275.0681553067828,279.16091849274017,284.3614782758693,290.6852832372412,291.94093594327336,297.7272032099219,303.9146420686687,,233.79222079884866,249.82077111475917,275.0681553067828,297.7272032099219,261.96781042359083,,"rgba(255, 0, 0, 1.0)",36.130220073985534,234.9974979596298,-0.7331120016814218,37.62965064081439,-7.969625962661169,False,True,False,True,False,0.0,0.0,0.0,0.0,0.0,1,0.7539102109836731,1.2194723745677782,False,False,False,False,-0.34282825441539394,-0.27606719516864286,False,False,False,False,-22674203,-19590851.634398222,False,False,False,False,862214.3926553538,False,False,False,False
2025-06-20 00:00:00+00:00,198.17,211.015,196.6,210.7,1287269,,228.61573201213005,232.65924634255742,247.54763790428382,254.78418928318362,263.75440739491603,265.95080078174476,270.31245919312727,273.4851105319503,277.58371441499565,282.80354120087975,289.14055809981727,290.45493222045366,296.3618704924275,302.58634814304884,,228.61573201213005,247.54763790428382,273.4851105319503,296.3618704924275,259.7496839059769,,"rgba(255, 26, 202, 1.0)",36.43292405167321,231.53899381393626,-0.9159021594481043,35.355448387030314,-10.196278822267203,False,True,False,True,False,0.0,0.0,0.0,0.0,0.0,1,0.7557152323319085,1.2313978994577697,False,False,False,False,-0.34282825441539394,-0.30944772479201843,False,False,False,False,-23961472,-19914601.291109465,False,False,False,False,893699.9191253275,False,False,False,False
2025-06-27 00:00:00+00:00,190.17,199.0262,185.335,195.1,1426518,,222.95480180597318,229.12022929896708,244.74749474332447,252.20823990203772,261.5378334232116,263.9156822563752,268.3965130018166,271.5649684500238,275.6789335258751,280.93073735409916,287.29322825580493,288.6772961509666,294.7316173961603,301.0059850925082,191.51040000000003,222.95480180597318,244.74749474332447,271.5649684500238,294.7316173961603,257.10554337617043,191.51040000000003,"rgba(255, 26, 202, 1.0)",36.699297039196885,217.80615897951563,-0.7530432790033741,33.18360086551874,-12.282452689883279,False,True,False,True,False,0.0,0.0,0.0,0.0,0.0,0,0.7471486651570061,1.2352695928583708,False,False,False,False,-0.34282825441539394,-0.3261379896037062,False,False,False,False,-25387990,-20320037.49176802,False,False,False,False,933167.925116044,False,False,False,False
2025-07-04 00:00:00+00:00,201.08,208.03,186.72,190.06,1608618,,219.38132233253214,226.42282660623917,242.28641241845781,249.85565038168897,259.4334394758397,261.9625974628675,266.53422810387434,269.6875478520289,273.80252736995743,279.06947746573917,285.4405137891763,286.88881964335286,293.0753565165647,299.3890859849561,195.27317845631958,219.38132233253214,242.28641241845781,269.6875478520289,293.0753565165647,254.84360294692246,195.27317845631958,"rgba(255, 0, 0, 1.0)",36.45207785918777,216.4322690432291,-0.4211630706631868,33.412015883206884,-12.282452689883279,False,True,False,True,False,0.0,0.0,0.0,0.0,0.0,0,0.7740796700329581,1.2059335859472964,False,False,False,False,-0.2701295847981859,-0.2981337872009461,False,False,False,True,-23779372,-20576284.4923778,False,False,False,False,983201.2639963371,False,False,False,False
2025-07-11 00:00:00+00:00,194.98,203.82,191.4399,200.66,1404131,,216.81059276206082,224.29675203503683,240.26034913071152,247.89594786008166,257.6554899994283,260.30344262470726,264.94565404981546,268.0850954052983,272.1990047258394,277.4762227462595,283.8520875516727,285.3530155422447,291.6479922859267,297.9935643799997,195.7392291962089,216.81059276206082,240.26034913071152,268.0850954052983,291.6479922859267,252.99285513392388,195.7392291962089,"rgba(255, 26, 202, 1.0)",36.32280736759066,214.79955640833566,-0.5456504561379207,33.09829895818946,-12.408766873465758,False,True,False,True,False,0.0,0.0,0.0,0.0,0.0,0,0.8328240137966251,1.2227618389891606,False,False,False,False,-0.2666377827981643,-0.2823857849995552,False,False,False,False,-25183503,-20917559.93738685,False,False,False,False,1014381.2444410529,False,False,False,False
2025-07-18 00:00:00+00:00,192.24,199.4899,187.0,194.55,965361,,215.0794992818476,222.8233606854234,238.8550045490822,246.53551914731207,256.41712666212743,259.1449256740787,263.8356743551335,266.9665344675059,271.0806101745945,276.3657613481057,282.74595828382155,284.28271305097473,290.6522575874437,297.0204006324665,195.23387347056388,215.0794992818476,238.8550045490822,266.9665344675059,290.6522575874437,251.71040163452108,195.23387347056388,"rgba(255, 26, 202, 1.0)",36.35151071225375,213.47735890507832,-0.5842221819386284,32.6610254029043,-12.929274132723457,False,True,False,True,False,0.0,0.0,0.0,0.0,0.0,0,0.836464923956366,1.1522476324641986,False,False,False,False,-0.32766843875017554,-0.30502711187486536,True,False,False,False,-26148864,-21305063.94202486,False,False,False,False,1010750.1152231972,False,False,False,False
2025-07-25 00:00:00+00:00,215.0,232.0,192.78,192.91,1669243,213.26,214.87698856719274,222.10537262057994,237.6055820879484,245.17035383655042,255.03550275469615,257.82039096730074,262.52311481908555,265.6194030372815,269.70394270575196,274.9647086133364,281.3146653657641,282.8887518057173,289.3258447714272,295.70026012720416,199.4875537435538,214.87698856719274,237.6055820879484,265.6194030372815,289.3258447714272,244.37206513963875,199.4875537435538,"rgba(239, 83, 80, 1.0)",35.648254957986175,211.93992246568547,0.08584087882902076,35.68180830788419,-12.929274132723457,False,True,False,True,True,0.0,0.0,0.0,0.0,0.0,0,0.8729706556747097,1.0424197384409624,False,False,False,False,-0.0519321478664235,-0.17847962987064442,False,False,False,False,-24479621,-21540216.316689685,False,False,False,False,1059527.3659474046,False,False,False,False
2025-08-01 00:00:00+00:00,209.51,215.21,204.53,212.76,1779684,211.44880166498163,214.33313486729105,221.1896913547754,236.2275623755814,243.68597724604237,253.54083762701177,256.3851333345413,261.1022265129659,264.16421687933934,268.2197144846313,273.45673361149903,279.77679733857445,281.3896530364285,287.8978663287588,294.27984652245544,201.55044389372028,214.33313486729105,236.2275623755814,264.16421687933934,287.8978663287588,243.02972963471612,201.55044389372028,"rgba(255, 0, 0, 1.0)",34.866631651232666,211.6514648795944,-0.061418748476058035,37.318252401436304,-17.169039988369775,False,True,False,True,True,0.0,0.0,0.0,0.0,0.0,0,0.8881963370604986,1.0907841105911338,False,False,False,False,-0.03654098182592306,-0.10751030584828374,False,False,False,False,-26259305,-21889778.44137934,False,False,False,False,1112872.3018031525,False,False,False,False
2025-08-08 00:00:00+00:00,217.48,222.4852,210.92,212.52,1517011,213.13291008178783,214.5511044663017,220.93846749963794,235.44802175506345,242.76425680896494,252.53988410156694,255.40668617411168,260.1119064263492,263.1389934585362,267.1604094555285,272.36472112552076,278.6468795256017,280.2833339088266,286.82915371313953,293.2058087282504,203.80481415702866,214.5511044663017,235.44802175506345,263.1389934585362,286.82915371313953,242.51926402278485,203.80481415702866,"rgba(239, 83, 80, 1.0)",35.04730320812429,212.65240226389705,0.13774519846605096,39.51823418194915,-15.053724385062992,False,True,False,True,True,0.0,0.0,0.0,0.0,0.0,0,0.9290085639766468,1.0527930721959364,False,False,False,False,0.19346079027505592,0.04297524221338609,False,False,False,False,-24742294,-22101075.890166055,False,False,False,False,1142808.5016695857,False,False,False,False
2025-08-15 00:00:00+00:00,220.31,225.49,210.9,216.6,1164007,214.22801501901458,214.81125716383087,220.84958050065572,234.9497278411949,242.1489882669997,251.8480882873657,254.72445778299948,259.41445294252276,262.4138104051191,266.40708036222776,271.58334915698475,277.8334650675432,279.4850839795126,286.052862238495,292.422156423268,205.32813903325248,214.81125716383087,234.9497278411949,262.4138104051191,286.052862238495,242.17954585719303,205.32813903325248,"rgba(239, 83, 80, 1.0)",35.219066716203564,213.36938538330645,0.197069805188799,41.44933332086377,-13.221617919621593,False,False,False,True,True,0.0,0.0,0.0,0.0,0.0,0,0.9611316333508687,1.0230657650443205,False,False,False,False,0.34282825156828767,0.1929017468908369,False,False,False,False,-23578287,-22210498.93533894,False,False,False,False,1144378.760805172,False,False,False,False
2025-08-22 00:00:00+00:00,223.64,225.11,214.295,219.93,879654,215.07973256897193,215.07957968543045,220.8548576212289,234.63968461495728,241.74508791609526,251.3762433692648,254.25502330271686,258.92955008932734,261.9072402459663,265.8778594721921,271.03094707374163,277.2548402880788,278.9160591541456,285.4959886886825,291.8575431504519,206.43968709797235,215.07957968543045,234.63968461495728,261.9072402459663,285.4959886886825,241.9744858886151,206.43968709797235,"rgba(239, 83, 80, 1.0)",35.35258964838198,213.94403192432466,0.27426471927832563,43.2593386704542,-11.513404890082242,False,False,False,True,True,0.0,0.0,0.0,0.0,0.0,0,0.9709295392696656,1.0056844270085998,False,False,False,False,0.34282825172423664,0.26786499930753677,False,False,False,False,-22698633,-22246657.01420272,False,False,False,False,1124769.519264048,False,False,False,False
