date,Open,High,Low,Close,Volume,aVWAP_peak_871,aVWAP_peak_846,aVWAP_valley_859,aVWAP_valley_824,aVWAP_valley_799,aVWAP_valley_669,aVWAP_valley_592,aVWAP_valley_570,aVWAP_valley_537,aVWAP_valley_498,aVWAP_valley_433,aVWAP_valley_375,aVWAP_valley_345,aVWAP_valley_288,aVWAP_valley_253,aVWAP_valley_205,aVWAP_valley_167,aVWAP_valley_84,aVWAP_OB_bull_799,aVWAP_OB_bull_592,aVWAP_OB_bull_253,aVWAP_OB_bull_205,aVWAP_OB_bear_871,Peaks_avg,Valleys_avg,color,StDev,StDev_Mean,StdDev_ZScore,QQEMOD,QQE1_Value,QQE1_Above_Upper,QQE1_Below_Lower,QQE2_Above_Threshold,QQE2_Below_Threshold,QQE2_Above_TL,banker_RSI,OB,OB_High,OB_Low,OB_Mitigated_Index,TTM_squeeze_Active,VI_plus,VI_minus,VI_Regular_Bullish,VI_Regular_Bearish,VI_Hidden_Bullish,VI_Hidden_Bearish,Fisher,Fisher_Signal,Fisher_Regular_Bullish,Fisher_Regular_Bearish,Fisher_Hidden_Bullish,Fisher_Hidden_Bearish,OBV,OBV_Smoothed,OBV_Regular_Bullish,OBV_Regular_Bearish,OBV_Hidden_Bullish,OBV_Hidden_Bearish,Volume_MA,Vol_Regular_Bullish,Vol_Regular_Bearish,Vol_Hidden_Bullish,Vol_Hidden_Bearish
2025-03-17 14:00:00+00:00,10.725,10.89,10.705,10.89,11088.0,,,,,,,,,,,,,,,,,,,,,,,,,,#000000,,,,,,False,False,False,False,False,,0.0,0.0,0.0,0.0,0,,,False,False,False,False,,,False,False,False,False,0.0,0.0,False,False,False,False,11088.0,False,False,False,False
2025-03-17 15:00:00+00:00,10.89,10.945,10.82,10.855,13006.0,,,,,,,,,,,,,,,,,,,,,,,,,,"rgba(239, 83, 80, 0.5)",,,,0.0,,False,False,False,True,False,,0.0,0.0,0.0,0.0,0,,,False,False,False,False,,,False,False,False,False,-13006.0,-201.64341085271317,False,False,False,False,11117.736434108527,False,False,False,False
2025-03-17 16:00:00+00:00,10.855,10.945,10.835,10.845,7838.0,,,,,,,,,,,,,,,,,,,,,,,,,,"rgba(239, 83, 80, 0.5)",,,,0.0,-50.0,False,False,False,True,True,,0.0,0.0,0.0,0.0,0,,,False,False,False,False,,,False,False,False,False,-20844.0,-521.6799471185626,False,False,False,False,11066.887807223124,False,False,False,False
2025-03-17 17:00:00+00:00,10.845,10.92,10.825,10.905,3231.0,,,,,,,,,,,,,,,,,,,,,,,,,,"rgba(239, 83, 80, 0.5)",,,,20.716112531969156,-31.35549872122776,False,False,False,True,True,,0.0,0.0,0.0,0.0,0,,,False,False,False,False,,,False,False,False,False,-17613.0,-786.6616533647864,False,False,False,False,10945.401174552999,False,False,False,False
2025-03-17 18:00:00+00:00,10.905,10.945,10.89,10.935,7785.0,,,,,,,,,,,,,,,,,,,,,,,,,,"rgba(239, 83, 80, 0.5)",,,,37.79510743475193,-17.22737006064142,False,False,False,True,True,,0.0,0.0,0.0,0.0,0,,,False,False,False,False,,,False,False,False,False,-9828.0,-926.8374416847122,False,False,False,False,10896.402706730472,False,False,False,False
2025-03-17 19:00:00+00:00,10.935,11.0,10.925,11.0,20813.0,,,,,,,,,,,,,,,,,,,,,,,,,,"rgba(38, 166, 154, 0.5)",,,,52.79939006108531,-5.411170992131346,False,False,True,False,True,,0.0,0.0,0.0,0.0,0,,,False,False,False,False,,,False,False,False,False,10985.0,-742.1577914260345,False,False,False,False,11050.148401199767,False,False,False,False
2025-03-18 14:00:00+00:00,11.195,11.2,11.075,11.075,17111.0,,,,,,,,,,,,,,,,,,,,,,,,,,"rgba(38, 166, 154, 0.5)",,,,64.71854604024357,3.604118354232824,False,False,True,False,True,,0.0,0.0,0.0,0.0,0,,,False,False,False,False,,,False,False,False,False,28096.0,-295.0545698535378,False,False,False,False,11144.115092654034,False,False,False,False
2025-03-18 15:00:00+00:00,11.08,11.2,11.035,11.145,17345.0,,,,,,,,,,,,,,,,,,,,,,,,,,"rgba(38, 166, 154, 0.5)",,,,73.65589074246411,10.233831048683527,False,False,True,False,True,,0.0,0.0,0.0,0.0,0,,,False,False,False,False,,,False,False,False,False,45441.0,414.0315475085325,False,False,False,False,11240.25284315552,False,False,False,False
2025-03-18 16:00:00+00:00,11.145,11.205,11.13,11.155,9688.0,,,,,,,,,,,,,,,,,,,,,,,,,,"rgba(38, 166, 154, 0.5)",,,,79.72730123583382,14.758098395494798,False,False,True,False,True,,0.0,0.0,0.0,0.0,0,,,False,False,False,False,,,False,False,False,False,55129.0,1262.3256320432838,False,False,False,False,11216.186907602721,False,False,False,False
2025-03-18 17:00:00+00:00,11.155,11.175,11.03,11.045,40428.0,,,,,,,,,,,,,,,,,,,,,,,,,,"rgba(38, 166, 154, 0.5)",,,,73.62008699445687,14.758098395494798,False,False,True,False,False,,0.0,0.0,0.0,0.0,0,,,False,False,False,False,,,False,False,False,False,14701.0,1470.67717263176,False,False,False,False,11669.083234616632,False,False,False,False
2025-03-18 18:00:00+00:00,11.045,11.07,11.005,11.045,15331.0,,,,,,,,,,,,,,,,,,,,,,,,,,"rgba(38, 166, 154, 0.5)",,,,69.5486108335389,14.758098395494798,False,False,True,False,False,,0.0,0.0,0.0,0.0,0,,,False,False,False,False,,,False,False,False,False,14701.0,1675.798456777004,False,False,False,False,11725.857137955909,False,False,False,False
2025-03-18 19:00:00+00:00,11.04,11.085,11.025,11.065,41246.0,,,,,,,,,,,,,,,,,,,,,,,,,,"rgba(38, 166, 154, 0.5)",,,,67.74636305767802,14.758098395494798,False,False,True,False,False,,0.0,0.0,0.0,0.0,0,,,False,False,False,False,,,False,False,False,False,55947.0,2517.212434191314,False,False,False,False,12183.533771475972,False,False,False,False
2025-03-19 14:00:00+00:00,11.11,11.15,10.99,11.08,7435.0,,,,,,,,,,,,,,,,,,,,,,,,,,"rgba(38, 166, 154, 0.5)",,,,67.21950768776323,14.758098395494798,False,False,True,False,False,,0.0,0.0,0.0,0.0,0,,,False,False,False,False,,,False,False,False,False,63382.0,3460.8525514906732,False,False,False,False,12109.913092848437,False,False,False,False
2025-03-19 15:00:00+00:00,11.075,11.25,11.075,11.12,10598.0,,,,,,,,,,,,,,,,,,,,,,,,,,"rgba(38, 166, 154, 0.5)",,,,68.50142529430846,14.758098395494798,False,False,True,False,False,,0.0,0.0,0.0,0.0,0,,,False,False,False,False,,,False,False,False,False,73980.0,4554.172666971438,False,False,False,False,12086.472579781019,False,False,False,False
2025-03-19 16:00:00+00:00,11.12,11.155,11.055,11.055,8754.0,,,,,,,,,,,,,,,,,,,,,,,,,,"rgba(38, 166, 154, 0.5)",,,,64.39768077434147,28.097731481316032,False,False,True,False,False,,0.0,0.0,0.0,0.0,0,,,False,False,False,False,,,False,False,False,False,65226.0,5494.8211527548265,False,False,False,False,12034.806338234024,False,False,False,False
2025-03-19 17:00:00+00:00,11.06,11.1,11.03,11.075,5160.0,,,,,,,,,,,,,,,,,,,,,,,,,,"rgba(38, 166, 154, 0.5)",,,,62.64845231084805,25.47548558391007,False,False,True,False,False,,0.0,0.0,0.0,0.0,0,,,False,False,False,False,,,False,False,False,False,70386.0,6500.885941084209,False,False,False,False,11928.220193455201,False,False,False,False
2025-03-19 18:00:00+00:00,11.07,11.235,11.07,11.225,7989.0,,,,,,,,,,,,,,,,,,,,,,,,,,"rgba(38, 166, 154, 0.5)",,,,66.42615212098352,25.47548558391007,False,False,True,False,False,,0.0,0.0,0.0,0.0,0,,,False,False,False,False,,,False,False,False,False,78375.0,7615.21329083484,False,False,False,False,11867.147012161322,False,False,False,False
2025-03-19 19:00:00+00:00,11.225,11.275,11.1,11.195,12247.0,,,,,,,,,,,,,,,,,,,,,,,,,,"rgba(38, 166, 154, 0.5)",,,,67.08220615558747,25.47548558391007,False,False,True,False,False,,0.0,0.0,0.0,0.0,1,,,False,False,False,False,,,False,False,False,False,66128.0,8522.388278573835,False,False,False,False,11873.036205771225,False,False,False,False
2025-03-20 14:00:00+00:00,11.19,11.375,11.19,11.34,6001.0,,,,,,,,,,,,,,,,,,,,,,,,,,"rgba(38, 166, 154, 0.5)",,11.301666666666666,,70.58645934157246,25.47548558391007,False,False,True,False,True,,0.0,0.0,0.0,0.0,1,,,False,False,False,False,,,False,False,False,False,72129.0,9508.537297510673,False,False,False,False,11781.996884751514,False,False,False,False
2025-03-20 15:00:00+00:00,11.345,11.35,11.265,11.285,5820.0,,,,,,,,,,,,,,,,,,,,,,,,,,"rgba(38, 166, 154, 0.5)",,11.300846093111133,,70.06463911147205,25.47548558391007,False,False,True,False,True,,0.0,0.0,0.0,0.0,0,,,False,False,False,False,,,False,False,False,False,66309.0,10389.164626231437,False,False,False,False,11689.562824522807,False,False,False,False
2025-03-20 16:00:00+00:00,11.285,11.33,11.205,11.215,1790.0,,,,,,,,,,,,,,,,,,,,,,,,,,"rgba(38, 166, 154, 0.5)",,11.294159258442928,,66.57401854451075,25.47548558391007,False,False,True,False,True,,0.0,0.0,0.0,0.0,0,,,False,False,False,False,,,False,False,False,False,64519.0,11228.386880088314,False,False,False,False,11536.081230344158,False,False,False,False
2025-03-20 17:00:00+00:00,11.215,11.23,11.12,11.13,6573.0,,,,,,,,,,,,,,,,,,,,,,,,,,"rgba(38, 166, 154, 0.5)",,11.250469761527283,,61.123101317277055,20.22069416613637,False,False,True,False,False,,0.0,0.0,0.0,0.0,0,,,False,False,False,False,,,False,False,False,False,57946.0,11952.69095946679,False,False,False,False,11459.134234524867,False,False,False,False
2025-03-20 18:00:00+00:00,11.13,11.185,11.105,11.15,4321.0,,,,,,,,,,,,,,,,,,,,,,,,,,"rgba(38, 166, 154, 0.5)",,11.232166020540026,,58.15227285844473,17.069218945715647,False,False,True,False,False,,0.0,0.0,0.0,0.0,0,,,False,False,False,False,,,False,False,False,False,62267.0,12732.757766296763,False,False,False,False,11348.465486702775,False,False,False,False
2025-03-20 19:00:00+00:00,11.155,11.21,11.11,11.11,11068.0,,,,,,,,,,,,,,,,,,,,,,,,,,"rgba(38, 166, 154, 0.5)",,11.204527075778445,,54.73592315492073,13.522212441636626,False,False,True,False,False,,0.0,0.0,0.0,0.0,0,,,False,False,False,False,,,False,False,False,False,51199.0,13329.133614881308,False,False,False,False,11344.11718458335,False,False,False,False
2025-03-21 14:00:00+00:00,10.875,10.945,10.8,10.905,17280.0,,,,,,,,,,,,,,,,,,,,,,,,,,"rgba(239, 83, 80, 0.5)",,10.991423933677684,,47.31131784763389,6.4049957412546235,False,False,False,True,False,,0.0,0.0,0.0,0.0,0,,,False,False,False,False,,,False,False,False,False,33919.0,13648.356349534311,False,False,False,False,11436.146375520042,False,False,False,False
2025-03-21 15:00:00+00:00,10.905,10.95,10.85,10.885,17467.0,,,,,,,,,,,,,,,,,,,,,,,,,,"rgba(239, 83, 80, 0.5)",,10.968956301652764,,41.99183894938828,1.4504463255078477,False,False,False,True,False,,0.0,0.0,0.0,0.0,0,,,False,False,False,False,,,False,False,False,False,16452.0,13691.823692952385,False,False,False,False,11529.647982101125,False,False,False,False
2025-03-21 16:00:00+00:00,10.885,10.965,10.87,10.955,12537.0,,,,,,,,,,,,,,,,,,,,,,,,,,"rgba(239, 83, 80, 0.5)",,10.965384184315159,,41.15910634118143,0.5561975518761528,False,False,False,True,False,,0.0,0.0,0.0,0.0,0,,,False,False,False,False,,,False,False,False,False,28989.0,13928.989217092658,False,False,False,False,11545.265842843743,False,False,False,False
2025-03-21 17:00:00+00:00,10.955,11.0,10.92,10.965,13494.0,,,,,,,,,,,,,,,,,,,,,,,,,,"rgba(239, 83, 80, 0.5)",,10.967390302036893,,40.98115641526267,-0.019211375750423088,False,False,False,True,False,,0.0,0.0,0.0,0.0,0,,,False,False,False,False,,,False,False,False,False,42483.0,14371.687058688121,False,False,False,False,11575.478775512833,False,False,False,False
2025-03-21 18:00:00+00:00,10.965,10.975,10.92,10.93,12310.0,,,,,,,,,,,,,,,,,,,,,,,,,,"rgba(239, 83, 80, 0.5)",,10.96524703488468,,39.933697326209135,-1.5762836053510796,False,False,False,True,False,,0.0,0.0,0.0,0.0,0,,,False,False,False,False,,,False,False,False,False,30173.0,14616.668654677453,False,False,False,False,11586.866701473873,False,False,False,False
2025-03-21 19:00:00+00:00,10.925,11.015,10.84,10.88,50127.0,,,,,,,,,,,,,,,,,,,,,,,,,,"rgba(239, 83, 80, 0.5)",,10.948025048501691,,37.98307103439596,-3.9976004406706878,False,False,False,True,False,,0.0,0.0,0.0,0.0,0,,,False,False,False,False,,,False,False,False,False,-19954.0,14080.689295690205,False,False,False,False,12184.388147962649,False,False,False,False
2025-03-24 14:00:00+00:00,10.88,10.975,10.81,10.955,7494.0,,,,,,,,,,,,,,,,,,,,,,,,,,"rgba(239, 83, 80, 0.5)",,10.94644723864722,,39.83585666501966,-3.9976004406706878,False,False,False,True,False,,0.0,0.0,0.0,0.0,0,,,False,False,False,False,,,False,False,False,False,-12460.0,13669.205740718264,False,False,False,False,12111.668951870204,False,False,False,False
2025-03-24 15:00:00+00:00,10.955,11.075,10.94,11.045,3837.0,,,,,,,,,,,,,,,,,,,,,,,,,,"rgba(239, 83, 80, 0.5)",,10.948417686151185,,44.1252894222128,-3.9976004406706878,False,False,False,True,True,,0.0,0.0,0.0,0.0,0,,,False,False,False,False,,,False,False,False,False,-8623.0,13323.59014783891,False,False,False,False,11983.379510755936,False,False,False,False
2025-03-24 16:00:00+00:00,11.045,11.06,10.965,10.975,2668.0,,,,,,,,,,,,,,,,,,,,,,,,,,"rgba(239, 83, 80, 0.5)",,10.949377265715823,,44.80037833395811,-3.9976004406706878,False,False,False,True,True,,0.0,0.0,0.0,0.0,0,,,False,False,False,False,,,False,False,False,False,-11291.0,12941.968595159236,False,False,False,False,11838.955022217084,False,False,False,False
2025-03-24 17:00:00+00:00,10.975,10.98,10.855,10.865,8309.0,,,,,,,,,,,,,,,,,,,,,,,,,,"rgba(239, 83, 80, 0.5)",,10.94699904070298,,42.47814286265647,-3.9976004406706878,False,False,False,True,True,,0.0,0.0,0.0,0.0,0,,,False,False,False,False,,,False,False,False,False,-19600.0,12437.441950273047,False,False,False,False,11784.22703737651,False,False,False,False
2025-03-24 18:00:00+00:00,10.865,10.91,10.845,10.855,17317.0,,,,,,,,,,,,,,,,,,,,,,,,,,"rgba(239, 83, 80, 0.5)",,10.939812101518076,,40.701757694970084,-3.9976004406706878,False,False,False,True,False,,0.0,0.0,0.0,0.0,0,,,False,False,False,False,,,False,False,False,False,-36917.0,11672.256803757185,False,False,False,False,11870.006463153617,False,False,False,False
2025-03-24 19:00:00+00:00,10.855,10.87,10.745,10.81,18603.0,,,,,,,,,,,,,,,,,,,,,,,,,,"rgba(239, 83, 80, 0.5)",,10.887881587586266,,38.47822125733193,-5.155712030289337,False,False,False,True,False,,0.0,0.0,0.0,0.0,0,,,False,False,False,False,,,False,False,False,False,-55520.0,10630.516388195058,False,False,False,False,11974.393959848909,False,False,False,False
2025-03-25 14:00:00+00:00,11.225,11.315,11.1,11.275,16069.0,,,,,,,,,,,,,,,,,,,,,,,,,,#000000,,10.96827263145137,,47.85523164972307,-9.059956467259639,False,False,False,False,True,,0.0,0.0,0.0,0.0,0,,,False,False,False,False,,,False,False,False,False,-39451.0,9854.058769773428,False,False,False,False,12037.876224037298,False,False,False,False
2025-03-25 15:00:00+00:00,11.275,11.325,11.14,11.145,10202.0,,,,,,,,,,,,,,,,,,,,,,,,,,"rgba(38, 166, 154, 0.5)",,11.044173144568479,,51.12159833104161,-6.19505662834019,False,False,True,False,True,,0.0,0.0,0.0,0.0,0,,,False,False,False,False,,,False,False,False,False,-49653.0,8931.468711327328,False,False,False,False,12009.413026765402,False,False,False,False
2025-03-25 16:00:00+00:00,11.145,11.175,11.085,11.135,7791.0,,,,,,,,,,,,,,,,,,,,,,,,,,"rgba(38, 166, 154, 0.5)",,11.042339903368564,,53.07816020571201,-4.39842352189698,False,False,True,False,True,,0.0,0.0,0.0,0.0,0,,,False,False,False,False,,,False,False,False,False,-57444.0,7902.391677043183,False,False,False,False,11944.011274412449,False,False,False,False
2025-03-25 17:00:00+00:00,11.135,11.155,11.065,11.09,4220.0,,,,,,,,,,,,,,,,,,,,,,,,,,"rgba(38, 166, 154, 0.5)",,11.041065465726588,,53.337360301022684,-3.9684344986784126,False,False,True,False,True,,0.0,0.0,0.0,0.0,0,,,False,False,False,False,,,False,False,False,False,-61664.0,6823.842968871971,False,False,False,False,11824.25916163086,False,False,False,False
2025-03-25 18:00:00+00:00,11.085,11.115,11.025,11.025,5901.0,,,,,,,,,,,,,,,,,,,,,,,,,,"rgba(38, 166, 154, 0.5)",,11.036423327831118,,52.03690821517138,-3.9684344986784126,False,False,True,False,True,,0.0,0.0,0.0,0.0,0,,,False,False,False,False,,,False,False,False,False,-67565.0,5670.527574005739,False,False,False,False,11732.425686256738,False,False,False,False
2025-03-25 19:00:00+00:00,11.025,11.065,10.965,10.99,19799.0,,,,,,,,,,,,,,,,,,,,,,,,,,#000000,,11.020852768805053,,50.38952669576882,-3.9684344986784126,False,False,False,False,True,,0.0,0.0,0.0,0.0,0,,,False,False,False,False,,,False,False,False,False,-87364.0,4228.131797664564,False,False,False,False,11857.488853911673,False,False,False,False
2025-03-26 14:00:00+00:00,10.885,11.085,10.88,11.06,11104.0,,,,,,,,,,,,,,,,,,,,,,,,,,#000000,,11.016788907108634,,50.989470932167315,-3.9684344986784126,False,True,False,False,True,,0.0,0.0,0.0,0.0,0,,,False,False,False,False,,,False,False,False,False,-76260.0,2980.2537852976716,False,False,False,False,11845.806856176609,False,False,False,False
2025-03-26 15:00:00+00:00,11.06,11.175,11.005,11.025,8073.0,,,,,,,,,,,,,,,,,,,,,,,,,,#000000,,11.018556702943481,,50.495541958484324,-3.9684344986784126,False,True,False,False,True,,0.0,0.0,0.0,0.0,0,,,False,False,False,False,,,False,False,False,False,-84333.0,1626.5599281612738,False,False,False,False,11787.313726623483,False,False,False,False
2025-03-26 16:00:00+00:00,11.02,11.055,10.985,10.99,3705.0,,,,,,,,,,,,,,,,,,,,,,,,,,#000000,,11.017666031459855,,49.264431780998635,-3.9684344986784126,False,True,False,False,False,,0.0,0.0,0.0,0.0,0,,,False,False,False,False,,,False,False,False,False,-88038.0,236.4117122207888,False,False,False,False,11662.00653706343,False,False,False,False
2025-03-26 17:00:00+00:00,10.995,11.025,10.95,10.96,5750.0,,,,,,,,,,,,,,,,,,,,,,,,,,"rgba(239, 83, 80, 1.0)",,11.015146869961901,,47.66275020931745,-3.9684344986784126,False,True,False,True,False,,0.0,0.0,0.0,0.0,0,,,False,False,False,False,,,False,False,False,False,-93788.0,-1221.3311050229445,False,False,False,False,11570.347520984928,False,False,False,False
2025-03-26 18:00:00+00:00,10.965,10.985,10.875,10.89,5463.0,,,,,,,,,,,,,,,,,,,,,,,,,,"rgba(239, 83, 80, 1.0)",,11.010729134979233,,44.873776281249306,-0.09158497227734586,False,True,False,True,False,,0.0,0.0,0.0,0.0,0,,,False,False,False,False,,,False,False,False,False,-99251.0,-2741.1709328520465,False,False,False,False,11475.659962520045,False,False,False,False
2025-03-26 19:00:00+00:00,10.885,10.92,10.865,10.885,17480.0,,,,,,,,,,,,,,,,,,,,,,,,,,"rgba(239, 83, 80, 1.0)",,10.975201031937278,,42.89334448693589,-2.1596761890625444,False,True,False,True,False,,0.0,0.0,0.0,0.0,0,,,False,False,False,False,,,False,False,False,False,-116731.0,-4508.455104435736,False,False,False,False,11568.750505736789,False,False,False,False
2025-03-27 14:00:00+00:00,11.09,11.29,11.075,11.275,13042.0,,,,,,,,,,,,,,,,,,,,,,,,,,#000000,,11.01458718308592,,50.69112767175193,-4.7816487673892425,False,True,False,False,True,,0.0,0.0,0.0,0.0,0,,,False,False,False,False,,,False,False,False,False,-103689.0,-6046.1379710336305,False,False,False,False,11591.591583167226,False,False,False,False
2025-03-27 15:00:00+00:00,11.27,11.355,11.2,11.215,8708.0,,,,,,,,,,,,,,,,,,,,,,,,,,"rgba(38, 166, 154, 0.5)",,11.033113518021299,,54.29989534471831,-1.6513569578431913,False,False,True,False,True,7.433832633542181,0.0,0.0,0.0,0.0,0,,,False,False,False,False,,,False,False,False,False,-112397.0,-7694.988545126132,False,False,False,False,11546.884736916572,False,False,False,False
2025-03-27 16:00:00+00:00,11.215,11.22,11.1,11.1,5743.0,,,,,,,,,,,,,,,,,,,,,,,,,,"rgba(38, 166, 154, 0.5)",,11.03707756691238,,53.95172526756346,-1.6513569578431913,False,False,True,False,True,3.551458016319721,0.0,0.0,0.0,0.0,0,,,False,False,False,False,,,False,False,False,False,-118140.0,-9407.314304116424,False,False,False,False,11456.90202781709,False,False,False,False
2025-03-27 17:00:00+00:00,11.105,11.175,11.085,11.105,4116.0,,,,,,,,,,,,,,,,,,,,,,,,,,"rgba(38, 166, 154, 0.5)",,11.039004578530395,,53.8213024729853,-1.6513569578431913,False,False,True,False,True,3.700436964347503,0.0,0.0,0.0,0.0,0,,,False,False,False,False,,,False,False,False,False,-114024.0,-11029.278423432448,False,False,False,False,11343.08959327729,False,False,False,False
2025-03-27 18:00:00+00:00,11.1,11.17,11.1,11.125,4087.0,,,,,,,,,,,,,,,,,,,,,,,,,,"rgba(38, 166, 154, 0.5)",,11.041083531015229,,54.17600444280186,-1.4103990833553226,False,False,True,False,True,4.302125594236912,0.0,0.0,0.0,0.0,0,,,False,False,False,False,,,False,False,False,False,-109937.0,-12562.73147113117,False,False,False,False,11230.592080203221,False,False,False,False
2025-03-27 19:00:00+00:00,11.125,11.225,11.125,11.22,19673.0,,,,,,,,,,,,,,,,,,,,,,,,,,"rgba(38, 166, 154, 0.5)",,11.056431771599723,,56.40189842779589,1.0113231244306746,False,False,True,False,True,7.080230698949819,0.0,0.0,0.0,0.0,0,,,False,False,False,False,,,False,False,False,False,-90264.0,-13767.402301036112,False,False,False,False,11361.482125471388,False,False,False,False
2025-03-28 14:00:00+00:00,11.3,11.48,10.985,11.06,11480.0,,,,,,,,,,,,,,,,,,,,,,,,,,"rgba(38, 166, 154, 0.5)",,11.081244072495808,,53.82038248981363,1.0113231244306746,False,False,True,False,False,1.8878073552893362,0.0,0.0,0.0,0.0,0,,,False,False,False,False,,,False,False,False,False,-101744.0,-15131.380559934776,False,False,False,False,11363.319611898187,False,False,False,False
2025-03-28 15:00:00+00:00,11.065,11.16,11.02,11.035,6645.0,,,,,,,,,,,,,,,,,,,,,,,,,,#000000,,11.074483782667793,,51.547414792513884,1.0113231244306746,False,False,False,False,False,1.1200490291271308,0.0,0.0,0.0,0.0,0,,,False,False,False,False,,,False,False,False,False,-108389.0,-16577.235124897026,False,False,False,False,11290.167369853254,False,False,False,False
2025-03-28 16:00:00+00:00,11.03,11.05,10.875,10.88,3007.0,,,,,,,,,,,,,,,,,,,,,,,,,,"rgba(239, 83, 80, 1.0)",,11.067724754135169,,47.02662414078577,2.5133546659691604,False,True,False,True,False,0.0,0.0,0.0,0.0,0.0,0,,,False,False,False,False,,,False,False,False,False,-111396.0,-18047.293495053662,False,False,False,False,11161.746170320645,False,False,False,False
2025-03-28 17:00:00+00:00,10.88,10.905,10.785,10.835,2515.0,,,,,,,,,,,,,,,,,,,,,,,,,,"rgba(239, 83, 80, 1.0)",,11.06041485684785,,43.266219107034416,-0.9516222318464003,False,True,False,True,False,0.0,0.0,0.0,0.0,0.0,0,,,False,False,False,False,,,False,False,False,False,-113911.0,-19533.552510634225,False,False,False,False,11027.688090160635,False,False,False,False
2025-03-28 18:00:00+00:00,10.835,10.905,10.835,10.88,7201.0,,,,,,,,,,,,,,,,,,,,,,,,,,"rgba(239, 83, 80, 1.0)",,11.046402353248384,,42.091600018260465,-2.0509917511888176,False,True,False,True,False,0.0,0.0,0.0,0.0,0.0,0,,,False,False,False,False,,,False,False,False,False,-106710.0,-20885.12533992672,False,False,False,False,10968.359592638764,False,False,False,False
2025-03-28 19:00:00+00:00,10.885,10.92,10.835,10.86,17648.0,,,,,,,,,,,,,,,,,,,,,,,,,,"rgba(239, 83, 80, 1.0)",,11.02411658229913,,40.90892065044797,-3.3015397870059147,False,True,False,True,False,0.0,0.0,0.0,0.0,0.0,0,,,False,False,False,False,,,False,False,False,False,-124358.0,-22489.355954811577,False,False,False,False,11071.919909031962,False,False,False,False
2025-03-31 14:00:00+00:00,10.39,10.42,9.925,9.97,27465.0,,,,,,,,,,,,,,,,,,,,,,,,,,"rgba(239, 83, 80, 1.0)",,10.888793216238964,,32.39107775668748,-11.242615921415137,False,True,False,True,False,0.0,0.0,0.0,0.0,0.0,0,,,False,False,False,False,,,False,False,False,False,-151823.0,-24494.52873070597,False,False,False,False,11326.076189512087,False,False,False,False
2025-03-31 15:00:00+00:00,9.975,10.04,9.8,9.805,14158.0,,,,,,,,,,,,,,,,,,,,,,,,,,"rgba(239, 83, 80, 1.0)",,10.823719828237557,,26.141872879220177,-16.752421838026798,False,True,False,True,False,0.0,0.0,0.0,0.0,0.0,0,,,False,False,False,False,,,False,False,False,False,-165981.0,-26688.11743255549,False,False,False,False,11369.981985023527,False,False,False,False
2025-03-31 16:00:00+00:00,9.81,10.27,9.785,10.16,11457.0,,,,,,,,,,,,,,,,,,,,,,,,,,"rgba(239, 83, 80, 1.0)",,10.788746625005322,,28.092805865270662,-16.752421838026798,False,True,False,True,False,0.0,0.0,0.0,0.0,0.0,0,,,False,False,False,False,,,False,False,False,False,-154524.0,-28670.069100267807,False,False,False,False,11371.33110153479,False,False,False,False
2025-03-31 17:00:00+00:00,10.155,10.185,10.11,10.11,7928.0,,,,,,,,,,,,,,,,,,,,,,,,,,"rgba(239, 83, 80, 0.75)",,10.76911186740755,,29.046021743229318,-16.752421838026798,False,True,False,True,True,0.0,0.0,0.0,0.0,0.0,0,,,False,False,False,False,,,False,False,False,False,-162452.0,-30744.207563829546,False,False,False,False,11317.94612321642,False,False,False,False
2025-03-31 18:00:00+00:00,10.115,10.18,9.985,9.985,21262.0,,,,,,,,,,,,,,,,,,,,,,,,,,"rgba(239, 83, 80, 0.75)",,10.716127580609038,,28.815579884057026,-16.752421838026798,False,True,False,True,True,0.0,0.0,0.0,0.0,0.0,0,,,False,False,False,False,,,False,False,False,False,-183714.0,-33115.83225276242,False,False,False,False,11472.11750115105,False,False,False,False
2025-03-31 19:00:00+00:00,9.98,10.06,9.98,10.035,23421.0,,,,,,,,,,,,,,,,,,,,,,,,,,"rgba(239, 83, 80, 0.75)",,10.66570617122061,,29.531077499080354,-16.752421838026798,False,True,False,True,True,0.0,0.0,0.0,0.0,0.0,0,,,False,False,False,False,,,False,False,False,False,-160293.0,-35087.57128760331,False,False,False,False,11657.371493381264,False,False,False,False
2025-04-01 14:00:00+00:00,9.885,9.93,9.785,9.905,13337.0,,,,,,,,,,,,,,,,,,,,,,,,,,"rgba(239, 83, 80, 0.75)",,10.634033253091157,,29.01514451982311,-16.752421838026798,False,True,False,True,True,0.0,0.0,0.0,0.0,0.0,0,,,False,False,False,False,,,False,False,False,False,-173630.0,-37235.515918803256,False,False,False,False,11683.412245421865,False,False,False,False
2025-04-01 15:00:00+00:00,9.905,10.0,9.905,9.935,8300.0,,,,,,,,,,,,,,,,,,,,,,,,,,"rgba(239, 83, 80, 0.75)",,10.617717850379409,,29.256166279291932,-16.752421838026798,False,True,False,True,True,0.0,0.0,0.0,0.0,0.0,0,,,False,False,False,False,,,False,False,False,False,-165330.0,-39221.47691231018,False,False,False,False,11630.956241616874,False,False,False,False
2025-04-01 16:00:00+00:00,9.935,9.975,9.78,9.805,17658.0,,,,,,,,,,,,,,,,,,,,,,,,,,"rgba(239, 83, 80, 0.75)",,10.580879302908281,,28.364294179268143,-16.752421838026798,False,True,False,True,True,0.0,0.0,0.0,0.0,0.0,0,,,False,False,False,False,,,False,False,False,False,-182988.0,-41450.41525475498,False,False,False,False,11724.398780506535,False,False,False,False
2025-04-01 17:00:00+00:00,9.805,9.9,9.8,9.875,6771.0,,,,,,,,,,,,,,,,,,,,,,,,,,"rgba(239, 83, 80, 0.75)",,10.567906184720917,,29.24873490919421,-16.752421838026798,False,True,False,True,True,0.0,0.0,0.0,0.0,0.0,0,,,False,False,False,False,,,False,False,False,False,-176217.0,-43539.819669409946,False,False,False,False,11647.601900188603,False,False,False,False
2025-04-01 18:00:00+00:00,9.87,9.935,9.855,9.895,6961.0,,,,,,,,,,,,,,,,,,,,,,,,,,"rgba(239, 83, 80, 0.75)",,10.555838383105245,,30.276520100546154,-16.752421838026798,False,True,False,True,True,0.0,0.0,0.0,0.0,0.0,0,,,False,False,False,False,,,False,False,False,False,-169256.0,-45488.90773655087,False,False,False,False,11574.941405612035,False,False,False,False
2025-04-01 19:00:00+00:00,9.895,10.01,9.895,9.995,28024.0,,,,,,,,,,,,,,,,,,,,,,,,,,"rgba(239, 83, 80, 0.75)",,10.51705376458266,,33.14533217986539,-16.752421838026798,False,True,False,True,True,0.0,0.0,0.0,0.0,0.0,0,,,False,False,False,False,,,False,False,False,False,-141232.0,-46973.296763891165,False,False,False,False,11829.965569866112,False,False,False,False
2025-04-02 14:00:00+00:00,9.765,9.96,9.755,9.925,7846.0,,,,,,,,,,,,,,,,,,,,,,,,,,"rgba(239, 83, 80, 0.75)",,10.416094369907702,,34.13975966542749,-20.147203585848693,False,True,False,True,True,0.0,0.0,0.0,0.0,0.0,0,,,False,False,False,False,,,False,False,False,False,-149078.0,-48556.315418714556,False,False,False,False,11768.198661806173,False,False,False,False
2025-04-02 15:00:00+00:00,9.925,9.985,9.84,9.98,13258.0,,,,,,,,,,,,,,,,,,,,,,,,,,"rgba(239, 83, 80, 0.75)",,10.406635030945287,,36.05725275384117,-18.14283704475156,False,True,False,True,True,0.0,0.0,0.0,0.0,0.0,0,,,False,False,False,False,,,False,False,False,False,-135820.0,-49909.240761060064,False,False,False,False,11791.296356971969,False,False,False,False
2025-04-02 16:00:00+00:00,9.985,10.125,9.93,10.08,17771.0,,,,,,,,,,,,,,,,,,,,,,,,,,"rgba(239, 83, 80, 0.75)",0.44905564574223317,10.401193487118894,-0.7152643334168549,39.490724760853524,-14.829109636779314,False,True,False,True,True,0.0,0.0,0.0,0.0,0.0,0,,,False,False,False,False,,,False,False,False,False,-118049.0,-50965.67113685758,False,False,False,False,11884.004940584806,False,False,False,False
2025-04-02 17:00:00+00:00,10.08,10.125,9.995,10.025,21997.0,,,,,,,,,,,,,,,,,,,,,,,,,,"rgba(239, 83, 80, 0.5)",0.45824245126804347,10.389335570708273,-0.7950716257301934,40.81543521016912,-13.540713399875642,False,False,False,True,True,0.0,0.0,0.0,0.0,0.0,0,,,False,False,False,False,,,False,False,False,False,-140046.0,-52346.76150682878,False,False,False,False,12040.795561661009,False,False,False,False
2025-04-02 18:00:00+00:00,10.025,10.045,9.94,9.955,18513.0,,,,,,,,,,,,,,,,,,,,,,,,,,"rgba(239, 83, 80, 0.5)",0.4686676726502357,10.374200828506082,-0.8944521949542037,40.51024621917305,-13.540713399875642,False,False,False,True,True,0.0,0.0,0.0,0.0,0.0,0,,,False,False,False,False,,,False,False,False,False,-158559.0,-53993.462878815924,False,False,False,False,12141.139816518978,False,False,False,False
2025-04-02 19:00:00+00:00,9.955,10.02,9.945,10.005,49471.0,,,,,,,,,,,,,,,,,,,,,,,,,,"rgba(239, 83, 80, 0.5)",0.47744215252636635,10.340960986716793,-0.7036684652560892,41.54552176394178,-12.547130937204379,False,False,False,True,True,0.0,0.0,0.0,0.0,0.0,0,,,False,False,False,False,,,False,False,False,False,-109088.0,-54847.6417489118,False,False,False,False,12719.89733874349,False,False,False,False
2025-04-03 14:00:00+00:00,9.83,10.22,9.83,10.1,11929.0,,,,,,,,,,,,,,,,,,,,,,,,,,"rgba(239, 83, 80, 0.5)",0.4837168407053688,10.335726862309317,-0.4873240757249091,44.429788405908766,-9.696058477282605,True,False,False,True,True,0.0,0.0,0.0,0.0,0.0,0,,,False,False,False,False,,,False,False,False,False,-97159.0,-55503.631799316274,False,False,False,False,12707.635364499405,False,False,False,False
2025-04-03 15:00:00+00:00,10.105,10.295,10.055,10.185,15053.0,,,,,,,,,,,,,,,,,,,,,,,,,,#000000,0.48808321547173317,10.314621833293845,-0.2655732243702851,48.09820965315265,-6.2506897559444,True,False,False,False,True,0.0,0.0,0.0,0.0,0.0,0,,,False,False,False,False,,,False,False,False,False,-82106.0,-55916.07161638114,False,False,False,False,12743.997606910267,False,False,False,False
2025-04-03 16:00:00+00:00,10.185,10.285,10.115,10.13,8639.0,,,,,,,,,,,,,,,,,,,,,,,,,,#000000,0.4927229179507229,10.313588223698051,-0.3725993190282479,49.22997966879807,-5.2008943820792695,True,False,False,False,True,0.0,0.0,0.0,0.0,0.0,0,,,False,False,False,False,,,False,False,False,False,-90745.0,-56456.05500217367,False,False,False,False,12680.35423315972,False,False,False,False
2025-04-03 17:00:00+00:00,10.13,10.195,10.105,10.155,5234.0,,,,,,,,,,,,,,,,,,,,,,,,,,#000000,0.4960323478263197,10.312121552064518,-0.3167566646672265,50.55174865268984,-3.886531105280973,True,False,False,False,True,0.0,0.0,0.0,0.0,0.0,0,,,False,False,False,False,,,False,False,False,False,-85511.0,-56906.51926570586,False,False,False,False,12564.906880707631,False,False,False,False
2025-04-03 18:00:00+00:00,10.155,10.17,10.025,10.12,2902.0,,,,,,,,,,,,,,,,,,,,,,,,,,#000000,0.49884843064477774,10.31057987042472,-0.3820396311127805,50.50444303011253,-3.7657757523369995,True,False,False,False,True,0.0,0.0,0.0,0.0,0.0,0,,,False,False,False,False,,,False,False,False,False,-88413.0,-57394.9918352298,False,False,False,False,12415.094370929217,False,False,False,False
2025-04-03 19:00:00+00:00,10.12,10.17,10.05,10.065,10634.0,,,,,,,,,,,,,,,,,,,,,,,,,,#000000,0.5020722553074909,10.305341174016698,-0.4786983775263649,49.049217804534884,-3.7657757523369995,True,False,False,False,True,0.0,0.0,0.0,0.0,0.0,0,,,False,False,False,False,,,False,False,False,False,-99047.0,-58040.759403675846,False,False,False,False,12387.48050471326,False,False,False,False
2025-04-04 14:00:00+00:00,9.19,9.19,8.79,8.995,30969.0,,,,,,,,,,,,,,,,,,8.991666666666664,,,,,,,8.991666666666664,"rgba(239, 83, 80, 1.0)",0.5382143231628626,10.042798750694878,-1.9468057716067455,38.08757923626652,-6.9293992806732305,False,True,False,True,False,0.0,0.0,0.0,0.0,0.0,0,,,False,False,False,False,,,False,False,False,False,-130016.0,-59156.65460671963,False,False,False,False,12675.566078283597,True,False,False,False
2025-04-04 15:00:00+00:00,8.995,9.25,8.98,9.075,17725.0,,,,,,,,,,,,,,,,,,9.031707534124667,,,,,,,9.031707534124667,"rgba(239, 83, 80, 1.0)",0.5676696872952389,10.00654727580099,-1.6410023234453652,32.22774477737745,-11.861356462637687,False,True,False,True,False,0.0,0.0,0.0,0.0,0.0,0,,,False,False,False,False,,,False,False,False,False,-112291.0,-59980.44290739064,False,False,False,False,12753.85187551951,False,False,False,False
2025-04-04 16:00:00+00:00,9.075,9.195,9.03,9.095,10391.0,,,,,,,,,,,,,,,,,,9.044890242870439,,,,,,,9.044890242870439,"rgba(239, 83, 80, 1.0)",0.5935989409548361,9.98727280156749,-1.5031576709557815,28.70177153733374,-14.67732687184467,False,True,False,True,False,0.0,0.0,0.0,0.0,0.0,0,,,False,False,False,False,,,False,False,False,False,-101900.0,-60630.35852122955,False,False,False,False,12717.218513108353,False,False,False,False
2025-04-04 17:00:00+00:00,9.1,9.195,9.01,9.19,5794.0,,,,,,,,,,,,,,,,,,9.052639785857775,,,,,,,9.052639785857775,"rgba(239, 83, 80, 1.0)",0.6141040716448727,9.977656840848496,-1.2826113312337506,28.212766438845946,-14.927865712381042,False,True,False,True,False,0.0,0.0,0.0,0.0,0.0,0,,,False,False,False,False,,,False,False,False,False,-96106.0,-61180.36846663684,False,False,False,False,12609.88179197489,False,False,False,False
2025-04-04 18:00:00+00:00,9.195,9.235,9.03,9.08,5156.0,,,,,,,,,,,,,,,,,,9.057230765569594,,,,,,,9.057230765569594,"rgba(239, 83, 80, 1.0)",0.6358761778157076,9.968992387930854,-1.3980589601337532,27.115434060807743,-16.037221161477433,False,True,False,True,False,0.0,0.0,0.0,0.0,0.0,0,,,False,False,False,False,,,False,False,False,False,-101262.0,-61801.789110564954,False,False,False,False,12494.317733184582,False,False,False,False
2025-04-04 19:00:00+00:00,9.075,9.215,9.055,9.1,17859.0,,,,,,,,,,,,,,,,,,9.070662009541795,,,,,,,9.070662009541795,"rgba(239, 83, 80, 1.0)",0.6558969994396022,9.941333505377209,-1.2827219915566677,26.81138590711809,-16.59245305638396,False,True,False,True,False,0.0,0.0,0.0,0.0,0.0,0,,,False,False,False,False,,,False,False,False,False,-83403.0,-62136.6916049748,False,False,False,False,12577.491101662341,False,False,False,False
2025-04-07 14:00:00+00:00,9.285,9.865,9.22,9.44,4908.0,,,,,,,,,,,,,,,,,,9.093809041471806,,,,,,,9.093809041471806,"rgba(239, 83, 80, 0.75)",0.6654459860577415,9.94059729772487,-0.7522733748692775,32.6661351788218,-16.59245305638396,False,True,False,True,True,0.0,0.0,0.0,0.0,0.0,0,,,False,False,False,False,,,False,False,False,False,-78495.0,-62390.3087893938,False,False,False,False,12458.584262876879,False,False,False,False
2025-04-07 15:00:00+00:00,9.42,9.53,9.1,9.285,4746.0,,,,,,,,,,,,,,,,,,9.104084109019832,,,,,,,9.104084109019832,"rgba(239, 83, 80, 0.75)",0.6757743772954169,9.936483280745824,-0.9640544279781501,34.91066498892266,-21.90349601325611,False,True,False,True,True,0.0,0.0,0.0,0.0,0.0,0,,,False,False,False,False,,,False,False,False,False,-83241.0,-62713.5753197908,False,False,False,False,12339.009313064835,False,False,False,False
2025-04-07 16:00:00+00:00,9.28,9.3,9.04,9.085,1730.0,,,,,,,,,,,,,,,,,,9.104739015693305,,,,,,,9.104739015693305,"rgba(239, 83, 80, 0.75)",0.6904751464954603,9.93405995429569,-1.2296748964899527,34.568549673178445,-21.90349601325611,False,True,False,True,True,0.0,0.0,0.0,0.0,0.0,0,,,False,False,False,False,,,False,False,False,False,-84971.0,-63058.65167142194,False,False,False,False,12174.528548521193,False,False,False,False
2025-04-07 17:00:00+00:00,9.08,9.345,9.07,9.33,5838.0,,,,,,,,,,,,,,,,,,9.112714049240838,,,,,,,9.112714049240838,"rgba(239, 83, 80, 0.5)",0.6955599209296082,9.927998059327555,-0.8597362230537048,37.90453673270659,-18.647788853851022,False,False,False,True,True,0.0,0.0,0.0,0.0,0.0,0,,,False,False,False,False,,,False,False,False,False,-79133.0,-63307.86637419059,False,False,False,False,12076.287795830942,False,False,False,False
2025-04-07 18:00:00+00:00,9.34,9.35,9.09,9.115,3690.0,,,,,,,,,,,,,,,,,,9.115165523960075,,,,,,,9.115165523960075,"rgba(239, 83, 80, 0.5)",0.7054753812242583,9.923489545367225,-1.1460209199138873,38.0828253166611,-18.186808511426843,False,False,False,True,True,0.0,0.0,0.0,0.0,0.0,0,,,False,False,False,False,,,False,False,False,False,-82823.0,-63610.42658544345,False,False,False,False,11946.267830004106,False,False,False,False
2025-04-07 19:00:00+00:00,9.115,9.225,9.07,9.16,18308.0,,,,,,,,,,,,,,,,,,9.120422717665507,,,,,,,9.120422717665507,"rgba(239, 83, 80, 0.5)",0.7141295968387531,9.900341931105734,-1.0367052904445007,38.84601735210947,-17.068227600979206,False,False,False,True,True,0.0,0.0,0.0,0.0,0.0,0,,,False,False,False,False,,,False,False,False,False,-64515.0,-63624.450979467576,False,False,False,False,12044.89933651567,False,False,False,False
2025-04-08 14:00:00+00:00,9.67,9.83,9.63,9.655,10625.0,,,,,,,,,,,,,,,,,,9.165516217870998,,,,,,,9.165516217870998,"rgba(239, 83, 80, 0.5)",0.7139248831205828,9.903526791605792,-0.34811336245835267,44.91681172109307,-11.140493990770892,True,False,False,True,True,0.0,0.0,0.0,0.0,0.0,0,,,False,False,False,False,,,False,False,False,False,-53890.0,-63473.52925885568,False,False,False,False,12022.885393313874,False,False,False,False
2025-04-08 15:00:00+00:00,9.665,9.725,9.6,9.64,5198.0,,,,,,,,,,,,,,,,,,9.183316624340327,,,,,,,9.183316624340327,#000000,0.7130745383880258,9.904078323969934,-0.3703376151487723,48.784278895572385,-7.50904019088113,True,False,False,False,True,0.0,0.0,0.0,0.0,0.0,0,,,False,False,False,False,,,False,False,False,False,-59088.0,-63405.536557167994,False,False,False,False,11917.07321667335,False,False,False,False
2025-04-08 16:00:00+00:00,9.64,9.64,9.42,9.425,6623.0,,,,,,,,,,,,,,,,,,9.197118971204421,,,,,,,9.197118971204421,#000000,0.7155121456905044,9.901848851085749,-0.6664441043492916,48.871439946558965,-7.329911041272382,True,False,False,False,True,0.0,0.0,0.0,0.0,0.0,0,,,False,False,False,False,,,False,False,False,False,-65711.0,-63441.2801764367,False,False,False,False,11834.994562151283,False,False,False,False
2025-04-08 17:00:00+00:00,9.425,9.47,9.26,9.445,4730.0,,,,,,,,,,,,,,,,,,9.203083133493205,,,,,,,9.203083133493205,#000000,0.7195815663499374,9.898982017979197,-0.6308972314035378,49.16137201107195,-6.762058560579256,True,False,False,False,True,0.0,0.0,0.0,0.0,0.0,0,,,False,False,False,False,,,False,False,False,False,-60981.0,-63403.13629773226,False,False,False,False,11724.839607699325,False,False,False,False
2025-04-08 18:00:00+00:00,9.445,9.53,9.31,9.325,4056.0,,,,,,,,,,,,,,,,,,9.207828279000838,,,,,,,9.207828279000838,#000000,0.7253551661890304,9.896500279288839,-0.7878902721427703,47.955958305838074,-6.762058560579256,True,False,False,False,True,0.0,0.0,0.0,0.0,0.0,0,,,False,False,False,False,,,False,False,False,False,-65037.0,-63428.46751792246,False,False,False,False,11605.94286959546,False,False,False,False
2025-04-08 19:00:00+00:00,9.325,9.34,9.145,9.28,20819.0,,,,,,,,,,,,,,,,,,9.213309640089674,,,,,,,9.213309640089674,"rgba(239, 83, 80, 0.5)",0.7304487575370268,9.87758711023802,-0.818109558092757,46.63061781692672,-6.762058560579256,True,False,False,True,False,0.0,0.0,0.0,0.0,0.0,0,,,False,False,False,False,,,False,False,False,False,-85856.0,-63776.18119981513,False,False,False,False,11748.780964640491,False,False,False,False
2025-04-09 14:00:00+00:00,9.825,9.88,9.47,9.485,4372.0,,,,,,,,,,,,,,,,,,9.222798827121144,,,,,,,9.222798827121144,#000000,0.731413736577358,9.877308788134544,-0.5363705499576048,48.54339184362851,-6.6023451855668895,True,False,False,False,False,0.0,0.0,0.0,0.0,0.0,1,,,False,False,False,False,,,False,False,False,False,-81484.0,-64050.721026174586,False,False,False,False,11634.41226751428,False,False,False,False
2025-04-09 15:00:00+00:00,9.485,9.725,9.465,9.605,7330.0,,,,,,,,,,,,,,,,,,9.237220743589342,,,,,,,9.237220743589342,#000000,0.7307785987290263,9.876522767357812,-0.3715527080706054,51.24375480481662,-3.8366104802487158,True,False,False,False,True,0.0,0.0,0.0,0.0,0.0,1,,,False,False,False,False,,,False,False,False,False,-74154.0,-64207.361010264896,False,False,False,False,11567.677193599331,False,False,False,False
2025-04-09 16:00:00+00:00,9.605,9.73,9.565,9.675,3760.0,,,,,,,,,,,,,,,,,,9.245324021504382,,,,,,,9.245324021504382,"rgba(38, 166, 154, 1.0)",0.7296011189635002,9.8765576982115,-0.2762573863617963,53.847958305324724,-1.247774802145564,True,False,True,False,True,0.0,0.0,0.0,0.0,0.0,0,,,False,False,False,False,,,False,False,False,False,-70394.0,-64303.27789382668,False,False,False,False,11446.627934783837,False,False,False,False
2025-04-09 17:00:00+00:00,9.675,10.25,9.615,10.235,11253.0,,,,,,,,,,,,,,,,,,9.288395076419922,,,,,,,9.288395076419922,"rgba(38, 166, 154, 1.0)",0.7244737574441354,9.885409096063599,0.48254460612861827,60.13747037585337,4.606779979289854,True,False,True,False,True,0.8282153354553436,0.0,0.0,0.0,0.0,0,,,False,False,False,False,,,False,False,False,False,-59141.0,-64223.242577643316,False,False,False,False,11443.625951298816,False,False,False,False
2025-04-09 18:00:00+00:00,10.24,10.295,9.99,10.01,2505.0,,,,,,,,,,,,,,,,,,9.298131359422865,,,,,,,9.298131359422865,"rgba(38, 166, 154, 1.0)",0.7181265478582014,9.887602481279057,0.1704400416416733,61.15414994831402,5.464646545347321,True,False,True,False,True,0.0,0.0,0.0,0.0,0.0,0,,,False,False,False,False,,,False,False,False,False,-61646.0,-64183.285328377526,False,False,False,False,11305.042603216665,False,False,False,False
2025-04-09 19:00:00+00:00,10.01,10.27,9.965,10.035,13729.0,,,,,,,,,,,,,,,,,,9.347077236614233,,,,,,,9.347077236614233,"rgba(38, 166, 154, 1.0)",0.7124793469426456,9.898628943368491,0.19140352238517122,62.02969768178379,6.37857931749074,True,False,True,False,True,0.0,0.0,0.0,0.0,0.0,0,,,False,False,False,False,,,False,False,False,False,-47917.0,-63931.094858170116,False,False,False,False,11342.623338050515,False,False,False,False
2025-04-10 14:00:00+00:00,10.16,10.455,10.155,10.375,7985.0,,,,,,,,,,,,,,,,,,9.381129231330862,,,,,,,9.381129231330862,"rgba(38, 166, 154, 1.0)",0.7083546027543282,9.908268104722314,0.6588958319221343,65.0015165806685,9.303827485809833,True,False,True,False,True,2.562983414175445,0.0,0.0,0.0,0.0,0,,,False,False,False,False,,,False,False,False,False,-39932.0,-63559.015868120965,False,False,False,False,11290.567162266785,False,False,False,False
2025-04-10 15:00:00+00:00,10.375,10.415,10.11,10.145,4008.0,,,,,,,,,,,,,,,,,,9.395548082714315,,,,,,,9.395548082714315,"rgba(38, 166, 154, 1.0)",0.7038633223691766,9.912092533190542,0.3308987120191179,63.88857961256716,9.303827485809833,True,False,True,False,True,0.0,0.0,0.0,0.0,0.0,0,,,False,False,False,False,,,False,False,False,False,-43940.0,-63254.84507946792,False,False,False,False,11177.659144247145,False,False,False,False
2025-04-10 16:00:00+00:00,10.145,10.27,10.025,10.26,1942.0,,,,,,,,,,,,,,,,,,9.402042986837479,,,,,,,9.402042986837479,"rgba(38, 166, 154, 1.0)",0.6999036420166044,9.913763308946058,0.49469194081680207,64.02265592913793,9.303827485809833,True,False,True,False,True,1.0953952777424476,0.0,0.0,0.0,0.0,0,,,False,False,False,False,,,False,False,False,False,-41998.0,-62925.281589863764,False,False,False,False,11034.470630382848,False,False,False,False
2025-04-10 17:00:00+00:00,10.245,10.33,10.08,10.31,2505.0,,,,,,,,,,,,,,,,,,9.41084217829087,,,,,,,9.41084217829087,"rgba(38, 166, 154, 1.0)",0.6878468036018082,9.916151402881603,0.5725818526103016,64.49821222304709,9.490747464902157,True,False,True,False,True,1.6951092983359644,0.0,0.0,0.0,0.0,0,,,False,False,False,False,,,False,False,False,False,-39493.0,-62561.99040242402,False,False,False,False,10902.230775648231,False,False,False,False
2025-04-10 18:00:00+00:00,10.295,10.35,10.21,10.26,1210.0,,,,,,,,,,,,,,,,,,9.415194851326028,,,,,,,9.415194851326028,"rgba(38, 166, 154, 1.0)",0.6779720821273864,9.917368276604742,0.5053773340048524,64.04702218658844,9.490747464902157,True,False,True,False,True,1.0652652756040446,0.0,0.0,0.0,0.0,0,,,False,False,False,False,,,False,False,False,False,-40703.0,-62223.091326417445,False,False,False,False,10751.963631839732,False,False,False,False
2025-04-10 19:00:00+00:00,10.27,10.325,10.095,10.165,14826.0,,,,,,,,,,,,,,,,,,9.460606655144874,,,,,,,9.460606655144874,"rgba(38, 166, 154, 0.75)",0.6677692998617392,9.929380333201777,0.3528459107763812,62.272863303356964,9.490747464902157,True,False,True,False,False,0.0,0.0,0.0,0.0,0.0,0,,,False,False,False,False,,,False,False,False,False,-55529.0,-62119.30696476756,False,False,False,False,10815.126986384852,False,False,False,False
2025-04-11 14:00:00+00:00,10.66,10.76,10.57,10.615,5951.0,,,,,,,,,,,,,,,,,,9.487735442790195,,,,,,,9.487735442790195,"rgba(38, 166, 154, 1.0)",0.6606579303246881,9.938817368101098,1.0234988499518716,64.82800371165328,10.513778129825731,True,False,True,False,True,5.163424246016238,0.0,0.0,0.0,0.0,0,,,False,False,False,False,,,False,False,False,False,-49578.0,-61924.86809709674,False,False,False,False,10739.714164890513,False,False,False,False
2025-04-11 15:00:00+00:00,10.635,10.725,10.59,10.665,6213.0,,,,,,,,,,,,,,,,,,9.515038799793068,,,,,,,9.515038799793068,"rgba(38, 166, 154, 1.0)",0.6552312018882553,9.948477808936662,1.0935410111704882,66.86055296620953,12.565020397165164,True,False,True,False,True,5.71657551768871,0.0,0.0,0.0,0.0,0,,,False,False,False,False,,,False,False,False,False,-43365.0,-61637.118204118495,False,False,False,False,10669.53254993097,False,False,False,False
2025-04-11 16:00:00+00:00,10.665,10.73,10.625,10.65,5647.0,,,,,,,,,,,,,,,,,,9.538947134310568,,,,,,,9.538947134310568,"rgba(38, 166, 154, 1.0)",0.6502080609485876,9.95706812445761,1.0657079128355822,67.95638700556202,13.735055863525417,True,False,True,False,True,5.5213362675917566,0.0,0.0,0.0,0.0,0,,,False,False,False,False,,,False,False,False,False,-49012.0,-61441.379937387974,False,False,False,False,10591.663828226612,False,False,False,False
2025-04-11 17:00:00+00:00,10.655,10.79,10.625,10.765,6116.0,,,,,,,,,,,,,,,,,,9.565028460261551,,,,,,,9.565028460261551,"rgba(38, 166, 154, 1.0)",0.6452207039120463,9.966716657192796,1.2372252439624487,69.54659287936049,15.382583308910469,True,False,True,False,True,6.81164933094399,0.0,0.0,0.0,0.0,0,,,False,False,False,False,,,False,False,False,False,-42896.0,-61153.854667040876,False,False,False,False,10522.273691354882,False,False,False,False
2025-04-11 18:00:00+00:00,10.765,10.79,10.685,10.715,9082.0,,,,,,,,,,,,,,,,,,9.601816736729496,,,,,,,9.601816736729496,"rgba(38, 166, 154, 1.0)",0.6401896326603279,9.980558691046282,1.1472246214012,69.62386329979502,15.655372875934972,True,False,True,False,True,6.1430879956492355,0.0,0.0,0.0,0.0,0,,,False,False,False,False,,,False,False,False,False,-51978.0,-61011.593354373574,False,False,False,False,10499.943866682712,False,False,False,False
2025-04-11 19:00:00+00:00,10.715,10.78,10.64,10.645,23378.0,,,,,,,,,,,,,,,,,,9.683496684106327,,,,,,,9.683496684106327,"rgba(38, 166, 154, 1.0)",0.6348971896625794,10.011932519842425,0.9971181011118081,68.27927289838881,15.655372875934972,True,False,True,False,True,5.20673648782666,0.0,0.0,0.0,0.0,0,,,False,False,False,False,,,False,False,False,False,-75356.0,-61233.987255856155,False,False,False,False,10699.603651695383,False,False,False,False
2025-04-14 14:00:00+00:00,10.855,11.01,10.85,10.94,13263.0,,,,,,,,,,,,,,,,,,9.73462110884941,,,,,,,9.73462110884941,"rgba(38, 166, 154, 1.0)",0.6345315573691328,10.12345223522431,1.2868513083277129,69.923839039814,16.188692147775996,True,False,True,False,True,8.50636724832594,0.0,0.0,0.0,0.0,0,,,False,False,False,False,,,False,False,False,False,-62093.0,-61247.30528289714,False,False,False,False,10739.346230738865,False,False,False,False
2025-04-14 15:00:00+00:00,10.94,10.985,10.815,10.82,8972.0,,,,,,,,,,,,,,,,,,9.765281847592522,,,,,,,9.765281847592522,"rgba(38, 166, 154, 1.0)",0.6333911803833293,10.132773923111273,1.0849947049670268,68.7738669301774,16.188692147775996,True,False,True,False,True,6.899187014957697,0.0,0.0,0.0,0.0,0,,,False,False,False,False,,,False,False,False,False,-71065.0,-61399.517604092536,False,False,False,False,10711.945513983223,False,False,False,False
2025-04-14 16:00:00+00:00,10.825,10.86,10.76,10.805,5001.0,,,,,,,,,,,,,,,,,,9.780704969944974,,,,,,,9.780704969944974,"rgba(38, 166, 154, 0.75)",0.6321007660004678,10.136826745094327,1.0570676240964694,67.72406815041967,16.188692147775996,True,False,True,False,False,6.698627307155203,0.0,0.0,0.0,0.0,0,,,False,False,False,False,,,False,False,False,False,-76066.0,-61626.904928060096,False,False,False,False,10623.403723068754,False,False,False,False
2025-04-14 17:00:00+00:00,10.8,10.94,10.795,10.905,5819.0,,,,,,,,,,,,,,,,,,9.799298582689982,,,,,,,9.799298582689982,"rgba(38, 166, 154, 0.75)",0.6241143418570924,10.143933587296468,1.219434263341761,68.02634523938815,16.188692147775996,True,False,True,False,False,7.817809832851598,0.0,0.0,0.0,0.0,0,,,False,False,False,False,,,False,False,False,False,-70247.0,-61760.54981289637,False,False,False,False,10548.916843641331,False,False,False,False
2025-04-14 18:00:00+00:00,10.9,10.92,10.87,10.88,4101.0,,,,,,,,,,,,,,,,,,9.81214702426946,,,,,,,9.81214702426946,"rgba(38, 166, 154, 0.75)",0.6170715714763759,10.14904219312148,1.1845591997208147,67.67865241856737,16.188692147775996,True,False,True,False,False,7.47306516527712,0.0,0.0,0.0,0.0,0,,,False,False,False,False,,,False,False,False,False,-74348.0,-61955.704079363095,False,False,False,False,10448.94914063914,False,False,False,False
2025-04-14 19:00:00+00:00,10.88,10.925,10.845,10.86,23983.0,,,,,,,,,,,,,,,,,,9.880755669379083,,,,,,,9.880755669379083,"rgba(38, 166, 154, 0.75)",0.6123134906327075,10.176360191407642,1.116486602125894,66.97463690359162,16.188692147775996,True,False,True,False,False,7.193761533053596,0.0,0.0,0.0,0.0,0,,,False,False,False,False,,,False,False,False,False,-98331.0,-62519.66215565204,False,False,False,False,10658.779386520704,False,False,False,False
2025-04-15 14:00:00+00:00,10.83,10.93,10.73,10.83,8950.0,,,,,,,,,,,,,,,,,,9.90305032898938,,,,,,,9.90305032898938,"rgba(38, 166, 154, 0.75)",0.6068711812490609,10.184875056740001,1.0630344020162636,65.75215422202743,18.605313549012138,True,False,True,False,False,6.769900880388594,0.0,0.0,0.0,0.0,0,,,False,False,False,False,,,False,False,False,False,-107281.0,-63213.63638579697,False,False,False,False,10632.286682853717,False,False,False,False
2025-04-15 15:00:00+00:00,10.835,10.875,10.73,10.755,2856.0,,,,,,,,,,,,,,,,,,9.909623560688544,,,,,,,9.909623560688544,"rgba(38, 166, 154, 0.75)",0.5996643205138165,10.18723597129921,0.9468030851232043,63.07266022995417,16.003303655978527,True,False,True,False,False,5.708167030617247,0.0,0.0,0.0,0.0,0,,,False,False,False,False,0.18837831454448362,0.18837831454448362,False,False,False,False,-110137.0,-63941.130395319495,False,False,False,False,10511.724098623428,False,False,False,False
2025-04-15 16:00:00+00:00,10.755,10.78,10.715,10.735,4247.0,,,,,,,,,,,,,,,,,,9.918745271604207,,,,,,,9.918745271604207,"rgba(38, 166, 154, 0.75)",0.5896041808621187,10.190270084502028,0.9238908630218113,60.78956830563003,13.880885010431193,True,False,True,False,False,5.424015107293506,0.0,0.0,0.0,0.0,0,0.9725892328929208,0.9627292447249067,False,False,False,False,0.17219989874005903,0.18028910664227132,False,False,False,False,-114384.0,-64723.1903891905,False,False,False,False,10414.596593218414,False,False,False,False
2025-04-15 17:00:00+00:00,10.735,10.815,10.715,10.795,3018.0,,,,,,,,,,,,,,,,,,9.925351259968592,,,,,,,9.925351259968592,"rgba(38, 166, 154, 0.75)",0.5843100574551522,10.192678072984776,1.0308258763138847,60.437267230069416,13.542992272651759,True,False,True,False,False,6.165892235734798,0.0,0.0,0.0,0.0,0,0.9680221081721281,0.9634820371101465,False,False,False,False,0.17733751003056136,0.17881330833641634,False,False,False,False,-111366.0,-65446.33472424182,False,False,False,False,10299.920677044483,False,False,False,False
2025-04-15 18:00:00+00:00,10.795,10.81,10.75,10.795,6021.0,,,,,,,,,,,,,,,,,,9.93838207773593,,,,,,,9.93838207773593,"rgba(38, 166, 154, 0.75)",0.5795247586997004,10.197611863580052,1.030824183871502,60.20239984636234,13.216603961792053,True,False,True,False,False,6.165892235734798,0.0,0.0,0.0,0.0,0,0.9687500000000001,0.9636075949367092,False,False,False,False,0.1817485529357016,0.180280930636059,False,False,False,False,-111366.0,-66158.26751921482,False,False,False,False,10233.580821586429,False,False,False,False
2025-04-15 19:00:00+00:00,10.795,10.855,10.78,10.81,14043.0,,,,,,,,,,,,,,,,,,9.968315975726098,,,,,,,9.968315975726098,"rgba(38, 166, 154, 0.75)",0.5782327300405004,10.209871782017938,1.0378662203020372,60.37784939711548,13.216603961792053,True,False,True,False,False,6.356420932258061,0.0,0.0,0.0,0.0,0,0.9703087885985751,0.9608076009501191,False,False,False,False,0.19280723091926147,0.18654408077766022,False,False,False,False,-97323.0,-66641.44166620373,False,False,False,False,10292.641584042452,False,False,False,False
2025-04-16 14:00:00+00:00,11.045,11.09,10.855,10.855,19125.0,,,,,,,,,,,,,,,,,,10.011199307892015,,,,,,,10.011199307892015,"rgba(38, 166, 154, 1.0)",0.57860233118927,10.23043541295788,1.079436693174705,61.50347984849785,13.216603961792053,True,False,True,False,True,6.933170674078017,0.0,0.0,0.0,0.0,0,0.9691975671963902,0.9511477339611539,False,False,False,False,0.23904704808137237,0.2127955644295163,False,False,False,False,-78198.0,-66820.61311323932,False,False,False,False,10429.577373437143,False,False,False,False
2025-04-16 15:00:00+00:00,10.855,11.095,10.845,11.065,16304.0,,,,,,,,,,,,,,,,,,10.04735176561894,,,,,,,10.04735176561894,"rgba(38, 166, 154, 1.0)",0.5825515636613846,10.248877904689827,1.4009439613907781,65.73367253414152,12.740090983536504,True,False,True,False,True,9.55175288950754,0.0,0.0,0.0,0.0,0,0.9676539360872956,0.9534294621979736,False,False,False,False,0.23829374144098583,0.22554465293525106,False,False,False,False,-61894.0,-66744.23151458445,False,True,False,False,10520.653693228816,False,True,False,False
2025-04-16 16:00:00+00:00,11.065,11.105,10.955,11.02,7179.0,,,,,,,,,,,,,,,,,,10.062842263052332,,,,,,,10.062842263052332,"rgba(38, 166, 154, 1.0)",0.5858172239016362,10.326919545521806,1.1831001653761006,66.94811408169025,13.795431881986211,True,False,True,False,True,8.846438963386785,0.0,0.0,0.0,0.0,0,0.9689574385005859,0.9578289730573998,False,False,False,False,0.25644865239060416,0.2409966526629276,False,False,False,False,-69073.0,-66780.33645234282,False,False,False,False,10468.845108837671,False,False,False,False
2025-04-16 17:00:00+00:00,11.015,11.02,10.835,10.845,8510.0,,,,,,,,,,,,,,,,,,10.078250329642922,,,,,,,10.078250329642922,"rgba(38, 166, 154, 0.75)",0.5926986837590662,10.32733627015363,0.8734011801126296,62.64205212511382,16.201057647910716,True,False,True,False,False,6.159854120522887,0.0,0.0,0.0,0.0,0,0.9658603199375733,0.9611783066718693,False,False,False,False,0.2255273220039475,0.23326198733343756,False,False,False,False,-77583.0,-66947.81960812044,False,False,False,False,10438.475417227784,False,False,False,False
2025-04-16 18:00:00+00:00,10.845,10.955,10.845,10.875,4470.0,,,,,,,,,,,,,,,,,,10.086038819950065,,,,,,,10.086038819950065,"rgba(38, 166, 154, 0.5)",0.5990675938339359,10.329369516331314,0.9107995312794996,60.39832730981404,14.299392020008469,False,False,True,False,False,6.543550269402857,0.0,0.0,0.0,0.0,0,0.9625949736995911,0.9639586986167937,False,False,False,False,0.2173053005701123,0.22528364395177491,False,False,False,False,-73113.0,-67043.4038002426,False,False,False,False,10345.940914635104,False,False,False,False
2025-04-16 19:00:00+00:00,10.875,11.0,10.86,10.975,24614.0,,,,,,,,,,,,,,,,,,10.12905915045115,,,,,,,10.12905915045115,"rgba(38, 166, 154, 0.5)",0.607780951235463,10.34919459553902,1.0296561667305923,60.85752138039298,14.299392020008469,False,False,True,False,False,7.81721847742601,0.0,0.0,0.0,0.0,0,0.9670693686671866,0.9610288386593926,False,False,False,False,0.22627625156962275,0.22577994776069882,False,False,False,False,-48499.0,-66755.89366380472,False,False,False,False,10567.151133012854,False,False,False,False
2025-04-17 14:00:00+00:00,10.88,10.92,10.73,10.765,16974.0,,,,,,,,,,,,,,,,,,10.151625654551527,,,,,,,10.151625654551527,"rgba(38, 166, 154, 0.5)",0.6126778248942233,10.355067922114785,0.6690826095362427,56.239603997449606,10.620489375265848,False,True,True,False,False,4.641973986030081,0.0,0.0,0.0,0.0,0,0.9611068111455111,0.9582043343653253,False,False,False,False,0.195024483619332,0.2104022156900154,False,False,False,False,-65473.0,-66736.00383955968,False,False,False,False,10666.4821231987,False,False,False,False
2025-04-17 15:00:00+00:00,10.775,10.895,10.75,10.785,9827.0,,,,,,,,,,,,,,,,,,10.16410958075899,,,,,,,10.16410958075899,"rgba(38, 166, 154, 0.5)",0.6175181873529808,10.359192918406483,0.689545814705082,53.602282866097816,8.309121562120453,False,True,True,False,False,4.903153816073726,0.0,0.0,0.0,0.0,1,0.9612343297974928,0.9598842815814853,False,False,False,False,0.19428519000150252,0.20234370284575898,False,False,False,False,-55646.0,-66564.0657955355,False,False,False,False,10653.466896482441,False,False,False,False
2025-04-17 16:00:00+00:00,10.785,10.88,10.77,10.865,4148.0,,,,,,,,,,,,,,,,,,10.169463082708978,,,,,,,10.169463082708978,"rgba(38, 166, 154, 0.5)",0.6234748960029948,10.361295077401527,0.8078992848431441,53.584611265732235,8.309121562120453,False,True,True,False,False,5.949384513144047,0.0,0.0,0.0,0.0,0,0.9632850241545895,0.9628985507246379,False,False,False,False,0.195024483619332,0.1986840932325455,False,False,False,False,-51498.0,-66330.48338010084,False,False,False,False,10552.606944598992,False,False,False,False
2025-04-17 17:00:00+00:00,10.86,10.945,10.825,10.9,4294.0,,,,,,,,,,,,,,,,,,10.175337411587208,,,,,,,10.175337411587208,"rgba(38, 166, 154, 0.5)",0.6292679645200209,10.364030995337606,0.8517341337584367,54.30644661383769,8.309121562120453,False,True,True,False,False,6.40643516785396,0.0,0.0,0.0,0.0,0,0.962044926413633,0.9641750580945008,False,False,False,False,0.2128327913973934,0.20575844231496943,False,False,False,False,-47204.0,-66033.94875405276,False,False,False,False,10455.574278791257,False,False,False,False
2025-04-17 18:00:00+00:00,10.9,10.945,10.89,10.91,3331.0,,,,,,,,,,,,,,,,,,10.179985884366902,,,,,,,10.179985884366902,"rgba(38, 166, 154, 0.5)",0.635035800934457,10.366335417917089,0.8561164288421336,55.00893323359685,8.309121562120453,False,True,True,False,False,6.538549142930826,0.0,0.0,0.0,0.0,1,0.9652764306498548,0.9604267701260916,False,False,False,False,0.2225340812037397,0.21414626175935456,False,False,False,False,-43873.0,-65690.36815321473,False,False,False,False,10345.115762841006,False,False,False,False
2025-04-17 19:00:00+00:00,10.915,10.92,10.805,10.835,13609.0,,,,,,,,,,,,,,,,,,10.196841989247712,,,,,,,10.196841989247712,"rgba(38, 166, 154, 0.5)",0.6385519936924849,10.373584129306527,0.722597181202574,53.3645546872452,7.681093498675999,False,True,True,False,False,5.35412097208048,0.0,0.0,0.0,0.0,1,0.9630131680867547,0.9593338497288927,False,False,False,False,0.2061396637803548,0.21014296276985467,False,False,False,False,-57482.0,-65563.10663145946,False,False,False,False,10395.718619231067,False,False,False,False
2025-04-18 14:00:00+00:00,10.835,10.835,10.835,10.835,0.0,,,,,,,,,,,,,,,,,,10.196841989247712,,,,,,,10.196841989247712,#000000,0.6422510244276586,10.373584129306527,0.7184353985338735,52.26830232301077,6.439263921955977,False,True,False,False,False,5.35412097208048,0.0,0.0,0.0,0.0,0,0.9623854999025533,0.967647632040538,False,False,False,False,0.19798377289895938,0.20406336783440704,False,False,False,False,-57482.0,-65437.81815655311,False,False,False,False,10234.544687149964,False,False,False,False
2025-04-18 15:00:00+00:00,10.835,10.835,10.835,10.835,0.0,,,,,,,,,,,,,,,,,,10.196841989247712,,,,,,,10.196841989247712,#000000,0.6458000136711489,10.373584129306527,0.7144872420650541,51.53746741352115,5.521504623466733,False,True,False,False,False,5.35412097208048,0.0,0.0,0.0,0.0,0,0.9609497645211933,0.9689952904238621,False,False,False,False,0.19798377289895938,0.20102357036668322,False,False,False,False,-57482.0,-65314.472138622055,False,False,False,False,10075.869575721283,False,False,False,False
2025-04-18 16:00:00+00:00,10.835,10.835,10.835,10.835,0.0,,,,,,,,,,,,,,,,,,10.196841989247712,,,,,,,10.196841989247712,#000000,0.6496217055797617,10.373584129306527,0.7102839494589824,51.050244140528065,4.8040105804153725,False,True,False,False,False,5.35412097208048,0.0,0.0,0.0,0.0,0,0.9571061474599726,0.9727218817948213,False,False,False,False,0.19798377289895938,0.1995036716328213,False,False,False,False,-57482.0,-65193.03846205427,False,False,False,False,9919.654543539556,False,False,False,False
2025-04-18 17:00:00+00:00,10.835,10.835,10.835,10.835,0.0,,,,,,,,,,,,,,,,,,10.196841989247712,,,,,,,10.196841989247712,#000000,0.6528582341319378,10.373584129306527,0.7067627343430652,50.72542862519934,4.214152666186735,False,True,False,False,False,5.35412097208048,0.0,0.0,0.0,0.0,0,0.9539865132883778,0.9716382387941296,False,False,False,False,0.20515857450032557,0.20233112306657342,False,False,False,False,-57482.0,-65073.487478146446,False,False,False,False,9765.861449841268,False,False,False,False
2025-04-18 18:00:00+00:00,10.835,10.835,10.835,10.835,0.0,,,,,,,,,,,,,,,,,,10.196841989247712,,,,,,,10.196841989247712,#000000,0.6561616959036616,10.373584129306527,0.7032045204315295,50.50888494831353,3.710087260054067,False,True,False,False,False,5.354120972080469,0.0,0.0,0.0,0.0,1,0.9561490930835163,0.9706996212876224,False,False,False,False,0.20515857450032557,0.2037448487834495,False,False,False,False,-57482.0,-64955.789997865104,False,False,False,False,9614.452745192566,False,False,False,False
2025-04-18 19:00:00+00:00,10.835,10.835,10.835,10.835,0.0,,,,,,,,,,,,,,,,,,10.196841989247712,,,,,,,10.196841989247712,#000000,0.6596726119484975,10.373584129306527,0.6994619184364402,50.36452249705632,3.268099054734961,False,True,False,False,False,5.354120972080469,0.0,0.0,0.0,0.0,0,0.9593593593593596,0.9665665665665668,False,False,False,False,0.20515857450032557,0.20445171164188752,False,False,False,False,-57482.0,-64839.91728471991,False,False,False,False,9465.391462321362,False,False,False,False
2025-04-21 14:00:00+00:00,10.685,10.785,10.575,10.605,21908.0,,,,,,,,,,,,,,,,,,10.214590079050737,,,,,,,10.214590079050737,"rgba(239, 83, 80, 1.0)",0.6605631163110975,10.37615739468214,0.3464356390284509,42.923422363294904,-3.7355146105570682,False,True,False,True,False,1.4321371774285545,0.0,0.0,0.0,0.0,0,0.9518982309679986,0.9650168952494537,False,False,False,False,0.15893130979275424,0.18169151071732087,False,False,False,False,-79390.0,-65065.49996247619,False,False,False,False,9658.300121820255,False,False,False,False
2025-04-21 15:00:00+00:00,10.605,10.61,10.45,10.57,15530.0,,,,,,,,,,,,,,,,,,10.223376193623078,,,,,,,10.223376193623078,"rgba(239, 83, 80, 1.0)",0.6607459407353147,10.375355729647042,0.29458261996486446,37.30789695768914,-8.643138656827773,False,True,False,True,False,0.8572155185167745,0.0,0.0,0.0,0.0,0,0.9468570295459054,0.9730319254412061,False,False,False,False,0.11482991379291171,0.14826071225511628,False,False,False,False,-94920.0,-65528.36042817423,False,False,False,False,9749.334228458702,False,False,False,False
2025-04-21 16:00:00+00:00,10.57,10.585,10.43,10.44,8940.0,,,,,,,,,,,,,,,,,,10.227340365369868,,,,,,,10.227340365369868,"rgba(239, 83, 80, 1.0)",0.6604570353137993,10.374260234567059,0.09953677819739816,31.595945768252122,-13.49279643276597,False,True,False,True,False,0.0,0.0,0.0,0.0,0.0,0,0.951516360734238,0.9698723064644854,False,False,False,False,0.10825698184413647,0.12825884704962637,False,False,False,False,-103860.0,-66122.64941378393,False,False,False,False,9736.786410963217,False,False,False,False
2025-04-21 17:00:00+00:00,10.44,10.51,10.38,10.45,6649.0,,,,,,,,,,,,,,,,,,10.229784459569311,,,,,,,10.229784459569311,"rgba(239, 83, 80, 1.0)",0.6605630140232597,10.373146890144854,0.11634485767990504,28.299383683151614,-16.104284836676456,False,True,False,True,False,0.0,0.0,0.0,0.0,0.0,0,0.9475886807493029,0.9730968513351935,False,False,False,False,0.09004584512589106,0.10915234608775871,False,False,False,False,-97211.0,-66604.63934535318,False,False,False,False,9688.913753428904,False,False,False,False
2025-04-21 18:00:00+00:00,10.455,10.49,10.41,10.455,4285.0,,,,,,,,,,,,,,,,,,10.231366568599396,,,,,,,10.231366568599396,"rgba(239, 83, 80, 1.0)",0.6608704197584496,10.372540438315761,0.12477417541910558,26.380795018747552,-17.616420737885377,False,True,False,True,False,0.0,0.0,0.0,0.0,0.0,0,0.9479561316051848,0.9744765702891328,False,False,False,False,0.09150038781242754,0.10032636695009313,False,False,False,False,-92926.0,-67012.72245627794,False,False,False,False,9605.13214484861,False,False,False,False
2025-04-21 19:00:00+00:00,10.455,10.57,10.445,10.54,35600.0,,,,,,,,,,,,,,,,,,10.247415659672699,,,,,,,10.247415659672699,"rgba(239, 83, 80, 0.75)",0.6614246295236805,10.372917717318588,0.25260970823196327,29.486024525514452,-17.616420737885377,False,True,False,True,True,0.43538433774645924,0.0,0.0,0.0,0.0,0,0.9474522292993632,0.9727308917197454,False,False,False,False,0.10825698184413647,0.1042916743971148,False,False,False,False,-57326.0,-66862.54071276975,False,False,False,False,10008.153351905221,False,False,False,False
2025-04-22 14:00:00+00:00,10.735,10.79,10.675,10.745,18048.0,,,,,,,,,,,,,,,,,,10.260904899103169,,,,,,,10.260904899103169,"rgba(239, 83, 80, 0.75)",0.6635243601983081,10.379630970073341,0.5506490067937517,38.3168959925254,-18.857730186827112,False,True,False,True,True,3.7379914186096457,0.0,0.0,0.0,0.0,0,0.9516097175587597,0.9662255579695834,False,False,False,False,0.17450407698051287,0.13939787568881384,False,False,False,False,-39278.0,-66434.87341489735,False,False,False,False,10132.802137147,False,False,False,False
2025-04-22 15:00:00+00:00,10.735,10.795,10.69,10.755,18813.0,,,,,,,,,,,,,,,,,,10.274475605959138,,,,,,,10.274475605959138,"rgba(239, 83, 80, 0.75)",0.6655104184887826,10.386617109604643,0.5535343702535397,44.453814157017646,-13.585951167033066,False,True,False,True,True,3.894755233291388,0.0,0.0,0.0,0.0,0,0.9552386611210142,0.9675183204594974,False,False,False,False,0.17747961630189407,0.15843874599535396,False,False,False,False,-20465.0,-65722.1621991625,False,False,False,False,10267.378848198985,False,False,False,False
2025-04-22 16:00:00+00:00,10.755,10.77,10.53,10.595,9892.0,,,,,,,,,,,,,,,,,,10.27964658327736,,,,,,,10.27964658327736,"rgba(239, 83, 80, 0.75)",0.6659249815715569,10.388559131185927,0.310006193680978,44.11166385189996,-13.585951167033066,False,True,False,True,True,1.1594519850774496,0.0,0.0,0.0,0.0,0,0.9502369668246448,0.9670221169036337,False,False,False,False,0.1500672566308513,0.15425300131310263,False,False,False,False,-30357.0,-65173.86511080339,False,False,False,False,10261.559021095125,False,False,False,False
2025-04-22 17:00:00+00:00,10.605,10.625,10.495,10.51,6816.0,,,,,,,,,,,,,,,,,,10.282250908179345,,,,,,,10.282250908179345,"rgba(239, 83, 80, 0.75)",0.6487136127378154,10.389050755891235,0.18644474500591016,42.104435734812625,-13.585951167033066,False,True,False,True,True,0.0,0.0,0.0,0.0,0.0,0,0.9437092632826388,0.9766936598854435,False,False,False,False,0.12360931584163724,0.13893115857736993,False,False,False,False,-37173.0,-64739.743171101014,False,False,False,False,10208.139501388223,False,False,False,False
2025-04-22 18:00:00+00:00,10.51,10.59,10.465,10.495,17368.0,,,,,,,,,,,,,,,,,,10.288005564311145,,,,,,,10.288005564311145,"rgba(239, 83, 80, 1.0)",0.6325486699217827,10.389757815557857,0.16637800290554036,40.46386419416552,-13.585951167033066,False,True,False,True,False,0.0,0.0,0.0,0.0,0.0,0,0.9416058394160584,0.9775103570724011,False,False,False,False,0.1140991102584505,0.1265151344179102,False,False,False,False,-54541.0,-64581.62312193666,False,False,False,False,10319.145090513986,False,False,False,False
2025-04-22 19:00:00+00:00,10.495,10.54,10.375,10.385,45489.0,,,,,,,,,,,,,,,,,,10.296785170094415,,,,,,,10.296785170094415,"rgba(239, 83, 80, 1.0)",0.6157138975235169,10.387449584989728,-0.0039784468071627,37.3346104928684,-13.585951167033066,False,True,False,True,False,0.0,0.0,0.0,0.0,0.0,0,0.9424857199133347,0.9763639944849323,False,False,False,False,0.09368292793982529,0.11009903117886774,False,False,False,False,-100030.0,-65131.21036035625,False,False,False,False,10864.414158878111,False,False,False,False
2025-04-23 14:00:00+00:00,10.23,10.35,10.105,10.29,19375.0,,,,,,,,,,,,,,,,,,10.295569716540067,,,,,,,10.295569716540067,"rgba(239, 83, 80, 1.0)",0.600592050239434,10.38253723351994,-0.1540766873005563,33.82298972182173,-8.12612938968553,False,True,False,True,False,0.0,0.0,0.0,0.0,0.0,0,0.9333984375000001,0.9798828125000002,False,False,False,False,0.027055764523064914,0.06857739785096632,False,False,False,False,-119405.0,-65972.66446329646,False,False,False,False,10996.361226182327,False,False,False,False
2025-04-23 15:00:00+00:00,10.29,10.36,10.175,10.225,4898.0,,,,,,,,,,,,,,,,,,10.29530355429699,,,,,,,10.29530355429699,"rgba(239, 83, 80, 1.0)",0.5817169910340022,10.381394241862768,-0.2688493619290332,30.626302643222346,-11.351749054821852,False,True,False,True,False,0.0,0.0,0.0,0.0,0.0,0,0.9401792673421671,0.9779812938425567,False,False,False,False,0.038609321098876145,0.053593359474921234,False,False,False,False,-124303.0,-66877.01075068722,False,False,False,False,10901.812990117485,False,False,False,False
2025-04-23 16:00:00+00:00,10.225,10.345,10.21,10.265,6357.0,,,,,,,,,,,,,,,,,,10.295125320527552,,,,,,,10.295125320527552,"rgba(239, 83, 80, 1.0)",0.5622707580920431,10.380098453364106,-0.20470289750558857,30.06568724376535,-12.195697701795012,False,True,False,True,False,0.0,0.0,0.0,0.0,0.0,0,0.9381178331356269,0.9891261368129698,False,False,False,False,0.0414992002780869,0.04754627987650407,False,False,False,False,-117946.0,-67668.77802587036,False,False,False,False,10831.350773216438,False,False,False,False
2025-04-23 17:00:00+00:00,10.265,10.29,10.13,10.195,11445.0,,,,,,,,,,,,,,,,,,10.293827935972086,,,,,,,10.293827935972086,"rgba(239, 83, 80, 1.0)",0.551565813703897,10.376956012570192,-0.3298899388783964,28.639597859347894,-13.970056028358655,False,True,False,True,False,0.0,0.0,0.0,0.0,0.0,0,0.9333069463684941,0.9916881060755988,False,False,False,False,0.022003534968987843,0.03477490742274596,False,False,False,False,-129391.0,-68625.71169988788,False,False,False,False,10840.864714716958,False,False,False,False
2025-04-23 18:00:00+00:00,10.195,10.205,10.125,10.125,4183.0,,,,,,,,,,,,,,,,,,10.29308389595679,,,,,,,10.29308389595679,"rgba(239, 83, 80, 1.0)",0.5368085705737534,10.375587869960679,-0.4668104864511474,26.74939209769464,-16.189747181311887,False,True,False,True,False,0.0,0.0,0.0,0.0,0.0,0,0.9352603444862404,0.9891110671154227,False,False,False,False,0.009016622963237367,0.021895765192991662,False,False,False,False,-133574.0,-69632.66190609116,False,False,False,False,10737.642005961656,False,False,False,False
2025-04-23 19:00:00+00:00,10.125,10.155,10.1,10.11,23178.0,,,,,,,,,,,,,,,,,10.121666666666666,10.288252840229736,,,,,,,10.2049597534482,"rgba(239, 83, 80, 1.0)",0.5150167232481098,10.347121292506928,-0.4604147434503707,25.292705268565363,-17.994070406799956,False,True,False,True,False,0.0,0.0,0.0,0.0,0.0,0,0.934972244250595,0.9902854877081684,False,False,False,False,-0.0018032949906143124,0.010046235101188674,False,False,False,False,-156752.0,-70983.34931839982,False,False,True,False,10930.515773311086,False,False,True,False
2025-04-24 14:00:00+00:00,10.14,10.33,10.105,10.255,15317.0,,,,,,,,,,,,,,,,,10.164772048317964,10.28718774533152,,,,,,,10.225979896824743,"rgba(239, 83, 80, 0.75)",0.4991064267520704,10.34785835904472,-0.18604921529260543,29.96843069821511,-17.994070406799956,False,True,False,True,True,0.0,0.0,0.0,0.0,0.0,0,0.9370932754880695,0.981857621770854,False,False,False,False,0.02416862365564484,0.017107429378416757,False,False,False,False,-141435.0,-72075.62297237811,False,False,False,False,10998.523280701611,False,False,False,False
2025-04-24 15:00:00+00:00,10.255,10.335,10.215,10.325,8045.0,,,,,,,,,,,,,,,,,10.186707312705916,10.28723034891989,,,,,,,10.236968830812902,"rgba(239, 83, 80, 0.75)",0.4745150013292318,10.34873996052334,-0.05002994732903814,35.22901317532998,-21.704230466126734,False,True,False,True,True,0.0,0.0,0.0,0.0,0.0,0,0.94384236453202,0.9797044334975371,False,False,False,False,0.040776667417465336,0.028942048397941046,False,False,False,False,-133390.0,-73026.2334689304,False,False,False,False,10952.73222208608,False,False,False,False
2025-04-24 16:00:00+00:00,10.33,10.39,10.3,10.365,4029.0,,,,,,,,,,,,,,,,,10.199850171712578,10.287535848588872,,,,,,,10.243693010150725,"rgba(239, 83, 80, 0.75)",0.4496448247989323,10.349609686936358,0.034227710883861874,39.88940061905705,-17.388368367041835,False,True,False,True,True,0.0,0.0,0.0,0.0,0.0,0,0.9503167062549486,0.9782264449722883,False,False,False,False,0.061026448685635636,0.04498424854178834,False,False,False,False,-129361.0,-73899.64070197023,False,False,False,False,10845.387536472343,False,False,False,False
2025-04-24 17:00:00+00:00,10.365,10.395,10.345,10.36,4583.0,,,,,,,,,,,,,,,,,10.213712225606807,10.28796031409765,,,,,,,10.250836269852229,"rgba(239, 83, 80, 0.5)",0.4394985881763477,10.350581293741266,0.021430572275135933,42.850512710726676,-14.652752945666201,False,False,False,True,True,0.0,0.0,0.0,0.0,0.0,0,0.9468973747016709,0.9815035799522674,False,False,False,False,0.06826978275638738,0.05662701564908786,False,False,False,False,-133944.0,-74830.56100116449,False,False,False,False,10748.296256837111,False,False,False,False
2025-04-24 18:00:00+00:00,10.365,10.39,10.335,10.34,4417.0,,,,,,,,,,,,,,,,,10.224188616002731,10.288305113757444,,,,,,,10.256246864880087,"rgba(239, 83, 80, 0.5)",0.42859449744862205,10.351232742895098,-0.02620832269654732,44.19927555573305,-13.283053627892905,False,False,False,True,True,0.0,0.0,0.0,0.0,0.0,0,0.9472636815920401,0.9769154228855722,False,False,False,False,0.06609606586126078,0.06136154075517432,False,False,False,False,-138361.0,-75815.52904765807,False,False,False,False,10650.136624948163,False,False,False,False
2025-04-24 19:00:00+00:00,10.345,10.345,10.285,10.29,17795.0,,,,,,,,,,,,,,,,,10.243159932268238,10.288677855401279,,,,,,,10.265918893834758,"rgba(239, 83, 80, 0.5)",0.4106759205404003,10.351162441271729,-0.14893116010124802,43.57247960950018,-13.283053627892905,False,False,False,True,True,0.0,0.0,0.0,0.0,0.0,0,0.9466348068498608,0.9774990043807249,False,False,False,False,0.05234281535646913,0.056852178055821725,False,False,False,False,-156156.0,-77061.1177445936,False,False,False,False,10760.909700530363,False,False,False,False
2025-04-25 14:00:00+00:00,10.275,10.34,10.18,10.2,3846.0,,,,,,,,,,,,,,,,,10.243010281984978,10.28846521784892,,,,,,,10.265737749916948,"rgba(239, 83, 80, 0.5)",0.3931844694631521,10.350567666818673,-0.38294408480644326,40.826396877543935,-13.283053627892905,False,False,False,True,False,0.0,0.0,0.0,0.0,0.0,0,0.9455484896661369,0.9761526232114469,False,False,False,False,0.036442337266173026,0.04664725766099738,False,False,False,False,-160002.0,-78347.02289584021,False,False,False,False,10653.701798196558,False,False,False,False
2025-04-25 15:00:00+00:00,10.195,10.3,10.115,10.265,4850.0,,,,,,,,,,,,,,,,,10.242089220698738,10.288126659527785,,,,,,,10.26510794011326,"rgba(239, 83, 80, 0.5)",0.36892042404734443,10.34970702022394,-0.22960783600603546,41.54447276000039,-13.283053627892905,False,False,False,True,False,0.0,0.0,0.0,0.0,0.0,0,0.9436536180308424,0.9752866745749311,False,False,False,False,0.021281885573816665,0.03396457161740702,False,False,False,False,-155152.0,-79537.79773466439,False,False,False,False,10563.721925356302,False,False,False,False
2025-04-25 16:00:00+00:00,10.265,10.305,10.245,10.27,5679.0,,,,,,,,,,,,,,,,,10.244023352481861,10.288032367682755,,,,,,,10.266027860082307,"rgba(239, 83, 80, 0.5)",0.3402168757168219,10.349211935492127,-0.23282776706837718,42.215707915373685,-13.283053627892905,False,False,False,True,False,0.0,0.0,0.0,0.0,0.0,0,0.9472840248546806,0.9847664862697937,False,False,False,False,0.04077666741746482,0.03737061951743592,False,False,False,False,-149473.0,-80622.06443645254,False,False,False,False,10487.98980248256,False,False,False,False
2025-04-25 17:00:00+00:00,10.27,10.3,10.22,10.235,4697.0,,,,,,,,,,,,,,,,,10.244395626806034,10.287841661195895,,,,,,,10.266118644000965,"rgba(239, 83, 80, 0.5)",0.31908476944235814,10.348616286993275,-0.35606928902258445,41.59059482586507,-13.283053627892905,False,False,False,True,False,0.0,0.0,0.0,0.0,0.0,0,0.9410936871733016,0.9875351829513475,False,False,False,False,0.043807249184802076,0.040588934351119,False,False,False,False,-154170.0,-81762.34250720522,False,False,False,False,10398.207014847172,False,False,False,False
2025-04-25 18:00:00+00:00,10.235,10.275,10.19,10.215,3668.0,,,,,,,,,,,,,,,,,10.243746004155678,10.287592155026974,,,,,,,10.265669079591326,"rgba(239, 83, 80, 0.5)",0.30192420443750095,10.347995465217727,-0.440492889483649,40.56421242762318,-13.283053627892905,False,False,False,True,False,0.0,0.0,0.0,0.0,0.0,0,0.9438292732031409,0.983088383329978,False,False,False,False,0.03570076209572695,0.03814484822342298,False,False,False,False,-157838.0,-82941.81006523305,False,False,False,False,10293.86272004334,False,False,False,False
2025-04-25 19:00:00+00:00,10.215,10.275,10.205,10.255,10138.0,,,,,,,,,,,,,,,,,10.243861323270623,10.287117375904467,,,,,,,10.265489349587545,"rgba(239, 83, 80, 0.5)",0.28594277446765953,10.346641333670215,-0.32048836988737744,41.77721185783178,-13.283053627892905,False,False,False,True,False,0.0,0.0,0.0,0.0,0.0,0,0.9449929478138225,0.9812613338706432,False,False,False,False,0.037911112360432396,0.038027980291927686,False,False,False,False,-147700.0,-83945.81300995812,False,False,False,False,10291.446243763598,False,False,False,False
2025-04-28 14:00:00+00:00,10.295,10.525,10.285,10.495,28666.0,,,,,,,,,,,,,,,,,10.28330600109425,10.29163610797252,,,,,,,10.287471054533384,#000000,0.2834134756820689,10.351072344728978,0.5078363155620662,49.738058873933745,-5.706278637440796,True,False,False,False,True,0.99957859503413,0.0,0.0,0.0,0.0,0,0.9468319008594843,0.9708175094943036,False,False,False,False,0.08667120253154706,0.062349591411737376,False,False,False,False,-119034.0,-84489.81590902853,False,False,False,False,10576.323046185867,False,False,False,False
2025-04-28 15:00:00+00:00,10.495,10.495,10.365,10.415,13354.0,,,,,,,,,,,,,,,,,10.295733144185679,10.293507839601027,,,,,,,10.294620491893353,"rgba(38, 166, 154, 1.0)",0.2763371586037926,10.35252491227153,0.22608283317425537,52.28689967102542,-3.423638143427425,True,False,True,False,True,0.0,0.0,0.0,0.0,0.0,0,0.9490916350568976,0.9742463565581954,False,False,False,False,0.09408936213062824,0.07821947677118281,False,False,False,False,-132388.0,-85232.42341431491,False,False,False,False,10619.38780515973,False,False,False,False
2025-04-28 16:00:00+00:00,10.415,10.5,10.415,10.46,9335.0,,,,,,,,,,,,,,,,,10.305126095575206,10.295109212981712,,,,,,,10.30011765427846,"rgba(38, 166, 154, 1.0)",0.26934015132747924,10.35386590085819,0.39405227411774313,55.03536357261156,-0.8919673133918948,True,False,True,False,True,0.3520830189660096,0.0,0.0,0.0,0.0,0,0.9559569717881066,0.9839659021717072,False,False,False,False,0.13197518658930255,0.10509733168024268,False,False,False,False,-123053.0,-85818.78894277514,False,False,False,False,10599.474815932446,False,False,False,False
2025-04-28 17:00:00+00:00,10.46,10.56,10.455,10.505,8133.0,,,,,,,,,,,,,,,,,10.314783371629451,10.296884924279803,,,,,,,10.305834147954627,"rgba(38, 166, 154, 1.0)",0.26840189376487056,10.355485571523028,0.5570542978655464,57.87700513547679,1.7638557628345666,True,False,True,False,True,1.1870569171147878,0.0,0.0,0.0,0.0,0,0.9560975609756098,0.9684959349593496,False,False,False,False,0.1623678215870739,0.13373257663365828,False,False,False,False,-114920.0,-86269.97050955382,False,False,False,False,10561.234896305587,False,False,False,False
2025-04-28 18:00:00+00:00,10.505,10.58,10.505,10.535,12482.0,,,,,,,,,,,,,,,,,10.330211301487644,10.299976860625778,,,,,,,10.31509408105671,"rgba(38, 166, 154, 1.0)",0.2635059019459575,10.358350348181007,0.6703821451984857,60.43232619379409,4.189246858777004,True,False,True,False,True,1.7444714372054015,0.0,0.0,0.0,0.0,0,0.9638775510204083,0.9630612244897961,False,False,False,False,0.1740148266516172,0.15387370164263775,False,False,False,False,-102438.0,-86520.63763343671,False,False,False,False,10591.014200238833,False,False,False,False
2025-04-28 19:00:00+00:00,10.535,10.63,10.535,10.63,19471.0,,,,,,,,,,,,,,,,,10.356096497969586,10.305780848856635,,,,,,,10.330938673413112,"rgba(38, 166, 154, 1.0)",0.26069911205644564,10.38187478855114,0.951768533047926,64.00072747772398,7.5673760117946856,True,False,True,False,True,3.4894580512306312,0.0,0.0,0.0,0.0,0,0.9687436159346273,0.955056179775281,False,False,False,False,0.18738335907716583,0.17062853035990178,False,False,False,False,-82967.0,-86465.54247632915,False,False,False,False,10728.688398684742,False,False,False,False
2025-04-29 14:00:00+00:00,10.295,10.42,10.285,10.4,13522.0,,,,,,,,,,,,,,,,,10.35686537642403,10.306614646022052,,,,,,,10.33174001122304,"rgba(38, 166, 154, 0.75)",0.259576109757329,10.374444246652619,0.0984518697474625,59.108748519199295,7.5673760117946856,True,False,True,False,False,0.0,0.0,0.0,0.0,0.0,0,0.957777777777778,0.9555555555555558,False,False,False,False,0.11126569800233234,0.14094711418111705,False,False,False,False,-96489.0,-86620.9449185566,False,False,False,False,10771.995555294281,False,False,False,False
2025-04-29 15:00:00+00:00,10.4,10.45,10.345,10.365,8391.0,,,,,,,,,,,,,,,,,10.357983744491554,10.307271370813737,,,,,,,10.332627557652646,"rgba(38, 166, 154, 0.75)",0.25801901249869735,10.372672998417709,-0.029738112487922155,55.027400986655344,12.17737394880045,True,False,True,False,False,0.0,0.0,0.0,0.0,0.0,0,0.9602341542188132,0.9549858700040375,False,False,False,False,0.12603069164284814,0.1334889029119826,False,False,False,False,-104880.0,-86904.0310438503,False,False,False,False,10735.080895522276,False,False,False,False
2025-04-29 16:00:00+00:00,10.365,10.435,10.36,10.4,3830.0,,,,,,,,,,,,,,,,,10.358663257499144,10.307611082106543,,,,,,,10.333137169802843,"rgba(38, 166, 154, 0.75)",0.25409661566042585,10.372213682380046,0.1093533558002511,53.247503802787975,10.521777001772698,True,False,True,False,False,0.0,0.0,0.0,0.0,0.0,0,0.9811794228356338,0.9514847344207445,False,False,False,False,0.12603069164284814,0.12975979727741538,False,False,False,False,-101050.0,-87123.34839200765,False,False,False,False,10628.02537776224,False,False,False,False
2025-04-29 17:00:00+00:00,10.4,10.445,10.385,10.42,1984.0,,,,,,,,,,,,,,,,,10.359164886738444,10.307821423780096,,,,,,,10.33349315525927,#000000,0.2549407633015656,10.372107500218895,0.1878573640436356,52.614778919341575,9.740905830288902,True,False,False,False,False,0.0,0.0,0.0,0.0,0.0,0,0.9873577749683944,0.9346818373367045,False,False,False,False,0.13178707786142774,0.13077343756942156,False,False,False,False,-99066.0,-87308.50578127884,False,False,False,False,10494.009480432593,False,False,False,False
2025-04-29 18:00:00+00:00,10.415,10.43,10.365,10.38,3354.0,,,,,,,,,,,,,,,,,10.359633219340905,10.308093921875672,,,,,,,10.333863570608289,#000000,0.2560462021933733,10.371742772444641,0.032248974929625224,51.00903658644683,7.915879029901809,True,False,False,False,False,0.0,0.0,0.0,0.0,0.0,0,0.986915486915487,0.9440154440154443,False,False,False,False,0.12603069164284814,0.12840206460613485,False,False,False,False,-102420.0,-87542.79251335203,False,False,False,False,10383.311659030536,False,False,False,False
2025-04-29 19:00:00+00:00,10.38,10.49,10.375,10.485,21353.0,,,,,,,,,,,,,,,,,10.367226579357801,10.3109705757541,,,,,,,10.339098577555951,"rgba(38, 166, 154, 0.75)",0.2562667177583207,10.372896073862158,0.43745019688262454,52.89002633201339,7.915879029901809,True,False,True,False,False,0.7961385956540497,0.0,0.0,0.0,0.0,0,0.9734475374732335,0.9379014989293364,False,False,False,False,0.13755216087046018,0.13297711273829751,False,False,False,False,-81067.0,-87442.39262942408,False,False,False,False,10553.384346487426,False,False,False,False
2025-04-30 14:00:00+00:00,10.475,10.58,10.44,10.57,9269.0,,,,,,,,,,,,,,,,,10.37295485206756,10.312881124731565,,,,,,,10.342917988399563,"rgba(38, 166, 154, 1.0)",0.2554730288473926,10.37486518610083,0.7638176710064137,56.077398363636405,7.915879029901809,True,False,True,False,True,2.3828790697405324,0.0,0.0,0.0,0.0,0,0.981541103241039,0.933676754668384,False,False,False,False,0.16319826756236905,0.1480876901503333,False,False,False,False,-71798.0,-87199.84390648728,False,False,False,False,10533.47141088297,False,False,False,False
2025-04-30 15:00:00+00:00,10.565,10.58,10.495,10.535,3193.0,,,,,,,,,,,,,,,,,10.37491574104987,10.31355155057198,,,,,,,10.344233645810924,"rgba(38, 166, 154, 1.0)",0.25511986230816364,10.375543230639796,0.6250268713597608,56.98730409259892,7.915879029901809,True,False,True,False,True,1.6938100092250927,0.0,0.0,0.0,0.0,0,0.9841201716738198,0.9285407725321891,False,False,False,False,0.17234817614955464,0.16021793314994398,False,False,False,False,-74991.0,-87010.55950483632,False,False,False,False,10419.665652574708,False,False,False,False
2025-04-30 16:00:00+00:00,10.53,10.57,10.505,10.545,8124.0,,,,,,,,,,,,,,,,,10.379797902947303,10.315264565980877,,,,,,,10.347531234464089,"rgba(38, 166, 154, 1.0)",0.2550725387022136,10.377233142415141,0.6577221461723846,57.84676017377244,7.915879029901809,True,False,True,False,True,1.8836284395031981,0.0,0.0,0.0,0.0,0,0.9930780878217611,0.9273199221284883,False,False,False,False,0.1723481761495552,0.16628305464974957,False,False,False,False,-66867.0,-86698.25625669933,False,False,False,False,10384.073937030913,False,False,False,False
2025-04-30 17:00:00+00:00,10.545,10.615,10.52,10.575,7162.0,,,,,,,,,,,,,,,,,10.384630810257864,10.316952125171628,,,,,,,10.350791467714746,"rgba(38, 166, 154, 1.0)",0.25167489396490184,10.379007851892293,0.7787512890937734,59.208378292372075,3.482953389084038,True,False,True,False,True,2.4586426611094474,0.0,0.0,0.0,0.0,0,0.9885355829547914,0.9284014709063382,False,False,False,False,0.18236264643560743,0.1743228505426785,False,False,False,False,-59705.0,-86279.75615969625,False,False,False,False,10334.119302348263,False,False,False,False
2025-04-30 18:00:00+00:00,10.575,10.625,10.565,10.585,4907.0,,,,,,,,,,,,,,,,,10.38817343278516,10.318193395236118,,,,,,,10.35318341401064,"rgba(38, 166, 154, 1.0)",0.2501112725341283,10.380347286752036,0.8182466594744929,60.38858319132495,4.971379761252912,True,False,True,False,True,2.6521699151380673,0.0,0.0,0.0,0.0,0,0.9958659704090516,0.9264577893820716,False,False,False,False,0.19157442085324644,0.18294863569796246,False,False,False,False,-54798.0,-85791.66691691025,False,False,False,False,10249.977917815731,False,False,False,False
2025-04-30 19:00:00+00:00,10.585,10.695,10.57,10.66,17440.0,,,,,,,,,,,,,,,,,10.402705804943041,10.323305910102073,,,,,,,10.363005857522557,"rgba(38, 166, 154, 1.0)",0.24888558824493717,10.40436078397988,1.0271354714542003,63.07987771234642,7.807494710233357,True,False,True,False,True,4.099739584857804,0.0,0.0,0.0,0.0,0,0.9952184307759186,0.9202347315800915,False,False,False,False,0.20418822122529043,0.19356842846162645,False,False,False,False,-37358.0,-85040.757352307,False,False,False,False,10361.451128392231,False,False,False,False
2025-05-01 14:00:00+00:00,10.16,10.29,10.105,10.185,10267.0,,,,,,,,,,,,,,,,,10.395870285986236,10.32210772812696,,,,,,,10.358989007056598,#000000,0.24988696543735128,10.388942694725815,-0.8161397869187554,52.95761275133164,8.938641855567916,True,False,False,False,False,0.0,0.0,0.0,0.0,0.0,0,0.981260647359455,0.9248296422487225,False,False,False,False,0.060736318931382226,0.12715237369650434,False,False,False,False,-47625.0,-84460.66809103092,False,False,False,False,10359.986769812505,False,False,False,False
2025-05-01 15:00:00+00:00,10.185,10.28,10.075,10.075,6965.0,,,,,,,,,,,,,,,,,10.390398353471623,10.320996645477079,,,,,,,10.355697499474351,"rgba(239, 83, 80, 0.5)",0.25347446874645774,10.38147513956219,-1.2090966836930122,44.90364384085039,1.9043621773242023,False,False,False,True,False,0.0,0.0,0.0,0.0,0.0,0,0.9783623249893934,0.9287229529062371,False,False,False,False,0.05424429869540672,0.09069833619595553,False,False,False,False,-54590.0,-83997.55695783664,False,False,False,False,10307.351316016962,False,False,False,False
2025-05-01 16:00:00+00:00,10.075,10.085,10.015,10.055,5368.0,,,,,,,,,,,,,,,,,10.384834568498094,10.31971271400881,,,,,,,10.352273641253452,"rgba(239, 83, 80, 1.0)",0.2574038261753748,10.375420079869489,-1.2448147513206742,39.304842870183464,-2.7619863211029667,False,True,False,True,False,0.0,0.0,0.0,0.0,0.0,0,0.9831196581196582,0.9358974358974362,False,False,False,False,0.01294188216660553,0.051820109181280535,False,False,False,False,-59958.0,-83624.85064841282,False,False,False,False,10230.772225846156,False,False,False,False
2025-05-01 17:00:00+00:00,10.055,10.1,10.015,10.04,7760.0,,,,,,,,,,,,,,,,,10.377107134886758,10.317878148839368,,,,,,,10.347492641863063,"rgba(239, 83, 80, 1.0)",0.2616870595140503,10.368205843800592,-1.2541921041493869,35.38704483506826,-6.008561802821745,False,True,False,True,False,0.0,0.0,0.0,0.0,0.0,0,0.979434447300771,0.9361610968294772,False,False,False,False,0.015368840061107909,0.03359447462119422,False,False,False,False,-67718.0,-83378.23280890254,False,False,False,False,10192.465679709007,False,False,False,False
2025-05-01 18:00:00+00:00,10.035,10.105,10.02,10.09,5809.0,,,,,,,,,,,,,,,,,10.371894435940899,10.316623124107341,,,,,,,10.34425878002412,"rgba(239, 83, 80, 1.0)",0.26533380302370096,10.363913787275747,-1.0323365668236388,34.44230384939763,-6.773421990236002,False,True,False,True,False,0.0,0.0,0.0,0.0,0.0,0,0.9756780025828667,0.9416702539819197,False,False,False,False,0.01698691080680209,0.025290692713998156,False,False,False,False,-61909.0,-83045.37648628389,False,False,False,False,10124.504971496464,False,False,False,False
2025-05-01 19:00:00+00:00,10.085,10.12,10.055,10.07,17912.0,,,,,,,,,,,,,,,,,10.357385194054398,10.312987314888812,,,,,,,10.335186254471605,"rgba(239, 83, 80, 1.0)",0.2693028704563494,10.353514023901766,-1.052770152138873,33.48554757182194,-7.8707498955847015,False,True,False,True,False,0.0,0.0,0.0,0.0,0.0,0,0.9743146988992014,0.9408590546082453,False,False,False,False,0.02507876840267049,0.025184730558334322,False,False,False,False,-79821.0,-82995.3861531632,False,False,False,False,10245.241328527527,False,False,False,False
2025-05-02 14:00:00+00:00,9.97,10.02,9.91,9.965,12876.0,,,,,,,,,,,,,,,,,10.34377319585777,10.309158981978545,,,,,,,10.326466088918156,"rgba(239, 83, 80, 1.0)",0.2746883902018889,10.344383760164584,-1.3811423187042857,31.257874102256707,-10.311369961271865,False,True,False,True,False,0.0,0.0,0.0,0.0,0.0,0,0.9713608957795005,0.9397071490094746,False,False,False,False,-0.014559867752549098,0.005312431402892612,False,False,False,False,-92697.0,-83145.79877094361,False,False,False,False,10286.028284674387,False,False,False,False
2025-05-02 15:00:00+00:00,9.965,9.995,9.87,9.925,9181.0,,,,,,,,,,,,,,,,9.93,10.333785416940534,10.306207886918138,,,,9.93,,,10.18999776795289,"rgba(239, 83, 80, 1.0)",0.28058574511253065,10.310801934179697,-1.374987649586289,29.229503346869393,-12.610419700097339,False,True,False,True,False,0.0,1.0,9.995,9.87,0.0,0,0.9694886119467127,0.939836699613236,False,False,False,False,-0.025078800775963063,-0.009883184686535226,False,False,False,False,-101878.0,-83436.2204954251,False,False,False,False,10268.896063206566,False,False,False,False
2025-05-02 16:00:00+00:00,9.93,9.96,9.89,9.895,3773.0,,,,,,,,,,,,,,,,9.925631079203335,10.329671949696666,10.304960562693926,,,,9.925631079203335,,,10.18675453053131,"rgba(239, 83, 80, 1.0)",0.28646740927472086,10.30811315989619,-1.4420947951535252,27.46776567710586,-14.695621230406282,False,True,False,True,False,0.0,0.0,0.0,0.0,0.0,0,0.9749455337690632,0.9492374727668844,False,False,False,False,-0.027506950278547004,-0.018695067482541114,False,False,False,False,-105651.0,-83780.63568154254,False,False,False,False,10168.184496335147,False,False,False,False
2025-05-02 17:00:00+00:00,9.895,10.01,9.885,10.005,8016.0,,,,,,,,,,,,,,,,9.941317358130663,10.322251493305517,10.302684391903673,,,,9.941317358130663,,,10.188751081113283,"rgba(239, 83, 80, 1.0)",0.28829003476384363,10.30501163652986,-1.0406590598097425,30.54157069182291,-14.695621230406282,False,True,False,True,False,0.0,0.0,0.0,0.0,0.0,0,0.9647470987519159,0.9500766367418436,False,False,False,False,-0.020223359981770796,-0.019459213732155957,False,False,False,False,-97635.0,-83995.43202756514,False,False,False,False,10134.81729484158,False,False,False,False
2025-05-02 18:00:00+00:00,10.005,10.055,9.99,10.02,7114.0,,,,,,,,,,,,,,,,9.961670761524948,10.316895590014349,10.301016319214124,,,,9.961670761524948,,,10.193194223584474,"rgba(239, 83, 80, 0.75)",0.28436748208059776,10.303527997808978,-0.9970478893526165,33.11969238877196,-14.695621230406282,False,True,False,True,True,0.0,0.0,0.0,0.0,0.0,0,0.9665640123185218,0.947426308842939,False,False,False,False,0.004044123319326674,-0.007707545206414642,False,False,False,False,-90521.0,-84096.603624037,False,False,False,False,10087.982918177368,False,False,False,False
2025-05-02 19:00:00+00:00,10.015,10.055,10.0,10.02,17721.0,,,,,,,,,,,,,,,,9.986171524214969,10.304490303951804,10.296994562050623,,,,9.986171524214969,,,10.1958854634058,"rgba(239, 83, 80, 0.75)",0.2809892434862042,10.298709917796268,-0.991888210161868,34.83844018673799,-14.695621230406282,False,True,False,True,True,0.0,0.0,0.0,0.0,0.0,0,0.9673936990526547,0.9433795990306235,False,False,False,False,0.005661808749560913,-0.0010228682284268644,False,False,False,False,-90521.0,-84196.20666862557,False,False,False,False,10206.324268283144,False,False,False,False
2025-05-05 14:00:00+00:00,10.135,10.42,10.125,10.39,7532.0,,,,,,,,,,,,,,,,10.032136415621427,10.304617633987112,10.297084867566973,,,,10.032136415621427,,,10.211279639058503,"rgba(239, 83, 80, 0.5)",0.27706980289391003,10.302351332038645,0.31634146718946465,45.015927856740085,-12.75514274029834,False,False,False,True,True,0.4447372725726879,0.0,0.0,0.0,0.0,0,0.9721132897603486,0.9285403050108934,False,False,False,False,0.08513151580037741,0.04205432378597527,False,False,False,False,-82989.0,-84177.49028616626,False,False,False,False,10164.861876526817,False,False,False,False
2025-05-05 15:00:00+00:00,10.38,10.46,10.365,10.385,7795.0,,,,,,,,,,,,,,,,10.07946809090711,10.30639761801769,10.297757368255665,,,,10.07946809090711,,,10.227874359060154,"rgba(38, 166, 154, 1.0)",0.2723291596050003,10.307033552243288,0.28629489353912035,51.6564656582631,-6.835332521847008,True,False,True,False,True,0.3504412775063557,0.0,0.0,0.0,0.0,0,0.9814612868047984,0.9267175572519085,False,False,False,False,0.13096421389061133,0.0865092688382933,False,False,False,False,-90784.0,-84279.91679335748,False,False,False,False,10128.1198319295,False,False,False,False
2025-05-05 16:00:00+00:00,10.385,10.41,10.365,10.37,5442.0,,,,,,,,,,,,,,,,10.104170897547593,10.307333359223714,10.298126522363026,,,,10.104170897547593,,,10.236543593044779,"rgba(38, 166, 154, 1.0)",0.264826562315986,10.309511597191594,0.2284076124366676,55.60978918254041,-3.398935075958903,True,False,True,False,True,0.06323972650026377,0.0,0.0,0.0,0.0,0,0.9995390643005302,0.9200276561419682,False,False,False,False,0.1104468926830054,0.09847808076064934,False,False,False,False,-96226.0,-84465.12738570852,False,False,False,False,10055.46681127943,False,False,False,False
2025-05-05 17:00:00+00:00,10.375,10.475,10.36,10.47,6160.0,,,,,,,,,,,,,,,,10.132189530801735,10.309104977138398,10.298804759740497,,,,10.132189530801735,,,10.246699755893545,"rgba(38, 166, 154, 1.0)",0.26183718550218654,10.312708960187166,0.6007207857476804,59.95994919930098,0.5457252192964859,True,False,True,False,True,1.9571583165767592,0.0,0.0,0.0,0.0,0,0.9904828226555247,0.9192200557103066,False,False,False,False,0.12085736690139849,0.10966772383102391,False,False,False,False,-90066.0,-84551.96262003861,False,False,False,False,9995.071976996027,False,False,False,False
2025-05-05 18:00:00+00:00,10.47,10.47,10.435,10.45,4987.0,,,,,,,,,,,,,,,,10.152688912906424,10.310688784186176,10.29941553523347,,,,10.152688912906424,,,10.254264410775356,"rgba(38, 166, 154, 1.0)",0.2583269455763483,10.315210299794723,0.5217794833773526,62.156346521736026,2.6395319469248975,True,False,True,False,True,1.5622602027943522,0.0,0.0,0.0,0.0,0,0.9915927136851935,0.9163942083138721,False,False,False,False,0.13303611999876105,0.12135192191489248,False,False,False,False,-95053.0,-84714.76940112328,False,False,False,False,9917.427450220895,False,False,False,False
2025-05-05 19:00:00+00:00,10.45,10.52,10.445,10.475,16510.0,,,,,,,,,,,,,,,,10.210036346849764,10.316695075920354,10.301773098155566,,,,10.210036346849764,,,10.276168173641894,"rgba(38, 166, 154, 1.0)",0.2529877681051115,10.323072183598653,0.6005342374427529,64.08275185398203,4.688311348262502,True,False,True,False,True,2.039796088096285,0.0,0.0,0.0,0.0,0,0.9929577464788734,0.9136150234741786,False,False,False,False,0.14048210362230185,0.13091701276859716,False,False,False,False,-78543.0,-84619.08305381905,False,False,False,False,10019.637877349254,False,False,False,False
2025-05-06 14:00:00+00:00,10.64,10.77,10.61,10.625,6840.0,,,,,,,,,,,,,,,,10.241051686438247,10.32178826091253,10.303745042491435,,,,10.241051686438247,,,10.288861663280738,"rgba(38, 166, 154, 1.0)",0.2477041791338112,10.328277747466984,1.1978895696092584,67.70351375945224,8.401094087633084,True,False,True,False,True,4.833260740978581,0.0,0.0,0.0,0.0,0,0.9934548854604952,0.9062646096306686,False,False,False,False,0.21482804401300218,0.17287252839079967,False,False,False,False,-71703.0,-84418.83370414744,False,False,False,False,9970.341166072521,False,False,False,False
2025-05-06 15:00:00+00:00,10.625,10.75,10.62,10.64,9316.0,,,,,,,,,,,,,,,,10.277252348555537,10.328524633341361,10.306409051823309,,,,10.277252348555537,,,10.304062011240068,"rgba(38, 166, 154, 1.0)",0.24216168003892402,10.334779735103337,1.2603986925082586,70.31781858990725,11.184958555611608,True,False,True,False,True,5.10632755666618,0.0,0.0,0.0,0.0,0,0.9927434456928839,0.906132958801498,False,False,False,False,0.2121712383657583,0.19252188337827897,False,False,False,False,-62387.0,-84077.25488702889,False,False,False,False,9960.196341792327,False,False,False,False
2025-05-06 16:00:00+00:00,10.635,10.65,10.615,10.615,5894.0,,,,,,,,,,,,,,,,10.294963307275767,10.332129616712825,10.307876079715117,,,,10.294963307275767,,,10.311656334567902,"rgba(38, 166, 154, 1.0)",0.23813413208706521,10.33813111694632,1.1626593828744092,70.97616645595852,12.251304204444622,True,False,True,False,True,4.579628895212622,0.0,0.0,0.0,0.0,0,0.9900630150266603,0.9444983034415901,False,False,False,False,0.19299854771853742,0.1927602155484082,False,False,False,False,-68281.0,-83832.3517104858,False,False,False,False,9897.15453804361,False,False,False,False
2025-05-06 17:00:00+00:00,10.62,10.715,10.62,10.65,4664.0,,,,,,,,,,,,,,,,10.30910448275387,10.335252797116114,10.309153877685251,,,,10.30910448275387,,,10.317837052518412,"rgba(38, 166, 154, 1.0)",0.23447856660725555,10.340934321315663,1.3180977824809597,72.00173554822646,13.784429458526645,True,False,True,False,True,5.2349217584923835,0.0,0.0,0.0,0.0,0,0.9958128078817735,0.9236453201970445,False,False,False,False,0.2057639190339285,0.19926206729116835,False,False,False,False,-63617.0,-83518.93540489687,False,False,False,False,9816.020359159213,False,False,False,False
2025-05-06 18:00:00+00:00,10.655,10.775,10.655,10.75,5561.0,,,,,,,,,,,,,,,,10.327459843801877,10.339626439610857,10.310944128350508,,,,10.327459843801877,,,10.326010137254414,"rgba(38, 166, 154, 1.0)",0.23252398888157835,10.344737378342973,1.742885212000307,74.15196073293728,16.373160311915385,True,False,True,False,True,7.07762695010922,0.0,0.0,0.0,0.0,0,1.0002479543763947,0.9085048351103397,False,False,False,False,0.2231955879706244,0.21122882763089637,False,False,False,False,-58056.0,-83124.16121257289,False,False,False,False,9750.051051265273,False,False,False,False
2025-05-06 19:00:00+00:00,10.75,10.94,10.74,10.94,58962.0,,,,,,,,,,,,,,,,10.500998096706711,10.396159558802834,10.33540046764597,,,,10.500998096706711,,,10.410852707718504,"rgba(38, 166, 154, 1.0)",0.23550836331048658,10.388789674596289,2.3405127429679116,77.49612072108599,19.97469994604397,True,False,True,False,True,10.386416365818292,0.0,0.0,0.0,0.0,0,1.0029865604778496,0.9021901443504232,False,False,False,False,0.2697437977280639,0.24048631267948012,False,False,False,False,906.0,-81821.36801547873,False,False,False,False,10513.027003958834,False,False,False,False
2025-05-07 14:00:00+00:00,11.35,11.57,11.295,11.455,24628.0,,,,,,,,,,,,,,,,10.611070344033203,10.44038672263655,10.355106470109442,,,,10.611070344033203,,,10.468854512259732,"rgba(38, 166, 154, 1.0)",0.26066403422554024,10.484970669326344,3.721377724992683,82.08668136822016,24.571784332893515,True,False,True,False,True,18.058490729600994,0.0,0.0,0.0,0.0,0,1.0117302052785921,0.8907624633431085,False,False,False,False,0.3428282220014958,0.29165726734048797,False,False,False,False,25534.0,-80156.94370516123,False,False,False,False,10731.863794595132,False,False,False,False
2025-05-07 15:00:00+00:00,11.455,11.56,11.36,11.485,9783.0,,,,,,,,,,,,,,,,10.649212248554887,10.457401248855142,10.362939926969153,,,,10.649212248554887,,,10.489851141459729,"rgba(38, 166, 154, 1.0)",0.28486138560535684,10.49693825658242,3.468570305932681,85.23005172627353,27.70558872997246,True,False,True,False,True,18.457562905017333,0.0,0.0,0.0,0.0,0,1.0158497927334795,0.8853938063886858,False,False,False,False,0.34282822101482696,0.31724274417765747,False,False,False,False,35317.0,-78366.65000430602,False,False,False,False,10717.152728012261,False,False,False,False
2025-05-07 16:00:00+00:00,11.485,11.495,11.31,11.395,22700.0,,,,,,,,,,,,,,,,10.719469286294363,10.49226407798206,10.379600646623926,,,,10.719469286294363,,,10.530444670300115,"rgba(38, 166, 154, 1.0)",0.3028454694697827,10.518781418971304,2.8932860794079747,84.64764942016993,27.70558872997246,True,False,True,False,True,16.494595471252747,0.0,0.0,0.0,0.0,0,1.009240759240759,0.8991008991008991,False,False,False,False,0.32374152990479205,0.32049213704122476,False,False,False,False,12617.0,-76956.05077943306,False,False,False,False,10902.933305872535,False,False,False,False
2025-05-07 17:00:00+00:00,11.395,11.4,11.26,11.295,6639.0,,,,,,,,,,,,,,,,10.735422621961495,10.501104162939155,10.383990730376723,,,,10.735422621961495,,,10.540172505092459,"rgba(38, 166, 154, 0.75)",0.3185999355287341,10.523803167416094,2.420580629760838,81.50771590928198,27.70558872997246,True,False,True,False,False,14.366434431063137,0.0,0.0,0.0,0.0,0,1.0082355877214875,0.8986773146992766,False,False,False,False,0.29999468775470894,0.3102434123979668,False,False,False,False,5978.0,-75670.25154254262,False,False,False,False,10836.825812758232,False,False,False,False
2025-05-07 18:00:00+00:00,11.355,11.41,11.16,11.275,11930.0,,,,,,,,,,,,,,,,10.760376638279189,10.515831128479334,10.391471629682258,,,,10.760376638279189,,,10.555893132146927,"rgba(38, 166, 154, 0.75)",0.3328785185440819,10.531953686710846,2.232184631615859,78.86866524906428,27.70558872997246,True,False,True,False,False,13.94422229824865,0.0,0.0,0.0,0.0,0,1.0122103164714675,0.894094193869923,False,False,False,False,0.2854203621551265,0.29783188727654664,False,False,False,False,-5952.0,-74589.34841785203,False,False,False,False,10853.774249769733,False,False,False,False
2025-05-07 19:00:00+00:00,11.275,11.28,11.095,11.17,22155.0,,,,,,,,,,,,,,,,10.793322567474872,10.538370803742051,10.403514501576666,,,,10.793322567474872,,,10.578402624264529,"rgba(38, 166, 154, 0.75)",0.34341399384877386,10.543206934441432,1.825182074072913,74.31521585827264,31.475126503648383,True,False,True,False,False,11.74862786824659,0.0,0.0,0.0,0.0,0,1.0169660678642716,0.8919660678642717,False,False,False,False,0.254234626302259,0.2760332567894028,False,False,False,False,-28107.0,-73868.69185323417,False,False,False,False,11028.987052098884,False,False,False,False
2025-05-08 14:00:00+00:00,10.755,10.84,10.69,10.75,10204.0,,,,,,,,,,,,,,,,10.792164082401216,10.541773219834427,10.405999342171778,,,,10.792164082401216,,,10.57997888146914,"rgba(38, 166, 154, 0.75)",0.3451716115810162,10.541586046800067,0.6037980708938341,63.913817540158114,21.895311742202168,True,False,True,False,False,3.808269808785081,0.0,0.0,0.0,0.0,0,1.00320197044335,0.9017241379310346,False,False,False,False,0.12377363123505539,0.1999034440122291,False,False,False,False,-38311.0,-73317.40980899798,False,False,False,False,11016.196555167118,False,False,False,False
2025-05-08 15:00:00+00:00,10.75,10.895,10.71,10.825,12031.0,,,,,,,,,,,,,,,,10.792866397414834,10.546541954888404,10.409292521574404,,,,10.792866397414834,,,10.582900291292548,"rgba(38, 166, 154, 0.5)",0.3478382403379995,10.541301242071796,0.8156054309972615,58.18821421633845,16.948822458950417,False,False,True,False,False,4.976179261767847,0.0,0.0,0.0,0.0,0,1.0123213405618534,0.889600788565796,False,False,False,False,0.09762800553403728,0.14876572477313318,False,False,False,False,-26280.0,-72588.14764141661,False,False,False,False,11031.929941908715,False,False,False,False
2025-05-08 16:00:00+00:00,10.825,10.87,10.735,10.845,9969.0,,,,,,,,,,,,,,,,10.793618408888975,10.550463561660328,10.412025606565146,,,,10.793618408888975,,,10.585369192371482,"rgba(38, 166, 154, 0.5)",0.3505858931395599,10.54153128360567,0.8656044704957007,54.704263034739554,13.9614750517704,False,False,True,False,False,5.287375055494877,0.0,0.0,0.0,0.0,0,1.0070617906683481,0.9119798234552334,False,False,False,False,0.09762800553403655,0.12319686515358487,False,False,False,False,-16311.0,-71715.63372449542,False,False,False,False,11015.450407925633,False,False,False,False
2025-05-08 17:00:00+00:00,10.85,10.855,10.765,10.785,9989.0,,,,,,,,,,,,,,,,10.7938653982435,10.55406539010859,10.414627473237353,,,,10.7938653982435,,,10.587519420529814,#000000,0.3510527539217297,10.54179321640822,0.6927926953280809,51.4340188066193,10.965793181409019,False,True,False,False,False,4.209764551652736,0.0,0.0,0.0,0.0,0,1.0089035868735692,0.9040956499618419,False,False,False,False,0.0935825570131252,0.10838971108335504,False,False,False,False,-26300.0,-71011.51537217766,False,False,False,False,10999.536448112833,False,False,False,False
2025-05-08 18:00:00+00:00,10.785,10.87,10.78,10.835,11168.0,,,,,,,,,,,,,,,,10.795008787198315,10.558392716455248,10.417693211639845,,,,10.795008787198315,,,10.590364905097802,#000000,0.35207429089085834,10.542727383020289,0.8301447295119758,50.22517069944994,9.672278818930685,False,True,False,False,False,5.008590156084047,0.0,0.0,0.0,0.0,0,1.0045965270684374,0.9032175689479062,False,False,False,False,0.057032414856847194,0.08271106297010111,False,False,False,False,-15132.0,-70145.16629664002,False,False,False,False,11002.148286126587,False,False,False,False
2025-05-08 19:00:00+00:00,10.835,10.835,10.75,10.785,33247.0,,,,,,,,,,,,,,,,10.79455860553845,10.568783291502493,10.425729300297604,,,,10.79455860553845,,,10.596357065779516,"rgba(239, 83, 80, 1.0)",0.35371424309145394,10.544752085016404,0.679214704174295,48.52450578364105,7.709609666525708,False,True,False,True,False,4.097802860166187,0.0,0.0,0.0,0.0,0,1.0005254860746193,0.929584866001051,False,False,False,False,0.04302324406695196,0.06286715351852654,False,False,False,False,-48379.0,-69807.70635405646,False,False,False,False,11347.029708047105,False,False,False,False
2025-05-09 14:00:00+00:00,10.89,11.185,10.875,11.15,9827.0,,,,,,,,,,,,,,,,10.801686579518861,10.575342634529532,10.42981361026334,,,,10.801686579518861,,,10.602280941437243,"rgba(38, 166, 154, 0.5)",0.3624065210319495,10.548882505137218,1.6586828877998807,53.163620051988595,7.709609666525708,False,False,True,False,True,9.64008475467007,0.0,0.0,0.0,0.0,0,0.9827450980392157,0.9134640522875814,False,False,False,False,0.1461456488555693,0.10450640118704792,False,False,False,False,-38552.0,-69323.12175941993,False,False,False,False,11323.463355984359,False,False,False,False
2025-05-09 15:00:00+00:00,11.15,11.34,11.145,11.335,6079.0,,,,,,,,,,,,,,,,10.809117928102356,10.58094787089854,10.433108621885454,,,,10.809117928102356,,,10.607724806962116,"rgba(38, 166, 154, 0.5)",0.37578472848448286,10.552866888809586,2.0813328799834703,58.16566909053172,-1.038354837048466,False,False,True,False,True,12.179777488790634,0.0,0.0,0.0,0.0,0,0.9981593478832504,0.9034972390218248,False,False,False,False,0.24104446542600372,0.1727754333065258,False,False,False,False,-32473.0,-68751.80204221961,False,False,False,False,11242.153846589252,False,False,False,False
2025-05-09 16:00:00+00:00,11.335,11.47,11.3,11.345,10344.0,,,,,,,,,,,,,,,,10.823806411198142,10.591607163801756,10.439305915331367,,,,10.823806411198142,,,10.61823983011042,"rgba(38, 166, 154, 1.0)",0.3884481947441567,10.560661173709338,2.0191594063328084,61.59786356068165,2.361120033047179,True,False,True,False,True,12.31412869156388,0.0,0.0,0.0,0.0,0,1.002664535038636,0.9115374367172926,False,False,False,False,0.30705154013923985,0.23991348672288282,False,False,False,False,-22129.0,-68028.96790203016,False,False,False,False,11228.228980750659,False,False,False,False
2025-05-09 17:00:00+00:00,11.34,11.48,11.34,11.47,6422.0,,,,,,,,,,,,,,,,10.833476405279574,10.598565670912645,10.443350608355418,,,,10.833476405279574,,,10.625130894849212,"rgba(38, 166, 154, 1.0)",0.40349852919565554,10.565801351252517,2.240897012809282,65.0889720893707,5.851646905937962,True,False,True,False,True,13.978718941800746,0.0,0.0,0.0,0.0,0,1.0072580645161293,0.9080645161290322,False,False,False,False,0.31888853943411455,0.2794010130784987,False,False,False,False,-15707.0,-67217.77460122349,False,False,False,False,11153.713802754524,False,False,False,False
2025-05-09 18:00:00+00:00,11.47,11.53,11.385,11.525,18185.0,,,,,,,,,,,,,,,,10.861418243941237,10.618805769903414,10.455198167720297,,,,10.861418243941237,,,10.645140727188316,"rgba(38, 166, 154, 1.0)",0.4185518577878395,10.580809369828657,2.2558510077141887,67.91544183018095,8.764590420293608,True,False,True,False,True,14.69766843988463,0.0,0.0,0.0,0.0,0,1.014324324324324,0.8970270270270266,False,False,False,False,0.34162240293517326,0.310511708006836,False,False,False,False,2478.0,-66137.21995624328,False,False,False,False,11262.725991859104,False,False,False,False
2025-05-09 19:00:00+00:00,11.53,11.61,11.515,11.6,31572.0,,,,,,,,,,,,,,,,10.911224149238773,10.655464706518083,10.47698499842756,,,,10.911224149238773,,,10.681224618061472,"rgba(38, 166, 154, 1.0)",0.435125559180619,10.665006420079223,2.1487902978658724,70.46926279841558,11.484406563169323,True,False,True,False,True,15.670329431968753,0.0,0.0,0.0,0.0,0,1.0185336603979287,0.8950667756881981,False,False,False,False,0.342828209184398,0.326669958595617,False,False,False,False,34050.0,-64583.92972436354,False,False,False,False,11577.598457101598,False,False,False,False
2025-05-12 14:00:00+00:00,10.645,10.665,10.495,10.52,21945.0,,,,,,,,,,,,,,,,10.89497313148564,10.652986779883944,10.478092665307138,,,,10.89497313148564,,,10.675350858892239,"rgba(38, 166, 154, 0.5)",0.4331636916729955,10.636063324045994,-0.2679433347650309,58.27129618210462,18.010317917801842,False,False,True,False,False,0.0,0.0,0.0,0.0,0.0,0,0.9976696012428796,0.9018643190056967,False,False,False,False,-0.06609609944114618,0.1302869295772354,False,False,False,False,12105.0,-63394.95406972224,False,False,False,False,11738.333364743432,False,False,False,False
2025-05-12 15:00:00+00:00,10.525,10.59,10.48,10.49,5103.0,,,,,,,,,,,,,,,,10.890981609190607,10.652188912677223,10.478222289840298,,,,10.890981609190607,,,10.673797603902708,"rgba(239, 83, 80, 1.0)",0.4303243381869426,10.631647070578515,-0.32916351228309976,49.947914432758125,10.61237939425071,False,True,False,True,False,0.0,0.0,0.0,0.0,0.0,0,1.0028660760812926,0.903856175091193,False,False,False,False,-0.08433680639019359,0.022975061593520904,False,False,False,False,7002.0,-62303.52842523042,False,False,False,False,11635.459979243533,False,False,False,False
2025-05-12 16:00:00+00:00,10.485,10.6,10.43,10.465,12940.0,,,,,,,,,,,,,,,,10.880661520368536,10.649883298185557,10.478378801757032,,,,10.880661520368536,,,10.669641206770374,"rgba(239, 83, 80, 1.0)",0.42726632621060556,10.622190622446274,-0.3678984577146212,44.22535304134102,5.627779208024656,False,True,False,True,False,0.0,0.0,0.0,0.0,0.0,0,0.9965361044497738,0.9197974953370637,False,False,False,False,-0.09246107468758578,-0.03474300654703244,False,False,False,False,-5938.0,-61429.64426359894,False,False,False,False,11655.685405921928,False,False,False,False
2025-05-12 17:00:00+00:00,10.465,10.545,10.46,10.49,6112.0,,,,,,,,,,,,,,,,10.87597331340449,10.648818137423447,10.47845188367256,,,,10.87597331340449,,,10.667747778166833,"rgba(239, 83, 80, 1.0)",0.425834898006674,10.618537399960031,-0.3018479710369263,40.797805565687625,2.559184604591522,False,True,False,True,False,0.0,0.0,0.0,0.0,0.0,0,0.9970611808709595,0.9206518835158962,False,False,False,False,-0.0975448622469105,-0.06614393439697147,False,False,False,False,174.0,-60474.54900369818,False,False,False,False,11569.736794977402,False,False,False,False
2025-05-12 18:00:00+00:00,10.49,10.65,10.49,10.645,9050.0,,,,,,,,,,,,,,,,10.870962754602719,10.648263822104669,10.479080506421454,,,,10.870962754602719,,,10.666102361042947,"rgba(239, 83, 80, 1.0)",0.4249864544741168,10.61517301316944,0.07018338235619427,40.882905659363466,2.4120693842997554,False,True,False,True,False,0.12803987787382098,0.0,0.0,0.0,0.0,0,0.9968034096963242,0.9155567394778902,False,False,False,False,-0.07014537138068996,-0.06814465288883072,False,False,False,False,9224.0,-59393.95134472611,False,False,False,False,11530.671108233566,False,False,False,False
2025-05-12 19:00:00+00:00,10.645,10.66,10.57,10.57,24980.0,,,,,,,,,,,,,,,,10.858250959365474,10.646929627502429,10.48085431603451,,,,10.858250959365474,,,10.662011634300804,"rgba(239, 83, 80, 1.0)",0.4243049430358769,10.608225401490289,-0.09008945598603742,40.18219543885965,1.171645835909608,False,True,False,True,False,0.0,0.0,0.0,0.0,0.0,0,1.0010698047606315,0.917892484621556,False,False,False,False,-0.05193980315789667,-0.06004222802336369,False,False,False,False,-15756.0,-58717.39395953656,False,False,False,False,11739.187835237695,False,False,False,False
2025-05-13 14:00:00+00:00,10.44,10.55,10.42,10.515,9947.0,,,,,,,,,,,,,,,,10.851589558095217,10.645275438400619,10.480936465520564,,,,10.851589558095217,,,10.659267154005468,"rgba(239, 83, 80, 1.0)",0.42362875766916297,10.604651176800699,-0.2116267490761626,39.15053140299125,-0.5418463421012092,False,True,False,True,False,0.0,0.0,0.0,0.0,0.0,0,0.990928495197439,0.9228922091782282,False,False,False,False,-0.10467067792594391,-0.0823564529746538,False,False,False,False,-25703.0,-58205.54289039646,False,False,False,False,11711.401977327034,False,False,False,False
2025-05-13 15:00:00+00:00,10.515,10.615,10.48,10.605,8544.0,,,,,,,,,,,,,,,,10.847171130684991,10.644547088443785,10.481361988355735,,,,10.847171130684991,,,10.657693402494838,"rgba(239, 83, 80, 1.0)",0.4227430480619152,10.602642969678554,0.005575562584062689,40.02322501840209,-0.5418463421012092,False,True,False,True,False,0.0,0.0,0.0,0.0,0.0,0,0.9965305577795572,0.9188684280757938,False,False,False,False,-0.07926484057484184,-0.08081064677474782,False,False,False,False,-17159.0,-57569.16238046783,False,False,False,False,11662.294969926616,False,False,False,False
2025-05-13 16:00:00+00:00,10.605,10.64,10.54,10.555,5979.0,,,,,,,,,,,,,,,,10.844285036688571,10.64412053074226,10.481697643951023,,,,10.844285036688571,,,10.656701070460619,"rgba(239, 83, 80, 1.0)",0.42140079571664874,10.601424348978968,-0.11016673307419261,39.9862863225672,-1.3329513065402452,False,True,False,True,False,0.0,0.0,0.0,0.0,0.0,0,0.999458581483487,0.9323226854358418,False,False,False,False,-0.062048990709330905,-0.07142981874203937,False,False,False,False,-23138.0,-57035.34590945282,False,False,False,False,11574.181869617676,False,False,False,False
2025-05-13 17:00:00+00:00,10.555,10.555,10.47,10.525,6726.0,,,,,,,,,,,,,,,,10.840375698256295,10.643203518981068,10.481833279798304,,,,10.840375698256295,,,10.655137499011888,"rgba(239, 83, 80, 1.0)",0.4190792997267385,10.599620317649931,-0.17805775111914865,39.574197776432285,-2.604952273306097,False,True,False,True,False,0.0,0.0,0.0,0.0,0.0,0,0.9975523524612461,0.9352733206418276,False,False,False,False,-0.09347744268200324,-0.0824536307120213,False,False,False,False,-29864.0,-56614.08473256208,False,False,False,False,11499.016259236007,False,False,False,False
2025-05-13 18:00:00+00:00,10.53,10.56,10.505,10.56,7003.0,,,,,,,,,,,,,,,,10.836710071863024,10.642448545645147,10.4820739439923,,,,10.836710071863024,,,10.653744187166822,"rgba(239, 83, 80, 1.0)",0.4173991975196935,10.598058112349507,-0.09117916990655286,40.05115723100809,-2.943474820486969,False,True,False,True,False,0.0,0.0,0.0,0.0,0.0,0,1.0024536532170125,0.9280261723009813,False,False,False,False,-0.08535171092182164,-0.08390267081692147,False,False,False,False,-22861.0,-56090.78109329755,False,False,False,False,11429.31058079824,False,False,False,False
2025-05-13 19:00:00+00:00,10.555,10.59,10.54,10.54,21335.0,,,,,,,,,,,,,,,,10.826617697402945,10.640548413074978,10.482976934926993,,,,10.826617697402945,,,10.650047681801638,"rgba(239, 83, 80, 1.0)",0.4157566639316773,10.594159211571473,-0.13026661090481928,40.053104140193184,-3.7434564194478384,False,True,False,True,False,0.0,0.0,0.0,0.0,0.0,0,1.0024664291586738,0.9303918881885447,False,False,False,False,-0.07217086060915588,-0.07803676571303868,False,False,False,False,-44196.0,-55906.365882548744,False,False,False,False,11582.887160940903,False,False,False,False
2025-05-14 14:00:00+00:00,10.31,10.34,10.21,10.245,4455.0,,,,,,,,,,,,,,,,10.822422929880064,10.638819372389664,10.48242732304767,,,,10.822422929880064,,,10.647889875105799,"rgba(239, 83, 80, 1.0)",0.41564145584844386,10.591953945107853,-0.8347433592725283,36.352051262042835,-7.835775832610935,False,True,False,True,False,0.0,0.0,0.0,0.0,0.0,0,0.9913630229419705,0.9330634278002697,False,False,False,False,-0.1912286838652916,-0.13463272478916513,False,False,False,False,-48651.0,-55793.87958979605,True,False,False,False,11472.377282476704,True,False,False,False
2025-05-14 15:00:00+00:00,10.245,10.3,10.185,10.26,11143.0,,,,,,,,,,,,,,,10.248333333333333,10.811894524156713,10.634373811647462,10.480960222414327,,,10.248333333333333,10.811894524156713,,,10.54389047288796,"rgba(239, 83, 80, 1.0)",0.4151184244360883,10.567684568924427,-0.7411970917513414,34.25446903141622,-10.206497338796886,False,True,False,True,False,0.0,1.0,10.3,10.185,0.0,0,0.9913793103448277,0.9356142241379306,True,False,False,False,-0.2048486004510066,-0.16974066262008586,False,False,False,False,-37508.0,-55510.377580651926,False,False,False,False,11467.270657942181,False,False,False,False
2025-05-14 16:00:00+00:00,10.26,10.325,10.23,10.305,6606.0,,,,,,,,,,,,,,,10.262600615997144,10.80624553354347,10.632042771446866,10.480241015445591,,,10.262600615997144,10.80624553354347,,,10.545282484108267,"rgba(239, 83, 80, 1.0)",0.4146047395895085,10.56580707610343,-0.629049914773407,34.02312432442307,-10.811078056640177,False,True,False,True,False,0.0,0.0,0.0,0.0,0.0,0,1.0000000000000002,0.9341641831481982,False,False,False,False,-0.1901839573059486,-0.1799623099630172,False,False,False,False,-30902.0,-55128.85234684337,False,False,False,False,11391.902120609744,False,False,False,False
2025-05-14 17:00:00+00:00,10.305,10.35,10.29,10.35,2422.0,,,,,,,,,,,,,,,10.270693487349826,10.804374935806994,10.631302187995734,10.480037390696268,,,10.270693487349826,10.804374935806994,,,10.546602000462206,"rgba(239, 83, 80, 1.0)",0.4154180896268039,10.565406740790142,-0.5185299970534631,35.049602704210365,-10.811078056640177,False,True,False,True,False,0.0,0.0,0.0,0.0,0.0,0,1.0032661948829613,0.9295046271094173,False,False,False,False,-0.17248430677231735,-0.17622330836766728,False,False,False,False,-28480.0,-54715.69184534192,False,False,False,False,11252.833870677809,False,False,False,False
2025-05-14 18:00:00+00:00,10.355,10.395,10.325,10.335,5833.0,,,,,,,,,,,,,,,10.288856714351638,10.800132679907614,10.629660620497996,10.479619742490234,,,10.288856714351638,10.800132679907614,,,10.54956743931187,"rgba(239, 83, 80, 1.0)",0.41598571744365354,10.564537589983916,-0.5517919975582004,35.491509728179274,-10.811078056640177,False,True,False,True,False,0.0,0.0,0.0,0.0,0.0,0,1.0059863945578236,0.9219047619047618,False,False,False,False,-0.15592320181774963,-0.16607325509270845,False,False,False,False,-34313.0,-54399.371041538165,False,False,False,False,11168.805438574276,False,False,False,False
2025-05-14 19:00:00+00:00,10.335,10.38,10.25,10.26,31222.0,,,,,,,,,,,,,,,10.293117755332657,10.776085599333012,10.619516017240828,10.476488222960255,,,10.293117755332657,10.776085599333012,,,10.541301898716688,"rgba(239, 83, 80, 1.0)",0.4174864404120474,10.553941572241136,-0.7040745370101706,34.582029379639735,-11.286044613451793,False,True,False,True,False,0.0,0.0,0.0,0.0,0.0,0,1.001901657158381,0.9247487095897853,False,False,False,False,-0.17456086584884956,-0.170317060470779,False,False,False,False,-65535.0,-54572.01645174687,False,False,False,False,11479.70767983669,False,False,False,False
2025-05-15 14:00:00+00:00,10.54,10.73,10.505,10.71,6997.0,,,,,,,,,,,,,,,10.33181796241222,10.774732629817874,10.619711427974257,10.477144883656289,,,10.33181796241222,10.774732629817874,,,10.55085172596516,"rgba(239, 83, 80, 0.75)",0.4175930386703543,10.55613937120074,0.3684463450089219,42.969960464037335,-11.628849785299408,False,True,False,True,True,1.747992584381997,0.0,0.0,0.0,0.0,0,1.0005314908317835,0.907786340685623,False,False,False,False,-0.050929501476689884,-0.11062328097373444,False,False,False,False,-58538.0,-54633.50456877406,False,False,False,False,11410.208335963252,False,False,False,False
2025-05-15 15:00:00+00:00,10.705,10.76,10.66,10.745,9383.0,,,,,,,,,,,,,,,10.381514324013441,10.773989540815693,10.620630189755616,10.478391496139208,,,10.381514324013441,10.773989540815693,,,10.56363138768099,#000000,0.4179041659183191,10.559597145588587,0.44364921322093315,49.0170993216598,-6.301278318619822,False,True,False,False,True,2.2405578391144196,0.0,0.0,0.0,0.0,0,1.0071656050955415,0.9087048832271759,False,False,False,False,-0.013603911904032151,-0.0621135964388833,False,False,False,False,-49155.0,-54548.566513444224,False,False,False,False,11378.77874935917,False,False,False,False
2025-05-15 16:00:00+00:00,10.745,10.835,10.705,10.8,7446.0,,,,,,,,,,,,,,,10.418121987530638,10.774055597129296,10.62176177194187,10.479606801261825,,,10.418121987530638,10.774055597129296,,,10.573386539465908,"rgba(38, 166, 154, 0.5)",0.4185537949646059,10.562564349799434,0.5672763048789106,53.78194450887881,-2.2607056747149628,False,False,True,False,True,3.016705816235387,0.0,0.0,0.0,0.0,0,1.0080256821829858,0.9189406099518457,False,False,False,False,0.010580526676617673,-0.025766534881132813,False,False,False,False,-41709.0,-54349.503466724156,False,False,False,False,11317.805435415616,False,False,False,False
2025-05-15 17:00:00+00:00,10.805,10.935,10.805,10.89,11969.0,,,,,,,,,,,,,,,10.47712287189631,10.775836869814933,10.624638271787683,10.482162023627682,,,10.47712287189631,10.775836869814933,,,10.589940009281651,"rgba(38, 166, 154, 0.5)",0.4192472017989032,10.568324642265473,0.7672689438457424,58.11212088889366,1.4146246469210908,False,False,True,False,True,4.276423221768994,0.0,0.0,0.0,0.0,0,1.0137281292059221,0.9130551816958277,False,False,False,False,0.05092946106671393,0.012581463092790558,False,False,False,False,-29740.0,-53967.96077731758,False,False,False,False,11327.901475176614,False,False,False,False
2025-05-15 18:00:00+00:00,10.885,10.935,10.88,10.88,7733.0,,,,,,,,,,,,,,,10.509451320377686,10.777195515096055,10.626619289729705,10.483885213075798,,,10.509451320377686,10.777195515096055,,,10.599287834569811,"rgba(38, 166, 154, 1.0)",0.41949059627166185,10.571826041357957,0.7346385386967548,60.73951810135204,3.6280805104501113,True,False,True,False,True,4.119438991952713,0.0,0.0,0.0,0.0,0,1.0119047619047623,0.9131493506493504,False,False,False,False,0.06609605895946623,0.03933876102612839,False,False,False,False,-37473.0,-53712.22495131266,False,False,False,False,11272.166568584727,False,False,False,False
2025-05-15 19:00:00+00:00,10.885,10.96,10.855,10.95,10870.0,,,,,,,,,,,,,,,10.549593053465204,10.779413336195521,10.629590945086662,10.486418470958501,,,10.549593053465204,10.779413336195521,,,10.611253951426473,"rgba(38, 166, 154, 1.0)",0.42055349629177646,10.594770801692547,0.8446706576920164,63.44395614123083,6.081609786662305,True,False,True,False,True,5.108017810618971,0.0,0.0,0.0,0.0,0,1.0171195652173917,0.9067934782608694,False,False,False,False,0.06609605895946623,0.05271740999279731,False,False,False,False,-26603.0,-53291.926890052,False,False,False,False,11265.931427986516,False,False,False,False
2025-05-16 14:00:00+00:00,10.7,10.735,10.55,10.56,6983.0,,,,,,,,,,,,,,,10.553443894542479,10.777807752477859,10.62949714533841,10.486894684446883,,,10.553443894542479,10.777807752477859,,,10.611910869201408,"rgba(38, 166, 154, 0.5)",0.4199703764756642,10.588460692635337,-0.06776833374338194,57.32727556317895,6.081609786662305,False,False,True,False,False,0.0,0.0,0.0,0.0,0.0,0,1.0013376136971648,0.9052969502407706,False,False,False,False,-0.040831855015279805,0.005942777488758752,False,False,False,False,-33586.0,-52986.4086436946,False,False,False,False,11199.529390343314,False,False,False,False
2025-05-16 15:00:00+00:00,10.56,10.625,10.54,10.615,5670.0,,,,,,,,,,,,,,,10.555263805853052,10.776356499929701,10.629309355362112,10.487213808412616,,,10.555263805853052,10.776356499929701,,,10.61203586738937,"rgba(38, 166, 154, 0.5)",0.4190276389000565,10.585659732981116,0.07001988483600419,54.19945138580189,12.344495603715892,False,False,True,False,False,0.015544326740638326,0.0,0.0,0.0,0.0,0,1.0000000000000007,0.9133351220821039,False,False,False,False,-0.06508412470702339,-0.02957067360913232,False,False,False,False,-27916.0,-52597.72013759081,False,False,False,False,11113.800252508532,False,False,False,False
2025-05-16 16:00:00+00:00,10.615,10.695,10.605,10.685,5953.0,,,,,,,,,,,,,,,10.560127633161839,10.775416966542771,10.629484808903642,10.487761235190042,,,10.560127633161839,10.775416966542771,,,10.613197660949574,"rgba(38, 166, 154, 0.5)",0.41876999212730165,10.585023688323112,0.2387380030957348,53.31460081094379,11.41749123025194,False,False,True,False,False,1.0206473363736244,0.0,0.0,0.0,0.0,0,1.013528138528139,0.9074675324675321,False,False,False,False,-0.03780427659290407,-0.033687475101018195,False,False,False,False,-21963.0,-52122.763236232815,False,False,False,False,11033.787845492896,False,False,False,False
2025-05-16 17:00:00+00:00,10.685,10.71,10.595,10.6,6259.0,,,,,,,,,,,,,,,10.563561068413327,10.774217877666628,10.629516073326771,10.488245417244382,,,10.563561068413327,10.774217877666628,,,10.613885109162776,#000000,0.41872984689973874,10.584235838741577,0.037647570086392954,51.24121226844242,9.200347494120635,False,False,False,False,False,0.0,0.0,0.0,0.0,0.0,0,1.011924119241193,0.9051490514905147,False,False,False,False,-0.036795240438841983,-0.03524135776993009,False,False,False,False,-28222.0,-51752.20876745401,False,False,False,False,10959.760126958121,False,False,False,False
2025-05-16 18:00:00+00:00,10.6,10.655,10.595,10.645,10233.0,,,,,,,,,,,,,,,10.56831103492773,10.772255063033096,10.629535822078644,10.489012371388672,,,10.56831103492773,10.772255063033096,,,10.614778572857034,#000000,0.4185970562432199,10.58337887505923,0.1472086915608058,50.721470849446156,8.322211484073712,False,False,False,False,False,0.43674597900103507,0.0,0.0,0.0,0.0,0,1.0108695652173916,0.9070652173913041,False,False,False,False,-0.047899211332300524,-0.041570284551115305,False,False,False,False,-17989.0,-51228.74816640821,False,False,False,False,10948.492528090554,False,False,False,False
2025-05-16 19:00:00+00:00,10.645,10.75,10.645,10.75,18885.0,,,,,,,,,,,,,,,10.585038716157326,10.77083620710017,10.630960055357747,10.491220831541586,,,10.585038716157326,10.77083620710017,,,10.619513952539208,"rgba(38, 166, 154, 0.5)",0.41871616308093385,10.585525540984003,0.39280656807176,52.28334298061844,8.322211484073712,False,False,True,False,False,1.9581830934803186,0.0,0.0,0.0,0.0,0,1.010606472667936,0.9053576285014957,False,False,False,False,-0.018643400089814143,-0.030106842320464726,False,False,False,False,896.0,-50420.61253592126,False,False,False,False,11071.539155562017,False,False,False,False
2025-05-19 14:00:00+00:00,10.68,10.81,10.66,10.8,2596.0,,,,,,,,,,,,,,,10.58768757592512,10.770788102019802,10.631247364264581,10.491576942628402,,,10.58768757592512,10.770788102019802,,,10.620324996209476,"rgba(38, 166, 154, 0.5)",0.4191163269254604,10.585990775300344,0.5106201093848544,54.1785585743093,8.322211484073712,False,False,True,False,True,2.6752680568253844,0.0,0.0,0.0,0.0,0,1.0078463203463208,0.9025974025974025,False,False,False,False,-0.0035267521163693427,-0.016816797218417036,False,False,False,False,3492.0,-49584.758078,False,False,False,False,10940.135447723846,False,False,False,False
2025-05-19 15:00:00+00:00,10.805,10.845,10.775,10.8,6022.0,,,,,,,,,,,,,,,10.595256478691345,10.77106845131511,10.632172505275783,10.49255447340019,,,10.595256478691345,10.77106845131511,,,10.622762977170607,"rgba(38, 166, 154, 1.0)",0.4195126623522439,10.587550386375478,0.5064200265929988,55.44203563676987,8.322211484073712,True,False,True,False,True,2.6752680568253737,0.0,0.0,0.0,0.0,0,1.0187144019528074,0.8991049633848656,False,False,False,False,0.026708617347561494,0.004945910064572229,False,False,False,False,3492.0,-48761.862603922484,False,False,False,False,10863.88528574363,False,False,False,False
2025-05-19 16:00:00+00:00,10.8,10.83,10.78,10.79,3291.0,,,,,,,,,,,,,,,10.599052254444668,10.771191470439398,10.632654820412691,10.493074847663214,,,10.599052254444668,10.771191470439398,,,10.623993348239994,"rgba(38, 166, 154, 1.0)",0.4198785002294698,10.588320808306454,0.480327503273743,56.00738150620766,8.322211484073712,True,False,True,False,True,2.5167887126537103,0.0,0.0,0.0,0.0,0,1.01731133351366,0.8955910197457398,False,False,False,False,0.024692018223263158,0.014818964143917694,False,False,False,False,201.0,-48002.748455024455,False,False,False,False,10746.476211546054,False,False,False,False
2025-05-19 17:00:00+00:00,10.8,10.805,10.75,10.795,4739.0,,,,,,,,,,,,,,,10.60384393660896,10.771265361865845,10.633275810089668,10.493780570498238,,,10.60384393660896,10.771265361865845,,,10.625541419765677,"rgba(38, 166, 154, 1.0)",0.4168731416344907,10.589253874877883,0.4935461284826845,56.498552651813384,8.322211484073712,True,False,True,False,True,2.5921623391897093,0.0,0.0,0.0,0.0,0,1.015641855447681,0.8972491909385113,False,False,False,False,0.013603871591231564,0.014211417867574629,False,False,False,False,4940.0,-47181.930649520196,False,False,False,False,10653.337045475571,False,False,False,False
2025-05-19 18:00:00+00:00,10.79,10.81,10.77,10.8,5326.0,,,,,,,,,,,,,,,10.609224121846026,10.771415270054248,10.634013742679178,10.494596874502738,,,10.609224121846026,10.771415270054248,,,10.627312502270549,"rgba(38, 166, 154, 1.0)",0.41181461761243154,10.590342032637485,0.5091076382330592,56.952392686066,8.322211484073712,True,False,True,False,True,2.668912784299973,0.0,0.0,0.0,0.0,0,1.0166846071044136,0.8972012917115177,False,False,False,False,0.018643359770461606,0.01642738881901812,False,False,False,False,10266.0,-46291.26505805477,False,False,False,False,10570.742672677501,False,False,False,False
2025-05-19 19:00:00+00:00,10.795,10.865,10.775,10.84,10528.0,,,,,,,,,,,,,,,10.620779554016558,10.772147349251416,10.635753629106167,10.496376053091257,,,10.620779554016558,10.772147349251416,,,10.631264146366348,"rgba(38, 166, 154, 1.0)",0.4062647031296258,10.592892093593674,0.6082436020228951,58.29857988969679,8.322211484073712,True,False,True,False,True,3.2894138168054106,0.0,0.0,0.0,0.0,0,1.0168719871451528,0.894750937332619,False,False,False,False,0.030742483648294003,0.02358493623365606,False,False,False,False,20794.0,-45251.18342924772,False,False,False,False,10570.079995581726,False,False,False,False
2025-05-20 14:00:00+00:00,10.935,11.135,10.925,11.085,15957.0,,,,,,,,,,,,,,,10.652650452041268,10.777584688936184,10.641324897421276,10.500822247608783,,,10.652650452041268,10.777584688936184,,,10.643095571501878,"rgba(38, 166, 154, 1.0)",0.4023808648039248,10.601394650756504,1.2018597094052967,63.59891736687801,8.76108206816123,True,False,True,False,True,6.938619052853252,0.0,0.0,0.0,0.0,0,1.0200369100975482,0.8839968362773529,False,False,False,False,0.1158900672754111,0.06973750175453358,False,False,False,False,36751.0,-43979.83174817411,False,False,False,False,10653.59813518511,False,False,False,False
2025-05-20 15:00:00+00:00,11.085,11.1,11.025,11.045,4332.0,,,,,,,,,,,,,,,10.660664253640903,10.77906836414242,10.64284194725355,10.502035146901147,,,10.660664253640903,10.77906836414242,,,10.646152427984504,"rgba(38, 166, 154, 1.0)",0.3985286791538374,10.603576190564317,1.1076337351001226,65.6843171444971,10.76882650265604,True,False,True,False,True,6.2498000041070725,0.0,0.0,0.0,0.0,0,1.0252100840336136,0.8862920168067228,False,False,False,False,0.12918717114413542,0.0994623364493345,False,False,False,False,32419.0,-42795.35373657451,False,False,False,False,10555.588861771386,False,False,False,False
2025-05-20 16:00:00+00:00,11.045,11.13,11.03,11.115,6776.0,,,,,,,,,,,,,,,10.67363410073987,10.781646359546578,10.645391604530065,10.504040807034421,,,10.67363410073987,10.781646359546578,,,10.651178217962732,"rgba(38, 166, 154, 1.0)",0.3946879825933365,10.607179865893436,1.2866369296827387,68.11315827560044,13.101703726723152,True,False,True,False,True,7.2665903626797785,0.0,0.0,0.0,0.0,0,1.0368114406779665,0.8837394067796608,False,False,False,False,0.13636571662365615,0.11791402653649533,False,False,False,False,39195.0,-41524.18546158886,False,False,False,False,10496.990584844698,False,False,False,False
2025-05-20 17:00:00+00:00,11.115,11.155,11.11,11.155,2726.0,,,,,,,,,,,,,,,10.679212483545411,10.782831367563567,10.646519392826157,10.504909896428648,,,10.679212483545411,10.782831367563567,,,10.653368285090947,"rgba(38, 166, 154, 1.0)",0.38831030361282753,10.608760426167972,1.4067089354823459,70.29373450056886,15.20326361064663,True,False,True,False,True,7.845708412734783,0.0,0.0,0.0,0.0,0,1.047961630695444,0.872368771649347,False,False,False,False,0.15798848364683,0.13795125509166267,False,False,False,False,41921.0,-40230.46165598283,False,False,False,False,10376.51011066106,False,False,False,False
2025-05-20 18:00:00+00:00,11.155,11.195,11.13,11.165,4444.0,,,,,,,,,,,,,,,10.688472172009318,10.784871599966056,10.648433371778678,10.506373495818005,,,10.688472172009318,10.784871599966056,,,10.657037659893014,"rgba(38, 166, 154, 1.0)",0.38017856165061875,10.611414406726505,1.4561199633929789,71.89294518332059,16.795601602451313,True,False,True,False,True,7.99186071284354,0.0,0.0,0.0,0.0,0,1.0503346720214197,0.8682730923694778,False,False,False,False,0.17040917812663087,0.15418021660914677,False,False,False,False,46365.0,-38887.896358990845,False,False,False,False,10284.53320972058,False,False,False,False
2025-05-20 19:00:00+00:00,11.165,11.22,11.12,11.22,13639.0,,,,,,,,,,,,,,,10.716095522861334,10.791376597241513,10.654482232500094,10.510983154175465,,,10.716095522861334,10.791376597241513,,,10.6682343766946,"rgba(38, 166, 154, 1.0)",0.3710707297625094,10.619524814730111,1.6182229885235149,73.75862436103863,18.67420808342621,True,False,True,False,True,8.800441815570732,0.0,0.0,0.0,0.0,0,1.0525610083132209,0.8626977742021988,False,False,False,False,0.17352235957310957,0.16385128809112817,False,False,False,False,60004.0,-37354.68866350261,False,False,False,False,10336.540446779176,False,False,False,False
2025-05-21 14:00:00+00:00,11.3,11.33,11.225,11.315,12190.0,,,,,,,,,,,,,,,10.74319322702219,10.798488686748605,10.660802150321848,10.515672566817432,,,10.74319322702219,10.798488686748605,,,10.679539157727518,"rgba(38, 166, 154, 1.0)",0.36597239348451915,10.627792437797225,1.877757925016394,76.18513500140827,21.069717784947784,True,False,True,False,True,10.17906681001364,0.0,0.0,0.0,0.0,0,1.0562248995983938,0.8562248995983933,False,False,False,False,0.21854384845501046,0.19119756827306933,False,False,False,False,72194.0,-35656.259381897915,False,False,False,False,10365.276253805854,False,False,False,False
2025-05-21 15:00:00+00:00,11.315,11.41,11.305,11.385,13063.0,,,,,,,,,,,,,,,10.773220338254017,10.807042509176613,10.668245023935912,10.521126939882455,,,10.773220338254017,10.807042509176613,,,10.69240870281225,"rgba(38, 166, 154, 1.0)",0.3618429677820594,10.637261676739863,2.0664718948206975,78.53324401255472,23.36779198277523,True,False,True,False,True,11.178392732632759,0.0,0.0,0.0,0.0,0,1.0586974001608151,0.8560707585097828,False,False,False,False,0.2526137092561777,0.22190563876462352,False,False,False,False,85257.0,-33781.63520543438,False,False,False,False,10407.101428165453,False,False,False,False
2025-05-21 16:00:00+00:00,11.385,11.465,11.38,11.405,11818.0,,,,,,,,,,,,,,,10.800085348849805,10.815234017765135,10.675317043021332,10.526289833784901,,,10.800085348849805,10.815234017765135,,,10.704231560855293,"rgba(38, 166, 154, 1.0)",0.357167888955455,10.6845362289084,2.0171571783751654,80.29886331892664,25.131445159176977,True,False,True,False,True,11.46396620013666,0.0,0.0,0.0,0.0,0,1.0581395348837213,0.8596538669551107,False,False,False,False,0.2807212497967703,0.2513134442806969,False,False,False,False,97075.0,-31752.85016348966,False,False,False,False,10428.975824628003,False,False,False,False
2025-05-21 17:00:00+00:00,11.405,11.465,11.35,11.365,5029.0,,,,,,,,,,,,,,,10.810441545202828,10.818520759896083,10.678192628187011,10.528411723179998,,,10.810441545202828,10.818520759896083,,,10.70889166411648,"rgba(38, 166, 154, 1.0)",0.35935487742331174,10.730386758294378,1.7659792076734853,79.39207660374294,25.131445159176977,True,False,True,False,True,10.681543719320914,0.0,0.0,0.0,0.0,0,1.0556756756756762,0.8599999999999999,False,False,False,False,0.27419793491622024,0.2627556895984586,False,False,False,False,92046.0,-29833.48814545106,False,False,False,False,10345.255269207413,False,False,False,False
2025-05-21 18:00:00+00:00,11.365,11.395,11.335,11.375,11492.0,,,,,,,,,,,,,,,10.831842838465603,10.82557232947262,10.684451370459197,10.533082752824717,,,10.831842838465603,10.82557232947262,,,10.718737322805534,"rgba(38, 166, 154, 1.0)",0.3611695466694792,10.735457065289115,1.7707554266643546,78.94108884368123,25.131445159176977,True,False,True,False,True,10.82967757311501,0.0,0.0,0.0,0.0,0,1.0641375545851532,0.8610807860262006,False,False,False,False,0.25583622858616173,0.2592959590923102,False,False,False,False,103538.0,-27765.713135444068,False,False,False,False,10363.034257281715,False,False,False,False
2025-05-21 19:00:00+00:00,11.375,11.445,11.375,11.42,16478.0,,,,,,,,,,,,,,,10.862159906724504,10.836186026412074,10.693807680153148,10.540046446971145,,,10.862159906724504,10.836186026412074,,,10.733050015065219,"rgba(38, 166, 154, 1.0)",0.3631389925743636,10.746688671776614,1.8541421934619304,79.33002425815538,25.131445159176977,True,False,True,False,True,11.501215520897905,0.0,0.0,0.0,0.0,0,1.0684556407447978,0.8499452354874041,False,False,False,False,0.2752835602653957,0.26728975967885293,False,False,False,False,120016.0,-25474.52378450695,False,False,False,False,10457.839927711455,False,False,False,False
2025-05-22 14:00:00+00:00,10.925,11.13,10.905,11.09,13369.0,,,,,,,,,,,,,,11.041666666666666,10.869444866058327,10.839153006703887,10.697393144700156,10.54324552072034,,,10.869444866058327,10.839153006703887,,,10.798180640969877,"rgba(38, 166, 154, 0.75)",0.36138435030953475,10.76561743589678,0.8976109890352956,67.91200867487355,23.200750575413792,True,False,True,False,False,5.219320599037339,0.0,0.0,0.0,0.0,0,1.0541554959785526,0.8525469168900803,False,False,False,False,0.11078689305984381,0.18903832636934836,False,False,False,False,106647.0,-23426.128066917696,False,False,False,False,10502.9741923981,False,False,False,False
2025-05-22 15:00:00+00:00,11.085,11.17,11.025,11.15,6350.0,,,,,,,,,,,,,,11.065281792518213,10.874088716946815,10.841031970616726,10.699427672497574,10.544972233213741,,,10.874088716946815,10.841031970616726,,,10.804960477158613,"rgba(38, 166, 154, 0.75)",0.3596876773330178,10.766457352720462,1.0663213433482033,61.80318302916629,17.982792110219435,True,False,True,False,False,6.147009793607566,0.0,0.0,0.0,0.0,0,1.065485775630704,0.8475577026301665,False,False,False,False,0.1435582573668746,0.1662982918681115,False,False,False,False,112997.0,-21311.040810066257,False,False,False,False,10438.586995616733,False,False,False,False
2025-05-22 16:00:00+00:00,11.15,11.18,11.135,11.15,5086.0,,,,,,,,,,,,,,11.083677551568902,10.878280241821129,10.842735600655915,10.701198452511788,10.546444252346221,,,10.878280241821129,10.842735600655915,,,10.810467219780792,"rgba(38, 166, 154, 0.5)",0.3581288962179711,10.767890352164294,1.0669612306378649,57.73063259869478,14.640467355081213,False,False,True,False,False,6.147009793607566,0.0,0.0,0.0,0.0,0,1.086164718673553,0.8366403914107093,False,False,False,False,0.16833554349874275,0.1673169176834271,False,False,False,False,112997.0,-19228.74560370864,False,False,False,False,10355.60115072345,False,False,False,False
2025-05-22 17:00:00+00:00,11.145,11.23,11.125,11.225,7922.0,,,,,,,,,,,,,,11.110221173139406,10.885436187090237,10.845673942427965,10.704160066635879,10.54886652423538,,,10.885436187090237,10.845673942427965,,,10.818871578705773,"rgba(38, 166, 154, 0.5)",0.3590935786089669,10.770965426513667,1.2643906784552972,56.94749116473518,14.126591106475416,False,False,True,False,False,7.318119506617297,0.0,0.0,0.0,0.0,0,1.0821730821730824,0.8337428337428336,False,False,False,False,0.1766388747618693,0.1719778962226482,False,False,False,False,120919.0,-17055.912338534865,False,False,False,False,10317.870900324637,False,False,False,False
2025-05-22 18:00:00+00:00,11.225,11.24,11.185,11.195,6670.0,,,,,,,,,,,,,,11.126549610376424,10.891464059642704,10.848203408449058,10.706693340579067,10.550933859803706,,,10.891464059642704,10.848203408449058,,,10.824768855770191,"rgba(38, 166, 154, 0.5)",0.359666787733027,10.773539968945936,1.1718069208183457,55.51737264069692,12.72465015579781,False,False,True,False,False,6.750575539530242,0.0,0.0,0.0,0.0,0,1.083904579106115,0.8316424458459009,False,False,False,False,0.19122864206799475,0.1816032691453215,False,False,False,False,114249.0,-15020.177263518819,False,False,False,False,10261.314762335107,False,False,False,False
2025-05-22 19:00:00+00:00,11.195,11.22,11.155,11.165,20027.0,,,,,,,,,,,,,,11.14456339189553,10.906853841913085,10.85504016553902,10.713750802555772,10.556814497439014,,,10.906853841913085,10.85504016553902,,,10.835404539868483,"rgba(38, 166, 154, 0.5)",0.3595138358925764,10.778880646955606,1.0740041536531186,53.643608293804505,10.768004789941422,False,True,True,False,False,6.179459770013363,0.0,0.0,0.0,0.0,0,1.08710033076075,0.8288313120176405,False,False,False,False,0.18079952829347276,0.1812013987193971,False,False,False,False,94222.0,-13326.500096642558,False,False,False,False,10412.720735012083,False,False,False,False
2025-05-23 14:00:00+00:00,11.2,11.275,11.2,11.265,7778.0,,,,,,,,,,,,,,11.156380886481552,10.913750201128055,10.858149308539703,10.716819180491578,10.559310024502567,,,10.913750201128055,10.858149308539703,,,10.840881920228691,"rgba(38, 166, 154, 0.5)",0.3607215866330421,10.78220315019471,1.3384196224897218,55.13878463316921,10.768004789941422,False,True,True,False,False,7.776827861579466,0.0,0.0,0.0,0.0,0,1.08778205833792,0.8194826637314255,False,False,False,False,0.20169901870455245,0.19145020871197477,False,False,False,False,102000.0,-11538.492343206239,False,False,False,False,10371.872351523523,False,False,False,False
2025-05-23 15:00:00+00:00,11.265,11.44,11.255,11.415,5307.0,,,,,,,,,,,,,,11.172015864697254,10.9199816846046,10.860907007735538,10.719375187105054,10.561306075252705,,,10.9199816846046,10.860907007735538,,,10.84671716387903,"rgba(38, 166, 154, 0.5)",0.3649025909758619,10.785946912997272,1.7238931774105684,59.16551275170421,10.768004789941422,False,False,True,False,True,10.083096569328482,0.0,0.0,0.0,0.0,0,1.0915300546448092,0.809016393442623,False,False,False,False,0.2483249825970566,0.21988759565451568,False,False,False,False,107307.0,-9695.926570443351,False,False,False,False,10293.347198786725,False,False,False,False
2025-05-23 16:00:00+00:00,11.415,11.505,11.375,11.455,3520.0,,,,,,,,,,,,,,11.184654517793648,10.924695148803906,10.862986847957412,10.721253675416085,10.562746874780952,,,10.924695148803906,10.862986847957412,,,10.851267412950401,"rgba(38, 166, 154, 0.5)",0.3701278084589037,10.788941405158058,1.799536753574939,62.518134199096096,5.517060284700854,False,False,True,False,True,10.683517530210132,0.0,0.0,0.0,0.0,0,1.098324636088987,0.8140620708596539,False,False,False,False,0.28836136504641763,0.25412448035046664,False,False,False,False,110827.0,-7827.354065475236,False,False,False,False,10188.334063921815,False,False,False,False
2025-05-23 17:00:00+00:00,11.455,11.5,11.445,11.46,3445.0,,,,,,,,,,,,,,11.196951288052276,10.929430182178882,10.865089114160886,10.723141714136204,10.56418960697908,,,10.929430182178882,10.865089114160886,,,10.855760381101465,"rgba(38, 166, 154, 1.0)",0.37022499854756685,10.791950923068887,1.8044407577876789,64.84067475438016,7.8486161147130815,True,False,True,False,True,10.759304095309655,0.0,0.0,0.0,0.0,0,1.096471885336274,0.8139470782800441,False,False,False,False,0.3026382937179227,0.2783813870341947,False,False,False,False,114272.0,-5934.340824150038,False,False,False,False,10083.786248977289,False,False,False,False
2025-05-23 18:00:00+00:00,11.46,11.515,11.44,11.475,11961.0,,,,,,,,,,,,,,11.233542042616795,10.945493221068268,10.872375434161366,10.729696006252082,10.5692091062087,,,10.945493221068268,10.872375434161366,,,10.870063162061445,"rgba(38, 166, 154, 1.0)",0.3700223635802921,10.801866598222173,1.8191695098227814,66.67350967076307,9.7836196608704,True,False,True,False,True,10.990197541254652,0.0,0.0,0.0,0.0,0,1.0915862068965518,0.816,False,False,False,False,0.30484527670970907,0.2916133318719519,False,False,False,False,126233.0,-3885.23476486089,False,False,False,False,10112.89033814043,False,False,False,False
2025-05-23 19:00:00+00:00,11.475,11.52,11.445,11.52,19580.0,,,,,,,,,,,,,,11.2796560524854,10.970686732948069,10.88428619860541,10.740440033766022,10.577471449230181,,,10.970686732948069,10.88428619860541,,,10.890508093407016,"rgba(38, 166, 154, 1.0)",0.3724418692171199,10.816837454103645,1.8879793170795112,68.74815558703551,11.99178450896693,True,False,True,False,True,11.686809215935945,0.0,0.0,0.0,0.0,0,1.0892561983471076,0.8162534435261708,False,False,False,False,0.30705514444134246,0.29933423815664717,False,False,False,False,145813.0,-1564.3319002894036,False,False,False,False,10259.667232122749,False,False,False,False
2025-05-26 14:00:00+00:00,11.52,11.52,11.52,11.52,0.0,,,,,,,,,,,,,,11.2796560524854,10.970686732948069,10.88428619860541,10.740440033766022,10.577471449230181,,,10.970686732948069,10.88428619860541,,,10.890508093407016,"rgba(38, 166, 154, 1.0)",0.37633524445129046,10.816837454103645,1.8684472322585397,70.13125286455048,13.592279018220552,True,False,True,False,True,11.686809215935945,0.0,0.0,0.0,0.0,0,1.0942249240121584,0.8154186239292623,False,False,False,False,0.3237238886625117,0.3115290634095794,False,False,False,False,145813.0,720.5879741336878,False,False,False,False,10100.602623872783,False,False,False,False
2025-05-26 15:00:00+00:00,11.52,11.52,11.52,11.52,0.0,,,,,,,,,,,,,,11.2796560524854,10.970686732948069,10.88428619860541,10.740440033766022,10.577471449230181,,,10.970686732948069,10.88428619860541,,,10.890508093407016,"rgba(38, 166, 154, 1.0)",0.38041511228873914,10.816837454103645,1.848408549454909,71.05331771622713,14.822830566895476,True,False,True,False,True,11.686809215935945,0.0,0.0,0.0,0.0,0,1.0973107845855286,0.8123093983920157,False,False,False,False,0.3237238886625117,0.31762647603604555,False,False,False,False,145813.0,2970.0827342246384,False,False,False,False,9944.004133580182,False,False,False,False
2025-05-26 16:00:00+00:00,11.52,11.52,11.52,11.52,0.0,,,,,,,,,,,,,,11.2796560524854,10.970686732948069,10.88428619860541,10.740440033766022,10.577471449230181,,,10.970686732948069,10.88428619860541,,,10.890508093407016,"rgba(38, 166, 154, 1.0)",0.38547651568434166,10.816837454103645,1.8241384812976755,71.66802761734489,15.822720449953636,True,False,True,False,True,11.686809215935945,0.0,0.0,0.0,0.0,0,1.1040559440559443,0.8103496503496503,False,False,False,False,0.3237238886625117,0.3206751823492786,False,False,False,False,145813.0,5184.701606562241,False,False,False,False,9789.833526858009,False,False,False,False
2025-05-26 17:00:00+00:00,11.52,11.52,11.52,11.52,0.0,,,,,,,,,,,,,,11.2796560524854,10.970686732948069,10.88428619860541,10.740440033766022,10.577471449230181,,,10.970686732948069,10.88428619860541,,,10.890508093407016,"rgba(38, 166, 154, 1.0)",0.39063378854977865,10.816837454103645,1.8000556186059422,72.07783421809006,16.671873865761782,True,False,True,False,True,11.686809215935945,0.0,0.0,0.0,0.0,0,1.1088185415488978,0.806105144149237,False,False,False,False,0.3237238886625117,0.3221995355058952,False,False,False,False,145813.0,7364.985302584531,False,False,False,False,9638.05316210052,False,False,False,False
2025-05-26 18:00:00+00:00,11.52,11.52,11.52,11.52,0.0,,,,,,,,,,,,,,11.2796560524854,10.970686732948069,10.88428619860541,10.740440033766022,10.577471449230181,,,10.970686732948069,10.88428619860541,,,10.890508093407016,"rgba(38, 166, 154, 1.0)",0.39588943082815164,10.816837454103645,1.7761589250448684,72.35103861858684,17.415178201942325,True,False,True,False,True,11.686809215935956,0.0,0.0,0.0,0.0,0,1.1018150879183215,0.8057288712422008,False,False,False,False,0.3237238886625117,0.32296171208420343,False,False,False,False,145813.0,9511.466150606477,False,False,False,False,9488.625981292758,False,False,False,False
2025-05-26 19:00:00+00:00,11.52,11.52,11.52,11.52,0.0,,,,,,,,,,,,,,11.2796560524854,10.970686732948069,10.88428619860541,10.740440033766022,10.577471449230181,,,10.970686732948069,10.88428619860541,,,10.890508093407016,"rgba(38, 166, 154, 1.0)",0.40094760503334903,10.816837454103645,1.7537517048839055,72.5331748855847,18.07739921774379,True,False,True,False,True,11.686809215935956,0.0,0.0,0.0,0.0,0,1.103703703703704,0.8045584045584047,False,False,False,False,0.3237238886625117,0.3233428003733576,False,False,False,False,145813.0,11624.668225790872,False,False,False,False,9341.515500962638,False,False,False,False
2025-05-27 14:00:00+00:00,11.54,11.73,11.505,11.64,25208.0,,,,,,,,,,,,,,11.343561782273673,11.007155457434544,10.902090423224172,10.756143903625413,10.58937071980567,,,11.007155457434544,10.902090423224172,,,10.919664457272695,"rgba(38, 166, 154, 1.0)",0.40782578863268376,10.892700582401954,1.8323986330131676,75.76303748519676,21.469760823342583,True,False,True,False,True,13.734874479661812,0.0,0.0,0.0,0.0,0,1.103730921424534,0.7928208027133973,False,False,False,False,0.3428282106542381,0.33308550551379784,False,False,False,False,171021.0,14095.929183530548,False,False,False,False,9587.507508699651,False,False,False,False
2025-05-27 15:00:00+00:00,11.64,11.65,11.41,11.42,5705.0,,,,,,,,,,,,,,11.349582065084645,11.013211701649922,10.905289316287952,10.759093987201263,10.59168868621773,,,11.013211701649922,10.905289316287952,,,10.923773151288302,"rgba(38, 166, 154, 0.75)",0.4106487067559777,10.941966299826937,1.164094011032957,66.53975470680521,21.479629216192876,True,False,True,False,False,8.671472998339048,0.0,0.0,0.0,0.0,0,1.0965845464725645,0.799272116461366,False,False,False,False,0.3049969710935084,0.3190412383036531,False,False,False,False,165316.0,16440.426405491315,False,False,False,False,9527.31359383609,False,False,False,False
2025-05-27 16:00:00+00:00,11.425,11.525,11.425,11.49,3855.0,,,,,,,,,,,,,,11.353030760330993,11.017108039073033,10.907382787093077,10.761038137371774,10.593225208073841,,,11.017108039073033,10.907382787093077,,,10.926356986388543,"rgba(38, 166, 154, 0.5)",0.4140573250993939,10.943022371454282,1.3210190845299437,62.62914493032304,18.176308059404832,False,True,True,False,False,9.877967249532528,0.0,0.0,0.0,0.0,0,1.0952246397287375,0.8188753885278328,False,False,False,False,0.28164975605122416,0.30034549717743864,False,False,False,False,169171.0,18808.34227517362,False,False,False,False,9439.370747420027,False,False,False,False
2025-05-27 17:00:00+00:00,11.49,11.5,11.44,11.47,2670.0,,,,,,,,,,,,,,11.355134509463152,11.019711281088584,10.908798656568942,10.762359890904067,10.59427433613909,,,11.019711281088584,10.908798656568942,,,10.928055734832768,"rgba(38, 166, 154, 0.5)",0.41731549842441984,10.943727414894465,1.2610904389903685,59.29275131311973,15.340331995362831,False,True,True,False,False,9.430224329492713,0.0,0.0,0.0,0.0,0,1.0919148936170215,0.8178723404255317,False,False,False,False,0.2795423915059064,0.2899439443416725,False,False,False,False,166501.0,21098.150922070156,False,False,False,False,9334.419262963904,False,False,False,False
2025-05-27 18:00:00+00:00,11.47,11.495,11.435,11.49,6839.0,,,,,,,,,,,,,,11.360339940241609,11.026293129236548,10.912414350698569,10.765738930936628,10.596960365560795,,,11.026293129236548,10.912414350698569,,,10.932349343334831,"rgba(38, 166, 154, 0.5)",0.4193809788311842,10.946068606889874,1.29698632166405,57.747291965324884,14.027782589080985,False,True,True,False,False,9.781283183904673,0.0,0.0,0.0,0.0,0,1.088920454545455,0.8181818181818181,False,False,False,False,0.27743744436062784,0.28369069435115013,False,False,False,False,173340.0,23458.48966746442,False,False,False,False,9295.730592220276,False,False,False,False
2025-05-27 19:00:00+00:00,11.485,11.53,11.455,11.47,25679.0,,,,,,,,,,,,,,11.378028662050825,11.049992455092713,10.925860766315832,10.778349370134798,10.607033306476835,,,11.049992455092713,10.925860766315832,,,10.9478529120142,"rgba(38, 166, 154, 0.5)",0.42101175862545415,10.957020704801364,1.2184441044436478,55.87668594143749,12.242079905200406,False,True,True,False,False,9.320619531573378,0.0,0.0,0.0,0.0,0,1.0879339783722257,0.8192942515651678,False,False,False,False,0.28904490111385306,0.2863677977325016,False,False,False,False,147661.0,25384.109982697526,False,False,False,False,9549.734769085078,False,False,False,False
2025-05-28 14:00:00+00:00,11.575,11.67,11.53,11.61,8711.0,,,,,,,,,,,,,,11.388375605838542,11.059523439482472,10.931215053792709,10.78322694294165,10.610852187330638,,,11.059523439482472,10.931215053792709,,,10.954638645877202,"rgba(38, 166, 154, 0.5)",0.4234153073786059,10.963693643407083,1.5264123552694504,58.880633993608186,12.242079905200406,False,True,True,False,True,11.774471684238495,0.0,0.0,0.0,0.0,0,1.0853348403503815,0.8103984176320994,False,False,False,False,0.3351891650032821,0.3107784813678919,False,False,False,False,156372.0,27414.92998296578,False,False,False,False,9536.731129254302,False,False,False,False
2025-05-28 15:00:00+00:00,11.61,11.62,11.47,11.505,6435.0,,,,,,,,,,,,,,11.393077278699277,11.065455535596907,10.934700355123312,10.78648158284667,10.61345217117224,,,11.065455535596907,10.934700355123312,,,10.958633384687682,"rgba(38, 166, 154, 0.5)",0.4230892607033642,10.966997874656851,1.2716043050791428,56.91324782415839,12.242079905200406,False,True,True,False,True,9.362328462207593,0.0,0.0,0.0,0.0,0,1.0800000000000005,0.8166197183098592,False,False,False,False,0.31141978289599326,0.31109913213194257,False,False,False,False,149937.0,29314.49695997406,False,False,False,False,9488.642274537182,False,False,False,False
2025-05-28 16:00:00+00:00,11.505,11.545,11.495,11.535,1627.0,,,,,,,,,,,,,,11.394162713744366,11.066910738417445,10.935565396629249,10.787292673158168,10.614102461118295,,,11.066910738417445,10.935565396629249,,,10.959606796613505,"rgba(38, 166, 154, 0.5)",0.42191740577664494,10.967788192059633,1.3443669310022222,56.474851552079976,12.242079905200406,False,True,True,False,True,9.890001227497411,0.0,0.0,0.0,0.0,0,1.09596104268118,0.8178172443425952,False,False,False,False,0.3007286482651571,0.30591389019854986,False,False,False,False,151564.0,31209.838092377562,False,False,False,False,9366.75634780017,False,False,False,False
2025-05-28 17:00:00+00:00,11.535,11.61,11.53,11.58,2032.0,,,,,,,,,,,,,,11.39598512834374,11.068905683860352,10.93673051254112,10.788369370778305,10.614956347535735,,,11.068905683860352,10.93673051254112,,,10.960989408611852,"rgba(38, 166, 154, 0.5)",0.423257455780605,10.96903086469994,1.4434929071084222,57.454444362199524,12.242079905200406,False,True,True,False,True,10.681432235354482,0.0,0.0,0.0,0.0,0,1.0946643717728057,0.8155479059093518,False,False,False,False,0.32218034337714285,0.31404711678784636,False,False,False,False,153596.0,33107.297966914346,False,False,False,False,9253.039195121099,False,False,False,False
2025-05-28 18:00:00+00:00,11.58,11.695,11.58,11.655,2892.0,,,,,,,,,,,,,,11.399514698916452,11.072108262437807,10.938562947984483,10.790032880344167,10.61625757739498,,,11.072108262437807,10.938562947984483,,,10.963295273415579,"rgba(38, 166, 154, 0.5)",0.425009454054887,10.971300115354882,1.6086698263347854,59.98483095514197,12.242079905200406,False,True,True,False,True,11.984113298981718,0.0,0.0,0.0,0.0,1,1.0964510589582146,0.8102461362335434,False,False,False,False,0.3428282111653174,0.3284376639765819,False,False,False,False,156488.0,35020.177068202494,False,False,False,False,9154.418432406042,False,False,False,False
2025-05-28 19:00:00+00:00,11.65,11.745,11.635,11.74,20262.0,,,,,,,,,,,,,,11.427431592876685,11.09596323075125,10.952269784219128,10.80236043787459,10.625839265726244,,,11.09596323075125,10.952269784219128,,,10.98077286228958,"rgba(38, 166, 154, 0.5)",0.4274725321769377,10.988784722189493,1.7573416331217446,63.42330386622305,7.6253456749332,False,True,True,False,True,13.4263229945307,0.0,0.0,0.0,0.0,0,1.0978881278538817,0.8085045662100457,False,False,False,False,0.3428282124517926,0.33563293821418727,False,False,False,False,176750.0,37217.53866404432,False,False,False,False,9326.628999345483,False,False,False,False
2025-05-29 14:00:00+00:00,11.605,11.815,11.6,11.735,32835.0,,,,,,,,,,,,,,11.464563466463352,11.131605335963542,10.973753534763876,10.821861768237842,10.641154464188743,,,11.131605335963542,10.973753534763876,,,11.006587713923471,"rgba(38, 166, 154, 0.5)",0.42959781107365613,11.013226004853745,1.6801156256881002,65.48479473091393,9.710702257194328,False,False,True,False,True,13.305015193081168,0.0,0.0,0.0,0.0,0,1.0962082625919642,0.8053197509903793,False,False,False,False,0.3428282128637774,0.33923057553898234,False,False,False,False,143915.0,38871.76287080332,False,False,False,False,9691.099867572684,False,False,False,False
2025-05-29 15:00:00+00:00,11.735,11.825,11.73,11.775,11642.0,,,,,,,,,,,,,,11.47815138845779,11.144476490819137,10.98167570118514,10.82902824662431,10.646779074055164,,,11.144476490819137,10.98167570118514,,,11.016022180228308,"rgba(38, 166, 154, 1.0)",0.4343980716861924,11.022222752306417,1.7329203252941385,67.68409693525113,11.936311999291554,True,False,True,False,True,13.988272677129153,0.0,0.0,0.0,0.0,0,1.1031161473087823,0.8079320113314448,False,False,False,False,0.3428282144338789,0.3410293949864306,False,False,False,False,155557.0,40680.836314666834,False,False,False,False,9721.346381253727,False,False,False,False
2025-05-29 16:00:00+00:00,11.775,11.83,11.725,11.755,10942.0,,,,,,,,,,,,,,11.489624063076684,11.155991388544004,10.988919069200074,10.835619741618284,10.651984037914188,,,11.155991388544004,10.988919069200074,,,11.024427660070648,"rgba(38, 166, 154, 1.0)",0.43707595150887135,11.0301064870965,1.6585069720743664,68.09789860473606,12.555481723432784,True,False,True,False,True,13.488279342568923,0.0,0.0,0.0,0.0,0,1.0993471473176277,0.812375816065853,False,False,False,False,0.3428282144338789,0.34192880471015474,False,False,False,False,144615.0,42292.21869738518,False,False,False,False,9740.271243559871,False,False,False,False
2025-05-29 17:00:00+00:00,11.75,11.77,11.725,11.74,3346.0,,,,,,,,,,,,,,11.492657442742443,11.159288468273141,10.991037501594505,10.837563547032794,10.653530692331808,,,11.159288468273141,10.991037501594505,,,11.026815530394938,"rgba(38, 166, 154, 1.0)",0.4379008382546696,11.032298570937492,1.6161225721402503,67.55495644598952,12.555481723432784,True,False,True,False,True,13.109410473995542,0.0,0.0,0.0,0.0,0,1.0964438122332865,0.8153627311522049,False,False,False,False,0.33088048053924846,0.3364046426247016,False,False,False,False,141269.0,43826.742438510984,False,False,False,False,9641.135255287625,False,False,False,False
2025-05-29 18:00:00+00:00,11.735,11.76,11.715,11.75,3783.0,,,,,,,,,,,,,,11.495957178253079,11.162951017209974,10.99340783033804,10.839743200019889,10.655268757706533,,,11.162951017209974,10.99340783033804,,,11.029465596705503,"rgba(38, 166, 154, 1.0)",0.4398751153647083,11.03472054417647,1.6260966597996336,67.4839689478922,12.63429081500334,True,False,True,False,True,13.289151556691984,0.0,0.0,0.0,0.0,0,1.0954144118484765,0.8151523782398177,False,False,False,False,0.32691822520936115,0.3316614339170314,False,False,False,False,145052.0,45396.1262766736,False,False,False,False,9550.311452880065,False,False,False,False
2025-05-29 19:00:00+00:00,11.745,11.765,11.715,11.75,13397.0,,,,,,,,,,,,,,11.507045754914259,11.17559539490802,11.001701424345264,10.847392469313363,10.661388866263497,,,11.17559539490802,11.001701424345264,,,11.03862478194888,"rgba(38, 166, 154, 1.0)",0.4404401156746443,11.043060688477834,1.6050747567335277,67.43664394916064,13.0283169115106,True,False,True,False,True,13.289151556691984,0.0,0.0,0.0,0.0,0,1.0948029697315824,0.816961736150771,False,False,False,False,0.32790785560773017,0.3297846447623808,False,False,False,False,145052.0,46941.17858246161,False,False,False,False,9609.950035005955,False,False,False,False
2025-05-30 14:00:00+00:00,11.69,11.76,11.61,11.715,9580.0,,,,,,,,,,,,,,11.512883240667193,11.183563100873005,11.00714121129673,10.852492586479219,10.665529590176002,,,11.183563100873005,11.00714121129673,,,11.04432194589843,"rgba(38, 166, 154, 0.5)",0.4392335872222694,11.048056121371213,1.518426409160936,65.08413062487588,13.0283169115106,False,False,True,False,False,12.364509443776548,0.0,0.0,0.0,0.0,0,1.0857954545454553,0.8187500000000002,False,False,False,False,0.3062749526235291,0.31802979869295495,False,False,False,False,135472.0,48313.74945715213,False,False,False,False,9609.485693377956,False,False,False,False
2025-05-30 15:00:00+00:00,11.715,11.775,11.7,11.74,4433.0,,,,,,,,,,,,,,11.516077419609143,11.187473318906966,11.009786367716666,10.854952193317887,10.667514621066887,,,11.187473318906966,11.009786367716666,,,11.047160784123509,"rgba(38, 166, 154, 0.5)",0.4385505405042566,11.050617801077104,1.5719561036915535,64.52892529843375,13.0283169115106,False,False,True,False,False,12.839002856195773,0.0,0.0,0.0,0.0,0,1.0908831908831913,0.8213675213675214,False,False,False,False,0.32691822520936115,0.32247401195115805,False,False,False,False,139905.0,49733.76884541334,False,False,False,False,9529.23010123256,False,False,False,False
2025-05-30 16:00:00+00:00,11.745,11.775,11.595,11.705,6676.0,,,,,,,,,,,,,,11.519745648237388,11.19276895258203,11.013481134010133,10.858436318217123,10.670360533454986,,,11.19276895258203,11.013481134010133,,,11.050958517300334,"rgba(38, 166, 154, 0.5)",0.43632157122186016,11.053933436857923,1.492171384785887,61.88000078386136,15.75437792922547,False,True,True,False,False,11.898577497505201,0.0,0.0,0.0,0.0,0,1.1027656477438141,0.815429403202329,False,False,False,False,0.3062749526235298,0.3143744822873439,False,False,False,False,133229.0,51028.26855323639,False,False,False,False,9484.993975632056,False,False,False,False
2025-05-30 17:00:00+00:00,11.7,11.775,11.69,11.75,4299.0,,,,,,,,,,,,,,11.522647209879896,11.196434091870389,11.016001517878207,10.860789396744357,10.672268153884422,,,11.196434091870389,11.016001517878207,,,11.053628074051456,"rgba(38, 166, 154, 0.5)",0.42667182570079126,11.05633740415699,1.625752051248515,62.06625300213669,15.75437792922547,False,True,True,False,False,12.772628518865822,0.0,0.0,0.0,0.0,0,1.110817941952507,0.8135444151275286,False,False,False,False,0.3249408161497037,0.3196576492185238,False,False,False,False,137528.0,52369.34966093815,False,False,False,False,9404.590968257917,False,False,False,False
2025-05-30 18:00:00+00:00,11.755,11.82,11.755,11.805,6308.0,,,,,,,,,,,,,,11.527818736351767,11.202260617061574,11.019947342430317,10.864434394645034,10.675198710446882,,,11.202260617061574,11.019947342430317,,,11.057931960187114,"rgba(38, 166, 154, 0.5)",0.41726763507283804,11.060319092626028,1.7846601192636977,64.14929948676226,15.75437792922547,False,False,True,False,True,13.829360271715274,0.0,0.0,0.0,0.0,1,1.1178540017590153,0.7991791263559074,False,False,False,False,0.3428282146485448,0.33124293193353427,False,False,False,False,143836.0,53787.43726309414,False,False,False,False,9356.581805959344,False,False,False,False
2025-05-30 19:00:00+00:00,11.8,11.84,11.77,11.83,26716.0,,,,,,,,,,,,,,11.549191910417955,11.226520459971665,11.036645086900705,10.879886837973196,10.687661373199989,,,11.226520459971665,11.036645086900705,,,11.075981133692702,"rgba(38, 166, 154, 1.0)",0.4085063762776043,11.07704986542842,1.8431784135969191,66.3203808745194,12.628488077936339,True,False,True,False,True,14.307406876076655,0.0,0.0,0.0,0.0,1,1.1188380281690145,0.7987089201877935,False,False,False,False,0.3428282150187149,0.33703557347612456,False,False,False,False,170552.0,55597.740561340746,False,False,False,False,9625.720072533617,False,False,False,False
2025-06-02 14:00:00+00:00,12.58,12.7,12.51,12.65,9646.0,,,,,,,,,,,,,,11.577372223874338,11.246212489464083,11.048586059651278,10.890058325768663,10.695270987126612,,,11.246212489464083,11.048586059651278,,,11.091500017176994,"rgba(38, 166, 154, 1.0)",0.425753365139876,11.192993204730366,3.422185036143997,74.92762186651265,20.497631078186046,True,False,True,False,True,20.0,0.0,0.0,0.0,0.0,0,1.116690042075737,0.7966339410939693,False,False,False,False,0.34282822677891706,0.33993190012752084,False,False,False,False,180198.0,57529.52752938197,False,False,False,False,9626.034490013715,False,False,False,False
2025-06-02 15:00:00+00:00,12.655,12.675,12.485,12.595,16190.0,,,,,,,,,,,,,,11.619997030053938,11.277230970058119,11.067790714941047,10.90652558443211,10.707679433757997,,,11.277230970058119,11.067790714941047,,,11.115844746648643,"rgba(38, 166, 154, 1.0)",0.4375036679382935,11.216351867673332,3.1511693120733253,79.057778018905,23.919588532156354,True,False,True,False,True,20.0,0.0,0.0,0.0,0.0,0,1.1125348189415043,0.8002785515320333,False,False,False,False,0.33593471545508197,0.3379333077913014,False,False,False,False,164008.0,59180.35655993419,False,False,False,False,9727.801397145286,False,False,False,False
2025-06-02 16:00:00+00:00,12.595,12.68,12.55,12.64,7378.0,,,,,,,,,,,,,,11.638973180449849,11.291295243908078,11.076601308293409,10.914093241134951,10.713394603373319,,,11.291295243908078,11.076601308293409,,,11.12687151543192,"rgba(38, 166, 154, 1.0)",0.44624763859874544,11.227630452265931,3.164990524474319,82.00556177352954,26.324874323798284,True,False,True,False,True,20.0,0.0,0.0,0.0,0.0,0,1.123325892857143,0.796875,False,False,False,False,0.3428282268816549,0.34038076733647815,False,False,False,False,171386.0,60919.978938849934,False,False,False,False,9691.370367732181,False,False,False,False
2025-06-02 17:00:00+00:00,12.64,12.7,12.6,12.605,4834.0,,,,,,,,,,,,,,11.651164537624334,11.300431078536718,11.082363147416302,10.919049028088223,10.71714343723532,,,11.300431078536718,11.082363147416302,,,11.13403024578018,"rgba(38, 166, 154, 1.0)",0.4630954895401535,11.335139702369295,2.7421132926422076,82.83765698983677,26.953788820155168,True,False,True,False,True,20.0,0.0,0.0,0.0,0.0,0,1.1285275216540938,0.7940765576976809,False,False,False,False,0.34282822723529915,0.34160449728588865,False,False,False,False,166552.0,62557.68469173598,False,False,False,False,9616.062300015403,False,False,False,False
2025-06-02 18:00:00+00:00,12.605,12.64,12.54,12.615,6673.0,,,,,,,,,,,,,,11.666902414792533,11.312499313742837,11.090061127091387,10.925698252149438,10.722195992708453,,,11.312499313742837,11.090061127091387,,,11.14347142009693,"rgba(38, 166, 154, 1.0)",0.4790035358819282,11.343094667888069,2.655315121568224,83.4558136414568,27.615448872632243,True,False,True,False,True,20.0,0.0,0.0,0.0,0.0,0,1.1238493723849374,0.79581589958159,False,False,False,False,0.32647168735071025,0.33403809231829945,False,False,False,False,173225.0,64273.457022096656,False,False,False,False,9570.433427146947,False,False,False,False
2025-06-02 19:00:00+00:00,12.62,12.69,12.59,12.685,30754.0,,,,,,,,,,,,,,11.737186003857879,11.367665586606359,11.125847475922155,10.956689868299732,10.745828181809147,,,11.367665586606359,11.125847475922155,,,11.186643423299055,"rgba(38, 166, 154, 1.0)",0.49644771460178566,11.386793529972529,2.6149913310987816,84.3177746388908,28.652670537624317,True,False,True,False,True,20.0,0.0,0.0,0.0,0.0,0,1.1270949720670396,0.7955307262569834,False,False,False,False,0.34001197050978754,0.3370250314140435,False,False,False,False,203979.0,66439.43443260678,False,False,False,False,9898.86081587335,False,False,False,False
2025-06-03 14:00:00+00:00,12.41,12.5,12.33,12.42,18088.0,,,,,,,,,,,,,,11.764470821770821,11.392419999225918,11.142978061750803,10.971918279722434,10.757757828888584,,,11.392419999225918,11.142978061750803,,,11.205908998271713,"rgba(38, 166, 154, 0.75)",0.5056797494551388,11.398991348894699,2.019081547571206,77.06324237627796,33.11502871251788,True,False,True,False,False,19.42055309923602,0.0,0.0,0.0,0.0,0,1.1047278724573941,0.8015393073117096,False,False,False,False,0.27778945280394485,0.30740724210899417,False,False,False,False,185891.0,68291.39668946559,False,False,False,False,10025.824214076863,False,False,False,False
2025-06-03 15:00:00+00:00,12.42,12.51,12.36,12.5,12771.0,,,,,,,,,,,,,,11.783554656776499,11.409861225533847,11.155173100448996,10.982772764776355,10.766279283284646,,,11.409861225533847,11.155173100448996,,,11.21952820616407,"rgba(38, 166, 154, 0.75)",0.5158690472143848,11.409617608625878,2.1136805886339243,73.28590264923959,29.72082813511676,True,False,True,False,False,20.0,0.0,0.0,0.0,0.0,0,1.1052775499042933,0.8020235165436149,False,False,False,False,0.2780066253070505,0.29270693370802237,False,False,False,False,198662.0,70312.64635319481,False,False,False,False,10068.385078974896,False,False,False,False
2025-06-03 16:00:00+00:00,12.5,12.535,12.47,12.495,10232.0,,,,,,,,,,,,,,11.799038070656785,11.423989427143889,11.165101395056872,10.991607759188168,10.773218598849565,,,11.423989427143889,11.165101395056872,,,11.230591050179056,"rgba(38, 166, 154, 0.75)",0.5258553735333295,11.419084857216141,2.046028617249957,70.63774302821194,27.32529651252463,True,False,True,False,False,20.0,0.0,0.0,0.0,0.0,0,1.112256267409471,0.8153203342618384,False,False,False,False,0.2980901171235456,0.295398525415784,False,False,False,False,188430.0,72143.92315392046,False,False,False,False,10070.921744417146,False,False,False,False
2025-06-03 17:00:00+00:00,12.495,12.515,12.475,12.495,2880.0,,,,,,,,,,,,,,11.8032459889755,11.427882113851915,11.167859159949453,10.994067836013432,10.775156173602173,,,11.427882113851915,11.167859159949453,,,11.233642254478493,"rgba(38, 166, 154, 0.5)",0.5273913192342169,11.42169229582308,2.0351258449520637,68.87230328086018,25.630580519534263,False,False,True,False,False,20.0,0.0,0.0,0.0,0.0,0,1.0994691254540374,0.818105616093881,False,False,False,False,0.2958473221634563,0.2956229237896202,False,False,False,False,188430.0,73946.80806626278,False,False,False,False,9959.434585588973,False,False,False,False
2025-06-03 18:00:00+00:00,12.495,12.545,12.455,12.515,4294.0,,,,,,,,,,,,,,11.809515573754005,11.433687637026992,11.171980559728784,10.997745165998989,10.778053709583883,,,11.433687637026992,11.171980559728784,,,11.238196529218532,"rgba(38, 166, 154, 0.5)",0.5294741399396852,11.425642566785559,2.0574327451356464,68.03207019253384,24.649302853284894,False,False,True,False,False,20.0,0.0,0.0,0.0,0.0,0,1.0981047937569677,0.8141025641025642,False,False,False,False,0.29734219610210944,0.2964825599458648,False,False,False,False,192724.0,75788.31491794862,False,False,False,False,9871.598390463563,False,False,False,False
2025-06-03 19:00:00+00:00,12.515,12.575,12.49,12.565,28678.0,,,,,,,,,,,,,,11.850835462051224,11.472243535532456,11.19964069801763,11.022466149577676,10.797583197092221,,,11.472243535532456,11.19964069801763,,,11.268553808454241,"rgba(38, 166, 154, 0.5)",0.5331877447683658,11.453074994322897,2.0854286629565335,68.32169502440757,24.61293233204522,False,False,True,False,False,20.0,0.0,0.0,0.0,0.0,0,1.100502512562814,0.8157453936348408,False,False,False,False,0.3070907506383912,0.301786655292128,False,False,False,False,221402.0,78045.89143084864,False,False,False,False,10163.170508440871,False,False,False,False
2025-06-04 14:00:00+00:00,12.425,12.59,12.41,12.55,15454.0,,,,,,,,,,,,,,11.87044399746677,11.491439877959237,11.213801784771277,11.03523482025024,10.807771102602885,,,11.491439877959237,11.213801784771277,,,11.283738316610082,"rgba(38, 166, 154, 0.5)",0.5332931685326646,11.466385177249927,2.031930815336707,67.94214608503165,23.8110517683088,False,False,True,False,False,20.0,0.0,0.0,0.0,0.0,0,1.0911104957075604,0.8161174189975077,False,False,False,False,0.29734219610210944,0.2995644256971187,False,False,False,False,205948.0,80028.86985827734,False,False,False,False,10245.19887265109,False,False,False,False
2025-06-04 15:00:00+00:00,12.55,12.595,12.47,12.49,23113.0,,,,,,,,,,,,,,11.897776414929032,11.518912851231295,11.234448161122918,11.053950552709464,10.822799402079609,,,11.518912851231295,11.234448161122918,,,11.305577476414465,"rgba(38, 166, 154, 0.5)",0.5318575132631109,11.485536887243615,1.8885943842246244,65.42998593291367,21.045059164480804,False,True,True,False,False,19.4680279360191,0.0,0.0,0.0,0.0,0,1.0936205468102733,0.8191107428887046,False,False,False,False,0.3070907506383917,0.3033275881677552,False,False,False,False,182835.0,81622.76334884668,False,False,False,False,10444.699665323167,False,False,False,False
2025-06-04 16:00:00+00:00,12.49,12.59,12.49,12.58,15829.0,,,,,,,,,,,,,,11.9161847740794,11.537524692508734,11.248590180865948,11.066797776529171,10.833149465064924,,,11.537524692508734,11.248590180865948,,,11.320449377809634,"rgba(38, 166, 154, 0.5)",0.5338222533748518,11.498914815558841,2.02517818919403,65.67514159827414,20.92767469802024,False,True,True,False,False,20.0,0.0,0.0,0.0,0.0,0,1.0940815187046347,0.8288665549972083,False,False,False,False,0.3093484158488799,0.3063380020083175,False,False,False,False,198664.0,83437.35616514363,False,False,False,False,10528.1771898918,False,False,False,False
2025-06-04 17:00:00+00:00,12.58,12.58,11.665,12.09,156117.0,,,,,,,,,,,,,12.111666666666665,11.95858166693988,11.624054118064246,11.331135322922856,11.148216233200024,10.90436510080109,,,11.624054118064246,11.331135322922856,,,11.513003184765793,"rgba(38, 166, 154, 0.5)",0.5273013224757654,11.600900273148287,0.9275526269407212,55.44662613448816,11.279883772257548,False,True,True,False,False,9.365798092389912,0.0,0.0,0.0,0.0,0,1.0454667023268258,0.8355175180529554,False,False,False,False,0.18755818598505775,0.24694809399668763,False,False,False,False,42547.0,82803.39715483133,False,False,False,False,12785.368241211305,False,False,False,False
2025-06-04 18:00:00+00:00,12.085,12.42,12.08,12.365,30851.0,,,,,,,,,,,,,12.140817876142798,11.972133803314106,11.643265944641618,11.348890766148322,11.165506155119168,10.919433238565182,,,11.643265944641618,11.348890766148322,,,11.531674630655198,#000000,0.5240829141470916,11.615183661384254,1.4307208237002345,53.59620355537737,9.752836849881966,False,True,False,False,False,13.572814630375671,0.0,0.0,0.0,0.0,0,1.0668421052631583,0.8413157894736842,False,False,False,False,0.22401622191581852,0.23548215795625307,False,False,False,False,73398.0,82657.5770439037,False,False,False,False,13065.455555301052,False,False,False,False
2025-06-04 19:00:00+00:00,12.365,12.4,12.26,12.325,40493.0,,,,,,,,,,,,,12.174199701633832,11.99036469353516,11.6683201877383,11.372170200989157,11.188200094336462,10.939283309122647,,,11.6683201877383,11.372170200989157,,,11.555423031225926,#000000,0.519085188030288,11.634344169487761,1.3305250206290593,51.76114615541896,8.061980278449752,False,True,False,False,False,12.738108696752501,0.0,0.0,0.0,0.0,0,1.0761554621848743,0.8463760504201682,False,False,False,False,0.24718863066403718,0.2413353943101451,False,False,False,False,32905.0,81886.21926027728,False,False,False,False,13490.688802505687,False,False,False,False
2025-06-05 14:00:00+00:00,13.15,13.17,12.94,13.015,49514.0,,,,,,,,,,,,,12.32927420043927,12.05228410826525,11.727106539215317,11.419320562502898,11.231400245658653,10.974889343201115,,,11.727106539215317,11.419320562502898,,,11.622379166547084,"rgba(38, 166, 154, 0.5)",0.5303370932081217,11.79659180262473,2.297422173517715,57.673139947149906,8.061980278449752,False,True,True,False,True,20.0,0.0,0.0,0.0,0.0,0,1.0751518218623484,0.839827935222672,False,False,False,False,0.342828228080902,0.29208181119552357,False,False,False,False,82419.0,81894.4794267846,False,False,False,False,14049.189751304048,False,False,False,False
2025-06-05 15:00:00+00:00,13.02,13.02,12.595,12.68,21234.0,,,,,,,,,,,,,12.360300097135454,12.06984256476894,11.745815641068518,11.435423923020192,11.246577629038658,10.98779715113608,,,11.745815641068518,11.435423923020192,,,11.640959501027973,"rgba(38, 166, 154, 0.5)",0.5305510224166902,11.808548573697875,1.6425402826152586,57.355856391432255,8.061980278449752,False,True,True,False,True,15.236176681479229,0.0,0.0,0.0,0.0,0,1.052789592194146,0.8573930447835876,False,False,False,False,0.27893593517528426,0.2855088731854039,False,False,False,False,61185.0,81573.40222636933,False,False,False,False,14160.582158260575,False,False,False,False
2025-06-05 16:00:00+00:00,12.675,12.775,12.605,12.735,18224.0,,,,,,,,,,,,,12.380152043771245,12.082994095217316,11.760428887790951,11.448330405631305,11.258860698195864,10.998358679426957,,,11.760428887790951,11.448330405631305,,,11.654854135005607,"rgba(38, 166, 154, 0.5)",0.5318430050136884,11.818103067343694,1.7239992328802118,57.61807912111983,8.061980278449752,False,True,True,False,True,15.888248816607305,0.0,0.0,0.0,0.0,0,1.0443021766965435,0.880665813060179,False,False,False,False,0.2493915723880107,0.2674502227867073,False,False,False,False,79409.0,81539.84560270469,False,False,False,False,14223.580884489093,False,False,False,False
2025-06-05 17:00:00+00:00,12.73,12.83,12.69,12.735,25272.0,,,,,,,,,,,,,12.407628719704618,12.101658311299015,11.780937608220983,11.466448887316885,11.276094454750627,11.013186279644177,,,11.780937608220983,11.466448887316885,,,11.674325710156053,"rgba(38, 166, 154, 0.5)",0.5370856877966909,11.833586828775408,1.6783414484986496,57.79289427424487,8.061980278449752,False,True,True,False,True,15.888248816607305,0.0,0.0,0.0,0.0,0,1.0454662214230672,0.8769586437194962,False,False,False,False,0.26693796424951727,0.2671940935181123,False,False,False,False,79409.0,81506.80923677128,False,False,False,False,14394.874204109416,False,False,False,False
2025-06-05 18:00:00+00:00,12.735,12.825,12.68,12.705,33412.0,,,,,,,,,,,,,12.436936418059787,12.124257898406999,11.8063847014288,11.489373226275166,11.29805200737249,11.03224321313402,,,11.8063847014288,11.489373226275166,,,11.697874577446212,"rgba(38, 166, 154, 0.5)",0.5399432986580855,11.853032856286616,1.5778826143981561,57.479809972170074,8.061980278449752,False,True,True,False,True,15.328506024257287,0.0,0.0,0.0,0.0,0,1.0476190476190477,0.8736164736164733,False,False,False,False,0.2650504740372404,0.2661222837776763,False,False,False,False,45997.0,80956.2695586818,False,False,False,False,14689.713363735626,False,False,False,False
2025-06-05 19:00:00+00:00,12.705,12.76,12.665,12.755,56765.0,,,,,,,,,,,,,12.475017508640477,12.158605344808013,11.846212676382773,11.526182170349662,11.333631611637216,11.06348702418324,,,11.846212676382773,11.526182170349662,,,11.73385605600023,"rgba(38, 166, 154, 0.5)",0.5443011471040161,11.883771644391025,1.6006366333129984,57.84501554037902,8.061980278449752,False,True,True,False,True,15.947014008984176,0.0,0.0,0.0,0.0,0,1.0495356037151704,0.8717750257997935,False,False,False,False,0.25501460730251285,0.2605684455400946,False,False,False,False,102762.0,81294.34289885729,False,False,False,False,15342.043389104065,False,False,False,False
2025-06-06 14:00:00+00:00,12.87,12.9,12.615,12.675,13817.0,,,,,,,,,,,,,12.482922155236308,12.166426783237563,11.85542559411763,11.534836651383278,11.342045453983827,11.070933298149317,,,11.85542559411763,11.534836651383278,,,11.742098322684654,"rgba(38, 166, 154, 0.5)",0.546768615521162,11.890961792043257,1.4339488143616739,56.77998042121548,8.061980278449752,False,True,True,False,True,14.43354767404329,0.0,0.0,0.0,0.0,0,1.0520216327581768,0.8653103270667009,False,False,False,False,0.2663085949897528,0.2634385202649237,False,False,False,False,88945.0,81412.95773763469,False,False,False,False,15318.399305552064,False,False,False,False
2025-06-06 15:00:00+00:00,12.675,12.71,12.555,12.645,12386.0,,,,,,,,,,,,,12.487079199275243,12.172126989734965,11.862658491293294,11.54189206196081,11.349000738245232,11.077179692244993,,,11.862658491293294,11.54189206196081,,,11.748322862125756,"rgba(38, 166, 154, 0.5)",0.5480668319213103,11.896108549747593,1.366423594047979,55.56908693117101,8.061980278449752,False,True,True,False,True,13.86765608627768,0.0,0.0,0.0,0.0,0,1.0523600722207893,0.8681970595821509,False,False,False,False,0.23509062871353426,0.24926457448922898,False,False,False,False,76559.0,81337.70257891166,False,False,False,False,15272.935750427227,False,False,False,False
2025-06-06 16:00:00+00:00,12.645,12.7,12.595,12.65,15149.0,,,,,,,,,,,,,12.492241209775008,12.179084079522822,11.87145545636768,11.550490130448964,11.35748279192537,11.084808719847892,,,11.87145545636768,11.550490130448964,,,11.755927064647956,"rgba(38, 166, 154, 0.5)",0.5496910434446363,11.902501274298599,1.359852474614111,54.841925678937436,8.061980278449752,False,True,True,False,False,13.93337031344429,0.0,0.0,0.0,0.0,0,1.0673329826407154,0.8603366649132034,False,False,False,False,0.2388119924051165,0.24403828344717274,False,False,False,False,91708.0,81498.48238388977,False,False,False,False,15271.014265924478,False,False,False,False
2025-06-06 17:00:00+00:00,12.65,12.755,12.64,12.75,16916.0,,,,,,,,,,,,,12.499929035329322,12.187686390201268,11.88187180634555,11.560508041156867,11.36730672635356,11.093600046098464,,,11.88187180634555,11.560508041156867,,,11.76515034091417,"rgba(38, 166, 154, 0.5)",0.5540668886669976,11.910614292252294,1.514953744604993,55.964673258265556,8.061980278449752,False,True,True,False,False,15.244277011126751,0.0,0.0,0.0,0.0,0,1.0689017951425555,0.859820485744456,False,False,False,False,0.2512641845391181,0.24765123399314543,False,False,False,False,108624.0,81919.03304460466,False,False,False,False,15296.517920716346,False,False,False,False
2025-06-06 18:00:00+00:00,12.75,12.8,12.74,12.76,13175.0,,,,,,,,,,,,,12.506911140912928,12.194835292985672,11.890300227487604,11.568535742515008,11.3751497145327,11.100597849143535,,,11.890300227487604,11.568535742515008,,,11.772721661262908,"rgba(38, 166, 154, 0.5)",0.5589350233796148,11.917451295701666,1.5074179807231296,56.873441869254115,8.061980278449752,False,True,True,False,True,15.374885372872455,0.0,0.0,0.0,0.0,0,1.073151338457461,0.8555526106546513,False,False,False,False,0.2694575138595014,0.2585543739263234,False,False,False,False,121799.0,82537.3271059286,False,False,False,False,15263.626170007565,False,False,False,False
2025-06-06 19:00:00+00:00,12.76,12.795,12.705,12.74,37474.0,,,,,,,,,,,,,12.523524704495879,12.213558089633315,11.912891060734795,11.590424198434784,11.396670791144677,11.119950466098997,,,11.912891060734795,11.590424198434784,,,11.792836551757075,"rgba(38, 166, 154, 0.5)",0.5630427311644537,11.935504816922057,1.4288350395966056,56.98561792003963,8.061980278449752,False,True,True,False,True,14.973547411297144,0.0,0.0,0.0,0.0,0,1.069705804399682,0.8550225284919162,False,False,False,False,0.2644217211474606,0.26148804753689203,False,False,False,False,84325.0,82565.04296475141,False,False,False,False,15607.973051092718,False,False,False,False
2025-06-09 14:00:00+00:00,12.79,12.855,12.69,12.785,13816.0,,,,,,,,,,,,,12.529830717404566,12.220514896207032,11.921211042393317,11.59849436781451,11.40460836268045,11.127100592199644,,,11.921211042393317,11.59849436781451,,,11.800293329783253,"rgba(38, 166, 154, 0.5)",0.5668424634573423,11.942290085389036,1.4866739331260104,57.916754725300194,8.061980278449752,False,True,True,False,True,15.579384793711544,0.0,0.0,0.0,0.0,0,1.0678458289334742,0.8532206969376976,False,False,False,False,0.27008792241830715,0.2657879849775996,False,False,False,False,98141.0,82806.53067072426,False,False,False,False,15580.1905231688,False,False,False,False
2025-06-09 15:00:00+00:00,12.79,12.85,12.755,12.765,6486.0,,,,,,,,,,,,,12.532838122429533,12.22379874561626,11.925121890590422,11.602287649326518,11.408339196636785,11.130462974942185,,,11.925121890590422,11.602287649326518,,,11.803808096590286,"rgba(38, 166, 154, 0.5)",0.5697555031180862,11.945504615357827,1.4383281603377989,57.95677012644754,8.061980278449752,False,True,True,False,True,15.166669253072481,0.0,0.0,0.0,0.0,1,1.0728232189973617,0.8517150395778363,False,False,False,False,0.27766935372909374,0.27172866935334666,False,False,False,False,91655.0,82943.71624172077,False,False,False,False,15439.195321259205,False,False,False,False
2025-06-09 16:00:00+00:00,12.765,12.86,12.72,12.86,9800.0,,,,,,,,,,,,,12.537653060688282,12.228890785785083,11.931122264310487,11.608085200270564,11.414032882007616,11.135588710024145,,,11.931122264310487,11.608085200270564,,,11.80922881718103,"rgba(38, 166, 154, 0.5)",0.5744923336663873,11.950501854721313,1.5831336503209799,59.86835024873588,7.075250268559735,False,True,True,False,True,16.45951090710661,0.0,0.0,0.0,0.0,1,1.0700909577314073,0.8683788121990369,False,False,False,False,0.2745066871726891,0.2731176782630179,False,False,False,False,101455.0,83230.71288913595,False,False,False,False,15351.765936433481,False,False,False,False
2025-06-09 17:00:00+00:00,12.855,12.865,12.795,12.805,6670.0,,,,,,,,,,,,,12.54093295312034,12.232355179133455,11.935198178168902,11.61202650489698,11.417904675540798,11.139076766686776,,,11.935198178168902,11.61202650489698,,,11.81291570959121,"rgba(38, 166, 154, 0.5)",0.5714884785199885,11.953909281743977,1.4892526275597606,59.42973618469488,7.075250268559735,False,True,True,False,True,15.30676012135919,0.0,0.0,0.0,0.0,1,1.060059251279289,0.8755723134931319,False,False,False,False,0.28464642767494225,0.27888205296898005,False,False,False,False,94785.0,83409.8491234129,False,False,False,False,15217.164914163193,False,False,False,False
2025-06-09 18:00:00+00:00,12.805,12.905,12.79,12.89,7647.0,,,,,,,,,,,,,12.545123956656608,12.236543764181805,11.940034246388322,11.616662118854979,11.422443213708249,11.143152673158754,,,11.940034246388322,11.616662118854979,,,11.817326662158118,"rgba(38, 166, 154, 0.5)",0.570467186445304,11.958034053051097,1.63368896422627,60.837018938248306,8.219337257173606,False,True,True,False,True,16.470120694880283,0.0,0.0,0.0,0.0,1,1.0515937331172338,0.8800648298217177,False,False,False,False,0.28910043696046134,0.2839912449647207,False,False,False,False,102432.0,83704.76619126697,False,False,False,False,15099.79801626919,False,False,False,False
2025-06-09 19:00:00+00:00,12.885,12.96,12.755,12.785,21216.0,,,,,,,,,,,,,12.555206917268272,12.24736429984574,11.95278649134564,11.629056392337894,11.434641946122564,11.154175834478925,,,11.95278649134564,11.629056392337894,,,11.828871980233172,"rgba(38, 166, 154, 0.5)",0.5665886777281561,12.05269116360619,1.2924875931692472,58.67736802271469,8.219337257173606,False,True,True,False,False,14.2769480349819,0.0,0.0,0.0,0.0,1,1.0473755047106328,0.8780619111709285,False,False,False,False,0.2916505948074239,0.2878209198860723,False,False,False,False,81216.0,83666.18066892175,False,False,False,False,15194.622853226256,False,False,False,False
2025-06-10 14:00:00+00:00,12.71,12.71,12.365,12.365,7884.0,,,,,,,,,,,,,12.554241730938484,12.248921235565806,11.955568520124864,11.632265548003517,11.437989877591376,11.15738129773942,,,11.955568520124864,11.632265548003517,,,11.831061368327246,#000000,0.5586259445693125,12.049355250105096,0.5650377555203937,50.053101280306926,3.5577169971559712,False,True,False,False,False,6.318692600602624,0.0,0.0,0.0,0.0,0,1.0244031830238727,0.8917771883289122,False,False,False,False,0.2116653680906545,0.2497431439883634,False,False,False,False,73332.0,83505.96081358963,False,False,False,False,15081.279863253754,False,False,False,False
2025-06-10 15:00:00+00:00,12.365,12.425,12.26,12.365,11788.0,,,,,,,,,,,,,12.550396373244574,12.249922672332568,11.958656163255545,11.636289986597344,11.44233628045363,11.16167698733775,,,11.958656163255545,11.636289986597344,,,11.833213077203567,"rgba(239, 83, 80, 1.0)",0.5494598084310551,12.044718672425741,0.5829021934994668,44.30359011870175,-1.241075745577696,False,True,False,True,False,6.318692600602624,0.0,0.0,0.0,0.0,0,1.0118921775898522,0.9114693446088795,False,False,False,False,0.16426157105762365,0.2070023575229935,False,False,False,False,73332.0,83348.22498702235,False,False,False,False,15030.221260722688,False,False,False,False
2025-06-10 16:00:00+00:00,12.365,12.43,12.335,12.365,7142.0,,,,,,,,,,,,,12.548436986772955,12.25067893313193,11.960629347042058,11.638796679183296,11.445026317911184,11.164322664591783,,,11.960629347042058,11.638796679183296,,,11.834648488105534,"rgba(239, 83, 80, 1.0)",0.5389711169115425,12.04360524667241,0.5963116449899457,40.47058267763163,-4.260536019891852,False,True,False,True,False,6.318692600602624,0.0,0.0,0.0,0.0,0,1.0309882747068677,0.9056393076493578,False,False,False,False,0.1739192532085932,0.19046080536579335,False,False,False,False,73332.0,83192.93467714603,False,False,False,False,14907.923256680475,False,False,False,False
2025-06-10 17:00:00+00:00,12.365,12.395,12.35,12.355,3437.0,,,,,,,,,,,,,12.547455740803278,12.251011034506119,11.961549628218915,11.639980687662161,11.446301516156108,11.165581293895764,,,11.961549628218915,11.639980687662161,,,11.835313316873725,"rgba(239, 83, 80, 1.0)",0.5300906177844256,12.043194855145583,0.5882110235371515,37.770208240716045,-6.380958078491133,False,True,False,True,False,6.1357296448036,0.0,0.0,0.0,0.0,0,1.0327822919585314,0.903054076772205,False,False,False,False,0.17150188820333803,0.18098134678456568,False,False,False,False,69895.0,82986.7651472678,False,False,False,False,14730.079485259072,False,False,False,False
2025-06-10 18:00:00+00:00,12.355,12.425,12.335,12.355,7043.0,,,,,,,,,,,,,12.54553244020249,12.251714825467994,11.963445583866429,11.642411540384067,11.448917758214888,11.16816292804821,,,11.963445583866429,11.642411540384067,,,11.836697512697347,"rgba(239, 83, 80, 1.0)",0.523803716418034,12.042688896426924,0.5962368990215969,35.96995861610565,-7.863966565749756,False,True,False,True,False,6.1357296448036,0.0,0.0,0.0,0.0,0,1.0349000844356884,0.9014916971573318,False,False,False,False,0.17331472434030573,0.1771480355624357,False,False,False,False,69895.0,82783.79204420939,False,False,False,False,14610.89995835583,False,False,False,False
2025-06-10 19:00:00+00:00,12.355,12.415,12.305,12.33,12682.0,,,,,,,,,,,,,12.541754706154183,12.25273641496552,11.96663683369744,11.646619333718776,11.453481845403568,11.172700605566295,,,11.96663683369744,11.646619333718776,,,11.83898828991763,"rgba(239, 83, 80, 1.0)",0.5177779272834957,12.041996953907736,0.5562288983681908,34.335213492383375,-9.378845841920459,False,True,False,True,False,5.663300561153612,0.0,0.0,0.0,0.0,0,1.031478358628443,0.8991006183249018,False,False,False,False,0.16848296744122204,0.17281550150182887,False,False,False,False,57213.0,82387.34565592707,False,False,False,False,14580.994532644887,False,False,False,False
2025-06-11 14:00:00+00:00,12.4,12.525,12.395,12.475,9508.0,,,,,,,,,,,,,12.540658799832213,12.254377738144901,11.969702449808235,11.650251774206778,11.457308493481353,11.176409907889193,,,11.969702449808235,11.650251774206778,,,11.841451527227113,"rgba(239, 83, 80, 0.75)",0.5123721286313387,12.043366802219968,0.8424213060398532,38.027412417645934,-9.378845841920459,False,True,False,True,True,7.9731064768879385,0.0,0.0,0.0,0.0,0,1.0311360448807854,0.8953716690042076,False,False,False,False,0.1927244939655908,0.18276999773370983,False,False,False,False,66721.0,82144.45657599022,False,False,False,False,14502.343454619384,False,False,False,False
2025-06-11 15:00:00+00:00,12.475,12.485,12.34,12.355,4207.0,,,,,,,,,,,,,12.53973390039172,12.254851537683052,11.97085235578605,11.65170827552169,11.45887268237984,11.177953471266004,,,11.97085235578605,11.65170827552169,,,11.842328703838062,"rgba(239, 83, 80, 0.75)",0.5061106331356653,12.043586672643722,0.6153068261515919,38.03193831102203,-9.378845841920459,False,True,False,True,True,5.702781656694718,0.0,0.0,0.0,0.0,0,1.0234899328859062,0.8984899328859062,False,False,False,False,0.1811835563539298,0.18197677704381982,False,False,False,False,62514.0,81840.10841202138,False,False,False,False,14342.725726640787,False,False,False,False
2025-06-11 16:00:00+00:00,12.355,12.375,12.32,12.335,4726.0,,,,,,,,,,,,,12.538358501852017,12.255189161752323,11.971984698149473,11.65322781191076,11.46052992857256,11.179611650782611,,,11.971984698149473,11.65322781191076,,,11.843150292169957,"rgba(239, 83, 80, 0.75)",0.5002681533190338,12.043557275100115,0.582573012026263,37.66044941123532,-9.378845841920459,False,True,False,True,True,5.328976272053289,0.0,0.0,0.0,0.0,0,1.0298003935901041,0.8990722518976665,False,False,False,False,0.16546708596067364,0.17372193150224674,False,False,False,False,57788.0,81467.20750640864,False,False,False,False,14193.629203747132,False,False,False,False
2025-06-11 17:00:00+00:00,12.335,12.37,12.25,12.285,5984.0,,,,,,,,,,,,12.301666666666668,12.536278168229702,12.255412635713228,11.973248847069916,11.655026686162449,11.462520802868854,11.181629526102428,,,11.973248847069916,11.655026686162449,,,11.90939761897332,"rgba(239, 83, 80, 0.75)",0.4939782611841676,12.091546565404188,0.39162337656734925,36.46899683396126,-9.378845841920459,False,True,False,True,True,4.3908924083403065,0.0,0.0,0.0,0.0,0,1.0225098480585255,0.9029262802476082,False,False,False,False,0.15643708519171615,0.16507950834698143,False,False,False,False,51804.0,81007.3128163868,False,False,False,False,14066.348130820821,False,False,False,False
2025-06-11 18:00:00+00:00,12.285,12.34,12.265,12.265,3976.0,,,,,,,,,,,,12.297009370816602,12.534848281740025,12.255522782320071,11.97405380089673,11.656194953565224,11.463820094545197,11.182952347719068,,,11.97405380089673,11.656194953565224,,,11.90920023308613,"rgba(239, 83, 80, 0.75)",0.4873605136552217,12.091043973426165,0.3569350033492836,35.29564306756369,-9.378845841920459,False,True,False,True,True,4.014267648184994,0.0,0.0,0.0,0.0,0,1.020005635390251,0.9058889828120597,False,False,False,False,0.15463416362205018,0.1598568359845158,False,False,False,False,47828.0,80492.90486574513,False,False,False,False,13909.908624916623,False,False,False,False
2025-06-11 19:00:00+00:00,12.265,12.375,12.265,12.375,21167.0,,,,,,,,,,,,12.32511051498699,12.528956268231212,12.256903328846633,11.978916353246738,11.662811616856636,11.471069687914493,11.190246987007862,,,11.978916353246738,11.662811616856636,,,11.91628782244151,"rgba(239, 83, 80, 0.75)",0.4807198712291868,12.092641987408559,0.58736496968486,38.33762764962064,-9.378845841920459,False,True,False,True,True,5.855185519904158,0.0,0.0,0.0,0.0,0,1.0239167135621834,0.8992684299380979,False,False,False,False,0.15884255290315327,0.15934969444383454,False,False,False,False,68995.0,80314.64277480336,False,False,False,False,14022.421669491558,False,False,False,False
2025-06-12 14:00:00+00:00,12.54,12.62,12.47,12.51,6525.0,,,,,,,,,,,,12.361195022840754,12.528996352763897,12.258316665412945,11.981188329940869,11.665406816142433,11.473777337002776,11.192855898340744,,,11.981188329940869,11.665406816142433,,,11.923105203206344,"rgba(239, 83, 80, 0.75)",0.47447322141280984,12.095994928376633,0.8725572971022659,43.9058709783997,-11.666045103072165,False,True,False,True,True,8.030176734742476,0.0,0.0,0.0,0.0,0,1.0278396436525612,0.8922605790645879,False,False,False,False,0.21350611306296036,0.18642790375339746,False,False,False,False,75520.0,80240.30722790718,False,False,False,False,13906.182573840524,False,False,False,False
2025-06-12 15:00:00+00:00,12.51,12.565,12.505,12.55,4475.0,,,,,,,,,,,,12.380188833764569,12.529065031749,12.25930093463441,11.982754455141286,11.66719134129221,11.475637975297287,11.194648169774059,,,11.982754455141286,11.66719134129221,,,11.926969534521831,#000000,0.468079986619686,12.098022610178187,0.9655986214788629,48.51544564565794,-7.468800682003,False,True,False,False,True,8.661085267302894,0.0,0.0,0.0,0.0,0,1.0278241513633835,0.8970506399554813,False,False,False,False,0.21105210096463956,0.1987400023590185,False,False,False,False,79995.0,80236.50401507142,False,False,False,False,13759.96268897478,False,False,False,False
2025-06-12 16:00:00+00:00,12.55,12.62,12.52,12.545,6818.0,,,,,,,,,,,,12.405468553137876,12.529372132018786,12.260902126373884,11.985215883508458,11.669963390301282,11.478517800660507,11.197413510522459,,,11.985215883508458,11.669963390301282,,,11.93240762807475,"rgba(38, 166, 154, 0.5)",0.4611435550654373,12.101060464007732,0.9626927040740529,51.42778454852056,-4.872217173881211,False,False,True,False,True,8.560676154215557,0.0,0.0,0.0,0.0,0,1.036358511837655,0.8897970687711386,False,False,False,False,0.21965231100472404,0.20919615668187128,False,False,False,False,73177.0,80127.05434041914,False,False,False,False,13652.335360463543,False,False,False,False
2025-06-12 17:00:00+00:00,12.545,12.565,12.44,12.45,4377.0,,,,,,,,,,,,12.411996986859707,12.52910541405225,12.261661392674515,11.98657636509617,11.671581716329777,11.480228256304633,11.199083472527303,,,11.98657636509617,11.671581716329777,,,11.93431908626348,#000000,0.45559379133468714,12.102156677119021,0.7634944318752718,50.47879634178793,-4.872217173881211,False,False,False,False,True,6.6605199541891835,0.0,0.0,0.0,0.0,0,1.0332394366197182,0.8907042253521126,False,False,False,False,0.20139213378789877,0.20529414523488504,False,False,False,False,68800.0,79951.44109483124,False,False,False,False,13508.531711464108,False,False,False,False
2025-06-12 18:00:00+00:00,12.455,12.46,12.385,12.405,4814.0,,,,,,,,,,,,12.412383663593413,12.528366956030602,12.262236855229116,11.987860176143174,11.673205308105498,11.481975298881677,11.20081783273627,,,11.987860176143174,11.673205308105498,,,11.93526372724568,#000000,0.4444467357298429,12.10267877649466,0.680219246090055,48.63670555421384,-4.872217173881211,False,True,False,False,False,5.772720444989147,0.0,0.0,0.0,0.0,0,1.027636773829667,0.8979131415679636,False,False,False,False,0.17955089100842705,0.19242251812165606,False,False,False,False,63986.0,79703.91487630672,False,False,False,False,13373.732770201099,False,False,False,False
2025-06-12 19:00:00+00:00,12.405,12.44,12.37,12.42,19277.0,,,,,,,,,,,,12.41179009554812,12.525333765805627,12.264401373390122,11.99284638915338,11.67957880501646,11.488856825121578,11.207675803113066,,,11.99284638915338,11.67957880501646,,,11.93864043673548,"rgba(239, 83, 80, 1.0)",0.4345200313652637,12.104575785948555,0.7259140920624096,47.908551946695354,-4.872217173881211,False,True,False,True,False,6.02777299983822,0.0,0.0,0.0,0.0,0,1.0233934611048479,0.9005073280721532,False,False,False,False,0.17520153572549377,0.1838120269235749,False,False,False,False,83263.0,79759.09449062754,False,False,False,False,13465.256293143717,False,False,False,False
2025-06-13 14:00:00+00:00,12.565,12.76,12.56,12.7,10852.0,,,,,,,,,,,,12.443946298079645,12.527438414780109,12.267746016720215,11.99734135486475,11.684394633392412,11.493780766479555,11.212340487858766,,,11.99734135486475,11.684394633392412,,,11.946712567453636,"rgba(38, 166, 154, 1.0)",0.42557107366308516,12.11002030779178,1.3863247027811214,53.9187978458615,-2.405497718098232,True,False,True,False,True,10.550619578360177,0.0,0.0,0.0,0.0,0,1.0238756246529706,0.8922820655191561,False,False,False,False,0.23932067271219007,0.21156634981788247,False,False,False,False,94115.0,79981.66666906743,False,False,False,False,13424.740691699628,False,False,False,False
2025-06-13 15:00:00+00:00,12.7,12.815,12.68,12.785,18584.0,,,,,,,,,,,,12.49891678911361,12.532967293505612,12.274545512205405,12.00587198421783,11.693247521051518,11.502731197936521,11.220729948209724,,,12.00587198421783,11.693247521051518,,,11.961287178034317,"rgba(38, 166, 154, 1.0)",0.4174391038288316,12.120549060453058,1.5917314249011902,59.18071659079753,2.4388308619718444,True,False,True,False,True,11.83371154281074,0.0,0.0,0.0,0.0,0,1.0346933111296144,0.888426311407161,False,False,False,False,0.2531922438778573,0.2323792968478699,False,False,False,False,112699.0,80488.91214706638,False,False,False,False,13504.729208107385,False,False,False,False
2025-06-13 16:00:00+00:00,12.785,12.895,12.78,12.89,18503.0,,,,,,,,,,,,12.551477638968663,12.540413617961113,12.282420076241923,12.01522425673196,11.702690393583596,11.512181708361902,11.229502940442348,,,12.01522425673196,11.702690393583596,,,11.976272947470216,"rgba(38, 166, 154, 1.0)",0.4094811262962016,12.132088745081592,1.8509064429264237,64.0334563569557,6.808714375153002,True,False,True,False,True,13.380050419890559,0.0,0.0,0.0,0.0,0,1.0404869762174407,0.9011891279728201,False,False,False,False,0.2789589921099411,0.2556691444789055,False,False,False,False,131202.0,81275.16157114287,False,False,False,False,13582.221778524325,False,False,False,False
2025-06-13 17:00:00+00:00,12.885,12.885,12.66,12.685,27532.0,,,,,,,,,,,,12.586027827197963,12.547163103730867,12.291540052866248,12.02696447824846,11.715125996043891,11.524852580902696,11.241499080835,,,12.02696447824846,11.715125996043891,,,11.990453302832162,"rgba(38, 166, 154, 1.0)",0.4015787201390055,12.143721456641876,1.347876558724931,61.706195153345924,6.808714375153002,True,False,True,False,True,9.270147568664413,0.0,0.0,0.0,0.0,0,1.024451939291737,0.9038785834738616,False,False,False,False,0.2603153557024287,0.25799225009066706,False,False,False,False,103670.0,81622.3683684895,False,False,False,False,13798.497409865031,False,False,False,False
2025-06-13 18:00:00+00:00,12.685,12.77,12.655,12.755,10814.0,,,,,,,,,,,,12.595318523541318,12.549477997111682,12.29489570214536,12.03136799699082,11.719851665815606,11.529691282091763,11.246107359493182,,,12.03136799699082,11.719851665815606,,,11.995244361027105,"rgba(38, 166, 154, 0.75)",0.390765787782035,12.14777564620292,1.5539342818204551,61.299692073885566,6.808714375153002,True,False,True,False,False,10.318186943484832,0.0,0.0,0.0,0.0,0,1.021659634317862,0.9144866385372716,False,False,False,False,0.24326181519691822,0.25062703264379266,False,False,False,False,114484.0,82131.85102944315,False,False,False,False,13752.226132192704,False,False,False,False
2025-06-13 19:00:00+00:00,12.76,12.78,12.69,12.72,23187.0,,,,,,,,,,,,12.612028582639947,12.554335359089098,12.301973365594785,12.04066990527268,11.729869980768042,11.539964573340848,11.25591453912333,,,12.04066990527268,11.729869980768042,,,12.00496518654696,"rgba(38, 166, 154, 0.75)",0.3794415289262466,12.156134278351882,1.4860411385220815,60.1606663522436,6.808714375153002,True,False,True,False,False,9.629722072199208,0.0,0.0,0.0,0.0,0,1.0183305132543712,0.9196277495769881,False,False,False,False,0.2496401422651986,0.25013358745449565,False,False,False,False,91297.0,82273.94636232,False,False,False,False,13898.501696034677,False,False,False,False
2025-06-16 14:00:00+00:00,12.7,12.74,12.585,12.615,6651.0,,,,,,,,,,,,12.613218944623565,12.555042527122128,12.303574213549261,12.0429754884379,11.732470686542124,11.542674920068684,11.258546086710453,,,12.0429754884379,11.732470686542124,,,12.00692898100773,"rgba(38, 166, 154, 0.75)",0.367565928387991,12.157858132699737,1.2437003323597478,56.95352514638073,6.808714375153002,True,False,True,False,False,7.589579119489613,0.0,0.0,0.0,0.0,0,1.0081323611890072,0.9223219293325856,False,False,False,False,0.22915617008140154,0.2396448787679486,False,False,False,False,84646.0,82310.72238771038,False,False,False,False,13786.137328654293,False,False,False,False
2025-06-16 15:00:00+00:00,12.615,12.76,12.6,12.735,18802.0,,,,,,,,,,,,12.620755611336643,12.558079257444959,12.308689874261086,12.049949136257736,11.740154588597283,11.550620842659907,11.266206638193092,,,12.049949136257736,11.740154588597283,,,12.013493706964386,"rgba(38, 166, 154, 0.75)",0.35816508096859395,12.163608258300787,1.5953306786747186,57.12754372187099,6.808714375153002,True,False,True,False,False,9.432852891848267,0.0,0.0,0.0,0.0,0,1.0103438635728264,0.9228403690243223,False,False,False,False,0.2340826856420857,0.23686378220501714,False,False,False,False,103448.0,82638.43211813347,False,False,False,False,13863.902641388335,False,False,False,False
2025-06-16 16:00:00+00:00,12.735,13.235,12.735,12.935,105161.0,,,,,,,,,,,,12.735879189120805,12.601554572479472,12.353269882113976,12.101537189351296,11.792475110688553,11.603121593868721,11.31539573305296,,,12.101537189351296,11.792475110688553,,,12.071890467239399,"rgba(38, 166, 154, 0.75)",0.35333524136831773,12.290071187349918,1.8252603678946555,60.194780597797454,6.808714375153002,True,False,True,False,False,12.34646067357135,0.0,0.0,0.0,0.0,0,1.0333611342785651,0.8963024742841256,False,False,False,False,0.32200024595146365,0.27943201407824036,False,False,False,False,208609.0,84591.46417831743,False,False,False,False,15279.36151516526,False,False,False,False
2025-06-16 17:00:00+00:00,12.935,12.96,12.72,12.755,15517.0,,,,,,,,,,,,12.739410533828204,12.604789433195718,12.357795898745712,12.10737473783137,11.798841570453984,11.609689495265275,11.321748929601767,,,12.10737473783137,11.798841570453984,,,12.077092942703146,"rgba(38, 166, 154, 0.75)",0.34489929330536084,12.293567936707353,1.3378747717065147,58.390232756946006,6.808714375153002,True,False,True,False,False,8.9216599988119,0.0,0.0,0.0,0.0,0,1.032800441014333,0.9062844542447628,False,False,False,False,0.27859574543276194,0.2790138797555012,False,False,False,False,193092.0,86273.643028266,False,False,False,False,15283.045832759597,False,False,False,False
2025-06-16 18:00:00+00:00,12.755,12.89,12.75,12.865,10117.0,,,,,,,,,,,,12.74222891220994,12.607077327999919,12.360848259925334,12.111253768960724,11.803044452115584,11.614015806939387,11.325926621419319,,,12.111253768960724,11.803044452115584,,,12.080627878510029,"rgba(38, 166, 154, 0.75)",0.338313583944092,12.296198352835273,1.6812852754346541,58.79850351281448,6.808714375153002,True,False,True,False,False,10.498734919934048,0.0,0.0,0.0,0.0,0,1.0307861462341945,0.9142385926333151,False,False,False,False,0.2727402699768573,0.27587707486617924,False,False,False,False,203209.0,88086.5942991456,False,False,False,False,15202.952098918362,False,False,False,False
2025-06-16 19:00:00+00:00,12.865,12.92,12.845,12.92,24228.0,,,,,,,,,,,,12.752304390867112,12.613770582824483,12.368906871044695,12.12113355022929,11.813549390326624,11.62475630717211,11.336232206398458,,,12.12113355022929,11.813549390326624,,,12.090093328408967,"rgba(38, 166, 154, 0.75)",0.33124720634554355,12.304128456498132,1.8592505286200536,59.83423830137284,6.808714375153002,True,False,True,False,False,11.274712076129163,0.0,0.0,0.0,0.0,0,1.0366391184573003,0.913223140495868,False,False,False,False,0.2911012880931548,0.283489181479667,False,False,False,False,227437.0,90247.0657053604,False,False,False,False,15342.875322190945,False,False,False,False
2025-06-17 14:00:00+00:00,12.82,12.9,12.665,12.815,26232.0,,,,,,,,,,,,12.755038868408057,12.618179134017947,12.375728296199172,12.130184552596802,11.823649648394,11.635269318768227,11.346520787831576,,,12.130184552596802,11.823649648394,,,12.097795800887969,"rgba(38, 166, 154, 0.75)",0.3212191444150775,12.309745820450352,1.5729267334600723,58.28390938705411,6.808714375153002,True,False,True,False,False,9.299088872620764,0.0,0.0,0.0,0.0,0,1.025347506132461,0.9111474516216953,False,False,False,False,0.2593757245718503,0.2714324530257587,False,False,False,False,201205.0,91967.34375644007,False,False,False,False,15511.698960606589,False,False,False,False
2025-06-17 15:00:00+00:00,12.815,12.95,12.805,12.855,12293.0,,,,,,,,,,,,12.758520676577495,12.621043507038873,12.37942322544237,12.134823467692526,11.828680167126198,11.640453037143189,11.351545302548644,,,12.134823467692526,11.828680167126198,,,12.10206991193847,"rgba(38, 166, 154, 0.75)",0.31107676987646105,12.313333000182897,1.741264704632934,57.91468702707534,6.808714375153002,True,False,True,False,False,9.87876821365467,0.0,0.0,0.0,0.0,1,1.0301876529779712,0.9137884144683165,False,False,False,False,0.2871442671923578,0.2792883601090582,False,False,False,False,213498.0,93851.53997727045,False,False,False,False,15461.79665113982,False,False,False,False
2025-06-17 16:00:00+00:00,12.855,12.875,12.78,12.8,6485.0,,,,,,,,,,,,12.75946129819992,12.622220290182996,12.381147310726584,12.137076958064894,11.831183800252393,11.64305596200828,11.354092848927124,,,12.137076958064894,11.831183800252393,,,12.104034066908884,"rgba(38, 166, 154, 0.75)",0.29914355227027883,12.314878016039975,1.6217029592592183,56.441883701505276,11.120081372133548,True,False,True,False,False,8.84088401039477,0.0,0.0,0.0,0.0,1,1.0280960174577194,0.9208947081287507,False,False,False,False,0.270481077018587,0.27488471856382257,False,False,False,False,207013.0,95605.98121793293,False,False,False,False,15322.621509261684,False,False,False,False
2025-06-17 17:00:00+00:00,12.795,12.87,12.775,12.865,7095.0,,,,,,,,,,,,12.760767177792717,12.623610652428262,12.38309657173002,12.139591350395527,11.833959064862109,11.645934797657185,11.356904678719458,,,12.139591350395527,11.833959064862109,,,12.106266327655039,"rgba(38, 166, 154, 0.75)",0.2855202616625242,12.3166883252102,1.9203949716111137,56.681924661500105,11.01510293919813,True,False,True,False,False,9.802289876749217,0.0,0.0,0.0,0.0,1,1.021520021792427,0.9231816943612097,False,False,False,False,0.2689241428215669,0.27190443069269477,False,False,False,False,214108.0,97443.22181920528,False,False,False,False,15195.061485862278,False,False,False,False
2025-06-17 18:00:00+00:00,12.865,12.88,12.83,12.865,5761.0,,,,,,,,,,,,12.762089009713243,12.6248398719606,12.384742126207867,12.141682776619422,11.836249730070605,11.648304508514679,11.359213310034557,,,12.141682776619422,11.836249730070605,,,12.108160190445854,"rgba(38, 166, 154, 0.75)",0.27138321032603246,12.31826986400273,2.0146056026842767,56.841951968163315,10.79699343394438,True,False,True,False,False,9.802289876749217,0.0,0.0,0.0,0.0,1,1.0242440751838735,0.9218196676654863,False,False,False,False,0.2790673648709293,0.27548589778181204,False,False,False,False,214108.0,99251.97807007031,False,False,False,False,15048.796966701622,False,False,False,False
2025-06-17 19:00:00+00:00,12.865,12.925,12.85,12.86,10774.0,,,,,,,,,,,,12.76496151767236,12.62729847000321,12.387917870221683,12.14566984040705,11.84058955483015,11.652784319969282,11.363569170907555,,,12.14566984040705,11.84058955483015,,,12.11182724914447,"rgba(38, 166, 154, 0.75)",0.25390375561841166,12.321403162031128,2.1212637704277237,56.803525800788805,10.362200665049222,True,False,True,False,False,9.70370189824768,0.0,0.0,0.0,0.0,1,1.026938775510204,0.918095238095238,False,False,False,False,0.28897597275857645,0.28223093527019427,False,False,False,False,203334.0,100865.65282867388,False,False,False,False,14982.521044737256,False,False,False,False
2025-06-18 14:00:00+00:00,13.09,13.11,12.895,13.045,9837.0,,,,,,,,,,,,12.770515157224523,12.63071620226486,12.391589823813565,12.149952889601613,11.845044505594228,11.657304599519355,11.36788565940497,,,12.149952889601613,11.845044505594228,,,12.116144119631873,"rgba(38, 166, 154, 1.0)",0.24005371020628088,12.325474462343907,2.997352288526582,60.249906767377944,10.362200665049222,True,False,True,False,True,12.449222718098657,0.0,0.0,0.0,0.0,1,1.026096314231907,0.9074522464352973,False,False,False,False,0.3255278165348022,0.30387937590249825,False,False,False,False,213171.0,102606.82100187273,False,False,False,False,14902.74552466381,False,False,False,False
2025-06-18 15:00:00+00:00,13.045,13.125,13.01,13.115,4132.0,,,,,,,,,,,,12.773387714736536,12.632378879246865,12.39328259665356,12.151876852533155,11.847011649982274,11.65928708548284,11.36976511106957,,,12.151876852533155,11.847011649982274,,,12.118141412814973,"rgba(38, 166, 154, 1.0)",0.22869886569720635,12.32741179793829,3.44377834870622,63.565398623286164,9.899735204620882,True,False,True,False,True,13.448475194616424,0.0,0.0,0.0,0.0,0,1.0319720580333154,0.9097259537882859,False,False,False,False,0.34282821828575644,0.32335379709412737,False,False,False,False,217303.0,104385.05633517703,False,False,False,False,14735.757221955842,False,False,False,False
2025-06-18 16:00:00+00:00,13.115,13.28,13.115,13.255,19232.0,,,,,,,,,,,,12.791557161592094,12.642200996515609,12.402555198231125,12.161995424958992,11.857064524492294,11.669299512329928,11.379135390948345,,,12.161995424958992,11.857064524492294,,,12.129115458438344,"rgba(38, 166, 154, 1.0)",0.2213333265494817,12.33846832556319,4.140956487327315,67.49387151218991,13.480629211915542,True,False,True,False,True,15.3918305758033,0.0,0.0,0.0,0.0,0,1.0343614718614718,0.9134199134199134,False,False,False,False,0.3428282204402759,0.33309100876720166,False,False,False,False,236535.0,106433.89267106575,False,False,False,False,14805.466412313115,False,False,False,False
2025-06-18 17:00:00+00:00,13.26,13.33,13.175,13.22,6198.0,,,,,,,,,,,,12.797425438227457,12.645431150824187,12.40558959644144,12.16529187120228,11.86033194566281,11.672550587969468,11.382175785812768,,,12.16529187120228,11.86033194566281,,,12.132685196591485,"rgba(38, 166, 154, 1.0)",0.23130992040830742,12.420520661641506,3.4563123663146693,68.94780390085192,14.727247569492505,True,False,True,False,True,14.669605433899612,0.0,0.0,0.0,0.0,0,1.0320581896551724,0.9092133620689652,False,True,False,False,0.3428282212763526,0.3379596150217771,False,False,False,False,230337.0,108354.87107926629,False,False,False,False,14672.017320649345,False,False,False,False
2025-06-18 18:00:00+00:00,13.24,13.29,12.99,13.05,5228.0,,,,,,,,,,,,12.800825447816884,12.647533106760635,12.407731697669817,12.167718587994585,11.862814479556622,11.675053196490506,11.384551599605794,,,12.167718587994585,11.862814479556622,,,12.135175445127837,"rgba(38, 166, 154, 0.75)",0.23588461066709698,12.4197844792515,2.6717110495941627,65.07380692713491,14.727247569492505,True,False,True,False,False,11.253926078123907,0.0,0.0,0.0,0.0,0,1.0215884861407247,0.9139125799573562,False,False,False,False,0.3059832303022727,0.32197142266202494,False,False,False,False,225109.0,110165.01261292107,False,False,False,False,14525.598447460983,False,False,False,False
2025-06-18 19:00:00+00:00,13.045,13.095,12.995,13.085,17452.0,,,,,,,,,,,,12.809848150230216,12.653645389200221,12.41426981267956,12.175290625855071,11.87069030474246,11.683046078336918,11.392199326970443,,,12.175290625855071,11.87069030474246,,,12.142712812573555,"rgba(38, 166, 154, 0.75)",0.24112396348306878,12.422753279862254,2.746498981567413,63.12755318825374,17.935926118665705,True,False,True,False,False,11.760003220782163,0.0,0.0,0.0,0.0,0,1.017539197448844,0.9258570289662501,False,False,False,False,0.2754888663650902,0.29873014451355756,False,False,False,False,242561.0,112217.66358016261,False,False,False,False,14570.969014167014,False,False,False,False
2025-06-19 14:00:00+00:00,13.085,13.085,13.085,13.085,0.0,,,,,,,,,,,,12.809848150230216,12.653645389200221,12.41426981267956,12.175290625855071,11.87069030474246,11.683046078336918,11.392199326970443,,,12.175290625855071,11.87069030474246,,,12.142712812573555,"rgba(38, 166, 154, 0.75)",0.24602748326668958,12.422753279862254,2.691759113025118,61.830050695666294,16.727236190146627,True,False,True,False,False,11.760003220782163,0.0,0.0,0.0,0.0,0,1.021333333333333,0.9282666666666666,False,False,False,False,0.28826472553812366,0.2934974350258406,False,False,False,False,242561.0,114238.4905014004,False,False,False,False,14345.062517823339,False,False,False,False
2025-06-19 15:00:00+00:00,13.085,13.085,13.085,13.085,0.0,,,,,,,,,,,,12.809848150230216,12.653645389200221,12.41426981267956,12.175290625855071,11.87069030474246,11.683046078336918,11.392199326970443,,,12.175290625855071,11.87069030474246,,,12.142712812573555,"rgba(38, 166, 154, 0.75)",0.25070216707598564,12.422753279862254,2.641567593378741,60.96504903394133,15.809687315818707,True,False,True,False,False,11.760003220782163,0.0,0.0,0.0,0.0,0,1.0219839142091152,0.9292225201072386,False,False,False,False,0.28826472553812366,0.2908810802819821,False,False,False,False,242561.0,116227.98677269652,False,False,False,False,14122.658447779566,False,False,False,False
2025-06-19 16:00:00+00:00,13.085,13.085,13.085,13.085,0.0,,,,,,,,,,,,12.809848150230216,12.653645389200221,12.41426981267956,12.175290625855071,11.87069030474246,11.683046078336918,11.392199326970443,,,12.175290625855071,11.87069030474246,,,12.142712812573555,"rgba(38, 166, 154, 0.75)",0.2552321854086735,12.422753279862254,2.5946834215965677,60.388381259458015,15.063270571442743,True,False,True,False,False,11.760003220782163,0.0,0.0,0.0,0.0,0,1.0167206040992447,0.9344660194174755,False,False,False,False,0.28826472553812366,0.2895729029100529,False,False,False,False,242561.0,118186.63814056168,False,False,False,False,13903.702502852751,False,False,False,False
2025-06-19 17:00:00+00:00,13.085,13.085,13.085,13.085,0.0,,,,,,,,,,,,12.809848150230216,12.653645389200221,12.41426981267956,12.175290625855071,11.87069030474246,11.683046078336918,11.392199326970443,,,12.175290625855071,11.87069030474246,,,12.142712812573555,"rgba(38, 166, 154, 0.75)",0.2577687174808668,12.422753279862254,2.569150852010979,60.003936076469145,14.421634993542071,True,False,True,False,False,11.760003220782163,0.0,0.0,0.0,0.0,0,1.0124762679685382,0.9384323298074316,False,False,False,False,0.28826472553812366,0.28891881422408827,False,False,False,False,242561.0,120114.92282055298,False,False,False,False,13688.141223738756,False,False,False,False
2025-06-19 18:00:00+00:00,13.085,13.085,13.085,13.085,0.0,,,,,,,,,,,,12.809848150230216,12.653645389200221,12.41426981267956,12.175290625855071,11.87069030474246,11.683046078336918,11.392199326970443,,,12.175290625855071,11.87069030474246,,,12.142712812573555,"rgba(38, 166, 154, 0.75)",0.26094077889457884,12.422753279862254,2.5379196112743148,59.747639287809896,13.84965807432227,True,False,True,False,False,11.760003220782174,0.0,0.0,0.0,0.0,0,1.0084468664850135,0.9411444141689372,False,False,False,False,0.28826472553812366,0.28859176988110596,False,False,False,False,242561.0,122013.31161403278,False,False,False,False,13475.92197995986,False,False,False,False
2025-06-19 19:00:00+00:00,13.085,13.085,13.085,13.085,0.0,,,,,,,,,,,,12.809848150230216,12.653645389200221,12.41426981267956,12.175290625855071,11.87069030474246,11.683046078336918,11.392199326970443,,,12.175290625855071,11.87069030474246,,,12.142712812573555,"rgba(38, 166, 154, 0.75)",0.2637892279013235,12.422753279862254,2.5105146461305665,59.57677476203706,13.329763966107478,True,False,True,False,False,11.760003220782174,0.0,0.0,0.0,0.0,0,1.0101453249245953,0.9407732382780366,False,False,False,False,0.28826472553812366,0.28842824770961484,False,False,False,False,242561.0,123882.26802311755,False,False,False,False,13266.992957014745,False,False,False,False
2025-06-20 14:00:00+00:00,13.25,13.26,12.805,12.92,22264.0,,,,,,,,,,,,12.81777025711196,12.660004116483089,12.421620660535547,12.184086027335283,11.880060506170029,11.692646276495225,11.401487855938003,,,12.184086027335283,11.880060506170029,,,12.151096528581304,#000000,0.2638864586580425,12.42743191223458,1.8665909962576555,53.049748091420916,7.081941461627274,False,True,False,False,False,8.17420926170318,0.0,0.0,0.0,0.0,0,0.9957058507783146,0.9288781535158349,False,False,False,False,0.2715145142628351,0.279971380986225,False,False,False,False,220297.0,125377.07006927076,False,False,False,False,13406.481438301338,False,False,False,False
2025-06-20 15:00:00+00:00,12.925,12.945,12.855,12.895,7809.0,,,,,,,,,,,,12.81896142153252,12.66155117106843,12.423727774774697,12.186763994344672,11.883028422731963,11.695732840040575,11.404524226386442,,,12.186763994344672,11.883028422731963,,,12.153469978697043,"rgba(239, 83, 80, 1.0)",0.26382028759017756,12.428218323595843,1.769316835592502,47.99902155294251,2.5536905085154586,False,True,False,True,False,7.6461068377566015,0.0,0.0,0.0,0.0,0,0.9962466487935656,0.9485254691689008,False,False,False,False,0.22987108032777331,0.2549212306569991,False,False,False,False,212488.0,126727.62712246036,False,False,False,False,13319.698780343178,False,False,False,False
2025-06-20 16:00:00+00:00,12.895,12.995,12.875,12.94,13391.0,,,,,,,,,,,,12.82187197162188,12.66457985139148,12.427586423241591,12.191554658884769,11.888268424144917,11.701156650217476,11.409835350284366,,,12.191554658884769,11.888268424144917,,,12.157836189969498,"rgba(239, 83, 80, 1.0)",0.2645696318365168,12.430817145379914,1.9245702958634372,46.6197300259729,1.4645257506545093,False,True,False,True,False,8.422538331136082,0.0,0.0,0.0,0.0,0,1.0120514927417148,0.9433032046014792,False,False,False,False,0.23710664032986523,0.24601393549343217,False,False,False,False,225879.0,128264.85770970903,False,False,False,False,13320.804225609176,False,False,False,False
2025-06-20 17:00:00+00:00,12.945,12.985,12.855,12.87,9489.0,,,,,,,,,,,,12.823274767572903,12.666427931462795,12.430108998268684,12.194762269994486,11.89183304485368,11.704868484645763,11.413494952525904,,,12.194762269994486,11.89183304485368,,,12.160681492760602,"rgba(239, 83, 80, 1.0)",0.26443775132220515,12.43237318158371,1.6549332167140585,43.59674365371838,-1.264272681132283,False,True,False,True,False,6.923514745432026,0.0,0.0,0.0,0.0,0,1.0043859649122804,0.9459978070175437,False,False,False,False,0.22918049419056571,0.23759721484199894,False,False,False,False,216390.0,129631.13898552749,False,False,False,False,13261.39640815787,False,False,False,False
2025-06-20 18:00:00+00:00,12.87,12.9,12.84,12.85,7180.0,,,,,,,,,,,,12.823790019819196,12.667574490591463,12.431840193347488,12.197034278390275,11.894407669770692,11.707568670792048,11.416178123545302,,,12.197034278390275,11.894407669770692,,,12.162627635179495,"rgba(239, 83, 80, 1.0)",0.26346829133799143,12.433251587621674,1.5817782483877647,41.0281659112033,-3.593271714102471,False,True,False,True,False,6.496571365525334,0.0,0.0,0.0,0.0,0,0.9975349219391947,0.9512462339085184,False,False,False,False,0.21143259657387176,0.22451490570793536,False,False,False,False,209210.0,130864.91977644955,False,False,False,False,13167.111192527516,False,False,False,False
2025-06-20 19:00:00+00:00,12.845,12.88,12.73,12.73,22851.0,,,,,,,,,,,,12.82206792768668,12.669620039307334,12.43621243438176,12.203271831917768,11.90181459592425,11.715465474837465,11.42416389218376,,,12.203271831917768,11.90181459592425,,,12.167516599462717,"rgba(239, 83, 80, 1.0)",0.26292147630561286,12.434225182698006,1.1249549540722723,36.566608210565875,-7.670485765555206,False,True,False,True,False,3.9766578643414654,0.0,0.0,0.0,0.0,0,0.9920765027322405,0.955191256830601,False,False,False,False,0.18919901722160545,0.2068569614647704,False,False,False,False,186359.0,131725.29311324877,False,False,False,False,13317.249003496083,False,False,False,False
2025-06-23 14:00:00+00:00,13.03,13.085,12.86,13.085,9982.0,,,,,,,,,,,,12.825241856527805,12.672304043430604,12.4393429294304,12.207024893610372,11.905848681611362,11.71961609661925,11.428209840176805,,,12.207024893610372,11.905848681611362,,,12.171084048772371,"rgba(239, 83, 80, 0.75)",0.2553387963097685,12.437516768193865,2.5357808572913894,44.04431509241581,-12.48182531417116,False,True,False,True,True,10.040016193780549,0.0,0.0,0.0,0.0,0,0.9889784946236558,0.9384408602150538,False,False,False,False,0.2453137060838024,0.2260853337742864,False,False,False,False,196341.0,132727.0870184697,False,False,False,False,13265.539716620175,False,False,False,False
2025-06-23 15:00:00+00:00,13.085,13.2,13.04,13.045,8642.0,,,,,,,,,,,,12.82912929445534,12.675170129487345,12.44242532803116,12.210587027855535,11.90958462207183,11.723423389530575,11.431883351657024,,,12.210587027855535,11.90958462207183,,,12.174600449012688,#000000,0.25390242504053057,12.441112814876387,2.3784222818163863,48.00537151121266,-9.144298925923664,False,True,False,False,True,9.213409452454208,0.0,0.0,0.0,0.0,0,1.0002674511901577,0.9315324953196042,False,False,False,False,0.29485855037711034,0.26047194207569835,False,False,False,False,187699.0,133579.36473911357,False,False,False,False,13193.856930315986,False,False,False,False
2025-06-23 16:00:00+00:00,13.05,13.095,12.865,12.9,6550.0,,,,,,,,,,,,12.830471236818983,12.676592332773136,12.444239327150154,12.212838458570713,11.912064058150563,11.72599842063424,11.434420584584254,,,12.212838458570713,11.912064058150563,,,12.176660631240294,"rgba(239, 83, 80, 0.75)",0.24956042435736162,12.442769938889029,1.8321417039114916,47.38064976146311,-9.144298925923664,False,True,False,True,True,6.290617087680339,0.0,0.0,0.0,0.0,0,0.9904331650279035,0.9423332447515281,False,False,False,False,0.24010033880697845,0.2502861404413384,False,False,False,False,181149.0,134316.87846408854,False,False,False,False,13090.851396512637,False,False,False,False
2025-06-23 17:00:00+00:00,12.9,12.955,12.87,12.93,4772.0,,,,,,,,,,,,12.831157441503958,12.677489465553954,12.44546252301896,12.214393038467124,11.91380257673521,11.727814373690993,11.436221290663005,,,12.214393038467124,11.91380257673521,,,12.17804867280474,#000000,0.2485639475790023,12.443792747175799,1.9560650591521014,47.66756928657543,-9.144298925923664,False,True,False,False,True,6.790409127747836,0.0,0.0,0.0,0.0,0,0.9877103927331016,0.9583222014426933,False,False,False,False,0.20919209664430083,0.22973911854281961,False,False,False,False,185921.0,135116.9423638701,False,False,False,False,12961.876956256627,False,False,False,False
2025-06-23 18:00:00+00:00,12.93,13.02,12.905,13.01,6668.0,,,,,,,,,,,,12.832746244807165,12.6790414824993,12.44737671606787,12.21673801556549,11.916366301013237,11.730470009606435,11.438831706964349,,,12.21673801556549,11.916366301013237,,,12.18022435378912,#000000,0.25011874657331956,12.44563776555829,2.2563771895293465,49.67317083342804,-7.31644674486823,False,True,False,False,True,8.114291128810567,0.0,0.0,0.0,0.0,0,0.9831550802139036,0.9582887700534762,False,False,False,False,0.22672991300219233,0.22823451577250597,False,False,False,False,192589.0,136007.98201714343,False,False,False,False,12864.297468562725,False,False,False,False
2025-06-23 19:00:00+00:00,13.005,13.13,13.005,13.03,17375.0,,,,,,,,,,,,12.838827090022408,12.684028320650475,12.453011550816028,12.223389648824908,11.923467137237953,11.737759089082633,11.445929090090495,,,12.223389648824908,11.923467137237953,,,12.186630275246415,"rgba(38, 166, 154, 0.5)",0.2520283124378915,12.451685423598017,2.2946413075892003,51.453738265675575,-5.3168285897493845,False,True,True,False,True,8.443829576219123,0.0,0.0,0.0,0.0,0,0.9848161960575388,0.9523175279701652,False,False,False,False,0.2679242320538637,0.24807937391318483,False,False,False,False,209964.0,137154.5869471102,False,False,False,False,12934.230841143148,False,False,False,False
2025-06-24 14:00:00+00:00,12.34,12.46,12.29,12.41,8746.0,,,,,,,,,,,,12.832684497283573,12.682056057331366,12.4527032914336,12.224039220422322,11.924916633361514,11.739551662775366,11.448004031593692,,,12.224039220422322,11.924916633361514,,,12.186279342028778,"rgba(239, 83, 80, 1.0)",0.2553097923897772,12.448959075920436,-0.15259530610153088,43.46317892490219,0.6217865775498552,False,True,False,True,False,0.0,0.0,0.0,0.0,0.0,0,0.9755595574993571,0.9598662207357862,False,False,False,False,0.0060000532036764715,0.12703971355843066,False,False,False,False,201218.0,138147.8181572325,False,False,False,False,12869.297029652555,False,False,False,False
2025-06-24 15:00:00+00:00,12.41,12.485,12.37,12.385,9786.0,,,,,,,,,,,,12.826405634564237,12.6800764959697,12.452499672768582,12.224878112088776,11.926620820169175,11.74162786091647,11.450380533158913,,,12.224878112088776,11.926620820169175,,,12.186069875662266,"rgba(239, 83, 80, 1.0)",0.25888790227812286,12.446369831111845,-0.23705175317893232,37.93278660174326,-4.393564709176559,False,True,False,True,False,0.0,0.0,0.0,0.0,0.0,0,0.979460847240051,0.9589216944801027,False,False,False,False,0.025390050034308703,0.07621488179636968,False,False,False,False,191432.0,138973.929503632,False,False,False,False,12821.493974929257,False,False,False,False
2025-06-24 16:00:00+00:00,12.39,12.495,12.385,12.49,12901.0,,,,,,,,,,,,12.819248691395368,12.67792773677806,12.452527891832077,12.22622443429827,11.92904779447865,11.74452078300618,11.453635863379464,,,12.22622443429827,11.92904779447865,,,12.186161885024008,"rgba(239, 83, 80, 1.0)",0.26069824812721204,12.443753985792473,0.17739288445452497,36.55988428238581,-5.606496480844662,False,True,False,True,False,0.0,0.0,0.0,0.0,0.0,0,0.976512637222364,0.9586418177176409,False,False,False,False,0.030008984705124878,0.05311193325074728,False,False,False,False,204333.0,139987.24842605632,False,False,False,False,12822.726626480742,False,False,False,False
2025-06-24 17:00:00+00:00,12.49,12.595,12.475,12.54,18586.0,,,,,,,,,,,,12.811582242450427,12.675997128759011,12.453340838264994,12.228800644765585,11.933029692511214,11.749111186286726,11.45865995538458,,,12.228800644765585,11.933029692511214,,,12.187217384060363,"rgba(239, 83, 80, 1.0)",0.2617016732193101,12.441732283602077,0.3754951781128748,36.71229412482424,-5.649809273111984,False,True,False,True,False,0.0,0.0,0.0,0.0,0.0,0,0.9812230398376048,0.9538188277087035,False,False,False,False,0.06516900207512973,0.0591404676629385,False,False,False,False,222919.0,141273.01201635003,False,False,False,False,12912.07970203918,False,False,False,False
2025-06-24 18:00:00+00:00,12.545,12.595,12.38,12.4,12608.0,,,,,,,,,,,,12.80519856763368,12.673997680198122,12.453373347477642,12.230085539056255,11.935354586676322,11.751888240458674,11.461795916378565,,,12.230085539056255,11.935354586676322,,,12.187384839697035,"rgba(239, 83, 80, 1.0)",0.2645470376608966,12.439689701392947,-0.15002890126413657,35.18171905256926,-7.458105188435702,False,True,False,True,False,0.0,0.0,0.0,0.0,0.0,0,0.9766566265060239,0.954317269076305,False,False,False,False,0.047574299812996074,0.053357383737967286,False,False,False,False,210311.0,142343.3684191973,False,False,False,False,12907.365288054076,False,False,False,False
2025-06-24 19:00:00+00:00,12.395,12.43,12.325,12.345,25611.0,,,,,,,,,,,,12.789670598233165,12.668368026995832,12.452241429784815,12.231621157565279,11.939197651878997,11.756739565013236,11.467525469603935,,,12.231621157565279,11.939197651878997,,,12.186480557010754,"rgba(239, 83, 80, 1.0)",0.26837485549708945,12.434076496379708,-0.3319107381156039,33.56996330312552,-9.38083373285886,False,True,False,True,False,0.0,0.0,0.0,0.0,0.0,0,0.9740324594257179,0.9627965043695382,False,False,False,False,0.006923168681882463,0.030140276209924873,False,False,False,False,184700.0,143000.06038169036,False,False,False,False,13104.32086498347,False,False,False,False
2025-06-25 14:00:00+00:00,12.27,12.285,12.17,12.245,9827.0,,,,,,,,,,,,12.782213236250278,12.665331677520367,12.451150369990918,12.231628512280544,11.940199832511722,11.758178269153367,11.46938154059246,,,12.231628512280544,11.940199832511722,,,12.185440491185664,"rgba(239, 83, 80, 1.0)",0.27446119205812386,12.43104029261029,-0.6778382445081395,31.46865091378329,-11.753005590614322,False,True,False,True,False,0.0,0.0,0.0,0.0,0.0,0,0.9675742574257423,0.9673267326732672,False,False,False,False,-0.048499545439502675,-0.009179634614788901,False,False,False,False,174873.0,143494.21448429982,False,False,False,False,13053.509688782175,False,False,False,False
2025-06-25 15:00:00+00:00,12.245,12.27,12.11,12.145,14583.0,,,,,,,,,,,12.174999999999999,12.770370279474458,12.660305142916863,12.449122883640701,12.231269822517067,11.94138105653039,11.760037178630114,11.471910322655797,,,12.231269822517067,11.94138105653039,,,12.182424585795674,"rgba(239, 83, 80, 1.0)",0.2828009040851382,12.44260849416251,-1.0523604764464058,29.13625235328096,-14.296648094674978,False,True,False,True,False,0.0,0.0,0.0,0.0,0.0,0,0.9648821218074655,0.9683202357563853,True,False,False,False,-0.06238852699816956,-0.03578408080647923,False,False,False,False,160290.0,143754.61425973705,True,False,False,False,13077.222716863072,False,False,False,False
2025-06-25 16:00:00+00:00,12.145,12.295,12.115,12.275,16659.0,,,,,,,,,,,12.203438640291916,12.758556744640394,12.655305029399212,12.44728649086929,12.231248727341715,11.943020728145656,11.76241086640989,11.474994461338897,,,12.231248727341715,11.943020728145656,,,12.184532711054622,"rgba(239, 83, 80, 1.0)",0.28759092569231137,12.439282968814165,-0.5712383602462078,30.863183943078305,-14.296648094674978,False,True,False,True,False,0.0,0.0,0.0,0.0,0.0,0,0.9657888259906473,0.977356633029781,False,False,False,False,-0.05683034856065458,-0.04630721468356691,False,False,False,False,176949.0,144269.25589912097,False,False,False,False,13132.754147609381,False,False,False,False
2025-06-25 17:00:00+00:00,12.275,12.385,12.275,12.365,11998.0,,,,,,,,,,,12.241793401171757,12.752114037596055,12.652711996227517,12.446657566177477,12.231817073744477,11.94465457320468,11.764517799670633,11.477531987513045,,,12.231817073744477,11.94465457320468,,,12.188974804413206,"rgba(239, 83, 80, 0.75)",0.2904188959677986,12.438979648851447,-0.2547342816827236,34.03245968392458,-14.296648094674978,False,True,False,True,True,0.0,0.0,0.0,0.0,0.0,0,0.9782016348773843,0.9687887044835277,False,False,False,False,-0.010615801248488477,-0.028461507966027692,False,False,False,False,188947.0,144961.9341022354,False,False,False,False,13115.161060049546,False,False,False,False
2025-06-25 18:00:00+00:00,12.365,12.465,12.365,12.41,13497.0,,,,,,,,,,,12.282600536980572,12.746324971038986,12.650506165287327,12.446435827063633,12.232862058498181,11.946805518955125,11.767161770258928,11.480604117817798,,,12.232862058498181,11.946805518955125,,,12.194162620737568,"rgba(239, 83, 80, 0.75)",0.29249829444335573,12.439354991614055,-0.10035953088177517,37.125012188711274,-19.14308944073391,False,True,False,True,True,0.0,0.0,0.0,0.0,0.0,0,0.982160555004955,0.9588701684836473,False,False,False,False,0.02077219825547911,-0.003844654855274292,False,False,False,False,202444.0,145853.12892235577,False,False,False,False,13121.08104361467,False,False,False,False
2025-06-25 19:00:00+00:00,12.41,12.46,12.375,12.4,34242.0,,,,,,,,,,,12.331177487845181,12.732419605944441,12.645050110699863,12.445858624839543,12.235435994784822,11.952155742159832,11.773756797247538,11.488294617633668,,,12.235435994784822,11.952155742159832,,,12.200518622644362,"rgba(239, 83, 80, 0.75)",0.29415974394021793,12.437907785353037,-0.1288680253975898,39.010983398953854,-17.19950815069953,False,True,False,True,True,0.0,0.0,0.0,0.0,0.0,0,0.981935164563227,0.9579312051472408,False,False,False,False,0.021695691452297272,0.00892551829851149,False,False,False,False,168202.0,146199.62304759055,False,False,False,False,13448.537151465605,False,False,False,False
2025-06-26 14:00:00+00:00,12.49,12.54,12.41,12.54,5495.0,,,,,,,,,,,12.340603478657464,12.730858040257537,12.644508138006339,12.445993620366858,12.236038068582411,11.95315957739951,11.774941939590128,11.489629459436475,,,12.236038068582411,11.95315957739951,,,12.20196654028709,"rgba(239, 83, 80, 0.75)",0.29453770464828266,12.438131521758542,0.34585887183137143,43.33654890861736,-13.02120907894949,False,True,False,True,True,0.07666780365629577,0.0,0.0,0.0,0.0,0,0.9834853339906334,0.9534138526004439,False,False,False,False,0.03845642555135383,0.023690971924932663,False,False,False,False,173697.0,146625.93896933334,False,False,False,False,13325.22649795451,False,False,False,False
2025-06-26 15:00:00+00:00,12.54,12.565,12.445,12.465,9000.0,,,,,,,,,,,12.353493562394524,12.72829097264621,12.643599234769114,12.446191515850607,12.236999400801514,11.954780688257552,11.776861266702872,11.491797298690859,,,12.236999400801514,11.954780688257552,,,12.204001742514155,"rgba(239, 83, 80, 0.75)",0.29495598999860206,12.438355160593181,0.09033496626715434,44.68859885990579,-11.644304323551843,False,True,False,True,True,0.0,0.0,0.0,0.0,0.0,0,0.9842597147073291,0.9540088539104774,False,False,False,False,0.04526897118112199,0.03447997155302733,False,False,False,False,164697.0,146906.1104581809,False,False,False,False,13258.168722792425,False,False,False,False
2025-06-26 16:00:00+00:00,12.465,12.53,12.45,12.52,3992.0,,,,,,,,,,,12.358836351013101,12.72720937417911,12.643221460337129,12.446294730378021,12.237437371437956,11.955507732817392,11.777719194436632,11.49276384475783,,,12.237437371437956,11.955507732817392,,,12.204873757419646,"rgba(239, 83, 80, 0.5)",0.29546385885910176,12.438464908158632,0.27595622745944315,46.781743358389335,-9.491251072948451,False,False,False,True,True,0.0,0.0,0.0,0.0,0.0,0,0.9836714497773379,0.9653636813458686,False,False,False,False,0.03954438793556022,0.03701217974429377,False,False,False,False,168689.0,147243.82967588352,False,False,False,False,13114.507192206496,False,False,False,False
2025-06-26 17:00:00+00:00,12.52,12.57,12.495,12.555,2814.0,,,,,,,,,,,12.363376736729606,12.726586227236558,12.64303039611713,12.446421262506295,12.237792125676501,11.956056633901355,11.778356157983664,11.493471072843047,,,12.237792125676501,11.956056633901355,,,12.20563632662427,#000000,0.2934245302543302,12.438660690037862,0.3964880163948762,48.935495302145256,-7.263612944957906,False,False,False,False,True,0.36170800082406274,0.0,0.0,0.0,0.0,0,0.9888254283585796,0.9607648373479015,False,False,False,False,0.05577201821548475,0.04639209897988926,False,False,False,False,171503.0,147619.94084369927,False,False,False,False,12954.809406280814,False,False,False,False
2025-06-26 18:00:00+00:00,12.555,12.56,12.465,12.48,3387.0,,,,,,,,,,,12.367426188973521,12.725688706013102,12.642716148520165,12.44651090600128,12.238163993359372,11.956672658634925,11.779082897708255,11.494289910676818,,,12.238163993359372,11.956672658634925,,,12.20631892623593,#000000,0.29197294086647413,12.438738019127902,0.14132124966665555,48.585928032719906,-7.263612944957906,False,False,False,False,True,0.0,0.0,0.0,0.0,0.0,0,0.9861248761149655,0.9576313181367693,False,False,False,False,0.039738564606679724,0.04306533179328449,False,False,False,False,168116.0,147937.7092027117,False,False,False,False,12806.471275950878,False,False,False,False
2025-06-26 19:00:00+00:00,12.485,12.665,12.475,12.635,41605.0,,,,,,,,,,,12.426747142954035,12.719426296342048,12.641359224128001,12.449347622747196,12.244179334381725,11.9653589401648,11.788989514321784,11.505129875474504,,,12.244179334381725,11.9653589401648,,,12.217567243814262,"rgba(38, 166, 154, 1.0)",0.2894821720381886,12.476514501656402,0.5474793049524677,51.64569298036982,-4.194955814251408,True,False,True,False,True,1.716731105941065,0.0,0.0,0.0,0.0,0,0.984967964514539,0.9558896007885658,False,False,False,False,0.05112807215299952,0.047096701973142,False,False,False,False,209721.0,148895.58968018906,False,False,False,False,13252.960093377995,False,False,False,False
2025-06-27 14:00:00+00:00,12.16,12.32,12.12,12.28,13167.0,,,,,,,,,,,12.412320282720897,12.71243990141186,12.638011105704821,12.44806081607736,12.244156948023216,11.966542785504318,11.790722969981625,11.507420049331497,,,12.244156948023216,11.966542785504318,,,12.21495935734445,"rgba(239, 83, 80, 0.5)",0.29081745613496496,12.468869097135306,-0.6494420921131175,47.36708927719965,-4.194955814251408,False,False,False,True,False,0.0,0.0,0.0,0.0,0.0,0,0.9654422426292896,0.9623006283228615,False,False,False,False,-0.10512237824263447,-0.029012838134746234,False,False,False,False,196554.0,149634.47976266677,False,False,False,False,13251.627378751979,False,False,False,False
2025-06-27 15:00:00+00:00,12.285,12.365,12.28,12.355,4242.0,,,,,,,,,,,12.410402142572272,12.710668396858772,12.637194473404312,12.4478340712524,12.24431057278442,11.967051446893825,11.791394028782632,11.508248449769667,,,12.24431057278442,11.967051446893825,,,12.214637947789788,"rgba(239, 83, 80, 0.5)",0.29081745613496496,12.467547340128707,-0.3870033856443432,45.99037649594315,-4.194955814251408,False,False,False,True,False,0.0,0.0,0.0,0.0,0.0,0,0.9704814904427775,0.9624969755625453,False,False,False,False,-0.061656977234866156,-0.04533490768480619,False,False,False,False,200796.0,150427.68162681148,False,False,False,False,13111.943233344971,False,False,False,False
2025-06-27 16:00:00+00:00,12.35,12.38,12.275,12.315,9606.0,,,,,,,,,,,12.40586366193311,12.706612673791833,12.635300965003955,12.44727935050034,12.24461764785201,11.968166805661058,11.792879594693787,11.510095570674887,,,12.24461764785201,11.968166805661058,,,12.213852033763871,"rgba(239, 83, 80, 0.5)",0.29107987820444575,12.46472467388505,-0.5143765855910103,44.47296301990873,0.3305050430004286,False,False,False,True,False,0.0,0.0,0.0,0.0,0.0,0,0.9717830211627341,0.9649720262709806,False,False,False,False,-0.05954397255989942,-0.052439440122352805,False,False,False,False,191190.0,151059.65555507797,False,False,False,False,13057.587524300863,False,False,False,False
2025-06-27 17:00:00+00:00,12.315,12.315,12.24,12.27,5188.0,,,,,,,,,,,12.402280494348421,12.704185594297806,12.634130819817994,12.446865780253829,12.244681277663975,11.968684706849197,11.793605680906191,11.511030601294012,,,12.244681277663975,11.968684706849197,,,12.21318311942893,"rgba(239, 83, 80, 1.0)",0.2941585954537087,12.462962460846793,-0.6559810382190904,42.770431257202844,-1.4984153992657383,False,True,False,True,False,0.0,0.0,0.0,0.0,0.0,0,0.9637204772339906,0.9685902118334553,False,False,False,False,-0.08070106946170073,-0.06657025479202677,False,False,False,False,186002.0,151601.39732941784,False,False,False,False,12935.578415396973,False,False,False,False
2025-06-27 18:00:00+00:00,12.27,12.285,12.215,12.25,8088.0,,,,,,,,,,,12.396046307591336,12.70023853500823,12.632195729099973,12.446131764852673,12.244698586668353,11.969423015207289,11.794674724981089,11.51243619378701,,,12.244698586668353,11.969423015207289,,,12.211980607149494,"rgba(239, 83, 80, 1.0)",0.29604886071043623,12.460131285296267,-0.7097858265423131,41.3152366097569,-3.1182254706269177,False,True,False,True,False,0.0,0.0,0.0,0.0,0.0,0,0.9626829268292681,0.9702439024390245,False,False,False,False,-0.09236706690621721,-0.07946866084912199,False,False,False,False,177914.0,152009.34465764393,False,False,False,False,12860.422160894694,False,False,False,False
2025-06-27 19:00:00+00:00,12.245,12.32,12.215,12.305,24529.0,,,,,,,,,,,12.383229547514846,12.689447158216513,12.62689592189086,12.444274204160095,12.245043595510683,11.971875517098615,11.798098086247093,11.516838579425993,,,12.245043595510683,11.971875517098615,,,12.209462826258086,"rgba(239, 83, 80, 1.0)",0.2965615716268463,12.453755915242724,-0.5016021274324054,41.786217222844115,-3.1182254706269177,False,True,False,True,False,0.0,0.0,0.0,0.0,0.0,0,0.9627918287937741,0.9657101167315174,False,False,False,False,-0.08494054902802087,-0.08220460493857143,False,False,False,False,202443.0,152791.26179473472,False,False,False,False,13041.330344446713,False,False,False,False
2025-06-30 14:00:00+00:00,12.39,12.49,12.305,12.48,8091.0,,,,,,,,,,,12.384697791177746,12.687226002049199,12.625898737317012,12.444203378548277,12.24562186462348,11.97305271700651,11.799553319041888,11.518553476821525,,,12.24562186462348,11.97305271700651,,,12.209850910823205,"rgba(239, 83, 80, 0.5)",0.2937642156805928,12.453366421954827,0.09066311219516068,45.93353905459312,-3.1182254706269177,False,False,False,True,True,0.0,0.0,0.0,0.0,0.0,0,0.9678743961352657,0.9572463768115943,False,False,False,False,-0.030009024019121294,-0.05610681447884636,False,False,False,False,210534.0,153686.49804597913,False,False,False,False,12964.581036780872,False,False,False,False
2025-06-30 15:00:00+00:00,12.475,12.585,12.475,12.58,5275.0,,,,,,,,,,,12.388326403576576,12.68646049630247,12.625644421687124,12.444448264139337,12.246251233396778,11.974022640967114,11.800682290265668,11.5198176365525,,,12.246251233396778,11.974022640967114,,,12.210706673360946,#000000,0.2897264942000662,12.453894570933326,0.43525680802803757,50.442724505024415,-5.120022241653828,True,False,False,False,True,1.190919374645869,0.0,0.0,0.0,0.0,0,0.9761560693641617,0.953034682080925,False,False,False,False,0.025795170754034133,-0.015155821862406115,False,False,False,False,215809.0,154649.63761115773,False,False,False,False,12845.362726133106,False,False,False,False
2025-06-30 16:00:00+00:00,12.58,12.6,12.545,12.6,4536.0,,,,,,,,,,,12.391980625904537,12.685972017266934,12.625523373400984,12.444729691460063,12.246853137963354,11.974904881052362,11.80169579397742,11.520939178255116,,,12.246853137963354,11.974904881052362,,,12.211574837410097,"rgba(38, 166, 154, 1.0)",0.28745779165296875,12.454512504702091,0.5061177658859471,53.787730024680315,-2.0493151695507947,True,False,True,False,True,1.5182542188197665,0.0,0.0,0.0,0.0,0,0.9845148802322764,0.9518509557222358,False,False,False,False,0.043712006176730225,0.014278092157162055,False,False,False,False,220345.0,155668.17036137235,False,False,False,False,12716.53539704577,False,False,False,False
2025-06-30 17:00:00+00:00,12.595,12.64,12.565,12.58,5427.0,,,,,,,,,,,12.396469997813282,12.685467484348258,12.625423185092451,12.44509752343649,12.24759900674155,11.975980179168616,11.802925597553912,11.522294741663803,,,12.24759900674155,11.975980179168616,,,12.212657214477296,"rgba(38, 166, 154, 1.0)",0.286931451147617,12.455299364050257,0.43460079210901453,55.46458574345297,-0.48221422131998537,True,False,True,False,True,1.1735389668641574,0.0,0.0,0.0,0.0,0,0.9811275102830872,0.9506411807403822,False,False,False,False,0.056375412871847344,0.0353267525145047,False,False,False,False,214918.0,156586.77237127355,False,False,False,False,12603.519344378396,False,False,False,False
2025-06-30 18:00:00+00:00,12.585,12.71,12.585,12.69,6474.0,,,,,,,,,,,12.403285866465525,12.685311053424332,12.625564546251987,12.4457280733117,12.24865454896497,11.977395684693533,11.804510741476362,11.524007578427968,,,12.24865454896497,11.977395684693533,,,12.214307261627047,"rgba(38, 166, 154, 1.0)",0.28636252460040085,12.456682054489596,0.8147642427583108,58.57482150887996,2.4846269130084337,True,False,True,False,True,2.9940791486574767,0.0,0.0,0.0,0.0,0,0.9869027407227747,0.9468833373756972,False,False,False,False,0.0674045013891184,0.051365626951811544,False,False,False,False,221392.0,157591.50458257165,False,False,False,False,12508.488036713614,False,False,False,False
2025-06-30 19:00:00+00:00,12.695,12.765,12.69,12.755,11167.0,,,,,,,,,,,12.417437904372353,12.685886740682736,12.62630700846763,12.447181899216549,12.25079100159362,11.980089717649255,11.807469287052621,11.527143955790711,,,12.25079100159362,11.980089717649255,,,12.217788439353185,"rgba(38, 166, 154, 1.0)",0.2857818736017018,12.459830537322905,1.0328487911324915,61.68090538965245,5.431937625635463,True,False,True,False,True,4.049051361212182,0.0,0.0,0.0,0.0,0,0.9873817034700316,0.944188303809755,False,False,False,False,0.09375493895106947,0.07256028295144051,False,False,False,False,232559.0,158753.79133322943,False,False,False,False,12487.689772578518,False,False,False,False
2025-07-01 14:00:00+00:00,12.865,12.89,12.58,12.585,14094.0,,,,,,,,,,,12.431044032963385,12.68587437005538,12.626797903221822,12.448672369494126,12.253176978329185,11.983232376080418,11.810970459978332,11.530911224106529,,,12.253176978329185,11.983232376080418,,,12.221334964278647,"rgba(38, 166, 154, 0.75)",0.28454502960672795,12.46269777135718,0.4298167808865135,59.097377967131465,5.431937625635463,True,False,True,False,False,1.0745004259884148,0.0,0.0,0.0,0.0,0,0.9793715519309185,0.9412329095706408,False,False,False,False,0.09432012937915077,0.08344020616529564,False,False,False,False,218465.0,159679.54650635764,False,False,False,False,12512.593807112185,False,False,False,False
2025-07-01 15:00:00+00:00,12.59,12.625,12.51,12.615,14786.0,,,,,,,,,,,12.438757036214955,12.68439526466743,12.626419843940855,12.449551980050762,12.25506935267434,11.986026061954753,11.814189860643973,11.534491351520273,,,12.25506935267434,11.986026061954753,,,12.223612593958418,"rgba(38, 166, 154, 0.75)",0.2825118669277007,12.463913372692273,0.5347974545309716,57.977426147613514,5.431937625635463,True,False,True,False,False,1.5720455051248976,0.0,0.0,0.0,0.0,0,0.9753470560076591,0.955002393489708,False,False,False,False,-0.07020362566152352,0.0066182902518860595,False,False,False,False,233251.0,160820.18919618157,False,False,False,False,12547.840414753857,False,False,False,False
2025-07-01 16:00:00+00:00,12.615,12.86,12.615,12.785,16824.0,,,,,,,,,,,12.455897626897608,12.68550845391617,12.627663595915118,12.451793138095812,12.258297863640728,11.990069089756544,11.818622978239306,11.539190906266414,,,12.258297863640728,11.990069089756544,,,12.228380456590964,"rgba(38, 166, 154, 0.75)",0.2805062508336968,12.46796426712767,1.1302269804329277,60.18233602682604,5.431937625635463,True,False,True,False,False,4.322600421992377,0.0,0.0,0.0,0.0,0,0.9768073032321736,0.9518874907475944,False,False,False,False,0.029211814306663003,0.01791505227927453,False,False,False,False,250075.0,162203.98471251983,False,False,False,False,12614.13746258713,False,False,False,False
2025-07-01 17:00:00+00:00,12.78,12.8,12.71,12.75,12497.0,,,,,,,,,,,12.467467754871658,12.686312345031503,12.62857179950406,12.453436599906464,12.260669075393013,11.993044811770798,11.821888937413991,11.542658381564003,,,12.260669075393013,11.993044811770798,,,12.231756213181937,"rgba(38, 166, 154, 0.75)",0.28051893674740386,12.470764741481375,0.9954239159620989,60.698833690557294,5.431937625635463,True,False,True,False,False,3.7032384447132394,0.0,0.0,0.0,0.0,0,0.9826431936523681,0.9533845772377886,False,False,False,False,0.03944519123915649,0.028680121759215513,False,False,False,False,237578.0,163372.57409682186,False,False,False,False,12612.321377895856,False,False,False,False
2025-07-01 18:00:00+00:00,12.745,12.78,12.71,12.745,12683.0,,,,,,,,,,,12.478008205917524,12.687009899749839,12.629419521044372,12.455040465686103,12.263012151165276,11.99600835071403,11.825150806690003,11.54613319026337,,,12.263012151165276,11.99600835071403,,,12.234972823903814,"rgba(38, 166, 154, 0.75)",0.28043182595602284,12.473355509717745,0.9686649842833932,60.89775409744784,5.431937625635463,True,False,True,False,False,3.6137592543149104,0.0,0.0,0.0,0.0,0,0.9793583685650334,0.9544889331012186,False,False,False,False,0.0335966735132285,0.031138397636222007,False,False,False,False,224895.0,164326.41015733624,False,False,False,False,12613.417170486618,False,False,False,False
2025-07-01 19:00:00+00:00,12.745,12.745,12.635,12.705,21702.0,,,,,,,,,,,12.491249264253794,12.687169163683164,12.630226514600396,12.457278063562148,12.266558758998762,12.000690546006007,11.83037857529177,11.551786569305172,,,12.266558758998762,12.000690546006007,,,12.23941718196265,"rgba(38, 166, 154, 0.75)",0.27972488092593584,12.476536306572863,0.8167442691221631,59.80861611797681,5.431937625635463,True,False,True,False,False,2.8908565752247384,0.0,0.0,0.0,0.0,0,0.9731543624161074,0.9572458364404677,False,False,False,False,0.0014601486960885296,0.01629927316615527,False,False,False,False,203193.0,164928.9929455946,False,False,False,False,12754.325431409306,False,False,False,False
2025-07-02 14:00:00+00:00,12.97,13.05,12.84,12.885,18962.0,,,,,,,,,,,12.513204848598097,12.691240333066116,12.63336213710585,12.461058065675594,12.271248391291893,12.006068844426599,11.836096601313349,11.557665489702824,,,12.271248391291893,12.006068844426599,,,12.24624308889754,"rgba(38, 166, 154, 1.0)",0.2803676318854034,12.482848546709702,1.4343719015848155,62.364405306658895,7.313084011763962,True,False,True,False,True,5.812294327590092,0.0,0.0,0.0,0.0,0,0.9798624754420432,0.9425343811394893,False,False,False,False,0.1515478138692888,0.08392354351772204,False,False,False,False,222155.0,165816.21786116678,False,False,False,False,12850.568447976604,False,False,False,False
2025-07-02 15:00:00+00:00,12.885,12.885,12.65,12.715,10493.0,,,,,,,,,,,12.519656866691076,12.691791713504452,12.634044698149326,12.462344514441286,12.273127877884052,12.00845654376007,11.838730775062674,11.560483519179806,,,12.273127877884052,12.00845654376007,,,12.248579563584094,"rgba(38, 166, 154, 0.75)",0.2803376824763954,12.48463133389287,0.821754193271994,59.6146257598345,7.313084011763962,True,False,True,False,False,2.7756071802721856,0.0,0.0,0.0,0.0,1,0.9682849475481822,0.953403269090022,False,False,False,False,0.04675968010894086,0.06534161181333145,False,False,False,False,211662.0,166527.00518114868,False,False,False,False,12814.016999170764,False,False,False,False
2025-07-02 16:00:00+00:00,12.715,12.95,12.715,12.945,5344.0,,,,,,,,,,,12.524451970007027,12.692639323640966,12.634745840228296,12.463266784978616,12.27431887196605,12.009862531501017,11.840242406463553,11.562057874375048,,,12.27431887196605,12.009862531501017,,,12.250198200395072,"rgba(38, 166, 154, 0.75)",0.2815476533041987,12.486051091080586,1.6300931779514485,61.32355118429345,7.313084011763962,True,False,True,False,False,6.337610863171456,0.0,0.0,0.0,0.0,0,0.9842944785276073,0.9496932515337427,False,False,False,False,0.0848935830183125,0.07511759741582197,False,False,False,False,217006.0,167309.62525585954,False,False,False,False,12698.202782129356,False,False,False,False
2025-07-02 17:00:00+00:00,12.945,13.095,12.915,12.975,9159.0,,,,,,,,,,,12.535236966745577,12.695084157011472,12.636571251538669,12.465320592513622,12.276775109535645,12.012610234481228,11.843136127182893,11.565004385384931,,,12.276775109535645,12.012610234481228,,,12.253717353049254,"rgba(38, 166, 154, 1.0)",0.2827614790845358,12.489369303017632,1.7174570544567733,62.84910376704353,7.979691343338935,True,False,True,False,True,6.7853811431221835,0.0,0.0,0.0,0.0,0,0.992648860573389,0.9431511884342076,False,False,False,False,0.1876131201393311,0.13136535877757655,False,False,False,False,226165.0,168222.11168600127,False,False,False,False,12643.331421166109,False,False,False,False
2025-07-02 18:00:00+00:00,12.975,13.025,12.94,13.025,5188.0,,,,,,,,,,,12.541150832275182,12.69645914036703,12.637601819248669,12.466480561035217,12.278162212160586,12.01416247589928,11.844771176187464,11.566669968697418,,,12.278162212160586,12.01416247589928,,,12.255682273233855,"rgba(38, 166, 154, 1.0)",0.2848474856657692,12.491215626956695,1.873930436126899,64.52593104258133,9.736062250403847,True,False,True,False,True,7.533630527251454,0.0,0.0,0.0,0.0,0,0.9884944920440635,0.947858017135863,False,False,False,False,0.1740369363134222,0.15270114754549938,False,False,False,False,231353.0,169200.8851482338,False,False,False,False,12527.74488750462,False,False,False,False
2025-07-02 19:00:00+00:00,13.025,13.19,13.005,13.17,31772.0,,,,,,,,,,,12.58339908131493,12.708009006421104,12.645939805967362,12.475124470082388,12.287999576525587,12.024758770212808,11.855759918221347,11.577670573462006,,,12.287999576525587,12.024758770212808,,,12.26983265027594,"rgba(38, 166, 154, 1.0)",0.2883937342349284,12.505028117821134,2.3057778420288897,67.34859295867898,12.51896065075617,True,False,True,False,True,9.654701400381796,0.0,0.0,0.0,0.0,0,0.9914924647544969,0.9392318911035492,False,False,False,False,0.2442107084790197,0.19845592801225953,False,False,False,False,263125.0,170657.07297539298,False,False,False,False,12826.105431884393,False,False,False,False
2025-07-03 14:00:00+00:00,13.24,13.24,13.02,13.045,22063.0,,,,,,,,,,,12.608331080241328,12.71529685271566,12.651326451473041,12.480812412382178,12.294536224781085,12.031866506462167,11.863161261414081,11.585120683451162,,,12.294536224781085,12.031866506462167,,,12.278806434115086,"rgba(38, 166, 154, 1.0)",0.29061464841589557,12.567115556333471,1.6443921401464712,65.9757198458722,12.51896065075617,True,False,True,False,True,7.37652554201577,0.0,0.0,0.0,0.0,0,0.9932367149758454,0.9386473429951693,False,False,False,False,0.2644481135262843,0.2314520207692719,False,False,False,False,241062.0,171748.62223158844,False,False,False,False,12969.313099607114,False,False,False,False
2025-07-03 15:00:00+00:00,13.045,13.14,13.005,13.105,17200.0,,,,,,,,,,,12.625501195457472,12.720533002411738,12.655270886262755,12.485046677581208,12.299445598755993,12.037248997597521,11.868786012735919,11.590808743958236,,,12.299445598755993,12.037248997597521,,,12.285330139345106,"rgba(38, 166, 154, 1.0)",0.2933419890205685,12.572604525855104,1.8149310159193281,65.88615929925443,12.51896065075617,True,False,True,False,True,8.256280514440409,0.0,0.0,0.0,0.0,0,0.990843373493976,0.9450602409638558,False,False,False,False,0.22877667764835663,0.23011434920881427,False,False,False,False,258262.0,173089.91491016845,False,False,False,False,13034.905144574444,False,False,False,False
2025-07-03 16:00:00+00:00,13.105,13.175,13.005,13.175,17448.0,,,,,,,,,,,12.642933459969415,12.726192533128938,12.659520474993771,12.489529364458274,12.304583302169478,12.042833894257974,11.874602034397652,11.596669137425804,,,12.304583302169478,12.042833894257974,,,12.292108025100163,"rgba(38, 166, 154, 1.0)",0.296900171289497,12.57915303159817,2.006893313041716,66.75505629542565,12.51896065075617,True,False,True,False,True,9.274217117687769,0.0,0.0,0.0,0.0,0,0.9946962391513983,0.9440694310511092,False,False,False,False,0.2395688251600061,0.23484158718441017,False,False,False,False,275710.0,174680.9239813286,False,False,False,False,13103.32521985236,False,False,False,False
2025-07-03 17:00:00+00:00,13.175,13.185,13.155,13.16,0.0,,,,,,,,,,,12.642933459969415,12.726192533128938,12.659520474993771,12.489529364458274,12.304583302169478,12.042833894257974,11.874602034397652,11.596669137425804,,,12.304583302169478,12.042833894257974,,,12.292108025100163,"rgba(38, 166, 154, 1.0)",0.3006565937866796,12.57915303159817,1.931928254378983,66.89579661680722,12.831428883485195,True,False,True,False,True,8.99410861328429,0.0,0.0,0.0,0.0,0,0.9990312424315814,0.9435698716396226,False,False,False,False,0.2896515905837988,0.26224658888410446,False,False,False,False,275710.0,176247.26624518397,False,False,False,False,12900.1728908624,False,False,False,False
2025-07-03 18:00:00+00:00,13.16,13.16,13.16,13.16,0.0,,,,,,,,,,,12.642933459969415,12.726192533128938,12.659520474993771,12.489529364458274,12.304583302169478,12.042833894257974,11.874602034397652,11.596669137425804,,,12.304583302169478,12.042833894257974,,,12.292108025100163,"rgba(38, 166, 154, 1.0)",0.30415120409917196,12.57915303159817,1.909730951492269,66.98962349772826,13.27412105682209,True,False,True,False,True,8.99410861328429,0.0,0.0,0.0,0.0,0,0.9982964224872232,0.9442686785105867,False,False,False,False,0.28331824013705914,0.2727824145105818,False,False,False,False,275710.0,177789.32413285552,False,False,False,False,12700.170210383914,False,False,False,False
2025-07-03 19:00:00+00:00,13.16,13.16,13.16,13.16,0.0,,,,,,,,,,,12.642933459969415,12.726192533128938,12.659520474993771,12.489529364458274,12.304583302169478,12.042833894257974,11.874602034397652,11.596669137425804,,,12.304583302169478,12.042833894257974,,,12.292108025100163,"rgba(38, 166, 154, 1.0)",0.3077205793491496,12.57915303159817,1.8875792110828682,67.05217475167562,13.702311070157108,True,False,True,False,True,8.99410861328429,0.0,0.0,0.0,0.0,0,1.0402445236882323,0.9411614875191038,False,False,False,False,0.2796067933081435,0.2761946039093627,False,False,False,False,275710.0,179307.4741462996,False,False,False,False,12503.268346657032,False,False,False,False
2025-07-04 14:00:00+00:00,13.16,13.16,13.16,13.16,0.0,,,,,,,,,,,12.642933459969415,12.726192533128938,12.659520474993771,12.489529364458274,12.304583302169478,12.042833894257974,11.874602034397652,11.596669137425804,,,12.304583302169478,12.042833894257974,,,12.292108025100163,"rgba(38, 166, 154, 1.0)",0.3109757674288293,12.57915303159817,1.8678206768466774,67.09387558764054,14.107845175794381,True,False,True,False,True,8.99410861328429,0.0,0.0,0.0,0.0,0,1.019440124416796,0.9318299637117679,False,False,False,False,0.2796067933081435,0.2779006986087531,False,False,False,False,275710.0,180802.08695023292,False,False,False,False,12309.419225003434,False,False,False,False
2025-07-04 15:00:00+00:00,13.16,13.16,13.16,13.16,0.0,,,,,,,,,,,12.642933459969415,12.726192533128938,12.659520474993771,12.489529364458274,12.304583302169478,12.042833894257974,11.874602034397652,11.596669137425804,,,12.304583302169478,12.042833894257974,,,12.292108025100163,"rgba(38, 166, 154, 1.0)",0.31414732298805614,12.57915303159817,1.8489636100572937,67.12167614495048,14.485160186437469,True,False,True,False,True,8.99410861328429,0.0,0.0,0.0,0.0,0,1.0101827676240207,0.9302872062663187,False,False,False,False,0.2796067933081435,0.27875374595844826,False,False,False,False,275710.0,182273.5274626324,False,False,False,False,12118.575516088651,False,False,False,False
2025-07-04 16:00:00+00:00,13.16,13.16,13.16,13.16,0.0,,,,,,,,,,,12.642933459969415,12.726192533128938,12.659520474993771,12.489529364458274,12.304583302169478,12.042833894257974,11.874602034397652,11.596669137425804,,,12.304583302169478,12.042833894257974,,,12.292108025100163,"rgba(38, 166, 154, 1.0)",0.31725750475653997,12.57915303159817,1.830837599405463,67.14020984982378,14.830990409297172,True,False,True,False,True,8.99410861328429,0.0,0.0,0.0,0.0,0,1.0071018847309479,0.9437312209778752,False,False,False,False,0.2796067933081435,0.2791802696332959,False,False,False,False,275710.0,183722.15494383188,False,False,False,False,11930.690624366345,False,False,False,False
2025-07-04 17:00:00+00:00,13.16,13.16,13.16,13.16,0.0,,,,,,,,,,,12.642933459969415,12.726192533128938,12.659520474993771,12.489529364458274,12.304583302169478,12.042833894257974,11.874602034397652,11.596669137425804,,,12.304583302169478,12.042833894257974,,,12.292108025100163,"rgba(38, 166, 154, 1.0)",0.31887930163155886,12.57915303159817,1.8215260928818644,67.15256565307264,15.14394918135352,True,False,True,False,True,8.99410861328429,0.0,0.0,0.0,0.0,0,1.0265659955257271,0.9340044742729311,False,False,False,False,0.2796067933081435,0.27939353147071966,False,False,False,False,275710.0,185148.32308423758,False,False,False,False,11745.71867670175,False,False,False,False
2025-07-04 18:00:00+00:00,13.16,13.16,13.16,13.16,0.0,,,,,,,,,,,12.642933459969415,12.726192533128938,12.659520474993771,12.489529364458274,12.304583302169478,12.042833894257974,11.874602034397652,11.596669137425804,,,12.304583302169478,12.042833894257974,,,12.292108025100163,"rgba(38, 166, 154, 1.0)",0.31957625378304266,12.57915303159817,1.8175535933159868,67.16080285523854,15.424093222208384,True,False,True,False,True,8.99410861328429,0.0,0.0,0.0,0.0,0,1.0262563523433088,0.9195369847543764,False,False,False,False,0.2796067933081435,0.27950016238943154,False,False,False,False,275710.0,186552.3800906835,False,False,False,False,11563.61451117149,False,False,False,False
2025-07-04 19:00:00+00:00,13.16,13.16,13.16,13.16,0.0,,,,,,,,,,,12.642933459969415,12.726192533128938,12.659520474993771,12.489529364458274,12.304583302169478,12.042833894257974,11.874602034397652,11.596669137425804,,,12.304583302169478,12.042833894257974,,,12.292108025100163,"rgba(38, 166, 154, 1.0)",0.3178191451266438,12.57915303159817,1.8276021986352535,67.16629432334915,15.672524305590073,True,False,True,False,True,8.99410861328429,0.0,0.0,0.0,0.0,0,1.0216277746158224,0.9220261809903247,False,False,False,False,0.2796067933081435,0.2795534778487875,False,False,False,False,275710.0,187934.66877144808,False,False,False,False,11384.333666037048,False,False,False,False
2025-07-07 14:00:00+00:00,13.095,13.28,13.095,13.16,25304.0,,,,,,,,,,,12.669058131709415,12.73533288620773,12.666334749509057,12.496528456368452,12.312461768218975,12.051277819916729,11.883343478808488,11.605420721845967,,,12.312461768218975,12.051277819916729,,,12.302469751573101,"rgba(38, 166, 154, 1.0)",0.31674652383314644,12.589912821506866,1.7998214205925767,67.16995530208955,15.89105134094028,True,False,True,False,True,8.99410861328429,0.0,0.0,0.0,0.0,0,1.0184554230550822,0.9151050539466216,False,False,False,False,0.2981552100051866,0.28885434392698706,False,False,False,False,275710.0,189295.52661995275,False,False,False,False,11600.142446408567,False,False,False,False
2025-07-07 15:00:00+00:00,13.165,13.2,13.13,13.175,13424.0,,,,,,,,,,,12.681656265761914,12.739927378602712,12.669808419253732,12.50013048485393,12.316536352678929,12.055667320026677,11.8878980292144,11.609995045699907,,,12.316536352678929,12.055667320026677,,,12.307702412011524,"rgba(38, 166, 154, 1.0)",0.31856410671968644,12.594999866150934,1.8206700680168766,67.81474542424138,16.660032885553193,True,False,True,False,True,9.261526483909524,0.0,0.0,0.0,0.0,0,1.021324992891669,0.9158373613875466,False,False,False,False,0.28296497059118125,0.2859096572590841,False,False,False,False,289134.0,190843.40992817053,False,False,False,False,11628.419307704558,False,False,False,False
2025-07-07 16:00:00+00:00,13.175,13.275,13.17,13.255,10240.0,,,,,,,,,,,12.692074385194884,12.743888977752476,12.67276732279979,12.50311706044158,12.319853705059558,12.059186817151893,11.891525918414352,11.613611231483969,,,12.319853705059558,12.059186817151893,,,12.312003177287313,"rgba(38, 166, 154, 1.0)",0.32141666987836437,12.599499399394116,2.0394107152374827,70.92737862118801,19.58707377472777,True,False,True,False,True,10.67969702442388,0.0,0.0,0.0,0.0,0,1.0267164607871302,0.9187015225509915,False,False,False,False,0.3220558479926759,0.30398275262588004,False,False,False,False,299374.0,192526.05473548573,False,False,False,False,11606.893426964953,False,False,False,False
2025-07-07 17:00:00+00:00,13.255,13.41,13.245,13.335,13244.0,,,,,,,,,,,12.707283843604463,12.749912889137907,12.677200516469755,12.507450478976587,12.324559079660606,12.064079915879546,11.896525118259143,11.618542142075002,,,12.324559079660606,12.064079915879546,,,12.318194248007876,"rgba(38, 166, 154, 1.0)",0.3259520082952912,12.60645015073677,2.2351445326982398,74.72852487695482,22.94293852180219,True,False,True,False,True,12.065094378464632,0.0,0.0,0.0,0.0,0,1.0344530577088715,0.9000861326442725,False,False,False,False,0.34282818930264364,0.32340547096426187,False,False,False,False,312618.0,194387.94535974175,False,False,False,False,11632.27492422131,False,False,False,False
2025-07-07 18:00:00+00:00,13.335,13.365,13.215,13.335,17657.0,,,,,,,,,,,12.725697780321243,12.757416099144837,12.682795878415273,12.512984211825136,12.330610263874364,12.070417447616572,11.90302099405241,11.624976785589645,,,12.330610263874364,12.070417447616572,,,12.325989932604935,"rgba(38, 166, 154, 1.0)",0.3303910186812699,12.614721024442284,2.180080373954033,77.26262238079936,25.01006956390526,True,False,True,False,True,12.065094378464632,0.0,0.0,0.0,0.0,0,1.0303550973654068,0.9023482245131734,False,False,False,False,0.31860134422129616,0.321003407592779,False,False,False,False,312618.0,196220.9694626915,False,False,False,False,11725.681514543461,False,False,False,False
2025-07-07 19:00:00+00:00,13.335,13.475,13.3,13.455,30444.0,,,,,,,,,,,12.760212760317433,12.77227892952936,12.693801770997855,12.523588480386444,12.341975668147995,12.082110371128993,11.914909869486648,11.636643000378042,,,12.341975668147995,12.082110371128993,,,12.340690106296597,"rgba(38, 166, 154, 1.0)",0.3376816428115601,12.692876560441507,2.2569288434307606,80.7238232284204,27.91639390392541,True,False,True,False,True,14.113365076872075,0.0,0.0,0.0,0.0,0,1.0325342465753424,0.8995433789954344,False,False,False,False,0.3428281925650775,0.3319158000789283,False,False,False,False,343062.0,198497.57458730091,False,False,False,False,12015.888002690073,False,True,False,False
2025-07-08 14:00:00+00:00,12.87,12.87,12.385,12.465,39711.0,,,,,,,,,,,12.748676684786746,12.766539159466218,12.691469595258875,12.524343906681946,12.345110219158897,12.087640363775902,11.921616457859454,11.644560801203262,,,12.345110219158897,12.087640363775902,,,12.341244648523912,"rgba(38, 166, 154, 0.5)",0.3378370922514619,12.660087791609175,-0.5774611375827438,61.5202216229322,16.490834899860772,False,False,True,False,False,0.0,0.0,0.0,0.0,0.0,0,0.9908256880733944,0.908526713437669,False,False,False,False,-0.08910776917295142,0.12140401545298843,False,False,False,False,303351.0,200123.2090898234,False,False,False,False,12445.269584043715,False,False,False,False
2025-07-08 15:00:00+00:00,12.465,12.465,12.31,12.32,17059.0,,,,,,,,,,,12.73876521139984,12.761623504880115,12.688776965205571,12.523311149568963,12.345225310820618,12.088975226794691,11.92354808147656,11.64716740159955,,,12.345225310820618,12.088975226794691,,,12.33967410646824,"rgba(239, 83, 80, 1.0)",0.33995815852773875,12.64852217401053,-0.966360611650755,47.88425284452233,5.404076197772241,False,True,False,True,False,0.0,0.0,0.0,0.0,0.0,0,0.9887066415703147,0.9303576230169405,False,False,False,False,-0.2248630657352395,-0.05172952514112554,False,False,False,False,286292.0,201459.15933649277,False,False,False,False,12516.800288167067,False,False,False,False
2025-07-08 16:00:00+00:00,12.32,12.385,12.255,12.37,17305.0,,,,,,,,,,,12.72849713599886,12.75641088317622,12.685855422539783,12.522092019947141,12.345175365472123,12.090178619407283,11.925365774848954,11.64968877934264,,,12.345175365472123,12.090178619407283,,,12.337908000091627,"rgba(239, 83, 80, 1.0)",0.34094201773832566,12.6385604383636,-0.7877012054575263,39.85955449238619,-0.48745080443462285,False,True,False,True,False,0.0,0.0,0.0,0.0,0.0,0,0.9865301724137929,0.9377693965517244,False,False,False,False,-0.26434038145318456,-0.15803495329715506,False,False,False,False,303597.0,203042.69174988047,False,False,False,False,12591.03594261409,False,False,False,False
2025-07-08 17:00:00+00:00,12.375,12.475,12.365,12.395,10584.0,,,,,,,,,,,12.723624867840952,12.753843796148354,12.684471017963464,12.521652629898377,12.345411840792401,12.09113108832612,11.92667092969199,11.651389192504952,,,12.345411840792401,12.09113108832612,,,12.337274420395826,"rgba(239, 83, 80, 1.0)",0.3429421194565031,12.6342453464415,-0.6976260216174597,35.07244890096033,-3.816735960890327,False,True,False,True,False,0.0,0.0,0.0,0.0,0.0,0,0.9889636608344546,0.9327052489905787,False,False,False,False,-0.20610558944307797,-0.1820702713701165,False,False,False,False,314181.0,204765.76629639394,False,False,False,False,12559.919106294492,False,False,False,False
2025-07-08 18:00:00+00:00,12.395,12.415,12.22,12.345,17016.0,,,,,,,,,,,12.714047417164707,12.7487903117598,12.681589936719424,12.520413197058074,12.345305269071126,12.092247659597696,11.928389431930118,11.653803244697446,,,12.345305269071126,12.092247659597696,,,12.3355733084998,"rgba(239, 83, 80, 1.0)",0.345677843043479,12.62647661002155,-0.8142743762322814,31.477456027399665,-6.563657074239998,False,True,False,True,False,0.0,0.0,0.0,0.0,0.0,0,0.9830917874396135,0.9366612989801397,False,False,False,False,-0.2658173597372672,-0.22394381555369186,False,False,False,False,297165.0,206198.31255536457,False,False,False,False,12629.005631778298,False,False,False,False
2025-07-08 19:00:00+00:00,12.345,12.355,12.25,12.29,22559.0,,,,,,,,,,,12.70116230480629,12.741834622227756,12.677541845113268,12.518557330867685,12.344953876803551,12.09353478002712,11.930484636000175,11.656843545171567,,,12.344953876803551,12.09353478002712,,,12.333114117627176,"rgba(239, 83, 80, 1.0)",0.34880777638247334,12.61688635207917,-0.9371532810115306,28.63147126635093,-9.060632908583244,False,True,False,True,False,0.0,0.0,0.0,0.0,0.0,0,0.980712563621752,0.940262523439593,False,False,False,False,-0.2747033176388613,-0.24932356659627658,False,False,False,False,274606.0,207258.8968568318,False,False,False,False,12782.959032836,False,False,False,False
2025-07-09 14:00:00+00:00,12.31,12.335,12.18,12.325,22968.0,,,,,,,,,,,12.688278235960603,12.734686333178333,12.673312224002565,12.516544746385193,12.344462893332208,12.094712981899358,11.932488475823254,11.659822013543858,,,12.344462893332208,12.094712981899358,,,12.330538488015671,"rgba(239, 83, 80, 1.0)",0.35161036225752407,12.607956019212681,-0.8047431179102763,27.71576928823307,-10.15371480880043,False,True,False,True,False,0.0,0.0,0.0,0.0,0.0,0,0.9772788024592356,0.943597968457632,False,False,False,False,-0.3016233514857706,-0.2754734590410236,False,False,False,False,297574.0,208659.1310140902,False,False,False,False,12940.866644730013,False,False,False,False
2025-07-09 15:00:00+00:00,12.325,12.35,12.27,12.325,9235.0,,,,,,,,,,,12.683742575373419,12.732090601828128,12.671785923498014,12.515863387606066,12.344373617696109,12.095271223924488,11.933368217139208,11.661078723579545,,,12.344373617696109,12.095271223924488,,,12.329696783830624,"rgba(239, 83, 80, 1.0)",0.3543465372604743,12.60496125358554,-0.7900775770238311,27.10530130282116,-11.30187978193338,False,True,False,True,False,0.0,0.0,0.0,0.0,0.0,0,0.9838536060279872,0.9453713670613566,False,False,False,False,-0.27025513000440976,-0.27286429452271665,False,False,False,False,297574.0,210037.65611464693,False,False,False,False,12883.411347912494,False,False,False,False
2025-07-09 16:00:00+00:00,12.325,12.39,12.295,12.365,9038.0,,,,,,,,,,,12.679820455141417,12.729791724221789,12.670450022829225,12.515316427284406,12.344390253211316,12.095901413637412,11.93430388533392,11.66236954548369,,,12.344390253211316,12.095901413637412,,,12.329042965892897,"rgba(239, 83, 80, 1.0)",0.35670781946642066,12.602447446196983,-0.6656636979592073,27.9923790445971,-11.30187978193338,False,True,False,True,False,0.0,0.0,0.0,0.0,0.0,0,1.0054779512462337,0.9326211996713233,False,False,False,False,-0.25109734202799155,-0.26198081827535413,False,False,False,False,306612.0,211534.93276403224,False,False,False,False,12823.792567324703,False,False,False,False
2025-07-09 17:00:00+00:00,12.365,12.395,12.33,12.33,6681.0,,,,,,,,,,,12.67699427819587,12.72811744906543,12.669474716251893,12.514918473697948,12.344406122057482,12.09636829923065,11.934995607895319,11.663322936871031,,,12.344406122057482,12.09636829923065,,,12.328574735408203,"rgba(239, 83, 80, 1.0)",0.3567859908169924,12.600662827704456,-0.7586139441312535,28.097247716923228,-11.913768944526424,False,True,False,True,False,0.0,0.0,0.0,0.0,0.0,0,1.013219498760672,0.9162765078490777,False,False,False,False,-0.23939787743156557,-0.25068934785345987,False,False,False,False,299931.0,212905.4144266054,False,False,False,False,12728.555473257653,False,False,False,False
2025-07-09 18:00:00+00:00,12.33,12.38,12.32,12.355,5137.0,,,,,,,,,,,12.674854126674546,12.7268401529017,12.668728854973597,12.514613802168382,12.34441827657248,12.09672612854978,11.935525913925371,11.664054204910132,,,12.34441827657248,12.09672612854978,,,12.328220182584499,"rgba(239, 83, 80, 1.0)",0.35680167100568894,12.599324564724053,-0.6847629497793397,29.073074628125816,-11.913768944526424,False,True,False,True,False,0.0,0.0,0.0,0.0,0.0,0,1.0085540838852098,0.9172185430463579,False,False,False,False,-0.24670231094089276,-0.24869582939717633,False,False,False,False,305068.0,214334.29172231694,False,False,False,False,12610.856938788542,False,False,False,False
2025-07-09 19:00:00+00:00,12.355,12.44,12.35,12.37,30487.0,,,,,,,,,,,12.664025563758416,12.720125391068102,12.664854174298442,12.513212196614727,12.344833890646921,12.099118035681803,11.938907982213022,11.66858163995144,,,12.344833890646921,12.099118035681803,,,12.326707359279109,"rgba(239, 83, 80, 1.0)",0.35795335394939776,12.59282363787016,-0.6224935048427003,30.297259571345627,-11.913768944526424,False,True,False,True,False,0.0,0.0,0.0,0.0,0.0,0,1.0093586567575006,0.9121937792458027,False,False,False,False,-0.2205210443832426,-0.23460843689020947,False,False,False,False,335555.0,216213.68254832752,False,False,False,False,12888.006443613525,False,False,False,False
2025-07-10 14:00:00+00:00,12.29,12.36,12.145,12.245,12753.0,,,,,,,,,,12.25,12.657618670594884,12.71627530677653,12.662483915686868,12.512011555099626,12.34444524139904,12.09963692441694,11.939880498891112,11.670101474994935,,,12.34444524139904,12.09963692441694,,,12.316939287539993,"rgba(239, 83, 80, 1.0)",0.3604496441196258,12.588452831811924,-0.9528455289525554,29.044265135879485,-13.351356828550188,False,True,False,True,False,0.0,0.0,0.0,0.0,0.0,0,0.9983606557377047,0.9183060109289619,False,False,False,False,-0.3046401677202479,-0.26962430230522866,False,False,False,False,322802.0,217866.2146018418,False,False,False,False,12885.913320456726,False,False,False,False
2025-07-10 15:00:00+00:00,12.245,12.42,12.22,12.415,13639.0,,,,,,,,,,12.30253984793372,12.652637686280032,12.713109630695316,12.660596229022977,12.51123312588926,12.344476754274394,12.100560483088039,11.941252645602502,11.672001559238627,,,12.344476754274394,12.100560483088039,,,12.322045329113873,"rgba(239, 83, 80, 0.75)",0.35963079165489287,12.588132268476283,-0.4814166987192355,33.714276582923596,-13.351356828550188,False,True,False,True,True,0.0,0.0,0.0,0.0,0.0,1,1.004078303425775,0.9148994018488312,False,False,False,False,-0.26434038145318456,-0.2669823418792066,False,False,False,False,336441.0,219704.58336770473,False,False,False,False,12897.589082930266,False,False,False,False
2025-07-10 16:00:00+00:00,12.415,12.42,12.295,12.345,3544.0,,,,,,,,,,12.308553079903795,12.651376867235781,12.712299780745209,12.660112099824758,12.511034191783594,12.344486785410629,12.10080094205107,11.941609134797792,11.672494756655356,,,12.344486785410629,12.10080094205107,,,12.322529737600886,"rgba(239, 83, 80, 0.75)",0.3591104751094734,12.587692276724741,-0.6758150862927544,35.47394239291151,-13.351356828550188,False,True,False,True,True,0.0,0.0,0.0,0.0,0.0,0,1.0068231441048034,0.9241266375545855,False,False,False,False,-0.24231660208974218,-0.2546494719844744,False,False,False,False,332897.0,221459.50455580233,False,False,False,False,12752.572197923595,False,False,False,False
2025-07-10 17:00:00+00:00,12.345,12.405,12.33,12.365,4252.0,,,,,,,,,,12.315780732030733,12.64994516441608,12.711368853815895,12.659558421088365,12.510816300041501,12.344516884484126,12.10110403584878,11.942049852849696,11.673097110538922,,,12.344516884484126,12.10110403584878,,,12.323137483901567,"rgba(239, 83, 80, 0.75)",0.35957573849153124,12.587220212053547,-0.6180066902894787,37.245449024759196,-19.4566706714452,False,True,False,True,True,0.0,0.0,0.0,0.0,0.0,0,1.011780821917808,0.9224657534246578,False,False,False,False,-0.23648314996647832,-0.24556631097547638,False,False,False,False,337149.0,223253.14014408446,False,False,False,False,12620.780380901522,False,False,False,False
2025-07-10 18:00:00+00:00,12.365,12.395,12.29,12.385,4351.0,,,,,,,,,,12.320396697717465,12.64844376280284,12.710393943586134,12.658974739408713,12.510578594467846,12.344533732764065,12.10140181996992,11.942489288538768,11.673703536472274,,,12.344533732764065,12.10140181996992,,,12.32343512396978,"rgba(239, 83, 80, 0.75)",0.35957573849153124,12.58657511020132,-0.5605915211269674,39.05890273717172,-17.36513911987597,False,True,False,True,True,0.0,0.0,0.0,0.0,0.0,0,1.0106557377049183,0.9172131147540987,False,False,False,False,-0.25109734202799255,-0.24833182650173447,False,False,False,False,341500.0,225086.42479301337,False,False,False,False,12492.56673158522,False,False,False,False
2025-07-10 19:00:00+00:00,12.385,12.465,12.355,12.42,23217.0,,,,,,,,,,12.355335972752986,12.642192020395681,12.70610016493965,12.6564745995527,12.50978495470325,12.345039078108437,12.103329294093882,11.945137138142385,11.677188317126676,,,12.345039078108437,12.103329294093882,,,12.326731282201738,"rgba(239, 83, 80, 0.75)",0.360119011859581,12.584821030076906,-0.4576848892975799,41.40158665503926,-14.821792102452989,False,True,False,True,True,0.0,0.0,0.0,0.0,0.0,0,1.0180426462547842,0.9130672498633134,False,False,False,False,-0.21186131874083397,-0.23009657262128422,False,False,False,False,364717.0,227251.2399125015,False,False,False,False,12658.837014816458,False,False,False,False
2025-07-11 14:00:00+00:00,12.475,12.76,12.47,12.665,10705.0,,,,,,,,,,12.396159589296312,12.64206453684773,12.705607378464004,12.656358721674374,12.510241877578279,12.346006537068781,12.10483031109499,11.946912681861615,11.6792573398396,,,12.346006537068781,12.10483031109499,,,12.331937663747297,#000000,0.35983965398020684,12.587051662853087,0.21661964234547615,48.68687382544549,-7.887674115072208,False,True,False,False,True,0.3077062938437862,0.0,0.0,0.0,0.0,0,1.0204796550794935,0.8946375639989226,False,False,False,False,-0.09605636923775317,-0.16307647092951869,False,False,False,False,375422.0,229548.4609991294,False,False,False,False,12628.544968075115,False,False,False,False
2025-07-11 15:00:00+00:00,12.665,12.78,12.61,12.615,7319.0,,,,,,,,,,12.421128749895548,12.642280282032578,12.705439420506135,12.656396841572793,12.510646049466374,12.346748658513036,12.105922739156883,11.948186063382112,11.680721035351748,,,12.346748658513036,12.105922739156883,,,12.335274426653022,"rgba(38, 166, 154, 0.5)",0.35857138960248897,12.58861953226883,0.07357103354067387,52.10696323958594,-4.771360001861382,False,False,True,False,True,0.0,0.0,0.0,0.0,0.0,0,1.027934461455815,0.8957829707225358,False,False,False,False,-0.051716226297099474,-0.10739634861330907,False,False,False,False,368103.0,231696.59338673978,False,False,False,False,12546.22644143829,False,False,False,False
2025-07-11 16:00:00+00:00,12.615,12.685,12.56,12.665,2880.0,,,,,,,,,,12.428638418420842,12.64226219850937,12.705317694927972,12.656372157416229,12.510772698933359,12.347011081103187,12.106327306849545,11.948663923606917,11.681277377789153,,,12.347011081103187,12.106327306849545,,,12.33629365083962,"rgba(38, 166, 154, 0.5)",0.35660182958712305,12.589051602609018,0.21297814842653692,55.36132563257759,-1.761717111105959,False,False,True,False,True,0.31846469855425497,0.0,0.0,0.0,0.0,0,1.0194647201946472,0.9083536090835361,False,False,False,False,-0.09188614217977548,-0.09964124539654227,False,False,False,False,370983.0,233856.07255903838,False,False,False,False,12396.362465602038,False,False,False,False
2025-07-11 17:00:00+00:00,12.665,12.715,12.645,12.71,5025.0,,,,,,,,,,12.443616373001847,12.642529014724719,12.705270536068578,12.65644540325545,12.511086423580567,12.347551915550223,12.107102557060696,11.949560613478797,11.682300632047257,,,12.347551915550223,12.107102557060696,,,12.338384829863125,"rgba(38, 166, 154, 1.0)",0.35313828544731246,12.590091479944538,0.3395511758335036,58.38553642918251,1.0883738341546163,True,False,True,False,True,1.1377499545227217,0.0,0.0,0.0,0.0,0,1.0221561740070253,0.9038097811402327,False,False,False,False,-0.06000932202699856,-0.07982528371177042,False,False,False,False,376008.0,236059.97841083622,False,False,False,False,12282.077776212858,False,False,False,False
2025-07-11 18:00:00+00:00,12.71,12.77,12.68,12.695,8808.0,,,,,,,,,,12.46838860504562,12.643232121292897,12.705322759170679,12.656668108912909,12.511710160409109,12.348564713430747,12.108514555250961,11.951180033022561,11.68413360232702,,,12.348564713430747,12.108514555250961,,,12.341968295429167,"rgba(38, 166, 154, 1.0)",0.34762589915854214,12.59198553220605,0.29633714876626366,59.873419300603146,2.6079182173739355,True,False,True,False,True,0.854703910901172,0.0,0.0,0.0,0.0,0,1.023249526899162,0.9037577723709113,False,False,False,False,-0.035150193290232605,-0.057487738501001515,False,False,False,False,367200.0,238093.15704012557,False,False,False,False,12228.216105263822,False,False,False,False
2025-07-11 19:00:00+00:00,12.695,12.72,12.605,12.645,23840.0,,,,,,,,,,12.505689669500471,12.643575878436225,12.704626010844404,12.656668094217196,12.512900418467297,12.350846222794573,12.111939172695184,11.955196891020112,11.688783393424814,,,12.350846222794573,12.111939172695184,,,12.347802861266697,"rgba(38, 166, 154, 1.0)",0.34435993635407863,12.594571323740274,0.14644176321334254,59.096263728239066,2.6079182173739355,True,False,True,False,True,0.0,0.0,0.0,0.0,0.0,0,1.0235325939951312,0.9034352177441171,False,False,False,False,-0.06969511226807985,-0.06359142538454068,False,False,False,False,343360.0,239725.20111702287,False,False,False,False,12408.243762546554,False,False,False,False
2025-07-14 14:00:00+00:00,12.985,13.05,12.745,12.795,8409.0,,,,,,,,,,12.529049766199067,12.645541538313164,12.705423611816661,12.657408208376683,12.51391244147627,12.35218132948761,12.113591366144957,11.957017076144712,11.690760849594747,,,12.35218132948761,12.113591366144957,,,12.35165402083932,"rgba(38, 166, 154, 1.0)",0.34247611871765804,12.622729355790929,0.5030150565070302,61.71706705306775,4.8531742465150955,True,False,True,False,True,2.672248409466526,-1.0,13.05,12.745,612.0,0,1.028169014084507,0.8793515811852248,False,False,False,False,0.060009266713468415,-0.0017910793355361346,False,False,False,False,351769.0,241462.31427799925,False,False,False,False,12346.239983282265,False,False,False,False
2025-07-14 15:00:00+00:00,12.795,12.895,12.78,12.785,10100.0,,,,,,,,,,12.550214812520709,12.647395893407646,12.706111071507067,12.658104582868463,12.514970487058223,12.353640583170026,12.115452084475399,11.959089599497933,11.69303972723491,,,12.353640583170026,12.115452084475399,,,12.35533542686004,"rgba(38, 166, 154, 1.0)",0.3410051121119831,12.623914859106028,0.47238336075464177,63.099076775560775,6.479340579761818,True,False,True,False,True,2.478196257271833,0.0,0.0,0.0,0.0,0,1.0307529162248146,0.8867974549310713,False,False,False,False,0.026874914556304082,0.012541917610383974,False,False,False,False,341669.0,243015.90630469692,False,False,False,False,12311.414557184866,False,False,False,False
2025-07-14 16:00:00+00:00,12.785,12.82,12.755,12.805,3358.0,,,,,,,,,,12.555955965775905,12.64790981259897,12.70628472090471,12.658296871940994,12.515290030903444,12.354096107633582,12.116045224739196,11.959755183493979,11.693777481438762,,,12.354096107633582,12.116045224739196,,,12.35637904438106,"rgba(38, 166, 154, 1.0)",0.33940603922069407,12.62421450370914,0.5326525618281824,64.42445307969457,8.09322893219656,True,False,True,False,True,2.8460849228051757,0.0,0.0,0.0,0.0,0,1.0271724509012647,0.9009954264191554,False,False,False,False,-0.0006889628907239099,0.005926477359830032,False,False,False,False,345027.0,244597.47364881015,False,False,False,False,12172.601928391301,False,False,False,False
2025-07-14 17:00:00+00:00,12.805,12.81,12.755,12.765,2917.0,,,,,,,,,,12.560392476415585,12.648302482591678,12.70640623104216,12.658442903286561,12.515550411629793,12.35447605785897,12.116546968770276,11.960320953306688,11.694407843368111,,,12.35447605785897,12.116546968770276,,,12.357205147585537,"rgba(38, 166, 154, 1.0)",0.3389255279755915,12.62439284612064,0.41486150281806516,63.653940585572926,8.09322893219656,True,False,True,False,True,2.0484291380036055,0.0,0.0,0.0,0.0,0,1.020805187787085,0.9040799783842206,False,False,False,False,-0.0034447173039677315,0.0012408800279311504,False,False,False,False,342110.0,246109.29576278207,False,False,False,False,12029.104224075156,False,False,False,False
2025-07-14 18:00:00+00:00,12.765,12.77,12.72,12.74,3846.0,,,,,,,,,,12.565115733437166,12.648683067921924,12.706490096259053,12.658580760955878,12.5158492016095,12.354936500992176,12.117173997240215,11.961035301349279,11.695212277068379,,,12.354936500992176,12.117173997240215,,,12.358119659648175,"rgba(38, 166, 154, 1.0)",0.33775100109216377,12.624363049683456,0.3423733754825779,62.116524312640706,8.09322893219656,True,False,True,False,True,1.548201507629372,0.0,0.0,0.0,0.0,0,1.0135574837310197,0.9102494577006509,False,False,False,False,-0.024117435294716723,-0.011438277633392786,False,False,False,False,338264.0,247538.05086723506,False,False,False,False,11902.234391143758,False,False,False,False
2025-07-14 19:00:00+00:00,12.74,12.785,12.65,12.71,15476.0,,,,,,,,,,12.579221930320669,12.64973483198727,12.706567161733643,12.658947046802735,12.516894860545795,12.356643958651746,12.119570882419149,11.96379302208693,11.698349653797687,,,12.356643958651746,12.119570882419149,,,12.361080372038403,"rgba(38, 166, 154, 0.75)",0.3370087415660194,12.624168928200096,0.2546850013476318,59.86007151479898,8.09322893219656,True,False,True,False,False,0.9444543153460074,0.0,0.0,0.0,0.0,0,1.0166257835922599,0.9086944671572638,False,False,False,False,-0.03928953953473456,-0.025363908584063673,False,False,False,False,322788.0,248704.7167452624,False,False,False,False,11957.641609885715,False,False,False,False
2025-07-15 14:00:00+00:00,12.59,12.795,12.59,12.765,9448.0,,,,,,,,,,12.586689871391577,12.650376666527954,12.706622691011365,12.659174912858207,12.51753317323469,12.357683223952886,12.121028809774916,11.965470411318378,11.700258654705966,,,12.357683223952886,12.121028809774916,,,12.362759823863994,"rgba(38, 166, 154, 0.75)",0.3365435998420039,12.624498935771568,0.4174825023990752,60.057161595291504,8.09322893219656,True,False,True,False,False,2.021246593183651,0.0,0.0,0.0,0.0,1,1.0135611608353676,0.9023596419853541,False,False,False,False,-0.05309788474996959,-0.03923089666701663,False,False,False,False,332236.0,249999.7754003746,False,False,False,False,11918.732437639424,False,False,False,False
2025-07-15 15:00:00+00:00,12.765,12.79,12.585,12.775,16342.0,,,,,,,,,,12.597855786096408,12.651458248261031,12.706717310854346,12.659564829324866,12.518627672100976,12.359466724449593,12.123533818126473,11.968354177678073,11.703543769785183,,,12.359466724449593,12.123533818126473,,,12.365458037408551,"rgba(38, 166, 154, 0.75)",0.3354631462955997,12.625309521349042,0.4462203383708085,60.489744258473046,8.09322893219656,True,False,True,False,False,2.2175880569261963,0.0,0.0,0.0,0.0,1,1.0113207547169811,0.9037735849056604,False,False,False,False,-0.05586181467425287,-0.047546355670634755,False,False,False,False,348578.0,251528.11996781066,False,False,False,False,11987.310229303928,False,False,False,False
2025-07-15 16:00:00+00:00,12.775,12.845,12.73,12.775,10062.0,,,,,,,,,,12.607173604072743,12.652769880424371,12.707159149286712,12.66007951904492,12.519520455490857,12.360759373567909,12.125237917270615,11.97027597219475,11.705688325512941,,,12.360759373567909,12.125237917270615,,,12.367629355207312,"rgba(38, 166, 154, 0.75)",0.3353702673407955,12.62687057830242,0.4416891898978484,60.77813270059407,8.09322893219656,True,False,True,False,False,2.217588056926175,0.0,0.0,0.0,0.0,1,1.0248514316585626,0.8984332793084818,False,False,False,False,-0.0006889628907239099,-0.024117659280679334,False,False,False,False,348578.0,253032.7692706353,False,False,False,False,11957.460458306969,False,False,False,False
2025-07-15 17:00:00+00:00,12.78,12.97,12.775,12.915,4132.0,,,,,,,,,,12.612822994477138,12.653721315924274,12.707583256094784,12.66046580206032,12.520028260322107,12.36141717239046,12.126044646440034,11.97116250899837,11.706650739839935,,,12.36141717239046,12.126044646440034,,,12.36887741072749,"rgba(38, 166, 154, 1.0)",0.3320497086416878,12.628100800358038,0.8640248498201584,64.68244699621468,10.368894540126185,True,False,True,False,True,4.964286768582397,0.0,0.0,0.0,0.0,1,1.02642221623079,0.8929630628201672,False,False,False,False,0.04619145660128985,0.011036898660305258,False,False,False,False,352710.0,254578.152692796,False,False,False,False,11836.135489961123,False,False,False,False
2025-07-15 18:00:00+00:00,12.915,12.925,12.825,12.825,5577.0,,,,,,,,,,12.619343047619047,12.654838561605166,12.708062446138126,12.660920043819873,12.520658631914928,12.362254653062529,12.127090330636992,11.972319412076057,11.707916104949483,,,12.362254653062529,12.127090330636992,,,12.370378136869132,"rgba(38, 166, 154, 1.0)",0.32928379829539256,12.629466908822724,0.593813276539852,63.117981603586486,10.368894540126185,True,False,True,False,True,3.032546391528818,0.0,0.0,0.0,0.0,1,1.0223201984017636,0.9192615045467071,False,False,False,False,0.04757235792697808,0.02930462829364167,False,False,False,False,347133.0,256013.11156577588,False,False,False,False,11739.094629651649,False,False,False,False
2025-07-15 19:00:00+00:00,12.825,12.91,12.82,12.885,18624.0,,,,,,,,,,12.639897648540835,12.65872147499569,12.709780873966217,12.66252339530186,12.522829250429881,12.365105643498724,12.130624063497654,11.976218852812366,11.71217037188105,,,12.365105643498724,12.130624063497654,,,12.375319063880475,"rgba(38, 166, 154, 1.0)",0.3259703739371201,12.633952780674287,0.7701534844824276,63.602525676644746,10.368894540126185,True,False,True,False,True,4.196116177603507,0.0,0.0,0.0,0.0,1,1.0230619616560155,0.9041400388996945,False,False,False,False,0.04204978753813877,0.03567720791589022,False,False,False,False,365757.0,257714.56720041498,False,False,False,False,11845.837348571778,False,False,False,False
2025-07-16 14:00:00+00:00,12.745,12.755,12.43,12.5,12453.0,,,,,,,,,,12.635856572796243,12.657573081273137,12.708747886523305,12.662012925185548,12.522989178879872,12.365838472792298,12.131987609195576,11.977911267736634,11.714241786648335,,,12.365838472792298,12.131987609195576,,,12.375239864558994,"rgba(38, 166, 154, 0.75)",0.32250732235562385,12.631982418499001,-0.4092385175474141,54.18407395860423,8.989433024976904,True,False,True,False,False,0.0,0.0,0.0,0.0,0.0,1,0.9997269251774987,0.9033315128345167,False,False,False,False,-0.1085876500622399,-0.03645522107317484,False,False,False,False,353304.0,259196.57391048604,False,False,False,False,11855.250723012527,False,False,False,False
2025-07-16 15:00:00+00:00,12.5,12.645,12.47,12.475,12861.0,,,,,,,,,,12.630495337444573,12.6560329469662,12.707469615096748,12.661326460130962,12.523018868318,12.366468136341908,12.133283684728907,11.979554631210963,11.71629094480071,,,12.366468136341908,12.133283684728907,,,12.374882291670994,"rgba(239, 83, 80, 0.5)",0.31883978862562345,12.629743305194376,-0.4853324795547189,47.52801773328506,3.243050363130621,False,False,False,True,False,0.0,0.0,0.0,0.0,0.0,0,0.9967409016838675,0.9114611624117328,False,False,False,False,-0.12814997705310402,-0.08230259906313943,False,False,False,False,340443.0,260456.20842350175,False,False,False,False,11870.843735058845,False,False,False,False
2025-07-16 16:00:00+00:00,12.475,12.62,12.45,12.545,4648.0,,,,,,,,,,12.628838755127244,12.655521647619157,12.707033612227406,12.661095754176037,12.523042270811727,12.366706047540571,12.133759811451522,11.980155098046604,11.717036544165236,,,12.366706047540571,12.133759811451522,,,12.37479883790728,"rgba(239, 83, 80, 1.0)",0.3154918939293951,12.629041728701942,-0.26638316330482437,45.09884288767138,1.410382777507131,False,True,False,True,False,0.0,0.0,0.0,0.0,0.0,0,1.0065484311050479,0.9124147339699867,False,False,False,False,-0.14077653602497578,-0.11153956754405761,False,False,False,False,345091.0,261768.3757347653,False,False,False,False,11758.861661647079,False,False,False,False
2025-07-16 17:00:00+00:00,12.545,12.57,12.45,12.46,5242.0,,,,,,,,,,12.626146397147636,12.654730917778247,12.70641413152715,12.660741605377323,12.522991157914726,12.366903429587943,12.134235866894977,11.980776284946781,11.717829823209472,,,12.366903429587943,12.134235866894977,,,12.374529957153806,"rgba(239, 83, 80, 1.0)",0.3157349783863012,12.628020652699783,-0.5321572337614413,41.98787580844708,-1.2601845429944518,False,True,False,True,False,0.0,0.0,0.0,0.0,0.0,0,0.9989071038251368,0.9177595628415302,False,False,False,False,-0.15485872275608223,-0.13319914515006992,False,False,False,False,339849.0,262978.928048955,False,False,False,False,11657.825046737822,False,False,False,False
2025-07-16 18:00:00+00:00,12.46,12.49,12.445,12.455,2962.0,,,,,,,,,,12.624338787060985,12.65420509633697,12.706016619204775,12.660506411104704,12.522933218135652,12.366988288561023,12.134481879656013,11.981106117726096,11.718260037891365,,,12.366988288561023,12.134481879656013,,,12.374315161741954,"rgba(239, 83, 80, 1.0)",0.3169918718940098,12.627363915399439,-0.5437486909982057,39.826810586918114,-3.1933649827303157,False,True,False,True,False,0.0,0.0,0.0,0.0,0.0,0,1.0,0.9178082191780822,False,False,False,False,-0.17894215755802673,-0.15607065135404832,False,False,False,False,336887.0,264124.78962959134,False,False,False,False,11523.006053765142,False,False,False,False
2025-07-16 19:00:00+00:00,12.455,12.455,12.39,12.405,11702.0,,,,,,,,,,12.61561257893704,12.651654613152859,12.704159235610549,12.659364054920713,12.522527038750532,12.367160404549399,12.135312803112724,11.982279116505143,11.719848694076811,,,12.367160404549399,12.135312803112724,,,12.373102059957308,"rgba(239, 83, 80, 1.0)",0.3190490233166381,12.624320864196447,-0.6874205785572455,37.487381844177946,-5.432197568062946,False,True,False,True,False,0.0,0.0,0.0,0.0,0.0,0,0.9972557628979145,0.9193194291986828,False,False,False,False,-0.2046687729276364,-0.18036971214084235,False,False,False,False,325185.0,265071.4595578147,False,False,False,False,11525.781153706768,False,False,False,False
2025-07-17 14:00:00+00:00,12.1,12.12,12.0,12.015,11411.0,,,,,,,,,,12.593152445243181,12.645368673344393,12.70005887421674,12.656570180025147,12.52075380018438,12.366075666657611,12.135054223001715,11.982443396920795,11.720568322699465,,,12.366075666657611,12.135054223001715,,,12.36889395358816,"rgba(239, 83, 80, 1.0)",0.32960038594400276,12.617198275591047,-1.8270557355881145,31.55451494702648,-10.990613058268806,False,True,False,True,False,0.0,0.0,0.0,0.0,0.0,0,0.9870794078061914,0.924091520861373,False,False,False,False,-0.34282825441539394,-0.26159898327811815,False,False,False,False,313774.0,265826.53770420514,False,False,False,False,11524.001600936119,False,False,False,False
2025-07-17 15:00:00+00:00,12.02,12.04,11.95,11.97,9941.0,,,,,,,,,,12.573045072326499,12.639475878033695,12.696213670676784,12.653926659952846,12.519031594550208,12.364965994760512,12.13468501787223,11.982453011692256,11.721080399274944,,,12.364965994760512,12.13468501787223,,,12.364986366571108,"rgba(239, 83, 80, 1.0)",0.34140739448499036,12.61077393539082,-1.8768601551744983,27.2754093508526,-14.900354074168298,False,True,False,True,False,0.0,0.0,0.0,0.0,0.0,0,0.9833243679397529,0.9308768154922005,False,False,False,False,-0.34282825441539394,-0.302213618846756,False,False,False,False,303833.0,266415.78518165933,False,False,False,False,11499.458940456489,False,False,False,False
2025-07-17 16:00:00+00:00,11.975,12.04,11.96,11.97,4996.0,,,,,,,,,,12.56348959016752,12.63656891475021,12.69430581901461,12.652612578188787,12.518175653954597,12.364415651933603,12.134504323992907,11.982461636701396,11.721340228342791,,,12.364415651933603,12.134504323992907,,,12.363097155227381,"rgba(239, 83, 80, 1.0)",0.35255416809543166,12.60768607514726,-1.808760561794426,24.422672286736677,-17.54439356349618,False,True,False,True,False,0.0,0.0,0.0,0.0,0.0,0,0.9831704668838226,0.9421824104234531,False,False,False,False,-0.3401711274599079,-0.32119237315333193,False,False,False,False,303833.0,266995.89703930804,False,False,False,False,11398.630119674217,False,False,False,False
2025-07-17 17:00:00+00:00,11.965,11.995,11.895,11.955,15971.0,,,,,,,,,,12.532865139703231,12.626860387164243,12.687918678631855,12.648184475982386,12.515243505567756,12.362472541626891,12.13376401817597,11.982337406693937,11.722039181848253,,,12.362472541626891,12.13376401817597,,,12.356853926154947,"rgba(239, 83, 80, 1.0)",0.36320362590961847,12.597669148380408,-1.769445849476,22.39360981935961,-19.55830070226188,False,True,False,True,False,0.0,0.0,0.0,0.0,0.0,0,0.9733767997826679,0.9453952730236351,False,False,False,False,-0.34282825441539394,-0.33201031378436296,False,False,False,False,287862.0,267319.4025115669,False,False,False,False,11469.519575183143,False,False,False,False
2025-07-17 18:00:00+00:00,11.955,12.12,11.925,12.085,9805.0,,,,,,,,,,12.518347211467887,12.621850270785572,12.684548113953493,12.645858722997069,12.51375744569513,12.361560172694915,12.133543790687977,11.982473412886025,11.722645406677618,,,12.361560172694915,12.133543790687977,,,12.35384272753841,"rgba(239, 83, 80, 1.0)",0.3702332719728139,12.592737335226673,-1.3713984497426661,25.55584582281154,-19.55830070226188,False,True,False,True,False,0.0,0.0,0.0,0.0,0.0,0,0.9693517765120699,0.947111472742067,False,False,False,False,-0.30353111292586726,-0.3177707133551151,False,False,False,False,297667.0,267789.9078989844,False,False,False,False,11443.713070141544,False,False,False,False
2025-07-17 19:00:00+00:00,12.085,12.14,12.055,12.14,18254.0,,,,,,,,,,12.49706837790581,12.613823576731251,12.679024922914728,12.642061858413129,12.511413902911212,12.36023720140461,12.133445050986262,11.98300749624078,11.724007139200436,,,12.36023720140461,12.133445050986262,,,12.349343280745359,"rgba(239, 83, 80, 0.75)",0.37583172629051176,12.585185404097853,-1.1845338563933037,29.32536828986596,-19.55830070226188,False,True,False,True,True,0.0,0.0,0.0,0.0,0.0,0,0.9730465559488158,0.9485434249931939,False,False,False,False,-0.2663500652721137,-0.2920603893136144,False,False,False,False,315921.0,268536.12638117064,False,False,False,False,11549.298914015319,False,False,False,False
2025-07-18 14:00:00+00:00,11.93,12.05,11.83,11.885,23896.0,,,,,,,,,,12.460182505021022,12.59985577107134,12.669585467896614,12.635420706337126,12.506948292554524,12.35721862216562,12.132201132425399,11.982677322852842,11.724908747411973,,,12.35721862216562,12.132201132425399,,,12.340999840859606,"rgba(239, 83, 80, 0.75)",0.38730539431886024,12.5721476807523,-1.7741753428473714,28.44418099222984,-19.55830070226188,False,True,False,True,True,0.0,0.0,0.0,0.0,0.0,0,0.9665306122448982,0.9463945578231293,False,False,False,False,-0.34282825441539394,-0.31744432186450416,False,False,False,False,292025.0,268900.29496440827,False,False,False,False,11740.720636278646,False,False,False,False
2025-07-18 15:00:00+00:00,11.88,11.905,11.71,11.78,20130.0,,,,,,,,,,12.426272707450996,12.586457861745936,12.660532897281412,12.628970073519417,12.502456886200894,12.353996859192087,12.130557291340537,11.981845223479953,11.725189804524396,,,12.353996859192087,12.130557291340537,,,12.332919956081735,"rgba(239, 83, 80, 0.75)",0.4011109235273853,12.559904265613941,-1.9443605742656738,26.847804629292256,-19.55830070226188,False,True,False,True,True,0.0,0.0,0.0,0.0,0.0,0,0.9599350297780183,0.9439631835408773,False,False,False,False,-0.34282825441539394,-0.33013628813994905,False,False,False,False,271895.0,268946.7244998438,False,False,False,False,11870.786983003007,False,False,False,False
2025-07-18 16:00:00+00:00,11.775,11.825,11.715,11.75,14713.0,,,,,,,,,,12.402343336383641,12.576522800365442,12.653770683526476,12.6241218186783,12.49904857496599,12.351518623956824,12.12924050993855,11.981126687869095,11.725296223248469,,,12.351518623956824,12.12924050993855,,,12.326998806548087,"rgba(239, 83, 80, 1.0)",0.4150116681307927,12.551016860630247,-1.9301068431112227,25.50616071765122,-19.55830070226188,False,True,False,True,False,0.0,0.0,0.0,0.0,0.0,0,0.9555974165769643,0.9480624327233587,False,False,False,False,-0.34282825441539394,-0.3364822712776715,False,False,False,False,257182.0,268764.3256703888,True,False,False,False,11914.852301095983,False,False,False,False
2025-07-18 17:00:00+00:00,11.745,11.795,11.7,11.78,12872.0,,,,,,,,,11.758333333333333,12.38262854128169,12.567973280318263,12.647904906727103,12.619900156071244,12.496072322714078,12.34934919065015,12.128080578233128,11.980487582239444,11.725376665694363,,,12.34934919065015,12.128080578233128,,,12.265610655726281,"rgba(239, 83, 80, 1.0)",0.42639809255360356,12.511237787072291,-1.7149180539084288,25.591122129449793,-19.55830070226188,False,True,False,True,False,0.0,0.0,0.0,0.0,0.0,0,0.9550200803212852,0.9499330655957164,True,False,False,False,-0.34282825441539394,-0.3396552628465327,False,False,False,False,270054.0,268784.3206212355,False,False,False,False,11929.691800303797,False,False,False,False
2025-07-18 18:00:00+00:00,11.785,11.91,11.775,11.825,16291.0,,,,,,,,,11.802091805827018,12.362264907854287,12.55842811955691,12.641234463590502,12.61509626919457,12.49273598582774,12.346987078126562,12.12693172736051,11.979967322402112,11.725718570169105,,,12.346987078126562,12.12693172736051,,,12.265145624990932,"rgba(239, 83, 80, 1.0)",0.43670966709399855,12.505406589149766,-1.558029602773401,27.141595191858727,-19.55830070226188,False,True,False,True,False,0.0,0.0,0.0,0.0,0.0,0,0.95933014354067,0.944178628389155,False,False,False,False,-0.30049801147619365,-0.32007663716136314,False,False,False,False,286345.0,269056.5792162551,False,False,False,False,11997.308981694436,False,False,False,False
2025-07-18 19:00:00+00:00,11.825,11.84,11.765,11.815,26526.0,,,,,,,,,11.804270921247165,12.33045428284459,12.542783869995953,12.630208514918083,12.607102491565819,12.487130077028327,12.342963786120045,12.124889010984598,11.97895254228882,11.726121484050942,,,12.342963786120045,12.124889010984598,,,12.257487698104432,"rgba(239, 83, 80, 1.0)",0.4452466671347601,12.492581512272631,-1.521811531196823,28.025371017229155,-19.55830070226188,False,True,False,True,False,0.0,0.0,0.0,0.0,0.0,0,0.9589621392639662,0.9481069631983055,False,False,False,False,-0.31818609072468507,-0.3191313639430241,False,False,False,False,259819.0,268913.36093383253,False,False,False,False,12222.560005234056,False,False,False,False
2025-07-21 14:00:00+00:00,12.28,12.58,12.275,12.565,16281.0,,,,,,,,,11.955625723681162,12.335304815960107,12.541907983971482,12.628946657068822,12.606295540163377,12.487061229031031,12.343556896245305,12.126247776017879,11.980722995989412,11.72839728300195,,,12.343556896245305,12.126247776017879,,,12.273406690113053,"rgba(239, 83, 80, 0.75)",0.4433295197289259,12.500341105545463,0.14584838495318894,41.636215840572355,-15.080789100645049,False,True,False,True,True,1.1052403666742414,0.0,0.0,0.0,0.0,0,0.9631043256997455,0.9333333333333336,False,False,False,False,-0.05640120999668918,-0.18776628696985664,False,False,False,False,276100.0,269024.7816945483,False,False,False,False,12285.481555540504,False,False,False,False
2025-07-21 15:00:00+00:00,12.565,12.64,12.44,12.445,21512.0,,,,,,,,,12.082814338589246,12.342732986623187,12.541357675897926,12.627678246599121,12.605520896819003,12.487200567415446,12.34454147667637,12.128206347311403,11.983207764096537,11.731523395684224,,,12.34454147667637,12.128206347311403,,,12.287478369571245,#000000,0.4411081254957736,12.507401360423428,-0.14146499875352073,48.62054047071286,-9.06389844161469,False,False,False,False,True,0.0,0.0,0.0,0.0,0.0,0,0.9717884130982368,0.9309823677581867,False,False,False,False,-0.01106754448555732,-0.09941691572770699,False,False,False,False,254588.0,268800.9556217646,False,False,False,False,12428.528353129024,False,False,False,False
2025-07-21 16:00:00+00:00,12.445,12.54,12.445,12.485,14045.0,,,,,,,,,12.136000260399713,12.346748169415454,12.540813902588205,12.626739390296473,12.604927550382914,12.48721248855933,12.345106732768356,12.12941313153574,11.984761260190645,11.733503070041518,,,12.345106732768356,12.12941313153574,,,12.293522595617834,"rgba(38, 166, 154, 1.0)",0.4363340318923151,12.510289056447048,-0.05795801977071069,53.68843029194817,-4.814577787520307,True,False,True,False,True,0.0,0.0,0.0,0.0,0.0,0,0.985890200102617,0.9438173422267834,False,False,False,False,-0.030192115780770256,-0.06480451575423862,False,False,False,False,268633.0,268798.3516586365,False,False,False,False,12453.589929049504,False,False,False,False
2025-07-21 17:00:00+00:00,12.485,12.495,12.42,12.445,9640.0,,,,,,,,,12.162109069390983,12.348706111432941,12.540182749489952,12.625931550219457,12.604395004096641,12.487113754211235,12.345394630710981,12.13015302444106,11.985745042775081,11.734790310364327,,,12.345394630710981,12.13015302444106,,,12.296452124713266,"rgba(38, 166, 154, 1.0)",0.43349407967945,12.511494976566201,-0.15339304429571676,56.30519586905033,-2.643252711919814,True,False,True,False,True,0.0,0.0,0.0,0.0,0.0,0,0.9820282413350446,0.9299101412066753,False,False,False,False,-0.044297261443537364,-0.054550888598887994,False,False,False,False,258993.0,268646.3307026886,False,False,False,False,12409.968379761915,False,False,False,False
2025-07-21 18:00:00+00:00,12.445,12.46,12.385,12.395,3754.0,,,,,,,,,12.169908342361266,12.349165140420915,12.539827355275271,12.625546559010413,12.604133985280955,12.487030116631484,12.345464936222234,12.13040469069176,11.986094352626221,11.73526250584779,,,12.345464936222234,12.13040469069176,,,12.297283798436832,"rgba(38, 166, 154, 1.0)",0.4298027831836926,12.511743314074044,-0.27162065636078,57.06627135671433,-1.885428750744481,True,False,True,False,True,0.0,0.0,0.0,0.0,0.0,0,0.9791559444158517,0.9341224909933092,False,False,False,False,-0.05842004511933539,-0.056485466859111697,False,False,False,False,255239.0,268438.4651103988,False,False,False,False,12275.767319610568,False,False,False,False
2025-07-21 19:00:00+00:00,12.395,12.5,12.375,12.49,19770.0,,,,,,,,,12.209969626107332,12.352981217703203,12.53859394068659,12.623935451974424,12.603068680561298,12.486840032339336,12.346058650201202,12.131916819122495,11.988103068220058,11.737890608054945,,,12.346058650201202,12.131916819122495,,,12.301935809497088,"rgba(38, 166, 154, 1.0)",0.4242126994968797,12.513534206341532,-0.05547737342480275,58.85674066211979,0.08198065146603994,True,False,True,False,True,0.0,0.0,0.0,0.0,0.0,0,0.9796653796653799,0.9315315315315316,False,False,False,False,-0.052364900627888025,-0.05442518374349986,False,False,False,False,275009.0,268540.33386837714,False,False,False,False,12391.956973570093,False,False,False,False
2025-07-22 14:00:00+00:00,12.445,12.64,12.39,12.585,22321.0,,,,,,,,,12.25493199887125,12.360231642368577,12.53858973152985,12.623032082507324,12.60255076715556,12.487182756893633,12.347228159106308,12.134043226798344,11.990751501255101,11.741176994310505,,,12.347228159106308,12.134043226798344,,,12.307971886079645,"rgba(38, 166, 154, 1.0)",0.4185652456486087,12.516694397526644,0.1631898567390866,61.23573389301726,2.6873066216551535,True,False,True,False,True,1.5121685837467105,0.0,0.0,0.0,0.0,0,0.9813917919959217,0.9207239357634467,False,False,False,False,-0.02113121227938832,-0.037778198011444095,False,False,False,False,297330.0,268986.68528127053,False,False,False,False,12545.89562514265,False,False,False,False
2025-07-22 15:00:00+00:00,12.585,12.69,12.565,12.67,17146.0,,,,,,,,,12.29173831673679,12.368441502613562,12.539852908137899,12.623181927896358,12.602789689808647,12.487968557183288,12.348597465955667,12.136075228500758,11.993149314167315,11.744008051996309,,,12.348597465955667,12.136075228500758,,,12.313580296299659,"rgba(38, 166, 154, 1.0)",0.41289712524556416,12.520286258078043,0.362593325959625,63.80793993645567,5.489082104750857,True,False,True,False,True,2.8872132918140245,0.0,0.0,0.0,0.0,0,0.9959162838182747,0.9170495150587038,False,False,False,False,0.024151014306593766,-0.006813591852425164,False,False,False,False,314476.0,269691.94597458415,False,False,False,False,12617.215072814857,False,False,False,False
2025-07-22 16:00:00+00:00,12.665,12.84,12.655,12.795,18436.0,,,,,,,,,12.33551771453317,12.380451053524974,12.54275934408081,12.624383323778256,12.60383719949423,12.489466421164447,12.350661017815215,12.138763463981553,11.9961879068295,11.747442215950468,,,12.350661017815215,12.138763463981553,,,12.320946966115264,"rgba(38, 166, 154, 1.0)",0.407799798523357,12.525643262141918,0.6605121896416404,66.82495197676249,8.684071695675854,True,False,True,False,True,4.856697965363658,0.0,0.0,0.0,0.0,0,1.0005149330587024,0.9258496395468588,False,False,False,False,0.0725661059578664,0.03287625705272062,False,False,False,False,332912.0,270672.10185094713,False,False,False,False,12707.428792616178,False,False,False,False
2025-07-22 17:00:00+00:00,12.795,12.97,12.735,12.95,25100.0,,,,,,,,,12.397173393117384,12.400511434287496,12.548713736007167,12.627389806741538,12.606312847538668,12.49237412341603,12.354256322027647,12.143092367319905,12.000936538070757,11.75263620734902,,,12.354256322027647,12.143092367319905,,,12.33233967758756,"rgba(38, 166, 154, 1.0)",0.40426747233632837,12.534648748954663,1.0274169441457988,70.18718029262658,12.149618023592637,True,False,True,False,True,7.199673332427665,0.0,0.0,0.0,0.0,0,0.995383431649141,0.9253654783277764,False,False,False,False,0.11520203883468494,0.07403914794370278,False,False,False,False,358012.0,272026.2087989945,False,False,False,True,12899.561679552362,False,False,False,True
2025-07-22 18:00:00+00:00,12.945,12.95,12.88,12.925,20843.0,,,,,,,,,12.441594223641687,12.417061350781367,12.553977758585033,12.630150455955178,12.608577683672381,12.494958632031373,12.357390501733777,12.146808896723423,12.004988633924201,11.757039286234862,,,12.357390501733777,12.146808896723423,,,12.341254742328328,"rgba(38, 166, 154, 1.0)",0.4003533011800708,12.54195402173733,0.956769875841198,71.75237200011365,13.945916578806084,True,False,True,False,True,6.750252856400106,0.0,0.0,0.0,0.0,0,1.0118955262477374,0.9203516938194986,False,False,False,False,0.14077006367211234,0.10740460580790756,False,False,False,False,337169.0,273036.1745540488,False,False,False,False,13022.715762039923,False,False,False,False
2025-07-22 19:00:00+00:00,12.925,12.97,12.845,12.88,41421.0,,,,,,,,,12.507752857645762,12.445803731530862,12.563455598695048,12.635113874174962,12.612697956954324,12.499764519928,12.363298332392915,12.153901184193602,12.012761951587803,11.765542455703606,,,12.363298332392915,12.153901184193602,,,12.356009246280689,"rgba(38, 166, 154, 1.0)",0.39582136065346973,12.55427319894233,0.8229136510468311,71.53007892794531,14.161560798818087,True,False,True,False,True,5.937462063480776,0.0,0.0,0.0,0.0,0,1.0098064516129033,0.912258064516129,False,False,False,False,0.13769287900534136,0.12254874240662446,False,False,False,False,295748.0,273388.2958787922,False,False,False,False,13462.999238597444,False,False,False,False
2025-07-23 14:00:00+00:00,12.905,12.945,12.865,12.94,14059.0,,,,,,,,,12.526914835937076,12.455158760889695,12.566724728044049,12.63687148977952,12.614158000408839,12.501443634252029,12.365342036015786,12.15633663420677,12.015423676089455,11.768446093614171,,,12.365342036015786,12.15633663420677,,,12.36068198892374,"rgba(38, 166, 154, 1.0)",0.3919710758772117,12.558271309784914,0.9738695370845822,72.06318050685682,15.216372811998966,True,False,True,False,True,6.859204392001356,0.0,0.0,0.0,0.0,0,1.0090486039296795,0.9167528438469493,False,False,False,False,0.13666772917702208,0.12960823579182326,False,False,False,False,309807.0,273952.92695043876,False,False,False,False,13472.239560479655,False,False,False,False
2025-07-23 15:00:00+00:00,12.935,13.01,12.685,12.7,13293.0,,,,,,,,,12.538430478865449,12.461486544720463,12.568733992086349,12.63781891877853,12.61499066295089,12.502569947308169,12.36684877298814,12.158268960292798,12.017597443973786,11.770896532979451,,,12.36684877298814,12.158268960292798,,,12.363764225494403,"rgba(38, 166, 154, 0.75)",0.3856613250737906,12.5762626520705,0.3208445853517291,66.53585104345399,15.216372811998966,True,False,True,False,False,2.63026018761434,0.0,0.0,0.0,0.0,0,0.9946264073694983,0.9199078812691911,False,False,False,False,0.11316349454312542,0.12138586516747435,False,False,False,False,296514.0,274302.7110287265,False,False,False,False,13469.460652565242,False,False,False,False
2025-07-23 16:00:00+00:00,12.7,12.78,12.665,12.695,12267.0,,,,,,,,,12.545020420156625,12.465700215679695,12.569882412809894,12.638225621108777,12.615399252052617,12.50330523407767,12.367957858757146,12.159806412872763,12.019375518456224,11.77296129190577,,,12.367957858757146,12.159806412872763,,,12.365763423787719,"rgba(38, 166, 154, 0.75)",0.3791155187757298,12.575682500167565,0.31472597117033135,62.746950062547974,19.610721084683846,True,False,True,False,False,2.545097086599089,0.0,0.0,0.0,0.0,0,1.0037007665873643,0.9241342849590273,False,False,False,False,0.062459118934659164,0.09192249205106676,False,False,False,False,284247.0,274456.88605153695,False,False,False,False,13450.817851750277,False,False,False,False
2025-07-23 17:00:00+00:00,12.695,12.75,12.65,12.69,12261.0,,,,,,,,,12.550524048015124,12.469499117084558,12.570880925632235,12.638538532025281,12.61573533694056,12.503977138076458,12.369006176291565,12.161288611714008,12.02110119943166,11.774979603129339,,,12.369006176291565,12.161288611714008,,,12.367553068834079,"rgba(38, 166, 154, 0.75)",0.37231873877533644,12.57596520613711,0.30628271420875447,60.105389319859,17.004843890043574,True,False,True,False,False,2.458388360445241,0.0,0.0,0.0,0.0,0,0.9986772486772484,0.9269841269841267,False,False,False,False,0.05337377268734089,0.07264813236920382,False,False,False,False,271986.0,274418.5777406604,False,False,False,False,13432.371063351047,False,False,False,False
2025-07-23 18:00:00+00:00,12.685,12.795,12.685,12.785,13206.0,,,,,,,,,12.558216272983824,12.474468878833052,12.572429614088456,12.639206311438732,12.61635291050703,12.504913133351758,12.370327526747477,12.163048870299704,12.023109720959797,11.777280590853826,,,12.370327526747477,12.163048870299704,,,12.369935383006366,"rgba(38, 166, 154, 0.75)",0.36570901148467055,12.578018828064419,0.565972304306363,60.12848318719787,16.777106432060123,True,False,True,False,False,3.9976370393138474,0.0,0.0,0.0,0.0,0,0.9997354497354494,0.9251322751322748,False,False,False,False,0.06953254915123179,0.07109034076021781,False,False,False,False,285192.0,274585.60754313075,False,False,False,False,13428.861434461884,False,False,False,False
2025-07-23 19:00:00+00:00,12.785,12.81,12.74,12.74,24417.0,,,,,,,,,12.571555456714101,12.48347599618595,12.575353083214168,12.640508452778969,12.617548224331413,12.506682525216549,12.372799350516702,12.16632156125998,12.026836487730433,11.781542646400975,,,12.372799350516702,12.16632156125998,,,12.374262378434924,"rgba(38, 166, 154, 0.75)",0.35633389797612636,12.581714461219544,0.44420567248715936,58.95271902037166,15.292441703915756,True,False,True,False,False,3.195650609476324,0.0,0.0,0.0,0.0,0,0.9978779840848807,0.9294429708222812,False,False,False,False,0.08370099183382645,0.07739566629702213,False,False,False,False,260775.0,274371.4895967256,False,False,False,False,13599.220171912086,False,False,False,False
2025-07-24 14:00:00+00:00,12.485,12.72,12.485,12.67,7787.0,,,,,,,,,12.572641366251965,12.484869481250506,12.575594372707487,12.640456741223806,12.617567501141671,12.506940321727232,12.373304212136397,12.167117683281505,12.027795381086348,11.782703725244435,,,12.373304212136397,12.167117683281505,,,12.374899078605134,"rgba(38, 166, 154, 0.75)",0.34351381156913047,12.581472535520476,0.2577115140586086,56.3927212533593,12.537158447019237,True,False,True,False,False,1.9555629411083544,0.0,0.0,0.0,0.0,0,0.9904711487559552,0.9332980412916886,False,False,False,False,0.01408627648018558,0.045740971388603856,False,False,False,False,252988.0,274039.96262623376,False,False,False,False,13509.108231262286,False,False,False,False
2025-07-24 15:00:00+00:00,12.67,12.68,12.5,12.53,13580.0,,,,,,,,,12.572550975065603,12.486306601179871,12.575547354974944,12.640049404869595,12.61735387200198,12.507179027210485,12.373988497590636,12.168333495555945,12.029306959796143,11.784589218730982,,,12.373988497590636,12.168333495555945,,,12.375520540697618,#000000,0.32931826934219055,12.580401665187695,-0.1530484940552272,51.69869662809303,7.941776083007348,False,False,False,False,False,0.0,0.0,0.0,0.0,0.0,0,0.9941998418138674,0.9269707355655151,False,False,False,False,0.009055104857465437,0.027398038123034645,False,False,False,False,239408.0,273503.0329731138,False,False,False,False,13510.207328452017,False,False,False,False
2025-07-24 16:00:00+00:00,12.525,12.62,12.525,12.55,6299.0,,,,,,,,,12.572432988446153,12.486918008246004,12.575506397239144,12.639848686720802,12.617245037389061,12.507280373067212,12.374296230090875,12.168887965734392,12.02999878146884,11.785455182589706,,,12.374296230090875,12.168887965734392,,,12.37578696509922,"rgba(239, 83, 80, 0.5)",0.3093894306853945,12.579973132692306,-0.09687833429185119,49.09478236797338,5.411661117905886,False,False,False,True,False,0.0,0.0,0.0,0.0,0.0,0,1.002647603918454,0.925337569499603,False,False,False,False,0.00201217759297661,0.014705107858005627,False,False,False,False,245707.0,273072.08672546863,False,False,False,False,13398.405664445008,False,False,False,False
2025-07-24 17:00:00+00:00,12.555,12.585,12.53,12.535,4326.0,,,,,,,,,12.572194813471326,12.487252820439835,12.575438555070239,12.639683958099347,12.617149169363792,12.507331734898008,12.374490421304209,12.169253479311974,12.03045958140021,11.786037370962756,,,12.374490421304209,12.169253479311974,,,12.37592919043217,"rgba(239, 83, 80, 0.5)",0.3094611707730534,12.579638633378533,-0.14424631454415615,47.02917355524275,3.3471695852626624,False,False,False,True,False,0.0,0.0,0.0,0.0,0.0,0,1.0061235356762512,0.9259850905218316,False,False,False,False,-0.004024431846956698,0.005340338005524465,False,False,False,False,241381.0,272580.7520475544,False,False,False,False,13257.74821228307,False,False,False,False
2025-07-24 18:00:00+00:00,12.535,12.61,12.53,12.58,4800.0,,,,,,,,,12.57220806964008,12.487756791183557,12.575432360326428,12.639549255961812,12.617079968276746,12.507419666146898,12.37473396734588,12.169683026480694,12.03099283623478,11.786702011057338,,,12.37473396734588,12.169683026480694,,,12.376155795265422,"rgba(239, 83, 80, 0.5)",0.3091347704583215,12.579414828444355,0.001892933476159058,46.997432252031686,3.06659763042785,False,False,False,True,False,0.4185590697580821,0.0,0.0,0.0,0.0,0,1.0058886509635971,0.9255888650963595,False,False,False,False,0.0010060777171265942,0.0031732078613255295,False,False,False,False,246181.0,272171.453566197,False,False,False,False,13126.620333022865,False,False,False,False
2025-07-24 19:00:00+00:00,12.585,12.655,12.55,12.555,20109.0,,,,,,,,,12.572880533750267,12.490124704702106,12.575569164697056,12.63910327807411,12.616880060100696,12.5078595151933,12.375815887987597,12.171531793209581,12.033270143442193,11.789521272102462,,,12.375815887987597,12.171531793209581,,,12.377255635325938,"rgba(239, 83, 80, 0.5)",0.30897945935987264,12.578944338652486,-0.0774949205429138,46.314403504887906,2.0498535258234014,False,False,False,True,False,0.0,0.0,0.0,0.0,0.0,0,0.9983935742971891,0.9279785809906296,False,False,False,False,0.01408627648018558,0.008629742170755555,False,False,False,False,226072.0,271456.7333558684,False,False,False,False,13234.874281348093,False,False,False,False
2025-07-25 14:00:00+00:00,12.525,12.59,12.36,12.43,8210.0,,,,,,,,,12.570777020176799,12.48983311148603,12.574997430027762,12.638488718386586,12.616460181732037,12.507751307342625,12.37599098390433,12.17205302189484,12.033982965818376,11.790484607991337,,,12.37599098390433,12.17205302189484,,,12.377081934876072,"rgba(239, 83, 80, 1.0)",0.30887126680782784,12.577818426400906,-0.4785761651726433,42.97894008848968,-1.395059378547252,False,True,False,True,False,0.0,0.0,0.0,0.0,0.0,0,0.9835150226003725,0.9361871842595054,False,False,False,False,-0.03724283702414936,-0.014306547426696901,False,False,False,False,217862.0,270625.8072573278,False,False,False,False,13156.969253730293,False,False,False,False
2025-07-25 15:00:00+00:00,12.43,12.63,12.325,12.335,19709.0,,,,,,,,,12.564749019258523,12.488474355429064,12.573295636173079,12.636785376642184,12.61526981207635,12.507331578529303,12.376259314698343,12.173167066291914,12.035564670987574,11.7926828211027,,,12.376259314698343,12.173167066291914,,,12.376357965118903,"rgba(239, 83, 80, 1.0)",0.30893397061218614,12.57487729701953,-0.7764678534516163,39.04694056815568,-5.2289466404687275,False,True,False,True,False,0.0,0.0,0.0,0.0,0.0,0,0.9813403416557162,0.9345597897503285,False,False,False,False,-0.036235380836256936,-0.02527096413147692,False,False,False,False,198153.0,269502.1978424855,False,False,False,False,13258.551125765482,False,False,False,False
2025-07-25 16:00:00+00:00,12.335,12.355,12.305,12.345,6636.0,,,,,,,,,12.561483739793864,12.487309775047661,12.572357660258998,12.635957498936888,12.614668664168171,12.507018913671002,12.376190411058529,12.173402056449213,12.035966806894427,11.793309740354415,,,12.376190411058529,12.173402056449213,,,12.375766526663316,"rgba(239, 83, 80, 1.0)",0.3085340228293407,12.573417582171803,-0.7403319091915744,36.802746750246705,-7.414893742857814,False,True,False,True,False,0.0,0.0,0.0,0.0,0.0,0,0.9788750990229732,0.9535252178505413,False,False,False,False,-0.09587194003063021,-0.060571452081053564,False,False,False,False,204789.0,268498.89244957874,False,False,False,False,13155.875914513303,False,False,False,False
2025-07-25 17:00:00+00:00,12.345,12.455,12.345,12.445,5400.0,,,,,,,,,12.559808991277748,12.486866018657627,12.571855245917925,12.63546535093978,12.61432077175287,12.506883257993657,12.376243080266764,12.17368719144389,12.036380577928174,11.793894007339864,,,12.376243080266764,12.17368719144389,,,12.37554044935183,"rgba(239, 83, 80, 1.0)",0.30800903812644936,12.572648411896632,-0.4144307344780796,38.82830413693213,-7.414893742857814,False,True,False,True,False,0.0,0.0,0.0,0.0,0.0,0,0.979128137384412,0.9495376486129459,False,False,False,False,-0.06751093139452463,-0.0640411917377891,False,False,False,False,210189.0,267594.86310927523,False,False,False,False,13035.629776303793,False,False,False,False
2025-07-25 18:00:00+00:00,12.445,12.49,12.425,12.46,7437.0,,,,,,,,,12.558235946617083,12.486626885877968,12.571358250531427,12.634923652120674,12.613947360148048,12.506784885746876,12.376396225118246,12.174149105609269,12.037014007365775,11.79475289207128,,,12.376396225118246,12.174149105609269,,,12.375418921120664,"rgba(239, 83, 80, 0.75)",0.3074517760472487,12.571904076354594,-0.3639727758066216,40.66732720367273,-7.414893742857814,False,True,False,True,True,0.0,0.0,0.0,0.0,0.0,0,0.9830777366472766,0.9457958751983079,False,False,False,False,-0.044297261443537364,-0.054169226590663234,False,False,False,False,217626.0,266820.15205331746,False,False,False,False,12948.829314655672,False,False,False,False
2025-07-25 19:00:00+00:00,12.455,12.525,12.435,12.485,23509.0,,,,,,,,,12.554659154358653,12.486498865921885,12.570133939752177,12.633456283396317,12.612953885004341,12.50662502698133,12.377013388313026,12.175718529167087,12.03911408653406,11.797548312726565,,,12.377013388313026,12.175718529167087,,,12.375372147215543,"rgba(239, 83, 80, 0.75)",0.3071182534816755,12.570187178219658,-0.2773758226804377,42.745064795665286,-12.954342144535687,False,True,False,True,True,0.0,0.0,0.0,0.0,0.0,0,0.9812417437252311,0.9461030383091148,False,False,False,False,-0.03522799816634924,-0.04469861237850624,False,False,False,False,241135.0,266421.93264163815,False,False,False,False,13112.552891172638,False,False,False,False
2025-07-28 14:00:00+00:00,12.115,12.235,12.1,12.22,10195.0,,,,,,,,12.185,12.547319362051033,12.483161670106515,12.56786751360463,12.63160192938303,12.611564577425126,12.505739802242932,12.376526448366892,12.175739025680908,12.039412276210083,11.798230886823726,,,12.376526448366892,12.175739025680908,,,12.35656031744499,"rgba(239, 83, 80, 1.0)",0.30814875897473715,12.551553673720893,-1.0759532987380085,38.59920577102679,-12.954342144535687,False,True,False,True,False,0.0,0.0,0.0,0.0,0.0,0,0.9734582357533178,0.9484777517564401,False,False,False,False,-0.16238810900954992,-0.10354336069402809,False,False,False,False,230940.0,265871.82515882206,False,False,False,False,13067.319513014922,False,False,False,False
2025-07-28 15:00:00+00:00,12.215,12.26,12.165,12.175,5772.0,,,,,,,,12.190422433769648,12.54345839993837,12.481398247160508,12.566645950899268,12.63059388539031,12.610809518194243,12.505264118227753,12.376273361464289,12.175769320466392,12.03959789775898,11.798631213871765,,,12.376273361464289,12.175769320466392,,,12.356260395194683,"rgba(239, 83, 80, 1.0)",0.3098909718181982,12.550224640919145,-1.2108279202766687,35.1957229185244,-8.744327396353718,False,True,False,True,False,0.0,0.0,0.0,0.0,0.0,0,0.9762029288702929,0.9524058577405856,False,False,False,False,-0.14384994016197852,-0.1236966504280033,False,False,False,False,225168.0,265240.75810209615,False,False,False,False,12954.213784130969,False,False,False,False
2025-07-28 16:00:00+00:00,12.175,12.185,12.11,12.135,7959.0,,,,,,,,12.17475821282287,12.537417690809177,12.47851991553255,12.56471650016875,12.629029682335954,12.60962991091805,12.504489311171348,12.375813763105311,12.175713567008966,12.039762973675264,11.799104167144332,,,12.375813763105311,12.175713567008966,,,12.353541426790235,"rgba(239, 83, 80, 1.0)",0.3122498999199404,12.546951083632212,-1.319299329600538,32.3633175884336,-11.404411119002418,False,True,False,True,False,0.0,0.0,0.0,0.0,0.0,0,0.9919700214132763,0.9536937901498929,False,False,False,False,-0.17066220085358785,-0.14717942564079559,False,False,False,False,217209.0,264496.0796819086,False,False,False,False,12876.768609183202,False,False,False,False
2025-07-28 17:00:00+00:00,12.135,12.18,12.13,12.165,7552.0,,,,,,,,12.170817661011922,12.532063986739997,12.475953937850406,12.5629665026344,12.627600277273112,12.608551945389525,12.503787594050554,12.375407370585204,12.17568526638409,12.039941738032194,11.799571239654679,,,12.375407370585204,12.17568526638409,,,12.352031592691462,"rgba(239, 83, 80, 1.0)",0.3132056285665673,12.544544290169064,-1.2118054579865196,31.6438008752446,-12.190981183812141,False,True,False,True,False,0.0,0.0,0.0,0.0,0.0,0,0.9844462322338429,0.9562885492089032,False,False,False,False,-0.16755676291202606,-0.15736809427641082,False,False,False,False,224761.0,263880.03193490225,False,False,False,False,12794.214057102843,False,False,False,False
2025-07-28 18:00:00+00:00,12.165,12.18,12.105,12.155,9986.0,,,,,,,,12.16500124606084,12.52499883733809,12.472501099051872,12.560609437362764,12.625676792463803,12.607097702318175,12.502832881705437,12.374843568363982,12.17562291984373,12.040154079740477,11.80016696374713,,,12.374843568363982,12.17562291984373,,,12.349955047999662,"rgba(239, 83, 80, 1.0)",0.31537662312610787,12.541336042521582,-1.2249989827784435,30.986705857044946,-13.071889562866815,False,True,False,True,False,0.0,0.0,0.0,0.0,0.0,0,0.9833467633628793,0.957023905452592,False,False,False,False,-0.17273430184170305,-0.16505119805905694,False,False,False,False,214775.0,263118.71361033013,False,False,False,False,12750.67585466714,False,False,False,False
2025-07-28 19:00:00+00:00,12.155,12.22,12.14,12.21,13224.0,,,,,,,,12.171046146625706,12.517059027883569,12.468632054628054,12.557851343797072,12.62338146189501,12.6053658734547,12.501729295825998,12.374242195664259,12.175663708931825,12.040547849971018,11.801050979965803,,,12.374242195664259,12.175663708931825,,,12.348779085331183,"rgba(239, 83, 80, 1.0)",0.3165260474885935,12.53833588911831,-1.0373108049824586,32.85335202653753,-13.071889562866815,False,True,False,True,False,0.0,0.0,0.0,0.0,0.0,0,0.9871106337271751,0.9513963480128893,False,False,False,False,-0.15722804181661743,-0.16113961993783718,False,False,False,False,227999.0,262574.22192644904,False,False,False,False,12758.01421350951,False,False,False,False
2025-07-29 14:00:00+00:00,12.195,12.35,12.16,12.295,15310.0,,,,,,,,12.192324852138633,12.51041634613204,12.465505673534716,12.555378170148341,12.621228980207945,12.603753488704434,12.500779939389268,12.373844774245907,12.175967097280779,12.041238752968166,11.802274566318607,,,12.373844774245907,12.175967097280779,,,12.34933751282444,"rgba(239, 83, 80, 0.75)",0.316959684252515,12.536586003657533,-0.7621978934868777,37.18345125840597,-18.64253567414321,False,True,False,True,True,0.0,0.0,0.0,0.0,0.0,0,0.9895944503735326,0.9431696905016009,False,False,False,False,-0.12643159535466036,-0.14378560764624876,False,False,False,False,243309.0,262275.53631518624,False,False,False,False,12797.57988461789,False,False,False,False
2025-07-29 15:00:00+00:00,12.295,12.315,12.17,12.175,8008.0,,,,,,,,12.195165948773171,12.506415351584204,12.463517552215741,12.553886315478016,12.619960690638454,12.602795605264022,12.500183827343717,12.373543404947503,12.176042371216983,12.041521908350195,11.802845914197466,,,12.373543404947503,12.176042371216983,,,12.348716262728134,"rgba(239, 83, 80, 0.75)",0.31868595629357627,12.535036540178071,-1.1297533922279321,37.19407606803807,-18.4503751287563,False,True,False,True,True,0.0,0.0,0.0,0.0,0.0,0,0.9901490947816827,0.9470181043663473,False,False,False,False,-0.13154625664665423,-0.1376659321464515,False,False,False,False,235301.0,261857.3264498345,False,False,False,False,12723.322832143194,False,False,False,False
2025-07-29 16:00:00+00:00,12.175,12.275,12.16,12.25,5133.0,,,,,,,,12.19721370235389,12.50398119378856,12.462303078134948,12.55296071392502,12.619168796205939,12.6021974398473,12.499814383408287,12.373361302734219,12.17609960672241,12.0417113874699,11.803218617327113,,,12.373361302734219,12.17609960672241,,,12.34836638381069,"rgba(239, 83, 80, 0.75)",0.3196633927816839,12.53410391960994,-0.8887596328678484,39.64704784072761,-15.900739614580864,False,True,False,True,True,0.0,0.0,0.0,0.0,0.0,0,0.9847675040085517,0.9580438268305721,False,False,False,False,-0.14179641895446624,-0.13973117555045889,False,False,False,False,240434.0,261525.18185371303,False,False,False,False,12605.643408389036,False,False,False,False
2025-07-29 17:00:00+00:00,12.25,12.285,12.18,12.2,14539.0,,,,,,,,12.200853433389982,12.497150954364349,12.45883412489878,12.550314067834483,12.616905107431478,12.600483459933098,12.498747815120655,12.372824379658434,12.176240441144055,12.042226900790125,11.804254248118237,,,12.372824379658434,12.176240441144055,,,12.347166812062152,"rgba(239, 83, 80, 0.75)",0.3203323583714765,12.53136498653869,-1.0344411917150773,40.08553669656508,-15.22232335156383,False,True,False,True,True,0.0,0.0,0.0,0.0,0.0,0,0.9767441860465119,0.9625768511093289,False,False,False,False,-0.13564290574004206,-0.13768704064525047,False,False,False,False,225895.0,260972.77593350044,False,False,False,False,12635.617929189206,False,False,False,False
2025-07-29 18:00:00+00:00,12.195,12.27,12.17,12.245,22524.0,,,,,,,,12.206002742605502,12.487439345699704,12.453798792973798,12.546377832017328,12.61350694010342,12.59790461550578,12.497150900139147,12.372036393040114,12.176488681707973,12.043049189894845,11.805874040144861,,,12.372036393040114,12.176488681707973,,,12.345420861257496,"rgba(239, 83, 80, 0.75)",0.32081586591038774,12.527402082249392,-0.8802622072571521,41.862470360146574,-13.257215111820408,False,True,False,True,True,0.0,0.0,0.0,0.0,0.0,0,0.9725333333333335,0.9642666666666666,False,False,False,False,-0.14077010471877585,-0.13922857268201316,False,False,False,False,248419.0,260778.14374848493,False,False,False,False,12788.926178349064,False,False,False,False
2025-07-29 19:00:00+00:00,12.245,12.3,12.23,12.27,23978.0,,,,,,,,12.21609151754751,12.479263047094491,12.449545870724853,12.542784371201511,12.610307706363425,12.595478996959532,12.495710978701567,12.3714281920026,12.176943842298781,12.044096073436547,11.807740089168421,,,12.3714281920026,12.176943842298781,,,12.344490062318114,"rgba(239, 83, 80, 0.75)",0.32062280327823517,12.524232513188034,-0.7929333490588077,43.866344802120295,-11.128508966421741,False,True,False,True,True,0.0,0.0,0.0,0.0,0.0,0,0.9746599093091494,0.9647906108295545,False,False,False,False,-0.12234461115280244,-0.1307865919174078,False,False,False,False,272397.0,260958.28105470998,False,False,False,False,12962.400191087838,False,False,False,False
2025-07-30 14:00:00+00:00,12.175,12.32,12.15,12.275,9502.0,,,,,,,,12.218084995857247,12.475922898162452,12.447749887120176,12.541292906855501,12.608989413866588,12.594474525103788,12.495100056035016,12.37114727305172,12.177086348147142,12.044474276211401,11.808446018190349,,,12.37114727305172,12.177086348147142,,,12.343888054418308,"rgba(239, 83, 80, 0.75)",0.31984938741639374,12.522818075023306,-0.7747961533554077,45.376527317664284,-9.489658261498512,False,True,False,True,True,0.0,0.0,0.0,0.0,0.0,0,0.9696566409369177,0.9677934522225181,False,False,False,False,-0.13461832443412494,-0.13270245817576637,False,False,False,False,281899.0,261282.94336393927,False,False,False,False,12908.750575722135,False,False,False,False
2025-07-30 15:00:00+00:00,12.275,12.36,12.195,12.24,8653.0,,,,,,,,12.22058572293919,12.473180828868674,12.446276420423397,12.540024313148256,12.60785232937119,12.593608647127985,12.494583736467085,12.370927132516831,12.177245869068514,12.04484552831609,11.809111189966258,,,12.370927132516831,12.177245869068514,,,12.343476519837589,"rgba(239, 83, 80, 0.75)",0.31940565582497826,12.521679133964266,-0.8818852416270769,45.20241547208964,-9.404186227261391,False,True,False,True,True,0.0,0.0,0.0,0.0,0.0,1,0.9666225165562916,0.9687417218543048,False,False,False,False,-0.11724157764144423,-0.12497201790860529,False,False,False,False,273246.0,261468.4171102348,False,False,False,False,12842.769946641172,False,False,False,False
2025-07-30 16:00:00+00:00,12.245,12.27,12.21,12.245,6376.0,,,,,,,,12.221382423197065,12.470984115456845,12.445067998477189,12.539018297475755,12.606962566942732,12.592928430357954,12.494166248341259,12.370729901448842,12.17733188695188,12.045089379355229,11.809575062982825,,,12.370729901448842,12.17733188695188,,,12.34302148281705,"rgba(239, 83, 80, 0.75)",0.31929958538218706,12.520709759285293,-0.8634829855957415,45.3000796712753,-8.965890696940725,False,True,False,True,True,0.0,0.0,0.0,0.0,0.0,1,0.9728859060402687,0.9798657718120806,False,False,False,False,-0.1325700021496137,-0.1287710100291095,False,False,False,False,279622.0,261749.86800775054,False,False,False,False,12742.50994746844,False,False,False,False
2025-07-30 17:00:00+00:00,12.245,12.335,12.245,12.325,7978.0,,,,,,,,12.225007480186466,12.468997483155672,12.444016052126424,12.538021109420686,12.606037184971347,12.592225752215063,12.493769472320531,12.370598295998024,12.177539271321132,12.045486519751925,11.810234489804396,,,12.370598295998024,12.177539271321132,,,12.342903010115608,#000000,0.31676195342109237,12.519937774075094,-0.6154077911495625,48.50962789414735,-5.688654429700833,False,False,False,False,True,0.0,0.0,0.0,0.0,0.0,0,0.978494623655914,0.9620967741935482,False,False,False,False,-0.11214461529095622,-0.12045781266003286,False,False,False,False,287600.0,262150.64524794044,False,False,False,False,12668.641576189859,False,False,False,False
2025-07-30 18:00:00+00:00,12.325,12.365,12.075,12.09,12873.0,,,,,,,,12.22172469517449,12.46356584515089,12.440888569116064,12.535587954274254,12.603947411933754,12.590614349234114,12.492718335009664,12.370003828605771,12.177536929145878,12.045813330546498,11.811025099165263,,,12.370003828605771,12.177536929145878,,,12.341220577032423,"rgba(239, 83, 80, 1.0)",0.31639606266273185,12.501494414133319,-1.3005674301704537,43.987399120904854,-1.5733473192720524,False,True,False,True,False,0.0,0.0,0.0,0.0,0.0,1,0.9637972646822206,0.973183159023867,False,False,False,False,-0.14077010471877585,-0.13061395868940434,False,False,False,False,274727.0,262345.6274921584,False,False,False,False,12671.80992384583,False,False,False,False
2025-07-30 19:00:00+00:00,12.09,12.14,12.025,12.055,35817.0,,,,,,,,12.198142491832277,12.444383643362126,12.429302461926692,12.527087032504442,12.596857947255085,12.585092979178023,12.48888572533484,12.367494977582295,12.176764492812854,12.046002776874445,11.812590373191803,,,12.367494977582295,12.176764492812854,,,12.333873172895897,"rgba(239, 83, 80, 1.0)",0.31593231114470677,12.487981163127417,-1.3704871197207127,40.303293752151816,-4.9123907025187705,False,True,False,True,False,0.0,0.0,0.0,0.0,0.0,1,0.9560792715586504,0.9820567755757902,False,False,False,False,-0.19771976664428925,-0.1641668626668468,False,False,False,False,238910.0,261982.28443026444,False,False,False,False,13030.650080065274,False,False,False,False
2025-07-31 14:00:00+00:00,12.025,12.12,11.885,11.95,27663.0,,,,,,,,12.17484137679384,12.427580991354898,12.418742627605361,12.519495337548086,12.590608569801178,12.580186348759606,12.485354143558125,12.365012936486687,12.175672854109202,12.045680154512786,11.813381330522438,,,12.365012936486687,12.175672854109202,,,12.326959697368382,"rgba(239, 83, 80, 1.0)",0.31758732926822186,12.477162408500275,-1.6598974830480568,36.064000416242564,-8.69828765592623,False,True,False,True,False,0.0,0.0,0.0,0.0,0.0,0,0.9490310591983013,0.9822139633660741,False,False,False,False,-0.23142282834964922,-0.197794845508248,False,False,False,False,211247.0,261195.69087320607,False,False,False,False,13257.508218358835,False,False,False,False
2025-07-31 15:00:00+00:00,11.955,12.04,11.935,12.015,9935.0,,,,,,,,12.168110119896417,12.421993794372518,12.415170341330102,12.516878848966622,12.588437826141492,12.578477846890097,12.484127141718316,12.364156496078495,12.175307629213522,12.04558723542159,11.813682820507474,,,12.364156496078495,12.175307629213522,,,12.324720918230604,"rgba(239, 83, 80, 1.0)",0.3181215983729513,12.473906728267906,-1.4425513093578262,35.69085835861455,-8.95345030010354,False,True,False,True,False,0.0,0.0,0.0,0.0,0.0,0,0.9556558682952739,0.9845990440785982,False,False,False,False,-0.23779783836991286,-0.21779634193908043,False,False,False,False,221182.0,260575.32357284628,False,False,False,False,13205.99646303544,False,False,False,False
2025-07-31 16:00:00+00:00,12.015,12.05,11.98,12.025,9162.0,,,,,,,,12.163067641903588,12.417224220468865,12.412096979656148,12.514588577441655,12.586522775993679,12.576969464732704,12.483051108436742,12.363416572009141,12.17501282959756,12.045539671040983,11.813992792264374,,,12.363416572009141,12.17501282959756,,,12.32286205759504,"rgba(239, 83, 80, 1.0)",0.3186429982917718,12.471278201286601,-1.4005586304393158,35.81692431557883,-8.953498576485657,False,True,False,True,False,0.0,0.0,0.0,0.0,0.0,0,0.9536513069253573,0.9973053085421719,False,False,False,False,-0.2261244224986349,-0.22196038221885767,False,False,False,False,230344.0,260106.6208817944,False,False,False,False,13143.298843453495,False,False,False,False
2025-07-31 17:00:00+00:00,12.025,12.05,11.935,11.945,8412.0,,,,,,,,12.157478622425158,12.412496096012575,12.4090226393145,12.512329233059365,12.584647674942635,12.575488931310163,12.481979339514961,12.362658308852975,12.174671414320711,12.045429487730523,11.814218700748754,,,12.362658308852975,12.174671414320711,,,12.320947313475664,"rgba(239, 83, 80, 1.0)",0.3193516376480288,12.468514737431668,-1.6393050033726657,34.282401263637624,-10.62446551689186,False,True,False,True,False,0.0,0.0,0.0,0.0,0.0,0,0.9612150800108491,0.9883374016815839,False,False,False,False,-0.2356707505399333,-0.22881556637939549,False,False,False,False,221932.0,259514.76629447975,False,False,False,False,13069.945373012355,True,False,False,False
2025-07-31 18:00:00+00:00,11.945,11.995,11.86,11.945,13267.0,,,,,,,11.933333333333334,12.147357610266674,12.404520680248725,12.403783972086872,12.508519059452595,12.581504558210968,12.573000786987098,12.480154018702365,12.361334855869817,12.174018011423373,12.045147365983539,11.814479018120487,,11.933333333333334,12.361334855869817,12.174018011423373,,,12.285596105890486,"rgba(239, 83, 80, 1.0)",0.3195061363591946,12.434627475504604,-1.5324509290618293,33.259385895676814,-11.836228765453008,False,True,False,True,False,0.0,1.0,11.995,11.86,0.0,0,0.9533678756476686,0.994818652849741,True,False,False,False,-0.26349432726959765,-0.24615494682449657,True,False,False,False,221932.0,258932.0877472785,False,False,False,False,13073.000483508287,True,False,False,False
2025-07-31 19:00:00+00:00,11.945,11.99,11.93,11.95,19660.0,,,,,,,11.947265162328787,12.135398289513143,12.393740261600678,12.396604386000735,12.503189535725278,12.57706792705098,12.569482139163355,12.47758582310847,12.359494707497388,12.173149472286228,12.04481859879282,11.814938011568008,,11.947265162328787,12.359494707497388,12.173149472286228,,,12.28272785955299,"rgba(239, 83, 80, 1.0)",0.3191872843998195,12.42923506487213,-1.5014227956268829,32.8189689118645,-12.549578108023113,False,True,False,True,False,0.0,0.0,0.0,0.0,0.0,0,0.9459236892670879,1.003019489431787,False,False,False,False,-0.24953521993330854,-0.24784508337890254,False,False,False,False,241592.0,258663.24917755325,False,False,False,False,13175.124507019786,False,False,False,False
2025-08-01 14:00:00+00:00,11.99,12.195,11.97,12.115,13967.0,,,,,,,11.990770389957492,12.133604030193368,12.388689409114473,12.393183786273358,12.500396689022924,12.574640045445745,12.56755876379836,12.476251235175916,12.358637634748225,12.17292352546584,12.04494632743441,11.815574999686014,,11.990770389957492,12.358637634748225,12.17292352546584,,,12.284764736359678,"rgba(239, 83, 80, 0.75)",0.3132914194699911,12.429186817015921,-1.0028580340548257,38.90461296358244,-15.97546959289226,False,True,False,True,True,0.0,0.0,0.0,0.0,0.0,0,0.9461224489795921,0.9869387755102044,False,False,False,False,-0.19771976664428925,-0.2227824250115959,False,False,False,False,255559.0,258615.1212833276,False,False,False,False,13187.401646445835,False,False,False,False
2025-08-01 15:00:00+00:00,12.115,12.31,12.08,12.265,19632.0,,,,,,,12.057924821373097,12.138396643011976,12.384756358241017,12.39045500784743,12.497720703445593,12.572143998836244,12.565587114153324,12.47499821413355,12.358005450333804,12.173103496227542,12.045585603427064,11.8168661620211,,12.057924821373097,12.358005450333804,12.173103496227542,,,12.289628631087647,#000000,0.308139461815484,12.431704765858534,-0.5410042740918304,46.604021039132604,-9.009921951510002,True,False,False,False,True,0.0,0.0,0.0,0.0,0.0,0,0.9486970684039088,0.9896851248642775,False,False,False,False,-0.15104687977245188,-0.18691465239202387,False,False,False,False,275191.0,258872.11165102792,False,False,False,False,13287.31789998931,False,False,False,False
2025-08-01 16:00:00+00:00,12.265,12.27,12.14,12.175,12290.0,,,,,,,12.079299338543782,12.14033242247248,12.382052875122204,12.388563913300306,12.495933414168238,12.570497267289738,12.564281937529403,12.474149227904942,12.35754695073144,12.173157688607237,12.045929676257641,11.817623515257237,,12.079299338543782,12.35754695073144,12.173157688607237,,,12.290780685598717,#000000,0.30168882005164205,12.431883126883319,-0.8514837468599131,49.029351802578574,-7.0722372226503865,True,False,False,False,True,0.0,0.0,0.0,0.0,0.0,0,0.9509001636661212,0.994544462629569,False,False,False,False,-0.14693248827678898,-0.1669235703344064,False,False,False,False,262901.0,258934.5750362833,False,False,False,False,13271.855606966219,False,False,False,False
2025-08-01 17:00:00+00:00,12.175,12.19,12.015,12.025,11645.0,,,,,,,12.078960435988991,12.138334137440301,12.377985250636241,12.385730549722128,12.493600987585198,12.568462624523585,12.562660138566812,12.473010538860418,12.35680034765456,12.172931942269063,12.04599659693197,11.818114184983543,,12.078960435988991,12.35680034765456,12.172931942269063,,,12.289382311263566,"rgba(239, 83, 80, 0.5)",0.30284829550469294,12.429774795065487,-1.3365595946014317,47.104544444409285,-7.0722372226503865,True,False,False,True,True,0.0,0.0,0.0,0.0,0.0,0,0.945019052803484,0.993467610234077,False,False,False,False,-0.18936566246008316,-0.17814461639724477,False,False,False,False,251256.0,258815.52736130217,False,False,False,False,13246.633039416354,False,False,False,False
2025-08-01 18:00:00+00:00,12.025,12.075,11.985,12.02,9735.0,,,,,,,12.073879595991858,12.135479005743973,12.374116418366308,12.383024266443897,12.491439490014768,12.566602897916043,12.561173964010196,12.471944153281697,12.356068381771939,12.172646431213197,12.045961478430506,11.818443902347656,,12.073879595991858,12.356068381771939,12.172646431213197,,,12.287564998794338,"rgba(239, 83, 80, 0.5)",0.3041327649871784,12.427381131380704,-1.3394845221555753,45.71549937335293,-7.0722372226503865,True,False,False,True,False,0.0,0.0,0.0,0.0,0.0,0,0.9431383269546199,1.001640240568617,False,False,False,False,-0.21978274589893063,-0.1989636811480877,False,False,False,False,241521.0,258547.39515415017,False,False,False,False,13192.189116324627,False,False,False,False
2025-08-01 19:00:00+00:00,12.015,12.115,11.995,12.065,25062.0,,,,,,,12.07076905267528,12.130714634224477,12.365410666041852,12.376844026761226,12.486338810332397,12.562150783473461,12.557610015874717,12.469415709426727,12.35437856798528,12.172074846680104,12.046019074617375,11.819416321048061,,12.07076905267528,12.35437856798528,12.172074846680104,,,12.284261875761745,"rgba(239, 83, 80, 0.5)",0.3041256556333612,12.422541156868473,-1.1756362879806073,46.10537873915614,-7.0722372226503865,True,False,False,True,False,0.0,0.0,0.0,0.0,0.0,0,0.9357997823721436,1.0,False,False,False,False,-0.20925155910412763,-0.20410762012610767,False,False,False,False,266583.0,258671.97817501606,False,False,False,False,13376.217192040524,False,False,False,False
2025-08-04 14:00:00+00:00,12.5,12.57,12.33,12.38,20477.0,,,,,,,12.120775677313846,12.144930934474354,12.366760072178371,12.377607001815292,12.485770092360909,12.561188032233423,12.556856092291557,12.469203250669016,12.354712237878328,12.173110725301735,12.047461468265046,11.821420906380686,,12.120775677313846,12.354712237878328,12.173110725301735,,,12.289983040930215,"rgba(38, 166, 154, 1.0)",0.30370211223002763,12.427227069062306,-0.15550457886356486,52.609337468696836,-3.902083270355476,True,False,True,False,True,0.47926477832498193,0.0,0.0,0.0,0.0,0,0.9409584326184801,0.9833200953137408,False,False,False,False,-0.04732189460511611,-0.12571475736561188,False,False,False,False,287060.0,259112.10254439563,False,False,False,False,13486.30684797788,False,False,False,False
2025-08-04 15:00:00+00:00,12.375,12.415,12.315,12.37,12915.0,,,,,,,12.140792583254544,12.15145122240918,12.366758792201434,12.377502344934928,12.48505842855907,12.560320113596953,12.556167940732717,12.468882848109882,12.354746939089251,12.17360615946157,12.048222533784125,11.82255376023202,,12.140792583254544,12.354746939089251,12.17360615946157,,,12.292171972197139,"rgba(38, 166, 154, 1.0)",0.3032756899986404,12.428852820647194,-0.19405716510762333,56.67324436192293,-0.16521833389289498,True,False,True,False,True,0.2903524360749401,0.0,0.0,0.0,0.0,0,0.9404793257835133,0.9915722939162497,False,False,False,False,-0.08167504729283391,-0.1036949023292229,False,False,False,False,274145.0,259345.1707220019,False,False,False,False,13477.449377466593,False,False,False,False
2025-08-04 16:00:00+00:00,12.365,12.38,12.345,12.35,4951.0,,,,,,,12.147375943097334,12.153757354839486,12.366714762450103,12.377432305012062,12.484768815521708,12.559975215369567,12.555893911726363,12.468750580786889,12.354750925566908,12.17378724459678,12.04850571909966,11.822980163458784,,12.147375943097334,12.354750925566908,12.17378724459678,,,12.292891078460471,"rgba(38, 166, 154, 1.0)",0.3030830023381608,12.42936818696366,-0.26186947585766324,58.79444095084678,1.8080902516425397,True,False,True,False,True,0.0,0.0,0.0,0.0,0.0,0,0.9421661409043113,0.9934279705573081,False,False,False,False,-0.08268795516884178,-0.09319142874903234,False,False,False,False,269194.0,259497.86574956775,False,False,False,False,13345.25636386246,False,False,False,False
2025-08-04 17:00:00+00:00,12.355,12.4,12.335,12.395,8915.0,,,,,,,12.159224854506249,12.158143541683682,12.366807535055887,12.37742730063441,12.484325783907789,12.559413332361439,12.555448004127314,12.468552622684284,12.35479470271928,12.174144725230256,12.049044429836027,11.823772491026597,,12.159224854506249,12.35479470271928,12.174144725230256,,,12.294258276981099,"rgba(38, 166, 154, 1.0)",0.3014509506962668,12.43039072590016,-0.1174012747958442,61.002921947125316,3.9805288540928174,True,False,True,False,True,0.7737759041957801,0.0,0.0,0.0,0.0,0,0.9418391406864031,0.9924024102698454,False,False,False,False,-0.08066230661192385,-0.0869268676804781,False,False,False,False,278109.0,259786.4104666287,False,False,False,False,13276.570218686298,False,False,False,False
2025-08-04 18:00:00+00:00,12.395,12.425,12.37,12.395,7468.0,,,,,,,12.169076927208344,12.162011414260952,12.367038898884065,12.377532068646774,12.484025873157604,12.558996516221141,12.555117772184381,12.468423401076802,12.3548646501137,12.174472691937437,12.049521807872118,11.824458418037976,,12.169076927208344,12.3548646501137,12.174472691937437,,,12.295461703300107,"rgba(38, 166, 154, 1.0)",0.299080452582787,12.431326062943432,-0.12145916802562451,62.475242611311,5.563446043531151,True,False,True,False,True,0.7737759041957801,0.0,0.0,0.0,0.0,0,0.9438349007314525,0.9911180773249736,False,False,False,False,-0.06852169058783508,-0.07772427913415658,False,False,False,False,278109.0,260070.48162218483,False,False,False,False,13186.514866458603,False,False,False,False
2025-08-04 19:00:00+00:00,12.395,12.58,12.395,12.57,17095.0,,,,,,,12.199082939667171,12.17464533565033,12.369617564471012,12.379224550390758,12.484266570206511,12.558740081509532,12.5549276825115,12.468614272212363,12.355474668131437,12.17561770619797,12.050980474125435,11.826345842017144,,12.199082939667171,12.355474668131437,12.17561770619797,,,12.299794807257596,"rgba(38, 166, 154, 1.0)",0.29790517869869815,12.435194602723188,0.45251109049418314,66.23336303507679,9.293008063793245,True,False,True,False,True,4.085476902324217,0.0,0.0,0.0,0.0,0,0.9456662354463132,0.983182406209573,False,False,False,False,-0.03220627074435986,-0.05496527493925822,False,False,False,False,295204.0,260615.18733346878,False,False,False,False,13247.111535195678,False,False,False,False
2025-08-05 14:00:00+00:00,12.575,12.79,12.55,12.71,35767.0,,,,,,,12.273467656734493,12.210084272015616,12.380654363307299,12.386861491754718,12.487451351343697,12.560241156484002,12.556188159739825,12.47043963294986,12.358067102890864,12.17916460067646,12.055099469919506,11.831218781573476,,12.273467656734493,12.358067102890864,12.17916460067646,,,12.312411503282485,"rgba(38, 166, 154, 1.0)",0.2982543053010948,12.447385898162565,0.8805039765388142,70.29776960250251,13.21031079508537,True,False,True,False,True,6.5775251174813185,0.0,0.0,0.0,0.0,0,0.9542550472783031,0.972655251725019,False,False,False,False,0.04127339772401562,-0.0068459386076213,False,False,False,False,330971.0,261705.97512674835,False,False,False,False,13596.257092789543,False,False,False,False
2025-08-05 15:00:00+00:00,12.715,12.905,12.71,12.865,39564.0,,,,,,,12.353812598656436,12.254200341434569,12.397361075870268,12.39874840231092,12.49335004026747,12.563745057458954,12.559093593330235,12.473758254995298,12.362130213522338,12.184129876913616,12.060619040756734,11.837440777092095,,12.353812598656436,12.362130213522338,12.184129876913616,,,12.328199106050745,"rgba(38, 166, 154, 1.0)",0.30324739402341166,12.463286887144793,1.324704253927384,74.31337221970355,17.01370504773749,True,False,True,False,True,9.190223385974846,0.0,0.0,0.0,0.0,0,0.9628036437246965,0.9671052631578946,False,False,False,False,0.0968873716474907,0.0450207165199347,False,False,False,False,370535.0,263393.2468302096,False,False,False,False,13998.857758017612,False,False,False,False
2025-08-05 16:00:00+00:00,12.855,12.87,12.735,12.815,18072.0,,,,,,,12.381986388141089,12.271684745014738,12.40424648793256,12.403723011933963,12.495819110951224,12.565195655356055,12.560302414089238,12.475168899403542,12.363883906228867,12.186302851959939,12.063048934697223,11.840200109496253,,12.381986388141089,12.363883906228867,12.186302851959939,,,12.334296876267059,"rgba(38, 166, 154, 1.0)",0.3072892524718253,12.469453149497827,1.1245002801842372,75.29325280257791,18.051770905891743,True,False,True,False,True,8.145167010405718,0.0,0.0,0.0,0.0,0,0.9672754946727551,0.9748858447488584,False,False,False,False,0.09485662426525816,0.06993867039259644,False,False,False,False,352463.0,264774.1732359428,False,False,False,False,14062.007250141369,False,False,False,False
2025-08-05 17:00:00+00:00,12.815,12.95,12.815,12.92,19533.0,,,,,,,12.414309646307437,12.292300928262042,12.413010095727941,12.41011429376371,12.499190424223139,12.567310633941853,12.562059479332758,12.477082915740644,12.366138926499273,12.188966505611893,12.065967403828322,11.843435878473093,,12.414309646307437,12.366138926499273,12.188966505611893,,,12.341657260976008,"rgba(38, 166, 154, 1.0)",0.3095054613906505,12.477020950915385,1.4312479240083493,76.91294898530987,19.836395322397095,True,False,True,False,True,9.877387187596721,0.0,0.0,0.0,0.0,0,0.9696586599241468,0.9668773704171933,False,False,False,False,0.12745395204274565,0.09869631121767104,False,False,False,False,371996.0,266436.5271392615,False,False,False,False,14146.828843162433,False,False,False,False
2025-08-05 18:00:00+00:00,12.915,12.99,12.885,12.945,18480.0,,,,,,,12.44388317934824,12.311953760471297,12.421765552557785,12.41655693596628,12.502684699044764,12.569558149279167,12.563927321212024,12.479071015024232,12.368434862282559,12.191627646214043,12.068858609502657,11.846609213005816,,12.44388317934824,12.368434862282559,12.191627646214043,,,12.34874424532574,"rgba(38, 166, 154, 1.0)",0.309210299002181,12.484369991356697,1.4896981443689041,78.21116266014603,21.39340384588111,True,False,True,False,True,10.284768802797394,0.0,0.0,0.0,0.0,0,0.9711757269279395,0.9686472819216181,False,False,False,False,0.15001777015226053,0.12435704068496578,False,False,False,False,390476.0,268359.61974175356,False,False,False,False,14214.009791330458,False,False,False,False
2025-08-05 19:00:00+00:00,12.945,13.0,12.92,13.0,37150.0,,,,,,,12.497675992652253,12.34997666858559,12.439591976167337,12.429841033489437,12.510067031520352,12.574394511443066,12.567954809072921,12.483301749633874,12.373261151193002,12.197156385448269,12.074833448884132,11.853126053145395,,12.497675992652253,12.373261151193002,12.197156385448269,,,12.362598400936301,"rgba(38, 166, 154, 1.0)",0.30869635799835893,12.498839199512826,1.623474937432978,79.55988605136477,23.04559395368321,True,False,True,False,True,11.180992168293944,0.0,0.0,0.0,0.0,0,0.9690198070086339,0.9748603351955305,False,False,False,False,0.15929101598868586,0.14182402833682584,False,False,False,False,427626.0,270828.8659473077,False,False,False,False,14569.60653875169,False,False,False,False
2025-08-06 14:00:00+00:00,14.88,15.08,14.79,15.075,63649.0,,,,,,,12.865963279244527,12.585949925688002,12.572968816461517,12.530056647767621,12.574750098029662,12.622802265572048,12.607962128243262,12.519411468813253,12.408436805012624,12.230493918761438,12.107364269875697,11.883824158877616,,12.865963279244527,12.408436805012624,12.230493918761438,,,12.459165315195605,"rgba(38, 166, 154, 1.0)",0.43068246700718843,12.605506091362944,5.733908616706789,84.96713244025375,28.366906086203898,True,False,True,False,True,20.0,0.0,0.0,0.0,0.0,0,0.9768732654949122,0.9616096207215539,False,False,False,False,0.34282823117907757,0.2423261297579517,False,False,False,False,491275.0,274246.6354675045,False,False,False,False,15330.527367608252,False,False,False,False
2025-08-06 15:00:00+00:00,15.075,15.295,15.02,15.155,40034.0,,,,,,,13.061361847861907,12.723193499662392,12.655509948859214,12.593373608285244,12.616562148454708,12.654450678508937,12.634259156789312,12.543170433758018,12.431551561353684,12.252364675473602,12.12867834564126,11.903899372485714,,13.061361847861907,12.431551561353684,12.252364675473602,,,12.516531273094499,"rgba(38, 166, 154, 1.0)",0.527531408910786,12.669490633156064,4.7115855565374964,88.61696392062471,31.86076554862406,True,False,True,False,True,20.0,0.0,0.0,0.0,0.0,0,0.9836556169429097,0.9569521178637198,False,False,False,False,0.34282823269523005,0.2925771812265909,False,False,False,False,531309.0,278232.0984835122,False,False,False,False,15713.526943304249,False,False,False,False
2025-08-06 16:00:00+00:00,15.155,15.255,14.91,15.0,46968.0,,,,,,,13.242725245466424,12.860635552789098,12.742194343811933,12.661076590079121,12.662026421059359,12.689119136123042,12.663211455411824,12.56944118466388,12.45718562531673,12.276726617697555,12.152480389728984,11.926413561552813,,13.242725245466424,12.45718562531673,12.276726617697555,,,12.575269676975063,"rgba(38, 166, 154, 1.0)",0.5968332949676942,12.735326004963163,3.7944833408789984,88.96533079396889,32.34472157802533,True,False,True,False,True,20.0,0.0,0.0,0.0,0.0,0,1.008335317932841,0.9564181948082874,False,False,False,False,0.32662379495882904,0.30960048809270996,False,False,False,False,484341.0,281427.585328729,False,False,False,False,16198.092417051468,False,False,False,False
2025-08-06 17:00:00+00:00,15.0,15.03,14.875,14.925,15670.0,,,,,,,13.292819666419783,12.900801942195262,12.768408337006692,12.681828122766632,12.676129568267962,12.69992845864965,12.67227358443189,12.57769581154686,12.465264024486414,12.284437668110174,12.16003338364901,11.933588046171124,,13.292819666419783,12.465264024486414,12.284437668110174,,,12.592767384475119,"rgba(38, 166, 154, 1.0)",0.6581156556534951,12.75498550076138,3.2973148117618343,88.17304703954946,32.34472157802533,True,False,True,False,True,20.0,0.0,0.0,0.0,0.0,0,1.0102405334603477,0.9478447249345081,False,False,False,False,0.29891848051210884,0.3042594843024094,False,False,False,False,468671.0,284330.584005803,False,False,False,False,16189.904937717336,False,False,False,False
2025-08-06 18:00:00+00:00,14.92,15.055,14.87,15.035,24333.0,,,,,,,13.366910001036612,12.961452412817911,12.808686194124423,12.713917686374984,12.698099196251379,12.716829932375713,12.686469516097679,12.590633478062479,12.477922500308615,12.296517408762929,12.171862628114157,11.944820917770125,,13.366910001036612,12.477922500308615,12.296517408762929,,,12.619510156008083,"rgba(38, 166, 154, 1.0)",0.7175357479244946,12.785073195149614,3.135630261430742,87.88417977173323,32.34472157802533,True,False,True,False,True,20.0,0.0,0.0,0.0,0.0,0,1.012589073634204,0.9429928741092635,False,False,False,False,0.30103341774304015,0.3026464510227248,False,False,False,False,493004.0,287565.83076540293,False,False,False,False,16316.15447356668,False,False,False,False
2025-08-06 19:00:00+00:00,15.035,15.27,15.035,15.245,94376.0,,,,,,,13.630369897926512,13.186631084541597,12.964915832978384,12.840432980945273,12.786491615877788,12.78556544506276,12.744489379415867,12.643537551744396,12.52959543761817,12.345716281876479,12.219962012995598,11.990383756772273,,13.630369897926512,12.52959543761817,12.345716281876479,,,12.722340939812925,"rgba(38, 166, 154, 1.0)",0.7801460939644209,12.901113480862946,3.0044199891154584,88.12791800378011,32.64821582213828,True,False,True,False,True,20.0,0.0,0.0,0.0,0.0,0,1.015112160566706,0.9374262101534829,False,False,False,False,0.34174261315129995,0.3221945320870124,False,False,False,False,587380.0,292214.1124589626,False,False,False,False,17526.384636767194,False,False,False,False
2025-08-07 14:00:00+00:00,15.21,15.35,14.93,14.98,30275.0,,,,,,,13.695116773135572,13.24645793573451,13.00877000094668,12.876753054368258,12.812439629403164,12.805954287185415,12.761819391247473,12.65942566606514,12.545167369812708,12.360619908074662,12.234575266025418,12.004295218624526,,13.695116773135572,12.545167369812708,12.360619908074662,,,12.750949541718626,"rgba(38, 166, 154, 0.75)",0.8257645815510375,13.052808168328408,2.333827188436369,84.51839654976047,32.64821582213828,True,False,True,False,False,20.0,0.0,0.0,0.0,0.0,0,1.0168224299065423,0.9315420560747664,False,False,False,False,0.33903194761940897,0.33061323985321067,False,False,False,False,557105.0,296320.94792471506,False,False,False,False,17724.037588135143,False,False,False,False
2025-08-07 15:00:00+00:00,14.98,15.11,14.905,15.005,25140.0,,,,,,,13.741813885859688,13.29130874519371,13.042481650943056,12.904972111741348,12.832803324592955,12.822028050447006,12.775527792837824,12.672033073513603,12.557552195096692,12.372513496922815,12.246259981583545,12.015455120693048,,13.741813885859688,12.557552195096692,12.372513496922815,,,12.772895785785439,"rgba(38, 166, 154, 0.75)",0.8683389289301224,13.07513585445759,2.2224779763360254,82.21323074582548,37.45065126590262,True,False,True,False,False,20.0,0.0,0.0,0.0,0.0,0,1.014186046511628,0.9402325581395347,False,False,False,False,0.3105833763220376,0.32059830808762413,False,False,False,False,582245.0,300753.87896464195,False,False,False,False,17839.013749559403,False,False,False,False
2025-08-07 16:00:00+00:00,15.005,15.05,14.93,14.935,22239.0,,,,,,,13.779366552295278,13.32834930483969,13.070854063846252,12.928913339674427,12.85021967650414,12.835827848724872,12.78732746876065,12.682907794632065,12.568249375769385,12.382807252584474,12.256384527250011,12.025143603845631,,13.779366552295278,12.568249375769385,12.382807252584474,,,12.791362567393909,"rgba(38, 166, 154, 0.75)",0.9056363946304812,13.094301061646558,2.0324922333808004,79.63092770221313,34.86346550432401,True,False,True,False,False,20.0,0.0,0.0,0.0,0.0,0,1.0186349871884464,0.9419986023759608,False,False,False,False,0.3068630648777091,0.3137306864826666,False,False,False,False,560006.0,304773.2916938723,False,False,False,False,17907.230590651507,False,False,False,False
2025-08-07 17:00:00+00:00,14.935,14.955,14.7,14.745,17514.0,,,,,,,13.803333223837544,13.353460997108971,13.090652137483541,12.945829040341728,12.86264345782175,12.845708073191458,12.79580793460047,12.690762953362201,12.57601031585185,12.390322978066504,12.26380441030268,12.032287109724576,,13.803333223837544,12.57601031585185,12.390322978066504,,,12.804218552641103,"rgba(38, 166, 154, 0.75)",0.9349141214113906,13.106295442315417,1.7527861866186338,75.18240833491139,30.6473716221696,True,False,True,False,False,20.0,0.0,0.0,0.0,0.0,0,1.0036968576709795,0.9475508317929757,False,False,False,False,0.27269313060142336,0.293211908542045,False,False,False,False,542492.0,308458.85306295956,False,False,False,False,17901.133992346833,False,False,False,False
2025-08-07 18:00:00+00:00,14.745,14.82,14.615,14.785,17645.0,,,,,,,13.824980565073277,13.37689449021221,13.10946084000839,12.962023202931826,12.87461836427078,12.855259650776219,12.804026241839848,12.698394688618206,12.583565434125756,12.397660438917413,12.271060328827792,12.039291734644367,,13.824980565073277,12.583565434125756,12.397660438917413,,,12.816436331687173,"rgba(38, 166, 154, 0.75)",0.9637283924500892,13.215140834378724,1.628943567419674,72.50172838316563,28.16491344460239,True,False,True,False,False,20.0,0.0,0.0,0.0,0.0,0,0.9986206896551725,0.9558620689655171,False,False,False,False,0.24991492909093838,0.2715634188164917,False,False,False,False,560137.0,312360.83983717725,False,False,False,False,17897.162922698044,False,False,False,False
2025-08-07 19:00:00+00:00,14.79,14.88,14.77,14.83,58527.0,,,,,,,13.896300045214097,13.453852074766198,13.17204714615732,13.01622501495783,12.9150627169469,12.887688807093417,12.831993478513038,12.724364029884702,12.609243906459112,12.422561944698904,12.295660338816788,12.063005562314064,,13.896300045214097,12.609243906459112,12.422561944698904,,,12.857333755485199,"rgba(38, 166, 154, 0.75)",0.9922521929501762,13.259769780586277,1.5824910547641076,71.05523103689733,26.763400365977716,True,False,True,False,False,20.0,0.0,0.0,0.0,0.0,0,1.0041293874741912,0.9534296857077309,False,False,False,False,0.27217244960251546,0.2718679342095036,False,False,False,False,618664.0,317109.726041252,False,False,False,False,18527.082877384895,False,False,False,False
2025-08-08 14:00:00+00:00,14.89,15.035,14.865,14.935,25270.0,,,,,,,13.927577180838405,13.48726234724434,13.199514834272268,13.040132383679595,12.933061001605338,12.902197713065835,12.844533423421579,12.73600202319435,12.620732198139496,12.433677940425897,12.306625794845857,12.07355321982257,,13.927577180838405,12.620732198139496,12.433677940425897,,,12.875405838379628,"rgba(38, 166, 154, 0.75)",1.0220186613482964,13.280878072196757,1.6184850535126691,70.89184515255928,26.416816228202194,True,False,True,False,False,20.0,0.0,0.0,0.0,0.0,0,1.0072926162260711,0.9443938012762078,False,False,False,False,0.2983901524439457,0.2851290433267246,False,False,False,False,643934.0,322176.76904836437,False,False,False,False,18631.624228123113,False,False,False,False
2025-08-08 15:00:00+00:00,14.935,15.02,14.78,14.935,21482.0,,,,,,,13.951910759731897,13.513886008920073,13.221771199112172,13.059647233992976,12.947862853872694,12.914173099511242,12.85490983548267,12.745652117835958,12.630271092255771,12.442926470644434,12.315759514596063,12.082355861215492,,13.951910759731897,12.630271092255771,12.442926470644434,,,12.890093837264287,"rgba(38, 166, 154, 0.75)",1.0502900157181052,13.297009301169439,1.5595603826726214,70.78292122966727,25.980538972373665,True,False,True,False,False,20.0,0.0,0.0,0.0,0.0,0,1.0020371208691716,0.9481665912177455,False,False,False,False,0.28785707281343437,0.2864930580700795,False,False,False,False,643934.0,327165.2532491649,False,False,False,False,18675.816100555316,False,False,False,False
2025-08-08 16:00:00+00:00,14.935,14.99,14.9,14.9,15911.0,,,,,,,13.969501767874867,13.533222799981807,13.238061135444458,13.073981403120557,12.95878513989116,12.923031829903913,12.862596302901055,12.752804649354,12.637341549257213,12.449782708697134,12.322530861765697,12.088882584558785,,13.969501767874867,12.637341549257213,12.449782708697134,,,12.900876894395886,"rgba(38, 166, 154, 0.75)",1.076260660346289,13.308885757790682,1.4783725735152062,69.98449691730764,24.84454624846238,True,False,True,False,False,20.0,0.0,0.0,0.0,0.0,0,1.0173081302664542,0.9460259621953996,False,False,False,False,0.2973339812072291,0.2919135196386543,False,False,False,False,628023.0,331829.71443910035,False,False,False,False,18632.950734655235,False,False,False,False
2025-08-08 17:00:00+00:00,14.91,15.04,14.87,14.88,17633.0,,,,,,,13.988271865243803,13.554044647642753,13.255754935132327,13.089612412560522,12.970749748259156,12.932758798116216,12.871048404080643,12.76067675612334,12.64512660476974,12.457336951396067,12.329994190905264,12.096080813931238,,13.988271865243803,12.64512660476974,12.457336951396067,,,12.912621344013422,"rgba(38, 166, 154, 0.75)",1.100473575371127,13.321698864032863,1.4160277637212797,69.00881606533963,23.55598772505192,True,False,True,False,False,20.0,0.0,0.0,0.0,0.0,0,1.0125427594070695,0.9464082098061571,False,False,False,False,0.29944697070581333,0.2956802451722338,False,False,False,False,610390.0,336148.47855632356,False,False,False,False,18617.447622490035,False,False,False,False
2025-08-08 18:00:00+00:00,14.88,15.23,14.77,15.205,19388.0,,,,,,,14.010991030332752,13.578464717543495,13.276360037517547,13.107767275938947,12.98465573622131,12.944078900338374,12.880881374350507,12.769814698397093,12.654140264423722,12.466051848781081,12.338585172794835,12.104337786645553,,14.010991030332752,12.654140264423722,12.466051848781081,,,12.92634407027377,"rgba(38, 166, 154, 1.0)",1.131356687766938,13.337816038286075,1.6503937104038837,71.23875945269046,23.55598772505192,True,False,True,False,True,20.0,0.0,0.0,0.0,0.0,0,1.0044923629829288,0.9386792452830186,False,False,False,False,0.30898794234096766,0.3023340937566007,False,False,False,False,629778.0,340700.87423762085,False,False,False,False,18629.39417097856,False,False,False,False
2025-08-08 19:00:00+00:00,15.205,15.24,15.15,15.205,41450.0,,,,,,,14.062089394614263,13.632451655007907,13.32196248766192,13.147985919399922,13.015592597562593,12.969339060013438,12.902843042912084,12.79020149618884,12.674213261599276,12.485410937158473,12.35763853698365,12.122605097909343,,14.062089394614263,12.674213261599276,12.485410937158473,,,12.95686112391764,"rgba(38, 166, 154, 1.0)",1.160428264373451,13.3747279899088,1.577238392309771,72.72538837759103,23.55598772505192,True,False,True,False,True,20.0,0.0,0.0,0.0,0.0,0,1.0199775533108866,0.9375982042648707,False,False,False,False,0.3428282329314899,0.3225811633440453,False,False,False,False,629778.0,345182.69014091353,False,False,False,False,18983.20201328897,False,False,False,False
2025-08-11 14:00:00+00:00,15.035,15.065,14.83,14.995,26535.0,,,,,,,14.08625317609796,13.660253554132373,13.346520606921086,13.170071146593601,13.032863674474354,12.98354098964952,12.915267944809829,12.801817601291816,12.685716954850186,12.496599551434457,12.368705120670194,12.133301576118265,,14.08625317609796,12.685716954850186,12.496599551434457,,,12.97340932475364,"rgba(38, 166, 154, 0.5)",1.1828276739687527,13.392116183118617,1.3551287750169148,69.25969141777229,23.55598772505192,False,False,True,False,False,20.0,0.0,0.0,0.0,0.0,0,1.0086493679308053,0.9394544244843644,False,False,False,False,0.29052485894234015,0.3065530111431927,False,False,False,False,603243.0,349183.62517748855,False,False,False,False,19100.284152617824,False,False,False,False
2025-08-11 15:00:00+00:00,15.0,15.27,14.985,15.245,31555.0,,,,,,,14.119636593392928,13.696768557140555,13.378339455960573,13.198544800335522,13.055129362608152,13.001876305178119,12.931297473383534,12.81675500393471,12.700455279218755,12.510860031474815,12.38276536776516,12.146823689615363,,14.119636593392928,12.700455279218755,12.510860031474815,,,12.994937660000682,"rgba(38, 166, 154, 0.5)",1.2101467895475642,13.416786874533916,1.5107366653838705,69.35142715693237,23.55598772505192,False,False,True,False,False,20.0,0.0,0.0,0.0,0.0,0,1.012544014084507,0.9339788732394364,False,False,False,False,0.3283946632887227,0.3174738372159577,False,False,False,False,634798.0,353611.755019698,False,False,False,False,19293.380522344676,False,False,False,False
2025-08-11 16:00:00+00:00,15.25,15.39,15.21,15.315,38356.0,,,,,,,14.162545250779779,13.742797366854061,13.418427679370122,13.234437536705613,13.083308691343701,13.025150833643778,12.951664019972744,12.835713689962775,12.719127773548365,12.52888252723838,12.400506719782708,12.163844274715558,,14.162545250779779,12.719127773548365,12.52888252723838,,,13.022200530326465,"rgba(38, 166, 154, 0.5)",1.2375052206642185,13.448896665093155,1.5079559291921467,69.98974265811133,23.55598772505192,False,False,True,False,False,20.0,0.0,0.0,0.0,0.0,0,1.0197251773049645,0.9430407801418438,False,False,False,False,0.3428282335664821,0.3301510353912199,False,False,False,False,673154.0,358565.89835272596,False,False,False,False,19588.92501037034,False,False,False,False
2025-08-11 17:00:00+00:00,15.315,15.34,15.22,15.34,24398.0,,,,,,,14.188146542459222,13.770640096618358,13.443005487183632,13.256585395813334,13.100829450654063,13.0396804579382,12.964411033156043,12.847599462497376,12.73084384297554,12.54020560317857,12.411660978520851,12.174558736800558,,14.188146542459222,12.73084384297554,12.54020560317857,,,13.039013923982978,"rgba(38, 166, 154, 0.5)",1.2636085963164028,13.468308438770686,1.4812273093785202,70.62911775626938,23.55598772505192,False,False,True,False,False,20.0,0.0,0.0,0.0,0.0,0,1.0139937805419816,0.9460239893380719,False,False,False,False,0.338664157040207,0.3344075962157135,False,False,False,False,697552.0,363821.4968278775,False,False,False,False,19663.484312535144,False,False,False,False
2025-08-11 18:00:00+00:00,15.345,15.46,15.325,15.445,21351.0,,,,,,,14.211748057618262,13.795895958929068,13.465236184585935,13.276603776090475,13.11669203985109,13.052855499049128,12.975973155486892,12.858369520075591,12.741445056333303,12.550430856568207,12.42172111165029,12.184203104639948,,14.211748057618262,12.741445056333303,12.550430856568207,,,13.05426452673985,"rgba(38, 166, 154, 0.5)",1.2898344470903724,13.486261475418312,1.518596847060675,71.94890674863589,23.55598772505192,False,False,True,False,True,20.0,0.0,0.0,0.0,0.0,0,1.0208703374777977,0.9365008880994672,False,False,False,False,0.34282823409556973,0.3386179151556416,False,False,False,False,718903.0,369326.6364119414,False,False,False,False,19689.64734644933,False,False,False,False
2025-08-11 19:00:00+00:00,15.445,15.575,15.41,15.57,51019.0,,,,,,,14.269394898776019,13.857052738252486,13.519224538963883,13.325318096850959,13.155477505700885,13.085172394937585,13.004373664322003,12.88481919772761,12.767455192230257,12.575486449431303,12.446350605224472,12.207783662536167,,14.269394898776019,12.767455192230257,12.575486449431303,,,13.091492412079468,"rgba(38, 166, 154, 1.0)",1.3174746112739242,13.530392640309534,1.5481189104041102,73.78861160162916,20.145335533409025,True,False,True,False,True,20.0,0.0,0.0,0.0,0.0,0,1.0207826663718773,0.9330090647800132,False,False,False,False,0.3428282346381552,0.3407230748968984,False,False,False,False,769922.0,375537.41724276403,False,False,False,False,20175.373744178796,False,False,False,False
2025-08-12 14:00:00+00:00,15.71,15.815,15.575,15.805,24440.0,,,,,,,14.299660677239698,13.888404186574004,13.546747504305756,13.35010964666379,13.175254532400881,13.101686319620637,13.0188905100984,12.898315485240392,12.780696117944007,12.588199018102937,12.458820520653449,12.219682194006714,,14.299660677239698,12.780696117944007,12.588199018102937,,,13.110538892737557,"rgba(38, 166, 154, 1.0)",1.3489948810834003,13.553507757215765,1.6690146674063162,76.46711479074838,22.743205826726538,True,False,True,False,True,20.0,0.0,0.0,0.0,0.0,0,1.0261308739569612,0.9251207729468597,False,False,False,False,0.3428282356526937,0.34177565527479603,False,False,False,False,794362.0,382030.82162659714,False,False,False,False,20241.49198070316,False,False,False,False
2025-08-12 15:00:00+00:00,15.805,15.955,15.78,15.92,13871.0,,,,,,,14.318067574641004,13.907177445248466,13.563140780569134,13.364845620972936,13.187009737186754,13.111508609193447,13.027522875141454,12.906330034072088,12.78854631076285,12.595718348208948,12.466185447970165,12.22669284937822,,14.318067574641004,12.78854631076285,12.595718348208948,,,13.121895469445455,"rgba(38, 166, 154, 1.0)",1.381621485041383,13.567500101642432,1.7027094061779913,78.83559706365035,24.972191177586083,True,False,True,False,True,20.0,0.0,0.0,0.0,0.0,0,1.0383267630310995,0.9169951817783618,False,False,False,False,0.3428282364382679,0.34230194585653195,False,False,False,False,808233.0,388638.6073378127,False,False,False,False,20142.724663172878,False,False,False,False
2025-08-12 16:00:00+00:00,15.925,16.04,15.885,15.955,15593.0,,,,,,,14.339222123437777,13.928648652395308,13.581883362143596,13.381694690683087,13.200467076037583,13.122764190228272,13.037418098869312,12.915513902041821,12.797536390425378,12.604322114271765,12.47460777152224,12.234702799564221,,14.339222123437777,12.797536390425378,12.604322114271765,,,13.134898430968363,"rgba(38, 166, 154, 1.0)",1.4127630903833732,13.583569115240431,1.6785764725181542,80.58918880645923,26.61568195144949,True,False,True,False,True,20.0,0.0,0.0,0.0,0.0,0,1.04162976085031,0.929140832595217,False,False,False,False,0.34282823684344627,0.34256509134998914,False,False,False,False,823826.0,395385.6986969164,False,False,False,False,20072.18629630198,False,False,False,False
2025-08-12 17:00:00+00:00,15.955,16.0,15.895,15.93,11439.0,,,,,,,14.354226030376106,13.943976863923197,13.595342994169426,13.393829773156206,13.210191557923672,13.130911877442063,13.044589589177942,12.922175764170353,12.80406111062531,12.61057156228433,12.480728235221486,12.240528253883292,,14.354226030376106,12.80406111062531,12.61057156228433,,,13.14426113436278,"rgba(38, 166, 154, 1.0)",1.4401509242731176,13.595024757216214,1.6213406549471958,81.05792877208943,27.126023574591954,True,False,True,False,True,20.0,0.0,0.0,0.0,0.0,0,1.0405405405405408,0.9240141781125386,False,False,False,False,0.34019472927666344,0.34137991031332626,False,False,False,False,812387.0,401850.8351512277,False,False,False,False,19938.33844674691,False,False,False,False
2025-08-12 18:00:00+00:00,15.92,15.98,15.91,15.945,15034.0,,,,,,,14.373563721288766,13.963803898966427,13.612825696153958,13.409625373859441,13.222883236050789,13.141561441381745,13.053971999366533,12.93089642609073,12.812604386938704,12.618757736384955,12.488747140826524,12.248163590122957,,14.373563721288766,12.812604386938704,12.618757736384955,,,13.156450387285963,"rgba(38, 166, 154, 1.0)",1.4649566853972582,13.609846927589384,1.5940082704748253,81.46994988956823,27.680743849030634,True,False,True,False,True,20.0,0.0,0.0,0.0,0.0,0,1.0423034330011076,0.921594684385382,False,False,False,False,0.33975625374070234,0.3405680820270143,False,False,False,False,827421.0,408448.82220314664,False,False,False,False,19862.302191758587,False,False,False,False
2025-08-12 19:00:00+00:00,15.945,16.18,15.94,16.125,56710.0,,,,,,,14.448453758037292,14.040108804462854,13.680225878045993,13.470606945841228,13.272066991116853,13.182941046566267,13.090471324775889,12.96481501592755,12.845804539282641,12.650532503562983,12.519847124480943,12.277738220167361,,14.448453758037292,12.845804539282641,12.650532503562983,,,13.20363434602232,"rgba(38, 166, 154, 1.0)",1.4920547172537981,13.667331498026325,1.6471704915065968,82.82426472217183,29.14252290044969,True,False,True,False,True,20.0,0.0,0.0,0.0,0.0,0,1.0432776801405974,0.9130052724077329,False,False,False,False,0.342828237240725,0.3416981596338696,False,False,False,False,884131.0,415823.73968836915,False,False,False,False,20433.584328320467,False,False,False,False
2025-08-13 14:00:00+00:00,16.3,16.36,16.115,16.195,36396.0,,,,,,,14.497029696170337,14.089451072209732,13.724016714293374,13.510344169278776,13.304297991771683,13.210158147260964,13.114523861004038,12.987173636566036,12.867676535781847,12.671449248471728,12.540307399019518,12.297177717144546,,14.497029696170337,12.867676535781847,12.671449248471728,,,13.234467182414383,"rgba(38, 166, 154, 1.0)",1.5196208571711507,13.704786765844394,1.6387069329854163,84.08447964168025,30.492763100918054,True,False,True,False,True,20.0,0.0,0.0,0.0,0.0,0,1.0520583750816817,0.9041603136571553,False,False,False,False,0.34282823791967915,0.34226319877677436,False,False,False,False,920527.0,423648.59643738664,False,False,False,False,20681.063641059685,False,False,False,False
2025-08-13 15:00:00+00:00,16.195,16.395,16.18,16.365,24421.0,,,,,,,14.529782433350787,14.122671546108906,13.753591693517068,13.537233459952573,13.326187279444909,13.228686104044037,13.130917911517425,13.00241707092183,12.882583465712191,12.685699369078556,12.554241963332274,12.310410752829473,,14.529782433350787,12.882583465712191,12.685699369078556,,,13.255368587484169,"rgba(38, 166, 154, 1.0)",1.549217782862943,13.730122266993263,1.7007794269812093,85.67638290289992,32.1267608774606,True,False,True,False,True,20.0,0.0,0.0,0.0,0.0,0,1.057738224441068,0.9036249186021271,False,False,False,False,0.3428282381013498,0.3425457184390621,False,False,False,False,944948.0,431730.75773293106,False,False,False,False,20739.04715050062,False,False,False,False
2025-08-13 16:00:00+00:00,16.365,16.425,16.275,16.335,21275.0,,,,,,,14.557857732927582,14.151220690303425,13.77912347786408,13.560504222561143,13.345198194771484,13.24481168741723,13.14520442495921,13.015709292483518,12.895584199514593,12.698130731887288,12.566399363792607,12.321958826712914,,14.557857732927582,12.895584199514593,12.698130731887288,,,13.27347523709959,"rgba(38, 166, 154, 1.0)",1.5760662828472547,13.751951968978702,1.6389209382456136,85.77960563619214,32.38858670824783,True,False,True,False,True,20.0,0.0,0.0,0.0,0.0,0,1.064621409921671,0.9025239338555264,False,False,False,False,0.3428282383228878,0.34268697838097495,False,False,False,False,923673.0,439357.7692409476,False,False,False,False,20747.356497004486,False,False,False,False
2025-08-13 17:00:00+00:00,16.335,16.455,16.31,16.325,29739.0,,,,,,,14.596065777354616,14.190243569149638,13.814230139243234,13.59260389003393,13.371534571530232,13.267206619897516,13.165076327183948,13.034214818276348,12.913690075038359,12.715453526790165,12.583345156582377,12.338063873005726,,14.596065777354616,12.913690075038359,12.715453526790165,,,13.298477362007175,"rgba(38, 166, 154, 1.0)",1.5975959557528534,13.781875411193344,1.5918446586253594,85.5049399652109,32.38858670824783,True,False,True,False,True,20.0,0.0,0.0,0.0,0.0,0,1.0665357766143106,0.9007417102966842,False,False,False,False,0.34282823843572613,0.34275760840835057,False,False,False,False,893934.0,446405.46274108795,False,False,False,False,20886.76182263232,False,False,False,False
2025-08-13 18:00:00+00:00,16.325,16.41,16.31,16.395,25587.0,,,,,,,14.627817343505253,14.222857483565786,13.84377710283764,13.61972059037943,13.393890995160362,13.286270222554792,13.182022485196095,13.050013181123093,12.929154733073895,12.730261037139824,12.597836352364133,12.351846516130255,,14.627817343505253,12.929154733073895,12.730261037139824,,,13.319622336919215,"rgba(38, 166, 154, 1.0)",1.6179155118867117,13.806966850685395,1.5996095780654223,85.75427805809348,32.809454353844984,True,False,True,False,True,20.0,0.0,0.0,0.0,0.0,0,1.0602488539620172,0.9050425671250818,False,False,False,False,0.3392370586832446,0.3409973335457976,False,False,False,False,919521.0,453740.58734975324,False,False,False,False,20959.63373235895,False,False,False,False
2025-08-13 19:00:00+00:00,16.395,16.41,16.325,16.34,71543.0,,,,,,,14.710222428039557,14.308545427963884,13.92246528812052,13.692452826838377,13.454396774053663,13.338126738207551,13.228274226587713,13.093228918540015,12.971505296890486,12.770885155996716,12.637631492779303,12.389762410634049,,14.710222428039557,12.971505296890486,12.770885155996716,,,13.376458082054318,"rgba(38, 166, 154, 0.75)",1.6343116439497047,13.873323003368927,1.5093063833711409,83.88417499802762,32.809454353844984,True,False,True,False,False,20.0,0.0,0.0,0.0,0.0,0,1.0592235139284931,0.9100679973678439,False,False,False,False,0.3404331781988859,0.34071525587234175,False,False,False,False,847978.0,459852.7952978191,False,False,False,False,21743.87196906656,False,False,False,False
2025-08-14 14:00:00+00:00,16.48,16.57,16.205,16.205,15291.0,,,,,,,14.726508266005672,14.325706023197704,13.938438517626354,13.70732100893585,13.466872258020533,13.348870020223584,13.237887266025812,13.102231287661594,12.98033825951435,12.779374492005333,12.645956510326029,12.397709418305652,,14.726508266005672,12.98033825951435,12.779374492005333,,,13.38810111065404,"rgba(38, 166, 154, 0.5)",1.6463510922397313,13.886702329732042,1.408142941803558,78.26734747409154,31.52461734259225,False,False,True,False,False,20.0,0.0,0.0,0.0,0.0,0,1.051170858629662,0.9022116218560278,False,False,False,False,0.34282823845294574,0.34177174716264375,False,False,False,False,832687.0,465633.17056451953,False,False,False,False,21643.827442414364,False,False,False,False
2025-08-14 15:00:00+00:00,16.21,16.22,16.06,16.195,17478.0,,,,,,,14.74280957173318,14.343346664970385,13.955169618090144,13.723032424717987,13.480168390205352,13.3603668016751,13.24820755614737,13.111926026786115,12.989872742244001,12.788570383824936,12.654993223739451,12.406366342902173,,14.74280957173318,12.989872742244001,12.788570383824936,,,13.400402478919682,"rgba(38, 166, 154, 0.5)",1.6561991845000943,13.900482971528032,1.3854112777893581,74.22229104888689,28.006318766278042,False,True,True,False,False,20.0,0.0,0.0,0.0,0.0,0,1.0449632511889322,0.9169909208819714,False,False,False,False,0.303809828367313,0.3227907877649784,False,False,False,False,815209.0,471052.95086584485,False,False,False,False,21579.240970438947,False,False,False,False
2025-08-14 16:00:00+00:00,16.195,16.2,16.055,16.125,12467.0,,,,,,,14.753957169604357,14.355507629188235,13.966781244321337,13.733972673815082,13.48946129306039,13.368417926561667,13.255444907832326,13.11873226055498,12.996571152318502,12.795037903806403,12.661352712711853,12.412465073193504,,14.753957169604357,12.996571152318502,12.795037903806403,,,13.408975162247387,"rgba(38, 166, 154, 0.5)",1.6637632557462045,13.9100122666375,1.3313118472309748,69.4145176139283,23.865086589409543,False,True,True,False,False,20.0,0.0,0.0,0.0,0.0,0,1.0624452234881683,0.915644171779141,False,False,False,False,0.30186370239126187,0.31232724507812015,False,False,False,False,802742.0,476195.41674389376,False,False,False,False,21437.965916633693,False,False,False,False
2025-08-14 17:00:00+00:00,16.13,16.185,16.085,16.125,6249.0,,,,,,,14.759497634762347,14.36155807263261,13.972568261960067,13.739430396491873,13.494103571702032,13.372443175570984,13.259065199455828,13.122137941536225,12.999923279421992,12.798275135717912,12.664536192535556,12.415518608891297,,14.759497634762347,12.999923279421992,12.798275135717912,,,13.413254789223226,"rgba(38, 166, 154, 0.5)",1.6708470770704884,13.914763364819587,1.3228240127490551,66.20933532395588,21.228986174592777,False,True,True,False,False,20.0,0.0,0.0,0.0,0.0,0,1.0622114750494616,0.9111892723675533,False,False,False,False,0.30303111074841144,0.3076791779132658,False,False,False,False,802742.0,481258.1544687946,False,False,False,False,21202.478072964954,False,False,False,False
2025-08-14 18:00:00+00:00,16.125,16.16,16.06,16.145,8945.0,,,,,,,14.767294078540305,14.37009894260147,13.980760214006747,13.747167165166447,13.500695261113917,13.378163860115674,13.264213573808224,13.126983401429035,13.004693874244571,12.802884218712581,12.669069853303188,12.419869074813304,,14.767294078540305,13.004693874244571,12.802884218712581,,,13.41932445982129,"rgba(38, 166, 154, 0.5)",1.6748942873727626,13.92148137452848,1.3275575910879303,64.52106411371945,19.872968451454128,False,True,True,False,False,20.0,0.0,0.0,0.0,0.0,0,1.062183020948181,0.910915104740904,False,False,False,False,0.29914284648958306,0.3034110122014244,False,False,False,False,811687.0,486381.08230648766,False,False,False,False,21012.439653229063,False,False,False,False
2025-08-14 19:00:00+00:00,16.145,16.2,16.07,16.07,34841.0,,,,,,,14.796647450285272,14.40243573436665,14.011959502206459,13.776724889047443,13.525977181714449,13.40015393616028,13.284033338497938,13.145656177887197,13.023087975019394,12.820670719618102,12.68657344570879,12.436679396594156,,14.796647450285272,13.023087975019394,12.820670719618102,,,13.442549978925511,"rgba(38, 166, 154, 0.5)",1.677181685270098,13.947044146108581,1.2657876439603097,60.87369675180372,16.58890388396317,False,True,True,False,False,20.0,0.0,0.0,0.0,0.0,0,1.062596429358607,0.9069869958122105,False,False,False,False,0.30303111074841144,0.3032210614749179,False,False,False,False,776846.0,490884.4143637514,False,False,False,False,21226.835937675125,False,False,False,False
2025-08-15 14:00:00+00:00,16.52,16.81,16.5,16.695,36918.0,,,,,,,14.83892011603247,14.446115009556257,14.052510048596588,13.814499670266898,13.557870767149256,13.427760467063608,13.308796990186227,13.168841903421884,13.045800638896056,12.842451962396593,12.707900019208592,12.456989418367046,,14.83892011603247,13.045800638896056,12.842451962396593,,,13.47237141759512,"rgba(38, 166, 154, 0.5)",1.688239842488563,14.150997396608693,1.506896436966741,66.7520290221501,10.445083159810544,False,True,True,False,True,20.0,0.0,0.0,0.0,0.0,0,1.060949529512404,0.8875106928999147,False,False,False,False,0.34282823932303313,0.32302465039897554,False,False,False,False,813764.0,495890.29941237543,False,False,False,False,21470.109799106518,False,False,False,False
2025-08-15 15:00:00+00:00,16.695,16.79,16.635,16.665,19500.0,,,,,,,14.860820882453707,14.468799078834724,14.073659709352615,13.834250786820796,13.57460806847051,13.44228062906144,13.321840476601329,13.181063954215892,13.057776498655798,12.85394199832085,12.719152652886661,12.467710285078144,,14.860820882453707,13.057776498655798,12.85394199832085,,,13.487992085062706,"rgba(38, 166, 154, 0.5)",1.6972166191303617,14.168948395762422,1.4706735581675667,69.9333906213327,13.181873646253202,False,True,True,False,True,20.0,0.0,0.0,0.0,0.0,0,1.0688112484022156,0.8873029399233063,False,False,False,False,0.342828239497819,0.3329264449483973,False,False,False,False,794264.0,500516.2482586952,False,False,False,False,21439.565461135873,False,False,False,False
2025-08-15 16:00:00+00:00,16.665,16.74,16.66,16.7,13111.0,,,,,,,14.875284245165535,14.483817995559352,14.087708504265224,13.847394420435311,13.585773455106134,13.451981009535197,13.330562667426543,13.189241805416843,13.065791836103473,12.861635656459333,12.726689145899368,12.474893782455073,,14.875284245165535,13.065791836103473,12.861635656459333,,,13.498397876985615,"rgba(38, 166, 154, 0.5)",1.7051484783834447,14.180742747163098,1.477441574604264,72.33613947702895,15.329882783229436,False,True,True,False,True,20.0,0.0,0.0,0.0,0.0,0,1.076690429898466,0.8857204579822856,False,False,False,False,0.3409646872180672,0.33694556608323223,False,False,False,False,807375.0,505273.7482856921,False,False,False,False,21310.44041522679,False,False,False,False
2025-08-15 17:00:00+00:00,16.705,16.745,16.655,16.71,13214.0,,,,,,,14.889659085251257,14.498774158038316,14.101734281185118,13.860535219250231,13.5969580866514,13.46170929325425,13.339316577188509,13.197453321798756,13.073841902808939,12.869365381023423,12.734262375522471,12.482114774598099,,14.889659085251257,13.073841902808939,12.869365381023423,,,13.508810371380896,"rgba(38, 166, 154, 0.5)",1.711246284684613,14.19247303815681,1.4711657722062939,74.02434213526168,16.96648202341005,False,False,True,False,True,20.0,0.0,0.0,0.0,0.0,0,1.078634694318427,0.8820479585223588,False,False,False,False,0.3409646872180677,0.33895512665065,False,False,False,False,820589.0,510162.35683940235,False,False,False,False,21184.914207238777,False,False,False,False
2025-08-15 18:00:00+00:00,16.715,16.785,16.71,16.725,23580.0,,,,,,,14.915264079819803,14.525403845158989,14.126740242490849,13.883985216808478,13.616951873287942,13.479120004372449,13.354994342199094,13.212163847713843,13.08826307306287,12.883213028006947,12.74782934933834,12.49505073710464,,14.915264079819803,13.08826307306287,12.883213028006947,,,13.527414969947019,"rgba(38, 166, 154, 0.5)",1.714937532022314,14.213714916054126,1.4643595099259858,75.29120331229855,18.355945299663958,False,False,True,False,True,20.0,0.0,0.0,0.0,0.0,0,1.080596369922213,0.8802938634399309,False,False,False,False,0.34282823960224196,0.34089168312644597,False,False,False,False,844169.0,515340.7544077837,False,False,False,False,21222.04732030484,False,False,False,False
2025-08-15 19:00:00+00:00,16.725,16.785,16.63,16.78,20516.0,,,,,,,14.93687316168761,14.547978440009475,14.148046276381214,13.904020935129987,13.634095985294863,13.49408026995292,13.368484506111926,13.22483384640723,13.100689940616034,12.895155086937445,12.759534394103099,12.506220046131848,,14.93687316168761,13.100689940616034,12.895155086937445,,,13.543334407396971,"rgba(38, 166, 154, 1.0)",1.7175870435737164,14.231545244865163,1.4837412547269613,76.66694950197771,19.94999253437949,True,False,True,False,True,20.0,0.0,0.0,0.0,0.0,0,1.0797585686570381,0.8786376374218581,False,False,False,False,0.33691447319152096,0.33890307815898346,False,False,False,False,864685.0,520756.9442619266,False,False,False,False,21211.100850222592,False,False,False,False
2025-08-18 14:00:00+00:00,16.545,16.73,16.505,16.595,11548.0,,,,,,,14.94800248242822,14.559786428115698,14.159328800847767,13.914695138933489,13.64328748248353,13.502126513684463,13.375757529244689,13.231679425547965,13.10741439776146,12.901632324451803,12.765891817992948,12.51230085518449,,14.94800248242822,13.10741439776146,12.901632324451803,,,13.551825266389711,"rgba(38, 166, 154, 0.5)",1.716343570574464,14.240372754142362,1.371885726276551,71.92444831231148,19.94999253437949,False,True,True,False,False,20.0,0.0,0.0,0.0,0.0,0,1.0706766917293233,0.8846401718582171,False,False,False,False,0.32369040913818364,0.3312967436485835,False,False,False,False,853137.0,525910.1234206564,False,False,False,False,21061.285333164877,False,False,False,False
2025-08-18 15:00:00+00:00,16.595,16.6,16.455,16.5,8737.0,,,,,,,14.955865809723266,14.568235222234902,14.16747973795984,13.922442486604421,13.6499902475336,13.508007848967024,13.38108316645873,13.23670025866358,13.112352195403423,12.906397125447885,12.770573428102905,12.516786870219972,,14.955865809723266,13.112352195403423,12.906397125447885,,,13.557992866443293,"rgba(38, 166, 154, 0.5)",1.7072966804146854,14.246459800770959,1.3199464539939707,66.47477746238138,23.573397910571757,False,True,True,False,False,20.0,0.0,0.0,0.0,0.0,0,1.0627812299121489,0.8913649025069637,False,False,False,False,0.31057486975215093,0.32093580670036725,False,False,False,False,844400.0,530847.9509645222,False,False,False,False,20870.211141953016,False,False,False,False
2025-08-18 16:00:00+00:00,16.505,16.59,16.47,16.57,7277.0,,,,,,,14.962459105343,14.575306238932676,14.174297478039003,13.928921910356792,13.655597585202104,13.512929438334064,13.385540339677052,13.240902157833581,13.116484068086141,12.910383532071352,12.774489759746713,12.520538881545225,,14.962459105343,13.116484068086141,12.910383532071352,,,13.563154207930642,"rgba(38, 166, 154, 0.5)",1.6964745984137555,14.251666904887685,1.3665592737315446,64.07838690369844,21.334816347687237,False,True,True,False,False,20.0,0.0,0.0,0.0,0.0,0,1.0771224886584576,0.8909051631021818,False,False,False,False,0.3109377768035931,0.3159367917519802,False,False,False,False,851677.0,535822.0447480179,False,False,False,False,20659.46368238785,False,False,False,False
2025-08-18 17:00:00+00:00,16.57,16.655,16.5,16.645,7154.0,,,,,,,14.969118223790586,14.582407300007,14.18112135842603,13.935398052187198,13.661196757690218,13.517842491874937,13.389988356864281,13.245093340832844,13.120603421880737,12.914355044898745,12.778389747542555,12.524272527414787,,14.969118223790586,13.120603421880737,12.914355044898745,,,13.568315551950825,"rgba(38, 166, 154, 0.5)",1.6822684358003455,14.257060990247144,1.4194756074209909,63.722037381932545,20.824842357649374,False,True,True,False,False,20.0,0.0,0.0,0.0,0.0,0,1.083748106470461,0.8816273533867127,False,False,False,False,0.31784823205611507,0.31689251190404766,False,False,False,False,858831.0,540829.9355271184,False,False,False,False,20450.07664855238,False,False,False,False
2025-08-18 18:00:00+00:00,16.645,16.75,16.62,16.75,4165.0,,,,,,,14.973222159968824,14.586735941742958,14.185250924277069,13.939304318642675,13.664564714519562,13.520794376459985,13.392658153407321,13.247606026806126,13.123070576773573,12.91673009490037,12.780719900099863,12.526499885305522,,14.973222159968824,13.123070576773573,12.91673009490037,,,13.57142975607532,"rgba(38, 166, 154, 0.5)",1.6686676267755365,14.260493506900776,1.4919127411309838,65.0369909451623,20.824842357649374,False,True,True,False,False,20.0,0.0,0.0,0.0,0.0,0,1.0886486486486486,0.874162162162162,False,False,False,False,0.3335979572480082,0.32524523457602794,False,False,False,False,862996.0,545824.7582321243,False,False,False,False,20197.594840047692,False,False,False,False
2025-08-18 19:00:00+00:00,16.745,16.78,16.72,16.78,29637.0,,,,,,,15.002755669750265,14.617797543551688,14.214863726542934,13.967315048184007,13.688733174966647,13.541991417068704,13.411836040937509,13.265654884038176,13.14078845346182,12.933781404999039,12.797445309768104,12.542482256033592,,15.002755669750265,13.14078845346182,12.933781404999039,,,13.593787077441874,"rgba(38, 166, 154, 0.5)",1.6532160631180077,14.285527465508554,1.508860571912668,66.33285117858064,20.824842357649374,False,True,True,False,False,20.0,0.0,0.0,0.0,0.0,0,1.0937635339974014,0.8713728886964053,False,False,False,False,0.3428282394450533,0.3340367370105406,False,False,False,False,892633.0,551201.6301975177,False,False,False,False,20343.942206868658,False,False,False,False
2025-08-19 14:00:00+00:00,16.545,16.615,16.25,16.355,23838.0,,,,,,,15.021175425377363,14.638128664408669,14.234953848163174,13.986644657558532,13.705695399078976,13.556990606268798,13.425492449204441,13.278583746594043,13.153535628049468,12.946130519935888,12.809605926493589,12.55418043590928,,15.021175425377363,13.153535628049468,12.946130519935888,,,13.609259775586851,"rgba(38, 166, 154, 0.5)",1.627311113296875,14.300135420473461,1.2627361558193109,58.40454787963617,15.287031020512302,False,True,True,False,False,20.0,0.0,0.0,0.0,0.0,0,1.0708963167979562,0.8784330423674686,False,False,False,False,0.29599721907053234,0.31501697804053647,False,False,False,False,868795.0,556125.5584115096,False,False,False,False,20398.113645521855,False,False,False,False
2025-08-19 15:00:00+00:00,16.355,16.365,16.175,16.265,19445.0,,,,,,,15.03438170702089,14.653103265996597,14.250044310677003,14.00129828139424,13.718675081800535,13.568521527664922,13.436027641892775,13.288588536087053,13.163421190778438,12.955738935822694,12.819085844281057,12.56332972222482,,15.03438170702089,13.163421190778438,12.955738935822694,,,13.62101800380342,#000000,1.5977623711286515,14.31053235729724,1.2232530181081527,51.93401802313339,9.403104580623634,False,True,False,False,False,19.888533351468563,0.0,0.0,0.0,0.0,0,1.0677966101694916,0.8866525423728814,False,False,False,False,0.27073424469633434,0.29287561136843543,False,False,False,False,849350.0,560671.6737849746,False,False,False,False,20383.33668977733,False,False,False,False
2025-08-19 16:00:00+00:00,16.265,16.275,16.13,16.135,18451.0,,,,,,,15.045778143740508,14.666296941354105,14.263540023505005,14.014494814187925,13.730447765940145,13.579017651835755,13.44564281565564,13.297740581555905,13.17247835564228,12.964563181536883,12.827804099686986,12.571763737218122,,15.045778143740508,13.17247835564228,12.964563181536883,,,13.631630675988271,"rgba(239, 83, 80, 1.0)",1.564302806450953,14.319565553035343,1.16053902062828,46.06656457916408,4.199059205384671,False,True,False,True,False,17.63642097849272,0.0,0.0,0.0,0.0,0,1.0654917319408181,0.9018711923411663,False,False,False,False,0.2608281567239794,0.2768518840462074,False,False,False,False,830899.0,564861.2447340448,False,False,False,False,20353.37798140869,False,False,False,False
2025-08-19 17:00:00+00:00,16.135,16.165,15.995,16.135,18851.0,,,,,,16.098333333333336,15.05636816493954,14.678828568554867,14.276555449898234,14.027311074403318,13.741962783759675,13.589320560895326,13.455105763469964,13.306768144580149,13.181426123244,12.973301268373792,12.836448905096175,12.580145954272261,,15.05636816493954,13.181426123244,12.973301268373792,,,13.830913545755436,"rgba(239, 83, 80, 1.0)",1.5324600343098072,14.460211483979151,1.0928758196132309,42.15492894985121,0.7778685179416982,False,True,False,True,False,17.63642097849272,0.0,0.0,0.0,0.0,0,1.0525054466230936,0.9091503267973856,False,False,False,False,0.24297608534546394,0.2599139846958357,False,False,False,False,830899.0,568985.8610947572,False,False,False,False,20330.08529952638,False,False,False,False
2025-08-19 18:00:00+00:00,16.135,16.22,16.115,16.18,22251.0,,,,,,16.138033104634,15.06945790290324,14.69409081065319,14.292291649018475,14.042766030900376,13.755829915071848,13.601726095865965,13.466496442096942,13.317627290512622,13.192181318370155,12.98379344031883,12.846822365162845,12.590194037423602,,15.06945790290324,13.192181318370155,12.98379344031883,,,13.845485415610161,"rgba(239, 83, 80, 1.0)",1.5023711349154332,14.472594735055711,1.1364736883342719,40.63650533464219,-0.6197455556733189,False,True,False,True,False,18.122974042883428,0.0,0.0,0.0,0.0,0,1.0574912891986064,0.9024390243902438,False,False,False,False,0.25571142165825084,0.2578127031770433,False,False,False,False,853150.0,573391.5066591796,False,False,False,False,20359.866922789537,False,False,False,False
2025-08-19 19:00:00+00:00,16.185,16.205,16.055,16.09,59888.0,,,,,,16.12536261015942,15.101524793648316,14.732187081062863,14.332173050803098,14.082230416314765,13.79154642164129,13.63382865902447,13.496071147219723,13.345894150858099,13.220220664441438,13.011212510255387,12.873967771324647,12.616549925274807,,15.101524793648316,13.220220664441438,13.011212510255387,,,13.874059169386792,"rgba(239, 83, 80, 1.0)",1.4665462829382716,14.498391849926477,1.085276454340524,38.36217035776878,-2.939078892626597,False,True,False,True,False,16.538440628131863,0.0,0.0,0.0,0.0,0,1.0557846754938138,0.9014543086607336,False,False,False,False,0.25024370284466046,0.2540282030108519,False,False,False,False,793262.0,576800.3515171767,False,False,False,False,20972.70619530443,False,False,False,False
2025-08-20 14:00:00+00:00,16.345,16.59,16.34,16.565,11655.0,,,,,,16.163952638821073,15.109799498632224,14.741343984280928,14.341349520869196,14.091144976907671,13.799492498425565,13.640926993412531,13.502577319526926,13.352077660536558,13.226325938667074,13.017141903739677,12.87981395749331,12.622187725524997,,15.109799498632224,13.226325938667074,13.017141903739677,,,13.883702662833672,"rgba(239, 83, 80, 0.75)",1.4284397397475865,14.50752393559363,1.4403660211595197,45.10101735913669,-2.939078892626597,False,True,False,True,True,20.0,0.0,0.0,0.0,0.0,0,1.0577578857630008,0.8861892583120204,False,False,False,False,0.29965332082454976,0.2768407619177008,False,False,False,False,804917.0,580337.0437417167,False,False,False,False,20828.245634136914,False,False,False,False
2025-08-20 15:00:00+00:00,16.565,16.575,16.36,16.395,20952.0,,,,,,16.207767876524173,15.123851310369806,14.757060741647686,14.357236188146242,14.106643800398327,13.813371599122025,13.653355555056942,13.513989287228638,13.362939609689995,13.237060763114126,13.02758291620274,12.890117236830465,12.63213840539667,,15.123851310369806,13.237060763114126,13.02758291620274,,,13.89870117613291,"rgba(239, 83, 80, 0.75)",1.3844701721805788,14.52198133337422,1.3528775875869714,47.03703204216305,-2.939078892626597,False,True,False,True,True,18.577220383090125,0.0,0.0,0.0,0.0,0,1.0588110403397029,0.8889596602972402,False,False,False,False,0.30002716032883564,0.28843396112326825,False,False,False,False,783965.0,583494.0663193645,False,False,False,False,20830.164306475875,False,False,False,False
2025-08-20 16:00:00+00:00,16.395,16.45,16.365,16.415,12814.0,,,,,,16.22546738291522,15.13208678962055,14.766343486425905,14.366681119699189,14.115888660896879,13.821681635950123,13.66081237023956,13.520846244277626,13.369473635518734,13.243522934448018,13.033875205987538,12.896330453498349,12.638145622377525,,15.13208678962055,13.243522934448018,13.033875205987538,,,13.907011964758091,#000000,1.3381944606126868,14.530090459921007,1.408546811063613,48.60644128207201,-10.224843244675704,False,True,False,False,True,18.7779762597791,0.0,0.0,0.0,0.0,0,1.0587983750267267,0.899508231772504,False,False,False,False,0.29107719283528216,0.28975557697927523,False,False,False,False,796779.0,586800.8094772038,False,False,False,False,20705.88268932121,False,False,False,False
2025-08-20 17:00:00+00:00,16.415,16.465,16.36,16.45,5998.0,,,,,,16.233319915490558,15.135950362249167,14.770692167748601,14.371104557297825,14.120218689084773,13.82557560126102,13.664307894658606,13.524061322585343,13.372537516296374,13.24655300979288,13.036825525586366,12.899243600126583,12.6409620882715,,15.135950362249167,13.24655300979288,13.036825525586366,,,13.910873250034582,#000000,1.2984438433811762,14.533884183094898,1.4757017230067446,50.17461985087874,-8.339568871553183,False,True,False,False,True,19.13293804110173,0.0,0.0,0.0,0.0,0,1.051144874812754,0.9009201797560452,False,False,False,False,0.2918212753720343,0.29078842617565476,False,False,False,False,802777.0,590149.2775473247,False,False,False,False,20477.853500339486,False,False,False,False
2025-08-20 18:00:00+00:00,16.445,16.445,16.365,16.41,6275.0,,,,,,16.240174739314195,15.139910588273473,14.775167191366963,14.37567084788472,14.124695443615154,13.829608305010892,13.667931177018353,13.527396060458964,13.375717111284043,13.249698599597417,13.039889935634935,12.902270317316173,12.643889889680528,,15.139910588273473,13.249698599597417,13.039889935634935,,,13.914770785111985,#000000,1.254307669485361,14.537719664649975,1.4926802896120508,50.50842745949773,-7.4956331601367125,False,True,False,False,True,18.44492493428982,0.0,0.0,0.0,0.0,0,1.0474962389856008,0.9075865033311843,False,False,False,False,0.29070526914762457,0.29074684766163966,False,False,False,False,796502.0,593348.5445620948,False,False,False,False,20257.654221264456,False,False,False,False
2025-08-20 19:00:00+00:00,16.415,16.475,16.385,16.445,46368.0,,,,,,16.284230187139524,15.169063892968257,14.808052132791202,14.40924999563353,14.157644084158862,13.859344500270513,13.694684828008318,13.552040541840693,13.399224910213094,13.272956571938408,13.062551371614736,12.924654343529824,12.66554590061278,,15.169063892968257,13.272956571938408,13.062551371614736,,,13.943018712363058,#000000,1.2057831255852003,14.56585808656148,1.5584410443018266,51.34819818096883,-6.093195100236954,False,True,False,False,True,18.811601981400376,0.0,0.0,0.0,0.0,0,1.0451989619377162,0.9113321799307957,False,False,False,False,0.2944280468890486,0.29258744727534414,False,False,False,False,842870.0,597217.0942588066,False,False,False,False,20662.46578372547,False,False,False,False
2025-08-21 14:00:00+00:00,16.47,16.83,16.47,16.695,37848.0,,,,,,16.343560676547277,15.196054844264735,14.837604337662619,14.438879012236855,14.186496512516916,13.885241178685543,13.71794303323027,13.573429428080145,13.419580688739506,13.293053356749454,13.082072108477513,12.943899602405361,12.68410757188583,,15.196054844264735,13.293053356749454,13.082072108477513,,,13.969378642421693,"rgba(38, 166, 154, 0.5)",1.1572380017925712,14.592996397867509,1.816396971821242,55.56525772999311,-1.6400786782725305,False,True,True,False,True,20.0,0.0,0.0,0.0,0.0,0,1.04096436953275,0.8954555152549607,False,False,False,False,0.32754612314093196,0.310066785208138,False,False,False,False,880718.0,601612.457138515,False,False,False,False,20928.908174675464,False,False,False,False
2025-08-21 15:00:00+00:00,16.69,16.71,16.6,16.6,16109.0,,,,,,16.361790330323142,15.207033656577014,14.849708374593959,14.451097472410463,14.198438219918785,13.89600806941045,13.727638021966882,13.582361511646932,13.42809283600336,13.301463687875433,13.090251361626548,12.951968970524112,12.69189983027293,,15.207033656577014,13.301463687875433,13.090251361626548,,,13.979827103319233,"rgba(38, 166, 154, 0.5)",1.1023514914993686,14.603792874548395,1.8108626339648308,56.4398275691428,-0.413675968025494,False,True,True,False,True,19.690241315950516,0.0,0.0,0.0,0.0,0,1.0480358667805294,0.9013663535439794,False,False,False,False,0.32830667722171086,0.31918673121492447,False,False,False,False,864609.0,605689.9229193131,False,False,False,False,20854.180916153364,False,False,False,False
2025-08-21 16:00:00+00:00,16.605,16.695,16.565,16.665,13159.0,,,,,,16.37532201924302,15.215909472022656,14.859502957157634,14.461000641872415,14.208126862614632,13.904756846324727,13.735523456879482,13.589631203888445,13.435023604403174,13.308312776384778,13.096914269194734,12.95854340155416,12.69825038851745,,15.215909472022656,13.308312776384778,13.096914269194734,,,13.98821676154287,"rgba(38, 166, 154, 0.5)",1.049551886360191,14.612481804986231,1.9556138402378838,57.9332201864945,1.4296905665800779,False,True,True,False,True,20.0,0.0,0.0,0.0,0.0,0,1.0455901150404774,0.9011504047720494,False,False,False,False,0.32450755304582,0.32184714213037224,False,False,False,False,877768.0,609908.187680254,False,False,False,False,20734.875785670367,False,False,False,False
2025-08-21 17:00:00+00:00,16.665,16.715,16.66,16.685,10530.0,,,,,,16.38691905614236,15.223154984714807,14.867459888013157,14.469023228932933,14.21596701136574,13.911832122299447,13.741900042585069,13.595509072287815,13.440625726652144,13.313847023181584,13.10229548968463,12.963851565646209,12.703375319270751,,15.223154984714807,13.313847023181584,13.10229548968463,,,13.995058502367431,"rgba(38, 166, 154, 0.5)",0.9970374901460981,14.619605767952265,2.071531163532363,59.21683955878164,3.069072493477549,False,True,True,False,True,20.0,0.0,0.0,0.0,0.0,0,1.0579741379310348,0.9019396551724141,False,False,False,False,0.3332592735371631,0.3275532078337677,False,False,False,False,888298.0,614224.3088014903,False,False,False,False,20576.66065721036,False,False,False,False
2025-08-21 18:00:00+00:00,16.69,16.8,16.675,16.785,6448.0,,,,,,16.395090150535253,15.227757112869783,14.872475463365882,14.474054162953614,14.220872336829828,13.916250562694813,13.74587922256854,13.59917474648859,13.444116901058692,13.317293760576222,13.105643839413107,12.967152615426258,12.70655946632005,,15.227757112869783,13.317293760576222,13.105643839413107,,,13.999409257007745,"rgba(38, 166, 154, 0.5)",0.946587160409609,14.624166492223235,2.2827623257025005,61.48165375151622,5.58100398450145,False,False,True,False,True,20.0,0.0,0.0,0.0,0.0,0,1.059457130547178,0.888410168031021,False,False,False,False,0.3409096554239199,0.3342314316288438,False,False,False,False,894746.0,618573.482308444,False,False,False,False,20357.611654772987,False,False,False,False
2025-08-21 19:00:00+00:00,16.785,16.945,16.785,16.915,33256.0,,,,,,16.44528087087963,15.253020316847905,14.89966224604913,14.501094979864273,14.24714064674186,13.939843537079708,13.76710493431894,13.618710140552166,13.462700431982498,13.335621288184596,13.123420276088877,12.984661088067183,12.723421025020059,,15.253020316847905,13.335621288184596,13.123420276088877,,,14.023206290898218,"rgba(38, 166, 154, 0.5)",0.8899302786741085,14.649419410642263,2.5457956018006094,64.56913082380483,8.753914411146951,False,False,True,False,True,20.0,0.0,0.0,0.0,0.0,0,1.0646755479157717,0.8811774817361413,False,False,False,False,0.3428282394147335,0.3385298355217886,False,False,False,False,928002.0,623370.823668003,False,False,False,False,20557.58666787728,False,False,False,False
2025-08-22 14:00:00+00:00,16.8,17.09,16.8,17.045,43973.0,,,,,,16.509258805868306,15.287177063392447,14.936199576767633,14.537345555451283,14.282333683313842,13.971475492121376,13.79559104803876,13.64494150977791,13.487652438422394,13.360220373266586,13.147267934868307,13.008141084521537,12.746021824260778,,15.287177063392447,13.360220373266586,13.147267934868307,,,14.054894337697778,"rgba(38, 166, 154, 1.0)",0.8332326065251245,14.683379646191131,2.8342870109916425,67.94821475566846,12.082375953118948,True,False,True,False,True,20.0,0.0,0.0,0.0,0.0,0,1.0633262260127934,0.8778251599147124,False,False,False,False,0.3428282396539071,0.34067903758784784,False,False,False,False,971975.0,628775.5395801269,False,False,False,False,20920.616331941197,False,False,False,False
2025-08-22 15:00:00+00:00,17.045,17.14,16.915,17.005,38673.0,,,,,,16.558023135529616,15.316831386202715,14.967922022837604,14.568890630775373,14.313010670934887,13.999133541452888,13.820551868074581,13.667959184855121,13.509564574162262,13.381827606223402,13.168224202145955,13.028778400582238,12.765894812479086,,15.316831386202715,13.381827606223402,13.168224202145955,,,14.082047079711977,"rgba(38, 166, 154, 1.0)",0.7689643673137759,14.712593008421928,2.9811615323427,69.08576641504044,13.30840766912506,True,False,True,False,True,20.0,0.0,0.0,0.0,0.0,0,1.0654522346960391,0.8771446727388269,False,False,False,False,0.34282823989269584,0.34175363874027187,False,False,False,False,933302.0,633496.8800517529,False,False,False,False,21195.847086484744,False,False,False,False
2025-08-22 16:00:00+00:00,17.005,17.125,16.99,17.115,24454.0,,,,,,16.587552471622175,15.335671067041696,14.988027574450149,14.588878693436424,14.332454950535595,14.016688195366466,13.836412840414008,13.682595882168979,13.52350187503188,13.395570034596272,13.181552011388053,13.0419024473448,12.778532072767524,,15.335671067041696,13.395570034596272,13.181552011388053,,,14.099180008935692,"rgba(38, 166, 154, 1.0)",0.700039252438771,14.731094266457058,3.405388662475679,71.00579319263089,15.32415335503893,True,False,True,False,True,20.0,0.0,0.0,0.0,0.0,0,1.0789865871833086,0.8741750053225464,False,False,False,False,0.34282823997762396,0.34229093935894794,False,False,False,False,957756.0,638524.1532292451,False,False,False,False,21246.361085143893,False,False,False,False
2025-08-22 17:00:00+00:00,17.115,17.17,17.1,17.155,24269.0,,,,,,16.61718811911735,15.354656933114555,15.008214808649358,14.608913117433364,14.351934208236822,14.034279050017815,13.852314499782429,13.697273919831062,13.537477546446567,13.409346848136945,13.194908660514955,13.055051817034515,12.791189247765532,,15.354656933114555,13.409346848136945,13.194908660514955,,,14.116365290467794,"rgba(38, 166, 154, 1.0)",0.7042745420861877,14.749724640370298,3.4152524561016304,72.68341421275926,17.122537967985124,True,False,True,False,True,20.0,0.0,0.0,0.0,0.0,0,1.0834224598930484,0.8699465240641712,False,False,False,False,0.3428282401924924,0.3425595897757202,False,False,False,False,982025.0,643849.7477528227,False,False,False,False,21293.22370397887,False,False,False,False
2025-08-22 18:00:00+00:00,17.15,17.165,17.015,17.05,31199.0,,,,,,16.646747207731064,15.377618848879273,15.032843201309984,14.633561760945401,14.376008105632343,14.056137118955373,13.872133928619505,13.715608600751873,13.554964964716062,13.42660359648091,13.211666885761039,13.071565666436811,12.807111686162832,,15.377618848879273,13.42660359648091,13.211666885761039,,,14.137120890183267,"rgba(38, 166, 154, 1.0)",0.706699281076437,14.772079161421084,3.223324120422496,70.68841045977419,17.122537967985124,True,False,True,False,True,20.0,0.0,0.0,0.0,0.0,0,1.0785317968416561,0.8679043960734103,False,False,False,False,0.33644133729462716,0.3395004635351737,False,False,False,False,950826.0,648609.069493089,False,False,False,False,21446.801631048962,False,False,False,False
2025-08-22 19:00:00+00:00,17.05,17.11,17.005,17.105,31631.0,,,,,,16.672866680474876,15.400237442512234,15.057181273980225,14.658020656772276,14.399955328636462,14.07795542938042,13.891959949366438,13.733976932284767,13.572502369138478,13.443918458825737,13.22849555732301,13.088156480308882,12.823121753719903,,15.400237442512234,13.443918458825737,13.22849555732301,,,14.157565254824902,"rgba(38, 166, 154, 0.75)",0.7063020179361091,14.794038807516724,3.271916451882942,70.10768617075746,17.122537967985124,True,False,True,False,False,20.0,0.0,0.0,0.0,0.0,0,1.0777257240204428,0.869037478705281,False,False,False,False,0.3318449999540424,0.33567273174460804,False,False,False,False,982457.0,653785.006400173,False,False,False,False,21604.696179404793,False,False,False,False
2025-08-25 14:00:00+00:00,17.3,17.385,17.22,17.255,10513.0,,,,,,16.68510858498668,15.408563626933885,15.065984701490393,14.666750146860576,14.408448293505648,14.085648848566676,13.898933368739181,13.740424660634536,13.578645361462677,13.449973070921116,13.234364915259993,13.093933804718846,12.828682102730214,,15.408563626933885,13.449973070921116,13.234364915259993,,,14.16503549898542,"rgba(38, 166, 154, 0.75)",0.7062158259292072,14.802182939338289,3.473183367753623,71.49648389143755,17.122537967985124,True,False,True,False,False,20.0,0.0,0.0,0.0,0.0,0,1.0812922297297298,0.8640202702702704,False,False,False,False,0.3428282406357177,0.33925048619016285,False,False,False,False,992970.0,659043.6884714881,False,False,False,False,21432.731897553556,False,False,False,False
2025-08-25 15:00:00+00:00,17.255,17.43,17.245,17.4,12453.0,,,,,,16.700646354700467,15.41870440984433,15.076656769067107,14.677296610443255,14.418692952285657,14.094917328707895,13.907330600718494,13.748185732998316,13.586035832531369,13.457253827656611,13.24141800645441,13.100873324922985,12.83535622036203,,15.41870440984433,13.457253827656611,13.24141800645441,,,14.174105228514842,"rgba(38, 166, 154, 1.0)",0.7104690114398345,14.812111008940366,3.642507905890256,73.77074922474404,18.859403642633126,True,False,True,False,True,20.0,0.0,0.0,0.0,0.0,0,1.081228956228956,0.8644781144781143,False,False,False,False,0.34282824072486523,0.34103936345751407,False,False,False,False,1005423.0,664413.910355651,False,False,False,False,21293.51124797908,False,False,False,False
2025-08-25 16:00:00+00:00,17.395,17.435,17.31,17.425,14201.0,,,,,,16.718324355446086,15.430327366927395,15.088873453071402,14.689363908984644,14.430414050436802,14.105524883931558,13.91694433375346,13.757072949286194,13.594498947256383,13.465590661989182,13.249493379449321,13.108818073913293,12.842996325540788,,15.430327366927395,13.465590661989182,13.249493379449321,,,14.184480206922037,"rgba(38, 166, 154, 1.0)",0.7179540626224742,14.823480785245247,3.623517645756015,75.50081996292444,20.68368357100782,True,False,True,False,True,20.0,0.0,0.0,0.0,0.0,0,1.0923694779116466,0.8609173536250265,False,False,False,False,0.3428282408128667,0.3419338021351904,False,False,False,False,1019624.0,669921.0435284317,False,False,False,False,21183.54983328173,False,False,False,False
2025-08-25 17:00:00+00:00,17.425,17.495,17.405,17.455,18727.0,,,,,,16.742312864450057,15.445922522083816,15.10521428992608,14.705473632667536,14.446049261551577,14.119669880392166,13.929764874185713,13.768924319790521,13.605782329810477,13.476702547298325,13.26025240114845,13.11940026854339,12.853168416376688,,15.445922522083816,13.476702547298325,13.26025240114845,,,14.198356739094216,"rgba(38, 166, 154, 1.0)",0.7194866287910349,14.838729480536577,3.63630179459983,76.92364498933989,22.217205432182737,True,False,True,False,True,20.0,0.0,0.0,0.0,0.0,0,1.0987627986348125,0.8587883959044371,False,False,False,False,0.3428282410037578,0.34238102156947414,False,False,False,False,1038351.0,675633.1358768281,False,False,False,False,21145.46378935488,False,False,False,False
2025-08-25 18:00:00+00:00,17.455,17.6,17.42,17.575,17401.0,,,,,,16.76559755448418,15.46076871756463,15.120707607092276,14.720706354966095,14.460815892447167,14.133019551750339,13.941863267240343,13.780106328352828,13.616424627452218,13.487178938168231,13.270390220119788,13.12936777620504,12.862743824181903,,15.46076871756463,13.487178938168231,13.270390220119788,,,14.211514666155772,"rgba(38, 166, 154, 1.0)",0.7229441183094841,14.85323976929619,3.7648279607949657,78.86624596248006,24.224649864541234,True,False,True,False,True,20.0,0.0,0.0,0.0,0.0,0,1.099703012303776,0.8434450572761985,False,False,False,False,0.3428282411479044,0.34260463135868924,False,False,False,False,1055752.0,681526.451599668,False,False,False,False,21087.410087194337,False,False,False,False
2025-08-25 19:00:00+00:00,17.575,17.63,17.48,17.53,39108.0,,,,,,16.814160124577906,15.493611962748671,15.155028572947932,14.754528720087674,14.493652595777101,14.162775225097716,13.968871902880016,13.80509600807346,13.64022428582193,13.510614364726562,13.293079440876578,13.151681582430674,12.884190443218456,,15.493611962748671,13.510614364726562,13.293079440876578,,,14.24057809455882,"rgba(38, 166, 154, 1.0)",0.7219668580649828,14.885247729662868,3.663259941634445,78.54637525192518,24.224649864541234,True,False,True,False,True,20.0,0.0,0.0,0.0,0.0,0,1.1003811944091486,0.8466751376535367,False,False,False,False,0.3428282412539972,0.3427164363063432,False,False,False,False,1016644.0,686722.0725050996,False,False,False,False,21366.799078090546,False,False,False,False
2025-08-26 14:00:00+00:00,17.95,18.12,17.88,18.07,33426.0,,,,,,16.8751746071283,15.52720419449683,15.189297473973769,14.787628538417101,14.525465754702685,14.191324590036508,13.994670777180923,13.828881371319387,13.66279319232792,13.532771880958453,13.314434068845985,13.172624677500988,12.904224195341444,,15.52720419449683,13.532771880958453,13.314434068845985,,,14.26973040940233,"rgba(38, 166, 154, 1.0)",0.7291135368031707,14.918050588402323,4.322988468184987,81.58423307961755,27.136797581645908,True,False,True,False,True,20.0,0.0,0.0,0.0,0.0,0,1.0969546302050965,0.8373731095918792,False,False,False,False,0.34282824221847985,0.3427723392624115,False,False,False,False,1050070.0,692355.373706571,False,False,False,False,21553.763433468986,False,False,False,False
2025-08-26 15:00:00+00:00,18.065,18.27,18.065,18.225,25486.0,,,,,,16.923762932780555,15.553860643856435,15.21635537597465,14.813670266242557,14.55045412314003,14.213726018128183,14.01491046331729,13.847536520414797,13.680484269560276,13.550129645361624,13.33114730379013,13.189005988847594,12.919878533863791,,15.553860643856435,13.550129645361624,13.33114730379013,,,14.292686314252146,"rgba(38, 166, 154, 1.0)",0.7397346919095343,14.944001228878724,4.4353723125405695,84.1226869550369,29.598653257893645,True,False,True,False,True,20.0,0.0,0.0,0.0,0.0,0,1.103711340206186,0.8334020618556705,False,False,False,False,0.34282824254588107,0.3428002909041463,False,False,False,False,1075556.0,698296.4686878644,False,False,False,False,21614.728341477217,False,False,False,False
2025-08-26 16:00:00+00:00,18.225,18.39,18.16,18.36,17949.0,,,,,,16.958843166422287,15.573133295946821,15.235857129415422,14.832398584780606,14.568407037270093,14.229811363058483,14.029443115067313,13.860929878253005,13.693181168635848,13.56258232895265,13.343130440809237,13.200746572164302,12.931090818990699,,15.573133295946821,13.56258232895265,13.343130440809237,,,14.309196530751288,"rgba(38, 166, 154, 1.0)",0.7532395082288474,14.962719551877578,4.510226044980991,86.2071706147132,31.60662705201821,True,False,True,False,True,20.0,0.0,0.0,0.0,0.0,0,1.1159991699522724,0.8256899771736878,False,False,False,False,0.34282824274690077,0.3428142668255235,False,False,False,False,1093505.0,704423.7327392153,False,False,False,False,21557.895343934935,False,False,False,False
2025-08-26 17:00:00+00:00,18.36,18.385,18.245,18.34,19766.0,,,,,,16.996011524222826,15.594199940526114,15.257188137644018,14.852909091602664,14.588084470293397,14.247465536611234,14.045407751108298,13.87565219886524,13.707143250198662,13.576277875451895,13.35631293635066,13.213663894341988,12.943429992428607,,15.594199940526114,13.576277875451895,13.35631293635066,,,14.327211276895817,"rgba(38, 166, 154, 1.0)",0.7658162753347875,14.983130358930723,4.383387699095026,87.05962781769183,32.50889396325367,True,False,True,False,True,20.0,0.0,0.0,0.0,0.0,0,1.1166114333057169,0.8272576636288318,False,False,False,False,0.34282824281997154,0.3428212548227475,False,False,False,False,1073739.0,710149.5508362817,False,False,False,False,21530.11402077315,False,False,False,False
2025-08-26 18:00:00+00:00,18.34,18.39,18.295,18.385,16495.0,,,,,,17.02625437594155,15.611746594688515,15.274955917565903,14.870004444328755,14.604493519822233,14.262201582555239,14.058742975091928,13.887955545150321,13.718814177588547,13.58772665748566,13.367334077912044,13.224463813671456,12.953747591411949,,15.611746594688515,13.58772665748566,13.367334077912044,,,14.342187790247237,"rgba(38, 166, 154, 1.0)",0.7769611455032365,15.000096066026439,4.3565935742915,87.7896785853672,33.37984722162339,True,False,True,False,True,20.0,0.0,0.0,0.0,0.0,0,1.120860927152318,0.8240894039735099,False,False,False,False,0.3428282428696791,0.3428247488462133,False,False,False,False,1090234.0,716042.3329938587,False,False,False,False,21452.05023750535,False,False,False,False
2025-08-26 19:00:00+00:00,18.39,18.445,18.245,18.315,45078.0,,,,,,17.10119763746119,15.658211350817973,15.322155009293327,14.915598314374696,14.648361566755362,14.301728535894494,14.09458699307237,13.921075074992217,13.750264387142726,13.618595435533306,13.397076921861093,13.253624474654663,12.98163197500626,,15.658211350817973,13.618595435533306,13.397076921861093,,,14.381854436681513,"rgba(38, 166, 154, 1.0)",0.782060416780939,15.044879304507228,4.181416966419308,86.18590151365538,33.37984722162339,True,False,True,False,True,20.0,0.0,0.0,0.0,0.0,0,1.1172357054709998,0.8227067050596465,False,False,False,False,0.34282824287417685,0.3428264958601951,False,False,False,False,1045156.0,721144.8704668222,False,False,False,False,21818.34403227271,False,False,False,False
2025-08-27 14:00:00+00:00,18.25,18.29,18.12,18.235,22644.0,,,,,,17.132340445367525,15.679938989447285,15.344396692281473,14.937263693530545,14.669306078976279,14.320713806760375,14.111863556220012,13.937079273575561,13.765492312142248,13.633560055922205,13.411523808344608,13.267804547823047,12.99521881590496,,15.679938989447285,13.633560055922205,13.411523808344608,,,14.400500159715087,"rgba(38, 166, 154, 0.75)",0.7815384919596061,15.065759518795426,4.055130379129651,82.82488005902876,37.224511287408745,True,False,True,False,False,20.0,0.0,0.0,0.0,0.0,0,1.1115431846090873,0.8288988948014739,False,False,False,False,0.3267548517139128,0.33479067378705396,False,False,False,False,1022512.0,725817.2290642358,False,False,False,False,21831.144899989413,False,False,False,False
2025-08-27 15:00:00+00:00,18.235,18.325,18.235,18.29,16089.0,,,,,,17.15476143458884,15.695563958801964,15.360364400503707,14.952802600010854,14.684322630446838,14.334326392374827,14.12425408109594,13.94855874546141,13.7764142737787,13.644291339380848,13.42188134085918,13.27796909331413,13.004955556247285,,15.695563958801964,13.644291339380848,13.42188134085918,,,14.41388198822035,"rgba(38, 166, 154, 0.75)",0.7888689302978478,15.080762455104619,4.068150514792984,81.06394756321968,35.52512231592323,True,False,True,False,False,20.0,0.0,0.0,0.0,0.0,0,1.114770867430442,0.8291734860883798,False,False,False,False,0.3353448376783502,0.3350677557327021,False,False,False,False,1038601.0,730666.5898539376,False,False,False,False,21742.11939766399,False,False,False,False
2025-08-27 16:00:00+00:00,18.29,18.295,18.18,18.255,9579.0,,,,,,17.16724166263722,15.70463550570218,15.369660074255096,14.961875443819599,14.693105292200968,14.342305025070237,14.131525589731298,13.955301787894136,13.782834410292628,13.650602104867072,13.427976507747376,13.283953068275629,13.010691763649685,,15.70463550570218,13.650602104867072,13.427976507747376,,,14.4216698643187,"rgba(38, 166, 154, 0.75)",0.7930203694145493,15.089467388421621,3.991741869020774,78.82160294029218,33.36795302074741,True,False,True,False,False,20.0,0.0,0.0,0.0,0.0,0,1.1120459675764414,0.8352144469525957,False,False,False,False,0.33047139518143154,0.3327695754570668,False,False,False,False,1029022.0,735292.2551275201,False,False,False,False,21553.543903126567,False,False,False,False
2025-08-27 17:00:00+00:00,18.255,18.32,18.225,18.26,6096.0,,,,,,17.175217136875425,15.710431525913403,15.375595812271412,14.967667114725336,14.698711173494164,14.347398058057534,14.13616782204062,13.959606947128227,13.786933379634286,13.654631028358152,13.431867502663716,13.287772877354934,13.014353113669271,,15.710431525913403,13.654631028358152,13.431867502663716,,,14.426642576322037,"rgba(38, 166, 154, 0.75)",0.7893993782480836,15.095027659059184,4.009342328042936,77.38315862033016,31.946011339324457,True,False,True,False,False,20.0,0.0,0.0,0.0,0.0,0,1.1137158132839813,0.8324079786140242,False,False,False,False,0.33448370761619556,0.3336266415366312,False,False,False,False,1035118.0,739940.7162883336,False,False,False,False,21313.89205966724,False,False,False,False
2025-08-27 18:00:00+00:00,18.265,18.385,18.265,18.37,6860.0,,,,,,17.184634548930312,15.717104557670506,15.382411228850769,14.9743014170394,14.705124875855914,14.35321808104114,14.141469800645538,13.964521808420129,13.791610738544815,13.659226786083568,13.436303446408658,13.292126172748658,13.018523358865385,,15.717104557670506,13.659226786083568,13.436303446408658,,,14.432352063161906,"rgba(38, 166, 154, 0.75)",0.7932665843674225,15.10142786605149,4.120395587512339,77.61729507600657,31.946011339324457,True,False,True,False,False,20.0,0.0,0.0,0.0,0.0,0,1.1155190133607402,0.8279547790339159,False,False,False,False,0.3405217522940374,0.3370741969153343,False,False,False,False,1041978.0,744623.4648730105,False,False,False,False,21089.800709904957,False,False,False,False
2025-08-27 19:00:00+00:00,18.375,18.48,18.335,18.44,24136.0,,,,,,17.218758180458273,15.741009123160035,15.406771824739833,14.99797573713033,14.727994608389022,14.373960578405788,14.160364338631966,13.98203479157567,13.808273402812711,13.6755943383039,13.45209549413414,13.307619973848507,13.033359263096289,,15.741009123160035,13.6755943383039,13.45209549413414,,,14.45275474266819,"rgba(38, 166, 154, 0.75)",0.7986146676510962,15.124340048635887,4.151764406126186,78.44055546324887,31.946011339324457,True,False,True,False,False,20.0,0.0,0.0,0.0,0.0,0,1.1173814898419867,0.8247486148163351,False,False,False,False,0.3428282429854926,0.33995121995041344,False,False,False,False,1066114.0,749607.8142548243,False,False,False,False,21137.02860587542,False,False,False,False
2025-08-28 14:00:00+00:00,18.215,18.33,18.17,18.225,29403.0,,,,,,17.25210209557681,15.767680358103261,15.43421509755537,15.024913063650075,14.754161549364897,14.397853912227918,14.182211998542302,14.002342050901063,13.827639065985833,13.694645070452504,13.47051938232658,13.325720669813453,13.05073356337983,,15.767680358103261,13.694645070452504,13.47051938232658,,,14.475749067529222,"rgba(38, 166, 154, 0.75)",0.7969400940557559,15.149891043213426,3.8586450596767605,72.58554088906806,27.105885597571714,True,False,True,False,False,20.0,0.0,0.0,0.0,0.0,0,1.1061748522518853,0.8269818626452009,False,False,False,False,0.3249305511193527,0.33244088553488305,False,False,False,False,1036711.0,754059.02643692,False,False,False,False,21265.183201133164,False,False,False,False
2025-08-28 15:00:00+00:00,18.225,18.365,18.22,18.345,21760.0,,,,,,17.277021538166206,15.787590381269235,15.45467117344618,15.044979405027044,14.773651647062389,14.415658199788053,14.198500220481137,14.017486662748075,13.842082435276602,13.708852068733314,13.484257147276425,13.33921601991599,13.063685427776615,,15.787590381269235,13.708852068733314,13.484257147276425,,,14.492896332843637,"rgba(38, 166, 154, 0.75)",0.7988883041593525,15.168957006806224,3.975578283795048,70.38941749815821,25.137579700637218,True,False,True,False,False,20.0,0.0,0.0,0.0,0.0,0,1.1054449410808618,0.8273059731816338,False,False,False,False,0.3297398787656029,0.331090382150243,False,False,False,False,1058471.0,758778.5919185182,False,False,False,False,21272.85477941017,False,False,False,False
2025-08-28 16:00:00+00:00,18.345,18.405,18.22,18.335,18299.0,,,,,,17.297280609013484,15.804159263974897,15.471709177743682,15.061716445706285,14.78992303631035,14.430543818322892,14.212131646072338,14.030169765419457,13.854183706954013,13.720757687736706,13.495773460971257,13.350531167420456,13.074548644550125,,15.804159263974897,13.720757687736706,13.495773460971257,,,14.507186802322765,"rgba(38, 166, 154, 0.5)",0.8016616920300933,15.184821306420321,3.929561216281027,68.65862487748254,23.535743050074174,False,False,True,False,False,20.0,0.0,0.0,0.0,0.0,0,1.1086294416243656,0.8265989847715736,False,False,False,False,0.3320081843468591,0.33154928324855104,False,False,False,False,1040172.0,763141.2804159054,False,False,False,False,21226.7485037604,False,False,False,False
2025-08-28 17:00:00+00:00,18.335,18.55,18.33,18.515,11498.0,,,,,,17.311360818875354,15.815053363652542,15.482851314754074,15.072609893875217,14.800487668355766,14.440185656853458,14.220951497755387,14.038368966821524,13.861999820428238,13.728441924523894,13.503198258958207,13.357821351761837,13.081539552300164,,15.815053363652542,13.728441924523894,13.503198258958207,,,14.516528468378128,"rgba(38, 166, 154, 0.5)",0.812118656177652,15.195244898813982,4.087771012195314,69.79146847454214,23.535743050074174,False,False,True,False,False,20.0,0.0,0.0,0.0,0.0,0,1.1110210696920586,0.8227309562398704,False,False,False,False,0.34282824304253245,0.33718876314554175,False,False,False,False,1051670.0,767614.5938978294,False,False,False,False,21075.915193624576,False,False,False,False
2025-08-28 18:00:00+00:00,18.515,18.575,18.42,18.435,13836.0,,,,,,17.32802724955999,15.8281021843539,15.496201640405905,15.085671082743504,14.813160483937944,14.45176059954777,14.231545442125656,14.048221186933906,13.871393952011573,13.737678431362061,13.512124391026825,13.366586392628038,13.089946166772128,,15.8281021843539,13.737678431362061,13.512124391026825,,,14.527724554108401,"rgba(38, 166, 154, 0.5)",0.8209868978775299,15.207728109639689,3.930966375594627,68.39183912190578,23.215005828736395,False,False,True,False,False,20.0,0.0,0.0,0.0,0.0,0,1.1136226034308783,0.8187689202825431,False,False,False,False,0.34282824314206656,0.34000850314380415,False,False,False,False,1037834.0,771804.0420544521,False,False,False,False,20963.668446436597,False,False,False,False
2025-08-28 19:00:00+00:00,18.435,18.525,18.24,18.3,38531.0,,,,,,17.367364072562676,15.8621370805176,15.531267949676655,15.120235426849757,14.846839212091941,14.482683944138182,14.25993415816465,14.074681409887416,13.896668787803543,13.762556692392787,13.536209119337126,13.390260745197299,13.112694078683262,,15.8621370805176,13.762556692392787,13.536209119337126,,,14.557194821330993,"rgba(38, 166, 154, 0.5)",0.8260150894069738,15.24031443548437,3.70415214413612,64.27683506058355,19.283578436834517,False,True,True,False,False,20.0,0.0,0.0,0.0,0.0,0,1.1041249499399282,0.8247897476972367,False,False,False,False,0.32991842776554847,0.3349634654546763,False,False,False,False,999303.0,775331.1576815149,False,False,False,False,21236.030175949207,False,False,False,False
2025-08-29 14:00:00+00:00,18.58,18.825,18.56,18.815,20871.0,,,,,,17.395128951655263,15.882932879276723,15.552402535105557,15.140808654988245,14.86675450278034,14.500847037244503,14.27655444839836,14.09013364368947,13.91139244698325,13.777021793492684,13.550171715139424,13.40396087577754,13.125817353370719,,15.882932879276723,13.777021793492684,13.550171715139424,,,14.574917449069387,"rgba(38, 166, 154, 0.5)",0.8419466236746838,15.260177979299916,4.2221465360654715,67.16613767670805,19.283578436834517,False,False,True,False,True,20.0,0.0,0.0,0.0,0.0,0,1.1122793096607817,0.8081729815512795,False,False,False,False,0.34282824346701835,0.33889585446084736,False,False,False,False,1020174.0,779127.1707407162,False,False,False,False,21230.37079337635,False,False,False,False
2025-08-29 15:00:00+00:00,18.81,19.105,18.785,19.01,26042.0,,,,,,17.434000645550608,15.91055222694659,15.580291327339513,15.16779897022883,14.892802018389327,14.524531165464529,14.298196906062842,14.110232879994767,13.93052174724012,13.79579730884995,13.568268401808968,13.421701281508826,13.14278416304359,,15.91055222694659,13.79579730884995,13.568268401808968,,,14.598267618648343,"rgba(38, 166, 154, 0.5)",0.8616944495146793,15.286512884613463,4.321122316017781,70.36141560270838,14.905574816921131,False,False,True,False,True,20.0,0.0,0.0,0.0,0.0,0,1.1221959858323498,0.7898465171192446,False,False,False,False,0.34282824386095706,0.34086204916090224,False,False,False,False,1046216.0,783268.0828222554,False,False,False,False,21304.969695804622,False,False,False,False
2025-08-29 16:00:00+00:00,19.01,19.235,19.01,19.105,23745.0,,,,,,17.471113003397445,15.936522776980654,15.60643497688971,15.193037549100357,14.917129158602746,14.546630221752753,14.318385537122438,14.128977025534644,13.948353786103489,13.813291923536449,13.585119382956893,13.438213496900294,13.158564996451481,,15.936522776980654,13.813291923536449,13.585119382956893,,,14.620136448871488,"rgba(38, 166, 154, 0.5)",0.8849045502556444,15.31124210608613,4.287194469525412,73.04647863545836,17.3848785765189,False,False,True,False,True,20.0,0.0,0.0,0.0,0.0,0,1.136614173228347,0.7838582677165357,False,False,False,False,0.34282824412133406,0.34184514664111815,False,False,False,False,1069961.0,787712.9342513677,False,False,False,False,21342.79962300145,False,False,False,False
2025-08-29 17:00:00+00:00,19.1,19.115,18.93,18.995,20730.0,,,,,,17.50024774990287,15.958128538728642,15.62828239881022,15.21423579306425,14.93762244282376,14.565317775702614,14.335496322642824,14.144890111487634,13.963512398917453,13.828175622735728,13.599474001659965,13.452290093225038,13.172036301720377,,15.958128538728642,13.828175622735728,13.599474001659965,,,14.63843919626318,"rgba(38, 166, 154, 0.5)",0.9037237429677747,15.331823656509759,4.053424923263154,72.60648218270306,17.3848785765189,False,False,True,False,True,20.0,0.0,0.0,0.0,0.0,0,1.131083202511774,0.7861067503924649,False,False,False,False,0.3325686753576484,0.33720691099938327,False,False,False,False,1049231.0,791767.4779063853,False,False,False,False,21333.29885365259,False,False,False,False
2025-08-29 18:00:00+00:00,18.995,19.195,18.995,19.19,19514.0,,,,,,17.52866544983735,15.978935728443505,15.649273816702186,15.234565634932299,14.957258369078504,14.58321141284023,14.351877322045766,14.16012181338432,13.978017543389855,13.84241315513757,13.613198818235077,13.465744904201664,13.184905815189726,,15.978935728443505,13.84241315513757,13.613198818235077,,,14.656014598724465,"rgba(38, 166, 154, 0.5)",0.9283041692412628,15.351625721426867,4.134823914138379,73.68352393910828,18.221929182509285,False,False,True,False,True,20.0,0.0,0.0,0.0,0.0,0,1.131198750488091,0.7844591956267085,False,False,False,False,0.3400000122370784,0.33860346161823085,False,False,False,False,1068745.0,796061.7030551234,False,False,False,False,21305.092669875034,False,False,False,False
2025-08-29 19:00:00+00:00,19.185,19.325,19.15,19.315,65604.0,,,,,,17.624908012323658,16.049878908763098,15.720736611845625,15.303736359691683,15.024063758605903,14.644130915228228,14.407689583198003,14.212043701517082,14.027469030827662,13.890945790397106,13.659976024675826,13.511595244995243,13.228752669077618,,16.049878908763098,13.890945790397106,13.659976024675826,,,14.715840508549748,"rgba(38, 166, 154, 1.0)",0.9539183393762163,15.419059362886603,4.084144812291816,75.1659501230867,19.870081741602363,True,False,True,False,True,20.0,0.0,0.0,0.0,0.0,0,1.1386832878846904,0.7798987144526686,False,False,False,False,0.34282824428327885,0.34071585295075485,False,False,False,False,1134349.0,801306.4673488424,False,False,False,False,21991.89743468317,False,False,False,False
2025-09-01 14:00:00+00:00,19.315,19.315,19.315,19.315,0.0,,,,,,17.624908012323658,16.049878908763098,15.720736611845625,15.303736359691683,15.024063758605903,14.644130915228228,14.407689583198003,14.212043701517082,14.027469030827662,13.890945790397106,13.659976024675826,13.511595244995243,13.228752669077618,,16.049878908763098,13.890945790397106,13.659976024675826,,,14.715840508549748,"rgba(38, 166, 154, 1.0)",0.9770942765287824,15.419059362886603,3.987271986643998,76.15423424573899,21.07743706732218,True,False,True,False,True,20.0,0.0,0.0,0.0,0.0,0,1.1488153514783632,0.7769727824554533,False,False,False,False,0.3428282443452701,0.34177204864801247,False,False,False,False,1134349.0,806469.917467465,False,False,False,False,21650.937784533045,False,False,False,False
2025-09-01 15:00:00+00:00,19.315,19.315,19.315,19.315,0.0,,,,,,17.624908012323658,16.049878908763098,15.720736611845625,15.303736359691683,15.024063758605903,14.644130915228228,14.407689583198003,14.212043701517082,14.027469030827662,13.890945790397106,13.659976024675826,13.511595244995243,13.228752669077618,,16.049878908763098,13.890945790397106,13.659976024675826,,,14.715840508549748,"rgba(38, 166, 154, 1.0)",0.9990351741952624,15.419059362886603,3.8997031713639467,76.81309032750718,22.01368499801343,True,False,True,False,True,20.0,0.0,0.0,0.0,0.0,0,1.146418056918548,0.7762512266928363,False,False,False,False,0.3428282442485085,0.34230014644826046,False,False,False,False,1134349.0,811553.3140958764,False,False,False,False,21315.264330509275,False,False,False,False
2025-09-01 16:00:00+00:00,19.315,19.315,19.315,19.315,0.0,,,,,,17.624908012323658,16.049878908763098,15.720736611845625,15.303736359691683,15.024063758605903,14.644130915228228,14.407689583198003,14.212043701517082,14.027469030827662,13.890945790397106,13.659976024675826,13.511595244995243,13.228752669077618,,16.049878908763098,13.890945790397106,13.659976024675826,,,14.715840508549748,"rgba(38, 166, 154, 1.0)",1.0182705573314033,15.419059362886603,3.826036812184325,77.25232771535264,22.778505643564856,True,False,True,False,True,20.0,0.0,0.0,0.0,0.0,0,1.1470471660721366,0.7829964328180737,False,False,False,False,0.3428282442485085,0.34256419534838445,False,False,False,False,1134349.0,816557.8983734597,False,False,False,False,20984.795116082772,False,False,False,False
2025-09-01 17:00:00+00:00,19.315,19.315,19.315,19.315,0.0,,,,,,17.624908012323658,16.049878908763098,15.720736611845625,15.303736359691683,15.024063758605903,14.644130915228228,14.407689583198003,14.212043701517082,14.027469030827662,13.890945790397106,13.659976024675826,13.511595244995243,13.228752669077618,,16.049878908763098,13.890945790397106,13.659976024675826,,,14.715840508549748,"rgba(38, 166, 154, 1.0)",1.033613067338572,15.419059362886603,3.7692447592066265,77.54515264058293,23.429374244075447,True,False,True,False,True,20.0,0.0,0.0,0.0,0.0,0,1.1440000000000003,0.7856000000000001,False,False,False,False,0.3428282442485085,0.34269621979844644,False,False,False,False,1134349.0,821484.892197127,False,False,False,False,20659.44945536831,False,False,False,False
2025-09-01 18:00:00+00:00,19.315,19.315,19.315,19.315,0.0,,,,,,17.624908012323658,16.049878908763098,15.720736611845625,15.303736359691683,15.024063758605903,14.644130915228228,14.407689583198003,14.212043701517082,14.027469030827662,13.890945790397106,13.659976024675826,13.511595244995243,13.228752669077618,,16.049878908763098,13.890945790397106,13.659976024675826,,,14.715840508549748,"rgba(38, 166, 154, 1.0)",1.0469070404536542,15.419059362886603,3.7213816380728297,77.74036925740313,23.998848287253324,True,False,True,False,True,20.0,0.0,0.0,0.0,0.0,0,1.1423401688781667,0.7828709288299154,False,False,False,False,0.3428282442485085,0.34276223202347744,False,False,False,False,1134349.0,826335.4985196522,False,False,False,False,20339.147913424615,False,False,False,False
2025-09-01 19:00:00+00:00,19.315,19.315,19.315,19.315,0.0,,,,,,17.624908012323658,16.049878908763098,15.720736611845625,15.303736359691683,15.024063758605903,14.644130915228228,14.407689583198003,14.212043701517082,14.027469030827662,13.890945790397106,13.659976024675826,13.511595244995243,13.228752669077618,,16.049878908763098,13.890945790397106,13.659976024675826,,,14.715840508549748,"rgba(38, 166, 154, 1.0)",1.0571891381744098,15.419059362886603,3.6851879161765138,77.87051366861661,24.505163849020363,True,False,True,False,True,20.0,0.0,0.0,0.0,0.0,0,1.1484106094351088,0.7780927313221301,False,False,False,False,0.3428282442485085,0.342795238135993,False,False,False,False,1134349.0,831110.9016433785,False,False,False,False,20023.81228685989,False,False,False,False
2025-09-02 14:00:00+00:00,19.245,19.85,19.21,19.84,38388.0,,,,,,17.688061354210948,16.09460564793494,15.76548926851666,15.346801053579087,15.06553073862937,14.681844701262245,14.442207618738868,14.244128312616022,14.057993276894129,13.920871834617174,13.68877389254759,13.539794002400992,13.25567258967082,,16.09460564793494,13.920871834617174,13.68877389254759,,,14.753213407047602,"rgba(38, 166, 154, 1.0)",1.0791563187789048,15.46144539326448,4.05738680350774,81.42862256058046,28.082825380925954,True,False,True,False,True,20.0,0.0,0.0,0.0,0.0,0,1.1422063775004954,0.7571796395325806,False,False,False,False,0.34282824450693095,0.34281174132146197,False,False,False,False,1172737.0,836407.4303000703,False,False,False,False,20308.528375435708,False,False,False,False
2025-09-02 15:00:00+00:00,19.84,19.995,19.68,19.725,40295.0,,,,,,17.75554129094363,16.142524069312945,15.813354158520902,15.392815143224713,15.109821722091693,14.722135492023678,14.479100873610339,14.278429759902167,14.090625493157837,13.952857556912717,13.71954432796125,13.569917451841143,13.284419545419244,,16.142524069312945,13.952857556912717,13.71954432796125,,,14.793160529609404,"rgba(38, 166, 154, 1.0)",1.0956737283146818,15.506791359229391,3.849876593517376,80.70091611521417,28.082825380925954,True,False,True,False,True,20.0,0.0,0.0,0.0,0.0,0,1.1591981132075475,0.7549135220125787,False,False,False,False,0.34282824450693095,0.34281999291419646,False,False,False,False,1132442.0,840997.113551232,False,False,False,False,20618.396152560734,False,False,False,False
2025-09-02 16:00:00+00:00,19.725,19.86,19.69,19.805,23818.0,,,,,,17.79315983522991,16.170156033270537,15.841011849663154,15.419478144547929,15.135531684744285,14.74558461584633,14.500609374218163,14.298452040719067,14.109690044537345,13.971552799188421,13.737542658929137,13.587544663268728,13.301254306026397,,16.170156033270537,13.971552799188421,13.737542658929137,,,14.816274465399184,"rgba(38, 166, 154, 1.0)",1.110544169023199,15.532942573772655,3.8468145125510116,80.7412143859788,28.082825380925954,True,False,True,False,True,20.0,0.0,0.0,0.0,0.0,0,1.158932483569011,0.768571997610038,False,False,False,False,0.33664800642966564,0.3397339996719311,False,False,False,False,1156260.0,845884.9102403602,False,False,False,False,20668.002413761344,False,False,False,False
2025-09-02 17:00:00+00:00,19.81,19.84,19.71,19.815,16503.0,,,,,,17.818459673670414,16.18907449200277,15.859966468505739,15.437777289626073,15.153193029277254,14.761715708043008,14.515419523231749,14.312248262265653,14.122832498981037,13.984443595227999,13.749957653633315,13.599706205097101,13.312873687690885,,16.18907449200277,13.984443595227999,13.749957653633315,,,14.832128314404077,"rgba(38, 166, 154, 1.0)",1.132975334289403,15.550848513428013,3.763675481290548,80.83563587741538,28.082825380925954,True,False,True,False,True,20.0,0.0,0.0,0.0,0.0,0,1.1601352695444604,0.7634772229958228,False,False,False,False,0.33664800642966564,0.33819100305079836,False,False,False,False,1172763.0,850952.7876009748,False,False,False,False,20603.428732927834,False,False,False,False
2025-09-02 18:00:00+00:00,19.815,19.88,19.585,19.795,24439.0,,,,,,17.854123711677136,16.2164609476386,15.887456868623131,15.464380555018142,15.178906838011502,14.785250254174345,14.537055271456916,14.332422169894926,14.14206401569784,14.003314245969129,13.768143472995947,13.617527278658022,13.32991177288498,,16.2164609476386,14.003314245969129,13.768143472995947,,,14.855155184823126,"rgba(38, 166, 154, 0.75)",1.152596860364715,15.576782179069937,3.659751267754884,80.27132076250626,28.082825380925954,True,False,True,False,False,20.0,0.0,0.0,0.0,0.0,0,1.1523922031896048,0.7629454617050602,False,False,False,False,0.3324526672560567,0.3353218351534275,False,False,False,False,1148324.0,855563.1939947581,False,False,False,False,20662.894954122752,False,False,False,False
2025-09-02 19:00:00+00:00,19.8,20.0,19.785,19.96,71154.0,,,,,,17.95908835216603,16.297389958497998,15.968585530965775,15.54285151700996,15.254750687974868,14.854713569281339,14.600963094701674,14.392042191007384,14.198907623762942,14.059084844107119,13.821882867215484,13.670182125130696,13.380244349479707,,16.297389958497998,14.059084844107119,13.821882867215484,,,14.923129747023156,"rgba(38, 166, 154, 0.75)",1.174838700832182,15.653351057446065,3.6657363598112465,81.12799662059972,28.609548720751533,True,False,True,False,False,20.0,0.0,0.0,0.0,0.0,0,1.159718144450969,0.7604227833235468,False,False,False,False,0.34282824453337124,0.3390750398433994,False,False,False,False,1219478.0,861205.2840103431,False,False,False,False,21445.702784291392,False,False,False,False
2025-09-03 14:00:00+00:00,20.06,20.335,20.055,20.275,23891.0,,,,,,17.99713054745639,16.32601127229115,15.997157840476103,15.57038720666864,15.281314661368702,14.879004939539271,14.623300565366838,14.41287166954013,14.218754032264545,14.078543739201441,13.840614128387854,13.688523388516728,13.39775715935657,,16.32601127229115,14.078543739201441,13.840614128387854,,,14.947028550033412,"rgba(38, 166, 154, 1.0)",1.2033821968567542,15.68037263130805,3.8180948502422254,83.27664286622007,30.74072355806723,True,False,True,False,True,20.0,0.0,0.0,0.0,0.0,0,1.1631548424511895,0.7519814421032286,False,False,False,False,0.34282824480582397,0.34095164232461167,False,False,False,False,1243369.0,867130.3028628959,False,False,False,False,21483.61436903106,False,False,False,False
2025-09-03 15:00:00+00:00,20.275,20.47,20.275,20.335,18819.0,,,,,,18.028015702516456,16.349054268182435,16.02012362315127,15.59248831488013,15.302620272715545,14.898476476631997,14.64120292238875,14.429562837989087,14.234653380490764,14.094128465468692,13.855609958333607,13.70320308406794,13.411767412893159,,16.349054268182435,14.094128465468692,13.855609958333607,,,14.966223593823836,"rgba(38, 166, 154, 1.0)",1.2312027116268036,15.702107325845953,3.762899992343705,84.94021782886375,32.32819609545767,True,False,True,False,True,20.0,0.0,0.0,0.0,0.0,0,1.170628019323672,0.7528502415458941,False,False,False,False,0.342828244799586,0.34188994356209884,False,False,False,False,1262188.0,873255.2283999053,False,False,False,False,21442.30251834841,False,False,False,False
2025-09-03 16:00:00+00:00,20.335,20.37,20.205,20.265,19371.0,,,,,,18.057912638836626,16.37203218954229,16.043080744823794,15.614647490978284,15.324020956729255,14.918083711623567,14.659257913301746,14.446415573946254,14.25072071109781,14.109885973153105,13.87078480015181,13.718065263025018,13.425964481362959,,16.37203218954229,14.109885973153105,13.87078480015181,,,14.98545172681327,"rgba(38, 166, 154, 1.0)",1.2554221141451836,15.72380169033842,3.6172680554967616,84.04132917613285,32.32819609545767,True,False,True,False,True,20.0,0.0,0.0,0.0,0.0,0,1.162403100775194,0.7641472868217054,False,False,False,False,0.33453431735354594,0.3382121304578224,False,False,False,False,1242817.0,878984.8682696741,False,False,False,False,21410.189301009672,False,False,False,False
2025-09-03 17:00:00+00:00,20.27,20.375,20.265,20.345,26583.0,,,,,,18.098536258729315,16.403515841808925,16.074540024475567,15.645029433356067,15.353375023371367,14.94499994822145,14.684059009198334,14.469575628881044,14.272807183510409,14.131548295409239,13.891649225053518,13.738501190714453,13.445488697185482,,16.403515841808925,14.131548295409239,13.891649225053518,,,15.01181736614732,"rgba(38, 166, 154, 1.0)",1.276980532067485,15.75352501212937,3.5955716415166012,83.91951605941674,32.32819609545767,True,False,True,False,True,20.0,0.0,0.0,0.0,0.0,0,1.159051137468404,0.7676453431849115,False,False,False,False,0.33770023106420793,0.3379561807610152,False,False,False,False,1269400.0,885037.8160484389,False,False,False,False,21490.387916497893,False,False,False,False
2025-09-03 18:00:00+00:00,20.345,20.41,20.02,20.145,30217.0,,,,,,18.140258884764506,16.437475204893637,16.10861258983128,15.678098524429458,15.385421269155495,14.974503804328105,14.711312030327385,14.495072288578031,14.29715659165803,14.155450348039096,13.914702664606509,13.761099290989721,13.467110227673363,,16.437475204893637,14.155450348039096,13.914702664606509,,,15.040482593790356,"rgba(38, 166, 154, 0.75)",1.2900999053429325,15.785648364816572,3.3790806565671603,78.68054205291833,31.62979903772451,True,False,True,False,False,20.0,0.0,0.0,0.0,0.0,0,1.1470927993839048,0.7672314208702349,False,False,False,False,0.32733206651717983,0.3326441236390975,False,False,False,False,1239183.0,890528.4390554398,False,False,False,False,21625.684227870017,False,False,False,False
2025-09-03 19:00:00+00:00,20.145,20.37,20.025,20.355,62936.0,,,,,,18.224356960159945,16.507356118173938,16.178787548562774,15.74632404863738,15.451616674785493,15.035576820669334,14.767812664501076,14.547990390913819,14.34772942516499,14.205108481923682,13.9626220609652,13.808084584094772,13.512088393388092,,16.507356118173938,14.205108481923682,13.9626220609652,,,15.099650320918501,"rgba(38, 166, 154, 0.5)",1.3071282635217463,15.851790347739433,3.4451168855669447,77.0880607472561,30.31856558778439,False,False,True,False,False,20.0,0.0,0.0,0.0,0.0,0,1.1430481283422462,0.7736822001527885,False,False,False,False,0.32549312831182137,0.32906862597545944,False,False,False,False,1302119.0,896909.6880623322,False,False,False,False,22266.154239841024,False,False,False,False
2025-09-04 14:00:00+00:00,20.405,20.54,20.23,20.32,44817.0,,,,,,18.283397520147744,16.557037320795164,16.228678207780305,15.794871193499345,15.498754710697032,15.079138888878754,14.808166717248465,14.585821483033772,14.383903401866753,14.240633587940513,13.996913307201938,13.841711733454165,13.54428826841443,,16.557037320795164,14.240633587940513,13.996913307201938,,,15.141793564689106,"rgba(38, 166, 154, 0.5)",1.322335914308595,15.898826445751132,3.3434572156807456,75.22527143622153,28.69283364189431,False,False,True,False,False,20.0,0.0,0.0,0.0,0.0,0,1.147053249952625,0.7705135493651699,False,False,False,False,0.34282824444020715,0.3359484352078333,False,False,False,False,1257302.0,902497.1657667921,False,False,False,False,22615.7797555024,False,False,False,False
2025-09-04 15:00:00+00:00,20.315,20.46,20.2,20.385,26045.0,,,,,,18.31599781053356,16.58521383282589,16.257025699325318,15.822526630574696,15.525651988228912,15.104057922330608,14.831289212023389,14.607524903406746,14.40467416718177,14.261040889726909,14.016626519922315,13.86105123337723,13.56282140344433,,16.58521383282589,14.261040889726909,14.016626519922315,,,15.165807862530897,"rgba(38, 166, 154, 0.5)",1.3385394857661217,15.925537318570253,3.331588443113687,74.58783534949166,28.13215538930298,False,True,True,False,False,20.0,0.0,0.0,0.0,0.0,0,1.143610013175231,0.7754564276303408,False,False,False,False,0.33565744832955063,0.33580294176869196,False,False,False,False,1283347.0,908401.814359555,False,False,False,False,22668.945960843448,False,False,False,False
2025-09-04 16:00:00+00:00,20.385,20.44,20.275,20.375,19011.0,,,,,,18.339322100426187,16.60559862335785,16.27754724173066,15.842568182266676,15.545157956946918,15.122150351875357,14.848091060310452,14.62330504818368,14.419782277784558,14.27588737414656,14.03097258585601,13.875127740113983,13.576315422029385,,16.60559862335785,14.27588737414656,14.03097258585601,,,15.18321738192525,"rgba(38, 166, 154, 0.5)",1.3530031761214285,15.94487293089242,3.2742916996005547,73.89671013772634,27.41749491097042,False,True,True,False,False,20.0,0.0,0.0,0.0,0.0,0,1.154563894523327,0.7705882352941179,False,False,False,False,0.3392386438216265,0.33752079279515923,False,False,False,False,1264336.0,913920.1738268486,False,False,False,False,22612.233620365256,False,False,False,False
2025-09-04 17:00:00+00:00,20.375,20.45,20.275,20.295,24091.0,,,,,,18.367794330049456,16.630958209117622,16.30311278340438,15.86758260712572,15.56953275627952,15.144798008906891,14.869147082447476,14.643097214274139,14.43874304916231,14.294525869210604,14.048992571877122,13.892814533996164,13.59327996841495,,16.630958209117622,14.294525869210604,14.048992571877122,,,15.204952229558952,"rgba(38, 166, 154, 0.5)",1.3568515656368791,15.968952932838206,3.188297951464746,71.27806890934288,24.904823843892487,False,True,True,False,False,20.0,0.0,0.0,0.0,0.0,0,1.1458248472505093,0.7780040733197559,False,False,False,False,0.3398906694042129,0.33870573109968605,False,False,False,False,1240245.0,918979.47345744,False,False,False,False,22635.160230902227,False,False,False,False
2025-09-04 18:00:00+00:00,20.295,20.35,20.27,20.315,26295.0,,,,,,18.39752715933905,16.658039151769486,16.330459162918174,15.894398855038471,15.595699870522589,15.169160678336695,14.89182784853017,14.66443758996813,14.459201629715979,14.314644461463455,14.068455956969858,13.91192494210372,13.611622316477769,,16.658039151769486,14.314644461463455,14.068455956969858,,,15.228261509473349,"rgba(38, 166, 154, 0.5)",1.357241422621399,15.994701688325515,3.1831465203369564,69.80956685073781,23.505922697001495,False,True,True,False,False,20.0,0.0,0.0,0.0,0.0,0,1.1517397570516783,0.778052295655755,False,False,False,False,0.3330581506795802,0.33588194088963313,False,False,False,False,1266540.0,924368.0087526735,False,False,False,False,22691.901932748704,False,False,False,False
2025-09-04 19:00:00+00:00,20.315,20.435,20.285,20.415,81031.0,,,,,,18.486690368461055,16.74051956797207,16.413804576616744,15.976255046110767,15.675665678154578,15.243767612025431,14.961392693081494,14.729965987232177,14.52206821890268,14.376484604239357,14.128313376593836,13.97071276814484,13.668077913930526,,16.74051956797207,14.376484604239357,14.128313376593836,,,15.299516800881966,"rgba(38, 166, 154, 0.5)",1.3546451515015165,16.073218551313772,3.2051061075837515,70.16771973228516,23.505922697001495,False,True,True,False,False,20.0,0.0,0.0,0.0,0.0,0,1.1538303130148273,0.7652388797364088,False,False,False,False,0.3395646218485173,0.33772328136907526,False,False,False,False,1347571.0,930929.2954386785,False,False,False,False,23596.384073326244,False,False,False,False
2025-09-05 14:00:00+00:00,20.76,20.845,20.505,20.69,35073.0,,,,,,18.528606886665955,16.777963940381788,16.451489172846763,16.013130691510547,15.711621861684614,15.277260008459836,14.992605231659821,14.759355200309974,14.55024728310718,14.404187505254983,14.155104587488543,13.99701040794161,13.693308229288993,,16.777963940381788,14.404187505254983,14.155104587488543,,,15.331683923584665,"rgba(38, 166, 154, 0.5)",1.3554507012811956,16.10879605955718,3.3798381129705337,73.05148454275313,23.505922697001495,False,True,True,False,True,20.0,0.0,0.0,0.0,0.0,0,1.157798165137615,0.753924566768604,False,False,False,False,0.3428282419830381,0.34027576167605667,False,False,False,False,1382644.0,937932.6241915672,False,False,False,False,23774.316103197154,False,False,False,False
2025-09-05 15:00:00+00:00,20.685,21.095,20.615,21.075,36858.0,,,,,,18.575853428671333,16.819010496087532,16.49266487830846,16.053294308028185,15.750716395582298,15.313612586964425,15.026457497003342,14.791211264758847,14.580772406052365,14.434180771986798,14.184086798538402,14.025443897025474,13.720563178483728,,16.819010496087532,14.434180771986798,14.184086798538402,,,15.366759069807015,"rgba(38, 166, 154, 1.0)",1.363708863674702,16.147723493608602,3.613144005762469,77.09438900509538,23.046350526355738,True,False,True,False,True,20.0,0.0,0.0,0.0,0.0,0,1.1540169559951556,0.7549454985870008,False,False,False,False,0.3428282423476529,0.34155200201185476,False,False,False,False,1419502.0,945398.8160645661,False,False,False,False,23977.163915550685,False,False,False,False
2025-09-05 16:00:00+00:00,21.075,21.195,21.06,21.14,25978.0,,,,,,18.610833948876053,16.848863772563988,16.522543552823464,16.082374404322493,15.778988899226375,15.339872383282199,15.050900019387434,14.814204257577218,14.602795538496242,14.455811987834736,14.204976655715019,14.045930640919083,13.740188220535968,,16.848863772563988,14.455811987834736,14.204976655715019,,,15.392175713966179,"rgba(38, 166, 154, 1.0)",1.36825181747956,16.175997318805,3.627989100967635,80.05623750833631,25.669678844951562,True,False,True,False,True,20.0,0.0,0.0,0.0,0.0,0,1.1782724116806214,0.7512762916071068,False,False,False,False,0.3428282428606732,0.342190122436264,False,False,False,False,1445480.0,953152.0127147278,False,False,False,False,24008.18463003827,False,False,False,False
2025-09-05 17:00:00+00:00,21.14,21.16,21.04,21.085,18722.0,,,,,,18.635097898763334,16.869941627432123,16.54366976629402,16.10297569919236,15.799042681481986,15.35853208498331,15.068288929935795,14.830576294083246,14.61848710364335,14.471229734772246,14.21987469342349,14.060546052156289,13.754197563992667,,16.869941627432123,14.471229734772246,14.21987469342349,,,15.410189240781095,"rgba(38, 166, 154, 1.0)",1.3787972137906432,16.19598426139134,3.5458555396754727,80.63048461926263,26.145310673147776,True,False,True,False,True,20.0,0.0,0.0,0.0,0.0,0,1.179098360655738,0.7420081967213118,False,False,False,False,0.3396540124646689,0.3409220674504665,False,False,False,False,1426758.0,960494.7411997707,False,False,False,False,23926.228279184965,False,False,False,False
2025-09-05 18:00:00+00:00,21.085,21.16,20.92,20.985,41444.0,,,,,,18.685607522818337,16.915067357410134,16.589006057668694,16.147321748190286,15.842293767810938,15.39888827236766,15.105964209176577,14.866095708764577,14.652564133909708,14.504730815378862,14.252276360480092,14.092349858310662,13.784712430203975,,16.915067357410134,14.504730815378862,14.252276360480092,,,15.44899063403773,"rgba(38, 166, 154, 0.75)",1.380658391708347,16.238861551871715,3.43759070066252,78.53650928716118,26.145310673147776,True,False,True,False,False,20.0,0.0,0.0,0.0,0.0,0,1.172308319738989,0.7408238172920067,False,False,False,False,0.33275114151729185,0.3368366044838792,False,False,False,False,1385314.0,967081.0862974487,False,False,False,False,24197.821639197602,False,False,False,False
2025-09-05 19:00:00+00:00,20.985,21.12,20.985,21.115,51889.0,,,,,,18.747244331857953,16.970895261916578,16.645137047605562,16.202306159978342,15.895975935325632,15.449068502146652,15.152873848137133,14.910364965630533,14.695063512746701,14.546523774600978,14.292717814821081,14.132055571254531,13.822828678546083,,16.970895261916578,14.546523774600978,14.292717814821081,,,15.497158108043676,"rgba(38, 166, 154, 0.75)",1.3831617162622087,16.291967019086854,3.4869624601428977,78.14346178623478,26.145310673147776,True,False,True,False,False,20.0,0.0,0.0,0.0,0.0,0,1.1852459016393448,0.7372950819672136,False,False,False,False,0.3341866996468331,0.33551165206535616,False,False,False,False,1437203.0,974369.7981377983,False,False,False,False,24627.142233938725,False,False,False,False
2025-09-08 14:00:00+00:00,21.19,21.655,21.115,21.625,30619.0,,,,,,18.788021427484043,17.006219342946306,16.680476498297114,16.23674248723727,15.929496771854007,15.480298177461712,15.1820186201169,14.93783405210023,14.721402729203499,14.572401661679088,14.317723076233465,14.156584316411651,13.846339030747924,,17.006219342946306,14.572401661679088,14.317723076233465,,,15.527350630136404,"rgba(38, 166, 154, 1.0)",1.3963021563085114,16.32545455774909,3.795414494139033,80.455896966007,26.145310673147776,True,False,True,False,True,20.0,0.0,0.0,0.0,0.0,0,1.1914291489791795,0.7137659187386297,False,False,False,False,0.3428282431248816,0.33916994759511887,False,False,False,False,1467822.0,982020.219872096,False,False,False,False,24720.03925356758,False,False,False,False
2025-09-08 15:00:00+00:00,21.625,21.69,21.5,21.635,24687.0,,,,,,18.821731379246618,17.035200705085234,16.709436641187814,16.264933049915086,15.95692324037699,15.505839843709333,15.205853366463847,14.960296981973684,14.742938533107198,14.593556491420621,14.338159088990016,14.176627318558527,13.865544154698815,,17.035200705085234,14.593556491420621,14.338159088990016,,,15.55208006113337,"rgba(38, 166, 154, 1.0)",1.405214125583296,16.680851324232233,3.5255471643592617,82.03465971730095,27.566396474844183,True,False,True,False,True,20.0,0.0,0.0,0.0,0.0,0,1.20008059641346,0.7156961515212578,False,False,False,False,0.3428282433525469,0.3409990954738329,False,False,False,False,1492509.0,989934.7746027611,False,False,False,False,24719.52701707816,False,False,False,False
2025-09-08 16:00:00+00:00,21.635,21.635,21.47,21.485,19724.0,,,,,,18.847349762613742,17.057702583627925,16.73196516274794,16.28691742845937,15.978345222377152,15.525834195594994,15.22453832383912,14.977925409288996,14.759853071573342,14.610179492285608,14.354229519044095,14.192395642079145,13.880665628351741,,17.057702583627925,14.610179492285608,14.354229519044095,,,15.571377033991011,"rgba(38, 166, 154, 0.75)",1.407677379090711,16.69956851242868,3.399522901094332,79.90895366909696,27.566396474844183,True,False,True,False,False,20.0,0.0,0.0,0.0,0.0,0,1.1967709384460146,0.7251261352169529,False,False,False,False,0.33813378265290883,0.33956643906337086,False,False,False,False,1472785.0,997420.8246089199,False,False,False,False,24642.07698580563,False,False,False,False
2025-09-08 17:00:00+00:00,21.485,21.535,21.41,21.455,20551.0,,,,,,18.872913630844675,17.08058087358305,16.75490846135696,16.309354783317527,16.00023827164136,15.546307918023311,15.243695255571643,14.996016041657478,14.777223331383297,14.627257183056692,14.370750425528074,14.208612142449136,13.896227857624782,,17.08058087358305,14.627257183056692,14.370750425528074,,,15.591083552002921,"rgba(38, 166, 154, 0.75)",1.4120360610968574,16.7187020320466,3.354233010362556,77.8723505561179,27.566396474844183,True,False,True,False,False,20.0,0.0,0.0,0.0,0.0,0,1.1987023519870241,0.7272911597729119,False,False,False,False,0.32924486960872373,0.3344056543360473,False,False,False,False,1452234.0,1004472.1916692466,False,False,False,False,24578.6494356381,False,False,False,False
2025-09-08 18:00:00+00:00,21.455,21.555,21.44,21.515,14346.0,,,,,,18.89071332908183,17.096543604569007,16.770916719932817,16.32501326609259,16.01551969952827,15.560604535062724,15.257076944550406,15.008656089917306,14.789361898800285,14.639191884771611,14.38229708863737,14.21994655195002,13.907105999839516,,17.096543604569007,14.639191884771611,14.38229708863737,,,15.60484212405644,"rgba(38, 166, 154, 0.5)",1.4126724944503832,16.732904434145045,3.385140989607422,76.97201977439381,31.42776093555814,False,False,True,False,False,20.0,0.0,0.0,0.0,0.0,0,1.194855175207616,0.725541827020458,False,False,False,False,0.33200327594198725,0.33320446513901725,False,False,False,False,1466580.0,1011636.6538139095,False,False,False,False,24420.00370795379,False,False,False,False
2025-09-08 19:00:00+00:00,21.515,21.52,21.355,21.375,46420.0,,,,,,18.944836170224544,17.146413958269974,16.82104845900999,16.3742021184826,16.063618295447306,15.60573026736401,15.299391911370783,15.048680337924697,14.827837553856078,14.67704318788252,14.418952674411129,14.255948095128115,13.941693505367722,,17.146413958269974,14.67704318788252,14.418952674411129,,,15.648107425749187,"rgba(38, 166, 154, 0.5)",1.4086960074627648,16.77623782483836,3.2645525725912834,73.34332780516405,27.94038587406105,False,True,True,False,False,20.0,0.0,0.0,0.0,0.0,0,1.1926661264181526,0.7289303079416534,False,False,False,False,0.3253790230847061,0.3292917441118617,False,False,False,False,1420160.0,1017970.3491036163,False,False,False,False,24761.08892178396,False,False,False,False
2025-09-09 14:00:00+00:00,21.405,21.46,20.845,21.075,56879.0,,,,,,19.000653371324304,17.20192813146031,16.877235294922894,16.42980058983532,16.118268534397714,15.65737151945082,15.348034212016918,15.094843481949432,14.872329071050716,14.720879323171877,14.46150978895937,14.297806391329903,13.982014627520499,,17.20192813146031,14.720879323171877,14.46150978895937,,,15.697128795183856,"rgba(38, 166, 154, 0.5)",1.3964808311293804,16.821476634033154,3.0458873986310864,65.9539667489615,21.19652142167179,False,True,True,False,False,20.0,0.0,0.0,0.0,0.0,0,1.174954701026777,0.740688544392994,False,False,False,False,0.2942765493225942,0.311784146717228,False,False,False,False,1363281.0,1023324.0026058857,False,False,False,False,25259.041031523742,False,False,False,False
2025-09-09 15:00:00+00:00,21.075,21.09,20.825,20.935,42862.0,,,,,,19.0375225822527,17.240911636904258,16.916895866981736,16.46930177625219,16.157252411170134,15.694416166987523,15.383051803485186,15.128164332807733,14.90450784781987,14.752620750364434,14.49238360839606,14.328206525335613,14.01135748824023,,17.240911636904258,14.752620750364434,14.49238360839606,,,15.73204559976905,"rgba(38, 166, 154, 0.5)",1.3817153361927934,17.133533252366163,2.7512662326731308,59.22109727349492,15.340354533283957,False,True,True,False,False,20.0,0.0,0.0,0.0,0.0,0,1.1577369052379052,0.757696921231508,False,False,False,False,0.2733136807749649,0.29254891374609643,False,False,False,False,1320419.0,1027930.1265964921,False,False,False,False,25531.95512405826,False,False,False,False
2025-09-09 16:00:00+00:00,20.935,20.985,20.88,20.925,29913.0,,,,,,19.062177183729577,17.267496751494406,16.94398506292395,16.496341504520608,16.183976301307588,15.719866323803856,15.40714514233086,15.151115729006936,14.926690355093795,14.774510954286123,14.51369047326626,14.349194821809588,14.031631009264165,,17.267496751494406,14.774510954286123,14.51369047326626,,,15.755986277910592,"rgba(38, 166, 154, 0.5)",1.3675184107000895,17.154312122782716,2.7573214720282357,54.60381274109004,11.5011178194584,False,True,True,False,False,20.0,0.0,0.0,0.0,0.0,0,1.173403395311237,0.7578819725141475,False,False,False,False,0.2686763246318042,0.2806126191889503,False,False,False,False,1290506.0,1032001.0703701898,False,False,False,False,25599.87830042945,False,False,False,False
2025-09-09 17:00:00+00:00,20.925,21.06,20.925,21.005,34279.0,,,,,,19.090632675488937,17.29804090140358,16.97509361662964,16.527387467759958,16.214660129989575,15.749097861355922,15.434829174609193,15.177495619141704,14.952190634577768,14.799675817281708,14.538186349037709,14.373325003270388,14.054941096793263,,17.29804090140358,14.799675817281708,14.538186349037709,,,15.783504334410718,#000000,1.355401689071854,17.180488391871215,2.8216813059659946,52.81103243680601,10.10967394635881,False,True,False,False,False,20.0,0.0,0.0,0.0,0.0,0,1.1699877999186665,0.7616917446116311,False,False,False,False,0.2736639784915291,0.2771382988402397,False,False,False,False,1324785.0,1036540.3561008846,False,False,False,False,25734.43832677938,False,False,False,False
2025-09-09 18:00:00+00:00,21.01,21.16,21.005,21.125,14617.0,,,,,,19.103136779465235,17.311261719168243,16.988540178216038,16.540789275261176,16.227896564006816,15.761699958232384,15.446761524328027,15.188864130684006,14.963178051657058,14.810516796923224,14.548736354771638,14.383715771422535,14.064975936147336,,17.311261719168243,14.810516796923224,14.548736354771638,,,15.795390233867979,"rgba(38, 166, 154, 0.5)",1.3421042272330617,17.192612260451916,2.930016655752034,53.41728187826087,10.10967394635881,False,True,True,False,False,20.0,0.0,0.0,0.0,0.0,0,1.1642580907795648,0.7622633828617958,False,False,False,False,0.283820180139924,0.28047923949008186,False,False,False,False,1339402.0,1041235.8854636616,False,False,False,False,25562.074941868068,False,False,False,False
2025-09-09 19:00:00+00:00,21.125,21.175,21.055,21.155,41970.0,,,,,,19.13874564162633,17.349029747320433,17.02696025621181,16.579101246301494,16.265751307278084,15.797769473459121,15.480935669933281,15.221438996951457,14.994670857243374,14.841593979832234,14.57898655021957,14.413513117463527,14.093759848368997,,17.349029747320433,14.841593979832234,14.57898655021957,,,15.829404360939208,"rgba(38, 166, 154, 0.5)",1.3295764854384,17.227193316008172,2.954178813335975,54.26101649666754,10.10967394635881,False,True,True,False,False,20.0,0.0,0.0,0.0,0.0,0,1.1658864237736617,0.7596173417463873,False,False,False,False,0.2865147140502005,0.2834969767701412,False,False,False,False,1381372.0,1046509.313596008,False,False,False,False,25816.46137687786,False,False,False,False
2025-09-10 14:00:00+00:00,21.64,21.85,21.59,21.655,24828.0,,,,,,19.16509498146062,17.3743391486118,17.05246665294372,16.60426767287259,16.29046368297301,15.821136924975454,15.502980056041032,15.242384839330398,15.014867159161136,14.861488484270684,14.598296992977874,14.432502389308825,14.11204803221531,,17.3743391486118,14.861488484270684,14.598296992977874,,,15.851718232087883,"rgba(38, 166, 154, 0.5)",1.325294708003907,17.255449612609034,3.3196770203793773,60.00309947174838,10.10967394635881,False,True,True,False,True,20.0,0.0,0.0,0.0,0.0,0,1.161990049751244,0.7586069651741296,False,False,False,False,0.34282824252205624,0.3131626096460987,False,False,False,False,1406200.0,1052085.913385217,False,False,False,False,25801.13639429061,False,False,False,False
2025-09-10 15:00:00+00:00,21.65,21.8,21.545,21.735,44870.0,,,,,,19.211272070829633,17.419287693512956,17.09781416571465,16.64908311533665,16.334518287426988,15.862865692466555,15.542393571226738,15.279868162939731,15.051032502163306,14.897125103304901,14.632906655438648,14.466547050617589,14.144855253580856,,17.419287693512956,14.897125103304901,14.632906655438648,,,15.8915053326584,"rgba(38, 166, 154, 0.5)",1.3172831616353513,17.302859543889035,3.3646072349460914,64.39858360931932,6.846962887960096,False,True,True,False,True,20.0,0.0,0.0,0.0,0.0,0,1.1562561967083091,0.7660122942692846,False,False,False,False,0.337000197035915,0.3250814033410069,False,False,False,False,1451070.0,1058271.7131776942,False,False,False,False,26096.77769050316,False,False,False,False
2025-09-10 16:00:00+00:00,21.735,21.9,21.67,21.885,21933.0,,,,,,19.23434175257849,17.441553054044036,17.12025384825506,16.671239235474232,16.35628856872061,15.883480860607818,15.561865140129797,15.298386438635378,15.0688984162315,14.914727688042612,14.649999051916469,14.483358427885559,14.16105257307553,,17.441553054044036,14.914727688042612,14.649999051916469,,,15.911188081199773,"rgba(38, 166, 154, 0.5)",1.3110013537558418,17.32622865317357,3.477320091063345,68.3284849495309,10.523503300040645,False,True,True,False,True,20.0,0.0,0.0,0.0,0.0,0,1.154960317460318,0.7716269841269847,False,False,False,False,0.3428282418990001,0.3339548226200035,False,False,False,False,1473003.0,1064701.6556090477,False,False,False,False,26032.222997627145,False,False,False,False
2025-09-10 17:00:00+00:00,21.885,21.975,21.85,21.97,14190.0,,,,,,19.24969600747005,17.4562083010356,17.135005828139178,16.685786083897312,16.370571781429103,15.896995640249228,15.574625460043347,15.310518717382376,15.080600206103478,14.926254589268956,14.661188218621845,14.494361409434697,14.171649938404293,,17.4562083010356,14.926254589268956,14.661188218621845,,,15.92411247549842,"rgba(38, 166, 154, 0.5)",1.3074194133951906,17.34174275412944,3.53999428068121,71.47670740223683,13.506951779451718,False,True,True,False,True,20.0,0.0,0.0,0.0,0.0,0,1.15427435387674,0.7737574552683899,False,False,False,False,0.3428282420038715,0.3383915323119375,False,False,False,False,1487193.0,1071251.9090104578,False,False,False,False,25848.622641074784,False,False,False,False
2025-09-10 18:00:00+00:00,21.965,22.02,21.8,21.87,31513.0,,,,,,19.282740279521924,17.488162973846354,17.16720883335472,16.717591963387996,16.401833542590207,15.926621354232937,15.602626395046851,15.337162287354024,15.106313202999853,14.951591239302601,14.685795406741457,14.518566385157605,14.194975709353782,,17.488162973846354,14.951591239302601,14.685795406741457,,,15.952399197914636,"rgba(38, 166, 154, 0.5)",1.3022190451078286,17.374617715639843,3.452093794241754,71.47668836663014,13.720265722287067,False,False,True,False,True,20.0,0.0,0.0,0.0,0.0,0,1.147729526075749,0.7759270275629587,False,False,False,False,0.34251798570409864,0.3404547590080181,False,False,False,False,1455680.0,1077212.0344521562,False,False,False,False,25936.442445089127,False,False,False,False
2025-09-10 19:00:00+00:00,21.865,22.005,21.835,21.965,48506.0,,,,,,19.3327440535973,17.536879843634992,17.21632939441053,16.766153856264808,16.44959848279377,15.971944076054374,15.645504612968518,15.377991629659517,15.145735987073945,14.990445695098487,14.723545957169863,14.555707769183115,14.230782945547904,,17.536879843634992,14.990445695098487,14.723545957169863,,,15.995643407958243,"rgba(38, 166, 154, 0.5)",1.2969127409574488,17.42376436944836,3.5015737660184154,72.233831014659,14.848484117489662,False,False,True,False,True,20.0,0.0,0.0,0.0,0.0,0,1.148338607594937,0.7755142405063296,False,False,False,False,0.3428282420194508,0.34164150051373443,False,False,False,False,1504186.0,1083831.7858559985,False,False,False,False,26286.358066095498,False,False,False,False
2025-09-11 14:00:00+00:00,22.245,22.29,22.125,22.255,18203.0,,,,,,19.353051661013158,17.556068216116877,17.235613329728007,16.78514898477374,16.4682423158717,15.98959043392207,15.662177011729202,15.393851732578938,15.161036414970008,15.005516163502163,14.738173840798405,14.570090983184551,14.244634803835696,,17.556068216116877,15.005516163502163,14.738173840798405,,,16.01255353015573,"rgba(38, 166, 154, 0.5)",1.2961789826081356,17.443774404844557,3.711852807144293,74.61781527999906,17.52697231037368,False,False,True,False,True,20.0,0.0,0.0,0.0,0.0,0,1.1513608772273352,0.7689445858625418,False,False,False,False,0.3428282423672831,0.3422348714405088,False,False,False,False,1522389.0,1090631.1225093938,False,False,False,False,26161.034685225797,False,False,False,False
2025-09-11 15:00:00+00:00,22.255,22.405,22.22,22.405,14233.0,,,,,,19.369388153238145,17.571345517121543,17.250948634722867,16.800235191240613,16.48303855401306,16.003583218909565,15.67539181768709,15.406418706075176,15.17315637198922,15.01745132862832,14.749754480047068,14.581475489707298,14.255594619494557,,17.571345517121543,15.01745132862832,14.749754480047068,,,16.025983237144196,"rgba(38, 166, 154, 1.0)",1.29900255220332,17.45983810788943,3.806891590569066,76.97043192180345,20.116443520410783,True,False,True,False,True,20.0,0.0,0.0,0.0,0.0,0,1.154238618524333,0.7717817896389327,False,False,False,False,0.3428282425315976,0.3425315569860532,False,False,False,False,1536622.0,1097545.7097573103,False,False,False,False,25976.10391491222,False,False,False,False
2025-09-11 16:00:00+00:00,22.405,22.56,22.365,22.415,16769.0,,,,,,19.38906872917239,17.589607304542792,17.269262840583,16.818234063122233,16.500681505900943,16.02025774868059,15.691134525581361,15.4213863231737,15.187588484766223,15.03166099065733,14.76353840834105,14.595023741462619,14.26863371865083,,17.589607304542792,15.03166099065733,14.76353840834105,,,16.042006029587313,"rgba(38, 166, 154, 1.0)",1.2976738127605236,17.47913364550654,3.80362638588927,78.5893104457725,21.99918065170756,True,False,True,False,True,20.0,0.0,0.0,0.0,0.0,0,1.1533621706645698,0.7723161620133704,False,False,False,False,0.3428282428108877,0.3426798998984705,False,False,False,False,1553391.0,1104613.078598282,False,False,False,False,25833.358117781794,False,False,False,False
2025-09-11 17:00:00+00:00,22.42,22.56,22.365,22.485,16397.0,,,,,,19.40821582036407,17.607417319524888,17.287126497061074,16.83579554090499,16.517899722537596,16.036538026417556,15.706510302155554,15.436008894747559,15.201690348353859,15.04554652266975,14.777009689203078,14.608265619186156,14.281379744804239,,17.607417319524888,15.04554652266975,14.777009689203078,,,16.057646465225414,"rgba(38, 166, 154, 1.0)",1.3076065129819845,17.49781251088067,3.8139818359776245,80.03863117629669,23.736044009631684,True,False,True,False,True,20.0,0.0,0.0,0.0,0.0,0,1.1509248327430148,0.7735143644234556,False,False,False,False,0.3428282428108877,0.34275407135467906,False,False,False,False,1569788.0,1111825.0928835801,False,False,False,False,25687.05799192471,False,False,False,False
2025-09-11 18:00:00+00:00,22.49,22.59,22.445,22.585,20774.0,,,,,,19.43268178015477,17.630117866074137,17.309886499144714,16.85816324318801,16.539826909814604,16.057269641591727,15.726091177053691,15.454631405178581,15.219649627115874,15.063229538458874,14.794164182340626,14.625127265942965,14.297608960868828,,17.630117866074137,15.063229538458874,14.794164182340626,,,16.07757293053288,"rgba(38, 166, 154, 1.0)",1.320424440361059,17.521581406119306,3.8346901489464593,81.51333861336336,25.49941147119425,True,False,True,False,True,20.0,0.0,0.0,0.0,0.0,0,1.1503641015548123,0.7734697894115334,False,False,False,False,0.342828242910033,0.34279115713235603,False,False,False,False,1590562.0,1119247.370513292,False,False,False,False,25610.88655018944,False,False,False,False
2025-09-11 19:00:00+00:00,22.585,22.77,22.535,22.755,45137.0,,,,,,19.48699289238353,17.680179795641045,17.360033013041775,16.907402489888792,16.588074662168527,16.102870964612105,15.769158885894603,15.495589742183805,15.259145283165157,15.102112468960046,14.831877603968993,14.662192009347628,14.333275864494171,,17.680179795641045,15.102112468960046,14.831877603968993,,,16.121454282750015,"rgba(38, 166, 154, 1.0)",1.3374073951271,17.57399784229444,3.8739146923987104,83.25271920894212,27.49015350857927,True,False,True,False,True,20.0,0.0,0.0,0.0,0.0,0,1.1519905863894886,0.7683859580309867,False,False,False,False,0.3428282431463547,0.34280970013935536,False,False,False,False,1635699.0,1127254.372520838,False,False,False,False,25913.616991271774,False,False,False,False
2025-09-12 14:00:00+00:00,22.91,22.935,22.48,22.535,32935.0,,,,,,19.52505047071333,17.715824331700002,17.395789178495423,16.942584352071265,16.62259543537375,16.135567742964316,15.800084392201834,15.525033253365477,15.287560365182197,15.130098755766866,14.859041812761353,14.688899991279344,14.358996653931381,,17.715824331700002,15.130098755766866,14.859041812761353,,,16.152855902754347,"rgba(38, 166, 154, 0.75)",1.345973297326969,17.610449339088213,3.6587283497315157,79.34382973458631,27.49015350857927,True,False,True,False,False,20.0,0.0,0.0,0.0,0.0,0,1.147775628626693,0.7634429400386852,False,False,False,False,0.3428282432398737,0.3428189716896145,False,False,False,False,1602764.0,1134626.6148073366,False,False,False,False,26022.475642569887,False,False,False,False
2025-09-12 15:00:00+00:00,22.535,22.54,22.02,22.025,20659.0,,,,,,19.545050480621345,17.73588533076246,17.416051163300494,16.962691727925392,16.64242967824517,16.1544902762794,15.818062297611865,15.542207250290334,15.304178293814436,15.146492142199158,14.87499537159409,14.704609750537944,14.374168434695974,,17.73588533076246,15.146492142199158,14.87499537159409,,,16.17087016906754,"rgba(38, 166, 154, 0.5)",1.342973227614835,17.629566816439105,3.272911993463435,69.25722738565399,25.79717468755966,False,True,True,False,False,20.0,0.0,0.0,0.0,0.0,0,1.127258892904699,0.7823853909073619,False,False,False,False,0.29575969492142035,0.31928933330551745,False,False,False,False,1582105.0,1141564.2641901686,False,False,False,False,25939.320981444773,False,False,False,False
2025-09-12 16:00:00+00:00,22.025,22.32,22.02,22.275,14339.0,,,,,,19.55880856559252,17.749734941850814,17.430043528868705,16.976584087204554,16.65613806899812,16.16757632601228,15.830500566168304,15.554093316240754,15.315682206556728,15.15784188880257,14.886042757119933,14.715489482284536,14.384677792096669,,17.749734941850814,15.15784188880257,14.886042757119933,,,16.183324117522808,"rgba(38, 166, 154, 0.5)",1.3412720095505317,17.642739555506246,3.4536323814332417,65.0363056516826,22.23458186203095,False,True,True,False,False,20.0,0.0,0.0,0.0,0.0,0,1.1321510297482842,0.7963386727688792,False,False,False,False,0.2838591319943839,0.30157423264995065,False,False,False,False,1596444.0,1148616.663194972,False,False,False,False,25759.471043747955,False,False,False,False
2025-09-12 17:00:00+00:00,22.275,22.35,22.18,22.255,15941.0,,,,,,19.574261622987994,17.7652260199062,17.445686969930296,16.992108826764994,16.671453739279745,16.18219403152091,15.844394154565585,15.567369813040022,15.3285312604669,15.170518014866591,14.898380157463553,14.727638977543275,14.396412647141577,,17.7652260199062,15.170518014866591,14.898380157463553,,,16.197244325805972,"rgba(38, 166, 154, 0.5)",1.3353510352665723,17.657551454424794,3.442876385427319,61.97519743462641,19.61298391966976,False,True,True,False,False,20.0,0.0,0.0,0.0,0.0,0,1.1437285550895924,0.7819290888295846,False,False,False,False,0.2941321583639005,0.29785319550692557,False,False,False,False,1580503.0,1155312.5753934996,False,False,False,False,25607.246686480546,False,False,False,False
2025-09-12 18:00:00+00:00,22.255,22.3,22.14,22.225,22105.0,,,,,,19.595085279501983,17.78634239934241,17.46703369188542,17.013324022882927,16.692402663204305,16.20221578697098,15.863441548331176,15.585583791685893,15.346167927188436,15.187922286290153,14.915327424971817,14.744332691740835,14.412544886245135,,17.78634239934241,15.187922286290153,14.915327424971817,,,16.21628649232627,"rgba(38, 166, 154, 0.5)",1.3279075628580537,17.677559593981545,3.424515781980341,59.531743582759596,17.3896505693927,False,True,True,False,False,20.0,0.0,0.0,0.0,0.0,0,1.142312821489808,0.7831967993903602,False,False,False,False,0.28925858634372276,0.2935558909253242,False,False,False,False,1558398.0,1161561.9618215072,False,False,False,False,25552.948288240535,False,False,False,False
2025-09-12 19:00:00+00:00,22.225,22.41,22.18,22.38,56102.0,,,,,,19.64848314383962,17.840255637905443,17.521504425931752,17.06743888295186,16.745831975500028,16.253287792074214,15.912041290928249,15.632067286690534,15.391182746514744,15.232343524789266,14.95858274482302,14.78694048422971,14.45372024683448,,17.840255637905443,15.232343524789266,14.95858274482302,,,16.26489847561638,"rgba(38, 166, 154, 0.5)",1.320324226492563,17.729010889133,3.522611353744781,59.59129866323391,17.281721999466555,False,True,True,False,False,20.0,0.0,0.0,0.0,0.0,0,1.1419905213270145,0.7795260663507111,False,False,False,False,0.2973887556247994,0.2954723232750618,False,False,False,False,1614500.0,1168584.256987065,False,False,False,False,26026.576996949985,False,False,False,False
2025-09-15 14:00:00+00:00,22.46,22.715,22.33,22.67,23052.0,,,,,,19.671804172656824,17.86324532687216,17.544672843447128,17.09039154832624,16.768457460543267,16.274875262856476,15.932564644905769,15.651683682000943,15.410167750391164,15.25106967198099,14.976804423154855,14.80488156684191,14.471044968199653,,17.86324532687216,15.25106967198099,14.976804423154855,,,16.285512563244414,"rgba(38, 166, 154, 0.5)",1.316276816500914,17.75144550167625,3.736717411310826,62.1872102496792,17.281721999466555,False,True,True,False,False,20.0,0.0,0.0,0.0,0.0,0,1.1470367591897979,0.7695048762190552,False,False,False,False,0.3222907445324087,0.30888153390373524,False,False,False,False,1637552.0,1175855.0747081956,False,False,False,False,25980.459524129055,False,False,False,False
2025-09-15 15:00:00+00:00,22.675,22.89,22.62,22.85,29607.0,,,,,,19.703397031153884,17.89378000640435,17.575378748414167,17.1207370064526,16.798327234973357,16.303325165808698,15.959586758490367,15.67749378121002,15.435132129595384,15.275683265157875,15.000738899032378,14.828437890729376,14.49377561692508,,17.89378000640435,15.275683265157875,15.000738899032378,,,16.312753348795965,"rgba(38, 166, 154, 0.5)",1.3161020285485752,17.781727295669306,3.8509724887515695,65.19347085094738,17.281721999466555,False,True,True,False,True,20.0,0.0,0.0,0.0,0.0,0,1.156716417910448,0.7656716417910451,False,False,False,False,0.3428282433193998,0.32585488861156753,False,False,False,False,1667159.0,1183472.1898289989,False,False,False,False,26036.68495786349,False,False,False,False
2025-09-15 16:00:00+00:00,22.855,23.03,22.685,22.695,26688.0,,,,,,19.731481866404234,17.921074109178225,17.60283819099387,17.147894561712768,16.825073373127815,16.328823325748317,15.98382179311605,15.700653888774951,15.4575415553038,15.297781704107528,15.022234179836119,14.849597141896302,14.514199948866755,,17.921074109178225,15.297781704107528,15.022234179836119,,,16.33715504915898,"rgba(38, 166, 154, 0.5)",1.3115270550836315,18.14964249261326,3.4656986218991097,64.7754150073458,17.281721999466555,False,True,True,False,True,20.0,0.0,0.0,0.0,0.0,0,1.161522438932021,0.773527740958152,False,False,False,False,0.3428282434872108,0.33434156604938914,False,False,False,False,1640471.0,1190557.442699867,False,False,False,False,26046.782865493515,False,False,False,False
2025-09-15 17:00:00+00:00,22.695,22.76,22.54,22.565,21930.0,,,,,,19.752839156667577,17.942449920441714,17.624406419726185,17.169306255515398,16.846211012640808,16.349042657466327,16.003080961272385,15.71908868990374,15.475401125484442,15.315406330489616,15.039398469461231,14.866505006214572,14.530541807799313,,17.942449920441714,15.315406330489616,15.039398469461231,,,16.35643675485256,"rgba(38, 166, 154, 0.5)",1.2964901927203105,18.165214650685517,3.393612519415056,62.62471422836795,17.281721999466555,False,True,True,False,True,20.0,0.0,0.0,0.0,0.0,0,1.150547789950888,0.7835285228560637,False,False,False,False,0.3203168877262421,0.3273292268878156,False,False,False,False,1618541.0,1197192.8466890166,False,False,False,False,25982.95677455563,False,False,False,False
2025-09-15 18:00:00+00:00,22.565,22.72,22.56,22.66,16207.0,,,,,,19.7685569611387,17.958206582515395,17.640306459892898,17.185094940294153,16.861800827185004,16.363961343290278,16.017295956949678,15.732698753857186,15.488588801216666,15.328421485982547,15.052075369934444,14.878993412705588,14.542613899987979,,17.958206582515395,15.328421485982547,15.052075369934444,,,16.370662676534657,"rgba(38, 166, 154, 0.5)",1.2836292615397993,18.178771747900733,3.491061154779016,62.126499776212206,17.281721999466555,False,True,True,False,True,20.0,0.0,0.0,0.0,0.0,0,1.1499058380414313,0.7838041431261774,False,False,False,False,0.319240056180226,0.3232846415340208,False,False,False,False,1634748.0,1203976.6475155435,False,False,False,False,25831.39155324469,False,False,False,False
2025-09-15 19:00:00+00:00,22.665,22.72,22.59,22.645,37909.0,,,,,,19.804726031666082,17.99469209577923,17.67714395760792,17.221705892467952,16.897972228022233,16.39860996020614,16.050334090116234,15.764348380625961,15.519268263684445,15.358705560971055,15.081582350178397,14.908067158244133,14.57072871897859,,17.99469209577923,15.358705560971055,15.081582350178397,,,16.403683437580643,"rgba(38, 166, 154, 0.5)",1.2674406253307762,18.211260141153105,3.4981834811313384,61.55347661455598,17.281721999466555,False,True,True,False,False,20.0,0.0,0.0,0.0,0.0,0,1.1509966152688982,0.7843174125611136,False,False,False,False,0.32085557289740446,0.3220701072157126,False,False,False,False,1596839.0,1210067.536701349,False,False,False,False,26018.641296605238,False,False,False,False
2025-09-16 14:00:00+00:00,22.425,22.435,22.05,22.06,31004.0,,,,,,19.828866001027905,18.021143617628244,17.704062750150296,17.248725393111073,16.924831644614702,16.424556155892986,16.075204379778818,15.788266913446613,15.54252428711127,15.381703699512009,15.104057185854792,14.930250593399283,14.59224905340858,,18.021143617628244,15.381703699512009,15.104057185854792,,,16.428187821148967,"rgba(38, 166, 154, 0.5)",1.2441939682504337,18.228281682377773,3.0796792263913066,54.29456437336856,10.475307718362465,False,True,True,False,False,18.794935229594877,0.0,0.0,0.0,0.0,0,1.129841386942088,0.7926964219845081,False,False,False,False,0.27698317869533295,0.2995266429555228,False,False,False,False,1565835.0,1215583.3113261343,False,False,False,False,26095.933679603608,False,False,False,False
2025-09-16 15:00:00+00:00,22.06,22.11,21.81,21.945,32632.0,,,,,,19.851352267862044,18.04712825178353,17.73063292472767,17.27555531194303,16.95160173999268,16.450549143586485,16.1002000046117,15.812363843227548,15.565997033729962,15.404941282168277,15.126806317006075,14.952727904706732,14.614095779153278,,18.04712825178353,15.404941282168277,15.126806317006075,,,16.452611677269154,"rgba(239, 83, 80, 1.0)",1.2151118659806506,18.244004654627577,3.0458062742935614,48.52417435851571,5.159310676889746,False,True,False,True,False,17.2634789346213,0.0,0.0,0.0,0.0,0,1.123280132085856,0.8057237204182722,False,False,False,False,0.2475354008128651,0.2735310218841939,False,False,False,False,1533203.0,1220507.6475846437,False,False,False,False,26197.268041160143,False,False,False,False
2025-09-16 16:00:00+00:00,21.945,22.15,21.945,22.015,17659.0,,,,,,19.863788377507465,18.06133823402559,17.745148794172497,17.29019848122401,16.96620458082939,16.464720959571295,16.113825561559537,15.825498003078877,15.578789385096139,15.41760399173751,15.139200743888392,14.964972921437568,14.625995210850324,,18.06133823402559,15.41760399173751,15.139200743888392,,,16.46594501884451,"rgba(239, 83, 80, 1.0)",1.1801264743643487,18.25406892063412,3.186888152298788,45.641040483228004,2.5898962393591347,False,True,False,True,False,17.843131510465803,0.0,0.0,0.0,0.0,0,1.1350009196247934,0.803568144197168,False,False,False,False,0.25660927567693215,0.265070148780563,False,False,False,False,1550862.0,1225629.4204903082,False,False,False,False,26064.891792459985,False,False,False,False
2025-09-16 17:00:00+00:00,22.005,22.07,21.695,21.75,15606.0,,,,,,19.873669003748564,18.073189859260772,17.75730674953896,17.30252688229007,16.978538023595952,16.476741795161793,16.12541359789735,15.836689991781007,15.589706584234285,15.428420267408804,15.149803367702278,14.97545666224345,14.636198932062044,,18.073189859260772,15.428420267408804,15.149803367702278,,,16.477204747455797,"rgba(239, 83, 80, 1.0)",1.154509958052929,18.261593963686234,3.021546944642151,41.54620106393594,-1.1726330280844337,False,True,False,True,False,14.376848998867874,0.0,0.0,0.0,0.0,0,1.1265730439540402,0.8033923034834948,False,False,False,False,0.2395318117540094,0.2523009802672862,False,False,False,False,1535256.0,1230429.8325757298,False,False,False,False,25902.738431336573,False,False,False,False
2025-09-16 18:00:00+00:00,21.75,21.83,21.675,21.82,25772.0,,,,,,19.889252236832675,18.092273335788374,17.776918096645076,17.322458288396078,16.998505874914173,16.49624277936827,16.14423688542534,15.854887604784345,15.607470401694787,15.446027177041971,15.167074326524128,14.992540713805157,14.652838836293482,,18.092273335788374,15.446027177041971,15.167074326524128,,,16.495440504424145,"rgba(239, 83, 80, 1.0)",1.1326028302857558,18.27379957305711,3.1310185107414767,39.84544529930862,-2.78188135538516,False,True,False,True,False,14.980839601905096,0.0,0.0,0.0,0.0,0,1.1251366120218584,0.8120218579234977,False,False,False,False,0.226173209854072,0.23923709506067908,False,False,False,False,1561028.0,1235555.3855590518,False,False,False,False,25900.711478912748,False,False,False,False
2025-09-16 19:00:00+00:00,21.82,21.82,21.485,21.54,47113.0,,,,,,19.914727056543516,18.125161626666237,17.81086337653096,17.357145837735718,17.033373522278612,16.53045397332494,16.17735626617913,15.88697607543652,15.638845884753705,15.477155228260807,15.197656307408746,15.022819110882173,14.682379185579975,,18.125161626666237,15.477155228260807,15.197656307408746,,,16.527301034737004,"rgba(239, 83, 80, 1.0)",1.1094966880982722,18.294135308877145,2.925528959159323,36.61596898041799,-5.924752216309962,False,True,False,True,False,11.464713062475035,0.0,0.0,0.0,0.0,0,1.1163590300398123,0.8159609120521175,False,False,False,False,0.21595134014272546,0.2275942176017023,False,False,False,False,1513915.0,1239871.0384961208,False,False,False,False,26229.584169162164,False,False,False,False
2025-09-17 14:00:00+00:00,21.885,22.08,21.73,22.06,17646.0,,,,,,19.92595467507573,18.138512857141357,17.824551474063,17.371025046875005,17.047261682954648,16.54400337837918,16.190430980330266,15.899614266227875,15.651180301218353,15.489377919532123,15.209642007394313,15.034672712143749,14.693921101306584,,18.138512857141357,15.489377919532123,15.209642007394313,,,16.540011415587863,"rgba(239, 83, 80, 0.75)",1.0861479293008198,18.304716906267686,3.45743244766823,40.63090114090605,-5.924752216309962,False,True,False,True,True,15.845212136470746,0.0,0.0,0.0,0.0,0,1.1123395149786022,0.8059914407988589,False,False,False,False,0.24185229094467428,0.2347232542731883,False,False,False,False,1531561.0,1244393.3634806771,False,False,False,False,26096.505344834066,False,False,False,False
2025-09-17 15:00:00+00:00,22.065,22.105,21.845,21.89,21832.0,,,,,,19.93960842605038,18.154860129955594,17.84132140731701,17.388044007080033,17.064301563170662,16.560642827044372,16.206497732839274,15.915152153963039,15.666350109372724,15.504413134484226,15.224390373062505,15.049261158144356,14.708130817889565,,18.154860129955594,15.504413134484226,15.224390373062505,,,16.555613372336442,"rgba(239, 83, 80, 0.75)",1.0642670488892747,18.317725100055377,3.356558773169609,41.867357947749056,-5.924752216309962,False,True,False,True,True,13.802747701163732,0.0,0.0,0.0,0.0,0,1.1120750708215301,0.8075424929178472,False,False,False,False,0.2490880488934541,0.2419056515833212,False,False,False,False,1509729.0,1248507.0942794262,False,False,False,False,26030.388982898654,False,False,False,False
2025-09-17 16:00:00+00:00,21.89,22.01,21.84,21.94,14092.0,,,,,,19.948251638312122,18.165291498657897,17.85203004792197,17.398922322332297,17.075200236409064,16.571295778028862,16.216790893887655,15.925111533990844,15.676077188065983,15.51405584483296,15.233852306658441,15.058622295459765,14.717252245792631,,18.165291498657897,15.51405584483296,15.233852306658441,,,16.5655964484885,"rgba(239, 83, 80, 0.75)",1.0443215953884752,18.326024255276785,3.4605965831615886,43.22117087452205,-5.924752216309962,False,True,False,True,True,14.212912890995785,0.0,0.0,0.0,0.0,0,1.1285868005738884,0.808464849354376,False,False,False,False,0.243917085463629,0.2429113685234751,False,False,False,False,1523821.0,1252775.5269262567,False,False,False,False,25845.297680838208,False,False,False,False
2025-09-17 17:00:00+00:00,21.945,22.07,21.88,22.06,16085.0,,,,,,19.958387644408084,18.177358484148904,17.8644034143552,17.411475554977763,17.087767779003844,16.58356950412593,16.228644865948848,15.936577551538905,15.687272847161722,15.525152391074018,15.244737759962222,15.06938997846027,14.727741146907368,,18.177358484148904,15.525152391074018,15.244737759962222,,,16.57711376323639,"rgba(239, 83, 80, 0.75)",1.023925593791735,18.335953782324236,3.6370281593266127,45.4132163620731,-11.695348650288885,False,True,False,True,True,15.194554085722448,0.0,0.0,0.0,0.0,0,1.1327116212338595,0.7973457675753229,False,False,False,False,0.2490880488934541,0.2459997087084646,False,False,False,False,1539906.0,1257227.16216771,False,False,False,False,25693.97523617405,False,False,False,False
2025-09-17 18:00:00+00:00,22.07,22.395,21.595,21.82,11261.0,,,,,,19.96519509010172,18.18561502288999,17.872883297222106,17.42009632709715,17.0964093416247,16.592024009999342,16.236819416185128,15.94449119489563,15.695004821055667,15.532818736532143,15.2522628156422,15.076836224052013,14.734999280263843,,18.18561502288999,15.532818736532143,15.2522628156422,,,16.58503504442782,"rgba(239, 83, 80, 0.75)",0.9997169329095524,18.342596617366727,3.4783879998038256,44.57302289852531,-11.695348650288885,False,True,False,True,True,12.316867389339812,0.0,0.0,0.0,0.0,0,1.1212545996145087,0.7874540038549152,False,False,False,False,0.2511600797134723,0.24857989421096846,False,False,False,False,1528645.0,1261435.1906612338,False,False,False,False,25470.208178248868,False,False,False,False
2025-09-17 19:00:00+00:00,21.79,21.97,21.68,21.785,34011.0,,,,,,19.98418799525946,18.209509372238863,17.897500331383014,17.445219810881888,17.121653775321995,16.616803914304725,16.260828701733946,15.967770163367751,15.717776212620485,15.555412293736486,15.274464848190032,15.098819984414384,14.756453217472854,,18.209509372238863,15.555412293736486,15.274464848190032,,,16.608184663148144,"rgba(239, 83, 80, 0.75)",0.9735226830508632,18.36102875986919,3.5170944650212332,43.69488504200985,-11.695348650288885,False,True,False,True,True,11.904261905692877,0.0,0.0,0.0,0.0,0,1.1284243587506548,0.7993369394521029,False,False,False,False,0.23282445498028156,0.240702174595625,False,False,False,False,1494634.0,1265050.6760773386,False,False,False,False,25602.623555330283,False,False,False,False
2025-09-18 14:00:00+00:00,21.52,21.575,21.26,21.34,16258.0,,,,,,19.991074647267613,18.21950165493428,17.907908381271277,17.45598267744564,17.132553790487318,16.627615340870584,16.271369879008645,15.978037808529404,15.727855540659013,15.565433965919604,15.28434643691971,15.108623753169136,14.766055001148363,,18.21950165493428,15.565433965919604,15.28434643691971,,,16.618181452125434,"rgba(239, 83, 80, 1.0)",0.9442211481304124,18.367364025226333,3.1482412575269887,39.73540193851257,-11.695348650288885,False,True,False,True,False,6.8842677689225376,0.0,0.0,0.0,0.0,0,1.1079965606190887,0.8104901117798797,False,False,False,False,0.19101898979021553,0.21586058219292026,False,False,True,False,1478376.0,1268358.0454404806,False,False,False,False,25457.745670751516,False,False,False,False
2025-09-18 15:00:00+00:00,21.345,21.45,21.23,21.37,10636.0,,,,,21.349999999999998,19.99541060655605,18.225919312213932,17.914602816666527,17.462917839710904,17.13958506450085,16.634600106670735,16.278186596473994,15.98468236665467,15.734381726268449,15.571924798083224,15.290749740103333,15.114978453511304,14.772282067229096,21.349999999999998,18.225919312213932,15.571924798083224,15.290749740103333,,,16.962158678188793,"rgba(239, 83, 80, 1.0)",0.9131542354157899,18.61995057309951,3.011593573399243,37.50430482246319,-6.336021931530404,False,True,False,True,False,7.153869320397302,1.0,21.45,21.23,0.0,1,1.1087665122662549,0.8147195059186826,False,False,False,False,0.17659419773551718,0.19622738996421873,False,False,False,False,1489012.0,1271779.036984039,False,False,False,False,25227.951164228238,False,False,False,False
2025-09-18 16:00:00+00:00,21.37,21.43,21.285,21.39,12120.0,,,,,21.359764457725436,20.00038435464635,18.23324312737162,17.922240169141524,17.470827717773567,17.147603623027646,16.642565132641117,16.285960149260085,15.992259809133172,15.741824258696807,15.57932694867183,15.298052038419087,15.122225290555411,14.779383365937752,21.359764457725436,18.23324312737162,15.57932694867183,15.298052038419087,,,16.969690031642955,"rgba(239, 83, 80, 1.0)",0.8801152565800706,18.624762567165867,3.141903758809071,36.31381431399489,-7.717987584126291,False,True,False,True,False,7.336055293105542,0.0,0.0,0.0,0.0,0,1.1108023619312266,0.8258075720736366,False,False,False,False,0.17844120462639687,0.18733429729530782,False,False,False,False,1501132.0,1275334.8968757594,False,False,False,False,25024.727115170437,False,False,False,False
2025-09-18 17:00:00+00:00,21.39,21.6,21.29,21.6,16168.0,,,,,21.416630014044465,20.007580685911307,18.243357825945296,17.93275337567626,17.48167549652503,17.158576908679617,16.653436201160307,16.296554044645575,16.00257542829781,15.75194774473773,15.589390236710463,15.30797134726772,15.132064503564093,14.789016726795513,21.416630014044465,18.243357825945296,15.589390236710463,15.30797134726772,,,16.983109324282943,"rgba(239, 83, 80, 1.0)",0.8605894795152862,18.634144934880492,3.4463064396162286,38.510777019622296,-7.717987584126291,False,True,False,True,False,9.228362862835962,0.0,0.0,0.0,0.0,0,1.109918642894236,0.819975765968496,False,False,False,False,0.18769459888780682,0.18751444809155732,False,False,False,False,1517300.0,1279086.293823422,False,False,False,False,24887.413516485623,False,False,False,False
2025-09-18 18:00:00+00:00,21.6,21.67,21.48,21.585,16548.0,,,,,21.46486816171522,20.015274860583474,18.253903779379876,17.943694935707114,17.492942469346694,17.169961263821307,16.664699235321947,16.307522001908243,16.01324988219854,15.76241912320147,15.599796564860977,15.318224510475664,15.142232380718896,14.798967628531456,21.46486816171522,18.253903779379876,15.599796564860977,15.318224510475664,,,16.99626834269792,"rgba(239, 83, 80, 0.75)",0.836787733963549,18.643743366764358,3.5149375568688317,39.821038539696055,-7.717987584126291,False,True,False,True,True,9.057024617296964,0.0,0.0,0.0,0.0,0,1.1159020351845468,0.8139013452914801,False,False,False,False,0.20150189733725105,0.19450817271440418,False,False,False,False,1500752.0,1282522.9714385627,False,False,False,False,24758.120283671895,False,False,False,False
2025-09-18 19:00:00+00:00,21.585,21.8,21.54,21.8,36298.0,,,,,21.563144164759727,20.0333259170185,18.277734263283083,17.96834963642379,17.51825032202343,17.195487027027866,16.68989898071766,16.332033501107027,16.03708625846992,15.785786867132996,15.623009225335485,15.341080259409633,15.164889108906063,14.821125697647735,21.563144164759727,18.277734263283083,15.623009225335485,15.341080259409633,,,17.02508580209021,"rgba(239, 83, 80, 0.75)",0.8145232950618037,18.666067375226216,3.8475665997201354,43.539033848644586,-12.118087592897673,False,True,False,True,True,10.962278913114076,0.0,0.0,0.0,0.0,0,1.1175158689312064,0.8109452736318409,False,False,False,False,0.21163971454074243,0.2030739436275733,False,False,False,False,1537050.0,1286469.1269201355,False,False,False,False,24937.033147490936,False,False,False,False
2025-09-19 14:00:00+00:00,22.315,22.445,22.155,22.29,16871.0,,,,,21.677053813324008,20.044453927412846,18.290560785642388,17.981467376741275,17.53153148109891,17.20877309834341,16.70287634718763,16.344577515602005,16.049229064978714,15.797648349991807,15.634766012920515,15.352615285269026,15.176299999532134,14.832243883403844,21.677053813324008,18.290560785642388,15.634766012920515,15.352615285269026,,,17.04457835296061,"rgba(38, 166, 154, 0.5)",0.7953404563088577,18.682985407226944,4.53518309569346,50.51864697653018,-5.624964555299101,False,True,True,False,True,14.994175309376214,0.0,0.0,0.0,0.0,0,1.1240531896987043,0.8042417101498064,False,False,False,False,0.27983653466856667,0.24145523914807,False,False,False,False,1553921.0,1290615.6675880405,False,False,False,False,24811.978370010453,False,False,False,False
2025-09-19 15:00:00+00:00,22.3,22.425,22.185,22.365,21427.0,,,,,21.78379446392144,20.058606112973994,18.306847937036384,17.998122013256825,17.548392820195943,17.22564104000213,16.719354940928064,16.36050865234144,16.06465291552162,15.81271626515097,15.649701383529768,15.367269850806489,15.190797320066325,14.846370360522068,21.78379446392144,18.306847937036384,15.649701383529768,15.367269850806489,,,17.066626862589533,"rgba(38, 166, 154, 0.5)",0.7746439868135863,18.70261186307377,4.727833946005394,55.70786418631623,-1.0202782630021758,False,False,True,False,True,15.578502633022342,0.0,0.0,0.0,0.0,0,1.1237648635069502,0.8069000167476138,False,False,False,False,0.27842331220277705,0.2599392756754235,False,False,False,False,1575348.0,1295030.1223541172,False,False,False,False,24759.498085204086,False,False,False,False
2025-09-19 16:00:00+00:00,22.38,22.65,22.32,22.645,14338.0,,,,,21.858712253415142,20.06886065092285,18.31824808236125,18.00974138022332,17.56011055640785,17.23733595552701,16.730745439955648,16.37150134845496,16.07528186995682,15.823089283906112,15.659976496499837,15.377341300836548,15.200754598469182,14.85606226459692,21.858712253415142,18.31824808236125,15.659976496499837,15.377341300836548,,,17.081982962966674,"rgba(38, 166, 154, 0.5)",0.761400156421274,18.71677375293477,5.159213869259815,60.97366239897576,3.6139660391711033,False,False,True,False,True,17.703986836320713,0.0,0.0,0.0,0.0,0,1.1265100671140942,0.8117449664429531,False,False,False,False,0.2991361458557305,0.279537710765577,False,False,False,False,1589686.0,1299598.4305346736,False,False,False,False,24597.924471479993,False,False,False,False
2025-09-19 17:00:00+00:00,22.65,22.78,22.63,22.735,21617.0,,,,,21.97020507198802,20.085256444174508,18.336034802887713,18.02782661978053,17.57829666080446,17.255455433795674,16.748354375264793,16.38847365278372,16.091677271321213,15.839077898021323,15.675806585942173,15.392845672118803,15.216076219373585,14.870963366402524,21.97020507198802,18.336034802887713,15.675806585942173,15.392845672118803,,,17.105453576761356,"rgba(38, 166, 154, 1.0)",0.7564884974981376,18.739038629829373,5.282250005632721,65.00302548333983,7.130586166779743,True,False,True,False,True,18.36838986292844,0.0,0.0,0.0,0.0,0,1.1323726541554964,0.803619302949062,False,False,False,False,0.32479686074344283,0.3021672857545099,False,False,False,False,1611303.0,1304431.059518632,False,False,False,False,24551.708588201232,False,False,False,False
2025-09-19 18:00:00+00:00,22.74,22.94,22.705,22.75,20336.0,,,,,22.060572676035683,20.100979168738647,18.352952568209318,18.0450139284139,17.595563983612358,17.27265059897579,16.7650555289418,16.40456672086954,16.107220487050522,15.85423294474656,15.690809421320091,15.407536896909965,15.230592511489464,14.88507833139923,22.060572676035683,18.352952568209318,15.690809421320091,15.407536896909965,,,17.126630411908064,"rgba(38, 166, 154, 1.0)",0.7518525289080092,18.75954440109104,5.307497741218876,67.78030211439686,9.616877215070005,True,False,True,False,True,18.479853485008512,0.0,0.0,0.0,0.0,0,1.1355819001502754,0.7984638503923861,False,False,False,False,0.3386325737341117,0.3203999297443108,False,False,False,False,1631639.0,1309504.0508439245,False,False,False,False,24486.348765128347,False,False,False,False
2025-09-19 19:00:00+00:00,22.75,22.865,22.61,22.835,45897.0,,,,,22.20076533365482,20.135437400903328,18.390426987513845,18.083124507426664,17.633908474375048,17.31087256644953,16.80223669143712,16.440432734728144,16.14188964841443,15.88805689651167,15.724304568231204,15.440354441295453,15.263029510426577,14.91663746637251,22.20076533365482,18.390426987513845,15.724304568231204,15.440354441295453,,,17.169391230552883,"rgba(38, 166, 154, 1.0)",0.745689867423799,18.801464829860123,5.409132330139995,70.17140774966032,11.90917850980945,True,False,True,False,True,19.115864113122154,0.0,0.0,0.0,0.0,0,1.128379499087743,0.8029523967490465,False,False,False,False,0.32837380569593916,0.324386867720125,False,False,False,False,1677536.0,1315209.9725362668,False,False,False,False,24818.296846289144,False,False,False,False
2025-09-22 14:00:00+00:00,22.805,22.87,22.675,22.77,14694.0,,,,,22.234735061078496,20.146288870885638,18.402294988518452,18.095200381019293,17.646068660757066,17.32300102454887,16.814046490711963,16.45183304110938,16.152915691171774,15.898818487364558,15.734963734479816,15.450801669570874,15.27335766002683,14.926689989951994,22.234735061078496,18.402294988518452,15.734963734479816,15.450801669570874,,,17.182215410799643,"rgba(38, 166, 154, 1.0)",0.7386841539382204,18.814134735146524,5.355286483083706,70.52540077895202,12.495026627830654,True,False,True,False,True,18.29665360225473,0.0,0.0,0.0,0.0,0,1.1297368856528216,0.8060565944067517,False,False,False,False,0.3323583747477285,0.32837262123392674,False,False,False,False,1662842.0,1320599.6163729138,False,False,False,False,24661.331003711017,False,False,False,False
2025-09-22 15:00:00+00:00,22.765,22.92,22.705,22.835,14700.0,,,,,22.26761637046946,20.157253966978615,18.41423429935216,18.10734332060317,17.65829052420659,17.335187801191044,16.825909919255473,16.463283905647895,16.163989882514333,15.909626331310031,15.745668061843135,15.461292218775101,15.283728054164738,14.936782706898835,22.26761637046946,18.41423429935216,15.745668061843135,15.461292218775101,,,17.195014811657895,"rgba(38, 166, 154, 1.0)",0.725763177069032,18.82686001793958,5.522655473162949,71.26850376225848,13.633421535638199,True,False,True,False,True,18.795854041848358,0.0,0.0,0.0,0.0,0,1.1268582755203174,0.8095474066732742,False,False,False,False,0.337201509300018,0.3327870652669724,False,False,False,False,1677542.0,1326133.6068167444,False,False,False,False,24506.891763343403,False,False,False,False
2025-09-22 16:00:00+00:00,22.835,22.92,22.75,22.85,7605.0,,,,,22.283783117614657,20.16293384416812,18.420413695657263,18.113627524501,17.6646152440358,17.34149432089653,16.832049468461044,16.46921041509501,16.16972182607618,15.91522064287545,15.751208847754581,15.466722476528506,15.289096175418976,14.94200724076071,22.283783117614657,18.420413695657263,15.751208847754581,15.466722476528506,,,17.2015789171317,"rgba(38, 166, 154, 1.0)",0.7172426430498648,18.833405594241647,5.6000496410516805,71.88690744099782,14.74837496724912,True,False,True,False,True,18.91212922958191,0.0,0.0,0.0,0.0,0,1.1283582089552244,0.813598673300166,False,False,False,False,0.33997247220383503,0.3363797687354037,False,False,False,False,1685147.0,1331699.7059358647,False,False,False,False,24244.846929803196,False,False,False,False
2025-09-22 17:00:00+00:00,22.85,22.995,22.83,22.975,8702.0,,,,,22.30411858668787,20.169629155857525,18.427612192200765,18.12093935814772,17.67196354473358,17.348815024597084,16.839168167567838,16.476077457923935,16.17636012762682,15.921696976953012,15.757621603656325,15.47300476607204,15.295305092470215,14.948047477405021,22.30411858668787,18.427612192200765,15.757621603656325,15.47300476607204,,,17.209311395135696,"rgba(38, 166, 154, 1.0)",0.7086033910206142,18.84118430931355,5.833750929038657,73.30853764306967,16.631175289901535,True,False,True,False,True,19.881760717889808,0.0,0.0,0.0,0.0,0,1.127450980392157,0.8123961448986378,False,False,False,False,0.34282824176539206,0.3396040052503979,False,False,False,False,1693849.0,1337314.4236732933,False,False,False,False,24003.872558798495,False,False,False,False
2025-09-22 18:00:00+00:00,22.98,23.155,22.975,23.075,7156.0,,,,,22.323299475412675,20.175378539664177,18.43369146502498,18.127103775803008,17.67814565998888,17.354965965758673,16.8451391255159,16.481831409807068,16.1819181818093,15.927116142281921,15.762985543888469,15.478256368783375,15.300493489729565,14.953091625321315,22.323299475412675,18.43369146502498,15.762985543888469,15.478256368783375,,,17.21595834062781,"rgba(38, 166, 154, 1.0)",0.7021719650261017,18.84794828988465,6.019966504869244,74.98815463999753,18.70507395843491,True,False,True,False,True,20.0,0.0,0.0,0.0,0.0,0,1.1295835407333668,0.8068690890990542,False,False,False,False,0.3428282420865117,0.3412161236684548,False,False,False,False,1701005.0,1342953.037259754,False,False,False,False,23742.665232305495,False,False,False,False
2025-09-22 19:00:00+00:00,23.075,23.195,22.98,23.185,29263.0,,,,,22.397458595227796,20.199069742334895,18.458661852748733,18.15241478148422,17.703520366346353,17.380208141002033,16.869639220485478,16.505440627914144,16.204723558866416,15.94935117055231,15.784993175526058,15.499802041925195,15.321779144880368,14.973784503717505,22.397458595227796,18.458661852748733,15.784993175526058,15.499802041925195,,,17.242917637357966,"rgba(38, 166, 154, 1.0)",0.6961178255347124,18.87553865112499,6.190706789565057,76.84609543356541,20.88088416973602,True,False,True,False,True,20.0,0.0,0.0,0.0,0.0,0,1.1254953764861295,0.8079590488771469,False,False,False,False,0.3428282421325149,0.3420221829004848,False,False,False,False,1730268.0,1348957.9204030137,False,False,False,False,23828.251817851145,False,False,False,False
2025-09-23 14:00:00+00:00,23.53,23.605,23.38,23.53,17486.0,,,,,22.45581559001432,20.2148873221118,18.47467813849605,18.168579885410843,17.719640035532407,17.396190948875212,16.885084214987838,16.52028472070621,16.21903411791844,15.963281986513525,15.798767978836569,15.513266232118141,15.335068310939977,14.986681504411129,22.45581559001432,18.47467813849605,15.798767978836569,15.513266232118141,,,17.260804356205178,"rgba(38, 166, 154, 1.0)",0.6949068250460962,19.23234447158606,6.184506143149275,79.80291971456984,23.984070900542463,True,False,True,False,True,20.0,0.0,0.0,0.0,0.0,0,1.1338788870703764,0.8018003273322422,False,False,False,False,0.34282824290556324,0.342425212903024,False,False,False,False,1747754.0,1355140.8053580057,False,False,False,False,23729.922332303064,False,False,False,False
2025-09-23 15:00:00+00:00,23.54,23.595,23.42,23.47,13318.0,,,,,22.495910201440793,20.226797106325044,18.486784593613514,18.180803539539784,17.731836300332205,17.40828837579342,16.896781859592434,16.53153224821494,16.229881090878006,15.973843786425247,15.80921288660639,15.523477929851722,15.345148569783154,14.996466718387572,22.495910201440793,18.486784593613514,15.80921288660639,15.523477929851722,,,17.274054657627445,"rgba(38, 166, 154, 1.0)",0.6898657135289838,19.24550547457201,6.123647606456242,80.36483795949209,24.81622324140686,True,False,True,False,True,20.0,0.0,0.0,0.0,0.0,0,1.1352057478772049,0.8007838014369696,False,False,False,False,0.34282824247892957,0.3426267276909768,False,False,False,False,1734436.0,1361021.35101137,False,False,False,False,23568.497179864255,False,False,False,False
2025-09-23 16:00:00+00:00,23.47,23.58,23.31,23.335,17990.0,,,,,22.54110802103698,20.24232524151209,18.50276423340157,18.19695865574305,17.747982980872422,17.424322030587607,16.91231081242906,16.546479597729896,16.244307796882875,15.98789990170093,15.823118383184147,15.537080992610827,15.35858116178487,15.009514508261551,22.54110802103698,18.50276423340157,15.823118383184147,15.537080992610827,,,17.291053879838422,"rgba(38, 166, 154, 0.75)",0.6818185803985755,19.260854069349858,5.975410538487366,77.72453506458928,24.81622324140686,True,False,True,False,False,20.0,0.0,0.0,0.0,0.0,0,1.1283894152237834,0.8067624959163674,False,False,False,False,0.3353440228535845,0.3389853752722807,False,False,False,False,1716446.0,1366531.8106856123,False,False,False,False,23482.008851494265,False,False,False,False
2025-09-23 17:00:00+00:00,23.34,23.445,23.13,23.255,12396.0,,,,,22.565386004057874,20.252495668326883,18.513420831702877,18.207752568540123,17.758797933130687,17.435078243336537,16.922751989856245,16.5565444013674,16.254032733983163,15.997383064345712,15.832504574447759,15.546270561129369,15.36765990146505,15.018340976996466,22.565386004057874,18.513420831702877,15.832504574447759,15.546270561129369,,,17.302029960906157,"rgba(38, 166, 154, 0.75)",0.6777939042044636,19.269810575060003,5.879647781160661,74.30059132120616,29.76027323188852,True,False,True,False,False,20.0,0.0,0.0,0.0,0.0,0,1.1211776187378009,0.8134352635003255,False,False,False,False,0.31649307506168584,0.3277392251669833,False,False,False,False,1704050.0,1371764.6508300214,False,False,False,False,23310.132745269548,False,False,False,False
2025-09-23 18:00:00+00:00,23.265,23.45,23.1,23.12,11911.0,,,,,22.5856112319785,20.26203293344126,18.523501609037694,18.217972364281252,17.769049900679995,17.44528240928011,16.932668485509105,16.56611056746419,16.263281098353577,16.006405383224486,15.841436825886756,15.555019269838557,15.376305145283402,15.026749710472886,22.5856112319785,18.523501609037694,15.841436825886756,15.555019269838557,,,17.31224478105227,"rgba(38, 166, 154, 0.75)",0.6784187895792744,19.278208164653385,5.662861781480325,69.41723661138207,25.17370275708882,True,False,True,False,False,18.488843834597514,0.0,0.0,0.0,0.0,0,1.1172291296625225,0.814790892943646,False,False,False,False,0.3146569578215706,0.3211980914942769,False,False,False,False,1692139.0,1376731.6950031992,False,False,False,False,23133.40200503281,False,False,False,False
2025-09-23 19:00:00+00:00,23.135,23.19,23.005,23.11,25270.0,,,,,22.617206181995265,20.28124244784062,18.54419644744982,18.238993351042318,17.79019093338237,17.4663592000374,16.953199079197528,16.585945954969883,16.282479512774206,16.025150998260244,15.86000473763453,15.573220938586191,15.394300352118282,15.044268506204824,22.617206181995265,18.54419644744982,15.86000473763453,15.573220938586191,,,17.332625617249537,"rgba(38, 166, 154, 0.75)",0.6790489639898215,19.29423902363721,5.6192722155747,65.97183802654459,22.032527295322424,True,False,True,False,False,18.35621937725024,0.0,0.0,0.0,0.0,0,1.110753380553767,0.8256600128783003,False,False,False,False,0.2929864188642694,0.3070922551792732,False,False,False,False,1666869.0,1381229.9477938472,False,False,False,False,23166.52755534238,False,False,False,False
2025-09-24 14:00:00+00:00,23.21,23.26,22.88,23.075,23864.0,,,,,22.642045787516427,20.2989556332574,18.563441283329286,18.25855783098595,17.809890478316156,17.486014400289022,16.972368312465193,16.604481758573893,16.300431712044723,16.04268824891504,15.877380281774036,15.590261281647736,15.411151674840037,15.060681586927654,22.642045787516427,18.563441283329286,15.877380281774036,15.590261281647736,,,17.35131073363447,"rgba(38, 166, 154, 0.75)",0.6768540902289165,19.309848949431206,5.5627218700789625,62.9614120591888,19.275419152716594,True,False,True,False,False,17.88561683478944,0.0,0.0,0.0,0.0,0,1.1055662188099808,0.8278950735764556,False,False,False,False,0.28930060206902697,0.2981964286241501,False,False,False,False,1643005.0,1385288.4757350278,False,False,False,False,23177.34108161614,False,False,False,False
2025-09-24 15:00:00+00:00,23.075,23.22,22.7,22.735,37440.0,,,,,22.661234030375073,20.324456282112916,18.592070205335443,18.287757029254216,17.839416497861112,17.51555369599675,17.001288827550102,16.63251661409047,16.327635027373297,16.069301019388927,15.903769567015624,15.61617703111544,15.436800391491081,15.085700216346888,22.661234030375073,18.592070205335443,15.903769567015624,15.61617703111544,,,17.378119745379095,"rgba(38, 166, 154, 0.5)",0.6662804647127313,19.33046418823668,5.109763818801436,55.57100622706254,12.533617027901826,False,False,True,False,False,13.465151047558727,0.0,0.0,0.0,0.0,0,1.0967435978501425,0.8321214037306357,False,False,False,False,0.27082190960700786,0.284509169115579,False,False,False,False,1605565.0,1388703.6156461127,False,False,False,False,23398.467576474803,False,False,False,False
2025-09-24 16:00:00+00:00,22.735,22.775,22.535,22.625,29266.0,,,,22.645,22.66029008226095,20.34220626047142,18.612949607371938,18.309147768329055,17.861171673721934,17.537397716121774,17.022784952529772,16.65342264267886,16.347970664066764,16.089232442360576,15.923555078133614,15.635642272117632,15.456085062435887,15.104547204265723,22.66029008226095,18.612949607371938,15.923555078133614,15.635642272117632,,,17.746760228457724,"rgba(239, 83, 80, 1.0)",0.6566556819862603,19.624269905359167,4.569716179968453,49.3717576364597,7.09089523700505,False,True,False,True,False,12.096763003213816,0.0,0.0,0.0,0.0,0,1.0909526854219949,0.8553388746803069,False,False,False,False,0.22853192815155662,0.2565205486335678,False,False,False,False,1576299.0,1391612.0712174908,False,False,False,False,23489.437071413176,False,False,False,False
2025-09-24 17:00:00+00:00,22.625,22.84,22.62,22.795,39870.0,,,,22.706513538532743,22.66699713603848,20.367055240167545,18.641793921607505,18.33866198544701,17.891148243249702,17.56747413120584,17.052358295633596,16.68217364135935,16.375930525147975,16.116630673930604,15.950748166812332,15.662388470812436,15.482579102952657,15.13043341631213,22.66699713603848,18.641793921607505,15.950748166812332,15.662388470812436,,,17.77552576594733,"rgba(239, 83, 80, 1.0)",0.6568996248417818,19.64687755307967,4.792394953305958,48.178647795714674,6.1925080281246,False,True,False,True,False,13.594631040149743,0.0,0.0,0.0,0.0,0,1.0877136922831123,0.8581243010065506,False,False,False,False,0.2375971569099386,0.2470588527717532,False,False,False,False,1616169.0,1395093.5739893126,False,False,False,False,23743.39928736026,False,False,False,False
2025-09-24 18:00:00+00:00,22.795,22.89,22.73,22.875,40870.0,,,,22.75301107818361,22.678520058829875,20.39283794461548,18.671514829030258,18.36905331127719,17.92199714976187,17.59841713616243,17.08277924566025,16.71175049764549,16.40469583347779,16.144819009222786,15.97872466720121,15.689904668031291,15.509835371310972,15.157064259493351,22.678520058829875,18.671514829030258,15.97872466720121,15.689904668031291,,,17.804328337326922,"rgba(239, 83, 80, 1.0)",0.6578954159883891,19.671323307629514,4.8695835455205945,48.62947276554854,6.1925080281246,False,True,False,True,False,14.288830304160737,0.0,0.0,0.0,0.0,0,1.088390712570056,0.8600480384307447,False,False,False,False,0.24815382806368394,0.24760634041771856,False,False,False,False,1657039.0,1399154.743384827,False,False,False,False,24008.92798057948,False,False,False,False
2025-09-24 19:00:00+00:00,22.88,22.88,22.745,22.825,52756.0,,,,22.77364374567364,22.68996464686912,20.425132097531055,18.70912543971593,18.40755072168678,17.961132702269854,17.637712382993694,17.12147581009779,16.749418421552566,16.441364175996803,16.18077634495315,16.014424508359458,15.725038551420608,15.544649465017127,15.191102245563192,22.68996464686912,18.70912543971593,16.014424508359458,15.725038551420608,,,17.838167417313386,"rgba(239, 83, 80, 1.0)",0.6557413245212188,19.700400162812254,4.764988449476067,48.16639213025091,5.767046932222705,False,True,False,True,False,13.649671353256903,0.0,0.0,0.0,0.0,0,1.0861627162075596,0.8601857783472133,False,False,False,False,0.24848458742201257,0.24804546391986557,False,False,False,False,1604283.0,1402335.0264331242,False,False,False,False,24454.619019640264,False,False,False,False
2025-09-25 14:00:00+00:00,23.44,23.525,23.2,23.355,34036.0,,,,22.875053421952117,22.723959365917917,20.450144764958207,18.736192205805953,18.43505325411799,17.988839280822937,17.66537840414174,17.148520683088048,16.77562877896453,16.466796584527447,16.205652204040934,16.03908336795243,15.749244845536,15.568599612480575,15.214455338833416,22.723959365917917,18.736192205805953,16.03908336795243,15.749244845536,,,17.869506807542685,"rgba(38, 166, 154, 0.5)",0.6615988823155914,19.73143120645559,5.476987477460582,54.109408553574,5.767046932222705,False,False,True,False,True,18.058473756896472,0.0,0.0,0.0,0.0,0,1.085467399842891,0.8510604870384918,False,False,False,False,0.3227062765697332,0.2853758702447994,False,False,False,False,1638319.0,1405993.692689975,False,False,False,False,24603.16756197142,False,False,False,False
2025-09-25 15:00:00+00:00,23.355,23.45,23.22,23.43,42226.0,,,,22.96190185922752,22.762018417884985,20.4806595473055,18.769385035796454,18.468797618108155,18.0228622513323,17.699371777266787,17.18178479403402,16.80789123780473,16.498120300878522,16.23630384026088,16.069474325463418,15.779089462459334,15.598134825564253,15.243266464808588,22.762018417884985,18.769385035796454,16.069474325463418,15.779089462459334,,,17.905270783879697,"rgba(38, 166, 154, 0.5)",0.6690796892977624,19.7669093815923,5.474819632101409,58.678526780189955,0.7947341738088269,False,False,True,False,True,18.643275692610658,0.0,0.0,0.0,0.0,0,1.0875843666614344,0.8552817454088839,False,False,False,False,0.31891881805007416,0.30214734414743677,False,False,False,False,1680545.0,1410250.3021056342,False,False,False,False,24876.389770312948,False,False,False,False
2025-09-25 16:00:00+00:00,23.43,23.605,23.385,23.585,21367.0,,,,23.008108210345206,22.784215715241416,20.49669232013611,18.786572690397996,18.486243751083293,18.040420142040222,17.71689521505065,17.19890914178054,16.8244876904605,16.514225347396565,16.25205646525164,16.085088355261767,15.794415642864754,15.613297879413494,15.258050523983528,22.784215715241416,18.786572690397996,16.085088355261767,15.794415642864754,,,17.923978606047182,"rgba(38, 166, 154, 1.0)",0.676728198063458,19.785888452243068,5.613940070221049,62.91258823305691,4.791633860353002,True,False,True,False,True,19.83799020173818,0.0,0.0,0.0,0.0,0,1.097396486825596,0.8464554579673776,False,False,False,False,0.3410724784629598,0.3216099113051983,False,False,False,False,1701912.0,1414772.1888946942,False,False,False,False,24821.980626587167,False,False,False,False
2025-09-25 17:00:00+00:00,23.585,23.73,23.55,23.62,19656.0,,,,23.051991647830537,22.80634845647825,20.511815143652623,18.80263365277817,18.50252964947232,18.05679047528,17.733221537872915,17.21484915440767,16.83992856790696,16.529203627252237,16.26670261872776,16.09960273272941,15.808657918323535,15.627385885620068,15.271781800198706,22.80634845647825,18.80263365277817,16.09960273272941,15.808657918323535,,,17.941562857902074,"rgba(38, 166, 154, 1.0)",0.6771414146953778,19.803957649517518,5.6355175856422655,65.99631929045913,7.74004645647657,True,False,True,False,True,20.0,0.0,0.0,0.0,0.0,0,1.0986862683766032,0.8440725680325306,False,False,False,False,0.3428282407058595,0.3322190760055289,False,False,False,False,1721568.0,1419528.7130978773,False,False,False,False,24741.88790369434,False,False,False,False
2025-09-25 18:00:00+00:00,23.62,23.69,23.36,23.62,31190.0,,,,23.10256665606381,22.836149529429548,20.534932837349263,18.82750073189459,18.527778534222726,18.082216599924894,17.758609670865475,17.239681005481728,16.86401193133662,16.552587027690652,16.28958348419594,16.122286616671303,15.83093115563007,15.64942623232786,15.293279389466077,22.836149529429548,18.82750073189459,16.122286616671303,15.83093115563007,,,17.967436093503373,"rgba(38, 166, 154, 1.0)",0.6719380870236159,19.830173228027114,5.640142812502441,68.05213999539394,9.833932189058878,True,False,True,False,True,20.0,0.0,0.0,0.0,0.0,0,1.0938325306819947,0.8454248873698929,False,False,False,False,0.3271063979799792,0.32966273699275406,False,False,False,False,1721568.0,1424211.4927397708,False,False,False,False,24841.85863386962,False,False,False,False
2025-09-25 19:00:00+00:00,23.62,23.76,23.605,23.745,61532.0,,,,23.201733633966338,22.899161212929947,20.581689912335193,18.877301770183216,18.5782886658214,18.13301997234406,17.809302767033596,17.289227975398532,16.912051174441423,16.599221230750175,16.335207107731605,16.16751029652978,15.875325754461125,15.693350232201563,15.336111573470822,22.899161212929947,18.877301770183216,16.16751029652978,15.875325754461125,,,18.01923355197325,"rgba(38, 166, 154, 1.0)",0.6676177360148595,19.883348750173177,5.784225075981015,70.4439473268931,12.339648717355907,True,False,True,False,True,20.0,0.0,0.0,0.0,0.0,0,1.0998604434796093,0.8443169483640874,False,False,False,False,0.34282824078156776,0.3362454888871609,False,False,False,False,1783100.0,1429775.65564303,False,False,False,False,25410.698034894896,False,False,False,False
2025-09-26 14:00:00+00:00,23.87,23.99,23.77,23.835,16430.0,,,,23.229733362624255,22.917543757119418,20.594576791325935,18.890867510252928,18.592029511479726,18.146819503460833,17.82305996821631,17.302659780645218,16.925067096721612,16.61185160687953,16.34755970738653,16.179751698549833,15.887338298999406,15.70523277992749,15.347694284087364,22.917543757119418,18.890867510252928,16.179751698549833,15.887338298999406,,,18.033452377178424,"rgba(38, 166, 154, 1.0)",0.6659774229867667,19.898150077384432,5.911386462561503,72.7143993768811,14.780129392677239,True,False,True,False,True,20.0,0.0,0.0,0.0,0.0,0,1.1027344353468254,0.8397960760080334,False,False,False,False,0.34282824125984146,0.33953686507350117,False,False,False,False,1799530.0,1435508.2811369365,False,False,False,False,25271.462406446914,False,False,False,False
2025-09-26 15:00:00+00:00,23.835,24.1,23.775,24.095,17886.0,,,,23.263137022980455,22.939313327719372,20.609022994862723,18.905920795548035,18.607259758565995,18.162093332058948,17.83827379949112,17.31749698504344,16.939435399557198,16.62578754105089,16.361183817618123,16.19324975778318,15.900578636600315,15.718326675106606,15.36045225101661,22.939313327719372,18.905920795548035,16.19324975778318,15.900578636600315,,,18.0494354730002,"rgba(38, 166, 154, 1.0)",0.6733333244136475,19.914976372284787,6.207955964982518,75.82113324321054,18.002378991955226,True,False,True,False,True,20.0,0.0,0.0,0.0,0.0,0,1.1001689967736978,0.8402212321401136,False,False,False,False,0.34282824139284274,0.3411825532331719,False,False,False,False,1817416.0,1441429.33104179,False,False,False,False,25156.959113323708,False,False,False,False
2025-09-26 16:00:00+00:00,24.085,24.13,23.89,24.115,14757.0,,,,23.290488381906016,22.9575260140813,20.621042126181884,18.918407523303657,18.619888786958203,18.174753509689644,17.850881423136727,17.32978956773536,16.951338298738843,16.637331508403832,16.37246876686608,16.204429685440573,15.911544209168477,15.729170412244809,15.371016904798495,22.9575260140813,18.918407523303657,16.204429685440573,15.911544209168477,,,18.06267180791026,"rgba(38, 166, 154, 1.0)",0.6797306567795334,19.928953607831584,6.158389871660789,77.999239542967,20.349354900873323,True,False,True,False,True,20.0,0.0,0.0,0.0,0.0,0,1.1119483315392897,0.8379209595571275,False,False,False,False,0.3428282414611727,0.3420053973471723,False,False,False,False,1832173.0,1447487.372420987,False,False,False,False,24995.719437148146,False,False,False,False
2025-09-26 17:00:00+00:00,24.115,24.22,23.96,23.985,30666.0,,,,23.342298544998094,22.99384872774787,20.64582383949042,18.944212898388948,18.64599404530789,18.20093320383125,17.87695979254326,17.35522904873985,16.975980885934195,16.661238326865558,16.39584435746781,16.22759027649105,15.934265105801087,15.751641304025759,15.392914155939224,22.99384872774787,18.944212898388948,16.22759027649105,15.934265105801087,,,18.089651634238148,"rgba(38, 166, 154, 1.0)",0.6915754438922525,19.957358509586385,5.8238642305540305,76.280312380909,20.349354900873323,True,False,True,False,True,20.0,0.0,0.0,0.0,0.0,0,1.1121667177444072,0.8368066196751456,False,False,False,False,0.3428282415957037,0.342416819471438,False,False,False,False,1801507.0,1452976.0488175608,False,False,False,False,25083.630763703986,False,False,False,False
2025-09-26 18:00:00+00:00,23.995,24.18,23.915,24.16,22669.0,,,,23.377730182647724,23.019907070096263,20.66407352298368,18.963233754027748,18.665237147030343,18.220234874094427,17.896189945029274,17.373994766388577,16.99416435246982,16.678883265319616,16.41310020959807,16.24468873529596,15.951041318200733,15.76823421156239,15.409086057781135,23.019907070096263,18.963233754027748,16.24468873529596,15.951041318200733,,,18.109319960835048,"rgba(38, 166, 154, 1.0)",0.7081387353256714,19.97803167586721,5.905577700405715,76.48216928332346,20.349354900873323,True,False,True,False,True,20.0,0.0,0.0,0.0,0.0,0,1.110516661571385,0.839651482726995,False,False,False,False,0.33732301515292124,0.33986991731217964,False,False,False,False,1824176.0,1458731.0868203894,False,False,False,False,25046.194627832603,False,False,False,False
2025-09-26 19:00:00+00:00,24.16,24.175,24.0,24.125,21184.0,,,,23.4085556580795,23.04348539417622,20.681027520897846,18.98093349082734,18.683146431806644,18.238203861888344,17.914096290850285,17.391475815360355,17.01110854710091,16.695329915128465,16.42918719798483,16.260630423505347,15.966685049347221,15.783708394678417,15.42417030749259,23.04348539417622,18.98093349082734,16.260630423505347,15.966685049347221,,,18.127449619941622,"rgba(38, 166, 154, 1.0)",0.7242057345437966,19.9970411059455,5.699980954520958,75.78601716989951,20.349354900873323,True,False,True,False,True,20.0,0.0,0.0,0.0,0.0,0,1.1099035665084955,0.844022654217052,False,False,False,False,0.3425038532059545,0.34118688525906704,False,False,False,False,1802992.0,1464068.465319298,False,False,False,False,24986.31564135458,False,False,False,False
2025-09-29 14:00:00+00:00,24.77,24.82,24.41,24.61,22410.0,,,,23.460599946797334,23.078920036354287,20.701447174001768,19.001389654870454,18.70374744506727,18.258747849795345,17.93448941009653,17.41127743277327,17.03023728069782,16.713849905785306,16.447266030132386,16.27852413634219,15.984209274698639,15.801022273997212,15.441011445691752,23.078920036354287,19.001389654870454,16.27852413634219,15.984209274698639,,,18.14978261980677,"rgba(38, 166, 154, 1.0)",0.7547256526784989,20.021480694332457,6.079718225269042,78.18712871933792,22.026074243390696,True,False,True,False,True,20.0,0.0,0.0,0.0,0.0,0,1.1091703056768558,0.8334588164433067,False,False,False,False,0.3428282425315976,0.3420075638953323,False,False,False,False,1825402.0,1469670.5356244252,False,False,False,False,24946.372763194042,False,False,False,False
2025-09-29 15:00:00+00:00,24.61,24.715,24.45,24.69,14646.0,,,,23.4923877660442,23.101299156234575,20.71469509748724,19.01469047259115,18.717145347883438,18.272113436609413,17.947760256824953,17.42416910545534,17.04269509671231,16.725914490474995,16.459045518381952,16.29018415104685,15.995630471878439,15.812307473982203,15.451990596444771,23.101299156234575,19.01469047259115,16.29018415104685,15.995630471878439,,,18.164135229203456,"rgba(38, 166, 154, 1.0)",0.7837657537535901,20.037144087529086,5.936538934225668,80.12036697076704,24.22373989061043,True,False,True,False,True,20.0,0.0,0.0,0.0,0.0,0,1.1158656019285822,0.8350158204007834,False,False,False,False,0.3387692699563137,0.340388416925823,False,False,False,False,1840048.0,1475412.8218938138,False,False,False,False,24786.67706143909,False,False,False,False
2025-09-29 16:00:00+00:00,24.69,24.86,24.645,24.855,8672.0,,,,23.51309282854537,23.115682515860676,20.722833571180868,19.022772020392164,18.72527524500438,18.280210061118826,17.95579087470148,17.431958739401963,17.05021567282947,16.73319266362912,16.466147806467582,16.2972120096619,16.002510554122733,15.81910338661128,15.45859821170893,23.115682515860676,19.022772020392164,16.2972120096619,16.002510554122733,,,18.172973077415783,"rgba(38, 166, 154, 1.0)",0.81685767944523,20.04689005755289,5.88610484229339,82.0484690367561,26.364130366512853,True,False,True,False,True,20.0,0.0,0.0,0.0,0.0,0,1.1210646387832701,0.8439543726235742,False,False,False,False,0.3428282416619268,0.3416083292938749,False,False,False,False,1848720.0,1481200.5300815066,False,False,False,False,24536.837106998173,False,True,False,False
2025-09-29 17:00:00+00:00,24.85,24.87,24.46,24.605,11064.0,,,,23.53573289547979,23.132154773216097,20.732809449074608,19.03279729463224,18.73537436370221,18.290286526871636,17.965797319893593,17.441682121756937,17.059614159630094,16.74229631065966,16.475037571499467,16.306012159893914,16.011131439927986,15.827622152606304,15.46688701424585,23.132154773216097,19.03279729463224,16.306012159893914,16.011131439927986,,,18.18368237020603,"rgba(38, 166, 154, 0.75)",0.8422461817252777,20.058557621079533,5.397997019835013,78.47922036748356,26.364130366512853,True,False,True,False,False,20.0,0.0,0.0,0.0,0.0,0,1.1082966782951615,0.8525709085393598,False,False,False,False,0.33155960516826904,0.336583967231072,False,False,False,False,1837656.0,1486726.9714755919,False,False,False,False,24327.955911540837,False,False,False,False
2025-09-29 18:00:00+00:00,24.605,24.71,24.59,24.64,11611.0,,,,23.558572616172416,23.14908271283466,20.74322854086741,19.043282951239544,18.74593876789382,18.300829680329944,17.97626894859035,17.451860427866375,17.06945448360806,16.751829546567247,16.484347984093535,16.315229297418316,16.020161806160917,15.83654610330647,15.475571118594848,23.14908271283466,19.043282951239544,16.315229297418316,16.020161806160917,,,18.19481366570293,"rgba(38, 166, 154, 0.75)",0.8678597833773516,20.07066269525881,5.265064002573339,76.34817327942463,32.008141892100795,True,False,True,False,False,20.0,0.0,0.0,0.0,0.0,0,1.1057516737674982,0.8609251369446134,False,False,False,False,0.3296360413648325,0.33311000429795223,False,False,False,False,1849267.0,1492347.7471116292,False,False,False,False,24130.793804385165,False,False,False,False
2025-09-29 19:00:00+00:00,24.64,24.64,24.465,24.555,31092.0,,,,23.610479620915118,23.18989089550151,20.77019698638106,19.070705079754624,18.773598598397722,18.328478013970358,18.00375886216876,17.47862314122233,17.095356666275208,16.776944366502747,16.508891412931646,16.33953560410591,16.0439900032892,15.860101797548177,15.498508922918894,23.18989089550151,19.070705079754624,16.33953560410591,16.0439900032892,,,18.223270664792217,"rgba(38, 166, 154, 0.75)",0.8895307144174802,20.101257988015316,5.00684455274967,73.33335944476562,29.05685434738301,True,False,True,False,False,20.0,0.0,0.0,0.0,0.0,0,1.10441400304414,0.8593607305936073,False,False,False,False,0.31686349349919835,0.32498674889857526,False,False,False,False,1818175.0,1497399.332427728,False,False,False,False,24238.719481836557,False,False,False,False
2025-09-30 14:00:00+00:00,24.77,24.885,24.585,24.71,23254.0,,24.72666666666667,,23.652404018133556,23.222581582218904,20.791031474648065,19.091679382934114,18.794729291728505,18.349568525691748,18.02470924458442,17.498994928708747,17.115059784920405,16.79603886789231,16.52754372686085,16.35800262513764,16.062085782057082,15.877985893854252,15.515915648909171,23.222581582218904,19.091679382934114,16.35800262513764,16.062085782057082,,24.72666666666667,18.245222051885317,"rgba(38, 166, 154, 0.75)",0.914263170068841,20.482827657680268,4.623583756525423,72.62910042178797,28.23473825616081,True,False,True,False,False,20.0,0.0,0.0,0.0,0.0,0,1.104760460885385,0.854002425712553,False,True,False,False,0.3404798299477154,0.33273328942314534,False,False,False,False,1841429.0,1502733.1257234223,False,False,False,False,24223.452513125914,False,False,False,False
2025-09-30 15:00:00+00:00,24.715,24.72,24.365,24.42,18390.0,,24.62730661479845,,23.676902747712415,23.243743341511095,20.806420193603312,19.10749876850385,18.810704358025824,18.36556435383333,18.04063209902091,17.51452566027059,17.130111260276866,16.810647995778634,16.541831567198432,16.372158338353994,16.075972940137383,15.891719865084093,15.529299871904056,23.243743341511095,19.10749876850385,16.372158338353994,16.075972940137383,,24.62730661479845,18.261182224080986,"rgba(38, 166, 154, 0.5)",0.9309220557458379,20.49400880716909,4.217314616834894,67.37895686630783,23.209955019177258,False,False,True,False,False,20.0,0.0,0.0,0.0,0.0,0,1.0928829915560916,0.8636911942098915,False,False,False,False,0.3144834358107625,0.3236083626169539,False,False,False,False,1823039.0,1507699.108270346,False,False,False,False,24133.011388891402,False,False,False,False
2025-09-30 16:00:00+00:00,24.42,24.5,24.22,24.455,8623.0,,24.586884006074232,,23.686441812678595,23.25257995335248,20.813378542055112,19.114733985780997,18.818020053999998,18.37290218104785,18.047944679881528,17.52166998734457,17.137042735044634,16.817381398309088,16.548421122843337,16.378689380331526,16.08238404214712,15.89806253534461,15.53548518869042,23.25257995335248,19.114733985780997,16.378689380331526,16.08238404214712,,24.586884006074232,18.268342506590123,"rgba(38, 166, 154, 0.5)",0.9480083532532937,20.499124254397948,4.172827941891668,64.26140405410233,20.315148165915346,False,True,True,False,False,20.0,0.0,0.0,0.0,0.0,0,1.082834928229665,0.8711124401913877,False,False,False,False,0.2902431683282188,0.3069257654725863,False,False,False,False,1831662.0,1512721.7887622786,False,False,False,False,23892.54609604037,False,False,False,False
2025-09-30 17:00:00+00:00,24.455,24.465,24.275,24.375,11685.0,,24.54629105328857,,23.698613833114422,23.26413309578902,20.822712329313475,19.12446980851552,18.82786751744612,18.382784232219876,18.057795949843236,17.53129947422258,17.14638862979227,16.82646270465696,16.557310250483877,16.387500571545086,16.09103507567907,15.906622175395832,15.543834230548695,23.26413309578902,19.12446980851552,16.387500571545086,16.09103507567907,,24.54629105328857,18.277921991904403,"rgba(38, 166, 154, 0.5)",0.9616831996955968,20.50659973831145,4.0225307699178074,60.94412806342267,17.230007423555037,False,True,True,False,False,19.86695298007563,0.0,0.0,0.0,0.0,0,1.084002378828427,0.8728813559322035,False,False,False,False,0.29156260851410243,0.2992441869933444,False,False,False,False,1819977.0,1517485.4354481348,False,False,False,False,23703.281815481605,False,False,False,False
2025-09-30 18:00:00+00:00,24.365,24.395,24.255,24.32,13453.0,,24.506513184360013,,23.711134077008296,23.276574614602833,20.833252380325714,19.135531309491483,18.839063324100728,18.394029748519454,18.069013292287945,17.542274378230893,17.157046968297028,16.836824254646178,16.567456219361375,16.397559648713692,16.10091471425893,15.916399395487023,15.553374485756272,23.276574614602833,19.135531309491483,16.397559648713692,16.10091471425893,,24.506513184360013,18.288696587405855,"rgba(38, 166, 154, 0.5)",0.9685940958537318,20.515211389438214,3.928155898171354,57.87810215469802,14.36771549022194,False,True,True,False,False,19.12607002014837,0.0,0.0,0.0,0.0,0,1.0830618892508141,0.8754811963281021,False,False,False,False,0.28563282686596486,0.2924385069296546,False,False,False,False,1806524.0,1521966.6535032024,False,False,False,False,23544.36271756716,False,False,False,False
2025-09-30 19:00:00+00:00,24.32,24.465,24.235,24.425,27374.0,,24.47148616611046,,23.73714575088088,23.302215149664956,20.854818982929444,19.15811712893055,18.861917443698964,18.416979286091053,18.091902175066064,17.564666147533455,17.178792633596835,16.85796451983977,16.588156461136165,16.418082118718022,16.121070504790875,15.936345830113323,15.57283699274105,23.302215149664956,19.15811712893055,16.418082118718022,16.121070504790875,,24.47148616611046,18.310734075048757,"rgba(38, 166, 154, 0.5)",0.9794201814808997,20.53518824553992,3.971545438831595,57.3146104869533,13.731378200081316,False,True,True,False,False,19.963381282367983,0.0,0.0,0.0,0.0,0,1.0819117647058825,0.8742647058823529,False,False,False,False,0.2889247105397683,0.2906816087347115,False,False,False,False,1833898.0,1526802.7984101293,False,False,False,False,23603.736939000228,False,False,False,False
2025-10-01 14:00:00+00:00,24.185,24.345,23.615,23.985,32158.0,,24.35475305759972,,23.747905711101957,23.32035011309901,20.87702782824582,19.18242082734616,18.886627383469143,18.441950552861197,18.11690979296121,17.58927597156287,17.202784690797337,16.88135678315248,16.61111328771588,16.44087157541365,16.14350131867815,15.958571735319731,15.594574630162564,23.32035011309901,19.18242082734616,16.44087157541365,16.14350131867815,,24.35475305759972,18.333016146792477,#000000,0.9819724955324205,20.549990439766045,3.498071051747238,51.271188290194125,7.989006316139573,False,True,False,False,False,14.24468073998072,0.0,0.0,0.0,0.0,0,1.0598965814421144,0.8783395575983912,False,False,False,False,0.24078224074173682,0.26573192473822416,False,False,False,False,1801740.0,1531065.3906828403,False,False,False,False,23736.361172504097,False,False,False,False
2025-10-01 15:00:00+00:00,23.98,24.0,23.56,23.595,22785.0,,24.26281392788155,,23.7470115679244,23.32773674837159,20.891254951850783,19.198556335011975,18.90309386797676,18.45867367831457,18.133710526469372,17.605885282561513,17.219025294985894,16.897226943568718,16.62671479454472,16.456374729969163,16.158785611941138,15.973730898234813,15.609427113189454,23.32773674837159,19.198556335011975,16.456374729969163,16.158785611941138,,24.26281392788155,18.347147222994327,"rgba(239, 83, 80, 1.0)",0.9796394446129809,20.55776931047368,3.1003556525086786,44.21450321706146,1.5619492294855064,False,True,False,True,False,9.634937678642068,0.0,0.0,0.0,0.0,0,1.0575886524822695,0.889645390070922,False,False,False,False,0.21013851768519443,0.2379352212117093,False,False,False,False,1778955.0,1534908.6404396954,False,False,False,False,23721.611386883877,False,False,False,False
2025-10-01 16:00:00+00:00,23.59,24.02,23.565,23.99,26376.0,,24.204863378924994,,23.750776178253247,23.338897003334647,20.908354239229524,19.217666229188023,18.92256606560815,18.478412305996212,18.153518101747245,17.625438024331878,17.238127459763593,16.915881717449782,16.64504469033856,16.474583349810256,16.17672816495174,15.991521290202932,15.626848396302186,23.338897003334647,19.217666229188023,16.474583349810256,16.17672816495174,,24.204863378924994,18.364290881100533,"rgba(239, 83, 80, 1.0)",0.9825563184464837,20.570264546334403,3.480447267463026,44.378266579086706,1.5619492294855064,False,True,False,True,False,12.947471163161538,0.0,0.0,0.0,0.0,0,1.0610295166120063,0.9037501782404106,False,False,False,False,0.20667823773124414,0.22230672947147673,False,False,False,False,1805331.0,1539101.2351615606,False,False,False,False,23762.764698715135,False,False,False,False
2025-10-01 17:00:00+00:00,23.99,24.005,23.72,23.765,13373.0,,24.179477129975204,,23.752111642908073,23.344078977753018,20.916866194554487,19.22723666476595,18.93232405359363,18.488312619485455,18.16345892587225,17.635260038667656,17.24772932080115,16.925263357085107,16.654266384295642,16.48374589719541,16.185759942875134,16.00047825489195,15.63562284081414,23.344078977753018,19.22723666476595,16.48374589719541,16.185759942875134,,24.179477129975204,18.372834341037272,"rgba(239, 83, 80, 1.0)",0.9847526236217498,20.57659844447103,3.237769038687686,42.727778842370476,0.1470804392521714,False,True,False,True,False,10.431014206007006,0.0,0.0,0.0,0.0,0,1.0520907663764805,0.9082346225203366,False,False,False,False,0.21629929874507312,0.2193030141082749,False,False,False,False,1791958.0,1543021.4950815365,False,False,False,False,23601.68307547924,False,False,False,False
2025-10-01 18:00:00+00:00,23.765,24.035,23.705,23.98,15282.0,,24.159881215932714,,23.755032597130793,23.350781817992814,20.926787112065156,19.23830613193458,18.943601406053546,18.499743189130275,18.17492938389163,17.646584585056534,17.258795064033187,16.93607180004314,16.66488782044218,16.494297473605577,16.19615819827925,16.010788781629778,15.645720484404496,23.350781817992814,19.23830613193458,16.494297473605577,16.19615819827925,,24.159881215932714,18.382832389712863,"rgba(239, 83, 80, 1.0)",0.9898360406590466,20.584627052512502,3.430237744451911,43.90178784686471,0.1470804392521714,False,True,False,True,False,12.18355984796775,0.0,0.0,0.0,0.0,0,1.0511436283563005,0.9039636311976131,False,False,False,False,0.21733243911161604,0.21831772660994547,False,False,False,False,1807240.0,1547117.906010505,False,False,False,False,23472.695740975687,False,False,False,False
2025-10-01 19:00:00+00:00,23.98,24.025,23.88,23.885,34682.0,,24.12765966145991,,23.76222847550055,23.366031043318035,20.94923427273514,19.263359266288724,18.969125693189916,18.52561760201875,18.20089728099337,17.672229391889864,17.283860142855087,16.960559177786504,16.688955080823856,16.51820803004925,16.219724206568163,16.034157565115326,15.66861000929581,23.366031043318035,19.263359266288724,16.51820803004925,16.219724206568163,,24.12765966145991,18.405519815895225,"rgba(239, 83, 80, 1.0)",0.9928888690616375,20.603460334917468,3.3050422533025885,43.86701205874313,0.1470804392521714,False,True,False,True,False,11.12952134447523,0.0,0.0,0.0,0.0,0,1.0555239988639589,0.9037205339392215,False,False,False,False,0.2287277001456445,0.223522713377795,False,False,False,False,1772558.0,1550613.101266156,False,False,False,False,23646.483403906295,False,False,False,False
2025-10-02 14:00:00+00:00,23.28,23.37,22.71,22.84,23941.0,,24.025824102598115,,23.74045006026838,23.359021653148517,20.959624144816416,19.276984485712934,18.983224731780734,18.540199000526385,18.215716106203004,17.687122532487855,17.298578186034604,16.97505643266444,16.703293220409144,16.532505116559935,16.23390015961171,16.04826397369421,15.682515823267112,23.359021653148517,19.276984485712934,16.532505116559935,16.23390015961171,,24.025824102598115,18.415763708479027,"rgba(239, 83, 80, 1.0)",0.9913566189551253,20.60512862629773,2.254356637128009,38.059679253982445,-5.116566772417428,False,True,False,True,False,0.8380880659089556,0.0,0.0,0.0,0.0,0,1.039207536713771,0.911055694098088,False,False,False,False,0.09774839803793757,0.16063555570786628,False,False,False,False,1748617.0,1553682.9291535022,False,False,False,False,23651.049552682944,False,False,False,False
2025-10-02 15:00:00+00:00,22.84,22.95,22.335,22.68,27996.0,,23.89763044528769,22.655,23.70650534463474,23.344627369586476,20.969739917686354,19.2914297943767,18.998281029449526,18.555913585989764,18.231776870322992,17.703390005644316,17.31473273022817,16.99102573166648,16.7191300615986,16.548321297940646,16.24962241252931,16.063932135645697,15.698002854259776,23.344627369586476,19.2914297943767,16.548321297940646,16.24962241252931,,23.89763044528769,18.69008944634747,"rgba(239, 83, 80, 1.0)",0.9912356925567146,20.837746336678926,1.8585425011979857,33.624979533114555,-9.355395267918944,False,True,False,True,False,0.0,0.0,0.0,0.0,0.0,0,1.0230200054809535,0.9268292682926828,False,False,False,False,0.02444259871624063,0.09253907721205346,False,False,False,False,1720621.0,1556271.1162984092,False,False,False,False,23718.413125509564,False,False,False,False
2025-10-02 16:00:00+00:00,22.675,23.0,22.65,22.975,22944.0,,23.824834701555822,22.754090694935215,23.685727038797378,23.336887854891064,20.979011246454668,19.303944910552428,19.011265448728608,18.569389616002212,18.245503382662953,17.717231539350223,17.328442073180895,17.004552255664663,16.732525088042603,16.561687365476992,16.26289081148267,16.077144367411986,15.711043728461426,23.336887854891064,19.303944910552428,16.561687365476992,16.26289081148267,,23.824834701555822,18.705083588881,"rgba(239, 83, 80, 1.0)",0.9898586758716569,20.84427891358978,2.1525508017939394,33.60320484067513,-9.530419914838596,False,True,False,True,False,1.9663454189759442,0.0,0.0,0.0,0.0,0,1.0268750856986149,0.9341834635952281,False,False,False,False,0.05075703647491386,0.07164805684348366,False,False,False,False,1743565.0,1559174.8974410694,False,False,False,False,23706.406720462903,False,False,False,False
2025-10-02 17:00:00+00:00,22.975,23.28,22.93,23.255,23499.0,,23.779317746964896,22.88065026397453,23.672482970874825,23.333868771552606,20.98980234129142,19.31767041508545,19.025431315483967,18.583996644066495,18.260323270336194,17.732096732395224,17.343118420375646,17.01899936918762,16.746806462509337,16.575922877626365,16.276998322945055,16.09117835049149,15.724871128441814,23.333868771552606,19.31767041508545,16.575922877626365,16.276998322945055,,23.779317746964896,18.723388603539878,"rgba(239, 83, 80, 1.0)",0.9821852360110237,20.855646985710635,2.442872206096198,36.04837422837698,-9.530419914838596,False,True,False,True,False,4.250149236053353,0.0,0.0,0.0,0.0,0,1.0283997815401418,0.9305024576734021,False,False,False,False,0.09153912092348934,0.0815935888834865,False,False,False,False,1767064.0,1562397.9843024479,False,False,False,False,23703.19111239371,False,False,False,False
2025-10-02 18:00:00+00:00,23.255,23.44,23.255,23.355,19754.0,,23.756118999878726,22.979081513488264,23.665857047264907,23.334090758048198,20.999600763936325,19.32971553251819,19.037823657945793,18.59672473720862,18.273205859839383,17.744977237404647,17.35581076997656,17.031475952280836,16.759126619073378,16.588195509427415,16.289147896808334,16.103257260919115,15.736759214659838,23.334090758048198,19.32971553251819,16.588195509427415,16.289147896808334,,23.756118999878726,18.739053145674987,"rgba(239, 83, 80, 0.75)",0.9725663459618017,20.86666586637592,2.5585237901310336,38.51946659202572,-9.530419914838596,False,True,False,True,True,5.047328437935885,0.0,0.0,0.0,0.0,0,1.039164847161572,0.9234443231441047,False,False,False,False,0.12710154422541076,0.10434756655444863,False,False,False,False,1786818.0,1565877.364390782,False,False,False,False,23641.96334320931,False,False,False,False
2025-10-02 19:00:00+00:00,23.355,23.53,23.35,23.51,45560.0,,23.72367342934537,23.136949415516423,23.656694070252616,23.33806655048673,21.022967145175745,19.357998971653085,19.06688005328427,18.626516575461732,18.303328411044106,17.7750565577956,17.385430111687413,17.06057768851897,16.7878525041962,16.61680345965758,16.317457995678225,16.131396284818816,15.764442751296498,23.33806655048673,19.357998971653085,16.61680345965758,16.317457995678225,,23.72367342934537,18.77177615915775,"rgba(239, 83, 80, 0.75)",0.9642159303602877,20.891006122099874,2.7161902178089066,41.473357635121374,-15.123499826028585,False,True,False,True,True,6.272138885887433,0.0,0.0,0.0,0.0,0,1.040043584854263,0.9212748569871967,False,False,False,False,0.14074642767630494,0.12254699711537678,False,False,False,False,1832378.0,1570009.157190925,False,False,False,False,23981.777865020016,False,False,False,False
2025-10-03 14:00:00+00:00,23.725,23.78,23.325,23.415,14803.0,,23.716131495168245,23.172360039942372,23.654520570803335,23.339735037215455,21.030597183947613,19.36720160550182,19.076331125567194,18.636203973117706,18.313122039369723,17.784835635018606,17.3950602322717,17.070040208817513,16.79719322700764,16.626105863587618,16.32666375110028,16.140546505072418,15.773445208542908,23.339735037215455,19.36720160550182,16.626105863587618,16.32666375110028,,23.716131495168245,18.781497637930244,"rgba(239, 83, 80, 0.75)",0.9500801862793249,20.898396355686504,2.648832888694313,42.72211429084515,-13.712177725962931,False,True,False,True,True,5.391815488145248,0.0,0.0,0.0,0.0,0,1.0459551325628822,0.915567641060503,False,False,False,False,0.15741252745717552,0.13997976228627615,False,False,False,False,1817575.0,1573847.3873119957,False,False,False,False,23839.471231453816,False,False,False,False
2025-10-03 15:00:00+00:00,23.415,23.59,23.23,23.545,13102.0,,23.70833860247726,23.194447555937288,23.651994583965443,23.34073587259762,21.037171355995408,19.37521154054765,19.084565516043952,18.644655554532246,18.321673657310086,17.79338530598793,17.4034866776851,17.07832521148498,16.80537547869792,16.634256737084183,16.334733545036034,16.148569688180157,15.781342635169374,23.34073587259762,19.37521154054765,16.634256737084183,16.334733545036034,,23.70833860247726,18.78937068226596,"rgba(239, 83, 80, 0.75)",0.9371369903802415,20.90420639665295,2.81793764460792,44.752878362781765,-11.523076496168855,False,True,False,True,True,6.428949859586805,0.0,0.0,0.0,0.0,0,1.0432182658331066,0.9196792606686597,False,False,False,False,0.1313008521527721,0.13564030721952414,False,False,False,False,1830677.0,1577829.2417722747,False,False,False,False,23672.99880926073,False,False,False,False
2025-10-03 16:00:00+00:00,23.545,23.55,23.215,23.295,9386.0,,23.700907891411326,23.202870896500308,23.649310203113604,23.340813747631433,21.041661965945355,19.380787907598027,19.09030866597147,18.650564310302784,18.32766140668977,17.799384578311454,17.409407641819662,17.084152791129842,16.811135290447407,16.639997044221683,16.340420969400537,16.15422669083595,15.786915387580953,23.340813747631433,19.380787907598027,16.639997044221683,16.340420969400537,,23.700907891411326,18.794351218593764,"rgba(239, 83, 80, 0.75)",0.9163537959104435,20.90762985949852,2.6052930114503527,44.08384875860894,-11.523076496168855,False,True,False,True,True,4.115775391810299,0.0,0.0,0.0,0.0,0,1.0372130924894742,0.925438000814885,False,False,False,False,0.1271467050383738,0.13139350612894896,False,False,False,False,1821291.0,1581603.84267503,False,False,False,False,23451.49495175281,False,False,False,False
2025-10-03 17:00:00+00:00,23.295,23.295,23.055,23.135,15504.0,,23.682886844971737,23.19955312441573,23.642176245698792,23.339002924702907,21.048429770384875,19.389522141354583,19.099336551472422,18.659895643100267,18.33714493253721,17.80892499489243,17.418847706998275,17.093461669996003,16.820349224891768,16.64918745869272,16.349539211731184,16.163303356502738,15.79586991390599,23.339002924702907,19.389522141354583,16.64918745869272,16.349539211731184,,23.682886844971737,18.80090905445487,"rgba(239, 83, 80, 0.75)",0.9059746630509545,20.911303337669835,2.4544799683930005,42.46721193526949,-11.523076496168855,False,True,False,True,True,2.6747770870160217,0.0,0.0,0.0,0.0,0,1.033700231009648,0.930153553471939,False,False,False,False,0.09593191301950232,0.11366270957422564,False,False,False,False,1805787.0,1585079.5505405334,False,False,False,False,23328.277975756642,False,False,False,False
2025-10-03 18:00:00+00:00,23.135,23.36,23.13,23.315,13378.0,,23.671267583207282,23.20402143650308,23.63751591564336,23.3383918774602,21.054527916901016,19.39723851591543,19.107298063929726,18.668106484767847,18.3454784275764,17.817293434273477,17.42711926107677,17.10161196217763,16.828411601351466,16.657226382607707,16.357510428749457,16.17123558417968,15.803690723112553,23.3383918774602,19.39723851591543,16.657226382607707,16.357510428749457,,23.671267583207282,18.80729237601411,"rgba(239, 83, 80, 0.75)",0.8917782619399682,20.915418515626783,2.6907826606506258,43.297226769639714,-11.523076496168855,False,True,False,True,True,4.156031673338315,0.0,0.0,0.0,0.0,0,1.033640803038524,0.9279706999457406,False,False,False,False,0.10643839527919445,0.11005055242671005,False,False,False,False,1819165.0,1588708.7823150987,False,False,False,False,23174.010100163516,False,False,False,False
2025-10-03 19:00:00+00:00,23.32,23.405,23.255,23.35,27583.0,,23.652987584631486,23.219690011948146,23.629977062421283,23.33836165982554,21.067380879604283,19.41333090207705,19.123885650849086,18.685193836298172,18.36280925208988,17.834682192303525,17.444298724738495,17.11853411161941,16.84514698991057,16.673910383380626,16.37404972535323,16.187691548985445,15.819911386527082,23.33836165982554,19.41333090207705,16.673910383380626,16.37404972535323,,23.652987584631486,18.82117839487074,"rgba(239, 83, 80, 0.75)",0.878017566365873,20.924979374458832,2.761927230657085,44.220957856639615,-10.871229477435563,False,True,False,True,True,4.442747095740721,0.0,0.0,0.0,0.0,0,1.0370571467354417,0.9269716302429752,False,False,False,False,0.11922804254155057,0.11463929748413032,False,False,False,False,1846748.0,1592709.3903412211,False,False,False,False,23242.36653271912,False,False,False,False
2025-10-06 14:00:00+00:00,23.915,24.17,23.61,24.045,20253.0,,23.664121072302265,23.277311693634193,23.635608358891005,23.346022093420554,21.079218019207303,19.426872598408416,19.137719840644095,18.699282457824523,18.376996643652728,17.848776702864516,17.45813804233958,17.132104189182986,16.858520496700415,16.687215312520372,16.387194891542713,16.200744886541717,15.832732144122787,23.346022093420554,19.426872598408416,16.687215312520372,16.387194891542713,,23.664121072302265,18.836528648218618,#000000,0.8702168467460084,20.93875396149453,3.569508048621008,50.424191982551534,-4.876869833328186,False,True,False,False,True,9.790254150068709,0.0,0.0,0.0,0.0,0,1.0389886892880904,0.9093812375249499,False,False,False,False,0.20315351224515812,0.15889640486464424,False,False,False,False,1867001.0,1596961.973436706,False,False,False,False,23196.019764769986,False,False,False,False
2025-10-06 15:00:00+00:00,24.045,24.215,23.775,23.815,29994.0,23.935,23.678756767159285,23.34683164408858,23.64341031067801,23.356893096104148,21.09652997597121,19.446749858803702,19.158034232572376,18.719982672941047,18.397850604746626,17.869508369448575,17.478504667978612,17.152082560325304,16.8782153061257,16.70681218036818,16.40656164675474,16.21997931496131,15.851629511165486,23.356893096104148,19.446749858803702,16.70681218036818,16.40656164675474,23.935,23.806878383579644,18.858098497064603,"rgba(38, 166, 154, 0.5)",0.8540899112955169,21.243405678679345,3.010917571219126,52.38756994854204,-3.0314668596564545,False,True,True,False,True,7.674343078053955,-1.0,24.215,23.775,0.0,0,1.0426515251551562,0.9111316519212992,False,False,False,False,0.21044049988188188,0.18466845237326307,False,False,False,False,1837007.0,1600683.6017555168,False,False,False,False,23301.414807176654,False,False,False,False
2025-10-06 16:00:00+00:00,23.82,23.84,23.43,23.495,22416.0,23.78672905933982,23.675247220433054,23.3645128881805,23.64235815342939,23.36004217414132,21.10776814307752,19.46035245337658,19.172010566946728,18.73432510787486,18.41236453843203,17.884029909696217,17.492829442125455,17.16617774631511,16.89214321882303,16.720689732288378,16.42030711382032,16.23364868746379,15.86509177355817,23.36004217414132,19.46035245337658,16.720689732288378,16.42030711382032,23.78672905933982,23.730988139886435,18.870540728096834,#000000,0.8344395810450409,21.245085701232018,2.6963178040406723,51.07484574836853,-3.0314668596564545,False,True,False,False,True,4.845568388404924,0.0,0.0,0.0,0.0,0,1.030122869599683,0.9305060113621348,False,False,False,False,0.14170421855998003,0.16318633546662153,False,False,False,False,1814591.0,1603999.9955267492,False,False,False,False,23287.68744582508,False,False,False,False
2025-10-06 17:00:00+00:00,23.5,23.63,23.42,23.445,22528.0,23.70003100340726,23.668605534965575,23.373684494473174,23.639645130325132,23.361907716026643,21.118554699003653,19.473637190101158,19.18568372796737,18.748388630277095,18.42661722842929,17.898320803658812,17.50694670873785,17.180083648103082,16.905895237596255,16.734398308733866,16.433895567246623,16.24716786993163,15.878417067509062,23.361907716026643,19.473637190101158,16.734398308733866,16.433895567246623,23.70003100340726,23.68431826918642,18.882077751757542,#000000,0.7999482077830703,21.24872729793137,2.7455186232059337,49.81272166414375,-3.0314668596564545,False,True,False,False,False,4.412347300765735,0.0,0.0,0.0,0.0,0,1.0271457085828342,0.942248835662009,False,False,False,False,0.11846999001589158,0.14082816274125656,False,False,False,False,1792063.0,1606915.7010224585,False,False,False,False,23275.909345889806,False,False,False,False
2025-10-06 18:00:00+00:00,23.45,23.5,23.35,23.385,19935.0,23.639439021990803,23.660344268085566,23.37585632060273,23.63590726206073,23.362494694022622,21.1276741875091,19.485068572367442,19.197469511586622,18.760538552878977,18.438948577438143,17.91071148606952,17.51920391832345,17.1921700329898,16.917857367711722,16.74632800683206,16.44572955226564,16.258946600675205,15.89003619154774,23.362494694022622,19.485068572367442,16.74632800683206,16.44572955226564,23.639439021990803,23.649891645038185,18.891558802180093,#000000,0.7639648947174036,21.25186278812115,2.7921927128181903,48.47738517825478,-3.0314668596564545,False,True,False,False,False,3.8882328075068386,0.0,0.0,0.0,0.0,0,1.0134344240489492,0.9483905293961157,False,False,False,False,0.1009832180584556,0.12090569039985608,False,False,False,False,1772128.0,1609477.1320143584,False,False,False,False,23224.11230176748,False,False,False,False
2025-10-06 19:00:00+00:00,23.39,23.51,23.33,23.405,41851.0,23.570738592590427,23.64483060668236,23.38005161089855,23.62855649676636,23.36376356969857,21.146612966460744,19.508872891084064,19.22201904337498,18.78585904870102,18.464656445335827,17.936559461963498,17.54478599760621,17.21740546793025,16.942840594245805,16.77124718343989,16.47045520014158,16.28356044701743,15.914323593480903,23.36376356969857,19.508872891084064,16.77124718343989,16.47045520014158,23.570738592590427,23.607784599636393,18.911348126134104,"rgba(239, 83, 80, 1.0)",0.7259432695678402,21.261360115873305,2.952902759747083,47.796960649280805,-3.0314668596564545,False,True,False,True,False,4.0475117765373625,0.0,0.0,0.0,0.0,0,1.0134130146082334,0.9472775564409027,False,False,False,False,0.10011058071909784,0.11050813555947696,False,False,False,False,1813979.0,1612647.703611035,False,False,False,False,23512.901258329224,False,False,False,False
2025-10-07 14:00:00+00:00,23.265,23.38,23.115,23.275,23312.0,23.524988606730155,23.631623920833736,23.37310051442169,23.621788899036968,23.362341046747503,21.15630004335821,19.521475408988728,19.235058468210294,18.79936572278605,18.478407139697502,17.950439315991197,17.558558022744354,17.231016794300512,16.956335293556577,16.78471828378334,16.48383975812611,16.2968948816367,15.927500240826207,23.362341046747503,19.521475408988728,16.78471828378334,16.48383975812611,23.524988606730155,23.578306263781947,18.921071239638245,"rgba(239, 83, 80, 1.0)",0.6932536748246451,21.264622788946202,2.899915693288335,46.1316845044611,0.8968457220673756,False,True,False,True,False,2.890366221806559,0.0,0.0,0.0,0.0,0,1.0102122015915116,0.9501326259946946,False,False,False,False,0.07008835326637326,0.09029824441292511,False,False,False,False,1790667.0,1615407.6927023365,False,False,False,False,23509.786510138074,False,False,False,False
2025-10-07 15:00:00+00:00,23.275,23.48,23.05,23.245,23826.0,23.490433731095425,23.619079461683125,23.366852130291452,23.615152387185503,23.36094800721266,21.166117012542866,19.53427422529736,19.248304078367596,18.813091263334375,18.492384587011642,17.964554998130243,17.572569344702423,17.244868810488754,16.970071689624334,16.798432230932715,16.497468335113645,16.310473980396246,15.94092168779932,23.36094800721266,19.53427422529736,16.798432230932715,16.497468335113645,23.490433731095425,23.554756596389275,18.931030298026947,"rgba(239, 83, 80, 1.0)",0.6577356529711674,21.506932524392592,2.64250153957155,44.73733377530156,-0.6623969929800992,False,True,False,True,False,2.622794085860818,0.0,0.0,0.0,0.0,1,1.0067114093959728,0.9468351098828789,False,False,False,False,0.07312744610069398,0.08171284525680955,False,False,False,False,1766841.0,1617755.4959162537,False,False,False,False,23514.689044864615,False,False,False,False
2025-10-07 16:00:00+00:00,23.245,23.35,23.15,23.225,15543.0,23.471043111590316,23.610983148458182,23.362558442399084,23.610755921757992,23.359914827198672,21.172421264276625,19.542539289197443,19.256862289179843,18.821966331008664,18.501427131847514,17.973694169817165,17.58164594284028,17.253846022526382,16.97897679691273,16.80732431326235,16.50630764046552,16.31928267098474,15.949630892701698,23.359914827198672,19.542539289197443,16.80732431326235,16.50630764046552,23.471043111590316,23.541013130024247,18.937447121648546,"rgba(239, 83, 80, 1.0)",0.6280029264867291,21.508840367724396,2.7327255334245186,43.60196098672556,-1.9737741429355111,False,True,False,True,False,2.4418204305517293,0.0,0.0,0.0,0.0,0,1.0059753020847164,0.9640154030009292,False,False,False,False,0.07052242895427811,0.07611763710554384,False,False,False,False,1751298.0,1619825.9223361567,False,False,False,False,23391.09696664966,False,False,False,False
2025-10-07 17:00:00+00:00,23.23,23.345,23.12,23.14,17002.0,23.449879571055156,23.601598419516016,23.35674036002657,23.60555528596135,23.358429535164785,21.179141114616566,19.551440776187462,19.266088384883982,18.831546346005403,18.511196001053897,17.983579406085024,17.591471390309355,17.263569788927523,16.9886268666777,16.816962724904393,16.515892916937453,16.32883708646716,15.959081725766742,23.358429535164785,19.551440776187462,16.816962724904393,16.515892916937453,23.449879571055156,23.525738995285586,18.944259981873458,"rgba(239, 83, 80, 1.0)",0.6130973057407181,21.510282018997827,2.6581718199417255,41.93926272736342,-3.7598159624578216,False,True,False,True,False,1.6666531270646345,0.0,0.0,0.0,0.0,0,0.9949588750331654,0.9651101087821701,False,False,False,False,0.0674844470522053,0.07180104207887457,False,False,False,False,1734296.0,1621600.6522224178,False,False,False,False,23292.04119972486,False,False,False,False
2025-10-07 18:00:00+00:00,23.145,23.255,23.055,23.245,12142.0,23.43580745631498,23.594886962359713,23.352416860352204,23.601771499685448,23.357274792707873,21.183873605294718,19.55774241703365,19.272623050842217,18.838336319006764,18.518122932372982,17.990593634404703,17.59844646083161,17.270475155374257,16.99548173886376,16.823810321195552,16.522704450253794,16.335627656234983,15.965800490208812,23.357274792707873,19.55774241703365,16.823810321195552,16.522704450253794,23.43580745631498,23.515347209337346,18.949068836541457,"rgba(239, 83, 80, 1.0)",0.5988340773974661,21.511382948518182,2.8949873043566945,42.543840412751415,-3.7598159624578216,False,True,False,True,False,2.5803883815828925,0.0,0.0,0.0,0.0,0,0.9940357852882702,0.9660702451954933,False,False,False,False,0.05404469357588762,0.0629228678273811,False,False,False,False,1746438.0,1623536.1149786594,False,False,False,False,23119.172343915172,False,False,False,False
2025-10-07 19:00:00+00:00,23.25,23.3,23.2,23.265,32642.0,23.41321128344136,23.580777613441708,23.346241770284536,23.59358206390606,23.355476285522595,21.196927395068432,19.574900450203454,19.29039537958389,18.856777885625636,18.536921384501902,18.009609769784493,17.61734584709955,17.28917839806968,17.01404266083807,16.842348059690053,16.5411391497364,16.35400249299127,15.983975660978535,23.355476285522595,19.574900450203454,16.842348059690053,16.5411391497364,23.41321128344136,23.496994448441534,18.962679040867783,"rgba(239, 83, 80, 1.0)",0.5905670049940228,21.517733597114308,2.9586251654939253,43.27731396416871,-3.7598159624578216,False,True,False,True,False,2.755348553301122,0.0,0.0,0.0,0.0,0,0.99946949602122,0.9622015915119358,False,False,False,False,0.07052242895427811,0.06672264839082961,False,False,False,False,1779080.0,1625947.6480797655,False,False,False,False,23266.813082769197,False,False,False,False
2025-10-08 14:00:00+00:00,23.665,23.845,23.5,23.735,15219.0,23.428634667100802,23.582914710036086,23.356205303813354,23.594668445918288,23.358223798238978,21.204241820746322,19.583792266385146,19.29953758958198,18.86617521314599,18.54644461096768,18.019165950510377,17.626796156320793,17.298496470060577,17.023264092098085,16.851542907732057,16.55025857442029,16.36307829952344,15.9929276929141,23.358223798238978,19.583792266385146,16.851542907732057,16.55025857442029,23.428634667100802,23.505774688568444,18.97092619952359,#000000,0.5832543215474939,21.527325664080884,3.785097262651566,49.62035270068865,-4.619136027358238,False,False,False,False,True,6.71149531692684,0.0,0.0,0.0,0.0,0,1.0003930302633302,0.9532293986636967,False,False,False,False,0.144398441487895,0.1055605449393623,False,False,False,False,1794299.0,1628557.746559149,False,False,False,False,23142.04078691231,False,False,False,False
2025-10-08 15:00:00+00:00,23.735,23.96,23.57,23.655,18105.0,23.447058327532833,23.586126806099664,23.368493577759658,23.596378080252403,23.36177003817467,21.213009232204488,19.59441003628973,19.310450365726517,18.87738783046388,18.55780475560824,18.030562379960095,17.638064964619403,17.309606763232743,17.0342584777346,16.86250508623151,16.56113009458471,16.373897384861916,16.003598552796333,23.36177003817467,19.59441003628973,16.86250508623151,16.56113009458471,23.447058327532833,23.51659256681625,18.980832976281306,"rgba(38, 166, 154, 0.5)",0.575596830873778,21.792302972519064,3.2361141124653034,52.65753384505598,-1.9350292914589886,False,False,True,False,True,5.941647666726908,0.0,0.0,0.0,0.0,0,1.0044282365199266,0.9495962490231827,False,False,False,False,0.1607554009758685,0.1331579729576154,False,False,False,False,1776194.0,1630846.6807210224,False,False,False,False,23063.947131301262,False,False,False,False
2025-10-08 16:00:00+00:00,23.65,23.9,23.645,23.855,12564.0,23.46149877827312,23.589355654835224,23.378160215343264,23.5981695193453,23.364664655581514,21.219230014314796,19.601873523265898,19.31811408858773,18.885253007201428,18.565767782149898,18.03854338756532,17.64595227601719,17.317380064928365,17.041948340774592,16.8701709835555,16.568730316191633,16.38145962771096,16.011054869865358,23.364664655581514,19.601873523265898,16.8701709835555,16.568730316191633,23.46149877827312,23.52542721655417,18.98790454202492,"rgba(38, 166, 154, 1.0)",0.5699866601886563,21.80120261362374,3.603237636643087,56.593528716060376,1.5651009964859952,True,False,True,False,True,7.562476583379812,0.0,0.0,0.0,0.0,0,1.0198527478306596,0.9491191164869835,False,False,False,False,0.1620852712666722,0.1476216221121438,False,False,False,False,1788758.0,1633294.9182292237,False,False,False,False,22901.15725329659,False,False,False,False
2025-10-08 17:00:00+00:00,23.855,23.865,23.56,23.625,10172.0,23.468611446457217,23.590490452352384,23.383596555595055,23.59877184114436,23.366359737195495,21.22401788896806,19.607729310084874,19.324138598289323,18.89145166089912,18.572053762673484,18.044858256358964,17.652202406044363,17.32354680262074,17.048054116242508,16.876260728828207,16.574772801089573,16.3874747506078,16.016990909763255,23.366359737195495,19.607729310084874,16.876260728828207,16.574772801089573,23.468611446457217,23.5295509494048,18.99326750790032,"rgba(38, 166, 154, 1.0)",0.5619610531215239,21.805000175155982,3.2386582926600855,55.94350193463903,1.5651009964859952,True,False,True,False,True,5.349504519251958,0.0,0.0,0.0,0.0,0,1.0181245074862095,0.9403729971105855,False,False,False,False,0.15146180545591514,0.14954171378402947,False,False,False,False,1778586.0,1635547.4931403985,False,False,False,False,22703.80597805168,False,False,False,False
2025-10-08 18:00:00+00:00,23.63,23.81,23.425,23.77,16985.0,23.478760790778566,23.592028969148867,23.391821505628705,23.599583741630763,23.369018251704475,21.231922737226988,19.61743397148021,19.33412673448414,18.90173413667312,18.58248491358802,18.05534329456005,17.662584067470114,17.33379308520298,17.058201439555496,16.886382679449994,16.584818332572805,16.397476017333485,16.026862987943172,23.369018251704475,19.61743397148021,16.886382679449994,16.584818332572805,23.478760790778566,23.535394879963718,19.002099243531532,"rgba(38, 166, 154, 1.0)",0.5551733598252779,21.81130035656471,3.528086513466213,56.98457822051155,1.8246697371053955,True,False,True,False,True,6.530115733402624,0.0,0.0,0.0,0.0,0,1.0130378096479793,0.9395045632333766,False,False,False,False,0.13152445298602491,0.14053308338502718,False,False,False,False,1795571.0,1638028.477742873,False,False,False,False,22615.142319477236,False,False,False,False
2025-10-08 19:00:00+00:00,23.77,23.8,23.495,23.515,38347.0,23.49158205017405,23.592511845736784,23.404770988832034,23.59968001091786,23.37358480617271,21.249111692268375,19.638825649476757,19.356173234105334,18.924472498952895,18.605580002778115,18.078599691392313,17.68563921668125,17.35656870994336,17.08077287333155,16.90890645232253,16.607186653673704,16.419754168084637,16.048868955451624,23.37358480617271,19.638825649476757,16.90890645232253,16.607186653673704,23.49158205017405,23.542046947955416,19.021155975274066,"rgba(38, 166, 154, 0.75)",0.5481568214490538,21.82267722548435,3.087296752126499,54.49420222816795,1.8246697371053955,True,False,True,False,False,4.123351918162555,0.0,0.0,0.0,0.0,0,1.0136292834890965,0.9419781931464172,False,False,False,False,0.13204272767519973,0.13628790553011344,False,False,False,False,1757224.0,1639876.4703360067,False,False,False,False,22859.0470897179,False,False,False,False
2025-10-09 14:00:00+00:00,23.045,23.46,22.78,23.015,10542.0,23.48039461011419,23.586621272326045,23.399478015723354,23.596072745352373,23.372046889296673,21.25276272773302,19.643902648749258,19.36145939266848,18.929996790112664,18.611237275282313,18.084362361526793,17.691393584049063,17.362283870372842,17.08645980403432,16.914594644951457,16.612857238647308,16.425414374974345,16.054482697326566,23.372046889296673,19.643902648749258,16.914594644951457,16.612857238647308,23.48039461011419,23.533507941220115,19.024925316300052,"rgba(239, 83, 80, 0.5)",0.5475421987935618,21.819572790819727,2.183260416848678,48.49398187618807,4.1041318172790895,False,False,False,True,False,0.0,0.0,0.0,0.0,0.0,0,0.9934782608695651,0.9526854219948846,False,False,False,False,0.03380667766774187,0.08504729159892765,False,False,False,False,1746682.0,1641532.3700207197,False,False,False,False,22668.085119334675,False,False,False,False
2025-10-09 15:00:00+00:00,23.025,23.045,22.81,22.96,12326.0,23.46349884477891,23.577941180410956,23.39072269296312,23.590726494091996,23.369361150018218,21.25667300206213,19.64956767511952,19.367378435670776,18.936210025113212,18.61761756153643,18.0908863083293,17.69792368095275,17.36878085993645,17.092933230489926,16.92107439542209,16.619324903676354,16.43187478306902,16.060898399009776,23.369361150018218,19.64956767511952,16.92107439542209,16.619324903676354,23.46349884477891,23.520720012594936,19.028872099841315,"rgba(239, 83, 80, 1.0)",0.5492423118418189,21.814767647768427,2.085113123188148,44.11046557515658,0.20006937689616677,False,True,False,True,False,0.0,0.0,0.0,0.0,0.0,0,0.992987377279102,0.9637893663139101,False,False,False,False,-0.022971081499726074,0.031038105049600792,False,False,False,False,1734356.0,1642971.49606691,False,False,False,False,22507.74271438375,False,False,False,False
2025-10-09 16:00:00+00:00,22.95,23.005,22.59,22.66,9099.0,23.44748855930457,23.569854304168,23.38188984351898,23.585721980705465,23.366550379785238,21.2592288089508,19.653500438150278,19.371507546189783,18.94057091342631,18.622112443610902,18.095505996865274,17.702562414088447,17.3734067875946,17.09755039685618,16.925700672127938,16.6239500393329,16.436499026238724,16.065498438124717,23.366550379785238,19.653500438150278,16.925700672127938,16.6239500393329,23.44748855930457,23.508671431736285,19.03135975784791,"rgba(239, 83, 80, 1.0)",0.558092391201802,21.809998952647426,1.5230471885168924,39.27897643949085,-4.085004526457489,False,True,False,True,False,0.0,0.0,0.0,0.0,0.0,0,0.9847181199434952,0.9717477847694872,False,False,False,False,-0.04814706778865232,-0.008554481369525763,False,False,False,False,1725257.0,1644247.2403139346,False,False,False,False,22299.85523043981,False,False,False,False
2025-10-09 17:00:00+00:00,22.655,22.715,22.38,22.415,22212.0,23.398347408313448,23.544967694435694,23.35321415066429,23.57018851377952,23.357066894449698,21.26439928904935,19.662292961516652,19.380807679598433,18.95048377995636,18.632386781542003,18.106145542266756,17.713295366219896,17.384146154481254,17.108296344331876,16.936483246401686,16.634755045693915,16.447316328688157,16.076285199919848,23.357066894449698,19.662292961516652,16.936483246401686,16.634755045693915,23.398347408313448,23.47165755137457,19.03609770490998,"rgba(239, 83, 80, 1.0)",0.5748427752146174,21.795043127242668,1.0784807594143822,34.778668313836874,-8.0510168522284,False,True,False,True,False,0.0,0.0,0.0,0.0,0.0,0,0.9805203127002432,0.9779571959502752,False,False,False,False,-0.09676241289757007,-0.05265844713354791,False,False,False,False,1703045.0,1645158.833487362,False,False,False,False,22298.493133843844,False,False,False,False
2025-10-09 18:00:00+00:00,22.41,22.595,22.37,22.46,9734.0,23.377756466649554,23.534137102404177,23.34082959801504,23.56334380531068,23.35284052680535,21.26660012843224,19.66609079146582,19.384829084107622,18.95477604337782,18.636839367470227,18.11076201845567,17.71795604370264,17.38881235704836,17.11296744507477,16.941171401061577,16.63945483473976,16.452022543576636,16.080980127661256,23.35284052680535,19.66609079146582,16.941171401061577,16.63945483473976,23.377756466649554,23.455946784526866,19.038142257269094,"rgba(239, 83, 80, 1.0)",0.589450805625438,21.789192463496445,1.1380212396042015,32.42368043254743,-10.11536922682113,False,True,False,True,False,0.0,0.0,0.0,0.0,0.0,0,0.977057164829531,0.9835939502691614,False,False,False,False,-0.10946815003805535,-0.08106329858580164,False,False,False,False,1712779.0,1646207.2081619764,False,False,False,False,22103.694790683476,False,False,False,False
2025-10-09 19:00:00+00:00,22.495,22.86,22.47,22.845,30296.0,23.33539089501676,23.50942405042023,23.314936780125663,23.547347654742726,23.343615230819246,21.27480567615129,19.678891979161037,19.398285825165605,18.96901259904924,18.65153012181001,18.125887562349586,17.73316295274142,17.403991974382325,17.128129248003237,16.956369006525062,16.654658712204274,16.467229240854675,16.09611819332931,23.343615230819246,19.678891979161037,16.956369006525062,16.654658712204274,23.33539089501676,23.422407472718497,19.046498297338417,"rgba(239, 83, 80, 0.75)",0.5949082600183517,21.780280487107994,1.7897205072579765,35.68838014382476,-10.11536922682113,False,True,False,True,True,0.0,0.0,0.0,0.0,0.0,0,0.9749268168512153,0.9786177930507824,False,False,False,False,-0.07387034452404327,-0.07746682155492246,False,False,False,False,1743075.0,1647709.0343920232,False,False,False,False,22230.707274548848,False,False,False,False
2025-10-10 14:00:00+00:00,22.78,22.895,22.61,22.645,7706.0,23.325342614721233,23.503312837539536,23.308606253261196,23.543335583422962,23.34128077068222,21.276866196850076,19.682122115911362,19.401682831314623,18.972608635341672,18.655242380381473,18.129712101944072,17.737009779924897,17.407833224118082,17.131966976109876,16.96021632578428,16.658508521258128,16.471080281531187,16.09995284152455,23.34128077068222,19.682122115911362,16.96021632578428,16.658508521258128,23.325342614721233,23.414327726130384,19.04862655121004,"rgba(239, 83, 80, 0.75)",0.6034480504150906,21.778342370123653,1.4361760374902255,36.387864928460445,-10.11536922682113,False,True,False,True,True,0.0,0.0,0.0,0.0,0.0,0,0.9797966963151207,0.9789072426937735,False,False,False,False,-0.05687443952852853,-0.06717063054172549,False,False,False,False,1735369.0,1649068.1036262554,False,False,False,False,22005.518014478323,False,False,False,False
2025-10-10 15:00:00+00:00,22.655,23.08,22.37,22.37,7547.0,23.314090869801223,23.49659410951138,23.301406623385386,23.538925809041455,23.338611588006938,21.27872476294465,19.6851645200626,19.404892839214277,18.976020516058792,18.658773186353557,18.133361881213258,17.740688386996723,17.411511998441565,17.1356464836897,16.963907377840723,16.662205785634836,16.47478091933893,16.103641702798825,23.338611588006938,19.6851645200626,16.963907377840723,16.662205785634836,23.314090869801223,23.405342489656302,19.05051652381389,"rgba(239, 83, 80, 0.75)",0.6170118342494144,21.775889264338794,0.9628838584334998,35.094895866683025,-10.11536922682113,False,True,False,True,True,0.0,0.0,0.0,0.0,0.0,0,0.9731762346452745,0.9741789922286284,False,False,False,False,-0.06221201235412793,-0.06469132144792672,False,False,False,False,1727822.0,1650289.0942677087,False,False,False,False,21781.35494448641,False,False,False,False
2025-10-10 16:00:00+00:00,22.375,22.415,21.855,22.075,16443.0,23.274537959456055,23.47440089446732,23.2754736435139,23.524468339259098,23.32900111358805,21.281263554361548,19.69065941006472,19.410793854775658,18.982428327217377,18.665488780722832,18.140421507281808,17.74787604269189,17.41875227153394,17.14292719124368,16.971233305505567,16.669580344745384,16.482182983692102,16.111057772933346,23.32900111358805,19.69065941006472,16.971233305505567,16.669580344745384,23.274537959456055,23.37446942696169,19.052725527695678,"rgba(239, 83, 80, 0.75)",0.638342539862745,21.764643837985886,0.48619063063045265,32.66980311663473,-10.196149740478134,False,True,False,True,True,0.0,0.0,0.0,0.0,0.0,0,0.9572585669781931,0.9960124610591897,False,False,False,False,-0.1781013012155542,-0.12139631133174046,False,False,False,False,1711379.0,1651236.2245891395,False,False,False,False,21698.58975154864,False,False,False,False
2025-10-10 17:00:00+00:00,22.065,22.285,22.0,22.17,9935.0,23.25259613877945,23.46168624622382,23.260824939701866,23.516097992922212,23.3234403835317,21.282857190421414,19.69401747306752,19.414395036248667,18.986332487231486,18.669576763107226,18.144714112283815,17.752243815784073,17.423150184482896,17.14734831193605,16.97568108388884,16.674056394414087,16.486675017040618,16.115557074937556,23.3234403835317,19.69401747306752,16.97568108388884,16.674056394414087,23.25259613877945,23.357141192501636,19.0541855163125,"rgba(239, 83, 80, 1.0)",0.6556258821138151,21.758638756183167,0.62743289281161,32.247992304727866,-10.991146542875732,False,True,False,True,False,0.0,0.0,0.0,0.0,0.0,0,0.9586078309509012,1.002113113735239,False,False,False,False,-0.17660464547885968,-0.14900047840530006,False,False,False,False,1721314.0,1652322.7017272923,False,False,False,False,21516.208515090522,False,False,False,False
2025-10-10 18:00:00+00:00,22.17,22.325,22.08,22.18,7665.0,23.236888595872536,23.452361517416332,23.2502130696456,23.50991246518704,23.319343296545817,21.284143847450217,19.69664758319294,19.417210822561326,18.98937918339322,18.67276332453352,18.148055395342958,17.755640834789837,17.42656870190053,17.150783432149744,16.979136080202228,16.6775320212068,16.490162298841526,16.119048663015757,23.319343296545817,19.69664758319294,16.979136080202228,16.6775320212068,23.236888595872536,23.344625056644432,19.05540881374744,"rgba(239, 83, 80, 1.0)",0.6677494270289698,21.754482228667875,0.6372416869384506,32.10047464772898,-11.63318591418465,False,True,False,True,False,0.0,0.0,0.0,0.0,0.0,0,0.9570453134698944,1.0049658597144626,False,False,False,False,-0.16465896414188622,-0.15682972127359313,False,False,False,False,1728979.0,1653511.1714679543,False,False,False,False,21301.461096251907,False,False,False,False
2025-10-10 19:00:00+00:00,22.18,22.49,22.18,22.445,22300.0,23.20105115331941,23.42970152116639,23.225480904290013,23.49461587807991,23.309437577056944,21.288588649282065,19.70480694425828,19.425889489002067,18.998696901778267,18.68246476358899,18.15816800291354,17.765886529308755,17.436853941427305,17.161099881059165,16.98950141861015,16.687941897501126,16.500597198473553,16.1294787698652,23.309437577056944,19.70480694425828,16.98950141861015,16.687941897501126,23.20105115331941,23.3153763372429,19.059969296655957,"rgba(239, 83, 80, 0.75)",0.6713359009408865,21.746176282317784,1.0409449527469121,35.3762970198075,-11.63318591418465,False,True,False,True,True,0.0,0.0,0.0,0.0,0.0,0,0.9596434761079476,1.0008665511265162,False,False,False,False,-0.13843811149582055,-0.14763391638470685,False,False,False,False,1751279.0,1655026.951755273,False,False,False,False,21316.94231956583,False,False,False,False
