date,Close,High,Low,Open,Volume,aVWAP_peak_179,aVWAP_peak_168,aVWAP_peak_147,aVWAP_valley_171,aVWAP_valley_155,aVWAP_valley_136,aVWAP_valley_131,aVWAP_valley_111,aVWAP_valley_98,aVWAP_valley_92,aVWAP_valley_77,aVWAP_valley_60,aVWAP_valley_39,aVWAP_OB_bull_171,aVWAP_OB_bull_111,aVWAP_OB_bull_39,Peaks_Valleys_avg,Peaks_avg,Valleys_avg,color,StDev,StDev_Mean,StdDev_ZScore,QQEMOD,QQE1_Value,QQE1_Above_Upper,QQE1_Below_Lower,QQE2_Above_Threshold,QQE2_Below_Threshold,QQE2_Above_TL,banker_RSI,SMA_50,SMA_200,OB,OB_High,OB_Low,OB_Mitigated_Index,TTM_squeeze_Active,VI_plus,VI_minus,VI_Regular_Bullish,VI_Regular_Bearish,VI_Hidden_Bullish,VI_Hidden_Bearish,Fisher,Fisher_Signal,Fisher_Regular_Bullish,Fisher_Regular_Bearish,Fisher_Hidden_Bullish,Fisher_Hidden_Bearish,OBV,OBV_Smoothed,OBV_Regular_Bullish,OBV_Regular_Bearish,OBV_Hidden_Bullish,OBV_Hidden_Bearish,Volume_MA,Vol_Regular_Bullish,Vol_Regular_Bearish,Vol_Hidden_Bullish,Vol_Hidden_Bearish
2021-12-31 00:00:00+00:00,3.6548244441,3.8087936441,3.5916426386,3.7228663886,4980246,,,,,,,,,,,,,,,,,,,,#000000,,,,,,False,False,False,False,False,,,,0.0,0.0,0.0,0.0,0,,,False,False,False,False,,,False,False,False,False,0,0.0,False,False,False,False,4980246.0,False,False,False,False
2022-01-07 00:00:00+00:00,3.3243349997,3.6742649997,3.2562930553,3.5965027775,5362896,,,,,,,,,,,,,,,,,,,,"rgba(239, 83, 80, 0.5)",,,,0.0,,False,False,False,True,False,,,,0.0,0.0,0.0,0.0,0,,,False,False,False,False,,,False,False,False,False,-5362896,-397251.55555555556,False,False,False,False,5008590.444444445,False,False,False,False
2022-01-14 00:00:00+00:00,3.4312580553,3.6450069636,3.2562930553,3.3437755553,4702962,,,,,,,,,,,,,,,,,,,,"rgba(239, 83, 80, 0.5)",,,,7.354579900486206,-68.38644975121551,False,False,False,True,True,,,,0.0,0.0,0.0,0.0,0,,,False,False,False,False,,,False,False,False,False,-659934,-416709.5144032922,False,False,False,False,4985951.300411523,False,False,False,False
2022-01-21 00:00:00+00:00,3.440978333,3.8069467913,3.3632161108,3.4020972219,5385953,,,,,,,,,,,,,,,,,,,,"rgba(239, 83, 80, 0.5)",,,,13.126797981931691,-62.527696257791234,False,False,False,True,True,,,,0.0,0.0,0.0,0.0,0,,,False,False,False,False,,,False,False,False,False,4726019,-35766.661484529846,False,False,False,False,5015581.055936595,False,False,False,False
2022-01-28 00:00:00+00:00,3.0618874997,3.4701391664,2.9938455553,3.3632161108,7545872,,,,,,,,,,,,,,,,,,,,"rgba(239, 83, 80, 0.5)",,3.1752907404666666,,13.27012900211569,-61.92509850548162,False,False,False,True,True,,,,0.0,0.0,0.0,0.0,0,,,False,False,False,False,,,False,False,False,False,-2819853,-241995.27915234247,False,False,False,False,5203010.014756107,False,False,False,False
2022-02-04 00:00:00+00:00,3.1396497219,3.3291951386,3.0327266664,3.1007686108,5716679,,,,,,,,,,,,,,,,,,,,"rgba(239, 83, 80, 0.5)",,3.1717992233889047,,15.839807342062425,-58.75064792816083,False,False,False,True,True,,,,0.0,0.0,0.0,0.0,0,,,False,False,False,False,,,False,False,False,False,2896826,-9489.999215131946,False,False,False,False,5241059.569218617,False,False,False,False
2022-02-11 00:00:00+00:00,3.4312580553,3.4944398608,3.1689077581,3.1882511108,7068255,,,,,,,,,,,,,,,,,,,,"rgba(239, 83, 80, 0.5)",,3.2389221544809024,,24.040451705939535,-50.15122169509651,False,False,False,True,True,,,,0.0,0.0,0.0,0.0,0,,,False,False,False,False,,,False,False,False,False,9965081,729367.1118378408,False,False,False,False,5376407.378906126,False,False,False,False
2022-02-18 00:00:00+00:00,3.4798594441,3.6694048608,3.3048944442,3.4798594441,5897699,,,,,,,,,,,,,,,,,,,,"rgba(239, 83, 80, 0.5)",,3.294191764722746,,30.669468528005815,-43.201416964999325,False,False,False,True,True,,,,0.0,0.0,0.0,0.0,0,,,False,False,False,False,,,False,False,False,False,15862780,1850360.6591091119,False,False,False,False,5415021.573061228,False,False,False,False
2022-02-25 00:00:00+00:00,3.6256636108,3.7811880552,3.3632161108,3.4992999997,6167957,,,,,,,,,,,,,,,,,,,,"rgba(239, 83, 80, 0.5)",,3.350514946666667,,37.44413163523507,-36.17865741853231,False,False,False,True,True,,,,0.0,0.0,0.0,0.0,0,,,False,False,False,False,,,False,False,False,False,22030737,3345203.351026955,False,False,False,False,5470794.567649284,False,False,False,False
2022-03-04 00:00:00+00:00,3.8686705552,3.9172719441,3.5479985914,3.6742649997,6402324,,,,,,,,,,,,,,,,,,,,"rgba(239, 83, 80, 0.5)",,3.421052517037783,,44.819682209978794,-28.647402350588358,False,False,False,True,True,,,,0.0,0.0,0.0,0.0,0,,,False,False,False,False,0.3428281201591199,0.3428281201591199,False,False,False,False,28433061,5203563.176876809,False,False,False,False,5539796.747823412,False,False,False,False
2022-03-11 00:00:00+00:00,4.0047544441,4.0825166663,3.6742649997,3.8881111108,13189747,,,,,,,,,,,,,,,,,,,,#000000,,3.7341399475025883,,51.185507722529735,-22.14382347188976,False,False,False,False,True,,,,0.0,0.0,0.0,0.0,0,,,False,False,False,False,0.34282814821727275,0.34282813418819635,False,False,False,False,41622808,7901285.015626675,False,False,False,False,6106459.729466123,False,False,False,False
2022-03-18 00:00:00+00:00,3.8686705552,3.9610131941,3.5041601386,3.8395097219,9894278,,,,,,,,,,,,,,,,,,,,#000000,,3.721988473115974,,53.80122354878451,-19.201166384013685,False,False,False,False,True,,,,0.0,0.0,0.0,0.0,0,,,False,False,False,False,0.19443452302971717,0.2686313286089568,False,False,False,False,31728530,9666266.125580255,False,False,False,False,6387038.86061678,False,False,False,False
2022-03-25 00:00:00+00:00,3.7617474997,3.9950341663,3.7325866663,3.9075516663,6805275,,,,,,,,,,,,,,,,,,,,"rgba(38, 166, 154, 0.5)",,3.730764388559014,,54.321832648484,-18.099301348325238,False,False,True,False,True,,,,0.0,0.0,0.0,0.0,0,,,False,False,False,False,0.3274215192610276,0.2980264239349922,False,False,False,False,24923255,10796413.449611347,False,False,False,False,6418019.315385907,False,False,False,False
2022-04-01 00:00:00+00:00,3.615943333,3.7423069441,3.4215377775,3.7423069441,5662171,,,,,,,,,,,,,,,,,,,,#000000,,3.709513323467771,,53.064579186042494,-18.099301348325238,False,False,False,False,True,,,,0.0,0.0,0.0,0.0,0,,,False,False,False,False,0.049482801786748944,0.17375461286087057,False,False,False,False,19261084,11423426.082973469,False,False,False,False,6362030.551283247,False,False,False,False
2022-04-08 00:00:00+00:00,3.6062230552,3.742792958,3.4020972219,3.6353838886,4667283,,,,,,,,,,,,,,,,,,,,#000000,,3.6955965291251056,,52.06286317322697,-18.099301348325238,False,False,False,False,True,,,,0.0,0.0,0.0,0.0,0,,,False,False,False,False,0.040495936657573395,0.10712527475922198,False,False,False,False,14593801,11658268.66941988,False,False,False,False,6236493.695632637,False,False,False,False
2022-04-15 00:00:00+00:00,3.7714677775,3.8006286108,3.5576216664,3.6742649997,4371399,,,,,,,,,,,,,,,,,,,,#000000,,3.6946355791024246,,53.03234990661305,-16.90535680109229,False,False,False,False,True,,,,0.0,0.0,0.0,0.0,0,,,False,False,False,False,0.08968489276571612,0.09840508376246905,False,False,False,False,18965200,12199522.842055444,False,False,False,False,6098338.532993182,False,False,False,False
2022-04-22 00:00:00+00:00,3.353495833,3.8686705552,3.309754583,3.8200691663,5602729,,,,,,,,,,,,,,,,,,,,#000000,,3.6765562584624525,,49.912379696053314,-16.90535680109229,False,False,False,False,True,,,,0.0,0.0,0.0,0.0,0,,,False,False,False,False,-0.15915650642500204,-0.030375711331266493,False,False,False,False,13362471,12285667.150051337,False,False,False,False,6061626.715734427,False,False,False,False
2022-04-29 00:00:00+00:00,2.9355238886,3.266013333,2.877202222,3.2076916664,6989084,,,,,,,,,,,,,,,,,,,,"rgba(239, 83, 80, 0.5)",,3.6113776125369865,,45.217690594029314,-16.90535680109229,False,False,False,True,True,,,,0.0,0.0,0.0,0.0,0,,,False,False,False,False,-0.34282825441539394,-0.1866019828733302,False,False,False,False,6373387,11847720.472269757,False,False,False,False,6130327.255309655,False,False,False,False
2022-05-06 00:00:00+00:00,2.8383211109,3.0813280553,2.7945798609,2.877202222,7050892,,,,,,,,,,,,,,,,,,,,"rgba(239, 83, 80, 0.5)",,3.5474182178442284,,41.39953929718851,-16.90535680109229,False,False,False,True,False,,,,0.0,0.0,0.0,0.0,0,,,False,False,False,False,-0.34282825441539394,-0.2647151186443621,False,False,False,False,-677505,10919925.992842367,False,False,False,False,6198517.23639783,False,False,False,False
2022-05-13 00:00:00+00:00,2.6244749998,2.7556987498,2.3911883331,2.7313980553,9793077,,,,,,,,,,,,,,,,,,,,"rgba(239, 83, 80, 0.5)",,3.1580980657351567,,37.737033958987936,-16.90535680109229,False,False,False,True,False,,,,0.0,0.0,0.0,0.0,0,,,False,False,False,False,-0.34282825441539394,-0.303771686529878,False,False,False,False,-10470582,9335443.919298489,False,False,False,False,6464780.922590584,False,False,False,False
2022-05-20 00:00:00+00:00,2.6633561109,2.7313980553,2.5369924998,2.5953141664,5839359,,,,,,,,,,,,,,,,,,,,"rgba(239, 83, 80, 0.5)",,3.1321817951501774,,35.521429859677546,-16.90535680109229,False,False,False,True,False,,,,0.0,0.0,0.0,0.0,0,,,False,False,False,False,-0.30834041225133835,-0.30605604939060815,False,False,False,False,-4631223,8300875.999350453,False,False,False,False,6418453.372769059,False,False,False,False
2022-05-27 00:00:00+00:00,2.8383211109,2.9063630553,2.6050344442,2.6730763887,5574526,,,,,,,,,,,,,,,,,,,,"rgba(239, 83, 80, 0.5)",,3.124977814502094,,35.66817031933047,-16.90535680109229,False,False,False,True,False,,,,0.0,0.0,0.0,0.0,0,,,False,False,False,False,-0.2413597393920195,-0.2737078943913138,False,False,False,False,943303,7755870.59199116,False,False,False,False,6355940.2340454245,False,False,False,False
2022-06-03 00:00:00+00:00,2.8407511803,2.964684722,2.6244749998,2.8091602775,3888985,,,,,,,,,,,,,,,,,,,,"rgba(239, 83, 80, 0.5)",,3.1194532743211414,,35.79646404372139,-16.90535680109229,False,False,False,True,False,,,,0.0,0.0,0.0,0.0,0,,,False,False,False,False,-0.20065009781747897,-0.2371789961043964,False,False,False,False,4832288,7539308.918510334,False,False,False,False,6173202.809301319,False,False,False,False
2022-06-10 00:00:00+00:00,2.8602752434,2.9481335273,2.5722953128,2.9090854011,5248959,,,,,,,,,,,,,,,,,,,,"rgba(239, 83, 80, 0.5)",,3.108840065783761,,36.08774883215449,-16.90535680109229,False,False,False,True,False,,,,0.0,0.0,0.0,0.0,0,,,False,False,False,False,-0.22209435104594633,-0.22963667357517137,False,False,False,False,10081247,7727600.628250309,False,False,False,False,6104740.304908629,False,False,False,False
2022-06-17 00:00:00+00:00,2.6064624232,2.7382498491,2.4941990604,2.7138447702,7952964,,,,,,,,,,,,,,,,,,,,"rgba(239, 83, 80, 0.5)",,3.071730678427883,,34.90510578385292,-16.90535680109229,False,False,False,True,False,,,,0.0,0.0,0.0,0.0,0,,,False,False,False,False,-0.3144316553462569,-0.27203416446071416,False,False,False,False,2128283,7312836.359491027,False,False,False,False,6241645.763804286,False,False,False,False
2022-06-24 00:00:00+00:00,2.6650346125,2.7626549279,2.4795560131,2.5967003916,4568178,,,,,,,,,,,,,,,,,,,,"rgba(239, 83, 80, 0.5)",,3.0546392358518877,,34.67583167685539,-16.90535680109229,False,False,False,True,False,,,,0.0,0.0,0.0,0.0,0,,,False,False,False,False,-0.30845562866024995,-0.290244896560482,False,False,False,False,6696461,7267178.925454655,False,False,False,False,6117685.188707672,False,False,False,False
2022-07-01 00:00:00+00:00,2.4405078869,2.7138447702,2.264791319,2.6650346125,4916578,,,,,,,,,,,,,,,,,,,,"rgba(239, 83, 80, 0.5)",,3.0281116184838233,,33.391039382193526,-16.90535680109229,False,False,False,True,False,,,,0.0,0.0,0.0,0.0,0,0.840666563543369,1.0732044998949815,False,False,False,False,-0.34282825441539394,-0.316536575487938,False,False,False,False,1779883,6860712.560606161,False,False,False,False,6028714.285840437,False,False,False,False
2022-07-08 00:00:00+00:00,2.3331255398,2.4258648395,2.1964570982,2.4112217922,5298809,,,,,,,,,,,,,,,,,,,,"rgba(239, 83, 80, 0.5)",,2.9933828026654736,,31.993284053219035,-6.568035356167599,False,False,False,True,False,,,,0.0,0.0,0.0,0.0,0,0.8642403575873984,1.0891056850679648,False,False,False,False,-0.34282825441539394,-0.32968241495166595,False,False,False,False,-3518926,6091850.445005706,False,False,False,False,5974647.227630034,False,False,False,False
2022-07-15 00:00:00+00:00,2.2550292875,2.4112217922,2.1583851751,2.3233635083,4599817,,,,,,,,,,,,,,,,,,,,"rgba(239, 83, 80, 0.5)",,2.7919160449280103,,30.65633723485494,-8.532070478879412,False,False,False,True,False,,,,0.0,0.0,0.0,0.0,0,0.8582240521651892,1.0888387607054864,False,False,False,False,-0.34282825441539394,-0.33625533468352997,False,False,False,False,-8118743,5039213.893523801,False,False,False,False,5872807.951509291,False,False,False,False
2022-07-22 00:00:00+00:00,2.2843153821,2.4307458553,2.2306242086,2.3038394452,4892416,,,,,,,,,,,,,,,,,,,,"rgba(239, 83, 80, 0.5)",,2.7775403076001197,,30.042603710225208,-9.761286063870074,False,False,False,True,False,,,,0.0,0.0,0.0,0.0,0,0.85065933055366,1.1067673400010969,False,False,False,False,-0.27750878877674856,-0.30688206173013927,False,False,False,False,-3226327,4426951.605114631,False,False,False,False,5800186.325471565,False,False,False,False
2022-07-29 00:00:00+00:00,2.5771763285,2.6064624232,2.201338114,2.3136014767,6582910,,,,,,,,,,,,,,,,,,,,"rgba(239, 83, 80, 0.5)",,2.777569835851136,,32.661882257050465,-9.761286063870074,False,False,False,True,False,,,,0.0,0.0,0.0,0.0,0,0.8869452087360246,1.0511554504556617,False,False,False,False,-0.177652811447876,-0.24226743658900762,False,False,False,False,3356583,4347665.041772807,False,False,False,False,5858165.856918115,False,False,False,False
2022-08-05 00:00:00+00:00,2.5967003916,2.6699156282,2.4502699184,2.5869383601,5607688,,,,,,,,,,,,,,,,,,,,"rgba(239, 83, 80, 0.5)",,2.7820003262727635,,34.71654150698253,-9.761286063870074,False,False,False,True,False,,,,0.0,0.0,0.0,0.0,0,0.9093126132667133,1.0288878147645422,False,False,False,False,0.02641908125010764,-0.10792417766944999,False,False,False,False,8964271,4689635.853493339,False,False,False,False,5839611.941590847,False,False,False,False
2022-08-12 00:00:00+00:00,2.6552725809,2.7480118806,2.5381282023,2.6552725809,5630748,,,,,,,,,,,,,,,,,,,,"rgba(239, 83, 80, 0.5)",,2.6742628434495606,,36.74930155519266,-9.761286063870074,False,False,False,True,True,,,,0.0,0.0,0.0,0.0,0,0.905676695709172,1.0425022055430482,False,False,False,False,0.16896123775883637,0.03051853004469319,False,False,False,False,14595019,5423367.938419759,False,False,False,False,5824140.538510043,False,False,False,False
2022-08-19 00:00:00+00:00,2.3428875714,2.6552725809,2.3331255398,2.6064624232,5215096,,,,,,,,,,,,,,,,,,,,"rgba(239, 83, 80, 0.5)",,2.6420830806206883,,36.31057334710942,-9.761286063870074,False,False,False,True,True,,,,0.0,0.0,0.0,0.0,0,0.8665421490523659,1.0730743852652695,False,False,False,False,0.05580707478538845,0.04316280241504082,False,False,False,False,9379923,5716446.091129406,False,False,False,False,5779026.12825004,False,False,False,False
2022-08-26 00:00:00+00:00,2.3526496029,2.5478902339,2.2891963979,2.3233635083,4507111,,,,,,,,,,,,,,,,,,,,"rgba(239, 83, 80, 0.5)",,2.6224598797216467,,36.09472286751405,-9.761286063870074,False,False,False,True,True,,,,0.0,0.0,0.0,0.0,0,0.8522738353825811,1.0997382542390133,False,False,False,False,-0.08381979599483659,-0.020328496789897885,False,False,False,False,13887034,6321674.825119821,False,False,False,False,5684810.192824111,False,False,False,False
2022-09-02 00:00:00+00:00,2.1866950666,2.4209838238,2.0793127196,2.3136014767,7114619,,,,,,,,,,,,,,,,,,,,"rgba(239, 83, 80, 0.5)",,2.5774159094938316,,35.0510197227446,-9.761286063870074,False,False,False,True,True,,,,0.0,0.0,0.0,0.0,1,0.8060613333666145,1.1305366385688733,False,False,False,False,-0.34282825441539394,-0.18157837560264592,False,False,False,False,6772415,6355062.986222057,False,False,False,False,5790721.956318622,False,False,False,False
2022-09-09 00:00:00+00:00,2.3428875714,2.3624116345,2.1183608458,2.2062191297,6697079,,,,,,,,,,,,,,,,,,,,"rgba(239, 83, 80, 0.5)",,2.5537344061713125,,35.871619637830115,-9.761286063870074,False,False,False,True,True,,,,0.0,0.0,0.0,0.0,1,0.7919947892237115,1.1595114734088565,False,False,False,False,-0.34282825441539394,-0.26220331500901994,False,False,False,False,13469494,6882057.876131535,False,False,False,False,5857859.515109836,False,False,False,False
2022-09-16 00:00:00+00:00,2.264791319,2.4405078869,2.1281228773,2.3526496029,30388736,,,,,,,,,,,,,,,,,,,,"rgba(239, 83, 80, 0.5)",,2.4910022329399473,,36.006425339825626,-9.761286063870074,False,False,False,True,True,,,,0.0,0.0,0.0,0.0,1,0.8142830965710267,1.144306562434356,False,False,False,False,-0.26396461621912864,-0.2630839656140743,False,False,False,False,-16919242,5118998.626047717,False,False,False,False,7674961.476953552,False,False,False,False
2022-09-23 00:00:00+00:00,2.0695506881,2.3819356976,2.0305025619,2.2550292875,7400801,,,,,,,,,,,,,,,,,,,,"rgba(239, 83, 80, 0.5)",,2.472463471545806,,35.060428111880924,-9.761286063870074,False,False,False,True,True,,,,0.0,0.0,0.0,0.0,1,0.7772814722910978,1.1538405019735,False,False,False,False,-0.34282825441539394,-0.3029561100147341,False,False,False,False,-24320043,2938328.875970109,False,False,False,False,7654653.2934755115,True,False,False,False
2022-09-30 00:00:00+00:00,2.2745533506,2.3136014767,1.9426442779,2.0012164672,7573473,,,,,,,,,,,,,2.1769330350666665,,,2.1769330350666665,,,2.1769330350666665,"rgba(239, 83, 80, 0.5)",,2.3074278530166015,,36.33587759027746,-9.761286063870074,False,False,False,True,True,,,,1.0,2.3136015,1.9426442,0.0,1,0.8069962167956929,1.1336300923767169,False,False,False,False,-0.34282825441539394,-0.322892182215064,False,False,False,False,-16746570,1480188.2184908418,False,False,False,False,7648639.938403252,False,False,False,False
2022-10-07 00:00:00+00:00,2.5381282023,2.7236068017,2.3253159146,2.3526496029,9449685,,,,,,,,,,,,,2.372377517563369,,,2.372377517563369,,,2.372377517563369,"rgba(239, 83, 80, 0.5)",,2.392018087037067,,39.36584677634283,-9.761286063870074,False,False,False,True,True,,,,0.0,0.0,0.0,0.0,1,0.8507704366174033,1.0805580993954855,False,False,False,False,0.17989680513627923,-0.07149768853939238,False,False,False,False,-7296885,830034.6467507794,False,False,False,False,7782050.683706715,False,False,False,False
2022-10-14 00:00:00+00:00,2.2257431928,2.5477926136,2.1905998792,2.4405078869,8186961,,,,,,,,,,,,,2.3558156575685936,,,2.3558156575685936,,,2.3558156575685936,"rgba(239, 83, 80, 0.5)",,2.3633412159109577,,39.723005140586366,-9.761286063870074,False,False,False,True,True,,,,0.0,0.0,0.0,0.0,1,0.8190705590812716,1.1066015179234756,False,False,False,False,-0.021023061816960977,-0.04626037517817668,True,False,False,False,-15483846,-378400.9567122413,False,False,False,False,7812044.040469181,False,False,False,False
2022-10-21 00:00:00+00:00,2.4502699184,2.4795560131,2.2599103032,2.3136014767,5936183,,,,,,,,,,,,,2.363584706556952,,,2.363584706556952,,,2.363584706556952,"rgba(239, 83, 80, 0.5)",,2.3648027233049795,,41.573147668309026,-14.2232733124724,False,False,False,True,True,,,,0.0,0.0,0.0,0.0,1,0.846473607039246,1.122796865457685,False,False,False,False,0.07246638356272998,0.013103004192276651,False,False,False,False,-9547663,-1057605.5525113344,False,False,False,False,7673091.370804797,False,False,False,False
2022-10-28 00:00:00+00:00,2.3526496029,2.5381282023,2.2696723348,2.4502699184,6895404,,,,,,,,,,,,,2.3677957183463256,,,2.3677957183463256,,,2.3677957183463256,"rgba(239, 83, 80, 0.5)",,2.365324576899659,,42.34088492154238,-13.292249259126343,False,False,False,True,True,,,,0.0,0.0,0.0,0.0,1,0.8971071896841614,1.0551599086077554,False,False,False,False,0.12996313791200595,0.0715330710521413,False,False,False,False,-16443067,-2197269.3634364204,False,False,False,False,7615484.898893331,False,False,False,False
2022-11-04 00:00:00+00:00,2.6162244547,2.6162244547,2.2257431928,2.3428875714,7012807,,,,,,,,,,,,,2.3862043708238656,,,2.3862043708238656,,,2.3862043708238656,"rgba(239, 83, 80, 0.5)",,2.377484971772527,,44.612972034148655,-10.931382732581483,False,False,False,True,True,,,,0.0,0.0,0.0,0.0,1,0.9031208041866201,1.0224520460807807,False,False,False,False,0.1590113694154308,0.11527222023378604,False,False,False,False,-9430260,-2733046.447626315,False,False,False,False,7570842.0915679,False,False,False,False
2022-11-11 00:00:00+00:00,2.782178991,2.782178991,2.5478902339,2.6552725809,7979577,,,,,,,,,,,,,2.434032756538978,,,2.434032756538978,,,2.434032756538978,#000000,,2.4124970751772516,,47.20228870125689,-8.329067038678843,False,False,False,False,True,,,,0.0,0.0,0.0,0.0,1,0.9918842158938711,0.9719058086364583,False,False,False,False,0.34282811646768413,0.22905016835073508,False,False,False,False,-1450683,-2638056.5626169583,False,False,False,False,7601118.75145176,False,False,False,False
2022-11-18 00:00:00+00:00,2.6943207071,2.7913553007,2.5283661708,2.7724169595,5431095,,,,,,,,,,,,,2.4560779845629055,,,2.4560779845629055,,,2.4560779845629055,#000000,,2.429256423674852,,48.48186485920861,-7.023087888539145,False,False,False,False,True,,,,0.0,0.0,0.0,0.0,1,0.9714534567671006,0.9679937598268906,False,False,False,False,0.33570752280971894,0.282378845580227,False,False,False,False,-6881778,-2952406.298719406,False,False,False,False,7440376.251344222,False,False,False,False
2022-11-25 00:00:00+00:00,2.7746873971,2.85312379,2.5722953128,2.6552725809,3904793,,,,,,,,,,,,,2.473438314000775,,,2.473438314000775,,,2.473438314000775,#000000,,2.442727933992364,,49.881011698666285,-5.594227214286832,False,False,False,False,True,,,,0.0,0.0,0.0,0.0,1,0.9683832374559469,0.9819836982190719,False,False,False,False,0.34282812771776483,0.31260348664899595,False,False,False,False,-2976985,-2954226.9432587093,False,False,False,False,7178481.195689094,False,False,False,False
2022-12-02 00:00:00+00:00,2.9315601828,2.9562676466,2.5491827677,2.7550782989,6486585,,,,,,,,,,,,,2.505364018192166,,,2.505364018192166,,,2.505364018192166,#000000,,2.4679536289791617,,51.79238218220107,-3.679084541290827,False,False,False,False,True,,,,0.0,0.0,0.0,0.0,1,0.9633977296988734,0.976606312492129,False,False,False,False,0.3428281358347497,0.3277158112418728,False,False,False,False,3509600,-2475424.947461768,False,False,False,False,7127229.62563805,False,False,False,False
2022-12-09 00:00:00+00:00,2.7746873971,2.951169281,2.7746873971,2.9315601828,5227989,,,,,,,,,,,,,2.528520912110021,,,2.528520912110021,,,2.528520912110021,#000000,,2.4867164541555957,,52.05302277462779,-3.344317981151619,False,False,False,False,True,0.0,2.8885960102159998,,0.0,0.0,0.0,0.0,1,0.9975725129215262,0.9745693161322674,False,False,False,False,0.3428281044033857,0.33527195782262925,False,False,False,False,-1718389,-2419348.2106127483,False,False,False,False,6986545.134850046,False,False,False,False
2022-12-16 00:00:00+00:00,2.9413647319,2.9805829284,2.7158601025,2.7844919462,7690958,,,,,,,,,,,,,2.561508670524446,,,2.561508670524446,,,2.561508670524446,#000000,,2.5140145009686954,,53.21462117593782,-2.1051583490743155,False,False,False,False,True,0.0,2.8743268159719997,,0.0,0.0,0.0,0.0,0,1.0156312159176184,0.9592247516231619,False,False,False,False,0.320922061188248,0.32809700950543863,False,False,False,False,5972569,-1797724.7135303228,False,False,False,False,7038723.8656018935,False,False,False,False
2022-12-23 00:00:00+00:00,2.9805829284,2.995289752,2.6766419061,2.8923419864,7225792,,,,,,,,,,,,,2.587704856960747,,,2.587704856960747,,,2.587704856960747,"rgba(38, 166, 154, 0.5)",,2.5363599115054316,,54.26841187035436,-0.9664924608741643,False,False,True,False,True,0.0,2.867451774546,,0.0,0.0,0.0,0.0,0,1.0124282436718353,0.960645556846909,False,False,False,False,0.3028496946433852,0.3154733520744119,False,False,False,False,13198361,-686903.5495651136,False,False,False,False,7052580.764446198,False,False,False,False
2022-12-30 00:00:00+00:00,2.9021465355,3.2011852833,2.8629283391,2.9903874775,5351242,,,,,,,,,,,,,2.6104504835381785,,,2.6104504835381785,,,2.6104504835381785,"rgba(38, 166, 154, 0.5)",,2.5557955672961663,,54.42143415886905,-0.6750606283466141,False,False,True,False,True,0.0,2.85686954415,,0.0,0.0,0.0,0.0,0,1.0644531490477118,0.9271541474049293,False,False,False,False,0.34282813650569827,0.3291507442900551,False,False,False,False,7847119,-54753.731078808894,False,False,False,False,6926555.670783517,False,False,False,False
2023-01-06 00:00:00+00:00,3.3237421471,3.3531557944,2.9021465355,2.9021465355,7136742,,,,,,,,,,,,,2.651416496523734,,,2.651416496523734,,,2.651416496523734,"rgba(38, 166, 154, 0.5)",,2.590579832058068,,56.79317655925162,1.7525796477001379,False,False,True,False,True,3.3358164734968163,2.854524820432,,0.0,0.0,0.0,0.0,0,1.078159120822449,0.8755024105154553,False,False,False,False,0.3428281496054728,0.33598944694776395,False,False,False,False,14983861,1059217.7304825843,False,False,False,False,6942125.028503256,False,False,False,False
2023-01-13 00:00:00+00:00,3.3727648926,3.4708103837,3.23648166,3.3727648926,5340461,,,,,,,,,,,,,2.686839812848929,,,2.686839812848929,,,2.686839812848929,"rgba(38, 166, 154, 0.5)",,2.6207751922829656,,58.71479355851217,3.6906643551120055,False,False,True,False,True,4.010233858017109,2.8607423682900004,,0.0,0.0,0.0,0.0,0,1.1253405295737455,0.8585152701751092,False,False,False,False,0.3428281476593852,0.33940879730357454,False,False,False,False,20324322,2486262.491187578,False,False,False,False,6823483.248614126,False,False,False,False
2023-01-20 00:00:00+00:00,3.2845239507,3.3237421471,3.0982375176,3.3041330489,4168651,,,,,,,,,,,,,2.7074453161968943,,,2.7074453161968943,,,2.7074453161968943,"rgba(38, 166, 154, 0.5)",,2.638815141154163,,59.36930274089492,4.400490174439682,False,False,True,False,True,2.6677357781329256,2.8636398528659996,,0.0,0.0,0.0,0.0,0,1.0917287770115958,0.874531069297007,False,False,False,False,0.1967923291784025,0.2681005632409885,False,False,False,False,16155671,3498811.269618128,False,False,False,False,6626829.007976042,False,False,False,False
2023-01-27 00:00:00+00:00,3.2158921069,3.4512012855,3.1962830087,3.2551103033,6320297,,,,,,,,,,,,,2.738710275712719,,,2.738710275712719,,,2.738710275712719,"rgba(38, 166, 154, 0.5)",,2.666395013605596,,59.28043588223902,4.426752905962857,False,False,True,False,True,1.6343012132001888,2.8593325338980002,,0.0,0.0,0.0,0.0,0,1.1097092479685524,0.8782787036052578,False,False,False,False,0.30864795159062236,0.28837425741580547,False,False,False,False,9835374,3968186.286683452,False,False,False,False,6604122.93331115,False,False,False,False
2023-02-03 00:00:00+00:00,3.2649148525,3.5688558748,3.1668693614,3.1864784596,6227201,,,,,,,,,,,,,2.76869238011789,,,2.76869238011789,,,2.76869238011789,"rgba(38, 166, 154, 0.5)",,2.8793801248719832,,59.4959032199183,4.794421762597963,False,False,True,False,True,2.338977621119568,2.855033642066,,0.0,0.0,0.0,0.0,0,1.0725561727948025,0.8742929658536078,False,False,False,False,0.3428281340101884,0.31560119571299694,False,False,False,False,16062575,4864066.932114307,False,False,False,False,6576202.790102918,False,False,False,False
2023-02-10 00:00:00+00:00,3.1374557141,3.2649148525,3.0001920266,3.2355012051,5228372,,,,,,,,,,,,,2.7835318712913626,,,2.7835318712913626,,,2.7835318712913626,"rgba(38, 166, 154, 0.5)",,2.867382135832929,,58.58135277623036,4.794421762597963,False,False,True,False,True,0.4171515934738572,2.845269484132,,0.0,0.0,0.0,0.0,0,1.0405820916848556,0.9223974538636264,False,False,False,False,0.03803669710853848,0.1768189464107677,False,False,False,False,10834203,5306299.233439174,False,False,False,False,6476363.472317516,False,False,False,False
2023-02-17 00:00:00+00:00,3.0492147721,3.1864784596,2.9120491301,3.1472602632,4795855,,,,,,,,,,,,,2.7930724285430126,,,2.7930724285430126,,,2.7930724285430126,"rgba(38, 166, 154, 0.5)",,2.8602279666275994,,57.21775556870792,4.794421762597963,False,False,True,False,True,0.0,2.82888036847,,0.0,0.0,0.0,0.0,0,1.055362505622555,0.9201571896309896,False,False,False,False,-0.06542411107196211,0.055697417669402796,False,False,False,False,6038348,5360525.067999235,False,False,False,False,6351881.363256959,False,False,False,False
2023-02-24 00:00:00+00:00,2.8825374373,3.1177485704,2.8188078681,3.039410223,3167912,,,,,,,,,,,,2.9396979585999996,2.7964694115124833,,,2.7964694115124833,,,2.8680836850562414,"rgba(38, 166, 154, 0.5)",,2.9285936077950043,,54.982382524878226,4.794421762597963,False,False,True,False,False,0.0,2.8064360283339997,,0.0,0.0,0.0,0.0,0,1.0489819070539743,0.9157698983215768,False,False,False,False,-0.16736665109785293,-0.055834616714225065,False,False,False,False,2870436,5176074.025925218,False,False,False,False,6116031.780793481,False,False,False,False
2023-03-03 00:00:00+00:00,3.1864784596,3.1864784596,2.8825374373,2.8923419864,4659034,,,,,,,,,,,,3.026287912382639,2.8059819252623304,,,2.8059819252623304,,,2.9161349188224848,"rgba(38, 166, 154, 0.75)",,2.9519014115949083,,55.383244266073646,4.794421762597963,True,False,True,False,False,1.1529823141983258,2.792792186422,,0.0,0.0,0.0,0.0,0,1.083243578526291,0.8910415261640545,False,False,False,False,-0.22429440265174252,-0.14006450968298378,False,False,False,False,7529470,5350399.653634462,False,False,False,False,6008106.019253223,False,False,False,False
2023-03-10 00:00:00+00:00,2.8727328882,3.1864784596,2.8727328882,3.1864784596,4891977,,,,,,,,,,,,3.007451757244161,2.811711378273682,,,2.811711378273682,,,2.9095815677589214,#000000,,2.943217286916372,,53.53425968540424,7.877982608926629,True,False,False,False,False,0.0,2.7750118941920006,,0.0,0.0,0.0,0.0,1,1.0765041374500548,0.8847553696373067,False,False,False,False,-0.23282201397282515,-0.18644326182790447,False,False,False,False,2637493,5149443.605217094,False,False,False,False,5925429.795604836,False,False,False,False
2023-03-17 00:00:00+00:00,3.2158921069,3.2649148525,2.9413647319,3.0296056739,10923826,,,,,,,,,,,,3.0690284235799092,2.834572582078167,,,2.834572582078167,,,2.9518005028290384,"rgba(38, 166, 154, 0.75)",,2.9719842775282705,,54.175978779127256,7.877982608926629,True,False,True,False,False,1.484148486272698,2.76701086967,,0.0,0.0,0.0,0.0,1,1.074566658231557,0.8774562174892628,False,False,False,False,-0.10766106281450662,-0.14705216232120555,False,False,False,False,13561319,5772545.486312124,False,False,False,False,6295681.366300775,False,False,False,False
2023-03-24 00:00:00+00:00,3.4708103837,3.5786604239,3.1717716359,3.2158921069,9922758,,,,,,,,,,,,3.168964708362423,2.868562106893011,,,2.868562106893011,,,3.018763407627717,"rgba(38, 166, 154, 0.75)",,3.028319787641608,,55.855604725035036,7.877982608926629,True,False,True,False,False,4.6307373556191855,2.76430261624,,0.0,0.0,0.0,0.0,1,1.1138507103462068,0.8331229752458079,False,False,False,False,0.3428280724078811,0.09788795504333778,False,False,False,False,23484077,7084510.7836223375,False,False,False,False,6564353.709537755,False,False,False,False
2023-03-31 00:00:00+00:00,3.7453377587,3.8776991716,3.3629603435,3.4315921873,6313270,,,,,,,,,,,,3.24701773337264,2.897441978199988,,,2.897441978199988,,,3.072229855786314,"rgba(38, 166, 154, 1.0)",,3.0760020502692225,,58.20053838292185,3.863273285292088,True,False,True,False,True,7.791847127966115,2.7637800158640005,,0.0,0.0,0.0,0.0,1,1.145164111343881,0.7921892290387713,False,False,False,False,0.34282814082660074,0.22035804793496927,False,False,False,False,29797347,8766943.09594661,False,False,False,False,6545754.916238662,False,False,False,False
2023-04-07 00:00:00+00:00,3.8531877988,3.9707443426,3.686510464,3.7159241113,5058564,,,,,,,,,,,,3.313410695575583,2.9240620108105175,,,2.9240620108105175,,,3.11873635319305,"rgba(38, 166, 154, 1.0)",,3.1185196666174257,,60.29158442353403,5.867576734475662,True,False,True,False,True,8.980721401341818,2.77377385518,,0.0,0.0,0.0,0.0,1,1.147057015537911,0.8298897062215888,False,False,False,False,0.3428281683273821,0.28159310813117566,False,False,False,False,34855911,10699459.236987602,False,False,False,False,6435592.626146909,False,False,False,False
2023-04-14 00:00:00+00:00,3.9414287408,4.1130083502,3.7356312551,3.8237741515,7206275,,,,,,,,,,,,3.398626808384835,2.9630964408730325,,,2.9630964408730325,,,3.1808616246289336,"rgba(38, 166, 154, 1.0)",,3.418289327103898,,62.12315821868061,7.601699161279171,True,False,True,False,True,9.941540210378722,2.793891952224,,0.0,0.0,0.0,0.0,0,1.1689963795974614,0.7917233024667681,False,False,False,False,0.342828176944128,0.31221064253765185,False,False,False,False,42062186,13022624.182395928,False,False,False,False,6492680.209395287,False,True,False,False
2023-04-21 00:00:00+00:00,3.5492467765,3.9304476458,3.5198331292,3.9120150935,6339388,,,,,,,,,,,,3.427664480873918,2.9863150490333132,,,2.9863150490333132,,,3.2069897649536157,"rgba(38, 166, 154, 1.0)",,3.4072280624087594,,60.75530427073437,7.601699161279171,True,False,True,False,True,4.682288844603978,2.808110465536,,0.0,0.0,0.0,0.0,0,1.1344880587539627,0.8122248943263501,False,False,False,False,0.19492909829402297,0.2535698704158374,False,False,False,False,35722798,14704118.539255489,False,False,False,False,6481325.230921562,False,False,False,False
2023-04-28 00:00:00+00:00,3.5786604239,3.6080740712,3.3923739908,3.5492467765,6698838,,,,,,,,,,,,3.437808546784605,3.0045173206270572,,,3.0045173206270572,,,3.2211629337058314,"rgba(38, 166, 154, 1.0)",,3.39412672992871,,59.91427942327195,7.601699161279171,True,False,True,False,True,5.013916451170022,2.827194174018,,0.0,0.0,0.0,0.0,1,1.1189209572207695,0.8566126699380812,False,False,False,False,0.03724412384431883,0.1454069971300781,False,False,False,False,42421636,16757267.980792118,False,False,False,False,6497437.287890335,False,False,False,False
2023-05-05 00:00:00+00:00,3.6963150131,3.823676106,3.4806149328,3.6374877185,5394489,,,,,,,,,,,,3.4553167166321863,3.022019692447194,,,3.022019692447194,,,3.23866820453969,"rgba(38, 166, 154, 1.0)",,3.4046869866815777,,59.86365301073496,7.601699161279171,True,False,True,False,True,6.335671690937435,2.8478533520619997,,0.0,0.0,0.0,0.0,1,1.1355012625826195,0.8392508213988069,False,False,False,False,0.12995292234611988,0.137679959738099,False,False,False,False,47816125,19057924.056289,False,False,False,False,6415737.414713273,False,False,False,False
2023-05-12 00:00:00+00:00,3.3825694417,3.7649468569,3.3531557944,3.7061195622,4186433,,,,,,,,,,,,3.4578313569792285,3.0316291710681122,,,3.0316291710681122,,,3.24473026402367,"rgba(38, 166, 154, 0.75)",,3.401584068880327,,57.85869501912107,7.601699161279171,True,False,True,False,False,2.3601048780557505,2.8587383186779998,,0.0,0.0,0.0,0.0,1,1.079705443427973,0.8690792176181307,False,False,False,False,0.06062807434163954,0.09915401703986926,False,False,False,False,43629692,20878055.015082408,False,False,False,False,6250603.754364141,False,False,False,False
2023-05-19 00:00:00+00:00,3.4512012855,3.5100285801,3.3433512453,3.411983089,4931684,,,,,,,,,,,,3.4564098571092483,3.040953780609341,,,3.040953780609341,,,3.2486818188592945,"rgba(38, 166, 154, 0.75)",,3.395248581358249,,56.78123080791011,11.368098882011218,True,False,True,False,False,3.1440804611323436,2.870947320782,,0.0,0.0,0.0,0.0,1,1.0817781784464635,0.8990435708054144,False,False,False,False,-0.07007030864033273,0.014541854199768264,False,False,False,False,48561376,22928671.384335563,False,False,False,False,6152905.994781612,False,False,False,False
2023-05-26 00:00:00+00:00,2.9315601828,3.5100285801,2.9315601828,3.4610058346,5921127,,,,,,,,,,,,3.43344705746062,3.0432075540117944,,,3.0432075540117944,,,3.238327305736207,#000000,,3.366900512180883,,53.29226560866795,7.991187332968167,True,False,False,False,False,0.0,2.87237301957,,0.0,0.0,0.0,0.0,1,1.026538207849036,0.9096088541071209,False,False,False,False,-0.34282825441539394,-0.16414320010781283,False,False,False,False,42640249,24388788.24475515,False,False,False,False,6135737.180353344,False,False,False,False
2023-06-02 00:00:00+00:00,3.0590193212,3.127651165,2.7844919462,2.8727328882,6924449,,,,,,,,,,,,3.4002944459416344,3.041589979873413,,,3.041589979873413,,,3.2209422129075236,#000000,0.5125924690046432,3.330593190989604,-0.5298046425007933,51.50016783597704,6.309465331212806,True,False,False,False,False,0.0,2.8814241575299997,,0.0,0.0,0.0,0.0,1,1.0123657441627638,0.9652213445559916,False,False,False,False,-0.34282825441539394,-0.2534857272616034,False,False,False,False,49564698,26253670.44884736,False,False,False,False,6194160.278104949,False,False,False,False
2023-06-09 00:00:00+00:00,2.9928386147,3.2060875578,2.9829937509,3.039410223,6069478,,,,,,,,,,,,3.3793884956994464,3.0420879715601683,,,3.0420879715601683,,,3.210738233629807,#000000,0.5072360489930038,3.3093086540248065,-0.6239107806968415,49.897679419832365,4.803974176585513,True,False,False,False,False,0.0,2.8879802375740002,,0.0,0.0,0.0,0.0,0,1.009185903684091,0.9557768277700334,False,False,False,False,-0.24012463216453328,-0.24680517971306834,False,False,False,False,43495220,27530822.26745126,False,False,False,False,6184924.553800878,False,False,False,False
2023-06-16 00:00:00+00:00,2.7860964736,3.0322180702,2.7762516097,3.0026834786,9002149,,,,,,,,,,,,3.3363457239418515,3.0354727363792082,,,3.0354727363792082,,,3.18590923016053,#000000,0.5065945920318248,3.267249393358055,-0.9497790290817569,47.778110878697575,2.797922212819003,False,False,False,False,False,0.0,2.894892009308,,0.0,0.0,0.0,0.0,0,0.992123601078824,0.9791940499271331,False,False,False,False,-0.34282825441539394,-0.2948167170642311,False,False,False,False,34493071,28046544.395788204,False,False,False,False,6393607.846111924,False,False,False,False
2023-06-23 00:00:00+00:00,2.7171824265,2.8156310652,2.687647835,2.7762516097,3402290,,,,,,,,,,,2.7401537755666667,3.3180739836021638,3.031364697896444,,,3.031364697896444,,,3.0298641523550915,"rgba(239, 83, 80, 0.5)",0.5052201461844599,3.1701548225701615,-0.8965841910523846,45.95016987621982,1.078423311366194,False,False,False,True,False,0.0,2.9025731470419998,,0.0,0.0,0.0,0.0,0,0.9861182919568842,1.0060213202328776,False,False,False,False,-0.34282825441539394,-0.31882248573981253,False,False,False,False,31090781,28272043.403507594,False,False,False,False,6172028.74639993,False,False,False,False
2023-06-30 00:00:00+00:00,2.7762516097,2.8500880887,2.7094049841,2.8057862013,4284122,,,,,,,,,,,2.7615720029882787,3.2980281016759663,3.0270131822763595,,,3.0270131822763595,,,3.0288710956468683,"rgba(239, 83, 80, 0.5)",0.5031597744193764,3.1579829430542605,-0.758668225803148,45.03315430058892,0.21445404870067364,False,False,False,True,False,0.0,2.9129975934859997,,0.0,0.0,0.0,0.0,0,0.9659069674094065,1.0268798318342869,False,False,False,False,-0.31988144867337676,-0.31935196720659464,False,False,False,False,35374903,28798181.15139592,False,False,False,False,6032183.802222157,False,False,False,False
2023-07-07 00:00:00+00:00,2.7270272904,2.9140797038,2.7221048585,2.7959413375,3554738,,,,,,,,,,,2.7698461314824705,3.282765944246337,3.0236435868617306,,,3.0236435868617306,,,3.0254185541968464,"rgba(239, 83, 80, 0.5)",0.5039851294599462,3.146953691871759,-0.8332118884573796,44.13026458253731,-0.6794031130951197,False,False,False,True,False,0.0,2.9218518316520004,,0.0,0.0,0.0,0.0,0,0.961497701765505,1.038722208408106,False,False,False,False,-0.2890881344421756,-0.30422005082438514,False,False,False,False,31820165,29022031.80684807,False,False,False,False,5848669.298353849,False,False,False,False
2023-07-14 00:00:00+00:00,3.0223732063,3.0814423895,2.7171824265,2.756561882,5029977,,,,,,,,,,,2.822549511412803,3.2688622241273806,3.022015902833262,,,3.022015902833262,,,3.037809212791149,"rgba(239, 83, 80, 0.5)",0.5036777479387733,3.14852802028379,-0.2504673166524821,45.402348152009274,-0.6794031130951197,False,False,False,True,False,0.0,2.930755769208,,0.0,0.0,0.0,0.0,0,0.9204699616115966,1.0320032923939408,False,False,False,False,-0.21242682519250694,-0.25832343800844604,False,False,False,False,36850142,29601891.821155623,False,False,False,False,5788025.424401713,False,False,False,False
2023-07-21 00:00:00+00:00,3.0322180702,3.2488050752,2.9534591593,3.0322180702,4723426,,,,,,,,,,,2.8800578020803282,3.2618581746570467,3.023027420997513,,,3.023027420997513,,,3.054981132578296,#000000,0.5009737394682942,3.113561700824489,-0.16237104705492678,46.371292332417624,-0.6794031130951197,False,False,False,False,False,0.0,2.9394661227800003,,0.0,0.0,0.0,0.0,0,0.9725275458175707,0.9994275288830559,False,False,False,False,0.011701101473863518,-0.12331116826729126,False,False,False,False,41573568,30488682.649218168,False,False,False,False,5709166.207779364,False,False,False,False
2023-07-28 00:00:00+00:00,2.9829937509,3.1405115727,2.8943899761,3.0322180702,4412582,,,,,,,,,,,2.9019247412699585,3.2533695302365695,3.022745005306495,,,3.022745005306495,,,3.059346425604341,#000000,0.4975098989600572,3.105330790779501,-0.2458987050010895,46.76337605566188,-0.6794031130951197,False,False,False,False,False,0.0,2.94602054618,,0.0,0.0,0.0,0.0,0,0.95324147852256,1.0283214657633657,False,False,False,False,0.04396754609686351,-0.03967181108521387,False,False,False,False,37160986,30982927.341868676,False,False,False,False,5613122.9331290405,False,False,False,False
2023-08-04 00:00:00+00:00,2.8353207929,3.1109769811,2.7762516097,3.0125283425,5768259,,,,,,,,,,,2.9029593549465083,3.2389952053278175,3.0203045772050876,,,3.0203045772050876,,,3.0540863791598043,#000000,0.49178382266953236,3.084015372773198,-0.5056989848165767,46.16089011973462,-0.6794031130951197,False,False,False,False,False,0.0,2.95586921061,,0.0,0.0,0.0,0.0,0,0.9418880504654873,1.0467467830925403,False,False,False,False,0.03254659459521473,-0.003562608244999571,False,False,False,False,31392727,31013282.87210063,False,False,False,False,5624614.493638,False,False,False,False
2023-08-11 00:00:00+00:00,2.5990440602,2.8353207929,2.5202851493,2.8353207929,8510293,,,,,,,,,,,2.8490465357800527,3.205054803689489,3.0091313018134676,,,3.0091313018134676,,,3.021077547094336,"rgba(239, 83, 80, 1.0)",0.48183460334007233,3.01976156031657,-0.8731575050861041,44.45676666320993,-0.6794031130951197,False,True,False,True,False,0.0,2.960797099756,,0.0,0.0,0.0,0.0,0,0.9312808192140213,1.0429840288602157,False,False,False,False,-0.34282825441539394,-0.17319543133019677,False,False,False,False,22882434,30410997.770463545,False,False,False,False,5838368.457072223,False,False,False,False
2023-08-18 00:00:00+00:00,2.4809056938,2.608888924,2.4021467829,2.5793543324,5908584,,,,,,,,,,,2.803465317614999,3.1777598589864704,2.9985860810620046,,,2.9985860810620046,,,2.993270419221158,"rgba(239, 83, 80, 1.0)",0.4684033371421247,2.973889563947388,-1.0524772798486812,42.65646772103294,-2.481729471106874,False,True,False,True,False,0.0,2.9666813123000004,,0.0,0.0,0.0,0.0,0,0.9269898827654468,1.0616732603705548,False,False,False,False,-0.34282825441539394,-0.2580118428727953,False,False,False,False,16973850,29415653.49116995,False,False,False,False,5843569.608400206,False,False,False,False
2023-08-25 00:00:00+00:00,2.4907505577,2.6187337879,2.440541752,2.5104402854,5262795,,,,,,,,,,,2.773787696729214,3.1558050389384955,2.9899016290131732,,,2.9899016290131732,,,2.973164788226961,"rgba(239, 83, 80, 1.0)",0.45770209750189894,2.943465665504755,-0.989104289177693,41.450274845421475,-3.7212617962141366,False,True,False,True,False,0.0,2.9696385720259997,,0.0,0.0,0.0,0.0,0,0.9424318282370961,1.0527305128471165,False,False,False,False,-0.31311991268474637,-0.28556587777877085,False,False,False,False,22236645,28883875.08441662,False,False,False,False,5800549.267037228,False,False,False,False
2023-09-01 00:00:00+00:00,2.539974877,2.6630356753,2.4809056938,2.5104402854,5481520,,,,,,,,,,,2.7531140171495663,3.1359285103269423,2.98200516533241,,,2.98200516533241,,,2.957015897602973,"rgba(239, 83, 80, 1.0)",0.4484240593106052,2.920718342044599,-0.8490701092843751,41.003895670435426,-4.244199866062793,False,True,False,True,False,0.0,2.9751422431859997,,0.0,0.0,0.0,0.0,0,0.9385530541648931,1.0566696931754422,False,False,False,False,-0.2622123470775732,-0.27388911242817204,False,False,False,False,27718165,28797526.189274646,False,False,False,False,5776917.4694789145,False,False,False,False
2023-09-08 00:00:00+00:00,2.3627673274,2.5005954215,2.3430775997,2.4907505577,3499330,,,,,,,,,,,2.7325894024229576,3.1205940758559736,2.9752643576679216,,,2.9752643576679216,,,2.9428159453156173,"rgba(239, 83, 80, 1.0)",0.4442660024589829,2.9005110380745016,-1.2104093216634313,39.7340666352718,-5.577449036987318,False,True,False,True,False,0.0,2.9810065759719997,,0.0,0.0,0.0,0.0,0,0.9159240962966825,1.07347878433552,False,False,False,False,-0.34282825441539394,-0.30835868342178296,False,False,False,False,24218835,28458363.878958005,False,False,False,False,5608207.286554551,False,False,False,False
2023-09-15 00:00:00+00:00,2.608888924,2.687647835,2.3430775997,2.3627673274,6809110,,,,,,,,,,,2.7135811476418725,3.098162996842737,2.96578102110189,,,2.96578102110189,,,2.9258417218621666,"rgba(239, 83, 80, 1.0)",0.43683830618878744,2.7404679283458586,-0.30120756921210673,40.829195439615816,-5.577449036987318,False,True,False,True,False,0.0,2.98769328744,,0.0,0.0,0.0,0.0,0,0.9154020168023221,1.068720240017615,False,False,False,False,-0.24385161732247496,-0.27610515037212896,False,False,False,False,31027945,28648703.22125741,False,False,False,False,5697163.043106066,False,False,False,False
2023-09-22 00:00:00+00:00,2.4218365106,2.6187337879,2.392301919,2.6187337879,4557178,,,,,,,,,,,2.698479533813272,3.0823483682452983,2.958659644780973,,,2.958659644780973,,,2.913162515613181,"rgba(239, 83, 80, 1.0)",0.42637816469124984,2.720977011888133,-0.7015849451501525,40.58421820224737,-5.577449036987318,False,True,False,True,False,0.0,2.9853674536060004,,0.0,0.0,0.0,0.0,0,0.8891631993238038,1.1214867652830465,False,False,False,False,-0.25402200315817514,-0.265063576765152,False,False,False,False,26470767,28487374.61227538,False,False,False,False,5612719.706579691,False,False,False,False
2023-09-29 00:00:00+00:00,2.3135430081,2.4218365106,2.2446289611,2.4218365106,5690624,,,,,,,,,,,2.670963624158393,3.059041412492019,2.9473528768472192,,,2.9473528768472192,,,2.8924526378325432,"rgba(239, 83, 80, 1.0)",0.42636705791591445,2.6832890324359546,-0.867201200166064,39.85310304958689,-5.738674105745133,False,True,False,True,False,0.0,2.9871234499120005,,0.0,0.0,0.0,0.0,0,0.8365334341504833,1.1965895347010511,False,False,False,False,-0.34282825441539394,-0.30394591559027295,False,False,False,False,20780143,27916468.566921648,False,False,False,False,5618490.394981195,False,False,False,False
2023-10-06 00:00:00+00:00,2.2347840972,2.2840084165,2.1363354586,2.2840084165,6601624,,,,,,,,,,2.218375990766667,2.63517990747182,3.030001529112337,2.932530720874879,,,2.932530720874879,,,2.7040220370564256,"rgba(239, 83, 80, 1.0)",0.43158600373792466,2.458048464428336,-0.5173114171791138,38.933701874528175,-6.762450456530971,False,True,False,True,False,0.0,2.982813733488,,0.0,0.0,0.0,0.0,0,0.7685348058953615,1.2281666924176398,False,False,False,False,-0.34282825441539394,-0.3233870850028334,False,False,False,False,14178519,26898842.6730756,False,False,False,False,5691315.106464069,False,False,False,False
2023-10-13 00:00:00+00:00,2.3627673274,2.3873794871,2.1855597779,2.2643186888,6190505,,,,,,,,,,2.2636362011825706,2.612866158102718,3.0074702119980814,2.9209188530332453,,,2.9209188530332453,,,2.701222856079154,"rgba(239, 83, 80, 1.0)",0.43474888080939683,2.4539388159554845,-0.20971069180384191,39.36035568516176,-6.762450456530971,False,True,False,True,False,0.0,2.9830160879780006,,0.0,0.0,0.0,0.0,0,0.7626322525624526,1.2396638689469281,False,False,False,False,-0.22609101613407365,-0.27473905056845355,False,False,False,False,20369024,26415152.40099593,False,False,False,False,5728292.135614879,False,False,False,False
2023-10-20 00:00:00+00:00,2.3529224636,2.4366038064,2.2298616653,2.3627673274,7081638,,,,,,,,,,2.2907742859075517,2.592882565688117,2.9843357490714,2.9087416157554364,,,2.9087416157554364,,,2.6941835541056265,"rgba(239, 83, 80, 1.0)",0.4374420716060817,2.4491587963004204,-0.2199978898853641,39.60842147691474,-6.762450456530971,False,True,False,True,False,0.0,2.9777500481559995,,0.0,0.0,0.0,0.0,0,0.7957173744977896,1.214211128730891,False,False,False,False,-0.10590443036504661,-0.19032174046675007,False,False,False,False,13287386,25442725.260181416,False,False,False,False,5828539.977421185,False,False,False,False
2023-10-27 00:00:00+00:00,2.2643186888,2.3430775997,2.1511027543,2.3332327358,4957849,,,,,,,,,,2.2831989796663676,2.5763095463022703,2.9670112382018,2.8992583323773093,,,2.8992583323773093,,,2.6814445241369365,"rgba(239, 83, 80, 1.0)",0.4416188616356751,2.4354989821737902,-0.3876199778690836,39.26624857319063,-6.856797137130712,False,True,False,True,False,0.0,2.967392842112,,0.0,0.0,0.0,0.0,0,0.8011435966263257,1.1787011722986356,False,False,False,False,-0.2689559522634237,-0.2296388463650869,False,False,False,False,8329537,24175081.68535316,False,False,False,False,5764044.34946406,False,False,False,False
2023-11-03 00:00:00+00:00,2.2840084165,2.3135430081,2.0821887073,2.3036981442,9434841,,,,,,,,,,2.2676096628042273,2.5466261700481585,2.935079269299355,2.881245737739234,,,2.881245737739234,,,2.657640209972744,"rgba(239, 83, 80, 1.0)",0.44561674436552234,2.410840039645013,-0.28462041597112414,39.20914193491666,-7.091189350388369,False,True,False,True,False,0.0,2.9591865963000004,,0.0,0.0,0.0,0.0,0,0.7736600523311546,1.2193206190289079,False,False,False,False,-0.34282825441539394,-0.28623355039024045,False,False,False,False,17764378,23700214.745697368,False,False,False,False,6035955.212466722,False,False,False,False
2023-11-10 00:00:00+00:00,2.106800867,2.3025167606,2.0674214115,2.2741635527,6985438,,,,,,,,,,2.249203388188666,2.5237025869699266,2.911063056014445,2.867203404593015,,,2.867203404593015,,,2.637793108941513,"rgba(239, 83, 80, 1.0)",0.4525858764256739,2.3895539718995096,-0.6247501736743762,38.129353391313835,-8.305468550026902,False,True,False,True,False,0.0,2.945828865698,,0.0,0.0,0.0,0.0,0,0.7851091743111953,1.2179111065039172,False,False,False,False,-0.34282825441539394,-0.3145309024028172,False,False,False,False,10778940,22743083.28305312,True,False,False,False,6106287.27080252,False,False,False,False
2023-11-17 00:00:00+00:00,2.323387872,2.4021467829,2.0477316838,2.0969560031,7350970,,,,,,,,,2.257755446233333,2.2504968494306032,2.508124854770973,2.8904613737400844,2.854985557504066,,,2.854985557504066,,,2.5523648163358117,"rgba(239, 83, 80, 1.0)",0.45560617460901676,2.318275313517482,0.011221442481339088,39.36256457783284,-8.305468550026902,False,True,False,True,False,0.0,2.9336654194819998,,0.0,0.0,0.0,0.0,0,0.789768174306297,1.157419799246018,True,False,False,False,-0.25557812059639284,-0.28505451149960503,False,False,False,False,18129910,22401366.7435677,False,False,False,False,6198485.991483815,False,False,False,False
2023-11-24 00:00:00+00:00,2.4050269292,2.4347186197,2.2741635527,2.2938532804,5298601,,,,,,,,,2.3053177992476424,2.262372292107044,2.502582157689163,2.8789231135583124,2.848095794574743,,,2.848095794574743,,,2.559458231435381,"rgba(239, 83, 80, 0.75)",0.4572176915574056,2.333358549720369,0.15674892026926926,40.93466954827034,-8.305468550026902,False,True,False,True,True,0.0,2.926272210124,,0.0,0.0,0.0,0.0,0,0.8797038921653534,1.1628476671142354,False,False,False,False,0.018939763335489752,-0.13305737408205764,False,False,False,False,23428511,22477451.503303427,False,False,False,False,6131827.843966495,False,False,False,False
2023-12-01 00:00:00+00:00,2.8701967468,2.944425973,2.45451308,2.45451308,14490415,,,,,,,,,2.5461454176615925,2.367039049452418,2.5278949739746603,2.871901633235549,2.8446569107551025,,,2.8446569107551025,,,2.6315275970158645,"rgba(239, 83, 80, 0.75)",0.4571670245405954,2.513528755339814,0.7801699867102181,45.27459361738235,-8.315634877552412,False,True,False,True,True,0.0,2.9248488504220003,,0.0,0.0,0.0,0.0,0,0.9274476428347539,1.0149734815909044,False,False,False,False,0.3428281104587757,0.10488536818835903,False,False,False,False,37918926,23621264.428984653,False,False,False,False,6750982.448117125,False,False,False,True
2023-12-08 00:00:00+00:00,2.6326632229,2.8652481317,2.5980229174,2.8108133659,7167676,,,,,,,,,2.578006109800304,2.3984955900703175,2.5359228120993893,2.867126503155744,2.841998192078322,,,2.841998192078322,,,2.644309841440815,#000000,0.4557902052819795,2.5306583405156236,0.2237978815741998,46.762961151788716,-6.970809388997978,False,True,False,False,True,0.0,2.917890456312,,0.0,0.0,0.0,0.0,0,0.9185896619289249,1.0388437603257912,False,False,False,False,0.34282811892921916,0.2238567435587891,False,False,False,False,30751250,24149411.50831912,False,False,False,False,6781848.637145486,False,False,False,False
2023-12-15 00:00:00+00:00,2.7316355246,2.9394773579,2.4941020007,2.6029715325,9433037,,,,,,,,,2.6090031227977364,2.434371191065882,2.5467501160249193,2.8620376086475368,2.839183747125263,,,2.839183747125263,,,2.6582691571322674,#000000,0.4528246575560942,2.55342857979384,0.39354514342913116,48.43356859456216,-5.443122504906796,False,False,False,False,True,0.0,2.914480236094,,0.0,0.0,0.0,0.0,1,0.9366300058300379,0.9998681705829818,False,False,False,False,0.32284402170099635,0.27335038262989275,False,False,False,False,40184287,25337180.063258443,False,False,False,False,6978232.960319894,False,False,False,False
2023-12-22 00:00:00+00:00,2.7316355246,2.8899912071,2.6326632229,2.761327215,6513748,,,,,,,,,2.627463831119684,2.456940567557866,2.5546671221021824,2.859427330669952,2.8377881668117317,,,2.8377881668117317,,,2.6672574036522834,#000000,0.44860833657274785,2.5692079907201397,0.3620698070855414,49.626859625114626,-4.363939831899572,False,False,False,False,True,0.0,2.902638103644,,0.0,0.0,0.0,0.0,1,0.9718447821777441,0.9748691077996035,False,False,False,False,0.3428281259089294,0.3080892542694111,False,False,False,False,40184287,26436965.762276337,False,False,False,False,6943826.666962865,False,False,False,False
2023-12-29 00:00:00+00:00,2.6029715325,2.8108133659,2.5782284571,2.7712244452,4264676,,,,,,,,,2.630322165949879,2.4661611062571245,2.557367646246422,2.8564537945489787,2.8359973355911507,,,2.8359973355911507,,,2.669260409718711,#000000,0.44523555025967465,2.5723586699140735,0.06875655496977272,49.57398836596031,-4.363939831899572,False,False,False,False,True,0.0,2.887242236442,,0.0,0.0,0.0,0.0,0,0.9609814730515956,0.9919814039367714,False,False,False,False,0.2591481265485644,0.28361869040898774,False,False,False,False,35919611,27139383.928033646,False,False,False,False,6745371.062002653,False,False,False,False
2024-01-05 00:00:00+00:00,2.4842047705,2.6128687626,2.4248213896,2.5831770721,5841004,,,,,,,,,2.6184172398898036,2.4685258122502582,2.555729304594514,2.8493259136571187,2.831422676599471,,,2.831422676599471,,,2.664684189398233,#000000,0.4459813164963668,2.563730436789321,-0.1783161386985349,48.74215833194544,-4.363939831899572,False,False,False,False,True,0.0,2.871235852838,,0.0,0.0,0.0,0.0,1,0.9364288192093742,1.030658469194696,False,False,False,False,0.05237630060729406,0.16799749550814091,False,False,False,False,30078607,27357104.15558671,False,False,False,False,6678380.909261716,False,False,False,False
2024-01-12 00:00:00+00:00,2.4050269292,2.5089478459,2.2763629371,2.45451308,5538846,,,,,,,,,2.5997884402643736,2.464817086072482,2.5509457102860655,2.840731628708075,2.8257611818831583,,,2.8257611818831583,,,2.656408809442831,#000000,0.44767651561994304,2.5494460258903158,-0.3225969905754919,47.63335139355952,-4.363939831899572,False,True,False,False,True,0.0,2.855018549284,,0.0,0.0,0.0,0.0,1,0.9135509574002952,1.07212302095737,False,False,False,False,-0.09243639547556404,0.03778055001628844,False,False,False,False,24539761,27148412.069987692,False,False,False,False,6593970.91598307,False,False,False,False
2024-01-19 00:00:00+00:00,2.2862601673,2.4050269292,2.2268767863,2.4050269292,5531807,,,,,,,,,2.5770408409656755,2.4570231347919034,2.543799871861132,2.830779280388295,2.8190871146989256,,,2.8190871146989256,,,2.6455460485411866,#000000,0.45121360048102105,2.531576536850358,-0.5436812394148494,46.09261944794404,-4.363939831899572,False,True,False,False,False,0.0,2.83544545558,,0.0,0.0,0.0,0.0,1,0.8681872175558685,1.1150095328003191,False,False,False,False,-0.2215693157090959,-0.09189438284640374,False,False,False,False,19007954,26545415.17591453,False,False,False,False,6515292.107391731,False,False,False,False
2024-01-26 00:00:00+00:00,2.3654380086,2.45451308,2.2763629371,2.2862601673,5125341,,,,,,,,,2.5628742836944314,2.4530386435970737,2.5391046894385294,2.8228900367731007,2.8137528903027045,,,2.8137528903027045,,,2.6383321087611677,"rgba(239, 83, 80, 1.0)",0.4509210102192434,2.5207563664644654,-0.34444693049221137,45.65308167142714,-4.363939831899572,False,True,False,True,False,0.0,2.82000510147,,0.0,0.0,0.0,0.0,1,0.8836171045879683,1.0917766201156804,False,False,False,False,-0.26253672562947683,-0.17721555423794028,False,False,False,False,24133295,26366739.60732827,False,False,False,False,6412332.766103455,False,False,False,False
2024-02-02 00:00:00+00:00,2.3456435483,2.4891533856,2.2961573975,2.3951296991,8848827,,,,,,,,,2.5436142276532463,2.447725172243467,2.5320569897060925,2.8102094339450385,2.8050625488948255,,,2.8050625488948255,,,2.627733674488534,"rgba(239, 83, 80, 1.0)",0.4510130083432111,2.506236614224586,-0.3560719157846959,45.204003487251704,-0.8279222346471755,False,True,False,True,False,0.0,2.805933676994,,0.0,0.0,0.0,0.0,1,0.90285325984497,1.083671533758898,False,False,False,False,-0.21980622064288932,-0.19851088744041478,False,False,False,False,15284468,25545830.599378027,False,False,False,False,6592813.820466163,False,False,False,False
2024-02-09 00:00:00+00:00,2.3555407784,2.4050269292,2.2169795562,2.3060546276,4571249,,,,,,,,,2.532550649614051,2.4434796946171784,2.52752780250859,2.803196797538664,2.800187006565845,,,2.800187006565845,,,2.621388390168866,"rgba(239, 83, 80, 1.0)",0.44838823515261833,2.497632951485949,-0.3168954088137147,44.973570573476664,-1.1501432233515771,False,True,False,True,False,0.0,2.795393743816,,0.0,0.0,0.0,0.0,1,0.9294377520634847,1.054427445603478,False,False,False,False,-0.34282825441539394,-0.27066957092790433,False,False,False,False,19855717,25124340.7031278,False,False,False,False,6443068.278209411,False,False,False,False
2024-02-16 00:00:00+00:00,2.3753352387,2.513896461,2.197877902,2.3654380086,6652125,,,,,,,,2.3623698672333338,2.5208349971680284,2.4395664957390117,2.5224124445758616,2.794100777510103,2.793799528154249,,2.3623698672333338,2.793799528154249,,,2.5721806850634312,"rgba(239, 83, 80, 1.0)",0.44796688616746777,2.4690173330847536,-0.20912727542484363,44.99915653923546,-1.2540002418827,False,True,False,True,False,0.0,2.7791708793980003,,1.0,2.5138965,2.197878,0.0,1,0.9463944677677815,1.0002204355846782,False,False,False,False,-0.27063714124075555,-0.27065335608432994,False,False,False,False,26507842,25226822.280673888,False,False,False,False,6458553.96130501,False,False,False,False
2024-02-23 00:00:00+00:00,2.4248213896,2.4446158499,2.3159518578,2.4050269292,3931774,,,,,,,,2.3745396975744706,2.515920077212044,2.438334474099399,2.52012423522053,2.789293620523725,2.7903911381825934,,2.3745396975744706,2.7903911381825934,,,2.571433873802127,"rgba(239, 83, 80, 1.0)",0.4458073817312688,2.468754547166466,-0.09854739819662486,45.505109226015506,-1.2540002418827,False,True,False,True,False,0.0,2.770212649426,,0.0,0.0,0.0,0.0,1,0.9587266647229419,1.01289084299805,False,False,False,False,-0.2325657038744594,-0.2516095299793947,False,False,False,False,30439616,25612955.148772117,False,False,False,False,6271385.075282417,False,False,False,False
2024-03-01 00:00:00+00:00,2.4446158499,2.5336909213,2.3258490879,2.4149241594,7701130,,,,,,,,2.3998853342999347,2.51014383576721,2.4381482284735663,2.5172192146558428,2.7811185667960587,2.7845332671312617,,2.3998853342999347,2.7845332671312617,,,2.571841407853979,#000000,0.43965348902300116,2.4713550095577412,-0.060818713658251936,46.066353624581794,-1.2540002418827,False,True,False,False,False,0.0,2.7547871242860005,,0.0,0.0,0.0,0.0,1,0.9540378973969141,1.0056988164083127,False,False,False,False,-0.12627994876815785,-0.18894473937377626,False,False,False,False,38140746,26540939.656270478,False,False,False,False,6377292.106742979,False,False,False,False
2024-03-08 00:00:00+00:00,2.6920466039,2.7415327547,2.4842047705,2.4842047705,12390834,,,,,,,,2.496575973478558,2.5234040653236396,2.4535398205490093,2.5235517601896276,2.7760444445243344,2.780783032133034,,2.496575973478558,2.780783032133034,,,2.592316516033034,#000000,0.43557166355535476,2.505616708322771,0.42801199245950655,48.71333796469733,-1.2540002418827,False,False,False,False,True,0.0,2.73921184869,,0.0,0.0,0.0,0.0,1,1.001212278511116,0.9474610819415586,False,False,False,False,0.3428280090553709,0.07694163484079733,False,False,False,False,50531580,28318024.12617637,False,False,False,False,6822739.654391646,False,False,False,False
2024-03-15 00:00:00+00:00,2.8009161357,2.9097856675,2.6722521436,2.7217382944,8564914,,,,,,,,2.5615628288473347,2.541361105549796,2.4706616309142193,2.5329269815107853,2.7764853519848685,2.781020319531588,,2.5615628288473347,2.781020319531588,,,2.610669703056432,#000000,0.4344702411140227,2.535140358810094,0.6117237770035344,51.44511330557086,-2.1311746864471317,False,False,False,False,True,0.0,2.72032341623,,0.0,0.0,0.0,0.0,1,1.031251120667187,0.9495643609554473,False,False,False,False,0.3428281001167992,0.20988486747879825,False,False,False,False,59096494,30597910.783496637,False,False,False,False,6951789.60591819,False,False,False,False
2024-03-22 00:00:00+00:00,3.06814135,3.1077302707,2.6821493738,2.8306078262,10570503,,,,,,,,2.6445608619258363,2.572463896265765,2.4988052860445418,2.550128785596095,2.781580195995366,2.784655671425719,,2.6445608619258363,2.784655671425719,,,2.6386991162088873,"rgba(38, 166, 154, 1.0)",0.4301286554800818,2.578718402498907,1.1378524570859636,55.15733166412873,1.3646070251263538,True,False,True,False,True,3.0495737426274836,2.704622487254,,0.0,0.0,0.0,0.0,1,1.0242038630536787,0.9098320020830131,False,False,False,False,0.3428281275767128,0.27635649752775554,False,False,False,False,69666997,33491917.16990429,False,False,False,False,7219842.44992425,False,False,False,False
2024-03-29 00:00:00+00:00,3.2264970326,3.2660859533,2.9889635088,3.0879358104,6865338,,,,,,,,2.707059350648611,2.599992675777763,2.522981711769728,2.565954006155821,2.7885658049320403,2.7897554739094437,,2.707059350648611,2.7897554739094437,,,2.6623848371989016,"rgba(38, 166, 154, 1.0)",0.43051326666306744,2.6144607462838154,1.42164326563061,58.68012291825841,4.588297647182806,True,False,True,False,True,4.864007831960176,2.69032385309,,0.0,0.0,0.0,0.0,0,1.0930797835784685,0.8570792694194387,False,False,False,False,0.3428281637065133,0.3095923306171344,False,False,False,False,76532335,36680096.2684299,False,False,False,False,7193582.861040972,False,False,False,False
2024-04-05 00:00:00+00:00,3.741153001,3.8302280725,3.2858804136,3.3452637946,17399990,,,,,,,,2.921287232190056,2.70808125052479,2.6158788733024756,2.6308885810525484,2.8256377620555404,2.8173268889192955,,2.921287232190056,2.8173268889192955,,,2.753183431340785,"rgba(38, 166, 154, 1.0)",0.4395648783025934,2.7467447606969952,2.2622559021161397,63.332248667456525,8.820946117901137,True,False,True,False,True,10.276843015851519,2.6941619775799994,,0.0,0.0,0.0,0.0,0,1.1410996143241698,0.7667692933847434,False,False,False,False,0.34282819502267114,0.3262102628199028,False,False,False,False,93932325,40921002.100398056,False,False,False,False,7949613.019482382,False,False,False,False
2024-04-12 00:00:00+00:00,3.493722247,3.9390976043,3.4442360962,3.8104336122,19153787,,,,,,,,3.066002814026983,2.8040144406212137,2.702049005561559,2.694117103248452,2.8631078186836447,2.8458653658633493,,3.066002814026983,2.8458653658633493,,,2.829192758000867,"rgba(38, 166, 154, 1.0)",0.4450029515929444,3.084175865045779,0.9203228439006927,64.38717168560684,9.567504844497087,True,False,True,False,True,7.165941354520772,2.6924632140420006,,0.0,0.0,0.0,0.0,0,1.1504065546313935,0.775398582549198,False,False,False,False,0.34282820077035364,0.3345192317951282,False,False,False,False,74778538,43428967.72259079,False,False,False,False,8779551.832854057,False,False,False,False
2024-04-19 00:00:00+00:00,3.5333111676,3.6916668502,3.4838250168,3.5827973184,9852114,,,,,,,,3.1141342273982566,2.8430836249629725,2.738527172692216,2.721833095534654,2.8797271300932445,2.8587735687476297,,3.1141342273982566,2.8587735687476297,,,2.8593464699048288,"rgba(38, 166, 154, 1.0)",0.4516759762818892,3.111160814459745,0.9346309640271695,65.30867096884477,10.277825519353954,True,False,True,False,True,7.567563753185549,2.689203137132,,0.0,0.0,0.0,0.0,0,1.149736834549439,0.8161583790381661,False,False,False,False,0.28622141576613097,0.31037032378062956,False,False,False,False,84630652,46480944.335732214,False,False,False,False,8859000.882272275,False,False,False,False
2024-04-26 00:00:00+00:00,3.2759831834,3.5778487034,3.0978330405,3.3254693342,11281962,,,,,,,,3.1341686356289733,2.86926151284115,2.765111076282283,2.742662284981463,2.8912030832608626,2.8679495075206782,,3.1341686356289733,2.8679495075206782,,,2.8783926834192353,"rgba(38, 166, 154, 1.0)",0.4536428021503127,3.1088739974059516,0.3683717347700308,63.833131509028945,10.277825519353954,True,False,True,False,True,4.447678537002947,2.687071411966,,0.0,0.0,0.0,0.0,0,1.1049038380975635,0.8269064166393632,False,False,False,False,0.15310980937261018,0.23174006657661989,False,False,False,False,73348690,48471147.71827057,False,False,False,False,9038479.48358544,False,False,False,False
2024-05-03 00:00:00+00:00,3.2660859533,3.3353665644,3.1176275009,3.3056748739,8961211,,,,,,,,3.1418363745951323,2.884824046915705,2.7818180837291657,2.756100266395522,2.8983157624354488,2.8737670035115195,,3.1418363745951323,2.8737670035115195,,,2.8894435895970823,"rgba(38, 166, 154, 1.0)",0.4557071672096623,3.105396749464402,0.3526150462357512,62.70131201990919,10.277825519353954,True,False,True,False,True,4.330035191509914,2.6833691053219995,,0.0,0.0,0.0,0.0,0,1.1168444324040347,0.8548037882559788,False,False,False,False,0.08692411682755319,0.15933209170208654,False,False,True,False,64387479,49650135.2206209,False,False,False,False,9032755.89220874,False,False,False,False
2024-05-10 00:00:00+00:00,3.553105628,3.6520779296,3.2957776438,3.3155721041,7616037,,,,,,,,3.1626870830308946,2.9060429823777305,2.8026905869666137,2.7728168667875517,2.9085802194931927,2.8819908438434476,,3.1626870830308946,2.8819908438434476,,,2.9058014304165716,"rgba(38, 166, 154, 1.0)",0.46221982600715744,3.122102805122222,0.9324628642629963,63.30782175709173,10.277825519353954,True,False,True,False,True,7.296696317623802,2.695800014226,,0.0,0.0,0.0,0.0,0,1.135753604412734,0.8112279156589345,False,False,False,False,0.19938992563501368,0.1793610086685501,False,False,False,False,72003516,51305941.20427861,False,False,False,False,8927813.752045128,False,False,False,False
2024-05-17 00:00:00+00:00,3.9193031439,3.9193031439,3.4442360962,3.5234139375,8773880,,,,,,,,3.200256723110813,2.9386990434144904,2.8337215026297082,2.797741476304054,2.9250003865903667,2.8950835334820066,,3.200256723110813,2.8950835334820066,,,2.93175044425524,"rgba(38, 166, 154, 1.0)",0.4770008868678599,3.157413965670621,1.5972489762695974,65.19181510278952,10.277825519353954,True,False,True,False,True,10.805112904058923,2.71300569068,,0.0,0.0,0.0,0.0,0,1.1551606458308166,0.7927095555776984,False,False,False,False,0.33471070277471954,0.2570358557216348,False,False,False,False,80777396,53489011.9298876,False,False,False,False,8916411.251893638,False,False,False,False
2024-05-24 00:00:00+00:00,4.0578643662,4.2013742035,3.7708446915,3.9885837551,12186293,,,,,,,,3.265220410607727,2.9926746871664034,2.8843512961653883,2.838775525303522,2.9532754730201067,2.917683147762745,,3.265220410607727,2.917683147762745,,,2.975330090004315,"rgba(38, 166, 154, 1.0)",0.4951989807265945,3.220271857759571,1.6914261560301433,67.01295240554046,11.587528697983949,True,False,True,False,True,12.064323686806418,2.73430620571,,0.0,0.0,0.0,0.0,0,1.1623652450008428,0.7687875414195428,False,False,False,False,0.34282818653799757,0.2999320211298162,False,False,False,False,92963689,56413062.08322926,False,False,False,False,9158624.71471633,False,False,False,False
2024-05-31 00:00:00+00:00,3.9489948344,4.3448840409,3.8797142233,4.2063228186,7940205,,,,,,,,3.3045952412533333,3.0265305921123034,2.9163639676734765,2.865081872001503,2.9717176356464945,2.9325453661069956,,3.3045952412533333,2.9325453661069956,,,3.0028057791323515,"rgba(38, 166, 154, 1.0)",0.5092075250593953,3.5157798150238144,0.8507631919336902,67.40443597249923,12.004705947659488,True,False,True,False,True,10.716292479390177,2.7575641729259996,,0.0,0.0,0.0,0.0,0,1.1611250355080345,0.8135641351486272,False,False,False,False,0.342828179204511,0.32138010016716356,False,False,False,False,85023484,58532352.59558265,False,False,False,False,9068371.40251512,False,False,False,False
2024-06-07 00:00:00+00:00,3.4961965545,3.9984809852,3.4763318014,3.9984809852,8382354,,,,,,,,3.322155159099252,3.046998565001437,2.937096132597025,2.882720268598769,2.9835870403005598,2.9423791712764134,,3.322155159099252,2.9423791712764134,,,3.019156056145576,"rgba(38, 166, 154, 1.0)",0.5133142850222671,3.474232131727759,0.04278942436072682,64.45254960225007,12.004705947659488,True,False,True,False,True,5.431154206532096,2.7731444554860003,,0.0,0.0,0.0,0.0,0,1.090689735897894,0.8521289425141044,False,False,False,False,0.05071553040687469,0.18604781528701914,False,False,False,False,76641130,59873743.51442838,False,False,False,False,9017555.298625113,False,False,False,False
2024-06-14 00:00:00+00:00,3.4564670482,3.6501483914,3.3521770942,3.555790814,6583814,,,,,,,,3.3283360067595504,3.057920818785874,2.9489104813910076,2.8930971221838107,2.990333714664848,2.948116654643135,,3.3283360067595504,2.948116654643135,,,3.0277857997380373,"rgba(38, 166, 154, 0.75)",0.5148759994511607,3.4496427394828904,0.013254276222593524,62.09439431739709,12.004705947659488,True,False,True,False,False,4.989574924385753,2.7867487642559996,,0.0,0.0,0.0,0.0,0,1.0898440573697823,0.9014925399394532,False,False,False,False,-0.1260128444881199,0.030017485399449623,False,False,False,False,70057316,60628082.21706331,False,False,False,False,8837278.165393623,False,False,False,False
2024-06-21 00:00:00+00:00,3.4564670482,3.5855879437,3.3273461527,3.4564670482,5195560,,,,,,,,3.332034331023862,3.0655905375760106,2.9573833932365177,2.900638530475096,2.995219000375866,2.9523135864993018,,3.332034331023862,2.9523135864993018,,,3.0338632298644423,"rgba(38, 166, 154, 0.75)",0.5159090335156812,3.4368658777554906,0.037993462356990484,60.409997685359244,16.027321181903062,True,False,True,False,False,4.989574924385742,2.8013375594119996,,0.0,0.0,0.0,0.0,0,1.0697106399426337,0.9033601700503767,False,False,False,False,-0.1600038465360765,-0.06499318056831344,False,False,False,False,70057316,61326543.97876232,False,False,False,False,8567521.264253354,False,False,False,False
2024-06-28 00:00:00+00:00,3.3372785293,3.521027496,3.2578195167,3.486264178,4273387,,,,,,,,3.3329621049913736,3.070365628788277,2.96299976806354,2.905772292270107,2.9984395441915126,2.95514457216413,,3.3329621049913736,2.95514457216413,,,3.0376139850781567,"rgba(38, 166, 154, 0.75)",0.5164146461819603,3.42520237235419,-0.17025822893336326,58.40261238151787,14.097507229508139,True,False,True,False,False,3.6409162308267966,2.807635665872,,0.0,0.0,0.0,0.0,0,1.0675969882954357,0.9019297725733487,False,False,False,False,-0.21171300782330893,-0.13835309419581118,False,False,False,False,65783929,61656720.647002146,False,False,False,False,8249437.244679032,False,False,False,False
2024-07-05 00:00:00+00:00,3.5756555671,3.5756555671,3.2429209519,3.3472109059,5096840,,,,,,,3.4647440286999998,3.336508902310972,3.077561196399194,2.970976352953073,2.9129396160632184,3.0031448278485335,2.9592113223265826,,3.336508902310972,2.9592113223265826,,,3.10358374951451,"rgba(38, 166, 154, 0.75)",0.5206170430096365,3.5075068781152448,0.1308998425998396,58.25971580194585,13.932833140582808,True,False,True,False,False,6.014636532200544,2.8185044158099997,,0.0,0.0,0.0,0.0,0,1.083116008002664,0.8731911089560532,False,False,False,False,-0.19628721289731435,-0.16732015354656277,False,False,False,False,70880769,62339983.48796495,False,False,False,False,8015911.522850955,False,False,False,False
2024-07-12 00:00:00+00:00,3.7544383455,3.7643707221,3.4465346717,3.5160613077,7724552,,,,,,,3.5794372867318205,3.348995475391935,3.0931018886754136,2.987072093484051,2.9270873568930598,3.012965125162799,2.9675274013374686,,3.348995475391935,2.9675274013374686,,,3.1308838039537923,"rgba(38, 166, 154, 0.75)",0.5276400732255778,3.541381138707272,0.40379269430819303,59.02677414679894,13.932833140582808,True,False,True,False,False,7.727231899619284,2.833933307702,,0.0,0.0,0.0,0.0,0,1.124283299402259,0.8395608269040578,False,False,False,False,-0.13354937366204178,-0.15043476360430227,False,True,False,False,78605321,63544823.303671256,False,False,False,False,7994329.335973106,False,False,False,False
2024-07-19 00:00:00+00:00,3.7047764626,3.883559241,3.486264178,3.7842354752,6424966,,,,,,,3.6168580306760587,3.3598089346753697,3.1062020743109477,3.0005929800831965,2.9390188060204254,3.0213612909007277,2.974652879047024,,3.3598089346753697,2.974652879047024,,,3.1454992851019647,"rgba(38, 166, 154, 0.75)",0.5342939757652829,3.6393228254357703,0.12250491327452956,59.20808291654889,13.932833140582808,True,False,True,False,False,7.149172556412569,2.851322421096,,0.0,0.0,0.0,0.0,0,1.1314908543198294,0.8177042819303931,False,False,False,False,-0.06028628830905558,-0.10536052595667893,False,False,False,False,72180355,64184492.318214126,False,False,False,False,7878080.1999750985,False,False,False,False
2024-07-26 00:00:00+00:00,3.6551145797,3.8537621112,3.5160613077,3.6451822032,5163255,,,,,,,3.629152166766711,3.3676067682679465,3.116035035902437,3.0108368044456943,2.9481355599246353,3.0277965672815386,2.9801483359942686,,3.3676067682679465,2.9801483359942686,,,3.1542444626547472,"rgba(38, 166, 154, 0.75)",0.5401475305004465,3.6420055798026656,0.024269295251964074,58.96156514590163,13.932833140582808,True,False,True,False,False,6.567584528041447,2.8724438314860006,,0.0,0.0,0.0,0.0,1,1.1268477014880822,0.8300768228687105,False,False,False,False,-0.060286288354872666,-0.0828234071557758,False,False,False,False,67017100,64394315.10945752,False,False,False,False,7676982.03701398,False,False,False,False
2024-08-02 00:00:00+00:00,3.297549023,3.8239649815,3.2379547636,3.6749793329,9071547,,,,,,,3.5814669857268178,3.371170655120892,3.12597285667783,3.02233444721413,2.9588928274233046,3.0350294097381205,2.986580881576108,,3.371170655120892,2.986580881576108,,,3.1544925804967434,"rgba(38, 166, 154, 0.75)",0.5413416519223421,3.5957143674072474,-0.5507895861115456,56.36124757715613,11.605764430251241,True,False,True,False,False,2.534708747218552,2.8887766980699996,,0.0,0.0,0.0,0.0,1,1.0888493627346079,0.8444149175891599,False,False,False,False,-0.20353941980773613,-0.14318141348175595,False,False,False,False,57945553,63916629.02727549,False,False,False,False,7780283.145383314,False,False,False,False
2024-08-09 00:00:00+00:00,3.1485633744,3.2578195167,2.9449496546,3.0691043618,6398126,,,,,,3.117110848566667,3.5069669288696326,3.3639189953725785,3.125792358928278,3.0240407433641123,2.961234597104196,3.036002138160651,2.9878209636855186,,3.3639189953725785,2.9878209636855186,,,3.1403609467564544,#000000,0.5411616972425581,3.4170297614015332,-0.4960927359964314,53.63539877697445,8.893354228429118,False,False,False,False,False,0.9383838897788834,2.901932954404,,0.0,0.0,0.0,0.0,1,1.0600637888717745,0.8946374010390863,False,False,True,False,-0.34282825441539394,-0.24300483394857494,False,False,False,False,51547427,63000391.8400699,False,False,False,False,7677901.13461418,False,False,False,False
2024-08-16 00:00:00+00:00,3.5955203203,3.6054526969,3.0692036856,3.1684281275,10487487,,,,,,3.3073391838288058,3.4895648109460247,3.3665771705640273,3.135406902314286,3.0354878961602827,2.972181377807447,3.0433838730639278,2.9944998976144093,,3.3665771705640273,2.9944998976144093,,,3.168055139037401,"rgba(38, 166, 154, 0.5)",0.5456935798420754,3.452107741249065,0.26280789136723703,54.17787973588028,8.893354228429118,False,False,True,False,False,5.329445804999466,2.92304386327,,0.0,0.0,0.0,0.0,1,1.073708880051355,0.8720340056499272,False,False,False,False,-0.0632194534647342,-0.15311214370665457,False,False,False,False,62034914,62928874.96302768,False,False,False,False,7886018.606124241,False,False,False,False
2024-08-23 00:00:00+00:00,3.8338973581,3.9083901824,3.5657231906,3.5955203203,9695299,,,,,,3.475851313740104,3.5347259927937116,3.382558538924543,3.153791157074957,3.054432261587769,2.9892627188992345,3.0559506652713737,3.0053300594166648,,3.382558538924543,3.0053300594166648,,,3.206487838463545,"rgba(38, 166, 154, 0.75)",0.5538052820674956,3.5271370200982832,0.5539137092670963,55.653025081037754,8.893354228429118,True,False,True,False,False,7.507188414558193,2.952466463884,,0.0,0.0,0.0,0.0,1,1.1109036604249138,0.8366687155504815,False,False,False,False,0.34282813789974576,0.09485799709654559,False,False,False,False,71730213,63580825.92872933,False,False,False,False,8020039.376040964,False,False,False,False
2024-08-30 00:00:00+00:00,3.7643707221,3.9928153833,3.6551145797,3.8636944878,12703210,,,,,,3.581996358671318,3.5817527806933684,3.403391407923776,3.1775968278119366,3.078959459772865,3.0115151299493856,3.072543335600113,3.0196954386102,,3.403391407923776,3.0196954386102,,,3.2409313423791204,"rgba(38, 166, 154, 0.75)",0.5582329939350267,3.587252786660716,0.3172831727318123,56.26492315420201,8.893354228429118,True,False,True,False,False,6.746707575777517,2.975576099846,,0.0,0.0,0.0,0.0,1,1.117491642647062,0.8392859916047714,False,False,False,False,0.34282815191365285,0.2188430745050992,False,False,False,False,59027003,63243505.71178642,False,False,False,False,8366940.9037416335,False,False,False,False
2024-09-06 00:00:00+00:00,3.3670756591,3.7743030986,3.3372785293,3.7345735923,6919704,,,,,,3.5686507333561694,3.5740357251565325,3.4057374803798983,3.18376091210509,3.0862072276558585,3.0185709386656217,3.0775608642930075,3.024286058212138,,3.4057374803798983,3.024286058212138,,,3.2423512424780396,"rgba(38, 166, 154, 0.5)",0.553083528908815,3.5779749947497557,-0.38131552401468416,54.4301404633534,8.893354228429118,False,False,True,False,False,2.5773667546306704,2.994480882816,,0.0,0.0,0.0,0.0,1,1.0722782268085151,0.8880317418014163,False,False,False,False,0.08525746422816642,0.15205026936663282,False,False,False,False,52107299,62418601.51091335,False,False,False,False,8259738.170131142,False,False,False,False
2024-09-13 00:00:00+00:00,4.0822067725,4.1169700905,3.2677518933,3.4068051654,14466818,,,,,,3.6291352808267594,3.6121840409421964,3.4273820378123925,3.2088359303600056,3.1122022821328277,3.042468779496235,3.095694160308116,3.0401501867654614,,3.4273820378123925,3.0401501867654614,,,3.271006587330499,"rgba(38, 166, 154, 0.75)",0.5584974084503675,3.620182652941288,0.8272627814704915,56.124635037577576,8.893354228429118,True,False,True,False,False,8.78073957834799,3.029854158104,,0.0,0.0,0.0,0.0,1,1.0438942722191829,0.8780691520900018,False,False,False,False,0.2129555803678185,0.18250292486722566,False,False,False,False,66574117,62726417.47306792,False,False,False,False,8719521.86123254,False,False,False,False
2024-09-20 00:00:00+00:00,4.2212600445,4.2311924211,3.9133563707,4.1318686554,36687312,,,,,,3.8148370427385725,3.7551186614402785,3.5082452806044726,3.2915311056642254,3.1951974412781188,3.118156452183193,3.1553755602191114,3.0920689890122537,,3.5082452806044726,3.0920689890122537,,,3.366316316642528,"rgba(38, 166, 154, 1.0)",0.5657794458649233,3.769646545460572,0.798214750182438,57.80905013086173,8.893354228429118,True,False,True,False,True,9.88733409042652,3.06958367705,,0.0,0.0,0.0,0.0,1,1.1047461801229752,0.8847758623663887,False,False,False,False,0.3428281781289286,0.26266555149807713,False,False,False,False,103261429,65729010.91950733,False,False,False,False,10791210.01965976,False,False,False,False
2024-09-27 00:00:00+00:00,4.608622731,4.6483522373,4.057375831,4.2212600445,15951791,,,,,,3.902582632229196,3.829340191271667,3.5530491061804206,3.3349709451010257,3.238085078017518,3.157207052428507,3.187011208313353,3.119583883332474,,3.5530491061804206,3.119583883332474,,,3.41522876210927,"rgba(38, 166, 154, 1.0)",0.5922633972909181,3.845564400447989,1.2883766480291177,60.217344618931406,5.099388373491223,True,False,True,False,True,12.840073848951597,3.114500785122,,0.0,0.0,0.0,0.0,1,1.0866927502217854,0.8642339666263825,False,False,False,False,0.34282819523283664,0.3027468733654569,False,False,False,False,119213220,69690804.18472901,False,False,False,False,11173475.27746274,False,False,False,False
2024-10-04 00:00:00+00:00,4.5192313418,4.6682169904,4.2907866806,4.4993665886,10386564,,,,,,3.9521375397119174,3.8731791492612673,3.581633313900923,3.362843994807305,3.26565453117185,3.182447619612239,3.207647710745622,3.137620249741436,,3.581633313900923,3.137620249741436,,,3.4453955136190704,"rgba(38, 166, 154, 1.0)",0.6139256710699112,3.889945606221223,1.0250194204814689,61.43176757927336,6.285583089753452,True,False,True,False,True,11.91198154097788,3.1578269626860003,,0.0,0.0,0.0,0.0,1,1.0881529710438804,0.9144925984238619,False,False,False,False,0.3428282006712333,0.3227875370183451,False,False,False,False,108826656,72589756.17104538,False,False,False,False,11115185.55320624,False,False,False,False
2024-10-11 00:00:00+00:00,4.8271350156,4.9463235345,4.4930098676,4.5589608481,10539326,,,,,,4.015211609327919,3.928623543006045,3.6167806528242,3.396053348047128,3.2981486081212625,3.2120464409325113,3.232078608887269,3.1588997689779994,,3.6167806528242,3.1588997689779994,,,3.4822303225155418,"rgba(38, 166, 154, 1.0)",0.6437388061931308,3.94625836878077,1.3683758666476198,63.21062058209788,8.025951952261217,True,False,True,False,True,14.170912167385804,3.209083289222,,0.0,0.0,0.0,0.0,0,1.0926494463572078,0.8981462214674115,False,False,False,False,0.3428282086472579,0.3328078728328015,False,False,False,False,119365982,76054661.78800498,False,False,False,False,11072529.290005779,False,False,False,False
2024-10-18 00:00:00+00:00,5.0257825471,5.0953091832,4.6582846138,4.8172026391,13225432,,,,,,4.0969391974345175,4.001557330575016,3.664207095905924,3.4405183457341186,3.341527019815707,3.2515932202579148,3.2649867192124553,3.1875996325177502,,3.664207095905924,3.1875996325177502,,,3.5311160701816755,"rgba(38, 166, 154, 1.0)",0.6822807313665897,4.02014215626407,1.4739393106143568,65.021169189641,9.7890322102405,True,False,True,False,True,15.571760438094515,3.2639187718339997,,0.0,0.0,0.0,0.0,0,1.1023212124013024,0.8636014401979168,False,False,False,False,0.34282820630414945,0.33781803956847545,False,False,False,False,132591414,80242569.35926387,False,False,False,False,11232003.564820165,False,False,False,False
2024-10-25 00:00:00+00:00,4.6483522373,5.2840243381,4.5986903544,5.1946329489,17814649,,,4.843688976600001,,,4.177429455577947,4.0770378867031285,3.7190639774603174,3.4933649602010557,3.393563683093555,3.299571382732253,3.3052346984944956,3.2230451157087217,,3.7190639774603174,3.2230451157087217,3.788619377607844,4.843688976600001,3.586038894996434,"rgba(38, 166, 154, 1.0)",0.7050762745062972,4.302376704615909,0.4906923480390075,64.20208122927741,9.7890322102405,True,False,True,False,True,11.700700243357119,3.3147497992399995,,0.0,0.0,0.0,0.0,0,1.1300712158790038,0.838655713639523,False,False,False,False,0.3428282009601803,0.34032312026432787,False,False,False,False,114776765,82800657.92524433,False,False,False,False,11719606.930389043,False,False,False,False
2024-11-01 00:00:00+00:00,4.5788256012,4.9933036757,4.5092989652,4.6682169904,17112936,,,4.770254773751125,,,4.2258797126905945,4.125932039517955,3.7607505456178076,3.535279173088672,3.435438097653263,3.3387965760125096,3.3384281628017423,3.252674928346353,,3.7607505456178076,3.252674928346353,3.8163448851417083,4.770254773751125,3.6266474044661123,"rgba(38, 166, 154, 1.0)",0.7257338554878742,4.320626676465762,0.35577632596547903,63.25208550098388,9.7890322102405,True,False,True,False,True,11.009708339921314,3.359858553824,,0.0,0.0,0.0,0.0,0,1.1173114144105076,0.8467469802822691,False,False,False,False,0.24421049624749047,0.29226680825590917,False,False,False,False,97663829,83901633.56041142,False,False,False,False,12119112.787397262,False,False,False,False
2024-11-08 00:00:00+00:00,4.1020715256,4.6384198607,3.9928153833,4.5887579778,15727673,,,4.606996061669121,,,4.227352790517509,4.133979558139016,3.7790426904134122,3.5573279236535735,3.4586945098387973,3.3616229359732523,3.3579049369935845,3.270703660312066,,3.7790426904134122,3.270703660312066,3.810365175899783,4.606996061669121,3.6433286257301516,"rgba(38, 166, 154, 0.75)",0.7348307347063808,4.283701741580089,-0.2471728622682922,60.29194371595088,9.7890322102405,True,False,True,False,False,6.46665972112924,3.393799445752,,0.0,0.0,0.0,0.0,0,1.0570040875406195,0.9110154671945485,False,False,False,False,0.0319463211129897,0.16210656468444945,False,False,False,False,81936156,83756042.63001059,False,False,False,False,12386413.543886354,False,False,False,False
2024-11-15 00:00:00+00:00,3.8736268644,4.1914629148,3.7743030986,4.0424772662,21058892,,,4.413030614300707,,,4.200364335487439,4.118350173514068,3.787111910797327,3.572880454567869,3.476773678996763,3.3807160088378967,3.37437223098988,3.2867611590841976,,3.787111910797327,3.2867611590841976,3.7904499259364934,4.413030614300707,3.64966624403443,"rgba(38, 166, 154, 0.75)",0.7398538612381066,4.219726290222182,-0.4677943090585523,57.224074556102224,12.612368068998919,True,False,True,False,False,4.4156554850116265,3.4138680481040002,,0.0,0.0,0.0,0.0,0,1.0253061769205867,0.972815343059449,False,False,False,False,-0.1783483480835591,-0.008120891699554822,False,False,False,False,60877264,82061318.28704685,False,False,False,False,13028819.355450327,False,False,False,False
2024-11-22 00:00:00+00:00,3.3968727888,4.1120039022,3.1882928807,3.9928153833,39263999,,,4.113253783114003,,,4.103944955052973,4.044020503709997,3.768857709868364,3.572384100245153,3.4825233758515814,3.3913310959092913,3.38385941215952,3.298595992033314,,3.768857709868364,3.298595992033314,3.7325218669888605,4.113253783114003,3.630689643103774,#000000,0.7394017112077348,4.081645501769863,-0.9261172953621636,53.28221536856981,8.901102956385614,False,False,False,False,False,0.37456308297930363,3.4291522394219998,,0.0,0.0,0.0,0.0,0,0.9479966207297582,1.004148427758834,False,False,False,False,-0.34282825441539394,-0.17547457305747438,False,False,False,False,21613265,77583684.71022856,False,False,False,False,14972165.995787341,False,False,False,False
2024-11-29 00:00:00+00:00,3.280167364,3.3422447176,3.2180900104,3.3372785293,12914328,,,4.026414359693776,,,4.064739519315244,4.011659851212493,3.755954512901126,3.565867332449013,3.4783106991457484,3.3892720982555042,3.382195600315615,3.2983423804241747,,3.755954512901126,3.2983423804241747,3.709301746661065,4.026414359693776,3.6182927492523644,#000000,0.737947925073445,4.033362780858037,-1.0206620159316455,50.07688261434716,5.959815307209844,False,True,False,False,False,0.0,3.44012287621,,0.0,0.0,0.0,0.0,0,0.9352743331849406,1.0777652879995234,False,False,False,False,-0.34282825441539394,-0.25915141373643413,False,False,False,False,8698937,72481110.80576718,False,False,False,False,14819733.551654944,False,False,False,False
2024-12-06 00:00:00+00:00,3.1306156605,3.3100777047,3.0907352062,3.2701972504,14973087,,,3.934842225262678,,,4.0183237810916905,3.9725885845678874,3.7387617831185267,3.5560696796678926,3.471212762205131,3.3848124040130307,3.3784505414598147,3.29643892897248,,3.7387617831185267,3.29643892897248,3.6818827201733315,3.934842225262678,3.6020823081370565,#000000,0.7366976303183141,3.9786908184668217,-1.1511848593844167,47.290515593339926,3.4360664428894694,False,True,False,False,False,0.0,3.4481024789280004,,0.0,0.0,0.0,0.0,0,0.9578135588504015,1.052214722811558,False,False,False,False,-0.34282825441539394,-0.30098983407591406,False,False,False,False,-6274150,66647387.783117756,False,False,False,False,14831093.06634717,False,False,False,False
2024-12-13 00:00:00+00:00,3.0408846384,3.4297190675,3.0159593545,3.2602271369,14678544,,,3.8609778237734056,,,3.976574228956749,3.9370250834030385,3.7224474752640404,3.5465720015532147,3.4642341522041487,3.3803167821429545,3.374646549873004,3.294403315492198,,3.7224474752640404,3.294403315492198,3.6578492621463194,3.8609778237734056,3.587027448611168,"rgba(239, 83, 80, 1.0)",0.7351620703458802,3.931463869279055,-1.2114053034048038,45.00198518122133,1.377732831872784,False,True,False,True,False,0.0,3.4568607410460004,,0.0,0.0,0.0,0.0,0,0.9625350992715823,1.0109696614619,False,False,False,False,-0.3333143002110901,-0.3171520671435021,False,False,False,False,-20952694,60158492.836220145,False,False,False,False,14819793.13550664,False,False,False,False
2024-12-20 00:00:00+00:00,2.9710938434,3.1007053198,2.8614225941,3.1007053198,19009739,,,3.7636742303647406,,2.9777405857666666,3.917240848191889,3.885438236575314,3.6961228438315343,3.529346441027103,3.450410390400913,3.370056817903096,3.3658064686650286,3.2883048349740602,,3.6961228438315343,3.2883048349740602,3.573753799257657,3.7636742303647406,3.524020329045193,"rgba(239, 83, 80, 1.0)",0.7353085499825666,3.6389025841771065,-0.9082020612883391,43.13031161053033,-0.31496022161883985,False,True,False,True,False,0.0,3.466598522504,,0.0,0.0,0.0,0.0,0,0.9511686778880665,1.0340362241468228,True,False,False,False,-0.34282825441539394,-0.329990160779448,False,False,False,False,-39962433,52742127.9594631,False,False,False,False,15130159.495839482,True,False,False,False
2024-12-27 00:00:00+00:00,2.9910340705,3.0807650926,2.9411835027,2.981063957,8625455,,,3.7275237953914453,,2.9860388705193857,3.8932806375121474,3.864450861119732,3.685202157780966,3.522230311071896,3.4447322395043023,3.365875915681533,3.3621899513000977,3.2858448321698934,,3.685202157780966,3.2858448321698934,3.561166848572676,3.7275237953914453,3.5155001180612575,"rgba(239, 83, 80, 1.0)",0.7354144344141702,3.6204389643452206,-0.8558506121063606,41.9063562199209,-1.4373662209462026,False,True,False,True,False,0.0,3.47831866533,,0.0,0.0,0.0,0.0,0,0.9637896851709078,1.030475712774566,False,False,False,False,-0.33156874448016976,-0.3307794526298089,False,False,False,False,-31336978,46514046.036539905,False,False,False,False,14648329.533184707,False,False,False,False
2025-01-03 00:00:00+00:00,3.0608248655,3.1704961148,2.8713927077,2.9710938434,10885222,,,3.688231943011952,,2.999659104852788,3.8657396475495784,3.840223277141899,3.6724871131204724,3.5140235557604615,3.4382424155232116,3.3611595307905433,3.3581008847109115,3.283123961700649,,3.6724871131204724,3.283123961700649,3.5474708234688634,3.688231943011952,3.506204441181233,"rgba(239, 83, 80, 1.0)",0.7352286782923533,3.600784270003689,-0.7344101508088645,41.44306152319704,-1.9015800731040997,False,True,False,True,False,0.0,3.493809959294,,0.0,0.0,0.0,0.0,0,0.9588314573737607,1.027464369240363,False,False,False,False,-0.3262323420143497,-0.3285058973220793,False,False,False,False,-20451756,41553616.25605547,False,False,False,False,14369580.827022877,False,False,False,False
2025-01-10 00:00:00+00:00,3.0109742977,3.1892399283,3.0010041841,3.0907352062,13433752,,,3.647625773476359,,3.017090216582615,3.8353421174448696,3.813346405827959,3.6582366606599543,3.5049357990297834,3.431139017432196,3.3560870063548367,3.3536904961059757,3.280278555904588,,3.6582366606599543,3.280278555904588,3.532975374601072,3.647625773476359,3.496233464929774,"rgba(239, 83, 80, 1.0)",0.7344847148024427,3.580357878258179,-0.7752150168452837,40.908617317682086,-2.511490564566934,False,True,False,True,False,0.0,3.5067206850760004,,0.0,0.0,0.0,0.0,0,0.9517394698522007,1.0429762608202926,False,False,False,False,-0.28074328879316324,-0.30462459305762124,False,False,False,False,-33885508,35965532.977829136,False,False,False,False,14300260.17316933,False,False,False,False
2025-01-17 00:00:00+00:00,3.0707949791,3.2601274357,2.911273162,3.0010041841,19904242,,,3.5975660236407703,,3.034718475413087,3.795059435722194,3.777460283657636,3.6387744731226155,3.492529861977798,3.421476915349316,3.349225321686404,3.3476961278960675,3.2764592233243928,,3.6387744731226155,3.2764592233243928,3.5133513488212276,3.5975660236407703,3.48211761185314,"rgba(239, 83, 80, 1.0)",0.7316770382322353,3.5528140023765413,-0.6587865931137064,40.910650019798226,-2.6699363885725234,False,True,False,True,False,0.0,3.5212237136919997,,0.0,0.0,0.0,0.0,0,0.939906798002799,1.0474995611426474,False,False,False,False,-0.2672514074749904,-0.2859380002663058,False,False,False,False,-13981266,32265770.090582535,False,False,False,False,14715369.93811975,False,False,False,False
2025-01-24 00:00:00+00:00,3.1106754334,3.2402869097,2.981063957,3.1206455469,18892536,,,3.559912383691045,,3.0505311983194523,3.762054847808387,3.7478362189483883,3.622405493874378,3.482216360137383,3.413549967054104,3.3437133278977185,3.342856434273354,3.2735011392128355,,3.622405493874378,3.2735011392128355,3.497777474716357,3.559912383691045,3.4706454810391456,"rgba(239, 83, 80, 1.0)",0.7273684807615616,3.531392479801328,-0.5784097847638837,41.175946759913494,-2.6699363885725234,False,True,False,True,False,0.0,3.536326406792,,0.0,0.0,0.0,0.0,0,0.9430964530419542,1.0469363673349132,False,False,False,False,-0.20497140464647534,-0.24545470245639056,False,False,False,False,4911270,30239510.824613456,False,False,False,False,15024789.646407176,False,False,False,False
2025-01-31 00:00:00+00:00,3.1306156605,3.2901374776,2.9212432756,3.0408846384,24445197,,,3.5193511159013884,,3.0639993414137185,3.7239918795215865,3.7133801724052096,3.602801563477736,3.4697827305556,3.403980306727974,3.3370448411048947,3.3369656228184548,3.26990177229671,,3.602801563477736,3.26990177229671,3.479291493888513,3.5193511159013884,3.4564933072531465,"rgba(239, 83, 80, 1.0)",0.7230414387208827,3.506163396370254,-0.5194000174244885,41.50342540196816,-2.6699363885725234,False,True,False,True,False,0.0,3.551432015228,,0.0,0.0,0.0,0.0,0,0.9620886902167156,1.0405306113217796,False,False,False,False,-0.05505565132715251,-0.15025517689177154,False,False,False,False,29356467,30174100.170938388,False,False,False,False,15722597.598525163,False,False,False,False
2025-02-07 00:00:00+00:00,3.2402869097,3.3798684997,3.0309145248,3.0608248655,30067709,,,3.4889292206869613,,3.0956732928904582,3.689834493756807,3.682271662186659,3.5853332056892873,3.4597033401092703,3.3969116745958905,3.3329070539115544,3.3332847384612516,3.268473686120312,,3.5853332056892873,3.268473686120312,3.466445492978361,3.4889292206869613,3.446989932700147,"rgba(239, 83, 80, 1.0)",0.7192042030479389,3.4898830993377556,-0.34704495410341574,42.5060744540019,-2.6699363885725234,False,True,False,True,False,0.0,3.5677413256299997,,0.0,0.0,0.0,0.0,0,1.002891043722909,0.9837002787512861,False,False,False,False,0.2902565027826977,0.07000066294546309,False,False,False,False,59424176,32340772.45457258,False,False,False,False,16785198.443078853,False,False,False,False
2025-02-14 00:00:00+00:00,3.6091811118,3.8377958159,3.1704961148,3.349958159,35080225,,,3.494206513393016,,3.1819391263562466,3.678853326847928,3.672519964287707,3.583016183615436,3.4632356342313697,3.402921318401387,3.3408822245346204,3.3404011839157017,3.2767421932349268,,3.583016183615436,3.2767421932349268,3.477196786458464,3.494206513393016,3.4579711202737995,"rgba(239, 83, 80, 0.75)",0.7142802887353407,3.507474069398979,0.14239094093034083,45.483336057229764,-2.6699363885725234,False,True,False,True,True,2.755920940128444,3.591032630868,,0.0,0.0,0.0,0.0,0,1.0042536919322858,0.9738411265284699,False,False,False,False,0.3428281128204956,0.20641438788297933,False,False,False,False,94504401,36945485.68015979,False,False,False,False,18140385.595443383,False,False,False,False
2025-02-21 00:00:00+00:00,3.6091811118,3.7487627017,3.5543454871,3.6989121339,30513256,,,3.5061993523521635,,3.247853374259109,3.6763839768458357,3.6705565855306035,3.58529179775503,3.469720808836047,3.4112335967897027,3.350531588311859,3.3490712579703112,3.286077602097279,,3.58529179775503,3.286077602097279,3.4897213850850437,3.5061993523521635,3.470080373287312,#000000,0.7123578839041773,3.525796785802787,0.11705398070449281,47.60995148810681,-7.9980611143001,False,True,False,False,True,2.755920940128444,3.6093753210259996,,0.0,0.0,0.0,0.0,0,0.993900817624015,1.0097023412091126,False,False,False,False,0.3428281439503123,0.2746212659166458,False,False,False,False,94504401,41209109.03718499,False,False,False,False,19056894.51429943,False,False,False,False
2025-02-28 00:00:00+00:00,3.5194500897,3.788643156,3.4047937836,3.649061566,26538615,,,3.5105957298819845,,3.2839738918979164,3.671187583263538,3.6659348419910525,3.584788882851813,3.472896197983311,3.4160105169938024,3.356598199952131,3.354564974426058,3.292349415492726,,3.584788882851813,3.292349415492726,3.495248230601944,3.5105957298819845,3.475744386169953,#000000,0.7070530558721698,3.533418941216803,-0.019756440341767673,48.54473369225717,-6.991597306415905,False,True,False,False,True,1.90202651014026,3.623746000106,,0.0,0.0,0.0,0.0,0,0.9719412263027939,1.0137597678945356,False,False,False,False,0.2806449067251767,0.27763308632091127,False,False,False,False,67965786,43191085.108504616,False,False,False,False,19611096.03175873,False,False,False,False
2025-03-07 00:00:00+00:00,3.8484638374,3.9780753138,3.3998087268,3.5693006575,35004134,,,3.5296220843333175,,3.3428463643355215,3.675517481431336,3.6703288339411655,3.5917496402112317,3.483591214032165,3.4283859951308524,3.3701025499258743,3.3668207415625613,3.3050411449404034,,3.5917496402112317,3.3050411449404034,3.5115180204176832,3.5296220843333175,3.4911678525713388,#000000,0.7023136638109286,3.5550691070857194,0.4177545524634221,51.06178344838271,-4.4708123091154945,False,True,False,False,True,4.786947478783642,3.639352449854,,0.0,0.0,0.0,0.0,0,1.0007177578500523,0.9765292495996513,False,False,False,False,0.3428281435381294,0.3102306149295203,False,False,False,False,102969920,47619146.952319086,False,False,False,False,20751321.06644327,False,False,False,False
2025-03-14 00:00:00+00:00,4.0678063359,4.1375971309,3.5443753736,3.7986132696,39598171,,,3.5625371091896123,,3.415665090288753,3.691090228718529,3.6854128879201586,3.6072332611138056,3.502213315733256,3.4484819467371626,3.390932599427054,3.385809003808062,3.323959172168728,,3.6072332611138056,3.323959172168728,3.5379458048910415,3.5625371091896123,3.515854791718348,#000000,0.6983105889468254,3.589212400371879,0.6853596996859588,53.90789880500641,-1.6910372833217409,False,False,False,False,True,6.622737308300156,3.65617863592,,0.0,0.0,0.0,0.0,0,1.0206440844854345,0.9930017792344011,False,False,False,False,0.34282815635220487,0.3265293856408626,False,False,False,False,142568091,54652402.06696211,False,False,False,False,22147384.024484508,False,False,False,False
2025-03-21 00:00:00+00:00,3.9880454274,4.297118948,3.9381948595,4.0478661088,29310501,,4.0744530782999995,3.592858270643309,,3.472239689548494,3.7085840999296464,3.7022862908806555,3.623155697949742,3.5198678187748924,3.4669904912411154,3.4096879048694992,3.402975515826633,3.3407590338102224,,3.623155697949742,3.3407590338102224,3.6450544296584817,3.8336556744716543,3.538223438627585,"rgba(38, 166, 154, 0.5)",0.6947752847086767,3.7120337846053624,0.3972675034207223,55.3753980229547,-0.26710036826654715,False,False,True,False,True,5.83846944849201,3.661116484448,,0.0,0.0,0.0,0.0,0,0.9972403131077598,0.9888319030556182,False,False,False,False,0.3428281826432359,0.3346787841420492,False,False,False,False,113257590,58993527.09903899,False,False,False,False,22677985.281930096,False,False,False,False
2025-03-28 00:00:00+00:00,3.8684040646,4.2071885236,3.8684040646,3.9980155409,25744603,,4.0309083491911455,3.6120690970737512,,3.507946718989863,3.719094843601129,3.7125265191437142,3.6335654251065157,3.532042753922375,3.480010095661257,3.42314088970347,3.415367464040721,3.353110944159897,,3.6335654251065157,3.353110944159897,3.6535204753362187,3.8214887231324486,3.5529618387711306,"rgba(38, 166, 154, 0.5)",0.6889201679357407,3.7175047522139724,0.2190374435374387,55.58789819723269,-0.011409648059071742,False,False,True,False,True,4.666824691343525,3.6686101207999995,,0.0,0.0,0.0,0.0,0,0.9768932338727765,1.0366650026497541,False,False,False,False,0.2854213595628806,0.3100500718524649,False,False,False,False,87512987,61106079.684295356,False,False,False,False,22905142.149935275,False,False,False,False
2025-04-04 00:00:00+00:00,3.3100777047,3.9082845188,3.2004064555,3.9082845188,29231259,,3.8373940390748515,3.604671486595062,,3.5053632461843467,3.7087750079764064,3.7029422361007263,3.628433691453543,3.5303232453890425,3.4798120907316887,3.4244364987619065,3.4167344133824322,3.3556779150756224,,3.628433691453543,3.3556779150756224,3.6247143804382085,3.721032762834957,3.5496025537475115,#000000,0.6777871906086278,3.664050944957667,-0.5222483475083265,52.55656438786857,-0.011409648059071742,False,True,False,False,True,0.0,3.6641454515419998,,0.0,0.0,0.0,0.0,0,0.8946906480030807,1.0648686560671339,False,False,False,False,-0.03740662887141574,0.13632172149052457,False,False,False,False,58281728,60896868.44842163,False,False,False,False,23373743.398088217,False,False,False,False
2025-04-11 00:00:00+00:00,3.7487627017,3.8135684399,3.1405857741,3.1804662283,37154926,,3.7548625570596474,3.602327400276663,3.5676389718999992,3.510701591573613,3.7016350574250674,3.6963957933952365,3.626061483961725,3.5316535952368233,3.482824004475563,3.4290220008035934,3.4211564349634767,3.3612971470666824,3.5676389718999992,3.626061483961725,3.3612971470666824,3.623909556353597,3.6785949786681553,3.5682415623464525,#000000,0.6682021895889182,3.608882630202481,0.20933794243262546,52.64238800115117,-0.011409648059071742,False,True,False,False,True,3.237970269600634,3.6736010419080003,,1.0,3.8135684,3.1405857,0.0,0,0.8731525657046757,1.0971944396900903,False,False,False,False,-0.13424328458530219,0.001039218452611193,False,False,False,False,95436654,63455371.081871875,False,False,False,False,24394571.73897057,False,False,False,False
2025-04-18 00:00:00+00:00,3.7288224746,4.0478661088,3.67398685,3.7387925882,26653797,,3.7660264328559143,3.6116471643789962,3.671755372703051,3.528439583549911,3.705671368167551,3.7004377749524133,3.6312577009616054,3.5387666623843916,3.4908451701190177,3.437731671446076,3.4293040635522654,3.369799915831342,3.671755372703051,3.6312577009616054,3.369799915831342,3.644250257494229,3.688836798617455,3.5881131630355023,#000000,0.6534402953009412,3.6444671383719687,0.1290941756035743,52.599103653500194,-0.011409648059071742,False,True,False,False,True,3.0597843322506435,3.6828557723340003,,0.0,0.0,0.0,0.0,0,0.9058033681738371,1.0900158858095212,False,False,False,False,0.06558017300213949,0.03330969572737534,False,False,False,False,68782857,63849999.668399885,False,False,False,False,24561921.758306082,False,False,False,False
2025-04-25 00:00:00+00:00,3.7088822475,3.8983144053,3.5693006575,3.8484638374,27651595,,3.759649952268922,3.616556320005415,3.6880039481337947,3.5396114269763994,3.706366478694561,3.70128058612946,3.6338467751099053,3.5434757567542707,3.4965482086533677,3.4442828181263345,3.4354982842434034,3.376556036762784,3.6880039481337947,3.6338467751099053,3.376556036762784,3.648598905509091,3.6881031361371686,3.5941769998222615,#000000,0.6428454457387227,3.650955411846133,0.09011005061613339,52.45772450997586,-0.011409648059071742,False,True,False,False,True,2.878796654479558,3.685971304724,,0.0,0.0,0.0,0.0,0,0.8984337420544947,1.124714748853985,False,False,False,False,-0.06558027642579611,-0.016135290349210386,False,False,False,False,41131262,62167130.21148138,False,False,False,False,24790786.442876,False,False,False,False
2025-05-02 00:00:00+00:00,3.5094799761,3.7786730424,3.4695995218,3.7088822475,21290330,,3.7408777381770504,3.615571818630498,3.6687273060758594,3.5415481726822464,3.703200713025622,3.6983688434015884,3.63285394481584,3.5442841475282574,3.4981898461187515,3.4467226566064104,3.4378819057193835,3.37957368238239,3.6687273060758594,3.63285394481584,3.37957368238239,3.64317908554212,3.6782247784037745,3.591736953781822,#000000,0.6324943191057639,3.6416812588914134,-0.20901576314285736,51.267866086806414,-0.011409648059071742,False,True,False,False,False,1.0788504410621016,3.677774841368,,0.0,0.0,0.0,0.0,0,0.8957592669223373,1.1104966436757004,False,False,False,False,-0.18041483098265448,-0.09827506066593243,False,False,False,False,19840932,59031856.26989016,False,False,False,False,24531493.373033334,False,False,False,False
2025-05-09 00:00:00+00:00,3.8285236103,3.858433951,3.489539749,3.6291213389,30752843,,3.738801540613713,3.6204476580301685,3.6808935200041475,3.552028237025517,3.7040162986308003,3.6993231577282066,3.6355454544852313,3.5491363372889535,3.5040652242417973,3.453490905108278,3.4443180078585316,3.3866288572094136,3.6808935200041475,3.6355454544852313,3.3866288572094136,3.647524025475842,3.679624599321941,3.5973123918141168,#000000,0.6311847029884725,3.6480427389183863,0.2859398691493794,52.06397728086444,-0.011409648059071742,False,True,False,False,False,3.76677341166868,3.67318802625,,0.0,0.0,0.0,0.0,0,0.9454179095617802,1.070964839901173,False,False,False,False,-0.12781211315268748,-0.11304358690930996,False,True,False,False,50593775,58406813.21286126,False,False,False,False,24992334.086141974,False,False,False,False
2025-05-16 00:00:00+00:00,3.5493604304,3.7387925882,3.489539749,3.6789719068,31470609,,3.721050371167194,3.6192369733887455,3.665006735989094,3.5542613639146765,3.699995194824683,3.6956137610865962,3.6343045215799976,3.5502945617182693,3.5063457709005403,3.4568624255627003,3.4476367893058666,3.390839081926462,3.665006735989094,3.6343045215799976,3.390839081926462,3.642470435458657,3.6701436722779697,3.59533554194707,#000000,0.624580379660155,3.639888861114928,-0.1449428026608613,51.17200357573735,-0.011409648059071742,False,True,False,False,False,1.2899369079115814,3.66519533817,,0.0,0.0,0.0,0.0,1,0.9576935559860672,1.03039587452552,False,False,False,False,-0.19104573924391866,-0.1520446630766143,False,False,False,False,19123166,55496913.41931598,False,False,False,False,25472206.30198331,False,False,False,False
2025-05-23 00:00:00+00:00,3.6989121339,3.9182546324,3.5194500897,3.5892408846,29153990,,3.7201563111668343,3.622831883474333,3.671747776644464,3.561930597389554,3.700390108861001,3.6961311633169145,3.636333806775522,3.554198414642154,3.511145527041483,3.46247101256293,3.453012201398197,3.3968124517684304,3.671747776644464,3.636333806775522,3.3968124517684304,3.645465007783847,3.6714940973205836,3.599293550904253,#000000,0.6198949589928059,3.6441666421687966,0.08831414248012734,51.286001850474726,-0.011409648059071742,False,True,False,False,False,2.535559226629651,3.6692496497579996,,0.0,0.0,0.0,0.0,1,1.0194211419972647,1.0051350284101204,False,False,False,False,-0.08107213546021157,-0.11655839926841294,False,False,False,False,48277156,54962116.573440716,False,False,False,False,25744931.020354915,False,False,False,False
2025-05-30 00:00:00+00:00,3.8783741781,4.0578362224,3.6141661686,3.649061566,20255077,,3.728684967668774,3.62877838239071,3.68784994258008,3.571335645580889,3.703680758012396,3.6993967804024814,3.6401342707027013,3.5590739552789725,3.516549072468833,3.468297844356397,3.4585397916824814,3.4025918204069665,3.68784994258008,3.6401342707027013,3.4025918204069665,3.6523668378271257,3.678731675029742,3.6057897836728436,#000000,0.6161990556317563,3.6541622345551135,0.3638628483696944,52.22655875730963,-0.011409648059071742,False,True,False,False,False,4.0046368828014955,3.6776877923560005,,0.0,0.0,0.0,0.0,1,1.030996634339525,0.9185158014601121,False,False,False,False,0.09273999636726804,-0.011909201450572449,False,False,False,False,68532233,55967310.38281547,False,False,False,False,25338275.166995294,False,False,False,False
2025-06-06 00:00:00+00:00,4.17,4.5862522415,3.9780753138,3.9980155409,41342852,4.244775851766667,3.7896447226291237,3.66000509332259,3.7744989863023153,3.6133922792710536,3.7269102980679736,3.7220235689074714,3.661304794023504,3.581382720593134,3.539496419824614,3.4914110146907325,3.480260507288401,3.4239517007386393,3.7744989863023153,3.661304794023504,3.4239517007386393,3.7740694492863374,3.89814188923946,3.6388025102101,"rgba(38, 166, 154, 0.5)",0.6133050356693108,3.85557795999229,0.5126682836780813,54.164451040215084,-0.011409648059071742,False,False,True,False,True,6.313604409035587,3.691958451392,,0.0,0.0,0.0,0.0,1,1.0672895758867476,0.8586918906359021,False,False,False,False,0.342828162418156,0.16545948048379178,False,False,False,False,109875085,59960478.872977294,False,False,False,False,26523799.376847494,False,False,False,False
2025-06-13 00:00:00+00:00,4.28,4.45,4.18,4.26,43803817,4.274900825962981,3.8467818387645405,3.6927972639112703,3.849338178736938,3.6562109713328184,3.7519888011325464,3.746500707452854,3.684270501901434,3.605439691824616,3.5641747071917598,3.516234965134774,3.5036672703734624,3.446964228571326,3.849338178736938,3.684270501901434,3.446964228571326,3.8128486361494227,3.938159976212931,3.6717698155884673,"rgba(38, 166, 154, 0.5)",0.6089043912173927,3.9068079536993197,0.6128910411609144,55.99289438977789,1.6002929947775186,False,False,True,False,True,7.162778095371529,3.7108128808060004,,0.0,0.0,0.0,0.0,1,1.0942189095386399,0.880863543309592,False,False,False,False,0.3428281660233103,0.254143823253551,False,False,False,False,153678902,66902584.28979379,False,False,False,False,27803800.6822662,False,False,False,False
2025-06-20 00:00:00+00:00,4.07,4.51,4.03,4.28,36655159,4.2533632360544695,3.877142631607596,3.7136828601952048,3.886820302065133,3.683221985486749,3.767843621758649,3.7620494144999097,3.699356000142795,3.621659152103702,3.580999922998512,3.5333756026410743,3.5199303620528557,3.46317248127553,3.886820302065133,3.699356000142795,3.46317248127553,3.8304350064763133,3.9480629092857566,3.6919157502120656,"rgba(38, 166, 154, 0.5)",0.5985259045720215,3.925137038803487,0.24203290131627336,56.053039620241464,1.7532397225315322,False,False,True,False,True,5.230516495398522,3.720699769464,,0.0,0.0,0.0,0.0,1,1.0924874528404294,0.8464760077456364,False,False,False,False,0.2959716624956777,0.2750577428746144,False,False,False,False,117023743,70615262.71277203,False,False,False,False,28459456.853950188,False,False,False,False
2025-06-27 00:00:00+00:00,4.07,4.22,3.96,4.08,28910813,4.22074684310055,3.890119062118504,3.7252372036410955,3.9019667030056047,3.698217886337832,3.77634901762209,3.7704487801602906,3.7079605412703227,3.63133032147764,3.5912174217431794,3.543987680625466,3.530073369447277,3.4734799739678475,3.9019667030056047,3.7079605412703227,3.4734799739678475,3.836380754657036,3.945367702953383,3.7026847940303034,"rgba(38, 166, 154, 0.5)",0.5838123395871746,3.927762623640623,0.24363544021689584,56.09600049914401,1.9320866981338085,False,False,True,False,True,5.230516495398522,3.7270110025539998,,0.0,0.0,0.0,0.0,1,1.077307077384769,0.8736997604018056,False,False,False,False,0.11866332646275986,0.1968605346686871,False,False,False,False,117023743,74052927.91923335,False,False,False,False,28492890.642546467,False,False,False,False
2025-07-04 00:00:00+00:00,4.64,4.66,4.065,4.07,22096514,4.250699990900925,3.9160431579115125,3.742264506164659,3.9327329271057345,3.71929253358799,3.790050311346042,3.7838589646478176,3.7205397659032333,3.6443099335379716,3.6044401438107636,3.557228065375947,3.542627403454462,3.4857919891409055,3.9327329271057345,3.7205397659032333,3.4857919891409055,3.856935269695989,3.9696692183256985,3.7190565806644376,"rgba(38, 166, 154, 1.0)",0.5804690619162006,3.9546921523765404,1.180610462444239,58.41957410970754,4.297688822796161,True,False,True,False,True,9.578751852317463,3.7457154733020004,,0.0,0.0,0.0,0.0,1,1.0912507341907633,0.8449803776248115,False,False,False,False,0.3428281554411849,0.269844345054936,False,False,False,False,139120257,78872730.07336421,False,False,False,False,28019084.965320803,False,False,False,False
2025-07-11 00:00:00+00:00,5.12,5.15,4.45,4.57,36225460,4.364378266502719,3.985360339622448,3.785164230325163,4.014135211899658,3.771134223170375,3.8258243187104246,3.818796792402332,3.752404117164103,3.676100891229548,3.6363208931895583,3.5886326546736504,3.5723191078094794,3.5144229154792574,4.014135211899658,3.752404117164103,3.5144229154792574,3.914649687474653,4.04496761215011,3.760418637804956,"rgba(38, 166, 154, 1.0)",0.5890045301593199,4.0337520102988,1.844209906853146,61.529248575730904,7.333885505173768,True,False,True,False,True,12.904199181021827,3.775013181708,,0.0,0.0,0.0,0.0,1,1.1095460174583054,0.8106215284414386,False,False,False,False,0.34282819195659764,0.3063362685057668,False,False,False,False,175345717,86018877.25311501,False,False,False,False,28626964.59751926,False,False,False,False
2025-07-18 00:00:00+00:00,4.44,5.215,4.43,5.2,28797193,4.404410665657317,4.022753899051112,3.8110531482478955,4.056554855940464,3.8021240353500967,3.8474109654718482,3.839947245466527,3.772112853113452,3.696098606355414,3.656531144278302,3.60872887904203,3.591415446877018,3.5330355864797482,4.056554855940464,3.772112853113452,3.5330355864797482,3.944545958537339,4.079405904318775,3.784938573127267,"rgba(38, 166, 154, 1.0)",0.5776898445909112,4.071460863999747,0.6379532883449467,60.24201532667095,7.333885505173768,True,False,True,False,True,6.887084919692725,3.7978622012480003,,0.0,0.0,0.0,0.0,1,1.111399702708214,0.8180930241085639,False,False,False,False,0.34282819311962287,0.3245822308126948,False,False,False,False,146548524,90502554.78992131,False,False,False,False,28639574.108814128,False,False,False,False
2025-07-25 00:00:00+00:00,4.77,4.88,4.52,4.54,23424367,4.433005440928225,4.051548230728569,3.83169075800521,4.088716302535439,3.8265918417681317,3.864755983361104,3.8569585779173807,3.78802056808573,3.7122406262994883,3.672843509012456,3.6249575802979264,3.6068629643181316,3.5481069858329453,4.088716302535439,3.78802056808573,3.5481069858329453,3.9676609629162236,4.105414809887335,3.804385623659707,"rgba(38, 166, 154, 1.0)",0.5726666682084021,4.099965453990092,1.170025397333012,60.35837070187993,7.333885505173768,True,False,True,False,True,9.120193812706937,3.8302909337599997,,0.0,0.0,0.0,0.0,0,1.1047520394957555,0.8403860589956503,False,False,False,False,0.2626182870682995,0.2936002589404971,False,False,False,False,169972891,96389246.36103825,False,False,False,False,28253262.47112419,False,False,False,False
