date,Close,High,Low,Open,Volume,aVWAP_peak_930,aVWAP_valley_935,aVWAP_valley_919,aVWAP_valley_885,aVWAP_valley_850,aVWAP_valley_826,aVWAP_valley_773,aVWAP_valley_759,aVWAP_valley_726,aVWAP_valley_705,aVWAP_valley_675,aVWAP_valley_655,aVWAP_valley_628,aVWAP_valley_586,aVWAP_valley_576,aVWAP_valley_523,aVWAP_valley_506,aVWAP_valley_480,aVWAP_valley_464,aVWAP_valley_434,aVWAP_valley_369,aVWAP_valley_354,aVWAP_valley_329,aVWAP_valley_301,aVWAP_valley_287,aVWAP_valley_241,aVWAP_valley_229,aVWAP_valley_196,aVWAP_valley_177,aVWAP_valley_132,aVWAP_OB_bull_850,aVWAP_OB_bull_301,aVWAP_OB_bull_241,aVWAP_OB_bull_177,Peaks_avg,Valleys_avg,color,StDev,StDev_Mean,StdDev_ZScore,QQEMOD,QQE1_Value,QQE1_Above_Upper,QQE1_Below_Lower,QQE2_Above_Threshold,QQE2_Below_Threshold,QQE2_Above_TL,banker_RSI,OB,OB_High,OB_Low,OB_Mitigated_Index,TTM_squeeze_Active,VI_plus,VI_minus,VI_Regular_Bullish,VI_Regular_Bearish,VI_Hidden_Bullish,VI_Hidden_Bearish,Fisher,Fisher_Signal,Fisher_Regular_Bullish,Fisher_Regular_Bearish,Fisher_Hidden_Bullish,Fisher_Hidden_Bearish,OBV,OBV_Smoothed,OBV_Regular_Bullish,OBV_Regular_Bearish,OBV_Hidden_Bullish,OBV_Hidden_Bearish,Volume_MA,Vol_Regular_Bullish,Vol_Regular_Bearish,Vol_Hidden_Bullish,Vol_Hidden_Bearish
2022-01-03 00:00:00+00:00,106.0952367116,108.4109227001,105.2813554436,107.1416554846,75042,,,,,,,,,,,,,,,,,,,,,,,,,,,,,,,,,,,,,#000000,,,,,,False,False,False,False,False,,0.0,0.0,0.0,0.0,0,,,False,False,False,False,,,False,False,False,False,0,0.0,False,False,False,False,75042.0,False,False,False,False
2022-01-04 00:00:00+00:00,106.1339929624,107.1319664219,105.8408019247,105.8626992064,96696,,,,,,,,,,,,,,,,,,,,,,,,,,,,,,,,,,,,,#000000,,,,100.0,,False,False,True,False,False,,0.0,0.0,0.0,0.0,0,,,False,False,False,False,,,False,False,False,False,96696,3792.0,False,False,False,False,75891.17647058824,False,False,False,False
2022-01-05 00:00:00+00:00,104.864725747,106.8606726659,104.729078869,106.6281351608,49509,,,,,,,,,,,,,,,,,,,,,,,,,,,,,,,,,,,,,#000000,,,,67.56695926058696,-79.73216295765218,False,False,True,False,True,,0.0,0.0,0.0,0.0,0,,,False,False,False,False,,,False,False,False,False,47187,5493.764705882353,False,False,False,False,74856.58131487889,False,False,False,False
2022-01-06 00:00:00+00:00,107.3548148643,107.6454867457,102.4715272568,104.6031210537,47007,,,,,,,,,,,,,,,,,,,,,,,,,,,,,,,,,,,,,#000000,,,,67.91479002882747,-76.71056469181396,False,False,True,False,True,,0.0,0.0,0.0,0.0,0,,,False,False,False,False,,,False,False,False,False,94194,8972.205305651672,False,False,False,False,73764.44087115815,False,False,False,False
2022-01-07 00:00:00+00:00,106.9575632931,107.839268,106.6087570354,106.7637820388,38020,,,,,,,,,,,,,,,,,,,,,,,,,,,,,,,,,,,,,#000000,,,,65.7168731537982,-74.60637624641276,False,False,True,False,True,,0.0,0.0,0.0,0.0,0,,,False,False,False,False,,,False,False,False,False,56174,10823.256077979058,False,False,False,False,72362.69809189705,False,False,False,False
2022-01-10 00:00:00+00:00,104.2252476079,106.0274132726,103.7311054095,106.0274132726,30822,,,,,,,,,,,,,,,,,,,,,,,,,,,,,,,,,,,,,#000000,,,,55.14293262770659,-74.60637624641276,False,False,True,False,True,,0.0,0.0,0.0,0.0,0,,,False,False,False,False,,,False,False,False,False,25352,11393.010741587723,False,False,False,False,70733.65110790108,False,False,False,False
2022-01-11 00:00:00+00:00,104.9519273114,105.2329101301,102.9172241416,104.6224991791,30223,,,,,,,,,,,,,,,,,,,,,,,,,,,,,,,,,,,,,#000000,,,,50.63114195884933,-74.60637624641276,False,False,False,False,True,,0.0,0.0,0.0,0.0,0,,,False,False,False,False,,,False,False,False,False,55575,13125.637771329382,False,False,False,False,69144.9981232775,False,False,False,False
2022-01-12 00:00:00+00:00,103.8570632248,105.8142538929,103.8570632248,105.1747757538,36095,,,,,,,,,,,,,,,,,,,,,,,,,,,,,,,,,,,,,#000000,,,,45.39767778680505,-74.60637624641276,False,False,False,True,True,,0.0,0.0,0.0,0.0,0,,,False,False,False,False,,,False,False,False,False,19480,13374.828446963525,False,False,False,False,67848.91976550192,False,False,False,False
2022-01-13 00:00:00+00:00,105.2619773182,106.3423078108,104.6128101164,104.6128101164,27944,,,,,,,,,,,,,,,,,,,,,,,,,,,,,,,,,,,,,#000000,,,,45.91426933615658,-73.36077092462277,False,False,False,True,True,,0.0,0.0,0.0,0.0,0,,,False,False,False,False,,,False,False,False,False,47424,14710.090076494369,False,False,False,False,66284.02095116851,False,False,False,False
2022-01-14 00:00:00+00:00,104.9519273114,105.0197507504,103.5470132179,103.9927101028,28441,,,,,,,,,,,,,,,,,,,,,,,,,,,,,,,,,,,,,#000000,,,,45.58719053447313,-67.75957695180406,False,False,False,True,True,,0.0,0.0,0.0,0.0,0,,,False,False,False,False,,,False,False,False,False,18983,14877.655171533806,False,False,False,False,64799.98091386779,False,False,False,False
2022-01-18 00:00:00+00:00,103.9636429146,104.6224991791,103.3822991518,104.1961804197,34747,,,,,,,,,,,,,,,,,,,,,,,,,,,,,,,,,,,,,#000000,,,,43.41047828590922,-64.24119336416967,False,False,False,True,True,,0.0,0.0,0.0,0.0,0,,,False,False,False,False,,,False,False,False,False,-15764,13676.021635395226,False,False,False,False,63621.43264273572,False,False,False,False
2022-01-19 00:00:00+00:00,102.1905444381,104.2833819842,101.7739147414,103.9927101028,33542,,,,,,,,,,,,,,,,,,,,,,,,,,,,,,,,,,,,,#000000,,,,39.28862324107057,-63.150173341771634,False,False,False,True,True,,0.0,0.0,0.0,0.0,0,,,False,False,False,False,,,False,False,False,False,-49306,11206.138434007178,False,False,False,False,62441.84704890295,False,False,False,False
2022-01-20 00:00:00+00:00,99.9426818886,103.0334928941,99.6616990699,103.0334928941,37450,,,,,,,,,,,,,,,,,,,,,,,,,,,,,,,,,,,,,#000000,,,,34.23884433214809,-63.150173341771634,False,False,False,True,True,,0.0,0.0,0.0,0.0,0,,,False,False,False,False,,,False,False,False,False,-86756,7364.485946399054,False,False,False,False,61461.77461561264,False,False,False,False
2022-01-21 00:00:00+00:00,99.0803553071,101.8126709922,98.7024818613,100.0008162648,47994,,,,,,,,,,,,,,,,,,,,,,,,,,,,,,,,,,,,,#000000,,,,30.181852402458226,-63.150173341771634,False,False,False,True,True,,0.0,0.0,0.0,0.0,0,,,False,False,False,False,,,False,False,False,False,-134750,1791.3688504618367,False,False,False,False,60933.626591470966,False,False,False,False
2022-01-24 00:00:00+00:00,100.029883453,100.369000648,96.444930249,97.8595334052,51087,,,,,,,,,,,,,,,,,,,,,,,,,,,,,,,,,,,,,#000000,,,,29.92300213312464,-59.516750980739914,False,False,False,True,True,,0.0,0.0,0.0,0.0,0,,,False,False,False,False,,,False,False,False,False,-83663,-1559.7828691641178,False,False,False,False,60547.48437219759,False,False,False,False
2022-01-25 00:00:00+00:00,97.4235255831,99.1288006206,96.1348802422,98.9447084291,47817,,,,,,,,,,,,,,,,,,,,,,,,,,,,,,,,,,,,,#000000,,,,27.580778142037467,-58.09700827872835,False,False,False,True,True,,0.0,0.0,0.0,0.0,0,,,False,False,False,False,,,False,False,False,False,-131480,-6654.693344883171,False,False,False,False,60048.24969093494,False,False,False,False
2022-01-26 00:00:00+00:00,96.3286614965,100.5337147141,95.2919317861,98.576524046,43454,,,,,,,,,,,,,,,,,,,,,,,,,,,,,,,,,,,,,#000000,,,,25.3110938966767,-56.952306384862695,False,False,False,True,True,,0.0,0.0,0.0,0.0,0,,,False,False,False,False,,,False,False,False,False,-174934,-13253.881841162263,False,False,False,False,59397.49480109436,False,False,False,False
2022-01-27 00:00:00+00:00,95.5438474167,98.373053729,94.8074786505,96.9487615101,45397,,,,,,,,,,,,,,,,,,,,,,,,,,,,,,,,,,,,,#000000,,,,23.3259125985695,-55.83561240886215,False,False,False,True,True,,0.0,0.0,0.0,0.0,0,,,False,False,False,False,,,False,False,False,False,-220331,-21374.55314150884,False,False,False,False,58848.455789286745,False,False,False,False
2022-01-28 00:00:00+00:00,95.6794942947,95.6891833574,92.9568676722,95.5244692913,82890,,,,,,,,,,,,,,,,,,,,,,,,,,,,,,,,,,,,,#000000,,,,22.34644390919387,-53.932581076237824,False,False,False,True,True,,0.0,0.0,0.0,0.0,0,,,False,False,False,False,,,False,False,False,False,-137441,-25926.178508508496,False,False,False,False,59791.261444608834,False,False,False,False
2022-01-31 00:00:00+00:00,96.2608380575,96.4255521236,94.8268567759,94.9818817793,62436,,,,,,,,,,,,,,,,,,,,,,,,,,,,,,,,,,,,,#000000,,,,23.20327888110331,-50.41543997600332,False,False,False,True,True,,0.0,0.0,0.0,0.0,0,,,False,False,False,False,,,False,False,False,False,-75005,-27850.838174841498,False,False,False,False,59894.976682075154,False,False,False,False
2022-02-01 00:00:00+00:00,95.9023427371,97.0165849491,94.5458739572,96.4739974372,102101,,,,,,,,,,,,,,,,,,,,,,,,,,,,,,,,,,,,,#000000,,,,23.46587446347508,-47.67121702368382,False,False,False,True,True,,0.0,0.0,0.0,0.0,0,,,False,False,False,False,,,False,False,False,False,-177106,-33703.981775828106,False,False,False,False,61550.114851405546,False,False,False,False
2022-02-02 00:00:00+00:00,95.7473177337,96.3964849355,94.9043692776,96.3964849355,46016,,,,,,,,,,,,,,,,,,,,,,,,,,,,,,,,,,,,,#000000,,,,23.50204170475568,-45.32756994873628,False,False,False,True,True,,0.0,0.0,0.0,0.0,0,,,False,False,False,False,,,False,False,False,False,-223122,-41132.13935324661,False,False,False,False,60940.93387684063,False,False,False,False
2022-02-03 00:00:00+00:00,94.1583114487,95.6891833574,93.6641692503,94.7396552115,54470,,,,,,,,,,,,,,,,,,,,,,,,,,,,,,,,,,,,,#000000,,,,22.239300104712527,-44.57007869613955,False,False,False,True,True,,0.0,0.0,0.0,0.0,0,,,False,False,False,False,,,False,False,False,False,-277592,-50405.075064884004,False,False,False,False,60687.171764023355,False,False,False,False
2022-02-04 00:00:00+00:00,95.7860739845,96.1300357108,90.6896269973,90.6896269973,81652,,,,,,,,,,,,,,,,,,,,,,,,,,,,,,,,,,,,,#000000,,94.20191223086665,,25.566564074336398,-39.650220054071845,False,False,False,True,True,,0.0,0.0,0.0,0.0,0,,,False,False,False,False,,,False,False,False,False,-195940,-56112.32702312384,False,False,False,False,61509.3218909244,False,False,False,False
2022-02-07 00:00:00+00:00,99.0319099935,99.5744975055,96.159102899,96.5611990016,70026,,,,,,,,,,,,,,,,,,,,,,,,,,,,,,,,,,,,,#000000,,96.0732016586772,,33.53869808609569,-30.813773572750716,False,False,False,True,True,,0.0,0.0,0.0,0.0,0,,,False,False,False,False,,,False,False,False,False,-125914,-58849.64753202095,False,False,False,False,61843.3092677509,False,False,False,False
2022-02-08 00:00:00+00:00,102.3261913161,102.6071741347,99.0706662444,99.0706662444,72796,,,,,,,,,,,,,,,,,,,,,,,,,,,,,,,,,,,,,#000000,,97.7794766652089,,42.58132349953223,-21.52580351604799,False,False,False,True,True,,0.0,0.0,0.0,0.0,0,,,False,False,False,False,,,False,False,False,False,-53118,-58624.877040569154,False,False,False,False,62272.82655136851,False,False,False,False
2022-02-09 00:00:00+00:00,103.5470132179,104.6700724771,102.3261913161,102.3261913161,74837,,,,,,,,,,,,,,,,,,,,,,,,,,,,,,,,,,,,,#000000,,99.21339115114156,,49.69502692142927,-14.442665848830295,False,False,False,False,True,,0.0,0.0,0.0,0.0,0,,,False,False,False,False,,,False,False,False,False,21719,-55474.13676446841,False,False,False,False,62765.539235628574,False,False,False,False
2022-02-10 00:00:00+00:00,101.4929319227,103.7658141191,100.9392811313,101.832892935,73266,,,,,,,,,,,,,,,,,,,,,,,,,,,,,,,,,,,,,#000000,,99.77434876135882,,51.606828254031676,-12.318693824409308,False,False,True,False,True,,0.0,0.0,0.0,0.0,0,,,False,False,False,False,,,False,False,False,False,-51547,-55320.131401155915,False,False,False,False,63177.322010701966,False,False,False,False
2022-02-11 00:00:00+00:00,101.6677690147,103.3675740761,100.8712889288,101.4832187509,63854,,,,,,,,,,,,,,,,,,,,,,,,,,,,,,,,,,,,,#000000,,100.09542913340398,,53.063883972293596,-10.448898600060737,False,False,True,False,True,,0.0,0.0,0.0,0.0,0,,,False,False,False,False,,,False,False,False,False,12307,-52668.087032483134,False,False,False,False,63203.858402439146,False,False,False,False
2022-02-14 00:00:00+00:00,102.8042101129,103.3675740761,100.997560162,101.4152265485,74422,,,,,,,,,,,,,,,,,,,,,,,,,,,,,,,,,,,,,#000000,,100.42967457804366,,55.22016500118258,-7.810327928453589,False,False,True,False,True,,0.0,0.0,0.0,0.0,0,,,False,False,False,False,,,False,False,False,False,86729,-47201.53459983674,False,False,False,False,63643.78552391212,False,False,False,False
2022-02-15 00:00:00+00:00,103.5909770271,104.9216815608,103.4355662786,103.4355662786,37857,,,,,,,,,,,,,,,,,,,,,,,,,,,,,,,,,,,,,#000000,,102.32877599488508,,57.439123125745695,-5.079401481004339,False,False,True,False,True,,0.0,0.0,0.0,0.0,0,,,False,False,False,False,,,False,False,False,False,124586,-40464.76853709805,False,False,False,False,62632.53903277832,False,False,False,False
2022-02-16 00:00:00+00:00,103.9795038982,104.4068834565,102.5710939902,102.9401945178,43518,,,,,,,,,,,,,,,,,,,,,,,,,,,,,,,,,,,,,#000000,,102.34987328191701,,59.30612201400019,-2.6647154812459632,False,False,True,False,True,,0.0,0.0,0.0,0.0,0,,,False,False,False,False,,,False,False,False,False,168104,-32285.60114348636,False,False,False,False,61882.949266787014,False,False,False,False
2022-02-17 00:00:00+00:00,102.8236364565,103.8629458369,102.4836754442,103.6686824013,53204,,,,,,,,,,,,,,,,,,,,,,,,,,,,,,,,,,,,,#000000,,102.29090044011016,,58.64326747807786,-2.6647154812459632,False,False,True,False,True,,0.0,0.0,0.0,0.0,0,,,False,False,False,False,,,False,False,False,False,114900,-26513.616784918268,False,False,False,False,61542.59831514831,False,False,False,False
2022-02-18 00:00:00+00:00,102.6099466773,104.2029068492,102.2408461497,102.2408461497,191125,,,,,,,,,,,,,,,,,,,,,,,,,,,,,,,,,,,,,#000000,,102.36884833141437,,57.85505519612689,-2.6647154812459632,False,False,True,False,True,,0.0,0.0,0.0,0.0,0,,,False,False,False,False,,,False,False,False,False,-76225,-28463.082793352845,False,False,False,False,66624.26112631896,False,False,False,False
2022-02-22 00:00:00+00:00,102.9887603767,104.0086434136,101.522071438,102.3379778675,62979,,,,,,,,,,,,,,,,,,,,,,,,,,,,,,,,,,,,,#000000,,102.38427672610416,,57.8271106582131,-1.9987514864709368,False,False,True,False,True,,0.0,0.0,0.0,0.0,0,,,False,False,False,False,,,False,False,False,False,-13246,-27866.33444851548,False,False,False,False,66481.30970960057,False,False,False,False
2022-02-23 00:00:00+00:00,101.5512109534,104.1737673338,101.2889553153,104.076635616,54943,,,,,,,,,,,,,,,,,,,,,,,,,,,,,,,,,,,,,#000000,,102.3543873830673,,55.406507597183605,-1.9987514864709368,False,False,True,False,True,,0.0,0.0,0.0,0.0,0,,,False,False,False,False,,,False,False,False,False,-68189,-29447.615450534482,False,False,False,False,66028.82697589074,False,False,False,False
2022-02-24 00:00:00+00:00,101.832892935,102.1145749166,99.6571424564,100.0359561558,60046,,,,,,,,,,,,,,,,,,,,,,,,,,,,,,,,,,,,,#000000,,102.23044279452239,,54.22418774657988,-1.9987514864709368,False,False,True,False,False,,0.0,0.0,0.0,0.0,0,,,False,False,False,False,,,False,False,False,False,-8143,-28612.140334827247,False,False,False,False,65794.20631016954,False,False,False,False
2022-02-25 00:00:00+00:00,103.328721389,103.8435194933,102.007730027,102.007730027,25859,,,,,,,,,,,,,,,,,,,,,,,,,,,,,,,,,,,,,#000000,,102.25374235847582,,55.5645324114262,-1.9987514864709368,False,False,True,False,False,,0.0,0.0,0.0,0.0,0,,,False,False,False,False,,,False,False,False,False,17716,-26795.350517775198,False,False,False,False,64228.11978820211,False,False,False,False
2022-02-28 00:00:00+00:00,102.8916286589,104.0280697571,101.9397378246,102.8624891436,63565,,,,,,,,,,,,,,,,,,,,,,,,,,,,,,,,,,,,,#000000,,102.29663852962324,,55.664156436826254,-1.8428639750458302,False,False,True,False,False,,0.0,0.0,0.0,0.0,0,,,False,False,False,False,,,False,False,False,False,-45849,-27542.552458254602,False,False,False,False,64202.11509062556,False,False,False,False
2022-03-01 00:00:00+00:00,100.1039483583,102.6002335056,99.3851736466,102.6002335056,55696,,,,,,,,,,,,,,,,,,,,,,,,,,,,,,,,,,,,,#000000,,101.68475060950418,,51.57934928382771,-1.8428639750458302,False,False,False,False,False,,0.0,0.0,0.0,0.0,0,,,False,False,False,False,,,False,False,False,False,-101545,-30444.60922459756,False,False,False,False,63868.54194981671,False,False,False,False
2022-03-02 00:00:00+00:00,103.8046668062,104.5234415179,100.7353045239,100.7353045239,31507,,,,,,,,,,,,,,,,,,,,,,,,,,,,,,,,,,,,,#000000,,101.98188194567149,,53.48883202869315,-1.8428639750458302,False,False,True,False,False,,0.0,0.0,0.0,0.0,1,,,False,False,False,False,,,False,False,False,False,-70038,-31997.291215789814,False,False,False,False,62599.46187335331,False,False,False,False
2022-03-03 00:00:00+00:00,103.8629458369,104.6205732357,103.0373262356,104.562294205,29348,,,,,,,,,,,,,,,,,,,,,,,,,,,,,,,,,,,,,#000000,,102.20812185937608,,54.82210633318046,-1.8428639750458302,False,False,True,False,False,,0.0,0.0,0.0,0.0,1,,,False,False,False,False,,,False,False,False,False,-40690,-32338.181756347076,False,False,False,False,61295.48297635907,False,False,False,False
2022-03-04 00:00:00+00:00,104.1931936774,104.1931936774,101.9883036835,102.6390861927,32076,,,,,,,,,,,,,,,,,,,,,,,,,,,,,,,,,,,,,#000000,,102.32944477166433,,56.075518709538144,-0.42375022402790563,False,False,True,False,True,,0.0,0.0,0.0,0.0,1,,,False,False,False,False,,,False,False,False,False,-8614,-31407.821687470718,False,False,False,False,60149.62089885479,False,False,False,False
2022-03-07 00:00:00+00:00,102.1145749166,104.8342630148,101.6969085301,104.8342630148,29687,,,,,,,,,,,,,,,,,,,,,,,,,,,,,,,,,,,,,#000000,,102.49464363357114,,53.95875037524013,-0.42375022402790563,False,False,True,False,True,,0.0,0.0,0.0,0.0,1,,,False,False,False,False,,,False,False,False,False,-38301,-31678.14240560912,False,False,False,False,58955.008314585975,False,False,False,False
2022-03-08 00:00:00+00:00,101.5803504687,104.0960619596,101.5803504687,101.9300246528,27427,,,,,,,,,,,,,,,,,,,,,,,,,,,,,,,,,,,,,#000000,,102.4368498148823,,51.86813968414316,-0.42375022402790563,False,False,False,False,False,,0.0,0.0,0.0,0.0,1,,,False,False,False,False,,,False,False,False,False,-65728,-33013.430938722486,False,False,False,False,57718.61583166104,False,False,False,False
2022-03-09 00:00:00+00:00,102.8624891436,104.387457113,102.3379778675,102.3379778675,22429,,,,,,,,,,,,,,,,,,,,,,,,,,,,,,,,,,,,,#000000,,102.5009803765026,,52.17718001667176,-0.42375022402790563,False,False,False,False,False,,0.0,0.0,0.0,0.0,1,,,False,False,False,False,,,False,False,False,False,-43299,-33416.786588184346,False,False,False,False,56334.709328458644,False,False,False,False
2022-03-10 00:00:00+00:00,102.5128149595,102.6293730209,101.317997699,101.4929319227,21640,,,,,,,,,,,,,,,,,,,,,,,,,,,,,,,,,,,,,#000000,,102.4544474538613,,51.88233711121575,-0.42375022402790563,False,False,False,False,False,,0.0,0.0,0.0,0.0,1,,,False,False,False,False,,,False,False,False,False,-64939,-34652.95182002026,False,False,False,False,54974.132492048506,False,False,False,False
2022-03-11 00:00:00+00:00,101.5609241252,103.3967135915,101.5609241252,102.493388616,21291,,,,,,,,,,,,,,,,,,,,,,,,,,,,,,,,,,,,,#000000,,102.42369925626778,,50.34306744492511,-0.42375022402790563,False,False,False,False,False,,0.0,0.0,0.0,0.0,1,,,False,False,False,False,,,False,False,False,False,-86230,-36675.58116041162,False,False,False,False,53653.225335497584,False,False,False,False
2022-03-14 00:00:00+00:00,102.095148573,102.2796988368,101.2695289718,102.1242880884,28546,,,,,,,,,,,,,,,,,,,,,,,,,,,,,,,,,,,,,#000000,,102.36922067675698,,50.129713813672794,-0.42375022402790563,False,False,False,False,False,,0.0,0.0,0.0,0.0,1,,,False,False,False,False,,,False,False,False,False,-57684,-37499.44072274842,False,False,False,False,52668.62826351728,False,False,False,False
2022-03-15 00:00:00+00:00,101.9008851374,102.7653574258,100.8712889288,102.2894120086,27320,,,,,,,,,,,,,,,,,,,,,,,,,,,,,,,,,,,,,#000000,,102.32724490472158,,49.68660854576975,-0.42375022402790563,False,False,False,False,False,0.0,0.0,0.0,0.0,0.0,1,,,False,False,False,False,0.07185584501049576,0.07185584501049576,False,False,False,False,-85004,-39362.36461597397,False,False,False,False,51674.56441004602,False,False,False,False
2022-03-16 00:00:00+00:00,103.2315896712,103.5618375117,101.7746139043,102.7070783951,33478,,,,,,,,,,,,,,,,,,,,,,,,,,,,,,,,,,,,,#000000,,102.36499939958087,,51.445428036303156,-0.42375022402790563,False,False,False,False,False,0.0,0.0,0.0,0.0,0.0,1,0.9319868902955033,0.9890238645211532,False,False,False,False,0.11281438992177208,0.09233511746613392,False,False,False,False,-51526,-39839.36992515146,False,False,False,False,50960.97364886775,False,False,False,False
2022-03-17 00:00:00+00:00,103.5132716528,103.6395428859,102.1437144319,102.2602724933,20597,,,,,,,,,,,,,,,,,,,,,,,,,,,,,,,,,,,,,#000000,,102.39505957006993,,53.0272496495043,-0.42375022402790563,True,False,True,False,True,0.4603691521979485,0.0,0.0,0.0,0.0,1,0.9306268544204079,0.9785829315536595,False,False,False,False,0.12363789641890867,0.1079865069425213,False,False,False,False,-30929,-39489.9436535769,False,False,False,False,49770.229584206274,False,False,False,False
2022-03-18 00:00:00+00:00,104.3000385669,104.3291780823,102.4642491006,103.901798524,70811,,,,,,,,,,,,,,,,,,,,,,,,,,,,,,,,,,,,,#000000,,102.55078605058446,,55.21044106920256,0.7861859710470469,True,False,True,False,True,2.106686858960252,0.0,0.0,0.0,0.0,1,0.941547701972293,0.9711159344335826,False,False,False,False,0.14821912283925875,0.12810281489089004,False,False,False,False,39882,-36377.31841226016,False,False,False,False,50595.35783580603,False,False,False,False
2022-03-21 00:00:00+00:00,103.9212248675,105.6519178152,103.4258531068,103.6881087448,29749,,,,,,,,,,,,,,,,,,,,,,,,,,,,,,,,,,,,,#000000,,102.97317779862415,,55.8849599681696,1.5535277918049104,True,False,True,False,True,1.2789644508382914,0.0,0.0,0.0,0.0,1,0.9656320751634044,0.9661907341791913,False,False,False,False,0.20451726223968822,0.16631003856528914,False,False,False,False,10133,-34553.38435687741,False,False,False,False,49777.85360695089,False,False,False,False
2022-03-22 00:00:00+00:00,102.6876520516,105.0382396222,102.5419544749,104.251472708,34558,,,,,,,,,,,,,,,,,,,,,,,,,,,,,,,,,,,,,#000000,,102.90343433629982,,53.979079377866746,1.5535277918049104,True,False,True,False,True,0.0,0.0,0.0,0.0,0.0,1,0.9266752456419092,0.9728451535702095,False,False,False,False,0.2423460552939571,0.20432804692962314,False,False,False,False,-24425,-34156.19281347045,False,False,False,False,49180.99660275674,False,False,False,False
2022-03-23 00:00:00+00:00,100.6381728061,102.9304813461,100.3759171681,102.9304813461,26036,,,,,,,,,,,,,,,,,,,,,,,,,,,,,,,,,,,,,#000000,,102.71220977841293,,49.62979937177531,4.160096421052934,True,False,False,False,False,0.0,0.0,0.0,0.0,0.0,1,0.9300568902625498,0.9823478995027997,False,False,False,False,0.12143409956373133,0.16288107324667722,False,False,False,False,-50461,-34795.59701686377,False,False,False,False,48273.34967715844,False,False,False,False
2022-03-24 00:00:00+00:00,100.2107932478,101.1821104258,100.0456693276,101.1821104258,30013,,,,,,,,,,,,,,,,,,,,,,,,,,,,,,,,,,,,,#000000,,102.5058872836212,,46.177439473600735,1.025716188855327,True,False,False,True,False,0.0,0.0,0.0,0.0,0.0,1,0.9332426257998163,0.9897576732546197,False,False,False,False,0.06408708976722614,0.11348408150695169,False,False,False,False,-80474,-36586.90693777108,False,False,False,False,47557.257532956144,False,False,False,False
2022-03-25 00:00:00+00:00,100.9587074748,101.5997768123,99.9873902969,99.9873902969,46183,,,,,,,,,,,,,,,,,,,,,,,,,,,,,,,,,,,,,#000000,,102.33339560820832,,45.34053743437481,0.3447008455140548,True,False,False,True,False,0.0,0.0,0.0,0.0,0.0,1,0.9251110664509085,0.9910329534179863,False,False,False,False,0.0739617510715461,0.09372291628924889,False,False,False,False,-34291,-36496.87137158398,False,False,False,False,47503.365080683354,False,False,False,False
2022-03-28 00:00:00+00:00,98.9869336036,100.9101416159,98.2293062048,100.9101416159,36617,,,,,,,,,,,,,,,,,,,,,,,,,,,,,,,,,,,,,#000000,,102.12813379483941,,42.2580800130142,-2.5116350133449146,True,False,False,True,False,0.0,0.0,0.0,0.0,0.0,1,0.9108975094545946,1.0063488231313893,False,False,False,False,0.03532237315807212,0.06452264472366051,False,False,False,False,-70908,-37846.327396227745,False,False,False,False,47076.4488030095,False,False,False,False
2022-03-29 00:00:00+00:00,100.8810021006,101.3860870331,100.0068166405,100.0068166405,47565,,,,,,,,,,,,,,,,,,,,,,,,,,,,,,,,,,,,,#000000,,102.03192641424086,,43.50243179819731,-2.5116350133449146,True,False,False,True,False,0.0,0.0,0.0,0.0,0.0,1,0.9277079836983338,0.9859504442026285,False,False,False,False,0.10248472538323374,0.08350368505344713,False,False,False,False,-23343,-37277.56945912077,False,False,False,False,47095.60767347972,False,False,False,False
2022-03-30 00:00:00+00:00,99.3463209595,101.2015367693,98.8898018858,100.5507542601,23527,,,,,,,,,,,,,,,,,,,,,,,,,,,,,,,,,,,,,#000000,,101.9553542463168,,42.47244800101782,-2.5116350133449146,True,False,False,True,False,0.0,0.0,0.0,0.0,0.0,1,0.9232346176326786,0.9869497031478638,False,False,False,False,0.06361895829787134,0.07356132167565924,False,False,False,False,-46870,-37653.74320582192,False,False,False,False,46171.348549029535,False,False,False,False
2022-03-31 00:00:00+00:00,97.0540124195,99.3268946159,96.9180280146,99.0840653214,31431,,,,,,,,,,,,,,,,,,,,,,,,,,,,,,,,,,,,,#000000,,101.76746465445288,,39.54722507472702,-4.982598354104404,False,False,False,True,False,0.0,0.0,0.0,0.0,0.0,0,0.9201752580974278,0.9988635533405613,False,False,False,False,-0.05056415379795238,0.011498583938853429,False,False,False,False,-78301,-39247.753276181844,False,False,False,False,45593.29566475387,False,False,False,False
2022-04-01 00:00:00+00:00,99.8319795484,100.0022514497,96.4809352845,97.7436476159,66909,,,,,,,,,,,,,,,,,,,,,,,,,,,,,,,,,,,,,#000000,,101.52421986998192,,41.605130922395965,-4.982598354104404,False,False,False,True,False,0.0,0.0,0.0,0.0,0.0,0,0.9334262396672315,0.9837430662709532,False,False,False,False,-0.043483455711255156,-0.015992435886200862,False,False,False,False,-11392,-38155.37079476295,False,False,False,False,46429.20563868509,False,False,False,False
2022-04-04 00:00:00+00:00,99.0452126343,99.2103365546,97.8164964042,99.2103365546,31810,,,,,,,,,,,,,,,,,,,,,,,,,,,,,,,,,,,,,#000000,,101.42264251323105,,42.16206888688735,-4.982598354104404,False,False,False,True,False,0.0,0.0,0.0,0.0,0.0,0,0.9461044486012402,0.9752789733246567,False,False,False,False,-0.027342621403018706,-0.021667528644609784,False,False,False,False,-43202,-38353.2778224193,False,False,False,False,45855.903456775864,False,False,False,False
2022-04-05 00:00:00+00:00,97.1608573091,100.201080076,97.0151597324,99.6668556282,48307,,,,,,,,,,,,,,,,,,,,,,,,,,,,,,,,,,,,,#000000,,101.25335754488995,,40.75198670891339,-4.982598354104404,False,False,False,True,False,0.0,0.0,0.0,0.0,0.0,0,0.9573922983229712,0.9557331865500396,False,False,False,False,-0.02172291197803282,-0.021695220311321303,False,False,False,False,-91509,-40437.815947030314,False,False,False,False,45952.02488984348,False,False,False,False
2022-04-06 00:00:00+00:00,97.6173763827,97.6659422416,95.227936125,96.063268898,59061,,,,,,,,,,,,,,,,,,,,,,,,,,,,,,,,,,,,,#000000,,100.99232468056482,,40.47111220597083,-4.982598354104404,False,False,False,True,False,0.0,0.0,0.0,0.0,0.0,0,0.9522468397247112,0.9729193085405519,False,False,False,False,-0.1510244851462558,-0.08635985272878854,False,False,False,False,-32448,-40124.4898314605,False,False,False,False,46466.102345143736,False,False,False,False
2022-04-07 00:00:00+00:00,97.4911051496,97.9281978797,96.4712221128,97.034586076,49546,,,,,,,,,,,,,,,,,,,,,,,,,,,,,,,,,,,,,#000000,,100.82360444745896,,40.15614265902968,-4.982598354104404,False,False,False,True,False,0.0,0.0,0.0,0.0,0.0,0,0.9680941520273265,0.9815699565836804,False,False,False,False,-0.1056353381911082,-0.09599759545994838,False,False,False,False,-81994,-41766.431406697346,False,False,False,False,46586.882645334175,False,False,False,False
2022-04-08 00:00:00+00:00,95.7524474011,98.5401277018,95.4999049348,97.6368027263,34098,,,,,,,,,,,,,,,,,,,,,,,,,,,,,,,,,,,,,#000000,,100.69485082583877,,38.273499620286735,-6.836691283834625,False,False,False,True,False,0.0,0.0,0.0,0.0,0.0,0,0.9638873041506878,0.9583292919291123,False,False,False,False,-0.11642394511688298,-0.10621077028841568,False,False,False,False,-116092,-44681.15958682686,False,False,False,False,46097.122541595585,False,False,False,False
2022-04-11 00:00:00+00:00,94.3440374931,96.7917567815,94.2371926035,96.2283928183,40569,,,,,,,,,,,,,,,,,,,,,,,,,,,,,,,,,,,,,#000000,,100.49823140876545,,35.849415685440846,-9.299162449934002,False,True,False,True,False,0.0,0.0,0.0,0.0,0.0,0,0.9687516960462916,0.950441367812489,False,False,False,False,-0.20814026730633606,-0.15717551879737587,False,False,False,False,-156661,-49072.525877539534,False,False,False,False,45880.33342231733,False,False,False,False
2022-04-12 00:00:00+00:00,94.8879751127,96.5197879717,94.6742853336,94.9851068305,48934,,,,,,,,,,,,,,,,,,,,,,,,,,,,,,,,,,,,,#000000,,100.29184945319125,,35.18524587160577,-10.069404297226214,False,True,False,True,False,0.0,0.0,0.0,0.0,0.0,0,0.9542230212760043,0.9563247929990218,False,False,False,False,-0.2030341056053486,-0.18010481220136224,False,False,False,False,-107727,-51372.7013333223,False,False,False,False,46000.08505281469,False,False,False,False
2022-04-13 00:00:00+00:00,96.2963850207,96.7140514073,95.0822385483,95.2085097814,37560,,,,,,,,,,,,,,,,,,,,,,,,,,,,,,,,,,,,,#000000,,100.16727488035721,,37.067375239779956,-10.069404297226214,False,True,False,True,False,0.0,0.0,0.0,0.0,0.0,0,0.9581165646431752,0.9577841620636302,False,False,False,False,-0.18449775756769066,-0.18230128488452646,False,False,False,False,-70167,-52109.73265358417,False,False,False,False,45669.10132525333,False,False,False,False
2022-04-14 00:00:00+00:00,95.1210912354,96.1959508245,94.9851068305,95.9952766956,23073,,,,,,,,,,,,,,,,,,,,,,,,,,,,,,,,,,,,,#000000,,100.08347367874168,,37.12096262143328,-10.069404297226214,False,True,False,True,False,0.0,0.0,0.0,0.0,0.0,0,0.9533916303367739,0.9560231711241431,False,False,False,False,-0.20343620900253429,-0.19286874694353037,False,False,False,False,-93240,-53722.68431422793,False,False,False,False,44782.97970465516,False,False,False,False
2022-04-18 00:00:00+00:00,94.965680487,96.0826952416,94.785986809,94.8394092538,36406,,,,,,,,,,,,,,,,,,,,,,,,,,,,,,,,,,,,,#000000,,99.95342633843302,,36.99941052645923,-10.069404297226214,False,True,False,True,False,0.0,0.0,0.0,0.0,0.0,0,0.9623581428190932,0.9512089791903149,False,False,False,False,-0.2131064986848452,-0.2029876228141878,False,False,False,False,-129646,-56700.06924308174,False,False,False,False,44454.47069662947,False,False,False,False
2022-04-19 00:00:00+00:00,96.4323694256,96.6654855484,95.4804785913,95.4804785913,30616,,,,,,,,,,,,,,,,,,,,,,,,,,,,,,,,,,,,,#000000,,99.87183299631981,,39.36957426249712,-10.069404297226214,False,True,False,True,True,0.0,0.0,0.0,0.0,0.0,0,0.9886161301061669,0.9438961041841245,False,False,False,False,-0.29170582739596307,-0.24734672510507544,False,False,False,False,-99030,-58360.06652766678,False,False,False,False,43911.78557127145,False,False,False,False
2022-04-20 00:00:00+00:00,98.5692672171,99.3851736466,97.0248729042,97.0248729042,46031,,,,,,,,,,,,,,,,,,,,,,,,,,,,,,,,,,,,,#000000,3.4563635072837733,99.82964888283888,-0.36465541401614987,43.87601165806159,-10.55698803472913,False,True,False,True,True,0.0,0.0,0.0,0.0,0.0,0,0.9521535485087153,0.9537187010483871,False,False,False,False,-0.12987505411351344,-0.18861088960929445,False,False,False,False,-52999,-58149.82862462103,False,False,False,False,43994.892019456885,False,False,False,False
2022-04-21 00:00:00+00:00,98.2390193766,99.7542741742,97.2774153705,99.6280029411,43771,,,,,,,,,,,,,,,,,,,,,,,,,,,,,,,,,,,,,#000000,3.4120675695085443,99.56629581200572,-0.38899476882191264,46.421784902741095,-8.24095140030758,False,False,False,False,True,0.0,0.0,0.0,0.0,0.0,1,0.9284643241389118,0.9772189421294332,False,False,False,False,-0.10702464487566575,-0.1478177672424801,False,False,False,False,-96770,-59664.345149145694,False,False,False,False,43986.1119402625,False,False,False,False
2022-04-22 00:00:00+00:00,95.8981449778,97.7099429098,95.8981449778,97.7099429098,39542,,,,,,,,,,,,,,,,,,,,,,,,,,,,,,,,,,,,,"rgba(239, 83, 80, 1.0)",3.395714043707775,99.3452402832902,-1.0151312098489647,45.22393549243985,-8.24095140030758,False,False,False,True,True,0.0,0.0,0.0,0.0,0.0,1,0.8826937512811591,1.0089323859844224,False,False,False,False,-0.23493766377346248,-0.19137771550797128,False,False,False,False,-136312,-62670.13553545371,False,False,False,False,43811.83304064436,False,False,False,False
2022-04-25 00:00:00+00:00,95.975850352,96.2186796465,93.4164295882,95.0822385483,50390,,,,,,,,,,,,,,,,,,,,,,,,,,,,,,,,,,,,,"rgba(239, 83, 80, 0.5)",3.398042570454971,99.08106572567793,-0.9138247415370585,44.541973750497746,-8.24095140030758,False,True,False,True,True,0.0,0.0,0.0,0.0,0.0,1,0.8729628819583478,1.0141381976759714,False,False,False,False,-0.34282825441539394,-0.2671029849616826,False,False,False,False,-85922,-63581.97335759278,False,False,False,False,44069.80037238379,False,False,False,False
2022-04-26 00:00:00+00:00,91.0512722599,94.9268277998,91.0318459163,94.9268277998,55619,,,,,,,,,,,,,,,,,,,,,,,,,,,,,,,,,,,,,"rgba(255, 26, 202, 1.0)",3.4695916232581125,98.66236180512244,-2.1936557300294792,39.78383283776178,-5.137090823807462,False,True,False,True,False,0.0,0.0,0.0,0.0,0.0,1,0.8464579670677922,1.0124894439387973,False,False,False,False,-0.34282825441539394,-0.3049656196885383,False,False,False,False,-141541,-66639.19008866759,False,False,False,False,44522.710161702074,False,False,False,False
2022-04-27 00:00:00+00:00,92.673371947,92.9162012415,90.8181561372,91.8088996587,122417,,,,,,,,,,,,,,,,,,,,,,,,,,,,,,,,,,,,,"rgba(255, 0, 0, 1.0)",3.486175701970036,98.03143144604877,-1.5369447661576343,38.883813605067346,-5.913866868454619,False,True,False,True,False,0.0,0.0,0.0,0.0,0.0,0,0.8431380003083746,1.0300062007809156,False,False,False,False,-0.34282825441539394,-0.3238969370519661,False,False,False,False,-19124,-64775.8493008767,False,False,False,False,47577.3881945765,False,False,False,False
2022-04-28 00:00:00+00:00,94.0040764808,94.480021898,91.9545972354,94.0623555115,58487,,,,,,,,,,,,,,,,,,,,,,,,,,,,,,,,,,,,,"rgba(239, 83, 80, 1.0)",3.519151876310977,97.87397784577445,-1.0996687557091613,39.983747835919516,-5.913866868454619,False,True,False,True,False,0.0,0.0,0.0,0.0,0.0,1,0.8378841371754865,1.0341091418460813,False,False,False,False,-0.2657642257463057,-0.29483058139913587,False,False,False,False,39363,-60691.97285770507,False,False,False,False,48005.21610851468,False,False,False,False
2022-04-29 00:00:00+00:00,91.3426674133,93.8098130452,91.1095512906,93.3824334869,38602,,,,,,,,,,,,,,,,,,,,,,,,,,,,,,,,,,,,,"rgba(255, 0, 0, 1.0)",3.604079914537122,97.73086809566259,-1.7724914080277898,38.589028307861724,-6.182371318351102,False,True,False,True,False,0.0,0.0,0.0,0.0,0.0,0,0.8378566626254672,1.0334653518206038,False,False,False,False,-0.30857452026762466,-0.30170255083338027,False,False,False,False,761,-58282.05235348134,False,False,False,False,47636.462535631756,False,False,False,False
2022-05-02 00:00:00+00:00,91.9643104071,93.0570422323,90.1188077691,91.9934499225,38255,,,,,,,,,,,,,,,,,,,,,,,,,,,,,,,,,,,,,"rgba(255, 0, 0, 1.0)",3.6796001926412707,97.58718763071226,-1.528121787485852,38.46019667435067,-6.450189916476674,False,True,False,True,False,0.0,0.0,0.0,0.0,0.0,0,0.8331666216252864,1.0358161018794176,False,False,False,False,-0.34282825441539394,-0.3222654026243871,False,False,False,False,39016,-54466.44245726639,False,False,False,False,47268.56204403835,False,False,False,False
2022-05-03 00:00:00+00:00,92.1682870145,92.8870617262,90.9444273703,91.6534889102,30223,,,,,,,,,,,,,,,,,,,,,,,,,,,,,,,,,,,,,"rgba(239, 83, 80, 1.0)",3.7150290072932024,97.48738244968831,-1.431777632084722,38.64888296811968,-6.483676640575133,False,True,False,True,False,0.0,0.0,0.0,0.0,0.0,0,0.8422040228376133,1.040148433585638,False,False,False,False,-0.32419357101050167,-0.32322948681744434,False,False,False,False,69239,-49615.24863541281,False,False,False,False,46600.10863054665,False,False,False,False
2022-05-04 00:00:00+00:00,95.1502307508,95.2473624686,91.8186128304,91.8186128304,32485,,,,,,,,,,,,,,,,,,,,,,,,,,,,,,,,,,,,,"rgba(239, 83, 80, 0.5)",3.688253601002612,97.43697002769842,-0.6200059768874869,42.36223953330441,-6.483676640575133,False,True,False,True,True,0.0,0.0,0.0,0.0,0.0,0,0.8568631394445039,1.018328575212479,False,False,False,False,-0.23511538096616735,-0.27917243389180585,False,False,False,False,101724,-43680.376139906424,False,False,False,False,46046.57495876051,False,False,False,False
2022-05-05 00:00:00+00:00,91.6923415973,94.5285877569,90.9929932292,94.5285877569,29181,,,,,,,,,,,,,,,,,,,,,,,,,,,,,,,,,,,,,"rgba(255, 0, 0, 1.0)",3.7474713848263232,97.35664593755955,-1.5115003581333712,41.78778780538654,-6.483676640575133,False,True,False,True,True,0.0,0.0,0.0,0.0,0.0,1,0.8482688275726118,1.0203183441826333,False,False,False,False,-0.2771108991316338,-0.2781416665117198,False,False,False,False,72543,-39122.59668343951,False,False,False,False,45385.179862338526,False,False,False,False
2022-05-06 00:00:00+00:00,92.4208294808,94.4411692109,91.2892449685,94.4411692109,69402,,,,,,,,,,,,,,,,,,,,,,,,,,,,,,,,,,,,,"rgba(239, 83, 80, 1.0)",3.806996076267372,97.19295200251302,-1.2535139060064204,42.21310224358902,-6.483676640575133,False,True,False,True,True,0.0,0.0,0.0,0.0,0.0,0,0.8651053302907115,1.003875594930364,False,False,False,False,-0.27137931772595725,-0.2747604921188385,False,False,False,False,141945,-32021.906617422275,False,False,False,False,46327.015946168394,False,False,False,False
2022-05-09 00:00:00+00:00,93.9166579348,94.7811302232,92.7122246341,93.5864100943,61918,,,,,,,,,,,,,,,,,,,,,,,,,,,,,,,,,,,,,"rgba(239, 83, 80, 0.5)",3.8489833351615523,97.10188578126741,-0.8275504384156342,44.09979586557115,-10.487627162088756,False,True,False,True,True,0.0,0.0,0.0,0.0,0.0,0,0.8568742171354056,1.0143694337385463,False,False,False,False,-0.2236422386524073,-0.2492013653856229,False,False,False,False,203863,-22771.518122621404,False,False,False,False,46938.42708553434,False,False,False,False
2022-05-10 00:00:00+00:00,90.1867999715,94.5797416269,89.923807899,94.5797416269,38333,,,,,,,,,,,,,,,,,,,,,,,,,,,,,,,,,,,,,"rgba(255, 0, 0, 1.0)",3.9770702942167864,96.993703300836,-1.7115370928279026,42.355811022765295,-10.487627162088756,False,True,False,True,True,0.0,0.0,0.0,0.0,0.0,0,0.8378518416493619,1.0171912902885984,False,False,False,False,-0.30531526224851396,-0.27725831381706845,False,False,False,False,165530,-15387.144862910762,False,False,False,False,46600.959356689855,False,False,False,False
2022-05-11 00:00:00+00:00,87.965978026,91.0098677539,87.8198713191,89.4562664368,51959,,,,,,,,,,,,,,,,,,,,,,,,,,,,,,,,,,,,,"rgba(255, 0, 0, 1.0)",4.163957336378759,95.65234481555503,-1.845928324577786,39.772027571315235,-10.487627162088756,False,True,False,True,False,0.0,0.0,0.0,0.0,0.0,0,0.8434502286644766,1.0369590132298274,False,False,False,False,-0.34282825441539394,-0.31004328411623117,False,False,False,False,113571,-10329.962711424065,False,False,False,False,46811.07859760398,False,False,False,False
2022-05-12 00:00:00+00:00,89.4075642012,90.0991359473,88.1120847329,88.4724812767,36136,,,,,,,,,,,,,,,,,,,,,,,,,,,,,,,,,,,,,"rgba(239, 83, 80, 1.0)",4.2949567168025204,95.54900157856072,-1.4299183396504287,39.63279971321859,-10.487627162088756,False,True,False,True,False,0.0,0.0,0.0,0.0,0.0,0,0.8357651039651485,1.0650677293537874,False,False,False,False,-0.34282825441539394,-0.3264357692658125,False,False,False,False,149707,-4054.003389407434,False,False,False,False,46392.4480643646,False,False,False,False
2022-05-13 00:00:00+00:00,88.4822217239,90.0796550531,87.8393522133,89.3491215184,37909,,,,,,,,,,,,,,,,,,,,,,,,,,,,,,,,,,,,,"rgba(255, 0, 0, 1.0)",4.441071266761769,95.4113621330631,-1.560240760156843,38.900039466395306,-6.669997634985691,False,True,False,True,False,0.0,0.0,0.0,0.0,0.0,0,0.8155031048076923,1.065674391752731,False,False,False,False,-0.34282825441539394,-0.3346320118406032,False,False,False,False,111798,489.21242978501414,False,False,False,False,46059.76382654638,False,False,False,False
2022-05-16 00:00:00+00:00,89.397823754,90.2452426543,88.1510465215,88.5601453009,72452,,,,,,,,,,,,,,,,,,,,,,,,,,,,,,,,,,,,,"rgba(239, 83, 80, 1.0)",4.549350835496583,95.21483997606636,-1.2786475328916687,39.46303745460552,-6.669997634985691,False,True,False,True,False,0.0,0.0,0.0,0.0,0.0,0,0.8265219481409481,1.060859248899448,False,False,False,False,-0.33152488777552075,-0.333078449808062,False,False,False,False,184250,7695.517824695406,False,False,False,False,47094.75348040731,False,False,False,False
2022-05-17 00:00:00+00:00,91.9887826905,92.3686601285,90.5764178567,91.1218828959,75062,,,,,,,,,,,,,,,,,,,,,,,,,,,,,,,,,,,,,"rgba(239, 83, 80, 0.5)",4.597677852295943,95.19250818762184,-0.6968138264672007,42.524810388655325,-6.669997634985691,False,True,False,True,True,0.0,0.0,0.0,0.0,0.0,1,0.8389471118946769,1.044489305710814,False,False,False,False,-0.2273777145119206,-0.2802280821599913,False,False,False,False,259312,17562.83085117794,False,False,False,False,48191.50824588153,False,False,False,False
2022-05-18 00:00:00+00:00,90.751745905,93.1430256753,90.4984942797,91.1024020017,76923,,,,,,,,,,,,,,,,,,,,,,,,,,,,,,,,,,,,,"rgba(239, 83, 80, 0.5)",4.673132369461162,95.12182590368816,-0.935150056361885,43.487529162696006,-10.794650304006666,False,False,False,True,True,0.0,0.0,0.0,0.0,0.0,1,0.8394354495463316,1.0320031878237745,False,False,False,False,-0.2119023492353067,-0.246065215697649,False,False,False,False,182389,24026.602190347432,False,False,False,False,49318.233412709706,False,False,False,False
2022-05-19 00:00:00+00:00,89.6608158265,91.1121424488,89.5049686724,89.9140674519,65608,,,,,,,,,,,,,,,,,,,,,,,,,,,,,,,,,,,,,"rgba(239, 83, 80, 1.0)",4.768619248958412,94.98497943389621,-1.116500045282321,43.211913778308045,-10.794650304006666,False,False,False,True,True,0.0,0.0,0.0,0.0,0.0,1,0.8295832663933808,1.0579029820393464,False,False,False,False,-0.2799396145879097,-0.26300241514277933,False,False,False,False,116781,27664.02955543185,False,False,False,False,49957.04778868188,False,False,False,False
2022-05-20 00:00:00+00:00,89.1640530229,90.9270739533,88.1607869686,90.9270739533,53985,,,,,,,,,,,,,,,,,,,,,,,,,,,,,,,,,,,,,"rgba(239, 83, 80, 1.0)",4.871696642702997,94.85313173604992,-1.1677818079397901,42.60920589988616,-10.794650304006666,False,True,False,True,True,0.0,0.0,0.0,0.0,0.0,1,0.8305463341107349,1.0463042590623408,False,False,False,False,-0.31528955828084576,-0.2891459867118126,False,False,False,False,62796,29041.75388659139,False,False,False,False,50115.00669892965,False,False,False,False
2022-05-23 00:00:00+00:00,89.7289989564,90.5764178567,89.095869893,90.5764178567,49537,,,,,,,,,,,,,,,,,,,,,,,,,,,,,,,,,,,,,"rgba(239, 83, 80, 1.0)",4.945150085969438,94.75192892312843,-1.0157285177207602,42.901705710130436,-10.794650304006666,False,False,False,True,True,0.0,0.0,0.0,0.0,0.0,1,0.8357577059979358,1.0556593190836037,False,False,False,False,-0.30169422117509936,-0.29542010394345597,False,False,False,False,112333,32308.077263587806,False,False,False,False,50092.339769559854,False,False,False,False
2022-05-24 00:00:00+00:00,90.3426471256,90.4205707026,88.414038594,89.543930461,46325,,,,,,,,,,,,,,,,,,,,,,,,,,,,,,,,,,,,,"rgba(239, 83, 80, 0.5)",5.016584990026757,94.65940264556426,-0.8604968376985946,43.86419445745376,-9.824455634246299,False,False,False,True,True,0.0,0.0,0.0,0.0,0.0,1,0.8339027419523173,1.0473441783159698,False,False,False,False,-0.32121582510812496,-0.30831796452579047,False,False,False,False,158658,37262.9761944275,False,False,False,False,49944.60095506731,False,False,False,False
2022-05-25 00:00:00+00:00,90.0017314761,91.4140963098,90.0017314761,90.22576176,58308,,,,,,,,,,,,,,,,,,,,,,,,,,,,,,,,,,,,,"rgba(239, 83, 80, 0.5)",5.095939462505556,94.57444599494556,-0.897325125718283,44.13506719911444,-9.365481004920817,False,False,False,True,True,0.0,0.0,0.0,0.0,0.0,1,0.8495532680543282,1.0433610891840281,False,False,False,False,-0.2617492131844648,-0.28503358885512764,False,False,False,False,100350,39736.977127979364,False,False,False,False,50272.57738820193,False,False,False,False
2022-05-26 00:00:00+00:00,91.3069513914,92.4758050469,90.0309528174,91.1413637902,37735,,,,,,,,,,,,,,,,,,,,,,,,,,,,,,,,,,,,,"rgba(239, 83, 80, 0.5)",5.120851490099775,94.5384408374309,-0.6310453353858011,46.02721840816123,-7.403145302304154,True,False,False,False,True,0.0,0.0,0.0,0.0,0.0,1,0.8430209719620319,1.04071357940347,False,False,False,False,-0.2371721915198109,-0.26110289018746924,False,False,False,False,138085,43593.76233864684,False,False,False,False,49780.90768670382,False,False,False,False
2022-05-27 00:00:00+00:00,92.4758050469,92.6803544366,91.1705851316,91.1705851316,44872,,,,,,,,,,,,,,,,,,,,,,,,,,,,,,,,,,,,,#000000,5.106589219709645,94.51671509940604,-0.39966207672017906,48.690063541205674,-4.818176817854749,True,False,False,False,True,0.0,0.0,0.0,0.0,0.0,1,0.8493298740875717,1.0396733228011732,False,False,False,False,-0.20726872767708845,-0.23418580893227886,False,False,False,False,182957,49058.98734497442,False,False,False,False,49588.40150291151,False,False,False,False
2022-05-31 00:00:00+00:00,90.6835627751,92.8313313672,89.8653652162,91.5115007811,58914,,,,,,,,,,,,,,,,,,,,,,,,,,,,,,,,,,,,,"rgba(239, 83, 80, 0.5)",5.143351407333131,94.456119385181,-0.7334821814240179,48.23626778336629,-4.818176817854749,True,False,False,False,True,0.0,0.0,0.0,0.0,0.0,1,0.8375169761931165,1.0436785710496217,False,False,False,False,-0.23292253702292157,-0.23355417297760023,False,False,False,False,124043,51999.53686085778,False,False,False,False,49954.11124789537,False,False,False,False
2022-06-01 00:00:00+00:00,90.9173335062,91.4433176512,89.1640530229,90.7907076935,50647,,,,,,,,,,,,,,,,,,,,,,,,,,,,,,,,,,,,,"rgba(239, 83, 80, 0.5)",5.16988364370878,94.38926306962783,-0.6715682213956244,48.24015126897184,-4.818176817854749,True,False,False,False,True,0.0,0.0,0.0,0.0,0.0,1,0.8241367047286796,1.065585199945145,False,False,False,False,-0.27705843613588954,-0.25530630455674486,False,False,False,False,174690,56810.92757219669,False,False,False,False,49981.28335582105,False,False,False,False
2022-06-02 00:00:00+00:00,92.8849038264,92.9043847206,91.1803255787,91.4140963098,37685,,,,,,,,,,,,,,,,,,,,,,,,,,,,,,,,,,,,,#000000,5.150452086700428,94.37499314063292,-0.2893123339756229,50.642378394597614,-2.7951468542828763,True,False,False,False,True,0.0,0.0,0.0,0.0,0.0,1,0.8448279065365643,1.0468698973105035,False,False,False,False,-0.1713672765585414,-0.21333679055764312,False,False,False,False,212375,62911.47943211055,False,False,False,False,49499.07616539669,False,False,False,False
2022-06-03 00:00:00+00:00,91.7452715122,92.2322938687,90.9855166361,92.2322938687,26120,,,,,,,,,,,,,,,,,,,,,,,,,,,,,,,,,,,,,"rgba(239, 83, 80, 0.5)",5.128128455515929,94.35629205472631,-0.5091566182820231,50.739188080711706,-2.6356877765632376,True,False,False,False,True,0.0,0.0,0.0,0.0,0.0,1,0.8547645905813637,1.0300694026762505,False,False,False,False,-0.18429854123216216,-0.19881766589490263,False,False,False,False,186255,67748.48023869445,False,False,False,False,48582.24964910663,False,False,False,False
2022-06-06 00:00:00+00:00,93.4303688656,93.4303688656,92.1884618566,92.709575778,43316,,,,,,,,,,,,,,,,,,,,,,,,,,,,,,,,,,,,,#000000,5.074956847997092,94.18639405876348,-0.1489717480971011,52.716239815783624,-0.6861372792080473,True,False,True,False,True,0.0,0.0,0.0,0.0,0.0,0,0.8642727405311355,1.0023816262167287,False,False,False,False,-0.11580094071152187,-0.15730930330321224,False,False,False,False,229571,74094.46140580447,False,False,False,False,48375.73005502401,False,False,False,False
2022-06-07 00:00:00+00:00,92.7777589079,93.3232239472,91.4920198869,92.407621917,40837,,,,,,,,,,,,,,,,,,,,,,,,,,,,,,,,,,,,,#000000,5.044480690726255,94.14573518830575,-0.2711827766375706,53.137924318816125,-0.2241807583151001,True,False,True,False,True,0.0,0.0,0.0,0.0,0.0,0,0.8585889776920476,1.0057614859133488,False,False,False,False,-0.13695294435039349,-0.14713112382680288,False,False,False,False,188734,78590.129585969,False,False,False,False,48080.09358227797,False,False,False,False
2022-06-08 00:00:00+00:00,92.7777589079,93.1381554517,91.4481878748,92.2030725273,42849,,,,,,,,,,,,,,,,,,,,,,,,,,,,,,,,,,,,,#000000,5.01379308638652,94.11854279882446,-0.26741907131448533,53.41904732083779,0.15487381363927,True,False,True,False,True,0.0,0.0,0.0,0.0,0.0,0,0.8718003599416696,1.0020820885739448,False,False,False,False,-0.1435162079265635,-0.1453236658766832,False,False,False,False,188734,82909.4970531859,False,False,False,False,47874.952657482754,False,False,False,False
2022-06-09 00:00:00+00:00,92.1446298445,93.0699723218,91.7550119594,92.2128129744,26603,,,,,,,,,,,,,,,,,,,,,,,,,,,,,,,,,,,,,#000000,4.9794133359562815,94.10119282477274,-0.3929304213700074,52.65706568633142,0.15487381363927,True,False,True,False,True,0.0,0.0,0.0,0.0,0.0,1,0.866934925496726,1.015002781249591,False,False,False,False,-0.12507918756231828,-0.13520142671950075,False,False,False,False,162131,86016.22265894331,False,False,False,False,47040.758435620686,False,False,False,False
2022-06-10 00:00:00+00:00,89.8264034277,91.3069513914,89.8069225335,91.0439593189,38389,,,,,,,,,,,,,,,,,,,,,,,,,,,,,,,,,,,,,"rgba(239, 83, 80, 0.5)",4.997048193610349,94.00017323842998,-0.8352470596675287,49.16178935364114,2.4679293165121763,True,False,False,False,False,0.0,0.0,0.0,0.0,0.0,1,0.8605910870021778,1.0211093088074301,False,False,False,False,-0.2244231839688654,-0.17981230534418308,False,False,False,False,123742,87495.6649076122,False,False,False,False,46701.47379108654,False,False,False,False
2022-06-13 00:00:00+00:00,87.2354444913,87.9951993674,86.7679030291,87.9951993674,34316,,,,,,,,,,,,,,,,,,,,,,,,,,,,,,,,,,,,,"rgba(239, 83, 80, 1.0)",5.057255305250102,93.83264810397696,-1.304502781544011,44.33963243803474,-1.9489770862644988,False,False,False,True,False,0.0,0.0,0.0,0.0,0.0,1,0.8674198830203167,1.017926032786549,False,False,False,False,-0.34282825441539394,-0.2613202798797885,False,False,False,False,89426,87571.36432299996,False,False,False,False,46215.76893653412,False,False,False,False
2022-06-14 00:00:00+00:00,86.612055875,87.4107725396,86.1737357542,87.4107725396,33779,,,,,,,,,,,,,,,,,,,,,,,,,,,,,,,,,,,,,"rgba(239, 83, 80, 1.0)",5.096827449328671,93.67631537015194,-1.3860111148323087,40.60656715064163,-5.192623812345893,False,True,False,True,False,0.0,0.0,0.0,0.0,0.0,0,0.863574155655614,1.0288022936030348,False,False,False,False,-0.34282825441539394,-0.3020742671475912,False,False,False,False,55647,86319.42846719605,False,False,False,False,45728.05250765043,False,False,False,False
2022-06-15 00:00:00+00:00,87.8101308719,88.6283284308,86.7386816877,87.7127264006,35208,,,,,,,,,,,,,,,,,,,,,,,,,,,,,,,,,,,,,"rgba(239, 83, 80, 1.0)",5.108685266375871,93.56182268254315,-1.1258653666725946,40.04660158790272,-5.482740717195995,False,True,False,True,False,0.0,0.0,0.0,0.0,0.0,0,0.8612706178785403,1.0161388591626297,False,False,False,False,-0.28791788307972,-0.2949960751136556,False,False,False,False,90855,86497.29401750209,False,False,False,False,45315.501428919044,False,False,False,False
2022-06-16 00:00:00+00:00,82.5600298692,85.9886672587,81.7807940988,85.9886672587,47597,,,,,,,,,,,,,,,,,,,,,,,,,,,,,,,,,,,,,"rgba(255, 26, 202, 1.0)",5.295460775763861,93.27910811854842,-2.02420123635081,35.85372448876892,-9.263001426059787,False,True,False,True,False,0.0,0.0,0.0,0.0,0.0,0,0.8279188391975335,1.0305384218785176,False,False,False,False,-0.34282825441539394,-0.3189121647645248,False,False,False,False,43258,84801.63542858044,False,False,False,False,45404.9719611183,False,False,False,False
2022-06-17 00:00:00+00:00,82.024305277,83.7678453132,81.8294963344,83.4561510051,125714,,,,,,,,,,,,,,,,,,,,,,,,,,,,,,,,,,,,,"rgba(255, 0, 0, 1.0)",5.419272753727577,92.61373429371272,-1.9540313798431581,32.76562498714415,-11.942866645005296,False,True,False,True,False,0.0,0.0,0.0,0.0,0.0,0,0.8422699144332598,1.0280858914017825,False,False,False,False,-0.34282825441539394,-0.3308702095899594,False,False,False,False,-82456,78242.51247059689,False,False,False,False,48554.3456097019,False,False,False,False
2022-06-21 00:00:00+00:00,82.9009455187,84.1038907392,82.6184725519,83.1347162498,50750,,,,,,,,,,,,,,,,,,,,,,,,,,,,,,,,,,,,,"rgba(255, 0, 0, 1.0)",5.497182388292009,92.40853589440326,-1.7295388262817484,32.03899287809678,-12.472436392211755,False,True,False,True,False,0.0,0.0,0.0,0.0,0.0,0,0.834516434527005,1.022493209528806,False,False,False,False,-0.3165442579232206,-0.32370723375659,False,False,False,False,-31706,73930.80609920094,False,False,False,False,48640.44970343908,False,False,False,False
2022-06-22 00:00:00+00:00,81.196367271,82.6866556818,80.2418034523,81.7905345459,40142,,,,,,,,,,,,,,,,,,,,,,,,,,,,,,,,,,,,,"rgba(255, 0, 0, 1.0)",5.603304563589073,92.2174527564187,-1.9668903163028109,30.49128166710856,-13.906783104608415,False,True,False,True,False,0.0,0.0,0.0,0.0,0.0,0,0.820744065049607,1.037417508395865,False,False,False,False,-0.34282825441539394,-0.33326774408599197,False,False,False,False,-71848,68213.99017374209,False,False,False,False,48307.17716604931,False,False,False,False
2022-06-23 00:00:00+00:00,81.9074199115,82.2678164553,81.2158481653,81.5372829206,31165,,,,,,,,,,,,,,,,,,,,,,,,,,,,,,,,,,,,,"rgba(255, 0, 0, 1.0)",5.713866264916171,92.08386916197813,-1.781009351402352,30.564749127136515,-13.906783104608415,False,True,False,True,False,0.0,0.0,0.0,0.0,0.0,0,0.836912033168527,1.0267004046419346,False,False,False,False,-0.3308174550872223,-0.33204259958660715,False,False,False,False,-40683,63943.51997085024,False,False,False,False,47634.934924243455,False,False,False,False
2022-06-24 00:00:00+00:00,83.0567926728,83.7775857603,81.9074199115,81.9074199115,117811,,,,,,,,,,,,,,,,,,,,,,,,,,,,,,,,,,,,,"rgba(239, 83, 80, 1.0)",5.788956190830224,91.68819457742282,-1.49101178521528,32.34838110800555,-13.906783104608415,False,True,False,True,False,0.0,0.0,0.0,0.0,0.0,0,0.8413549695690875,1.0147117119217919,False,False,False,False,-0.2840535207784617,-0.3080480601825344,False,False,False,False,77128,64460.55840336592,False,False,False,False,50386.93747623391,False,False,False,False
2022-06-27 00:00:00+00:00,84.0113564914,84.4740277301,83.5730363706,83.7288835247,33935,,,,,,,,,,,,,,,,,,,,,,,,,,,,,,,,,,,,,"rgba(239, 83, 80, 1.0)",5.804679043796172,91.60094276280492,-1.3074945598441652,34.90904804414271,-13.906783104608415,False,True,False,True,True,0.0,0.0,0.0,0.0,0.0,0,0.84861289989288,1.0078928326870862,False,False,False,False,-0.2351817866045875,-0.27161492339356097,False,False,False,False,111063,66288.1051326457,False,False,False,False,49741.76345755807,False,False,False,False
2022-06-28 00:00:00+00:00,83.7775857603,85.6234004914,83.4464105579,84.0113564914,33336,,,,,,,,,,,,,,,,,,,,,,,,,,,,,,,,,,,,,"rgba(239, 83, 80, 1.0)",5.822052732386819,91.52182392933906,-1.330155964744109,36.389283278858755,-19.09836699075321,False,True,False,True,True,0.0,0.0,0.0,0.0,0.0,0,0.8502844034451406,0.9948692544104452,False,False,False,False,-0.21437092148725503,-0.242992922440408,False,False,False,False,77727,66736.68924509097,False,False,False,False,49098.40018471265,False,False,False,False
2022-06-29 00:00:00+00:00,81.2061077182,84.0892800685,81.0210392227,84.0892800685,41137,,,,,,,,,,,,,,,,,,,,,,,,,,,,,,,,,,,,,"rgba(255, 0, 0, 1.0)",5.911137872860746,91.38780705688247,-1.7224601350323339,35.13803040977329,-19.09836699075321,False,True,False,True,True,0.0,0.0,0.0,0.0,0.0,0,0.8342916258988988,1.0065309797285331,False,False,False,False,-0.2961380638587288,-0.2695654931495684,False,False,False,False,36590,65554.46613744034,False,False,False,False,48786.188412763135,False,False,False,False
2022-06-30 00:00:00+00:00,82.5795107634,82.6476938933,80.1541394282,80.1541394282,51631,,,,,,,,,,,,,,,,,,,,,,,,,,,,,,,,,,,,,"rgba(239, 83, 80, 1.0)",5.941416012471429,91.2201166654645,-1.4543007734060869,36.34975213771416,-18.991095450828826,False,True,False,True,True,0.0,0.0,0.0,0.0,0.0,0,0.8268770001115495,1.0270635567050883,False,False,False,False,-0.34282825441539394,-0.30619687378248117,False,False,False,False,88221,66443.34981832503,False,False,False,False,48897.749651478305,False,False,False,False
2022-07-01 00:00:00+00:00,82.9106859658,83.7775857603,81.118443694,81.8392367816,42232,,,,,,,,,,,,,,,,,,,,,,,,,,,,,,,,,,,,,"rgba(239, 83, 80, 1.0)",5.956739590012642,91.10298839534353,-1.3752997433829643,37.63915351830707,-17.598567985702594,False,True,False,True,True,0.0,0.0,0.0,0.0,0.0,0,0.8265648949129177,1.0390151348333256,False,False,False,False,-0.2981524464800588,-0.30217466013127,False,False,False,False,130453,68953.53217839071,False,False,False,False,48636.34770436151,False,False,False,False
2022-07-05 00:00:00+00:00,81.9171603586,82.3262591381,80.4337876653,81.722351416,57246,,,,,,,,,,,,,,,,,,,,,,,,,,,,,,,,,,,,,"rgba(255, 0, 0, 1.0)",5.952770569598186,90.92677023225492,-1.513515390576035,37.53025191043246,-17.49943712708501,False,True,False,True,True,0.0,0.0,0.0,0.0,0.0,0,0.8142060260106412,1.0490541473549988,False,False,False,False,-0.34282825441539394,-0.32250145727333196,False,False,False,False,73207,69120.33483806167,False,False,False,False,48973.98112771988,False,False,False,False
2022-07-06 00:00:00+00:00,80.3586888179,81.8197558873,79.9593304856,81.8197558873,26373,,,,,,,,,,,,,,,,,,,,,,,,,,,,,,,,,,,,,"rgba(255, 0, 0, 1.0)",5.966415173767624,90.83961678305255,-1.756654148245291,36.07908612745278,-17.49943712708501,False,True,False,True,True,0.0,0.0,0.0,0.0,0.0,0,0.8245152470517725,1.0401947943587384,False,False,False,False,-0.34282825441539394,-0.33266485584436295,False,False,False,False,46834,68246.36092284357,False,False,False,False,48087.668142319104,False,False,False,False
2022-07-07 00:00:00+00:00,81.342473978,81.9561221471,80.8554516215,81.2645504009,32078,,,,,,,,,,,,,,,,,,,,,,,,,,,,,,,,,,,,,"rgba(255, 0, 0, 1.0)",5.917712782330614,90.74459526278537,-1.5888100066057047,36.703461627918664,-17.49943712708501,False,True,False,True,True,0.0,0.0,0.0,0.0,0.0,0,0.8464819177604136,1.0231131191477085,False,False,False,False,-0.31336963919725536,-0.3230172475208092,False,False,False,False,78912,68664.62127881047,False,False,False,False,47459.83801909091,False,False,False,False
2022-07-08 00:00:00+00:00,79.84244512,81.2742908481,79.7742619901,80.9041538572,25143,,,,,,,,,,,,,,,,,,,,,,,,,,,,,,,,,,,,,"rgba(255, 0, 0, 1.0)",5.90080998930088,90.66133721870499,-1.8334588163864602,35.765673323673724,-17.49943712708501,False,True,False,True,True,0.0,0.0,0.0,0.0,0.0,0,0.8614281728425226,1.0269118626094187,False,False,False,False,-0.34282825441539394,-0.33292275096810153,False,False,False,False,53769,68080.47926787673,False,False,False,False,46584.66790069519,False,False,False,False
2022-07-11 00:00:00+00:00,79.8716664614,80.256414123,79.5891934947,79.5891934947,47674,,,,,,,,,,,,,,,,,,,,,,,,,,,,,,,,,,,,,"rgba(255, 0, 0, 1.0)",5.899899647874621,90.50111784291663,-1.8016325727414335,35.19090761340729,-17.49943712708501,False,True,False,True,True,0.0,0.0,0.0,0.0,0.0,0,0.8599747518723408,1.0187367241933207,False,False,False,False,-0.34282825441539394,-0.3378755026917477,False,False,False,False,101443,69388.8134142345,False,False,False,False,46627.38680655028,False,False,False,False
2022-07-12 00:00:00+00:00,79.384644105,81.118443694,79.2044458331,80.0177731684,57677,,,,,,,,,,,,,,,,,,,,,,,,,,,,,,,,,,,,,"rgba(255, 0, 0, 1.0)",5.946305948957052,90.31518580766195,-1.8382070812516962,34.35086011719295,-17.49943712708501,False,True,False,True,False,0.0,0.0,0.0,0.0,0.0,0,0.8461365518658821,1.024879388766498,False,False,False,False,-0.33009534670949064,-0.3339854247006192,False,False,False,False,43766,68383.99720191157,False,False,False,False,47060.70497099929,False,False,False,False
2022-07-13 00:00:00+00:00,78.7320341473,79.4187356699,77.7872107757,78.4982634162,28445,,,,,,,,,,,,,,,,,,,,,,,,,,,,,,,,,,,,,"rgba(255, 0, 0, 1.0)",6.005182225914201,90.21366632667218,-1.9119540003008442,33.18072414486814,-17.49943712708501,False,True,False,True,False,0.0,0.0,0.0,0.0,0.0,1,0.8411539484099754,1.035808236414297,False,False,False,False,-0.34282825441539394,-0.33840683955800654,False,False,False,False,15321,66303.09535085621,False,False,False,False,46330.677325077755,False,False,False,False
2022-07-14 00:00:00+00:00,78.0209815068,78.1476073195,76.9690132169,77.4462951262,24806,,,,,,,,,,,,,,,,,,,,,,,,,,,,,,77.71253401439999,,,,,,77.71253401439999,"rgba(255, 0, 0, 1.0)",6.051336510890426,88.74026463865461,-1.7713910162760584,31.753813755726853,-14.407983784432389,False,True,False,True,False,0.0,0.0,0.0,0.0,0.0,0,0.8358884407457778,1.035597223670293,False,False,False,False,-0.34282825441539394,-0.3406175469867002,False,False,False,False,-9485,63331.0131802344,True,False,False,False,45486.57233193745,False,False,False,False
2022-07-15 00:00:00+00:00,79.7255597545,80.212582111,79.0437284554,79.6086743889,49295,,,,,,,,,,,,,,,,,,,,,,,,,,,,,,79.00848235854839,,,,,,79.00848235854839,"rgba(239, 83, 80, 1.0)",6.08350573739324,88.75084391809932,-1.4835663108072656,34.17519814267176,-14.407983784432389,False,True,False,True,True,0.0,0.0,0.0,0.0,0.0,0,0.8382339164816465,1.0226559888207822,False,False,False,False,-0.2507381242551976,-0.2956778356209489,False,False,False,False,39810,62408.62050649972,False,False,False,False,45635.92243656735,False,False,False,False
2022-07-18 00:00:00+00:00,80.4950550777,80.6509022318,79.5307508119,80.6509022318,110892,,,,,,,,,,,,,,,,,,,,,,,,,,,,,,79.73805165736123,,,,,,79.73805165736123,"rgba(239, 83, 80, 1.0)",6.045063931169011,88.56656631505474,-1.3352234698027172,37.13108388797322,-16.896357835337852,False,True,False,True,True,0.0,0.0,0.0,0.0,0.0,0,0.8314193261743278,1.0403442020944675,False,False,False,False,-0.2307598627691062,-0.2632188491950276,False,False,False,False,150702,65871.10597683307,False,False,False,False,48194.98430180001,False,False,False,False
2022-07-19 00:00:00+00:00,84.3327912467,84.732149579,81.6249469447,81.6249469447,75238,,,,,,,,,,,,,,,,,,,,,,,,,,,,,,80.8440064747859,,,,,,80.8440064747859,"rgba(239, 83, 80, 0.5)",5.969623815113315,88.59165108928899,-0.7134218125783439,44.14870165099164,-10.462445915573333,True,False,False,True,True,0.0,0.0,0.0,0.0,0.0,0,0.8531303677696983,1.0102319922222738,False,False,False,False,-0.10120694348362994,-0.18221289633932874,False,False,False,False,225940,72148.31750715335,False,False,False,False,49255.494721337265,False,False,False,False
2022-07-20 00:00:00+00:00,86.2516593312,86.9529715245,84.3814934824,84.508119295,47084,,,,,,,,,,,,,,,,,,,,,,,,,,,,,,81.61282400268469,,,,,,81.61282400268469,#000000,5.91510954076411,88.64800199585049,-0.40512228017689966,50.60510549801512,-4.821339570101323,True,False,True,False,True,0.0,0.0,0.0,0.0,0.0,0,0.8741218506548135,0.9890785286789876,False,False,False,False,0.0006008932420905099,-0.09080600154861912,False,False,False,False,273024,80025.79525197086,False,False,False,False,49170.33806559855,False,False,False,False
2022-07-21 00:00:00+00:00,87.2549253855,87.2549253855,85.3457977482,86.5438727451,37604,,,,,,,,,,,,,,,,,,,,,,,,,,,,,,82.15856170296131,,,,,,82.15856170296131,#000000,5.7912479509579775,88.69347052841447,-0.2483998535542762,55.74053308315226,-0.5293085190220168,True,False,True,False,True,0.0,0.0,0.0,0.0,0.0,0,0.8720979366207372,0.9920093098206682,False,False,False,False,0.0483547501352691,-0.021225625706675008,False,False,False,False,310628,89069.01896757985,False,False,False,False,48716.75618067312,False,False,False,False
2022-07-22 00:00:00+00:00,87.4302534339,88.1997487571,86.5243918508,87.1477804671,47486,,,,,,,,,,,,,,,,,,,,,,,,,,,,,,82.79100282237319,,,,,,82.79100282237319,#000000,5.678454339988222,88.75440682664915,-0.23318905347610586,59.31107677014634,2.332160089909472,True,False,True,False,True,0.0,0.0,0.0,0.0,0.0,0,0.9053822277735037,0.9811487763881132,False,False,False,False,0.0945438207449192,0.036659097519122094,False,False,False,False,358114,99619.80253747868,False,False,False,False,48668.49123241143,False,False,False,False
2022-07-25 00:00:00+00:00,87.9757184731,87.9757184731,86.9919333131,87.1088186786,39532,,,,,,,,,,,,,,,,,,,,,,,,,,,,,,83.23550865105382,,,,,,83.23550865105382,#000000,5.5994231188059524,88.79854038540797,-0.14694762207636758,62.16663995324953,4.651205222439387,True,False,True,False,True,0.0,0.0,0.0,0.0,0.0,0,0.9277722754479567,0.9490483016554734,False,False,False,False,0.09986281473701701,0.06826095612806955,False,False,False,False,397646,111307.10439875402,False,False,False,False,48310.19745859137,False,False,False,False
2022-07-26 00:00:00+00:00,90.3036853371,90.3523875727,88.267931887,88.267931887,62918,,,,,,,,,,,,,,,,,,,,,,,,,,,,,,84.04997304559636,,,,,,84.04997304559636,#000000,5.508801407907241,88.91281964350021,0.252480637912154,65.85117565532124,7.864876378962855,True,False,True,False,True,0.0,0.0,0.0,0.0,0.0,0,0.9358584151662324,0.922228903955878,False,False,False,False,0.180502899565584,0.12438192784682678,False,False,False,False,460564,125003.4532458617,False,False,False,False,48883.05246021524,False,False,False,False
2022-07-27 00:00:00+00:00,92.5439881768,93.4985519955,90.1186168416,90.1186168416,58773,,,,,,,,,,,,,,,,,,,,,,,,,,,,,,84.89964857004685,,,,,,84.89964857004685,"rgba(38, 166, 154, 0.5)",5.432653169677359,89.06386579000751,0.6405935144575352,69.64386921925842,11.236364524728941,True,False,True,False,True,2.6361089954382138,0.0,0.0,0.0,0.0,0,0.9564040492777222,0.8934473053868642,False,False,False,False,0.2949544480378047,0.20966818794231573,False,False,False,False,519337,140467.51390288674,False,False,False,False,49270.8935402068,False,False,False,False
2022-07-28 00:00:00+00:00,94.1609024003,95.9921064607,93.5862160197,93.5862160197,45625,,,,,,,,,,,,,,,,,,,,,,,,,,,,,,85.63665655451906,,,,,,85.63665655451906,"rgba(38, 166, 154, 0.5)",5.407996164660516,89.75295365522383,0.8150798578373022,72.97861380153833,14.234251759603637,True,False,True,False,True,4.5148827170246015,0.0,0.0,0.0,0.0,0,0.9764727898605562,0.8652696092312628,False,False,False,False,0.3428282501169548,0.27624821902963526,False,False,False,False,564962,157114.3564949304,False,False,False,False,49127.917322943795,False,False,False,False
2022-07-29 00:00:00+00:00,94.5602607326,94.9401381707,93.5277733369,93.6738800439,24082,,,,,,,,,,,,,,,,,,,,,,,,,,,,,,85.97300782333959,,,,,,85.97300782333959,"rgba(38, 166, 154, 0.5)",5.411085115830605,89.80985570911646,0.8779024764526084,75.39207162004104,16.455558325364578,True,False,True,False,True,4.973095486921956,0.0,0.0,0.0,0.0,0,0.9638970715110297,0.8978985448368638,False,False,False,False,0.3191451360494909,0.2976966775395631,False,False,False,False,589044,174052.77388728608,False,False,False,False,48145.724486749925,False,False,False,False
2022-08-01 00:00:00+00:00,94.8037719109,95.2810538202,93.537513784,93.985574352,49711,,,,,,,,,,,,,,,,,,,,,,,,,,,,,,86.605821204058,,,,,,86.605821204058,"rgba(38, 166, 154, 0.5)",5.409799774981578,89.94015298729657,0.8990386198942063,77.12280898204682,18.156865684318007,True,False,True,False,True,5.2552010592099805,0.0,0.0,0.0,0.0,0,0.9644181843802673,0.9011258215347231,False,False,False,False,0.3265855383498289,0.31214110794469596,False,False,False,False,638755,192276.3905975886,False,False,False,False,48207.10784021071,False,False,False,False
2022-08-02 00:00:00+00:00,94.6771460982,95.6024885755,94.0732383762,94.4725967085,34077,,,,,,,,,,,,,,,,,,,,,,,,,,,,,,86.99995025346402,,,,,,86.99995025346402,"rgba(38, 166, 154, 0.5)",5.382371810283035,90.03062305180369,0.863285408399159,77.99585878451667,19.185777814954804,True,False,True,False,True,5.08401443071174,0.0,0.0,0.0,0.0,0,0.9788562863191025,0.8788036803874489,False,False,False,False,0.34282825012906987,0.32748467903688294,False,False,False,False,604678,208449.0027310165,False,False,False,False,47652.98596412401,False,False,False,False
2022-08-03 00:00:00+00:00,94.4920776027,95.0667639834,93.6579057106,94.5602607326,33922,,,,,,,,,,,,,,,,,,,,,,,,,,,,,,87.33894971337295,,,,,,87.33894971337295,"rgba(38, 166, 154, 0.5)",5.372731808344312,90.10242166909487,0.8170249493539982,78.13859268971252,19.669579427321437,True,False,True,False,True,4.83006496279884,0.0,0.0,0.0,0.0,0,0.9874810194769822,0.8805871806896859,False,False,False,False,0.3225789699099033,0.3250318244733931,False,False,False,False,570756,222657.12027097665,False,False,False,False,47114.51592631523,False,False,False,False
2022-08-04 00:00:00+00:00,95.0765044305,95.41742008,94.0050552463,94.0050552463,27514,,,,,,,,,,,,,,,,,,,,,,,,,,,,,,87.60723245279716,,,,,,87.60723245279716,"rgba(38, 166, 154, 0.5)",5.374492241360962,90.16793536323908,0.9133084293034415,78.62422105616278,20.586841706058067,True,False,True,False,True,5.539820754893075,0.0,0.0,0.0,0.0,0,0.9818358917202027,0.873785129338552,False,False,False,False,0.3374103087346662,0.33122106660402967,False,False,False,False,598270,237387.03712309524,False,False,False,False,46345.868242930315,False,False,False,False
2022-08-05 00:00:00+00:00,93.3134835001,94.0147956934,90.9465548476,92.183591633,50268,,,,,,,,,,,,,,,,,,,,,,,,,,,,,,87.9234564637976,,,,,,87.9234564637976,"rgba(38, 166, 154, 0.5)",5.325740554938204,90.20512663882332,0.5836478193430803,74.89766921472558,20.586841706058067,True,False,True,False,False,3.1078746820472,0.0,0.0,0.0,0.0,0,0.9498898491950268,0.8780424183564501,False,False,False,False,0.24473822038487322,0.28797964349445143,False,False,False,False,548002,249568.01605944446,False,False,False,False,46499.67733144285,False,False,False,False
2022-08-08 00:00:00+00:00,92.9433465091,94.4637329016,92.3199578929,94.287528213,36777,,,,,,,,,,,,,,,,,,,,,,,,,,,,,,88.15208184649305,,,,,,88.15208184649305,"rgba(38, 166, 154, 0.5)",5.2229642666999405,90.24798907387687,0.516058946144419,71.64771061276949,20.586841706058067,True,False,True,False,False,2.6058596267006457,0.0,0.0,0.0,0.0,0,0.9482320730278212,0.8839571239751761,False,False,False,False,0.28201470764633907,0.2849971755703953,False,False,False,False,511225,259829.07425319173,False,False,False,False,46118.39586746471,False,False,False,False
2022-08-09 00:00:00+00:00,91.3848749684,92.3491792342,90.9465548476,92.3491792342,38202,,,,,,,,,,,,,,,,,,,,,,,,,,,,,,88.29774773477924,,,,,,88.29774773477924,#000000,5.110581030029522,90.25303156839257,0.2214705907912956,66.52256092318173,24.400432113368282,True,False,True,False,False,0.5204246438004283,0.0,0.0,0.0,0.0,0,0.9295563740766339,0.9079165304657334,False,False,False,False,0.2112437900702201,0.2481204828203077,False,False,False,False,473023,268189.6203609097,False,False,False,False,45807.948970701385,False,False,False,False
2022-08-10 00:00:00+00:00,92.3881410228,92.7397609696,91.8118749988,92.0560555174,43246,,,,,,,,,,,,,,,,,,,,,,,,,,,,,,88.48306807991365,,,,,,88.48306807991365,#000000,5.057689188318782,90.28209696625841,0.4164044048823131,64.38825062420983,22.327250578924307,True,False,True,False,False,1.8123315474839288,0.0,0.0,0.0,0.0,0,0.9228702610506878,0.9020276951657858,False,False,False,False,0.23645182587681662,0.24228615434856215,False,False,False,False,516269,277918.2234840113,False,False,False,False,45707.48038361505,False,False,False,False
2022-08-11 00:00:00+00:00,93.0816136956,93.4039319802,92.6030198791,92.8178987355,35229,,,,,,,,,,,,,,,,,,,,,,,,,,,,,,88.6478013411045,,,,,,88.6478013411045,"rgba(38, 166, 154, 0.5)",5.010314413494911,90.32022114843247,0.5511415690260725,63.79891956836686,21.608953198803903,True,False,True,False,False,2.696913394661806,0.0,0.0,0.0,0.0,0,0.9394240320334574,0.8932382335177822,False,False,False,False,0.2660384507820127,0.25416230256528743,False,False,False,False,551498,288646.8421709129,False,False,False,False,45296.5595842576,False,False,False,False
2022-08-12 00:00:00+00:00,96.1387537887,96.5294426185,93.4820697462,93.4820697462,37185,,,,,,,,,,,,,,,,,,,,,,,,,,,,,,88.8959167368706,,,,,,88.8959167368706,"rgba(38, 166, 154, 1.0)",5.080479279838211,90.40472458259578,1.1286394236188728,66.31128426927597,21.608953198803903,True,False,True,False,False,6.42532443706763,0.0,0.0,0.0,0.0,0,0.9512519134192712,0.8494241643675695,False,False,False,False,0.3428282501703162,0.2984952763678018,False,False,False,False,588683,300412.9660073477,False,False,False,False,44978.45920840437,False,False,False,False
2022-08-15 00:00:00+00:00,97.0764069802,97.6331385626,95.2206350387,95.2206350387,32438,,,,,,,,,,,,,,,,,,,,,,,,,,,,,,89.13712192671883,,,,,,89.13712192671883,"rgba(38, 166, 154, 1.0)",5.154494402476408,90.494687357904,1.2768894693403696,68.68300763899205,21.608953198803903,True,False,True,False,True,7.514451500253671,0.0,0.0,0.0,0.0,0,0.9513086619559943,0.8558708857176756,False,False,False,False,0.34282825049004406,0.32066176342892294,False,False,False,False,621121,312989.75165411836,False,False,False,False,44486.6764943493,False,False,False,False
2022-08-16 00:00:00+00:00,97.2619841743,97.8284829775,96.7931575786,96.8712953445,34026,,,,,,,,,,,,,,,,,,,,,,,,,,,,,,89.39509815288008,,,,,,89.39509815288008,"rgba(38, 166, 154, 1.0)",5.214556019505717,91.20365178128829,1.161811738209301,70.40259710277272,21.608953198803903,True,False,True,False,True,7.7302215083694215,0.0,0.0,0.0,0.0,0,0.9738899856291592,0.8526481524242467,False,False,False,False,0.3428282506657052,0.3317450070473141,False,False,False,False,655147,326407.6829618,False,False,False,False,44076.45388672776,False,True,False,False
2022-08-17 00:00:00+00:00,96.1778226717,96.7247870333,96.0410815812,96.2657276584,31878,,,,,,,,,,,,,,,,,,,,,,,,,,,,,,89.59421092755733,,,,,,89.59421092755733,"rgba(38, 166, 154, 0.5)",5.278645393988542,91.22801263774322,0.9377045936053502,69.30245856270801,21.608953198803903,True,False,True,False,True,6.182873440158961,0.0,0.0,0.0,0.0,0,0.9555340265435769,0.8730544803909105,False,False,False,False,0.30841678423380203,0.3200808956405581,False,False,False,False,623269,338049.3032378079,False,False,False,False,43598.083146071775,False,False,False,False
2022-08-18 00:00:00+00:00,97.1838464083,97.5843024589,95.8066682834,95.8066682834,46425,,,,,,,,,,,,,,,,,,,,,,,,,,,,,,89.88638248485441,,,,,,89.88638248485441,"rgba(38, 166, 154, 1.0)",5.356809889853311,91.3326400696868,1.0922930734757552,69.50357719933976,21.608953198803903,True,False,True,False,True,7.3803984912358835,0.0,0.0,0.0,0.0,0,0.9609031549227814,0.8646485005206853,False,False,False,False,0.3199254589310452,0.32000317728580163,False,False,False,False,669694,351054.97762063897,False,False,False,False,43708.942630539554,False,False,False,False
2022-08-19 00:00:00+00:00,96.1875898924,96.7052525919,95.4452811158,96.7052525919,43985,,,,,,,,,,,,,,,,,,,,,,,,,,,,,,90.11494266498897,,,,,,90.11494266498897,"rgba(38, 166, 154, 0.5)",5.411639568503752,91.39337877971876,0.8859073210610692,67.65819361516604,21.608953198803903,True,False,True,False,True,5.956829770783433,0.0,0.0,0.0,0.0,0,0.9533190996774104,0.8667679837209846,False,False,False,False,0.29716478363989884,0.30858398046285024,False,False,False,False,625709,361825.7235963002,False,False,False,False,43719.76840973408,False,False,False,False
2022-08-22 00:00:00+00:00,93.2867253313,95.093661169,93.1890531238,95.093661169,34797,,,,,,,,,,,,,,,,,,,,,,,,,,,,,,90.22053284052319,,,,,,90.22053284052319,#000000,5.386165449146364,91.37755959542307,0.3544573136310763,61.86729775824427,18.678814877036857,True,False,True,False,False,2.0032214272910487,0.0,0.0,0.0,0.0,0,0.9262994843418622,0.8730999782859238,False,False,False,False,0.22796582958177894,0.2682749050223146,False,False,False,False,590912,370809.4991415433,False,False,False,False,43369.85592307785,False,False,False,False
2022-08-23 00:00:00+00:00,93.5016041876,94.595532911,93.0425448127,93.0425448127,53564,,,,,,,,,,,,,,,,,,,,,,,,,,,,,,90.3659437995309,,,,,,90.3659437995309,#000000,5.403569558453597,91.37175018807929,0.3941568580696184,58.29056116728712,15.287678054938326,True,False,True,False,False,2.271684056125711,0.0,0.0,0.0,0.0,0,0.9422550252363011,0.8681125696473988,False,False,False,False,0.2166548633576538,0.2424648841899842,False,False,False,False,644476,381541.5187830514,False,False,False,False,43769.62627903558,False,False,False,False
2022-08-24 00:00:00+00:00,93.79462081,94.0094996664,92.837433177,94.0094996664,44671,,,,,,,,,,,,,,,,,,,,,,,,,,,,,,90.47269249858428,,,,,,90.47269249858428,#000000,5.418424830308263,91.37449482260747,0.44664751531762764,56.31408393351445,13.4104316276971,False,False,True,False,False,2.641971824025699,0.0,0.0,0.0,0.0,0,0.9512462175450608,0.8570914852525432,False,False,False,False,0.20284713616275607,0.22265601017637013,False,False,False,False,689147,393604.4788307749,False,False,False,False,43804.974268093014,False,False,False,False
2022-08-25 00:00:00+00:00,96.050848802,96.3438654243,93.5895091743,93.5895091743,42681,,,,,,,,,,,,,,,,,,,,,,,,,,,,,,90.6235243509759,,,,,,90.6235243509759,"rgba(38, 166, 154, 0.5)",5.451232578493631,91.43038610748012,0.8475996259540782,57.775979499599934,13.4104316276971,True,False,True,False,False,5.425222417934844,0.0,0.0,0.0,0.0,0,0.964739222202905,0.8314211452466059,False,False,False,False,0.2571996044388237,0.23992780730759694,False,False,False,False,731828,406868.1463276073,False,False,False,False,43760.89684581485,False,False,False,False
2022-08-26 00:00:00+00:00,91.5188583765,95.6406255307,91.3332811824,95.6406255307,27922,,,,,,,,,,,,,,,,,,,,,,,,,,,,,,90.66749112115983,,,,,,90.66749112115983,#000000,5.457926614034951,91.4247115600924,0.017249557032427785,53.107713312838584,10.385319325864792,False,False,False,False,False,0.0,0.0,0.0,0.0,0.0,0,0.9368622322027206,0.8508045645065533,False,False,False,False,0.20505792608978163,0.22249286669868928,False,False,False,False,703906,418516.6896088776,False,False,False,False,43139.763636175056,False,False,False,False
2022-08-29 00:00:00+00:00,91.079333443,91.5872289217,90.4737657568,90.9816612355,26537,,,,,,,,,,,,,,,,,,,,,,,,,,,,,,90.67453757479262,,,,,,90.67453757479262,#000000,5.463078154870903,91.39482756019085,-0.057750247799320975,49.57397995280982,7.074216478327827,False,False,False,False,False,0.0,0.0,0.0,0.0,0.0,0,0.9767436080863872,0.8750838840606656,False,False,False,False,0.1207358446210037,0.1716143556598465,False,False,False,False,677369,428667.7606046079,False,False,False,False,42488.674866128975,False,False,False,False
2022-08-30 00:00:00+00:00,89.360302592,91.1379367675,88.9403120999,90.7277134962,25743,,,,,,,,,,,,,,,,,,,,,,,,,,,,,,90.65928284175598,,,,,,90.65928284175598,#000000,5.463018596796901,91.35204243220565,-0.36458595278688205,45.65165219616465,3.425013987146883,False,True,False,True,False,0.0,0.0,0.0,0.0,0.0,0,0.96148594129162,0.8582481430830229,False,False,False,False,0.08724808244116392,0.1294312190505052,False,False,False,False,651626,437411.22097305465,False,False,False,False,41831.98173412392,False,False,False,False
2022-08-31 00:00:00+00:00,88.3054427515,90.1709819138,88.2566066478,90.1709819138,45738,,,,,,,,,,,,,,,,,,,,,,,,,,,,,,90.6059699347015,,,,,,90.6059699347015,"rgba(239, 83, 80, 0.5)",5.463228123339516,91.26432549580159,-0.541599705796819,42.16159330179789,0.1995369408002361,False,True,False,True,False,0.0,0.0,0.0,0.0,0.0,0,0.9529061769180707,0.8764159977482642,False,False,False,False,0.059520409829078594,0.09447581443979189,False,False,False,False,605888,444018.15348391526,False,False,False,False,41985.15892102102,False,False,False,False
2022-09-01 00:00:00+00:00,85.3264404245,87.5826684164,84.2325117011,87.5826684164,46733,,,,,,,,,,,,,,,,,,,,,,,,,,,,,,90.45814777594035,,,,,,90.45814777594035,"rgba(239, 83, 80, 1.0)",5.478138034717318,91.11386003251658,-1.0564574261070474,37.75390933406439,-3.8803788473582443,False,True,False,True,False,0.0,0.0,0.0,0.0,0.0,0,0.945814268686483,0.8844248188932657,False,False,False,False,-0.05106589196381019,0.02170496123799085,False,False,False,False,559155,448533.3239355265,False,False,False,False,42171.34876725549,False,False,False,False
2022-09-02 00:00:00+00:00,84.7111055175,87.0357040547,84.1690247662,86.4692052516,24256,,,,,,,,,,,,,,,,,,,,,,,,,,,,,,90.37858116494436,,,,,,90.37858116494436,"rgba(239, 83, 80, 1.0)",5.48565623661228,91.03771046118409,-1.1532995635889765,34.44160367530277,-6.921423127034217,False,True,False,True,False,0.0,0.0,0.0,0.0,0.0,0,0.937155845167834,0.8877638763062473,False,False,False,False,-0.06129685424383088,-0.019795946502920013,False,False,False,False,534899,451920.2131929569,False,False,False,False,41468.78607050038,False,False,False,False
2022-09-06 00:00:00+00:00,83.7929867676,84.9162171532,82.6209202782,84.9162171532,32290,,,,,,,,,,,,,,,,,,,,,,,,,,,,,,90.24560890261448,,,,,,90.24560890261448,"rgba(239, 83, 80, 1.0)",5.5096329417272925,90.91989299667704,-1.293535577497604,31.678865683983943,-9.505472916868754,False,True,False,True,False,0.0,0.0,0.0,0.0,0.0,0,0.9164293409977141,0.9222022695127915,False,False,False,False,-0.1231119214256383,-0.07145393396427915,False,False,False,False,502609,453908.0087540174,False,False,False,False,41108.8336755788,False,False,False,False
2022-09-07 00:00:00+00:00,84.8380793872,84.8820318806,83.0799796532,83.0799796532,34887,,,,,,,,,,,,,,,,,,,,,,,,,,,,,,90.11826971524253,,,,,,90.11826971524253,"rgba(239, 83, 80, 1.0)",5.525532819938325,90.80880579517826,-1.0805702549505272,31.551928605403432,-9.742622360068673,False,True,False,True,False,0.0,0.0,0.0,0.0,0.0,0,0.910287229715941,0.9341178735393791,False,False,False,False,-0.11591176293374783,-0.09368284844901349,False,False,False,False,537496,457185.96919503633,False,False,False,False,40864.84019810512,False,False,False,False
2022-09-08 00:00:00+00:00,83.8808917543,84.271580584,83.2069535229,84.2227444803,26840,,,,,,,,,,,,,,,,,,,,,,,,,,,,,,90.01619288767374,,,,,,90.01619288767374,"rgba(239, 83, 80, 1.0)",5.551387668890803,90.72271974659587,-1.232453649496777,30.783080999308805,-10.76575372537799,False,True,False,True,False,0.0,0.0,0.0,0.0,0.0,0,0.9068928461960981,0.9449740687475594,False,False,False,False,-0.12410602759401945,-0.10889443802151647,False,False,False,False,510656,459282.8331481722,False,False,False,False,40314.8464648461,False,False,False,False
2022-09-09 00:00:00+00:00,85.687827592,86.0101458766,83.5781079112,84.2325117011,38492,,,,,,,,,,,,,,,,,,,,,,,,,,,,,,89.90491870781298,,,,,,89.90491870781298,"rgba(239, 83, 80, 0.5)",5.558835480659027,90.62755351007577,-0.8886260324239955,33.09749791980579,-10.76575372537799,False,True,False,True,False,0.0,0.0,0.0,0.0,0.0,0,0.9327230965419072,0.9137612537004121,False,False,False,False,-0.08845621187015099,-0.09867532494583373,False,False,False,False,549148,462806.95733843994,False,False,False,False,40243.3622897541,False,False,False,False
2022-09-12 00:00:00+00:00,86.7817563154,86.9282646266,85.4045781904,86.2054902915,40715,,,,,,,,,,,,,,,,,,,,,,,,,,,,,,89.82243311807264,,,,,,89.82243311807264,"rgba(239, 83, 80, 0.5)",5.557564052748533,90.55478588665927,-0.678899880495897,36.174914981161265,-10.76575372537799,False,True,False,True,True,0.0,0.0,0.0,0.0,0.0,0,0.9577522377748796,0.8904918360143822,False,False,False,False,-0.04239848216968615,-0.07053690355775993,False,False,False,False,589863,467789.5472467365,False,False,False,False,40261.85788623433,False,False,False,False
2022-09-13 00:00:00+00:00,82.6209202782,85.3655093074,82.0837231373,85.0138893606,39739,,,,,,,,,,,,,,,,,,,,,,,,,,,,,,89.67839356370318,,,,,,89.67839356370318,"rgba(239, 83, 80, 1.0)",5.593896619948719,90.44069742942105,-1.3979123467056016,34.89341286370427,-10.76575372537799,False,True,False,True,True,0.0,0.0,0.0,0.0,0.0,0,0.9060233304259778,0.9045020850433789,False,False,False,False,-0.12460317208756617,-0.09757003782266305,False,False,False,False,550124,471018.3493154919,False,False,False,False,40241.35365540161,False,False,False,False
2022-09-14 00:00:00+00:00,82.2204642277,82.8651007968,80.9018894272,82.8651007968,38754,,,,,,,,,,,,,,,,,,,,,,,,,,,,,,89.51503666434546,,,,,,89.51503666434546,"rgba(239, 83, 80, 1.0)",5.626047910648197,90.3153490063375,-1.4388225815348332,33.77613914966785,-10.76575372537799,False,True,False,True,True,0.0,0.0,0.0,0.0,0.0,0,0.9063891938372163,0.9193757173392955,False,False,False,False,-0.18765259044882085,-0.14261131413574196,False,False,False,False,511370,472600.7669893942,False,False,False,False,40183.02606107213,False,False,False,False
2022-09-15 00:00:00+00:00,81.3218799192,82.9139369005,80.8237516612,81.7418704112,39998,,,,,,,,,,,,,,,,,,,,,,,,,,,,,,89.34692268425474,,,,,,89.34692268425474,"rgba(255, 0, 0, 1.0)",5.658075090686059,90.18819164181036,-1.5670190975735698,32.43408032089561,-10.76575372537799,False,True,False,True,True,0.0,0.0,0.0,0.0,0.0,0,0.9111343080593969,0.915182356005349,False,False,False,False,-0.18815961488470853,-0.16538546451022523,False,False,False,False,471372,472552.5800486337,False,False,False,False,40175.77013710852,False,False,False,False
2022-09-16 00:00:00+00:00,80.5405022596,80.6186400256,78.997281382,80.5014333766,125842,,,,,,,,,,,,,,,,,,,,,,,,,,,,,80.05214122240001,88.75867892616843,,,,80.05214122240001,,84.40541007428422,"rgba(239, 83, 80, 1.0)",5.714569041872265,88.94714808253651,-1.471090078943598,31.02834380558986,-11.90875065884093,False,True,False,True,False,0.0,1.0,80.61864,78.997284,0.0,0,0.8882803133812132,0.9364778521014006,False,False,False,False,-0.26057295827105803,-0.21297921139064163,False,False,False,False,345530,467571.3023996677,False,False,False,False,43535.23013173171,False,False,False,False
2022-09-19 00:00:00+00:00,81.9274476053,82.0739559165,80.0521412224,80.0521412224,49186,,,,,,,,,,,,,,,,,,,,,,,,,,,,,80.41719480867063,88.57986825284306,,,,80.41719480867063,,84.49853153075685,"rgba(239, 83, 80, 1.0)",5.744376030158433,88.85733855397037,-1.2063783624692883,32.278633368968556,-11.90875065884093,False,True,False,True,False,0.0,0.0,0.0,0.0,0.0,0,0.9091899328316664,0.9175596757801482,False,False,False,False,-0.21620133454143067,-0.21459027296603617,False,False,False,False,394716,464714.2317173278,False,False,False,False,43756.82895009518,False,False,False,False
2022-09-20 00:00:00+00:00,81.0776994006,81.6393145934,80.1107445469,80.7846827782,31166,,,,,,,,,,,,,,,,,,,,,,,,,,,,,80.4966071460238,88.46481261682334,,,,80.4966071460238,,84.48070988142356,"rgba(239, 83, 80, 1.0)",5.76401351945313,88.78702121100093,-1.3374919722832939,32.43934883627596,-11.90875065884093,False,True,False,True,False,0.0,0.0,0.0,0.0,0.0,0,0.9097397379445932,0.9104342231319086,False,False,False,False,-0.2227912912242129,-0.21869078209512455,False,False,False,False,363550,460747.0069440992,False,False,False,False,43263.07095205223,False,False,False,False
2022-09-21 00:00:00+00:00,81.3511815814,83.7929867676,81.2437421532,81.9665164883,50861,,,,,,,,,,,,,,,,,,,,,,,,,,,,,80.81965306731256,88.31279064640707,,,,80.81965306731256,,84.56622185685981,"rgba(239, 83, 80, 1.0)",5.788167348114434,88.71135812824804,-1.2715901431643482,32.99771924696385,-11.90875065884093,False,True,False,True,False,0.0,0.0,0.0,0.0,0.0,0,0.9227100215032273,0.8978110508823507,False,False,False,False,-0.16576926342870874,-0.19223002276191664,False,False,False,False,414411,458929.90863256593,False,False,False,False,43561.02895393254,False,False,False,False
2022-09-22 00:00:00+00:00,81.2242077117,81.7028015282,80.218183975,80.6381744671,50144,,,,,,,,,,,,,,,,,,,,,,,,,,,,,80.85699099087999,88.14490877576795,,,,80.85699099087999,,84.50094988332397,"rgba(239, 83, 80, 1.0)",5.78997765479983,88.60231362658858,-1.2742891863791923,33.25423613748664,-11.90875065884093,False,True,False,True,False,0.0,0.0,0.0,0.0,0.0,0,0.9261787046691532,0.9012354317751927,False,False,False,False,-0.21979352904703323,-0.20601177590447495,False,False,False,False,364267,455217.63770579867,False,False,False,False,43819.18468122931,False,False,False,False
2022-09-23 00:00:00+00:00,80.6088728048,80.716312233,79.0754191479,80.4818989351,41383,,,,,,,,,,,,,,,,,,,,,,,,,,,,,80.77110362290543,87.99497157447679,,,,80.77110362290543,,84.38303759869112,"rgba(239, 83, 80, 1.0)",5.805152808863678,88.4955996297921,-1.358573509546577,32.84602028693952,-11.980461065799766,False,True,False,True,False,0.0,0.0,0.0,0.0,0.0,0,0.92418327343521,0.8996903354522566,False,False,False,False,-0.3316557895828944,-0.26883378274368464,False,False,False,False,322884,450028.0832859634,False,False,False,False,43723.64802706346,False,False,False,False
2022-09-26 00:00:00+00:00,80.335390624,81.8200081772,80.1205117676,80.1595806506,60125,,,,,,,,,,,,,,,,,,,,,,,,,,,,,80.76926963341134,87.8034125232747,,,,80.76926963341134,,84.28634107834301,"rgba(239, 83, 80, 1.0)",5.8198384531068506,88.36745525654045,-1.380118141982555,32.31186301753174,-12.899527496260184,False,True,False,True,False,0.0,0.0,0.0,0.0,0.0,0,0.9237798947999961,0.9009905268151416,False,False,False,False,-0.2943916675975472,-0.2816127251706159,False,False,False,False,262759,442684.197666906,False,False,False,False,44366.83830051195,False,False,False,False
2022-09-27 00:00:00+00:00,79.6028490681,81.2828110362,79.1584405243,80.9116566479,47781,,,,,,,,,,,,,,,,,,,,,,,,,,,,,80.69028818889952,87.6429371661745,,,,80.69028818889952,,84.16661267753702,"rgba(239, 83, 80, 1.0)",5.849581533402399,88.25398561887944,-1.4789325529321278,31.253480890544857,-14.270026071346052,False,True,False,True,False,0.0,0.0,0.0,0.0,0.0,0,0.9113633852763955,0.9107147915531525,False,False,False,False,-0.3254640715246697,-0.30353839834764285,False,False,False,False,214978,433754.5428564391,True,False,False,False,44500.72699460952,False,False,False,False
2022-09-28 00:00:00+00:00,81.7614048527,82.4060414218,79.8177279245,80.1009773261,40576,,,,,,,,,,,,,,,,,,,,,,,,,,,,,80.74237740855753,87.53435317980123,,,,80.74237740855753,,84.13836529417938,"rgba(239, 83, 80, 1.0)",5.86755946849198,88.18490489537781,-1.094748178892973,34.784734843841534,-14.270026071346052,False,True,False,True,True,0.0,0.0,0.0,0.0,0.0,0,0.9054335868052361,0.9271838365939721,False,False,False,False,-0.28858450715328043,-0.29606145275046164,False,False,False,False,255554,426766.28627383366,False,False,False,False,44346.816132075815,False,False,False,False
2022-09-29 00:00:00+00:00,80.5112005974,80.9604927516,79.8378483993,80.9604927516,44715,,,,,,,,,,,,,,,,,,,,,,,,,,,,,80.71713337719929,87.40235103590878,,,,80.71713337719929,,84.05974220655403,"rgba(239, 83, 80, 1.0)",5.910584238942573,88.09404830022913,-1.282926931802892,35.708345390104746,-14.270026071346052,False,True,False,True,True,0.0,0.0,0.0,0.0,0.0,0,0.872646494680671,0.9535963753487398,False,False,False,False,-0.31801015374020225,-0.307035803245332,False,False,False,False,210839,418298.54955721274,False,False,False,False,44361.25471513167,False,False,False,False
2022-09-30 00:00:00+00:00,79.7493573793,81.9274476053,79.6370343407,80.4818989351,46882,,,,,,,,,,,,,,,,,,,,,,,,,,,,,80.6948984373834,87.26915079889261,,,,80.6948984373834,,83.98202461813801,"rgba(239, 83, 80, 1.0)",5.9635439859192205,88.00227428969463,-1.383894699172329,35.5188619067007,-14.270026071346052,False,True,False,True,True,0.0,0.0,0.0,0.0,0.0,0,0.8623833557658307,0.947646484681908,False,False,False,False,-0.3021311777629464,-0.3045834905041392,False,False,False,False,163957,408324.37114320445,False,False,False,False,44460.10747140102,False,False,False,False
2022-10-03 00:00:00+00:00,81.8688442809,82.2693003314,81.0679321798,81.0679321798,45253,,,,,,,,,,,,,,,,,,,,,,,,,,,,,80.76917343163193,87.16884165136129,,,,80.76917343163193,,83.96900754149661,"rgba(239, 83, 80, 1.0)",5.985667033853857,87.93928674934956,-1.0141630722384365,38.948364428302796,-15.301550804518634,False,True,False,True,True,0.0,0.0,0.0,0.0,0.0,0,0.853718081264308,0.9415228040665304,False,False,False,False,-0.26593485190369104,-0.2852591712039151,False,False,False,False,209210,400515.96443170623,False,False,False,False,44491.20129605196,False,False,False,False
2022-10-04 00:00:00+00:00,85.1603976718,85.1603976718,83.011609108,83.011609108,38308,,,,,,,,,,,,,,,,,,,,,,,,,,,,,80.97859892017343,87.12766357303666,,,,80.97859892017343,,84.05313124660503,#000000,5.97036433106929,87.92558723333885,-0.46315256627623635,45.196838541974635,-9.496350143624277,False,True,False,False,True,0.0,0.0,0.0,0.0,0.0,0,0.8597116653184871,0.9179549021215778,False,False,False,False,-0.17031081897496178,-0.22778499508943845,False,False,False,False,247518,394516.04425791383,False,False,False,False,44248.72281385384,False,False,False,False
2022-10-05 00:00:00+00:00,84.730639959,85.1652812822,84.2520461425,84.3008822463,46840,,,,,,,,,,,,,,,,,,,,,,,,,,,,,81.22205408444287,87.08390729319942,,,,81.22205408444287,,84.15298068882115,"rgba(239, 83, 80, 0.5)",5.951213112687021,87.91183501528104,-0.5345456457439324,48.775182162003475,-6.393664259537786,False,False,False,False,True,0.0,0.0,0.0,0.0,0.0,0,0.8601764385941003,0.9356908358306592,False,False,False,False,-0.146237288328991,-0.18701114170921473,False,False,False,False,200678,386914.552326231,False,False,False,False,44350.34152703605,False,False,False,False
2022-10-06 00:00:00+00:00,84.0567017277,85.2483026585,83.5976423527,84.5938988686,42433,,,,,,,,,,,,,,,,,,,,,,,,,,,,,81.39361649180219,87.03890388177552,,,,81.39361649180219,,84.21626018678886,"rgba(239, 83, 80, 0.5)",5.943214350773852,87.89182261841023,-0.6452940554316146,50.22773240699758,-5.248898673210341,False,False,False,False,True,0.0,0.0,0.0,0.0,0.0,0,0.8349184255752811,0.9628343408037137,False,False,False,False,-0.1572602563255401,-0.1721356990173774,False,False,False,False,158245,377947.11890167295,False,False,False,False,44275.15166323071,False,False,False,False
2022-10-07 00:00:00+00:00,80.5209678181,83.4804357037,79.9447017942,83.4804357037,49927,,,,,,,,,,,,,,,,,,,,,,,,,,,,,81.38880186938759,86.93203803485494,,,,81.38880186938759,,84.16041995212126,"rgba(239, 83, 80, 1.0)",5.951914138655659,87.81690304135186,-1.2258132515499913,47.227322755587736,-5.248898673210341,False,True,False,False,False,0.0,0.0,0.0,0.0,0.0,0,0.7772438164822483,1.0046627404905968,False,False,False,False,-0.264158303975977,-0.2181470014966772,False,False,False,False,108318,367373.4279643524,False,False,False,False,44496.79277447656,False,False,False,False
2022-10-10 00:00:00+00:00,81.2339749325,81.883495112,80.3842267277,80.6577089086,30066,,,,,,,,,,,,,,,,,,,,,,,,,,,,,81.3808852835848,86.86794017526182,,,,81.3808852835848,,84.12441272942331,"rgba(239, 83, 80, 1.0)",5.959475149954288,87.77142882495151,-1.096984839764229,46.15476314662361,-5.248898673210341,False,True,False,False,False,0.0,0.0,0.0,0.0,0.0,0,0.7819680951973671,1.0096357886778335,False,False,False,False,-0.2876851003027903,-0.2529160508997338,False,False,False,False,138384,358393.4503971229,False,False,False,False,43930.87933234023,False,False,False,False
2022-10-11 00:00:00+00:00,81.5758276585,82.4841791878,80.5600367011,80.5600367011,46263,,,,,,,,,,,,,,,,,,,,,,,,,,,,,81.38917791932384,86.77831959036254,,,,81.38917791932384,,84.08374875484319,"rgba(239, 83, 80, 1.0)",5.973523235585657,87.70870714235058,-1.0266770952384674,45.89447110817307,-5.248898673210341,False,True,False,True,False,0.0,0.0,0.0,0.0,0.0,0,0.7838411677297308,1.007251594151603,False,False,False,False,-0.2718686110729288,-0.2623923309863313,False,False,False,False,184647,351579.86410703964,False,False,False,False,44022.33504479748,False,False,False,False
2022-10-12 00:00:00+00:00,80.755381116,81.673499866,80.5502694804,81.4390865681,27923,,,,,,,,,,,,,,,,,,,,,,,,,,,,,81.37709821018346,86.72017430588018,,,,81.37709821018346,,84.04863625803182,"rgba(239, 83, 80, 1.0)",6.003570218507387,87.66677546050833,-1.1512140431375941,44.80684505841588,-5.248898673210341,False,True,False,True,False,0.0,0.0,0.0,0.0,0.0,0,0.7780462681022959,1.0176384570818497,False,False,False,False,-0.28858450715123385,-0.2754884190687826,False,False,False,False,156724,343938.4576714695,False,False,False,False,43390.98857245249,False,False,False,False
2022-10-13 00:00:00+00:00,83.509737366,83.7734523261,79.0851863687,79.5344785229,37656,,,,,,,,,,,,,,,,,,,,,,,,,,,,82.12279202026667,81.40655269720527,86.65869530451222,,,,81.40655269720527,,83.39601334066138,"rgba(239, 83, 80, 0.5)",6.005261570796945,87.20144187599338,-0.6147449976110646,47.57098561847609,-5.248898673210341,False,False,False,False,False,0.0,0.0,0.0,0.0,0.0,0,0.7751866347947165,0.9937083183292211,False,False,False,False,-0.2756363220750088,-0.2755623705718957,False,False,False,False,194380,338073.4201157256,False,False,False,False,43166.087059807294,False,False,False,False
2022-10-14 00:00:00+00:00,81.4488537889,84.6036660894,80.7065450123,84.3790200122,33518,,,,,,,,,,,,,,,,,,,,,,,,,,,,82.18412110203451,81.43530276377693,86.60687099825246,,,,81.43530276377693,,83.40876495468797,"rgba(239, 83, 80, 0.5)",6.002463179253979,87.17337062631734,-0.953694619436019,47.1027137121366,-5.248898673210341,False,False,False,False,False,0.0,0.0,0.0,0.0,0.0,1,0.7911182830152962,0.9896756812184797,False,False,False,False,-0.226431569306552,-0.2509969699392238,False,False,False,False,160862,331123.95266020694,False,False,False,False,42787.730704520734,False,False,False,False
2022-10-17 00:00:00+00:00,84.2227444803,84.7404071798,82.7869630309,82.9823074458,35327,,,,,,,,,,,,,,,,,,,,,,,,,,,,82.75882920547716,81.52106155572584,86.57392689638613,,,,81.52106155572584,,83.61793921919637,#000000,5.991129620706948,87.1999187784796,-0.4969303765169249,49.697538604686244,-5.248898673210341,False,False,False,False,True,0.0,0.0,0.0,0.0,0.0,1,0.832162299864941,0.9737005725017595,False,False,False,False,-0.18284790666046008,-0.21692243829984195,False,False,False,False,196189,325832.3858892185,False,False,False,False,42495.15302983365,False,False,False,False
2022-10-18 00:00:00+00:00,84.9650532569,86.0882836425,84.3985544537,85.4924831771,33674,,,,,,,,,,,,,,,,,,,,,,,,,,,,83.33340751931956,81.6368187359482,86.5575043051174,,,,81.6368187359482,,83.84257685346172,#000000,5.979308296086504,87.23864614069068,-0.3802434614851271,52.11188010677461,-3.551979078558446,False,False,True,False,True,0.0,0.0,0.0,0.0,0.0,0,0.832299932779064,0.9642025773731662,False,False,False,False,-0.1256968980684154,-0.17130966818412868,False,False,False,False,229863,322068.88056022953,False,False,False,False,42149.22546003626,False,False,False,False
2022-10-19 00:00:00+00:00,84.4376233367,84.6280841412,82.8944024591,84.0957706106,45417,,,,,,,,,,,,,,,,,,,,,,,,,,,,83.4932782843919,81.73372966192402,86.51811013090587,,,,81.73372966192402,,83.91503935907393,#000000,5.9602545592282805,87.22883399811256,-0.46830393461818226,53.06942212077809,-2.5351420971036163,False,False,True,False,True,0.0,0.0,0.0,0.0,0.0,0,0.8335177907612843,0.9607419350238335,False,False,False,False,-0.1829430970588205,-0.1771263826214746,False,False,False,False,184446,316671.9048519853,False,False,False,False,42277.37348121131,False,False,False,False
2022-10-20 00:00:00+00:00,84.730639959,85.0236565814,83.5195045867,83.9590295202,78956,,,,,,,,,,,,,,,,,,,,,,,,,,,,83.77123716913616,81.91374697059722,86.463786705376,,,,81.91374697059722,,84.04959028170312,#000000,5.920290152167695,87.22084465537075,-0.4206220695887638,54.01631375414446,-1.4702986997354017,True,False,True,False,True,0.0,0.0,0.0,0.0,0.0,0,0.8353717910790737,0.9644902771819961,False,False,False,False,-0.16311672177802503,-0.1701215521997498,False,False,False,False,263402,314582.88897543686,False,False,False,False,43715.750991752044,False,False,False,False
2022-10-21 00:00:00+00:00,88.1784688819,88.403114959,84.6818038553,85.5413192808,56571,,,,,,,,,,,,,,,,,,,,,,,,,,,,84.35550980293249,82.15040833746588,86.47517639000763,,,,82.15040833746588,,84.32703151013533,#000000,5.890926806712852,87.28265262456095,0.15206711723497318,57.73673770241125,2.1744067682293178,True,False,True,False,True,1.2093600452533515,0.0,0.0,0.0,0.0,0,0.8441984831106698,0.9439147972992292,False,False,False,False,-0.07620184144032904,-0.12316169682003943,False,False,False,False,319973,314794.2658783609,False,False,False,False,44219.8784038402,False,False,False,False
2022-10-24 00:00:00+00:00,88.9403120999,88.9598465414,87.0454712755,88.324977193,47776,,,,,,,,,,,,,,,,,,,,,,,,,,,,84.86833495721787,82.37969112640461,86.50310947614096,,,,82.37969112640461,,84.58371185325448,#000000,5.841624164593037,87.34948219832572,0.2723266435414556,60.78122053859808,5.067109616029192,True,False,True,False,True,2.0777722404079952,0.0,0.0,0.0,0.0,0,0.8584730675370171,0.9675614511470844,False,False,False,False,-0.02099639020258851,-0.07207904351131397,False,False,False,False,367749,316870.9221184252,False,False,False,False,44359.33415270921,False,False,False,False
2022-10-25 00:00:00+00:00,90.4444640946,90.7765495999,88.8914759962,88.8914759962,40822,,,,,,,,,,,,,,,,,,,,,,,,,,,,85.38336243983238,82.61555128658061,86.54836740852885,,,,82.61555128658061,,84.84909371164728,"rgba(38, 166, 154, 0.5)",5.799479235019042,87.42831001508151,0.5200732612862925,63.865331622782016,7.947533976889332,True,False,True,False,True,3.7666873485789267,0.0,0.0,0.0,0.0,0,0.8587587446227589,0.9612011973175825,False,False,False,False,0.04810067605486721,-0.011989183728223381,False,False,False,False,408571,320467.0036039772,False,False,False,False,44220.61516632846,False,False,False,False
2022-10-26 00:00:00+00:00,91.2649106371,92.4760460095,89.8681980707,91.0988678845,35447,,,,,,,,,,,,,,,,,,,,,,,,,,,,85.84676586123057,82.83923781108436,86.5995537099919,,,,82.83923781108436,,85.09518579410228,"rgba(38, 166, 154, 0.5)",5.7522292612301,87.50659322944777,0.6533671098582955,66.46266029094201,10.35135274389149,True,False,True,False,True,4.673256403686654,0.0,0.0,0.0,0.0,0,0.8555473672042017,0.9487994735576888,False,False,False,False,0.1146348547828332,0.051322835527304905,False,False,False,False,444018,325312.14071754675,False,False,False,False,43876.55182647244,False,False,False,False
2022-10-27 00:00:00+00:00,92.3002360361,94.292749068,91.6165305839,92.1048916212,37510,,,,,,,,,,,,,,,,,,,,,,,,,,,,86.38218754066128,83.10472716055854,86.67014631567147,,,,83.10472716055854,,85.38568700563042,"rgba(38, 166, 154, 0.5)",5.698485093731458,87.60498175856189,0.8239478037247239,68.85510565422112,12.579804327400247,True,False,True,False,True,5.807168417250789,0.0,0.0,0.0,0.0,0,0.879328271734243,0.9264398368779281,False,False,False,False,0.1859126067741287,0.11861772115071681,False,False,False,False,481528,331438.25284627045,False,False,False,False,43626.883127395085,False,False,False,False
2022-10-28 00:00:00+00:00,94.9178511956,95.474582778,92.339304919,92.87650206,38666,,,,,,,,,,,,,,,,,,,,,,,,,,,,86.96526475558157,83.40445128174566,86.75889896372311,,,,83.40445128174566,,85.70953833368344,"rgba(38, 166, 154, 1.0)",5.661177658332907,87.7204643134252,1.271358596489316,71.88111196995496,15.414072806616318,True,False,True,False,True,8.570436984484775,0.0,0.0,0.0,0.0,0,0.8884163784511793,0.9242767077784035,False,False,False,False,0.24692549678900014,0.18277160896985847,False,False,False,False,520194,338840.4390091618,False,False,False,False,43432.33869102665,False,False,False,False
2022-10-31 00:00:00+00:00,96.7443214748,96.968967552,93.9413244656,94.0290341079,48647,,,,,,,,,,,,,,,,,,,,,,,,,,,,87.72653140369253,83.81311448689038,86.89149151981336,,,,83.81311448689038,,86.14371247013209,"rgba(0, 255, 255, 0.75)",5.6859614013339135,87.88305264131863,1.5584468848843296,74.71577110279529,18.05899904645314,True,False,True,False,True,10.407091909674467,0.0,0.0,0.0,0.0,0,0.9098119270224537,0.9094062350496092,False,False,False,False,0.34282824968190606,0.26279992932588225,False,False,False,False,568841,347860.06885193975,False,False,False,False,43636.835212947175,False,False,False,False
2022-11-01 00:00:00+00:00,98.3168440147,99.0200839083,96.3145637621,97.5256991344,71899,,,,,,,,,,,,,,,,,,,,,,,,,,,,88.86427183137216,84.46263708317093,87.1225754345631,,,,84.46263708317093,,86.8164947830354,"rgba(0, 255, 255, 0.75)",5.75124450518971,88.14944745983848,1.7678602510616317,77.22807592408097,20.415096514055406,True,False,True,False,True,11.938836466068985,0.0,0.0,0.0,0.0,0,0.9512310514020348,0.8878800251464891,False,False,False,False,0.3428282502682269,0.3028140897970546,False,False,False,False,640740,359345.5563479421,False,False,False,False,44745.15540067474,False,False,False,False
2022-11-02 00:00:00+00:00,95.2792383632,99.6158843737,95.2694711424,97.6624402248,58949,,,,,,,,,,,,,,,,,,,,,,,,,,,,89.52516574792799,84.90968040602353,87.2852184891444,,,,84.90968040602353,,87.24002154769865,"rgba(38, 166, 154, 1.0)",5.796295467730502,88.32494065103637,1.199783163380822,74.28939693614274,20.415096514055406,True,False,True,False,True,8.05658198553235,0.0,0.0,0.0,0.0,0,0.9450511167143241,0.8815511103796319,False,False,False,False,0.33354009023664166,0.31817709001684813,False,False,False,False,581791,368068.9070793953,False,False,False,False,45302.16891437377,False,False,False,False
2022-11-03 00:00:00+00:00,97.1447775254,97.8187157567,93.7653191477,94.1169390946,36976,,,,,,,,,,,,,,,,,,,,,,,,,,,,89.86183235690966,85.16311996758087,87.37942069766193,,,,85.16311996758087,,87.4681243407175,"rgba(38, 166, 154, 1.0)",5.8846368174797234,88.42252564812321,1.4822073388400478,73.40504161114848,20.415096514055406,True,False,True,False,False,9.878959751783654,0.0,0.0,0.0,0.0,0,0.936015077850769,0.8938484725640935,False,False,False,False,0.2668563962459665,0.2925167431314073,False,False,False,False,618767,377900.2048409877,False,False,False,False,44975.65248635911,False,False,False,False
2022-11-04 00:00:00+00:00,98.1605684828,98.2777751317,94.634601794,94.634601794,46519,,,,,,,,,,,,,,,,,,,,,,,,,,,,90.2866427510145,85.48769034391377,87.50536059805005,,,,85.48769034391377,,87.75989789765943,"rgba(0, 255, 255, 0.75)",5.99305996559664,88.5505698944333,1.6035211800871716,73.36019356377933,20.415096514055406,True,False,True,False,False,10.849259889133968,0.0,0.0,0.0,0.0,0,0.9373843723702437,0.9093417906691985,False,False,False,False,0.2933791393257896,0.29294794122859846,False,False,False,False,665286,389170.2360236941,False,False,False,False,45036.1759182666,False,False,False,False
2022-11-07 00:00:00+00:00,99.147057778,100.0065732035,96.8712953445,97.4866302514,43214,,,,,,,,,,,,,,,,,,,,,,,,,,,,90.72467795990761,85.81460031055518,87.63922400503611,,,,85.81460031055518,,88.05950075849962,"rgba(0, 255, 255, 0.75)",6.118543154495476,88.68526050357966,1.709851023398234,73.84688316095179,20.415096514055406,True,False,True,False,False,11.782691965225268,0.0,0.0,0.0,0.0,0,0.9756494516859289,0.8920951740799269,False,False,False,False,0.34282825043998366,0.31788809583429106,False,False,False,False,708500,401692.9718659022,False,False,False,False,44964.71803911889,False,False,False,False
2022-11-08 00:00:00+00:00,98.2875423525,101.0495839014,97.9545302508,98.3561036675,62169,,,,,,,,,,,,,,,,,,,,,,,,,,,,91.3097121154807,86.27199094815253,87.83342778374968,,,,86.27199094815253,,88.47171028246099,"rgba(0, 255, 255, 0.75)",6.220083561067719,88.87609289464817,1.5130744411151114,72.85841625005581,20.415096514055406,True,False,True,False,False,10.674366847274722,0.0,0.0,0.0,0.0,0,0.9912616527048412,0.8538090040851338,False,False,False,False,0.3428282506545835,0.3303581732444373,False,False,False,False,646331,411286.62002802367,False,False,False,False,45639.39576307501,False,False,False,False
2022-11-09 00:00:00+00:00,96.4265923727,98.85562182,96.1719360597,97.1905613118,48481,,,,,,,,,,,,,,,,,,,,,,,,,,,,91.61157939068347,86.55650086272296,87.95498051766172,,,,86.55650086272296,,88.70768692368938,"rgba(38, 166, 154, 1.0)",6.28123180892947,88.98984799182746,1.1839627332811344,69.56717162023405,25.664944588776777,True,False,True,False,False,8.32335006218867,0.0,0.0,0.0,0.0,0,0.9893486449448389,0.8679927448476189,False,False,False,False,0.2697236417844558,0.30004090751444656,False,False,False,False,597850,418602.8310073168,False,False,False,False,45750.83122334658,False,False,False,False
2022-11-10 00:00:00+00:00,101.5295131067,102.2543041515,99.7567133891,99.7567133891,52144,,,,,,,,,,,,,,,,,,,,,,,,,,,,92.1153921774389,86.95657020246047,88.13797075756983,,,,86.95657020246047,,89.06997771248973,"rgba(0, 255, 255, 0.75)",6.437615760465697,89.16526009123808,1.92062612549704,70.47638792213729,25.664944588776777,True,False,True,False,False,13.077891215931832,0.0,0.0,0.0,0.0,0,0.9967772699520784,0.8272357886423991,False,False,False,False,0.3428282509213218,0.3214345792178842,False,False,False,False,649994,427676.99449722597,False,False,False,False,46001.54372439181,False,False,False,False
2022-11-11 00:00:00+00:00,102.4893715173,102.636288621,101.059378375,102.0584146799,46010,,,,,,,,,,,,,,,,,,,,,,,,,,,,92.55697037309811,87.31260414008194,88.3059124403854,,,,87.31260414008194,,89.39182898452181,"rgba(0, 255, 255, 0.75)",6.599280357913998,89.32439737037774,1.9949105709889325,71.53937013615919,25.664944588776777,True,False,True,False,False,13.9139544542303,0.0,0.0,0.0,0.0,0,1.0330404220614793,0.8065396250845518,False,False,False,False,0.34282825105485903,0.3321314151363716,False,False,False,False,696004,438199.62216400146,False,False,False,False,46001.87534304312,False,False,False,False
2022-11-14 00:00:00+00:00,103.26313493,104.3699104442,101.9604699441,101.9604699441,53735,,,,,,,,,,,,,,,,,,,,,,,,,,,,93.08150570255881,87.73817566498533,88.51277618516191,,,,87.73817566498533,,89.77748585090201,"rgba(0, 255, 0, 1.0)",6.772304842931266,89.51872645007008,2.029502333208751,72.61689934544222,25.664944588776777,True,False,True,False,False,14.584940574847291,0.0,0.0,0.0,0.0,0,1.0406363698514423,0.7881713568251613,False,False,False,False,0.34282825124439437,0.337479833190383,False,False,False,False,749739,450416.85266737395,False,False,False,False,46305.13513351201,False,False,False,False
2022-11-15 00:00:00+00:00,104.8008672817,105.7803146394,103.958542554,103.958542554,34008,,,,,,,,,,,,,,,,,,,,,,,,,,,,93.43744349648931,88.02341560126962,88.65512150211143,,,,88.02341560126962,,90.03866019995678,"rgba(0, 255, 0, 1.0)",6.980597466241789,89.65204457625735,2.17013268258232,74.04276062286785,25.664944588776777,True,False,True,False,True,15.9013636035681,0.0,0.0,0.0,0.0,0,1.0626319261000892,0.7558307625767258,False,False,False,False,0.3428282514600298,0.3401540423252064,False,False,False,False,783747,463488.62315100635,False,False,False,False,45822.89454004096,False,False,False,False
2022-11-16 00:00:00+00:00,104.3209380764,104.8008672817,103.5569691373,103.8116254503,59902,,,,,,,,,,,,,,,,,,,,,,,,,,,,93.98328420355524,88.48567112810343,88.89052919007908,,,,88.48567112810343,,90.45316150724591,"rgba(0, 255, 0, 1.0)",7.167911538757549,89.86879166043876,2.016228344590634,74.27377657817534,25.664944588776777,True,False,True,False,True,15.274911764521221,0.0,0.0,0.0,0.0,0,1.0562133630309072,0.7621195317345487,False,False,False,False,0.32255488778635993,0.33135446505578314,False,False,False,False,723845,473698.67714508454,False,False,False,False,46375.01632278445,False,False,False,False
2022-11-17 00:00:00+00:00,104.7910728081,104.7910728081,102.0584146799,102.9399173019,35289,,,,,,,,,,,,,,,,,,,,,,,,,,,,94.26972474356465,88.74012932879862,89.02285337372503,,,,88.74012932879862,,90.6775691486961,"rgba(0, 255, 0, 1.0)",7.362872693763202,89.98885644648674,2.0103860242146565,74.67505711596431,25.664944588776777,True,False,True,False,True,15.683524323958707,0.0,0.0,0.0,0.0,0,1.04757339226202,0.7638759282141458,False,False,False,False,0.30070085751253955,0.3160276612841614,False,False,False,False,759134,484892.2192178263,False,False,False,False,45940.27058463604,False,False,False,False
2022-11-18 00:00:00+00:00,104.46785518,107.2690746233,104.2719657085,106.3679830541,45807,,,,,,,,,,,,,,,,,,,,,,,,,,,,94.67042899776433,89.08873241927905,89.20766848962171,,,,89.08873241927905,,90.9889433022217,"rgba(0, 255, 255, 0.75)",7.536245678743801,91.24095171594443,1.7551051316390112,74.39605077112154,25.664944588776777,True,False,True,False,True,15.250362182985167,0.0,0.0,0.0,0.0,0,1.0615061839730644,0.7592252314373981,False,False,False,False,0.3428282515626027,0.3294279564233821,False,False,False,False,713327,493850.44591516646,False,False,False,False,45935.04428719933,False,False,False,False
2022-11-21 00:00:00+00:00,104.3013491292,104.399293865,102.8321780925,103.958542554,41043,,,,,,,,,,,,,,,,,,,,,,,,,,,,94.95870162865607,89.3613087290931,89.35474835006264,,,,89.3613087290931,,91.2249195692706,"rgba(0, 255, 255, 0.75)",7.71300041648833,91.31212239119479,1.684069238507718,73.9107596593366,25.664944588776777,True,False,True,False,True,15.024319291884183,0.0,0.0,0.0,0.0,0,1.035882959085954,0.787950774275967,False,False,False,False,0.2825058904014162,0.30596692341239917,False,False,False,False,672284,500847.84019300307,False,False,False,False,45743.19941319151,False,False,False,False
2022-11-22 00:00:00+00:00,103.8801867654,104.5755943894,102.8321780925,103.958542554,58027,,,,,,,,,,,,,,,,,,,,,,,,,,,,95.33319381835561,89.72785610725249,89.55657479687939,,,,89.72785610725249,,91.53920824082917,"rgba(0, 255, 255, 0.75)",7.874838416439856,91.45238859814171,1.5781654822673534,72.79155643098423,25.664944588776777,True,False,True,False,True,14.446094456942124,0.0,0.0,0.0,0.0,0,1.0732663807296219,0.7805028347195719,False,False,False,False,0.28493205455534776,0.29544948898387347,False,False,False,False,614257,505295.25822465,False,False,False,False,46224.91708326244,False,False,False,False
2022-11-23 00:00:00+00:00,103.0574509848,104.8008672817,103.0574509848,104.1740209727,28171,,,,,,,,,,,,,,,,,,,,,,,,,,,,95.50123681735913,89.89764752765821,89.65169454961793,,,,89.89764752765821,,91.68352629821175,"rgba(38, 166, 154, 1.0)",8.017626415515128,91.52204770182212,1.4387553978139225,70.50025678452815,24.41160616872682,True,False,True,False,False,13.315367027138791,0.0,0.0,0.0,0.0,0,1.0844513842218808,0.7587025624068128,False,False,False,False,0.29114719542646833,0.2932983422051709,False,False,False,False,586086,508463.52260799706,False,False,False,False,45516.92033489921,False,False,False,False
2022-11-25 00:00:00+00:00,104.5266220215,105.3297688549,102.9007394076,103.4100520336,19953,,,,,,,,,,,,,,,,,,,,,,,,,,,,95.6248745693551,90.02068240862874,89.72121493800068,,,,90.02068240862874,,91.78892397199485,"rgba(0, 255, 255, 0.75)",8.185086913324449,91.57907630309398,1.5818458442180736,70.27132593920146,24.03700951957876,True,False,True,False,False,14.704260911096899,0.0,0.0,0.0,0.0,0,1.0836112183252502,0.7555806125078272,False,False,False,False,0.29629797611689307,0.294798159161032,False,False,False,False,606039,512290.01191748737,False,False,False,False,44514.41365509924,False,False,False,False
2022-11-28 00:00:00+00:00,101.568691001,104.3601159707,101.314034688,104.3405270235,41839,,,,,,,,,,,,,,,,,,,,,,,,,,,,95.82022403587818,90.23949269979815,89.84669192767757,,,,90.23949269979815,,91.96880288778463,"rgba(38, 166, 154, 1.0)",8.282602977988825,91.65617920563139,1.1967870271835201,65.41769146314897,19.382085453310893,True,False,True,False,False,10.738229061545564,0.0,0.0,0.0,0.0,0,1.0858843664341575,0.7511292192636196,False,False,False,False,0.2609403876058777,0.27786927338345485,False,False,False,False,564200,514325.69772464473,False,False,False,False,44409.49547254633,False,False,False,False
2022-11-29 00:00:00+00:00,100.8928723242,102.0486202063,100.8243110091,101.0006115335,27677,,,,,,,,,,,,,,,,,,,,,,,,,,,,95.92173963114278,90.36666143485218,89.92081202109111,,,,90.36666143485218,,92.06973769569534,"rgba(38, 166, 154, 1.0)",8.345220055819283,91.69420875550291,1.1022673467169606,61.284680106303696,15.621362994381983,False,False,True,False,False,9.863486880131475,0.0,0.0,0.0,0.0,0,1.0743227883751925,0.7790784540290618,False,False,False,False,0.2230768681442475,0.25047307076385117,False,False,False,False,536523,515196.1801668155,False,False,False,False,43753.3191795053,False,False,False,False
2022-11-30 00:00:00+00:00,102.890944934,102.890944934,98.9829499765,100.1876702266,52350,,,,,,,,,,,,,,,,,,,,,,,,,,,101.58827994816666,96.11509984947635,90.60645497470058,90.0624482861071,,,,90.60645497470058,,94.59307076461268,"rgba(38, 166, 154, 1.0)",8.434199702165126,92.43453698898655,1.2397629074788459,60.655981268894024,15.183126270085083,False,False,True,False,False,11.808485622607769,0.0,0.0,0.0,0.0,0,1.0607036715222586,0.7750185891291931,False,False,False,False,0.2097291337182982,0.2301011022410747,False,False,False,False,588873,518085.46721909725,False,False,False,False,44090.44391756391,False,False,False,False
2022-12-01 00:00:00+00:00,104.027103869,104.027103869,102.2738930986,103.8703922918,42615,,,,,,,,,,,,,,,,,,,,,,,,,,,102.42044045354002,96.31314197391505,90.82592546649899,90.19337773193686,,,,90.82592546649899,,94.93822140647273,"rgba(38, 166, 154, 1.0)",8.542735912039987,92.58823867047431,1.339016600338066,61.29640751801518,15.183126270085083,False,False,True,False,False,12.88469113891161,0.0,0.0,0.0,0.0,0,1.0792003067515006,0.7825271078458645,False,False,False,False,0.2695107908445751,0.2498059465428249,False,False,False,False,631488,522532.625367368,False,False,False,False,44032.583371777095,False,False,False,False
2022-12-02 00:00:00+00:00,104.6833335987,105.1240849097,101.9996478384,102.4991659909,35740,,,,,,,,,,,,,,,,,,,,,,,,,,,102.83477024405065,96.48209028221723,91.01125377048136,90.30523786092586,,,,91.01125377048136,,95.15833803941877,"rgba(38, 166, 154, 1.0)",8.67308421406261,92.70254778766397,1.3813754732843806,62.3144390744772,15.183126270085083,False,False,True,False,False,13.501979833103348,0.0,0.0,0.0,0.0,0,1.0839644403380666,0.7608272715427071,False,False,False,False,0.28081862678048775,0.2653122866616563,False,False,False,False,667228,528206.953784334,False,False,False,False,43707.384023864266,False,False,False,False
2022-12-05 00:00:00+00:00,102.4208102023,103.6842972938,101.6862246839,103.6842972938,38604,,,,,,,,,,,,,,,,,,,,,,,,,,,102.78058170115517,96.62506351548696,91.18550324781779,90.41236750979117,,,,91.18550324781779,,95.25087899356278,"rgba(38, 166, 154, 1.0)",8.746553347023506,92.77230391228264,1.1031209560164403,59.72559916598071,14.399280404221031,False,False,True,False,False,10.51226886415294,0.0,0.0,0.0,0.0,0,1.0859979031401896,0.7620844377160115,False,False,False,False,0.2557351535526894,0.26052372010717284,False,False,False,False,628624,532144.8771653405,False,False,False,False,43507.25131704606,False,False,False,False
2022-12-06 00:00:00+00:00,102.9301228283,103.7430641353,102.0584146799,102.381632308,46067,,,,,,,,,,,,,,,,,,,,,,,,,,,102.80837731012083,96.79567218185063,91.39222663144481,90.5410152156242,,,,91.39222663144481,,95.38432283476013,"rgba(38, 166, 154, 1.0)",8.836911762843787,92.8652459469968,1.138958626204982,58.55041837829429,13.253077701578277,False,False,True,False,False,11.008817328884682,0.0,0.0,0.0,0.0,1,1.0808817109909776,0.770017405602846,False,False,False,False,0.2616822979207234,0.2611030090139481,False,False,False,False,674691,537734.9211980723,False,False,False,False,43607.633618338376,False,False,False,False
2022-12-07 00:00:00+00:00,101.4413628445,104.3111436028,101.3434181087,103.3512851922,52561,,,,,,,,,,,,,,,,,,,,,,,,,,,102.72146077277081,96.96298064322941,91.60861215545573,90.67827200043706,,,,91.60861215545573,,95.49283139297326,"rgba(38, 166, 154, 0.5)",8.91666738034325,92.95230681574564,0.9520435905760536,55.806604309684964,10.62740904987551,False,False,True,False,False,9.077826588308337,0.0,0.0,0.0,0.0,1,1.0822355220402942,0.7631196300969036,False,False,False,False,0.2590810038393565,0.2600920064266523,False,False,False,False,622130,541044.5321314812,False,False,False,False,43958.746025462366,False,False,False,False
2022-12-08 00:00:00+00:00,101.0495839014,102.5481383588,100.432532066,101.6862246839,42660,,,,,,,,,,,,,,,,,,,,,,,,,,,102.5321888221472,97.06723743820015,91.76196373867434,90.77781487304694,,,,91.76196373867434,,95.53480121801715,"rgba(38, 166, 154, 0.5)",8.987667510059422,93.00097237720904,0.8955172757762315,53.48424425014893,8.446713180925073,False,True,False,False,False,8.573979647451193,0.0,0.0,0.0,0.0,0,1.072353855399071,0.7854754981565847,False,False,False,False,0.2222452410763217,0.241168623751487,False,False,False,False,579470,542551.4132243643,False,False,False,False,43907.81480877757,False,False,False,False
2022-12-09 00:00:00+00:00,100.1582868058,101.4462600813,99.7077410212,100.501093381,33631,,,,,,,,,,,,,,,,,,,,,,,,,,,102.32753127715876,97.12930821951788,91.868381098695,90.84837156706048,,,,91.868381098695,,95.54339804060804,"rgba(38, 166, 154, 0.5)",9.043368724666395,93.0267087688381,0.7885975076422617,50.82027173016998,5.9652699218850245,False,True,False,False,False,7.427296237697185,0.0,0.0,0.0,0.0,0,1.0728825506027477,0.7886569203931285,False,False,False,False,0.19527144966011897,0.21822003670580298,False,False,False,False,545839,542680.3381959578,False,False,False,False,43504.80246333532,False,False,False,False
2022-12-12 00:00:00+00:00,100.5402712754,100.8781806138,99.5314404968,100.3345873302,36298,,,,,,,,,,,,,,,,,,,,,,,,,,,102.13571346263542,97.19143133704944,91.97876795178192,90.92243112811215,,,,91.97876795178192,,95.55708596989473,"rgba(38, 166, 154, 0.5)",9.090783253376955,93.0554408532811,0.8233427432491598,49.61294969734236,4.842397873230752,False,True,False,True,False,7.8303312649070875,0.0,0.0,0.0,0.0,0,1.0735985113805,0.7989069515272362,False,False,False,False,0.18304857888569712,0.20063430779575003,False,False,False,False,582137,544227.6582667045,False,False,False,False,43222.1827588908,False,False,False,False
2022-12-13 00:00:00+00:00,101.7743749461,104.0075149219,101.3434181087,102.822383619,56469,,,,,,,,,,,,,,,,,,,,,,,,,,,102.16664761182217,97.34398379232789,92.18588640384284,91.06011794696224,,,,92.18588640384284,,95.68915893873879,"rgba(38, 166, 154, 0.5)",9.171815584266104,93.15369085048903,0.9399103172548977,50.569792952955915,4.842397873230752,False,True,False,False,False,9.125623830641622,0.0,0.0,0.0,0.0,0,1.0798978995541155,0.7901367220617523,False,False,False,False,0.25238515264685574,0.22650973022130289,False,False,False,False,638606,547928.769707226,False,False,False,False,43741.665787953905,False,False,False,False
2022-12-14 00:00:00+00:00,100.2758204888,102.3522488872,100.0554448333,101.3042402144,44776,,,,,,,,,,,,,,,,,,,,,,,,,,,102.04841411626431,97.424947611185,92.32131677878156,91.15298199404741,,,,92.32131677878156,,95.73691512506957,"rgba(38, 166, 154, 0.5)",9.229092820498566,93.20309573338002,0.766351026366413,49.14454720289106,4.336037260254898,False,True,False,True,False,7.16243189337796,0.0,0.0,0.0,0.0,0,1.0644710831360529,0.8208132803568238,False,False,False,False,0.21084047694238403,0.21867510358184344,False,False,False,False,593830,549728.8179540015,False,False,False,False,43782.227913916504,False,False,False,False
2022-12-15 00:00:00+00:00,96.7400155272,99.5118515497,96.5490232924,99.1886339216,57064,,,,,,,,,,,,,,,,,,,,,,,,,,,101.57734715305803,97.42989958444022,92.42390809936062,91.22964766218371,,,,92.42390809936062,,95.66520062476064,#000000,9.245313088802734,93.19650723245769,0.38327618120731416,44.578037229931766,-0.015720514818397646,False,True,False,True,False,2.7916689872653286,0.0,0.0,0.0,0.0,0,1.0298643857753336,0.8402429733704999,False,False,False,False,0.1234564556896225,0.17106577963573297,False,False,False,False,536766,549220.4721518838,False,False,False,False,44303.0817212139,False,False,False,False
2022-12-16 00:00:00+00:00,95.3492002792,96.7889878951,94.3403695007,95.7213902751,190847,,,,,,,,,,,,,,,,,,,,,,,,,,95.49285255833335,99.98595865790614,97.26273576354761,92.61120257090475,91.39270655811904,,,95.49285255833335,92.61120257090475,,95.34909122176218,#000000,9.247201353066869,93.24351212586942,0.22771085790537376,40.44594863922851,-3.804508314854708,False,True,False,True,False,1.1653839516174287,1.0,96.78899,94.34037,0.0,0,1.018075848610684,0.8621557180553375,False,False,True,False,0.05689715984029657,0.11398146973801476,False,False,False,False,345919,541247.8654008295,False,False,False,False,50049.90204587218,False,False,False,False
2022-12-19 00:00:00+00:00,97.1513834175,97.278711574,94.9770102832,95.7409792223,83343,,,,,,,,,,,,,,,,,,,,,,,,,,95.78957374024102,99.6254396569044,97.23391028712548,92.71135006695351,91.47610304166328,,,95.78957374024102,92.71135006695351,,95.36727535857754,#000000,9.238024693151477,93.26514141999868,0.420678892575633,40.31358666849341,-3.847146323563088,False,True,False,True,False,3.1514112858408865,0.0,0.0,0.0,0.0,0,1.0533955511793685,0.8475340954958781,False,False,False,False,0.07203401387837868,0.09300774180819672,False,False,False,False,429262,536856.2628360911,False,False,False,False,51355.51373034778,False,False,False,False
2022-12-20 00:00:00+00:00,99.9526028607,100.3541762774,97.2836088108,97.3080949947,64600,,,,,,,,,,,,,,,,,,,,,,,,,,96.43925807826776,99.59388816129253,97.28765324131741,92.83927289740757,91.57318138121664,,,96.43925807826776,92.83927289740757,,95.54665075190037,"rgba(38, 166, 154, 0.5)",9.246531459148267,93.36032753969731,0.7129457516180806,43.532884809329204,-3.847146323563088,False,True,False,True,True,6.091238328800838,0.0,0.0,0.0,0.0,0,1.0656854811581096,0.8136290121234299,False,False,False,False,0.1449429605947174,0.11897535120145705,False,False,False,False,493862,535170.2133131071,False,False,False,False,51874.90534876552,False,False,False,False
2022-12-21 00:00:00+00:00,102.1171815214,103.5667636109,100.8928723242,101.2258844258,80221,,,,,,,,,,,,,,,,,,,,,,,,,,97.54069114031763,99.81150663949492,97.4489281236825,93.06289007954625,91.73644152170182,,,97.54069114031763,93.06289007954625,,95.92009150094863,"rgba(38, 166, 154, 0.5)",9.267428055675909,93.55844914835549,0.923528331876571,47.73581909341905,-8.57212606136833,False,True,False,True,True,8.24495128515786,0.0,0.0,0.0,0.0,0,1.0832727336960533,0.7976834423288507,False,False,False,False,0.23972018451393348,0.17934776785769527,False,False,False,False,574083,536696.2049478873,False,False,False,False,52986.51690371589,False,False,False,False
2022-12-22 00:00:00+00:00,99.805685757,101.8037583669,98.5226097183,101.6666357368,42372,,,,,,,,,,,,,,,,,,,,,,,,,,97.77058899843051,99.8213564613723,97.4932304576353,93.14995048321944,91.80335993006933,,,97.77058899843051,93.14995048321944,,96.00769726614539,"rgba(38, 166, 154, 0.5)",9.265813583190395,93.61532398559396,0.6680861551797578,48.169672871731,-8.20774554927091,False,True,False,False,True,5.503248126659123,0.0,0.0,0.0,0.0,0,1.0623931776069118,0.8059410835206225,False,False,False,False,0.17987493338588303,0.17961135062178915,False,False,False,False,531711,536500.7067146369,False,False,False,False,52570.26133886429,False,False,False,False
2022-12-23 00:00:00+00:00,100.5990381168,101.0887617957,99.3061676046,99.5412349704,25453,,,,,,,,,,,,,,,,,,,,,,,,,,97.90447053135027,99.83401175310453,97.52203955880078,93.20334802129794,91.84442572101234,,,97.90447053135027,93.20334802129794,,96.06165911711317,"rgba(38, 166, 154, 0.5)",9.256858017532242,93.65074251435733,0.75061058398895,49.23348532007728,-7.103678950352418,False,True,False,False,True,6.29573696561814,0.0,0.0,0.0,0.0,0,1.0803907513949742,0.8226139295702565,False,False,False,False,0.17256889766308187,0.17609012414243552,False,False,False,False,557164,537311.0319415139,False,False,False,False,51506.8393255755,False,False,False,False
2022-12-27 00:00:00+00:00,101.1083507429,101.7156081047,100.0701365436,100.0701365436,36613,,,,,,,,,,,,,,,,,,,,,,,,,,98.11852027695747,99.87298234151238,97.57158435371758,93.28548278502524,91.90716523931545,,,98.11852027695747,93.28548278502524,,96.15114699930561,"rgba(38, 166, 154, 0.5)",9.269832291268024,93.708256437476,0.7982986178072207,50.44845280348936,-5.785972145148698,False,True,False,False,True,6.805152819778254,0.0,0.0,0.0,0.0,0,1.0752961226342987,0.8211372840486157,False,False,False,False,0.1858426013869387,0.1809663627646871,False,False,False,False,593777,539525.383630082,False,False,False,False,50922.76719516078,False,False,False,False
2022-12-28 00:00:00+00:00,98.9143886615,102.3620433608,98.5813765598,101.1769120579,39461,,,,,,,,,,,,,,,,,,,,,,,,,,98.24709275361815,99.87583409514654,97.60795198333955,93.36066850517933,91.96637696456808,,,98.24709275361815,93.36066850517933,,96.21158486037032,"rgba(38, 166, 154, 0.5)",9.267055744741647,93.75335092377051,0.5569231350159931,48.98854659965252,-5.785972145148698,False,True,False,False,True,4.223134081410947,0.0,0.0,0.0,0.0,0,1.0582765196085102,0.8280107181509728,False,False,False,False,0.17280239418255025,0.17688437847361868,False,False,False,False,554316,540105.4078014514,False,False,False,False,50473.28612868389,False,False,False,False
2022-12-29 00:00:00+00:00,100.9516391656,101.0006115335,99.2865786574,99.2865786574,50939,,,,,,,,,,,,,,,,,,,,,,,,,,98.4268214030966,99.89956982545735,97.66218784041317,93.46185721783202,92.04586725400641,,,98.4268214030966,93.46185721783202,,96.2992607081611,"rgba(38, 166, 154, 0.5)",9.22897104465708,93.81723013470717,0.773044903529429,50.1050752674781,-5.785972145148698,False,True,False,False,True,6.278368809758103,0.0,0.0,0.0,0.0,1,1.0499180336387848,0.8471223621959024,False,False,False,False,0.16268355639565363,0.16978396743463614,False,False,False,False,605255,542660.2937700219,False,False,False,False,50491.54941775511,False,False,False,False
2022-12-30 00:00:00+00:00,100.3052039095,101.1083507429,99.3551399724,100.5304768018,29067,,,,,,,,,,,,,,,,,,,,,,,,,,98.50953121976919,99.90834247392824,97.69049632655475,93.51703456310824,92.08972235757555,,,98.50953121976919,93.51703456310824,,96.34302538818721,"rgba(38, 166, 154, 0.5)",9.17084702607866,93.85090527826092,0.7037843519671975,50.1691564549982,-5.507901155482166,False,True,False,False,True,5.521299912425562,0.0,0.0,0.0,0.0,1,1.0643788054208259,0.8375132886184425,False,False,False,False,0.1613498588152108,0.16556691312492347,False,False,False,False,576188,543975.1057790406,False,False,False,False,49651.37100921569,False,False,False,False
2023-01-03 00:00:00+00:00,100.0897254908,101.4021849502,98.9437720822,100.5500657489,44849,,,,,,,,,,,,,,,,,,,,,,,,,,98.61619460452839,99.91700386059148,97.73114478298406,93.59906045645351,92.15556972931863,,,98.61619460452839,93.59906045645351,,96.40379468677523,"rgba(38, 166, 154, 0.5)",9.087760926285922,93.89981681194517,0.6811258272596954,49.97554942132037,-5.370740760554256,False,True,False,False,True,5.26699771439381,0.0,0.0,0.0,0.0,1,1.0561921840913742,0.8394280882942726,False,False,False,False,0.13874886753070015,0.1521578903278118,False,False,False,False,531339,543479.5722190783,False,False,False,False,49463.04273434449,False,False,False,False
2023-01-04 00:00:00+00:00,100.0113697022,100.9712281128,99.5360438994,100.873283377,37082,,,,,,,,,,,,,,,,,,,,,,,,,,98.69583214048563,99.92451241115457,97.76412423048653,93.6656433783743,92.20939167945893,,,98.69583214048563,93.6656433783743,,96.45190076799199,"rgba(38, 166, 154, 0.5)",8.980711066278829,93.93945066862116,0.6761067123490864,49.75380197141065,-5.23275950081706,False,True,False,False,True,5.173045083479767,0.0,0.0,0.0,0.0,1,1.052842514200155,0.865548841952885,False,False,False,False,0.12572971048177664,0.1389438004047942,False,False,False,False,494257,541549.2752693106,False,False,False,False,48977.511646723135,False,False,False,False
2023-01-05 00:00:00+00:00,99.9623973343,100.2170536473,98.0622694602,99.1690449745,42515,,,,,,,,,,,,,,,,,,,,,,,,,,98.73561642057983,99.90789286833993,97.7892822674906,93.73162858222962,92.26441979283558,,,98.73561642057983,93.73162858222962,,96.4857679862951,"rgba(38, 166, 154, 0.5)",8.891894928698218,93.97397921794753,0.6734692845981676,49.542856036969035,-5.072957062756579,False,True,False,False,True,5.11324109201005,0.0,0.0,0.0,0.0,1,1.0236888444163423,0.8757199022108565,False,False,False,False,0.055444080071762165,0.09719394023827818,False,False,False,False,451742,538027.4213371808,False,False,False,False,48724.07981743987,False,False,False,False
2023-01-06 00:00:00+00:00,102.7734112511,103.6549138731,101.1475286372,101.3630070559,23379,,,,,,,,,,,,,,,,,,,,,,,,,,98.84766151760384,99.95391656385917,97.82866619821168,93.78678934983387,92.3073365897482,,,98.84766151760384,93.78678934983387,,96.54487404385135,"rgba(38, 166, 154, 0.5)",8.807718957466177,94.01439824182577,0.9944700837495885,52.71167543762971,-1.7825247673654587,False,True,True,False,True,8.038812838349894,0.0,0.0,0.0,0.0,1,1.0237733055375915,0.8703363033287768,False,False,False,False,0.17957830010964165,0.1383861201739599,False,False,False,False,475121,535560.5028533698,False,False,False,False,47730.15511871674,False,False,False,False
2023-01-09 00:00:00+00:00,101.9702644177,103.7332696617,101.9114975762,103.703886241,31871,,,,,,,,,,,,,,,,,,,,,,,,,,98.99065206203748,100.01441710714762,97.8814587239242,93.86099172567498,92.36534116566855,,,98.99065206203748,93.86099172567498,,96.62257215689057,"rgba(38, 166, 154, 0.5)",8.709487668082065,94.06834803691913,0.9072768321079624,53.686839058379576,-0.6793324879765095,False,True,True,False,True,7.037581164258103,0.0,0.0,0.0,0.0,1,1.0223151005736963,0.8817516598381052,False,False,False,False,0.1800972858898049,0.1592417030318824,False,False,False,False,443250,531940.4831336298,False,False,False,False,47108.22746700236,False,False,False,False
2023-01-10 00:00:00+00:00,102.5579328324,103.3121072979,101.0887617957,101.0887617957,44450,,,,,,,,,,,,,,,,,,,,,,,,,,99.16131086657434,100.0872996925178,97.94977457443562,93.95984752101717,92.44343349337785,,,99.16131086657434,93.95984752101717,,96.72033322958455,"rgba(38, 166, 154, 0.5)",8.605018908432099,94.13855108599753,0.978426873432233,54.99414860689122,0.7292259318350887,False,True,True,False,True,7.643956239034104,0.0,0.0,0.0,0.0,0,1.0056724934537262,0.9006081906158291,False,False,False,False,0.13215128997242953,0.14569649650215596,False,False,False,False,487700,530205.5622264287,False,False,False,False,47003.98325261011,False,False,False,False
2023-01-11 00:00:00+00:00,104.6735391252,104.840045176,102.4991659909,102.4991659909,59962,,,,,,,,,,,,,,,,,,,,,,,,,,99.47456308243581,100.24752532143269,98.07293623745961,94.11574467592983,92.56449897439394,,,99.47456308243581,94.11574467592983,,96.89505365833037,"rgba(38, 166, 154, 1.0)",8.502765195683788,94.25752456033376,1.225014959857254,57.98037060892615,3.655377890854737,False,False,True,False,True,9.781522543037283,0.0,0.0,0.0,0.0,0,1.011236904912459,0.8976421709027936,False,False,False,False,0.19813147358715807,0.17191398504465702,False,False,False,False,547662,530890.1284136275,False,False,False,False,47512.14077211559,False,False,False,False
2023-01-12 00:00:00+00:00,106.4463388427,106.9752404159,103.7234751881,105.3591522756,34432,,,,,,,,,,,,,,,,,,,,,,,,,,99.69804845134348,100.37300545364394,98.16117373678884,94.2182101366969,92.6431052293759,,,99.69804845134348,94.2182101366969,,97.01870860156981,"rgba(38, 166, 154, 1.0)",8.407847894287658,94.33931719374613,1.439966778797159,61.427772370000426,6.8939195508030835,False,False,True,False,True,11.504519793383452,0.0,0.0,0.0,0.0,0,1.0083491945212575,0.8929496564892738,False,False,False,False,0.3125596465968666,0.24223681582076179,False,False,False,False,582094,532898.1233777989,False,False,False,False,46999.194075169886,False,False,False,False
2023-01-13 00:00:00+00:00,107.4943475155,107.6216756721,104.9869622796,104.9869622796,70825,,,,,,,,,,,,,,,,,,,,,,,,,,100.17852198552498,100.65826756710372,98.35929024248807,94.44098282718545,92.81385159391553,,,100.17852198552498,94.44098282718545,,97.29018284324357,"rgba(0, 255, 255, 0.75)",8.296074711736035,94.51904546539018,1.5640290741058924,64.49758361331006,9.688811809699388,True,False,True,False,True,12.500542644530402,0.0,0.0,0.0,0.0,0,0.9999209554389392,0.9035658815201049,False,False,False,False,0.34282824751890956,0.29253253166983567,False,False,False,False,652919,537604.8244218068,False,False,False,False,47933.53940555538,False,False,False,False
2023-01-17 00:00:00+00:00,108.7088622392,108.806806975,107.4159917269,108.0134546152,59836,,,,,,,,,,,,,,,,,,,,,,,,,,100.62406788078896,100.93901291698445,98.55058206026416,94.64699377180435,92.97125452449613,,,100.62406788078896,94.64699377180435,,97.54638223086762,"rgba(0, 255, 255, 0.75)",8.245183679050207,94.68804308333854,1.7004859687342428,67.37811370774938,12.271958762748696,True,False,True,False,True,13.638778644871607,0.0,0.0,0.0,0.0,0,1.0269246425801057,0.896769258663399,False,False,False,False,0.34282824851219723,0.31768039009101645,False,False,False,False,712755,544473.4587582066,False,False,False,False,48400.302566121834,False,False,False,False
2023-01-18 00:00:00+00:00,108.7382456599,109.9527603835,108.0722214566,108.7480401335,92227,,,,,,,,,,,,,,,,,,,,,,,,,,101.27017083097853,101.36622431904199,98.84900517867835,94.96647131232189,93.21710917280716,,,101.27017083097853,94.96647131232189,,97.93379616276557,"rgba(0, 255, 255, 0.75)",8.145857028206844,94.94831731545244,1.6928763046904534,69.31872484387378,13.986173871147471,True,False,True,False,True,13.666354459002278,0.0,0.0,0.0,0.0,0,1.0444691047670647,0.8717247824530961,False,False,False,False,0.34282824890775004,0.3302543194993832,False,False,False,False,804982,554689.479983375,False,False,False,False,50118.996583136664,False,False,False,False
2023-01-19 00:00:00+00:00,104.7812783345,108.9145461843,104.7714838609,108.2387275074,75059,,,,,,,,,,,,,,,,,,,,,,,,,,101.56134700531527,101.56614138715403,99.01621012794699,95.16664180301085,93.3774124174029,,,101.56134700531527,95.16664180301085,,98.13755054816602,"rgba(38, 166, 154, 1.0)",7.941962394119208,95.09932596253232,1.2190881663122564,64.48750206046245,13.986173871147471,True,False,True,False,False,8.509283127529311,0.0,0.0,0.0,0.0,0,1.011451983580009,0.884021957913711,False,False,False,False,0.2273635645975789,0.27880894204848106,False,False,False,False,729923,561561.382729125,False,False,False,False,51097.035932817584,False,False,False,False
2023-01-20 00:00:00+00:00,104.8106617552,105.7803146394,104.2327878142,105.7803146394,74882,,,,,,,,,,,,,,,,,,,,,,,,,,101.75103230546411,101.70106880120558,99.14845749080736,95.33803312165631,93.51859942557243,,,101.75103230546411,95.33803312165631,,98.29143822894116,"rgba(38, 166, 154, 1.0)",7.780509770620084,95.2226773545924,1.2323079956550793,61.29749982660992,17.433916146926393,False,False,True,False,False,8.538573693032216,0.0,0.0,0.0,0.0,0,0.9894619269586955,0.9213383310605254,False,False,False,False,0.13419378318266498,0.206501362615573,False,False,False,False,804805,571100.3481122965,False,False,False,False,52029.7796217267,False,False,False,False
2023-01-23 00:00:00+00:00,103.6842972938,105.1926462248,103.4884078222,104.5657999158,39557,,,,,,,,,,,,,,,,,,,,,,,,,,101.81929329623944,101.75113278086693,99.20641337796997,95.41864721276744,93.58654837251541,,,101.81929329623944,95.41864721276744,,98.35640700807184,"rgba(38, 166, 154, 1.0)",7.67400315710681,95.27860461885905,1.0953465229104749,57.716804031839985,14.25349621586686,False,False,True,False,False,7.123481919753434,0.0,0.0,0.0,0.0,0,0.9746041124770342,0.9336073298150293,False,False,False,False,0.10104901388471406,0.15377518825014352,False,False,False,False,765248,578713.9815196574,False,False,False,False,51540.65100910997,False,False,False,False
2023-01-24 00:00:00+00:00,104.8694285967,105.4277135906,102.5677273059,102.8419725661,50558,,,,,,,,,,,,,,,,,,,,,,,,,,101.90692845968213,101.81647064726803,99.28099305112143,95.52148175052965,93.67348940422832,,,101.90692845968213,95.52148175052965,,98.4398726625659,"rgba(38, 166, 154, 1.0)",7.560826657427882,95.35047254012966,1.2589835064157653,56.71727767665102,13.433658290519567,False,False,True,False,False,8.335896217798137,0.0,0.0,0.0,0.0,0,0.9815815856891499,0.9141394262149299,False,False,False,False,0.08407957849177028,0.1189273833709569,False,False,False,False,815806,588011.7077345728,False,False,False,False,51502.11567541938,False,False,False,False
2023-01-25 00:00:00+00:00,105.280796487,105.6725754301,103.9389536068,104.5168275479,40379,,,,,,,,,,,,,,,,,,,,,,,,,,101.99120456766134,101.8799052555195,99.34683274329907,95.60811576295399,93.74627492630628,,,101.99120456766134,95.60811576295399,,98.51446665114803,"rgba(38, 166, 154, 1.0)",7.4239792284511585,95.4126584608952,1.3292248971126985,56.52102198014218,13.19197473905794,False,False,True,False,False,8.755000826860307,0.0,0.0,0.0,0.0,0,0.9902524811330518,0.9502020061147909,False,False,False,False,0.12417399931043528,0.1215506913406961,False,False,False,False,856185,598528.3074312563,False,False,False,False,51065.91506069706,False,False,False,False
2023-01-26 00:00:00+00:00,106.2896272655,106.3679830541,104.7714838609,105.6823699037,38200,,,,,,,,,,,,,,,,,,,,,,,,,,102.0882561242125,101.95342717531118,99.41689760431088,95.69590023008881,93.81939978427897,,,102.0882561242125,95.69590023008881,,98.59477618364046,"rgba(0, 255, 255, 0.75)",7.178274828979948,95.47738826599812,1.5062447812461834,57.52360129902822,13.19197473905794,False,False,True,False,False,9.781045065342695,0.0,0.0,0.0,0.0,0,0.9863393883160085,0.9476003402531006,False,False,False,False,0.16244827660512318,0.14199948397290962,False,False,False,False,894385,610130.5306692462,False,False,False,False,50561.369372042274,False,False,False,False
2023-01-27 00:00:00+00:00,108.6794788184,109.0418743408,106.9850348895,107.7685927757,39059,,,,,,,,,,,,,,,,,,,,,,,,,,102.2439615873566,102.07134404236213,99.51357906513707,95.8052671190796,93.90820029145407,,,102.2439615873566,95.8052671190796,,98.70847042107789,"rgba(0, 255, 255, 0.75)",6.970937745997282,95.56255071259189,1.8816590513005031,60.45875784171389,13.19197473905794,False,False,True,False,True,12.134740294180062,0.0,0.0,0.0,0.0,0,0.9915016675459246,0.944415213074127,False,False,False,False,0.28873346427281305,0.21536647412286133,False,False,False,False,933444,622809.4902508444,False,False,False,False,50110.29606333473,False,False,False,False
2023-01-30 00:00:00+00:00,108.7284511863,109.5609814404,107.8567430379,107.8567430379,63689,,,,,,,,,,,,,,,,,,,,,,,,,,102.5006421591041,102.2686583486184,99.67518852897369,95.98629455202992,94.05544660709315,,,102.5006421591041,95.98629455202992,,98.89724603916385,"rgba(0, 255, 255, 0.75)",6.750400959680186,95.70417401483998,1.9294079343217383,62.45787826205825,13.19197473905794,True,False,True,False,True,12.182144142810092,0.0,0.0,0.0,0.0,0,0.9878413529930062,0.957301451752478,False,False,False,False,0.32619570742582865,0.270781090774345,False,False,False,False,997133,637488.8435743407,False,False,False,False,50642.79425692945,False,False,False,False
2023-01-31 00:00:00+00:00,113.1947311378,113.3710316622,108.2583164546,108.6500953977,62391,,,,,,,,,,,,,,,,,,,,,,,,,,102.84127682122588,102.5326841403907,99.87701876552705,96.19797250556032,94.22478677063954,,,102.84127682122588,96.19797250556032,,99.13474780066869,"rgba(0, 255, 0, 1.0)",6.57286685481167,95.87551585490516,2.634956049690297,66.86089497496587,10.224559873216329,True,False,True,False,True,16.301228296111212,0.0,0.0,0.0,0.0,0,0.994725792778602,0.919855843625422,False,False,False,False,0.3428282495586213,0.30680467016648316,False,False,False,False,1059524,654039.2418655431,False,False,False,False,51103.5082076381,False,False,False,False
2023-02-01 00:00:00+00:00,116.7011526786,118.0038176644,112.21528378,112.21528378,74894,,,,,,,,,,,,,,,,,,,,,,,,,,103.39121791047089,102.96289074849615,100.19069307513816,96.50914967473544,94.46995691227217,,,103.39121791047089,96.50914967473544,,99.50478166422256,"rgba(0, 255, 0, 1.0)",6.572523840031233,96.13449735444891,3.129186873219976,71.35096593435279,14.4116149502822,True,False,True,False,True,19.230799658820228,0.0,0.0,0.0,0.0,0,1.037962838987253,0.8851053323689594,False,False,False,False,0.3428282506258698,0.3248164603961765,False,False,False,False,1134418,672877.6245374826,False,False,False,False,52036.46867008367,False,False,False,False
2023-02-02 00:00:00+00:00,118.385802134,119.3456605446,117.1761846471,117.82751714,68931,,,,,,,,,,,,,,,,,,,,,,,,,,103.9584835313077,103.41268991728963,100.51644474255157,96.82552739284121,94.71845905295515,,,103.9584835313077,96.82552739284121,,99.88632092738905,"rgba(0, 255, 0, 1.0)",6.522156815191636,97.68851290878922,3.1733811086850796,74.9474180474414,17.69069477411466,True,False,True,False,True,20.0,0.0,0.0,0.0,0.0,0,1.0560749984683353,0.8900231517977804,False,True,False,False,0.3428282511520449,0.3338223557741107,False,False,False,False,1203349,693680.4235752284,False,False,False,False,52698.99931047255,False,False,False,False
2023-02-03 00:00:00+00:00,116.1036897904,119.1889489673,114.8010248045,116.7795084672,132011,,,,,,,,,,,,,,,,,,,,,,,,,,104.82359736839012,104.11906982505943,101.0552468795187,97.36307438864735,95.14877145342747,,,104.82359736839012,97.36307438864735,,100.50195198300861,"rgba(0, 255, 0, 1.0)",6.464195747936855,98.04415693781243,2.793778771063908,74.04455301556888,17.69069477411466,True,False,True,False,True,17.508680550615995,0.0,0.0,0.0,0.0,0,1.0481560560052647,0.8718623557146988,False,False,False,False,0.30204939132397346,0.31793587354904207,False,False,False,False,1071338,708490.524611494,False,False,False,False,55809.27384731677,False,False,False,False
2023-02-06 00:00:00+00:00,115.0850645383,115.7461915048,113.8901387618,115.2711595363,66809,,,,,,,,,,,,,,,,,,,,,,,,,,105.15862981059675,104.40175737785447,101.28480268024975,97.60000264747815,95.3426194571477,,,105.15862981059675,97.60000264747815,,100.75756239466537,"rgba(0, 255, 0, 1.0)",6.373833211727678,98.19054551631801,2.650605759638727,72.09711704019996,17.69069477411466,True,False,True,False,True,16.181441594341727,0.0,0.0,0.0,0.0,0,1.0381805618953792,0.8975292749191037,False,False,False,False,0.23406872028639916,0.2760022969177206,False,False,False,False,1004529,720099.876587514,False,False,False,False,56240.63565722592,False,False,False,False
2023-02-07 00:00:00+00:00,117.8373116136,118.0821734531,113.8411663939,114.7716413838,74025,,,,,,,,,,,,,,,,,,,,,,,,,,105.56441519647814,104.7455582916651,101.56071501188943,97.87992238588004,95.5710741101192,,,105.56441519647814,97.87992238588004,,101.06433699920638,"rgba(0, 255, 0, 1.0)",6.321492024840773,98.4049818403932,3.0740100116943916,72.30840758270962,17.69069477411466,True,False,True,False,True,18.41954413774196,0.0,0.0,0.0,0.0,0,1.0353787681372288,0.8834690942532407,False,False,False,False,0.2694773221879375,0.27273980955282906,False,False,False,False,1078554,734156.9010350624,False,False,False,False,56938.061709883725,False,False,False,False
2023-02-08 00:00:00+00:00,115.6825274265,117.852249786,115.1425512737,117.0471944309,62959,,,,,,,,,,,,,,,,,,,,,,,,,,105.8769420560349,105.01459271417767,101.7822152982006,98.10711044893108,95.75827270663127,,,105.8769420560349,98.10711044893108,,101.30782664479509,"rgba(0, 255, 0, 1.0)",6.181251457182803,98.57509677057458,2.767632214031039,69.80051356295291,17.69069477411466,True,False,True,False,False,15.663486437633534,0.0,0.0,0.0,0.0,0,1.0463333104935015,0.889456574221513,False,False,False,False,0.2862907972018528,0.27951530337734093,False,False,False,False,1015595,745193.6892297659,False,False,False,False,57174.17693694711,False,False,False,False
2023-02-09 00:00:00+00:00,113.7975197658,117.3220913814,113.6993422835,116.3501343063,79326,,,,,,,,,,,,,,,,,,,,,,,,,,106.19974623042773,105.29924252356022,102.02793063493863,98.36571195889958,95.97483854135729,,,106.19974623042773,98.36571195889958,,101.57349397783669,"rgba(0, 255, 0, 1.0)",6.085761852330391,98.75512081928278,2.471736376072145,66.074199919457,23.20482342252484,True,False,True,False,False,13.337125540958613,0.0,0.0,0.0,0.0,0,1.048527730477757,0.8877398772206182,False,False,False,False,0.2554393021974281,0.2674773027873845,False,False,False,False,936269,752686.838671736,False,False,False,False,58042.87588059624,False,False,False,False
2023-02-10 00:00:00+00:00,114.2785894292,114.9658318055,113.1986371236,113.4637163259,53090,,,,,,,,,,,,,,,,,,,,,,,,,,106.38480147810402,105.46588466750815,102.1775396071063,98.52633108400978,96.1111275947015,,,106.38480147810402,98.52633108400978,,101.73313688628595,"rgba(0, 255, 0, 1.0)",6.005905771371843,98.86328592458608,2.566690869193044,63.94876753671631,21.084283532280693,True,False,True,False,False,13.746428482131027,0.0,0.0,0.0,0.0,0,1.0482473982548377,0.888533775125221,False,False,False,False,0.2115869721445805,0.2395321374659825,False,False,False,False,989359,761968.0999002954,False,False,False,False,57848.645453906196,False,False,False,False
2023-02-13 00:00:00+00:00,115.5058079583,115.8985178876,114.0331457234,114.6320283656,51972,,,,,,,,,,,,,,,,,,,,,,,,,,106.58004225749566,105.6411166621047,102.33238073674264,98.69027862569683,96.24985550621633,,,106.58004225749566,98.69027862569683,,101.89873475765123,"rgba(0, 255, 0, 1.0)",5.984421985777435,98.98251787908151,2.7610502933261896,63.445689832546805,20.42831775670446,True,False,True,False,False,14.7868287555901,0.0,0.0,0.0,0.0,0,1.069408696400037,0.8861079568069956,False,False,False,False,0.23860717840560333,0.23906965793579293,False,False,False,False,1041331,772923.5077473426,False,False,False,False,57618.188769439286,False,False,False,False
2023-02-14 00:00:00+00:00,114.013510227,115.0836447843,112.5604834885,115.0836447843,92930,,,,,,,,,,,,,,,,,,,,,,,,,,106.86000648729558,105.89962262064559,102.57388755941851,98.95366772196803,96.47672808471995,,,106.86000648729558,98.95366772196803,,102.15278249480953,"rgba(0, 255, 0, 1.0)",5.931018384488124,99.16291016286056,2.5038870395309223,61.37440679334509,18.229507478843843,True,False,True,False,False,12.933590120934273,0.0,0.0,0.0,0.0,0,1.0295863463106896,0.8986902432277588,False,False,False,False,0.20369036093010112,0.22138000943294703,False,False,False,False,948401,779804.9780317605,False,False,False,False,59002.965680441666,False,False,False,False
2023-02-15 00:00:00+00:00,114.5142153868,114.6811171068,112.6390254744,113.296814606,67942,,,,,,,,,,,,,,,,,,,,,,,,,,107.05308821106429,106.07991054118874,102.74504906320786,99.141265339222,96.63948627089052,,,107.05308821106429,99.141265339222,,102.33175988511468,"rgba(0, 255, 0, 1.0)",5.902265827979082,99.29419071341283,2.578674888080814,60.41928440252716,17.074998574705972,False,False,True,False,False,13.369119640859353,0.0,0.0,0.0,0.0,0,1.032518945692175,0.9092822071461971,False,False,False,False,0.1987862908222,0.2100831501275735,False,False,False,False,1016343,789080.9788932601,False,False,False,False,59353.51604591455,False,False,False,False
2023-02-16 00:00:00+00:00,113.3459033471,113.9546037376,111.2056342324,112.7862916979,78465,,,,,,,,,,,,,,,,,,,,,,,,,,107.2295270599678,106.25033357194886,102.91746186278264,99.33635460228383,96.81190820116433,,,107.2295270599678,99.33635460228383,,102.50911705962949,"rgba(0, 255, 0, 1.0)",5.8974961999903694,99.42405056646977,2.3606378552059035,58.394071083719055,14.895209226765843,False,False,True,False,False,11.91695392658821,0.0,0.0,0.0,0.0,0,1.0272678635725512,0.9074149946518054,False,False,False,False,0.1663207636725059,0.1882019569000397,False,False,False,False,937878,794916.1561915637,False,False,False,False,60102.986004898296,False,False,False,False
2023-02-17 00:00:00+00:00,114.7891123373,115.5254434548,112.6095722297,113.8564262552,60725,,,,,,,,,,,,,,,,,,,,,,,,,,107.39282899392565,106.40463803346738,103.06612254264768,99.49962207859046,96.9548824075864,,,107.39282899392565,99.49962207859046,,102.66361881124351,"rgba(0, 255, 0, 1.0)",5.9501322063691235,99.54314652064379,2.56229026311998,58.38630266550166,14.60015654141803,False,False,True,False,False,13.19712678117515,0.0,0.0,0.0,0.0,0,1.034786467242061,0.8968841672121439,False,False,False,False,0.21113930814438256,0.19967063252221112,False,False,False,False,998603,802903.8755566005,False,False,False,False,60127.378710588564,False,False,False,False
2023-02-21 00:00:00+00:00,112.4819415026,113.9349682411,112.1285025663,113.4931695706,75410,,,,,,,,,,,,,,,,,,,,,,,,,,107.54477495444863,106.55431864586147,103.22213973378167,99.67797995248107,97.1145489759039,,,107.54477495444863,99.67797995248107,,102.82275245249534,"rgba(0, 255, 0, 1.0)",5.97250127719415,99.66515159242454,2.145966876410066,55.768433610650014,11.828333225743556,False,False,True,False,False,10.371005429616194,0.0,0.0,0.0,0.0,0,1.0301846012946643,0.906493132760173,False,False,False,False,0.17985121181182187,0.1897609221670165,False,False,False,False,923193,807621.0961230083,False,False,False,False,60726.69719252627,False,False,False,False
2023-02-22 00:00:00+00:00,112.6586609708,113.8858794999,111.7161571405,112.4819415026,84316,,,,,,,,,,,,,,,,,,,,,,,,,,107.7020803009318,106.71124860864596,103.38913032238875,99.87044445020389,97.28826166840011,,,107.7020803009318,99.87044445020389,,102.9922330701141,"rgba(0, 255, 0, 1.0)",5.935259880224148,99.79798193458821,2.1668266083954695,54.207656033771464,10.122377220947541,False,False,False,False,False,10.53246211049392,0.0,0.0,0.0,0.0,0,1.0339346254814918,0.8935968553726192,False,False,False,False,0.17293108036771945,0.181346001267368,False,False,False,False,1007509,815459.8374515177,False,False,False,False,61651.76789085857,False,False,False,False
2023-02-23 00:00:00+00:00,112.2168623004,113.8564262552,111.2350874771,113.2182726201,41147,,,,,,,,,,,,,,,,,,,,,,,,,,107.77083672113912,106.78110867381365,103.46582570887377,99.96006244225548,97.36993003646651,,,107.77083672113912,99.96006244225548,,103.0695527165097,"rgba(0, 255, 0, 1.0)",5.9198461123650015,99.85942236877118,2.087459656395016,52.65888501844502,8.437554293422949,False,True,False,False,False,9.990817334014213,0.0,0.0,0.0,0.0,0,1.035537162135138,0.8862613257303437,False,False,False,False,0.16529379959554652,0.17331990043145726,False,False,False,False,966362,821377.5693161641,False,False,False,False,60847.65934611902,False,False,False,False
2023-02-24 00:00:00+00:00,111.9517830981,111.9517830981,110.3613078844,110.7736533101,37415,,,,,,,,,,,,,,,,,,,,,,,,,111.42162469353333,107.81842248869657,106.83203522423362,103.5266842197812,100.03391290526173,97.43848120725322,,,107.81842248869657,100.03391290526173,,104.51186012312661,"rgba(0, 255, 255, 0.75)",5.9114770735169335,100.54713151365773,1.9292389097700176,51.307223154766774,6.9435318328308995,False,True,False,False,False,9.662570752467314,0.0,0.0,0.0,0.0,0,1.0282134516255326,0.8946956933324482,False,False,False,False,0.12403908344669737,0.1486794919390773,False,False,False,False,928947,825595.9783625891,False,False,False,False,59928.73152862416,False,False,False,False
2023-02-27 00:00:00+00:00,113.2771791095,113.8760617517,112.3837640203,113.2771791095,45819,,,,,,,,,,,,,,,,,,,,,,,,,112.38903288876782,107.90264428983444,106.91620308364999,103.61626596686594,100.13682333570696,97.53196110671904,,,107.90264428983444,100.13682333570696,,104.74882177859068,"rgba(0, 255, 0, 1.0)",5.93417839580505,100.67082251313485,2.1243642768267206,52.051578037566806,6.9435318328308995,False,True,False,False,False,10.925153096791071,0.0,0.0,0.0,0.0,0,1.0329368867419706,0.9048744810608801,False,False,False,False,0.18280108803452083,0.16574028998679907,False,False,False,False,974766,831445.7831326837,False,False,False,False,59375.40872358007,False,False,False,False
2023-02-28 00:00:00+00:00,113.5717115565,114.4209467786,112.7961094461,112.8255626908,87677,,,,,,,,,,,,,,,,,,,,,,,,,113.0083358846483,108.06882336603952,107.08151988055738,103.79041176305938,100.33548078676912,97.71246779976964,,,108.06882336603952,100.33548078676912,,104.99950658014058,"rgba(0, 255, 0, 1.0)",5.942024131163967,100.84331237579623,2.1420981974723894,52.90306628244828,6.9435318328308995,False,True,False,False,False,11.204695564052006,0.0,0.0,0.0,0.0,0,1.0460170309042944,0.8876813138612685,False,False,False,False,0.1972278927514489,0.18148409136912397,False,False,False,False,1062443,840504.4975196373,False,False,False,False,60485.27504814556,False,False,False,False
2023-03-01 00:00:00+00:00,115.3781772313,115.5450789513,113.2477258648,114.0036924787,44846,,,,,,,,,,,,,,,,,,,,,,,,,113.36487335913563,108.16671112231185,107.17704711985765,103.88713062154153,100.44328993653808,97.8096788277023,,,108.16671112231185,100.44328993653808,,105.14145516451451,"rgba(0, 255, 0, 1.0)",5.940734613416057,100.94126576954415,2.4301559320883896,55.498658270974644,6.9435318328308995,False,False,True,False,True,12.900283534032724,0.0,0.0,0.0,0.0,1,1.0744274550730681,0.8618772027982494,False,False,False,False,0.22115737697634308,0.20132073417273352,False,False,False,False,1107289,850966.6348718085,False,False,False,False,59871.97014429671,False,False,False,False
2023-03-02 00:00:00+00:00,116.3108633134,116.6053957604,113.7877020176,114.4749443939,40354,,,,,,,,,,,,,,,,,,,,,,,,,113.71200584892674,108.26339405801477,107.27037856854825,103.97937843863974,100.54458329655058,97.90052732604288,,,108.26339405801477,100.54458329655058,,105.27837792278716,"rgba(0, 255, 0, 1.0)",6.0329209845156075,101.03577434457287,2.5319557488044233,58.1558823333862,2.9811673422185763,False,False,True,False,True,13.757838233554839,0.0,0.0,0.0,0.0,1,1.0952594579623551,0.8333051081593206,False,False,False,False,0.24331183541492346,0.22231628479382848,False,False,False,False,1147643,862601.0021317375,False,False,False,False,59106.55955040272,False,False,False,False
2023-03-03 00:00:00+00:00,118.5591276587,119.035288448,115.4567192172,116.8213862215,58557,,,,,,,,,,,,,,,,,,,,,,,,,114.45110605578476,108.43863912114647,107.43578246874193,104.13464679919036,100.70954193530696,98.04630550418376,,,108.43863912114647,100.70954193530696,,105.53600364739238,"rgba(0, 255, 0, 1.0)",6.180898034523451,102.07234967957878,2.6673758225801834,61.85042499329916,6.494727991885,True,False,True,False,True,15.769717071524987,0.0,0.0,0.0,0.0,1,1.1021642064456274,0.8202095083648296,False,False,False,False,0.30463275782172383,0.26347452130777615,False,False,False,False,1206200,876075.4726363753,False,False,False,False,59085.00819548497,False,False,False,False
2023-03-06 00:00:00+00:00,114.5142153868,118.8045713645,112.9286490472,118.8045713645,70772,,,,,,,,,,,,,,,,,,,,,,,,,114.62823910977627,108.59206057213736,107.58609143564081,104.28703631527128,100.87864395266392,98.19963149293952,,,108.59206057213736,100.87864395266392,,105.69528381307151,"rgba(0, 255, 255, 0.75)",6.238282852357778,102.13461660461908,1.9844561516639172,58.81755299750152,6.494727991885,False,False,True,False,False,10.606799078181961,0.0,0.0,0.0,0.0,1,1.0651916882127714,0.849258318411396,False,False,False,False,0.25259515221672446,0.2580348367622503,False,False,False,False,1135428,886246.1599839685,False,False,False,False,59543.3215995836,False,False,False,False
2023-03-07 00:00:00+00:00,115.4861724619,115.9181533841,113.3949920883,115.0934625326,72862,,,,,,,,,,,,,,,,,,,,,,,,,114.67670760818955,108.73243402441477,107.72585364003149,104.4330628686624,101.04307696979025,98.3503355706154,,,108.73243402441477,101.04307696979025,,105.82691178028398,"rgba(0, 255, 0, 1.0)",6.3176865370168045,102.22220352255722,2.0994977926850398,57.7282296603381,6.494727991885,False,False,True,False,False,11.49250818263453,0.0,0.0,0.0,0.0,1,1.0492231668826477,0.8926902271221901,False,False,False,False,0.20856260581455,0.23329872128840015,False,False,False,False,1208290,898875.3301806756,False,False,False,False,60065.62271332542,False,False,False,False
2023-03-08 00:00:00+00:00,115.7807049088,116.2715923205,115.0738270361,115.6432564336,42690,,,,,,,,,,,,,,,,,,,,,,,,,114.76464534073423,108.82175963977356,107.81384669959483,104.52295728926694,101.14292367619773,98.44145003441506,,,108.82175963977356,101.14292367619773,,105.91793044666372,"rgba(0, 255, 0, 1.0)",6.395934481444599,102.29556033083345,2.108393170237849,57.28880945482229,6.494727991885,False,False,True,False,False,11.761471365767555,0.0,0.0,0.0,0.0,1,1.0834029483478236,0.8769736900344478,False,False,False,False,0.24547861579136346,0.2393886685398818,False,False,False,False,1250980,912683.3564481001,False,False,False,False,59384.22574417541,False,False,False,False
2023-03-09 00:00:00+00:00,115.6628919301,116.7428442357,115.2701820007,115.9377888806,65400,,,,,,,,,,,,,,,,,,,,,,,,,114.8948152773606,108.95777879091821,107.94799337311291,104.6601381822459,101.29516844007117,98.5806566893898,,,108.95777879091821,101.29516844007117,,106.0560917921831,"rgba(0, 255, 0, 1.0)",6.469912679856033,102.41065993249907,2.048286067115177,56.83707317239346,6.494727991885,False,False,True,False,False,11.611751781334949,0.0,0.0,0.0,0.0,1,1.0791104761009098,0.867611304232853,False,False,False,False,0.25774543438860764,0.24856705146424474,False,False,False,False,1185580,923385.1856069982,False,False,False,False,59620.13846009011,False,False,False,False
2023-03-10 00:00:00+00:00,112.413217265,114.9167430644,111.1565454912,114.9167430644,67343,,,,,,,,,,,,,,,,,,,,,,,,,114.67527668252565,109.03297441245122,108.03005030686133,104.76038614276419,101.41647064504019,98.6967408060891,,,109.03297441245122,101.41647064504019,,106.10198316595529,"rgba(0, 255, 255, 0.75)",6.4919027521737345,102.44938280886386,1.5348095676263591,52.73306201720891,8.282644902912146,False,True,False,False,False,7.59983816498686,0.0,0.0,0.0,0.0,1,1.0406241700170467,0.883217335628335,False,False,False,False,0.15080891640579733,0.19968798393502102,False,False,False,False,1118237,931026.4332302532,False,False,False,False,59922.995775380696,False,False,False,False
2023-03-13 00:00:00+00:00,111.2449052253,112.2252073864,109.7427897457,110.6263870867,63705,,,,,,,,,,,,,,,,,,,,,,,,,114.34605478601712,109.0697482345376,108.07765541941895,104.83280645510604,101.51157765425509,98.79138156904835,,,109.0697482345376,101.51157765425509,,106.10487068639719,"rgba(38, 166, 154, 1.0)",6.500001389767183,102.45712559518881,1.3519658078759194,48.88925074393913,4.661346687539044,False,True,False,False,False,6.219679819800188,0.0,0.0,0.0,0.0,1,1.0401117980577388,0.9060074507426867,False,False,False,False,0.07898954370701063,0.13933876382101582,False,False,False,False,1054532,935869.788789851,False,False,False,False,60071.309666542234,False,False,False,False
2023-03-14 00:00:00+00:00,114.3276781704,115.2210932596,113.2477258648,113.8564262552,56033,,,,,,,,,,,,,,,,,,,,,,,,,114.34006415748534,109.15092208583323,108.16170188615651,104.92706816057284,101.62113718279136,98.8947825444448,,,109.15092208583323,101.62113718279136,,106.18261266954732,"rgba(0, 255, 255, 0.75)",6.538452824453201,102.52955447553902,1.8044213228452322,49.816780293611565,4.661346687539044,False,True,False,False,False,9.180818893080808,0.0,0.0,0.0,0.0,1,1.0482453987176341,0.8779955829474859,False,False,False,False,0.19339418338349748,0.16636647360225665,False,False,False,False,1110565,942720.5813863274,False,False,False,False,59912.944581579795,False,False,False,False
2023-03-15 00:00:00+00:00,110.9111017854,112.118684818,109.1095449847,111.6474329029,82723,,,,,,,,,,,,,,,,,,,,,,,,,113.98125774729101,109.18614136800421,108.21185756853968,105.01118893297195,101.73499788757624,99.01023251419575,,,109.18614136800421,101.73499788757624,,106.18927933642982,"rgba(38, 166, 154, 1.0)",6.530882306973387,102.54951664296985,1.2803147797506667,47.36297414329191,3.2983530802830074,False,True,False,True,False,5.2725435182307905,0.0,0.0,0.0,0.0,1,1.0168792650761556,0.8883224701196938,False,False,False,False,0.06615490262658277,0.11626068811441971,False,False,True,False,1027842,946058.6762339224,False,False,False,False,60807.45655877274,False,False,False,False
2023-03-16 00:00:00+00:00,113.3066323542,114.1509587022,108.99664088,109.4777105434,63843,,,,,,,,,,,,,,,,,,,,,,,,112.15141064546665,113.85146011794187,109.23685290267439,108.27073307980346,105.09041617249079,101.83470900770894,99.10856502967805,,112.15141064546665,109.23685290267439,101.83470900770894,,107.07773527939489,"rgba(0, 255, 255, 0.75)",6.555458765161718,103.07510590094971,1.560764367495475,48.046745214978955,3.2983530802830074,False,True,False,True,False,7.514199283537092,1.0,114.150955,108.99664,0.0,1,1.01867868861134,0.8780977525628126,False,False,False,False,0.09951074494819569,0.1078857165313077,False,False,False,False,1091685,951769.5124600431,False,False,False,False,60926.49747803656,False,False,False,False
2023-03-17 00:00:00+00:00,112.1383203145,113.0120999072,111.2939939665,112.7372029567,250133,,,,,,,,,,,,,,,,,,,,,,,,112.14880350053572,113.48103112502996,109.41967094158365,108.48520685824535,105.38445441538123,102.20752645245902,99.47995891458372,,112.14880350053572,109.41967094158365,102.20752645245902,,107.22952174397408,"rgba(38, 166, 154, 1.0)",6.537201004333715,103.26561043078053,1.3572643517978846,47.499088383923805,3.241668101335563,False,True,False,True,False,6.2148332347140425,0.0,0.0,0.0,0.0,1,1.0285951692536193,0.881524919945859,False,False,False,False,0.11974628046536125,0.11381599849833447,False,False,False,False,841552,947447.2570694531,False,False,False,False,68346.36032203512,False,False,False,False
2023-03-20 00:00:00+00:00,112.0205073357,114.4945798904,111.9125121051,112.9139224249,53703,,,,,,,,,,,,,,,,,,,,,,,,112.24526063090907,113.4510617686768,109.46476144121937,108.53595479449217,105.45027792344585,102.28917294693605,99.56097228673605,,112.24526063090907,109.46476144121937,102.28917294693605,,107.28535168463075,"rgba(38, 166, 154, 1.0)",6.505420107543746,103.32018032279942,1.3373966429641655,47.03015406377571,2.5490595458813132,False,True,False,True,False,6.083449002340913,0.0,0.0,0.0,0.0,1,1.0432867778900292,0.8660849301396458,False,False,False,False,0.12278222052558017,0.11829910951195732,False,False,False,False,787849,941188.5018902589,False,False,False,False,67772.11089764159,False,False,False,False
2023-03-21 00:00:00+00:00,116.0457841111,117.263184892,113.9447859893,113.9447859893,118108,,,,,,,,,,,,,,,,,,,,,,,,113.0976621751086,113.65656428132074,109.64345586154275,108.71750669404315,105.64728068711653,102.51338649256301,99.77453216886002,,113.0976621751086,109.64345586154275,102.51338649256301,,107.57862690865068,"rgba(0, 255, 255, 0.75)",6.54550799658752,103.54189006194649,1.9103015465984279,50.33756706546021,2.5490595458813132,False,True,False,False,True,9.762868318558095,0.0,0.0,0.0,0.0,1,1.0302971889708386,0.8540453826393641,False,False,False,False,0.2245117941095997,0.17140545181077851,False,False,False,False,905957,939806.8743651507,False,False,False,False,69746.06733302819,False,False,False,False
2023-03-22 00:00:00+00:00,112.0892315733,116.2617745723,111.8830588604,116.2617745723,69048,,,,,,,,,,,,,,,,,,,,,,,,113.13670056005404,113.64439258254586,109.70504669468104,108.78555313387938,105.73312801343128,102.61847587078702,99.87888737363294,,113.13670056005404,109.70504669468104,102.61847587078702,,107.64316917557308,"rgba(38, 166, 154, 1.0)",6.544174496810827,103.61232933126753,1.2953356066778958,49.147000546527366,2.5490595458813132,False,True,False,False,True,5.454609417687646,0.0,0.0,0.0,0.0,1,1.010370134104466,0.8640183939411081,False,False,False,False,0.15920646937110502,0.16530596059094177,False,False,False,False,836909,935771.6636057331,False,False,False,False,69718.69214349767,False,False,False,False
2023-03-23 00:00:00+00:00,113.0611886484,115.1327335255,112.1775913074,112.3641285238,60372,,,,,,,,,,,,,,,,,,,,,,,,113.16814924494561,113.63660499240324,109.75791743473388,108.84402647282002,105.80708646217303,102.70909677620244,99.96913465104633,,113.16814924494561,109.75791743473388,102.70909677620244,,107.69885943347495,"rgba(38, 166, 154, 1.0)",6.554967475463895,103.67354260683992,1.432142276326966,49.17139052602627,2.5490595458813132,False,True,False,False,True,6.329533200113573,0.0,0.0,0.0,0.0,1,1.017334881836966,0.869008131506627,False,False,False,False,0.1222762824547983,0.14379112152287005,False,False,False,False,897281,934262.225817273,False,False,False,False,69352.15519669383,False,False,False,False
2023-03-24 00:00:00+00:00,114.2295006881,114.3374959186,110.7932888066,112.0499605804,75670,,,,,,,,,,,,,,,,,,,,,,,,113.16288600085119,113.61101073417174,109.8162678114964,108.91007496617445,105.8938118510218,102.81706710945345,100.07778519751604,,113.16288600085119,109.8162678114964,102.81706710945345,,107.75555766724072,"rgba(0, 255, 255, 0.75)",6.553572469433282,103.74222075135859,1.6002386462735338,50.16020414965021,2.5490595458813132,False,True,False,False,True,7.373068736457149,0.0,0.0,0.0,0.0,1,0.9982738310215498,0.885802865634132,False,False,False,False,0.06654925794256644,0.10517018973271824,False,False,False,False,972951,935779.4326479683,False,False,False,False,69599.91381643132,False,False,False,False
2023-03-27 00:00:00+00:00,115.5156257066,116.3894052993,114.2884071775,115.7217984194,86116,,,,,,,,,,,,,,,,,,,,,,,,113.41058829677654,113.70639462315394,109.92437224761053,109.02214868536213,106.02037131930194,102.96381870543213,100.22048711499852,,113.41058829677654,109.92437224761053,102.96381870543213,,107.8954544275194,"rgba(0, 255, 255, 0.75)",6.571138630370569,103.86744640781198,1.7726272346397207,51.85722834845467,2.5490595458813132,False,True,False,False,True,8.508090803448212,0.0,0.0,0.0,0.0,1,1.013346807358307,0.885118735504577,False,False,False,False,0.19731106240040766,0.15124062606656297,False,False,False,False,1059067,940614.239210793,False,False,False,False,70247.60347068892,False,False,False,False
2023-03-28 00:00:00+00:00,116.5661247675,116.5759425157,114.8774720714,114.9461963091,50075,,,,,,,,,,,,,,,,,,,,,,,,113.56775909220421,113.7756430609482,109.99210814180672,109.09160852851227,106.0971027150338,103.05168960284914,100.30552926647388,,113.56775909220421,109.99210814180672,103.05168960284914,,107.98306291540403,"rgba(0, 255, 255, 0.75)",6.579653385018289,103.94479715949021,1.9182359418428103,53.81223173740321,-0.9885757651607321,False,True,True,False,True,9.425381113816513,0.0,0.0,0.0,0.0,1,1.0088032612329438,0.8875372505104153,False,False,False,False,0.21603368309648474,0.18363715458152385,False,False,False,False,1109142,947223.1710064483,False,False,False,False,69456.5209816423,False,False,False,False
2023-03-29 00:00:00+00:00,117.1453719132,117.6166238284,115.8690646429,117.6166238284,55406,,,,,,,,,,,,,,,,,,,,,,,,113.77553055851203,113.87562438242719,110.0759146495414,109.17634522625082,106.18797887396694,103.1539867920613,100.40372165672242,,113.77553055851203,110.0759146495414,103.1539867920613,,108.09272887706888,"rgba(0, 255, 255, 0.75)",6.584924882081138,104.03902588550554,1.9903561942459473,55.57226599047307,0.8054256008662719,False,True,True,False,True,9.930458480774153,0.0,0.0,0.0,0.0,1,0.9989391105821007,0.8888010702764032,False,False,False,False,0.2658446740077769,0.22474091429465037,False,False,False,False,1164548,955745.7133199209,False,False,False,False,68905.5201588328,False,False,False,False
2023-03-30 00:00:00+00:00,118.5983986516,118.9027488469,116.6250312569,117.812978793,38374,,,,,,,,,,,,,,,,,,,,,,,,113.95332731201268,113.96661970438194,110.14251274400233,109.24267712442484,106.25678931617566,103.2298946942971,100.4758117404305,,113.95332731201268,110.14251274400233,103.2298946942971,,108.18109037653214,"rgba(0, 255, 0, 1.0)",6.592872750124493,104.11263740762101,2.197185019793602,57.86487689850051,3.062986105822965,False,False,True,False,True,11.188527668661436,0.0,0.0,0.0,0.0,1,0.99962306995128,0.8881454673045414,False,False,False,False,0.3172307943466521,0.27098585432065125,False,False,False,False,1202922,965438.9010328653,False,False,False,False,67708.20564280015,False,False,False,False
2023-03-31 00:00:00+00:00,120.2085093618,120.2281448583,117.9209740236,119.5507202302,104976,,,,,,,,,,,,,,,,,,,,,,,,114.51608041546679,114.27590223486837,110.35067269614152,109.44745477287985,106.46305708600191,103.45305022911195,100.6856397349108,,114.51608041546679,110.35067269614152,103.45305022911195,,108.45597959562586,"rgba(0, 255, 0, 1.0)",6.631146625887777,104.33746459886234,2.3934088112269487,60.531684845626486,5.616605355019239,False,False,True,False,True,12.553706366801642,0.0,0.0,0.0,0.0,0,1.0314065639844587,0.8703798391878257,False,False,False,False,0.3428282495028416,0.3069070519117464,False,False,False,False,1307898,978868.6696198117,False,False,False,False,69169.68777445504,False,False,False,False
2023-04-03 00:00:00+00:00,119.6587154608,120.7287518407,117.6460770731,120.4244998229,81236,,,,,,,,,,,,,,,,,,,,,,,,114.8703906560808,114.48779084329323,110.50364042834012,109.59871972377698,106.61701386935307,103.62043260654525,100.84394148833464,,114.8703906560808,110.50364042834012,103.62043260654525,,108.64884708796059,"rgba(0, 255, 0, 1.0)",6.669086036160435,105.5426386531772,2.1166433797800845,61.58430090503589,6.639430132876882,False,False,True,False,True,11.905880914212073,0.0,0.0,0.0,0.0,0,1.032881780331025,0.8468688489287434,False,False,False,False,0.3428282495393404,0.32486765072554336,False,False,False,False,1226662,988586.0551249172,False,False,False,False,69642.87648918231,False,False,False,False
2023-04-04 00:00:00+00:00,114.5240331351,120.3754110818,114.2098651916,120.3754110818,75594,,,,,,,,,,,,,,,,,,,,,,,,114.96622939439277,114.55825983181019,110.59503603748773,109.6936694589581,106.72428837487686,103.7441800618093,100.96555411120201,,114.96622939439277,110.59503603748773,103.7441800618093,,108.74960246721956,"rgba(38, 166, 154, 1.0)",6.596896295409176,105.56652662157884,1.357836490434864,56.90692423505237,6.639430132876882,False,True,True,False,False,6.1815048728063005,0.0,0.0,0.0,0.0,0,1.0140335862962653,0.8498491885007038,False,False,False,False,0.25293007426336533,0.28889886249445434,False,False,False,False,1151068,994957.8961004107,False,False,False,False,69876.2538817634,False,False,False,False
2023-04-05 00:00:00+00:00,112.8648336837,114.4454911492,111.8143346228,113.6698890388,51659,,,,,,,,,,,,,,,,,,,,,,,,114.88567701423399,114.52041814632248,110.62080999312573,109.72544732879558,106.77141915798771,103.80544280659899,101.02985057888655,,114.88567701423399,110.62080999312573,103.80544280659899,,108.765580717993,"rgba(38, 166, 154, 1.0)",6.419890070292712,105.53672395931922,1.1414696582252628,52.47906902293719,8.110757304128484,False,True,False,False,False,4.455811633758163,0.0,0.0,0.0,0.0,0,1.0037225752080765,0.8901543617694644,False,False,False,False,0.052057236982160644,0.1704780497383075,False,False,False,False,1099409,999054.0178219633,False,False,False,False,69161.85176875307,False,False,False,False
2023-04-06 00:00:00+00:00,114.1902296951,114.9560140573,112.0695960769,113.3949920883,60961,,,,,,,,,,,,,,,,,,,,,,,,114.83169140769819,114.4980581756575,110.65909438723953,109.76990125194891,106.83222324399252,103.88208470693824,101.1092017329649,,114.83169140769819,110.65909438723953,103.88208470693824,,108.79746498663427,"rgba(38, 166, 154, 1.0)",6.195761704250621,105.54741834228018,1.394955417166931,50.79911904931339,6.701662689488408,False,True,False,False,False,5.657323566549806,0.0,0.0,0.0,0.0,1,0.9963331176970899,0.8892372796812614,False,False,False,False,0.05502757256254645,0.11275281115042697,False,False,False,False,1160370,1005380.1347701215,False,False,False,False,68840.2497386059,False,False,False,False
2023-04-10 00:00:00+00:00,115.8494291465,116.5219449004,113.1888193754,113.5128050671,99083,,,,,,,,,,,,,,,,,,,,,,,,114.85692052898608,114.52864959554392,110.74768941740858,109.86570130183303,106.94907243593121,104.02209819987999,101.25063068077118,,114.85692052898608,110.74768941740858,104.02209819987999,,108.88868030862201,"rgba(0, 255, 255, 0.75)",6.0273987064550605,105.63363247669004,1.694893131736801,51.1729022751906,6.701662689488408,False,True,False,False,False,7.133868946601808,0.0,0.0,0.0,0.0,1,0.9982443199729802,0.8848145848235358,False,False,False,False,0.07426081402170136,0.09350681258606416,False,False,False,False,1259453,1015343.7765438423,False,False,False,False,70026.23994493508,False,False,False,False
2023-04-11 00:00:00+00:00,116.4384940404,117.7000746883,115.9181533841,116.7428442357,53661,,,,,,,,,,,,,,,,,,,,,,,,114.92468721139316,114.57932029561194,110.80995542152405,109.93040312137995,107.02226890757001,104.10647480809753,101.33415635107008,,114.92468721139316,110.80995542152405,104.10647480809753,,108.95818087380668,"rgba(0, 255, 255, 0.75)",5.930081229561747,105.70545450667876,1.8099312839454051,51.938517807326264,6.701662689488408,False,True,False,False,False,7.653386743512826,0.0,0.0,0.0,0.0,1,1.0057286156596938,0.8899609073236517,False,False,False,False,0.18219026063533805,0.13784853661070112,False,False,False,False,1313114,1027021.0402087896,False,False,False,False,69384.46582944744,False,False,False,False
2023-04-12 00:00:00+00:00,118.8143891128,119.0401973221,116.546489271,117.7933432966,41440,,,,,,,,,,,,,,,,,,,,,,,,115.01396878521221,114.64265437684988,110.86878695423438,109.99006802121995,107.08640519508873,104.17828278567809,101.40407001137311,,115.01396878521221,110.86878695423438,104.17828278567809,,109.02631944709378,"rgba(0, 255, 0, 1.0)",5.908633280455358,105.77628007739796,2.206620112730578,54.38895680040207,6.701662689488408,False,True,True,False,True,9.710364622944248,0.0,0.0,0.0,0.0,0,1.003403575644117,0.8845462430801742,False,False,False,False,0.22647410895487569,0.1821613227827884,False,False,False,False,1354554,1039865.4700045234,False,False,False,False,68288.60442437108,False,False,False,False
2023-04-13 00:00:00+00:00,119.1285570562,119.4329072514,116.9589328743,119.4329072514,38011,,,,,,,,,,,,,,,,,,,,,,,,115.10088771554666,114.7047951639645,110.92465443221359,110.04651044342718,107.14655184842226,104.24524926207903,101.4691076942749,,115.10088771554666,110.92465443221359,104.24524926207903,,109.09110807998971,"rgba(0, 255, 0, 1.0)",5.828477751837025,105.84283800711049,2.2794492172337972,56.265060882442384,6.701662689488408,False,True,True,False,True,9.978331126329525,0.0,0.0,0.0,0.0,0,1.0035353069403563,0.9052016940100065,False,False,False,False,0.2593330285116524,0.2207471756472204,False,False,False,False,1392565,1053696.824121993,False,False,False,False,67101.24738812124,False,False,False,False
2023-04-14 00:00:00+00:00,117.1159186685,119.374000762,115.9770598735,118.6376696446,48991,,,,,,,,,,,,,,,,,,,,,,,,115.17510188587454,114.76133063406452,110.98596024874668,110.10954282702441,107.21628229660008,104.32454791256482,101.547242164813,,115.17510188587454,110.98596024874668,104.32454791256482,,109.16000113852688,"rgba(0, 255, 255, 0.75)",5.726095650389124,105.91244070809603,1.9565649343707046,55.27843776971772,6.701662689488408,False,True,True,False,True,7.757968570079996,0.0,0.0,0.0,0.0,1,0.9702902051830742,0.9353085700223274,False,False,False,False,0.21695124367093652,0.21884920965907845,False,False,False,False,1343574,1065064.5565093658,False,False,False,False,66391.04160819491,False,False,False,False
2023-04-17 00:00:00+00:00,118.7947536163,118.9223843433,116.9293814521,118.0780579953,30747,,,,,,,,,,,,,,,,,,,,,,,,115.23326696340688,114.80479687538654,111.02808817353325,110.15240110110861,107.26262849183567,104.37655286713294,101.59810876670866,,115.23326696340688,111.02808817353325,104.37655286713294,,109.20797760558753,"rgba(0, 255, 0, 1.0)",5.651142179118134,105.96083465044106,2.2710309808311506,56.06925629028335,6.701662689488408,False,True,True,False,True,9.220886250102502,0.0,0.0,0.0,0.0,0,0.9462276203170139,0.9503868305173522,False,False,False,False,0.23723591521557733,0.2280425624373279,False,False,False,False,1374321,1077192.2601756651,False,False,False,False,64993.236054932364,False,False,False,False
2023-04-18 00:00:00+00:00,118.0584224988,120.1201496277,117.2435493955,118.7947536163,36526,,,,,,,,,,,,,,,,,,,,,,,,115.3052813930408,114.85883987133542,111.0792778791862,110.20434314200583,107.31846821483218,104.43897324178332,101.65906777342552,,115.3052813930408,111.0792778791862,104.43897324178332,,109.26632164508702,"rgba(0, 255, 0, 1.0)",5.488829160288571,106.0194294949576,2.1933626739458316,55.77069864530326,6.701662689488408,False,True,True,False,True,8.408748412012727,0.0,0.0,0.0,0.0,1,0.9640737773900794,0.9406054847065609,False,False,False,False,0.2997458219287498,0.2638941921830389,False,False,False,False,1337795,1087411.975462894,False,False,False,False,63876.87385669973,False,False,False,False
2023-04-19 00:00:00+00:00,117.4300866119,118.0387870024,116.4384940404,117.8227965413,41524,,,,,,,,,,,,,,,,,,,,,,,,115.35449090446842,114.89908202986356,111.12753824589099,110.25435572117308,107.37468059160084,104.50339902169281,101.72304394535648,,115.35449090446842,111.12753824589099,104.50339902169281,,109.31951292286375,"rgba(0, 255, 0, 1.0)",5.364589655178654,106.07263912292206,2.117113930235864,54.858606427562236,6.701662689488408,False,True,True,False,True,7.714231521832975,0.0,0.0,0.0,0.0,1,0.9669756918368088,0.9333309605718779,False,False,False,False,0.18195907173852083,0.22292663196077986,False,False,False,False,1296271,1095602.5254447414,False,False,False,False,63000.2905682017,False,False,False,False
2023-04-20 00:00:00+00:00,118.529674414,118.8585689798,116.674119998,116.674119998,47078,,,,,,,,,,,,,,,,,,,,,,,,115.4269502873933,114.95629903994357,111.18761680452198,110.3159047538162,107.44220707587792,104.57972170988437,101.79826245313124,,115.4269502873933,111.18761680452198,104.57972170988437,,109.38670887493835,"rgba(0, 255, 0, 1.0)",5.223520831462634,106.13978747130166,2.3719417118183594,55.337822662862195,6.701662689488408,False,True,True,False,True,8.700048718571807,0.0,0.0,0.0,0.0,1,0.9684857639831334,0.9429419482295559,False,False,False,False,0.224288275313045,0.22360745363691242,False,False,False,False,1343349,1105318.073466516,False,False,False,False,62375.88701650751,False,False,False,False
2023-04-21 00:00:00+00:00,118.3136839529,119.2365522868,117.0668299273,119.2365522868,47781,,,,,,,,,,,,,,,,,,,,,,,,115.50153582067308,115.01564176681035,111.24915231337508,110.37885867946714,107.51105430680076,104.65736139485028,101.87475961968272,,115.50153582067308,111.24915231337508,104.65736139485028,,109.45548055737991,"rgba(0, 255, 0, 1.0)",5.056245634452992,106.20837658063154,2.3941296067152162,55.37986030322035,6.701662689488408,False,True,True,False,True,8.454970922906142,0.0,0.0,0.0,0.0,1,0.9620101809833927,0.9384738689934402,False,False,False,False,0.2556973116918992,0.2396523826644058,False,False,False,False,1295568,1112778.8548992018,False,False,False,False,61803.53850605623,False,False,False,False
2023-04-24 00:00:00+00:00,119.3936362585,119.6194444679,117.7148013107,117.9700627647,41548,,,,,,,,,,,,,,,,,,,,,,,,115.57925901076109,115.07650782578199,111.30711400061381,110.43763750869371,107.57410030671328,104.72762632582679,101.94354132008363,,115.57925901076109,111.30711400061381,104.72762632582679,,109.52082661406777,"rgba(0, 255, 0, 1.0)",4.885466656006471,106.27326271007162,2.685592692009768,56.52426382616888,6.701662689488408,False,False,True,False,True,9.434456063478926,0.0,0.0,0.0,0.0,1,0.9763546298077965,0.9312605488309309,False,False,False,False,0.2985076174758748,0.2690800000701403,False,False,False,False,1337116,1121576.3900011939,False,False,False,False,61009.20366268148,False,False,False,False
2023-04-25 00:00:00+00:00,117.7540723036,119.6096267196,117.6558948213,118.1958709741,63600,,,,,,,,,,,,,,,,,,,,,,,,115.67238894716203,115.15277185015997,111.38763979470697,110.5201176561903,107.6644881332998,104.82958779949767,102.04426232498761,,115.67238894716203,111.38763979470697,104.82958779949767,,109.61017950085774,"rgba(0, 255, 0, 1.0)",4.667348321928502,106.36216460450116,2.440766558085344,55.09988275093322,6.701662689488408,False,True,True,False,True,7.552073339828066,0.0,0.0,0.0,0.0,1,0.9795098469372056,0.9147591582618181,False,False,False,False,0.29562192053538267,0.2823509603027615,False,False,False,False,1273516,1127534.8060795786,False,False,False,False,61110.803519046916,False,False,False,False
2023-04-26 00:00:00+00:00,116.5366715228,117.9062474012,115.1032802808,116.7232087392,80524,,,,,,,,,,,,,,,,,,,,,,,116.51539973493335,115.70692095197359,115.19193133422323,111.46091464556498,110.5983121449653,107.7575837252061,104.93937062284466,102.15594345444033,,115.70692095197359,111.46091464556498,104.93937062284466,,110.54079707676894,"rgba(0, 255, 0, 1.0)",4.515575468674324,107.29311088317453,2.0470393427704536,52.69565645113576,6.701662689488408,False,True,False,False,False,6.180810399274531,0.0,0.0,0.0,0.0,1,0.955851663244368,0.9338378397762931,False,False,False,False,0.12411437559727924,0.20323266795002037,False,False,False,False,1192992,1130101.7548607716,False,False,False,False,61872.105341829396,False,False,False,False
2023-04-27 00:00:00+00:00,119.4329072514,119.6390799643,115.574532196,116.546489271,57300,,,,,,,,,,,,,,,,,,,,,,,117.2222150642794,115.77797171704924,115.25252372564445,111.52890727419852,110.6683574019551,107.83527592092962,105.02753291081868,102.24365598641575,,115.77797171704924,111.52890727419852,105.02753291081868,,110.69455500016134,"rgba(0, 255, 0, 1.0)",4.360936923684609,107.39984208430265,2.7592843872023867,54.208494885641365,6.701662689488408,False,True,True,False,False,8.848331192896932,0.0,0.0,0.0,0.0,1,0.9726871119305324,0.9195393725732711,False,False,False,False,0.21141418323087321,0.2073234255904468,False,False,False,False,1250292,1134815.097807408,False,False,False,False,61692.807093130206,False,False,False,False
2023-04-28 00:00:00+00:00,120.5717660464,121.8824354355,119.4329072514,119.4329072514,57377,,,,,,,,,,,,,,,,,,,,,,,118.22360941601782,115.91175888933415,115.35829129986392,111.61971814864208,110.75923883183036,107.92974607594573,105.13059110072237,102.3436594525644,,115.91175888933415,111.61971814864208,105.13059110072237,,110.90957665186511,"rgba(0, 255, 0, 1.0)",4.231658674291243,107.54666006083205,3.0780143173408265,56.243369052675575,6.701662689488408,False,False,True,False,True,9.861417534336127,0.0,0.0,0.0,0.0,1,0.999034490852523,0.9013781875449665,False,False,False,False,0.3428282470409383,0.27507583631569255,False,False,False,False,1307669,1141593.6822071176,False,False,False,False,61523.55975614471,False,False,False,False
2023-05-01 00:00:00+00:00,122.8887546294,123.3600065445,120.5619482982,120.5619482982,49374,,,,,,,,,,,,,,,,,,,,,,,119.04052923687178,116.05916133294131,115.47335075865396,111.71039743322493,110.84891213236793,108.02029224043257,105.22746721310364,102.436493565481,,116.05916133294131,111.71039743322493,105.22746721310364,,111.10207548913463,"rgba(0, 255, 0, 1.0)",4.213771077519591,107.68397165322808,3.608355246750165,59.43564515184169,5.1218820374176275,True,False,True,False,True,11.868564880664344,0.0,0.0,0.0,0.0,0,1.0208066844339594,0.8895571466527289,False,False,False,False,0.3428282478879718,0.30895204210183214,False,False,False,False,1357043,1150042.6750617404,False,False,False,False,61047.106432374334,False,False,False,False
2023-05-02 00:00:00+00:00,123.9981601797,124.685402556,121.7543138211,122.6138576788,68049,,,,,,,,,,,,,,,,,,,,,,,120.00671666937218,116.28889664447337,115.65290950131312,111.84689658068285,110.98308106900556,108.15365909654845,105.36855016859926,102.57074599712926,,116.28889664447337,111.84689658068285,105.36855016859926,,111.35893196589052,"rgba(0, 255, 0, 1.0)",4.263895894025265,107.876470486017,3.7809763874097695,62.33980351214909,7.776362246621815,True,False,True,False,True,12.804913115131306,0.0,0.0,0.0,0.0,0,1.0193289572153688,0.8912806067490797,False,False,False,False,0.342828248539837,0.3258901453208346,False,False,False,False,1425092,1160828.923098535,False,False,False,False,61321.690493849856,False,False,False,False
2023-05-03 00:00:00+00:00,122.0836992743,125.1762899676,121.9658862955,123.3011000551,67526,,,,,,,,,,,,,,,,,,,,,,,120.55178731875654,116.49118113744676,115.81450421831293,111.97465555314173,111.10921634866644,108.28031634389608,105.50333396477784,102.69974230180252,,116.49118113744676,111.97465555314173,105.50333396477784,,111.5530921483501,"rgba(0, 255, 0, 1.0)",4.275361084690064,108.03698702217798,3.2855031361965805,61.67528855609076,7.776362246621815,True,False,True,False,True,10.57008668876064,0.0,0.0,0.0,0.0,0,1.0300013027728423,0.8831698727844344,False,False,False,False,0.3428282486991081,0.33435919700997135,False,False,False,False,1357566,1168544.102584867,False,False,False,False,61564.996748993,False,False,False,False
2023-05-04 00:00:00+00:00,117.5773528354,121.0626534581,116.968652445,120.8172097522,63910,,,,,,,,,,,,,,,,,,,,,,,120.2617027936566,116.54729115341345,115.86945406185632,112.04456357434748,111.18182288357622,108.36205178061508,105.5965562622945,102.79347805486415,,116.54729115341345,112.04456357434748,105.5965562622945,,111.58211507057798,"rgba(0, 255, 0, 1.0)",4.231575844428977,108.09358270678206,2.2411911016799273,56.63292550052889,11.659804086469272,True,False,True,False,False,5.6402894511886466,0.0,0.0,0.0,0.0,1,1.003532510795689,0.9062330601558626,False,False,False,False,0.09827117397761147,0.21631518549379142,False,False,False,False,1293656,1173450.4515031076,False,False,False,False,61656.9576607972,False,False,False,False
2023-05-05 00:00:00+00:00,126.9140314048,127.9939837104,122.6531286718,123.0163853564,104419,,,,,,,,,,,,,,,,,,,,,,,121.32630559586796,116.94658040844844,116.18828156924404,112.28083026517083,111.41248537138605,108.5868846467916,105.8305598065902,103.01435043548892,,116.94658040844844,112.28083026517083,105.8305598065902,,111.94828476237352,"rgba(0, 255, 0, 1.0)",4.399404524713253,108.39036568347517,4.210493855991153,59.37527330645043,11.659804086469272,True,False,True,False,False,13.17107895626149,0.0,0.0,0.0,0.0,0,1.0103998532523097,0.8537070383223986,False,False,False,False,0.34282824938014067,0.27957171743696607,False,False,False,False,1398075,1182259.257326515,False,False,False,False,63333.90049762868,False,False,False,False
2023-05-08 00:00:00+00:00,130.6447757332,131.1651163896,125.9322565815,126.2562422732,92232,,,,,,,,,,,,,,,,,,,,,,,122.46656509203224,117.3957248439765,116.5465224303039,112.53342077500699,111.65675767674634,108.81882087695847,106.06707832362204,103.23442481798624,,117.3957248439765,112.53342077500699,106.06707832362204,,112.3399143545791,"rgba(0, 255, 0, 1.0)",4.596919382481364,108.70471780696373,4.77277413431455,62.73645616585285,7.00263035814713,True,False,True,False,True,15.79221206528451,0.0,0.0,0.0,0.0,0,1.0381296264421347,0.826396372948372,False,False,False,False,0.3428282502856179,0.311199983861292,False,False,False,False,1490307,1194339.5609607692,False,False,False,False,64467.159301643245,False,False,False,False
2023-05-09 00:00:00+00:00,132.7555916033,135.2495550293,129.7057743958,131.014244359,125866,,,,,,,,,,,,,,,,,,,,,,,124.12552117886996,118.11596559703884,117.12474154605322,112.93239562589726,112.04047882195604,109.17719984767383,106.42742247820219,103.56647459032533,,118.11596559703884,112.93239562589726,106.42742247820219,,112.93877496075208,"rgba(0, 255, 0, 1.0)",4.856836122655329,109.18835887548114,4.852383760260408,65.74399287406263,9.66391144511556,True,False,True,False,True,17.20671412230723,0.0,0.0,0.0,0.0,0,1.0507786022748142,0.8142499469299848,False,False,False,False,0.3428282510277572,0.3270141174445246,False,False,False,False,1616173,1210882.048766229,False,False,False,False,66874.95697608861,False,False,False,False
2023-05-10 00:00:00+00:00,134.5362913276,135.2643122094,133.449179065,134.1821190067,93822,,,,,,,,,,,,,,,,,,,,,,,125.24770873725976,118.67297407799573,117.57767847063934,113.24661429903956,112.34238321460748,109.45791738330087,106.70824094845858,103.82458663305275,,118.67297407799573,113.24661429903956,106.70824094845858,,113.38476297054424,"rgba(0, 255, 0, 1.0)",5.123243225464576,109.55560556753798,4.87595155269966,68.3639668957486,11.993990156603083,True,False,True,False,True,18.371310733957205,0.0,0.0,0.0,0.0,0,1.0667271484546021,0.814254386840275,False,False,False,False,0.3428282512958676,0.3349211843701961,False,False,False,False,1709995,1230455.1056773574,False,False,False,False,67931.70376134003,False,False,False,False
2023-05-11 00:00:00+00:00,136.3661816521,136.6908396129,133.3360406847,133.7098892456,74854,,,,,,,,,,,,,,,,,,,,,,,126.06540914906502,119.11860229134336,117.94382402508118,113.50287659414568,112.58862963174306,109.68665891326953,106.93659754772175,104.03438672326983,,119.11860229134336,113.50287659414568,106.93659754772175,,113.73462310945493,"rgba(0, 255, 0, 1.0)",5.4673031303362265,109.84774859023601,4.850368166843015,70.71565927025455,14.125335777238647,True,False,True,False,True,19.54313303561267,0.0,0.0,0.0,0.0,0,1.0628442088253174,0.8136066591023489,False,False,False,False,0.34282825137982786,0.338874717875012,False,False,False,False,1784849,1252196.0427096179,False,False,False,False,68203.16635893454,False,False,False,False
2023-05-12 00:00:00+00:00,135.7562182106,139.2684270591,135.6676751304,137.4090223746,123521,,,,,,,,,,,,,,,,,,,,,,,127.32911915631108,119.8645368985341,118.56314272739209,113.93983214358482,113.0084548870927,110.07594858700678,107.32413090897468,104.39008342016662,,119.8645368985341,113.93983214358482,107.32413090897468,,114.31190609113285,"rgba(0, 255, 0, 1.0)",5.744123048169212,110.33500466805538,4.425603931072988,71.66517486271304,15.025771032721622,True,False,True,False,True,18.882345487863077,0.0,0.0,0.0,0.0,0,1.07344303137506,0.8052653399638334,False,False,False,False,0.34282825165729686,0.34085148476615446,False,False,False,False,1661328,1268240.4331915937,False,False,False,False,70372.49316838809,False,False,False,False
2023-05-15 00:00:00+00:00,134.5854819277,136.3070545507,134.2067143068,136.2481242118,41284,,,,,,,,,,,,,,,,,,,,,,,127.6182407007111,120.07430263965671,118.74106810646424,114.07069130314856,113.1348571258572,110.19471561817586,107.44340406162827,104.50053601739418,,120.07430263965671,114.07069130314856,107.44340406162827,,114.47222694662952,"rgba(0, 255, 0, 1.0)",5.959445285712081,110.47527594064937,4.045713121128142,71.08777217222602,15.025771032721622,True,False,True,False,True,17.614575700432987,0.0,0.0,0.0,0.0,0,1.054897871338305,0.8365895713267151,False,False,False,False,0.28297391270213035,0.3119126987341424,False,False,False,False,1620044,1282036.6514978057,False,False,False,False,69231.76794609836,False,False,False,False
2023-05-16 00:00:00+00:00,134.8806255284,134.8806255284,132.9080824636,134.1624427667,45429,,,,,,,,,,,,,,,,,,,,,,,127.88018401452155,120.28638414119955,118.92295157538452,114.2073333866371,113.26720107944662,110.31988815193296,107.56965294949617,104.6179617595752,,120.28638414119955,114.2073333866371,107.56965294949617,,114.63394463227422,"rgba(0, 255, 0, 1.0)",6.208209876310913,110.61921722295438,3.9079555602689156,70.8381751535187,15.025771032721622,True,False,True,False,True,17.813231040520673,0.0,0.0,0.0,0.0,0,1.0639768495646156,0.8400977106094486,False,False,False,False,0.24707569048478115,0.2794941946094618,False,False,False,False,1665473,1297073.3710469115,False,False,False,False,68298.3260658592,False,False,False,False
2023-05-17 00:00:00+00:00,137.0745262938,137.2319362142,134.9785148227,135.52010333,63755,,,,,,,,,,,,,,,,,,,,,,,128.3308686401469,120.61895078963522,119.20688435182436,114.41678742646003,113.46940797694037,110.50937659779711,107.75933021876726,104.79336003600258,,120.61895078963522,114.41678742646003,107.75933021876726,,114.88812075469673,"rgba(0, 255, 0, 1.0)",6.511305045855724,110.84178096260669,4.028799932801455,71.65489744032135,15.617548662334414,True,False,True,False,True,19.276402844117428,0.0,0.0,0.0,0.0,0,1.073528164926798,0.8075674774856061,False,False,False,False,0.30568365847445067,0.29258892654195623,False,False,False,False,1729228,1314020.611398013,False,False,False,False,68120.15641621767,False,False,False,False
2023-05-18 00:00:00+00:00,139.2585889391,139.5438944198,136.8580876533,137.0745262938,39461,,,,,,,,,,,,,,,,,,,,,,,128.6539207911884,120.84477198700618,119.39917815290092,114.55678847433467,113.60422616296,110.6347921426648,107.88409684460805,104.90818476428406,,120.84477198700618,114.55678847433467,107.88409684460805,,115.06074491499339,"rgba(0, 255, 0, 1.0)",6.930277701784262,110.9912570146802,4.078816627671663,73.07370678664833,17.271972387626633,True,False,True,False,True,20.0,0.0,0.0,0.0,0.0,0,1.0740977542046917,0.7971382207945892,False,False,False,False,0.34282825173057513,0.31770858913626565,False,False,False,False,1768689,1331850.7442843656,False,False,False,False,66996.26792930717,False,False,False,False
2023-05-19 00:00:00+00:00,137.4582129747,140.7736594228,137.0253356937,140.7736594228,70432,,,,,,,,,,,,,,,,,,,,,,,129.17530711196792,121.23105125898125,119.73071570560327,114.80129677778007,113.84001153042264,110.85480973069892,108.10332672265838,105.11038899802192,,121.23105125898125,114.80129677778007,108.10332672265838,,115.3558634795168,"rgba(0, 255, 0, 1.0)",7.267543851410563,111.2492039330202,3.606309033359718,71.95073938533727,17.271972387626633,True,False,True,False,True,18.691605797250052,0.0,0.0,0.0,0.0,0,1.0728817902636043,0.7953125784788746,False,False,False,False,0.34282825179687676,0.33026842046657123,False,False,False,False,1698257,1346219.6170575276,False,False,False,False,67131.00252031474,False,False,False,False
2023-05-22 00:00:00+00:00,139.6029231399,139.6816281001,137.2712886943,137.6943278553,43770,,,,,,,,,,,,,,,,,,,,,,,129.4860745626344,121.46849782996813,119.93562792040464,114.95347702156668,113.98683727572892,110.99191257503016,108.23991107380196,105.23644122519755,,121.46849782996813,114.95347702156668,108.23991107380196,,115.53734743554156,"rgba(0, 255, 0, 1.0)",7.6582799686276894,111.40852208786323,3.681557891267459,72.17931108371246,17.271972387626633,True,False,True,False,True,20.0,0.0,0.0,0.0,0.0,0,1.1012382659088933,0.7927150084874235,False,False,False,False,0.33179079647711746,0.33102960847184437,False,False,False,False,1742027,1361741.4752121344,False,False,False,False,66214.88477442005,False,False,False,False
2023-05-23 00:00:00+00:00,138.7666829379,139.8291999005,138.0829335962,138.9831215784,68698,,,,,,,,,,,,,,,,,,,,,,,129.9374795681917,121.82938786461574,120.24921077325294,115.18888524326059,114.21421357331673,111.20472419771288,108.45213724874488,105.43263392202428,,121.82938786461574,115.18888524326059,108.45213724874488,,115.81358404888996,"rgba(0, 255, 0, 1.0)",7.9840182556044645,111.65271760420576,3.3960299770934634,71.36682896756832,17.271972387626633,True,False,True,False,True,19.15775091840728,0.0,0.0,0.0,0.0,0,1.1169470699934079,0.7749027458648039,False,False,False,False,0.3428282518021031,0.3369289301369737,False,False,False,False,1673329,1373960.5938312665,False,False,False,False,66312.26184208985,False,False,False,False
2023-05-24 00:00:00+00:00,135.7660563306,138.5207299373,135.7414610305,138.5207299373,53970,,,,,,,,,,,,,,,,,,,,,,,130.18228907711716,122.06709621593767,120.4599431976161,115.35360783784755,114.37416567509487,111.35644355607718,108.60482204907872,105.57506241346151,,122.06709621593767,115.35360783784755,108.60482204907872,,115.99667875277885,"rgba(0, 255, 0, 1.0)",8.192035587250018,111.81934430813742,2.9231699212504587,67.66555011389508,17.271972387626633,True,False,True,False,False,15.91387500080106,0.0,0.0,0.0,0.0,0,1.0918692343586134,0.798869874535014,False,False,False,False,0.29584085475952493,0.3163848924482493,False,False,False,False,1619359,1383584.0607398443,False,False,False,False,65828.2515737726,False,False,False,False
2023-05-25 00:00:00+00:00,136.8187351732,137.7435184554,135.2347978493,135.2347978493,51361,,,,,,,,,,,,,,,,,,,,,,,130.39672220894258,122.28519405585577,120.65459850141045,115.507480926417,114.52376539550953,111.49872514949674,108.74820483191984,105.7090720718593,,122.28519405585577,115.507480926417,108.74820483191984,,116.16547039267641,"rgba(0, 255, 0, 1.0)",8.42841356716318,111.97393725538157,2.9477430977773724,65.85813502461198,20.81365699953659,True,False,True,False,False,16.633702058976024,0.0,0.0,0.0,0.0,0,1.1164401654860694,0.7946298379423823,False,False,False,False,0.2774459762125633,0.2969154343304063,False,False,False,False,1670720,1394844.2936520074,False,False,False,False,65260.90837480113,False,False,False,False
2023-05-26 00:00:00+00:00,138.4518630971,138.5502442974,136.0808761714,136.5432678125,29204,,,,,,,,,,,,,,,,,,,,,,,130.53280170851173,122.41557827174223,120.7706607479296,115.59847585522299,114.61210965310374,111.58241305100357,108.83226017586964,105.7874389004336,,122.41557827174223,115.59847585522299,108.83226017586964,,116.26646729547713,"rgba(0, 255, 0, 1.0)",8.68441568841478,112.06571753300682,3.03833286093075,65.63965279095041,20.471222409764906,True,False,True,False,False,17.738052746740095,0.0,0.0,0.0,0.0,0,1.1247381169671744,0.7990289380987157,False,False,False,False,0.29813397362164973,0.29752470397602804,False,False,False,False,1699924,1406808.2037048698,False,False,False,False,63846.91196794619,False,False,False,False
2023-05-30 00:00:00+00:00,138.0485001762,139.2536698791,137.5467560549,138.6191111376,28847,,,,,,,,,,,,,,,,,,,,,,,130.6729718415317,122.54709955199988,120.88769635012187,115.69000370816192,114.70092369816378,111.66640635593438,108.9164937363046,105.86589282710555,,122.54709955199988,115.69000370816192,108.9164937363046,,116.36843600866547,"rgba(0, 255, 0, 1.0)",8.895486408473964,112.15811269270512,2.9105083516097947,65.0408199805899,19.702004041335343,True,False,True,False,False,17.297917192936442,0.0,0.0,0.0,0.0,0,1.1214766545041857,0.7885071464438416,False,False,False,False,0.3273067972691464,0.3124157506225872,False,False,False,False,1671077,1417171.685912522,False,False,False,False,62474.36640057575,False,False,False,False
2023-05-31 00:00:00+00:00,133.9853566063,137.576270415,133.9361660061,137.3893461346,47435,,,,,,,,,,,,,,,,,,,,,,,130.80273372832997,122.7167786587932,121.04289953193489,115.81836928128965,114.82641291765421,111.78733825651966,109.03937051068819,105.98175366904663,,122.7167786587932,115.81836928128965,109.03937051068819,,116.50195706928204,"rgba(0, 255, 0, 1.0)",9.001942063414642,112.28403971428403,2.4107372319372784,60.64762572045511,15.427108663643125,False,False,True,False,False,13.004779122565793,0.0,0.0,0.0,0.0,0,1.0898378345884867,0.8080015579796037,False,False,False,False,0.25538669607728326,0.28390122334993523,False,False,False,False,1623642,1425268.560974776,False,False,False,False,61884.58732604337,False,False,False,False
2023-06-01 00:00:00+00:00,136.8285732932,137.3696698945,133.3360406847,134.3985576473,55372,,,,,,,,,,,,,,,,,,,,,,135.84476129080002,130.9671750439853,122.91965649667782,121.2283627481787,115.97127222442298,114.97579098642088,111.93099337881877,109.18504938000393,106.11896604391137,,122.91965649667782,115.97127222442298,109.18504938000393,,118.79355862146885,"rgba(0, 255, 0, 1.0)",9.171244475851868,114.09781987650118,2.478480807762732,59.74429524520262,14.548444314602676,False,False,True,False,False,14.997622330128781,0.0,0.0,0.0,0.0,0,1.0859261754235607,0.8384552837365506,False,False,False,False,0.2446551431145606,0.26427818323224794,False,False,False,False,1679014,1435219.362505177,False,False,False,False,61629.191744629905,False,False,False,False
2023-06-02 00:00:00+00:00,141.7377951851,142.0231006658,135.3725315296,138.6781398577,54147,,,,,,,,,,,,,,,,,,,,,,137.75632860950907,131.2374239531562,123.16963115865434,121.45208235670567,116.14720436806921,115.14651032071932,112.09226657718568,109.34642127768475,106.26922318442334,,123.16963115865434,116.14720436806921,109.34642127768475,,119.17967686734528,"rgba(0, 255, 0, 1.0)",9.44178726612469,114.36408542473794,2.899208485513505,61.85343537238704,14.548444314602676,True,False,True,False,False,18.213760203110247,0.0,0.0,0.0,0.0,0,1.1110206968317575,0.8044569545378663,False,False,False,False,0.33559758238279486,0.2999378828075214,False,False,False,False,1733161,1446903.3482892876,False,False,False,False,61335.77246052677,False,False,False,False
2023-06-05 00:00:00+00:00,136.6219727727,142.2297011863,135.4512364898,142.2297011863,55200,,,,,,,,,,,,,,,,,,,,,,137.8718235615973,131.44707453899585,123.39284891476063,121.6550189837216,116.31182028208823,115.3068907448738,112.24528662324445,109.50055359879305,106.41371600288075,,123.39284891476063,116.31182028208823,109.50055359879305,,119.34944813899509,"rgba(0, 255, 0, 1.0)",9.570033649548474,114.52687466921059,2.308779562601839,59.263302194159834,14.248917687014682,False,False,True,False,False,13.187445430338578,0.0,0.0,0.0,0.0,0,1.107616819434277,0.8012112395272932,False,False,False,False,0.33958743993965584,0.31976266137358866,False,False,False,False,1677961,1455964.4326701,False,False,False,False,61095.15393266298,False,False,False,False
2023-06-06 00:00:00+00:00,139.9472573408,142.0132625458,137.3598317745,137.5172416949,71806,,,,,,,,,,,,,,,,,,,,,,138.4491334772296,131.76527637891763,123.70532505019459,121.93782280149718,116.53845531123453,115.52725921946052,112.45436897454697,109.71017955130759,106.6095432586851,,123.70532505019459,116.53845531123453,109.71017955130759,,119.6330404470082,"rgba(0, 255, 0, 1.0)",9.74993566675634,114.77319258559605,2.5819723960885375,59.294213791692236,14.228654874218122,False,False,True,False,False,15.321828865291984,0.0,0.0,0.0,0.0,1,1.1222416064253453,0.7953180383895666,False,False,False,False,0.3428282516264199,0.33129545650000425,False,False,False,False,1749767,1467486.1019771548,False,False,False,False,61515.18711177424,False,False,False,False
2023-06-07 00:00:00+00:00,143.9218578305,145.0138891531,141.0196124234,141.0196124234,64483,,,,,,,,,,,,,,,,,,,,,,139.49225638271713,132.14861113420852,124.03565022086266,122.23336841499062,116.76876529692835,115.75024114238657,112.66345543806608,109.91787622163784,106.80203990360367,,124.03565022086266,116.76876529692835,109.91787622163784,,119.97914046171127,"rgba(0, 255, 0, 1.0)",10.035340237833937,117.05774423866254,2.67695095085644,61.09206159431628,14.228654874218122,False,False,True,False,False,17.733590023874413,0.0,0.0,0.0,0.0,0,1.114900415556477,0.7869824510897485,False,False,False,False,0.34282825193718724,0.33706185421859575,False,False,False,False,1814250,1481084.6862133448,False,False,False,False,61631.57193092035,False,True,False,False
2023-06-08 00:00:00+00:00,140.6752782226,143.5971998697,140.6752782226,143.4496280693,80148,,,,,,,,,,,,,,,,,,,,,,139.94582104691463,132.52490407923472,124.39680467175017,122.56132045707929,117.03190773076217,116.00597220297072,112.9054823740242,110.15975430578946,107.02769530036575,,124.39680467175017,117.03190773076217,110.15975430578946,,120.28440690765458,"rgba(0, 255, 0, 1.0)",10.186541965857963,117.27657059299789,2.297021669181468,60.017064752508674,14.228654874218122,False,False,True,False,False,14.7117287992807,0.0,0.0,0.0,0.0,1,1.1062276889473368,0.7966964802635425,False,False,False,False,0.32115996732974944,0.3291109107741726,False,False,False,False,1734102,1491006.9338128215,False,False,False,False,62357.706365001904,False,False,False,False
2023-06-09 00:00:00+00:00,138.7273304578,140.7736594228,138.5699205374,140.1341816212,54411,,,,,,,,,,,,,,,,,,,,,,139.87226183161042,132.7037981466163,124.60219099809103,122.75173158045686,117.19105955062876,116.16146068868464,113.0545789644327,110.3100690011997,107.1691973172957,,124.60219099809103,117.19105955062876,110.3100690011997,,120.42403867544623,"rgba(0, 255, 0, 1.0)",10.281729451486607,117.37480064666109,2.076744959288111,58.04540338848816,12.880471916964105,False,True,True,False,False,12.956908799177839,0.0,0.0,0.0,0.0,1,1.0872823247797196,0.8205299890719959,False,False,False,False,0.2619646603699582,0.2955377855720654,False,False,False,False,1679691,1498406.3089574168,False,False,False,False,62046.070821276335,False,False,False,False
2023-06-12 00:00:00+00:00,138.5699205374,139.9472573408,138.1370432564,139.2585889391,73465,,,,,,,,,,,,,,,,,,,,,,139.7297398220417,132.91485696691223,124.86212196430458,122.99495606128603,117.39787631479946,116.36393525451071,113.2496738266399,110.50732337339885,107.3555233888662,,124.86212196430458,117.39787631479946,110.50732337339885,,120.5973341080844,"rgba(0, 255, 0, 1.0)",10.354768604481901,117.5164067282129,2.033219148912166,56.62726501901402,11.436542541340735,False,True,True,False,False,12.815270041932756,0.0,0.0,0.0,0.0,1,1.0803479529457078,0.8327832605619989,False,False,False,False,0.2471393214806195,0.27133855352634245,False,False,False,False,1606226,1502634.5321355574,False,False,False,False,62493.871965540005,False,False,False,False
2023-06-13 00:00:00+00:00,137.5369179349,139.7209805802,136.9269544934,138.7371685778,114429,,,,,,,,,,,,,,,,,,,,,,139.42357544320612,133.17477294680543,125.22597461075509,123.34064387793349,117.70023015010005,116.66095296413006,113.53818037467364,110.80044345416034,107.63395954087586,,125.22597461075509,117.70023015010005,110.80044345416034,,120.83319259584891,"rgba(0, 255, 255, 0.75)",10.392129065487739,117.72689984776162,1.9062521223805293,54.967239716599416,9.763351217570204,False,True,True,False,False,11.878425924737101,0.0,0.0,0.0,0.0,1,1.0650198480697355,0.8426184670132656,False,False,False,False,0.23035781444092668,0.25084818398363457,False,False,False,False,1491797,1502209.5308753396,False,False,False,False,64530.543653165885,False,False,False,False
2023-06-14 00:00:00+00:00,135.0281973288,137.969795216,134.4182338873,137.5270798149,82553,,,,,,,,,,,,,,,,,,,,,,139.0005094558273,133.26724600862963,125.43226330482538,123.54360743880767,117.88935372626318,116.84816806644437,113.72341828022758,110.99088381815142,107.8170539878151,,125.43226330482538,117.88935372626318,110.99088381815142,,120.94583378744352,"rgba(0, 255, 255, 0.75)",10.398171513092883,117.8312922349752,1.653839338211653,52.204005184908326,7.088017840329229,False,True,False,False,False,9.640727851745055,0.0,0.0,0.0,0.0,1,1.0514214881976396,0.8565848201191139,False,False,False,False,0.1812918575623622,0.2160700207729984,False,False,False,False,1409244,1498563.823782189,False,False,False,False,65237.306647159385,False,False,False,False
2023-06-15 00:00:00+00:00,135.7267038505,136.1251477115,133.3852312848,134.3985576473,59918,,,,,,,,,,,,,,,,,,,,,,138.69373633640842,133.31232178257233,125.56688522350024,123.67834518478217,118.01870022167795,116.97665465832532,113.85158809536654,111.12330773222719,107.94505218679696,,125.56688522350024,118.01870022167795,111.12330773222719,,121.0185101579619,"rgba(0, 255, 255, 0.75)",10.41018578219045,117.90228574782336,1.7122094144727298,50.8706700306035,5.791169399045138,False,True,False,False,False,10.115540552789493,0.0,0.0,0.0,0.0,1,1.0672372575037012,0.8627166031579836,False,False,False,False,0.14864260892676875,0.18235631484988357,False,False,False,False,1469162,1497410.8110848484,False,False,False,False,65028.70638648647,False,False,False,False
2023-06-16 00:00:00+00:00,135.2446359693,137.0843644138,133.9460041262,136.9761450936,188424,,,,,,,,,,,,,,,,,,,,,,138.04837119779003,133.465619396098,125.98131831688345,124.0945267852457,118.42106088788906,117.37666097650586,114.2512118493347,111.5362931001416,108.34488279698921,,125.98131831688345,118.42106088788906,111.5362931001416,,121.2799939229864,"rgba(0, 255, 255, 0.75)",10.430785164854194,118.16889912086829,1.6370519168554263,49.640011974522956,4.551723638112328,False,True,False,False,False,9.682309607351897,0.0,0.0,0.0,0.0,1,1.085620861822206,0.8214256943454478,False,False,False,False,0.1636358522744855,0.17299608356218454,False,False,False,False,1280738,1488913.8381011288,False,False,False,False,69867.73750858504,False,False,False,False
2023-06-20 00:00:00+00:00,136.7892208131,137.0400928737,134.4280720073,134.6641868879,50970,,,,,,,,,,,,,,,,,,,,,,137.9488686513438,133.5160586611648,126.09493491784642,124.20836018122617,118.53083182335709,117.4857551835203,114.36007602939519,111.64863126840685,108.45363881687793,,126.09493491784642,118.53083182335709,111.64863126840685,,121.36079505923762,"rgba(0, 255, 255, 0.75)",10.477618801264992,118.25199010244833,1.769221715568963,50.04746142851842,4.551723638112328,False,True,False,False,False,10.751490436045543,0.0,0.0,0.0,0.0,1,1.0871541702030665,0.8245241232683354,False,False,False,False,0.16068968254870447,0.1668428830554445,False,False,False,False,1331708,1482748.9032736337,False,False,False,False,69126.64976315033,False,False,False,False
2023-06-21 00:00:00+00:00,136.8580876533,138.3140310356,136.2087717317,136.2087717317,65397,,,,,,,,,,,,,,,,,,,,,,137.89866880235084,133.60309511372722,126.25182872290897,124.36381549222259,118.67792656471015,117.6316105098928,114.50479236981779,111.79734684470233,108.59714636489373,,126.25182872290897,118.67792656471015,111.79734684470233,,121.4806923094696,"rgba(0, 255, 255, 0.75)",10.540428568331777,118.37410169843619,1.7536275527162226,50.37492498306092,4.551723638112328,False,True,False,False,False,10.799301940034908,0.0,0.0,0.0,0.0,1,1.091897518182736,0.8249965000338554,False,False,False,False,0.1889406872496295,0.177891785152537,False,False,False,False,1397105,1479390.3188315304,False,False,False,False,68980.38898812482,False,False,False,False
2023-06-22 00:00:00+00:00,134.290338327,136.9564688535,134.1673618267,136.9564688535,90305,,,,,,,,,,,,,,,,,,,,,,137.68394778890593,133.65253946694983,126.42297823786663,124.53992119739873,118.8557724526716,117.80930555533239,114.68432378523654,111.98397066232016,108.77931571934057,,126.42297823786663,118.8557724526716,111.98397066232016,,121.60134165178026,"rgba(0, 255, 255, 0.75)",10.517816694893023,118.50138078828013,1.5011630261997506,48.506880858062004,3.029694906986819,False,True,False,True,False,8.436952322246835,0.0,0.0,0.0,0.0,0,1.062513157791173,0.8419870108971054,False,False,False,False,0.14543308493412777,0.1616624350433324,False,False,False,False,1306800,1472622.0710342156,False,False,False,False,69816.64824349247,False,False,False,False
2023-06-23 00:00:00+00:00,133.3458788047,135.3331790496,131.5504219003,133.1196020442,468876,,,,,,,,,,,,,,,,,,,,,133.40982658486666,136.45440736587176,133.61776227334076,127.05815218071511,125.23378766947286,119.62887311631542,118.5903169575094,115.49372213171817,112.83799865424443,109.62687760994393,,127.05815218071511,119.62887311631542,112.83799865424443,,123.19517245439985,"rgba(38, 166, 154, 1.0)",10.49190023327344,120.40239807309415,1.2336641069610628,46.555936616262485,1.0471018799058385,False,True,False,True,False,7.583540674240297,0.0,0.0,0.0,0.0,0,1.0429491669269972,0.8618368510700243,False,False,True,False,0.09189516370846806,0.12677879937590023,False,False,False,False,837924,1447731.9506015014,False,False,False,False,85466.03458688493,False,False,False,False
2023-06-26 00:00:00+00:00,133.8377848059,136.0710380513,133.0753305041,133.4245837649,59943,,,,,,,,,,,,,,,,,,,,,133.51390970845995,136.37898031690204,133.63053941405644,127.14167435856963,125.32383755676393,119.7280216427306,118.69040223549693,115.59722828111032,112.9469529615081,109.73506824743797,,127.14167435856963,119.7280216427306,112.9469529615081,,123.26866147230359,"rgba(38, 166, 154, 1.0)",10.46921686425979,120.47901137357391,1.2760050350977792,45.75943333053511,0.1702409542201977,False,True,False,True,False,7.948029630297889,0.0,0.0,0.0,0.0,0,1.0495693942188005,0.8601784507464606,False,False,False,False,0.1203806260278738,0.12357971270188702,False,False,False,False,897867,1426168.619205364,False,False,False,False,84465.13126975218,False,False,False,False
2023-06-27 00:00:00+00:00,135.4315602498,136.3955976309,134.4772626075,134.4772626075,37296,,,,,,,,,,,,,,,,,,,,,133.64045957734274,136.3585917941278,133.65050994362443,127.20053465380526,125.38574812745004,119.79366419714168,118.75639653596443,115.66482817003738,113.01766785536852,109.80491442731562,,127.20053465380526,119.79366419714168,113.01766785536852,,123.3273315282178,"rgba(38, 166, 154, 1.0)",10.45674551731068,120.53647253216377,1.4244477589110356,46.827455536487044,0.1702409542201977,False,True,False,True,False,9.125512553987598,0.0,0.0,0.0,0.0,0,1.0604713699293506,0.8532177796359974,False,False,False,False,0.14224412456089022,0.13291191863138863,False,False,False,False,935163,1406913.4968835851,False,False,False,False,82615.36141603641,False,False,False,False
2023-06-28 00:00:00+00:00,136.6416490127,136.7105158529,135.0380354488,135.0380354488,63184,,,,,,,,,,,,,,,,,,,,,133.89042555687476,136.35052671717156,133.69614928687065,127.30662761926214,125.49605787640772,119.90851536510458,118.87163116475736,115.78229601982221,113.14014224651135,109.92556647442032,,127.30662761926214,119.90851536510458,113.14014224651135,,123.43679383272027,"rgba(0, 255, 255, 0.75)",10.400183874162117,120.64200742465088,1.5383998765443079,48.67847904362776,0.1702409542201977,False,True,False,False,True,10.009722680579152,0.0,0.0,0.0,0.0,0,1.0581950659777184,0.8482416195375853,False,False,False,False,0.15338402543267823,0.14314797203203344,False,False,False,False,998347,1390891.281319523,False,False,False,False,81853.34724285851,False,False,False,False
2023-06-29 00:00:00+00:00,138.373158137,140.035800421,137.0253356937,137.0253356937,56472,,,,,,,,,,,,,,,,,,,,,134.26821208174408,136.41558426280696,133.77354374461774,127.42401105504175,125.61410000587497,120.02446965301061,118.98717582367794,115.89813414058887,113.25958116421008,110.04204855420475,,127.42401105504175,120.02446965301061,113.25958116421008,,123.57068604857777,"rgba(0, 255, 255, 0.75)",10.334329420347343,120.76439318220329,1.703909778618694,51.42577191630951,-2.958244179059406,False,True,False,False,True,11.258942823229269,0.0,0.0,0.0,0.0,0,1.0658732587628514,0.8372484733606103,False,False,False,False,0.2218904753930651,0.18251922371254928,False,False,False,False,1054819,1377711.9761697378,False,False,False,False,80858.00029215818,False,False,False,False
2023-06-30 00:00:00+00:00,139.1798839789,140.5867351423,138.8945784982,139.5537325398,78379,,,,,,,,,,,,,,,,,,,,,134.81034884544488,136.543346435345,133.90053266477565,127.5983626964832,125.78782625523957,120.19226866830657,119.15403146207062,116.06452934376487,113.43049132956381,110.20820719592317,,127.5983626964832,120.19226866830657,113.43049132956381,,123.76899448969175,"rgba(0, 255, 255, 0.75)",10.325742376983083,122.59337301634787,1.6063262433822485,53.92623337012729,-0.6071215059904489,False,True,True,False,True,11.836153382340175,0.0,0.0,0.0,0.0,0,1.0788338666268016,0.8187956514941304,False,False,False,False,0.2537533445553692,0.21813628413395925,False,False,False,False,1133198,1368123.1927905323,False,False,False,False,80760.78459442648,False,False,False,False
2023-07-03 00:00:00+00:00,138.7076542178,138.786359178,136.9958213336,137.7336803354,30441,,,,,,,,,,,,,,,,,,,,,134.9388004938968,136.5685621568945,133.93659737617838,127.6570146794496,125.84743875521202,120.25203937339137,119.21374009471685,116.12473661067354,113.49277095788958,110.26920302042573,,127.6570146794496,120.25203937339137,113.49277095788958,,123.83009035187283,"rgba(0, 255, 255, 0.75)",10.23220866725261,122.62965207814887,1.5713129650206945,55.02118821559092,0.41880614005668804,False,True,True,False,True,11.368984264103666,0.0,0.0,0.0,0.0,0,1.0647916738884131,0.83232221699496,False,False,False,False,0.20523355542328958,0.21168491977862441,False,False,False,False,1102757,1357716.6754261977,False,False,False,False,78787.45970837054,False,False,False,False
2023-07-05 00:00:00+00:00,138.3141294168,140.1932103414,136.6219727727,136.8974401334,65265,,,,,,,,,,,,,,,,,,,,,135.19972485783163,136.6269479845521,134.0156970540521,127.78310183041457,125.97551006744077,120.38036549039514,119.34192456493184,116.25395860598589,113.62639063236294,110.40007665217429,,127.78310183041457,120.38036549039514,113.62639063236294,,123.96036977401411,"rgba(0, 255, 255, 0.75)",10.168913310254387,122.73428997611299,1.532104657139344,55.25531345054826,0.7133293301598584,False,True,True,False,True,10.975668107154544,0.0,0.0,0.0,0.0,1,1.0596270796415448,0.8275401346506784,False,False,False,False,0.2186780721764033,0.21518149597751385,False,False,False,False,1037492,1345158.8450173272,False,False,False,False,78257.16717078739,False,False,False,False
2023-07-06 00:00:00+00:00,134.6445106479,136.9072782534,132.4112574024,136.9072782534,44561,,,,,,,,,,,,,,,,,,,,,135.17285395210624,136.58439008846034,134.0233723494096,127.83784571970826,126.0356622189234,120.44903703472346,119.41154204507552,116.32662878932098,113.7032042774265,110.47693983770756,,127.83784571970826,120.44903703472346,113.7032042774265,,124.00214763128618,"rgba(38, 166, 154, 1.0)",10.028987325193153,122.73678787099475,1.187330524089173,51.50054908353523,0.7133293301598584,False,True,False,False,False,7.404914742826744,0.0,0.0,0.0,0.0,1,1.021370052640083,0.8449012844364899,False,False,False,False,0.12255539978019506,0.16886844787885447,False,False,False,False,992931,1331345.988349981,False,False,False,False,76935.74885036435,False,False,False,False
2023-07-07 00:00:00+00:00,132.9425158837,135.9726568511,132.9425158837,134.4379101274,38667,,,,,,,,,,,,,,,,,,,,,135.1228212984272,136.53602533271223,134.02264154288486,127.8798283781994,126.08299109588935,120.50517479980687,119.46868264851344,116.38682666013531,113.76718713884269,110.54131823889276,,127.8798283781994,120.50517479980687,113.76718713884269,,124.0313497134304,"rgba(38, 166, 154, 1.0)",9.862813107430041,122.74016914515153,1.0344256377384506,47.574998692728215,2.559258754469603,False,True,False,True,False,5.816386579474607,0.0,0.0,0.0,0.0,1,1.0246851837861817,0.851282715306641,False,False,False,False,0.11746199344776248,0.14316522066330847,False,False,True,False,954264,1316558.4593950796,False,False,False,False,75435.01360133047,False,False,False,False
2023-07-10 00:00:00+00:00,134.713377488,134.713377488,132.9917064838,133.1687926443,39976,,,,,,,,,,,,,,,,,,,,,135.08283415035186,136.49134246043204,134.02387513862018,127.92394794421723,126.13247912139741,120.56352433983035,119.52804374362893,116.44928932899896,113.83352094301962,110.6080343401016,,127.92394794421723,120.56352433983035,113.83352094301962,,124.06368915105982,"rgba(38, 166, 154, 1.0)",9.78032503002952,122.75479088732664,1.2227187300990203,46.965639539788285,2.068816863074723,False,True,False,True,False,7.2039302123007545,0.0,0.0,0.0,0.0,1,1.0398459077847617,0.8474792475572377,False,False,False,False,0.09222869941560956,0.11769696003945901,False,False,False,False,994240,1303918.519810959,False,False,False,False,74044.46404833712,False,False,False,False
2023-07-11 00:00:00+00:00,135.0281973288,135.9853480259,133.5819936853,135.2544740894,34055,,,,,,,,,,,,,,,,,,,,,135.0755466528832,136.46591760380525,134.0313741973078,127.9653764079197,126.17793786061665,120.61547506422417,119.58072782246357,116.50432339096827,113.89169735513453,110.66631559333288,,127.9653764079197,120.61547506422417,113.89169735513453,,124.09746919486561,"rgba(38, 166, 154, 1.0)",9.610558294693796,122.77991895295918,1.2744606504913831,46.90600773628441,1.9549808825111654,False,True,False,True,False,7.449696387422492,0.0,0.0,0.0,0.0,1,1.0409458991797782,0.8487114829565462,False,False,False,False,0.1039737136033913,0.11083533682142516,False,False,False,False,1028295,1293109.7543281761,False,False,False,False,72476.24977193175,False,False,False,False
2023-07-12 00:00:00+00:00,136.2087717317,137.4385367347,136.0021712112,136.8187351732,42701,,,,,,,,,,,,,,,,,,,,,135.13494679996498,136.46753095274119,134.05921087486988,128.02914309843766,126.24519808584678,120.68772263549054,119.65350320509131,116.57915561710867,113.97001342983934,110.7440589226463,,128.02914309843766,120.68772263549054,113.97001342983934,,124.15704836220365,"rgba(38, 166, 154, 1.0)",9.461610522603786,122.83724511436608,1.4132400171608577,48.16585937946277,1.9549808825111654,False,True,False,False,False,8.373898982090648,0.0,0.0,0.0,0.0,1,1.0266271480982727,0.8477843119752725,False,False,False,False,0.15816277989139244,0.1344990583564088,False,False,False,False,1070996,1284399.4110211888,False,False,False,False,71308.59291813051,False,False,False,False
2023-07-13 00:00:00+00:00,137.0843644138,137.7336803354,136.2579623318,136.336667292,34740,,,,,,,,,,,,,,,,,,,,,135.19494565810214,136.47612213653207,134.08564573132588,128.0831830859946,126.30177396276004,120.74776671231069,119.71390508401834,116.64106530899672,114.03466369299109,110.8081235384684,,128.0831830859946,120.74776671231069,114.03466369299109,,124.20871949114999,"rgba(0, 255, 255, 0.75)",9.335901746810244,122.88860988983183,1.5205552617151699,49.932919162661904,1.9549808825111654,False,True,False,False,True,9.0566985681541,0.0,0.0,0.0,0.0,1,1.0213090067424082,0.8534071231263155,False,False,False,False,0.16593849203927796,0.15021877519784338,False,False,False,False,1105736,1277393.0027458481,False,False,False,False,69874.53045075285,False,False,False,False
2023-07-14 00:00:00+00:00,136.1497430115,136.6908396129,134.3296908071,136.6908396129,30821,,,,,,,,,,,,,,,,,,,,,135.20941924844777,136.4659756862928,134.09849384207797,128.12368468132917,126.34543896215547,120.79643775203985,119.76313877418148,116.69218995731846,114.08848715793769,110.86189063647024,,128.12368468132917,120.79643775203985,114.08848715793769,,124.24451566982509,"rgba(38, 166, 154, 1.0)",9.217482517702093,122.92154738705972,1.4351202293072585,50.00397029102664,1.9549808825111654,False,True,False,False,True,8.128784406195294,0.0,0.0,0.0,0.0,1,1.0002761364677968,0.8650838249458772,False,False,False,False,0.12421603735282194,0.13721740627533266,False,False,False,False,1074915,1269452.6889126778,False,False,False,False,68343.01945268412,False,False,False,False
2023-07-17 00:00:00+00:00,138.1272051364,140.045638541,135.2052834892,136.5235915724,38887,,,,,,,,,,,,,,,,,,,,,135.295702420244,136.4881632999472,134.13470033766174,128.1879253942314,126.41198680875311,120.86584724637733,119.83282474314197,116.76327587093066,114.16247538906666,110.93501748480527,,128.1879253942314,120.86584724637733,114.16247538906666,,124.30779189951593,"rgba(0, 255, 255, 0.75)",9.131512851706225,122.98647207733254,1.658074987677251,52.15019837570887,-2.5593346927409257,False,True,False,False,True,9.685437618816369,0.0,0.0,0.0,0.0,1,1.0042135197732684,0.8493952643629278,False,False,False,False,0.1837880628203354,0.16050273454783404,False,False,False,False,1113802,1263348.7403278667,False,False,False,False,67187.88143493181,False,False,False,False
2023-07-18 00:00:00+00:00,143.7841241501,146.5289596368,138.0681764162,138.6092730175,57632,,,,,,,,,,,,,,,,,,,,,135.64935581965347,136.6406665978727,134.2586744740705,128.33034104414222,126.5519218020101,120.99776433500553,119.96360073842077,116.89259680075673,114.29431094517999,111.06271160108557,,128.33034104414222,120.99776433500553,114.29431094517999,,124.46419441581978,"rgba(0, 255, 0, 1.0)",9.135050213282582,124.89709216965339,2.0675345553092224,57.71032623755831,2.7133430622386854,False,False,True,False,True,13.841259262600978,0.0,0.0,0.0,0.0,0,1.0452930774690818,0.7966130088668809,False,False,False,False,0.31305082810592266,0.23677678132687835,False,False,False,False,1171434,1259744.2407071663,False,False,False,False,66813.14098650312,False,False,False,False
2023-07-19 00:00:00+00:00,140.9507455832,143.9562912505,139.9570954608,142.8396646278,45919,,,,,,,,,,,,,,,,,,,,,135.8656565105227,136.73483046962946,134.3417169984916,128.43280194121715,126.65379174916539,121.0961474697538,120.06144036894827,116.99009630663807,114.39420120764368,111.15999096987463,,128.43280194121715,121.0961474697538,114.39420120764368,,124.57306739918847,"rgba(0, 255, 255, 0.75)",9.104345342792143,124.98185752418809,1.7539853177531735,58.30897100788569,3.201287726804722,False,False,True,False,True,11.043168228038276,0.0,0.0,0.0,0.0,0,1.0547871736187664,0.85761663374355,False,False,False,False,0.2894652997893993,0.2631210405581388,False,False,False,False,1125515,1254480.3489147285,False,False,False,False,65993.76290860103,False,False,False,False
2023-07-20 00:00:00+00:00,141.5803852648,142.1214818661,140.0800719611,141.668928345,28501,,,,,,,,,,,,,,,,,,,,,135.98427157491594,136.78732221633055,134.3898164514958,128.49388877220503,126.71482331232434,121.15567625383527,120.12071545219945,117.04934591804337,114.45501804177132,111.21934807726963,,128.49388877220503,121.15567625383527,114.45501804177132,,124.63702260703909,"rgba(0, 255, 255, 0.75)",9.101215259090473,125.03483540970535,1.817949513782636,59.14071503227416,4.028724766856584,False,False,True,False,True,11.49669701621777,0.0,0.0,0.0,0.0,0,1.036414429685158,0.885666182445144,False,False,False,False,0.21318598957588308,0.23815351506701093,False,False,False,False,1154016,1250540.5705259158,False,False,False,False,64523.458480812755,False,False,False,False
2023-07-21 00:00:00+00:00,140.7539831828,142.4510588869,139.9767717009,141.9443957057,37637,,,,,,,,,,,,,,,,,,,,,136.12749846948887,136.85178504338427,134.45049910062176,128.57242103047307,126.79354369606669,121.23297372817713,120.19774923515244,117.12650337609324,114.53431290314694,111.29685479092817,,128.57242103047307,121.23297372817713,114.53431290314694,,124.71841413735326,"rgba(0, 255, 255, 0.75)",9.067642611235536,125.10420711304626,1.7258924662913395,58.798762241911064,4.028724766856584,False,False,True,False,True,10.68295713615234,0.0,0.0,0.0,0.0,0,1.012764371736769,0.9070478118587348,False,False,False,False,0.2087093372386206,0.22343142615281575,False,False,False,False,1116379,1245279.3324660761,False,False,False,False,63469.08755999657,False,False,False,False
2023-07-24 00:00:00+00:00,140.458839582,141.8656907455,140.0029411001,141.5213565446,32404,,,,,,,,,,,,,,,,,,,,,136.23773637532753,136.9020957606543,134.49965387449168,128.63772814153023,126.85929095796794,121.29809556057239,120.26272057719368,117.19175110721235,114.60147615223309,111.36262785252292,,128.63772814153023,121.29809556057239,114.60147615223309,,124.78531763597061,"rgba(0, 255, 255, 0.75)",8.907831797420608,125.1610301310108,1.7173437710643453,58.23994285842475,4.028724766856584,False,False,True,False,True,10.39019831336666,0.0,0.0,0.0,0.0,0,0.9937460055460788,0.9148286496130534,False,False,False,False,0.18866511069868,0.20604826842574786,False,False,False,False,1083975,1238953.6723693674,False,False,False,False,62250.84883215357,False,False,False,False
2023-07-25 00:00:00+00:00,140.2325628215,141.678766465,137.586108535,139.4159988595,34250,,,,,,,,,,,,,,,,,,,,,136.32564107969773,136.94127606359612,134.5430998498482,128.700694168812,126.923449608959,121.3631462459104,120.32781107902422,117.25758271622708,114.66954776629984,111.42961013345116,,128.700694168812,121.3631462459104,114.66954776629984,,124.84818587118257,"rgba(0, 255, 255, 0.75)",8.68089391909044,125.20776260018599,1.73078952022124,57.5970385119427,4.028724766856584,False,False,True,False,True,10.162560313850754,0.0,0.0,0.0,0.0,0,0.9793127088327647,0.9253521996674824,False,False,False,False,0.09702304820288518,0.15153565831431653,False,False,False,False,1049725,1231532.9401195885,False,False,False,False,61152.77632893186,False,False,False,False
2023-07-26 00:00:00+00:00,140.9999361834,141.5705471447,139.1552886789,139.8783905006,31983,,,,,,,,,,,,,,,,,,,,,136.42051503296744,136.98608822291357,134.588643939129,128.76273720373587,126.98620575585596,121.42590674652524,120.39050338308343,117.32072355382797,114.73464954847773,111.49350323227088,,128.76273720373587,121.42590674652524,114.73464954847773,,124.91094766187871,"rgba(0, 255, 255, 0.75)",8.481995407677795,125.26339938293431,1.8552871163100573,57.9010032249987,4.028724766856584,False,False,True,False,True,10.7552333716026,0.0,0.0,0.0,0.0,0,0.9743351212766111,0.9417800206608333,False,False,False,False,0.14814603046864852,0.14984084439148254,False,False,False,False,1081708,1225657.4522717616,False,False,False,False,60008.86353171885,False,False,False,False
2023-07-27 00:00:00+00:00,142.0231006658,142.072291266,140.458839582,142.0034244258,64264,,,,,,,,,,,,,,,,,,,,,136.63936719440449,137.09566559985393,134.69219785167516,128.8952568741546,127.11920316941682,121.5569290957825,120.52113508428415,117.4516673612433,114.86921223739763,111.6251762735178,,128.8952568741546,121.5569290957825,114.86921223739763,,125.04658107417303,"rgba(0, 255, 255, 0.75)",8.325289076713473,125.39740540423202,1.9970111678249634,59.05392106716735,4.8539019591530135,False,False,True,False,True,11.54440580084679,0.0,0.0,0.0,0.0,0,0.9917952002067733,0.9196285400965274,False,False,False,False,0.21242978346894,0.18113531393021126,False,False,False,False,1145972,1222532.5325748299,False,False,False,False,60175.73162851419,False,False,False,False
2023-07-28 00:00:00+00:00,141.7574714252,143.2767723005,140.4785158221,142.8101502678,26163,,,,,,,,,,,,,,,,,,,,,136.7286643014684,137.1418879534014,134.7354074474128,128.94976829447216,127.17384011057254,121.61062842870226,120.57465825297369,117.50527420807444,114.92426075862315,111.67902190419487,,128.94976829447216,121.61062842870226,114.92426075862315,,125.10234116598956,"rgba(0, 255, 255, 0.75)",8.163234117255216,125.4533527339232,1.9972621704936309,59.42892653134462,5.448557442020601,False,False,True,False,True,11.263690212466706,0.0,0.0,0.0,0.0,0,1.000158335526878,0.9034426490109044,False,False,False,False,0.25699373098546696,0.2190645224578391,False,False,False,False,1119809,1218504.158748366,False,False,False,False,58841.89901563129,False,False,False,False
2023-07-31 00:00:00+00:00,146.1649491959,146.5289596368,142.2001868263,142.3379205066,47003,,,,,,,,,,,,,,,,,,,,,136.97523333748367,137.27652328995094,134.84534477171377,129.07004022286623,127.29170229597729,121.72119567076378,120.68418565865811,117.61329287686301,115.03402110618089,111.78525802164049,,129.07004022286623,121.72119567076378,115.03402110618089,,125.2296797252098,"rgba(0, 255, 0, 1.0)",8.124009650181657,125.60066722473877,2.531297088095088,63.12929581337288,9.10366316045156,True,False,True,False,True,14.581747381473157,0.0,0.0,0.0,0.0,0,0.9958443010348371,0.8959344482079842,False,False,False,False,0.3428282476345369,0.280946385046188,False,False,False,False,1166812,1216477.0152680378,False,False,False,False,58377.628465998685,False,False,False,False
2023-08-01 00:00:00+00:00,146.6371789571,147.5324478793,144.4432781917,144.7876123926,65474,,,,,,,,,,,,,,,,,,,,,137.34470214653965,137.48554626994195,135.01288837655326,129.2474298642512,127.4646372138506,121.88160107166838,120.84283125037146,117.7691070265065,115.19186160694969,111.93760377485069,,129.2474298642512,121.88160107166838,115.19186160694969,,125.41782086014832,"rgba(0, 255, 0, 1.0)",8.085629618274321,125.8180216017075,2.574834408484299,65.88820848798682,11.71305654448625,True,False,True,False,True,14.92367756292549,0.0,0.0,0.0,0.0,0,0.9981088381912211,0.9043084326306591,False,False,False,False,0.3428282485118875,0.31188731677903775,False,False,False,False,1232286,1217096.975453605,False,False,False,False,58655.91754576344,False,False,False,False
2023-08-02 00:00:00+00:00,145.0925941133,146.9057596337,144.541659392,145.6632050747,56177,,,,,,,,,,,,,,,,,,,,,137.61596614540056,137.64363418594593,135.14411599085525,129.39064538990525,127.60513617436092,122.01370121459875,120.97372015208308,117.8982330500865,115.32303172889061,112.06463209020491,,129.39064538990525,122.01370121459875,115.32303172889061,,125.56728161223319,"rgba(0, 255, 0, 1.0)",7.944818860367924,125.98100867524792,2.4055407396874284,65.42783493853999,11.71305654448625,True,False,True,False,True,13.256626365768714,0.0,0.0,0.0,0.0,0,0.9976617312782151,0.9150913093952114,False,False,False,False,0.32731252292507007,0.31959991985205394,False,False,False,False,1176109,1215489.603867189,False,False,False,False,58558.705092988406,False,False,False,False
2023-08-03 00:00:00+00:00,144.0792677508,146.2633303962,143.5184949095,144.964698553,38822,,,,,,,,,,,,,,,,,,,,,137.77310330064077,137.73730482451748,135.2252566395498,129.48275152291592,127.69618078903058,122.10069515811375,121.06010234726365,117.98390466507452,115.41035613163871,112.14952821330873,,129.48275152291592,122.10069515811375,115.41035613163871,,125.6619183592054,"rgba(0, 255, 0, 1.0)",7.814400011407839,126.07914887582335,2.303455012374489,63.71942019013768,11.71305654448625,True,False,True,False,False,12.174751349031236,0.0,0.0,0.0,0.0,0,0.9897453783580863,0.9124623741363008,False,False,False,False,0.27933950052675527,0.2994697101894046,False,False,False,False,1137287,1212422.8350880835,False,False,False,False,57784.71665796926,False,False,False,False
2023-08-04 00:00:00+00:00,152.766327732,154.409293776,139.6619518601,143.4496280693,66549,,,,,,,,,,,,,,,,,,,,,138.18685859321056,137.98946856346137,135.4237338204412,129.6824584897429,127.88931851254621,122.27661984639082,121.23363837696638,118.15313475476567,115.58083189237286,112.31328204646901,,129.6824584897429,122.27661984639082,115.58083189237286,,125.87293448963672,"rgba(0, 255, 0, 1.0)",7.848405804397068,126.3191902985756,3.369746429091039,67.6176543917961,13.13501349411763,True,False,True,False,True,18.25921767822143,0.0,0.0,0.0,0.0,0,0.963565296214263,0.8728573667974799,False,False,False,False,0.3428282489669072,0.3211489795781559,False,False,False,False,1203836,1212086.0964571782,False,False,False,False,58128.41404393125,False,False,False,False
2023-08-07 00:00:00+00:00,156.7212519816,157.291862943,152.766327732,152.766327732,51345,,,,,,,,,,,,,,,,,,,,,138.67037525211333,138.2898129485584,135.64635533389927,129.88597144402308,128.08223810982815,122.44422477871048,121.39782229151449,118.31035709992857,115.73714958722486,112.46137721253304,,129.88597144402308,122.44422477871048,115.73714958722486,,126.09256840583336,"rgba(0, 255, 0, 1.0)",7.965101989175228,126.58370728844743,3.7836985306792372,71.52864657334766,16.679749082983847,True,False,True,False,True,20.0,0.0,0.0,0.0,0.0,0,1.053690058301458,0.8513694765697725,False,False,False,False,0.34282825098440534,0.33198861528128065,False,False,False,False,1255181,1213776.0926745438,False,False,False,False,57862.397806914334,False,False,False,False
2023-08-08 00:00:00+00:00,161.9551318344,162.0931001833,153.7952894857,154.6625191073,75267,,,,,,,,,,,,,,,,,,,,,139.47681600335966,138.80200732055513,136.02267932354073,130.22057008818788,128.39750034369106,122.71389078548641,121.66133829508286,118.56102234023133,115.98510260206812,112.69505528203817,,130.22057008818788,122.71389078548641,115.98510260206812,,126.45359823842412,"rgba(0, 255, 0, 1.0)",8.279605260441379,127.01711858424696,4.219767990278624,75.43703741653682,20.142787430163636,True,False,True,False,True,20.0,0.0,0.0,0.0,0.0,0,1.0604754141108936,0.8252320008732572,False,False,False,False,0.3428282513925969,0.3374084333369388,False,False,False,False,1330448,1218351.4615892675,False,False,False,False,58544.93122625103,False,False,False,False
2023-08-09 00:00:00+00:00,162.9110553946,163.6600264314,160.191107945,160.7922557509,82975,,,,,,,,,,,,,,,,,,,,,140.4186652893367,139.41632078357418,136.47517708644116,130.617559441782,128.77049835295955,123.0304339801125,121.97024821120982,118.85374414274361,116.27374191826125,112.96624342452532,,130.617559441782,123.0304339801125,116.27374191826125,,126.87926326309461,"rgba(0, 255, 0, 1.0)",8.575393472791411,127.51982487709093,4.127067828409363,78.24685785077963,22.55624609450119,True,False,True,False,True,20.0,0.0,0.0,0.0,0.0,0,1.0907182538310833,0.8220061722443692,False,False,False,False,0.34282825181511406,0.34011834257602647,False,False,False,False,1413423,1226001.3258406688,False,True,False,False,59502.97313894707,False,True,False,False
2023-08-10 00:00:00+00:00,161.8073086034,166.3602641168,161.1815235924,162.7927968098,84542,,,,,,,,,,,,,,,,,,,,,141.33628941760207,140.03241136571108,136.93533534300374,131.02280449637848,129.15175336555382,123.35476133129424,122.28682812637422,119.153833609377,116.56959801623134,113.24429842960556,,131.02280449637848,123.35476133129424,116.56959801623134,,127.30879135011317,"rgba(0, 255, 0, 1.0)",8.809096636528453,130.61256006888854,3.5411972216489263,78.87871128072621,23.018266391636843,True,False,True,False,True,20.0,0.0,0.0,0.0,0.0,0,1.086445215521873,0.8145520910393197,False,True,False,False,0.34282825197332417,0.34147329727467535,False,False,False,False,1328881,1230035.822866525,False,False,False,False,60484.89576094915,False,False,False,False
2023-08-11 00:00:00+00:00,161.4032584388,164.1133510063,160.9992082742,160.9992082742,44140,,,,,,,,,,,,,,,,,,,,,141.7669927592466,140.32887321637656,137.16088668009127,131.2242872298882,129.3420235137686,123.51804571552115,122.44641016194102,119.30557013376871,116.71948243507182,113.38552533088293,,131.2242872298882,123.51804571552115,116.71948243507182,,127.5198097176557,"rgba(0, 255, 0, 1.0)",8.938626855969865,130.82588433570973,3.420813352631281,78.83066554116641,23.018266391636843,True,False,True,False,True,20.0,0.0,0.0,0.0,0.0,0,1.1081148326335415,0.8192081797169265,False,False,False,False,0.3134455985456084,0.32745944791014187,False,False,False,False,1284741,1232181.123930583,False,False,False,False,59843.9194565982,False,False,False,False
2023-08-14 00:00:00+00:00,161.9649867164,163.4826385542,159.1760550924,160.5853032275,54685,,,,,,,,,,,,,,,,,,,,,142.26076260533043,140.67503533131398,137.4278845474515,131.46530368817037,129.57025881404365,123.71517339681145,122.6392429280848,119.48933407040501,116.90125533851018,113.55711711245516,,131.46530368817037,123.71517339681145,116.90125533851018,,127.77013678325766,"rgba(0, 255, 0, 1.0)",9.008883308844897,131.07445260251743,3.4288971290764017,78.98408023629628,23.341718672778995,True,False,True,False,True,20.0,0.0,0.0,0.0,0.0,0,1.101316934222638,0.8217777872918127,False,False,False,False,0.2842877199597802,0.305873583934961,False,False,False,False,1339426,1236386.80534507,False,False,False,False,59641.60888967278,False,False,False,False
2023-08-15 00:00:00+00:00,161.3244193823,161.9403495113,159.2746039131,160.4177702324,50489,,,,,,,,,,,,,,,,,,,,,142.6795885089623,140.9744417833947,137.66230089179288,131.679386947741,129.77361027360493,123.8920595555165,122.81244867885874,119.65480389839655,117.06518491789451,113.71218224588715,,131.679386947741,123.8920595555165,117.06518491789451,,127.99060077020492,"rgba(0, 255, 0, 1.0)",9.107172079202423,131.28845880484397,3.2980556770248795,78.24656254206161,23.341718672778995,True,False,True,False,True,20.0,0.0,0.0,0.0,0.0,0,1.0926569173428426,0.8520910684454553,False,False,False,False,0.2673528906205429,0.28661323727775195,False,False,False,False,1288937,1238447.5972923224,False,False,False,False,59282.683050862084,False,False,False,False
2023-08-16 00:00:00+00:00,158.4665035838,162.7336675174,158.4665035838,160.4079153504,45157,,,,,,,,,,,,,,,,,,,,,143.0195894793465,141.22225193308626,137.85952400140178,131.8620356346088,129.94772294904072,124.04478099266869,122.96217080439013,119.79826680561638,117.20758553451876,113.84721227713096,,131.8620356346088,124.04478099266869,117.20758553451876,,128.17711404118091,"rgba(0, 255, 0, 1.0)",9.117358165170819,131.46249699657454,2.961823600435415,74.30270795681439,23.341718672778995,True,False,True,False,False,19.164086618441864,0.0,0.0,0.0,0.0,0,1.0889776081847116,0.8467015470666123,False,False,False,False,0.26718028416349004,0.27689676072062097,False,False,False,False,1243780,1238656.7111239962,False,False,False,False,58728.73469592632,False,False,False,False
2023-08-17 00:00:00+00:00,156.3969783505,160.1664707398,156.2688648836,159.9545907755,51719,,,,,,,,,,,,,,,,,,,,,143.34244989066354,141.4645342620129,138.05823100652688,132.05157235891446,130.1296939804233,124.20709463733004,123.12168328570885,119.95205959215492,117.3608767960867,113.9932930232554,,132.05157235891446,124.20709463733004,117.3608767960867,,128.3681488833077,"rgba(0, 255, 0, 1.0)",9.108859770216839,131.62048044356823,2.7200438399483637,69.5254101512474,25.240781647552026,True,False,True,False,False,17.02084993248117,0.0,0.0,0.0,0.0,0,1.0706243455505287,0.8629228913370336,False,False,False,False,0.2122871835523656,0.24459197213649328,False,False,False,False,1192061,1236829.42833482,False,False,False,False,58453.84313922333,False,False,False,False
2023-08-18 00:00:00+00:00,155.1355534463,157.5992739622,155.0271497436,156.0323477141,42581,,,,,,,,,,,,,,,,,,,,,143.56749433470608,141.63837257457334,138.20496896152332,132.19535780667053,130.26862199090516,124.33285412206133,123.24553214001571,120.07210289279419,117.48095041839164,114.10820142318907,,132.19535780667053,124.33285412206133,117.48095041839164,,128.511445666483,"rgba(0, 255, 0, 1.0)",9.077485445440493,131.72974119198327,2.578446684932245,65.11950035432868,21.2273054880568,True,False,True,False,False,15.73635975524175,0.0,0.0,0.0,0.0,0,1.049605402017637,0.8991625546657276,False,False,False,False,0.16931075609286433,0.2069513641146788,False,False,False,False,1149480,1233403.9605569842,False,False,False,False,57831.37870239105,False,False,False,False
2023-08-21 00:00:00+00:00,153.1744319156,156.0027830679,152.7900915152,155.8253951908,30836,,,,,,,,,,,,,,,,,,,,,143.7007959904757,141.74499849369897,138.2983135023047,132.29001698656535,130.36079357212526,124.41777387181608,123.32937039745961,120.1538788484571,117.56309271026977,114.18719653961698,,132.29001698656535,124.41777387181608,117.56309271026977,,128.60462309127894,"rgba(0, 255, 0, 1.0)",8.936112588304937,131.7921414747314,2.3927955505901393,60.40703590316417,17.01040851342988,False,False,True,False,False,13.770598697952739,0.0,0.0,0.0,0.0,0,1.0405907646005077,0.9020460828807656,False,False,False,False,0.1266730045195237,0.16681218431710126,False,False,False,False,1118644,1228903.5699469063,False,False,False,False,56772.7364003365,False,False,False,False
2023-08-22 00:00:00+00:00,154.4555665839,154.5935349328,152.4944450533,153.391239321,31892,,,,,,,,,,,,,,,,,,,,,143.83327799173193,141.85210627680837,138.3928416432122,132.38642500032782,130.4548057257728,124.50467457920112,123.41520282165575,120.23769013125252,117.64733214752361,114.26827958779933,,132.38642500032782,124.50467457920112,117.64733214752361,,128.69926359052855,"rgba(0, 255, 0, 1.0)",8.647224439250543,131.85781358222175,2.613295533200802,58.30521330113875,15.244454858883628,False,False,True,False,False,14.642257585993974,0.0,0.0,0.0,0.0,0,1.0510364957418241,0.8938428136317571,False,False,False,False,0.10786584742063839,0.13733901586886982,False,False,False,False,1150536,1225830.3319097727,False,False,False,False,55797.02124738213,False,False,False,False
2023-08-23 00:00:00+00:00,156.6827699303,157.3036275003,154.6920837535,155.5888780212,37776,,,,,,,,,,,,,,,,,,,,,144.0220156323234,142.00122014343418,138.52033690506948,132.5120422407705,130.5764166743921,124.61523593463124,123.52414529481906,120.34341330729481,117.7531312161273,114.36963980956652,,132.5120422407705,124.61523593463124,117.7531312161273,,128.82375971584287,"rgba(0, 255, 0, 1.0)",8.658439753030963,131.9644133064563,2.85482804395455,58.56390400132673,15.244454858883628,False,False,True,False,False,16.128970759717575,0.0,0.0,0.0,0.0,0,1.0644372940524403,0.8740038289711433,False,False,False,False,0.16225782522594961,0.14979842054740972,False,False,False,False,1188312,1224359.024776056,False,False,False,False,55090.31453179852,False,False,False,False
2023-08-24 00:00:00+00:00,153.8839834242,158.8508439843,153.6425388137,156.4659625249,50960,,,,,,,,,,,,,,,,,,,,,144.25225722307226,142.1869552662245,138.68214086300577,132.6740040242628,130.7338115657987,124.75957875858397,123.66654774761336,120.48202632230027,117.89211140562672,114.50311025701613,,132.6740040242628,124.75957875858397,117.89211140562672,,128.98325434335044,"rgba(0, 255, 0, 1.0)",8.671263668114578,132.09714874689,2.512532833873241,56.16803378682813,13.217579774260457,False,False,True,False,False,13.338807847222412,0.0,0.0,0.0,0.0,0,1.0644653798618828,0.8657077262774978,False,False,False,False,0.1678216622382772,0.15881004139284347,False,False,False,False,1137352,1220946.9845887597,False,False,False,False,54928.34141290446,False,False,False,False
2023-08-25 00:00:00+00:00,154.4457117019,155.3671431748,152.6324134021,154.9778753333,29078,,,,,,,,,,,,,,,,,,,,,144.36464249924316,142.28041608316457,138.7659839365177,132.76014228676613,130.8180189937494,124.83784699873186,123.7439090974674,120.55768473580952,117.96820512797295,114.57645638493723,,132.76014228676613,124.83784699873186,117.96820512797295,,129.067330614436,"rgba(0, 255, 0, 1.0)",8.718141631269805,132.16258226395024,2.555949464966904,55.02438452677925,12.006928658896342,False,True,False,False,False,13.723046193062746,0.0,0.0,0.0,0.0,0,1.0732647744551334,0.8749130905319217,False,False,False,False,0.11791140512357891,0.1383607232582112,False,False,False,False,1166430,1218809.0636244945,False,False,False,False,53914.60253396703,False,False,False,False
2023-08-28 00:00:00+00:00,153.686885783,155.864814719,153.0463184488,155.0172948616,46779,,,,,,,,,,,,,,,,,,,,,144.54109470142902,142.42837581492242,138.89941500443715,132.8976022168601,130.95251626378854,124.9631065588953,123.86774995055542,120.67887202393938,118.09012364524168,114.69403468210547,,132.8976022168601,124.9631065588953,118.09012364524168,,129.20128908621743,"rgba(0, 255, 0, 1.0)",8.766370956118992,132.2692117510531,2.443163098978514,53.56008928923433,10.424169399063551,False,True,False,False,False,12.967431331165866,0.0,0.0,0.0,0.0,0,1.081435979084455,0.8616880659711107,False,False,False,False,0.12798070758392285,0.133170715421067,False,False,False,False,1119651,1214920.5121098084,False,False,False,False,53634.77498361538,False,False,False,False
2023-08-29 00:00:00+00:00,154.8497618665,155.3129413235,152.8590756896,153.5094979058,32068,,,,,,,,,,,,,,,,,,,,,144.66015908181615,142.52889289223117,138.99039200252483,132.99143816011897,131.04438138967348,125.04877090040888,123.95245790233052,120.76179327094233,118.17355352923958,114.7745215381054,,132.99143816011897,125.04877090040888,118.17355352923958,,129.2926360667391,"rgba(0, 255, 0, 1.0)",8.847900693933825,132.34370722725336,2.5436604023683174,53.62161585699434,10.217887606719515,False,True,False,False,False,13.782704949934665,0.0,0.0,0.0,0.0,0,1.0774955547237186,0.8697503195804516,False,False,False,False,0.1198145226541853,0.12649261903762615,False,False,False,False,1151719,1212442.0214388354,False,False,False,False,52789.019101904974,False,False,False,False
2023-08-30 00:00:00+00:00,153.5686271982,155.7982942651,153.381384439,154.8399069844,52254,,,,,,,,,,,,,,,,,,,,,144.84632375413565,142.68786168121036,139.13549505258956,133.14194909248218,131.1919573551213,125.18686247177477,124.08907197590462,120.89567520452195,118.3083402097466,114.90467449718759,,133.14194909248218,125.18686247177477,118.3083402097466,,129.43882112946747,"rgba(0, 255, 0, 1.0)",8.893682814998149,132.46380904493452,2.373012237143728,52.39077349345176,8.720407641463083,False,True,False,False,False,12.490064827256685,0.0,0.0,0.0,0.0,0,1.0778110209570766,0.8665875281913485,False,False,False,False,0.13095190797996062,0.1287222635087934,False,False,False,False,1099465,1208011.5500098614,False,False,False,False,52768.037960653804,False,False,False,False
2023-08-31 00:00:00+00:00,151.4005531442,154.9680204512,151.0753420361,153.5883369623,45813,,,,,,,,,,,,,,,,,,,,,144.97410254460033,142.8029509578588,139.2458413067111,133.2612570372655,131.31000295804358,125.29956169937995,124.20087443343066,121.00600086510498,118.41991384877521,115.01298393035266,,133.2612570372655,125.29956169937995,118.41991384877521,,129.5533489581523,"rgba(0, 255, 0, 1.0)",8.888237739771498,132.5492815457061,2.120923421539637,49.627438653910716,5.8263625332488616,False,True,False,True,False,10.344324528461875,0.0,0.0,0.0,0.0,0,1.0539736490486404,0.8798022885113169,False,False,False,False,0.09638066472946465,0.11255146411912903,False,False,False,False,1053652,1201958.2343232003,False,False,False,False,52495.2913739615,False,False,False,False
2023-09-01 00:00:00+00:00,152.5240096994,152.918204982,151.5434489341,152.4845901712,47308,,,,,,,,,,,,,,,,,,,,,145.0990437107153,142.91715968409144,139.35659648589362,133.3819562555065,131.42966503117577,125.41431749728584,124.31478635622175,121.11857182701452,118.5338531118808,115.12372116304316,,133.3819562555065,125.41431749728584,118.5338531118808,,129.66896711228287,"rgba(0, 255, 0, 1.0)",8.895384315650263,132.6363916718768,2.2357233056848997,48.947662412107256,4.94027096170214,False,True,False,True,False,11.172048288595363,0.0,0.0,0.0,0.0,0,1.0678098213270582,0.8820552345598698,False,False,False,False,0.07903750133171132,0.09579448272542018,False,False,False,False,1100960,1197997.5192517024,False,False,False,False,52291.86818282576,False,False,False,False
2023-09-05 00:00:00+00:00,147.8429407192,151.7651837805,147.1038245644,151.3906982621,61558,,,,,,,,,,,,,,,,,,,,,145.18133560425895,143.00912624679663,139.46062267702524,133.50876554111707,131.55816365321343,125.54337369138906,124.44368458011256,121.24790493700375,118.66606327746618,115.25366111911266,,133.50876554111707,125.54337369138906,118.66606327746618,,129.78727013274957,"rgba(0, 255, 255, 0.75)",8.876281567290075,132.7025077105122,1.7057179736706063,44.96729840964324,0.9818680762996763,False,True,False,True,False,6.723790448417109,0.0,0.0,0.0,0.0,0,1.0526527865253577,0.8762234971144637,False,False,False,False,0.013739552172499154,0.05476701744895967,False,False,False,False,1039402,1191778.0871241847,False,False,False,False,52655.24590114632,False,False,False,False
2023-09-06 00:00:00+00:00,150.3855002916,152.8492208075,148.8579935718,149.2423339722,61711,,,,,,,,,,,,,,,,,,,,,145.29839728356416,143.12573015407708,139.58203608876693,133.64839725268345,131.69822393878226,125.68115970065811,124.58093004519237,121.38468712017725,118.80524508854796,115.38981433953958,,133.64839725268345,125.68115970065811,118.80524508854796,,129.91946210119892,"rgba(0, 255, 255, 0.75)",8.894065446582047,132.7960587079122,1.9776604623982559,44.776186348075065,0.6548614159700179,False,True,False,True,False,8.622865197954471,0.0,0.0,0.0,0.0,0,1.0476896025241154,0.8700317580463341,False,False,False,False,0.04507465668878026,0.04992083706886996,False,False,False,False,1101113,1188222.5935114715,False,False,False,False,53010.37351286607,False,False,False,False
2023-09-07 00:00:00+00:00,146.8574525128,150.0011598911,146.0690619477,150.0011598911,78384,,,,,,,,,,,,,,,,,,,,,145.3599252856509,143.21109644448148,139.69116165351835,133.79131688237865,131.8450623225671,125.83290257055718,124.73304958489072,121.53868647866673,118.96352813139637,115.54641872628945,,133.79131688237865,125.83290257055718,118.96352813139637,,130.05131480803968,"rgba(0, 255, 255, 0.75)",8.869035764912727,132.8654244472644,1.5776267495605585,42.40209991412382,-1.7790522606222794,False,True,False,True,False,5.454324466490757,0.0,0.0,0.0,0.0,0,1.0255323813394783,0.8901865189147181,False,False,False,False,-0.017133657938978572,0.016393589564945694,False,False,False,False,1022729,1181732.6486678845,False,False,False,False,54005.41768883211,False,False,False,False
2023-09-08 00:00:00+00:00,143.171726621,146.423837702,143.1125973286,146.423837702,47994,,,,,,,,,,,,,,,,,,,,,145.34214914554548,143.22282167452514,139.7285263320511,133.85622436504897,131.91454183125282,125.91043199312496,124.81150186594398,121.6199017395166,119.04817885090742,115.63146054895654,,133.85622436504897,125.91043199312496,119.04817885090742,,130.1085738346873,"rgba(38, 166, 154, 1.0)",8.854847578050643,132.87610362331935,1.1627103580191935,38.95485670322165,-5.142206562040393,False,True,False,True,False,2.3307699887305056,0.0,0.0,0.0,0.0,0,1.0037116873322198,0.9102764717153236,False,False,False,False,-0.08943748772304605,-0.03652194907905018,False,False,False,False,974735,1173615.0938181637,False,False,False,False,53769.67581868183,False,False,False,False
2023-09-11 00:00:00+00:00,144.0783757709,145.5566080804,142.4129007021,144.6401040485,63710,,,,,,,,,,,,,,,,,,,,,145.31487680997205,143.2346859289905,139.77481151150502,133.93934951686109,132.0039520180933,126.0111215145763,124.9135050983592,121.72577748175082,119.1587026739267,115.74271154937493,,133.93934951686109,126.0111215145763,119.1587026739267,,130.181949410341,"rgba(38, 166, 154, 1.0)",8.833493126915183,132.8913550548128,1.2664322658497291,37.53182598147618,-6.552226779130308,False,True,False,True,False,3.032109993040091,0.0,0.0,0.0,0.0,0,0.991146461585024,0.9316921673362435,False,False,False,False,-0.10688822047129168,-0.07170508477517093,False,False,False,False,1038445,1168314.3058252945,False,False,False,False,54159.492453243336,False,False,False,False
2023-09-12 00:00:00+00:00,143.9009878937,145.02937189,142.4621751124,143.6053414318,97037,,,,,,,,,,,,,,,,,,,,,145.26879356851742,143.24722342048435,139.83988571806228,134.06068757986537,132.1351917651506,126.16051355865561,125.06504831091854,121.88356592361116,119.32371146759593,115.9091963908946,,134.06068757986537,126.16051355865561,119.32371146759593,,130.28938177037557,"rgba(38, 166, 154, 1.0)",8.779694565304876,132.91772551244395,1.2509845643901005,36.48777541882144,-7.664569923313948,False,True,False,True,False,2.8820468590359205,0.0,0.0,0.0,0.0,0,0.9840903486709016,0.9405366821639972,False,False,False,False,-0.1122236902555841,-0.09196438751537751,False,False,False,False,941408,1159416.0193223418,False,False,False,False,55840.96333742987,False,False,False,False
2023-09-13 00:00:00+00:00,142.245367707,144.5119905817,140.9937976849,144.0969029492,52252,,,,,,,,,,,,,,,,,,,,,145.2255889715931,143.23935897802335,139.86358023098134,134.11680424171283,132.1974284552622,126.23445762684187,125.14042488583898,121.96294558296373,119.40729090312486,115.99416219434363,,134.11680424171283,126.23445762684187,119.40729090312486,,130.3382042070686,"rgba(38, 166, 154, 1.0)",8.740335352639672,132.92296746004706,1.0665952587434178,34.89655700826513,-9.333047055104103,False,True,False,True,False,1.4812779341841456,0.0,0.0,0.0,0.0,0,0.9874901128952315,0.9361557121960078,False,False,False,False,-0.13446243668445904,-0.11321341209991828,False,False,False,False,889156,1148817.587192054,False,False,False,False,55700.219677138506,False,False,False,False
2023-09-14 00:00:00+00:00,145.3792202033,146.0592070657,143.329404734,143.4870828471,50652,,,,,,,,,,,,,,,,,,,,,145.2209357155478,143.2584797344081,139.90557843234046,134.1853350004236,132.2704832391502,126.31566848731025,125.2225915369844,122.04797779823323,119.49585835735675,116.08321086001611,,134.1853350004236,126.31566848731025,119.49585835735675,,130.4006119161771,"rgba(38, 166, 154, 1.0)",8.714586513962225,132.9523089875881,1.4259897696582515,37.0183859056345,-9.333047055104103,False,True,False,True,False,3.9495209387386296,0.0,0.0,0.0,0.0,0,0.9962847359220325,0.9296268555612693,False,False,False,False,-0.0910813005197717,-0.10214735630984499,False,False,False,False,939808,1140621.1327923655,False,False,False,False,55502.25027803503,False,False,False,False
2023-09-15 00:00:00+00:00,142.6691276358,144.0291013606,140.6488768127,144.0291013606,244146,,,,,,,,,,,,,,,,,,,,,145.0298798861075,143.21646077865506,140.0034375802118,134.43045505782982,132.54455811151237,126.64666467209526,125.56070391271601,122.40577693145804,119.87357213783886,116.46868941119058,,134.43045505782982,126.64666467209526,119.87357213783886,,130.61801984796153,"rgba(38, 166, 154, 1.0)",8.685632536198748,133.0027510714403,1.1129156712621182,36.81830872291101,-9.333047055104103,False,True,False,True,False,1.6778806412829077,0.0,0.0,0.0,0.0,0,1.004885991778126,0.9226612941394376,False,False,False,False,-0.1437711162911177,-0.12295923630048133,False,False,False,False,695662,1123171.7550358023,False,False,False,False,62900.044384778754,False,False,False,False
2023-09-18 00:00:00+00:00,144.9357505104,146.2957242352,143.6644707242,143.6644707242,32023,,,,,,,,,,,,,,,,,,,,,145.0293014148547,143.2282878507783,140.02835191827432,134.471283149343,132.58827130659822,126.6958274881261,125.61053107681217,122.45755326805204,119.92761357459366,116.52323161379714,,134.471283149343,126.6958274881261,119.92761357459366,,130.65602526612295,"rgba(38, 166, 154, 1.0)",8.599399908112078,133.0254255754068,1.3850181480405173,38.750792489493335,-9.333047055104103,False,True,False,True,True,3.435231201442715,0.0,0.0,0.0,0.0,0,1.0129367492893218,0.9001763831519192,False,False,False,False,-0.08472786394280264,-0.10384355012164198,False,False,False,False,727685,1107662.4705245944,False,False,False,False,61689.17989910116,False,False,False,False
2023-09-19 00:00:00+00:00,146.0296424195,148.6707508125,144.718943105,148.6313312843,59174,,,,,,,,,,,,,,,,,,,,,145.0528158367397,143.26833670612507,140.08759914297593,134.55662215343514,132.677985075197,126.79342312833708,125.70905514754996,122.55897353905422,120.03284146507518,116.62878445915918,,134.55662215343514,126.79342312833708,120.03284146507518,,130.73664366536482,"rgba(0, 255, 255, 0.75)",8.552975203206042,133.0827363230133,1.513731279336996,40.980222115207035,-14.431794473864656,False,True,False,True,True,4.2700568254541516,0.0,0.0,0.0,0.0,0,1.0184315317353234,0.8821466482850402,False,False,False,False,-0.058866476223177415,-0.0813550131724097,False,False,False,False,786859,1095081.942268728,False,False,False,False,61590.54539325406,False,False,False,False
2023-09-20 00:00:00+00:00,142.1271091223,146.9658562155,142.077834712,146.1479010042,35709,,,,,,,,,,,,,,,,,,,,,145.03987927547672,143.2717024855926,140.1076590695818,134.59578854481092,132.7208858157201,126.84368985964448,125.76024789695146,122.61277376033556,120.08937785227508,116.68628674974701,,134.59578854481092,126.84368985964448,120.08937785227508,,130.77282913101357,"rgba(38, 166, 154, 1.0)",8.551275673170739,133.10099334151917,1.0555285697430945,40.015346301876306,-14.431794473864656,False,True,False,True,True,1.0408947160668696,0.0,0.0,0.0,0.0,0,1.0011151838162529,0.8994233652333695,False,False,False,False,-0.12011752714315366,-0.10073627015778168,False,False,False,False,751150,1081594.4151209348,False,False,False,False,60575.58282881272,False,False,False,False
2023-09-21 00:00:00+00:00,140.8755391002,142.7578215743,140.1462778275,141.2697343827,50257,,,,,,,,,,,,,,,,,,,,,144.98880224897138,143.25098504233335,140.11653677370205,134.63562158754908,132.76730878696065,126.9036796738163,125.82199149284673,122.67924791119052,120.16024466451265,116.75946655050534,,134.63562158754908,126.9036796738163,120.16024466451265,,130.8083884732388,"rgba(38, 166, 154, 0.5)",8.511001788817516,133.10689215636393,0.912777031023914,38.68646192169822,-14.431794473864656,False,True,False,True,True,0.04052848804579057,0.0,0.0,0.0,0.0,0,0.9832852112772004,0.9343750566259404,False,False,False,False,-0.19361904306421363,-0.14717765661099766,False,False,False,False,700893,1066664.9478612903,False,False,False,False,60170.93252180047,False,False,False,False
2023-09-22 00:00:00+00:00,142.3143518815,145.0934286234,140.7178609872,140.7178609872,40485,,,,,,,,,,,,,,,,,,,,,144.96424876840842,143.24652225549573,140.13252543855668,134.67430679854652,132.8106565284719,126.95648309750902,125.87600691659232,122.73660133213752,120.22088389215965,116.82156796950532,,134.67430679854652,126.95648309750902,120.22088389215965,,130.84398029973832,"rgba(38, 166, 154, 1.0)",8.497312287273592,133.1219388594993,1.0818024230753707,39.163762258617744,-14.431794473864656,False,True,False,True,True,1.179755675661621,0.0,0.0,0.0,0.0,0,0.9854309094689193,0.9249931455880649,False,False,False,False,-0.15860464681525185,-0.15289115171312476,False,False,False,False,741378,1053908.596964769,False,False,False,False,59398.93516800438,False,False,False,False
2023-09-25 00:00:00+00:00,141.6639296653,143.6004139908,141.1120562697,141.5653808446,25763,,,,,,,,,,,,,,,,,,,,,144.94492916322326,143.24068353395,140.1403178310428,134.69695938845544,132.83643154076753,126.98866469819849,125.90901610169473,122.77186744594285,120.25830653745456,116.86004560519977,,134.69695938845544,126.98866469819849,120.25830653745456,,130.86472218459295,"rgba(38, 166, 154, 1.0)",8.504412311265437,133.12932853074537,1.0035497835928306,39.06994320909923,-14.431794473864656,False,True,False,True,True,0.6494156484064817,0.0,0.0,0.0,0.0,0,0.9995535661818157,0.9292824822723798,False,False,False,False,-0.21377724889554076,-0.18333420030433276,False,False,False,False,715615,1040642.1813975233,False,False,False,False,58079.87888690617,False,False,False,False
2023-09-26 00:00:00+00:00,138.6680455179,141.8560013167,138.6581906359,141.1416209159,41330,,,,,,,,,,,,,,,,,,,,139.72741249016667,144.8885805595924,143.21157249741563,140.1377439991862,134.72137440952835,132.86688602793504,127.03187340616589,125.95390195590319,122.82119851691427,120.31152052661861,116.91569339570894,,134.72137440952835,127.03187340616589,120.31152052661861,,131.68979616228503,"rgba(38, 166, 154, 0.5)",8.52057049891909,134.26639855708567,0.5165906392503554,37.257344027386885,-14.431794473864656,False,True,False,True,False,0.0,0.0,0.0,0.0,0.0,0,0.9820628084266346,0.9554543718350667,False,False,False,False,-0.3237795751080633,-0.25355688770619805,False,False,False,False,674285,1026275.2331074243,False,False,False,False,57423.02089134122,False,False,False,False
2023-09-27 00:00:00+00:00,141.5161064343,141.7329138397,138.983401744,138.983401744,40976,,,,,,,,,,,,,,,,,,,,140.23359009576188,144.84467455951366,143.19146758640616,140.14146855875092,134.7502164117349,132.90125056730943,127.07783128175748,126.00138021792449,122.87274883175165,120.36674006193819,116.97304494080386,,134.7502164117349,127.07783128175748,120.36674006193819,,131.75949210124114,"rgba(38, 166, 154, 0.5)",8.500085100768018,134.29272922046357,0.8498005759005614,38.7861781220857,-14.431794473864656,False,True,False,True,False,0.5410622915126417,0.0,0.0,0.0,0.0,0,0.966117917403668,0.9881605628339402,False,False,False,False,-0.32071929373025737,-0.2871380907182277,False,False,False,False,715261,1014078.5965149764,False,False,False,False,56778.03967991608,False,False,False,False
2023-09-28 00:00:00+00:00,145.2116872082,146.6997743998,141.9398663631,141.9398663631,72478,,,,,,,,,,,,,,,,,,,,142.28618407577594,144.8404887653354,143.21172245932678,140.1895699004383,134.83309136139317,132.99096206376345,127.18119592699601,126.10648376297148,122.9828118593685,120.48210998874205,117.09023288942795,,134.83309136139317,127.18119592699601,120.48210998874205,,132.0177139139581,"rgba(38, 166, 154, 1.0)",8.469198205942437,134.44133548652025,1.2717085442778646,42.715082040982644,-11.912316431706621,False,True,False,True,True,3.36915861512621,0.0,0.0,0.0,0.0,1,0.9697912272025788,0.9476882960037591,False,False,False,False,-0.20464615232195493,-0.24589212152009132,False,False,False,False,787739,1005202.5339065458,False,False,False,False,57393.72439835075,False,False,False,False
2023-09-29 00:00:00+00:00,143.5757767856,145.9310935988,142.3537714097,145.9310935988,70660,,,,,,,,,,,,,,,,,,,,142.80877896820763,144.82486393155062,143.2218572246594,140.22859909919552,134.90716864622067,133.07219353790737,127.27701094634904,126.20418218938501,123.0857883432972,120.59047066988946,117.20079769659482,,134.90716864622067,127.27701094634904,120.59047066988946,,132.1292464775688,"rgba(38, 166, 154, 1.0)",8.427287240750369,134.50554299097223,1.0762934186897553,44.18619228007975,-10.522128125451395,False,True,False,True,True,2.0472984313098266,0.0,0.0,0.0,0.0,1,0.9715881776634047,0.9424369986621807,False,False,False,False,-0.2097075240620822,-0.22779982279108676,False,False,False,False,717079,993903.5717925637,False,False,False,False,57913.970500376214,False,False,False,False
2023-10-02 00:00:00+00:00,146.5322414047,147.1126939583,141.78218825,142.856370395,89468,,,,,,,,,,,,,,,,,,,,143.47176459088433,144.8317916784003,143.25451422557228,140.2922767775654,135.01135616766845,133.1843859751404,127.40530766235234,126.33454495842896,123.22207863053828,120.73315622509968,117.34565651411653,,135.01135616766845,127.40530766235234,120.73315622509968,,132.2806212187061,"rgba(38, 166, 154, 1.0)",8.348855582215236,134.60302787426195,1.4288441586951977,47.26860210996999,-7.621994890149672,False,True,False,False,True,4.2480245525783715,0.0,0.0,0.0,0.0,1,0.9695568166526927,0.9388289685126849,False,False,False,False,-0.20101117649272934,-0.21440549964190805,False,False,False,False,806547,986556.2552516789,False,False,False,False,59151.38342193009,False,False,False,False
2023-10-03 00:00:00+00:00,146.9461464514,150.7402760459,145.7783429269,146.3548535276,83618,,,,,,,,,,,,,,,,,,,,144.38442756109907,144.89154201091358,143.3259606451125,140.38237802572928,135.13208081410227,133.3104477451139,127.54142304881447,126.4718981264322,123.36332725822449,120.8794945994557,117.49261133405275,,135.13208081410227,127.54142304881447,120.8794945994557,,132.4705082880955,"rgba(38, 166, 154, 1.0)",8.279062840565851,134.7407938139936,1.474243265506148,49.60346192261883,-5.472437780349168,False,True,False,False,True,4.551621625292668,0.0,0.0,0.0,0.0,1,0.990541922916728,0.9180553705355922,False,False,False,False,-0.09440123190588383,-0.15440336577389593,False,False,False,False,890165,982776.2060261229,False,False,False,False,60110.8585818544,False,False,False,False
2023-10-04 00:00:00+00:00,147.0841148003,148.0597481246,143.8911330117,146.6899195178,57208,,,,,,,,,,,,,,,,,,,,144.63053464586778,144.91114669974908,143.3579307805612,140.43079844457722,135.20391371590952,133.38680088691308,127.62680215054682,126.55843265547996,123.45325499148669,120.97326838109753,117.5874827097221,,135.20391371590952,127.62680215054682,120.97326838109753,,132.5563969147192,"rgba(38, 166, 154, 1.0)",8.198414174332443,134.80338020414672,1.4979402522260643,51.26015947273566,-3.9414835779709634,False,False,True,False,True,4.654292976625825,0.0,0.0,0.0,0.0,1,0.9932791240596888,0.9309575053738787,False,False,False,False,-0.1711455734085138,-0.16277446959120487,False,False,False,False,947373,981387.8450054907,False,False,False,False,59997.02099040913,False,False,False,False
2023-10-05 00:00:00+00:00,146.9855659797,148.2371360017,145.5664629625,146.8574525128,53880,,,,,,,,,,,,,,,,,,,,144.87361906532135,144.93646830292556,143.3932021864913,140.4801265727066,135.27423809221585,133.46110700768426,127.70899834099328,126.6416350293834,123.53945712040151,121.06297856050514,117.6780715368158,,135.27423809221585,127.70899834099328,121.06297856050514,,132.6409001650404,"rgba(38, 166, 154, 1.0)",8.138077187218821,134.8669901448685,1.4891202867753826,52.27121741595277,-2.957512147876365,False,False,True,False,True,4.569770488856161,0.0,0.0,0.0,0.0,1,0.9938351122690553,0.929576262837426,False,False,False,False,-0.14448948880260007,-0.15363197919690247,False,False,False,False,893493,977940.9883386088,False,False,False,False,59757.13781431466,False,False,False,False
2023-10-06 00:00:00+00:00,147.6852626062,149.2620437364,145.8500864683,146.887017159,41572,,,,,,,,,,,,,,,,,,,,145.07918335264156,144.96199252855493,143.42500573298068,140.5215751723088,135.33100752834804,133.52070610057402,127.77413345276129,126.70747103696759,123.6074274966608,121.13355359187345,117.74917625100422,,135.33100752834804,127.77413345276129,121.13355359187345,,132.7101120222432,"rgba(0, 255, 255, 0.75)",8.077936608063421,134.92055177422372,1.580194479272654,53.53268061159453,-1.6747384758779091,False,False,True,False,True,5.107084928188446,0.0,0.0,0.0,0.0,1,0.9886828961226513,0.9275512780436345,False,False,False,False,-0.12578721327361153,-0.139709596235257,False,False,False,False,935065,976259.5770312123,False,False,False,False,59043.99515492977,False,False,False,False
2023-10-09 00:00:00+00:00,150.4052100558,151.0950518002,146.8081781025,148.5623471098,31167,,,,,,,,,,,,,,,,,,,,145.31236244240452,144.99391756963658,143.45889089464603,140.56031820248373,135.37954819646552,133.5708471356728,127.82718590308829,126.76087465539904,123.66201686039182,121.18987433178535,117.8055300461941,,135.37954819646552,127.82718590308829,121.18987433178535,,132.77466965801523,"rgba(0, 255, 255, 0.75)",7.984763873587179,134.97234578642536,1.9327890609796314,56.44686279173082,1.1560446613689663,False,False,True,False,True,7.160040934675244,0.0,0.0,0.0,0.0,0,0.9935246782536028,0.9249121991269446,False,False,False,False,-0.08616944190560262,-0.11293951907042982,False,False,False,False,966232,975866.3387162628,False,False,False,False,57950.779658658015,False,False,False,False
2023-10-10 00:00:00+00:00,149.3211730288,151.9770637449,149.3211730288,150.4052100558,38992,,,,,,,,,,,,,,,,,,,,145.61948619945375,145.0400378311799,143.50614386368213,140.61248242904804,135.4431096914789,133.6361580590263,127.89554631823175,126.82959155901388,123.73201921230422,121.26193349821624,117.87746092300362,,135.4431096914789,127.89554631823175,121.26193349821624,,132.8594517804217,"rgba(0, 255, 255, 0.75)",7.857641195247293,136.60441473850057,1.6183938632870098,57.17685958980974,1.9142595612225932,False,False,True,False,True,6.1901842953826325,0.0,0.0,0.0,0.0,0,0.9997770618861479,0.9385100852939262,False,False,False,False,-0.03832896894451573,-0.07563424400747278,False,False,False,False,927240,973959.4234724878,False,False,False,False,57207.29810341653,False,False,False,False
2023-10-11 00:00:00+00:00,150.13912824,150.4840491123,148.8777033359,148.8777033359,27381,,,,,,,,,,,,,,,,,,,,145.79735277940839,145.06963743620935,143.53710774847758,140.64736682549443,135.48630015755444,133.6806900433984,127.94250331892503,126.87683997081561,123.78026688664524,121.31167236123775,117.9272013709577,,135.48630015755444,127.94250331892503,121.31167236123775,,132.91426717264764,"rgba(0, 255, 255, 0.75)",7.738296823297282,136.63932539559815,1.7445444588993662,58.30119605569281,3.1106805597530496,True,False,True,False,True,6.809949570279802,0.0,0.0,0.0,0.0,0,0.98590545112112,0.9509280481365094,False,False,False,False,-0.06558129543862781,-0.0706077697230503,False,False,False,False,954621,973201.0539245472,False,False,False,False,56037.63935426294,False,False,False,False
2023-10-12 00:00:00+00:00,149.1240753875,150.8486797486,147.5867137855,150.8486797486,32886,,,,,,,,,,,,,,,,,,,,145.9608688277625,145.09994445148797,143.57011748655606,140.68599040914717,135.53550831542282,133.73172280838705,127.99697671391888,126.93173937877972,123.83654608079816,121.36983265010477,117.98553039601049,,135.53550831542282,127.99697671391888,121.36983265010477,,132.9731615925796,"rgba(0, 255, 255, 0.75)",7.638776814621218,136.67054360047624,1.6303044439244156,57.85218995919236,3.1106805597530496,False,False,True,False,True,5.887397760408877,0.0,0.0,0.0,0.0,0,0.9788306776534682,0.9460602009464569,False,False,False,False,-0.0786500196655152,-0.07462889469428274,False,False,False,False,921735,971182.7773000551,False,False,False,False,55129.73192860557,False,False,False,False
2023-10-13 00:00:00+00:00,144.4430064072,149.1240753875,144.3247478225,148.7594447511,30888,,,,,,,,,,,,,,,,,,,,145.9610021061536,145.10587749014374,143.58318327091655,140.70831802891323,135.57057104709594,133.76941909108015,128.04014424696146,126.97562680439174,123.8824885343713,121.4179358670889,118.03447974957146,,135.57057104709594,128.04014424696146,121.4179358670889,,133.00445874878986,"rgba(38, 166, 154, 1.0)",7.555320367182455,136.6472533786606,1.0318229604665463,53.15780196250209,3.1106805597530496,False,False,True,False,False,1.8113403433429127,0.0,0.0,0.0,0.0,0,0.967667114789398,0.9521268011356631,False,False,False,False,-0.14957695154784198,-0.11210292312106236,False,False,False,False,890847,968032.3546608373,False,False,False,False,54179.07577454261,False,False,False,False
2023-10-16 00:00:00+00:00,148.128732299,149.0353814489,144.9653151566,144.9653151566,30449,,,,,,,,,,,,,,,,,,,,146.01901354668092,145.1211446314636,143.60348402262701,140.73601030981186,135.60957171921697,133.81063105701574,128.0858333278012,127.02189647561372,123.93047688796281,121.46788983210692,118.08499801412675,,135.60957171921697,128.0858333278012,121.46788983210692,,133.04463180222072,"rgba(0, 255, 255, 0.75)",7.4953641258417685,136.66310514433587,1.5296958175966513,53.158753629634305,3.1106805597530496,False,False,True,False,False,4.659200415998946,0.0,0.0,0.0,0.0,0,0.9872197623088785,0.9908743018568071,False,False,False,False,-0.14166634334734635,-0.12688463323420435,False,False,False,False,921296,966199.5564388437,False,False,False,False,53248.4845676978,False,False,False,False
2023-10-17 00:00:00+00:00,148.6510410484,151.9327167756,148.128732299,148.128732299,50654,,,,,,,,,,,,,,,,,,,,146.245717334202,145.17036631643666,143.65614249373405,140.79662824777094,135.68587758194195,133.88964047057664,128.16995551545452,127.1066542146474,124.01730704916415,121.5575695157688,118.1749213749585,,135.68587758194195,128.16995551545452,121.5575695157688,,133.13370728315053,"rgba(0, 255, 255, 0.75)",7.445918334127829,136.7453402005866,1.598956678485778,53.55556539448191,3.1106805597530496,False,False,True,False,False,5.052771836159266,0.0,0.0,0.0,0.0,0,0.9336588023899981,0.9907593722725516,False,False,False,False,-0.055725285619828605,-0.09130495942701647,False,False,False,False,971950,966425.0640294773,False,False,False,False,53146.74007484691,False,False,False,False
2023-10-18 00:00:00+00:00,145.9409484809,147.0249855079,145.329945793,147.0249855079,34696,,,,,,,,,,,,,,,,,,,,146.23955598947146,145.17734678196143,143.67081712805458,140.82142943378258,135.72471421597967,133.93142097244964,128.2179096280423,127.15542641708196,124.06840824571935,121.61109406239328,118.22944030293007,,135.72471421597967,128.2179096280423,121.61109406239328,,133.16796028889692,"rgba(38, 166, 154, 1.0)",7.385434547370617,136.7504607352955,1.2444071755908441,51.52828120192547,6.4518155783272135,False,False,False,False,False,2.7495030428039264,0.0,0.0,0.0,0.0,0,0.9138770272952215,1.0352123040304086,False,False,False,False,-0.16531298889257937,-0.12830897415979792,False,False,False,False,937254,965281.1007342037,False,False,False,False,52423.18164053919,False,False,False,False
2023-10-19 00:00:00+00:00,142.6297081075,146.6307902254,141.9201565989,145.0540090952,58670,,,,,,,,,,,,,,,,,,,,146.07335204832998,145.15913426727852,143.67138102035798,140.844230863312,135.77486644556157,133.98777823078586,128.28773893204348,127.22707669426376,124.14503781464653,121.69235842517656,118.31334304214491,,135.77486644556157,128.28773893204348,121.69235842517656,,133.1978452530819,"rgba(38, 166, 154, 0.5)",7.333784723022283,136.72058340931576,0.8057401357356798,47.87718999846424,2.92147817629737,False,False,False,False,False,0.0570972167144177,0.0,0.0,0.0,0.0,1,0.860598770235767,1.0457452579227247,False,False,False,False,-0.2207257367409476,-0.17451735545037275,False,False,False,False,878584,961881.2144309017,False,False,False,False,52668.154909537654,False,False,False,False
2023-10-20 00:00:00+00:00,140.8164098078,144.255763648,140.698151223,143.3688242623,64194,,,,,,,,,,,,,,,,,,,,145.79327572743836,145.11528288766021,143.65235561039802,140.8534188254282,135.81674264771982,134.03742157924705,128.3545850524889,127.29627503724488,124.22054169679562,121.7733710267956,118.39804525947143,,135.81674264771982,128.3545850524889,121.7733710267956,,133.2101195773353,"rgba(38, 166, 154, 0.5)",7.226906550286896,136.66945709720466,0.5738212721777503,44.35450139631739,-0.36391535183859247,False,True,False,True,False,0.0,0.0,0.0,0.0,0.0,1,0.8470833588221931,1.0742870626903296,False,False,False,False,-0.2707232144888733,-0.22262028496962305,False,False,False,False,814390,956097.245237533,False,False,False,False,53120.148834653824,False,False,False,False
2023-10-23 00:00:00+00:00,139.8210667194,142.4868123176,139.6338239602,140.1167131813,49067,,,,,,,,,,,,,,,,,,,,145.5408339856756,145.0694736253619,143.6275604742812,140.85208577356528,135.84175901379484,134.068876629631,128.4004747237589,127.34415271668549,124.27369303515994,121.8309630159663,118.45888914792593,,135.84175901379484,128.4004747237589,121.8309630159663,,133.20988746743694,#000000,7.087092325294529,136.6236218270529,0.451164560243573,41.42964474193453,-3.0269563517332045,False,True,False,True,False,0.0,0.0,0.0,0.0,0.0,0,0.8419658593729515,1.0717417014305226,False,False,False,False,-0.3148495149889301,-0.2687348999792766,False,False,False,False,765323,948615.9022870415,False,False,False,False,52961.20182153014,False,False,False,False
2023-10-24 00:00:00+00:00,140.9642330388,141.4495859804,140.0970034172,141.1416209159,31419,,,,,,,,,,,,,,,,,,,,145.39757688312315,145.0418680532493,143.61289420965608,140.85202333285562,135.85826909570815,134.08943776868446,128.43013207736942,127.37506485570715,124.30793932633915,121.86802653062216,118.49800637678125,,135.85826909570815,128.43013207736942,121.86802653062216,,133.21193077364507,"rgba(38, 166, 154, 0.5)",6.9742072798720915,136.60077477244917,0.6256565214148389,40.6675435436225,-3.6977159930782904,False,True,False,True,False,0.0,0.0,0.0,0.0,0.0,0,0.8509087900500478,1.0735599926930772,False,False,False,False,-0.3241546507488209,-0.29644477536404873,False,False,False,False,796742,942660.0629816675,False,False,False,False,52116.40959323485,False,False,False,False
2023-10-25 00:00:00+00:00,140.845974454,141.5752357267,139.0918054467,139.3874519086,33896,,,,,,,,,,,,,,,,,,,,145.24191890137394,145.01016312380068,143.59536839722546,140.85048371114854,135.87477707352653,134.1103937343187,128.4611158441776,127.40743555351266,124.3439868095322,121.90715201456528,118.53942840234359,,135.87477707352653,128.4611158441776,121.90715201456528,,133.21292941504777,"rgba(38, 166, 154, 0.5)",6.867680315817528,136.57624905026208,0.621712893930713,40.07786068765191,-4.331347542693706,False,True,False,True,False,0.0,0.0,0.0,0.0,0.0,0,0.8446473809625082,1.0643758571639754,False,False,False,False,-0.34004829492360467,-0.3182465351438267,False,False,False,False,762846,935608.5311000334,False,False,False,False,51401.88372683348,False,False,False,False
2023-10-26 00:00:00+00:00,141.151475798,143.7334548986,140.8656842181,141.9103017169,34297,,,,,,,,,,,,,,,,,,,,145.13823243437406,144.98844730399682,143.58584751370594,140.8552404540882,135.8964214375966,134.13611233867127,128.49596283053864,127.4435422278654,124.38347164186699,121.94956773616971,118.5838671708322,,135.8964214375966,128.49596283053864,121.94956773616971,,133.2233375536096,"rgba(38, 166, 154, 0.5)",6.782474886795919,136.56722744067866,0.6758961048637172,40.04044171950193,-4.551467961019391,False,True,False,True,False,0.0,0.0,0.0,0.0,0.0,0,0.8579961687803069,1.0570088373511082,False,False,False,False,-0.26069438295137703,-0.2894704590476019,False,False,False,False,797143,930178.5102725811,False,False,False,False,50731.103972840014,False,False,False,False
2023-10-27 00:00:00+00:00,138.6384808717,141.2992990289,138.6286259897,140.8361195719,42333,,,,,,,,,,,,,,,,,,,,144.93008096238384,144.94148756460268,143.55759399357188,140.84794088504074,135.91238234966687,134.1579256160231,128.53109611870664,127.4805288183458,124.42534086377583,121.99542510950536,118.63288012414951,,135.91238234966687,128.53109611870664,121.99542510950536,,133.2193347641611,#000000,6.752781596539338,136.53274129427274,0.31183291615804964,38.19757535015226,-6.517862871086336,False,True,False,True,False,0.0,0.0,0.0,0.0,0.0,0,0.8567729711934481,1.0566476017025304,False,False,False,False,-0.34282825441539394,-0.3161493567314979,False,False,False,False,754810,923301.3137913035,False,False,False,False,50401.76656214041,False,False,False,False
2023-10-30 00:00:00+00:00,140.7080061051,141.614655255,139.9984545965,140.4123596432,30039,,,,,,,,,,,,,,,,,,,,144.82357059660237,144.91623512578286,143.54392707583784,140.84765356421218,135.9275204222232,134.17688367577378,128.5587142058919,127.50935057858958,124.4573619905107,122.03013336099274,118.66959563425759,,135.9275204222232,128.5587142058919,122.03013336099274,,133.2237223846068,"rgba(38, 166, 154, 0.5)",6.669793528996791,136.52002363412436,0.6279028657736514,39.370618284201214,-6.517862871086336,False,True,False,True,False,0.0,0.0,0.0,0.0,0.0,0,0.8642525785799323,1.0322832868270182,False,False,False,False,-0.30496160826107027,-0.31055548249628406,False,False,False,False,784849,917871.8112896838,False,False,False,False,49603.22669695843,False,False,False,False
2023-10-31 00:00:00+00:00,141.4865417881,142.0187054196,139.9688899503,140.1758424737,38349,,,,,,,,,,,,,,,,,,,,144.70745210541733,144.8873882256338,143.52906694168814,140.84917970214028,135.94823170032575,134.20232989449298,128.59489571921887,127.54702538120713,124.49901827349933,122.07516206996415,118.71710348942749,,135.94823170032575,128.59489571921887,122.07516206996415,,133.23244122754684,"rgba(38, 166, 154, 0.5)",6.617064056645694,136.50921137625016,0.752196195962614,40.99860956388127,-6.517862871086336,False,True,False,True,True,0.0,0.0,0.0,0.0,0.0,0,0.8760385139107488,1.020995533986519,False,False,False,False,-0.29666418048694737,-0.3036098314916157,False,False,False,False,823198,914159.1128077355,False,False,False,False,49161.88447354829,False,False,False,False
2023-11-01 00:00:00+00:00,141.4372673778,141.9371069961,138.7567394565,141.0627818594,44415,,,,,,,,,,,,,,,,,,,,144.5659916342687,144.85058222918016,143.50887973945245,140.8483937277286,135.9699713329378,134.22968837242215,128.63505752863725,127.58897379724478,124.54571520621981,122.12583188823538,118.77078317850712,,135.9699713329378,128.63505752863725,122.12583188823538,,133.2399880577122,"rgba(38, 166, 154, 0.5)",6.640600344366835,136.49408887720463,0.7443872909455577,42.039352323071654,-6.517862871086336,False,True,False,True,True,0.0,0.0,0.0,0.0,0.0,0,0.8715669285243917,1.0132786448552846,False,False,False,False,-0.3255062341265559,-0.3145580328090858,False,False,False,False,778783,908850.2456388046,False,False,False,False,48975.73214125228,False,False,False,False
2023-11-02 00:00:00+00:00,140.9642330388,145.6255922549,138.8749980413,142.856370395,65704,,,,,,,,,,,,,,,,,,,,144.42945880445876,144.81160727608477,143.49119094856113,140.8564779908994,136.00922376074362,134.27660890670518,128.69940650509938,127.65575498529176,124.61901876329826,122.20473732741124,118.85371163622126,,136.00922376074362,128.69940650509938,122.20473732741124,,133.26429062770683,"rgba(38, 166, 154, 0.5)",6.6404203696987345,136.4917809270126,0.6735194253960007,42.278306664898864,-6.517862871086336,False,True,False,True,True,0.0,0.0,0.0,0.0,0.0,0,0.8640670371228314,1.0077400532050496,False,False,False,False,-0.24193899566289054,-0.2782485142359882,False,False,False,False,713079,901172.9418882633,False,False,False,False,49631.7426455169,False,False,False,False
2023-11-03 00:00:00+00:00,133.4843775524,144.8864761001,133.2380055008,139.150934739,69919,,,,,,,,,,,,,,,,,,,,144.06611331399301,144.7088305307569,143.42181208694626,140.82446506267183,136.01768452004063,134.2957291423219,128.74333683944118,127.70318847762934,124.67558376869202,122.26840651178969,118.92369247520038,,136.01768452004063,128.74333683944118,122.26840651178969,,133.24080388449846,#000000,6.80203046714119,136.42307238796107,-0.43203200129095826,37.452315770567715,-7.6952057484897125,False,True,False,True,False,0.0,0.0,0.0,0.0,0.0,0,0.8440377265970411,1.0198076872969033,False,False,False,False,-0.34282825441539394,-0.31053838432569103,False,False,False,False,643160,891054.7873044099,False,False,False,False,50427.32136530055,False,False,False,False
2023-11-06 00:00:00+00:00,136.1747603558,136.362003115,131.0797863289,135.4553539652,61973,,,,,,,,,,,,,,,,,,,,143.65964075727263,144.58850836909406,143.33578466907264,140.77602457120958,136.00845220499448,134.29712901772663,128.76975359747303,127.73315861459113,124.71472482908385,122.31440316322814,118.97630014865221,,136.00845220499448,128.76975359747303,122.31440316322814,,133.19762544930896,#000000,6.88262862055662,136.33433503248108,-0.02318513542986568,37.16080138911103,-8.006816323330057,False,True,False,True,False,0.0,0.0,0.0,0.0,0.0,0,0.8400415855150072,1.0463693190373295,False,False,False,False,-0.34282825441539394,-0.3266833193705425,False,False,False,False,705133,883763.736821884,False,False,False,False,50880.09307646524,False,False,False,False
2023-11-07 00:00:00+00:00,134.3121876458,134.3418175129,128.435597334,128.435597334,66819,,,,,,,,,,,,,,,,,,,132.3632008309,143.16285366381365,144.43452358271225,143.2223948350268,140.70669695373408,135.98407957196122,134.2851969081774,128.78732745939334,127.75494285479972,124.74731074657363,122.35485383744897,119.02475145871475,,135.98407957196122,128.78732745939334,122.35485383744897,,133.06901105860464,#000000,7.001315259872401,136.7950144209315,-0.35462290769302324,35.93330082225546,-9.280213707451836,False,True,False,True,False,0.0,0.0,0.0,0.0,0.0,0,0.818755328364188,1.048738367371837,True,False,False,False,-0.34282825441539394,-0.33475578689296825,False,False,False,False,638314,874138.2569465161,False,False,False,False,51505.148249937185,False,False,False,False
2023-11-08 00:00:00+00:00,132.5343956187,135.8233108688,131.7047593394,135.378862862,58097,,,,,,,,,,,,,,,,,,,132.82408238631064,142.80161238476083,144.3144919668634,143.1345180999083,140.65439052418,135.96887918860136,134.2802289701227,128.80666412272183,127.77775494843291,124.7790756064582,122.39321688804955,119.06970281667724,,135.96887918860136,128.80666412272183,122.39321688804955,,133.0670514919239,"rgba(239, 83, 80, 0.5)",7.160410160389907,136.73263669777174,-0.5863129325042941,34.203253899693635,-11.030920772632065,False,True,False,True,False,0.0,0.0,0.0,0.0,0.0,0,0.8380810513138683,1.0378647777081642,False,False,False,False,-0.2687156271973969,-0.3017357070451826,False,False,False,False,580217,862611.933144692,False,False,False,False,51763.65224013573,False,False,False,False
2023-11-09 00:00:00+00:00,134.0949019536,136.3171419874,133.285018919,134.0949019536,57723,,,,,,,,,,,,,,,,,,,133.37451618689127,142.51088504692353,144.21068210169014,143.0593687257408,140.6116560227524,135.96086726842395,134.28173436043326,128.83079025670182,127.80512127267008,124.8148309492441,122.43525271441914,119.1178507396077,,135.96086726842395,128.83079025670182,122.43525271441914,,133.0844629704582,#000000,7.284024715774519,136.6934406195726,-0.35674489960819966,34.73783982103539,-11.030920772632065,False,True,False,True,False,0.0,0.0,0.0,0.0,0.0,0,0.8407797592710767,1.0337243129393476,False,False,False,False,-0.2298562844334576,-0.2657959957393201,False,False,False,False,637940,853801.269099802,False,False,False,False,51997.35215228727,False,False,False,False
2023-11-10 00:00:00+00:00,133.1961293177,135.9319537149,132.9442754472,135.4776290858,58007,,,,,,,,,,,,,,,,,,,133.5311011249036,142.22014276505712,144.10283119364632,142.9804346198815,140.56551831671757,135.94981785004757,134.28037631949192,128.85256192750555,127.8302155629933,124.84851889945263,122.47533096814145,119.16424934213501,,135.94981785004757,128.85256192750555,122.47533096814145,,133.0667582408311,#000000,7.436375793021567,136.63241735144632,-0.46209176746702135,34.565813896521064,-11.030920772632065,False,True,False,True,False,0.0,0.0,0.0,0.0,0.0,0,0.8501229635330643,1.0315974976397393,False,False,False,False,-0.23781990741017034,-0.2518079515747452,False,False,False,False,579933,843061.3369782412,False,False,False,False,52233.02461690346,False,False,False,False
2023-11-13 00:00:00+00:00,134.2232980444,134.4998434709,132.119577479,132.4751358845,37454,,,,,,,,,,,,,,,,,,,133.54229807158478,142.0339004399578,144.03161605827552,142.9278979359584,140.53422468864838,135.9412458593196,134.2781166373895,128.8654162657339,127.8452460255704,124.86917409814207,122.5001485563086,119.19323274272429,,135.9412458593196,128.8654162657339,122.5001485563086,,133.0468764483011,#000000,7.557390254468833,136.58778976253205,-0.312871459394847,35.607116159790124,-11.030920772632065,False,True,False,True,False,0.0,0.0,0.0,0.0,0.0,0,0.8449099989229142,1.0290331309484384,False,False,False,False,-0.2713323893264611,-0.26157017045060316,False,False,False,False,617387,834211.3629790945,False,False,False,False,51653.45502408371,False,False,False,False
2023-11-14 00:00:00+00:00,139.0924728741,139.1023494965,135.9813368268,137.2257912457,95322,,,,,,,,,,,,,,,,,,,134.69518768590473,141.82638555748272,143.93015615726603,142.85936582737878,140.50618311633002,135.96084163552243,134.31047650371957,128.928147331738,127.91234994367238,124.94780075646247,122.58787407054362,119.28904772124706,,135.96084163552243,128.928147331738,122.58787407054362,,133.14615135893897,#000000,7.610006480530274,136.61026919434366,0.326176289876612,40.780051554197726,-13.725984836652067,False,True,False,True,True,0.0,0.0,0.0,0.0,0.0,1,0.8818803124312717,1.0096930489610874,False,False,False,False,-0.12196567063935523,-0.1917679205449792,False,False,False,False,712709,829446.5644308948,False,False,False,False,53365.94698392357,False,False,False,False
2023-11-15 00:00:00+00:00,134.9442914776,139.645563727,134.9047849881,138.480122287,48671,,,,,,,,,,,,,,,,,,,134.90309225767515,141.68805330227886,143.86625063430208,142.81397778324742,140.48313499846853,135.9633688905767,134.31999621848044,128.95443047955,127.94105649504763,124.98285129586887,122.6278062069444,119.3335597668979,,135.9633688905767,128.95443047955,122.6278062069444,,133.15646486077816,#000000,7.731294941561292,136.5912303031385,-0.21302237697400825,41.36383543867741,-13.201409540768893,False,True,False,True,True,0.0,0.0,0.0,0.0,0.0,1,0.8724073437853129,1.0176859611742974,False,False,False,False,-0.1289981713859078,-0.1603830459654435,False,False,False,False,664038,822959.9540610558,False,False,False,False,53181.831415926565,False,False,False,False
2023-11-16 00:00:00+00:00,134.4899668485,135.5593087528,134.104778576,135.5467654424,39028,,,,,,,,,,,,,,,,,,,134.88742809182284,141.54590632123805,143.8036043923435,142.76792007894784,140.45667272504812,135.9586900608445,134.3213801960185,128.97043229271233,127.95917720846978,125.00648278692908,122.65557303019399,119.36540219293177,,135.9586900608445,128.97043229271233,122.65557303019399,,133.14155578145838,#000000,7.8551865880166245,136.556154962294,-0.2630348866500567,41.471599884445645,-13.01693018035541,False,False,False,True,True,0.0,0.0,0.0,0.0,0.0,1,0.8828598665566754,1.0263949780566064,False,False,False,False,-0.2152714200499335,-0.1878272330076885,False,False,False,False,625010,815197.2107645437,False,False,False,False,52626.779203537284,False,False,False,False
2023-11-17 00:00:00+00:00,135.9220770925,136.7615899942,134.875155121,134.875155121,39724,,,,,,,,,,,,,,,,,,,134.96400672248367,141.43013653409417,143.74857162642382,142.72810991058535,140.43526445986828,135.95828721191373,134.32678150054863,128.9898265966338,127.98060220243245,125.03321535272643,122.68635116232844,119.40006330393692,,135.95828721191373,128.9898265966338,122.68635116232844,,133.140101381998,#000000,7.944549879957345,136.5336388759461,-0.07697878327744907,42.795174923999014,-11.625697423794485,False,False,False,True,True,0.0,0.0,0.0,0.0,0.0,1,0.9017573812777382,1.0017821023538145,False,False,False,False,-0.18013115540285562,-0.18397919420527206,False,False,False,False,664734,809296.692695346,False,False,False,False,52120.7878622221,False,False,False,False
2023-11-20 00:00:00+00:00,135.0035512119,137.5714730288,134.8060187644,137.5714730288,22426,,,,,,,,,,,,,,,,,,,134.99956435014832,141.3661624390244,143.7176076129011,142.70564506471592,140.42311105923596,135.9579339663851,134.3296962410524,129.0006332434154,127.99255563670292,125.04816664601735,122.70358557943916,119.41949654233856,,135.9579339663851,129.0006332434154,122.70358557943916,,133.1386798651147,#000000,8.015155010876901,136.5207114846875,-0.1892864543141889,43.01926604767485,-11.250494025064349,False,False,False,True,True,0.0,0.0,0.0,0.0,0.0,1,0.9048761794716476,0.9929710536738419,False,False,False,False,-0.16705302510730047,-0.17551610965628628,False,False,False,False,642308,802748.1165112148,False,False,False,False,50956.286377429074,False,False,False,False
2023-11-21 00:00:00+00:00,134.5097200932,134.9442914776,133.5911942126,133.5911942126,24041,,,,,,,,,,,,,,,,,,,134.97096165955196,141.28180080890957,143.67867459387188,142.67672156516247,140.40610747330152,135.95423966071698,134.3297360013655,129.00972338039287,128.0029628123731,125.06199899475352,122.71997652444206,119.43844385005748,,135.95423966071698,129.00972338039287,122.71997652444206,,133.12761227707492,#000000,8.028257591683914,136.49816729693026,-0.247681041748087,42.80559790230187,-11.250494025064349,False,False,False,True,True,0.0,0.0,0.0,0.0,0.0,1,0.8972974873079712,1.0037190904696658,False,False,False,False,-0.23560854641239343,-0.20556232803433985,False,False,False,False,618267,795513.5629225398,False,False,False,False,49900.78495086323,False,False,False,False
2023-11-22 00:00:00+00:00,135.457875841,135.6554082885,134.4010772471,135.6554082885,24648,,,,,,,,,,,,,,,,,,,134.9796016520086,141.20740959804178,143.64258467899788,142.65018498935945,140.39112830804802,135.9524019187015,134.3315663187273,129.0204428542629,128.0149768208659,125.07739106901116,122.73791952629192,119.45888925770603,,135.9524019187015,129.0204428542629,122.73791952629192,,133.12204141600188,#000000,7.890344285851256,136.480625859988,-0.12962045532309316,43.628538927226344,-10.248298705153715,False,False,False,True,True,0.0,0.0,0.0,0.0,0.0,1,0.908246329857536,0.9971892562319576,False,False,False,False,-0.20824219724872545,-0.20690226264153266,False,False,False,False,642915,789529.3055530285,False,False,False,False,48910.47965867251,False,False,False,False
2023-11-24 00:00:00+00:00,136.6430705257,138.0159210355,134.2035447997,134.2035447997,23875,,,,,,,,,,,,,,,,,,,135.0320093864157,141.15006640002403,143.61248472357488,142.6284682243394,140.37978535913544,135.9531622527135,134.3356774809009,129.03266818300744,128.02838457567725,125.09389933241218,122.75680623884661,119.48004595623163,,135.9531622527135,129.03266818300744,122.75680623884661,,133.12362150943991,#000000,7.685789929457216,136.47042815841567,0.02246254046349298,45.356361339377244,-8.426782259243431,True,False,False,True,True,0.0,0.0,0.0,0.0,0.0,1,0.9004899856853168,0.9986382442582703,False,False,False,False,-0.16983813204189135,-0.188370197341712,False,False,False,False,666790,784715.9994529097,False,False,False,False,47928.69614264614,False,False,False,False
2023-11-27 00:00:00+00:00,135.1023174356,136.9294925745,134.2232980444,136.6430705257,67325,,,,,,,,,,,,,,,,,,,135.07123323081117,140.96767779434987,143.51900211619895,142.55973451849232,140.34141235039502,135.94976235708785,134.34205687085839,129.06281819209758,128.06200580553633,125.13659581546021,122.80637941338875,119.53634979787147,,135.94976235708785,129.06281819209758,122.80637941338875,,133.11291902187898,#000000,7.518752962499782,136.42837113001588,-0.176366174155426,45.131474163272955,-8.426782259243431,False,False,False,True,True,0.0,0.0,0.0,0.0,0.0,1,0.921315395535462,1.0008224376031345,False,False,False,False,-0.188708304730502,-0.18853925103610703,False,False,False,False,599465,777451.254376325,False,False,False,False,48689.335509601195,False,False,False,False
2023-11-28 00:00:00+00:00,131.3393243116,135.1220706803,130.9837659062,134.8257720092,51307,,,,,,,,,,,,,,,,,,,134.88527623073472,140.7667640979591,143.42386902353732,142.48704696167667,140.29535767553097,135.93304122969974,134.3337407591574,129.07507580579227,128.0772765909815,125.15967163882475,122.83516214797287,119.5711068177465,,135.93304122969974,129.07507580579227,122.83516214797287,,133.0702824149678,"rgba(239, 83, 80, 0.5)",7.420101712127915,136.36371289481582,-0.6771320364791799,42.22289527831528,-8.426782259243431,False,False,False,True,False,0.0,0.0,0.0,0.0,0.0,1,0.893152454157055,1.0281730439759296,False,False,False,False,-0.28007250494366576,-0.2343058779898864,False,False,False,False,548158,768459.3620478418,False,False,False,False,48791.989019028595,False,False,False,False
2023-11-29 00:00:00+00:00,131.8726619197,133.6998370587,131.0232723957,132.5640254858,43439,,,,,,,,,,,,,,,,,,,134.73129019119895,140.59838789856354,143.342546272356,142.42460240339682,140.25538770553825,135.9178587780005,134.32569031455176,129.0845283720156,128.08929750416493,125.17834461588848,122.85868616046058,119.59974608856267,,135.9178587780005,129.0845283720156,122.85868616046058,,133.03386385872486,"rgba(239, 83, 80, 0.5)",7.2671383274973875,136.3087192148648,-0.6104269789911186,40.87879692054021,-5.417756573514595,False,True,False,True,False,0.0,0.0,0.0,0.0,0.0,1,0.8868977699309816,1.0489990605775708,False,False,False,False,-0.3058568750830617,-0.270081376536474,False,False,False,False,591597,761523.5831440049,False,False,False,False,48582.06788102748,False,False,False,False
2023-11-30 00:00:00+00:00,132.1689605909,132.9985968702,130.3319088296,132.356616416,48934,,,,,,,,,,,,,,,,,,131.83315543023335,134.55552135674222,140.40855233665988,143.2493779534142,142.35267881711874,140.20881066826828,135.89923695689353,134.31514831859025,129.0938668235896,128.1015585464652,125.19817258849137,122.88401345543225,119.63092172864326,,135.89923695689353,129.0938668235896,122.88401345543225,,132.90238576773402,"rgba(239, 83, 80, 0.5)",7.10345198556999,136.69297596532311,-0.6368756181661005,40.33015117768424,-5.998998385586852,False,True,False,True,False,0.0,0.0,0.0,0.0,0.0,1,0.8962386270801388,1.044078090047657,False,False,False,False,-0.33223051501879775,-0.3011559457776359,False,False,False,False,640531,756778.7759618871,False,False,False,False,48595.86914059502,False,False,False,False
2023-12-01 00:00:00+00:00,134.7763888973,135.1220706803,130.4652432316,132.8504475346,50089,,,,,,,,,,,,,,,,,,132.6533175574669,134.49116868275422,140.2577330746611,143.16888463395682,142.29125494778177,140.17079160071893,135.88788184363418,134.31143870443444,129.10897942624396,128.11944335162315,125.22327654643429,122.91446130799197,119.66688761020265,,135.88788184363418,129.10897942624396,122.91446130799197,,132.94350148368494,#000000,6.957177983565064,136.68728736772294,-0.2746657444925319,42.80674746141614,-5.998998385586852,False,False,False,True,True,0.0,0.0,0.0,0.0,0.0,1,0.9086222082913447,1.009155288431898,False,False,False,False,-0.2896974691096494,-0.29542670744364263,False,False,False,False,690620,754184.3141594601,False,False,False,False,48654.423291944244,False,False,False,False
2023-12-04 00:00:00+00:00,136.6430705257,136.6628237705,133.383883909,134.7763888973,43308,,,,,,,,,,,,,,,,,,133.53874491616943,134.54274410662322,140.17132242791362,143.1152247705732,142.25133716393142,140.14847590713407,135.88658336442037,134.3160869536547,129.12826165108328,128.1408848370277,125.25038826786299,122.94588474451841,119.70256688532882,,135.88658336442037,129.12826165108328,122.94588474451841,,133.01065430740317,#000000,6.825457484728121,136.710731554785,-0.00991303941697577,46.19059391082189,-7.796573656969642,True,False,False,False,True,0.0,0.0,0.0,0.0,0.0,1,0.9209145212830961,1.0135587899400058,False,False,False,False,-0.20841710383522077,-0.25192190563943173,False,False,False,False,733928,753389.9488983048,False,False,False,False,48444.759633436624,False,False,False,False
2023-12-05 00:00:00+00:00,135.8331874912,137.7690054762,134.6381161841,136.6430705257,35991,,,,,,,,,,,,,,,,,,134.05167108687576,134.6018441183181,140.10968197799326,143.074216345608,142.2210581009803,140.1321662808516,135.88722452398682,134.32151367482686,129.14547867447536,128.15984422857642,125.27393522365517,122.9729454257885,119.73305868357986,,135.88722452398682,129.14547867447536,122.9729454257885,,133.05266448811662,#000000,6.7243857975382655,136.72300933852597,-0.13232760197247032,47.64616188118773,-6.514422206058953,True,False,False,False,True,0.0,0.0,0.0,0.0,0.0,1,0.9258802537321457,0.999341138662657,False,False,False,False,-0.16653110456626408,-0.2092265051028479,False,False,False,False,697937,751215.3234513125,False,False,False,False,47956.37690271362,False,False,False,False
2023-12-06 00:00:00+00:00,136.6529471481,138.4011093081,136.3467718545,137.0776419101,41271,,,,,,,,,,,,,,,,,,134.63090028654904,134.70873781996198,140.05913811051767,143.03477151504848,142.19259482315053,140.11844499695357,135.8919418663081,134.3313989053942,129.1681002492922,128.18435092599518,125.30343101975653,123.00632219912015,119.77012866252993,,135.8919418663081,129.1681002492922,123.00632219912015,,133.1077124138906,#000000,6.647807529100465,136.74517729206246,-0.013873768691216528,49.40850667544577,-4.903795836298315,True,False,False,False,True,0.0,0.0,0.0,0.0,0.0,1,0.9455864721758898,0.9835284822778976,False,False,False,False,-0.12555860413570752,-0.1673925546192777,False,False,False,False,739208,750744.4480218493,False,False,False,False,47694.20525946995,False,False,False,False
2023-12-07 00:00:00+00:00,138.6282716226,138.6282716226,135.7047914003,135.7047914003,56121,,,,,,,,,,,,,,,,,,135.24620067837515,134.86864050375223,140.00484187076245,142.9866212712361,142.15832464604782,140.10320351932552,135.90096301309404,134.34720466215956,129.20065208075184,128.2193861111725,125.34505855075591,123.05311872497879,119.82178690158878,,135.90096301309404,129.20065208075184,123.05311872497879,,133.1735386564616,#000000,6.513340300580159,136.77202250739376,0.2849918827427016,52.35594665389389,-2.1875496921845112,True,False,True,False,True,0.0,0.0,0.0,0.0,0.0,1,0.9419757069061347,0.9833246981389342,False,False,False,False,-0.13278520769990074,-0.15008888115958924,False,False,False,False,795329,752492.861824914,False,False,False,False,48024.667798314265,False,False,False,False
2023-12-08 00:00:00+00:00,137.6109795182,139.8677877304,136.3368952322,138.9937066504,50642,,,,,,,,,,,,,,,,,,135.66398421852745,135.01202519065743,139.9635933323308,142.94618659861192,142.12976853668394,140.09119124815584,135.91033424476473,134.36255609101846,129.2307946838216,128.25172668463065,125.38324544424894,123.0959093031002,119.8688867007246,,135.91033424476473,129.2307946838216,123.0959093031002,,133.22386171363667,#000000,6.313423810258421,136.79171584972386,0.12976535285734375,53.15291117759607,-1.4913419207986038,True,False,True,False,True,0.0,0.0,0.0,0.0,0.0,1,0.9309455195401112,1.0038195493084432,False,False,False,False,-0.10027745291329297,-0.1251831670364411,False,False,False,False,744687,752186.749596486,False,False,False,False,48127.308276811746,False,False,False,False
2023-12-11 00:00:00+00:00,138.9245702938,139.7542065731,136.198622519,137.4035704484,47749,,,,,,,,,,,,,,,,,,135.9994713107662,135.1503964523004,139.9327200921626,142.91130351378587,142.10543936311166,140.08182880281916,135.92061960968195,134.3783314903736,129.26017287538366,128.2831301329542,125.4200483073128,123.13698734305453,119.91393750291954,,135.92061960968195,129.26017287538366,123.13698734305453,,133.26879898435584,#000000,6.168993114299765,136.81010802755446,0.342756463991539,54.871598222738754,0.143158267540187,True,False,True,False,True,0.0,0.0,0.0,0.0,0.0,1,0.9278862111469848,1.0002003073375691,False,False,False,False,-0.10463807828199043,-0.11491062265921577,False,False,False,False,792436,753765.1515730944,False,False,False,False,48112.47265811324,False,False,False,False
2023-12-12 00:00:00+00:00,138.8455573148,141.2258233066,137.8875249447,139.6356871046,51698,,,,,,,,,,,,,,,,,,136.40258221454428,135.33248622621815,139.92069740140883,142.88238939606302,142.08644650285535,140.07755751597236,135.93643540181162,134.39971432589783,129.29535962810147,128.3203765501425,125.46281980539047,123.18421042955433,119.96517866284277,,135.93643540181162,129.29535962810147,123.18421042955433,,133.32817338929254,#000000,5.999062583045911,136.84099688746704,0.33414561018218014,55.91668477293978,1.174036731199493,True,False,True,False,True,0.0,0.0,0.0,0.0,0.0,0,0.9397127143302065,0.9985822386233042,False,False,False,False,-0.05014880076912934,-0.08252971171417256,False,False,False,False,740738,753254.2828839534,False,False,False,False,48253.08157348135,False,False,False,False
2023-12-13 00:00:00+00:00,146.9443876604,148.8703290231,139.6159338599,140.2875441812,190938,,,,,,,,,,,,,,,,,,139.10871484007848,136.6952396672278,140.27342527558054,142.94767829517147,142.16153413192947,140.18028335174708,136.09198894716764,134.56872555080818,129.49748837769732,128.52748591040088,125.68397872924615,123.41835660451174,120.2083548764069,,136.09198894716764,129.49748837769732,123.41835660451174,,133.79717342753642,"rgba(0, 255, 255, 0.75)",5.865078013395623,137.193957003023,1.6624554072609725,61.77523131295996,6.666244556167911,True,False,True,False,True,6.145339171770495,0.0,0.0,0.0,0.0,0,0.9248642346066743,0.972610701661499,False,False,False,False,0.11093776102362446,0.01420402465472595,False,False,False,False,931676,760251.2129669357,False,False,False,False,53848.56857059973,False,False,False,False
2023-12-14 00:00:00+00:00,148.8999588902,150.9838274446,147.7345174502,148.178965457,103702,,,,,,,,,,,,,,,,,,140.56215274799283,137.5728412139982,140.58948103715667,143.0443078102501,142.25427094141205,140.27860285398896,136.21122926520135,134.69272489989936,129.63307013384664,128.6648312270099,125.8266682221919,123.56683665853033,120.35966929732531,,136.21122926520135,129.63307013384664,123.56683665853033,,134.0966681776003,"rgba(0, 255, 0, 1.0)",5.721195317323466,137.44028943204154,2.0030201422173453,66.46917009088455,10.856536182612615,True,False,True,False,True,7.599428945470475,0.0,0.0,0.0,0.0,0,0.9749175152935452,0.9422301130223533,False,False,False,False,0.2939836029483773,0.15409381380155163,False,False,False,False,1035378,771040.4987329382,False,False,False,False,55803.60509724288,False,False,False,False
2023-12-15 00:00:00+00:00,148.1493355899,150.3814522461,146.0456150245,150.3814522461,226116,,,,,,,,,,,,,,,,,,142.3848187472982,138.98160705692086,141.13400372569905,143.2119690986628,142.41995540341787,140.4622029490294,136.44414137247034,134.9375558214927,129.90734083479234,128.94359373819796,126.11863327387607,123.87216140406103,120.67278040021127,,136.44414137247034,129.90734083479234,123.87216140406103,,134.57621260200997,"rgba(0, 255, 255, 0.75)",5.599227300487526,137.8407696022963,1.8410693894684618,68.6806228919794,12.689852781429423,True,False,True,False,True,6.921818971599343,0.0,0.0,0.0,0.0,0,0.9570151727530138,0.9469500186584964,False,False,False,False,0.2517248620283725,0.20290933791496207,False,False,False,False,809262,772539.3811355681,False,False,False,False,62482.52254440983,False,False,False,False
2023-12-18 00:00:00+00:00,145.4925241716,147.2011798421,142.3517582571,147.2011798421,61083,,,,,,,,,,,,,,,,,,142.54426900220474,139.19035083133986,141.20767153973705,143.22769566509018,142.43937096432708,140.49056066150712,136.4889177412755,134.98668901919376,129.96741443730116,129.00533387976492,126.1850373888339,123.94274175863099,120.74653361426624,,136.4889177412755,129.96741443730116,123.94274175863099,,134.6478912694979,"rgba(38, 166, 154, 1.0)",5.4972036905851605,137.89758736675535,1.3816000338230494,67.1375397360635,12.689852781429423,True,False,True,False,True,4.56441383932939,0.0,0.0,0.0,0.0,0,0.9313568809623908,0.9649502863717491,False,False,False,False,0.1294796106967832,0.16619447430587264,False,False,False,False,748179,771584.0720714283,False,False,False,False,62427.63930737416,False,False,False,False
2023-12-19 00:00:00+00:00,148.4851407505,149.4530497431,147.013524017,147.013524017,55338,,,,,,,,,,,,,,,,,,142.84480576472004,139.46772332558598,141.32785896143974,143.26759424926402,142.47894119768674,140.53447588236259,136.54463533147145,135.0453102728923,130.03327954388067,129.07231138101707,126.25527349518474,124.01623454052867,120.82200434301473,,136.54463533147145,130.03327954388067,124.01623454052867,,134.74695756069607,"rgba(0, 255, 255, 0.75)",5.404944804254484,137.9821631735307,1.9432164355687624,67.70274414303344,12.689852781429423,True,False,True,False,True,6.8194796579259425,0.0,0.0,0.0,0.0,0,0.9428692726058396,0.9545515387598986,False,False,False,False,0.25244568316385263,0.20932007873486264,False,False,False,False,803517,772836.3437549017,False,False,False,False,62149.614236496745,False,False,False,False
2023-12-20 00:00:00+00:00,148.3962511492,150.2431795329,147.5567382475,148.1295823451,61118,,,,,,,,,,,,,,,,,,143.1648997234481,139.7685821459356,141.46356704525388,143.31450018812225,142.52509142081655,140.58496362622145,136.60771264043643,135.11146315312092,130.10711485233855,129.14732964856813,126.33377828092907,124.0982670377024,120.90612952028992,,136.60771264043643,130.10711485233855,124.0982670377024,,134.85641532947562,"rgba(0, 255, 255, 0.75)",5.41441628997482,138.07652790965375,1.9059715187866062,67.98025998179776,12.689852781429423,True,False,True,False,True,6.740160812890597,0.0,0.0,0.0,0.0,0,0.9323830478935122,0.9550485099213329,False,False,False,False,0.2985296764677031,0.2539248776012829,False,False,False,False,742399,771642.7224311801,False,False,False,False,62109.15877624197,False,False,False,False
2023-12-21 00:00:00+00:00,152.7715948603,152.7715948603,148.6925498204,151.7444261335,55387,,,,,,,,,,,,,,,,,,143.55216817903377,140.10144689858603,141.62610807361835,143.37700308524617,142.5841343011989,140.64505718038637,136.67682453610607,135.1825499160859,130.18308023407928,129.2240557667249,126.41290505668795,124.18017477944178,120.98922962590854,,136.67682453610607,130.18308023407928,124.18017477944178,,134.97959520254648,"rgba(0, 255, 0, 1.0)",5.475364762594554,138.18595634768042,2.6638660883860554,70.15618415954405,14.117554738795448,True,False,True,False,True,9.909525727601391,0.0,0.0,0.0,0.0,0,0.9401028471311552,0.9330305487343151,False,False,False,False,0.342828250586393,0.29837656409383795,False,False,False,False,797786,772667.9490025063,False,False,False,False,61845.544706585424,False,False,False,False
2023-12-22 00:00:00+00:00,155.0530946284,156.0407568656,152.8999909511,153.8481466989,47792,,,,,,,,,,,,,,,,,,143.98490342769105,140.45204575481316,141.80737032027378,143.45168582927013,142.65299477253606,140.71188056085822,136.74899293666212,135.25558647204613,130.25817162368295,129.29948039351464,126.48961285941631,124.25885191346038,121.06819918065186,,136.74899293666212,130.25817162368295,124.25885191346038,,135.11075200345206,"rgba(0, 255, 0, 1.0)",5.6661833428344455,138.3051815333638,2.9557661801070934,72.44115009939779,16.43421268207726,True,False,True,False,True,11.478831744780102,0.0,0.0,0.0,0.0,0,0.9683010248447661,0.9184566975171506,False,False,False,False,0.3428282512065372,0.32060240765018755,False,False,False,False,845578,775527.1666886826,False,False,False,False,61294.425306327175,False,False,False,False
2023-12-26 00:00:00+00:00,157.5321268439,157.719782669,154.8160556914,155.1814907192,39706,,,,,,,,,,,,,,,,,,144.38304739118604,140.77044211138383,141.97729364747252,143.52405420940906,142.71915368676483,140.77490164979255,136.81523857915914,135.32213731280274,130.3253552126471,129.36677938737824,126.55758327716686,124.3282414940174,121.13746362631726,,136.81523857915914,130.3253552126471,124.3282414940174,,135.23089935273057,"rgba(0, 255, 0, 1.0)",5.961401002193092,138.41570304843833,3.206699866093401,74.76932864506918,18.757244057359983,True,False,True,False,True,13.132648525494009,0.0,0.0,0.0,0.0,0,0.9954434519047728,0.8995861666918761,False,False,False,False,0.3428282514383798,0.3317153295442837,False,False,False,False,885284,779831.356230303,False,False,False,False,60447.82039235356,False,False,False,False
2023-12-27 00:00:00+00:00,158.4012696127,159.6358474093,157.1074320819,158.0259579625,48709,,,,,,,,,,,,,,,,,,144.9012928661072,141.18412779972067,142.20389415876082,143.6230309811777,142.80919489808588,140.8596851308962,136.90277462258675,135.40963675634097,130.4125672362043,129.4539728021863,126.64520800163781,124.41739009744734,121.22609307543698,,136.90277462258675,130.4125672362043,124.41739009744734,,135.388374494353,"rgba(0, 255, 0, 1.0)",6.263520645934125,138.56190654882897,3.1674459437999074,76.58843345344457,20.588184724148334,True,False,True,False,True,13.703583799617792,0.0,0.0,0.0,0.0,0,1.0070454557757293,0.8905258597669582,False,False,False,False,0.3428282516704823,0.337271790607383,False,False,False,False,933993,785876.9108879381,False,True,False,False,59987.47449461421,False,False,False,False
2023-12-28 00:00:00+00:00,158.2827501442,160.0012824371,157.0799750717,157.7000294242,53753,,,,,,,,,,,,,,,,,,145.43328549014498,141.62051249262691,142.44790120799038,143.7312715802588,142.90782732706805,140.95269220593354,136.99888044445444,135.50573461382322,130.50843330772295,129.5498309616623,126.7415698219624,124.51544089208438,121.32360371899695,,136.99888044445444,130.50843330772295,124.51544089208438,,135.55669108190227,"rgba(0, 255, 0, 1.0)",6.54281043294011,140.3045714798086,2.7477761809939287,77.64591557939269,21.732436261534687,True,False,True,False,True,13.589825865160527,0.0,0.0,0.0,0.0,0,0.9898878724555921,0.903646070214042,False,False,False,False,0.3428282516875661,0.3400500211474745,False,False,False,False,880240,789577.4241864503,False,False,False,False,59742.985298746986,False,False,False,False
2023-12-29 00:00:00+00:00,156.4259451382,158.8654708642,156.4061918934,158.2728735218,50214,,,,,,,,,,,,,,,,,,145.85063047465025,141.980521101626,142.6524098594958,143.82269277099522,142.99169387665341,141.03268671766318,137.0828178089933,135.5900420332143,130.5935069189981,129.635045239082,126.8276126557482,124.60324725713348,121.41125108449629,,137.0828178089933,130.5935069189981,124.60324725713348,,135.69801213836539,"rgba(0, 255, 0, 1.0)",6.75195894747733,140.40266283503988,2.3731308836151555,75.93281487935815,21.732436261534687,True,False,True,False,True,11.810067059362332,0.0,0.0,0.0,0.0,0,0.9981955749005823,0.891581659046662,False,False,False,False,0.3183414470812914,0.32919573411438297,False,False,False,False,830026,791163.6428458053,False,False,False,False,59369.29960075691,False,False,False,False
2024-01-02 00:00:00+00:00,152.0999845389,156.2975490473,151.625906665,155.1321076073,53684,,,,,,,,,,,,,,,,,,146.12356140502243,142.2538585136893,142.80817563005215,143.8911038219984,143.0560708462079,141.09700852406579,137.15460633934677,135.66337808047976,130.67066342733366,129.7128053957325,126.90736123062142,124.68546811624648,121.4943551195018,,137.15460633934677,130.67066342733366,124.68546811624648,,135.80910895771524,"rgba(0, 255, 255, 0.75)",6.839093759996546,140.4240290148113,1.7072372354922343,70.22222066916935,26.31105042609751,True,False,True,False,False,7.852979859478104,0.0,0.0,0.0,0.0,0,0.9912628375101445,0.9026995279561072,False,False,False,False,0.22228785314209282,0.2757417936282379,False,False,False,False,776342,790582.4019498914,False,False,False,False,59146.34667523703,False,False,False,False
2024-01-03 00:00:00+00:00,145.1665956333,151.9913416928,144.9394333188,151.9913416928,57863,,,,,,,,,,,,,,,,,,146.17050419758584,142.38307530344488,142.87865641620144,143.9178142078692,143.0847731118504,141.13212042839874,137.20297335982605,135.71525736522784,130.73147653373036,129.77499796028872,126.97347287664046,124.75519416877867,121.56672945439851,,137.20297335982605,130.73147653373036,124.75519416877867,,135.86823426032626,"rgba(38, 166, 154, 0.5)",6.847164839108027,140.35139697308986,0.7032397749076849,61.515945268196795,18.339713744115315,True,False,True,False,False,2.104879801522422,0.0,0.0,0.0,0.0,0,0.9618553140801207,0.9142314486247055,False,False,False,False,0.0853006257640578,0.18052120969614785,False,False,False,False,718479,787754.8175596995,False,False,False,False,59096.019354639495,False,False,False,False
2024-01-04 00:00:00+00:00,144.1789333961,147.6434549919,144.0307840605,146.006108535,50700,,,,,,,,,,,,,,,,,,146.14210431261293,142.44594219039774,142.9108183863781,143.92695723796277,143.0975343986791,141.15239901596289,137.23637509793824,135.75228402223166,130.77777648612846,129.8227270942413,127.0251733907942,124.810345567631,121.62472300799533,,137.23637509793824,130.77777648612846,124.810345567631,,135.90193540068873,"rgba(38, 166, 154, 0.5)",6.843781809336213,140.29338037603557,0.5677494005965833,55.15766739749894,12.832117348721177,True,False,True,False,False,1.3350811071584303,0.0,0.0,0.0,0.0,0,0.9628312844331766,0.9282063946330402,False,False,False,False,0.021210442313651177,0.10086582600489952,False,False,False,False,667779,783049.8835377506,False,False,False,False,58766.763693673245,False,False,False,False
2024-01-05 00:00:00+00:00,139.7739598179,143.5863360537,139.4677845243,142.7665763968,75001,,,,,,,,,,,,,,,,,,145.90674951420883,142.39925320966464,142.87265019050503,143.8977106456395,143.07919816183215,141.15089485334428,137.25889860723734,135.781824926342,130.82539264198917,129.8731210785544,127.0830623195143,124.8742040690481,121.69434723298323,,137.25889860723734,130.82539264198917,124.8742040690481,,135.8997928808356,#000000,6.835678947764644,140.1538362509124,-0.055572597238001856,48.711112900638014,7.300347585803401,False,False,False,True,False,0.0,0.0,0.0,0.0,0.0,0,0.940263911433569,0.9434158273787229,False,False,False,False,-0.08375554418233641,0.008555140911281553,False,False,False,False,592778,775588.2410460741,False,False,False,False,59403.400411568415,False,False,False,False
2024-01-08 00:00:00+00:00,143.3097906273,143.329543872,139.3591416782,140.0801351114,55741,,,,,,,,,,,,,,,,,,145.77958127076272,142.3902337402299,142.86024410592796,143.88398476471153,143.07241284154208,141.15539457008606,137.28021318231205,135.80801424424956,130.8641595698495,129.9138266159123,127.12903139617431,124.92443728131747,121.74859113552981,,137.28021318231205,130.8641595698495,124.92443728131747,,135.90847113220042,#000000,6.836862045196476,140.09790825326203,0.4697889693846627,47.00428209999023,6.132430009193307,False,False,False,True,False,0.6636731728539829,0.0,0.0,0.0,0.0,0,0.945349173471835,0.945823714926528,False,False,False,False,-0.08822991322905294,-0.03983738615888569,False,False,False,False,648519,770605.1335540712,False,False,False,False,59259.77686601672,False,False,False,False
2024-01-09 00:00:00+00:00,140.6628558314,141.4233557541,138.3122197067,141.4233557541,44338,,,,,,,,,,,,,,,,,140.13281043073331,145.63708353571803,142.350434959727,142.82976398779454,143.86253256522724,143.0577914337535,141.1510996403495,137.29037883649738,135.82245570337335,130.88966718652765,129.94103944171306,127.16083003432499,124.95983905725781,121.78757361880187,,137.29037883649738,130.88966718652765,124.95983905725781,,136.20523574512853,#000000,6.837471428756704,140.57183226879144,0.013312459665388422,44.54878550906644,4.00224376450592,False,True,False,True,False,0.0,0.0,0.0,0.0,0.0,0,0.9220075324822955,0.9576267334292643,False,False,False,False,-0.12453310206522065,-0.08218524411205318,False,False,False,False,604181,764078.6969441077,False,False,False,False,58674.60914578077,False,False,False,False
2024-01-10 00:00:00+00:00,140.8208817894,141.0974272158,138.8258040701,140.0603818667,44747,,,,,,,,,,,,,,,,,140.1906885723897,145.50324370796372,142.313681350898,142.8009708027379,143.8417910408978,143.04375741508042,141.14728788187807,137.30097800093804,135.8373199369997,130.91558729852972,129.96866559024795,127.19304838357077,124.9956707527884,121.82699450244836,,137.30097800093804,130.91558729852972,124.9956707527884,,136.20569180266918,#000000,6.839359840072878,140.52648988692457,0.043043780318525016,43.03090046298638,2.5741630389456063,False,True,False,True,False,0.0,0.0,0.0,0.0,0.0,0,0.9359193314394774,0.9467555233419057,False,False,False,False,-0.1222174702872495,-0.10220135719965134,False,False,False,False,648928,759562.9833384564,False,False,False,False,58128.42839496584,False,False,False,False
2024-01-11 00:00:00+00:00,141.8776803832,141.897433628,139.3986481677,140.5640896077,42459,,,,,,,,,,,,,,,,,140.47060867534293,145.40089863300489,142.29319083118668,142.78271825600038,143.82671492142748,143.03439021614017,141.14693138503898,137.31370979760962,135.8539049788315,130.94217253245887,129.99679711186147,127.22536044756559,125.03131246027309,121.86588206188816,,137.31370979760962,130.94217253245887,125.03131246027309,,136.22747087918785,#000000,6.839179016199104,140.50886093271376,0.20014382533986572,42.85366348774833,2.2089692960061313,False,True,False,True,False,0.0,0.0,0.0,0.0,0.0,0,0.9386494985736137,0.9511138870014135,False,False,False,False,-0.10531479545668015,-0.10375807632816575,False,False,False,False,691387,756889.4153643992,False,False,False,False,57513.94100692797,False,False,False,False
2024-01-12 00:00:00+00:00,145.0974592767,146.4604331641,143.3246055608,143.8727581025,40141,,,,,,,,,,,,,,,,,141.5204504277216,145.39152412864001,142.33371775208198,142.8040700503736,143.83249188040497,143.04294301494468,141.16126087817818,137.3381318646891,135.88117490685383,130.97682647381038,130.0325999677285,127.2643505335653,125.07303370611218,121.90994936616927,,137.3381318646891,130.97682647381038,125.07303370611218,,136.32589463937668,"rgba(38, 166, 154, 0.5)",6.8345979419093075,140.57119669316063,0.6622573298400799,45.087232422846974,2.2089692960061313,False,True,False,True,False,2.030579649891944,0.0,0.0,0.0,0.0,0,0.9521354451506026,0.9378116444090023,False,False,False,False,-0.0017537705909516721,-0.052755923459558714,False,False,False,False,731528,755894.8500559914,False,False,False,False,56832.64920273472,False,False,False,False
2024-01-16 00:00:00+00:00,145.6900566191,146.9838941499,143.3492971168,143.3492971168,61504,,,,,,,,,,,,,,,,,142.52814874489277,145.38992977411883,142.40212845878204,142.84161200673626,143.84417479956406,143.0584704428549,141.18518529529126,137.37710180416965,135.92437912734871,131.03102689090255,130.08851480659067,127.32503619688713,125.13783694971708,121.97825241247743,,137.37710180416965,131.03102689090255,125.13783694971708,,136.4365569793095,"rgba(38, 166, 154, 0.5)",6.845228850273509,140.6429462581176,0.7373179876638803,46.98385242806006,2.2089692960061313,False,False,False,True,False,2.4615633979546168,0.0,0.0,0.0,0.0,0,0.9584921606807506,0.9348983476072846,False,False,False,False,0.004908426718561567,-0.023923748370498574,False,False,False,False,793032,757351.2088773252,False,False,False,False,57015.83943007846,False,False,False,False
2024-01-17 00:00:00+00:00,142.5591673269,145.6752416855,142.5591673269,143.6159659208,59109,,,,,,,,,,,,,,,,,142.74446733226375,145.3370966681872,142.4277101488411,142.8522161421405,143.84235508827902,143.06195032051141,141.19838456616446,137.406078268321,135.9579126994074,131.07643396185665,130.1357708768416,127.37736976851276,125.19438723559028,122.03865142239412,,137.406078268321,131.07643396185665,125.19438723559028,,136.47505603566512,#000000,6.837047947050118,140.65310350538783,0.278784621122124,46.15840660471568,2.2089692960061313,False,True,False,True,False,0.07113939572321115,0.0,0.0,0.0,0.0,0,0.9529695354705314,0.9593187820078903,False,False,False,False,-0.02060278263122047,-0.02226326550085952,False,False,False,False,733923,756432.4555880184,False,False,False,False,57097.92415831068,False,False,False,False
2024-01-18 00:00:00+00:00,146.6085824997,146.7764850801,143.3196672496,143.754238634,50883,,,,,,,,,,,,,,,,,143.1631451616712,145.34281772654083,142.48450292852291,142.88460938039583,143.85326167393654,143.0757926244112,141.2188677545546,137.43867610384558,135.9939302575856,131.1213695784704,130.18210193351374,127.42759124946072,125.24797321863461,122.0951025170547,,137.43867610384558,131.1213695784704,125.24797321863461,,136.53783872204275,"rgba(38, 166, 154, 0.5)",6.853605809085226,140.6954572087332,0.8627758081925707,48.37197347694594,2.2089692960061313,False,False,False,False,True,3.0033780961341385,0.0,0.0,0.0,0.0,0,0.9812537371216875,0.9437889941158478,False,False,False,False,0.0020274577133970666,-0.010117903893731227,False,False,False,False,784806,757545.1436041745,False,False,False,False,56854.201642298496,False,False,False,False
2024-01-19 00:00:00+00:00,148.7518095546,148.7518095546,144.7912839832,147.5468616251,56540,,,,,,,,,,,,,,,,,143.76691724146488,145.3987273203142,142.58195380391618,142.9440813986626,143.87821367958202,143.10236156911833,141.251059311239,137.4828267873691,136.04136460925602,131.17737349061952,130.23945421488153,127.48877083549598,125.31261701569206,122.1624671530932,,137.4828267873691,131.17737349061952,125.31261701569206,,136.6305848879075,"rgba(38, 166, 154, 1.0)",6.876676181828895,140.770162803411,1.1606838158643973,51.10682900323309,2.2089692960061313,False,False,False,False,True,4.4935247040239865,0.0,0.0,0.0,0.0,0,1.0006754339886001,0.8868227188356586,False,False,False,False,0.043949287816056594,0.016915691961162684,False,False,False,False,841346,760831.4516981285,False,False,False,False,56841.88000926718,False,False,False,False
2024-01-22 00:00:00+00:00,149.5616925892,151.5468936861,149.5123094773,150.0258938407,66952,,,,,,,,,,,,,,,,,144.69084919022873,145.54644357961072,142.7557605156195,143.05485274264547,143.93004286682583,143.15330922896436,141.30567502970095,137.54905046219508,136.11059061846993,131.25443407966503,130.31776084456723,127.57074940378456,125.39822339443171,122.2504858694064,,137.54905046219508,131.25443407966503,125.39822339443171,,136.77773055900823,"rgba(38, 166, 154, 1.0)",6.906730479802181,140.90271582702206,1.2537012682773652,53.39606461404607,-4.499404806546153,False,False,True,False,True,5.051765637265611,0.0,0.0,0.0,0.0,0,1.0473943753202295,0.8714284074320973,False,False,False,False,0.13406428372515583,0.07548998784315926,False,False,False,False,908298,766614.4535923195,False,False,False,False,57238.35530302141,False,False,False,False
2024-01-23 00:00:00+00:00,149.69008868,151.8333157349,149.0184783587,151.4086209729,62007,,,,,,,,,,,,,,,,,145.33472580615714,145.674649646731,142.9092642878345,143.15410399607538,143.97709427593458,143.19967274651242,141.35551816939872,137.60964469494525,136.17398423632793,131.32515005795736,130.3896426823364,127.64605945140046,125.47689989277877,122.33143591873947,,137.60964469494525,131.32515005795736,125.47689989277877,,136.89698899022355,"rgba(38, 166, 154, 1.0)",6.937044687160017,141.01102674921427,1.2511180657160923,55.000431888480875,-2.6872763131688444,False,False,True,False,True,5.141243777110812,0.0,0.0,0.0,0.0,0,1.0267601841490546,0.8771564386028463,False,False,False,False,0.13147237040214257,0.10348117912265092,False,False,False,False,970305,774602.3181573265,False,False,False,False,57425.36097741273,False,False,False,False
2024-01-24 00:00:00+00:00,144.8604203398,151.4184975952,144.2530080639,151.4184975952,76656,,,,,,,,,,,,,,,,,145.52584781397942,145.7133193829346,143.0073234544093,143.21656458477793,144.0035271443198,143.22915622709385,141.39336157328708,137.66408451262586,136.2330869576933,131.3965038589893,130.46292923761743,127.7247875155524,125.56043152387215,122.418951304517,,137.66408451262586,131.3965038589893,125.56043152387215,,136.96784822083353,"rgba(38, 166, 154, 0.5)",6.922576941867211,141.0649332312983,0.5482766230515781,52.42885682970302,-2.6872763131688444,False,False,False,False,True,1.390487017572685,0.0,0.0,0.0,0.0,0,0.9956495446067511,0.8885094475116717,False,False,False,False,0.06721286929290837,0.08534702420777965,False,False,False,False,893649,779270.8154844902,False,False,False,False,58179.50368418086,False,False,False,False
2024-01-25 00:00:00+00:00,144.7517774937,147.2110564645,144.6431346476,147.2110564645,47085,,,,,,,,,,,,,,,,,145.5265316254245,145.70977573753675,143.0454380254248,143.24042590466513,144.01215333954664,143.2405597386478,141.41082972363546,137.69248468117914,136.26462916451575,131.4363221872255,130.5040514218818,127.76953785272907,125.60828187334184,122.46953386886587,,137.69248468117914,131.4363221872255,125.60828187334184,,136.99503965318715,"rgba(38, 166, 154, 0.5)",6.900665132674193,141.08089902633304,0.5319600932358796,50.64162137077225,-2.6872763131688444,False,False,False,False,False,1.308509729955972,0.0,0.0,0.0,0.0,0,0.9996479123086068,0.9092155432067938,False,False,False,False,0.020242187316032792,0.05279460576190622,False,False,False,False,846564,781909.7638968632,False,False,False,False,57744.42510833063,False,False,False,False
2024-01-26 00:00:00+00:00,144.840667095,145.951787112,144.1542418401,145.6011670177,32234,,,,,,,,,,,,,,,,,145.50090564793237,145.69999322596868,143.0652245490695,143.25261079476164,144.01587885123124,143.24643569163294,141.42111128824396,137.710446509483,136.2848187062446,131.46238811522494,130.53104305447914,127.79909438191672,125.64000228773439,122.50320752428448,,137.710446509483,131.46238811522494,125.64000228773439,,137.0095114734434,"rgba(38, 166, 154, 0.5)",6.842871205737554,141.087459593456,0.548484311438892,49.52322427698333,-2.6872763131688444,False,False,False,False,False,1.374473645477277,0.0,0.0,0.0,0.0,0,1.0014943776072116,0.9079735098452908,False,False,False,False,-0.0012260823711711527,0.025784261695367534,False,False,False,False,878798,785709.3025675744,False,False,False,False,56744.016280552954,False,False,False,False
2024-01-29 00:00:00+00:00,148.3764979044,148.6925498204,143.9517710815,143.9517710815,48268,,,,,,,,,,,,,,,,,145.60008829999782,145.72578830109964,143.12461586112815,143.2915308553865,144.0329813254877,143.26533798591254,141.44508774236226,137.74462106541142,136.32187412041932,131.50705017141325,130.5769098728951,127.84835649888406,125.69225930290857,122.55796815115332,,137.74462106541142,131.50705017141325,125.69225930290857,,137.05246211103284,"rgba(38, 166, 154, 1.0)",6.830639388108406,141.12089273441293,1.062214641665682,51.47388301929483,-2.6872763131688444,False,False,False,False,False,3.955738299835982,0.0,0.0,0.0,0.0,0,0.9887972304136076,0.911519873221793,False,False,False,False,0.029950298256073305,0.02786727997572042,False,False,False,False,927066,791252.7024668852,False,False,False,False,56411.623485237156,False,False,False,False
2024-01-30 00:00:00+00:00,150.5098483369,150.5394782041,147.6159979818,147.6159979818,24530,,,,,,,,,,,,,,,,,145.728171016042,145.76381638840815,143.17348191886634,143.32435699819388,144.04898125882224,143.28136429464243,141.4627404458398,137.7666442030827,136.3450754626013,131.5333646982683,130.60372184684107,127.87661192241336,125.72188191858896,122.58859478161074,,137.7666442030827,131.5333646982683,125.72188191858896,,137.08705765387293,"rgba(38, 166, 154, 1.0)",6.836526377740475,141.15210337439424,1.3687864926513411,54.14918544213287,-2.6872763131688444,False,False,True,False,True,5.456816569666344,0.0,0.0,0.0,0.0,0,1.015051380689455,0.9033745305349108,False,False,False,False,0.09792406561632054,0.06289567279602049,False,False,False,False,951596,797540.6749191643,False,False,False,False,55161.36374071806,False,False,False,False
2024-01-31 00:00:00+00:00,145.8382059547,151.941958581,145.8283293323,151.1814586583,96488,,,,,,,,,,,,,,,,,145.97012257215965,145.8429770966843,143.30977606140257,143.41616040181293,144.09203273282864,143.32689239308075,141.51712815997388,137.8402068549757,136.42400821591932,131.626519770069,130.69913954278647,127.97845704852644,125.8295007827541,122.70090419697655,,137.8402068549757,131.626519770069,125.8295007827541,,137.1838447021393,"rgba(38, 166, 154, 0.5)",6.802627077601576,141.2325358233201,0.6770428657694009,52.32111834571458,-2.6872763131688444,False,False,False,False,True,1.8295144073194471,0.0,0.0,0.0,0.0,0,1.0093167502310625,0.8760588433077302,False,False,False,False,0.09315106792213713,0.0780233703590788,False,False,False,False,855108,799798.217079197,False,False,False,False,56782.01614304284,False,False,False,False
2024-02-01 00:00:00+00:00,149.0777380929,149.5715692115,145.7493163533,147.5073551357,83305,,,,,,,,,,,,,,,,,146.16235391134683,145.91496484697254,143.42767858496805,143.4970030589743,144.13096688767212,143.3677166707393,141.56526390324424,137.90450780162573,136.4928401714245,131.70738713052225,130.78192685546065,128.06670952555857,125.92267839493722,122.79807567451486,,137.90450780162573,131.70738713052225,125.92267839493722,,137.2671481012829,"rgba(38, 166, 154, 1.0)",6.843718326738856,141.30265778778136,1.1360900513308534,53.189380143888336,-2.6872763131688444,False,False,True,False,True,4.091580664723207,0.0,0.0,0.0,0.0,0,1.0067434678621674,0.8983700985060701,False,False,False,False,0.06288939034793052,0.07045638035350466,False,False,False,False,938413,805234.0909192286,False,False,False,False,57822.133157041164,False,False,False,False
2024-02-02 00:00:00+00:00,147.5369850028,150.618491183,140.149271468,144.9591865635,98787,,,,,,,,,,,,,,,,146.10158255126666,146.15655928863865,145.9216718468587,143.50300737365026,143.54888650997967,144.1532284439015,143.39498066384266,141.60406911264636,137.96478756197394,136.55936036622958,131.79052950280612,130.86771204842037,128.1598737525147,126.02215502606511,122.90318602719542,,137.96478756197394,131.79052950280612,126.02215502606511,,137.91010600506598,"rgba(38, 166, 154, 0.5)",6.83726297727045,142.10272318199787,0.7948007614841784,52.67007301145135,-2.6872763131688444,False,False,False,False,True,2.9224669459997763,0.0,0.0,0.0,0.0,1,0.9779228513267846,0.901188189080958,False,False,False,False,0.006899388290440392,0.03867788432197252,False,False,False,False,839626,806582.7932361217,False,False,False,False,59428.598523431705,False,False,False,False
2024-02-05 00:00:00+00:00,147.4480954014,149.1369978271,145.3063498399,145.7493163533,87855,,,,,,,,,,,,,,,,146.66435178443263,146.2457197690021,145.96427396089933,143.59574338036452,143.61413362331066,144.18450005356112,143.4292850761962,141.64705331441886,138.02542484710642,136.62506602724613,131.86977846386606,130.94912532561668,128.24739071211897,126.11502166449638,123.00064786828437,,138.02542484710642,131.86977846386606,126.11502166449638,,138.0118343913947,"rgba(38, 166, 154, 0.5)",6.823576506870879,142.1808225580419,0.7719225889904362,52.258606490541624,-2.6872763131688444,False,False,False,False,True,2.854717886208082,0.0,0.0,0.0,0.0,1,1.0109855578810343,0.8968671898157972,False,False,False,False,0.05207844297056184,0.04537816364626718,False,False,False,False,751771,804433.3111484306,False,False,False,False,60543.35936565007,False,False,False,False
2024-02-06 00:00:00+00:00,148.6135368414,149.5221860997,147.2900694435,147.2900694435,65680,,,,,,,,,,,,,,,,147.13573645457095,146.36882031769886,146.0211001358595,143.6833051946204,143.67658185058022,144.2161711165275,143.46223172919878,141.68537907403646,138.07593981051897,136.67902927285954,131.93298159280008,131.0138127102577,128.3163109527601,126.18775249558054,123.07651109841981,,138.07593981051897,131.93298159280008,126.18775249558054,,138.1021109204193,"rgba(38, 166, 154, 0.5)",6.849824148203885,142.25490583508082,0.928291131092247,52.823696845046626,-2.6872763131688444,False,False,False,False,True,3.6842618033291217,0.0,0.0,0.0,0.0,1,1.0168863986323218,0.8990323642596857,False,False,False,False,0.0812976250088784,0.06333789432757278,False,False,False,False,817451,804943.8087504529,False,False,False,False,60744.796253271634,False,False,False,False
2024-02-07 00:00:00+00:00,149.9468808617,150.9592346549,147.2703161987,148.1493355899,68725,,,,,,,,,,,,,,,,147.61875483517446,146.53394713120267,146.09908047375282,143.7885226895666,143.75239149796425,144.25584093756825,143.50246994513023,141.7303771950076,138.1328908449077,136.73931875628392,132.00223893324318,131.08451720101945,128.3911825912408,126.26646037727815,123.1582573636439,,138.1328908449077,132.00223893324318,126.26646037727815,,138.20375005153224,"rgba(38, 166, 154, 1.0)",6.906080465941051,142.3415170847266,1.1012561777235341,54.140657794911505,-1.1862427014452237,False,False,True,False,True,4.628869887654535,0.0,0.0,0.0,0.0,1,1.0177994914855941,0.9036571186166449,False,False,False,False,0.09884245323510257,0.08109017378133768,False,False,False,False,886176,808129.3848778862,False,False,False,False,61057.74541981,False,False,False,False
2024-02-08 00:00:00+00:00,152.870361084,153.8185168318,149.9370042393,150.4012054908,50374,,,,,,,,,,,,,,,,148.24125663185959,146.75238034844315,146.20094417088765,143.9007559656649,143.83381175638306,144.30026787233678,143.54555770862262,141.77502992729734,138.1846234749765,136.79290399848028,132.0608206202222,131.14391742710913,128.4530397626186,126.33079837927211,123.22425216632298,,138.1846234749765,132.0608206202222,126.33079837927211,,138.31602401403313,"rgba(38, 166, 154, 1.0)",7.007676346178132,142.44216694968472,1.4881101265475305,56.8733890871152,1.6663421256499404,False,False,True,False,True,6.6542641109815435,0.0,0.0,0.0,0.0,1,1.0310515820104624,0.8843166583496147,False,False,False,False,0.16793576241808267,0.12451296809971017,False,False,False,False,936550,813165.4874316945,False,False,False,False,60638.77501119,False,False,False,False
2024-02-09 00:00:00+00:00,153.6604908738,154.7589140118,149.8209577428,153.076644341,69507,,,,,,,,,,,,,,,,148.9514994311981,147.05470303110744,146.34814835645753,144.0605129338975,143.95067243335333,144.36487674608117,143.60796563552702,141.83916733295737,138.2580993221886,136.86879529734816,132.14324150174266,131.22741261236217,128.53978746232622,126.42088632271621,123.3165039177566,,138.2580993221886,132.14324150174266,126.42088632271621,,138.46348482246805,"rgba(0, 255, 255, 0.75)",7.115303665454016,142.57679194256588,1.5577267608475134,59.15793394676197,3.9883800618192637,True,False,True,False,True,7.19249055891191,0.0,0.0,0.0,0.0,1,1.0466259867835959,0.8709705735429121,False,False,False,False,0.17836448233385688,0.15143872521678353,False,False,False,False,1006057,820729.8604735888,False,False,False,False,60986.54854016294,False,False,False,False
2024-02-12 00:00:00+00:00,159.3208335309,159.5583304256,153.6604908738,153.6604908738,90450,,,,,,,,,,,,,,,,150.40885647191428,147.6988248103851,146.66559388588476,144.3694091549524,144.17819242341534,144.49446445580617,143.7296224482374,141.95750016962242,138.38370309161974,136.9958024720097,132.27410410766407,131.35895704201636,128.67379525183938,126.55826205363694,123.45499537303974,,138.38370309161974,132.27410410766407,126.55826205363694,,138.7468055474696,"rgba(0, 255, 0, 1.0)",7.363756002144641,142.84537373144593,2.2373717698760927,63.402436676854876,8.048809808793493,True,False,True,False,True,10.883471653140425,0.0,0.0,0.0,0.0,0,1.064678422222654,0.8422534576346467,False,False,False,False,0.2904767316299031,0.22095772842334332,False,False,False,False,1096507,831544.6502589383,False,False,False,False,62141.978009176164,False,False,False,False
2024-02-13 00:00:00+00:00,153.1459142686,155.1102115019,150.9886508084,153.8386135448,135922,,,,,,,,,,,,,,,,150.95326466114983,148.15480208257003,146.92848936980735,144.65999769091297,144.3971212219953,144.61978923017205,143.85098067136107,142.08228748450455,138.52638081434804,137.14315326388768,132.4341494172503,131.52109738159294,128.842268828845,126.73320320155246,123.63420713858407,,138.52638081434804,132.4341494172503,126.73320320155246,,138.9654128305689,"rgba(38, 166, 154, 1.0)",7.45126608266674,143.05181013360954,1.354683086471913,61.135962164567545,8.048809808793493,True,False,True,False,True,5.976798650581767,0.0,0.0,0.0,0.0,1,1.033128298629051,0.8443221579230151,False,False,False,False,0.19154694176215725,0.2062523350927503,False,False,False,False,960585,836605.0561311368,False,False,False,False,65035.31220489475,False,False,False,False
2024-02-14 00:00:00+00:00,159.6572874651,160.3005082216,154.6698526763,155.1646378736,92263,,,,,,,,,,,,,,,,151.83463440867592,148.70150498338424,147.23375607129248,144.95996952922297,144.62387543732726,144.75309432045097,143.97635142952768,142.20415863778055,138.6552278315636,137.27333174909913,132.568024366263,131.6556336902104,128.97922126745388,126.87349794176849,123.7755927750861,,138.6552278315636,132.568024366263,126.87349794176849,,139.20452496260708,"rgba(0, 255, 0, 1.0)",7.685960584072606,143.2851546388515,2.1301348929860504,62.487217598538926,8.048809808793493,True,False,True,False,True,9.974206087202052,0.0,0.0,0.0,0.0,0,1.0423569629624159,0.8243456427602741,False,False,False,False,0.309936572386645,0.25809445373969764,False,False,False,False,1052848,845085.1715769746,False,False,False,False,66103.0646674479,False,False,False,False
2024-02-15 00:00:00+00:00,164.3280597276,164.7139921815,159.7018181329,160.3104039255,83514,,,,,,,,,,,,,,,,152.9322022420091,149.36823476615223,147.60867242464647,145.31271202423417,144.8917014341934,144.9129361770935,144.1248588761583,142.3448638495065,138.79812796035037,137.41595980732927,132.71002956149673,131.79762148212475,129.12186945722766,127.01832278948135,123.91993061632803,,138.79812796035037,132.71002956149673,127.01832278948135,,139.4852028978888,"rgba(0, 255, 0, 1.0)",8.03431534774005,143.56418580898446,2.5843986724340042,64.95501172311302,9.254647850620678,True,False,True,False,True,12.61861352567665,0.0,0.0,0.0,0.0,0,1.0517548928603784,0.8120649360259004,False,False,False,False,0.3428282515671866,0.3004613526534421,False,False,False,False,1136362,856507.7922994461,False,False,False,False,66785.84644519504,False,False,False,False
2024-02-16 00:00:00+00:00,161.4187227675,164.6892529217,161.4187227675,163.2692194054,56135,,,,,,,,,,,,,,,,153.5300455756914,149.7699053810121,147.84434423779174,145.53683677316496,145.06340487360728,145.01641797641983,144.22125069994613,142.43652672886878,138.89163765336681,137.50942939287222,132.80346348375622,131.89110271821886,129.21593707541007,127.11392342988418,124.01534910907989,,138.89163765336681,132.80346348375622,127.11392342988418,,139.6573050072727,"rgba(0, 255, 0, 1.0)",8.27991079588124,143.7362677577322,2.135585206855579,64.62717512561203,9.254647850620678,True,False,True,False,True,10.410936953242956,0.0,0.0,0.0,0.0,0,1.0539005868419076,0.81751656952524,False,False,False,False,0.3428282515543264,0.32164480210388424,False,False,False,False,1080227,865281.0945622129,False,False,False,False,66368.1661924423,False,False,False,False
2024-02-20 00:00:00+00:00,158.944796781,161.9332993727,157.5000240049,159.2713550112,71586,,,,,,,,,,,,,,,,153.96727027191352,150.13343486807813,148.0739891445162,145.76445728228242,145.24013591412853,145.12392984931023,144.32246243082153,142.5346410082303,138.99456080734615,137.61320336793943,132.90962316229778,131.99770043848528,129.32421258646738,127.22465361178743,124.12676303330487,,138.99456080734615,132.90962316229778,127.22465361178743,,139.8234025184606,"rgba(0, 255, 255, 0.75)",8.450701422197579,143.90190745427682,1.7800758274585127,62.84338665332841,9.254647850620678,True,False,True,False,True,8.583566603347144,0.0,0.0,0.0,0.0,0,1.0295489128520168,0.8373275606800519,False,False,False,False,0.2499960587614696,0.2858204304326769,False,False,False,False,1008641,870903.0516382046,False,False,False,False,66572.78712607201,False,False,False,False
2024-02-21 00:00:00+00:00,159.5286433138,160.4291523729,157.3236825606,159.2416678994,45868,,,,,,,,,,,,,,,,154.19856045169422,150.3437796657047,148.2118453041504,145.90264152601384,145.34825847721294,145.19024438875593,144.38505998082826,142.5955694112287,139.05879972699637,137.67807726814075,132.97627011925476,132.06466617475118,129.39234580571414,127.29440514138615,124.19704816828293,,139.05879972699637,132.97627011925476,127.29440514138615,,139.92250477400768,"rgba(0, 255, 255, 0.75)",8.624976541909973,144.000822935724,1.8003318968607207,61.90802914805329,9.254647850620678,True,False,True,False,False,8.924008267921945,0.0,0.0,0.0,0.0,0,1.031696581481842,0.845544325417991,False,False,False,False,0.2237121174477434,0.2547662739402102,False,False,False,False,1054509,878103.2849072947,False,False,False,False,65760.83468975546,False,False,False,False
2024-02-22 00:00:00+00:00,159.0041710047,160.2510297019,157.8166865311,159.9145757677,54843,,,,,,,,,,,,,,,,154.44553879694388,150.58076588970218,148.3711854612301,146.06329411805007,145.4746965956273,145.2683186524494,144.4588608814382,142.66752770857198,139.13480536744214,137.75488116768065,133.05530192677298,132.14409606367184,129.4732117440906,127.37722287120431,124.28054850299903,,139.13480536744214,133.05530192677298,127.37722287120431,,140.036683716525,"rgba(0, 255, 255, 0.75)",8.774793863327016,144.1148833133268,1.6968247828135117,60.92139179494919,9.254647850620678,True,False,True,False,False,8.531530216317393,0.0,0.0,0.0,0.0,0,1.03120719285482,0.8513989530792986,False,False,False,False,0.22807075406531727,0.2414185140027637,False,False,False,False,999666,882870.4502050478,False,False,False,False,65332.684309765056,False,False,False,False
2024-02-23 00:00:00+00:00,165.6046055367,166.0795993261,158.8804747053,158.8804747053,73537,,,,,,,,,,,,,,,,155.02841787832773,151.0377753609493,148.6647640374054,146.3452778459368,145.69568218858134,145.40541298957564,144.58685686669634,142.78929126569503,139.25865663068527,137.8785960728909,133.17874684257032,132.26756724817943,129.59734974125078,127.50327987606109,124.40629739689817,,139.25865663068527,133.17874684257032,127.50327987606109,,140.2429314827802,"rgba(0, 255, 0, 1.0)",8.998132661344373,144.32369040928063,2.365036828012256,63.010460936117966,9.254647850620678,True,False,True,False,False,12.297181570402735,0.0,0.0,0.0,0.0,0,1.0362260255009488,0.8264941529524097,False,False,False,False,0.3248422061287085,0.2831303600657361,False,False,False,False,1073203,890334.4717656343,False,False,False,False,65654.42217997035,False,False,False,False
2024-02-26 00:00:00+00:00,164.4764952868,165.9410594708,163.1504709581,164.624930846,78965,,,,,,,,,,,,,,,,155.6409238382017,151.5304678629683,148.98800891770054,146.65517351851693,145.94002447277654,145.55836154691298,144.72956695982992,142.92470693443815,139.39568661526567,138.01526181617464,133.31453151901792,132.40328722303397,129.73355093558226,127.6414014012038,124.5438670228558,,139.39568661526567,133.31453151901792,127.6414014012038,,140.46765470563196,"rgba(0, 255, 0, 1.0)",9.206154133626207,144.55224129515938,2.1642320672066213,63.58869935881935,9.254647850620678,True,False,True,False,False,11.443083736546882,0.0,0.0,0.0,0.0,0,1.048250316216982,0.8334986766991719,False,False,False,False,0.3428282514141041,0.3129793057399201,False,False,False,False,994238,894409.1199316878,False,False,False,False,66176.4056238931,False,False,False,False
2024-02-27 00:00:00+00:00,165.6738754643,166.4952188918,163.887700902,165.2978387143,64758,,,,,,,,,,,,,,,,156.12889882559438,151.93256396051086,149.2570637977319,146.9129758111542,146.14445898664215,145.6873853295331,144.8499271310936,143.03872373646044,139.5106321005632,138.12977240025057,133.4279484087154,132.51659245782898,129.8471018810188,127.75643653242585,124.65831010127008,,139.5106321005632,133.4279484087154,127.75643653242585,,140.6532527640529,"rgba(0, 255, 0, 1.0)",9.39843251653523,144.74168861026436,2.2271997822198957,64.45283751794051,9.522743916648892,True,False,True,False,True,12.109501976168957,0.0,0.0,0.0,0.0,0,1.0489065599119427,0.8652175547564465,False,False,False,False,0.3428282514906299,0.327903778615275,False,False,False,False,1058996,900863.5073853473,False,False,False,False,66120.7818739365,False,False,False,False
2024-02-28 00:00:00+00:00,166.6634458589,167.9597830758,164.2093112803,164.2093112803,50019,,,,,,,,,,,,,,,,156.5080653199514,152.24781409573023,149.4705041945612,147.11703708757142,146.30690587852277,145.79053262802276,144.94608808545107,143.12961872502845,139.60187537597852,138.2205496401609,133.51752638489444,132.60602835685293,129.9365868497667,127.8469851750762,124.748267235156,,139.60187537597852,133.51752638489444,127.8469851750762,,140.79962566884834,"rgba(0, 255, 0, 1.0)",9.563325467968934,144.89155694184333,2.276602316838286,65.43143540041817,10.677984359185857,True,False,True,False,True,12.660733818985637,0.0,0.0,0.0,0.0,0,1.0153845394351633,0.8719295044551223,False,False,False,False,0.3428282515902635,0.3353660151027692,False,False,False,False,1109015,909026.3110172945,False,False,False,False,65489.33944750762,False,False,False,False
2024-02-29 00:00:00+00:00,171.1956782662,171.7300462793,168.6425866481,169.0087276941,81591,,,,,,,,,,,,,,,,157.31311369226063,152.88026071452992,149.8925091686241,147.51256865061418,146.62148525199603,145.99099599624532,145.13195811088295,143.30328424762914,139.77285888097518,138.38959154192295,133.68140210987534,132.76916939616063,130.09855694709026,128.00999367390483,124.90908877847481,,139.77285888097518,133.68140210987534,128.00999367390483,,141.0851224774124,"rgba(0, 255, 0, 1.0)",9.870897143810609,145.18609210637413,2.6349769206271954,67.74113251053501,13.049915461312821,True,False,True,False,True,15.11383340900359,0.0,0.0,0.0,0.0,0,1.0351226045417443,0.8485570648237492,False,False,False,False,0.3428282519724732,0.33909713353762116,False,False,False,False,1190606,920068.6517617144,False,False,False,False,66120.77711623281,False,False,False,False
2024-03-01 00:00:00+00:00,173.5211686935,174.8620365782,171.1956782662,171.1956782662,117815,,,,,,,,,,,,,,,,158.52939995503732,153.84701442508518,150.54797360815778,148.1242829886759,147.1107379221817,146.3056815495508,145.42336050495257,143.57442421493366,140.03759567829118,138.65061059418895,133.93245520365542,133.01876546068127,130.34546791323888,128.25783460282273,125.15280438145655,,140.03759567829118,133.93245520365542,128.25783460282273,,141.52389393352732,"rgba(0, 255, 0, 1.0)",10.205214579720048,145.64130016873952,2.731923793171753,70.01090384331617,15.304068817736535,True,False,True,False,True,16.322758773337597,0.0,0.0,0.0,0.0,0,1.0702092635724905,0.8211108139320253,False,False,False,False,0.3428282521818784,0.3409626928597498,False,False,False,False,1308421,935298.1556141962,False,False,False,False,68148.00154304721,False,False,False,False
2024-03-04 00:00:00+00:00,175.1440641406,177.2122662653,173.1847147593,173.1847147593,117603,,,,,,,,,,,,,,,,159.7120337492819,154.8145510506204,151.22076716702693,148.75266523536806,147.6173342612393,146.63531021060842,145.72865432815763,143.85804873333583,140.31329745498036,138.9220520162499,134.19242038759157,133.27703126176073,130.6004305690182,128.51335519771402,125.40360323604484,,140.31329745498036,134.19242038759157,128.51335519771402,,141.9707703239332,"rgba(0, 255, 0, 1.0)",10.574675405103235,146.1070950623875,2.745896962870326,72.01047305601124,17.25690686316932,True,False,True,False,True,17.15431921680142,0.0,0.0,0.0,0.0,0,1.0646298189657577,0.8280324639392898,False,False,False,False,0.34282825231903696,0.34189547258939335,False,False,False,False,1426024,954542.3063744238,False,False,False,False,70087.41324724145,False,False,False,False
2024-03-05 00:00:00+00:00,173.8774140355,176.3018615023,172.0170216937,174.4315734565,143020,,,,,,,,,,,,,,,,160.8532410408115,155.82083674363622,151.95519204270926,149.44797890283917,148.18536192784273,147.0109107585799,146.07785314155416,144.18415029498962,140.6322745950079,139.23678664460434,134.49570809987404,133.57863849601833,130.89895886489083,128.8130398886481,125.69848196441886,,140.6322745950079,134.49570809987404,128.8130398886481,,142.459294227095,"rgba(0, 255, 0, 1.0)",10.934755548461789,146.61691549779167,2.4930139880029714,72.15484786330258,17.488841742388757,True,False,True,False,True,16.125816100196456,0.0,0.0,0.0,0.0,0,1.0559437909767968,0.8374902599412012,False,False,False,False,0.3211981618577055,0.3315468172235494,False,False,False,False,1283004,967423.1571048386,False,False,False,False,72947.5146885261,False,False,False,False
2024-03-06 00:00:00+00:00,177.3804932324,178.191940956,174.0060581868,174.9956285814,107280,,,,,,,,,,,,,,,,161.73535312035358,156.60205361457997,152.53376515336626,149.99464883465015,148.63469503846804,147.31098520688133,146.35672934357194,144.44394254540083,140.88493256617735,139.48561530358978,134.7341546352591,133.8155373762289,131.13282102626832,129.04734312596568,125.92847131154852,,140.88493256617735,134.7341546352591,129.04734312596568,,142.84273654682065,"rgba(0, 255, 0, 1.0)",11.316236977313402,147.01861314941866,2.68303678544823,73.39835281237394,18.819138165679618,True,False,True,False,True,17.923504568767942,0.0,0.0,0.0,0.0,0,1.0608492451500213,0.8413029479218213,False,False,False,False,0.3428282523711409,0.33718753479734515,False,False,False,False,1390284,984005.9352575901,False,False,False,False,74293.88666152509,False,False,False,False
2024-03-07 00:00:00+00:00,177.9049655416,180.6559712386,177.6167036856,178.1226710284,154496,,,,,,,,,,,,,,,,163.00924294953668,157.7422224846327,153.39282218915335,150.80637913898454,149.30641693064254,147.76430432178668,146.77812214241212,144.83598030067316,141.26467809269997,139.85911660467735,135.0906571431095,134.1694804567588,131.4815469948078,129.39619993923867,126.27029145743973,,141.26467809269997,135.0906571431095,129.39619993923867,,143.41116407643688,"rgba(0, 255, 0, 1.0)",11.666658753268589,149.79774812028603,2.4091916988177373,74.38936576948547,19.915038973647995,True,False,True,False,True,18.188520610476996,0.0,0.0,0.0,0.0,0,1.0574730132932038,0.8434174319744177,False,False,False,False,0.3428282525292594,0.3400078936633023,False,False,False,False,1544780,1005997.0750514101,False,False,False,False,77439.06757675941,False,False,False,False
2024-03-08 00:00:00+00:00,171.2946353056,179.4882781729,171.1560954504,178.4888120744,72226,,,,,,,,,,,,,,,,163.38074659722534,158.12422281962813,153.7037138617666,151.10845984150905,149.56124320686504,147.9399675081842,146.9426693939102,144.99095748968327,141.41744211808418,140.01027224438093,135.23743232027735,134.31561754849366,131.62662501756702,129.5420831116195,126.41425504362597,,141.41744211808418,135.23743232027735,129.5420831116195,,143.62104720818803,"rgba(0, 255, 255, 0.75)",11.819278477629101,149.9343373145144,1.8072421283173266,69.49013752089937,24.17560769669514,True,False,True,False,False,12.937274392871608,0.0,0.0,0.0,0.0,0,1.01691716404653,0.8606725195635907,False,False,False,False,0.27244049770291884,0.30622419568311054,False,False,False,False,1472554,1024293.425049394,False,False,False,False,77234.63355414139,False,False,False,False
2024-03-11 00:00:00+00:00,170.8394329241,171.6805677595,169.1769546612,171.6805677595,37636,,,,,,,,,,,,,,,,163.50533388031533,158.27489549386956,153.83536737804744,151.23973581864837,149.67367965943313,148.01869432354562,147.01689860326286,145.06162858809768,141.4881944250272,140.0806449885027,135.30677554923142,134.38482527752512,131.69576909854965,129.61191194684588,126.48356903405534,,141.4881944250272,135.30677554923142,129.61191194684588,,143.71186160433044,"rgba(0, 255, 255, 0.75)",11.92483419750219,149.97796050670297,1.749414043992892,65.90016930067809,20.901278892691252,True,False,True,False,False,12.5904481061904,0.0,0.0,0.0,0.0,0,0.9969834306834516,0.9060490603046312,False,False,False,False,0.18575622123838217,0.24599020846074637,False,False,False,False,1434918,1040396.349557261,False,False,False,False,75681.7459637829,False,False,False,False
2024-03-12 00:00:00+00:00,170.4040219505,170.5821446215,168.3358198258,169.7805926019,59944,,,,,,,,,,,,,,,,163.6738098570748,158.49250259590448,154.031139460195,151.43678768934268,149.8436036791428,148.13859679179174,147.13022500825343,145.16991669436814,141.59712848290664,140.18916956041753,135.41419309559424,134.4921105765538,131.80315872785326,129.72050049782524,126.59154472726341,,141.59712848290664,135.41419309559424,129.72050049782524,,143.84829249629914,"rgba(0, 255, 255, 0.75)",11.991556870236682,150.0540934614233,1.6970213884058463,63.17733382657335,18.4856207029125,True,False,True,False,False,12.25455901247405,0.0,0.0,0.0,0.0,0,0.9919682696497741,0.9115090404196923,False,False,False,False,0.16893840572508848,0.2074643070929174,False,False,False,False,1374974,1053517.041731486,False,False,False,False,75064.57945539926,False,False,False,False
2024-03-13 00:00:00+00:00,176.6581068444,177.2221619693,169.9216063831,171.4232794569,85496,,,,,,,,,,,,,,,,164.07719558616355,158.91584115967072,154.3852843385456,151.78279065426665,150.1385515302706,148.34498539148206,147.32395890733628,145.35271046807412,141.7774204001237,140.3676185104812,135.58760488592156,134.6647868698962,131.97461775837266,129.892905711764,126.76172741470178,,141.7774204001237,135.58760488592156,129.892905711764,,144.08986663913805,"rgba(0, 255, 0, 1.0)",12.209287420183166,150.29323501696288,2.159411185934846,64.3224254680786,18.4856207029125,True,False,True,False,False,15.59351967778489,0.0,0.0,0.0,0.0,0,1.002480857508381,0.8779036648661058,False,False,False,False,0.24103839980661224,0.22425135344976482,False,False,False,False,1460470,1069475.9812714278,False,False,False,False,75473.6547708738,False,False,False,False
2024-03-14 00:00:00+00:00,176.6086283246,177.454711012,176.0346774958,176.6976896602,93603,,,,,,,,,,,,,,,,164.5675344387943,159.41321674116696,154.7981130842223,152.18370937453443,150.48053389479784,148.58505302115503,147.5490341396219,145.56442580197324,141.98504015407008,140.57272630695658,135.78582769437907,134.86198569097178,132.16993167582945,130.08893599678586,126.95478262375255,,141.98504015407008,135.78582769437907,130.08893599678586,,144.3707233759341,"rgba(0, 255, 0, 1.0)",12.418009188063495,150.593922384481,2.0949175947723564,65.04529410596993,18.4856207029125,True,False,True,False,False,15.55461815683103,0.0,0.0,0.0,0.0,0,1.052712862491438,0.8635731507213353,False,False,False,False,0.2983510022193982,0.2613011778345815,False,False,False,False,1366867,1081138.3741627445,False,False,False,False,76184.6094857415,False,False,False,False
2024-03-15 00:00:00+00:00,178.2908979955,178.6966218572,176.2226958707,176.2622786865,135633,,,,,,,,,,,,,,,,165.26933668965432,160.12688853397285,155.39700040259294,152.76591568760514,150.97973534189856,148.93836423863934,147.8805121537707,145.87623556192864,142.2904039249237,140.87427411204936,136.0768867728262,135.15147519854443,132.45646175634167,130.3763503658098,127.23766945431993,,142.2904039249237,136.0768867728262,130.3763503658098,,144.77983401299187,"rgba(0, 255, 0, 1.0)",12.617339312533833,151.03469852914708,2.160217680702072,66.24093108389948,18.4856207029125,True,False,True,False,True,16.42722396049809,0.0,0.0,0.0,0.0,0,1.0870488324417955,0.8347047896585368,False,False,False,False,0.31152024144923457,0.28641070964190807,False,False,False,False,1502500,1097662.3594896959,False,False,False,False,78515.9189176732,False,False,False,False
2024-03-18 00:00:00+00:00,176.4107142457,179.6466094361,176.4107142457,178.2908979955,91418,,,,,,,,,,,,,,,,165.6930454122777,160.57102176892897,155.7790414172439,153.13984620519923,151.3029952035636,149.16970272075878,148.09803751961948,146.08140526650618,142.49188013738177,141.0734290935613,136.2696441236661,135.34327785170464,132.64651748802555,130.56712057207034,127.42564122739145,,142.49188013738177,136.2696441236661,130.56712057207034,,145.04350706719325,"rgba(0, 255, 255, 0.75)",12.659037897824478,151.3120174848052,1.9826701652586205,65.37172870866894,18.4856207029125,True,False,True,False,True,14.921851998720172,0.0,0.0,0.0,0.0,0,1.0924222546760383,0.8092039067439392,False,False,False,False,0.3220760776418841,0.3042433936418961,False,False,False,False,1411082,1109953.3257842178,False,False,False,False,79021.88288168602,False,False,False,False
2024-03-19 00:00:00+00:00,176.8362295154,178.4838642224,175.816972009,176.5096712852,53182,,,,,,,,,,,,,,,,165.91751256868343,160.8125881561619,155.99085457444693,153.34835035373035,151.48432343594624,149.30048464014126,148.22122958033933,146.19787239799902,142.60655792281625,141.1868935729005,136.3797583897684,135.45289453135157,132.75525867123088,130.6763485000397,127.5333840065443,,142.60655792281625,136.3797583897684,130.6763485000397,,145.19095408680667,"rgba(0, 255, 255, 0.75)",12.694719384470616,151.46439055951177,1.9986136114930952,65.00814947083609,18.4856207029125,True,False,True,False,True,15.149427431847709,0.0,0.0,0.0,0.0,0,1.1109756199311822,0.7962718612221775,False,False,False,False,0.3058115956757469,0.3050274946588215,False,False,False,False,1464264,1123847.8620279739,False,False,False,False,78008.55414122774,False,False,False,False
2024-03-20 00:00:00+00:00,177.2914318969,178.746100377,175.074794213,176.0049903839,48462,,,,,,,,,,,,,,,,166.11431901292087,161.02651875733508,156.18015362022746,153.5351421003573,151.647295557904,149.41856025938384,148.33254671731862,146.30321434002983,142.7103721271981,141.28964271097928,136.4795629532616,135.55226220614637,132.8538677058427,130.77541851987357,127.63114148792837,,142.7103721271981,136.4795629532616,130.77541851987357,,145.3233345384471,"rgba(0, 255, 0, 1.0)",12.71965327704044,151.60071695676967,2.0197653489897607,65.01016315364026,18.4856207029125,True,False,True,False,True,15.395888519223831,0.0,0.0,0.0,0.0,0,1.108087294969695,0.793481586897657,False,False,False,False,0.3013949878722636,0.30321124126554255,False,False,False,False,1512726,1139097.9850857004,False,False,False,False,76849.86574353254,False,False,False,False
2024-03-21 00:00:00+00:00,181.2695048832,181.7939771924,178.6570390415,178.6570390415,45730,,,,,,,,,,,,,,,,166.35183228768966,161.26673460727957,156.3854435760434,153.7348384415285,151.8203389337512,149.54320880861684,148.44964559718431,146.41332087780114,142.81779361246834,141.39559820997582,136.5814647304663,135.65354889106692,132.9539306037193,130.8756320278995,127.72961147828259,,142.81779361246834,136.5814647304663,130.8756320278995,,145.4648628455849,"rgba(0, 255, 0, 1.0)",12.876824336867303,151.75599260914646,2.2919868674106367,66.93345542098778,18.4856207029125,True,False,True,False,True,17.507121912100697,0.0,0.0,0.0,0.0,0,1.1331817673483795,0.7716087718317751,False,False,False,False,0.34282825257588556,0.32301974692071406,False,False,False,False,1558456,1155543.3974352807,False,False,False,False,75629.4788516293,False,False,False,False
2024-03-22 00:00:00+00:00,181.0023208767,182.2562055237,180.1413946334,181.2695048832,33324,,,,,,,,,,,,,,,,166.52667597860085,161.44306564819254,156.5362898412331,153.8815082685383,151.94756907955997,149.6350426524108,148.5359203017293,146.494419812414,142.8968447659923,141.4735480616834,136.65636676912385,135.7279873750569,133.02743780946332,130.9492248575928,127.80189504256423,,142.8968447659923,136.65636676912385,130.9492248575928,,145.56891975094373,"rgba(0, 255, 0, 1.0)",13.033942386149654,153.9339105740076,2.0767630775670978,67.93183528552751,18.4856207029125,True,False,True,False,True,17.28309828198318,0.0,0.0,0.0,0.0,0,1.137967759304337,0.7676320687182825,False,False,False,False,0.34282825258889876,0.3329239997548064,False,False,False,False,1525132,1170037.0681240933,False,False,False,False,73970.4404652909,False,False,False,False
2024-03-25 00:00:00+00:00,176.717481068,182.1007440147,176.717481068,182.1007440147,38961,,,,,,,,,,,,,,,,166.69016420949188,161.61837262042943,156.69178856379125,154.03470487558744,152.08169224968603,149.73285667956577,148.62814790064533,146.58161878075245,142.9825473372303,141.55829855492772,136.73847770800703,135.8097025262048,133.10842769703007,131.03051342875227,127.88201637522391,,142.9825473372303,136.73847770800703,131.03051342875227,,145.67795530048838,"rgba(0, 255, 255, 0.75)",13.045806034231843,153.97329286163486,1.7434099623039785,64.51687058192877,18.4856207029125,True,False,True,False,False,13.765385622797112,0.0,0.0,0.0,0.0,0,1.1170488872680502,0.775370531222809,False,False,False,False,0.3074835811573345,0.32020379045607045,False,False,False,False,1486171,1182434.477217266,False,False,False,False,72597.52123135792,False,False,False,False
2024-03-26 00:00:00+00:00,177.2914318969,179.1864592026,176.6778982523,178.0534011008,53947,,,,,,,,,,,,,,,,166.89460377855644,161.84412469955146,156.89580352931935,154.23693406189807,152.2596767033814,149.86350174903544,148.75155179878553,146.69859650430067,143.09790147821045,141.67250377488952,136.8494923947977,135.92024227004364,133.2181435406684,131.14073837970628,127.99080684505346,,143.09790147821045,136.8494923947977,131.14073837970628,,145.82230810054654,"rgba(0, 255, 255, 0.75)",13.064036432040051,154.07329627699016,1.7772558841742414,62.594886542098884,17.25003884171737,True,False,True,False,False,14.082774956770624,0.0,0.0,0.0,0.0,0,1.1061079031340064,0.8023112712211531,False,False,False,False,0.27886982387054554,0.299536807163308,False,False,False,False,1540118,1196461.2820322753,False,False,False,False,71866.1282418929,False,False,False,False
2024-03-27 00:00:00+00:00,180.5174313833,181.0616951003,178.4269639247,179.1320328309,47845,,,,,,,,,,,,,,,,167.1066135196236,162.06715682271175,157.09293946163217,154.43058309606036,152.42944758168738,149.98776799092786,148.8686832520865,146.80919274094742,143.20627414485853,141.77956738452724,136.95292099678178,136.0231210883646,133.31996862248707,131.24283225397315,128.09130751459404,,143.20627414485853,136.95292099678178,131.24283225397315,,145.96055843141758,"rgba(0, 255, 255, 0.75)",13.171223040211476,154.23112377247313,1.995737793717053,63.16357965308606,17.25003884171737,True,False,True,False,False,15.841413787326978,0.0,0.0,0.0,0.0,0,1.1088677351279088,0.7904902791686061,False,False,False,False,0.31404497650402546,0.3067908918336667,False,False,False,False,1587963,1211814.2905800294,False,False,False,False,70924.12321279907,False,False,False,False
2024-03-28 00:00:00+00:00,180.3195173044,181.6405937812,179.3101555019,180.5174313833,70328,,,,,,,,,,,,,,,,167.4158747755313,162.39269845455647,157.38190072269785,154.71460858284507,152.67901452545024,150.171118148066,149.04158007139884,146.97247966358012,143.36623325671275,141.93758339524692,137.10553461589075,136.1749159565138,133.47018445974382,131.39341956042782,128.23952522589988,,143.36623325671275,137.10553461589075,131.39341956042782,,146.16377809430412,"rgba(0, 255, 255, 0.75)",13.228599500057053,154.45818987984393,1.9549558080161495,63.34984130741411,17.25003884171737,True,False,True,False,False,15.677535063927326,0.0,0.0,0.0,0.0,0,1.1174296896996894,0.780649495962036,False,False,False,False,0.32807775192233296,0.3174343218779998,False,False,False,False,1517635,1223807.259576891,False,False,False,False,70900.74583190498,False,False,False,False
2024-04-01 00:00:00+00:00,171.3045310096,181.5168974819,170.2357949834,181.5168974819,108704,,,,,,,,,,,,,,,,167.65623856162142,162.71179014329272,157.70068171351144,155.04077544684029,152.97360796823116,150.39420304855824,149.25414098245298,147.17652616127467,143.57072487546642,142.14116819467893,137.30656209008373,136.37559726324642,133.6707144132536,131.5957752329546,128.4405151439574,,143.57072487546642,137.30656209008373,131.5957752329546,,146.4006014159616,"rgba(38, 166, 154, 1.0)",13.127691837777832,154.59164767532505,1.2731014363225635,56.87335091101225,11.67067167574482,False,False,True,False,False,8.662470416195163,0.0,0.0,0.0,0.0,0,1.071238240292664,0.7971361441683322,False,False,False,False,0.23716399074927952,0.27729915631363966,False,False,False,False,1408931,1231067.0141032876,False,False,False,False,72383.22638751654,False,False,False,False
2024-04-02 00:00:00+00:00,171.2451567859,172.0961873253,166.7722986023,169.4936171875,98178,,,,,,,,,,,,,,,,167.7285135860987,162.88417325260625,157.90649652021204,155.26241982485902,153.1805523172194,150.556525480887,149.41059538558417,147.3293721730502,143.72754528842094,142.29851821716966,137.46533847498222,136.5346550035258,133.83111396434393,131.75862736714848,128.60362499875973,,143.72754528842094,137.46533847498222,131.75862736714848,,146.56520479032451,"rgba(38, 166, 154, 1.0)",13.009087973478012,154.63249525257848,1.2770043193796692,52.52280467354437,7.770816605835954,False,True,False,False,False,8.618995003513003,0.0,0.0,0.0,0.0,0,1.04791626056613,0.8512330458368923,False,False,False,False,0.11569988218988606,0.19649951925176284,False,False,False,False,1310753,1234191.954726688,False,False,False,False,73394.7861370257,False,False,False,False
2024-04-03 00:00:00+00:00,172.7097209699,172.7097209699,169.8300711216,169.8993410492,45844,,,,,,,,,,,,,,,,167.78470089118048,162.98052427560992,158.01350034699595,155.3754211229107,153.2851150426095,150.63798660061627,149.48884405465893,147.4053734157168,143.80486093483657,142.37588321538854,137.54282138495938,136.6121818895786,133.90904711031095,131.83757896347998,128.68248030442712,,143.80486093483657,137.54282138495938,131.83757896347998,,146.64908797021863,"rgba(38, 166, 154, 1.0)",13.03192074682149,154.68244453202283,1.383316917598202,50.69821614802514,6.2654789923512055,False,True,False,False,False,9.476028177201538,0.0,0.0,0.0,0.0,0,1.0437153044741811,0.857874628840717,False,False,False,False,0.1498151402256088,0.1731573297386858,False,False,False,False,1356597,1238992.1525805434,False,False,False,False,72314.36315126,False,False,False,False
2024-04-04 00:00:00+00:00,169.7805926019,174.4563127164,169.1868503651,173.976371075,53590,,,,,,,,,,,,,,,,167.83864295164216,163.08289896060757,158.13105598878968,155.5007304129912,153.40188231594826,150.72969916477925,149.5771401194363,147.49141258376756,143.89274450708882,142.46394336220257,137.63134976663812,136.7008142487848,133.99828439521244,131.9280750187906,128.7729972865638,,143.89274450708882,137.63134976663812,131.9280750187906,,146.74277807221623,"rgba(38, 166, 154, 1.0)",13.033135382349759,154.7371118081287,1.1542487937433739,47.72211986559211,3.604446565580268,False,True,False,True,False,7.307343970137779,0.0,0.0,0.0,0.0,0,1.0425394875694756,0.8527841715423291,False,False,False,False,0.1601325416652263,0.16664493570195604,False,False,False,False,1303007,1241502.5387538555,False,False,False,False,71580.0744002302,False,False,False,False
2024-04-05 00:00:00+00:00,170.3743348386,173.1006012758,169.3451816283,169.3451816283,40435,,,,,,,,,,,,,,,,167.87579910686864,163.1565723195272,158.21702006498862,155.59276927329316,153.48799233698657,150.79768052053862,149.6426693116608,147.55537072021244,143.9581948382929,142.52956719631223,137.69743922753017,136.76700003366975,134.0649703117858,131.99573224400157,128.84071642770724,,143.9581948382929,137.69743922753017,131.99573224400157,,146.81196626222507,"rgba(38, 166, 154, 1.0)",13.025996383100539,154.77898171822082,1.1972483840554435,46.21181380481771,2.2753957235249587,False,True,False,True,False,7.664894838208053,0.0,0.0,0.0,0.0,0,1.0661264171937486,0.8548263966702967,False,False,False,False,0.1489375711490143,0.15779125342548517,False,False,False,False,1343442,1245500.1646850768,False,False,False,False,70358.69893355451,False,False,False,False
2024-04-08 00:00:00+00:00,173.8081441079,174.0753281145,170.9779727794,172.0862916213,52627,,,,,,,,,,,,,,,,167.95376400305267,163.27469492215303,158.34462854647415,155.7264330801117,153.6115948305566,150.89425540652226,149.73536488972093,147.6452164936538,144.0492293212288,142.62054836329776,137.78825126374528,136.8578136683202,134.15612387507517,132.08797408694574,128.93272964530166,,144.0492293212288,137.78825126374528,132.08797408694574,,146.911908159744,"rgba(38, 166, 154, 1.0)",13.01841092244556,154.85886814862056,1.4555751905640224,47.750076100502945,2.2753957235249587,False,True,False,True,False,9.700339748197951,0.0,0.0,0.0,0.0,0,1.0687375776645298,0.8288059480737071,False,False,False,False,0.1733681513230269,0.16557970237425604,False,False,False,False,1396069,1251404.8248935053,False,False,False,False,69663.33819106218,False,False,False,False
2024-04-09 00:00:00+00:00,174.154493746,174.9164629499,171.3540095293,174.7977145025,24439,,,,,,,,,,,,,,,,167.9928507770406,163.33148753430734,158.40522646674503,155.7896634634186,153.6699936444661,150.9398701122872,149.77912141484265,147.68757816519005,144.0920687132413,142.66333631147413,137.8308864580082,136.90043769937017,134.19887543155286,132.13121285459297,128.97583281856367,,144.0920687132413,137.8308864580082,132.13121285459297,,146.95922945767336,"rgba(38, 166, 154, 1.0)",13.046396895012547,154.8988435130995,1.475936259478789,49.016423849142086,2.2753957235249587,False,True,False,False,False,9.902871042692762,0.0,0.0,0.0,0.0,0,1.0721517933060056,0.8205494396347497,False,False,False,False,0.18343412430558828,0.17450691333992216,False,False,False,False,1420508,1258036.321956505,False,False,False,False,67889.83473258915,False,False,False,False
2024-04-10 00:00:00+00:00,167.9103045561,169.9092367532,165.2978387143,169.4540343717,113780,,,,,,,,,,,,,,,,167.98369147193745,163.44201154387932,158.57547249530145,155.98408140469016,153.85951843244186,151.09608105150056,149.93164614410696,147.83926815489698,144.25104374392484,142.82398170742567,137.9961364830288,137.06648474082746,134.367637573606,132.30340931244618,129.14953862791222,,144.25104374392484,137.9961364830288,132.30340931244618,,147.11133352586174,"rgba(38, 166, 154, 0.5)",12.997464506144118,154.9547784467066,0.996773340159467,45.98347698386873,2.2049222511354643,False,True,False,True,False,5.319974852552377,0.0,0.0,0.0,0.0,0,1.0383263614179588,0.839661817528715,False,False,False,False,0.07963339332608081,0.12707015333300148,False,False,False,False,1306728,1259945.7995268381,False,False,False,False,69689.44905680134,False,False,False,False
2024-04-11 00:00:00+00:00,170.7503715886,172.3831627397,168.2566541942,168.2566541942,50079,,,,,,,,,,,,,,,,168.01803356110076,163.51923636590757,158.67048446803287,156.087317429548,153.95761519040153,151.17517910097183,150.00824688396963,147.91447321974243,144.32848549454474,142.90180066689635,138.07498876854785,137.14552927102906,134.4474783502547,132.38453494516304,129.2309333572653,,144.32848549454474,138.07498876854785,132.38453494516304,,147.19095580489173,"rgba(38, 166, 154, 1.0)",13.015050281278793,155.0105561029165,1.2093549502704632,45.99309451045433,2.0967281140837386,False,True,False,True,False,7.022942765259941,0.0,0.0,0.0,0.0,0,1.0333540171947249,0.8364178017572078,False,False,False,False,0.13025465110358025,0.12866240221829087,False,False,False,False,1356807,1263744.277976766,False,False,False,False,68920.41183888756,False,False,False,False
2024-04-12 00:00:00+00:00,169.6618441545,170.0675680163,168.0347925117,169.0384148059,40918,,,,,,,,,,,,,,,,168.03187124895584,163.57031963686748,158.73915404059318,156.16358149030185,154.03110415334032,151.23530977008576,150.0667387354994,147.97227693785743,144.38851126572754,142.96228548486272,138.1367390610683,137.20750402006,134.51027159667498,132.44846872671354,129.2952582509655,,144.38851126572754,138.1367390610683,132.44846872671354,,147.25062629463827,"rgba(38, 166, 154, 1.0)",13.035066995203248,155.04739155732213,1.121164363984919,45.370467615828,1.2746277608273147,False,True,False,True,False,6.246361693447568,0.0,0.0,0.0,0.0,0,1.0378814743153857,0.8476844419554687,False,False,False,False,0.10654408064915843,0.11760324143372465,False,False,False,False,1315889,1265789.1690365006,False,False,False,False,67822.27804128414,False,False,False,False
2024-04-15 00:00:00+00:00,168.9592491744,171.1956782662,168.1774885626,169.8696539374,46358,,,,,,,,,,,,,,,,168.0495501425312,163.6289980070852,158.81726644194487,156.25015906637066,154.1145401632812,151.30366428627315,150.13322882306466,148.03796785326352,144.45668437753918,143.030968321784,138.20682814318627,137.27784307956045,134.58152627160106,132.52100641802141,129.36822994235675,,144.45668437753918,138.20682814318627,132.52100641802141,,147.31856408919086,"rgba(38, 166, 154, 1.0)",13.059156096796478,155.09163733062383,1.0619071968347176,44.53920181812981,0.21010642930531276,False,True,False,True,False,5.742866642032627,0.0,0.0,0.0,0.0,0,1.0390315483350192,0.8311701241011281,False,False,False,False,0.11840222130110441,0.11800273136741453,False,False,False,False,1269531,1265935.9075056575,False,False,False,False,66980.54164750829,False,False,False,False
2024-04-16 00:00:00+00:00,167.3165623193,169.1571632533,166.9998997931,168.118114339,38848,,,,,,,,,,,,,,,,168.04721427253028,163.66382926545927,158.87200884312333,156.3130466395031,154.17645306902506,151.35547245369824,150.18395340105928,148.08856641596373,144.50984396487726,143.08473832604278,138.26228878350088,137.33359524501535,134.63825060398187,132.57891754459212,129.42671320770796,,144.50984396487726,138.26228878350088,132.57891754459212,,147.3689928024054,"rgba(38, 166, 154, 0.5)",13.07310603782224,155.1179326694974,0.9331087512416968,43.01551522644169,-1.5061144174302044,False,True,False,True,False,4.566493321501159,0.0,0.0,0.0,0.0,0,1.0615339041270644,0.8391441745715413,False,False,False,False,0.07528287491334316,0.09664280314037885,False,False,False,False,1230683,1264553.4405446514,False,False,False,False,65877.30472015502,False,False,False,False
2024-04-17 00:00:00+00:00,165.2483601946,169.1373718454,164.8921148526,169.1373718454,62124,,,,,,,,,,,,,,,,168.0207387693263,163.70001907808063,158.94471884628746,156.40015831645988,154.26427997946345,151.43067116211472,150.2580847284859,148.1632496802934,144.58928406130454,143.16540822219662,138.34637303065716,137.41825974324894,134.72475443744742,132.6674734213929,129.51647522022452,,144.58928406130454,138.34637303065716,132.6674734213929,,147.4406632464656,"rgba(38, 166, 154, 0.5)",13.075364457950048,155.14639152569856,0.7725955709601091,40.85558325289208,-3.7719333579704966,False,True,False,True,False,3.104553557552478,0.0,0.0,0.0,0.0,0,1.0270420541638285,0.8325441767736568,False,False,False,False,0.044554783638307435,0.07059879338934313,False,False,False,False,1168559,1260788.9526801554,False,False,False,False,65730.11629975679,False,False,False,False
2024-04-18 00:00:00+00:00,165.1098203394,167.3363537272,164.6744093657,165.6046055367,39945,,,,,,,,,,,,,,,,167.99669529763645,163.71678458303953,158.98631262347445,156.45142091963666,154.31678959706355,151.47632818369001,150.30328976550118,148.20907148111667,144.63838756443653,143.21538968973925,138.39879574369928,137.47109515156066,134.77887109710878,132.72296177181755,129.57284146714727,,144.63838756443653,138.39879574369928,132.72296177181755,,147.48366899577783,"rgba(38, 166, 154, 0.5)",13.068287498049786,155.16105319380947,0.7612908077722658,39.33904811609204,-5.384858832367875,False,True,False,True,False,3.006585115727461,0.0,0.0,0.0,0.0,0,1.0165930420971503,0.8432062959881365,False,False,False,False,0.017458182854516367,0.04402848812192975,False,False,False,False,1128614,1255605.6212025022,False,False,False,False,64718.935268393776,False,False,False,False
2024-04-19 00:00:00+00:00,165.7926239116,167.1780224641,164.4567038789,164.4567038789,48435,,,,,,,,,,,,,,,165.80911675153334,167.96947583099265,163.7377669160469,159.03682255158822,156.51350491653133,154.38038267712707,151.53169403154328,150.3581106934764,148.26463510626095,144.69790967643627,143.27597199341608,138.46232866954338,137.53512722470637,134.84445288996142,132.7902020492397,129.6411455919193,,144.69790967643627,138.46232866954338,132.7902020492397,,148.67804047314516,"rgba(38, 166, 154, 0.5)",13.029162843664826,156.3077086153644,0.7279758039748092,39.02795413621914,-5.883524188681186,False,True,False,True,False,3.457886423743691,0.0,0.0,0.0,0.0,0,1.0157302661193988,0.8500539175357558,False,False,False,False,-0.016228862257995223,0.013899812931967263,False,False,False,False,1177049,1252524.9693906393,False,False,False,False,64080.34957159402,False,False,False,False
2024-04-22 00:00:00+00:00,167.3066666154,168.2813934541,166.3863661484,166.5595409675,46894,,,,,,,,,,,,,,,166.55471211154267,167.96180206044315,163.77225914559128,159.09580449905653,156.58250760968323,154.44936251097067,151.59053987642113,150.41598991679257,148.32271638739806,144.75933464647414,143.33824272358612,138.52695401029519,137.60015558552294,134.91077969278476,132.85801958410946,129.7097927568893,,144.75933464647414,138.52695401029519,132.85801958410946,,148.77806081984755,"rgba(38, 166, 154, 0.5)",12.89743194350461,156.37425810754155,0.8476422714030453,40.348623549649076,-5.883524188681186,False,True,False,True,False,4.458428173313649,0.0,0.0,0.0,0.0,0,1.0094807761591678,0.8546058508091653,False,False,False,False,0.013459583234230974,0.013679698083099118,False,False,False,False,1223943,1251404.1078459085,False,False,False,False,63406.37507859033,False,False,False,False
2024-04-23 00:00:00+00:00,170.7998501083,171.2748438977,166.9702126812,166.9702126812,28542,,,,,,,,,,,,,,,167.27520883098765,167.97417268710905,163.80664337088012,159.14145915682124,156.63319660113842,154.4986078184046,151.63147500933087,150.4559085128627,148.36225769114066,144.8004456598786,143.3796946581922,138.56935423711494,137.64272344678994,134.95394266470328,132.9019800478386,129.75406275731595,,144.8004456598786,138.56935423711494,132.9019800478386,,148.8613208219068,"rgba(38, 166, 154, 1.0)",12.763410867376106,156.4392812289506,1.1251356732592321,44.24825024046446,-10.754642600958725,False,True,False,True,True,6.707000369264396,0.0,0.0,0.0,0.0,0,1.0128614894632333,0.8443322812103015,False,False,False,False,0.04688981939922051,0.030284758741159816,False,False,False,False,1252485,1251446.4957735199,False,False,False,False,62039.14468335149,False,False,False,False
2024-04-24 00:00:00+00:00,169.582678523,171.0274512991,168.3457155297,169.3550773322,51920,,,,,,,,,,,,,,,167.9771806102612,167.99584193528602,163.86786465673006,159.22327538747317,156.72419725921105,154.5872034287233,151.70534429509814,150.52798934292016,148.4337124683525,144.8747940819284,143.4546805187589,138.64611487180977,137.71979709152146,135.03211825590967,132.98161449680913,129.83428253161742,,144.8747940819284,138.64611487180977,132.98161449680913,,148.97412570202562,"rgba(38, 166, 154, 1.0)",12.509434155191467,156.52686300335588,1.0436775442977086,45.852164260731364,-9.198141827400342,False,True,False,True,True,5.791347447657525,0.0,0.0,0.0,0.0,1,1.0010772459460575,0.8664455697170861,False,False,False,False,0.060152966689883985,0.045218862715521904,False,False,False,False,1200565,1249451.1429980877,False,False,False,False,61642.315480082805,False,False,False,False
2024-04-25 00:00:00+00:00,169.8102797137,169.9686109769,166.3269919247,167.5243721022,59587,,,,,,,,,,,,,,,168.1606619952773,168.00615563440127,163.92528135371117,159.30720569935252,156.81952025296806,154.68128178145724,151.7849306593074,150.60597365618472,148.51148483443944,144.95632451500686,143.5371120205836,138.73105989399107,137.8051780125099,135.11895490629632,133.0702275693345,129.92376459612095,,144.95632451500686,138.73105989399107,133.0702275693345,,149.0590698363089,"rgba(38, 166, 154, 1.0)",12.323086537825771,156.58741262218058,1.0730158431438233,47.119577147980365,-7.928986266299354,False,True,False,False,True,5.939020414952289,0.0,0.0,0.0,0.0,1,1.0253127893902918,0.8674157192671316,False,False,False,False,-0.033249038967396956,0.005984911874062474,False,False,False,False,1260152,1249870.784449143,False,False,False,False,61561.714873020734,False,False,False,False
2024-04-26 00:00:00+00:00,171.0076598912,171.0670341149,169.2264331809,169.2264331809,39545,,,,,,,,,,,,,,,168.4876177111204,168.02946100067064,163.9761826875421,159.37220742271862,156.89104660059317,154.75065422709085,151.84270289067334,150.66227718183669,148.56716868113662,145.0140486121045,143.59526553884942,138.79041126762934,137.86474328278595,135.1792963254731,133.1316398345329,129.9855642527018,,145.0140486121045,138.79041126762934,133.1316398345329,,149.13376796984122,"rgba(38, 166, 154, 1.0)",12.068739639365763,156.6484407210048,1.189786141657939,49.026065828029985,-6.039923580126668,False,True,False,False,True,6.721113589578614,0.0,0.0,0.0,0.0,1,1.029795286425699,0.8925268920567497,False,False,False,False,0.0032264761121569654,0.00460569399310972,False,False,False,False,1299697,1251824.7536864318,False,False,False,False,60698.31428976502,False,False,False,False
2024-04-29 00:00:00+00:00,174.4117820486,174.4216777526,170.6514145491,170.9977641872,55180,,,,,,,,,,,,,,,169.26892448582475,168.0973029855622,164.07534108205743,159.48370777718748,157.0094584527356,154.86310066461735,151.93446234305503,150.75107557190077,148.65403179403208,145.1027565680028,143.6841975982718,138.87996571698653,137.95442773540898,135.26963980344578,133.22323834495268,130.07727791666298,,145.1027565680028,138.87996571698653,133.22323834495268,,149.27055680254404,"rgba(38, 166, 154, 1.0)",11.832870835477081,156.7721065423082,1.4907350677237918,52.89324158980478,-2.3663919217988436,False,True,True,False,True,8.892918169267567,0.0,0.0,0.0,0.0,1,1.0116572103764063,0.8974941683384339,False,False,False,False,0.07402031095356588,0.0393130024733378,False,False,False,False,1354877,1255866.018247748,False,False,False,False,60481.909807813456,False,False,False,False
2024-04-30 00:00:00+00:00,171.0769298188,174.5602176078,170.5029789899,173.7487698842,62648,,,,,,,,,,,,,,,169.71201089950418,168.15569935384602,164.17185664470125,159.5979904757628,157.132687323079,154.98143419282226,152.0322658878955,150.8460725033703,148.74745734113498,145.19881980731157,143.78072489022122,138.9777880100527,138.05249213595073,135.36868801262784,133.3238378971589,130.17825051080342,,145.19881980731157,138.9777880100527,133.3238378971589,,149.39112974289017,"rgba(38, 166, 154, 1.0)",11.570955801997869,156.8785626663065,1.227069517458704,52.418165509828455,-2.3663919217988436,False,True,True,False,True,6.3076182234537015,0.0,0.0,0.0,0.0,0,1.002048321724262,0.8970705651400532,False,False,False,False,0.07387321771767529,0.05659311009550654,False,False,False,False,1292229,1257292.0175321503,False,False,False,False,60566.85452123253,False,False,False,False
2024-05-01 00:00:00+00:00,172.2842057002,173.3529417264,168.0785315232,171.6310892398,82662,,,,,,,,,,,,,,,169.97743816549814,168.21469435519919,164.28297777942862,159.73605377683492,157.28358129897555,155.1278228922994,152.15471582464386,150.9653996250438,148.8653570083776,145.32074487542238,143.90347575229606,139.10284893010106,138.17796927848642,135.49570372886126,133.45302701693353,130.30818213939585,,145.32074487542238,139.10284893010106,133.45302701693353,,149.52312452798736,"rgba(38, 166, 154, 1.0)",11.381121706577309,156.9917802243804,1.3436659294296016,53.019489174578766,-2.190760068695596,False,True,True,False,True,7.080800778522658,0.0,0.0,0.0,0.0,0,1.009666291220143,0.8896079035490708,False,False,False,False,0.02005271318113365,0.03832291163832009,False,False,False,False,1374891,1261903.742334811,False,False,False,False,61433.33081451753,False,False,False,False
2024-05-02 00:00:00+00:00,175.1737512525,175.6685364498,170.681101661,174.0159538908,71484,,,,,,,,,,,,,,,170.48245489063328,168.30628886683152,164.41120813600574,159.8792563009076,157.43534638209795,155.2724163180932,152.27362567289998,151.08057371078354,148.97806622101842,145.4357612651467,144.0187688275769,139.21891483298046,138.29419811340415,135.61276582287553,133.57168491371547,130.42698498824666,,145.4357612651467,139.21891483298046,133.57168491371547,,149.6686447039511,"rgba(0, 255, 255, 0.75)",11.220118238982677,157.12852415656275,1.608292061775404,55.403868006437506,0.19336361908594313,False,False,True,False,True,8.8979286324359,0.0,0.0,0.0,0.0,0,1.0236231344616151,0.8713474691926254,False,False,False,False,0.09132494450802475,0.06482392807317242,False,False,False,False,1446375,1269137.9093020735,False,False,False,False,61827.4747041443,False,False,False,False
2024-05-03 00:00:00+00:00,173.1352362396,174.0159538908,163.0515139186,174.0159538908,110966,,,,,,,,,,,,,,170.06756801633333,170.41247324264035,168.34970057216276,164.5266022010722,160.03733284863344,157.61256154214686,155.4477722246794,152.42380233522567,151.22781718234242,149.12477502155664,145.58900101141788,144.17356695573014,139.37808693890915,138.45413432717856,135.77527590901585,133.73737327568185,130.5942072025559,,145.58900101141788,139.37808693890915,133.73737327568185,,150.99600298866366,"rgba(38, 166, 154, 1.0)",10.938488301020639,158.51032855078026,1.3370136061173223,55.155584024822616,0.19336361908594313,False,False,True,False,True,7.312606309016012,0.0,0.0,0.0,0.0,0,0.9777936539118793,0.8788804590638954,False,False,False,False,-0.11708641338008113,-0.02613124265345436,False,False,False,False,1335409,1271736.775603953,False,False,False,False,63754.475696138645,False,False,False,False
2024-05-06 00:00:00+00:00,167.1681267601,177.1627877456,166.6931329707,174.1742851539,98120,,,,,,,,,,,,,,170.19604819051443,170.40324195687543,168.39218164014727,164.6296361687482,160.17678385014784,157.76852454916562,155.60224067873634,152.55652571588752,151.3579900581748,149.25448383266328,145.72441909259305,144.31035130907242,139.5187137509909,138.5954332987546,135.91883831009753,133.8837270996571,130.74191740681113,,145.72441909259305,139.5187137509909,133.8837270996571,,151.1194739358257,"rgba(38, 166, 154, 0.5)",10.71130859983744,158.6106963957848,0.7989154905354017,50.83920751046036,0.19336361908594313,False,True,False,False,False,2.915047151982705,0.0,0.0,0.0,0.0,1,0.9903692205689403,0.8934839175560771,False,False,False,False,-0.03744326387374401,-0.031787253263599186,False,False,False,False,1237289,1270385.8824430138,False,False,False,False,65102.14331589791,False,False,False,False
2024-05-07 00:00:00+00:00,164.9712804841,168.4446725692,164.7139921815,166.5150102997,98723,,,,,,,,,,,,,,168.86414993204755,169.8996476668659,168.34283242957864,164.65439822223266,160.2555942408055,157.8692945101972,155.71007035629734,152.65629881969963,151.45793438016022,149.35712279858848,145.83565298295065,144.42405410758252,139.63937033925149,138.71726493551543,136.04419858520686,134.01258275575063,130.87342064953933,,145.83565298295065,139.63937033925149,134.01258275575063,,151.09493457130998,"rgba(38, 166, 154, 0.5)",10.522963608542383,158.55849200234218,0.6094089764362589,46.773241817933496,2.278050301079098,False,True,False,True,False,1.3820330926835638,0.0,0.0,0.0,0.0,1,0.9608935100472376,0.9344834710544319,False,False,False,False,-0.2798610913295603,-0.15582417229657974,False,False,False,False,1138566,1265216.475288386,False,False,False,False,66420.60828390192,False,False,False,False
2024-05-08 00:00:00+00:00,171.5321322003,171.7003591674,163.5561948198,163.5561948198,88107,,,,,,,,,,,,,,168.878706723331,169.80899200944086,168.35363144352843,164.72020098515495,160.3583570683028,157.98820965200412,155.83080041875138,152.76303550161015,151.56341438058834,149.46333287131736,145.9479349115924,144.53794392062332,139.75779902850184,138.83647421606966,136.1658802641146,134.13699740606555,130.999522056487,,145.9479349115924,139.75779902850184,134.13699740606555,,151.18301369749904,"rgba(38, 166, 154, 1.0)",10.361105425047425,158.62275328290445,1.2459461020624114,48.505307032234754,2.278050301079098,False,True,False,False,False,5.546445712637976,0.0,0.0,0.0,0.0,1,0.9531669648802922,0.92371752590064,False,False,False,False,-0.2578631101928395,-0.2068436412447096,False,False,False,False,1226673,1263704.9664535474,False,False,False,False,67271.05501786656,False,False,False,False
2024-05-09 00:00:00+00:00,176.1336345352,177.134788066,171.4946260957,171.8217356651,61077,,,,,,,,,,,,,,169.68625987595982,170.12000925581202,168.43636844076957,164.82789317726383,160.4769814731605,158.1134784483799,155.95089902458082,152.86332751150314,151.66076047349915,149.55873900153355,146.04525737687925,144.63551547261355,139.85608126463708,138.934904452325,136.26503342178108,134.23748692378058,131.10017886013395,,146.04525737687925,139.85608126463708,134.23748692378058,,151.33936320321249,"rgba(0, 255, 255, 0.75)",10.23443073457598,158.7706678397959,1.6965249114193621,51.957935042211346,2.278050301079098,False,True,False,False,True,8.248800448095174,0.0,0.0,0.0,0.0,1,0.9883303829675196,0.906258785302682,False,False,False,False,0.034625211248703235,-0.08610921499800318,False,False,False,False,1287750,1264647.908945565,False,False,False,False,67028.15089951885,False,False,False,False
2024-05-10 00:00:00+00:00,176.9266274309,176.9910581037,175.4199409291,176.1336345352,44181,,,,,,,,,,,,,,170.2821538715604,170.38667353332747,168.50870054335454,164.91594409822673,160.57052516878323,158.21106121922023,156.04374444879966,152.94028752194953,151.73525626640614,149.63143057268127,146.11894672112678,144.70923970476738,139.92991027633832,139.0087743312608,136.33925858455558,134.3125824373543,131.17522711334354,,146.11894672112678,139.92991027633832,134.3125824373543,,151.45998331841506,"rgba(0, 255, 255, 0.75)",9.974600359082379,158.8876401378805,1.8084922346381604,54.62289158982235,-1.571374687095826,False,False,True,False,True,8.702417268632647,0.0,0.0,0.0,0.0,0,0.9949638138264139,0.9257356186959133,False,False,False,False,0.11626418181730679,0.015077483409651801,False,False,False,False,1331931,1267286.4615359353,False,False,False,False,66132.18419757693,False,False,False,False
2024-05-13 00:00:00+00:00,173.5167579796,178.2152408863,172.981487775,178.2152408863,53632,,,,,,,,,,,,,,170.72898650987972,170.60660561142427,168.57805481206879,165.00700184034275,160.67173374544063,158.31823555752132,156.14689671542894,153.02695602977968,151.81948481947956,149.71410341767023,146.20339858226745,144.7939524417895,140.01536688662506,139.0943801434829,136.42554527097494,134.40006192577988,131.26290569677496,,146.20339858226745,140.01536688662506,134.40006192577988,,151.57727470627825,"rgba(0, 255, 255, 0.75)",9.648799592768675,158.99943548916252,1.5045729109471317,54.174537861937374,-1.571374687095826,False,False,True,False,True,6.278877488766479,0.0,0.0,0.0,0.0,1,0.9720189120949175,0.9350551474160481,False,False,False,False,0.08993333429166198,0.05250540885065689,False,False,False,False,1278299,1267718.325789428,False,False,False,False,65641.98089571117,False,False,False,False
2024-05-14 00:00:00+00:00,175.9254739001,176.4409192823,173.7249186147,175.4992402187,35783,,,,,,,,,,,,,,171.00980189767424,170.75625636295143,168.6267960242264,165.0696138866255,160.7406218867425,158.39093853342465,156.21676393106367,153.08560736570107,151.87645318224762,149.76996235082254,146.2603666192052,144.85106655690223,140.07289872246494,139.15199879623364,136.4835854665722,134.4588778233209,131.32182269169314,,146.2603666192052,140.07289872246494,134.4588778233209,,151.6554960057572,"rgba(0, 255, 255, 0.75)",9.322250533518522,159.07468177659374,1.807588421156305,55.115709052758035,-1.0360755890293376,False,False,True,False,True,7.683803575675153,0.0,0.0,0.0,0.0,1,0.9651486755300555,0.9528468048572605,False,False,False,False,0.06767761762181296,0.06009151323623492,False,False,False,False,1314082,1269536.5090918036,False,False,False,False,64471.04046842838,False,False,False,False
2024-05-15 00:00:00+00:00,178.3242774095,179.2263068283,175.4496781627,177.0257515428,74367,,,,,,,,,,,,,,171.75429862666329,171.18032841434908,168.7597604064442,165.22592379168262,160.90396925557812,158.5603040796868,156.37762542487823,153.2190205615284,152.0054947698904,149.89565431005403,146.38736552045836,144.97799313470668,140.19963246804815,139.27874121426828,136.61076953080106,134.5874265825884,131.45014291078417,,146.38736552045836,140.19963246804815,134.5874265825884,,151.84555594131822,"rgba(0, 255, 255, 0.75)",9.110894086817076,160.82736459188976,1.9204386145732115,56.8931475226512,0.814939710778809,False,False,True,False,True,9.053851270428048,0.0,0.0,0.0,0.0,1,0.9784830204809393,0.9355928976107075,False,True,False,False,0.1658409705923022,0.11296624191426857,False,True,False,False,1388449,1274199.74402938,False,False,False,False,64859.11731280373,False,True,False,False
2024-05-16 00:00:00+00:00,172.0001590667,178.1260291856,171.4746030251,178.1260291856,72501,,,,,,,,,,,,,,171.96199604911533,171.33198545939445,168.83195914904678,165.3292047986105,161.0247938738408,158.69030643276713,156.5045651700573,153.32769929395837,152.11161602704996,150.0004889094878,146.49527182702437,145.0865186359965,140.30991898328156,139.38935145603628,136.7226023264829,134.70102619782836,131.56433174266365,,146.49527182702437,140.30991898328156,134.70102619782836,,151.96374331368483,"rgba(38, 166, 154, 1.0)",8.876737085634453,160.83862488542664,1.2573915475469568,54.27496581150423,0.814939710778809,False,False,True,False,True,4.690674037045312,0.0,0.0,0.0,0.0,1,0.9510712848713625,0.9497317800369863,False,False,False,False,0.05550524299946408,0.08423574245686632,False,False,False,False,1315948,1275836.9305380317,False,False,False,False,65158.79898681144,False,False,False,False
2024-05-17 00:00:00+00:00,173.3779842228,173.43745869,170.3150491634,172.9616629526,74153,,,,,,,,,,,,,,171.99989754525112,171.38901748686163,168.88248342633213,165.41431992216644,161.13199248329235,158.80817372989628,156.62152497474275,153.42969847471306,152.2117332423477,150.10013242405927,146.59880306082334,145.1909733386937,140.41699775514613,139.49689471864616,136.83173016601705,134.8121418888706,131.67639664745474,,146.59880306082334,140.41699775514613,134.8121418888706,,152.0595830167832,"rgba(38, 166, 154, 1.0)",8.48114181487407,160.86132199368518,1.4758227727265831,53.26465927507343,0.814939710778809,False,False,True,False,False,5.4928009190656795,0.0,0.0,0.0,0.0,1,0.9302360705319576,0.983594574854536,False,False,False,False,-0.07013464468221918,0.0070505488873235725,False,False,False,False,1390101,1280317.8744385012,False,False,False,False,65511.51275203452,False,False,False,False
2024-05-20 00:00:00+00:00,172.7336774951,175.2514299388,172.7138526727,173.7050937923,26308,,,,,,,,,,,,,,172.0490783038389,171.4303807559268,168.90604856129738,165.44909998147997,161.17351122831155,158.8531275060128,156.66570838607475,153.46787909531648,152.24909672026655,150.1371472756456,146.6370208110901,145.22945292872063,140.45622301289566,139.5362547981392,136.87157641830944,134.8526494703552,131.71716491354408,,146.6370208110901,140.45622301289566,134.8526494703552,,152.0989070686603,"rgba(38, 166, 154, 1.0)",8.163508614055068,160.89001232295948,1.4508057420003648,52.21915301040936,0.814939710778809,False,False,False,False,False,5.0569862395323,0.0,0.0,0.0,0.0,1,0.9700856783743067,0.9690937948873583,False,False,False,False,0.02036563014622272,0.013708089516773147,False,False,False,False,1363793,1283591.4087742462,False,False,False,False,63974.12009509199,False,False,False,False
2024-05-21 00:00:00+00:00,171.108042059,172.6642906168,170.1564505843,171.8812101323,49566,,,,,,,,,,,,,,172.00777811343013,171.4262069028676,168.9286179263866,165.4958325252813,161.23687843191408,158.92420629616683,156.737297497928,153.53138883585433,152.31172307078862,150.19988255248043,146.70272251085973,145.2959170166388,140.5248543850632,139.60526380645285,136.9418124278485,134.92430334438623,131.7896294078146,,146.70272251085973,140.5248543850632,134.92430334438623,,152.15201853248013,"rgba(38, 166, 154, 1.0)",7.756661148552378,160.90439937457114,1.3154684069618243,50.56982975493079,6.300048771977401,False,True,False,False,False,3.9563687818397284,0.0,0.0,0.0,0.0,1,0.9675117268329483,0.9441813065610469,False,False,False,False,-0.09025467355257813,-0.03827329201790249,False,False,False,False,1314227,1284792.8045085894,False,False,False,False,63409.0957776374,False,False,False,False
2024-05-22 00:00:00+00:00,167.152989992,170.344786397,166.9596979737,170.344786397,61824,,,,,,,,,,,,,,171.75670128439447,171.29093520955257,168.91963297674906,165.52199603136248,161.29038719548075,158.98942306889478,156.8064817123856,153.59601868066355,152.3763771809868,150.2659883321744,146.77373224320988,145.36834112736747,140.6012966804925,139.68239057849206,137.0210068765358,135.0055631763399,131.87245300331958,,146.77373224320988,140.6012966804925,135.0055631763399,,152.1846309034354,"rgba(38, 166, 154, 0.5)",7.315778424890387,160.86730481260395,0.8591956746544329,47.38498177122223,3.1370248196152417,False,True,False,True,False,1.350503048799478,0.0,0.0,0.0,0.0,1,0.9543830870655037,0.947953813547566,False,False,False,False,-0.21145479664853759,-0.12486404433322004,False,False,False,False,1252403,1283522.616096488,False,False,False,False,63346.93515890652,False,False,False,False
2024-05-23 00:00:00+00:00,166.290610218,167.2719389263,164.6055003147,167.2719389263,63027,,,,,,,,,,,,,,171.40178215113582,171.0793302512344,168.88623100986072,165.52730425283977,161.32768401287086,159.03997063533765,156.86328036693916,153.65191559230382,152.43306121646475,150.32504066529617,146.83858971681397,145.43495314994493,140.6728952814693,139.75483184966018,137.0959205431868,135.08278238556557,131.95164396564087,,146.83858971681397,140.6728952814693,135.08278238556557,,152.1980715909744,"rgba(38, 166, 154, 0.5)",6.892939813636656,160.80607969168128,0.7956736421038245,44.841133935123366,0.6605409069486967,False,True,False,True,False,0.7939333036533576,0.0,0.0,0.0,0.0,1,0.9345447977922561,0.993216337829961,False,False,False,False,-0.3369957956406283,-0.2309299199869242,False,False,False,False,1189376,1279830.5919358414,False,False,False,False,63334.38868208666,False,False,False,False
2024-05-24 00:00:00+00:00,167.7279098413,167.8072091309,166.2608729844,167.152989992,41213,,,,,,,,,,,,,,171.23997122688212,170.98111608862652,168.8739616693898,165.5385280916155,161.3579152986353,159.07826422284435,156.90488142141615,153.6917329479447,152.47314107428534,150.36636651901824,146.88341820285817,145.48081972752556,140.72171596697225,139.8041541080749,137.14673431129197,135.13503160009614,132.00505752899164,,146.88341820285817,140.72171596697225,135.13503160009614,,152.21663588273344,"rgba(38, 166, 154, 1.0)",6.482394173806993,160.7900212015974,1.0702663944343436,44.21745547834831,-0.026034036373360436,False,True,False,True,False,1.7026296041321807,0.0,0.0,0.0,0.0,0,0.913295021494473,0.9917746816091434,False,False,False,False,-0.28528971875504494,-0.25810981937098454,False,False,False,False,1230589,1277899.549114828,False,False,False,False,62466.88324357346,False,False,False,False
2024-05-28 00:00:00+00:00,163.7332081295,168.5010779146,162.9451714394,168.5010779146,41430,,,,,,,,,,,,,,171.00613666574702,170.83170195435648,168.84515783230643,165.53544044890677,161.37676614892456,159.10612788234997,156.93753601024204,153.72506010936667,152.5072393377593,150.40231179472434,146.92342985871764,145.52208549997624,140.7665504760214,139.84959030590895,137.19391545007127,135.18379150991134,132.055241309927,,146.92342985871764,140.7665504760214,135.18379150991134,,152.22165191736576,#000000,6.201082701751594,160.75248635682175,0.4806776358322577,41.79173588911965,-2.4531915111927844,False,True,False,True,False,0.0,0.0,0.0,0.0,0.0,0,0.8980622391445877,0.9944733897975022,False,False,False,False,-0.34282825441539394,-0.30046903689318927,False,False,False,False,1189159,1274419.5275809134,False,False,False,False,61641.90743009999,False,False,False,False
2024-05-29 00:00:00+00:00,161.9687989367,163.7728577743,161.4533535545,161.7705507128,40249,,,,,,,,,,,,,,170.70095070857639,170.62991271890047,168.79820469629897,165.51590552545517,161.38179502785334,159.12095957255454,156.95869689775623,153.7496920813822,152.53320290017027,150.4307540846502,146.95645305220287,145.55657026635333,140.8051944426741,139.88893148341688,137.23523588679993,135.2268031625939,132.09992914487697,,146.95645305220287,140.8051944426741,135.2268031625939,,152.21112892073623,#000000,5.965433471695614,160.69219484738508,0.21400022234294866,39.388666813512884,-4.816866489928344,False,True,False,True,False,0.0,0.0,0.0,0.0,0.0,0,0.8896801655234307,1.0212900677814674,False,False,False,False,-0.34282825441539394,-0.32164864565429163,False,False,False,False,1148910,1269497.5853228383,False,False,False,False,60802.96988382157,False,False,False,False
2024-05-30 00:00:00+00:00,164.2684783341,164.2783907453,161.8151565631,163.4160109712,45066,,,,,,,,,,,,,,170.42424763956635,170.44267836866203,168.75497640437783,165.5016288794669,161.39315413046478,159.14270688498993,156.98675712675941,153.78045276914176,152.56520613194024,150.46523582946526,146.99577799357616,145.5974251135595,140.85040718738168,139.934876684446,137.28327533171668,135.276666230356,132.15154722370278,,146.99577799357616,140.85040718738168,135.276666230356,,152.2086482311514,"rgba(38, 166, 154, 0.5)",5.865104776494221,160.64436776187762,0.6179106274020626,39.61474938496997,-4.816866489928344,False,True,False,True,False,0.0,0.0,0.0,0.0,0.0,0,0.8940950296569325,1.0134171125648963,False,False,False,False,-0.32564248286513203,-0.3236455642597118,False,False,False,False,1193976,1266535.9545258645,False,False,False,False,60185.83380994621,False,False,False,False
2024-05-31 00:00:00+00:00,166.7366687218,166.8457052449,164.2387411005,165.0218215849,76272,,,,,,,,,,,,,,170.15208170585302,170.2522668517761,168.71696498569156,165.50671077382586,161.43495264354806,159.19996201583825,157.05174643826416,153.84533925439627,152.63121553439186,150.53427229121917,147.0718984473219,145.67571543580715,140.93488968751643,140.02040734256985,137.3718662627021,135.3680681666297,132.24543057988353,,147.0718984473219,140.93488968751643,135.3680681666297,,152.23610520101386,"rgba(38, 166, 154, 1.0)",5.514785141200718,160.62208227346667,1.1087624071972462,41.56473437058157,-4.816866489928344,False,True,False,True,False,1.0925211576129925,0.0,0.0,0.0,0.0,0,0.9086136410585878,1.002523324702146,False,False,False,False,-0.22995280926867961,-0.2767991867641957,False,False,False,False,1270248,1266681.524936615,False,False,False,False,60816.66385661499,False,False,False,False
2024-06-03 00:00:00+00:00,164.3477776236,167.8964208317,162.2314778334,167.8964208317,39051,,,,,,,,,,,,,,169.9915255962918,170.13724383995546,168.69024016212816,165.5026931317735,161.45083363568432,159.22411638606488,157.08052804396323,153.8752552549225,152.66194989657177,150.56683956782862,147.10834616375942,145.71337402164258,140.976005409046,140.06210667039394,137.41525057760313,135.41295576041628,132.29171272782563,,147.10834616375942,140.976005409046,135.41295576041628,,152.24476334387478,"rgba(38, 166, 154, 0.5)",5.4113620489898375,160.6031380274601,0.691995760446103,41.53871357598014,-4.816866489928344,False,True,False,True,False,0.0,0.0,0.0,0.0,0.0,0,0.8891398726760743,1.0184130379786138,False,False,False,False,-0.2479255305766787,-0.2623623586704372,False,False,False,False,1231197,1265289.9749391007,False,False,False,False,59963.10841125754,False,False,False,False
2024-06-04 00:00:00+00:00,160.7991344156,163.7587821504,159.7880684736,162.137309927,44490,,,,,,,,,,,,,,169.70791219881298,169.93239253855194,168.63402543804318,165.4756457718196,161.4508221061257,159.23494580067492,157.09887642089643,153.89869113127077,152.68710864323978,150.5950185972043,147.1418091671843,145.74854944595518,141.01606803452043,140.1029887617711,137.45844241855917,135.45807707940642,132.33882512191568,,147.1418091671843,141.01606803452043,135.45807707940642,,152.2341293338795,#000000,5.484545690476714,160.5492790979153,0.04555624691367793,39.7915334571295,-4.956444702936267,False,True,False,True,False,0.0,0.0,0.0,0.0,0.0,0,0.8692900564817051,1.0369544132844633,False,False,False,False,-0.34282825441539394,-0.30259530654291555,False,False,False,False,1186707,1262208.2896473713,False,False,False,False,59356.31984611019,False,False,False,False
2024-06-05 00:00:00+00:00,163.2177627473,163.2673248033,160.5612365469,161.8894996471,17766,,,,,,,,,,,,,,169.6116273966971,169.86165926090277,168.61460216007862,165.46733733178257,161.45272153363945,159.24098726599254,157.10766769892567,153.90912011184878,152.69814296430235,150.6071602965233,147.15596617681416,145.76335478583707,141.03272512657352,140.11995696621887,137.47629219109237,135.47667401124102,132.35817621411752,,147.15596617681416,141.03272512657352,135.47667401124102,,152.23259832309338,#000000,5.446316014496253,160.53267488527405,0.49300992723873194,40.44738323746365,-4.956444702936267,False,True,False,True,False,0.0,0.0,0.0,0.0,0.0,0,0.8875044342949051,1.0390135919900232,False,False,False,False,-0.33726011944254225,-0.31992771299272893,False,False,False,False,1204473,1259944.160641592,False,False,False,False,57725.32691096862,False,False,False,False
2024-06-06 00:00:00+00:00,160.6405358365,162.0480982262,159.1140245123,162.038185815,34568,,,,,,,,,,,,,,169.38793136528784,169.69658923776737,168.56670443291108,165.44230698069066,161.44922992333562,159.2461017560179,157.1190125481556,153.92515125656536,152.71566530228776,150.62720699184229,147.1802762248168,145.7890586042435,141.06240954330352,140.15030833726289,137.508514386615,135.51043633060704,132.3935667085016,,147.1802762248168,141.06240954330352,135.51043633060704,,152.22179234883598,#000000,5.39922705184049,160.48838523691387,0.028180070614784895,39.613451126571455,-5.533283223332923,False,True,False,True,False,0.0,0.0,0.0,0.0,0.0,0,0.8762369077973203,1.0252597502343237,False,False,False,False,-0.34282825441539394,-0.33137798370406146,False,False,False,False,1169905,1256413.2131654513,False,False,False,False,56817.19644387181,False,False,False,False
2024-06-07 00:00:00+00:00,159.857455352,161.5970835168,158.3805060838,158.5985791302,37975,,,,,,,,,,,,,,169.13723855965324,169.50930668838757,168.51046323207902,165.41141968509157,161.44248693609802,159.2489775108377,157.12905922272807,153.94095254543518,152.7332316058845,150.64769485526926,147.20558092859812,145.8159475033572,141.09382481422193,140.18248157761994,137.5428065886862,135.54645499007967,132.43144154722677,,147.20558092859812,141.09382481422193,135.54645499007967,,152.20760992889728,#000000,5.389955406373169,160.43710395386174,-0.1075423743165598,38.68286743050836,-6.663728134812217,False,True,False,True,False,0.0,0.0,0.0,0.0,0.0,0,0.8695677195715726,1.0416350796492393,False,False,False,False,-0.34282825441539394,-0.3371031190597277,False,False,False,False,1131930,1251531.518531512,False,False,False,False,56078.286779406255,False,False,False,False
2024-06-10 00:00:00+00:00,163.0096021122,163.5448723168,158.0930461592,158.0930461592,84387,,,,,,,,,,,,,,168.71452057822202,169.1834920292703,168.41099613104302,165.36379194825076,161.44353920147026,159.2698185004318,157.16370446638408,153.9850730940927,152.78057822190857,150.70070137097252,147.2684904055898,145.88207773895664,141.16917093389682,140.25937603369837,137.62406567269005,135.63135327750072,132.52011977476877,,147.2684904055898,141.16917093389682,135.63135327750072,,152.19828643406748,"rgba(38, 166, 154, 0.5)",5.288871391125598,160.36164218072273,0.5006663493312397,40.504121327638,-6.663728134812217,False,True,False,True,False,0.0,0.0,0.0,0.0,0.0,0,0.8660226848566109,1.0346759158836496,False,False,False,False,-0.3077829225747767,-0.3224430208172522,False,False,False,False,1216317,1250150.5570204724,False,False,False,False,57188.43239590013,False,False,False,False
2024-06-11 00:00:00+00:00,163.5250474944,163.7332081295,160.1498714823,161.1460688074,74613,,,,,,,,,,,,,,168.42135045295922,168.94899427729322,168.3368683059587,165.33257357185892,161.4524079343462,159.29524678165745,157.20022103997331,154.02835354540179,152.82636833087767,150.75108010518105,147.32721027405717,145.94349435344756,141.23831654485824,140.32982352417412,137.69820199218785,135.7086066981471,132.60054949725082,,147.32721027405717,141.23831654485824,135.7086066981471,,152.20233336644884,"rgba(38, 166, 154, 0.5)",5.3229079537807875,160.31667275789044,0.6027484909316729,42.09862760427125,-6.663728134812217,False,True,False,True,True,0.0,0.0,0.0,0.0,0.0,0,0.9146545145305265,1.0344587306739192,False,False,False,False,-0.2615165551061108,-0.2919797879616815,False,False,False,False,1290930,1251749.7508628068,False,False,False,False,57871.74877253149,False,False,False,False
2024-06-12 00:00:00+00:00,165.7256027798,168.6795013161,165.2894566872,168.6002020265,45874,,,,,,,,,,,,,,168.36927101202184,168.8988747779982,168.32337938517827,165.3406914100942,161.479438921509,159.33059546451915,157.239681183702,154.06754975464844,152.8661728746399,150.79259135447325,147.37279191239716,145.99033167885398,141.28876441399626,140.38088631325994,137.75106344540146,135.76311899602277,132.65653671348176,,147.37279191239716,141.28876441399626,135.76311899602277,,152.23010233012926,"rgba(38, 166, 154, 0.5)",5.304214095662148,161.1965960942796,0.8538506560706635,44.75810512356586,-9.751429628626234,False,True,False,True,True,0.6765155141057662,0.0,0.0,0.0,0.0,0,0.9475406035020042,0.971748309021789,False,False,False,False,-0.06395650962906659,-0.17796814879537404,False,False,False,False,1336804,1255085.2116132851,False,False,False,False,57401.24882066751,False,False,False,False
2024-06-13 00:00:00+00:00,164.2189162781,164.5262010251,161.126243985,164.5262010251,44005,,,,,,,,,,,,,,168.23618332573525,168.7880134157985,168.2868950793949,165.3278167782752,161.48857781266963,159.34898015623585,157.26404034090476,154.09512823200055,152.89506436698736,150.82398265003926,147.40888855253914,146.02794261871517,141.3307238290162,140.42358014879449,137.79584780893046,135.80969000018976,132.70490023471774,,147.40888855253914,141.3307238290162,135.80969000018976,,152.23860325593787,"rgba(38, 166, 154, 0.5)",5.326548213307768,161.0987280365358,0.5857805311456283,45.49863829605576,-8.979509602581707,False,True,False,True,True,0.0,0.0,0.0,0.0,0.0,0,0.9150230349157117,0.989030781009042,False,False,False,False,-0.22582010768584057,-0.20189412824060732,False,False,False,False,1292799,1256564.1837068817,False,False,False,False,56875.905729660946,False,False,False,False
2024-06-14 00:00:00+00:00,161.5921273112,161.9093244695,158.2912943831,161.8894996471,49351,,,,,,,,,,,,,,168.01810927852964,168.61038277742466,168.22488666905474,165.294737238805,161.48356374518738,159.35544769756905,157.2790232064892,154.11686124003438,152.91893163435583,150.85143631530494,147.44234502241662,146.0633790657355,141.37184356891763,140.46565548093315,137.84060104661418,135.85663201671662,132.75419846438422,,147.44234502241662,141.37184356891763,135.85663201671662,,152.23223732167486,#000000,5.413494294719558,160.97809332021527,0.11342655178997142,44.331766255676534,-8.979509602581707,False,True,False,True,True,0.0,0.0,0.0,0.0,0.0,1,0.8938432512355045,0.9988507394551233,False,False,False,False,-0.3380749958103439,-0.2699845620254756,False,False,False,False,1243448,1256049.823561514,False,False,False,False,56580.81138732131,False,False,False,False
2024-06-17 00:00:00+00:00,161.7209886568,163.554784728,159.2379296523,161.5723024888,50375,,,,,,,,,,,,,,167.83367084721655,168.45648414923568,168.17001960029032,165.26787356627773,161.48368370802274,159.36675098543174,157.2983207865794,154.14197965125123,152.9460017490877,150.8818941297713,147.47866355618655,146.10161963246165,141.41560746899384,140.51035000254768,137.88791552049616,135.9061148962376,132.80597354399114,,147.47866355618655,141.41560746899384,135.9061148962376,,152.23252492906346,#000000,5.516241101180058,160.91946275156727,0.14530291380143925,43.66385328202345,-8.979509602581707,False,True,False,True,True,0.0,0.0,0.0,0.0,0.0,1,0.8978722584724093,0.9845930634994261,False,False,False,False,-0.2838378495535586,-0.2769112057895171,False,False,False,False,1293823,1257531.1245983173,False,False,False,False,56337.44623487734,False,False,False,False
2024-06-18 00:00:00+00:00,161.5623900776,162.2909523005,160.0854408095,160.6504482476,46560,,,,,,,,,,,,,,167.66736435855276,168.3162914363382,168.11866316797332,165.24213351352702,161.48278703657397,159.37616594038823,157.3151953213607,154.16444402830993,152.97031358143806,150.90938576610094,147.51160880874082,146.13635845651896,141.45550392259037,140.5511156346363,137.93112533176472,135.95133972221956,132.85334359051177,,147.51160880874082,141.45550392259037,135.95133972221956,,152.2325376245615,#000000,5.608027794399091,160.8731812401495,0.12289682981579403,43.11072761536168,-8.979509602581707,False,True,False,True,False,0.0,0.0,0.0,0.0,0.0,1,0.8962720423348703,0.9980847927145384,False,False,False,False,-0.29243259480351386,-0.28467190029651546,False,False,False,False,1247263,1257128.453045442,False,False,False,False,55954.016970764504,False,False,False,False
2024-06-20 00:00:00+00:00,159.9466670528,162.1670471606,159.1189807179,160.3530759118,32990,,,,,,,,,,,,,,167.53856059279337,168.20787219000326,168.07797631462404,165.21995674362867,161.47881362473987,159.37970059719748,157.32438765759215,154.1782783475226,152.9856010281141,150.92709603196985,147.5333378077209,146.15941944014375,141.48239605850935,140.5786527384964,137.96046779445115,135.9821501177056,132.8857515718645,,147.5333378077209,141.48239605850935,135.9821501177056,,152.2294363915928,#000000,5.715918136660268,160.8338417965098,-0.15521124034644948,41.637248024951106,-8.979509602581707,False,True,False,True,False,0.0,0.0,0.0,0.0,0.0,1,0.8895753768661179,1.0027098871215447,False,False,False,False,-0.3151468691803639,-0.29990938473843964,False,False,False,False,1214273,1255447.84704366,False,False,False,False,55053.467285636485,False,False,False,False
2024-06-21 00:00:00+00:00,159.9367546416,160.719835126,158.895951466,160.0953532207,143227,,,,,,,,,,,,,,166.9885107407842,167.73823886574544,167.89365484892204,165.11504718053345,161.45302856354368,159.38658591752713,157.35654339859397,154.23230282958278,153.0462983870643,150.9987304998921,147.62276607507602,146.2547806097068,141.594841231977,140.69397441916504,138.08381983568432,136.1119730319218,133.0227274570818,,147.62276607507602,141.594841231977,136.1119730319218,,152.2114014054589,#000000,5.827497882892422,160.6743943734943,-0.12657915055786692,40.648064948617105,-5.358680428831718,False,True,False,True,False,0.0,0.0,0.0,0.0,0.0,1,0.9214126696950805,1.0062067861487405,False,False,False,False,-0.34282825441539394,-0.32136881957691676,False,False,False,False,1071046,1248216.4020615558,False,False,False,False,58511.2528822782,False,False,False,False
2024-06-24 00:00:00+00:00,160.2043897438,162.76149446,157.8055862345,160.6801854812,60555,,,,,,,,,,,,,,166.7908640068071,167.56461920594367,167.82199884706205,165.07524447312528,161.4450736795266,159.39193183634524,157.37206835684816,154.25646507413455,153.07315216574557,151.03004643773144,147.6614294963803,146.29589299552174,141.6430178543874,140.74334259448366,138.136520462843,136.16736932764167,133.0810926365764,,147.6614294963803,141.6430178543874,136.16736932764167,,152.2088311441826,#000000,5.88006419746748,160.62611111026007,-0.07172053778625581,40.306703263659564,-5.849384492404845,False,True,False,True,False,0.0,0.0,0.0,0.0,0.0,1,0.90325989415256,1.010048565909486,False,False,False,False,-0.32286161462070134,-0.3221152170988091,False,False,False,False,1131601,1243643.249039534,False,False,False,False,58591.39982807121,False,False,False,False
2024-06-25 00:00:00+00:00,159.9863166975,160.5810613693,157.5676883658,159.500608549,56314,,,,,,,,,,,,,,166.59384002788948,167.391672156633,167.74895539650294,165.03216479695772,161.43236739511593,159.3918547469129,157.38200509226107,154.27549647190625,153.09491334489016,151.05622399924187,147.69467951169707,146.33151698819333,141.68549304033598,140.7869726367635,138.18336773031058,136.216787256387,133.13339818788032,,147.69467951169707,141.68549304033598,136.216787256387,,152.20186522234582,#000000,5.918588074510131,160.5720817133909,-0.09897039775645851,39.8974623292714,-6.4350073408530335,False,True,False,True,False,0.0,0.0,0.0,0.0,0.0,1,0.9067001361482714,1.0127423423004787,False,False,False,False,-0.34282825441539394,-0.33247173575710154,False,False,False,False,1075287,1237041.0431948465,False,False,False,False,58502.09003089195,False,False,False,False
2024-06-26 00:00:00+00:00,158.1921702711,160.0358787535,157.5577759546,158.8662142324,51751,,,,,,,,,,,,,,166.40312380187527,167.22414556617946,167.67675981311393,164.98774203672676,161.41642820137747,159.38771967691247,157.38750225044888,154.29019669174906,153.11230342939615,151.07788607450217,147.72303255369366,146.3621291231232,141.72262786877346,140.82520643197395,138.22465335733497,136.2604866245665,133.1798536645018,,147.72303255369366,141.72262786877346,136.2604866245665,,152.19187042154408,#000000,6.064396965515937,160.5160369047722,-0.3831983042809418,38.18265843628407,-8.231274192240747,False,True,False,True,False,0.0,0.0,0.0,0.0,0.0,1,0.9056934389291813,1.021074558369901,False,False,False,False,-0.34282825441539394,-0.3376499950862477,False,False,False,False,1023536,1228668.2964028919,False,False,False,False,58237.34140222952,False,False,False,False
2024-06-27 00:00:00+00:00,158.8761266436,159.7682436512,158.0484403088,158.8265645877,39290,,,,,,,,,,,,,,166.26967086385955,167.10546699050323,167.62450357176,164.95599886216826,161.40573012721546,159.38579566543135,157.3926790197369,154.30206972262994,153.12615689448236,151.09490732098473,147.74505607710495,146.38584023115007,141.75121557712512,140.85461653918392,138.25635010095286,136.29399747389814,133.21542839294534,,147.74505607710495,141.75121557712512,136.29399747389814,,152.1862049077137,#000000,6.187181595500824,160.47879631682724,-0.2590306504649329,38.00424545972707,-8.55100390218147,False,True,False,True,False,0.0,0.0,0.0,0.0,0.0,1,0.9137794847063588,1.012319249158964,False,False,False,False,-0.33838012712764676,-0.33801506110694723,False,False,False,False,1062826,1222164.6769361116,False,False,False,False,57494.308406063654,False,False,False,False
2024-06-28 00:00:00+00:00,159.7385064177,161.7903755351,157.6073380106,160.5414117245,103865,,,,,,,,,,,,,,165.97527550085582,166.83700932378176,167.5019285519184,164.8847260803933,161.38692521665166,159.38914685877128,157.41350936756044,154.33867479609503,153.16758503242937,151.14420881562097,147.80708185603,146.4521441921541,141.8299003508875,140.9353933768933,138.34296364586814,136.3852839590961,133.3119671040839,,147.80708185603,141.8299003508875,136.3852839590961,,152.18257200171124,#000000,6.286279392984319,160.4069290632897,-0.10633040687559876,39.0899487448454,-8.55100390218147,False,True,False,True,False,0.0,0.0,0.0,0.0,0.0,1,0.9220386534305886,1.0021717290117595,False,False,False,False,-0.30720356031060364,-0.3226093107087754,False,False,False,False,1166691,1219989.2386248917,False,False,False,False,59312.76689994351,False,False,False,False
2024-07-01 00:00:00+00:00,155.347308258,160.2936014446,155.0102862773,160.2936014446,51817,,,,,,,,,,,,,,165.7761131178689,166.65991511962955,167.42049519508498,164.83083966060767,161.36211843256737,159.37637438066494,157.41114629596976,154.34723690592347,153.17921060482348,151.16054447398267,147.8304914246568,146.47797326758283,141.86272994947234,140.96940247479642,138.38022852025054,136.4250704407023,133.3547349194126,,147.8304914246568,141.86272994947234,136.4250704407023,,152.16615442258805,"rgba(239, 83, 80, 0.5)",6.428676808049059,160.34216755190107,-0.7769653760859827,36.4429954244335,-10.159610119115925,False,True,False,True,False,0.0,0.0,0.0,0.0,0.0,1,0.9113649341621358,1.0006507132572169,False,False,False,False,-0.34282825441539394,-0.33271878256208465,False,False,False,False,1114874,1215867.0724043078,False,False,False,False,59018.81525680847,False,False,False,False
2024-07-02 00:00:00+00:00,154.6732642967,156.333593172,153.9992203354,155.1094103893,46954,,,,,,,,,,,,,,165.56640558888213,166.4749404204537,167.33478898429004,164.77121932481995,161.3305283207703,159.35625995604315,157.40144811081822,154.34922695160924,153.1843633073706,151.1704263925563,147.84721258663527,146.4970556052174,141.88864389621713,140.99646575775773,138.4104461227908,136.45768610748217,133.39026657295835,,147.84721258663527,141.88864389621713,136.45768610748217,,152.14278729451016,"rgba(239, 83, 80, 0.5)",6.575338207590413,160.26784827019532,-0.8508435303049584,34.26577124651282,-12.21088720966032,False,True,False,True,False,0.0,0.0,0.0,0.0,0.0,1,0.9072954770867881,1.0193441795854519,False,False,False,False,-0.34282825441539394,-0.33777351848873927,False,False,False,False,1067920,1210065.2264276682,False,False,False,False,58545.68524673755,False,False,False,False
2024-07-03 00:00:00+00:00,155.9916149857,156.4475859007,153.2557894957,155.6645054162,23713,,,,,,,,,,,,,,165.46580538097,166.38556193324766,167.29275073765115,164.74208486436666,161.31526803682237,159.346703821749,157.39704580235676,154.3505793135675,153.18728186496736,151.1756956683823,147.85589769783027,146.50691958205658,141.9019208100428,141.01031723911083,138.42587572747072,136.4743178214615,133.40835689600814,,147.85589769783027,141.9019208100428,136.4743178214615,,152.13190489400364,"rgba(239, 83, 80, 0.5)",6.640177631622381,160.2327561841028,-0.6387089975131541,34.65433291429665,-12.21088720966032,False,True,False,True,False,0.0,0.0,0.0,0.0,0.0,1,0.8974262102427497,1.0270346759904143,False,False,False,False,-0.34282825441539394,-0.3403008864520666,False,False,False,False,1091633,1205420.825391289,False,False,False,False,57179.69759000274,False,False,False,False
2024-07-05 00:00:00+00:00,153.6423735323,155.5752937155,153.0971909166,155.1292352117,30952,,,,,,,,,,,,,154.10495272146667,165.32326789770406,166.25944335408772,167.2332315406201,164.69984935235524,161.291795826733,159.3308997862092,157.3883504028647,154.35008894887622,153.18898625325107,151.18064808781608,147.86547641902257,146.5181029427529,141.91774965686932,141.02692752485945,138.44462569066494,136.49468116024102,133.43070793834414,,147.86547641902257,141.91774965686932,136.49468116024102,,152.22498808359657,"rgba(239, 83, 80, 0.5)",6.788467784938176,160.3272302571317,-0.9847371949917223,33.33390889451228,-13.09396349901052,False,True,False,True,False,0.0,0.0,0.0,0.0,0.0,0,0.8909951608436016,1.0442422045655313,True,False,False,False,-0.34282825441539394,-0.34156457043373023,False,False,False,False,1060681,1199744.753807317,False,False,False,False,56151.16042961048,False,False,False,False
2024-07-08 00:00:00+00:00,156.2691624992,157.0522429836,154.4155416056,155.1787972677,83305,,,,,,,,,,,,,155.42270456690815,165.01586273874835,165.98113885760674,167.09736731389705,164.60693429552614,161.24507248937974,159.30338220465694,157.37793154917057,154.35843811230532,153.20253186426018,151.20208117929167,147.8985371819174,146.55517074676,141.96643629497456,141.07757362879985,138.500666215567,136.55485555906517,133.49586299147407,,147.8985371819174,141.96643629497456,136.55485555906517,,152.27014154390608,"rgba(239, 83, 80, 0.5)",6.8463988514548095,160.28936790567477,-0.5872000001315282,35.71689763177095,-13.09396349901052,False,True,False,True,True,0.0,0.0,0.0,0.0,0.0,0,0.887303241357203,1.0318052430135165,False,False,False,False,-0.29845334475627716,-0.3200089575950037,False,False,False,False,1143986,1197558.1360109516,False,False,False,False,57216.01688335125,False,False,False,False
2024-07-09 00:00:00+00:00,160.3729007342,160.6207110141,155.8726660514,156.4178486671,74340,,,,,,,,,,,,,156.81521084416926,164.84420847735763,165.81645865429988,167.0110939744738,164.55410724894725,161.2274624493437,159.3009006051383,157.38780606063887,154.3802582455022,153.22795404911616,151.23329588095632,147.93892799441022,146.59868104249523,142.01901660957463,141.13169092401043,138.55906058714493,136.61663253381553,133.56153819394316,,147.93892799441022,142.01901660957463,136.61663253381553,,152.34579468751875,#000000,6.809284927561991,160.31454017186527,0.008570732897148433,41.18067188048952,-12.944172733568486,False,True,False,True,True,0.0,0.0,0.0,0.0,0.0,0,0.9049089143755683,1.0090068698685009,False,False,False,False,-0.22134090616109026,-0.270674931878047,False,False,False,False,1218326,1198372.5620497377,False,False,False,False,57887.54563302375,False,False,False,False
2024-07-10 00:00:00+00:00,163.554784728,163.9512811758,160.5810613693,161.9588865255,43246,,,,,,,,,,,,,157.9121084308287,164.80938181995378,165.7744777834723,166.98465633178608,164.5440564879911,161.23400241569274,159.3149270493205,157.4070642559289,154.40315614708277,153.2522303153081,151.26007853409413,147.97022067340887,146.63147130728228,142.05617688000964,141.16959707780768,138.5990786729234,136.65840469717202,133.60519232016517,,147.97022067340887,142.05617688000964,136.65840469717202,,152.42146006667934,#000000,6.634089383565625,160.3742368315864,0.47942493875537,47.1029053664181,-7.702782503965878,False,False,False,False,True,0.4162520877748008,0.0,0.0,0.0,0.0,1,0.9134716226225726,0.9970990668165431,False,False,False,False,-0.10282368125989846,-0.1867493065689727,False,False,False,False,1261572,1200850.9713811204,False,False,False,False,57313.36737290518,False,False,False,False
2024-07-11 00:00:00+00:00,171.9704218331,173.7744806707,166.8159680113,167.9757201212,66248,,,,,,,,,,,,,160.78824186201552,164.95583295193507,165.87703149679095,167.0206286360623,164.5959010609802,161.2991964675321,159.387500161188,157.48138729732833,154.47225754352422,153.32109653145858,151.32996058864913,148.04431586759608,146.7068217255749,142.1352419366525,141.24931606356995,138.68079248104996,136.74210415594294,133.69049481503978,,148.04431586759608,142.1352419366525,136.74210415594294,,152.6543400912717,"rgba(0, 255, 255, 0.75)",6.463146265406215,160.62140447918355,1.7559586133245515,55.06764223502329,-0.7410901949046007,True,False,True,False,True,5.974344985514769,0.0,0.0,0.0,0.0,0,0.9233767808772014,0.9783792471173468,False,False,False,False,0.1286231982928764,-0.029063054138048147,False,False,False,False,1327820,1205830.1489740175,False,False,False,False,57663.74512298733,False,False,False,False
2024-07-12 00:00:00+00:00,174.4187873984,176.9068026085,172.4957796264,173.992553717,62751,,,,,,,,,,,,,163.19136739489807,165.1723685978731,166.04086390432926,167.0868585541087,164.67321746711406,161.3840811379873,159.47763467553153,157.5705825207756,154.5520534549442,153.3996915701506,151.40833347744004,148.1255355586277,146.78879115371276,142.21947022231,141.33395709807803,138.76679761148088,136.82969073823585,133.7790594651011,,148.1255355586277,142.21947022231,136.82969073823585,,152.87779747792771,"rgba(0, 255, 0, 1.0)",6.422989935561797,160.87550999605807,2.1085627625473395,61.207600334739965,4.351999686539287,True,False,True,False,True,7.468350306549212,0.0,0.0,0.0,0.0,0,0.9485211774209856,0.9619910572078605,False,False,False,False,0.2600517001226925,0.11549432299232218,False,False,False,False,1390571,1213074.8882299385,False,False,False,False,57863.24531424273,False,False,False,False
2024-07-15 00:00:00+00:00,178.8793724364,182.9236362042,176.4210944599,176.4210944599,61993,,,,,,,,,,,,,165.5689374531742,165.48105879558094,166.28417646473585,167.1922141723835,164.78478821723263,161.49694705609758,159.59356357333374,157.6823685301869,154.64899005483426,153.49421814177927,151.50115934652464,148.2197464034839,146.88319293719675,142.31452423287755,141.42915942576465,138.86268787535366,136.92676829874634,133.8764228346054,,148.2197464034839,142.31452423287755,136.92676829874634,,153.12449576743842,"rgba(0, 255, 0, 1.0)",6.459140765687641,161.1714056029287,2.7415359837859326,66.59840554908591,8.757012666116992,True,False,True,False,True,10.080547399200857,0.0,0.0,0.0,0.0,0,0.9693404120228922,0.9200014822873723,False,False,False,False,0.34282825149206736,0.22916128724219476,False,False,False,False,1452564,1222466.6181032741,False,False,False,False,58025.19647839008,False,False,False,False
2024-07-16 00:00:00+00:00,187.0967613176,187.8699293909,180.6685626572,180.9312415539,46317,,,,,,,,,,,,,167.50817292631373,165.79562025778196,166.538128321761,167.30660237792802,164.89969805207608,161.60738109338337,159.70441431005943,157.78725558927707,154.737784058409,153.58011172007943,151.5844517493411,148.30279436944758,146.96588970468278,142.3962877288287,141.51080014765324,138.94424866528666,137.00887919157125,133.95813320492138,,148.30279436944758,142.3962877288287,137.00887919157125,,153.3409251927112,"rgba(0, 255, 0, 1.0)",6.682648114966857,161.44075017724694,3.8391982787320984,71.9211785364926,13.169459766066545,True,False,True,False,True,14.481084252891591,0.0,0.0,0.0,0.0,0,0.9692427802144097,0.90143509576111,False,False,False,False,0.34282825194100924,0.28599476959160197,False,False,False,False,1498881,1233306.3977854988,False,True,False,False,57566.05151845321,False,True,False,False
2024-07-17 00:00:00+00:00,183.0524975498,189.5054772381,182.2793294765,185.4711258815,123808,,,,,,,,,,,,,171.14908256911352,166.5783634003009,167.17545173097008,167.6009200940062,165.19666563835864,161.89432030582518,159.99302785861641,158.0610591315678,154.97057247370338,153.80553122587347,151.80334459281613,148.52138003710058,147.18367591873982,142.61197558670426,141.72622402456187,139.15961751107008,137.22579796615884,134.17415129140286,,148.52138003710058,142.61197558670426,137.22579796615884,,153.8239534087161,"rgba(0, 255, 0, 1.0)",6.761408385861283,163.61027586474464,2.875469218175137,72.43046923631059,13.247242118232954,True,False,True,False,True,11.535282043099901,0.0,0.0,0.0,0.0,0,1.0167041001095718,0.8893334439312132,False,False,False,False,0.34282825206828454,0.31441151082994323,False,False,False,False,1375073,1238865.8723821458,False,False,False,False,60163.7749883178,False,False,False,False
2024-07-18 00:00:00+00:00,179.5633288089,185.5702499935,178.958671726,181.5854606928,39276,,,,,,,,,,,,,171.78366265777237,166.76762959237377,167.329599329265,167.673387453425,165.27229018690448,161.96996312307687,160.07026676680687,158.13535029375774,155.03493823716613,153.86821902679418,151.86474612223796,148.58341368749663,147.24574042301646,142.67419236057057,141.78849136222433,139.22220724637089,137.2890680360514,134.2374900924684,,148.58341368749663,142.67419236057057,137.2890680360514,,153.93392533320994,"rgba(0, 255, 0, 1.0)",6.8923522342115655,163.7031706991614,2.301124140320852,70.44760117938117,13.247242118232954,True,False,True,False,True,9.097952826420453,0.0,0.0,0.0,0.0,0,0.9841757364035658,0.9207171563500081,False,False,False,False,0.25981367504559416,0.2871125929377687,False,False,False,False,1335797,1242667.093073042,False,False,False,False,59344.64655740338,False,False,False,False
2024-07-19 00:00:00+00:00,180.2076355366,181.2087890674,177.4438570471,179.8309639112,43240,,,,,,,,,,,,,172.28530488667334,166.94623632242084,167.47486413679133,167.74224009062763,165.34579829601435,162.04513575549615,160.1477462826878,158.2104938683153,155.10076836697374,153.93254815739897,151.92807138679987,148.64781874635744,147.3103293813085,142.7393806974919,141.85380634740957,139.28805686987957,137.35576641070833,134.30445188268203,,148.64781874635744,142.7393806974919,137.35576641070833,,154.03660099366869,"rgba(0, 255, 0, 1.0)",7.034753939545364,163.78191682293647,2.334938628247897,69.3368944400248,13.247242118232954,True,False,True,False,True,9.445861863900344,0.0,0.0,0.0,0.0,0,0.986367578580796,0.9001884384380506,False,False,False,False,0.1951084523038275,0.2411105226207981,False,False,False,False,1379037,1248014.9325603738,False,False,False,False,58713.091790446386,False,False,False,False
2024-07-22 00:00:00+00:00,184.3510234164,184.6186585187,179.0478834267,180.4058837606,31801,,,,,,,,,,,,,172.7523409767141,167.10533865235777,167.60583177592028,167.80525721034158,165.4108394199748,162.10954569536315,160.21320922600097,158.2732554002515,155.15495807631152,153.98525210388698,151.9795733804027,148.69966672840073,147.36213951191093,142.79113291923088,141.90556958480173,139.34000425162137,137.4082190546119,134.35688195697077,,148.69966672840073,142.79113291923088,137.4082190546119,,154.1255008847263,"rgba(0, 255, 0, 1.0)",7.273429862576329,163.88921163326796,2.813227345246476,69.88932530860754,13.247242118232954,True,False,True,False,True,11.640756305472443,0.0,0.0,0.0,0.0,0,0.9993820138818875,0.8982266055577692,False,False,False,False,0.2501959743649407,0.2456532484928694,False,False,False,False,1410838,1254400.1508913396,False,False,False,False,57657.71564180143,False,False,False,False
2024-07-23 00:00:00+00:00,182.5271397564,184.9556804993,181.545811048,182.7055631579,77010,,,,,,,,,,,,,173.7595069592552,167.48566547963918,167.9207147832419,167.95908914875181,165.56937567893232,162.26639755518192,160.37252567622994,158.4259951231541,155.28690320965342,154.11357388934135,152.1049414137858,148.82580978818413,147.48816883931084,142.91695763089078,142.03141013771483,139.4662616759057,137.53567989585517,134.48426046031457,,148.82580978818413,142.91695763089078,137.53567989585517,,154.33406874140795,"rgba(0, 255, 0, 1.0)",7.467751216468644,164.14722802969553,2.461237820318817,68.97908522535545,13.247242118232954,True,False,True,False,True,10.357042093755666,0.0,0.0,0.0,0.0,0,0.9731290596086746,0.9217227011925878,False,False,False,False,0.28199391427076614,0.2638235813818178,False,False,False,False,1333828,1257514.968503444,False,False,False,False,58416.62875388765,False,False,False,False
2024-07-24 00:00:00+00:00,181.2781759458,185.391826592,180.3860589382,181.2484387122,43993,,,,,,,,,,,,,174.21588698514748,167.68601726819855,168.08729510830872,168.04180014324638,165.6552998884872,162.35214224500046,160.45992726829937,158.510094977838,155.35994466430685,154.18471498076144,152.17459189773905,148.89607719627526,147.5584403485452,142.9873109423734,142.10180508173565,139.53697661335625,137.60712611707535,134.55574630203262,,148.89607719627526,142.9873109423734,137.60712611707535,,154.4428443349293,"rgba(0, 255, 0, 1.0)",7.620676654548624,164.27675388849414,2.2309596415113693,67.49685086937181,13.247242118232954,True,False,True,False,False,9.482382799398316,0.0,0.0,0.0,0.0,0,0.949435303184076,0.9202467176374739,False,False,False,False,0.2738270910909772,0.2688253362363975,False,False,False,False,1289835,1258782.4207189954,False,False,False,False,57850.9962537352,False,False,False,False
2024-07-25 00:00:00+00:00,183.6571546327,189.1188932015,181.6251103376,181.6251103376,66844,,,,,,,,,,,,,175.00629172904522,168.0294369775317,168.3753682567769,168.18686245479304,165.80308338455464,162.49681117143774,160.60610901222034,158.6497593520028,155.48017262471222,154.3014612744223,152.28834513929695,149.01005336428196,147.67214732613664,143.1003470825933,142.21477325943428,139.65009610850638,137.72116448603987,134.66949886027513,,149.01005336428196,143.1003470825933,137.72116448603987,,154.6256545480034,"rgba(0, 255, 0, 1.0)",7.803571223340342,164.51831710123363,2.452574210410544,67.40400447872224,13.247242118232954,True,False,True,False,False,10.761786590486622,0.0,0.0,0.0,0.0,0,0.9656656588296743,0.9078624860672445,False,False,False,False,0.3306622929994589,0.2997438146179282,False,False,False,False,1356679,1262621.502259427,False,False,False,False,58203.66306731421,False,False,False,False
2024-07-26 00:00:00+00:00,185.2332280128,187.9095790356,183.9347021462,186.6308779914,59202,,,,,,,,,,,,,175.66921517816357,168.33786500673384,168.63575341487936,168.32004656220374,165.93813682746907,162.62845556248845,160.7388400933649,158.77640094375738,155.5890534429492,154.4071222732997,152.39117947166724,149.1128977157662,147.7746823107232,143.2020820366633,142.3164138132921,139.7517822918647,137.82361127264014,134.77160255532314,,149.1128977157662,143.2020820366633,137.82361127264014,,154.7880633762916,"rgba(0, 255, 0, 1.0)",8.019663045284208,164.73494247696263,2.556003340800079,67.91361389788295,13.247242118232954,True,False,True,False,False,11.598751320923864,0.0,0.0,0.0,0.0,0,0.9728510005178217,0.9054772247557648,False,False,False,False,0.3428282520704943,0.32128603334421124,False,False,False,False,1415881,1268631.6786414103,False,False,False,False,58242.81353526268,False,False,False,False
2024-07-29 00:00:00+00:00,182.6262638684,186.7200896922,182.457752878,185.0250673777,47136,,,,,,,,,,,,,176.05824840531085,168.5517322549652,168.81674140117082,168.4140622581671,166.0349084273357,162.72429854229586,160.83614518984254,158.8698568993124,155.670154317703,154.48604295999158,152.46830549936269,149.1904547812165,147.85215870207287,143.2793988810928,142.39373404088647,139.82933762902383,137.90188219120313,134.84980847619912,,149.1904547812165,143.2793988810928,137.90188219120313,,154.9015150476196,"rgba(0, 255, 0, 1.0)",8.187079061568884,164.87528019956798,2.168170544749865,66.25676125868628,13.247242118232954,True,False,True,False,False,9.735331189244842,0.0,0.0,0.0,0.0,0,0.9580304557031496,0.9241662139925726,False,False,False,False,0.311874949058879,0.31658049120154513,False,False,False,False,1368745,1272557.691243708,False,False,False,False,57807.25222015434,False,False,False,False
2024-07-30 00:00:00+00:00,182.5370521676,185.1088272523,182.1901177758,184.3510234164,87802,,,,,,,,,,,,,176.64026257461157,168.91852284791617,169.12855825181674,168.57892755124055,166.20591526279756,162.89509751465042,161.0101526916995,159.03759401463202,155.81651531599772,154.6286822151438,152.6079956288408,149.3312953978111,147.992987307767,143.42032861545445,142.5347354693046,139.97094123921704,138.04490634958924,134.9928859655555,,149.3312953978111,143.42032861545445,138.04490634958924,,155.09757245633588,"rgba(0, 255, 0, 1.0)",8.34166133253629,165.1095445303487,2.089213040725599,65.08379027789643,13.247242118232954,True,False,True,False,False,9.671710528959764,0.0,0.0,0.0,0.0,0,0.9757412095333494,0.9261127646585741,False,False,False,False,0.2904095164276167,0.30349500381458094,False,False,False,False,1280943,1272886.5268812096,False,False,False,False,58983.51683897182,False,False,False,False
2024-07-31 00:00:00+00:00,185.1638411345,189.0296815008,182.7353003915,183.0921471946,52841,,,,,,,,,,,,,177.05678341214227,169.16550306486178,169.34010351960904,168.69207232262983,166.32123236403086,163.0082910293173,161.12456025740704,159.1471726082306,155.91137175643652,154.72087415834312,152.69788860636362,149.42136074384376,148.08284512339603,143.50966788967574,142.62402208203244,140.06034523581653,138.13502367708637,135.08278233174678,,149.42136074384376,143.50966788967574,138.13502367708637,,155.22788334349832,"rgba(0, 255, 0, 1.0)",8.555102154605464,165.2765572575172,2.3246109184420294,65.48810423719814,13.247242118232954,True,False,True,False,False,11.112909812721195,0.0,0.0,0.0,0.0,0,0.9831428130613697,0.8862273844759022,False,False,False,False,0.3418987926037859,0.32269689820918346,False,False,False,False,1333784,1275274.6630819463,False,False,False,False,58742.6338256788,False,False,False,False
2024-08-01 00:00:00+00:00,178.9289344924,186.2641187772,175.9552111337,185.0944542561,56614,,,,,,,,,,,,,177.21386488345826,169.34021910362495,169.48960559907636,168.77453769776068,166.41004959233288,163.10042850857528,161.2199175242561,159.24046829395408,155.99447149461076,154.8023430683196,152.7783677032622,149.50342093541013,148.16522789959112,143.59306983895345,142.70762740803565,140.14473626912135,138.22054913694697,135.16876044365583,,149.50342093541013,143.59306983895345,138.22054913694697,,155.3259814111636,"rgba(0, 255, 255, 0.75)",8.633003786459446,165.37592994430332,1.569906012245017,61.346786538450246,17.454803679413672,True,False,True,False,False,6.745105191043091,0.0,0.0,0.0,0.0,0,0.9424511874703758,0.9107996080561063,False,False,False,False,0.23359973738684464,0.2781483177980141,False,False,False,False,1277170,1275348.990019909,False,False,False,False,58659.15798937767,False,False,False,False
2024-08-02 00:00:00+00:00,176.5202185719,177.7890072049,168.9570488296,173.0013125974,67364,,,,,,,,,,,,,177.06532405334355,169.43268868796486,169.567804979505,168.8215450947704,166.46981643232635,163.17142017684316,161.29724546950163,159.31941885592798,156.06863037155117,154.87617826210186,152.85297427148248,149.5817591103929,148.2446727884869,143.67581892470875,142.79096390403845,140.22988554828672,138.3075409273331,135.2572090145973,,149.5817591103929,143.67581892470875,138.3075409273331,,155.3906053818424,"rgba(38, 166, 154, 1.0)",8.673475114709884,165.39856079257572,1.2822608737831458,57.2029059655657,13.402256480135499,True,False,True,False,False,5.1426416950733085,0.0,0.0,0.0,0.0,0,0.9198834744038885,0.9346390113971071,False,False,False,False,0.06788535301237092,0.1730168354051925,False,False,False,False,1209806,1272778.676685795,False,False,False,False,59000.524342735414,False,False,False,False
2024-08-05 00:00:00+00:00,169.9284651268,170.6917207888,164.8433981834,168.0847566444,79390,,,,,,,,,,,,,176.55920853655374,169.41285283821617,169.54799715018098,168.81830364447953,166.4874031382725,163.21041963196376,161.34654099143978,159.37526805373753,156.12725385842688,154.93628149702795,152.9162325047858,149.65154738100773,148.3166001453923,143.7540595427381,142.87029685911034,140.31237208531422,138.39276941928995,135.3452204995463,,149.65154738100773,143.7540595427381,138.39276941928995,,155.41003487652688,"rgba(38, 166, 154, 0.5)",8.66175109724218,165.3263068935152,0.5313196121220894,51.33378568526777,7.913451329462113,False,False,False,False,False,0.9832161370428416,0.0,0.0,0.0,0.0,0,0.8972137138624837,0.935501335993923,False,False,False,False,-0.04938736170721002,0.06181473684899124,False,False,False,False,1130416,1267195.8266196854,False,False,False,False,59800.111623412464,False,False,False,False
2024-08-06 00:00:00+00:00,168.3623041579,173.9231668386,167.7675594861,169.7004796693,49785,,,,,,,,,,,,,176.32579639619433,169.4207120641392,169.5533379167034,168.82556560398316,166.50659105471777,163.2415905191854,161.38365920098514,159.41576648586073,156.16824985569426,154.97792616116794,152.95951251078463,149.69858198598308,148.3648462848044,143.80589167391548,142.922752668107,140.36664891659626,138.44867491702232,135.40271113335936,,149.69858198598308,143.80589167391548,138.44867491702232,,155.43271196384467,#000000,8.648995024474903,165.30475570032115,0.3535148822408405,46.79499781419697,3.83423501976997,False,False,False,True,False,0.03901140612006415,0.0,0.0,0.0,0.0,0,0.9206265819770447,0.9102516175886967,False,False,False,False,0.014965810938773036,0.03839027389388214,False,False,False,False,1080631,1259879.5589091096,False,False,False,False,59407.362147984524,False,False,False,False
2024-08-07 00:00:00+00:00,164.9028726506,170.8106697232,164.7343616603,170.5132973873,52722,,,,,,,,,,,,,175.9795366604902,169.38535520443185,169.52076698499462,168.81276217923,166.5083616046724,163.25883975636262,161.40817378637604,159.44546868122524,156.2014255963406,155.01244235928513,152.9965496684956,149.74034376163596,148.4081850104775,143.85388150694453,142.97154435827457,140.41772867101957,138.50168082201697,135.45777375665563,,149.74034376163596,143.85388150694453,138.50168082201697,,155.4378233538294,#000000,8.654437348527674,165.25016337132178,-0.04012863075158429,42.469904914842935,-0.006820920501965588,False,True,False,True,False,0.0,0.0,0.0,0.0,0.0,0,0.9029783918697898,0.9267799875860108,False,False,False,False,-0.049283547531672224,-0.005446636818895043,False,False,False,False,1027909,1250782.674246007,False,False,False,False,59145.191083357684,False,False,False,False
2024-08-08 00:00:00+00:00,167.5494864398,167.8567711869,165.279544276,167.4800995614,39717,,,,,,,,,,,,,175.7370142072253,169.36015004466148,169.4974421953213,168.8036030035912,166.51002249735225,163.27201179506253,161.42676437373368,159.46792625988348,156.22646731970062,155.0384855665604,153.02447968431136,149.7718152580286,148.44083917037707,143.8900260327823,143.00829094499795,140.4561936146062,138.5415925261592,135.4992312759332,,149.7718152580286,143.8900260327823,138.5415925261592,,155.44290865390488,#000000,8.653742932691069,165.21326531322353,0.26996655028322836,41.35147826361795,-0.9048884115582752,False,True,False,True,False,0.0,0.0,0.0,0.0,0.0,0,0.9162946510633901,0.9394732994225589,False,False,False,False,-0.07454701326466262,-0.03999682504177883,False,False,False,False,1067626,1243600.0595696932,False,False,False,False,58383.301236951505,False,False,False,False
2024-08-09 00:00:00+00:00,166.7267563106,168.3056457837,164.9889848779,167.0842407196,62810,,,,,,,,,,,,,175.36986929455185,169.31782538578517,169.4583212503815,168.78763515011926,166.5111268128972,163.2913874519417,161.45472816291277,159.50211567370948,156.26501362289596,155.07867412513636,153.06771928857458,149.82070980156973,148.49162799419216,143.94640742859812,143.06563689007876,140.51628831881064,138.6039906842797,135.56411016059687,,149.82070980156973,143.94640742859812,138.6039906842797,,155.450732638724,#000000,8.656736036313005,165.15750194131365,0.18127552494423788,40.258656166200666,-1.9687157319854265,False,True,False,True,False,0.0,0.0,0.0,0.0,0.0,0,0.9215666176778403,0.9184763813115465,False,False,False,False,-0.07288397889112562,-0.056440401966452225,False,False,False,False,1004816,1234235.9788022544,False,False,False,False,58556.89726687498,False,False,False,False
2024-08-12 00:00:00+00:00,164.8400330408,167.1736118218,164.2938763049,165.8826959004,49301,,,,,,,,,,,,,175.06373408391136,169.2704041291922,169.4150477021998,168.76802583991386,166.50546560603152,163.30093201155645,161.47131260121446,159.52413201785828,156.29149600197923,155.10667789579918,153.09839699810217,149.8560859335965,148.52859470911358,143.98806743968262,143.10810457272552,140.56104210034667,138.65062333801555,135.61282726154087,,149.8560859335965,143.98806743968262,138.65062333801555,,155.45116501348778,#000000,8.671263035348886,165.10581321293532,-0.03065068733953228,38.73124777566281,-3.564611164341251,False,True,False,True,False,0.0,0.0,0.0,0.0,0.0,0,0.9173707288503108,0.9253238894358925,False,False,False,False,-0.09210419997354519,-0.0742723009699987,False,False,False,False,955515,1223305.744339421,False,False,False,False,58193.92090346812,False,False,False,False
2024-08-13 00:00:00+00:00,167.6303974556,167.6303974556,164.0356931206,166.8161274128,44157,,,,,,,,,,,,166.43216267726666,174.8318895503579,169.23968658440685,169.3865805337637,168.75584979110883,166.5051215676357,163.31336485398162,161.48975336426463,159.54701301924555,156.3176559602513,155.13403850352023,153.1279534365441,149.8896527351833,148.56351075794228,144.02697078290143,143.14769578128065,140.60259014182037,138.69380149971445,135.65777980216708,,149.8896527351833,144.02697078290143,138.69380149971445,,156.0348984917556,#000000,8.672651365774083,165.6252203914563,0.23120692618372155,39.704694499847115,-3.564611164341251,False,True,False,True,False,0.0,0.0,0.0,0.0,0.0,0,0.9067619488636224,0.9342359265208261,False,False,False,False,-0.09001200823592796,-0.08214215460296334,False,False,False,False,999672,1214535.7935810124,False,False,False,False,57643.45341705761,False,False,False,False
2024-08-14 00:00:00+00:00,166.6771056982,168.6234097028,164.2243654475,168.6234097028,34041,,,,,,,,,,,,166.46530384828245,174.66303227023147,169.21708620842034,169.36555915920067,168.74685418188648,166.50513300325392,163.32311457002893,161.50409372854662,159.56474287222412,156.33788204473424,155.15518247564677,153.15077932436594,149.91555567261446,148.5904492952708,144.0569713521329,143.17822483992512,140.63462303094522,138.72708750583743,135.6924301870608,,149.91555567261446,144.0569713521329,138.72708750583743,,156.04179503003203,#000000,8.674292648919065,165.6013303411553,0.124018799063548,39.88533656331846,-3.564611164341251,False,True,False,True,False,0.0,0.0,0.0,0.0,0.0,0,0.9152839490887428,0.9341311507089597,False,False,False,False,-0.07757907304940757,-0.07986061382618545,False,False,False,False,965631,1204774.8212837179,False,False,False,False,56717.867008545545,False,False,False,False
2024-08-15 00:00:00+00:00,169.5667713377,171.612376567,167.0445202297,170.7186655445,40835,,,,,,,,,,,,167.47477584437985,174.53818432909043,169.21896145284524,169.36592679642385,168.75001278247927,166.51763232775338,163.3453077043179,161.53109365646495,159.59472450912884,156.36892647950447,155.1868944910267,153.18397995148317,149.95193346476813,148.62787000346017,144.0974883175009,143.21928041517523,140.67723939776482,138.77106844540677,135.73779511695432,,149.95193346476813,144.0974883175009,138.77106844540677,,156.11363660452255,#000000,8.651885491341721,165.64493998288634,0.4532921013273224,42.01949227507605,-3.564611164341251,False,True,False,True,True,0.8990940826438312,0.0,0.0,0.0,0.0,0,0.9378755614309445,0.9059568049910439,False,False,False,False,-0.01673340961200898,-0.04829701171909721,False,False,False,False,1006466,1196998.0047627878,False,False,False,False,56095.00947879866,False,False,False,False
2024-08-16 00:00:00+00:00,169.9341858691,171.5230054647,168.6383048865,169.6859328073,32985,,,,,,,,,,,,168.02960816499535,174.45333456138925,169.22536386280333,169.3705658483336,168.75494120392634,166.52981319938618,163.36494948539786,161.55448583937417,159.62034091844498,156.3950903787757,155.21352680823532,153.21172692222873,149.98215828586262,148.6589036378264,144.1309264563693,143.25313774714223,140.71231684418703,138.80722430714604,135.77502759503622,,149.98215828586262,144.1309264563693,138.80722430714604,,156.16018116141373,#000000,8.649170266065925,165.67169332209767,0.49282097772149874,43.691902950715274,-3.564611164341251,False,True,False,True,True,1.1226263557595964,0.0,0.0,0.0,0.0,0,0.941278884208507,0.9043802237796952,False,False,False,False,-0.0010141863625484815,-0.02465559904082285,False,False,False,False,1039451,1190819.6908505217,False,False,False,False,55188.73459727714,False,False,False,False
2024-08-19 00:00:00+00:00,171.9003501187,172.3372755074,169.2986580309,169.805094277,48320,,,,,,,,,,,,168.78915990041003,174.36543758864136,169.2476451799481,169.38883266662663,168.76851660265248,166.55329965261183,163.3984297568988,161.59312657695892,159.6617493087221,156.43644609326694,155.25537497578767,153.25496947864204,150.02879439939707,148.7066338199874,144.18191707377514,143.30469921642805,140.76555518997245,138.86197853883388,135.83124524248333,,150.02879439939707,144.18191707377514,138.86197853883388,,156.23125322431812,"rgba(38, 166, 154, 0.5)",8.64730013748067,165.71920096920354,0.714806824236969,46.14594837171157,-3.564611164341251,False,True,False,True,True,2.319835456468166,0.0,0.0,0.0,0.0,0,0.9544907792220313,0.9004114221077888,False,False,False,False,0.014393228945106064,-0.0051311850478583925,False,False,False,False,1087771,1186778.5657191288,False,False,False,False,54919.37245620746,False,False,False,False
2024-08-20 00:00:00+00:00,169.4078893781,171.0165692186,168.9610338668,171.0165692186,35250,,,,,,,,,,,,168.93968390824008,174.27766244989556,169.25216356008042,169.39180529998038,168.7726942804625,166.56520363174923,163.4183622283652,161.6170796454632,159.6881639268412,156.4636521030164,155.2831248990558,153.28395932573054,150.06046955027503,148.73919011568515,144.21709398769568,143.34033280811883,140.80251441744218,138.9001005373267,135.87054327447183,,150.06046955027503,144.21709398769568,138.9001005373267,,156.25704210262612,#000000,8.616994558147121,165.7254172137294,0.42734994661090236,46.154158843884865,-3.564611164341251,False,True,False,True,True,0.7323045466315286,0.0,0.0,0.0,0.0,0,0.9524314302070079,0.9002398399204117,False,False,False,False,-0.0029335128860142265,-0.0040323489669363095,False,False,False,False,1052521,1181513.563141908,False,False,False,False,54148.02451674834,False,False,False,False
2024-08-21 00:00:00+00:00,174.8098760031,174.9439326564,169.4503903023,170.0036967264,88967,,,,,,,,,,,,170.071355883962,174.22174049606718,169.330020624022,169.45845393524687,168.81636060013716,166.6249161485782,163.49366041077147,161.70086397863457,159.7756146547574,156.5485636705089,155.3683836531914,153.37109072319365,150.1531482454919,148.83361613156322,144.3167539217578,143.44091699510426,140.9058612903529,139.006048159316,135.97885374549583,,150.1531482454919,144.3167539217578,139.006048159316,,156.3903275404291,"rgba(38, 166, 154, 1.0)",8.630290012950562,165.83141411781526,1.0403430095410124,49.49159782409632,-6.738645378159774,False,False,False,False,True,3.9581576500761706,0.0,0.0,0.0,0.0,0,0.955468235653472,0.8919573557719128,False,False,False,False,0.04323798575883024,0.019602818395946967,False,False,False,False,1141488,1179943.9332147744,False,False,False,False,55513.47453569939,False,False,False,False
2024-08-22 00:00:00+00:00,169.7852340321,175.4255435963,169.5568412152,175.4255435963,31204,,,,,,,,,,,,170.20448815551498,174.1797344703771,169.346072919323,169.47191707728197,168.82621220717766,166.64085301061132,163.51575627437958,161.72617511459453,159.80263427993128,156.57549220774231,155.39561136450078,153.39918854623136,150.18339102822023,148.8645509979321,144.34975588717228,143.4742816131813,140.94029268782404,139.04144581691094,136.01518419040949,,150.18339102822023,144.34975588717228,139.04144581691094,,156.41858093943773,#000000,8.628412827704869,165.84750549905246,0.45636765552106257,48.72734699280335,-6.738645378159774,False,False,False,False,True,0.8319183165416391,0.0,0.0,0.0,0.0,0,0.9479355159090028,0.8917684546954343,False,False,False,False,0.04939508852387562,0.034498953459911295,False,False,False,False,1110284,1177212.1711279205,False,False,False,False,54560.161808809215,False,False,False,False
2024-08-23 00:00:00+00:00,175.1971507795,176.6767390279,170.7405118139,170.9470583613,38533,,,,,,,,,,,,170.59542694485904,174.18021883469055,169.38833358721465,169.50855968456094,168.84970696633826,166.6707204809845,163.55166210406003,161.76549451172954,159.8431966072008,156.61438284652704,155.43451871062607,153.438738494611,150.2251684749029,148.9070193224012,144.3943017534439,143.5191966107535,140.98632409058686,139.08855569384048,136.0632366356875,,150.2251684749029,144.3943017534439,139.08855569384048,,156.47498749236942,"rgba(38, 166, 154, 1.0)",8.64543455582299,165.89595262900752,1.0758508540473306,51.01759801760874,-4.943129870374932,False,False,False,False,True,3.9247993874500153,0.0,0.0,0.0,0.0,0,0.9355690024678733,0.8981603465973185,False,False,False,False,0.07493364342212872,0.05471629844102001,False,False,False,False,1148817,1176098.635005257,False,False,False,False,53931.64565944415,False,False,False,False
2024-08-26 00:00:00+00:00,173.4593793468,178.0868164189,173.3402178772,177.1136644166,31452,,,,,,,,,,,,170.91801937684272,174.19236017583782,169.42762598866432,169.54280661881242,168.87142329397776,166.6973581771259,163.58286221611607,161.79934800543225,159.87787305778247,156.64736104131046,155.4674336931022,153.4720825488854,150.2602347201535,148.942612687651,144.4314844795336,143.55666303920862,141.02465668007605,139.1277422588934,136.10314621674627,,150.2602347201535,144.4314844795336,139.1277422588934,,156.52332075137642,"rgba(38, 166, 154, 0.5)",8.655653962322473,166.85524233246676,0.7629853322557311,51.55853928911304,-4.214239207126326,False,False,False,False,True,2.8609471110841618,0.0,0.0,0.0,0.0,1,0.9616322888237796,0.8805740729313923,False,False,False,False,0.11722068448570656,0.08596849146336329,False,False,False,False,1117365,1173795.3552011293,False,False,False,False,53050.09092770124,False,False,False,False
2024-08-27 00:00:00+00:00,171.8109790164,173.757283021,171.6024464445,173.2707070198,26348,,,,,,,,,,,,171.003820425787,174.1692194947361,169.44501895169938,169.55770756499058,168.88186514095582,166.7126384772625,163.60299039860098,161.82205917396718,159.90186792445624,156.67102971657434,155.49129549304678,153.4966026588851,150.28648344286538,148.96941532296285,144.45994555933538,143.5854160737141,141.05427365632775,139.15815246835643,136.1343077094803,,150.28648344286538,144.45994555933538,139.15815246835643,,156.5475847186318,"rgba(38, 166, 154, 0.5)",8.62261059307356,166.81127941682337,0.5798359494040984,50.9964033731797,-4.214239207126326,False,False,False,False,True,1.8581758543591071,0.0,0.0,0.0,0.0,1,0.975027491330443,0.8952408827001712,False,False,False,False,0.053347890710117245,0.06965819108674026,False,False,False,False,1091017,1170549.145193242,False,False,False,False,52002.95010700708,False,False,False,False
2024-08-28 00:00:00+00:00,173.0125238356,174.4522922928,170.9797284643,170.9797284643,26630,,,,,,,,,,,,171.10456296438454,174.15186737201302,169.4648964228158,169.57484437154423,168.89362565096715,166.7291479831606,163.62421926816526,161.84583295454738,159.9268476728107,156.69552374679165,155.5159486705754,153.52187621257545,150.31345832707092,148.99693262994109,144.48908885543744,143.61484616535273,141.0845556865778,139.1892237003829,136.16611660374005,,150.31345832707092,144.48908885543744,139.1892237003829,,156.57386396099236,"rgba(38, 166, 154, 0.5)",8.586101321878662,166.8132835068921,0.7220087553487538,51.29770311420373,-3.933110886389926,False,False,False,False,True,2.552174710761129,0.0,0.0,0.0,0.0,0,0.9684737701152332,0.8987929450139885,False,False,False,False,0.054105350740449046,0.061881770913594654,False,False,False,False,1117647,1168474.5512640951,False,False,False,False,51007.9324557519,False,False,False,False
2024-08-29 00:00:00+00:00,174.1842782873,176.5178570683,173.6778420412,175.0581290649,22810,,,,,,,,,,,,171.27233028582378,174.15883038928678,169.4916830365628,169.59825638996227,168.90869787038778,166.7477927042415,163.64622297092436,161.86977307850526,159.9514402910051,156.71901303710143,155.5394184462151,153.5456864340752,150.3385395039378,149.02240590340278,144.51574429257758,143.64171234414562,141.11206242712396,139.2173555229759,136.1947872726818,,150.3385395039378,144.51574429257758,139.2173555229759,,156.6048290632072,"rgba(38, 166, 154, 0.5)",8.591186488493998,166.85343855979292,0.8532977065886218,52.165505184439624,-2.785426803834696,False,False,False,False,True,3.2298279459951793,0.0,0.0,0.0,0.0,0,0.973499914600539,0.8829587995727755,False,False,False,False,0.10419756554087643,0.08303966822723555,False,False,False,False,1140457,1167375.8237635423,False,False,False,False,49902.13118297731,False,False,False,False
2024-08-30 00:00:00+00:00,177.4016379683,177.5704500504,174.1048373075,175.1772905345,30253,,,,,,,,,,,,171.56170713140514,174.1900563213467,169.53716730802483,169.6382466497818,168.93385689518533,166.77717502280342,163.6793533798109,161.9052188638812,159.98735988030757,156.7527635912184,155.5729825398578,153.57950483989066,150.37385024389744,149.05816154058306,144.55284963008467,143.67906100505766,141.15016819299115,139.25623737568873,136.23428747508075,,150.37385024389744,144.55284963008467,139.25623737568873,,156.65368462562617,"rgba(38, 166, 154, 1.0)",8.60890879543748,166.92751109725407,1.2166613818230925,54.459139079422414,-0.35104066964886727,True,False,True,False,True,5.0626827361444455,0.0,0.0,0.0,0.0,0,0.9792468573592713,0.8783448304802051,False,False,False,False,0.11985097357207519,0.10144532089965537,False,False,False,False,1170710,1167506.5757728152,False,False,False,False,49131.57701893899,False,False,False,False
2024-09-03 00:00:00+00:00,169.636282195,175.1971507795,168.2857855387,175.1971507795,31170,,,,,,,,,,,,171.5328065426658,174.14465357717907,169.54735148256202,169.64673614517534,168.9411584520446,166.79055892598168,163.6990636065787,161.92818463251652,160.01223319689586,156.77801471258266,155.5986303502702,153.60613175541582,150.40270436925684,149.0877445847117,144.58461087332518,143.71120373737742,141.18342451150494,139.29048165621555,136.2695193801017,,150.40270436925684,144.58461087332518,139.29048165621555,,156.6713269732822,#000000,8.540376273016559,166.90111378668945,0.3202632203632948,51.48906910505306,-0.35104066964886727,False,False,False,False,False,0.32507282176645447,0.0,0.0,0.0,0.0,0,0.948855144715686,0.8767901403033153,False,False,False,False,0.03370192057598147,0.06757362073781842,False,False,False,False,1139540,1166409.847311136,False,False,False,False,48427.20144956883,False,False,False,False
2024-09-04 00:00:00+00:00,169.3284483983,170.2419203646,167.9382312522,169.9341858691,21926,,,,,,,,,,,,171.4442122332636,174.0947222201959,169.5455586892723,169.64471140183164,168.94171409310272,166.79580175916342,163.7093490006397,161.94096872485,160.02670694416364,156.7934014977936,155.6144419601522,153.62280930656095,150.42111806608244,149.10673778076378,144.60533097117542,143.73222455953322,141.20531118886024,139.31310968325994,136.29292921807024,,150.42111806608244,144.60533097117542,139.31310968325994,,156.67637680519655,#000000,8.53291154413971,166.86799970188287,0.28834808420191993,49.35917268380903,4.240136224674629,False,False,False,False,False,0.14520259367230892,0.0,0.0,0.0,0.0,0,0.951293218739179,0.903574062951322,False,False,False,False,-0.02171615179504921,0.022928734471384604,False,False,False,False,1117614,1164496.2846714838,False,False,False,False,47387.93864762496,False,False,False,False
2024-09-05 00:00:00+00:00,167.2331925567,170.1327883186,166.4089923915,170.1327883186,26610,,,,,,,,,,,,171.29106774765282,174.02047783017767,169.53627958237277,169.6359013253228,168.93872076989638,166.7988138528637,163.7189464462288,161.95376252602725,160.04182860450894,156.81015139035534,155.63182463360005,153.6413852585175,150.44193673051151,149.12831334774913,144.62915891967032,143.75644353734944,141.23064742098583,139.33938287175036,136.32022153578356,,150.44193673051151,144.62915891967032,139.33938287175036,,156.67711917533288,#000000,8.518642469022012,166.8200645012921,0.048496935622105636,46.90481371105531,1.8926683702481597,False,True,False,True,False,0.0,0.0,0.0,0.0,0.0,1,0.9462611221856174,0.8955546766387346,False,False,False,False,-0.03884948008975161,-0.007960372809183502,False,False,False,False,1091004,1161614.2342922098,False,False,False,False,46573.11752418869,False,False,False,False
2024-09-06 00:00:00+00:00,164.9591945105,167.8587902724,164.5719197341,167.8091396601,20395,,,,,,,,,,,,171.11372727932155,173.94532179274375,169.51993979242235,169.62088557449852,168.93164670585898,166.79676910927017,163.72256549166056,161.96004933271098,160.05026077644732,156.82050335738793,155.642813363644,153.65347339596795,150.4559211071317,149.1429476541983,144.64572319201946,143.7733413844409,141.2484879745724,139.35799021579552,136.33970110237175,,150.4559211071317,144.64572319201946,139.35799021579552,,156.67063518960336,#000000,8.517425122930337,166.76957786848166,-0.2125505457168984,44.20590615608321,-0.6456517968377042,False,True,False,True,False,0.0,0.0,0.0,0.0,0.0,1,0.9391420860100863,0.90279180929717,False,False,False,False,-0.08196423864689384,-0.04496230572803867,False,False,False,False,1070609,1158045.4015748685,False,False,False,False,45546.52468010286,False,False,False,False
2024-09-09 00:00:00+00:00,165.2372379397,165.326609042,163.6186279767,164.4626883869,46207,,,,,,,,,,,,170.67855276845845,173.75833900583757,169.47296340905962,169.57790604057877,168.9103111424957,166.78724787090894,163.7265157120255,161.97026884281976,160.06573619128088,156.84108577043455,155.66500960572174,153.67836812486266,150.4853085945504,149.1738858815674,144.68126340468766,143.80967565265243,141.28705568423854,139.39834956899637,136.38214063134333,,150.4853085945504,144.68126340468766,139.39834956899637,,156.6499991527642,#000000,8.52193332142278,166.65359298351362,-0.16620114126604574,42.61278588712689,-2.1375053031010864,False,True,False,True,False,0.0,0.0,0.0,0.0,0.0,0,0.9333758726506666,0.9118258301946434,False,False,False,False,-0.11875143500416702,-0.08185687036610284,False,False,False,False,1116816,1156428.5622974227,False,False,False,False,45572.42567304,False,False,False,False
2024-09-10 00:00:00+00:00,165.2868885521,166.1210188398,163.8569509161,165.5649319813,38110,,,,,,,,,,,,170.38108813534,173.61567313933702,169.43779975245573,169.54561682030214,168.8943803966335,166.78082477380704,163.7309163588119,161.9797364555207,160.07940483440908,156.85875393828235,155.68396045752067,153.69948411177862,150.51006720863765,149.19990018989336,144.71100713494388,143.8400635147522,141.31925797639653,139.43201289421228,136.41749229497117,,150.51006720863765,144.71100713494388,139.43201289421228,,156.63776002042133,#000000,8.528988686388683,166.57899113242001,-0.15149540324541141,41.59071105340735,-3.149908337967574,False,True,False,True,False,0.0,0.0,0.0,0.0,0.0,0,0.9355943989474329,0.9160833632767371,False,False,False,False,-0.10782258064476102,-0.09483972550543193,False,False,False,False,1154926,1156369.638285759,False,False,False,False,45279.781528999214,False,False,False,False
2024-09-11 00:00:00+00:00,164.065483488,164.7059763875,160.7885430721,163.896671406,39033,,,,,,,,,,,163.1866676492,170.00925758854999,173.44282058486394,169.38687189885502,169.49911831852413,168.8701172247085,166.76696128580326,163.7291209309988,161.98347832746146,160.08804184118034,156.87260830294736,155.6993825801628,153.71743296577174,150.5320421231959,149.22327810860807,144.7385469424721,143.86832011063754,141.34951849038916,139.4638514389105,136.45121446453498,,150.5320421231959,144.7385469424721,139.4638514389105,,156.94393255888878,#000000,8.540966638957661,166.75660042211095,-0.3150834147783723,40.238532026301314,-4.528783158295283,False,True,False,True,False,0.0,0.0,0.0,0.0,0.0,0,0.9311446100000471,0.9131438738178715,False,False,True,False,-0.1554895100414693,-0.12516461777345061,False,False,False,False,1115893,1154782.3191372976,False,False,True,False,45034.80970433258,False,False,True,False
2024-09-12 00:00:00+00:00,166.2501104319,166.7515816168,163.4597460172,165.5053512465,27078,,,,,,,,,,,164.12890651077788,169.8527350963027,173.3523870320005,169.3649555692187,169.47886954551606,168.86017028273224,166.76354584439628,163.73313502468912,161.99099768804146,160.09843278502098,156.88567252561913,155.71331977660196,153.73285992500155,150.55000502625282,149.2421143264801,144.7599800678303,143.89020236403366,141.37266798304907,139.48802539878088,136.47656700965715,,150.55000502625282,144.7599800678303,139.48802539878088,,156.98677748910012,#000000,8.544623268628488,166.76607023430103,-0.06038414874244602,41.23201729799145,-4.528783158295283,False,True,False,True,False,0.0,0.0,0.0,0.0,0.0,0,0.9462100068399432,0.8893393276215665,False,False,False,False,-0.10535672161884552,-0.11526066969614807,False,False,False,False,1142971,1154319.1301515212,False,False,False,False,44330.6210884764,False,False,False,False
2024-09-13 00:00:00+00:00,170.6988052995,171.1059403209,166.8459177802,168.712780805,33271,,,,,,,,,,,165.94384844003767,169.84039433224342,173.3000138316112,169.36622611139904,169.47930929848573,168.86265430491716,166.77265364354074,163.7494092561126,162.01087880298476,160.12073103445053,156.90922746989747,155.7374866735482,153.75829300083205,150.57800479407626,149.27097264309197,144.7914051099311,143.9220756170436,141.40583359147243,139.52229902609037,136.5120117314744,,150.57800479407626,144.7914051099311,139.52229902609037,,157.09268643566205,#000000,8.529475649317378,166.8579799974286,0.45030028339183936,45.09935093180156,-4.528783158295283,False,True,False,True,True,1.2258048045018946,0.0,0.0,0.0,0.0,0,0.9606766587296555,0.8715186168762409,False,False,False,False,-0.02410254719177928,-0.06968160844396368,False,False,False,False,1176242,1155178.850537736,False,False,False,False,43896.91045755576,False,False,False,False
2024-09-16 00:00:00+00:00,171.1953114231,171.6322368119,168.0971132118,171.2648222804,38188,,,,,,,,,,,167.15535268913735,169.86131950206854,173.25344899253528,169.37358307491897,169.48513184282857,168.86860246580883,166.7858672401692,163.7704029494945,162.03585087296264,160.14824230298208,156.9377704589276,155.76663776252119,153.78878046022137,150.6113209448581,149.30522920444074,144.82847755409844,143.95964098840543,141.44482717403363,139.56253223299052,136.553532420349,,150.6113209448581,144.82847755409844,139.56253223299052,,157.17482755668757,"rgba(38, 166, 154, 0.5)",8.498492310816294,166.92883736876047,0.5020271712088821,47.99776048830188,-7.457022133115025,False,True,False,False,True,1.5262699737038083,0.0,0.0,0.0,0.0,0,0.9680494652571067,0.8679345849672381,False,False,False,False,-0.021064468676330547,-0.045373038560147114,False,False,False,False,1214430,1157502.4250264524,False,False,False,False,43673.03161608298,False,False,False,False
2024-09-17 00:00:00+00:00,173.2806371423,175.7194752215,171.1357306883,172.7742008962,67656,,,,,,,,,,,169.2069494213968,170.11957716519723,173.25680773567285,169.4282428249064,169.53298946630315,168.90124225319508,166.82923247578574,163.8245818064958,162.0960103866049,160.21123961846027,156.9995855963404,155.82884261073488,153.85250698218925,150.67922825086646,149.37447928909296,144.90177619451754,144.0336568217176,141.52097411042863,139.64064658172632,136.63351132269642,,150.67922825086646,144.90177619451754,139.64064658172632,,157.3436040457164,"rgba(38, 166, 154, 0.5)",8.497850375990929,167.10816036352043,0.7263574322535438,51.25454980786765,-4.44534638481214,False,False,False,False,True,2.786732290656971,0.0,0.0,0.0,0.0,0,0.9780819884700148,0.8612668530464541,False,False,False,False,0.03204311496009678,-0.006664961800025168,False,False,False,False,1282086,1162388.055417572,False,False,False,False,44613.54018015816,False,False,False,False
2024-09-18 00:00:00+00:00,174.7403651458,179.6160552797,173.3402178772,173.5984010614,54819,,,,,,,,,,,170.61764722898275,170.44410082218428,173.3130315632773,169.4990141540959,169.59576535354347,168.94203721957436,166.8773144142363,163.87949721594686,162.15507362319397,160.27153166897583,157.0569866748347,155.886115356203,153.91046428713682,150.74003064126856,149.43615901347283,144.96612361329915,144.09848359975965,141.58726714902275,139.70838372080667,136.7024880515513,,150.74003064126856,144.96612361329915,139.70838372080667,,157.48437576856833,"rgba(38, 166, 154, 0.5)",8.520802116051211,167.27267372394135,0.8764070940916777,54.30002038576755,-1.665552329762015,False,False,True,False,True,3.6609051870569544,0.0,0.0,0.0,0.0,0,0.9809283261669771,0.8606071554121839,False,False,False,False,0.06661124755810285,0.029973142879038843,False,False,False,False,1336905,1169231.8571659026,False,False,False,False,45013.754290740195,False,False,False,False
2024-09-19 00:00:00+00:00,179.8245878516,180.1026312808,176.4979968234,179.3181516055,43795,,,,,,,,,,,171.79824968598246,170.80321775688267,173.4048955256226,169.57965345107058,169.66777707611482,168.98777634788573,166.92763314472845,163.93354509603145,162.21180983105904,160.3282731854678,157.10963723242807,155.9382543069327,153.96264580900908,150.79398873302563,149.49062449766652,145.02215655428378,144.15480575364066,141.64452078051204,139.76665344132655,136.76149734401722,,150.79398873302563,145.02215655428378,139.76665344132655,,157.6143807776844,"rgba(38, 166, 154, 1.0)",8.594046183632898,167.43513149120633,1.4416325087930075,58.86807638097016,2.5030451004038454,True,False,True,False,True,6.603566932713171,0.0,0.0,0.0,0.0,0,0.9689348689832934,0.8666435920393136,False,False,False,False,0.11342102763331526,0.07169708525617705,False,False,False,False,1380700,1177524.7255123379,False,False,False,False,44965.96000482881,False,False,False,False
2024-09-20 00:00:00+00:00,176.8753414773,179.3776330391,175.8128183728,179.3479419729,194820,,,,,,,,,,,173.96930328242402,171.8539285833946,173.67832387441464,169.86815531088678,169.9261029455151,169.1568475225248,167.1196643608053,164.14627532404404,162.43788902515502,160.5570108002414,157.32531444301063,156.15279013745067,154.17872399351674,151.01920467154122,149.71859513605065,145.25855969126272,144.39273898633482,141.8872151490832,140.01420268679746,137.01300228909713,,151.01920467154122,145.25855969126272,140.01420268679746,,157.98369241067752,"rgba(38, 166, 154, 1.0)",8.582348280887034,167.87327645601718,1.0489046501795432,59.43702199056544,2.9239832190508466,True,False,True,False,True,4.658627939405115,0.0,0.0,0.0,0.0,0,0.9517012278200576,0.8939257814184265,False,False,False,False,0.09312513868606602,0.08241111197112153,False,False,False,False,1185880,1177852.3833353834,False,False,False,False,50842.58902424729,False,False,False,False
2024-09-23 00:00:00+00:00,176.5675076807,177.8683537245,175.7234472705,177.8385633571,26895,,,,,,,,,,,174.11005694378554,171.95931690626207,173.70711070592773,169.9030714464477,169.95747303179314,169.17788493723006,167.14400867104268,164.17372680821614,162.46726314720297,160.5869298988999,157.3537951253021,156.1811921663567,154.20743118471057,151.0492531723818,149.74905696062746,145.29028319000324,144.42469005517242,141.91986467452213,140.04754383942486,137.04693498892996,,151.0492531723818,145.29028319000324,140.04754383942486,,158.022844392712,"rgba(38, 166, 154, 1.0)",8.590684621748055,167.9168364397136,1.00698275188528,59.566188540336775,3.1205206535025596,True,False,True,False,True,4.456927067843569,0.0,0.0,0.0,0.0,0,0.9298940166074109,0.9136741908520284,False,False,False,False,0.07020792359513897,0.07630951778313025,False,False,False,False,1158985,1177112.485949682,False,False,False,False,49903.467886041515,False,False,False,False
2024-09-24 00:00:00+00:00,178.7322743796,179.7352167493,177.5803801728,177.8683537245,28081,,,,,,,,,,,174.3419823405611,172.10799495124488,173.75579870911227,169.94953816513134,169.99933664075357,169.20540975507305,167.1744783475821,164.2067254744585,162.5020100029492,160.6218367527034,157.3864475516955,156.2135891283372,154.23993292984386,151.0829450479284,149.78309817095789,145.32540173835923,144.46000624328434,141.95580780080167,140.08415047552523,137.08405202812838,,151.0829450479284,145.32540173835923,140.08415047552523,,158.07402711272155,"rgba(38, 166, 154, 1.0)",8.590142212416868,167.97810305735248,1.2519200563062378,60.823364289423026,4.498763423605055,True,False,True,False,True,5.7157885790176515,0.0,0.0,0.0,0.0,0,0.9238722069495392,0.9330629635664872,False,False,False,False,0.12374578907943547,0.10002765343128286,False,False,False,False,1187066,1177502.8198340083,False,False,False,False,49047.68483168695,False,False,False,False
2024-09-25 00:00:00+00:00,178.0768862965,179.3975925853,177.5158343768,178.7223442572,39054,,,,,,,,,,,174.6047708466472,172.29364669143644,173.81721613744705,170.01077474417497,170.0545587914149,169.24201218720003,167.21529797290864,164.25125847924107,162.54904034477318,160.6692173936525,157.4309445008673,156.25778635660703,154.28434203949644,151.12906933954974,149.82973258203515,145.37360580873525,144.50849709943907,142.00520077452114,140.13448251690863,137.13512660738334,,151.12906933954974,145.37360580873525,140.13448251690863,,158.13982906072195,"rgba(38, 166, 154, 1.0)",8.561997056451121,168.05524413162752,1.1704795153277434,61.06403979914257,4.9791403183819725,True,False,True,False,True,5.273245280485966,0.0,0.0,0.0,0.0,0,0.9107893412241433,0.9612323873272975,False,False,False,False,0.11793502031020588,0.10898133687074438,False,False,False,False,1148012,1176346.3170954199,False,False,False,False,48655.77562260119,False,False,False,False
2024-09-26 00:00:00+00:00,181.2545254876,183.3199909619,179.6061251572,180.8672507112,45105,,,,,,,,,,,175.0848745751473,172.59678673487778,173.93290769358757,170.10603134846662,170.14070766022868,169.29804914175264,167.2749637574767,164.3134588060772,162.61348777876967,160.73306204715306,157.4895996999578,156.31566633157638,154.3419369968113,151.1881237815982,149.88917219325955,145.43426241354922,144.56938562104406,142.06687687574797,140.19709746187436,137.1983323914241,,151.1881237815982,145.43426241354922,140.19709746187436,,158.23923916551902,"rgba(0, 255, 255, 0.75)",8.617721530659416,168.18044675688367,1.5171154793297117,62.905360702052356,7.002502093471364,True,False,True,False,True,7.114666723289641,0.0,0.0,0.0,0.0,0,0.9055070999591758,0.9462640178488485,False,False,False,False,0.20586921017992485,0.1574252735253346,False,False,False,False,1193117,1177003.9909348153,False,False,False,False,48516.52951975408,False,False,False,False
2024-09-27 00:00:00+00:00,181.095643528,185.152098558,180.2515831179,182.6050221438,30464,,,,,,,,,,,175.40770279286912,172.80735948437365,174.01695718677232,170.17381478843024,170.20210170614294,169.3380048986104,167.31716936560483,164.3571037436765,162.65854801600844,160.7775655550939,157.53032900016507,156.35580816494314,154.38180593087074,151.22889629448477,149.9301731019438,145.4759926036579,144.61125699325905,142.10924039261587,140.2400716941874,137.24166442628155,,151.22889629448477,145.4759926036579,140.2400716941874,,158.3080783069996,"rgba(38, 166, 154, 1.0)",8.669391425256677,169.42473569468967,1.3462199664107095,63.97397150392429,8.272447562217053,True,False,True,False,True,7.004174011874671,0.0,0.0,0.0,0.0,0,0.9220118417809514,0.9208447434652772,False,False,False,False,0.24295903162704546,0.20019215257619005,False,False,False,False,1162653,1176441.2069765872,False,False,False,False,47808.58718564608,False,False,False,False
2024-09-30 00:00:00+00:00,181.5027785494,182.0886557753,178.7223442572,181.0559230382,26694,,,,,,,,,,,175.61372360790108,172.9580078519148,174.0768381241326,170.22574927551847,170.24917161032712,169.36902703344828,167.35049943372098,164.39219016214196,162.6950498928198,160.81387619613747,157.5638927104342,156.38898420828278,154.4148976532999,151.26292778982582,149.96446329721874,145.51109322086748,144.64650989970997,142.14499744896466,140.27640479953678,137.27838836578678,,151.26292778982582,145.51109322086748,140.27640479953678,,158.35983462909948,"rgba(38, 166, 154, 1.0)",8.741943386707128,169.45389366513524,1.3782844787791837,64.90987068041841,9.428546546601964,True,False,True,False,True,7.242574746532046,0.0,0.0,0.0,0.0,0,0.9218140559659669,0.9150666827451599,False,False,False,False,0.17464519507899026,0.18741867382759014,False,False,False,False,1189347,1176947.3165069171,False,False,False,False,46980.564158757996,False,False,False,False
2024-10-01 00:00:00+00:00,179.139409401,181.7510316112,177.898144092,181.5623592842,28809,,,,,,,,,,,175.77224397693897,173.0908163122245,174.1291470147101,170.27504832628819,170.29388199526474,169.39888786067363,167.38315222215567,164.4271840568657,162.7317290077357,160.85061747163806,157.59817852737925,156.42296714387405,154.44893018502148,151.29810872608724,149.99997659814582,145.54763683834113,144.68324384416772,142.18234173784546,140.31440789318688,137.316883609093,,151.29810872608724,145.54763683834113,140.31440789318688,,158.4082691673819,"rgba(38, 166, 154, 1.0)",8.760900028785557,169.4770622681885,1.102894348875581,63.03701147647457,9.428546546601964,True,False,True,False,True,5.569320027163698,0.0,0.0,0.0,0.0,0,0.9105939787715395,0.9308362212788716,False,False,False,False,0.15764007302634814,0.17252937342696914,False,False,False,False,1160538,1176303.8138988027,False,False,False,False,46267.953799591014,False,False,False,False
2024-10-02 00:00:00+00:00,177.9875151942,180.4203951999,177.9875151942,179.0202479313,16900,,,,,,,,,,,175.84129478230471,173.15702658918048,174.15496320318218,170.3012731617206,170.31767943323428,169.41495988320668,167.40098030903502,164.4465617738074,162.75215751451648,160.87118954573984,157.61751417851718,156.44217135488245,154.46821970172746,151.31812538150322,150.0202094521532,145.56853629542627,144.70426533189806,142.20374773790084,140.33621515212835,137.33900773692514,,151.31812538150322,145.56853629542627,140.33621515212835,,158.43380492594946,"rgba(38, 166, 154, 0.5)",8.728588036701954,169.48808296619038,0.9737465203159119,60.66737838007956,9.428546546601964,True,False,True,False,False,4.762238051887056,0.0,0.0,0.0,0.0,0,0.8996187174642866,0.9378722909030506,False,False,False,False,0.13957133563586174,0.15605035453141544,False,False,False,False,1143638,1175022.801589046,False,False,False,False,45116.26933686196,False,False,False,False
2024-10-03 00:00:00+00:00,175.8128183728,178.255628501,175.544705066,176.4880667009,27222,,,,,,,,,,,175.86598342556053,173.21903721449493,174.17599612822818,170.332028594639,170.34558879756486,169.43452348147113,167.42390744610475,164.47276566159755,162.78033341932218,160.9000611188366,157.6452689995449,156.46991456510463,154.4963453437548,151.34765892317762,150.05018465505648,145.59985876378673,144.73583000871986,142.2360484141952,140.36922806219317,137.37265446982954,,151.34765892317762,145.59985876378673,140.36922806219317,,158.46366087465913,"rgba(38, 166, 154, 0.5)",8.673841747788014,169.47423625230908,0.7307698600919673,57.122979865983055,12.51212903921541,True,False,True,False,False,3.2521431530619473,0.0,0.0,0.0,0.0,0,0.8928959159539829,0.9487925614211834,False,False,False,False,0.07319262858754477,0.11462149155948011,False,False,False,False,1116416,1172724.4956443775,False,False,False,False,44414.533284436,False,False,False,False
2024-10-04 00:00:00+00:00,179.9040288314,180.1224915258,177.3619174784,178.8117153594,26791,,,,,,,,,,,175.97600616114048,173.32384160858743,174.21865834713415,170.37452065597378,170.3842076277705,169.46065971080307,167.45274437579064,164.50396016724005,162.81315388338354,160.93306404350818,157.67624136536318,156.50066049851492,154.52720237887556,151.37964101211983,150.08249929382202,145.63320076878583,144.7693605961144,142.2701758466574,140.40398352675751,137.40789973376977,,151.37964101211983,145.63320076878583,140.40398352675751,,158.50458408010564,"rgba(38, 166, 154, 1.0)",8.652343192329809,169.5145008783989,1.2007762200430618,57.74196510155609,12.51212903921541,True,False,True,False,False,5.768306825024368,0.0,0.0,0.0,0.0,0,0.8883730995441237,0.9509462312213767,False,False,False,False,0.12618733446549574,0.12040441301248792,False,False,False,False,1143207,1171566.9467955786,False,False,False,False,43723.41433210518,False,False,False,False
2024-10-07 00:00:00+00:00,180.3409542202,181.0936575036,177.4413584582,178.4840213178,41260,,,,,,,,,,,176.15612881305455,173.49135193206774,174.28943335401362,170.44282559233045,170.44635835535618,169.50268696693615,167.49875251755566,164.5533629656219,162.86497098228443,160.98503641266367,157.7248651196005,156.548882501602,154.57552817371058,151.42962940974104,150.13297299151867,145.68517846970144,144.82161569995196,142.32331652195947,140.45807140137615,137.46270737961382,,151.42962940974104,145.68517846970144,140.45807140137615,,158.56968377803298,"rgba(38, 166, 154, 1.0)",8.601258818396147,169.58736520888075,1.250234324808334,58.436283455759614,12.51212903921541,True,False,True,False,False,6.031883941499608,0.0,0.0,0.0,0.0,0,0.8792340848774642,0.942201913253454,False,False,False,False,0.14223987447965514,0.13132214374607154,False,False,False,False,1184467,1172072.8312349678,False,False,False,False,43626.80984849321,False,False,False,False
2024-10-08 00:00:00+00:00,180.0927011583,181.3041761,178.5386369914,180.3608144651,33100,,,,,,,,,,,176.30171632507606,173.62680462640782,174.34855597365674,170.49897667802782,170.497511743296,169.5373196857339,167.53647862258373,164.59368586595346,162.90718097755627,161.0273077640762,157.76434363509858,156.5880123324843,154.6147069483924,151.47010458712836,150.17382339654017,145.72719447325733,144.86384742644816,142.36624098351658,140.5017448775147,137.50694038511085,,151.47010458712836,145.72719447325733,140.5017448775147,,158.62262486539296,"rgba(38, 166, 154, 1.0)",8.537738541883584,169.64933659908144,1.2232003250025227,58.645685872609405,12.51212903921541,True,False,True,False,False,5.853415112323589,0.0,0.0,0.0,0.0,0,0.8901387974624096,0.9354292766269348,False,False,False,False,0.16132785587813828,0.1463249998121049,False,False,False,False,1151367,1171260.8378532045,False,False,False,False,43213.993776003284,False,False,False,False
2024-10-09 00:00:00+00:00,179.6160552797,181.830472591,178.8712960942,179.6359155246,34337,,,,,,,,,,,176.4463142024807,173.764170365385,174.40996256637763,170.5573053674483,170.55070535396646,169.57344107816968,167.5757727162374,164.635638166044,162.9510741853381,161.0712540276895,157.8053838698927,156.62868703103624,154.65542595528646,151.51215843375786,150.21626312921126,145.7708337853772,144.9077089392811,142.410816827008,140.5470945379649,137.5528666811233,,151.51215843375786,145.7708337853772,140.5470945379649,,158.67714386095378,"rgba(38, 166, 154, 1.0)",8.464708312809087,169.71309344360938,1.1699117642488768,58.27056772119831,12.51212903921541,True,False,True,False,False,5.506030955926871,0.0,0.0,0.0,0.0,1,0.8928935058236549,0.9257041818215425,False,False,False,False,0.1739276258699661,0.1601263128410355,False,False,False,False,1117030,1169134.1383295495,False,False,False,False,42865.876373022766,False,False,False,False
2024-10-10 00:00:00+00:00,173.3203576322,177.2924066211,172.5160177119,177.2924066211,56950,,,,,,,,,,,176.32355376428887,173.78496250507715,174.40937675173387,170.59537866806383,170.58551209939998,169.6005129874216,167.61085081552923,164.67913475920125,162.99923129739406,161.1218907000984,157.8557166979082,156.6794505405445,154.70753509602514,151.56771365080306,150.2729448938201,145.83093099352809,144.96841282971008,142.47331442042636,140.6112201449096,137.6185933057764,,151.56771365080306,145.83093099352809,140.6112201449096,,158.714811846083,#000000,8.339422656354946,169.68601561146724,0.4358025933561789,52.74240636812861,7.706518449935409,False,False,False,False,False,1.0993219730832777,0.0,0.0,0.0,0.0,1,0.8665325328080287,0.9546799928464902,False,False,False,False,0.07221784569016126,0.11617207926559839,False,False,False,False,1060080,1164857.5054538809,False,False,False,False,43418.19494662972,False,False,False,False
2024-10-11 00:00:00+00:00,174.5318325738,176.4873715923,173.9409902867,173.9409902867,79117,,,,,,,,,,,176.22180140717265,173.8391195349993,174.42299000014282,170.65536835999535,170.64044885146077,169.6423629519508,167.66332973932623,164.74268484775746,163.06901695876422,161.19481140824016,157.92770074812327,156.7519091959233,154.78170438896382,151.64650017368066,150.35323252840737,145.91577891529113,145.0540730340239,142.5613875097133,140.70150674089243,137.7110246959815,,151.64650017368066,145.91577891529113,140.70150674089243,,158.7748375995405,"rgba(38, 166, 154, 0.5)",8.170071948958649,169.68820776568302,0.5928497127536724,50.12723730450228,5.278082139726891,False,False,False,False,False,1.8851652728015154,0.0,0.0,0.0,0.0,1,0.8976657325350652,0.9410419742195195,False,False,False,False,0.08253168856210008,0.09935188391384923,False,False,False,False,1139197,1163851.2111223561,False,False,False,False,44818.14808597758,False,False,False,False
2024-10-14 00:00:00+00:00,174.7800856356,175.3858231065,174.1048373075,174.2637192671,37939,,,,,,,,,,,176.17021662251202,173.8585333531766,174.4267233751974,170.682061911654,170.66494167547853,169.66134835021836,167.68744953949073,164.77220443664925,163.101554098988,161.22892953656364,157.96154297202833,156.78601688404356,154.81667633712118,151.68372280025974,150.39119065520524,145.95597086164963,145.09466246323174,142.60315404661668,140.74434478528732,137.75491406196917,,151.68372280025974,145.95597086164963,140.74434478528732,,158.80230793836705,"rgba(38, 166, 154, 0.5)",8.00853837868241,169.69097299638838,0.6354608542250482,48.60896297013133,3.8729271665596627,False,True,False,True,False,2.0473771106201575,0.0,0.0,0.0,0.0,0,0.9339477083986022,0.9080224162213778,False,False,False,False,0.06693731413096055,0.0831445990224049,False,False,False,False,1177136,1164372.1832352048,False,False,False,False,44548.37757280199,False,False,False,False
2024-10-15 00:00:00+00:00,178.2456983785,179.8841685864,173.6977022862,173.8267938783,74715,,,,,,,,,,,176.2419190608114,173.9951954734809,174.4881035919443,170.7655039857965,170.74150811953805,169.71660856722826,167.7512285575059,164.84437127149073,163.1788385494246,161.30803848707617,158.03772977446698,156.86217256657773,154.89384650698835,151.76464213798783,150.4732915098692,146.04169014042446,145.18103423519912,142.69150971465766,140.83461793398016,137.84690740237727,,151.76464213798783,146.04169014042446,140.83461793398016,,158.88293787934128,"rgba(38, 166, 154, 1.0)",7.878019875431537,169.7613593480525,1.0769633949397406,50.47104498875527,3.8729271665596627,False,False,False,False,False,4.2823098207371935,0.0,0.0,0.0,0.0,1,0.9800831437523432,0.8764746944892675,False,False,False,False,0.1353160346989547,0.1092303168606798,False,False,False,False,1251851,1167802.7250691182,False,False,False,False,45731.38237386858,False,False,False,False
2024-10-16 00:00:00+00:00,181.2346652427,182.714253491,179.2486407482,180.4501855673,40709,,,,,,,,,,,176.40655454370767,174.1459752796031,174.56441817673175,170.83603824223823,170.80625071227442,169.76130845616487,167.79930937042872,164.89522354148144,163.23181985285711,161.36096707544795,158.08711638888147,156.9110883714434,154.94275259382485,151.81503470488622,150.5241097351805,146.09384101498534,145.23343389184166,142.74471658792092,140.88871237132614,137.9016512661306,,151.81503470488622,146.09384101498534,140.88871237132614,,158.94751610886783,"rgba(38, 166, 154, 1.0)",7.646256677445404,170.8900481282762,1.3528995364408725,53.70742322552463,3.8729271665596627,True,False,True,False,True,6.138885184901973,0.0,0.0,0.0,0.0,1,0.9881502058315426,0.8723657913406656,False,False,False,False,0.28020822056691813,0.19471926871379897,False,False,False,False,1292560,1172695.1672232705,False,False,False,False,45534.42620234433,False,False,False,False
2024-10-17 00:00:00+00:00,180.0529806685,181.7510316112,179.0252129926,181.7510316112,27110,,,,,,,,,,,176.49255397538587,174.2318152439375,174.60821213254079,170.87889312093594,170.84563418506445,169.78881616166214,167.82924252146142,164.92726726541986,163.2653746460911,161.39465179088873,158.11876199503263,156.94249306011173,154.97423897406617,151.84759428071416,150.55698604754545,146.12770259064496,145.26747750243442,142.77933946745955,140.92394947456128,137.93736550483797,,151.84759428071416,146.12770259064496,140.92394947456128,,158.98691849703977,"rgba(38, 166, 154, 1.0)",7.3530226246965755,170.92038769348588,1.242018886809964,54.786424067420974,-0.8093376231442377,True,False,True,False,True,5.2885454054139664,0.0,0.0,0.0,0.0,1,1.0024453880721764,0.8590674036504208,False,False,False,False,0.2591213284183273,0.22692029856606313,False,False,False,False,1265450,1176332.6116458876,False,False,False,False,44811.899684605334,False,False,False,False
2024-10-18 00:00:00+00:00,178.3350694807,181.0459929157,177.5009391931,181.0459929157,24293,,,,,,,,,,,176.54074368245227,174.29041427050933,174.63791094600288,170.91163522096372,170.87576308696913,169.81026642895696,167.85312110552513,164.95341642440923,163.29301372937047,161.4226383056314,158.14536338680665,156.96898007031876,155.00092344958355,151.8753599584954,150.58508298709685,146.1568217527218,145.2967830949578,142.80922371453264,140.95441763748323,137.968324620364,,151.8753599584954,146.1568217527218,140.95441763748323,,159.01751019365756,"rgba(38, 166, 154, 1.0)",7.0627230482869345,170.92793695407016,1.0487644037559216,54.00289052639736,-0.8093376231442377,True,False,True,False,True,4.059436848156256,0.0,0.0,0.0,0.0,1,0.9937287516881481,0.8498638298387975,False,False,False,False,0.22009238969107797,0.22350634412857057,False,False,False,False,1241157,1178874.7445225196,False,False,False,False,44007.23695187571,False,False,False,False
2024-10-21 00:00:00+00:00,175.564565311,178.61311291,175.2468013918,177.709471765,26497,,,,,,,,,,,176.5393691614496,174.31954519113268,174.6514812407074,170.93611032208696,170.89834541980784,169.82722371456737,167.8732468332257,164.9767851079946,163.3182840961838,161.4487500994405,158.17084506731447,156.99454016917937,155.02694858354684,151.90280639434175,150.61298653100107,146.1861215783381,145.32633333260637,142.83952553303425,140.98542447500137,137.99999477755256,,151.90280639434175,146.1861215783381,140.98542447500137,,159.04173338142564,"rgba(38, 166, 154, 0.5)",6.639617723002033,170.90027544936083,0.7024937362704449,51.32790352632,-0.8093376231442377,False,False,False,False,False,2.116686315666662,0.0,0.0,0.0,0.0,1,0.983630529785493,0.8647247085068024,False,False,False,False,0.14000188836990915,0.18175411624923987,False,False,False,False,1214660,1180278.0878745778,False,False,False,False,43320.56099297862,False,False,False,False
2024-10-22 00:00:00+00:00,172.0790923232,174.7403651458,171.8705597512,174.7304350233,35330,,,,,,,,,,,176.44082909784922,174.29468650978612,174.6343645482484,170.94754405046456,170.9090344334648,169.83760189614506,167.88883358739108,164.9981461095869,163.34270530062633,161.47516854677104,158.19809093709438,157.02227604468357,155.05577864205628,151.93399198764692,150.64496383981088,146.22049596290753,145.3611312031898,142.87555485455675,141.0225237175544,138.0382218607793,,151.93399198764692,146.22049596290753,141.0225237175544,,159.0570971565307,#000000,6.293845832468466,170.81055010961535,0.20155279416609512,47.31286082926868,3.102821973660248,False,True,False,True,False,0.0,0.0,0.0,0.0,0.0,0,0.9709321014902824,0.8751055414602807,False,False,False,False,0.019216097895641097,0.10048510707244049,False,False,False,False,1179330,1180240.9079579278,False,False,False,False,43007.20565992064,False,False,False,False
2024-10-23 00:00:00+00:00,171.2747524029,172.4862273445,170.6392245647,170.6392245647,22196,,,,,,,,,,171.4667347707,176.35770707536105,174.26398397357886,174.61507143642382,170.949439346207,170.91090230098473,169.84105513747565,167.89579455114043,165.00908839274032,163.3556974832472,161.48963346812724,158.21349637547627,157.03808645879616,155.0723956442204,151.95220370025484,150.66371863250023,146.24089120496882,145.38181504199767,142.89707001323345,141.04474350860318,138.06121172653698,,151.95220370025484,146.24089120496882,141.04474350860318,,160.73297642580184,#000000,6.07966948748236,171.25174204481982,0.0037848041127149855,44.169400051436014,0.202603263797414,False,True,False,True,False,0.0,0.0,0.0,0.0,0.0,0,0.9656399028562414,0.8879885160119481,False,False,True,False,-0.0384464026623075,0.031019352205066495,False,False,False,False,1157134,1179334.7547046759,False,False,True,False,42191.07994776689,False,False,True,False
2024-10-24 00:00:00+00:00,176.3093244964,176.8654113548,170.9569884838,172.8437117535,62148,,,,,,,,,,173.85692457429474,176.28408240261376,174.27715923324575,174.61667281849563,170.98749375629038,170.94620354821126,169.86978536423993,167.93271661317922,165.05482216082328,163.40631550604766,161.5430087830193,158.2669524984997,157.09208265299483,155.1279148079507,152.01146195839158,150.7242125114713,146.3051431105632,145.4467354365731,142.9639601887462,141.11340139474638,138.13164903719908,,152.01146195839158,146.3051431105632,141.11340139474638,,160.8913524660199,"rgba(38, 166, 154, 0.5)",5.934956767315628,171.3465763222928,0.8361894397340041,46.154189882464465,0.202603263797414,False,True,False,True,False,2.533088354025029,0.0,0.0,0.0,0.0,0,0.9665679051077369,0.8714899585059146,False,False,False,False,0.0392687395784153,0.035144045891740895,False,False,False,False,1219282,1180901.3133437082,False,False,False,False,42973.70426354074,False,False,False,False
2024-10-25 00:00:00+00:00,175.7035870256,178.255628501,174.8148410643,178.255628501,33562,,,,,,,,,,174.54039722656674,176.28346808900233,174.30822335982205,174.63140212522333,171.01613514561126,170.97272113624336,169.8900749340364,167.9570042883254,165.08327051422256,163.43718004883166,161.57502083322854,158.29837991613906,157.12365451258836,155.16012560454726,152.04550812416832,150.7588542561332,146.34160453135468,145.48352283521066,143.00172135438743,141.15206501701263,138.17117950419603,,152.04550812416832,146.34160453135468,141.15206501701263,,160.95301669263276,"rgba(38, 166, 154, 0.5)",5.924332899046814,171.39675474323832,0.7269733750199324,47.05269665520177,0.202603263797414,False,True,False,True,False,2.119610572310748,0.0,0.0,0.0,0.0,0,0.9735713090719711,0.880658543920113,False,False,False,False,0.12671265620026295,0.08092835104600192,False,False,False,False,1185720,1181090.2814478765,False,False,False,False,42604.617821833264,False,False,False,False
2024-10-28 00:00:00+00:00,178.1166067863,179.2387106257,177.8286332346,177.8286332346,41483,,,,,,,,,,175.54351523810644,176.34323123430656,174.3859256794039,174.67268564441142,171.06536450329486,171.01823656506596,169.923330584641,167.9945057014764,165.12491903884555,163.48144830114705,161.62012591370362,158.34167642716778,157.16687572181203,155.20382127682052,152.09115949720453,150.80511907215393,146.38975868408517,145.5320197304952,143.0512674104169,141.2026376682389,138.22266111752305,,152.09115949720453,146.38975868408517,141.2026376682389,,161.0478811946399,"rgba(38, 166, 154, 1.0)",5.933877029754084,171.50288909379714,1.114569388502638,49.36045120841922,0.202603263797414,False,True,False,False,True,3.665976171096407,0.0,0.0,0.0,0.0,1,0.9700284172282297,0.8645890447395814,False,False,False,False,0.19455550031335203,0.13774192567967697,False,False,False,False,1227203,1182898.6233518815,False,False,False,False,42560.63280921235,False,False,False,False
2024-10-29 00:00:00+00:00,180.6785783842,181.0261326707,174.9935832688,175.5149146986,50356,,,,,,,,,,176.34921032654555,176.42815138919744,174.48775548797866,174.72823203981343,171.12830357368762,171.07647288676685,169.96573636040728,168.04185993805555,165.1770370118228,163.5366414780586,161.67619260563413,158.39530050938745,157.22034829367277,155.25779262677304,152.14742274910958,150.86209569090667,146.4489375751056,145.59159947142936,143.11208135812822,141.26467399737749,138.28576061781538,,152.14742274910958,146.4489375751056,141.26467399737749,,161.1447922684929,"rgba(0, 255, 255, 0.75)",5.952724172203662,171.61526946076384,1.5225481075970924,52.50645099770621,-3.8553285287280232,False,False,False,False,True,5.268908957777665,0.0,0.0,0.0,0.0,1,0.9527532838838669,0.8617092009178222,False,False,False,False,0.17662623150740814,0.15718407859354255,False,False,False,False,1277559,1186610.794985141,False,False,False,False,42866.33348336089,False,False,False,False
2024-10-30 00:00:00+00:00,187.9077075441,188.2354015857,179.6954962594,179.6954962594,49996,,,,,,,,,,178.0681554251637,176.7107809794968,174.72419347635767,174.86412907820704,171.240288836511,171.1799140382486,170.0372307484828,168.11585972243833,165.25227149316376,163.61364637954708,161.75198739430783,158.46474576971434,157.2887268213843,155.32553092870387,152.21631734575902,150.93125764623832,146.51899079898143,145.66183379412334,143.1829847190617,141.33647260683273,138.35802685715214,,152.21631734575902,146.51899079898143,141.33647260683273,,161.32426590013617,"rgba(0, 255, 0, 1.0)",5.9753487822446205,171.87991242224678,2.682319594377289,57.974265500755706,1.2564507307563133,True,False,True,False,True,9.506347371574513,0.0,0.0,0.0,0.0,0,0.9832742486424414,0.8278157145364501,False,False,False,False,0.3428282509247207,0.2500061647591316,False,False,False,False,1327555,1192138.018711214,False,False,False,False,43145.92824871929,False,False,False,False
2024-10-31 00:00:00+00:00,182.5950920214,189.7745705689,182.5355112865,188.6028161171,57639,,,,,,,,,,179.32129896018148,177.00396619730824,174.97657060589015,175.01196787839586,171.36440093811896,171.2947234679075,170.11716492647827,168.19885511626265,165.33697467389683,163.70048381087642,161.83761960140149,158.54343953300855,157.36627439853618,155.4024389186577,152.2946451846357,151.00992923079772,146.59879439607434,145.74186363120475,143.26382990803384,141.41837304337807,138.44051462244244,,152.2946451846357,146.59879439607434,141.41837304337807,,161.49018072105224,"rgba(0, 255, 255, 0.75)",5.96744856554696,172.12295465885865,1.7548768535689112,57.816900866001404,1.2564507307563133,True,False,True,False,True,5.823279400532467,0.0,0.0,0.0,0.0,0,0.9951191246390989,0.8411391396763269,False,False,False,False,0.3428282512512426,0.2964172080051871,False,False,False,False,1269916,1195188.1356244998,False,False,False,False,43714.28400367148,False,False,False,False
2024-11-01 00:00:00+00:00,178.8216454819,185.1173431293,178.61311291,184.7300683529,50773,,,,,,,,,,179.53222296389734,177.12062608920155,175.1013399728182,175.0862624673723,171.43935098489806,171.36430259524428,170.167544548433,168.25350372899436,165.3954631542185,163.76169709841074,161.89919430171022,158.60163148577684,157.424088434175,155.46046649664268,152.35467651856166,151.0705620856828,146.66130313368893,145.8047188785561,143.3277802051924,141.48346588059573,138.50652574231663,,152.35467651856166,146.66130313368893,141.48346588059573,,161.56551005120355,"rgba(38, 166, 154, 1.0)",5.960711686315144,172.21356226799853,1.1086064150817065,55.51677462523863,1.2564507307563133,True,False,True,False,True,3.348398711565288,0.0,0.0,0.0,0.0,0,0.9754891896980178,0.8666889076981994,False,False,False,False,0.21217301559219529,0.2542951117986912,False,False,False,False,1219143,1196127.5420705979,False,False,False,False,43991.09639568436,False,False,False,False
2024-11-04 00:00:00+00:00,181.0162025483,183.1908993697,178.762064747,178.762064747,38532,,,,,,,,,,179.67031598773733,177.20767141669938,175.19475233090847,175.1427249814096,171.4962739856503,171.41719813756077,170.205956932038,168.29511712769684,165.4399536128452,163.80823700656413,161.94599910190004,158.64586623130006,157.4680335444006,155.5045678907125,152.40028798828322,151.11662664580246,146.70878168277008,145.85245880646167,143.3763467752968,141.53289600067728,138.55664909779176,,152.40028798828322,146.70878168277008,141.53289600067728,,161.62150330933576,"rgba(38, 166, 154, 1.0)",5.970653088877084,172.28023198435784,1.4631515906051649,55.10027573048613,1.2564507307563133,True,False,True,False,True,4.6272062650936725,0.0,0.0,0.0,0.0,0,0.9747992111556647,0.8854660634024808,False,False,False,False,0.18610589670002456,0.2202005042493579,False,False,False,False,1257675,1198541.1678717511,False,False,False,False,43777.0141840889,False,False,False,False
2024-11-05 00:00:00+00:00,184.0349597799,184.6307671282,178.7422045021,179.7153565044,36543,,,,,,,,,,179.90108582937134,177.31758993991903,175.3025755584642,175.2085841611573,171.55795180500166,171.47450013888292,170.24709927572266,168.33890259919914,165.48590615401952,163.85592379459186,161.9936086325826,158.69042371323903,157.51217116154632,155.5486723153892,152.44564271742885,151.16233980359934,146.75562643362855,145.89951635769734,143.424098070859,141.58141403555354,138.60572967701546,,152.44564271742885,146.75562643362855,141.58141403555354,,161.68518162489266,"rgba(0, 255, 255, 0.75)",5.964207429023653,172.36256076141768,1.9570746251515088,56.24984448558063,1.2564507307563133,True,False,True,False,True,6.347068317319426,0.0,0.0,0.0,0.0,0,0.9620843957368633,0.8859617573905122,False,False,False,False,0.20690869333606415,0.21355459879271102,False,False,False,False,1294218,1202293.2005042315,False,False,False,False,43493.32735334031,False,False,False,False
2024-11-06 00:00:00+00:00,204.1732481538,208.6715936337,193.8260605376,194.6304004578,83138,,,,,,,,,,183.42686830547945,178.4476057443875,176.1807683260735,175.7499910529346,171.94514856211669,171.83297605133205,170.48931610977334,168.5753799702473,165.71006759853577,164.07769498865483,162.2048145661504,158.87487772617067,157.69103400076386,155.72171455921642,152.61587747263087,151.3311565277829,146.92044364543273,146.06371522983795,143.58704666761705,141.74449166905018,138.76708813118987,,152.61587747263087,146.92044364543273,141.74449166905018,,162.15954943870938,"rgba(0, 255, 0, 1.0)",6.79075499762098,173.14889057436272,4.568616831310524,62.64310040261269,5.857340986334563,True,False,True,False,True,16.13931653632878,0.0,0.0,0.0,0.0,0,0.9969271648989687,0.8099060197906659,False,False,False,False,0.342828252491686,0.2781914256421985,False,False,False,False,1377356,1209158.408327595,False,False,False,False,45048.02039830736,False,False,False,False
2024-11-07 00:00:00+00:00,204.977588074,206.0401111786,201.4226042289,203.6568817852,50671,,,,,,,,,,185.24633227167817,179.13913762234654,176.72594603764807,176.09265970319302,172.1910648854263,172.06095775833245,170.64398880714788,168.7260416837909,165.85247827258968,164.2183584062728,162.33859017852083,158.99148774224503,157.80402474763378,155.83088824170713,152.72306250198818,151.43736804748224,147.02389351576744,146.16673347382576,143.6891612060337,141.84660170183267,138.86800045634462,,152.72306250198818,147.02389351576744,141.84660170183267,,162.43743884027313,"rgba(0, 255, 0, 1.0)",7.57106032829935,173.60831682766207,4.143312810371473,67.04923444488317,9.924635542453998,True,False,True,False,True,16.4795071242226,0.0,0.0,0.0,0.0,0,1.0330890412698457,0.8254923179453199,False,False,False,False,0.342828252608211,0.31050983912520475,False,False,False,False,1428027,1217741.490353964,False,False,False,False,45268.52940229531,False,False,False,False
2024-11-08 00:00:00+00:00,207.7480922438,210.4830592296,204.2871158399,205.9778227039,65409,,,,,,,,,,187.5126526078211,180.09139570762736,177.48149553038485,176.5744808554356,172.53580108511466,172.38085415711936,170.86136994607108,168.9369144389745,166.05074734714637,164.41363542197223,162.5237931492326,159.15226185346066,157.9595835599064,155.98083808042475,152.86976112003617,151.5825397845636,147.1647015471607,146.30684980849628,143.82776444359152,141.98499884779582,139.00448397382863,,152.86976112003617,147.1647015471607,141.98499884779582,,162.8096219646168,"rgba(0, 255, 0, 1.0)",8.377450719006756,174.22460413966027,4.001633579065007,70.48907001358323,13.040418473447197,True,False,True,False,True,17.644610170475534,0.0,0.0,0.0,0.0,0,1.036317008648479,0.8200918487013035,False,False,False,False,0.3428282527561339,0.3266690459406693,False,False,False,False,1493436,1228553.0397518477,False,False,False,False,46058.35177867589,False,False,False,False
2024-11-11 00:00:00+00:00,209.5581431217,210.7366652592,206.8430668049,207.7480922438,37268,,,,,,,,,,188.6933009983008,180.63480792764088,177.9168643704512,176.85579544967104,172.73774503081853,172.56842992949018,170.98924083602682,169.0607968271858,166.1670379826916,164.5280600583475,162.63222751977446,159.24629233454357,158.05052253944766,156.06842799770965,152.9553404343801,151.66718672163597,147.24667663363675,146.38839936580692,143.90837051047083,142.06543971239464,139.08374818168573,,152.9553404343801,147.24667663363675,142.06543971239464,,163.01904815902122,"rgba(0, 255, 0, 1.0)",9.168870330775407,176.85782654075447,3.5664498898175685,73.10627499605658,15.421393473977346,True,False,True,False,True,18.39590450885212,0.0,0.0,0.0,0.0,0,1.0454855607744196,0.823892107589443,False,False,False,False,0.3428282528067585,0.3347486493737139,False,False,False,False,1530704,1240402.0970164812,False,False,False,False,45713.63210108076,False,False,False,False
2024-11-12 00:00:00+00:00,204.207553164,210.1051365189,204.0185918086,209.1503844075,49190,,,,,,,,,,189.8686936921021,181.25062371262294,178.42096152941207,177.1865361675009,172.97961942429134,172.79340311482912,171.14379408023868,169.21122354777143,166.3091276986757,164.66829391835068,162.76557515042458,159.36257777673367,158.1631772689483,156.17721454856883,153.06200732934522,151.77283463333404,147.3494197480423,146.49068487092498,144.00967683191584,142.16667823459824,139.1837164250944,,153.06200732934522,147.3494197480423,142.16667823459824,,163.25760616393157,"rgba(0, 255, 0, 1.0)",9.689642706096803,177.15293690127527,2.7921170143561365,71.65121640618253,15.421393473977346,True,False,True,False,True,14.845978233289404,0.0,0.0,0.0,0.0,0,1.068946591641692,0.8235810070255293,False,False,False,False,0.3152767047191074,0.3250126770464107,False,False,False,False,1481514,1249857.465760933,False,False,False,False,45849.96025397956,False,False,False,False
2024-11-13 00:00:00+00:00,202.9047143453,206.6938867874,202.8947690108,206.644160115,36937,,,,,,,,,,190.55818746268676,181.6591276361696,178.76201660884735,177.41363502682452,173.14841843703007,172.95061085213374,171.25254847329015,169.3174643168682,166.4099765662542,164.7680604728504,162.86069871480555,159.4458993240881,158.24400445846658,156.25542103634467,153.1388951253776,151.84906556440995,147.42378739623834,146.56476206555277,144.0831545963932,142.24018145739964,139.2564102790907,,153.1388951253776,147.42378739623834,142.24018145739964,,163.41729577960157,"rgba(0, 255, 0, 1.0)",10.130192046952768,177.3530323794732,2.5223294728665,69.95303355838666,15.421393473977346,True,False,True,False,True,14.005414069499988,0.0,0.0,0.0,0.0,0,1.0651060778085293,0.8179901305429343,False,False,False,False,0.27980626098642375,0.3024094690164172,False,False,False,False,1444577,1257493.5259271709,False,False,False,False,45500.432400882324,False,False,False,False
2024-11-14 00:00:00+00:00,201.1046088019,204.5854758747,200.1796926939,204.5854758747,28558,,,,,,,,,,190.9679508810985,181.93509718734668,178.99718763109118,177.5723369362544,173.26847740438149,173.06255957532895,171.33053476878027,169.393986820609,166.48304248049652,164.8405471073216,162.93002947818155,159.5069374840369,158.30330664080088,156.3129337169595,153.19561747938766,151.90537098799194,147.47891961504462,146.6197145073187,144.1377581985507,142.29486947924514,139.31059446363437,,153.19561747938766,147.47891961504462,142.29486947924514,,163.52685891901132,"rgba(0, 255, 0, 1.0)",10.465581299126832,177.47739517874334,2.2576112064723963,67.79877776901984,15.421393473977346,True,False,True,False,False,12.846693143355598,0.0,0.0,0.0,0.0,0,1.0597491724929393,0.8272362136191251,False,False,False,False,0.2428167364490846,0.2726131027327509,False,False,False,False,1416019,1263710.211184929,False,False,False,False,44836.02328712224,False,False,False,False
2024-11-15 00:00:00+00:00,201.1642808088,204.8142185681,200.8559754395,204.8142185681,28908,,,,,,,,,,191.36507549592628,182.21127548015914,179.23370014761394,177.73299827522155,173.39034375764197,173.17625506232338,171.40989905356489,169.47184393805605,166.55736627906916,164.91426811190277,163.0005361606951,159.5690121501562,158.363612957415,156.37141313424738,153.25327868889693,151.9626031019434,147.53494285133723,146.6755520995894,144.19323299328656,142.35042364545217,139.36562847192988,,153.25327868889693,147.53494285133723,142.35042364545217,,163.63688166922492,"rgba(0, 255, 0, 1.0)",10.823823282224208,177.6171939090686,2.1754870054468096,66.38301810035799,15.421393473977346,True,False,True,False,False,12.874050999432285,0.0,0.0,0.0,0.0,0,1.0704871685861699,0.8168737266563694,False,False,False,False,0.2497047147665253,0.2611589087496381,False,False,False,False,1444927,1270816.7519227748,False,False,False,False,44211.39492292137,False,False,False,False
2024-11-18 00:00:00+00:00,202.9345503487,204.953453251,200.9653741189,200.9653741189,31991,,,,,,,,,,191.79843245300447,182.51825708638285,179.49737884997563,177.9131840419618,173.52713309314728,173.30393473462132,171.49915874586264,169.55933443956275,166.64080046583064,164.9969769923686,163.07960016774328,159.63857642527054,158.4311781216374,156.4369022605971,153.31780544191164,152.02663262857934,147.59756803012186,146.73796055510965,144.25521067633298,142.4124718031638,139.42707003319865,,153.31780544191164,147.59756803012186,142.4124718031638,,163.75942485065926,"rgba(0, 255, 0, 1.0)",11.21409262839686,177.78607799716215,2.2425775481696726,66.06963012151904,15.421393473977346,True,False,True,False,False,13.6909810351207,0.0,0.0,0.0,0.0,0,1.0743648491481952,0.8071840904700329,False,False,False,False,0.25160106216642236,0.2563799854580302,False,False,False,False,1476918,1278899.1538081563,False,False,False,False,43732.163749473475,False,False,False,False
2024-11-19 00:00:00+00:00,202.6461356484,204.7446012266,200.3686540493,200.3686540493,34483,,,,,,,,,,192.2165169923131,182.83340776935893,179.7707911220455,178.10175715572436,173.67135735944098,173.4386618178012,171.5936984753579,169.65210521886354,166.7294076571548,165.08487406518736,163.16369706082662,159.71268092574425,158.50318280142818,156.50673507240376,153.38666160474523,152.09497707728465,147.66446953594797,146.80464022418226,144.32145583713017,142.47880917198705,139.4927854463142,,153.38666160474523,147.66446953594797,142.47880917198705,,163.88649434724636,"rgba(0, 255, 0, 1.0)",11.533364393068224,177.9604394212887,2.1403725214775906,65.65970990730183,15.421393473977346,True,False,True,False,False,13.497519403845754,0.0,0.0,0.0,0.0,0,1.0701381089964714,0.8131932797682777,False,False,False,False,0.24546325160909324,0.2509216185335617,False,False,False,False,1442435,1285312.3242470522,False,False,False,False,43369.45144557256,False,False,False,False
2024-11-20 00:00:00+00:00,198.1806804606,202.0891969168,197.9121564293,201.2537888193,37907,,,,,,,,,,192.50980231619636,183.11444693132066,180.02295275680913,178.2791578584622,173.81093628472823,173.56927786802217,171.68632724215828,169.7436607495673,166.81768291138184,165.1728405532016,163.24827922587585,159.78780521839224,158.5763540512746,156.57795687610732,153.4572359666957,152.16515805342084,147.73356243948334,146.87357281707486,144.3901248182082,142.54770074089154,139.56122117863055,,153.4572359666957,147.73356243948334,142.54770074089154,,164.00424178396364,"rgba(0, 255, 255, 0.75)",11.699192353577658,178.09513879067254,1.7168314754466987,62.45485005605458,19.196172102933375,True,False,True,False,False,10.54933731189455,0.0,0.0,0.0,0.0,0,1.0727741881685566,0.8187618357859572,False,False,False,False,0.199827035793177,0.22537432716336936,False,False,False,False,1404528,1289987.4487863837,False,False,False,False,43155.23766339324,False,False,False,False
2024-11-21 00:00:00+00:00,200.6968500876,202.8947690108,197.3402996959,199.1851592445,82419,,,,,,,,,200.31063959809998,193.14630637758512,183.72636746087576,180.57437171343486,178.6711599942953,174.1199367648196,173.85870222543812,171.89220257486312,169.94688669893395,167.01333235791736,165.3676345789014,163.43545465173403,159.95392368566044,158.73809838000344,156.7352947443694,153.6129840632333,152.3199797344448,147.88580630293475,147.02543205817355,144.5413167692397,142.69931971148657,139.7117500483265,,153.6129840632333,147.88580630293475,142.69931971148657,,167.14379153674787,"rgba(0, 255, 255, 0.75)",11.85817673634935,180.17212275895793,1.73085017916176,61.45453126670854,17.970988949888095,True,False,True,False,False,11.760656682765791,0.0,0.0,0.0,0.0,0,1.0584087358301553,0.8257179680643048,False,False,False,False,0.18843694532020797,0.20690563624178865,False,False,False,False,1486947,1297711.3527555452,False,False,False,False,44694.99304914253,False,False,False,False
2024-11-22 00:00:00+00:00,203.5014344149,205.1722506099,201.770946213,201.770946213,49052,,,,,,,,,201.49370803341668,193.6249541192294,184.13607259975657,180.93902569878634,178.9311357321048,174.32229637376417,174.04829385325138,172.02684568997842,170.0790572862749,167.139678425432,165.49297276749462,163.55546034321094,160.05986225820544,158.8410644900621,156.83517378759856,153.71144851173642,152.41770774527143,147.98145221989262,147.12075666926262,144.63600596448788,142.79412494395663,139.80565361312833,,153.71144851173642,147.98145221989262,142.79412494395663,,167.36964862846088,"rgba(0, 255, 255, 0.75)",12.10627006976628,180.47636455581247,1.901912787869273,61.96117417282647,17.970988949888095,True,False,True,False,False,13.084191394033532,0.0,0.0,0.0,0.0,0,1.06089318256635,0.8313911516868128,False,False,False,False,0.24458903579136684,0.22574733601657776,False,False,False,False,1535999,1307055.9663729747,False,False,False,False,44865.85606682322,False,False,False,False
2024-11-25 00:00:00+00:00,210.3637152157,211.4925106808,205.1523599409,205.1523599409,62078,,,,,,,,,203.9021588989491,194.476361771722,184.77204683624362,181.49323671976637,179.32470149670098,174.6221709233856,174.32914348308384,172.22523046367556,170.2722436100695,167.32242972607588,165.67330161145088,163.72716728523628,160.21015054858074,158.98672974867415,156.97585543356843,153.84926698994812,152.55416924259575,148.11402172613415,147.25270780161762,144.76660796373764,142.92456037843428,139.93436828350562,,153.84926698994812,148.11402172613415,142.92456037843428,,167.7424851140608,"rgba(0, 255, 0, 1.0)",12.518536653864262,183.09709610195094,2.178099554897443,64.63684255464261,17.970988949888095,True,False,True,False,True,16.15889132369695,0.0,0.0,0.0,0.0,0,1.0617550250223335,0.8036505803019477,False,False,False,False,0.3335566088337462,0.279651972425162,False,False,False,False,1598077,1318468.5559269758,False,False,False,False,45540.842103418385,False,False,False,False
2024-11-26 00:00:00+00:00,208.1856869615,211.0149357184,205.3612119653,208.3448123134,46272,,,,,,,,,204.7289465488855,195.01976788308085,185.21007053844255,181.88047365416313,179.60354368275767,174.83711818382383,174.5307108812802,172.3684755838097,170.41199283328137,167.45496998089789,165.80423485139468,163.85202303958988,160.319711669038,159.09299575654782,157.0785887124934,153.9500362129802,152.65399475212263,148.21114435385425,147.34940249426074,144.86238085050144,143.02025526278524,140.028869950477,,153.9500362129802,148.21114435385425,143.02025526278524,,167.96102912316027,"rgba(0, 255, 255, 0.75)",12.796003303692299,183.39438034340358,1.93742577504203,64.97343090538907,17.970988949888095,True,False,True,False,True,14.715979015736131,0.0,0.0,0.0,0.0,0,1.0498066044418364,0.8233521214837192,False,False,False,False,0.3309017694152303,0.3052768709201962,False,False,False,False,1551805,1327619.0047141532,False,False,False,False,45569.51496210786,False,False,False,False
2024-11-27 00:00:00+00:00,206.4253627561,210.4681412279,206.2065653972,208.5238283343,35333,,,,,,,,,205.1104676197653,195.3922452812227,185.52680126896703,182.16334508375257,179.809296339703,174.9970347869693,174.6808127801132,172.4756130554484,170.51664519383877,167.55439562220917,165.90252967913645,163.9458482962069,160.40218731634874,159.17302893321104,157.156012826999,154.02604262245904,152.72931327468612,148.28449457979315,147.42244185155488,144.93475664924767,143.09259355823954,140.10034018355955,,154.02604262245904,148.28449457979315,143.09259355823954,,168.11016565308168,"rgba(0, 255, 255, 0.75)",13.038023648744389,183.59685591668517,1.7509177352668237,64.05409969666532,17.970988949888095,True,False,True,False,True,13.559916873949721,0.0,0.0,0.0,0.0,0,1.044828155095411,0.840567355938929,False,False,False,False,0.33385165193630867,0.31956426142825245,False,False,False,False,1516472,1335025.0045292843,False,False,False,False,45168.08300280951,False,False,False,False
2024-11-29 00:00:00+00:00,206.7535587944,209.100657735,206.2960734077,208.4343203239,31308,,,,,,,,,205.34267228312964,195.69643845913387,185.7961864278473,182.40581961237908,179.98706748182607,175.136080129589,174.81142057071486,172.569155967973,170.60810093319094,167.6413939330334,165.98858572052373,164.02805131494287,160.47454052318034,159.24326390124745,157.223990967763,154.09281508564533,152.79549639957924,148.34899253008464,147.48667412809726,144.99842571963748,143.15624284369216,140.16324677078032,,154.09281508564533,148.34899253008464,143.15624284369216,,168.23375860447592,"rgba(0, 255, 255, 0.75)",13.249184360780099,183.7639714014253,1.7351700125049128,63.57478746558219,17.970988949888095,True,False,True,False,True,13.710166851415458,0.0,0.0,0.0,0.0,0,1.0397973169392498,0.8540444433234735,False,False,False,False,0.3212633317820073,0.32041379660512986,False,False,False,False,1547780,1343368.3376849985,False,False,False,False,44624.55033603266,False,False,False,False
2024-12-02 00:00:00+00:00,208.6730083517,210.6918118007,205.1822953977,207.0817548327,38820,,,,,,,,,205.66193925096235,196.07720464705244,186.13315077222904,182.70948683729097,180.21067091568293,175.31106921298021,174.97586153538305,172.68709538244298,170.72332220434126,167.7508981440686,166.09684525675308,164.13141730228895,160.5654678963891,159.33150788372942,157.30936308770535,154.1766149092619,152.87853496886825,148.42985047468412,147.56718715830993,145.07820012378298,143.23596880523448,140.24200904817872,,154.1766149092619,148.42985047468412,143.23596880523448,,168.39028439821033,"rgba(0, 255, 255, 0.75)",13.525562256106264,183.9873926465321,1.8251082829494425,64.0511618041145,17.970988949888095,True,False,True,False,True,14.591775787453233,0.0,0.0,0.0,0.0,1,1.039624882973076,0.847144782391578,False,False,False,False,0.3259538795002756,0.32318383805270273,False,False,False,False,1586600,1352906.8342463712,False,False,False,False,44396.9209110902,False,False,False,False
2024-12-03 00:00:00+00:00,207.0021921568,210.4880318969,207.0021921568,209.5481977872,31260,,,,,,,,,205.8696684177706,196.36690627916224,186.39698968333204,182.94869344802632,180.38805154482978,175.45056134289123,175.10703309949278,172.78145192651172,170.8155474388664,167.83860835005308,166.1835812406633,164.21426787164657,160.63840814081794,159.40230938780553,157.37787721538177,154.24388392301123,152.94519944866985,148.4947832484064,147.63184613533832,145.14227407618299,143.300008596175,140.3052833259205,,154.24388392301123,148.4947832484064,143.300008596175,,168.51189711094304,"rgba(0, 255, 255, 0.75)",13.740212306884631,184.15991108321165,1.662440183849492,63.11995993411181,17.802810370189235,True,False,True,False,True,13.461542871399189,0.0,0.0,0.0,0.0,0,1.0473404781619815,0.8425700846769711,False,False,False,False,0.341938104370922,0.3325609712118124,False,False,False,False,1555340,1360845.3897661215,False,False,False,False,43881.74754202784,False,False,False,False
2024-12-04 00:00:00+00:00,208.7824070312,209.2995644249,204.9435079165,205.3612119653,33667,,,,,,,,,206.0178501447879,196.65146852197955,186.66793952843392,183.19644143601144,180.57327053403517,175.59724957202872,175.24507740165302,172.88111744723562,170.91307335841572,167.93150705918498,166.27551326353742,164.30216098838025,160.71590944117835,159.47757093104033,157.45075223049136,154.31549005750017,153.01618327049056,148.56398630674525,147.70076836958836,145.21060197417958,143.36831939446571,140.37280785877684,,154.31549005750017,148.56398630674525,143.36831939446571,,168.6351965918449,"rgba(0, 255, 255, 0.75)",13.999730872571318,184.32988860792915,1.7466420351821859,63.31627628959441,17.694041520345408,True,False,True,False,True,14.294164939885995,0.0,0.0,0.0,0.0,0,1.035100929720741,0.8601715486630336,False,False,False,False,0.3099835992438222,0.32127228522781726,False,False,False,False,1589007,1369792.9038929404,False,False,False,False,43481.16920704636,False,False,False,False
2024-12-05 00:00:00+00:00,204.1976078295,208.5089103326,204.0235644758,208.2453589685,30436,,,,,,,,,205.98737885395047,196.8499934198814,186.8831333623228,183.3973415133758,180.72576489579905,175.72011535428882,175.3608600426627,172.9653247994709,170.99578922070782,168.01070355145538,166.35407780418282,164.3774841041155,160.78263239573684,159.54245443680384,157.51370691511877,154.37751991716863,153.07773894044476,148.62419282651678,147.76076479329248,145.2701732664557,143.42793866964567,140.43183600398476,,154.37751991716863,148.62419282651678,143.42793866964567,,168.72885752068757,"rgba(38, 166, 154, 1.0)",14.106969190501577,184.44387680220058,1.4002817161180077,60.219162357324706,14.521551100100638,False,False,True,False,False,11.228164080786552,0.0,0.0,0.0,0.0,0,1.030073500293321,0.8625499191745325,False,False,False,False,0.29339719435647443,0.3073347397921459,False,False,False,False,1558571,1377195.966485374,False,False,False,False,42969.593944024935,False,False,False,False
2024-12-06 00:00:00+00:00,202.9246050142,206.5944334425,202.2532949359,206.5944334425,32015,,,,,,,,,205.84762614343018,197.01172313172245,187.08471883932896,183.5893498676813,180.87364168490518,175.84117955502487,175.4750902973012,173.04896901357165,171.07823371798096,168.09000096846884,166.4329122889698,164.45325259014237,160.85002161724836,159.6080642174324,157.57747933808034,154.4405052262747,153.1402993682784,148.68555208836034,147.82193965749914,145.33099467687092,143.48886346416433,140.4922390882215,,154.4405052262747,148.68555208836034,143.48886346416433,,168.8140777144286,"rgba(38, 166, 154, 1.0)",14.2370098745544,184.5356291577536,1.2916318818681702,57.35546911111017,11.72464337601086,False,False,True,False,False,10.397401708711449,0.0,0.0,0.0,0.0,1,1.020619710296191,0.8905522280384695,False,False,False,False,0.258182893650628,0.2827588167213869,False,False,False,False,1526556,1383053.2227016338,False,False,False,False,42540.00202465141,False,False,False,False
2024-12-09 00:00:00+00:00,203.8296304532,207.390060202,203.8296304532,205.013125258,31194,,,,,,,,,205.79616677418232,197.18614983349872,187.28904651098685,183.7828761611023,181.0226666765035,175.96269313436008,175.58975570100503,173.1329026507983,171.16082616512895,168.16927374810385,166.51163628541175,164.52883466641103,160.91714049225737,159.6733762954795,157.6409085370538,154.50307280786382,153.20241553237125,148.74638667030513,147.88257574917682,145.39123769785232,143.54917877941514,140.5519943346577,,154.50307280786382,148.74638667030513,143.54917877941514,,168.9044971044926,"rgba(38, 166, 154, 1.0)",14.313600035388696,184.6443222237216,1.340355199393932,55.9870082128207,10.395233768918231,False,True,True,False,False,10.845794022465341,0.0,0.0,0.0,0.0,1,1.020762839337388,0.8908968227498615,False,False,False,False,0.2807741347312257,0.2817664757263063,False,False,False,False,1557750,1389904.0767133345,False,False,False,False,42095.06076878273,False,False,False,False
2024-12-10 00:00:00+00:00,205.7689706795,208.7973250329,202.496955631,204.2771705054,41217,,,,,,,,,205.78796858399332,197.42407774466386,187.56194914388138,184.0412037014285,181.22220745508557,176.1253807972118,175.74333166975856,173.24545243808555,171.27149373850008,168.27539613329316,166.6169688372646,164.6299199764819,161.00685850129085,159.7606597199074,157.72564252183042,154.58660260236095,153.2853230061616,148.8275234614182,147.96343710402203,145.4715453618884,143.62956140701954,140.63160056748384,,154.58660260236095,148.8275234614182,143.62956140701954,,169.02864712492638,"rgba(38, 166, 154, 1.0)",14.474940624259265,184.80075225303992,1.448587525901033,56.21617662552201,10.395233768918231,False,True,True,False,False,11.804882868678192,0.0,0.0,0.0,0.0,1,1.021313721938993,0.8740403601763584,False,False,False,False,0.2814889874116166,0.2816277315689615,False,False,False,False,1598967,1398102.6227245764,False,False,False,False,42060.62701314419,False,False,False,False
2024-12-11 00:00:00+00:00,208.0961789511,211.4875380135,206.7833947979,208.8420790381,58031,,,,,,,,,206.07673402665282,197.85491408752992,187.9961777102588,184.44540618491763,181.53266399424965,176.37515446603913,175.97904034508124,173.41762545122438,171.44004231557938,168.4360979018648,166.7760097661821,164.78208997656333,161.14129358813003,159.89125008600686,157.8521188146079,154.71085569190902,153.40849064717054,148.9475772363383,148.0829981949004,145.590056331026,143.74802146037774,140.74867926429707,,154.71085569190902,148.9475772363383,143.74802146037774,,169.23682984081162,"rgba(38, 166, 154, 1.0)",14.651115754280955,186.99886556925213,1.4399799807522085,57.6422223007714,10.395233768918231,False,False,True,False,False,12.940924323570886,0.0,0.0,0.0,0.0,1,1.0376639688028721,0.8586945168972857,False,False,False,False,0.34282825244413073,0.3122279920065461,False,False,False,False,1656998,1408255.3826177302,False,False,False,False,42686.91614988363,False,False,False,False
2024-12-12 00:00:00+00:00,204.7744372301,208.5238283343,204.5456945368,208.5238283343,51228,,,,,,,,,206.0666542992534,198.11697932560693,188.3146054628763,184.7510268487964,181.77300478802408,176.5734442369552,176.1665628268909,173.55613730560654,171.57635560057122,168.5669912535145,166.90598584006315,164.90693593139733,161.25230295231975,159.99928998307527,157.95705034659247,154.81433239407286,153.51121133055406,149.0481456573222,148.18323189138403,145.68961969247124,143.8476847917125,140.8473973891253,,154.81433239407286,149.0481456573222,143.8476847917125,,169.38649339836738,"rgba(38, 166, 154, 1.0)",14.728310113035167,187.11321703955676,1.1991341881722284,56.14098616790025,10.387019762311198,False,True,True,False,False,10.697137941962616,0.0,0.0,0.0,0.0,1,1.0281092171158783,0.8661108276959849,False,False,False,False,0.29237163948085293,0.3022998157436995,False,False,False,False,1605770,1416001.0538876231,False,False,False,False,43021.86061459408,False,False,False,False
2024-12-13 00:00:00+00:00,201.9300715649,204.4760771953,200.4482167253,203.0638396972,47856,,,,,,,,,205.8089092432136,198.23935361688248,188.5423229303951,184.98078332576594,181.95991024008836,176.73349189721895,176.31834589178214,173.66995721664168,171.68925875253169,168.67654405257457,167.01530995189694,165.01253292777423,161.3470508442209,160.0917514503651,158.04721131666037,154.90372294083087,153.6001300336321,149.1357464612716,148.27063652014198,145.7766969706908,143.93502482517835,140.93417382882888,,154.90372294083087,149.1357464612716,143.93502482517835,,169.49098332922898,"rgba(38, 166, 154, 1.0)",14.763071516287493,187.1292964971838,1.002553909691972,53.31994524841935,7.661230573205017,False,True,False,False,False,8.828287420240166,0.0,0.0,0.0,0.0,1,1.0207096535627533,0.8732783483546088,False,False,False,False,0.2160782009956228,0.2591890083696612,False,False,False,False,1557914,1421566.2674606577,False,False,False,False,43211.434708139415,False,False,False,False
2024-12-16 00:00:00+00:00,202.7555343279,203.9887558051,202.0394702443,203.0439490282,44406,,,,,,,,,205.63755299676393,198.36370586644261,188.7566651969288,185.19638114066478,182.13571248005434,176.8839229327278,176.46106667478713,173.7771236285224,171.79546913780524,168.77949733369903,167.11798893818354,165.11166655087973,161.43595273905143,160.17848855669766,158.13175654177846,154.9874904054011,153.68343509141002,149.21775501966786,148.35245047981468,145.8581742809505,144.01672589748503,141.01531726294738,,154.9874904054011,149.21775501966786,144.01672589748503,,169.59311279961156,"rgba(38, 166, 154, 1.0)",14.813383703883597,187.1978948366552,1.0502421190349698,51.993220495975415,6.390621992758689,False,True,False,False,False,9.252878606418243,0.0,0.0,0.0,0.0,1,1.025771197562201,0.887368871990377,False,False,False,False,0.22625612425178654,0.24272256631072386,False,False,False,False,1602320,1428654.6491288673,False,False,False,False,43258.28040585944,False,False,False,False
2024-12-17 00:00:00+00:00,199.4039566034,200.925592781,197.3104636924,200.3089820423,39222,,,,,,,,,205.31690387028743,198.38315390879825,188.89249132394445,185.343547033196,182.2612514111426,176.99661583933724,176.56834440375303,173.85914979032356,171.87755986175915,168.86008257686916,167.19883696317137,165.19023848354476,161.50715897933782,160.24817669540437,158.1999971050581,155.0555220421952,153.75124875049968,149.2849869197454,148.4196053594651,145.92527530741876,144.0841628006644,141.08252201757492,,155.0555220421952,149.2849869197454,144.0841628006644,,169.65700733126258,"rgba(38, 166, 154, 0.5)",14.843916863834375,187.1841256882745,0.8232214601590647,49.0654559826315,3.623657377836686,False,True,False,True,False,7.071080874748102,0.0,0.0,0.0,0.0,1,1.0080006866732683,0.8969634242995549,False,False,False,False,0.1552702953057385,0.19899643080823118,False,False,False,False,1563098,1433926.9373983236,False,False,False,False,43099.99489974731,False,False,False,False
2024-12-18 00:00:00+00:00,190.8410236041,202.0096342408,189.6674741338,199.2050499135,59447,,,,,,,,,204.53313547946175,198.24197769908378,188.9944384287966,185.48184527910365,182.3925028602534,177.1270028972097,176.69325889779773,173.95795245952783,171.97827729857897,168.96126306094223,167.3014295300299,165.2910971989713,161.60021348927262,160.33972428230712,158.2903364279922,155.1465115302635,153.84229318075,149.37629038673563,148.51098431249528,146.01706631036998,144.17674348368962,141.17527904399984,,155.1465115302635,149.37629038673563,144.17674348368962,,169.70388005049713,#000000,14.709541575437864,187.0370268528534,0.2586074305400901,43.386104235624245,-1.597365166216008,False,True,False,True,False,1.8807558228714747,0.0,0.0,0.0,0.0,0,0.9741385716639347,0.8973982543124068,False,False,False,False,0.09672796230624918,0.14786219655724017,False,False,False,False,1503651,1436661.2143630954,False,False,False,False,43741.053923286636,False,False,False,False
2024-12-19 00:00:00+00:00,190.9404769491,196.5695362726,189.3193874265,192.9195985133,69832,,,,,,,,,203.59781231400564,198.01591526880725,189.067224780668,185.60460855248328,182.51880463605033,177.26090157293154,176.8220746300317,174.06202187093413,172.08542368929895,169.0702285071156,167.41251755004942,165.40096215135546,161.70252474288094,160.44064344441867,158.3903020307188,155.24768985718612,153.9437160493836,149.47855063630675,148.61342303369707,146.12021908548695,144.28095293847744,141.27994312387187,,155.24768985718612,149.47855063630675,144.28095293847744,,169.7427782201905,#000000,14.563498620295233,186.86078210695248,0.2801315088163076,39.67453610076594,-4.82069985995544,False,True,False,True,False,1.93551809841329,0.0,0.0,0.0,0.0,0,0.9719857727086771,0.9216047190198149,False,False,False,False,0.04562162671984211,0.09674191163854114,False,False,False,False,1573483,1442026.7745841504,False,False,False,False,44764.22827923618,False,False,False,False
2024-12-20 00:00:00+00:00,188.9514100503,195.9230895305,187.4596098762,187.4596098762,272304,,,,,,,,,200.6578720605268,197.08408352485165,189.20339693453414,185.94510556985628,182.91081643526033,177.71124869655893,177.2578807007708,174.42430593084194,172.46242359204342,169.45875592377627,167.81087049249336,165.7975426548403,162.07580607939946,160.8099118277699,158.7575641559721,155.6212595715292,154.3188829054234,149.8588922565756,148.99478223456893,146.5051811969137,144.67047871705137,141.6721361643972,,155.6212595715292,149.8588922565756,144.67047871705137,,169.8833291372253,#000000,14.367710332016793,186.37228804208362,0.1795082131123642,36.47344042875149,-7.568896670727213,False,True,False,True,False,0.777293453262395,0.0,0.0,0.0,0.0,0,0.9858923180859127,0.9161125566213911,False,False,False,False,0.023582296486710116,0.06016210406262563,False,False,False,False,1301179,1436503.3324435956,False,False,False,False,53687.356582011234,False,False,False,False
2024-12-23 00:00:00+00:00,187.9568766009,189.5282394509,187.3253478605,188.2651819702,43562,,,,,,,,,200.21948723504946,196.90621638390934,189.19166311995957,185.9693310293363,182.95120322139883,177.767227920037,177.3126201141893,174.47214543874784,172.51326242612683,169.51246390890464,167.86651905451913,165.8535845432107,162.12949432993997,160.86327936723944,158.81100454070776,155.67608280214574,154.37411284627862,149.91539925181516,149.05152784581972,146.56269710751988,144.72883208099,141.73112672315233,,155.67608280214574,149.91539925181516,144.72883208099,,169.89596612434275,#000000,14.114953928277973,186.28835078075772,0.11820979569756375,33.98006024976598,-9.705472706170994,False,True,False,True,False,0.19969512505378262,0.0,0.0,0.0,0.0,0,0.9822999983362726,0.9392372100335089,False,False,False,False,-0.033779868432085136,0.013191117815270246,False,False,False,False,1257617,1429488.18215169,False,False,False,False,53290.28377487354,False,False,False,False
2024-12-24 00:00:00+00:00,190.8111876006,191.3283449943,187.9568766009,187.9568766009,16475,,,,,,,,,200.0849417560658,196.8541501238292,189.19564076566718,185.98527790220382,182.9713265703279,177.79177048572112,177.33648699511113,174.49245155841166,172.53454489122774,169.53459674761777,167.88929699403263,165.8763668501015,162.15110648502196,160.8847028828277,158.83237093243923,155.69788705979613,154.3960371749326,149.93770646354798,149.07390839497643,146.58532537522214,144.7517518562619,141.75424103680896,,155.69788705979613,149.93770646354798,144.7517518562619,,169.90529482045406,#000000,13.85947273114318,186.26891728540565,0.32773759891944176,34.72404709079382,-9.705472706170994,False,True,False,True,False,1.8329656015851867,0.0,0.0,0.0,0.0,0,0.9841890874467748,0.9288514402282708,False,False,False,False,-0.012410708351739401,0.00039020473176542246,False,False,False,False,1274092,1423394.2142241725,False,False,False,False,51846.54715625105,False,False,False,False
2024-12-26 00:00:00+00:00,191.6366503636,192.0145730744,189.6674741338,190.0056155066,24270,,,,,,,,,199.9135864146783,196.7907226128855,189.20886885504328,186.0147181082356,183.00524160459247,177.8309036792865,177.37444440043953,174.5243299435459,172.56772172515463,169.56881868564776,167.9243905113661,165.91133915770783,162.1841075001639,160.91736636508764,158.86487518718837,155.73096071330158,154.42925773087578,149.97140210675158,149.10769704456854,146.61944016627092,144.78627362142623,141.78900808125124,,155.73096071330158,149.97140210675158,144.78627362142623,,169.92300962563957,#000000,13.593613376059855,186.25082430547437,0.39620268056253494,35.88614582488588,-9.705472706170994,False,True,False,True,False,2.301402285041629,0.0,0.0,0.0,0.0,0,0.9920010562293654,0.9422913026515295,False,False,False,False,0.008641375195326347,0.004515789963545885,False,False,False,False,1298362,1418490.99013695,False,False,False,False,50765.11393443728,False,False,False,False
2024-12-27 00:00:00+00:00,188.1955646287,191.7361037086,186.2462790679,189.8265994857,30624,,,,,,,,,199.6505119946775,196.67997246482167,189.20468680980392,186.03424418037145,183.03517841285316,177.87116022650355,177.41379120628352,174.55863109016482,172.60406235691238,169.6070902651187,167.96398941704783,165.95117337026633,162.2222229861163,160.95523901446776,158.90277488717007,155.7698030668096,154.46837507567244,150.01138510143332,149.14784236713115,146.66011265279806,144.82752539923848,141.83069352665646,,155.7698030668096,150.01138510143332,144.82752539923848,,169.93561234732118,#000000,13.280160691457363,186.20529597228276,0.14986781430269205,35.06101640501731,-9.705472706170994,False,True,False,True,False,0.25200823967820796,0.0,0.0,0.0,0.0,0,0.9618843241074564,0.9580681470592863,False,False,False,False,-0.023857381994635874,-0.009670796015544995,False,False,False,False,1267738,1412579.108170795,False,False,False,False,49975.26632916523,False,False,False,False
2024-12-30 00:00:00+00:00,186.4153497543,187.7828332472,184.9334949147,186.126935054,25877,,,,,,,,,199.39191274049074,196.56179125188604,189.1841456125305,186.03631876528888,183.04989142855965,177.89763504910354,177.4399676770004,174.58270253523483,172.63018752047452,169.63535215811294,167.9935607379356,165.98126451748436,162.25149834934908,160.98446090535893,158.9322086227239,155.80021920666996,154.49909792851798,150.0430603099285,149.17969207353147,146.69250381256342,144.86046065299433,141.86409837272817,,155.80021920666996,150.0430603099285,144.86046065299433,,169.93837356013722,#000000,13.010471714985197,186.14890070407242,0.02047958414303208,33.767957343008945,-10.015565494198995,False,True,False,True,False,0.0,0.0,0.0,0.0,0.0,0,0.9562905621900984,0.9678833515623269,False,False,False,False,-0.07021960652108614,-0.039945201268315564,False,False,False,False,1241861,1405884.2803993912,False,False,False,False,49030.236277041105,False,False,False,False
2024-12-31 00:00:00+00:00,185.9678097021,187.5468304597,185.6992856708,187.2408125173,25580,,,,,,,,,199.14651602907117,196.44790873857528,189.16432690737582,186.0385079721116,183.06442759957878,177.92372862277574,177.46577279349324,174.6064566114223,172.65596691853904,169.66324180795195,168.02274290786775,166.0109631524588,162.28040085342568,161.01331257008223,158.96127162123605,155.83025379760267,154.52943614094198,150.0743413693671,149.21114587956328,146.72449340638062,144.89298808413875,141.89709092275365,,155.83025379760267,150.0743413693671,144.89298808413875,,169.94176078499103,#000000,12.830890396453976,186.09595768213882,-0.009987458085857713,32.7176391676591,-11.24851520297193,False,True,False,True,False,0.0,0.0,0.0,0.0,0.0,0,0.9647102283451628,0.9658939944208855,False,False,False,False,-0.0655450153446818,-0.05274510830649868,False,False,False,False,1216281,1398448.8576386308,False,False,False,False,48110.619168137535,False,False,False,False
2025-01-02 00:00:00+00:00,187.2805938553,188.3646353151,184.1925674949,186.8032177996,62358,,,,,,,,,198.5946014236564,196.18623874119274,189.12073057079957,186.04670738122726,183.10151468275058,177.98821625502524,177.5295105081265,174.6649790545999,172.7193529740484,169.73168275990318,168.09429644361606,166.08373534680547,162.35117420216773,161.08394623963724,159.03239827055026,155.9037209344671,154.60363327171032,150.1508073617109,149.28802803371443,146.80266851814352,144.9724654220142,141.97768936855806,,155.9037209344671,150.1508073617109,144.9724654220142,,169.95389714869265,#000000,12.650906925184108,185.98066948372826,0.10275345311283415,33.29456270573233,-11.24851520297193,False,True,False,True,False,0.0,0.0,0.0,0.0,0.0,0,0.9676492569264297,0.9536841188587276,False,False,False,False,-0.07162424043850561,-0.06218467437250215,False,False,False,False,1278639,1393750.4318488806,False,False,False,False,48669.33998507332,False,False,False,False
2025-01-03 00:00:00+00:00,188.6828860189,188.8718473743,186.3755684163,187.7679152455,64975,,,,,,,,,198.1288088438993,195.96479691115263,189.10072188792287,186.07500900183112,183.1540395489586,178.06486836133647,177.60481840906462,174.73224717612368,172.79121472741838,169.80812605017042,168.1737185206953,166.1640192096671,162.42860294612947,161.16104148197894,159.10976818501692,155.98328318516107,154.68385938944868,150.23311091333264,149.37071680781304,146.88657921745684,145.0576591969138,142.06391906241583,,155.98328318516107,150.23311091333264,145.0576591969138,,169.9809675387289,#000000,12.501696566137923,185.90016076741804,0.22258780932335606,35.01055964632091,-11.24851520297193,False,True,False,True,False,0.5937624676562017,0.0,0.0,0.0,0.0,0,0.9879388870177036,0.9399419912966107,False,False,False,False,-0.04791059602122973,-0.05504763519686594,False,False,False,False,1343614,1391784.2972665715,False,False,False,False,49308.7776327175,False,False,False,False
2025-01-06 00:00:00+00:00,186.1169897195,191.925065064,185.1025656011,188.9016833778,71462,,,,,,,,,197.64947724727006,195.7270983924616,189.07456561392277,186.1010363013175,183.2074498574565,178.14563423430377,177.68434111244002,174.80400302422964,172.86812372249972,169.89026372425968,168.25919490589732,166.250589253755,162.51235608459143,161.24450181888514,159.19361866200708,156.06962164215253,154.77096033042764,150.32259368788684,149.46063971964054,146.97788767547675,145.15040026677914,142.15784639134122,,156.06962164215253,150.32259368788684,145.15040026677914,,170.01069785054403,#000000,12.381249916098303,185.81665427669208,0.02425727974502958,34.75469947654464,-11.24851520297193,False,True,False,True,False,0.0,0.0,0.0,0.0,0.0,0,0.988007389866869,0.9212367466628988,False,False,False,False,-0.05644946895681802,-0.055748552076841984,False,False,False,False,1272152,1387092.8346286668,False,False,False,False,50177.531451042305,False,False,False,False
2025-01-07 00:00:00+00:00,183.1532800403,186.3357870784,181.97973057,184.9832215872,41569,,,,,,,,,197.2889365224165,195.53087465977427,189.01753515277116,186.08019629387434,183.21161416414586,178.17314022201992,177.71229989157013,174.8329065023646,172.90086541159815,169.92734009125013,168.2986952249472,166.2915543160214,162.55333589788657,161.28570661786716,159.23554325115504,156.1134782289356,154.81545472680753,150.36905167117186,149.50745155539403,147.0257571506685,145.1992461249823,142.20765327102822,,156.1134782289356,150.36905167117186,145.1992461249823,,170.008586877632,#000000,12.349291554581846,185.72598902619245,-0.20832846763083607,33.19293747434068,-11.676021765183705,False,True,False,True,False,0.0,0.0,0.0,0.0,0.0,0,0.9750130162556038,0.9582234828324266,False,False,False,False,-0.17752164916253005,-0.11663510061968602,False,False,False,False,1230583,1380955.1940549936,False,False,False,False,49839.94198237398,False,False,False,False
2025-01-08 00:00:00+00:00,183.1532800403,183.5578562475,181.154267807,181.9498945665,32155,,,,,,,,,196.99894047555878,195.36834821028046,188.96425703327034,186.0558957753598,183.20854335406162,178.18975020663927,177.72953596829345,174.85216731533512,172.92328772376192,169.9534174145841,168.32675932213158,166.32094929695873,162.58314317817621,161.31578366981282,159.2662960541587,156.14584137108739,154.84835794397267,150.40361306155214,149.54231026403752,147.061494637755,145.23577307418822,142.24498929045015,,156.14584137108739,150.40361306155214,145.23577307418822,,170.0029346138394,#000000,12.27816470496041,185.64821962256835,-0.20320134500723844,32.151762806204715,-12.913421567620837,False,True,False,True,False,0.0,0.0,0.0,0.0,0.0,0,0.9572538263603593,0.9737787620362403,False,False,False,False,-0.24248475839924585,-0.17955992950946592,False,False,False,False,1230583,1375058.2452685232,False,False,False,False,49146.41484581029,False,False,False,False
2025-01-10 00:00:00+00:00,176.4799605949,180.40836772,175.9420174521,179.2049822462,33752,,,,,,,,,196.60472990144456,195.13672720036445,188.86583714643615,185.9940599222896,183.17811426765704,178.18748740371015,177.72909750403878,174.85930750929955,172.93460787055383,169.96989167031697,168.34581294576014,166.3422391904114,162.60653446453324,161.3398586387711,159.29158121275125,156.17331268499356,154.87659452629723,150.43418056346323,149.57328979931262,147.093654001135,145.26890809039458,142.27925027616246,,156.17331268499356,150.43418056346323,145.26890809039458,,169.97684592117696,"rgba(239, 83, 80, 0.5)",12.27949969600368,185.52250680517244,-0.736393699591466,28.959001311865606,-16.113465270312346,False,True,False,True,False,0.0,0.0,0.0,0.0,0.0,0,0.9304841421769837,0.9872030824766043,False,False,False,False,-0.33889907205420583,-0.2592295007818359,False,False,False,False,1196831,1368068.9415325029,True,False,False,False,48542.71230283734,True,False,False,False
2025-01-13 00:00:00+00:00,177.9817061035,177.9817061035,174.0433536439,174.0433536439,46893,,,,,,,,176.6689219503,196.05705692336903,194.80802507115604,188.72069683033948,185.9001591891536,183.12932872079548,178.17929549614425,177.7237168993934,174.86579324397982,172.94709715384002,169.98985754914636,168.36947922680997,166.3692255658847,162.63688119929924,161.37126103012807,159.32479640989422,156.20969254367196,154.91408928765117,150.47506849461516,149.6147764881784,147.13684749133122,145.3134950089281,142.32547528768737,,156.20969254367196,150.47506849461516,145.3134950089281,,171.41376096368754,"rgba(239, 83, 80, 0.5)",12.289421480131672,185.52935351198514,-0.6141580725087378,28.330561842488688,-16.831467801314297,False,True,False,True,False,0.0,0.0,0.0,0.0,0.0,0,0.9334487004671747,1.0029002883362654,True,False,False,False,-0.34282825441539394,-0.3010288775986149,False,False,False,False,1243724,1363192.669315542,False,False,False,False,48478.01770272607,False,False,False,False
2025-01-14 00:00:00+00:00,181.959839901,182.3576532808,178.8767862079,178.8767862079,42098,,,,,,,,178.74841292862516,195.69620571442832,194.5918796620925,188.63977328215103,185.85683892032253,183.1155301359633,178.19320214578627,177.73887045468229,174.88567481684316,172.9713973126757,170.01941107953053,168.40180381334156,166.40362132230314,162.67251327592308,161.40741245850506,159.36203739657748,156.24923622188143,154.95441972694607,150.51780900072893,149.65794696037727,147.1812728715013,145.35901154497722,142.372165977347,,156.24923622188143,150.51780900072893,145.35901154497722,,171.50419983148421,#000000,12.245037603363292,185.52831318116924,-0.2914219944240181,31.43232602280795,-16.831467801314297,False,True,False,True,True,0.0,0.0,0.0,0.0,0.0,0,0.9294855669698284,1.0171448720433403,False,False,False,False,-0.242915868198394,-0.27197237289850446,False,False,False,False,1285822,1360158.525420815,False,False,False,False,48227.82093007015,False,False,False,False
2025-01-15 00:00:00+00:00,184.4859548625,186.3755684163,182.2780906048,186.2661697369,43341,,,,,,,,180.59281214451264,195.42257006740735,194.42916411493192,188.59391549292994,185.84334059558816,183.12417043586206,178.22374795144358,177.76973644878936,174.9169208920459,173.006448824041,170.058755557249,168.44357871472505,166.44683396257537,162.71564000677452,161.4507463334884,159.40608114693376,156.29523733623296,155.00106651134124,150.56644873144467,149.70694676154852,147.23135156530816,145.4100906427854,142.424226264548,,156.29523733623296,150.56644873144467,145.4100906427854,,171.6007081014933,#000000,12.218005313003683,185.55474024552655,-0.0874762578380153,35.410005364278966,-19.728209725485854,False,True,False,True,True,0.0,0.0,0.0,0.0,0.0,0,0.9296547694991057,1.0065638525194747,False,False,False,False,-0.16583486228746244,-0.21890361759298343,False,False,False,False,1329163,1358943.0146199986,False,False,False,False,48036.180893596815,False,False,False,False
2025-01-16 00:00:00+00:00,185.4506523084,186.0324543763,183.7599454444,185.0528389286,33932,,,,,,,,181.50878782131142,195.2304298258766,194.31398604895207,188.56455626028907,185.83792480089878,183.13458436297546,178.25015263151914,177.79624422509065,174.94304244559237,173.03542345688803,170.09090924005014,168.47756472006373,166.481837829284,162.750373730157,161.48559276994325,159.44142031441336,156.3320435965257,155.03835266254373,150.6052193398575,149.74598646749297,147.2712027736798,145.45070545085997,142.4655743247279,,156.3320435965257,150.6052193398575,145.45070545085997,,171.65322162748626,#000000,12.18318097256128,185.5574246883114,-0.008763916431336536,38.763292886689484,-16.677154786637416,False,True,False,True,True,0.0,0.0,0.0,0.0,0.0,0,0.9496386553328425,0.9897898458868059,False,False,False,False,-0.1541966168527116,-0.18655011722284753,False,False,False,False,1363095,1359105.8375760773,False,False,False,False,47483.075760514585,False,False,False,False
2025-01-17 00:00:00+00:00,189.5879114579,190.0453968446,186.3904864181,188.1557832908,46003,,,,,,,,183.061778991395,195.06935296016707,194.22133328531436,188.5657891409973,185.86498594382434,183.17426905861862,178.30429011359334,177.84945385265996,174.9907202352331,173.08613726883934,170.14467992849256,168.53334450693458,166.53821315352855,162.80484207047044,161.53984183925525,159.49586932667157,156.38801194804103,155.09478465843273,150.66310776854402,149.80414558305483,147.3302191602653,145.510616958828,142.52622003637347,,156.38801194804103,150.66310776854402,145.510616958828,,171.75974758170338,#000000,12.137986154474277,185.62105116243782,0.3268137106912018,43.70993615506457,-12.201491982730396,False,True,False,True,True,1.5749755692653231,0.0,0.0,0.0,0.0,0,0.9557008693738337,0.9656934322187989,False,False,False,False,-0.08701674343285895,-0.13678343032785323,False,False,False,False,1409098,1361066.3145338784,False,False,False,False,47425.033573827735,False,False,False,False
2025-01-21 00:00:00+00:00,193.0986145342,193.879323292,190.5724995728,192.0046277399,47203,,,,,,,,184.78184661045506,195.0065835218107,194.19307460991507,188.61069381411943,185.9294667849507,183.2424370223391,178.37962420826426,177.92270056730567,175.05293885802232,173.1505751303881,170.2109041752432,168.60111735230745,166.60575087143192,162.8687593078796,161.60313155375798,159.5588573067308,156.45204950039306,155.15909512713182,150.7283090654955,149.86952239877445,147.39621172038144,145.57737563180487,142.5934496445658,,156.45204950039306,150.7283090654955,145.57737563180487,,171.89637188933582,"rgba(38, 166, 154, 0.5)",12.066230153962959,186.61225692450847,0.5375628947008937,48.89771442855365,-7.608891995196146,False,False,False,False,True,3.585621912454666,0.0,0.0,0.0,0.0,0,0.9680837612498359,0.9563301743970029,False,False,False,False,-0.006936007710936617,-0.07185971901939492,False,False,False,False,1456301,1364801.0080815696,False,False,False,False,47416.3263748541,False,False,False,False
2025-01-22 00:00:00+00:00,191.1692196424,193.7152252729,189.9558888342,191.7659397121,66075,,,,,,,,186.16843782225965,194.89366977158048,194.134567179304,188.6577171994141,186.00556181214887,183.32707148690517,178.47709236829388,178.01774036815718,175.13482749336634,173.23588682995975,170.29922166525552,168.69178604361386,166.69642727250195,162.95505832404095,161.68871543766556,159.6442199553201,156.53907342090523,155.2465789595557,150.8172720449166,149.9587703772345,147.48642231983365,145.66871455076907,142.68555742762206,,156.53907342090523,150.8172720449166,145.66871455076907,,172.02948479161998,#000000,11.972489850285664,186.68114216035127,0.3748658414558315,50.99697776452558,-5.917146457364119,False,False,True,False,True,2.397072958577631,0.0,0.0,0.0,0.0,0,0.9398892522117699,1.0193323028642074,False,False,False,False,-0.014715069866069219,-0.043287394442732066,False,False,False,False,1390226,1365798.0665881748,False,False,False,False,48148.0390660363,False,False,False,False
2025-01-23 00:00:00+00:00,189.2597154196,190.3238662104,187.738079242,190.1846315275,60502,,,,,,,,186.6290092472508,194.72256803990118,194.03228543137473,188.66407162949844,186.04312297401376,183.38009140264668,178.5483004985478,178.08778428021742,175.19780586755067,173.30275535623267,170.37001928674152,168.76517386695085,166.77058747340948,163.0267545324742,161.76012645272178,159.71588865334206,156.61271363693754,155.3208215147781,150.8934092252612,150.03526006624628,147.5640288782003,145.747487443217,142.76528889496257,,156.61271363693754,150.8934092252612,145.747487443217,,172.09392747180488,#000000,11.84209038015226,186.6426803965408,0.22099434635674123,51.11453437207419,-5.9003256985447905,False,False,True,False,True,1.2327089949188945,0.0,0.0,0.0,0.0,0,0.8936427434149499,1.0190627728582236,False,False,False,False,-0.07071514684040078,-0.057001270641566425,False,False,False,False,1329724,1364383.3973102071,False,False,False,False,48632.50812227017,False,False,False,False
2025-01-24 00:00:00+00:00,189.7868181478,190.3885108846,187.3999378692,188.1856192942,45066,,,,,,,,186.8969035781089,194.60337557296504,193.9600251965062,188.6695701769388,186.07127089899686,183.4195301022573,178.60114397923985,178.1397812894219,175.2446316025434,173.3524630253088,170.4226451284878,168.81972189468917,166.82571671658948,163.08007607204968,161.81324064811324,159.7691990889757,156.66749196344404,155.3760490268243,150.95004991666292,150.09216367774434,147.62176494968227,145.80609146842573,142.82460856403932,,156.66749196344404,150.95004991666292,145.80609146842573,,172.1387524777934,#000000,11.76979289495069,186.63115110102459,0.26811576677183674,51.52889741242136,-5.395591137882462,False,False,True,False,True,1.5439810777668441,0.0,0.0,0.0,0.0,0,0.8781563735927355,1.0384632100480922,False,False,False,False,-0.07345414783202489,-0.06522770923679566,False,False,False,False,1374790,1364791.4993764735,False,False,False,False,48492.64505865173,False,False,False,False
2025-01-27 00:00:00+00:00,186.0573177125,189.6078021269,185.4705429774,189.2099887471,37726,,,,,,,,186.90883820972968,194.46943804118283,193.87467894370653,188.65552351012246,186.07850550342778,183.44001078383832,178.6360943206101,178.17455475825318,175.27759446475173,173.38822929257955,170.46146142611119,168.8603741598839,166.86724969166374,163.12089047649863,161.85407246650763,159.8104336503493,156.71018987593735,155.41921726955232,150.9946825002155,150.13706406845643,147.66748503422522,145.85260786356682,142.87185676862438,,156.71018987593735,150.9946825002155,145.85260786356682,,172.15695517066894,#000000,11.716237042417522,186.5824552198423,-0.04482134540647164,49.381637066588496,-5.395591137882462,False,False,False,False,True,0.0,0.0,0.0,0.0,0.0,0,0.8580352688541927,1.0421230722507517,False,False,False,False,-0.10066139377861628,-0.08294455150770597,False,False,False,False,1337064,1363704.1464597492,False,False,False,False,48070.42368380264,False,False,False,False
2025-01-28 00:00:00+00:00,185.9280283641,187.0518511619,184.6052988764,185.1721829426,33774,,,,,,,,186.8384755982549,194.33501300344074,193.7871067091102,188.63406096152258,186.07707344970268,183.45219584644494,178.66276969499785,178.20133320830539,175.30399626266978,173.417329646161,170.49358906065186,168.89425577922722,166.90211501545022,163.15550990650087,161.8888028931049,159.84564348549944,156.74682590413346,155.45632122350838,151.03323737454238,150.17588245251972,147.70709835869283,145.89296858762992,142.91293892213005,,156.74682590413346,151.03323737454238,145.89296858762992,,172.16507687378743,#000000,11.659515540291618,186.52566402391045,-0.05125733206883455,47.87096628303241,-5.395591137882462,False,False,False,False,False,0.0,0.0,0.0,0.0,0.0,0,0.8644288201711017,1.051332348857225,False,False,False,False,-0.1352260135415813,-0.10908528252464364,False,False,False,False,1303290,1361334.9642456414,False,False,False,False,47509.779617771164,False,False,False,False
2025-01-29 00:00:00+00:00,184.1378681552,187.9767672699,183.5113120821,185.5501056533,24053,,,,,,,,186.76404091839845,194.23462693273387,193.7208541478833,188.61542223040837,186.07300694146198,183.45846739198515,178.67993490453756,178.2186744913842,175.32156066767027,173.4368882670724,170.51541910390455,168.91737762155256,166.9260146854508,163.17939352187133,161.91280368822783,159.8700330677008,156.77227708155903,155.4821242498556,151.06012935596235,150.20297155176755,147.734777889164,145.92119402100505,142.94170460459344,,156.77227708155903,151.06012935596235,145.92119402100505,,172.1681010410694,#000000,11.609043877239346,186.48185310911438,-0.20191025020673595,45.753552072469006,-5.395591137882462,False,True,False,True,False,0.0,0.0,0.0,0.0,0.0,0,0.8649598945168573,1.0320184595093285,False,False,False,False,-0.1369418324458644,-0.12301355748525401,False,False,False,False,1279237,1358115.4362360083,False,False,False,False,46589.90590727033,False,False,False,False
2025-01-30 00:00:00+00:00,185.5401603189,188.0165486078,184.8937135767,185.5600509878,39977,,,,,,,,186.72072990307603,194.08948225859947,193.62490700945972,188.59332687246877,186.07360261594636,183.47434670147555,178.7123513904308,178.2511638639191,175.35338274313335,173.47184073111308,170.55387422252244,168.9578748754475,166.96763755369278,163.220666394571,161.95419255569405,159.91196821527004,156.8158745568071,155.52626612536585,151.1059610484028,150.24911053167742,147.78184558557803,145.96913827201539,142.99049083055502,,156.8158745568071,151.1059610484028,145.96913827201539,,172.18142800845368,#000000,11.434651620696995,186.43281792228393,-0.07806600786754117,45.5144037019532,-5.395591137882462,False,True,False,True,False,0.0,0.0,0.0,0.0,0.0,0,0.8794466838475729,1.0192294984470722,False,False,False,False,-0.12253272092064894,-0.12277313920295148,False,False,False,False,1319214,1356589.8897169493,False,False,False,False,46330.576263847965,False,False,False,False
2025-01-31 00:00:00+00:00,181.7012612042,190.6122809108,178.7673875285,182.6659586501,161335,,,,,,,,186.04986480701348,193.38714188481092,193.14167577223301,188.4222899754469,186.00167046099787,183.4794463557488,178.79808555544594,178.33967181324553,175.4511367738083,173.58401026208594,170.6830200828441,169.0963151386779,167.11252065020494,163.36805068056222,162.10298569287497,160.0641364781869,156.97588910487733,155.6889387520397,151.27683310822837,150.42145725046623,147.9585434882051,146.14971259999314,143.1751201521143,,156.97588910487733,151.27683310822837,146.14971259999314,,172.17225702998994,#000000,11.31874085908892,186.12865816352507,-0.39115631450912597,43.05294819633965,-0.667763025398358,False,True,False,True,False,0.0,0.0,0.0,0.0,0.0,0,0.8544003405343775,1.0084495051610165,False,False,False,False,-0.1584098975369829,-0.1405915183699672,False,False,False,False,1157879,1348797.3058064808,False,False,False,False,50840.553665265696,False,False,False,False
2025-02-03 00:00:00+00:00,187.0021244895,188.0762206148,178.0662414467,178.4093554867,111961,,,,,,,184.38152885033332,185.8274813219677,192.9838301018061,192.85553647360976,188.3267185994074,185.96838690060824,183.49377287825138,178.86398712209999,178.40709671099512,175.52318869869973,173.665614894386,170.77582095924745,169.19532467824754,167.21570841865247,163.4725087613734,162.20830339703525,160.17163751643236,157.0886487758631,155.8034739348064,151.39685706098055,150.54247089125133,148.08248807772483,146.27628975334534,143.30442375689648,,157.0886487758631,151.39685706098055,146.27628975334534,,173.88127130274015,#000000,11.157583522297921,186.32320098179017,0.06084861532544587,45.308051719456685,-0.667763025398358,False,True,False,True,False,0.0,0.0,0.0,0.0,0.0,0,0.8546767366589894,1.0193999502032636,False,False,False,False,-0.19166285763721413,-0.16612718800359066,False,False,False,False,1269840,1345700.9408728934,False,False,False,False,53237.43391368665,False,False,False,False
2025-02-04 00:00:00+00:00,190.8609142731,192.9195985133,185.0428935942,186.952397817,94197,,,,,,,186.76949955158966,186.20868371525845,192.8612440684071,192.7686718353313,188.35171371635153,186.030222197327,183.57439009838825,178.969627765154,178.51128213284278,175.61815122098363,173.7663443066516,170.88254857202992,169.30596442676446,167.32771614716114,163.58135895914265,162.3168468506527,160.28071494452803,157.20083062785153,155.91662422102382,151.51305908049278,150.65923986507158,148.20103591932613,146.39665372381467,143.42634623737035,,157.20083062785153,151.51305908049278,146.39665372381467,,174.08777472189666,#000000,11.042875483554877,186.49311301060555,0.39553115209883616,49.00937144177475,-0.667763025398358,False,False,False,False,True,2.2617448238768283,0.0,0.0,0.0,0.0,0,0.8879141104296076,0.9983435582822278,False,False,False,False,-0.0717110224954142,-0.11891910524950243,False,False,False,False,1364037,1346420.002015133,False,False,False,False,54843.691407267565,False,False,False,False
2025-02-05 00:00:00+00:00,194.6898680533,196.1617775584,191.6814043689,192.5118397991,64877,,,,,,,188.54277879149834,186.72619929093395,192.89336306560915,192.79415793281055,188.42896442763737,186.12446066935567,183.66981650150444,179.0719261323538,178.6110087559531,175.7039371324776,173.85478410545036,170.97312346038976,169.39846761599168,167.419900476345,163.6688736161452,162.40354075174153,160.36700509708677,157.28847748926148,156.00462651109632,151.60223320057622,150.7486465182162,148.29125920281052,146.4878908880204,143.51821870770917,,157.28847748926148,151.60223320057622,146.4878908880204,,174.27738225121092,"rgba(38, 166, 154, 0.5)",10.972941366612453,186.70164140325352,0.7279931955484952,53.29933810698321,-3.224230114946252,False,False,True,False,True,4.423218186254772,0.0,0.0,0.0,0.0,0,0.9244093524296091,0.9730689190839366,False,False,False,False,0.026858279337581482,-0.04603041295596047,False,False,False,False,1428914,1349655.0607596375,False,False,False,False,55237.1544893355,False,False,False,False
2025-02-06 00:00:00+00:00,191.865393057,196.1021055514,189.6475834648,196.1021055514,65523,,,,,,,189.32066109649602,187.08394224318818,192.8848257064056,192.7895688534763,188.4832691933255,186.19852126680277,183.7496993470878,179.1627939750601,178.69997602960785,175.78215888525685,173.93618758061467,171.05747592183758,169.4850614576639,167.5066977446417,163.75203100572475,162.4861276460301,160.4495057930549,157.37266132284643,156.08929589318714,151.68846448980165,150.8351769180521,148.37877960160074,146.5765282096048,143.60767732905975,,157.37266132284643,151.68846448980165,146.5765282096048,,174.39894627260549,#000000,10.879361041401859,186.821081472762,0.46365880910116686,54.25392915149483,-2.3346355886426835,True,False,True,False,True,2.6855815499905304,0.0,0.0,0.0,0.0,0,0.91871125114273,0.976704949689715,False,False,False,False,0.005994666198012099,-0.020017873378974184,False,False,False,False,1363391,1350193.7250435732,False,False,False,False,55640.5209799498,False,False,False,False
2025-02-07 00:00:00+00:00,191.2388369839,192.0195457416,189.6227201286,191.1791649769,59298,,,,,,,189.5662840435124,187.288478030393,192.84383395898587,192.7603446327111,188.51254348574525,186.24776737317828,183.80800317914168,179.23440048998185,178.77044677894872,175.84571738934085,174.00305065461032,171.1276814533737,169.55754559451816,167.57981402779328,163.82277334183706,162.55657507339515,160.52015092864906,157.44509824736033,156.16228095218165,151.7631883346769,150.9102267337501,148.45486754813925,146.65370697908241,143.68575410927593,,157.44509824736033,151.7631883346769,146.65370697908241,,174.47079889851676,#000000,10.754549514344491,186.87510907596692,0.4057564570336221,54.47763384486516,-1.99169373680499,True,False,True,False,True,2.3027545260145956,0.0,0.0,0.0,0.0,1,0.9040736412648033,1.0071550115833612,False,False,False,False,-0.03494140206491236,-0.02747963772194327,False,False,False,False,1304093,1348385.853473237,False,False,False,False,55783.951529755686,False,False,False,False
2025-02-10 00:00:00+00:00,195.0081187571,195.4158774713,190.5675269055,191.6664863671,51632,,,,,,,190.03906781219865,187.56851398477303,192.85876546219626,192.7727407856604,188.56501125026716,186.3139518612867,183.87690760539098,179.31025808439392,178.84461348944095,175.91044855131042,174.0700572188824,171.19668670171063,169.6281836142209,167.65042619929218,163.89017779346486,162.62344320343465,160.58683665119875,157.5129837689159,156.23050007968445,151.83249229173273,150.97974157674489,148.52509750120808,146.7247769782073,143.75740353423257,,157.5129837689159,151.83249229173273,146.7247769782073,,174.5641033204728,"rgba(38, 166, 154, 0.5)",10.570752340962967,186.97131364682372,0.760286955085748,56.53953269235493,0.16088733293158697,True,False,True,False,True,4.43732161008349,0.0,0.0,0.0,0.0,1,0.8995326617504877,1.0263578772458077,False,False,False,False,0.008323265788733419,-0.009578185966604926,False,False,False,False,1355725,1348673.6631409533,False,False,False,True,55621.129901137814,False,False,False,True
2025-02-11 00:00:00+00:00,192.9394891823,196.9126503127,191.785830381,192.7803638304,57885,,,,,,,190.47892745734848,187.864699901636,192.87918256562423,192.7895041815926,188.62500955975622,186.38889569045037,183.95469601023038,179.3956223701385,178.92808525051817,175.9833362403581,174.1454579621352,171.274285418972,169.7075913657972,167.72978881574326,163.96592855676386,162.6985865957743,160.66176510924507,157.58924061423235,156.3071250853899,151.91031619844597,151.05779894842604,148.6039484414364,146.8045635898075,143.83783211648142,,157.58924061423235,151.91031619844597,146.8045635898075,,174.66390224750762,#000000,10.286811287236423,187.85195940659202,0.49456820327018647,56.470979740356,0.32677999369922617,True,False,True,False,True,3.1522381851837302,-1.0,196.91264,191.78583,904.0,1,0.9035367900768208,1.0181510704624048,False,False,False,False,0.03538783065091295,0.012904822342154013,False,False,False,False,1297840,1346680.1861550338,False,False,False,False,55709.909120701035,False,False,False,False
2025-02-12 00:00:00+00:00,188.7525033604,192.2930424402,188.5535966705,188.563542005,69065,,,,,,,190.40528063514498,187.97084578197095,192.80894421322597,192.7376077262507,188.64150920148313,186.42951755531695,184.00904631354913,179.4683147812021,179.00006639913204,176.05020344658064,174.21653173565207,171.34986634784588,169.7860415146132,167.80941825050095,164.04375287745623,162.7762938285266,160.73997818922956,157.66979349297614,156.38842125299192,151.9939525134617,151.14186851369521,148.68936380207526,146.89132266272426,143.92578929259278,,157.66979349297614,151.9939525134617,146.89132266272426,,174.7147693028556,#000000,9.977820238598754,187.75528286702274,0.09994372212876243,53.850606956074955,0.32677999369922617,True,False,True,False,True,0.6254581694535624,0.0,0.0,0.0,0.0,1,0.8838216679246016,1.0324775029314293,False,False,False,False,-0.04288018880859054,-0.014987683233218264,False,False,False,False,1228775,1342056.4533646402,False,False,False,False,56233.638174791195,False,False,False,False
2025-02-13 00:00:00+00:00,189.1900980781,190.7017889212,186.5346937682,190.7017889212,42621,,,,,,,190.29501397833155,187.9974004528763,192.75221133396133,192.6950304391003,188.64287070632926,186.44654689079456,184.03612475641347,179.5081614602408,179.03973896033412,176.08801374382267,174.25713038452966,171.39355619909134,169.83161666118727,167.8559311309279,164.0895891476199,162.82216330308103,160.786291034401,157.71767732315027,156.4368154740302,152.04394593830625,151.19215570660776,148.74054940304262,146.94337548631395,143.97865576531206,,157.71767732315027,152.04394593830625,146.94337548631395,,174.73679146592644,#000000,9.788987436322804,187.71193113208386,0.15100304864334352,52.36952103386048,0.32677999369922617,True,False,False,False,False,0.881022323428013,0.0,0.0,0.0,0.0,1,0.8757086551291361,1.0332243508423882,False,False,False,False,-0.07898534506019807,-0.046986514146708167,False,False,False,False,1271396,1339285.455193478,False,False,False,False,55699.80922676017,False,False,False,False
2025-02-14 00:00:00+00:00,187.4596098762,191.6786216625,187.3301006596,190.9862454661,39937,,,,,,,190.20552072076003,188.02120095679524,192.70067496057803,192.65610339478323,188.64423181143982,186.4623767926843,184.0612953373711,179.5452469555463,179.0766755995874,176.12327871363937,174.2950040936684,171.43432932220736,169.87415520746003,167.89935714427233,164.13240932111734,162.86502069520486,160.82957039193306,157.76243230331485,156.48205064027107,152.09068571528408,151.239171817447,148.78840988943705,146.9920493427414,144.02809548853588,,157.76243230331485,152.09068571528408,146.9920493427414,,174.75808100389588,#000000,9.591363600172768,187.68583424340372,-0.023586257036448708,50.340690905623845,0.32677999369922617,True,False,False,False,False,0.0,0.0,0.0,0.0,0.0,1,0.8830866829299875,1.0359537522934423,False,False,False,False,-0.06124132702031897,-0.05411392058351357,False,False,False,False,1231459,1335056.966754518,False,False,False,False,55081.659845318594,False,False,False,False
2025-02-18 00:00:00+00:00,189.03364497,190.9463964764,187.4596098762,187.4596098762,45836,,,,,,,190.13645875182695,188.05725152881521,192.64796906796232,192.61607310796967,188.64855595545748,186.48274363273418,184.09180182173662,179.58892071771248,179.12012273197016,176.1645383985709,174.33919336907866,171.48175743261083,169.92357296837767,167.94974415035506,164.18201405194066,162.91464600479333,160.8796506630588,157.8141732516659,156.5343300927072,152.1446546638456,151.2934515900486,148.84364216195283,147.0482047509222,144.0851128117429,,157.8141732516659,152.1446546638456,147.0482047509222,,174.78590861815948,#000000,9.432983233968018,187.67210263547884,0.1443384665010623,50.053625658038854,5.683494259808967,True,False,False,False,False,0.7853105338932451,0.0,0.0,0.0,0.0,1,0.8760205722582606,1.0381627468221468,False,False,False,False,-0.06727096182880309,-0.060692441206158326,False,False,False,False,1277295,1332791.7915876743,False,False,False,False,54719.08494942375,False,False,False,False
2025-02-19 00:00:00+00:00,187.0113087419,189.661266558,185.8656502875,186.6128188447,47170,,,,,,,189.97144489096908,188.03987340396802,192.5707778989371,192.55686492392906,188.63858224280816,186.49072414253993,184.11279175831004,179.62584023353156,179.15722236951902,176.2014173388633,174.3794075631972,171.52581160457675,169.96986511798505,167.99737112078728,164.22953001727555,162.96235169163924,160.92803566547892,157.86447498278687,156.58527005314122,152.1975853234366,151.34674504448378,148.8980264900785,147.10360177164995,144.1415172730234,,157.86447498278687,152.1975853234366,147.10360177164995,,174.800262117184,#000000,9.341298009507332,187.6265099986648,-0.06585821971835924,48.582793444489255,4.0440175836321615,False,False,False,False,False,0.0,0.0,0.0,0.0,0.0,1,0.8776767385129345,1.0386574089949612,False,False,False,False,-0.09614890136318209,-0.0784206712846702,False,False,False,False,1230125,1328765.6428979617,False,False,False,False,54423.042402387524,False,False,False,False
2025-02-20 00:00:00+00:00,186.0947819784,187.3948552679,184.7498785754,185.8457257926,41029,,,,,,,189.7695960200457,187.9869321326028,192.4870058627569,192.49215542892225,188.6191869236473,186.48797357056492,184.12323400121107,179.65189089312548,179.18373792936057,176.22926175009016,174.41039259102783,171.56051709840278,170.0066601217827,168.0355815234619,164.26816896023806,163.00128329931113,160.96771803843285,157.90598173698606,156.62739562745108,152.2416335174982,151.39114136534968,148.94345561429174,147.14995926509835,144.18884254067763,,157.90598173698606,152.2416335174982,147.14995926509835,,174.802815351346,#000000,9.35945783077812,187.56724444383897,-0.15732347878066813,47.035788114701546,2.3571144839705624,False,False,False,True,False,0.0,0.0,0.0,0.0,0.0,1,0.8769119180014323,1.0463982224452768,False,False,False,False,-0.13028214752489853,-0.10435140940478436,False,False,False,False,1189096,1323288.4020000023,False,False,False,False,53897.78583758801,False,False,False,False
2025-02-21 00:00:00+00:00,189.03364497,189.9900207232,185.5169716275,188.6650418151,90737,,,,,,,189.60604291097226,187.99782681739995,192.3674923525261,192.3989443025194,188.61194951681918,186.51266094473613,184.1703107323434,179.72734578042838,179.2593050819302,176.30329854140814,174.4905669901577,171.6477032102116,170.09799553231312,168.12928417684958,164.36131893232982,163.09471149892386,161.0623368873452,158.00415407113286,156.72674515321341,152.3446634390704,151.49484402251412,149.04919054530484,147.25760005456564,144.29835424295817,,158.00415407113286,152.3446634390704,147.25760005456564,,174.84573284363154,#000000,9.28339713694063,187.53330642118257,0.16161524996569085,48.17357173711504,2.3571144839705624,False,False,False,False,False,0.8082399669251217,0.0,0.0,0.0,0.0,1,0.8877017794143276,1.02731752484699,False,False,False,False,-0.09634925142620679,-0.10035033041549557,False,False,False,False,1279833,1321584.2685882377,False,False,False,False,55342.46090278064,False,False,False,False
2025-02-24 00:00:00+00:00,187.0013464944,191.8131120028,186.7423280613,189.1830786814,74874,,,,,,,189.52095718612526,188.0209875265219,192.28133831444413,192.33094628625022,188.61070098064584,186.53652542019373,184.2115549237252,179.79106615684938,179.3230434403391,176.36542737084767,174.55764488660392,171.7204211512037,170.17407373858597,168.2072465567405,164.43872461093517,163.1723196277357,161.14088907357217,158.08558928315455,156.8091338655658,152.4300368506257,151.5807637714102,149.13676382000773,147.34672994213003,144.38900529270396,,158.08558928315455,152.4300368506257,147.34672994213003,,174.8864313625333,#000000,9.149684281314352,187.52030204799087,-0.05671841100033268,47.56766855883117,2.3571144839705624,False,False,False,True,False,0.0,0.0,0.0,0.0,0.0,1,0.8903233446658859,1.0267318036546003,False,False,False,False,-0.06577557257185829,-0.08306295149367693,False,False,False,False,1204959,1317010.7286436008,False,False,False,False,56108.40361247551,False,False,False,False
2025-02-25 00:00:00+00:00,187.9776467425,189.6064741972,185.8407446689,188.2765141654,58109,,,,,,,189.42288242435757,188.01389535922073,192.2049525158809,192.27025843085946,188.60242858760543,186.5481583935506,184.23783624066783,179.83591089347362,179.36813241706935,176.4104171033259,174.60663553132056,171.774057036784,170.2304150995911,168.26524016145873,164.49669459677474,163.23054523013118,161.19996920564458,158.1470226208698,156.87135486588988,152.49471787879037,151.6458933429836,149.2032396573192,147.41444849309963,144.45797415691328,,158.1470226208698,152.49471787879037,147.41444849309963,,174.91157622966332,#000000,9.04977207358019,187.49740545283117,0.05306667237187673,47.89888085313066,2.3571144839705624,False,False,False,False,False,0.1645401165593583,0.0,0.0,0.0,0.0,1,0.8909755658919467,1.0424159713642376,False,False,False,False,-0.09695034795180682,-0.09000664972274187,False,False,False,False,1263068,1314895.3275203223,False,False,False,False,56186.858372770585,False,False,False,False
2025-02-26 00:00:00+00:00,186.1246687207,188.963909238,185.6265563492,187.8182507836,43267,,,,,,,189.31991699104606,187.98703267953155,192.13840937942464,192.21718332820254,188.58949836687356,186.55057263107022,184.25226911252145,179.86523076846453,179.39783525232687,176.44105011335324,174.6403988072643,171.81152506907338,170.2699889994403,168.30621337099484,164.5380064283325,163.2721338915371,161.24230202986462,158.1912122553319,156.9161737084503,152.54149698553738,151.69302837827675,149.251433608804,147.4635993679736,144.50811806541023,,158.1912122553319,152.54149698553738,147.4635993679736,,174.92442250843206,#000000,9.021200021936187,187.46866413730925,-0.14898188858923048,46.84013298334452,1.3511914075055387,False,False,False,True,False,0.0,0.0,0.0,0.0,0.0,1,0.8748545549237097,1.0615598851191144,False,False,False,False,-0.0862407103209324,-0.08812368002183714,False,False,False,False,1219801,1311166.1382057997,False,False,False,False,55680.19726011292,False,False,False,False
2025-02-27 00:00:00+00:00,183.3452016879,185.8656502875,182.3888259347,185.4273114006,41592,,,,,,,189.1136474473479,187.89325950490937,192.0397631906613,192.1385212582968,188.555164511952,186.53323168808262,184.25027313219422,179.88112081026875,179.4147007367962,176.46182721711074,174.664683076879,171.84015250934831,170.3009379099966,168.33902397128114,164.57220027372742,163.30685264067998,161.27806212925688,158.2290817673496,156.95477904946893,152.58237981225113,151.7343203849528,149.29391668824496,147.50710124371275,144.55276261714585,,158.2290817673496,152.58237981225113,147.50710124371275,,174.91748313189294,#000000,9.031727496817814,187.40120049409384,-0.44908339048348417,44.414267092235775,-1.1471568810671826,False,False,False,True,False,0.0,0.0,0.0,0.0,0.0,1,0.8692996477837602,1.0610879020263007,False,False,False,False,-0.13242071542976241,-0.11027219772579977,False,False,False,False,1178209,1305952.1327859645,False,False,False,False,55127.718936186924,False,False,False,False
2025-02-28 00:00:00+00:00,185.2778776892,185.7660278132,181.9156191818,183.7138048428,42013,,,,,,,188.93723004275256,187.81295894449,191.9478740729906,192.0648257758727,188.52429049084915,186.51888027033758,184.25063488959668,179.89885510421936,179.4333296763185,176.48397446261112,174.6902856837695,171.87001673097058,170.33309720503127,168.37298992173157,164.60742619299776,163.34257475713113,161.31479217304334,158.2678956817081,156.99431796850564,152.6241650509908,151.77650976725317,149.3372852987159,147.5514845242765,144.5982751319094,,158.2678956817081,152.6241650509908,147.5514845242765,,174.9145207547959,#000000,8.993296225577522,187.34304424528645,-0.22963399673336346,44.43074035023612,-1.3029396283250492,False,False,False,True,False,0.0,0.0,0.0,0.0,0.0,0,0.8853644082452885,1.0454570314563336,False,False,False,False,-0.13955184089046874,-0.12491201930813425,False,False,False,False,1220222,1302590.166794358,False,False,False,False,54613.416232807045,False,False,False,False
2025-03-03 00:00:00+00:00,180.7151683666,185.0985572354,179.5197982975,184.7598408229,45414,,,,,,,188.66332410690478,187.669837959686,191.8186845077036,191.9610731404341,188.47154573835923,186.4858826087602,184.23681308223627,179.9069351559621,179.4429152002043,176.50005367879274,174.71054310964763,171.89557961482777,170.3614064985512,168.40371664193484,164.64047055410876,163.37638960966044,161.34999148293608,158.3056407821113,157.03296531584917,152.66559672206083,151.81843907580205,149.3806463064757,147.5960319243027,144.64421403031224,,158.3056407821113,152.66559672206083,147.5960319243027,,174.89496827553657,"rgba(239, 83, 80, 0.5)",8.96414361367542,187.24770350413803,-0.7287405712211243,41.86342149989068,-3.89444635649987,False,True,False,True,False,0.0,0.0,0.0,0.0,0.0,0,0.8699273582898235,1.0452108481871374,False,False,False,False,-0.1512822155985947,-0.13809711745336448,False,False,False,False,1174808,1297579.1014298734,False,False,False,False,54252.65481191265,False,False,False,False
2025-03-04 00:00:00+00:00,179.240755747,182.070034017,177.4276267149,178.7924546127,48596,,,,,,,188.3060668393912,187.46961530030012,191.65454780218766,191.82887156941558,188.39777236336593,186.4348261963302,184.20912225652646,179.90543523035143,179.4435100292842,176.51002980903112,174.72538898330575,171.9167352573951,170.38574117099796,168.43106164161603,164.67117176236948,163.40813019309246,161.38348418690546,158.34212625410757,157.07052505704704,152.70646310400986,151.8598938503253,149.42377747094815,147.64051483433096,144.69034336083,,158.34212625410757,152.70646310400986,147.64051483433096,,174.86003125035154,"rgba(239, 83, 80, 0.5)",8.906063589428308,187.11897364465932,-0.8845903488732023,39.438913648868514,-6.251546027974186,False,True,False,True,False,0.0,0.0,0.0,0.0,0.0,0,0.8790288580946488,1.0530203162124334,False,False,False,False,-0.20859378661408973,-0.1733454520337271,False,False,False,False,1126212,1290858.8229424274,False,False,False,False,54030.82521144549,False,False,False,False
2025-03-05 00:00:00+00:00,182.0799962644,182.558184141,179.0714971632,179.2606802419,46580,,,,,,,188.04924705490114,187.32518337634883,191.52233056733198,191.72156472174268,188.34127318075917,186.39825080971977,184.19227768739736,179.91125388239578,179.45096524166428,176.524661288111,174.7443631582222,171.94126579133234,170.4131284955816,168.46102421331045,164.70373891572103,163.44154312656093,161.41838523836913,158.3797004557153,157.10905113114666,152.74792608519078,151.90188127315412,149.46726929218926,147.6852425319669,144.73653945470843,,158.3797004557153,152.74792608519078,147.6852425319669,,174.83985672107616,"rgba(239, 83, 80, 0.5)",8.89394697734949,187.02482274632465,-0.5559766090935558,40.21679161006179,-6.251546027974186,False,True,False,True,False,0.0,0.0,0.0,0.0,0.0,0,0.915432763458779,1.0577412273190328,False,False,False,False,-0.1584617984602134,-0.16590362524697025,False,False,False,False,1172792,1286228.751454489,False,False,False,False,53738.635987467234,False,False,False,False
2025-03-06 00:00:00+00:00,182.6478443679,183.5544088839,179.6492078916,181.0140357895,45499,,,,,,,187.84025031346692,187.20622414210018,191.40512414140966,191.62582216072283,188.29239915101206,186.3678909458556,184.17993729466372,179.91992395515945,179.4610756075249,176.54101825805665,174.7648169341724,171.96693348297254,170.4415028826575,168.49178434540616,164.73679524242846,163.47536449888824,161.45358189300984,158.41742644619364,157.1476747235736,152.78932267048165,151.94377389263744,149.51058922693483,147.72974459991804,144.7824312505003,,158.41742644619364,152.78932267048165,147.72974459991804,,174.8262434544878,#000000,8.88545719575894,186.94658705055608,-0.48379532847312284,41.193204622290935,-6.251546027974186,False,True,False,True,False,0.0,0.0,0.0,0.0,0.0,0,0.9183244659604216,1.029661064352227,False,False,False,False,-0.12954283600280755,-0.1477232306248889,False,False,False,False,1218291,1283564.5259072543,False,False,False,False,53415.51300756656,False,False,False,False
2025-03-07 00:00:00+00:00,185.7959145555,186.0307247274,180.8745643254,183.4647486571,49218,,,,,,,187.71133635739767,187.13671991985953,191.31137518296168,191.5482916366804,188.25909862125977,186.35224825370378,184.18025574201855,179.93967300610228,179.48186761017416,176.56602314417012,174.79380123350447,172.00086762590442,170.47809797962668,168.53051940522855,164.77713529083968,163.5163157656857,161.49574592485266,158.46204664987212,157.19315405695767,152.83746684149872,151.9923976306921,149.5606092456054,147.780957466681,144.83498864400377,,158.46204664987212,152.83746684149872,147.780957466681,,174.82860201241493,#000000,8.857782846694953,186.89743541906293,-0.1243562731924437,44.22741029333531,-10.134545182086526,False,False,False,True,True,0.0,0.0,0.0,0.0,0.0,0,0.9311767997293977,1.0158515100252339,False,False,False,False,-0.062285624686251956,-0.10500442765557043,False,False,False,False,1267509,1282934.8974403031,False,False,False,False,53250.90465432866,False,False,False,False
2025-03-10 00:00:00+00:00,185.4273114006,187.0710822264,184.0126722657,184.0126722657,65275,,,,,,,187.6114169940983,187.0876014273698,191.2124004872088,191.465364458268,188.22943823155055,186.3440788722969,184.19056449990453,179.97325198602604,179.51646032607377,176.60438715488655,174.8371035161624,172.05022619397752,170.5307866524634,168.58572925855484,164.83385446338994,163.5736924656139,161.55453526511155,158.52389085639706,157.25605732539398,152.90366426405618,152.05919024350104,149.62914766159085,147.85101542630053,144.90671669398725,,158.52389085639706,152.90366426405618,147.85101542630053,,174.8442252349402,#000000,8.827979123781457,186.85817572329822,-0.16208288472767904,45.982991870257166,-8.476468361089772,False,False,False,True,True,0.0,0.0,0.0,0.0,0.0,1,0.9463269394319748,0.981975365483513,False,False,False,False,0.01299405282743721,-0.04600518741406661,False,False,False,False,1202234,1279770.1563642127,False,False,False,False,53722.43780513931,False,False,False,False
2025-03-11 00:00:00+00:00,187.8680620208,188.9140980009,183.4049751725,186.2840646795,71953,,,,,,,187.56948655656564,187.07609489700732,191.12973134311918,191.39480527474313,188.21184381534445,186.34812134275228,184.21217511941455,180.01789751476852,179.5618449117659,176.65206671702933,174.88986893538265,172.1091356143701,170.59315734913042,168.65055058869945,164.8997029005543,163.64010777411076,161.62230503200468,158.59481645352494,157.32806668524313,152.97905497677365,152.13519455051176,149.7069659386874,147.9304432123562,144.98786798840166,,158.59481645352494,152.97905497677365,147.9304432123562,,174.87404169011518,#000000,8.745717862599122,186.84059280036462,0.11748254821131872,48.904587032525626,-5.742177203087586,True,False,False,False,True,0.5444599436379747,0.0,0.0,0.0,0.0,1,0.941262121075276,0.9819556384787167,False,False,False,False,0.03523954232914031,-0.00538282254246315,False,False,False,False,1274187,1279551.2090558123,False,False,False,False,54437.3618127809,False,False,False,False
2025-03-12 00:00:00+00:00,180.8048285934,189.03364497,179.0524692706,189.0037582277,106926,,,,,,,187.265687410403,186.88890207771692,190.91193614000844,191.21219531107073,188.1219538282408,186.29611874092745,184.19657722157467,180.04654508151197,179.5933600214042,176.69592945864943,174.94275651127242,172.17348671413473,170.66353838501234,168.72614150613825,164.98007533461038,163.72212228644068,161.7073399331847,158.68554078045975,157.4208069636241,153.07804049288438,152.23530047836738,149.81030645328335,148.0364822957738,145.09705673127988,,158.68554078045975,153.07804049288438,148.0364822957738,,174.86645270996345,"rgba(239, 83, 80, 0.5)",8.741653965056665,186.88304657751448,-0.6953166996098402,46.31272410422859,-5.742177203087586,False,False,False,True,False,0.0,0.0,0.0,0.0,0.0,1,0.9168136458839181,0.9850230036042416,False,False,False,False,-0.04097718506975142,-0.023180003806107283,False,False,False,False,1167261,1275147.6714457804,False,False,False,False,56495.73978090715,False,False,False,False
2025-03-13 00:00:00+00:00,171.7690701751,181.7014308621,168.1627366057,181.7014308621,73889,,,,,,,186.6820665434815,186.49212091283917,190.6036733121342,190.95657705173923,187.95533426703196,186.16564948383976,184.1082566761201,180.00536567171096,179.5570022177038,176.6824602299997,174.93795734512165,172.18044019405946,170.67612575542407,168.74487388373862,165.00734840758977,163.75182083308513,161.74075811799554,158.72452514630325,157.46184498578805,153.12538150640452,152.2837553488975,149.86187519221144,148.0904195565121,145.15412659002388,,158.72452514630325,153.12538150640452,148.0904195565121,,174.77797912710554,"rgba(255, 0, 0, 1.0)",8.995538644684817,186.45348544232155,-1.6324108924703582,41.03010976532048,-3.6503448914458687,False,True,False,True,False,0.0,0.0,0.0,0.0,0.0,0,0.8882108065362317,1.0152047507086137,False,False,False,False,-0.34282825441539394,-0.18300412911075062,False,False,False,False,1093372,1268019.2137420243,False,False,False,False,57177.828416950004,False,False,False,False
2025-03-14 00:00:00+00:00,176.0627988171,176.6007601783,171.4851461234,173.7415951661,40160,,,,,,,186.4051149823067,186.30011999340465,190.44892830155737,190.8274479963204,187.87169549463067,186.1006413354802,184.06476676203113,179.98624492585265,179.5403234518314,176.67736581973423,174.93741562774468,172.18605109468916,170.68470689003294,168.75665211784923,165.02349638642957,163.7692203910549,161.7600941505755,158.74679786256482,157.48519906070086,153.15205790351155,152.31101963595486,149.89078649372925,148.12059124141422,145.18595296090407,,158.74679786256482,153.15205790351155,148.12059124141422,,174.73621702741514,"rgba(239, 83, 80, 1.0)",9.089901397624416,186.29329778061057,-1.1254796411965746,40.274819899996814,-4.1739333265545895,False,True,False,True,False,0.0,0.0,0.0,0.0,0.0,0,0.9101477179711378,1.0215996866461328,False,False,False,False,-0.34282825441539394,-0.2629161917630723,False,False,False,False,1133532,1262745.2053599842,False,False,False,False,56510.462596677455,False,False,False,False
2025-03-17 00:00:00+00:00,173.5124634752,177.3280042406,173.2335205472,175.6742711674,49919,,,,,,,186.07753883246076,186.06952218256123,190.26043384481275,190.66953100114253,187.76899990902538,186.02068335122678,184.01112438725394,179.96255822495672,179.51964502290062,176.67099018234615,174.93667054260783,172.19292263006906,170.69525700335186,168.77116697079737,165.0434422631102,163.79072223195828,161.7840026608852,158.77435353495991,157.51409843140638,153.18508680091998,152.34477940903847,149.9265937406267,148.15796451567508,145.22538454806096,,158.77435353495991,153.18508680091998,148.15796451567508,,174.68593750043766,"rgba(239, 83, 80, 1.0)",9.181812953973134,186.11543290617124,-1.3726014126129304,38.83654617891648,-5.4856484324914305,False,True,False,True,False,0.0,0.0,0.0,0.0,0.0,0,0.9150462252626289,1.0174153800291625,False,False,False,False,-0.29831343377279834,-0.2806148127679353,False,False,False,False,1083613,1255720.412992926,False,False,False,False,56251.97386739599,False,False,False,False
2025-03-18 00:00:00+00:00,169.8662809161,172.4265785054,169.2585838229,171.4303537625,58111,,,,,,,185.58695287435432,185.71801908305832,189.98928076487718,190.44252940230564,187.6139287177136,185.89522576836623,183.9218230655171,179.9136250849773,179.47517465473436,176.6480785888947,174.9211481576059,172.18758901721415,170.6947127157344,168.7761239000817,165.05655689477885,163.80610207146555,161.8027587340859,158.79793063145698,157.5394727590171,153.2159706335007,152.37663425238787,149.96114317329986,148.1945151914365,145.26467070572127,,158.79793063145698,153.2159706335007,148.1945151914365,,174.60015017598695,"rgba(255, 0, 0, 1.0)",9.181457754680308,185.8355260759596,-1.7392929953545946,36.653301228043276,-7.5567851932919865,False,True,False,True,False,0.0,0.0,0.0,0.0,0.0,0,0.9070537220481949,1.0365646231723884,False,False,False,False,-0.34282825441539394,-0.31172153359166466,False,False,False,False,1025502,1246692.2399343802,False,False,False,False,56324.87685298831,False,False,False,False
2025-03-19 00:00:00+00:00,169.9957901327,172.0579753506,168.1826611006,171.0019771231,55744,,,,,,,185.13169836222514,185.3861461100878,189.7303806900236,190.2248427293251,187.4640240192059,185.77339532577847,183.83449777113026,179.86499160463674,179.4308592881479,176.62470004362683,174.9048882783178,172.1811702302781,170.69291250469513,168.77966200975118,165.06807327347224,163.81983018044926,161.81977406186547,158.819615955234,157.56290163472158,153.24474526201632,152.4063509591279,149.993472137132,148.2287786577872,145.30158994859684,,158.819615955234,153.24474526201632,148.2287786577872,,174.51795546674944,"rgba(255, 0, 0, 1.0)",9.209167289109601,185.58433703092805,-1.6927205694984455,35.28752693088649,-8.891722988653726,False,True,False,True,False,0.0,0.0,0.0,0.0,0.0,0,0.894183988537832,1.0399576040375398,False,False,False,False,-0.34282825441539394,-0.32727489400352927,False,False,False,False,1081246,1240204.1520938163,False,False,False,False,56302.09736855739,False,False,False,False
2025-03-20 00:00:00+00:00,168.401830544,169.8363941738,165.9112686867,168.0033406469,76182,,,,,,,184.47282637766284,184.8975473637582,189.35182899065288,189.9055463618511,187.23982404319963,185.58876411093385,183.69957943030627,179.78567979804822,179.3579739860599,176.58319747074248,174.8735742449307,172.16405574302158,170.68239666565066,168.77696303185294,165.07738832343335,163.8324441976925,161.83723006917114,158.84380115202524,157.5896115154661,153.27919077182446,152.44215783782346,150.03304029904754,148.27109922192386,145.3477507657284,,158.84380115202524,153.27919077182446,148.27109922192386,,174.39197118241418,"rgba(255, 0, 0, 1.0)",9.301479978814713,185.2204225579813,-1.8081630076383264,33.822816172918664,-10.37464778166823,False,True,False,True,False,0.0,0.0,0.0,0.0,0.0,0,0.8881659065402812,1.061679986309564,False,False,False,False,-0.34282825441539394,-0.33505157420946163,False,False,False,False,1005064,1230982.9696587648,False,False,False,False,57081.70139331985,False,False,False,False
2025-03-21 00:00:00+00:00,164.0981396546,167.6048507497,163.0869715405,166.8676444399,244939,,,,,,,182.31663579935216,183.23851607589816,188.05369943462495,188.8004588023708,186.44112143934805,184.9192549587411,183.19755835130314,179.47182902587394,179.0668900092401,176.40463407878332,174.72964651554258,172.0689700984996,170.6097411679753,168.73175987162688,165.07592251089685,163.84286727661893,161.86484280354517,158.8946457971645,157.64923337607547,153.365696775805,152.53338857898515,150.13726469329683,148.3846800795169,145.4746822270259,,158.8946457971645,153.365696775805,148.3846800795169,,173.93719620846431,"rgba(255, 26, 202, 1.0)",9.492415662488403,184.0215479858794,-2.098876517809014,31.49014064530273,-12.686763874248939,False,True,False,True,False,0.0,0.0,0.0,0.0,0.0,0,0.8865458688249784,1.0442302477535417,False,False,False,False,-0.34282825441539394,-0.33893991431242776,False,False,False,False,760125,1212517.951240774,False,False,False,False,64448.65427985633,False,False,False,False
2025-03-24 00:00:00+00:00,168.6708112246,168.6708112246,165.3733073255,166.1902116147,105924,,,,,,,181.6451479139936,182.69511860564234,187.5934644406245,188.4018818803974,186.15343934588347,184.67949109649214,183.01888715157648,179.36409058708105,178.96746522545368,176.3464876955166,174.6851198943587,172.04355091470933,170.59323709192788,168.72589462628432,165.0866092876958,163.85811823803434,161.8867920249054,158.92588066885193,157.68396443408355,153.41116468625287,152.58074928936975,150.18985467286402,148.44108580509808,145.53644976460072,,158.92588066885193,153.41116468625287,148.44108580509808,,173.78829029048825,"rgba(255, 0, 0, 1.0)",9.453357342004281,183.64817675507248,-1.5843435288247578,33.188650063283454,-12.686763874248939,False,True,False,True,False,0.0,0.0,0.0,0.0,0.0,0,0.8950937279114245,1.0228269775460577,False,False,False,False,-0.30059558466262015,-0.31976774948752396,False,False,False,False,866049,1198930.9335450574,False,False,False,False,66075.13842574433,False,False,False,False
2025-03-25 00:00:00+00:00,167.8539069354,169.0842444929,165.9710421713,168.2125478429,64784,,,,,,,181.2655397669315,182.38230884996662,187.32291394312495,188.16613649922505,185.98237200529573,184.5366312686002,182.91205978608204,179.29950958796582,178.90784010986778,176.31156032183907,174.65840444595634,172.0283685308394,170.58344557445082,168.72253614414274,165.09326956646387,163.86754610341575,161.90028530337304,158.9450158457699,157.70522499794714,153.4389565895235,152.60969324666718,150.22198231255916,148.4755370841469,145.5741679274898,,158.9450158457699,153.4389565895235,148.4755370841469,,173.70149626203906,"rgba(255, 0, 0, 1.0)",9.455133255907059,183.4329315935606,-1.6476790158856465,34.0094803912197,-12.686763874248939,False,True,False,True,False,0.0,0.0,0.0,0.0,0.0,0,0.9227832012108783,1.0198027889300991,False,False,False,False,-0.2880645835064698,-0.3039161664969969,False,False,False,False,801265,1183336.1910530943,False,False,False,False,66024.50554630338,False,False,False,False
2025-03-26 00:00:00+00:00,166.3296830787,171.0119393705,166.1802493673,168.5512642555,45975,,,,,,,181.01224321055008,182.17105461178102,187.13726718190807,188.0036895068022,185.86420653059895,184.43790050132037,182.83814533336198,179.25490344594624,178.86666526164788,176.28752253080447,174.6401157593488,172.0181554786496,170.57701493111134,168.72061107026852,165.09835294655642,163.87456925355244,161.91016223152627,158.95886239732,157.72056701393336,153.45889653317641,152.63044461563808,150.24497706015177,148.50017084925608,145.6011042720914,,158.95886239732,153.45889653317641,148.50017084925608,,173.6425452865082,"rgba(255, 0, 0, 1.0)",9.416205357374466,183.28740997434193,-1.8009087792845555,33.964713997114615,-12.686763874248939,False,True,False,True,False,0.0,0.0,0.0,0.0,0.0,0,0.9318364589264327,1.0016199841882611,False,False,False,False,-0.2618646817796339,-0.2828904241383154,False,False,False,False,755290,1166550.0659137573,False,False,False,False,65238.2504268405,False,False,False,False
2025-03-27 00:00:00+00:00,166.9473424194,167.9086992963,165.592476769,166.8576821925,63079,,,,,,,180.65402355064018,181.87098019874253,186.87501667723862,187.77387528501615,185.69548877530437,184.29607901105146,182.73105721534296,179.18882222696115,178.80546542890295,176.25079003132856,174.61142561273974,172.00080719314772,170.5649559605325,168.71492446255817,165.1027028284911,163.88168630426892,161.9213286172924,158.97560706178743,157.7394180510087,153.48422260864226,152.6569127865485,150.27459781661813,148.53208238972397,145.6362582783614,,158.97560706178743,153.48422260864226,148.53208238972397,,173.5569338550499,"rgba(255, 0, 0, 1.0)",9.459511979189674,183.07836260136892,-1.705269808575341,34.413673820946826,-12.686763874248939,False,True,False,True,True,0.0,0.0,0.0,0.0,0.0,0,0.9122612805930784,1.0292530599087728,False,False,False,False,-0.307361835028981,-0.2951261295836482,False,False,False,False,818369,1152895.906466159,False,False,False,False,65153.57393951343,False,False,False,False
2025-03-28 00:00:00+00:00,159.7545997754,166.4193433056,157.5330185987,166.4193433056,76600,,,,,,,180.07668583555926,181.39262367337912,186.4794067959604,187.42886694868267,185.43519621211496,184.07288579447592,182.55799424816686,179.07374369869387,178.69777270802444,176.18040645864704,174.55212757821621,171.95738651482333,170.52877079981988,168.68790245088059,165.09084814181813,163.87393489022958,161.91943867932818,158.98144072683561,157.74819526428143,153.50202904688996,152.67630631928787,150.29833870657336,148.5589030220724,145.66758457908594,,158.98144072683561,153.50202904688996,148.5589030220724,,173.4118828233414,"rgba(255, 26, 202, 1.0)",9.73359702602594,182.73545765566627,-2.360983079412416,32.15068481134639,-12.766228758879443,False,True,False,True,True,0.0,0.0,0.0,0.0,0.0,0,0.8661130662525075,1.0504179890694518,False,False,False,False,-0.34282825441539394,-0.31897719199952107,False,False,False,False,741769,1136773.2826831725,False,False,False,False,65602.45339286585,False,False,False,False
2025-03-31 00:00:00+00:00,160.7807112607,162.6087836639,156.8057745364,158.1805646816,112879,,,,,,,179.2367219098223,180.68812947269714,185.8921616215259,186.9144955202374,185.0434928568666,183.7352877248856,182.29426020932277,178.89587237044088,178.53098121080248,176.06985215666427,174.45809952330228,171.88711928923004,170.46930393864008,168.64223721661853,165.0682465564167,163.85756323071453,161.9119372364177,158.98554700444012,157.7567349696157,153.52417112055534,152.70083907402832,150.32941256247523,148.59459001068652,145.7100650839299,,158.98554700444012,153.52417112055534,148.59459001068652,,173.1931107569608,"rgba(255, 26, 202, 1.0)",9.909415418944208,182.22847245799733,-2.1643820841635946,31.43893121324206,-13.659926626355514,False,True,False,True,False,0.0,0.0,0.0,0.0,0.0,0,0.8590807533468953,1.063739953134637,False,False,False,False,-0.34282825441539394,-0.3309027232074575,False,False,False,False,854648,1125709.546107362,False,False,False,False,67456.43561275347,False,False,False,False
2025-04-01 00:00:00+00:00,160.2427498995,161.5876533024,157.7123390524,159.3561098783,63145,,,,,,,178.79190244645434,180.31001791256134,185.57223132380827,186.63283730870822,184.8277402635032,183.54884519254207,182.14798885826016,178.7966821127655,178.43788951713063,176.00783514847348,174.40524339773924,171.84745591906062,170.43564248979044,168.61625975409206,165.05514575638327,163.8479443469406,161.9072762032723,158.98737043862954,157.76103716264578,153.5360827213694,152.714088631574,150.34632288714832,148.61408035006377,145.7333612849115,,158.98737043862954,153.5360827213694,148.61408035006377,,173.0736714137065,"rgba(255, 26, 202, 1.0)",10.012997969156407,181.95569483822837,-2.1684759155661415,30.777397219765252,-14.52882581189526,False,True,False,True,False,0.0,0.0,0.0,0.0,0.0,0,0.8554839792455681,1.0852822376981863,False,False,False,False,-0.34282825441539394,-0.33686548881142575,False,False,False,False,791503,1112603.4070443283,False,False,False,False,67287.35970637097,False,False,False,False
2025-04-02 00:00:00+00:00,162.3148973648,162.4842555711,157.8916595062,158.8081862697,59559,,,,,,,178.4128781036191,179.9833965391465,185.28960943002974,186.3826935829098,184.6360067383225,183.38330696443342,182.0181708704336,178.7091957421161,178.3558391821042,175.95354329621537,174.35930671642154,171.8135343856667,170.4072149390758,168.5948132172398,165.04532692335985,163.84128273445276,161.90512911936702,158.9911727138471,157.76711146655933,153.54913795183845,152.72837255410676,150.36397341117848,148.63411355169842,145.75689267564726,,158.9911727138471,153.54913795183845,148.63411355169842,,172.96993353085793,"rgba(255, 0, 0, 1.0)",9.94285612179939,181.7200230412467,-1.9516651391446347,32.06220875074957,-14.52882581189526,False,True,False,True,False,0.0,0.0,0.0,0.0,0.0,0,0.8434167557347253,1.0968117041747765,False,False,False,False,-0.3313882832573713,-0.33412688603439855,False,False,False,False,851062,1102346.8812778841,False,False,False,False,66984.28677670937,False,False,False,False
2025-04-03 00:00:00+00:00,148.1685060152,155.5405691129,147.5906956643,154.9129475248,64083,,,,,,,177.78944863506294,179.45796820064535,184.86528164741048,186.01062795830617,184.34367940328528,183.12624162300955,181.81192540905892,178.5612753191726,178.21600996902202,175.8552667887234,174.2720821106261,171.7425104932627,170.34337106799538,168.54068419438156,165.00829648819268,163.8087952672795,161.87895814691234,158.9728772830759,157.75185837762393,153.54320317198508,152.72406998312908,150.36409789823315,148.63726529406253,145.7646878383685,,158.9728772830759,153.54320317198508,148.63726529406253,,172.7950180777516,"rgba(255, 26, 202, 1.0)",10.461719543479623,181.3347995583309,-3.1702525961711667,28.81700313383075,-16.628033242621882,False,True,False,True,False,0.0,0.0,0.0,0.0,0.0,0,0.8044228511125326,1.092709146845266,False,False,False,False,-0.34282825441539394,-0.3384775702248962,False,False,False,False,786979,1089979.513384634,False,False,False,False,66870.51082468155,False,False,False,False
2025-04-04 00:00:00+00:00,139.2124455763,142.4501759908,134.1615861297,142.1014973308,185121,,,,,,,175.42000180581232,177.46222663110672,183.29382819855272,184.63453448812214,183.24167524751854,182.1450394429816,181.01204667595857,177.96648813352013,177.65120324418496,175.4454723778258,173.90040885146416,171.42756464658376,170.05302303158538,168.2851720887045,164.81642971204732,163.63363012367626,161.72660245289322,158.8478818997999,157.6375271725208,153.46147671042678,152.64803692903504,150.3033936095354,148.5867675843203,145.7303912193254,,158.8478818997999,153.46147671042678,148.5867675843203,,172.1031116467643,"rgba(255, 26, 202, 1.0)",11.394328446771391,179.86135899910406,-3.56746899237594,25.177287746245756,-20.071170416069087,False,True,False,True,False,0.0,0.0,0.0,0.0,0.0,0,0.7904889676747353,1.1070561366975717,False,False,False,False,-0.34282825441539394,-0.34065291232014505,False,False,False,False,601858,1070837.4932519032,False,False,False,False,71507.78490998816,False,False,False,False
2025-04-07 00:00:00+00:00,137.2698073276,142.7490434137,129.5590278174,134.8390189549,136948,,,,,,,173.75450677262356,176.03431200217537,182.14728616853714,183.62309330370474,182.42355212342525,181.41315310949142,180.41098641742246,177.51507054768072,177.22189557752571,175.13126281120844,173.61447173922448,171.1838629638608,169.82762907169746,168.08587422239788,164.6651420206513,163.49495472946018,161.60513526360896,158.7469850154093,157.54466414623255,153.39319608086512,152.5840509681543,150.25096464745917,148.5420099309568,145.6978747431593,,158.7469850154093,153.39319608086512,148.5420099309568,,171.59185170436015,"rgba(255, 26, 202, 1.0)",12.271488490729777,178.8035038208352,-3.3845687525690877,22.481209746506345,-22.53804987372579,False,True,False,True,False,0.0,0.0,0.0,0.0,0.0,0,0.7828441965418634,1.102289256836647,False,False,False,False,-0.34282825441539394,-0.34174058336776947,False,False,False,False,464910,1047075.6307714365,False,False,False,False,74074.0678546945,False,False,False,False
2025-04-08 00:00:00+00:00,133.4443043148,143.4862497235,131.7955523652,141.3045175365,89783,,,,,,,172.73015262063453,175.14467769381034,181.4211492341461,182.97890010758715,181.89934323689016,180.942985948839,180.02317615563268,177.2224077597965,176.9433431542662,174.92651128716048,173.4279571991327,171.02463710186035,169.68025255483693,167.95540330786096,164.56584105916406,163.40385763413417,161.52524057512818,158.680491766078,157.48340888986348,153.34798087079744,152.54163990322283,150.21610169738597,148.51215760283225,145.67602530279243,,158.680491766078,153.34798087079744,148.51215760283225,,171.26638590788096,"rgba(255, 26, 202, 1.0)",13.279060939344062,178.14180944291996,-3.366014007488082,20.175934355500004,-24.630407227362156,False,True,False,True,False,0.0,0.0,0.0,0.0,0.0,0,0.8036634417868168,1.0949604846659504,False,False,False,False,-0.32401995505973846,-0.33288026921375397,False,False,False,False,375127,1020724.7040745175,False,False,False,False,74690.10440941235,False,False,False,False
2025-04-09 00:00:00+00:00,148.0788457884,149.4436736862,131.1579685298,133.2649838611,117747,,,,,,,171.6985810706868,174.22599916315016,180.63813937890734,182.2766725614633,181.32720078165593,180.43058749236206,179.60050082686206,176.90610947238568,176.6424910504942,174.7068452276852,173.2294053029437,170.85751904291138,169.52698190104417,167.82145698836504,164.46699525419837,163.31433746959274,161.44858665044495,158.61955559419135,157.42859584574137,153.31196030873576,152.50891356259774,150.19228039691626,148.49433043023797,145.6676186785348,,158.61955559419135,153.31196030873576,148.49433043023797,,170.92392606919105,"rgba(255, 26, 202, 1.0)",13.735983709413235,177.45457376953672,-2.1385965943600826,26.31785004262457,-29.3912261405823,False,True,False,True,True,0.0,0.0,0.0,0.0,0.0,0,0.8147345811338954,1.0617302367071573,False,False,False,False,-0.2909084360734299,-0.31189435264359194,False,False,False,False,492874,1000024.6764637522,False,False,False,False,76378.61011884715,False,False,False,False
2025-04-10 00:00:00+00:00,138.4752392666,144.1138713115,134.8788679446,144.1138713115,78351,,,,,,,170.96673837856972,173.57362962296324,180.08464048186315,181.77980733732701,180.91957011983445,180.06401309553718,179.2964385283134,176.67607376042645,176.42338138279644,174.54536006375193,173.08260768804146,170.73269521398217,169.4117846553704,167.71987223068376,164.39041085288923,163.24437744979954,161.38772428122192,158.56969256297697,157.38302973213948,153.27957951135272,152.47884272664035,150.16844192437352,148.47465619280152,145.6545541481392,,158.56969256297697,153.27957951135272,148.47465619280152,,170.67657134749203,"rgba(255, 26, 202, 1.0)",14.479643620376653,176.96416208087405,-2.6581402017457147,28.295310397824164,-27.777897702997087,False,True,False,True,True,0.0,0.0,0.0,0.0,0.0,0,0.8226913494188992,1.0673737295614538,False,False,False,False,-0.30085419154141463,-0.3063742720925033,False,False,False,False,414523,977063.8264063502,False,False,False,False,76455.95874163746,False,False,False,False
2025-04-11 00:00:00+00:00,142.2409687948,143.0130429706,136.5227383929,138.5250505037,80752,,,,,,,170.27866903942095,172.95320657270986,179.54891043923266,181.29641408193746,180.5217802246928,179.7059848076239,178.99884902265103,176.45086812292632,176.20882199185152,174.38714694919364,172.93897857577772,170.6108756956884,169.29956099831108,167.621151874155,164.31642803081246,163.17697026189546,161.3293736563267,158.5223504321808,157.3399863461678,153.24973913554464,152.45131765112293,150.14717076078009,148.4575775289259,145.64410780654688,,158.5223504321808,153.24973913554464,148.4575775289259,,170.437803312955,"rgba(255, 26, 202, 1.0)",15.04610212149323,176.4951798775101,-2.2766169474403775,31.11014043935551,-25.28180599380275,False,True,False,True,True,0.0,0.0,0.0,0.0,0.0,0,0.8274239779603028,1.0728740064967597,False,False,False,False,-0.29749089350514446,-0.30193258279882385,False,False,False,False,495275,958170.1469394346,False,False,False,False,76624.43094784775,False,False,False,False
2025-04-14 00:00:00+00:00,142.290780032,144.5123612087,140.771537299,143.8847396206,53947,,,,,,,169.86492076088595,172.5755585499338,179.21639479687306,180.9947875371509,180.273029750552,179.4820388366781,178.81245522682428,176.31000216751215,176.0746104434273,174.28826806078752,172.84942229154785,170.5352447047019,169.23008940749227,167.5602874609429,164.27126445548703,163.13599587541663,161.29419018322437,158.49425591981804,157.31465776593785,153.23291404909688,152.4359853732977,150.1358766195106,148.44900256724767,145.63981365848628,,158.49425591981804,153.23291404909688,148.44900256724767,,170.29051941221456,"rgba(255, 26, 202, 1.0)",15.574314514070398,176.20806031902404,-2.177770344651892,33.007006073121204,-23.58680449271939,False,True,False,True,True,0.0,0.0,0.0,0.0,0.0,0,0.8568844434464608,1.0784105962571107,False,False,False,False,-0.26227229863775686,-0.2821024407182904,False,False,False,False,549222,942132.9647065155,False,False,False,False,75735.1199302851,False,False,False,False
2025-04-15 00:00:00+00:00,139.0132006277,142.5248928466,138.554937246,142.0616483411,44209,,,,,,,169.50484478033786,172.24788892466646,178.93010136551808,180.73528587657918,180.05828856351377,179.28826975330537,178.65072135096423,176.1869761219479,175.95730370827803,174.20136801655394,172.77042075311783,170.46807764091457,169.1681348540247,167.50568271787603,164.2301642432504,163.09849060789224,161.2616377404229,158.4677222454116,157.2904766017185,153.21596332677532,152.42030329053037,150.12362156132875,148.43904349839192,145.6334930973165,,158.4677222454116,153.21596332677532,148.43904349839192,,170.16189095965345,"rgba(255, 26, 202, 1.0)",16.1335614415392,175.95852567619525,-2.289967108773135,33.47205776033552,-23.117529133640097,False,True,False,True,True,0.0,0.0,0.0,0.0,0.0,0,0.8489158899308584,1.0781595064203542,False,False,False,False,-0.28796326293323227,-0.2850328518257613,False,False,False,False,505013,924991.0053062601,False,False,False,False,74498.80150164648,False,False,False,False
2025-04-16 00:00:00+00:00,135.2972823366,139.4067094012,133.5837757788,137.99705139,64193,,,,,,,168.92943362428932,171.72697783535088,178.4804544246611,180.32841320469157,179.72026926191563,178.98240910556189,178.39457948613128,175.99053469392092,175.7698143725379,174.06152695851682,172.6426757951517,170.35853236455628,169.0665548249083,167.41547823257196,164.16106851769365,163.03499463541522,161.20581935376202,158.4211355462663,157.24750696396723,153.18410488742575,152.3903926943972,150.098962070815,148.4178761352386,145.6179122844298,,158.4211355462663,153.18410488742575,148.4178761352386,,169.95611420446477,"rgba(255, 26, 202, 1.0)",16.753564807765986,175.56146054528688,-2.4033200498333778,32.92005205996132,-23.117529133640097,False,True,False,True,True,0.0,0.0,0.0,0.0,0.0,0,0.8075877872956593,1.1055430425546338,False,False,False,False,-0.33849185785351477,-0.31176235483963805,False,False,False,False,440820,906003.9070589558,False,False,False,False,74094.65242315055,False,False,False,False
2025-04-17 00:00:00+00:00,135.7156967287,137.5537313794,134.9087546869,135.3869425635,59856,,,,,,,168.4098961807258,171.2541214055134,178.06925503834293,179.9553477516053,179.40947686233608,178.7008504753167,178.15830171325013,175.80892557842193,175.59641473579725,173.93193081760796,172.52424244486053,170.25690716008972,168.97229399692833,167.33173611567116,164.0968626407662,162.9759771024831,161.15391939629075,158.37780000713428,157.20752818932823,153.15444223087232,152.36253919538638,150.07598682709764,148.39814586588494,145.60337437728262,,158.37780000713428,153.15444223087232,148.39814586588494,,169.7673114921671,"rgba(255, 26, 202, 1.0)",17.343295858081248,175.19956978942565,-2.2766072483465023,32.76171624771142,-23.117529133640097,False,True,False,True,True,0.0,0.0,0.0,0.0,0.0,0,0.7905641829594108,1.1266214041558529,False,False,False,False,-0.34184594421835673,-0.3268041495289974,False,False,False,False,500676,890108.6950174281,False,False,False,False,73536.2738967525,False,False,False,False
2025-04-21 00:00:00+00:00,130.4157810963,133.7232472428,128.3585770022,133.4443043148,79702,,,,,,130.83253511376668,167.63532925244039,170.55293933965436,177.4673298215693,179.41023838714733,178.9533637261626,178.2863630068529,177.80918952042626,175.53818715742938,175.33764403698987,173.73710380628012,172.34529131150924,170.10197752820812,168.82781183716386,167.20239836222817,163.99596904298946,162.88260857923788,161.0708177934422,158.3069030128397,157.1414282121753,153.10307583526242,152.31375406464633,150.03414548851077,148.36088350097685,145.5735205940868,,158.3069030128397,153.10307583526242,148.36088350097685,,168.37177144242565,"rgba(255, 26, 202, 1.0)",18.069582720426958,172.4272412534892,-2.3249823090655477,31.424366028569743,-23.117529133640097,False,True,False,True,True,0.0,0.0,0.0,0.0,0.0,0,0.7771718227999799,1.1322651789544695,True,False,False,False,-0.34282825441539394,-0.33481620197219564,False,False,False,False,420974,871711.2559971369,False,False,False,False,73778.067077272,True,False,False,False
2025-04-22 00:00:00+00:00,132.8764562113,133.7740547047,129.7383482711,132.9960031805,73402,,,,,,131.45439087801716,166.97387093448864,169.94875739495183,176.94144083904325,178.93193175905455,178.55193551867293,177.92119933945148,177.50095054580083,175.2988674586022,175.10882904561294,173.56460588754527,172.18694592889204,169.96504488331385,168.70022463917542,167.08831145658016,163.90720350146083,162.80055947077295,160.99795249423698,158.24499941534557,157.08383232137413,153.058721399672,152.27172141005065,149.9983642549242,148.32923518985484,145.54854300330996,,158.24499941534557,153.058721399672,148.32923518985484,,168.15859268561968,"rgba(255, 26, 202, 1.0)",18.665640383490324,172.00482436056708,-2.0962778316395703,31.838366931665632,-23.117529133640097,False,True,False,True,True,0.0,0.0,0.0,0.0,0.0,0,0.7831410703882773,1.117593078195983,False,False,False,False,-0.33448278394260617,-0.3346494929574009,False,False,False,False,494376,856913.7949776414,False,False,False,False,73763.31934875154,False,False,False,False
2025-04-23 00:00:00+00:00,134.0121524183,141.0654235982,132.9063429536,137.4092787916,105192,,,,,,133.3034239622585,166.168294011831,169.20048079500043,176.27191188863276,178.31833696362835,178.03541534426998,177.451175131744,177.10341596379078,174.99076210928334,174.81422023949798,173.34270688264195,171.98387046136722,169.79039175573882,168.53808069953834,166.9440359433958,163.79622051556422,162.69845736262633,160.90806227052494,158.16984857267005,157.0144657318965,153.00716167672226,152.22328924396066,149.9583726492332,148.29486467172273,145.5231726738609,,158.16984857267005,153.00716167672226,148.29486467172273,,167.94217883029506,"rgba(255, 0, 0, 1.0)",19.172692092796314,171.53041638327394,-1.9568594636259014,32.72375106931352,-22.62914645772483,False,True,False,True,True,0.0,0.0,0.0,0.0,0.0,0,0.7928723706935235,1.1031924327939444,False,False,False,False,-0.27473223824455595,-0.3046908656009784,False,False,False,False,599568,846821.803017734,False,False,False,False,74995.81662919266,False,False,False,False
2025-04-24 00:00:00+00:00,138.3158433077,138.9982572566,133.4492854385,134.400680068,76141,,,,,,134.12706385249018,165.62796586691056,168.69365658984827,175.81162486748275,177.894513764699,177.67736573175623,177.1249374955256,176.82676582456062,174.77597052047696,174.60875138605468,173.18766234793083,171.8420422375301,169.66852415296978,168.42502850907803,166.84353895322292,163.71909565582195,162.6275841600869,160.84580403271423,158.11802766545367,156.96674077179517,152.9720571053526,152.19040320130975,149.93147897532143,148.2719704912587,145.5066702088228,,158.11802766545367,152.9720571053526,148.2719704912587,,167.77063321932042,"rgba(255, 0, 0, 1.0)",19.51688749901821,171.18485761095886,-1.6841319757011628,35.533963080734814,-19.702384239070856,False,True,False,True,True,0.0,0.0,0.0,0.0,0.0,0,0.7909142829276246,1.1149171337329444,False,False,False,False,-0.2794496197540316,-0.29207024267750503,False,False,False,False,675709,840111.4970170385,False,False,False,False,75040.72578098903,False,False,False,False
2025-04-25 00:00:00+00:00,136.6421857396,137.2000715956,134.784226594,136.1540356155,52312,,,,,,134.4086450455895,165.2592355996261,168.3469707826212,175.4959007429942,177.60334869201697,177.4307270491602,176.89990826867123,176.63553962081534,174.62704862002718,174.4662286452694,173.07982595757366,171.74328946967518,169.58350864231755,168.3460788149552,166.7732480347982,163.66496209867285,162.5777738019637,160.80194909609082,158.0813793149311,156.93292246838251,152.94696110655548,152.16684075287262,149.91205804460344,148.25531087572344,145.4944313749515,,158.0813793149311,152.94696110655548,148.25531087572344,,167.6379245383076,"rgba(255, 0, 0, 1.0)",19.898095795630233,170.93349207123137,-1.7233461273797865,36.83567997765597,-18.282752014098058,False,False,False,True,True,0.0,0.0,0.0,0.0,0.0,0,0.8040046306071467,1.1042538399518251,False,False,False,False,-0.2812969016630198,-0.2866835721702624,False,False,False,False,623397,831612.8892908802,False,False,False,False,74149.4032013424,False,False,False,False
2025-04-28 00:00:00+00:00,139.6109354735,140.0094253707,135.9072707467,137.1004491213,88312,,,,,,135.17092428780418,164.70495711270948,167.81890841242517,175.00472178093648,177.14774071448147,177.04381542588305,176.54674514275763,176.33490785224885,174.39313289882472,174.24233426830273,172.91046829848284,171.58852574113666,169.4507884421366,168.22314969918875,166.66418965630425,163.58167319627142,162.50140856024566,160.7351593500342,158.0262654839771,156.88238996131273,152.91056386211216,152.13293175320726,149.88487942723384,148.23264134966388,145.47894347975756,,158.0262654839771,152.91056386211216,148.23264134966388,,167.4486103142732,"rgba(255, 0, 0, 1.0)",20.209530916872307,170.5638067958747,-1.5315977124700662,39.22170222941444,-15.871500639068202,False,False,False,True,True,0.0,0.0,0.0,0.0,0.0,0,0.8144585769217455,1.089575117919304,False,False,False,False,-0.25744941513530734,-0.2720664936527849,False,False,False,False,711709,826910.7759853555,False,False,False,False,74704.79915423093,False,False,False,False
2025-04-29 00:00:00+00:00,141.8225544028,141.9919126091,138.34573005,138.34573005,72900,,,,,,135.90917465237985,164.30160550033693,167.42871606134636,174.63295812731468,176.8006357106058,176.7481699470635,176.27673614209868,176.10458818372746,174.21406715650332,174.07090927183083,172.78081629713878,171.47031905466525,169.34984884504263,168.12992817801359,166.581815581297,163.51936013933195,162.44450989920082,160.68578071899955,157.98613052504575,156.8458790101797,152.88524784416398,152.10958895143943,149.86688277000547,148.218244245448,145.47024926303996,,157.98613052504575,152.88524784416398,148.218244245448,,167.3140974501061,"rgba(239, 83, 80, 1.0)",20.4551785922885,170.29622711482847,-1.3920031342460586,41.896142774423055,-13.26093205752511,True,False,False,True,True,0.0,0.0,0.0,0.0,0.0,1,0.8195241509043925,1.0864182416036734,False,False,False,False,-0.23055301793219432,-0.2513097557924896,False,False,False,False,784609,825251.8828094592,False,False,False,False,74634.02271681011,False,False,False,False
2025-04-30 00:00:00+00:00,140.8861031444,140.8861031444,137.8177309362,140.1289723398,102084,,,,,,136.53013812210693,163.73934401421744,166.88389625612052,174.11289912788632,176.31426385037216,176.33251118519473,175.89645570647178,175.77933735047958,173.96016042521933,173.82769190452535,172.59620116240907,171.30173442768987,169.20549194868175,167.99639711867368,166.46354760457132,163.4294124192278,162.36220820982084,160.61409279509243,157.92746689961115,156.7923263383205,152.8474890161675,152.07461454211477,149.83945055934805,148.19588302809706,145.4559414888835,,157.92746689961115,152.8474890161675,148.19588302809706,,167.10327884333464,"rgba(239, 83, 80, 1.0)",20.740875761826683,169.90019632669518,-1.3988846717695131,43.264499542868364,-11.90770847130274,True,False,False,True,True,0.0,0.0,0.0,0.0,0.0,1,0.8145083755957837,1.0843870334348262,False,False,False,False,-0.24033384944732306,-0.24582180261990633,False,False,False,False,682525,819654.7501502647,False,False,False,False,75710.49241419011,False,False,False,False
2025-05-01 00:00:00+00:00,144.3031540127,145.483680333,138.7342576997,141.0654235982,107296,,,,,,137.42413699106842,163.24589618194616,166.3945872936392,173.6288751337507,175.85731681778958,175.94045896135336,175.5375513611895,175.47153393255994,173.7202552888869,173.59783975959118,172.4218254939246,171.14306678665628,169.07052093312598,167.87211018371832,166.35415109213253,163.34745695313237,162.28770963470424,160.5500088120196,157.87631052110584,156.74623684609384,152.8170832067228,152.04697873529838,149.81933541989528,148.18085991382603,145.44894505719992,,157.87631052110584,152.8170832067228,148.18085991382603,,166.92439244891943,"rgba(239, 83, 80, 1.0)",20.944240768995034,169.55500654115403,-1.2056704660230897,45.89699661199421,-9.361422867420771,True,False,False,False,True,0.0,0.0,0.0,0.0,0.0,0,0.8246320422119459,1.064089436997625,False,False,False,False,-0.20749262007060457,-0.22665721134525546,False,False,False,False,789821,818484.7991639798,False,False,False,False,76949.13977049639,False,False,False,False
2025-05-02 00:00:00+00:00,158.4495453622,160.5715040646,147.0128853134,147.5408844272,152186,,,,,,140.42267405337438,162.98986245770638,166.08457596514043,173.2361029643976,175.46769389138157,175.60408715603234,175.23129854420185,175.2082570203494,173.52150270690035,173.40779794648552,172.28105030352992,171.0191252491131,168.97157457421469,167.78493258262907,166.28230869880795,163.3025275807424,162.25033085506752,160.5235239395938,157.86419316723735,156.73970028619385,152.8279292806959,152.0609176431023,149.84176714740886,148.20925005726383,145.48634768264145,,157.86419316723735,152.8279292806959,148.20925005726383,,166.90965599715497,"rgba(239, 83, 80, 0.5)",20.94226596287409,169.4313842523381,-0.5243863729744623,52.58865767692131,-3.141202089895444,True,False,True,False,True,0.0,0.0,0.0,0.0,0.0,0,0.8533713698999157,1.0074623780966936,False,False,False,False,-0.07228446772793715,-0.1494708395365963,False,False,False,False,942007,823328.8070399022,False,False,False,False,79899.60487753575,False,False,False,False
2025-05-05 00:00:00+00:00,157.702376805,160.2427498995,154.5244198751,154.5244198751,131723,,,,,,142.5817515727363,162.83981143652144,165.88081708815295,172.94867601942036,175.1769136136551,175.35159296096415,175.00142269353537,175.00989510958235,173.37281009430043,173.2656344223944,172.17626204908646,170.92787677256982,168.90037908440766,167.72329430477038,166.23292720388923,163.27441856074,162.22825117646596,160.5102226303483,157.86264875178645,156.74271615409663,152.84518020792112,152.08070725682322,149.86854786047226,148.24097499737158,145.52548868679332,,157.86264875178645,152.84518020792112,148.24097499737158,,166.90041608497123,"rgba(239, 83, 80, 0.5)",20.918835659532,169.34841693443732,-0.5567250643862016,56.669036217431284,0.4309185883990594,True,False,True,False,True,0.0,0.0,0.0,0.0,0.0,0,0.8752251525974877,1.016657599274369,False,False,False,False,-0.03146785226061863,-0.09046934589860746,False,False,False,False,810284,822817.245979514,False,False,False,False,81931.89488233828,False,False,False,False
2025-05-06 00:00:00+00:00,156.7758877941,157.8019992793,154.9378531434,155.3612486591,96134,,,,,,143.75859359293983,162.71614690950133,165.7213586210705,172.73249846652064,174.95907781357448,175.16180085131555,174.8281563998045,174.859928066069,173.25940071656726,173.15709713343261,172.09565333453017,170.85723225874935,168.84453837295217,167.67448981733696,166.19321700730796,163.25061234969667,162.20894422505853,160.49744785891295,157.8585739066823,156.74202142466777,152.85503802517778,152.092446838249,149.8854650682333,148.26154160493752,145.5515562172783,,157.8585739066823,152.85503802517778,148.26154160493752,,166.86883945633454,"rgba(239, 83, 80, 0.5)",20.886509365364855,169.2591767653127,-0.5976723421249691,58.89073879770447,2.287803483472956,True,False,True,False,True,0.0,0.0,0.0,0.0,0.0,0,0.8717709721633956,1.0303204760370297,False,False,False,False,-0.035089310200347626,-0.06277932804947754,False,False,False,False,714150,818555.7853528664,False,False,False,False,82488.8401810701,False,False,False,False
2025-05-07 00:00:00+00:00,151.9541600383,157.2341511758,151.4261609246,157.2341511758,80594,,,,,,144.40571050623333,162.56835478004854,165.5500858504526,172.52325269934818,174.7515946284655,174.9807692592726,174.66226032492906,174.71604050937054,173.14886172263286,173.05116085078518,172.0159711660045,170.7864043145487,168.78694654906158,167.62311813150643,166.1500552732499,163.22206072112405,162.18449037324214,160.47888759726467,157.84772808838065,156.73418272678538,152.8565770107706,152.09565551980023,149.8932541859231,148.27252746600405,145.56742089555013,,157.84772808838065,152.8565770107706,148.27252746600405,,166.80939680363534,"rgba(239, 83, 80, 0.5)",20.841571475450902,169.1390824198042,-0.8245502217405329,57.90893910460252,2.287803483472956,True,False,True,False,True,0.0,0.0,0.0,0.0,0.0,0,0.8643588009234843,1.0249521946131983,False,False,False,False,-0.056821600770443036,-0.059800464409960286,False,False,False,False,633556,811300.8918096168,False,False,False,False,82414.53272298892,False,False,False,False
2025-05-08 00:00:00+00:00,152.9105357915,156.9053970107,152.2281218426,153.3289501836,68880,,,,,,144.92003777076079,162.45223385607326,165.41313549785775,172.35240106107773,174.58134002182436,174.83182049739574,174.52566453922017,174.59732934369762,173.05763838661647,172.96371351647517,171.9501531302685,170.72798819976148,168.7395953040704,167.58098353211292,166.1147845744138,163.19898589677825,162.16484567461964,160.46418697408458,157.83952192668298,156.7285080409956,152.85880258459022,152.09928876158628,149.90075179558173,148.28272680586738,145.58173746919928,,157.83952192668298,152.85880258459022,148.28272680586738,,166.76024338723937,"rgba(239, 83, 80, 0.5)",20.721465910919388,169.0411192349057,-0.7784479878378451,57.618915819512004,2.287803483472956,True,False,True,False,True,0.0,0.0,0.0,0.0,0.0,0,0.8673771173431944,1.0229798318724128,False,False,False,False,-0.048335017520445764,-0.054067740965203025,False,False,False,False,702436,807031.6803661025,False,False,False,False,81883.76673385211,False,False,False,False
2025-05-09 00:00:00+00:00,153.5182328847,155.699513538,152.8393903931,153.44835204,57474,,,,,,145.30904612307285,162.35777640205302,165.3013701094748,172.21227003722345,174.44143296240952,174.7091723466328,174.41308749774578,174.4993336191273,172.98220127315145,172.89137595979562,171.89561454957467,170.6795685109954,168.7003283965409,167.54603650597693,166.085521512668,163.17982951619538,162.1485348769269,160.4519799954237,157.83270926176235,156.72379871219047,152.86066006568967,152.1023167321644,149.9069936222797,148.29121597812733,145.5936523990173,,157.83270926176235,152.86066006568967,148.29121597812733,,166.71804940844706,"rgba(239, 83, 80, 0.5)",20.6118111885241,168.95899452984654,-0.7491220205696126,57.66978299349371,2.287803483472956,True,False,True,False,True,0.0,0.0,0.0,0.0,0.0,0,0.8799481485630372,1.0178995138465605,False,False,False,False,-0.051903982656159066,-0.052985861810681045,False,False,False,False,759910,805183.7713321378,False,False,False,False,80926.52097958341,False,False,False,False
2025-05-12 00:00:00+00:00,156.8725134316,162.8623001223,156.7527176978,161.4646832278,60451,,,,,,145.89084803604658,162.3166905404986,165.2352774097832,172.10553589030607,174.33049790157685,174.61135183472294,174.3236203049458,174.4212367665245,172.92346243619,172.83512609979618,171.85394691563656,170.64355909302841,168.67271080697142,167.52247488877882,166.06710388833346,163.1703013815202,162.1415587577132,160.4487536616757,157.83457470087228,156.72764060177502,152.87069335331557,152.1134578821638,149.92119419366847,148.3075933890801,145.6132822146011,,157.83457470087228,152.87069335331557,148.3075933890801,,166.7038135958348,"rgba(239, 83, 80, 0.5)",20.49163201795625,168.2104972969412,-0.5532982368317981,59.0244402063164,2.7711541755457603,True,False,True,False,True,0.0,0.0,0.0,0.0,0.0,0,0.8855560507310571,0.9916215415540437,False,False,False,True,0.014457241870799538,-0.019264309969940753,False,False,False,False,820361,805778.9567700932,False,False,False,False,80123.55937254093,False,False,False,False
2025-05-13 00:00:00+00:00,156.3933304963,159.5978663759,156.3034836959,158.8092111283,53853,,,,,,146.316932385804,162.26653822714036,165.1649253270242,172.0020153760997,174.22419906140775,174.51758977721093,174.23766733097332,174.34613886641174,172.86639550660604,172.78043066945708,171.8130911664248,170.6078906381764,168.64476259453656,167.4982346167714,166.04762200492414,163.1591268310664,162.1327568935634,160.44341927401425,157.83390370288885,156.72878305586394,152.87751329618018,152.121292907454,149.9318279533312,148.32020811723956,145.62887638379243,,157.83390370288885,152.87751329618018,148.32020811723956,,166.6816211653183,"rgba(239, 83, 80, 0.5)",20.35672633764413,168.131913944294,-0.5766439678607241,59.6285428134194,3.652230687298271,True,False,True,False,True,0.0,0.0,0.0,0.0,0.0,0,0.8913080536487364,1.000217458060691,False,False,False,False,-0.007777973992510261,-0.013521141981225508,False,False,False,False,766508,804238.9192496974,False,False,False,False,79093.34135793148,False,False,False,False
2025-05-14 00:00:00+00:00,156.3234496516,157.3017814777,154.8060370232,155.1055263578,120765,,,,,,147.06831620783987,162.1287507439354,164.98616254875557,171.7550429241549,173.97270596399173,174.29543420896815,174.0335337669905,174.1674825177402,172.72938843689312,172.6490041480112,171.71417947028397,170.52085079775762,168.5754511733725,167.43739701093955,165.99776965950483,163.1286266113441,162.1077636135017,160.4264396297793,157.8276167836107,156.7266615460762,152.88842918567101,152.13453859515903,149.95148899848985,148.34438969894168,145.65989771061868,,157.8276167836107,152.88842918567101,148.34438969894168,,166.6124288881726,"rgba(239, 83, 80, 0.5)",20.265191212093132,167.95169275605082,-0.5738037693674337,59.984119811107405,4.3365279280222495,True,False,True,False,True,0.0,0.0,0.0,0.0,0.0,0,0.8924430003574759,0.9979187619356764,False,False,False,False,-0.030499474195489616,-0.022010308088357564,False,False,False,False,645743,798023.3930046111,False,False,False,False,80727.5240497773,False,False,False,False
2025-05-15 00:00:00+00:00,154.6862412894,158.2601473483,153.9874328422,156.3434156072,110863,,,,,,147.63082794791458,161.99750703062034,164.81926510458294,171.52796193598107,173.7416221697254,174.09069210289493,173.84503474834835,174.00207753553894,172.60185062900885,172.52657492363835,171.62159513143857,170.43912260072725,168.50996835761893,167.37967571252526,165.95014880267382,163.0988755198854,162.08309762757048,160.40916684115086,157.82018772219553,156.7230713316417,152.8968592927556,152.14511730530293,149.96798261498122,148.36504501076553,145.68686655963504,,157.82018772219553,152.8968592927556,148.36504501076553,,166.54091618878408,"rgba(239, 83, 80, 0.5)",20.178543593994934,167.80143046991697,-0.6499571745316651,59.07722405634055,4.3365279280222495,True,False,True,False,True,0.0,0.0,0.0,0.0,0.0,0,0.8849936898519948,0.9964508491055283,False,False,False,False,-0.029661951378289392,-0.025836129733323478,False,False,False,False,534880,787704.0442593322,False,False,False,False,81909.30742037427,False,False,False,False
2025-05-16 00:00:00+00:00,156.0738752061,156.3434156072,153.7378583967,154.1970753763,59831,,,,,,147.89592375348104,161.92605574144213,164.72916848906823,171.40608996530904,173.6175603399677,173.98052397610869,173.74347356767558,173.91278766022495,172.53276694761158,172.46022678963374,171.57126614447364,170.39461988382251,168.47419568251982,167.34807475963322,165.92398742283882,163.08236173129055,162.06933034839918,160.39939173037595,157.8157235122695,156.72067968462633,152.90095975475913,152.15037853054756,149.97643912261958,148.37574812945311,145.70098297374744,,157.8157235122695,152.90095975475913,148.37574812945311,,166.50021040653857,"rgba(239, 83, 80, 0.5)",20.096728310531276,167.7217262566921,-0.5795894172728742,59.1859781548612,4.3365279280222495,True,False,True,False,True,0.0,0.0,0.0,0.0,0.0,0,0.8819213238825496,1.0055990186820312,False,False,False,False,-0.04264895859392342,-0.03424254416362345,False,False,False,False,594711,780135.6895824957,False,False,False,False,81043.4914431047,False,False,False,False
2025-05-19 00:00:00+00:00,156.023960317,156.0638922283,153.8277051971,153.8277051971,45593,,,,,,148.08404690721966,161.87198370325873,164.6610821481442,171.31399141689002,173.52373239106095,173.89708308090118,173.6664946257533,173.84502821945162,172.4802507457921,172.40977647921173,171.53293473906885,170.36070423486407,168.44690095565727,167.32394544300817,165.90398807811187,163.06969505103626,162.05875231454107,160.3918500711157,157.8122212118989,156.71875427701593,152.90397519936383,152.1542775788843,149.98277063548517,148.38378965708486,145.71162405588657,,157.8122212118989,152.90397519936383,148.38378965708486,,166.46866080470008,"rgba(239, 83, 80, 0.5)",19.98917709087269,167.66190310909676,-0.5822122010920998,59.21932437843667,4.617149156615092,True,False,True,False,True,0.0,0.0,0.0,0.0,0.0,0,0.8771941019039646,1.0143675965644372,False,False,False,False,-0.043786691282600494,-0.039014617723111975,False,False,False,False,549118,771076.1723439664,False,False,False,False,79653.2760923947,False,False,False,False
2025-05-20 00:00:00+00:00,156.2735347625,157.3117644556,154.3468200436,155.0056965796,40407,,,,,,148.25775558294492,161.8296253403961,164.60583405444356,171.23663532900008,173.444415555834,173.82640518835285,173.60128494088318,173.78754963377872,172.43578604233284,172.36705943775027,171.5005149714291,170.33210984374423,168.42403775330743,167.30383290068818,165.88744655197112,163.05947245157915,162.0503354350942,160.38606566637134,157.80995547953665,156.71786160588698,152.90738768463058,152.1584605409086,149.98907649295154,148.39159153820998,145.7216944694986,,157.80995547953665,152.90738768463058,148.39159153820998,,166.44319918826625,"rgba(239, 83, 80, 0.5)",19.920710904879467,167.61655947102506,-0.5694086301782861,59.38757116228034,5.164237091565582,True,False,True,False,True,0.0,0.0,0.0,0.0,0.0,0,0.8688410642051668,1.0137128996982976,False,False,False,False,-0.03319180743286836,-0.036103212577990165,False,False,False,False,589525,763956.518526556,False,False,False,False,78114.20644171255,False,False,False,False
2025-05-21 00:00:00+00:00,151.691347944,155.0356455131,150.5333225172,155.0356455131,63117,,,,,,148.39608402055725,161.72517891114856,164.48592318854574,171.08954439733395,173.2970031394451,173.6953311939074,173.4800153013478,173.6807169822886,172.35189958447117,172.28639047290574,171.43860079511978,170.2766589237072,168.37833299178678,167.26273658177638,165.85248288066023,163.0355722401033,162.02956060257975,160.36979447680747,157.79957928666005,156.70979361494418,152.90654401998097,152.15890694584874,149.9930644511191,148.39804645611935,145.73194280239403,,157.79957928666005,152.90654401998097,148.39804645611935,,166.38205997930484,"rgba(239, 83, 80, 0.5)",19.806838151120147,167.49478736214996,-0.7978779499067207,55.946068307335324,5.164237091565582,True,False,True,False,False,0.0,0.0,0.0,0.0,0.0,0,0.8548366916404156,1.0228455042420332,False,False,False,False,-0.05931140172423857,-0.04770730715111437,False,False,False,False,526408,754640.890349044,False,False,False,False,77526.0806989003,False,False,False,False
2025-05-22 00:00:00+00:00,147.0592462365,150.7030331401,146.7797228576,150.7030331401,88134,,,,,,148.38653081370177,161.51844733919444,164.26491673148487,170.84218270666764,173.0534832732251,173.479027254829,173.27936021201384,173.50392274958665,172.2112678776967,172.15102697233309,171.33369311297025,170.1815542442412,168.29810893519013,167.1894469436838,165.7886503728772,162.98912148222857,161.98796888962076,160.3351276592214,157.77379123522974,156.68749446259818,152.8951462474408,152.1494517279518,149.98892238254052,148.39756117871013,145.73716305708427,,157.77379123522974,152.8951462474408,148.39756117871013,,166.26275616342974,"rgba(239, 83, 80, 1.0)",19.660429663042855,167.2536349933927,-1.027159075513673,50.94313659451842,5.310055033617033,True,False,False,False,False,0.0,0.0,0.0,0.0,0.0,0,0.8512074830255182,1.0343900617431536,False,False,False,False,-0.06602827029013118,-0.05686778872062277,False,False,False,False,438274,742234.3456294736,False,False,False,False,77942.07753423756,False,False,False,False
2025-05-23 00:00:00+00:00,145.6117144529,146.4253271451,144.3738252035,144.8530081387,65093,,,,,145.47028893383333,148.29404234866757,161.3395552582793,164.07863259576672,170.6414479113614,172.85736655551227,173.30474701242284,173.11740998059418,173.3611060104794,172.09685092986174,172.04082925295404,171.2478178147779,170.1032481098516,168.23133814348026,167.12801125950338,165.7345894863159,162.9487553571544,161.95141199052847,160.30396883362195,157.7494774232334,156.66587616462385,152.88194412911096,152.13774779664678,149.98130809244333,148.39274268992256,145.73674352443956,145.47028893383333,157.7494774232334,152.88194412911096,148.39274268992256,,165.60004476041,"rgba(239, 83, 80, 1.0)",19.433407928576266,165.69744107497868,-1.033566870818535,46.872819948753225,1.6223444237849591,True,False,False,True,False,0.0,1.0,146.42532,144.37383,0.0,0,0.874413876279211,1.0233106542417212,False,False,False,False,-0.11630939167225637,-0.08658859019643958,False,False,False,False,373181,727761.6654087099,False,False,False,False,77438.19214073806,False,False,False,False
2025-05-27 00:00:00+00:00,150.5732544284,150.5932203841,147.1191441034,148.3071184637,88699,,,,,147.75319623242527,148.34104014849305,161.1613371114483,163.88340525618665,170.4151933170237,172.6325555094007,173.10400532281216,172.93090471757657,173.19611169881654,171.96545197597735,171.9142780268658,171.1495419511445,170.01435801399683,168.1566930133436,167.0600515201894,165.6756839714433,162.9064380023325,161.91375887544902,160.2729937128464,157.72713073854155,156.64691954078802,152.87359701397463,152.13129421539105,149.9800417419755,148.39506079844045,145.74463488928302,147.75319623242527,157.72713073854155,152.87359701397463,148.39506079844045,,165.60870645581568,"rgba(239, 83, 80, 0.5)",19.191804233886163,165.6262862346655,-0.7843468817635716,47.60674895258312,1.6223444237849591,True,False,False,True,False,0.0,0.0,0.0,0.0,0.0,0,0.8673879312984453,0.9919309480813052,False,False,False,False,-0.06430825843354031,-0.07544842431498994,False,False,False,False,461880,717334.9334318978,False,False,False,False,77879.79244894441,False,False,False,False
2025-05-28 00:00:00+00:00,151.421807543,152.1006500346,148.905997303,150.2637821161,137777,,,,,149.1974042656751,148.49027560520054,160.92621086363346,163.61827077046598,170.09567074803098,172.3120646345971,172.81660095372462,172.66364174420735,172.95891953103967,171.77666554513223,171.7323909588279,171.00822677368078,169.8869511945695,168.05037747752667,166.96370514031452,165.59273042091417,162.847910152322,161.8621384578729,160.23131064563216,157.69839322239665,156.62326585160687,152.86587638399186,152.1264213858601,149.9829828611759,148.4034249825741,145.76139586997044,149.1974042656751,157.69839322239665,152.86587638399186,148.4034249825741,,165.53649295528822,"rgba(239, 83, 80, 0.5)",18.937406985002987,165.46066165305209,-0.7413292707480919,48.61852806091231,1.6223444237849591,True,False,False,False,False,0.0,0.0,0.0,0.0,0.0,0,0.8671167931488977,0.9892901611351295,False,False,False,False,-0.007270154756072476,-0.04135928953553121,False,False,False,False,599657,712720.1125129999,False,False,False,False,80228.7025489858,False,False,False,False
2025-05-29 00:00:00+00:00,153.7877732858,153.9475009309,150.8558725305,152.4101223469,49903,,,,,149.7332020284156,148.58399172006318,160.8604232394495,163.5398512107547,169.9945483390145,172.20916152755768,172.72386935017823,172.5773750847768,172.88209665374268,171.715733512018,171.67367468245675,170.9626818117751,169.84614454198328,168.01674054265047,166.93349143398896,165.56705586743738,162.83044432567883,161.84701270355689,160.21957543585182,157.69112956447768,156.61775617948763,152.86587346053753,152.12740454466177,149.98667792073914,148.4090145539907,145.769898685104,149.7332020284156,157.69112956447768,152.86587346053753,148.4090145539907,,165.5204101787914,"rgba(239, 83, 80, 0.5)",18.562439252057953,165.42220504950643,-0.62677278593203,50.712260128782546,1.6223444237849591,True,False,False,False,True,0.0,0.0,0.0,0.0,0.0,0,0.8847664412924897,0.9701845026532487,False,False,False,False,0.030765215964116736,-0.005297036785707237,False,False,False,False,649560,710243.2453556274,False,False,False,False,79039.45931177068,False,False,False,False
2025-05-30 00:00:00+00:00,150.6830671844,153.4683179956,149.7995736475,153.4683179956,64136,,,,,149.9836349254304,148.65724149370232,160.761380182221,163.42636864255323,169.85473613414962,172.06805037622343,172.59676384466377,172.45898897492265,172.7766588241629,171.6316190661697,171.59258492620506,170.8995077359597,169.78923516282293,167.96933764696337,166.8906020425566,165.53021108912964,162.80461686039342,161.8243131089889,160.20138812377482,157.67884535759978,156.60779096148505,152.86318488700888,152.1260180326345,149.98886734869757,148.413690632913,145.77842055790674,149.9836349254304,157.67884535759978,152.86318488700888,148.413690632913,,165.46980422592964,"rgba(239, 83, 80, 0.5)",18.23370668892683,165.33482066306803,-0.8035532066316458,50.08179489190107,1.6223444237849591,True,False,False,False,True,0.0,0.0,0.0,0.0,0.0,0,0.8838011513001588,0.9694928693256483,False,False,False,False,0.03191567167911085,0.013309317446701807,False,False,False,False,585424,705348.3729887401,False,False,False,False,78455.00992699536,False,False,False,False
2025-06-02 00:00:00+00:00,148.1374078408,151.0724033193,147.5016918134,151.0724033193,67636,,,,,149.82930989765504,148.66401976749188,160.6330104074255,163.28555554443412,169.69064361851665,171.90422209387512,172.44933080399008,172.32147440370946,172.65419971033197,171.53321437726154,171.49767209751133,170.82516911031607,169.72180679739986,167.91243650035216,166.8386575890867,165.4849994708511,162.77180996615127,161.79500707072668,160.1771008924985,157.66104751886493,156.59254771163936,152.85595039788612,152.12021496138945,149.98698740766966,148.41452039822377,145.78347590002525,149.82930989765504,157.66104751886493,152.85595039788612,148.41452039822377,,165.38253438192248,"rgba(239, 83, 80, 0.5)",17.99807152888973,165.19653196212911,-0.9478306658547582,48.183846022045046,1.6223444237849591,True,False,False,False,True,0.0,0.0,0.0,0.0,0.0,0,0.8840479372727628,0.9705651209919168,False,False,False,False,-0.009340148531559064,0.0019845844575713716,False,False,False,False,517788,697993.0642440837,False,False,False,False,78030.7350278975,False,False,False,False
2025-06-03 00:00:00+00:00,150.4634416724,151.0823862971,147.9876631736,147.9876631736,26415,,,,,149.8301127823593,148.6765578634574,160.5875880239519,163.23484884658308,169.63012227926177,171.84345812370563,172.39452886579153,172.2703434020143,172.6085949213286,171.49660169873806,171.4623538073672,170.79751265598506,169.69677552794883,167.8914012272459,166.81951199178832,165.46840685504986,162.75990558791455,161.78443029967616,160.16843303838772,157.65486075480524,156.587337212805,152.85380294844265,152.1186154277691,149.98689105457234,148.41546521253017,145.78603965621107,149.8301127823593,157.65486075480524,152.85380294844265,148.41546521253017,,165.35381742766802,"rgba(239, 83, 80, 0.5)",17.71412230421525,165.15056748563265,-0.8291195895005032,48.468829467502815,1.6223444237849591,True,False,False,False,True,0.0,0.0,0.0,0.0,0.0,0,0.8971246372421737,0.9654364493175108,False,False,False,False,-0.004981932879130569,-0.0014986742107795988,False,False,False,False,544203,691962.0813325511,False,False,False,False,76006.58855621525,False,False,False,False
2025-06-04 00:00:00+00:00,150.543305495,151.5207388531,150.2587906272,150.4734246502,33247,,,,,149.88901748937982,148.7042308549631,160.53585947061134,163.17596253200327,169.5580254084368,171.77066464903524,172.3287579344506,172.20897207356916,172.5537873244976,171.45266613955667,171.41996908433694,170.7643466456115,169.6668309801192,167.8663553517056,166.79679233786618,165.4488125289903,162.7460297890366,161.7721791087282,160.15852464908804,157.64801308145292,156.58169323013263,152.85193818774817,152.11742719658835,149.9875606322427,148.41742519362987,145.79000011587092,149.88901748937982,157.64801308145292,152.85193818774817,148.41742519362987,,165.323289871672,"rgba(239, 83, 80, 0.5)",17.448324094076117,165.10121305638788,-0.834344174425923,48.71230427138185,1.6223444237849591,True,False,False,False,True,0.0,0.0,0.0,0.0,0.0,0,0.9002829747378259,0.9715800186408091,False,False,False,False,0.01882872242289706,0.008665024106058732,False,False,False,False,577450,687471.4114763726,False,False,False,False,74329.7419461676,False,False,False,False
2025-06-05 00:00:00+00:00,152.4899861695,152.5648585031,148.2129789829,149.7147183361,78347,,,,,150.04285974466865,148.77613922501894,160.4199555629159,163.0428423494806,169.3931020151825,171.60364295686074,172.17758122574358,172.06783143638205,172.42756658532338,171.3514305365687,171.32228592640402,170.68784806578478,169.59780997612143,167.80870567796003,166.7445543539091,165.40383099109818,162.7143150158312,161.7442403592368,160.13603883910577,157.63266723933518,156.56915541177256,152.84822128126643,152.11529013703162,149.9897639741384,148.4226466382847,145.79989641680194,150.04285974466865,157.63266723933518,152.84822128126643,148.4226466382847,,165.25476240414656,"rgba(239, 83, 80, 0.5)",17.11636356916588,164.9914845152279,-0.730382846520543,50.19290202624198,1.6223444237849591,True,False,False,False,True,0.0,0.0,0.0,0.0,0.0,0,0.891662506272071,0.9695430009884468,False,False,False,False,0.010024896254365643,0.009344960180212188,False,False,False,False,655797,686229.2776929855,False,False,False,False,74487.28147769044,False,False,False,False
2025-06-06 00:00:00+00:00,153.0390499495,157.3616793446,152.460037236,155.0256625352,197359,,,,,151.07871367402322,149.16513026585747,160.23608440054434,162.80647474963,169.06076944337238,171.2583824300944,171.86245538949575,171.7734552611891,172.16277089079713,171.14037026465385,171.11856828847718,170.52877118249637,169.45584474877552,167.69266615275365,166.64105782664873,165.31679499534297,162.6569502255154,161.69543324684454,160.09973454248916,157.61306319703817,156.55610684705644,152.85582308164302,152.12660141907656,150.01130401553087,148.45137394675422,145.8396346289833,151.07871367402322,157.61306319703817,152.85582308164302,148.45137394675422,,165.16817455880195,"rgba(239, 83, 80, 0.5)",16.809160814551692,164.85202079588817,-0.7027698156211153,51.548236308898936,1.6223444237849591,True,False,False,False,True,0.0,0.0,0.0,0.0,0.0,0,0.9054977242494614,0.9597379835431225,False,False,False,False,0.11163499366161699,0.06048997692091459,False,False,False,False,853156,692775.4236658096,False,False,False,False,79305.7802432712,False,False,False,False
2025-06-09 00:00:00+00:00,156.3234496516,156.6379134528,151.5416032768,154.6263434225,97091,,,,,151.48131340077077,149.35538888470447,160.15757219115096,162.70198969089247,168.90844776388514,171.09885153032445,171.7161704207057,171.6366070653646,172.03922382295195,171.04175390806623,171.02332827529358,170.4542397472293,169.3894521397145,167.63860946706652,166.59299926396076,165.27657600674536,162.6308421411185,161.67341306722437,160.08370584982544,157.60507639657473,156.55127755159566,152.86095259781231,152.13352196063582,150.02316816157978,148.4667193593894,145.86030563937578,151.48131340077077,157.60507639657473,152.86095259781231,148.4667193593894,,165.1252780516785,"rgba(239, 83, 80, 0.5)",16.49606221016411,164.78700329223062,-0.5130650898864692,54.500008679251344,-0.04506641323335714,True,False,True,False,True,0.0,0.0,0.0,0.0,0.0,0,0.9052675713408297,0.9520561113063098,False,False,False,False,0.16317721718019212,0.11183359705055336,False,False,False,False,950247,702872.3482279347,False,False,False,False,80003.2398415743,False,False,False,False
2025-06-10 00:00:00+00:00,155.1354752912,157.5513559232,154.5065476887,157.5513559232,51996,,,,,151.71204693141252,149.4679551927573,160.12338365772933,162.65340286876986,168.83332003894895,171.01932508594126,171.64296487402905,171.5680881112647,171.9771923730698,170.99232513336264,170.9755803369768,170.41689057990558,169.35631914023557,167.6118610163097,166.56937322376024,165.25700274053307,162.61853183251458,161.66321717677283,160.07662156603118,157.60219630860814,156.55004745850275,152.86493217671966,152.1384394851752,150.030677774997,148.47606027787697,145.8724391276051,151.71204693141252,157.60219630860814,152.86493217671966,148.47606027787697,,165.10687990944666,"rgba(239, 83, 80, 0.5)",16.09521158120206,164.7598745614002,-0.5979666201742101,55.44630081198353,0.9218542651172044,True,False,True,False,True,0.0,0.0,0.0,0.0,0.0,1,0.9431781288490193,0.9445073146554832,False,False,False,False,0.24034785382121548,0.17609072543588442,False,False,False,False,898251,710534.2561405647,False,False,False,False,78904.91671053217,False,False,False,False
2025-06-11 00:00:00+00:00,154.0972455982,157.7210665461,153.2037690835,156.2635517847,51625,,,,,151.8805959387622,149.56338505133442,160.0844495496781,162.60085396255363,168.75549719977673,170.93747652467835,171.56766597531626,171.49755713573956,171.91334555694135,170.94125125725063,170.9262303590119,170.378176555194,169.32184217399052,167.58381140229517,166.5444575349604,165.23617786248226,162.60507289676673,161.6518976980678,160.06844289427573,157.59824277389902,156.54775360462318,152.86787746559767,152.14232772324286,150.03717009547447,148.48438797823192,145.8835743177097,151.8805959387622,157.59824277389902,152.86787746559767,148.48438797823192,,165.08282151514874,"rgba(239, 83, 80, 0.5)",15.727173164899192,164.7246224700931,-0.6757334430329718,55.1882772064486,0.9218542651172044,True,False,True,False,True,0.0,0.0,0.0,0.0,0.0,0,0.9409223615816071,0.9304159909419517,False,False,False,False,0.22680647301953194,0.2014485992277082,False,False,False,False,846626,715871.1872723072,False,False,False,False,77835.11605521718,False,False,False,False
2025-06-12 00:00:00+00:00,155.5547603596,155.584709293,152.4400712804,153.5481818182,65077,,,,,152.04086048293655,149.66887564851524,160.03163759021243,162.53150257248862,168.6552476353374,170.8324065875324,171.47098400410363,171.40693148745606,171.8312736088635,170.8754032166683,170.862588094968,170.3281330200443,169.277164833816,167.5472851241257,166.51189944423223,165.20881848679545,162.5871051512299,161.63665477912448,160.0571946643902,157.5923544361064,156.54397214050047,152.87074684676574,152.14639403350046,150.0445405912846,148.49408381258482,145.89683466585453,152.04086048293655,157.5923544361064,152.87074684676574,148.49408381258482,,165.04771604344734,"rgba(239, 83, 80, 0.5)",15.308670485299546,164.67345468103812,-0.5956555358739036,56.0286613622227,1.757366010654863,True,False,True,False,True,0.0,0.0,0.0,0.0,0.0,0,0.9349479591577818,0.9341272947787581,False,False,False,False,0.19250488936482002,0.1969767442962641,False,False,False,False,911703,723550.866202805,False,False,False,False,77334.79777854201,False,False,False,False
2025-06-13 00:00:00+00:00,152.4500542582,154.3967349327,152.1605479015,153.3085903506,79334,,,,,152.10698173383864,149.75307132709324,159.95114533155774,162.4327596224131,168.5219512643818,170.69432044643423,171.3441261129077,171.2878950161837,171.7235434191917,170.78842340105652,170.77849191407572,170.26170868324212,169.21747337143904,167.49785242234435,166.4674295168102,165.1709220516305,162.56118770289547,161.61419615600244,160.03978207557228,157.58165324904476,156.53591325390528,152.87102401022676,152.14817022651303,150.05044887817604,148.5028861348881,145.91009990828925,152.10698173383864,157.58165324904476,152.87102401022676,148.5028861348881,,164.9897457409058,"rgba(239, 83, 80, 0.5)",14.923819080246924,164.58863908175164,-0.8133698725695621,53.97855941420253,1.757366010654863,True,False,True,False,True,0.0,0.0,0.0,0.0,0.0,0,0.9290136228929372,0.9370951532293618,False,False,False,False,0.18219598997859154,0.18958636713742782,False,False,False,False,832369,727818.2439987734,False,False,False,False,77413.197865658,False,False,False,False
2025-06-16 00:00:00+00:00,155.8841986276,155.9341135167,151.3519266982,153.8077392414,270699,,,,,152.54086095401095,150.1209829469229,159.74202897212774,162.1581006006622,168.1229137647256,170.2745614107578,170.95586465206028,170.923028525679,171.39162613675134,170.52057014281795,170.5193525158684,170.05676190738032,169.03420419393385,167.347588667387,166.33328380663988,165.05791247919268,162.48648520733258,161.5506432992191,159.99259833190982,157.5564637917048,156.5193803606585,152.88185448420174,152.1639307876593,150.0798258802969,148.5418471642761,145.96377566573452,152.54086095401095,157.5564637917048,152.88185448420174,148.5418471642761,,164.83429161535418,"rgba(239, 83, 80, 0.5)",14.583785560587113,164.36772291797396,-0.5817093411809899,54.97939880235615,1.757366010654863,True,False,True,False,True,0.0,0.0,0.0,0.0,0.0,0,0.9683832461152804,0.9285829759740226,False,False,False,False,0.19085032165531407,0.19021834439637095,False,False,False,False,1103068,742533.9207047039,False,False,False,False,84993.03324347534,False,False,False,False
2025-06-17 00:00:00+00:00,152.5099521251,158.1703005479,151.9808543008,153.9175519974,171560,,,,,152.72139822349416,150.31724974543147,159.61350020115097,161.98994179820676,167.8784950096309,170.01681755825064,170.71644437282333,170.6975446065804,171.18573524527113,170.3535585685152,170.35763542504534,169.92821383332267,168.9190624695043,167.25290314277666,166.24861240780356,164.9863892503816,162.43886667800453,161.51000034332338,159.96220718045407,157.5398597128218,156.50820895454078,152.88787547940345,152.1730523247568,150.09751401929287,148.56556467365607,145.99676510532458,152.72139822349416,157.5398597128218,152.88787547940345,148.56556467365607,,164.73172178863967,"rgba(239, 83, 80, 0.5)",14.177339307029037,164.22402237359307,-0.8262530785790893,53.123901816404874,1.757366010654863,True,False,True,False,False,0.0,0.0,0.0,0.0,0.0,0,1.002938106185631,0.890596656120922,False,False,False,False,0.22516352773417894,0.20769093606527494,False,False,False,False,931508,749944.6689123625,False,False,False,False,88387.81625353513,False,False,False,False
2025-06-18 00:00:00+00:00,156.9923091654,157.561338901,151.531620299,151.531620299,294945,,,,,153.13323613064813,150.70088630983508,159.44990071193882,161.7570217952987,167.51127666727552,169.62318775183334,170.34786068363712,170.34969081709977,170.86612972806915,170.09405159823143,170.10613035440574,169.72773454300065,168.7402907699872,167.1072542201806,166.11933353629243,164.8784136321503,162.3694641213501,161.45194783043516,159.92093897460896,157.52138066203057,156.4987108944927,152.90686015982436,152.19718426976064,150.13589426558318,148.61401726942753,146.06065518094476,153.13323613064813,157.52138066203057,152.90686015982436,148.61401726942753,,164.5888065419154,"rgba(239, 83, 80, 0.5)",13.867883480186737,164.03109339000778,-0.5075600926892847,54.627640330941034,1.757366010654863,True,False,True,False,False,0.0,0.0,0.0,0.0,0.0,1,1.0189639518091604,0.891074505221124,False,False,False,False,0.21243366919256115,0.21006230262891806,False,False,False,False,1226453,768631.2701314855,False,False,False,False,96488.09796908277,False,False,False,False
2025-06-20 00:00:00+00:00,155.8342837385,157.9007601468,154.6363264003,157.9007601468,177036,,,,,153.3892526258516,150.93762446066108,159.3748152752032,161.64065606374248,167.31421582588487,169.40900258617384,170.14582563201947,170.15860959482148,170.68954541233077,169.95039313335502,169.96677454111872,169.61627225169389,168.64121648301932,167.02709339650605,166.04859313655714,164.81985581507143,162.33291554424403,161.42192074861433,159.9006031768041,157.51429964475216,156.49685572111002,152.9216101196038,152.21494037343783,150.1619840383863,148.64601685000284,146.10169496886738,153.3892526258516,157.51429964475216,152.9216101196038,148.64601685000284,,164.51497426742125,"rgba(239, 83, 80, 0.5)",13.578993664811918,163.93486246718356,-0.5965522135616784,54.78191310097369,1.757366010654863,True,False,True,False,False,0.0,0.0,0.0,0.0,0.0,1,1.0230424059204388,0.8890112295667436,False,False,False,False,0.2541380484088384,0.23210017551887824,False,False,False,False,1049417,779642.4752243685,False,False,False,False,99646.83922519717,False,False,False,False
2025-06-23 00:00:00+00:00,158.6794324166,158.988904729,154.107228576,155.7045050269,83688,,,,,153.53974617787043,151.06542878906578,159.35246995788674,161.59827864726876,167.23262377400252,169.31854918768587,170.05987279290562,170.07721723073377,170.61392408674507,169.88899602188818,169.90718207627356,169.56859345410348,168.59911866860125,166.9935072839324,166.01928389496047,164.7960229426233,162.3189171828236,161.41085883556335,159.8939312193758,157.51368850418095,156.49863316778288,152.9309898666541,152.22569867325797,150.17657052180238,148.66332994323048,146.1231622804985,153.53974617787043,157.51368850418095,152.9309898666541,148.66332994323048,,164.48841053642454,#000000,13.208597746114258,163.90229664928242,-0.39541398209502504,56.48058231821814,2.4501255198413077,True,False,True,False,True,0.0,0.0,0.0,0.0,0.0,1,1.024791214145875,0.9031810651187595,False,False,False,False,0.2609861828630471,0.24654317919096266,False,False,False,False,1133105,793503.7507057658,False,False,False,False,99021.0023928365,False,False,False,False
2025-06-24 00:00:00+00:00,159.4181727751,160.3665556679,157.0372325656,159.3882238417,74841,,,,,153.72129057104627,151.2052984344682,159.3486177565121,161.5754920653746,167.17288862393355,169.24991580489916,169.99394535687676,170.0147323424357,170.55544199887203,169.8418361858886,169.8613854335376,169.53204950568067,168.56727926381689,166.96882293973033,165.99823909882775,164.77956459562478,162.31060351098188,161.40500337644494,159.8917832742277,157.516731078164,156.50371888494908,152.94259093364016,152.2384835468241,150.19265064586475,148.6817725186825,146.1451798678966,153.72129057104627,157.516731078164,152.94259093364016,148.6817725186825,,164.4755460608672,#000000,12.806723638963762,163.88979181020449,-0.3491618278932656,58.008197346823664,3.990113755597527,True,False,True,False,True,0.0,0.0,0.0,0.0,0.0,1,1.0397350273135042,0.8870161420049957,False,False,False,False,0.31461927491761754,0.2805812270542901,False,False,False,False,1207946,809756.3879329907,False,False,False,False,98072.76700488213,False,False,False,False
2025-06-25 00:00:00+00:00,157.6911176126,159.428155753,155.8143177829,159.428155753,315547,,,,,154.2082857386845,151.65389685134596,159.28395970196635,161.43834513808804,166.89200912174928,168.93509301102816,169.69275610728332,169.72886083983715,170.28836673708506,169.6242678492935,169.65000332722184,169.36217385327123,168.41754589731832,166.84985353139174,165.89482272439258,164.6959973905708,162.26268620297705,161.36779198135721,159.87063505150186,157.51786973785033,156.51364877665924,152.9805511638822,152.28153474555668,150.24985466106594,148.74907547920887,146.22786557010033,154.2082857386845,157.51786973785033,152.9805511638822,148.74907547920887,,164.38176103971068,#000000,12.270432373601256,163.77780611914062,-0.4960451531957081,57.58919507506161,3.990113755597527,True,False,True,False,True,0.0,0.0,0.0,0.0,0.0,1,1.0275504525307901,0.8848584443259152,False,False,False,False,0.28750819897985735,0.28404471301707374,False,False,False,False,892399,812997.2746807166,False,False,False,False,106601.16829880832,False,False,False,False
2025-06-26 00:00:00+00:00,156.8425644981,159.0288366402,154.4216923773,157.6911176126,150442,,,,,154.3511056464028,151.81818219850877,159.23919038521703,161.36187098706182,166.75164559056347,168.7796943258336,169.54415506302752,169.58757588458545,170.15629045452746,169.5158260320491,169.5445763160935,169.27692449381138,168.3418788113554,166.78887351124442,165.84124900085436,164.6519531512995,162.23589730057924,161.34617596128695,159.85676040079187,157.51468248988027,156.51468491729023,152.99505951735227,152.29849049359444,150.27360998207487,148.77766880582513,146.26386305754397,154.3511056464028,157.51468248988027,152.99505951735227,148.77766880582513,,164.3252254002487,"rgba(239, 83, 80, 0.5)",11.707406866178644,163.70693051181357,-0.5863267666509434,56.61439810513555,3.990113755597527,True,False,True,False,True,0.0,0.0,0.0,0.0,0.0,1,1.002567441204248,0.8936710037074301,False,False,False,False,0.2653398030597681,0.2746922580384209,False,False,False,False,741957,810211.3815559826,False,False,False,False,108320.41660081584,False,False,False,False
2025-06-27 00:00:00+00:00,158.6494834832,160.5262833129,156.1936709399,157.6911176126,159006,,,,,154.58003051520743,152.03631877040297,159.2247620826733,161.31248192478424,166.63188890439622,168.6422368026276,169.41107344536317,169.4608256025361,170.0367587646559,169.41812943534876,169.44951409458454,169.20008393278172,168.27449884169772,166.7359634458636,165.79573388746022,164.61580351008345,162.21653471102974,161.3319053997648,159.85018083868627,157.51887422584076,156.52312976659306,153.01710308737265,152.32301020192082,150.30502653892475,148.81402492364097,146.3077314572087,154.58003051520743,157.51887422584076,153.01710308737265,148.81402492364097,,164.28717995678943,#000000,11.012829143119404,163.6648795339743,-0.45541395272692786,57.16268308232826,3.990113755597527,True,False,True,False,True,0.0,0.0,0.0,0.0,0.0,1,1.0201242373828956,0.8784974116762557,False,False,False,False,0.3059946124678321,0.2903434352531265,False,False,False,False,900963,813770.2685537873,False,False,False,False,110308.08653803874,False,False,False,False
2025-06-30 00:00:00+00:00,156.2136368956,159.0488025959,154.7561221342,159.0488025959,130265,,,,,154.6714601638965,152.15786533416,159.18679708139447,161.24875587060393,166.51547637371306,168.51307691654296,169.2870365466723,169.34263193209142,169.92583312171115,169.32655342719127,169.36040073225834,169.12762442863178,168.21007420165208,166.68388458075995,165.7499009713674,164.57801546349063,162.19336439385106,161.3131318229381,159.83799685493886,157.51580059937515,156.52366132384586,153.0291516015027,152.33715347426897,150.32499270251128,148.8381347000946,146.33819394096085,154.6714601638965,157.51580059937515,153.0291516015027,148.8381347000946,,164.237284040862,"rgba(239, 83, 80, 0.5)",10.531806058359496,163.60239980416725,-0.7015665563554995,55.485202348627354,3.990113755597527,True,False,True,False,False,0.0,0.0,0.0,0.0,0.0,1,1.0359240453507685,0.8704005711320885,False,False,False,False,0.26970327447313674,0.2800233548631316,False,False,False,False,770698,812081.1599830505,False,False,False,False,111090.71059537056,False,False,False,False
2025-07-01 00:00:00+00:00,160.9555513591,164.090206394,155.8143177829,155.8143177829,84727,,,,,154.82660874730118,152.29414418205562,159.19733807131215,161.24023724903395,166.4684771726619,168.455741691227,169.23039259891095,169.2885169884662,169.8740733119361,169.28450367209362,169.3194238703188,169.09448830818678,168.18155933400632,166.6624234095447,165.73210709308447,164.56477765146562,162.18819517480694,161.31044870094337,159.8391131804883,157.5223327894646,156.53233071189234,153.04467584601574,152.3539297197372,150.34526701167073,148.8609336299395,146.36480627830076,154.82660874730118,157.5223327894646,153.04467584601574,148.8609336299395,,164.2287451598654,#000000,10.340225763700234,163.59763374035148,-0.2555149608557487,57.30065678078946,3.990113755597527,True,False,True,False,False,0.4062906192723972,0.0,0.0,0.0,0.0,1,1.0338954580253785,0.8437403488418511,False,False,False,False,0.3428282518535708,0.31142580335835124,False,False,False,False,855425,813780.9184150877,False,False,False,False,110056.83959163055,False,False,False,False
2025-07-02 00:00:00+00:00,165.9270743125,166.1866317357,160.2866918453,161.6942917176,103521,,,,,155.13053667122753,152.5317888113872,159.25446850028834,161.27120299253028,166.44714685824093,168.41924538322004,169.19149859735774,169.251152078117,169.83665546813307,169.25539370152302,169.2909661741344,169.0718732808014,168.16383734586006,166.65209970350003,165.72577050388375,164.56315812145894,162.19461760355816,161.31943626846905,159.85212763058937,157.54132050622815,156.55366681144739,153.07358119739533,152.38422460533624,150.37946875194885,148.89800391834962,146.40613059380445,155.13053667122753,157.54132050622815,153.07358119739533,148.89800391834962,,164.24821481002542,#000000,10.092815430163794,163.63643071047053,0.22695784123660406,60.78922071971697,6.898720819153965,True,False,True,False,True,3.14831132902464,0.0,0.0,0.0,0.0,1,1.0804345596456644,0.8256260438244469,False,False,False,False,0.34282825206264034,0.3271270277104958,False,False,False,False,958946,819473.6667125352,False,False,False,False,109800.53215666465,False,False,False,False
2025-07-03 00:00:00+00:00,168.313006011,168.313006011,165.7723381563,167.1449976063,46127,,,,,155.30745791163136,152.6641761909457,159.2965997375428,161.30060618866392,166.45127763975418,168.41567278788233,169.18565188059765,169.24540556790305,169.82979055236672,169.25089943175138,169.2865151090605,169.06861827965736,168.1624789577219,166.65357767174893,165.72883882365048,164.5680069781873,162.20236118183482,161.32814350561912,159.86239551662882,157.5540054853815,156.5672982828931,153.09027879570024,152.40148800432786,150.39833321900122,148.91806433628983,146.42793207561877,155.30745791163136,157.5540054853815,153.09027879570024,148.91806433628983,,164.26812396992648,#000000,9.963372939173484,163.67041778522656,0.465965517311908,64.02334533403368,9.833140634603488,True,False,True,False,True,4.418884057690963,0.0,0.0,0.0,0.0,0,1.0989477267646066,0.8153917059230816,False,False,False,False,0.34282825203006323,0.3349776398702795,False,False,False,False,1005073,826752.0719394946,False,False,False,False,107303.53089561897,False,False,False,False
2025-07-07 00:00:00+00:00,163.0320107453,168.313006011,163.0320107453,166.5659848928,69804,,,,,155.5089473726,152.82472011734052,159.33894125605994,161.32550723425783,166.4411625615269,168.39523617841806,169.16323772817248,169.22381665956348,169.80781070175084,169.2340162878023,169.2699874382004,169.05554055915323,168.15257891073352,166.64847771693857,165.7263468756623,164.56857259886775,162.20810584984775,161.335553837614,159.87243591042255,157.56797858881376,156.58281727871162,153.11078769956686,152.42291420683418,150.42234196916502,148.94397519694502,146.45665642475393,155.5089473726,157.56797858881376,153.11078769956686,148.94397519694502,,164.28344871918733,#000000,9.831889742305478,163.69963631155068,-0.06790409410084843,62.16826672311417,9.833140634603488,True,False,True,False,True,1.368810780914746,0.0,0.0,0.0,0.0,0,1.0741408513899964,0.8454953270479622,False,False,False,False,0.31048277925456097,0.32273020956242027,False,False,False,False,935269,831007.6377457889,False,False,False,False,105832.96105657509,False,False,False,False
2025-07-08 00:00:00+00:00,163.9504447045,167.9935507208,163.0919086122,163.1617894569,127292,,,,,155.8633497220703,153.1119742403822,159.4175401636549,161.37283272709462,166.42544628087686,168.36079214024625,169.12497195791772,169.18690676998503,169.7699526732566,169.20506189953076,169.24162212644487,169.0331153176308,168.13584472994484,166.64034117600042,165.72289718595138,164.5706019024225,162.21940101811575,161.34983913410085,159.8914529515528,157.59409145097666,156.6117199700615,153.14870217520385,152.46248643765998,150.46658386915524,148.99165994760034,146.50943106566547,155.8633497220703,157.59409145097666,153.14870217520385,148.99165994760034,,164.3119017784078,#000000,9.708971301167319,163.75337862022877,0.020297318650796124,61.369460564457555,9.833140634603488,True,False,True,False,False,1.8672411883984061,0.0,0.0,0.0,0.0,0,1.0719191833824657,0.837049924804491,False,False,False,False,0.307452423578295,0.3150913165703576,False,False,False,False,1062561,840088.161755758,False,False,False,False,106674.49199553294,False,False,False,False
2025-07-09 00:00:00+00:00,167.0551508059,167.0751167615,163.0205303208,164.3198148838,139741,,,,,156.25089794335102,153.42990332288676,159.51191740232144,161.43320398386314,166.41699508922164,168.33157001200533,169.09083033541552,169.15384235438387,169.7351311956744,169.17899741583994,169.21603278946242,169.0130476460778,168.12177777243605,166.63532845117274,165.72286573338167,164.576332658352,162.23480042653387,161.36838860108662,159.9150204371944,157.62525236436755,156.64586563512825,153.19250434916248,152.50806763006003,150.5171836646168,149.04597262762772,146.56921668713818,156.25089794335102,157.62525236436755,153.19250434916248,149.04597262762772,,164.3481067967514,#000000,9.679864418435978,163.81930684694217,0.3342860828499781,62.2478758549086,9.833140634603488,True,False,True,False,False,3.5359359801705885,0.0,0.0,0.0,0.0,0,1.0704626683702605,0.8384757199429868,False,False,False,False,0.29282365024497453,0.30395748340766604,False,False,False,False,1202302,854292.6260006302,False,False,False,False,107971.2177996297,False,False,False,False
2025-07-10 00:00:00+00:00,166.3563423586,169.6906569498,166.006938135,166.006938135,241162,,,,,156.9564595678256,154.01060455382003,159.70950058337436,161.5718174231315,166.43584025368668,168.31322184638748,169.06126728660638,169.1246802768437,169.7003027026903,169.15572838838114,169.1929584464109,168.99587277964199,168.11412213601434,166.64197381311786,165.73755168736457,164.6000691219791,162.27338501848948,161.41192630672498,159.9665790722494,157.6892197276899,156.71470449458204,153.27715474133996,152.59564020642517,150.6130276731176,149.14798756735877,146.6802551885037,156.9564595678256,157.6892197276899,153.27715474133996,149.14798756735877,,164.43315404962146,#000000,9.720755329996503,163.84780723122344,0.25805969209364404,62.29179028470996,9.833140634603488,True,False,True,False,False,3.12651041647468,0.0,0.0,0.0,0.0,0,1.0788795897438739,0.8390370089736974,False,False,False,False,0.3428282518163106,0.3233928676119883,False,False,False,False,961140,858482.7190986448,False,False,False,False,113194.38572905598,False,False,False,False
2025-07-11 00:00:00+00:00,163.0120447896,165.8172615565,161.6343938507,165.4179424437,73430,,,,,157.08046609486055,154.12946502033245,159.73827588033987,161.58538539958212,166.41784616811023,168.2858770135706,169.03257526877178,169.0970492115788,169.67278843394786,169.1338418063718,169.17154398493977,168.9785935883546,168.1001678574912,166.63308535987096,165.7313911640724,164.5971800257657,162.2761673661125,161.41651593336476,159.97399728640713,157.70080874168733,156.7279399123468,153.2957086110372,152.61517201467825,150.63530841685414,149.17227942981256,146.70755438119107,157.08046609486055,157.70080874168733,153.2957086110372,149.17227942981256,,164.43765108027662,#000000,9.612895127931383,163.81657954623688,-0.08369328344165683,59.8695064433514,9.833140634603488,True,False,True,False,False,1.1869304083405368,0.0,0.0,0.0,0.0,0,1.0476548945617745,0.86333297937484,False,False,False,False,0.2389568875595846,0.28117487758578646,False,False,False,False,887710,859628.8869771293,False,False,False,False,111634.99805340673,False,False,False,False
2025-07-14 00:00:00+00:00,161.344887494,162.5029129209,159.757594021,161.9338831853,154813,,,,,157.23908751305157,154.311651184209,159.7614033113809,161.57974300843048,166.35157367457197,168.20223812990574,168.94849503800512,169.0162883254264,169.59442200853653,169.06978595124613,169.1089688096088,168.92749566726962,168.05657571881278,166.60100654333516,165.705389853179,164.57868556480358,162.27100316227936,161.41551975333874,159.9794264251864,157.71549854307372,156.746295767265,153.3258811659243,152.64751217149328,150.6737206645886,149.21508971804414,146.75701821434072,157.23908751305157,157.71549854307372,153.3258811659243,149.21508971804414,,164.42171290928258,#000000,9.498069207686195,163.7225601130165,-0.2503322061595836,57.14082836722075,11.723421134087147,True,False,True,False,False,0.23679576784486756,0.0,0.0,0.0,0.0,0,1.043722045567959,0.8745815549593591,False,False,False,False,0.1590563723329222,0.22011562495935433,False,False,False,False,732897,854659.0090564576,False,False,False,False,113328.25303170452,False,False,False,False
2025-07-15 00:00:00+00:00,157.6212367679,162.8223682111,157.6212367679,162.2134065642,199899,,,,,157.33926046353085,154.4740039313872,159.75327552295022,161.53827425286013,166.23864180528116,168.06938632079394,168.81730776120628,168.89034443247755,169.47355168983626,168.96953063699377,169.01107308726284,168.846964449369,167.98614920615552,166.54616355445268,165.65866627402,164.54220228723304,162.25301603935162,161.40324912048655,159.97588113680257,157.72433299389107,156.76004305180692,153.3554455430697,152.67997394890796,150.714279872793,149.26147111820737,146.8122876510492,157.33926046353085,157.72433299389107,153.3554455430697,149.26147111820737,,164.37556374831712,"rgba(239, 83, 80, 0.5)",9.373957369528492,163.59596984282456,-0.6373757463786167,53.08505869478377,7.952083121825581,False,False,False,False,False,0.0,0.0,0.0,0.0,0.0,0,1.0303752326394637,0.892840881685563,False,False,False,False,0.10616583997405246,0.1631407324667034,False,False,False,False,532998,842044.8518385573,False,False,False,False,116723.18428536317,False,False,False,False
2025-07-16 00:00:00+00:00,153.9075690196,158.769279217,152.3801734135,158.0205558806,173579,,,,155.01900721669998,157.24764077365188,154.48882424896453,159.6724735579944,161.4344393571935,166.0835644341534,167.90141284966896,168.65538862654515,168.73508563474553,169.32689426634138,168.8456297329986,168.89018599439166,168.74668307626953,167.89565412065758,166.47090028565427,165.591123236239,164.48479648021546,162.21447605686038,161.37040670796515,159.95156512420786,157.71173328649635,156.75211233710655,153.36249894866697,152.6897624794711,150.73167318363053,149.28424901775944,146.8434328217928,157.24764077365188,157.71173328649635,153.36249894866697,149.28424901775944,,164.15130758907094,"rgba(239, 83, 80, 0.5)",9.211858219262384,162.68377090170625,-0.9527070079905097,48.51224599335278,3.8226650087733915,False,True,False,True,False,0.0,0.0,0.0,0.0,0.0,0,0.9812140119586975,0.9757918738246951,False,False,False,False,-0.030863605104305053,0.06613856368119918,False,False,False,False,359419,823118.3478448885,False,False,False,False,118952.8241173097,False,False,False,False
2025-07-17 00:00:00+00:00,155.9940113836,157.4615091228,153.1887946167,153.1887946167,127841,,,,155.2434130124687,157.19961142873652,154.5096226760896,159.6212730399548,161.36619015054086,165.97739549997306,167.78540797021572,168.543077979194,168.62726774961578,169.22469437712536,168.75921332668838,168.80582534343878,168.6765619465763,167.8325136291374,166.41862646464193,165.5443858626957,164.44529630245995,162.18842087001286,161.34843058565045,159.9357130795326,157.70433707434813,156.74808653759183,153.36930273638598,152.6985452564031,150.7459635885587,149.3024472066634,146.86769525360745,157.19961142873652,157.70433707434813,153.36930273638598,149.3024472066634,,164.10264706473745,"rgba(239, 83, 80, 0.5)",9.178103694907357,162.58810970776705,-0.7184597759367122,46.90953440871038,2.513913992130341,False,True,False,True,False,0.0,0.0,0.0,0.0,0.0,0,0.9495189642008374,0.9802377064918907,False,False,False,False,-0.03820980308891423,0.013964380296142474,False,False,False,False,487260,809947.4322431281,False,False,False,False,119301.38003427796,False,False,False,False
2025-07-18 00:00:00+00:00,156.8425644981,157.3516963668,155.7144880047,157.3516963668,92020,,,,155.56917761423642,157.1883801249864,154.53925924365882,159.59483597661168,161.32704202558233,165.91012613030566,167.7105528563958,168.47009088996427,168.55711169225452,169.15784289642005,168.7027691055475,168.75068978600328,168.63069350904246,167.7914538326897,166.38504393312468,165.5146454748461,164.42053047441138,162.17284474061015,161.3356629032852,159.92718556002237,157.70171540272818,156.74781801781458,153.37660673958774,152.70723512636215,150.75851640143685,149.3177517516663,146.88725457690865,157.1883801249864,157.70171540272818,153.37660673958774,149.3177517516663,,164.08279693849994,"rgba(239, 83, 80, 0.5)",9.13686516786323,162.54773540562567,-0.6244122905077202,46.422984360051146,2.1163718535417004,False,True,False,True,False,0.0,0.0,0.0,0.0,0.0,0,0.9592310118424056,0.9690815772942523,False,False,False,False,-0.002678162391749558,0.005643108952196458,False,False,False,False,579280,800901.6505865349,False,False,False,False,118231.52199371804,False,False,False,False
2025-07-21 00:00:00+00:00,154.5963944891,158.220215437,154.3068881323,158.220215437,49514,,,,155.58467666657575,157.17266648106468,154.54795673326896,159.57640020016774,161.30212785427847,165.8707456333034,167.66734738659855,168.4281349778868,168.5167872301592,169.11951913502088,168.67029449488214,168.71897093787837,168.6042577784516,167.76765638373993,166.36535731258425,165.49706000507322,164.40568777864362,162.1631003041315,161.32746988034154,159.92132596652837,157.6990854759276,156.74647616962048,153.3794078284809,152.71079396508637,150.76418529027308,149.32491905803,146.89674747267088,157.17266648106468,157.6990854759276,153.3794078284809,149.32491905803,,164.06137715702897,"rgba(239, 83, 80, 0.5)",9.088569525575888,162.5133153354106,-0.8710854688443345,44.84393303012489,0.5725695305058096,False,True,False,True,False,0.0,0.0,0.0,0.0,0.0,0,0.9689188113264205,0.9619361266984373,False,False,False,False,-0.010602955719303786,-0.002479923383553664,False,False,False,False,529766,790268.8799752982,False,False,False,False,115536.71720965067,False,False,False,False
2025-07-22 00:00:00+00:00,156.8225985425,158.1004197032,154.5864115113,154.5864115113,98528,,,,155.75180073674153,157.1588188571321,154.57649140007481,159.54766611206412,161.26015800709777,165.79934197942683,167.58794770847857,168.35063107630907,168.44222951875633,169.04838855889452,168.61008901176552,168.66014042399988,168.5551980204437,167.7236841274702,166.3293053497911,165.46508138743988,164.37898914720014,162.14617519205578,161.31353461476073,159.91190598463058,157.69595473221472,156.74585301606896,153.3868587720639,152.71972325175764,150.77723583709013,149.3409046987064,146.91727632697518,157.1588188571321,157.69595473221472,153.3868587720639,149.3409046987064,,164.03087886072666,"rgba(239, 83, 80, 0.5)",9.023073489702151,162.46479651192152,-0.6253077707790856,45.40094726503787,0.5725695305058096,False,True,False,True,False,0.0,0.0,0.0,0.0,0.0,0,0.9675079568430754,0.9619856834795582,False,False,False,False,-0.008254774805325424,-0.005367349094439543,False,False,False,False,628294,783916.9238978355,False,False,False,False,114869.70869162516,False,False,False,False
2025-07-23 00:00:00+00:00,161.1552109155,161.1552109155,157.6861261237,157.9506750359,61414,,,,156.18442633316903,157.1949662703535,154.6253732516396,159.5502802924157,161.2533195815988,165.77191322599865,167.55445364054708,168.31693366672957,168.4096934473068,169.016697820442,168.5836111380205,168.63421843229395,168.5336305039361,167.7049338451773,166.31491376040802,165.45299364587464,164.36978456376562,162.1421802051756,161.3111718154381,159.91205507631668,157.6997062846903,156.75103734808846,153.3966747089173,152.73039064925217,150.79028838058977,149.35567848385554,146.93467811273834,157.1949662703535,157.6997062846903,153.3966747089173,149.35567848385554,,164.04187752583036,#000000,9.081901867345728,162.4794786736352,-0.1458139250432411,48.45703361387132,0.5725695305058096,False,True,False,False,True,0.4424808452929767,0.0,0.0,0.0,0.0,0,0.97550197105375,0.9377649878087488,False,False,False,False,0.08240167180741169,0.03851716135648607,False,False,False,False,689708,780222.4562939989,False,False,False,False,112773.4063899928,False,False,False,False
2025-07-24 00:00:00+00:00,162.9221979893,162.9321809671,158.3599771264,159.3383089526,107034,,,,156.97148408277494,157.28632364900142,154.73023945919772,159.56881994059674,161.25473739544975,165.73621661505598,167.50751224261788,168.26866763690595,168.36296313762784,168.97052233164402,168.5453459274601,168.59670516091592,168.50245011577266,167.67839448568037,166.29553599678562,165.43745175811796,164.35896505746726,162.1397969750879,161.31146412289516,159.91650299506787,157.71019585095578,156.76392761367106,153.41734096236328,152.75248926050622,150.81640831027508,149.38471734739994,146.96814800138532,157.28632364900142,157.71019585095578,153.41734096236328,149.38471734739994,,164.07200495430615,#000000,9.053469021402396,162.5249186928432,0.043881444285902745,51.45273496293319,-4.341838680733545,False,True,False,False,True,1.4316291675089516,0.0,0.0,0.0,0.0,0,0.9749058603605112,0.9681685232592009,False,False,False,False,0.11879808305524449,0.07865762220586528,False,False,False,False,796742,780870.2815373716,False,False,False,False,112548.33162960093,False,False,False,False
2025-07-25 00:00:00+00:00,166.1367168466,166.1566828023,162.4130661205,164.5594063514,51807,,,,157.51086221656055,157.365487381406,154.80583105322447,159.5945027561862,161.27118844681715,165.73292975718775,167.49792184407858,168.2573277149489,168.35182428812453,168.95861179766993,168.53597073369204,168.58744924236862,168.494844250146,167.672745393982,166.2928794436859,165.43645888048545,164.35992276981167,162.14411150729774,161.31688275990302,159.92368322351007,157.72003775765575,156.77482377846735,153.43166878547447,152.76745236256,150.83316553856443,149.4027976271909,146.98820382946403,157.365487381406,157.72003775765575,153.43166878547447,149.4027976271909,,164.10557177305435,#000000,9.031068112266876,162.5761309282643,0.39425966829985143,55.04430667303749,-0.970164078240721,True,False,True,False,True,3.1999109886923414,0.0,0.0,0.0,0.0,0,0.9969310016096699,0.9365740332541435,False,False,False,False,0.22915017322243358,0.15390389771414942,False,False,False,False,848549,783524.348928063,False,False,False,False,110166.31862451854,False,False,False,False
2025-07-28 00:00:00+00:00,165.0685382201,166.8754572052,163.5710915474,166.8754572052,77955,,,,158.22207569828197,157.48570396225003,154.920462138846,159.63462446146747,161.29748187725778,165.72962138134855,167.48510804221817,168.24176684663456,168.33649701722652,168.94200280230098,168.522993952894,168.57462103581028,168.48431402842286,167.6651110468201,166.2896721634616,165.43572198805836,164.36207071192314,162.1512103241562,161.3256162089813,159.9350314119512,157.73535029283093,156.7917065139821,153.45366593267158,152.79039688560428,150.85878710821748,149.43039585864287,147.0187506406796,157.48570396225003,157.73535029283093,153.45366593267158,149.43039585864287,,164.15208535501554,#000000,8.870195406944081,162.6490036097842,0.2727712862358901,56.62010194431064,0.48867722767609933,True,False,True,False,True,2.5677273655883504,0.0,0.0,0.0,0.0,0,1.0098501276399754,0.922169434811762,False,False,False,False,0.25841288011763763,0.20615838891589353,False,False,False,False,770594,783017.2764210801,False,False,False,False,108903.12965885115,False,False,False,False
2025-07-29 00:00:00+00:00,165.0086403532,167.2947422735,164.8638871748,166.9153891164,138154,,,,159.28175484820096,157.7045324519542,155.12809204512212,159.71126200647117,161.34972096271662,165.72954696035143,167.4680668052036,168.21945002341076,168.31435772920145,168.9171706883732,168.50397954485257,168.55576295276447,168.4688905732298,167.65465833387051,166.28681090507789,165.4371291972612,164.36842003198842,162.16598861027285,161.34319945764761,159.95712533952775,157.76433190891316,156.8234157916894,153.49427075406206,152.83265143512307,150.9057086746908,149.48077254093218,147.07426993207545,157.7045324519542,157.76433190891316,153.49427075406206,149.48077254093218,,164.22829597337494,#000000,8.962419649172704,162.77229904884885,0.24952427936774726,57.62225032132828,1.4964125616846644,True,False,True,False,True,2.5318633758865303,0.0,0.0,0.0,0.0,0,1.0202943836214282,0.9241102663153018,False,False,False,False,0.2854891483702175,0.2458237686430555,False,False,False,False,632440,777112.2851888809,False,False,False,False,110050.222613406,False,False,False,False
2025-07-30 00:00:00+00:00,164.8389297303,166.5060870259,163.815674504,164.1600872387,129960,,,,159.9588628303925,157.88371907444696,155.30437168847348,159.77378549694777,161.39040184803667,165.72303584381524,167.4463063148683,168.19328731951865,168.28858448306883,168.88934063048274,168.4820823231289,168.53411523044548,168.45104303851713,167.64155940460316,166.2809868703481,165.43536635215136,164.37141506099897,162.17718558110843,161.3571051876046,159.97536203828008,157.78912799145834,156.85081296709274,153.53014679767804,152.87009903116032,150.94759733985126,149.52593792695933,147.124333857298,157.88371907444696,157.78912799145834,153.53014679767804,149.52593792695933,,164.27789583086187,#000000,8.899350597160957,162.8578091791122,0.2226140581336154,58.141055352208326,2.146025831225174,True,False,True,False,True,2.428361267451276,0.0,0.0,0.0,0.0,0,1.0163706811632287,0.9186115313225532,False,False,False,False,0.25645425159933516,0.2511390101211953,False,False,False,False,502480,766342.391652062,False,False,False,False,110830.99819719401,False,False,False,False
2025-07-31 00:00:00+00:00,164.4595765732,166.4561721368,163.0170362785,163.4612787914,125689,,,,160.43628924383611,158.039467036449,155.46209066563202,159.82829669016894,161.4246025727245,165.71307925157294,167.4220940993149,168.16514714512604,168.26093780529004,168.85997228146326,168.4586706523329,168.51099970957495,168.43190038744808,167.62703203314476,166.2735454107408,165.4318655296692,164.37256372566122,162.186403050777,161.36897691376558,159.99146408826144,157.8116070617348,156.87582329811227,153.56340770334728,152.90488889880078,150.98670541892275,149.56822562073023,147.17138868152063,158.039467036449,157.8116070617348,153.56340770334728,149.56822562073023,,164.31326991464766,#000000,8.892204933155734,162.9227903621016,0.1728239759036909,58.12920231018773,2.390552688133269,True,False,True,False,True,2.1933128916518996,0.0,0.0,0.0,0.0,0,1.011993750599447,0.9180143214633931,False,False,False,False,0.2431856878693982,0.24716234899529677,False,False,False,False,376791,751065.866489236,False,False,False,False,111413.66493455897,False,False,False,False
2025-08-01 00:00:00+00:00,180.8516261503,184.0561620299,165.5477211554,168.7123251237,300484,,,,163.64532479903036,159.01975647027845,156.29080807018642,160.2710576353728,161.80194102784012,165.95283049837462,167.6122743103796,168.32612678720537,168.41337623446992,168.9894593974928,168.5788366087151,168.6273690429722,168.5315244955564,167.73231616106068,166.38693057172344,165.55106800581973,164.496579606041,162.31594128741176,161.50122795123193,160.12906849382796,157.9594519579686,157.02766047682022,153.72860588792517,153.07262826652214,151.16184160897998,149.74923908871102,147.36053535449994,159.01975647027845,157.9594519579686,153.72860588792517,149.74923908871102,,164.70869087274951,"rgba(0, 255, 255, 0.75)",9.327170449525905,163.54199460667564,1.85582880009491,64.58604785461353,8.646776300947792,True,False,True,False,True,10.78811857424283,0.0,0.0,0.0,0.0,0,1.0152576449132644,0.8455332231847058,False,False,False,False,0.34282825189635285,0.2949953004458248,False,False,False,False,677275,748172.10701907,False,False,False,False,118828.18787830176,False,False,False,False
2025-08-04 00:00:00+00:00,186.7316000851,187.9694893345,181.5704005532,182.1893451779,223336,,,,166.41314060640627,160.00594034457245,157.1074894769763,160.7489856129028,162.22460310664053,166.26032549253102,167.8762464620091,168.55931025028866,168.63564850196337,169.1858242374039,168.7569009030019,168.80044031509283,168.67936283949055,167.88166384117517,166.53786487137316,165.70450118688757,164.65042858341718,162.46699821664538,161.65247096247415,160.2818817207862,158.1173216239822,157.18744733203346,153.89507411730415,153.24041564214585,151.33362779034147,149.9245049925373,147.54017637588854,160.00594034457245,158.1173216239822,153.89507411730415,149.9245049925373,,165.12150137660194,"rgba(0, 255, 0, 1.0)",9.886315333076677,164.17721946397631,2.281373783988402,70.04900446587334,13.6801455074744,True,False,True,False,True,13.44776958163332,0.0,0.0,0.0,0.0,0,1.1063678942512274,0.8210800769539208,False,False,False,False,0.3428282525341374,0.3189117764899811,False,False,False,False,900611,754150.1028222437,False,False,False,False,122926.53345170169,False,False,False,False
2025-08-05 00:00:00+00:00,193.5200250013,193.9592760253,187.6300680887,188.5784509814,169862,,,,168.64220778387312,160.8814886810751,157.82969984731662,161.1899479474014,162.62038098142634,166.56229760482591,168.14182499778568,168.7969125938729,168.86264133226857,169.38860912315576,168.93991183209772,168.97853083408847,168.83160350746851,168.03363453884006,166.6887059451665,165.85627823184868,164.80084973994178,162.6116366787713,161.79627630624267,160.42559611359462,158.2635149680017,157.3345364221712,154.04550185200983,153.39154069052785,151.48698828107567,150.08003358703203,147.6981332617981,160.8814886810751,158.2635149680017,154.04550185200983,150.08003358703203,,165.4939517310531,"rgba(0, 255, 0, 1.0)",10.590245610193167,164.74430343862315,2.717191141910824,74.73088989922553,17.850461983604717,True,False,True,False,True,16.311485398719537,0.0,0.0,0.0,0.0,0,1.1491918186217096,0.7775403891472051,False,False,False,False,0.3428282527838133,0.3308700146368972,False,False,False,False,1070473,766554.9223194107,False,False,False,False,124767.13998300751,False,False,False,False
2025-08-06 00:00:00+00:00,193.2604675781,194.3386291824,191.3736847705,192.6714718868,130514,,,,170.1865838650605,161.54880565687913,158.38478106939948,161.53426324480384,162.93048123649623,166.80113094967513,168.35283054754538,168.98626562705223,169.0437036705255,169.55080508143615,169.08640144481348,169.12114535884513,168.9537269884448,168.15537255666453,166.80928613309777,165.97744879941567,164.9207731745548,162.7266782370048,161.91055576928858,160.53963940127352,158.37927405529658,157.4509068471629,154.16419764508686,153.5107298571927,151.60778204975554,150.20242308335872,147.8222637965447,161.54880565687913,158.37927405529658,154.16419764508686,150.20242308335872,,165.77603394061384,"rgba(0, 255, 0, 1.0)",11.194763713754426,165.17173914340358,2.5090952478242343,77.66014226913846,20.371476766721386,True,False,True,False,True,16.14603711211539,0.0,0.0,0.0,0.0,0,1.1759124032728387,0.7599968518376052,False,False,False,False,0.3428282527320802,0.33684913368448866,False,False,False,False,939959,773355.0822284535,False,False,False,False,124992.50704249741,False,False,False,False
2025-08-07 00:00:00+00:00,192.222237885,194.1040292037,189.4769189851,194.0690887813,123503,,,,171.41798279739035,162.13484871488942,158.87859192620212,161.8425712115633,163.20803715944723,167.01423492827195,168.5408057022168,169.1549704470811,169.20510530673786,169.695422465668,169.21733349944162,169.2486429123958,169.0631289282753,168.26462801690747,166.91781166882373,166.08667218536354,165.02908259730572,162.83096799804932,162.01427797929296,160.6433337137173,158.48478418395214,157.55707583027186,154.2728146508306,153.61985688612623,151.71853949732363,150.3147529750665,147.93636838886093,162.13484871488942,158.48478418395214,154.2728146508306,150.3147529750665,,166.02042250795205,"rgba(0, 255, 0, 1.0)",11.525822541626848,165.54101257819875,2.3149085638303823,78.7984908168259,21.333927541893516,True,False,True,False,True,15.476910130375956,0.0,0.0,0.0,0.0,0,1.1622833841217124,0.77968076517866,False,False,False,False,0.324817779587057,0.3308334566357728,False,False,False,False,816456,775045.3142979259,False,False,False,False,124934.09500161516,False,False,False,False
2025-08-08 00:00:00+00:00,187.67,195.8,187.26,192.55,120355,,,,172.40241765571986,162.65340869956296,159.32211511213774,162.12051358992704,163.45783019606753,167.20460026912053,168.70809346533514,169.30497671870356,169.348677675459,169.82398642299705,169.33410117189837,169.3623668577516,169.1609357163431,168.3625990459823,167.01558439692204,166.1853247405666,165.12721728188632,162.92602161498894,162.1089951820471,160.73830242154378,158.581802532607,157.65485294165754,154.37333790045864,153.7209401824397,151.8213760011692,150.4192151894552,148.04274599307686,162.65340869956296,158.581802532607,154.37333790045864,150.4192151894552,,166.23340341174804,"rgba(0, 255, 255, 0.75)",11.69671326685785,165.86203311057446,1.864452551061288,76.21554339958142,21.333927541893516,True,False,True,False,True,12.599653704396307,0.0,0.0,0.0,0.0,0,1.1411747471193163,0.7839670375792746,False,False,False,False,0.3204468528538102,0.32564015474479147,False,False,False,False,696101,771949.4588352621,False,False,False,False,124754.52264861065,False,False,False,False
2025-08-11 00:00:00+00:00,188.18,189.8363,185.15,187.62,156471,,,,173.37762779074393,163.24058640063484,159.83480033663682,162.44215402257095,163.7458354685145,167.42089555429246,168.89674775651554,169.47373312760325,169.5102568296149,169.96840070303864,169.46591040254992,169.4907567491932,169.271703704985,168.47414399310878,167.127812818116,166.29906706713038,165.2409706616037,163.0373027180387,162.220238548046,160.85038906484755,158.6970776327708,157.77133249106464,154.49406207312404,153.84251053855678,151.94553418508212,150.54566344395482,148.17203311797354,163.24058640063484,158.6970776327708,154.49406207312404,150.54566344395482,,166.46946668588924,"rgba(0, 255, 255, 0.75)",11.869182202798,166.21699924396773,1.8504224116514778,74.63842961181203,21.333927541893516,True,False,True,False,False,12.825686241696861,0.0,0.0,0.0,0.0,0,1.1227338687619817,0.8190630097674505,False,False,False,False,0.25408984244978255,0.289864998597287,False,False,False,False,852572,775111.1271162322,False,False,False,False,125998.30607415533,False,False,False,False
2025-08-12 00:00:00+00:00,196.74,198.415,188.68,188.68,208807,,,,175.04020881139687,164.19143549575114,160.65288083881202,162.97259694781923,164.22711483457547,167.7981099318881,169.23277683848931,169.77740248627842,169.8014207360483,170.23091990716554,169.70417121211702,169.72301811627233,169.47191164267653,168.6735805954102,167.32517084359915,166.4972116920008,165.4369776915112,163.22527379236246,162.40689513166691,161.03650352644746,158.88567560040815,157.96080725477057,154.68693343134532,154.0361124378696,152.1415390748289,150.74410158239772,148.3730841893739,164.19143549575114,158.88567560040815,154.68693343134532,150.74410158239772,,166.8712790536144,"rgba(0, 255, 0, 1.0)",12.419020834117957,166.8141429892294,2.409679266223411,75.64961734371303,21.333927541893516,True,False,True,False,False,16.4575721926494,0.0,0.0,0.0,0.0,0,1.137984875665047,0.7850824074014022,False,False,False,False,0.34282825274198653,0.3163466256696368,False,False,False,False,1061379,786337.3182097132,False,False,False,False,129245.70583595317,False,False,False,False
2025-08-13 00:00:00+00:00,208.12,210.09,196.7356,198.09,272806,,,,177.8188767311218,165.74519276228216,161.97465053707435,163.85851099868506,165.04078419160373,168.46006389166192,169.83286296970326,170.3243897389774,170.32661186679888,170.7079387751799,170.1355449654609,170.14384546401172,169.8347174958608,169.03196329420828,167.67517464962245,166.84590699084245,165.7787890076586,163.54754794809932,162.72503566519273,161.35074714566565,159.19977751092935,158.2746561526837,155.00087331473262,154.3502418632495,152.45679203305707,151.06133905375583,148.69147515859567,165.74519276228216,159.19977751092935,155.00087331473262,151.06133905375583,,167.55795775448556,"rgba(0, 255, 0, 1.0)",13.351891189799469,167.82243757914256,3.0181164486753636,78.11659832112207,21.333927541893516,True,False,True,False,False,20.0,0.0,0.0,0.0,0.0,0,1.1742315266908159,0.7369001332375701,False,False,False,False,0.3428282530406941,0.32958743935516543,False,False,False,False,1334185,807821.5410250186,False,False,False,False,134875.52129336676,False,False,False,False
2025-08-14 00:00:00+00:00,203.98,207.325,203.15,204.25,133232,,,,178.9895079179868,166.45878963589635,162.5895877932819,164.2760616514736,165.42488772820755,168.77344501505354,170.11733865598742,170.58416267777068,170.57626137125277,170.93508659056454,170.34143547207495,170.34479008364335,170.00841031141601,169.20364541111263,167.84301528100428,167.01319467138092,165.94289558877747,163.7025237526624,162.8780916082108,161.5020194879864,159.35108444919496,158.42588343065077,155.15227704053515,154.5017605875656,152.60891582643288,151.21445961022408,148.84522369540576,166.45878963589635,159.35108444919496,155.15227704053515,151.21445961022408,,167.8752575352872,"rgba(0, 255, 0, 1.0)",14.047369269969035,168.28474682883606,2.5410632044445864,77.32725242992342,21.333927541893516,True,False,True,False,False,18.215293873928132,0.0,0.0,0.0,0.0,0,1.1934375609526626,0.746782927810283,False,False,False,False,0.3428282530650259,0.3362078462100957,False,False,False,False,1200953,823238.4609848218,False,False,False,False,134811.06947794062,False,False,False,False
2025-08-15 00:00:00+00:00,202.35,204.61,200.17,204.61,101322,,,,179.73604039976362,166.95081794299375,163.01918996093048,164.56916735013172,165.69426641823995,168.99227573695222,170.3155966264004,170.76520944791315,170.75034571648277,171.09351299138947,170.4854111525938,170.48534113673435,170.13016759139174,169.3242339540299,167.96128296527343,167.13127922893912,166.0589961845195,163.81265197074381,162.9870133585663,161.60991300331122,159.45933875807165,158.53421610656326,155.261173542427,154.61081973861877,152.7186316989175,151.3250464016027,148.95650971911,166.95081794299375,159.45933875807165,155.261173542427,151.3250464016027,,168.09363565686505,"rgba(0, 255, 0, 1.0)",14.64105651485733,168.60148182214257,2.305060303784114,75.87482744644913,21.333927541893516,True,False,True,False,False,17.232097204514165,0.0,0.0,0.0,0.0,0,1.1702932539618687,0.7623998867602334,False,False,False,False,0.30484006818618614,0.3205239571981409,False,False,False,False,1099631,834077.3840834562,False,False,False,False,133497.77263566843,False,False,False,False
2025-08-18 00:00:00+00:00,203.94,204.125,200.43,202.67,83768,,,,180.32987132165354,167.3526324496081,163.37144589079114,164.8109842728978,165.91675315875858,169.17348999072806,170.47997577125741,170.91547227013174,170.89488722240253,171.22517904587934,170.6051538353684,170.60225834772388,170.231551530076,169.4246338625124,168.05973547624993,167.22956445584316,166.1556206767008,163.90429667419136,163.07764683242857,161.69967560915782,159.549372044997,158.62430305174203,155.3516910226864,154.70146523880433,152.80980248776015,151.41692535390493,149.0489473539024,167.3526324496081,159.549372044997,155.3516910226864,151.41692535390493,,168.273041434718,"rgba(0, 255, 0, 1.0)",15.207112557078547,168.86077379461443,2.306764421826879,75.24774530153775,21.333927541893516,True,False,True,False,False,17.832285469895773,0.0,0.0,0.0,0.0,0,1.179857166862764,0.7678314229874241,False,False,False,False,0.301189751665857,0.31085685443199895,False,False,False,False,1183399,847776.2709821443,False,False,False,False,131547.58547348535,False,False,False,False
2025-08-19 00:00:00+00:00,203.63,207.24,202.56,205.23,98256,,,,181.03678978518866,167.83394978653325,163.79366033711239,165.10286247741536,166.18582514197095,169.39385626404442,170.68037619431948,171.0989309927585,171.0714242840676,171.38619763593184,170.75159352672208,170.74526912348136,170.3556323397187,169.54739548514323,168.17993935258562,167.34945600475976,166.27336605616387,164.01576399758008,163.18780897526932,161.80865699005977,159.65849733720728,158.73341970829568,155.46108914302053,154.81097399498225,152.91982264599775,151.52771299021936,149.16027296011885,167.83394978653325,159.65849733720728,155.46108914302053,151.52771299021936,,168.4899377375413,"rgba(0, 255, 0, 1.0)",15.758683136148653,169.1732230721171,2.1865264140531453,74.63098842498681,21.333927541893516,True,False,True,False,False,17.64079741957647,0.0,0.0,0.0,0.0,0,1.171632922891579,0.7742865239036384,False,False,False,False,0.3380248827891913,0.3244408686105951,False,False,False,False,1085143,857084.7701593151,False,False,False,False,130242.03310197612,False,False,False,False
2025-08-20 00:00:00+00:00,200.6,203.705,199.17,203.16,88759,,,,181.55521754618215,168.2197255156709,164.13717041360567,165.34094851622234,166.40489545136475,169.57196464751283,170.84181008074185,171.24663603957617,171.2136262428563,171.51586557743792,170.8698853026423,170.86081578728482,170.45612374986956,169.64708931497339,168.2779797194292,167.4474770175333,166.36992541941393,164.1077170081535,163.27886308103314,161.89900908239974,159.74935529793677,158.82442591211552,155.5528332241142,154.90290285353979,153.01243582016158,151.62114825343969,149.2544448476817,168.2197255156709,159.74935529793677,155.5528332241142,151.62114825343969,,168.6631372756952,"rgba(0, 255, 255, 0.75)",16.310492316443238,169.4216653901596,1.911550798402836,72.2695834225014,21.333927541893516,True,False,True,False,False,15.773318507422438,0.0,0.0,0.0,0.0,0,1.1622077314897306,0.7849391037173112,False,False,False,False,0.28956136174976815,0.30700111518018164,False,False,False,False,996384,862547.4850550282,False,False,False,False,128615.24749013393,False,False,False,False
2025-08-21 00:00:00+00:00,201.31,202.23,198.47,199.15,82074,,,,182.00001683281275,168.56341018133034,164.4451191738567,165.55535810360757,166.60222571744657,169.7323714831712,170.9871908782506,171.3797218301238,171.34180220361802,171.63280755904628,170.97670130994473,170.9651717997449,170.54699607035187,169.73729667536023,168.3667800208112,167.53630534822798,166.4574911539933,164.19122488776432,163.36159114590802,161.9811531179187,159.8320302490965,158.90726440138167,155.63643539766593,154.98669004532763,153.09689242114388,151.7063851800532,149.34040460322908,168.56341018133034,159.8320302490965,155.63643539766593,151.7063851800532,,168.81803677466445,"rgba(0, 255, 255, 0.75)",16.84174175826197,169.6430996028575,1.8802627929862323,70.91310400179077,26.846531801397305,True,False,True,False,False,16.057419148785485,0.0,0.0,0.0,0.0,0,1.1472468998427159,0.7949985245654877,False,False,False,False,0.27461863375075163,0.29080987446546663,False,False,False,False,1078458,871014.5640724781,False,False,False,False,126790.10052973652,False,False,False,False
2025-08-22 00:00:00+00:00,210.48,212.42,203.26,203.26,130993,,,,182.9568498979292,169.23092548180836,165.03286720133386,165.96944970420756,166.98582340299743,170.050716846241,171.27844795001397,171.6473522393354,171.59960190700443,171.8687278365613,171.19139698287944,171.1749510594001,170.72936222680053,169.91737565456913,168.54257279326382,167.71130505752888,166.62899384026906,164.35295732105723,163.52119875807043,162.13866869873493,159.98916701239145,159.06415449036737,155.79296475605028,155.14323649794943,153.25377432834267,151.864079887542,149.4984286057813,169.23092548180836,159.98916701239145,155.79296475605028,151.864079887542,,169.12647724300032,"rgba(0, 255, 0, 1.0)",17.617464438497787,171.93927119182018,2.1876433434972844,72.36633015776933,26.846531801397305,True,False,True,False,False,19.56208497886142,0.0,0.0,0.0,0.0,0,1.159479160346633,0.7619933561095263,False,False,False,False,0.3428282530579175,0.31681906376169205,False,False,False,False,1209451,884286.5811676751,False,False,False,False,126954.92011680569,False,False,False,False
2025-08-25 00:00:00+00:00,209.41,211.5,208.97,210.25,68831,,,,183.45556727259222,169.58359509220708,165.34408154692343,166.19008751925736,167.19050588258153,170.22121601784195,171.4347048864047,171.79110080990318,171.73812177552725,171.99562547864085,171.30692928561538,171.28785894067022,170.82759591006732,170.01433656765536,168.6371636012442,167.80542739480694,166.72119265737888,164.43983260019664,163.6069046187487,162.22320335453773,160.07342197815845,159.1482466079434,155.8767628992044,155.22702504936578,153.33768963547584,151.94839189612327,149.58285813447327,169.58359509220708,160.07342197815845,155.8767628992044,151.94839189612327,,169.29075256064007,"rgba(0, 255, 0, 1.0)",18.25507997077555,172.1873345810857,2.0390305316933057,72.6387522326024,26.846531801397305,True,False,True,False,False,18.897333834543517,0.0,0.0,0.0,0.0,0,1.1848818642098378,0.7567261089732598,False,False,False,False,0.342828253114999,0.3298236584383455,False,False,False,False,1140620,894338.8721022761,False,False,False,False,124675.55070046037,False,False,False,False
2025-08-26 00:00:00+00:00,210.28,211.0375,209.08,209.55,58035,,,,183.8646123104268,169.87748817499585,165.60415341873696,166.37513264414804,167.3622653354495,170.36446396251915,171.56606117283926,171.9120111700645,171.85466371877348,172.10244752891256,171.40423922033355,171.38297027180255,170.91040380980024,170.09607670171738,168.71691449019914,167.88478499743078,166.79893487159816,164.51310151602064,163.67919026898076,162.29450376275148,160.144486151522,159.2191734034992,155.94744098681258,155.29769479148183,153.40846522097067,152.0195006391861,149.6540649213557,169.87748817499585,160.144486151522,155.94744098681258,152.0195006391861,,169.428220967375,"rgba(0, 255, 0, 1.0)",18.8763195889841,172.38765550370726,2.007401088843933,73.03688664795345,26.846531801397305,True,False,True,False,False,19.222652745004897,0.0,0.0,0.0,0.0,0,1.1919297400593625,0.7570488752948058,False,False,False,False,0.340523300325693,0.33517347938201925,False,False,False,False,1198655,906272.8379021868,False,False,False,False,122062.19577103056,False,False,False,False
2025-08-27 00:00:00+00:00,210.81,211.93,208.6,208.77,73781,,,,184.3728815940628,170.24789380460808,165.93276124566574,166.6098188788917,167.58024212365802,170.54652694992157,171.73312487263883,172.06588470270557,172.00301584968102,172.23850628243395,171.52824704170695,171.50419165785158,171.01601587188478,170.2003265050507,168.81862755610138,167.98599227491968,166.89808256808757,164.60655026974004,163.77138405651544,162.38543679008063,160.2351065829828,159.3096142284381,156.0375494017575,155.3877895969556,153.49868623262356,152.11013935455375,149.74481902447408,170.24789380460808,160.2351065829828,156.0375494017575,152.11013935455375,,169.6022755448103,"rgba(0, 255, 255, 0.75)",19.46917787308763,172.63862658186662,1.9606053048032357,73.44162679359246,26.846531801397305,True,False,True,False,False,19.42298531601096,0.0,0.0,0.0,0.0,0,1.1941521029546738,0.7583795061848434,False,False,False,False,0.3428282530861095,0.33900086623406434,False,False,False,False,1272436,920632.1775922972,False,False,False,False,120168.81554471563,False,False,False,False
2025-08-28 00:00:00+00:00,210.04,211.03,208.32,211.03,71398,,,,184.8347567932606,170.5942600828481,166.24162567442926,166.83122531251476,167.78592212865314,170.71829723173153,171.89073992972575,172.21112088155436,172.14308557129885,172.36703012727276,171.64551017178948,171.61883758955838,171.1160051215235,170.2990765866069,168.91505495636056,168.08198126101163,166.9921743748821,164.69534233608215,163.85901712139128,162.47192076662176,160.3213586140149,159.39572185075392,156.12342590379575,155.47366871394462,153.58472851833375,152.19660893424347,149.8314466637776,170.5942600828481,160.3213586140149,156.12342590379575,152.19660893424347,,169.76564920095583,"rgba(0, 255, 255, 0.75)",20.02359598881093,172.86389484109398,1.8566148248136751,73.09540179679192,26.846531801397305,True,False,True,False,False,18.922888683458936,0.0,0.0,0.0,0.0,0,1.1932279244309851,0.7674693254652576,False,False,False,False,0.3350055610551988,0.3370032136446316,False,False,False,False,1201038,931628.4843533837,False,False,False,False,118256.23454296209,False,False,False,False
2025-08-29 00:00:00+00:00,204.07,208.9,203.0,208.9,139284,,,,185.5360284151318,171.17764295262097,166.77119672279304,167.2123821393048,168.13933462431825,171.01123092995968,172.15864419118614,172.45791418292336,172.38125804029823,172.58557644838888,171.84563076685114,171.81455030824912,171.28720111728842,170.46865038061938,169.0814251511975,168.2480294468672,167.15548772236792,164.85047731781975,164.01246153476882,162.62386773957414,160.473623298016,159.54802470631907,156.2762706113309,155.6266928804272,153.73852843474154,152.3515080982924,149.98717022689277,171.17764295262097,160.473623298016,156.2762706113309,152.3515080982924,,170.04094950662642,"rgba(0, 255, 255, 0.75)",20.38522267886105,173.18278332713086,1.5151768101556415,68.63844966937087,23.180557055114292,True,False,True,False,False,15.14561594852237,0.0,0.0,0.0,0.0,0,1.1687509409528702,0.7698987299536302,False,False,False,False,0.28569024145939803,0.3113467275520148,False,False,False,False,1061754,936731.4457512902,False,False,False,False,119080.85279617927,False,False,False,False
2025-09-02 00:00:00+00:00,202.61,203.945,201.16,201.16,73831,,,,185.83960032053457,171.45471647333372,167.02650723050922,167.3970109120415,168.31032022154852,171.152213741418,172.28728117284186,172.57641876514995,172.49569573768923,172.6906125138647,171.94210826417938,171.90893023719238,171.3699743882142,170.5508292222702,169.16234973950665,168.3289603332111,167.23529256299216,164.92667278610196,164.08795182265777,162.69881258247295,160.54899161709022,159.6235193501339,156.35238151249825,155.70295665608066,153.8153547056738,152.42900439387162,150.0652744541933,171.45471647333372,160.54899161709022,156.35238151249825,152.42900439387162,,170.1721129513865,"rgba(38, 166, 154, 1.0)",20.68824696388887,173.3242999033418,1.415571853322136,64.77153522009321,19.521626904852795,False,False,True,False,False,14.24990656957349,0.0,0.0,0.0,0.0,0,1.1489637726892385,0.7899938519222945,False,False,False,False,0.2419626217579456,0.2766546746549802,False,False,False,False,987923,938738.9576826121,False,False,False,False,117306.34876495655,False,False,False,False
2025-09-03 00:00:00+00:00,199.49,203.44,197.0,202.12,101520,,,199.9766666666667,186.17771355057073,171.79669703428434,167.34647953158628,167.6292569330321,168.52507782058322,171.32818335061302,172.44738950184453,172.72388546286294,172.63818670727832,172.82140579642143,172.06262713198052,172.0268606143131,171.47367104190081,170.65404114976167,169.26439363692958,168.431235528958,167.33642576204952,165.0237550693495,164.18430504024323,162.79472918187315,160.64581341540725,159.72064918181337,156.4507757326815,155.80163433735953,153.91499790077765,152.52968002421832,150.16700310566407,171.79669703428434,160.64581341540725,156.4507757326815,152.52968002421832,,172.1934128665615,"rgba(38, 166, 154, 1.0)",20.891038132462654,174.85153324713716,1.1793797223785187,60.37528694711083,15.504219204359075,False,False,True,False,False,12.357142029956286,0.0,0.0,0.0,0.0,0,1.133799591206449,0.7975323080034044,False,False,False,False,0.21246847255202658,0.2445615736035034,False,False,False,False,886403,936686.5671852549,False,False,False,False,116687.27626437003,False,False,False,False
2025-09-04 00:00:00+00:00,205.9,206.33,199.19,199.19,98782,,,201.86548984366937,186.57863991125694,172.16584137249646,167.6877632940337,167.87846578644414,168.7563739875494,171.51997353117997,172.62284064891142,172.88581167725044,172.79464964794892,172.9652542401194,172.19485922046982,172.1562575025065,171.58731337005875,170.7668038581115,169.3753403526485,168.54212556430792,167.44571020614677,165.12799875304628,164.28754357219452,162.89715121918994,160.74869833345858,159.82366082981545,156.5544782735147,155.90551749883272,154.01956920276857,152.63510658800763,150.27317153880233,172.16584137249646,160.74869833345858,156.5544782735147,152.63510658800763,,172.46025281701753,"rgba(38, 166, 154, 1.0)",21.218232038381327,175.15886703302021,1.448807464795966,60.312720410065275,15.504219204359075,False,False,True,False,False,15.023669556498913,0.0,0.0,0.0,0.0,0,1.1289655865533874,0.7946671487262063,False,False,False,False,0.24460582061220906,0.2445836971078562,False,False,False,False,985185,938588.4665113233,False,False,False,False,115985.10856772806,False,False,False,False
2025-09-05 00:00:00+00:00,209.12,209.82,204.19,205.97,97579,,,203.78001764686795,187.0429364145157,172.5661899965188,168.0544366928561,168.14767280424172,169.0070099395758,171.72985403439355,172.81569227416,173.0641019554465,172.96693270571754,173.12386425307744,172.3403995547037,172.29868478736807,171.71229538903356,170.89051358406903,169.49658370938033,168.6630340057042,167.56454255309316,165.2407606492341,164.39901871429024,163.00743055919403,160.85901952060456,159.93393515030738,156.66489834065038,156.0160212192336,154.13050243572098,152.74673599557934,150.38525204014547,172.5661899965188,160.85901952060456,156.66489834065038,152.74673599557934,,172.7452270832124,"rgba(0, 255, 255, 0.75)",21.591327009452346,175.51447755758784,1.556436175863586,61.45772161880781,15.504219204359075,False,False,True,False,False,16.304382937253838,0.0,0.0,0.0,0.0,0,1.1518492723436904,0.7792611152620296,False,False,False,False,0.29948054452423134,0.2720321208160438,False,False,False,False,1082764,944242.4090010754,False,False,False,False,115263.30038860148,False,False,False,False
2025-09-08 00:00:00+00:00,205.31,208.8,203.75,208.8,68831,,,204.18794400874074,187.3315501161046,172.8293623194056,168.2977885690952,168.3270545833505,169.17393739973363,171.86928591114665,172.94367279351977,173.18245039026277,173.08134688043788,173.22923906527143,172.43728317861664,172.39351684330384,171.7956603373205,170.9731400732263,169.5777366352048,168.7440564917432,167.6442949232018,165.3166676939869,164.4741328612036,163.08185024444325,160.93362130735477,160.00856739647747,156.73983036806973,156.09104681732376,154.2059214984028,152.82269822074485,150.46163480033965,172.8293623194056,160.93362130735477,156.73983036806973,152.82269822074485,,172.89050605374382,"rgba(38, 166, 154, 1.0)",21.85576677792745,175.69895680664328,1.354838907928935,60.00572767848939,15.296906611192938,False,False,True,False,False,14.009546829449587,0.0,0.0,0.0,0.0,0,1.1538267424599138,0.7810560108255687,False,False,False,False,0.2899269505960299,0.28097953570603684,False,False,False,False,1013933,946975.3733539744,False,False,False,False,113442.42586355828,False,False,False,False
2025-09-09 00:00:00+00:00,198.88,205.76,197.655,203.92,89444,,,203.51676615748414,187.5927915323245,173.112606382801,168.56645383888858,168.52583446270648,169.3583308841174,172.02146160021752,173.08260186178813,173.3108265268867,173.20556425856475,173.34361364095622,172.54298903408846,172.49702437407956,171.8870233598409,171.06409146073727,169.66768974805913,168.83421079921527,167.73346825901817,165.40234494728867,164.559178325686,163.16651517758797,161.0190664309826,160.09427800797306,156.82663312107272,156.17809481105496,154.29380573098123,152.9114778311135,150.55132790618555,173.112606382801,161.0190664309826,156.82663312107272,152.9114778311135,,172.99124357273746,"rgba(38, 166, 154, 1.0)",21.92921091327713,175.81877383197548,1.0516213401031227,55.951247956269874,11.433036988783066,False,True,True,False,False,10.316759294921678,0.0,0.0,0.0,0.0,0,1.1219634072290865,0.8012868528023839,False,False,False,False,0.23123250844573648,0.2561060220758867,False,False,False,False,924489,946093.5547910735,False,False,False,False,112501.3111238109,False,False,False,False
2025-09-10 00:00:00+00:00,202.09,203.51,198.74,198.74,79773,,,203.20863197052844,187.82898204762412,173.3665317729051,168.80734032596354,168.7047827147955,169.52451069634694,172.15902438807652,173.2083664986918,173.42713609968462,173.3181311809367,173.44733894798776,172.63886336096877,172.59091602961377,171.96993507542228,171.14659263175122,169.74922920122907,168.91589750847893,167.81422866652815,165.4798760792874,164.63611454752038,163.2430687304415,161.09626593452634,160.17169386709642,156.9049587766466,156.25662774242213,154.37305382603057,152.9915053051831,150.63213596126738,173.3665317729051,161.09626593452634,156.9049587766466,152.9915053051831,,173.09712148721707,"rgba(38, 166, 154, 1.0)",21.967461033474976,175.94724027038473,1.1900674224380232,54.669847122460126,10.238515765088799,False,True,False,False,False,11.655494442181048,0.0,0.0,0.0,0.0,0,1.1312422312067432,0.8045527113023858,False,False,False,False,0.22386620059711035,0.2399861113364985,False,False,False,False,1004262,948374.6702894629,False,False,False,False,111217.847942485,False,False,False,False
2025-09-11 00:00:00+00:00,208.46,209.36,202.56,202.76,99468,,,203.7697977852167,188.2237312340348,173.7359289111844,169.1511986353582,168.96119862199103,169.76362678693363,172.35974465177574,173.39302445146464,173.59823883133944,173.48368024029267,173.60009846132152,172.77954315129102,172.72867354833588,172.09130164458813,171.2668785708136,169.86736654957505,169.03382679404965,167.93031005360172,165.59038441245949,164.7454656605244,163.35139364934258,161.2048133529246,160.28026934428212,157.0139148456362,156.36570921268094,154.48267600282898,153.10189153817714,150.74309981519974,173.7359289111844,161.2048133529246,157.0139148456362,153.10189153817714,,173.3037009498076,"rgba(38, 166, 154, 1.0)",22.075613540902065,176.2151078437922,1.4606566696986218,56.23342786475028,10.238515765088799,False,True,True,False,False,14.203440460847034,0.0,0.0,0.0,0.0,0,1.1404032068995476,0.7989771226345185,False,False,False,False,0.285820452230806,0.26290328178365224,False,False,False,False,1103730,954467.0361604644,False,False,False,False,110757.0695917993,False,False,False,False
2025-09-12 00:00:00+00:00,204.08,208.85,203.15,207.89,62639,,,203.91249626571314,188.44545134939202,173.95448657077316,169.35643907039406,169.1148589448819,169.90687167134004,172.47974466772604,173.50332684648924,173.70047769604255,173.5826454794256,173.69145804085807,172.86383347543574,172.81123066428881,172.1641589378005,171.3391724185522,169.93850369853064,169.10491073629802,168.0003740135335,165.65726273454501,164.81170032394408,163.41709246454644,161.27076492664648,160.346285538963,157.08031634985497,156.43221524495263,154.54958942225062,153.16932449902407,150.81097227950215,173.95448657077316,161.27076492664648,157.08031634985497,153.16932449902407,,173.4169701802982,"rgba(38, 166, 154, 1.0)",22.151451443931663,176.36060923934662,1.2513577645607081,55.24213674002502,10.238515765088799,False,True,True,False,False,11.75502828622892,0.0,0.0,0.0,0.0,0,1.1258246173382185,0.8086836938338353,False,False,False,False,0.2863413897427664,0.2746223357632093,False,False,False,False,1041091,957864.0543502502,False,False,False,False,108870.08647055227,False,False,False,False
2025-09-15 00:00:00+00:00,208.43,208.9599,203.43,204.32,105199,,,204.30900147117595,188.8387862859406,174.332951890723,169.7108428857561,169.38114803777842,170.15547385429042,172.6889172134289,173.69597433993624,173.8792050772785,173.75567248194866,173.85131106711253,173.01125291154443,172.9556300604824,172.29159339346003,171.46550552570287,170.06263591376316,169.228844064459,168.12240594541774,165.77352641993122,164.92676880772004,163.53110810356674,161.38503844539662,160.46059868681874,157.19506088566885,156.54709710231685,154.6650540804348,153.28560058570685,150.92787245851628,174.332951890723,161.38503844539662,157.19506088566885,153.28560058570685,,173.6218723823925,"rgba(38, 166, 154, 1.0)",22.29641368709177,176.6274526299921,1.4263525881931227,56.15406155822173,10.238515765088799,False,True,True,False,False,13.46662993990892,0.0,0.0,0.0,0.0,0,1.1049480762926123,0.8183645145335035,False,False,False,False,0.28888248167150804,0.2817524087173587,False,False,False,False,1146290,965253.3071208287,False,False,False,False,108726.12229523649,False,False,False,False
2025-09-16 00:00:00+00:00,209.87,209.97,206.97,207.83,108551,,,204.8599396130598,189.27036934234422,174.73784154865803,170.0888411276162,169.66641997500096,170.42225822146037,172.91453753139356,173.90424739272012,174.0726407227301,173.94297117333804,174.0245109428381,173.1709121476735,173.11203451937016,172.42963448600818,171.60221213703844,170.19674141869106,169.36260416445103,168.25396298956517,165.89859579042323,165.05045837785758,163.65351495328724,161.5074972220742,160.58300975923558,157.31763953096262,156.6697682308438,154.78819601180024,153.4095010422051,151.05226995585932,174.73784154865803,161.5074972220742,157.31763953096262,153.4095010422051,,173.84908668111188,"rgba(38, 166, 154, 1.0)",22.476884149115456,176.92721104768813,1.4656296991061497,57.25865224835924,10.238515765088799,False,True,True,False,True,14.024049791044376,0.0,0.0,0.0,0.0,0,1.1295424881010232,0.81299119276995,False,False,False,False,0.3188165143387771,0.30028446152806787,False,False,False,False,1254841,976609.6872337373,False,False,False,False,108719.25475424682,False,False,False,False
2025-09-17 00:00:00+00:00,204.75,211.825,204.45,211.4,85898,,,205.04491072995054,189.56674959913252,175.03389228444266,170.36823926740738,169.87831771442862,170.62034091537228,173.08164193374313,174.05834402674023,174.21581993482192,174.081686154902,174.15285586762366,173.28949287869278,173.228229045308,172.53240251271558,171.70413414131923,170.29695738477972,169.46268693538374,168.35256045635984,165.99264111280462,165.14356501376628,163.7458056261531,161.60003285407936,160.67559260615008,157.41061873055565,156.7628669349164,154.88178858687422,153.5037636644553,151.14706329764473,175.03389228444266,161.60003285407936,157.41061873055565,153.5037636644553,,174.00527339548472,"rgba(38, 166, 154, 1.0)",22.492619145339713,177.13018301168003,1.2279502360240946,55.58098239709238,10.238515765088799,False,True,True,False,True,11.191247344824038,0.0,0.0,0.0,0.0,0,1.1189532648386036,0.8067736134388,False,False,False,False,0.3144081721487249,0.3073463168383964,False,False,False,False,1168943,984152.1700873163,False,False,False,False,107824.30358741363,False,False,False,False
2025-09-18 00:00:00+00:00,214.67,215.7699,204.83,206.74,112460,211.7566333333333,,205.7248228170099,190.041775744351,175.4697306805075,170.77428935868429,170.1871476811565,170.90987740821754,173.32823442779733,174.28669849635,174.4282749977545,174.28748311501192,174.34345344045823,173.46517750998754,173.40037019742422,172.68443355055456,171.8545177675954,170.44420493219118,169.6093861701906,168.49665462323057,166.1292983466296,165.2785949207479,163.8792394618416,161.7332247884036,160.80861290926757,157.54342875274244,156.89570452464778,155.01493233081692,153.63758264833098,151.28119293403802,175.4697306805075,161.7332247884036,157.54342875274244,153.63758264833098,211.7566333333333,174.25722130929248,"rgba(0, 255, 255, 0.75)",22.626822877720663,179.33289058525722,1.5617353618628091,57.74409458700026,10.238515765088799,False,True,True,False,True,14.967908748238646,0.0,0.0,0.0,0.0,0,1.1172876116275898,0.7936666149719273,False,False,False,False,0.3428282530681262,0.32508728495326134,False,False,False,False,1281403,995809.0653780098,False,False,False,False,108006.09560359348,False,False,False,False
2025-09-19 00:00:00+00:00,205.94,214.72,205.555,214.7,219291,209.7615043802932,,206.22190295604275,190.79095581168343,176.22223933085326,171.48692326620838,170.73364760205433,171.4220301531628,173.76307819292774,174.68887876674194,174.80276588246605,174.65056749845047,174.68006665593435,173.77653574114365,173.70558153621616,172.95488093908915,172.12259593515253,170.70758310964285,169.87225740283904,168.75548330065405,166.3759657012024,165.52270507040822,164.12103748789193,161.97536927934073,161.0507638236341,157.78622837539052,157.13874382033768,155.2590553905521,153.88330213451735,151.52806970139142,176.22223933085326,161.97536927934073,157.78622837539052,153.88330213451735,209.7615043802932,174.66283224264367,"rgba(38, 166, 154, 1.0)",22.605343798542524,179.74368081043542,1.1588551549149002,55.74527658922061,10.238515765088799,False,True,True,False,True,10.42743015227579,0.0,0.0,0.0,0.0,1,1.106913252982333,0.8107997597894722,False,False,False,False,0.3406411930584381,0.3328642390058497,False,False,False,False,1062112,998409.1804612251,False,False,False,False,112370.20950149177,False,False,False,False
2025-09-22 00:00:00+00:00,206.17,207.03,203.0901,203.99,66823,209.03531077566518,,206.18400515792925,190.96754846876416,176.4221784214583,171.6799749988516,170.88288228391554,171.56175677161602,173.881136200896,174.79784554320221,174.90429512156595,174.74910041724664,174.77149775349704,173.86144915474918,173.78885697566284,173.02894292144407,172.19620159029174,170.7802027136108,169.94490085779262,168.8272223973069,166.44473838352764,165.5908939944773,164.1887765698958,162.04347598676392,161.11898173771033,157.85498359630301,157.20763180487688,155.32843024575945,153.95325388910754,151.59855161869572,176.4221784214583,162.04347598676392,157.85498359630301,153.95325388910754,209.03531077566518,174.76328150639029,"rgba(38, 166, 154, 1.0)",22.564280473217078,179.82916621329156,1.1673686567570356,54.489879116735054,9.617626812183957,False,True,True,False,False,10.514920624865223,0.0,0.0,0.0,0.0,1,1.1146182522319845,0.8258721652400065,False,False,False,False,0.27373020621905414,0.30329722261245196,False,False,False,False,1128935,1003527.840050981,False,False,False,False,110584.0444230019,False,False,False,False
2025-09-23 00:00:00+00:00,204.65,209.355,204.07,206.11,74280,208.56242509759878,,206.1759734694377,191.16678614203164,176.64573415890425,171.89574684723593,171.05010216378162,171.71843949831577,174.0137953136327,174.92040431924298,175.01855159874887,174.86000086874463,174.8744559308783,173.95707414238774,173.8826447930127,173.1123787402912,172.2790982299395,170.86195049409412,170.02665135579505,168.90792930906866,166.52206428418415,165.66754729455158,164.2648971613346,162.11996758165455,161.19558148163503,157.9321318052628,157.2849188760461,155.40623515361844,154.03168545980347,151.67754637239787,176.64573415890425,162.11996758165455,157.9321318052628,154.03168545980347,208.56242509759878,174.87786644771396,"rgba(38, 166, 154, 1.0)",22.509892989130527,179.94510945541708,1.097512571761772,53.06915678529083,8.14497058142856,False,True,False,False,False,9.740647569002984,0.0,0.0,0.0,0.0,1,1.125760209787496,0.8088853964281011,False,False,False,False,0.2952185533003743,0.2992578879564131,False,False,False,False,1054655,1005532.8267156484,False,False,False,False,109160.3564064136,False,False,False,False
2025-09-24 00:00:00+00:00,202.47,206.04,201.05,204.73,65233,207.91071477988996,,206.04900046977488,191.3048557466259,176.8205954137964,172.06744087367682,171.183836774438,171.8435812353178,174.11914722937152,175.01749588910036,175.10908037126586,174.9479363463614,174.95612860342627,174.03319315856197,173.95732711529922,173.17901612383253,172.34546902882022,170.92765987896325,170.0925034431978,168.97312025547518,166.58486206282538,165.72990766191216,164.32699040039765,162.18259519774375,161.25839096602314,157.99569360758545,157.34865032013826,155.47054670648598,154.09662028421607,151.74311779890934,176.8205954137964,162.18259519774375,157.99569360758545,154.09662028421607,207.91071477988996,174.96210788410215,"rgba(38, 166, 154, 1.0)",22.413786270896278,180.0112718704127,1.0020050989220577,51.27695417600661,6.325058154059221,False,True,False,False,False,8.632458295806497,0.0,0.0,0.0,0.0,1,1.1227099195822323,0.8216764135344838,False,False,False,False,0.25424348844794437,0.27675068820217874,False,False,False,False,989422,1004901.0295895446,False,False,False,False,107437.7149787111,False,False,False,False
2025-09-25 00:00:00+00:00,201.74,203.28,199.8,201.96,100427,206.9191991046398,201.60666666666668,205.77633771328405,191.48386755759694,177.06947280460466,172.3148785776155,171.3775028898186,172.02469031570794,174.27112291638795,175.15736137067012,175.23953959664115,175.0747367532526,175.07396179714857,174.1432982358776,174.0653853487303,173.275658533431,172.441886126881,171.02337049456284,170.18855800577836,169.06838675286238,166.67696538834684,165.8214754047872,164.41832633419406,162.27493783184198,161.35109044967652,158.089790427979,157.44305038710914,155.56595016963192,154.19304678067257,151.84064966201376,177.06947280460466,162.27493783184198,158.089790427979,154.19304678067257,206.9191991046398,176.86768239229323,"rgba(38, 166, 154, 0.5)",22.342841280755522,181.412434052604,0.9098021908657016,49.79198366386544,4.804367144869232,False,True,False,False,False,8.260408567174974,0.0,0.0,0.0,0.0,1,1.1383459882115923,0.8151607806036903,False,False,False,False,0.22874002667331902,0.2527453574377489,False,False,False,False,888995,1000355.695095837,False,False,False,False,107162.78497954596,False,False,False,False
2025-09-26 00:00:00+00:00,203.75,203.955,201.07,201.7,66847,206.54066920640636,202.1335066318336,205.6644185495979,191.6146875579283,177.24113299727549,172.48460462195524,171.5106139189853,172.14934282974426,174.37618791036428,175.25424673249546,175.32997338611614,175.16263275349846,175.1556874179684,174.2195958513512,174.1402655083152,173.34259944575226,172.50859770804877,171.08947973961457,170.25483990031339,169.13404779741856,166.74030758321476,165.88440264996638,164.48102081445742,162.33821643051348,161.41457104467213,158.15408976984676,157.507531824522,155.63104704144965,154.25879286090768,151.9070725233279,177.24113299727549,162.33821643051348,158.15408976984676,154.25879286090768,206.54066920640636,176.9753384420896,"rgba(38, 166, 154, 0.5)",22.260280620686412,181.51369109545308,0.9989231170735009,49.73060391646468,4.584063601217878,False,True,False,False,False,9.08428525938736,0.0,0.0,0.0,0.0,1,1.1407073454868735,0.8070676960118631,False,False,False,False,0.23935260680817247,0.24604898212296067,False,False,False,False,955842,998610.0599940395,False,False,False,False,105581.7738038775,False,False,False,False
2025-09-29 00:00:00+00:00,207.74,208.245,202.62,204.41,89873,206.5023569923234,203.55533051782314,205.69134900599653,191.8355349595436,177.49735162654412,172.73409565894872,171.70629878098944,172.33303185881257,174.53230887297318,175.3987436109282,175.46495781091602,175.29377917602278,175.27768733379952,174.333176228364,174.25171900589493,173.44203984022784,172.6074425107439,171.187033995971,170.3524266175204,169.23044742702197,166.83280058360108,165.9761244938296,164.57214675457263,162.4298253524475,161.50632603434593,158.24655310720783,157.6001705546596,155.72432969486138,154.3528392884186,152.0018216176886,177.49735162654412,162.4298253524475,158.24655310720783,154.3528392884186,206.5023569923234,177.17787777113213,"rgba(38, 166, 154, 1.0)",22.194777350836727,181.74084493671447,1.1714086900856158,51.41390360124082,4.584063601217878,False,True,False,False,False,10.69230862278527,0.0,0.0,0.0,0.0,1,1.1352320069772657,0.7941331450860116,False,False,False,False,0.2774561035257669,0.2617525428243638,False,False,False,False,1045715,1000457.3125432929,False,False,False,False,104965.7434586274,False,False,False,False
2025-09-30 00:00:00+00:00,211.9,212.73,206.3176,207.5,121726,207.00859857169337,205.7273855949971,205.98535877322362,192.20687796068563,177.88595274921317,173.10700708864204,171.99903967932417,172.60852859026022,174.76849148696635,175.61816995931633,175.6701340528848,175.49306028578798,175.46318756191923,174.50542672944223,174.4207245660617,173.59256304736985,172.7566819254373,171.33372657123192,170.49883070079093,169.37465745264313,166.9704056953176,166.11232943401504,164.7070721516025,162.5648991997226,161.64138773498615,158.38191721879704,157.73565591597983,155.86037964119305,154.4897407019687,152.1393272453147,177.88595274921317,162.5648991997226,158.38191721879704,154.4897407019687,207.00859857169337,177.4993105235758,"rgba(38, 166, 154, 1.0)",22.197075425895267,182.13843914124323,1.3407874815813225,54.123677466908916,4.584063601217878,False,True,True,False,True,12.319104052500723,0.0,0.0,0.0,0.0,1,1.1520668858146883,0.7831788370177921,False,False,False,False,0.3322110242140007,0.29698178351918225,False,False,False,False,1167441,1007005.6924435559,False,False,False,False,105623.00842103417,False,False,False,False
2025-10-01 00:00:00+00:00,211.13,212.58,208.12,209.53,118796,207.42166118883208,206.8928892949598,206.25553585205364,192.56082741340273,178.25978840125313,173.46669633033645,172.2826459086723,172.87563517021698,174.99788474180542,175.83146466570648,175.86973589501466,175.68699438835637,175.64385055168,174.6733161487653,174.58548084684665,173.73945003812273,172.9023261816206,171.47690378882865,170.64172804676983,169.51542763177795,167.10476704966425,166.24533058908943,164.83882885416946,162.6967965312992,161.77327185943344,158.5140905317369,157.8679461949307,155.9932162078619,154.62340310629784,152.27357455327467,178.25978840125313,162.6967965312992,158.5140905317369,154.62340310629784,207.42166118883208,177.76316741729266,"rgba(38, 166, 154, 1.0)",22.102662937860586,182.4712271322327,1.2966208166110365,55.513500713964724,0.7459369308209176,False,True,True,False,True,11.903881895727707,0.0,0.0,0.0,0.0,1,1.1569205025224394,0.7840070542835652,False,False,False,False,0.3428282529611089,0.3199050182401456,False,False,False,False,1048645,1008638.6064653774,False,False,False,False,106139.59632609166,False,False,False,False
2025-10-02 00:00:00+00:00,214.95,215.989,209.935,212.35,136954,208.1460742254834,208.34563184946023,206.72053526763648,193.01774282668998,178.7194904551186,173.9058642110369,172.62978831365436,173.2031789610167,175.28080439882388,176.09519420979774,176.11675983407832,175.92700192199328,175.8675961210287,174.88101522410912,174.78930812926635,173.92107672818457,173.08216063587187,171.65329207477038,170.81753976722442,169.6883446185548,167.26930517465718,166.40803004011505,164.99973190003462,162.85746956372193,161.93376693770364,158.67440854869068,158.02830846194973,156.1539680321446,154.7849627854051,152.43553712845812,178.7194904551186,162.85746956372193,158.67440854869068,154.7849627854051,208.1460742254834,178.0965815361487,"rgba(38, 166, 154, 1.0)",22.110061305281555,182.90604284675996,1.4492930033434828,57.86910465749533,3.0390943328272257,False,True,True,False,True,13.387048121958248,0.0,0.0,0.0,0.0,1,1.1545020229458098,0.787089596388624,False,False,False,False,0.34282825299965347,0.33136663561989954,False,False,False,False,1185599,1015578.2297412449,False,False,False,False,107348.00431330375,False,False,False,False
2025-10-03 00:00:00+00:00,213.61,218.62,213.59,217.01,126368,208.83937938417347,209.49602624455045,207.1911107935142,193.4544528214498,179.15272366409414,174.31912079914207,172.95764179584822,173.51290620123999,175.54927123099023,176.34584201305086,176.35173309450332,176.15534774238222,176.08063443364324,175.07877669179007,174.98340585157896,174.09410152379397,173.25338206035138,171.82108354145964,170.98468980920427,169.85263958110139,167.4254590670167,166.56237277854686,165.15226118733423,163.00961194080313,162.08567280706865,158.825922908435,158.17982292926158,156.3057332340637,154.93740668417055,152.58823012270014,179.15272366409414,163.00961194080313,158.825922908435,154.93740668417055,208.83937938417347,178.40301744803526,"rgba(38, 166, 154, 1.0)",21.999496101884873,183.31001009888692,1.3773038146322383,58.64367714290492,3.8399204107460463,False,True,True,False,True,12.64956461942774,0.0,0.0,0.0,0.0,1,1.1646675821687136,0.7844470694764358,False,False,False,False,0.3428282529861082,0.33709744430300387,False,False,False,False,1059231,1017290.1030847256,False,False,False,False,108093.88649709577,False,False,False,False
2025-10-06 00:00:00+00:00,216.11,218.07,213.39,215.26,68143,209.18912460260628,210.01878025088027,207.44080241912462,193.6890149192864,179.3858110591211,174.541683586147,173.1347592136643,173.68034578180615,175.694653479828,176.48168106566652,176.47915560635553,176.27920483953716,176.1962561997438,175.1861525624181,175.08880541650993,174.18811749732632,173.34641020759702,171.91223671027754,171.07548394931703,169.94187538655157,167.5102644521003,166.6461888540486,165.23508078709253,163.09219921777898,162.16812284047796,158.9081305740646,158.2620249650365,156.38805494324512,155.0200841409616,152.6710244739236,179.3858110591211,163.09219921777898,158.9081305740646,155.0200841409616,209.18912460260628,178.56357473016294,"rgba(38, 166, 154, 1.0)",21.989921716941424,183.52169315659052,1.481965568722461,60.12352062604808,5.348112952096422,False,True,True,False,True,13.62448237979611,0.0,0.0,0.0,0.0,1,1.14932393975189,0.7982904278258077,False,False,False,False,0.3374308759818018,0.33726416014240285,False,False,False,False,1127374,1021607.1186500306,False,False,False,False,106527.18506583711,False,False,False,False
2025-10-07 00:00:00+00:00,213.31,217.0,209.845,215.48,151162,209.60684326569776,210.53785256140324,207.79792200088468,194.13610404156336,179.85811401527152,174.99794930881234,173.50005463850647,174.02559965253985,175.99382287527138,176.7609970183018,176.7413449235204,176.53423051303557,176.43452083937365,175.40798454449978,175.30662619427804,174.38288835757774,173.53941711518365,172.1018037000282,171.2645428259817,170.12800736771845,167.68776896444356,166.82181724004758,165.4089143467739,163.26594593362788,162.34174394806035,159.0817707898333,158.4357507289553,156.56230343396007,155.19527046842506,152.84676210197065,179.85811401527152,163.26594593362788,159.0817707898333,155.19527046842506,209.60684326569776,178.85687757290975,"rgba(38, 166, 154, 1.0)",21.882996823264296,183.89690357086727,1.3441073298453814,59.383496756009265,5.348112952096422,False,True,True,False,True,12.068581565401253,0.0,0.0,0.0,0.0,1,1.1311919614068666,0.8071038328069666,False,False,False,False,0.30461936639564835,0.32094176326902557,False,False,False,False,976212,1019826.917918657,False,False,False,False,108277.56996521605,False,False,False,False
2025-10-08 00:00:00+00:00,219.5,219.83,214.64,214.64,76639,210.00964444897937,211.07821230684326,208.0991943648836,194.40750621768711,180.12479961542837,175.2524671251891,173.7038297200998,174.21857198823466,176.16215218894519,176.91860455179653,176.8893836637506,176.67818448142611,176.5690681899745,175.5329904418279,175.429358543781,174.49247162244887,173.6477894971441,172.2079005878633,171.37016059473206,170.2317495917674,167.78625601469045,166.919113835165,165.50498275723163,163.36162925243514,162.4372217497126,159.17681377807585,158.5307582852351,156.65736747074806,155.2906858375798,152.94222085625944,180.12479961542837,163.36162925243514,159.17681377807585,155.2906858375798,210.00964444897937,179.0400325654257,"rgba(0, 255, 255, 0.75)",21.909611029860827,184.13923284341038,1.613938609334327,61.22566510858246,6.5805076239250155,False,True,True,False,True,14.465948336820492,0.0,0.0,0.0,0.0,0,1.1367335033904171,0.7971033101487405,False,False,False,False,0.3428282530045745,0.3318850081368,False,False,False,False,1052851,1021121.9799610627,False,False,False,False,107036.84173128601,False,False,False,False
2025-10-09 00:00:00+00:00,220.05,220.33,215.14,217.71,182533,210.88218395209523,212.1721800895223,208.78371455995918,195.04332796327148,180.75366021455537,175.85387491903595,174.18730498758345,174.67677282773678,176.56256910012812,177.2938350730429,177.2421071382484,177.02128808608992,176.88999482634478,175.83137227427304,175.7223644159715,174.7543379450038,173.90676970576808,172.46145878646283,171.62256711575188,170.47968674974197,168.0216772933232,167.15169348816227,165.73462222830696,163.59032134943385,162.66541226037245,159.40392745382806,158.75777967351817,156.88450063121292,155.5186385245905,153.17025153810096,180.75366021455537,163.59032134943385,159.40392745382806,155.5186385245905,210.88218395209523,179.46404320359076,"rgba(0, 255, 255, 0.75)",21.9299349512675,184.697427123821,1.612069208355573,62.64100785984558,8.034424649648514,False,False,True,False,True,14.67430876089061,0.0,0.0,0.0,0.0,0,1.1407863285167046,0.7944779961085284,False,False,False,False,0.34282825301788444,0.3373566305773422,False,False,False,False,1235384,1029524.4121194524,False,False,False,False,109997.47538888265,False,False,False,False
2025-10-10 00:00:00+00:00,217.17,225.91,215.711,220.97,237324,211.90866494859822,213.36536637468245,209.6355646801964,195.85766154383379,181.56385746920037,176.63060470571887,174.81560438022797,175.2729950329252,177.08523558414132,177.7843334845994,177.70374877710364,177.4705589076722,177.31072331670526,176.2229340351447,176.10697189377754,175.09855468842392,174.24717325347135,172.7947129506361,171.95426305402665,170.805496853432,168.33105724635783,167.45732307568267,166.03634149666004,163.89068640717358,162.965075116701,159.70202655011178,159.05572854594038,157.18251104994116,155.81765708326904,153.4692773824545,181.56385746920037,163.89068640717358,159.70202655011178,155.81765708326904,211.90866494859822,180.00287091161385,"rgba(38, 166, 154, 1.0)",21.835884978505742,185.40207190051953,1.4548495804384098,61.74224294227826,8.034424649648514,False,False,True,False,True,13.054840478038034,0.0,0.0,0.0,0.0,0,1.1421591613650144,0.7805486531260362,False,False,False,False,0.34282825280556806,0.34009244169145514,False,False,False,False,998060,1028290.513604964,False,False,False,False,114990.67243245589,False,False,False,False
2025-10-13 00:00:00+00:00,225.88,228.71,220.0,220.99,206697,213.11397644418494,214.7770746047049,210.61328443482867,196.67198009834274,182.33641465048888,177.36516846495476,175.41153087477264,175.83970927821395,177.58533937014232,178.25500807846828,178.14721510449021,177.90215528607777,177.7152612551453,176.599018822973,176.4763956776663,175.42904702041108,174.5734931091158,173.1133744604709,172.270961240937,171.11600950803114,168.624873722395,167.74721755601854,166.3219512338051,164.17416046618595,163.2475398150524,159.98187779616447,159.33522624874888,157.4614709306154,156.0971393439646,153.7480954492332,182.33641465048888,164.17416046618595,159.98187779616447,156.0971393439646,213.11397644418494,180.54116575313154,"rgba(0, 255, 255, 0.75)",21.857809053780308,186.11738573371883,1.8191491273643559,64.07057221830425,9.531007644601445,False,False,True,False,True,16.32491555746567,0.0,0.0,0.0,0.0,0,1.1460790400136385,0.8186418844493707,False,False,False,False,0.3428282525443402,0.34146034711789763,False,False,False,False,1204757,1035210.7679733968,False,False,False,False,118586.99900373213,False,False,False,False
2025-10-14 00:00:00+00:00,230.0,231.21,220.0,220.7,154131,214.01941464286912,215.80814788650542,211.36519550199384,197.29530509706055,182.92376534252372,177.92330163913726,175.8661697735139,176.2725862500526,177.96858842104382,178.61623233328163,178.48787655759028,178.2337926163565,178.02637790813492,176.88834613276774,176.76064415305797,175.683521357391,174.82465729381562,173.3584933028046,172.51446746655094,171.35465393621303,168.85050739546506,167.96976755359486,166.5410879047138,164.3914570947117,163.4639809427708,160.1960436848167,159.5490699179213,157.67475658628152,156.31071758367474,153.9610002826771,182.92376534252372,164.3914570947117,160.1960436848167,156.31071758367474,214.01941464286912,180.95113151826303,"rgba(0, 255, 255, 0.75)",21.96960965432104,186.6614299758964,1.9726599928724569,66.69026607909446,12.049581156284923,False,False,True,False,True,17.7828223690144,0.0,0.0,0.0,0.0,0,1.0931568846296633,0.8282076146033537,False,False,False,False,0.342828252472015,0.3421442997949563,False,False,False,False,1358888,1047903.9927587538,False,False,False,False,119980.88139574265,False,False,False,False
2025-10-15 00:00:00+00:00,233.9,235.94,230.22,233.71,197576,215.50386789546013,217.5114273543515,212.58176466103808,198.21882720351434,183.75849236217482,178.70984351760657,176.50747981987357,176.88422192529111,178.51303403165656,179.13057139711358,178.97327201668156,178.7062831972479,178.4698641471489,177.30024577391177,177.16530437391563,176.04552068877797,175.18142440513375,173.7058440809067,172.8590518915426,171.69176962239874,169.1681469739969,168.28268903722832,166.84861217469563,164.69552124698257,163.7664894406905,160.49419237275603,159.8465489298634,157.97083986622482,156.60676946493555,154.2554160229123,183.75849236217482,164.69552124698257,160.49419237275603,156.60676946493555,215.50386789546013,181.55411947221413,"rgba(0, 255, 0, 1.0)",22.078263739189993,187.47205468281132,2.102880274719104,69.33829394271083,14.535625481131632,True,False,True,False,True,19.123868410454296,0.0,0.0,0.0,0.0,0,1.1097310794234754,0.8339466715004928,False,False,False,False,0.3428282527906762,0.34248627629281625,False,False,False,False,1556464,1067847.522454489,False,False,False,False,123023.82722336058,False,False,False,False
