date,Close,High,Low,Open,Volume,aVWAP_peak_898,aVWAP_peak_873,aVWAP_peak_809,aVWAP_peak_784,aVWAP_peak_764,aVWAP_valley_869,aVWAP_valley_817,aVWAP_valley_797,aVWAP_valley_773,aVWAP_valley_745,aVWAP_valley_708,aVWAP_valley_649,aVWAP_valley_616,aVWAP_valley_573,aVWAP_valley_513,aVWAP_valley_466,aVWAP_valley_442,aVWAP_valley_353,aVWAP_valley_340,aVWAP_valley_300,aVWAP_valley_284,aVWAP_valley_245,aVWAP_valley_215,aVWAP_valley_198,aVWAP_valley_183,aVWAP_valley_126,aVWAP_OB_bull_616,aVWAP_OB_bull_573,aVWAP_OB_bull_466,aVWAP_OB_bull_442,aVWAP_OB_bull_353,aVWAP_OB_bear_764,Peaks_avg,Valleys_avg,color,StDev,StDev_Mean,StdDev_ZScore,QQEMOD,QQE1_Value,QQE1_Above_Upper,QQE1_Below_Lower,QQE2_Above_Threshold,QQE2_Below_Threshold,QQE2_Above_TL,banker_RSI,OB,OB_High,OB_Low,OB_Mitigated_Index,TTM_squeeze_Active,VI_plus,VI_minus,VI_Regular_Bullish,VI_Regular_Bearish,VI_Hidden_Bullish,VI_Hidden_Bearish,Fisher,Fisher_Signal,Fisher_Regular_Bullish,Fisher_Regular_Bearish,Fisher_Hidden_Bullish,Fisher_Hidden_Bearish,OBV,OBV_Smoothed,OBV_Regular_Bullish,OBV_Regular_Bearish,OBV_Hidden_Bullish,OBV_Hidden_Bearish,Volume_MA,Vol_Regular_Bullish,Vol_Regular_Bearish,Vol_Hidden_Bullish,Vol_Hidden_Bearish
2022-01-03 00:00:00+00:00,10.6377708878,10.6377708878,10.2748618597,10.3958315357,15009,,,,,,,,,,,,,,,,,,,,,,,,,,,,,,,,,,,#000000,,,,,,False,False,False,False,False,,0.0,0.0,0.0,0.0,0,,,False,False,False,False,,,False,False,False,False,0,0.0,False,False,False,False,15009.0,False,False,False,False
2022-01-04 00:00:00+00:00,10.5546042356,10.7284981449,10.5546042356,10.6226496783,59677,,,,,,,,,,,,,,,,,,,,,,,,,,,,,,,,,,,#000000,,,,0.0,,False,False,False,True,False,,0.0,0.0,0.0,0.0,0,,,False,False,False,False,,,False,False,False,False,-59677,-2340.2745098039213,False,False,False,False,16760.686274509804,False,False,False,False
2022-01-05 00:00:00+00:00,10.5243618165,10.7564723825,10.448755769,10.6755739116,31760,,,,,,,,,,,,,,,,,,,,,,,,,,,,,,,,,,,#000000,,,,0.0,-50.0,False,False,False,True,True,,0.0,0.0,0.0,0.0,0,,,False,False,False,False,,,False,False,False,False,-91437,-5834.263744713571,False,False,False,False,17348.894655901575,False,False,False,False
2022-01-06 00:00:00+00:00,10.4941193975,10.6359563427,10.4411951643,10.5697254451,8028,,,,,,,,,,,,,,,,,,,,,,,,,,,,,,,,,,,#000000,,,,0.0,-50.0,False,False,False,True,True,,0.0,0.0,0.0,0.0,0,,,False,False,False,False,,,False,False,False,False,-99465,-9506.057323352255,False,False,False,False,16983.369375277984,False,False,False,False
2022-01-07 00:00:00+00:00,10.5999678641,10.6453314926,10.5168012118,10.5168012118,9020,,,,,,,,,,,,,,,,,,,,,,,,,,,,,,,,,,,#000000,,,,15.978117340949222,-35.353392437463214,False,False,False,True,True,,0.0,0.0,0.0,0.0,0,,,False,False,False,False,,,False,False,False,False,-90445,-12680.133506750208,False,False,False,False,16671.08038016904,False,False,False,False
2022-01-10 00:00:00+00:00,10.4865587928,10.5848466546,10.3958315357,10.5848466546,26139,,,,,,,,,,,,,,,,,,,,,,,,,,,,,,,,,,,#000000,,,,20.86212554441729,-31.764058103225775,False,False,False,True,True,,0.0,0.0,0.0,0.0,0,,,False,False,False,False,,,False,False,False,False,-116584,-16754.794937858045,False,False,False,False,17042.37134565261,False,False,False,False
2022-01-11 00:00:00+00:00,10.5999678641,10.6377708878,10.478998188,10.478998188,11511,,,,,,,,,,,,,,,,,,,,,,,,,,,,,,,,,,,#000000,,,,30.690475377317227,-23.58086695315424,False,False,False,True,True,,0.0,0.0,0.0,0.0,0,,,False,False,False,False,,,False,False,False,False,-105073,-20218.253959902828,False,False,False,False,16825.454822293683,False,False,False,False
2022-01-12 00:00:00+00:00,10.7209375401,10.7738617734,10.6150890736,10.6302102831,28820,,,,,,,,,,,,,,,,,,,,,,,,,,,,,,,,,,,#000000,,,,41.38196923712096,-14.804153824451888,False,False,False,True,True,,0.0,0.0,0.0,0.0,0,,,False,False,False,False,,,False,False,False,False,-76253,-22415.69498108311,False,False,False,False,17295.82914298805,False,False,False,False
2022-01-13 00:00:00+00:00,10.6831345164,10.7738617734,10.6453314926,10.6982557259,20901,,,,,,,,,,,,,,,,,,,,,,,,,,,,,,,,,,,#000000,,,,46.853399496343044,-10.946548176163915,False,False,False,False,True,,0.0,0.0,0.0,0.0,0,,,False,False,False,False,,,False,False,False,False,-97154,-25346.60890339358,False,False,False,False,17437.208392282635,False,False,False,False
2022-01-14 00:00:00+00:00,10.7587405639,10.8116647972,10.5621648403,10.6150890736,29079,,,,,,,,,,,,,,,,,,,,,,,,,,,,,,,,,,,#000000,,,,52.58767359002282,-6.594176579203179,False,False,True,False,True,,0.0,0.0,0.0,0.0,0,,,False,False,False,False,,,False,False,False,False,-68075,-27022.232083652656,False,False,False,False,17893.7492396441,False,False,False,False
2022-01-18 00:00:00+00:00,10.5924072593,10.7473996568,10.5470436308,10.7058163306,29937,,,,,,,,,,,,,,,,,,,,,,,,,,,,,,,,,,,#000000,,,,50.77061359972488,-6.594176579203179,False,False,False,False,True,,0.0,0.0,0.0,0.0,0,,,False,False,False,False,,,False,False,False,False,-98012,-29806.144550960395,False,False,False,False,18366.03358318747,False,False,False,False
2022-01-19 00:00:00+00:00,10.8570284257,11.0762859635,10.7587405639,10.7889829829,97669,,,,,,,,,,,,,,,,,,,,,,,,,,,,,,,,,,,#000000,,,,55.12962696329435,-5.587130899104466,False,False,True,False,True,,0.0,0.0,0.0,0.0,0,,,False,False,False,False,,,False,False,False,False,-343,-28650.7271175894,False,False,False,False,21475.953834827178,False,False,False,False
2022-01-20 00:00:00+00:00,10.7058163306,11.030922335,10.7058163306,10.8570284257,28653,,,,,,,,,,,,,,,,,,,,,,,,,,,,,,,,,,,#000000,,,,54.50772808704692,-5.587130899104466,False,False,True,False,True,,0.0,0.0,0.0,0.0,0,,,False,False,False,False,,,False,False,False,False,-28996,-28664.267230625108,False,False,False,False,21757.406625618267,False,False,False,False
2022-01-21 00:00:00+00:00,10.6377708878,10.7667756897,10.4403532982,10.7592586353,32822,,,,,,,,,,,,,,,,,,,,,,,,,,,,,,,,,,,#000000,,,,52.74676687226518,-5.587130899104466,False,False,False,False,True,,0.0,0.0,0.0,0.0,0,,,False,False,False,False,,,False,False,False,False,-61818,-29964.41361373785,False,False,False,False,22191.312248143044,False,False,False,False
2022-01-24 00:00:00+00:00,10.5238761246,10.5846199983,10.1290409453,10.5846199983,40983,,,,,,,,,,,,,,,,,,,,,,,,,,,,,,,,,,,#000000,,10.412512356066665,,49.56254141540309,-5.587130899104466,False,False,False,False,True,,0.0,0.0,0.0,0.0,0,,,False,False,False,False,,,False,False,False,False,-102801,-32820.75033476774,False,False,False,False,22928.241179588415,False,False,False,False
2022-01-25 00:00:00+00:00,10.6301779036,10.6833287931,10.2353427243,10.4403532982,24330,,,,,,,,,,,,,,,,,,,,,,,,,,,,,,,,,,,#000000,,10.4511684150627,,49.55533088082338,-5.587130899104466,False,False,False,False,True,,0.0,0.0,0.0,0.0,0,,,False,False,False,False,,,False,False,False,False,-78471,-34610.95620399254,False,False,False,False,22983.212113722206,False,False,False,False
2022-01-26 00:00:00+00:00,10.7288866984,10.8032220139,10.6301779036,10.7592586353,32225,,,,,,,,,,,,,,,,,,,,,,,,,,,,,,,,,,,#000000,,10.540237904804103,,51.273407318911694,-5.587130899104466,False,False,False,False,True,,0.0,0.0,0.0,0.0,0,,,False,False,False,False,,,False,False,False,False,-46246,-35067.232431286946,False,False,False,False,23345.63516808604,False,False,False,False
2022-01-27 00:00:00+00:00,10.7744446037,10.8579674301,10.7212937142,10.8275954933,43867,,,,,,,,,,,,,,,,,,,,,,,,,,,,,,,,,,,#000000,,10.616034756724453,,53.16507906167712,-5.587130899104466,False,False,True,False,True,,0.0,0.0,0.0,0.0,1,,,False,False,False,False,,,False,False,False,False,-2379,-33785.34096339334,False,False,False,False,24150.39457325914,False,False,False,False
2022-01-28 00:00:00+00:00,10.7592586353,10.7972235564,10.6377708878,10.7972235564,27867,,,,,,,,,,,,,,,,,,,,,,,,,,,,,,,,,,,#000000,,10.635030079576639,,54.088244395325205,-5.251639733946227,False,False,True,False,True,,0.0,0.0,0.0,0.0,1,,,False,False,False,False,,,False,False,False,False,-30246,-33646.54327855439,False,False,False,False,24296.14380568035,False,False,False,False
2022-01-31 00:00:00+00:00,10.8503744459,10.9035253354,10.6757358089,10.7668516195,14346,,,,,,,,,,,,,,,,,,,,,,,,,,,,,,,,,,,#000000,,10.648690918223885,,56.24810418232646,-2.6890614896618104,False,False,True,False,True,,0.0,0.0,0.0,0.0,1,,,False,False,False,False,,,False,False,False,False,-15900,-32950.60040488559,False,False,False,False,23905.942087810534,False,False,False,False
2022-02-01 00:00:00+00:00,11.1920587357,11.2452096252,10.782037588,10.8351884775,30062,,,,,,,,,,,,,,,,,,,,,,,,,,,,,,,,,,,#000000,,10.708400041343959,,61.66428283474785,2.803689139059678,False,False,True,False,True,,0.0,0.0,0.0,0.0,1,,,False,False,False,False,,,False,False,False,False,14162,-31103.047447831254,False,False,False,False,24147.35612358267,False,False,False,False
2022-02-02 00:00:00+00:00,11.0553850198,11.237616641,10.9414902565,11.237616641,23426,,,,,,,,,,,,,,,,,,,,,,,,,,,,,,,,,,,#000000,,10.744932604204871,,62.43633149071301,3.8107029932274727,False,False,True,False,True,,0.0,0.0,0.0,0.0,1,,,False,False,False,False,,,False,False,False,False,-9264,-30246.61421458297,False,False,False,False,24119.06764814806,False,False,False,False
2022-02-03 00:00:00+00:00,10.9718621934,11.2551564345,10.8959323512,10.994641146,23756,,,,,,,,,,,,,,,,,,,,,,,,,,,,,,,,,,,#000000,,10.906438418223226,,61.39018675492258,3.8107029932274727,False,False,True,False,True,,0.0,0.0,0.0,0.0,1,,,False,False,False,False,,,False,False,False,False,-33020,-30355.37444146207,False,False,False,False,24104.82970116186,False,False,False,False
2022-02-04 00:00:00+00:00,10.9414902565,11.0084603773,10.8731533986,10.9642692092,9386,,,,,,,,,,,,,,,,,,,,,,,,,,,,,,,,,,,#000000,,10.895222594435168,,60.13057062289445,3.8107029932274727,False,False,True,False,True,,0.0,0.0,0.0,0.0,1,,,False,False,False,False,,,False,False,False,False,-42406,-30827.947992777285,False,False,False,False,23527.62069327316,False,False,False,False
2022-02-07 00:00:00+00:00,10.9414902565,10.9756586855,10.8291140901,10.9338972723,50521,,,,,,,,,,,,,,,,,,,,,,,,,,,,,,,,,,,#000000,,10.87669795414633,,59.290826534875706,3.8107029932274727,False,False,True,False,True,,0.0,0.0,0.0,0.0,1,,,False,False,False,False,,,False,False,False,False,-42406,-31281.98924796249,False,False,False,False,24586.184587654603,False,False,False,False
2022-02-08 00:00:00+00:00,10.820002509,10.9414902565,10.8032979438,10.9414902565,45677,,,,,,,,,,,,,,,,,,,,,,,,,,,,,,,,,,,#000000,,10.862671579649515,,56.4072876644147,3.8107029932274727,False,False,True,False,False,,0.0,0.0,0.0,0.0,1,,,False,False,False,False,,,False,False,False,False,-88083,-33509.479865689456,False,False,False,False,25413.275388138736,False,False,False,False
2022-02-09 00:00:00+00:00,10.9035253354,10.9705713861,10.8503744459,10.8655604143,11181,,,,,,,,,,,,,,,,,,,,,,,,,,,,,,,,,,,#000000,,10.863748000706174,,55.8643134605917,3.8107029932274727,False,False,True,False,False,,0.0,0.0,0.0,0.0,1,,,False,False,False,False,,,False,False,False,False,-76902,-35211.14732193693,False,False,False,False,24855.14694154506,False,False,False,False
2022-02-10 00:00:00+00:00,10.6985147616,10.8845428749,10.6985147616,10.8731533986,36975,,,,,,,,,,,,,,,,,,,,,,,,,,,,,,,,,,,#000000,,10.84515499613542,,52.132038767743715,9.028357806283445,False,False,False,False,False,,0.0,0.0,0.0,0.0,1,,,False,False,False,False,,,False,False,False,False,-113877,-38296.08272107666,False,False,False,False,25330.435296778585,False,False,False,False
2022-02-11 00:00:00+00:00,10.8427814617,10.9490832407,10.7212937142,10.7212937142,34880,,,,,,,,,,,,,,,,,,,,,,,,,,,,,,,,,,,#000000,,10.84251736081814,,51.94965687063408,8.593146713673697,False,False,False,False,False,,0.0,0.0,0.0,0.0,1,,,False,False,False,False,,,False,False,False,False,-78997,-39892.1971241717,False,False,False,False,25704.92803023825,False,False,False,False
2022-02-14 00:00:00+00:00,10.9035253354,11.0098271145,10.6909217774,10.8655604143,50956,,,,,,,,,,,,,,,,,,,,,,,,,,,,,,,,,,,#000000,,10.844691164058345,,52.71136463591353,8.593146713673697,False,False,False,False,False,,0.0,0.0,0.0,0.0,1,,,False,False,False,False,,,False,False,False,False,-28041,-39427.44429577281,False,False,False,False,26695.1661466995,False,False,False,False
2022-02-15 00:00:00+00:00,10.7972235564,10.9035253354,10.7592586353,10.9035253354,32733,,,,,,,,,,,,,,,,,,,,,,,,,,,,,,,,,,,#000000,,10.841807183504343,,51.49599255211484,7.561819404891025,False,False,False,False,False,,0.0,0.0,0.0,0.0,1,,,False,False,False,False,,,False,False,False,False,-60774,-40264.56412731113,False,False,False,False,26931.943944868144,False,False,False,False
2022-02-16 00:00:00+00:00,10.9490832407,10.994641146,10.820002509,10.820002509,10334,,,,,,,,,,,,,,,,,,,,,,,,,,,,,,,,,,,#000000,,10.843698141476501,,52.89753666522542,7.561819404891025,False,False,False,False,False,,0.0,0.0,0.0,0.0,1,,,False,False,False,False,,,False,False,False,False,-50440,-40663.60082820089,False,False,False,False,26281.044182324295,False,False,False,False
2022-02-17 00:00:00+00:00,10.7934270643,10.9311178419,10.7169321879,10.8928704036,34494,,,,,,,,,,,,,,,,,,,,,,,,,,,,,,,,,,,#000000,,10.840723559897764,,51.45402951623018,7.060230752212945,False,False,False,False,False,,0.0,0.0,0.0,0.0,1,,,False,False,False,False,,,False,False,False,False,-84934,-42399.69491336949,False,False,False,False,26603.120881056675,False,False,False,False
2022-02-18 00:00:00+00:00,10.4033031945,10.8056662445,10.2809113922,10.7398806508,81077,,,,,,,,,,,,,,,,,,,,,,,,,,,,,,,,,,,#000000,,10.785647333078622,,46.26720903394873,2.002159162260611,False,False,False,True,False,,0.0,0.0,0.0,0.0,1,,,False,False,False,False,,,False,False,False,False,-166011,-47247.197073629504,False,False,False,False,28739.351434740725,False,False,False,False
2022-02-22 00:00:00+00:00,10.1585195899,10.456849608,10.1126226641,10.456849608,15270,,,,,,,,,,,,,,,,,,,,,,,,,,,,,,,,,,,#000000,,10.594196873599792,,40.983329653534255,-2.9112921536772234,False,False,False,True,False,,0.0,0.0,0.0,0.0,0,,,False,False,False,False,,,False,False,False,False,-181281,-52503.42463936953,False,False,False,False,28211.141574554815,False,False,False,False
2022-02-23 00:00:00+00:00,10.2197154911,10.242663954,10.2044165158,10.2350144663,20738,,,,,,,,,,,,,,,,,,,,,,,,,,,,,,,,,,,#000000,,10.576539546923678,,38.39501577796024,-5.196265333533191,False,False,False,True,False,,0.0,0.0,0.0,0.0,0,,,False,False,False,False,,,False,False,False,False,-160543,-56740.270731943274,False,False,False,False,27918.077199082076,False,False,False,False
2022-02-24 00:00:00+00:00,10.2962103675,10.2962103675,10.1202721517,10.2197154911,23022,,,,,,,,,,,,,,,,,,,,,,,,,,,,,,,,,,,#000000,,10.563764703256155,,37.837655096480674,-5.674545999765996,False,False,False,True,False,,0.0,0.0,0.0,0.0,0,,,False,False,False,False,,,False,False,False,False,-137521,-59908.142467945494,False,False,False,False,27726.074171667093,False,False,False,False
2022-02-25 00:00:00+00:00,10.4415506327,10.7016332126,10.242663954,10.242663954,37400,,,,,,,,,,,,,,,,,,,,,,,,,,,,,,,,,,,#000000,,10.582497489780062,,39.55080769956405,-5.674545999765996,False,False,False,True,False,,0.0,0.0,0.0,0.0,0,,,False,False,False,False,,,False,False,False,False,-100121,-61485.1172731241,False,False,False,False,28105.443811993875,False,False,False,False
2022-02-28 00:00:00+00:00,10.7704786014,10.8316745025,10.4415506327,10.4797980709,29707,,,,,,,,,,,,,,,,,,,,,,,,,,,,,,,,,,,#000000,,10.60975823784226,,44.446288185212524,-12.298355386067712,False,False,False,True,True,,0.0,0.0,0.0,0.0,0,,,False,False,False,False,,,False,False,False,False,-70414,-61835.26953692316,False,False,False,False,28168.249937013723,False,False,False,False
2022-03-01 00:00:00+00:00,10.8010765519,10.8240250149,10.6939837249,10.7857775766,39709,,,,,,,,,,,,,,,,,,,,,,,,,,,,,,,,,,,#000000,,10.641415681532939,,48.01206338326588,-9.008614348069315,False,False,False,False,True,,0.0,0.0,0.0,0.0,0,,,False,False,False,False,,,False,False,False,False,-30705,-60614.474653122255,False,False,False,False,28620.828370856325,False,False,False,False
2022-03-02 00:00:00+00:00,10.9464168171,10.9617157924,10.8775714284,10.8775714284,66019,,,,,,,,,,,,,,,,,,,,,,,,,,,,,,,,,,,#000000,,10.695135360450424,,51.79145904275313,-5.540839889929316,False,False,False,False,True,,0.0,0.0,0.0,0.0,0,,,False,False,False,False,,,False,False,False,False,35314,-56852.57368633315,False,False,False,False,30087.4233367051,False,False,False,False
2022-03-03 00:00:00+00:00,10.9234683542,10.9770147677,10.9234683542,10.9770147677,67620,,,,,,,,,,,,,,,,,,,,,,,,,,,,,,,,,,,#000000,,10.730849599141473,,53.99398589507479,-3.5345855836621993,False,False,True,False,True,,0.0,0.0,0.0,0.0,0,,,False,False,False,False,,,False,False,False,False,-32306,-55889.962953535774,False,False,False,False,31559.28908820686,False,False,False,False
2022-03-04 00:00:00+00:00,10.8928704036,10.9387673295,10.8240250149,10.9234683542,53170,,,,,,,,,,,,,,,,,,,,,,,,,,,,,,,,,,,#000000,,10.746036908550188,,55.01526301885108,-2.5255882805513465,False,False,True,False,True,,0.0,0.0,0.0,0.0,0,,,False,False,False,False,,,False,False,False,False,-85476,-57050.199700455945,False,False,False,False,32406.767947492866,False,False,False,False
2022-03-07 00:00:00+00:00,10.8010765519,10.992313743,10.8010765519,10.992313743,17265,,,,,,,,,,,,,,,,,,,,,,,,,,,,,,,,,,,#000000,,10.749644331579256,,54.35620448820805,-2.5255882805513465,False,False,True,False,True,,0.0,0.0,0.0,0.0,0,,,False,False,False,False,,,False,False,False,False,-102741,-58841.995790634144,False,False,False,False,31812.97312602256,False,False,False,False
2022-03-08 00:00:00+00:00,10.8775714284,11.0527446954,10.8622724531,10.9081693789,19911,,,,,,,,,,,,,,,,,,,,,,,,,,,,,,,,,,,#000000,,10.799396908168635,,54.86642986088451,-2.264107304274333,False,False,True,False,True,,0.0,0.0,0.0,0.0,0,,,False,False,False,False,,,False,False,False,False,-82830,-59782.70183806025,False,False,False,False,31346.229081864814,False,False,False,False
2022-03-09 00:00:00+00:00,10.778128089,10.8868273084,10.6327878238,10.7857775766,33794,,,,,,,,,,,,,,,,,,,,,,,,,,,,,,,,,,,#000000,,10.77403322108221,,53.71957791531924,-2.264107304274333,False,False,True,False,True,,0.0,0.0,0.0,0.0,0,,,False,False,False,False,,,False,False,False,False,-116624,-62011.77235421476,False,False,False,False,31442.22009826227,False,False,False,False
2022-03-10 00:00:00+00:00,10.8546229654,10.8622724531,10.6594080408,10.7322311631,36872,,,,,,,,,,,,,,,,,,,,,,,,,,,,,,,,,,,#000000,,10.772030067158028,,53.97941379031936,-2.264107304274333,False,False,True,False,True,,0.0,0.0,0.0,0.0,0,,,False,False,False,False,,,False,False,False,False,-79752,-62707.46755601026,False,False,False,False,31655.15264342846,False,False,False,False
2022-03-11 00:00:00+00:00,10.7551796261,10.9387673295,10.7551796261,10.8622724531,5655,,,,,,,,,,,,,,,,,,,,,,,,,,,,,,,,,,,#000000,,10.772445401993602,,52.64541938664429,-2.264107304274333,False,False,True,False,True,,0.0,0.0,0.0,0.0,0,,,False,False,False,False,,,False,False,False,False,-85407,-63597.64529891182,False,False,False,False,30635.538814274405,False,False,False,False
2022-03-14 00:00:00+00:00,10.3727052439,10.7475301384,10.3727052439,10.7475301384,15565,,,,,,,,,,,,,,,,,,,,,,,,,,,,,,,,,,,#000000,,10.757398311256146,,47.42776784867998,3.620537303893471,False,False,False,True,False,,0.0,0.0,0.0,0.0,0,,,False,False,False,False,,,False,False,False,False,-100972,-65063.306267581946,False,False,False,False,30044.537292145997,False,False,False,False
2022-03-15 00:00:00+00:00,10.3038598551,10.4338246502,10.2120660034,10.2120660034,55680,,,,,,,,,,,,,,,,,,,,,,,,,,,,,,,,,,,#000000,,10.621119479958825,,43.34602689478564,-0.26594252496022364,False,False,False,True,False,0.0,0.0,0.0,0.0,0.0,0,,,False,False,False,False,-0.24912933162536233,-0.24912933162536233,False,False,False,False,-156652,-68655.01974728462,False,False,False,False,31049.849555199096,False,False,False,False
2022-03-16 00:00:00+00:00,10.4339011451,10.5027465339,10.3421072933,10.3421072933,44362,,,,,,,,,,,,,,,,,,,,,,,,,,,,,,,,,,,#000000,,10.613721907891367,,42.618607314086,-0.9745910976637262,False,False,False,True,False,0.0,0.0,0.0,0.0,0.0,0,0.9550930280170098,0.970150045332529,False,False,False,False,-0.1712547410231004,-0.21019203632423136,False,False,False,False,-112290,-70366.19544346954,False,False,False,False,31571.894670681486,False,False,False,False
2022-03-17 00:00:00+00:00,10.5792414103,10.6174888485,10.4950970462,10.5103960215,12717,,,,,,,,,,,,,,,,,,,,,,,,,,,,,,,,,,,#000000,,10.61684110473166,,44.13190806738393,-0.9745910976637262,False,False,False,True,False,0.0,0.0,0.0,0.0,0.0,0,0.9396139648061519,0.9631398360932004,False,False,False,False,-0.06946142478072838,-0.13982673055247988,False,False,False,False,-99573,-71511.56032803936,False,False,False,False,30832.487036537113,False,False,False,False
2022-03-18 00:00:00+00:00,10.5562929474,10.6327878238,10.521870253,10.6327878238,1661,,,,,,,,,,,,,,,,,,,,,,,,,,,,,,,,,,,#000000,,10.61721419150904,,44.86743315117017,-0.9745910976637262,False,False,False,True,False,0.0,0.0,0.0,0.0,0.0,0,0.9497453596648947,0.9635947434363126,False,False,False,False,-0.05364775780099663,-0.09673724417673825,False,False,False,False,-101234,-72677.14619752801,False,False,False,False,29688.507152751346,False,False,False,False
2022-03-21 00:00:00+00:00,10.7092827002,10.7704786014,10.6174888485,10.6174888485,30632,,,,,,,,,,,,,,,,,,,,,,,,,,,,,,,,,,,#000000,,10.633176167336305,,47.38074456521723,-0.9745910976637262,False,False,False,False,True,0.6483973166432264,0.0,0.0,0.0,0.0,0,0.9533443255624491,0.9368957526208437,False,False,False,False,0.033777229485956656,-0.0314800073453908,False,False,False,False,-70602,-72595.76791527201,False,False,False,False,29725.506872251295,False,False,False,False
2022-03-22 00:00:00+00:00,10.7628291137,10.8546229654,10.7169321879,10.8010765519,15334,,,,,,,,,,,,,,,,,,,,,,,,,,,,,,,,,,,#000000,,10.642239003402974,,49.71822035053955,-6.424927560421601,False,False,False,False,True,1.6540034195705324,0.0,0.0,0.0,0.0,0,0.9565793013580262,0.9318577239159591,False,False,False,False,0.10286858729947797,0.03569428997704359,False,False,False,False,-55268,-71916.24760486919,False,False,False,False,29161.134053731636,False,False,False,False
2022-03-23 00:00:00+00:00,10.8507982216,10.9124504842,10.6118957039,10.8122655575,22307,,,,,,,,,,,,,,,,,,,,,,,,,,,,,,,,,,,#000000,,10.65385921441658,,52.34246237209841,-3.8349837963372977,True,False,True,False,True,3.280116949704386,0.0,0.0,0.0,0.0,0,0.9595094157286154,0.9238241595383654,False,False,False,False,0.0850346328936328,0.0603644614353382,False,False,False,False,-32961,-70388.59083605079,False,False,False,False,28892.34448299706,False,False,False,False
2022-03-24 00:00:00+00:00,10.9525244549,10.9525244549,10.8931841522,10.9047439514,28529,,,,,,,,,,,,,,,,,,,,,,,,,,,,,,,,,,,#000000,,10.674525869117883,,55.24952723640706,-1.0223968448440388,True,False,True,False,True,5.108534153485568,0.0,0.0,0.0,0.0,0,0.9723268383564021,0.9209936745245892,False,False,False,False,0.20811519596013947,0.13423982869773884,False,False,False,False,-4432,-67802.05786208801,False,False,False,False,28878.095679742273,False,False,False,False
2022-03-25 00:00:00+00:00,11.0203419438,11.0357550095,11.0047747475,11.0049288782,32274,,,,,,,,,,,,,,,,,,,,,,,,,,,,,,,,,,,#000000,,10.698988255873576,,57.922793464435884,1.5367076492064484,True,False,True,False,True,6.299982555308969,0.0,0.0,0.0,0.0,0,0.966927740997461,0.9305116943467611,False,False,False,False,0.285633415043299,0.20993662187051892,False,False,False,False,27842,-64051.310494947305,False,False,False,False,29011.26839818375,False,False,False,False
2022-03-28 00:00:00+00:00,10.8970374186,10.9972223453,10.8893308857,10.9818092797,52721,,,,,,,,,,,,,,,,,,,,,,,,,,,,,,,,,,,#000000,,10.721873781377775,,57.55874021114781,1.5367076492064484,True,False,True,False,True,3.807512529633364,0.0,0.0,0.0,0.0,0,0.9539989490498568,0.9318233876289547,False,False,False,False,0.2241349916972939,0.2170358067839064,False,False,False,False,-24879,-62515.14145592977,False,False,False,False,29941.061794333407,False,False,False,False
2022-03-29 00:00:00+00:00,10.9741027469,11.0203419438,10.8507982216,10.8507982216,19444,,,,,,,,,,,,,,,,,,,,,,,,,,,,,,,,,,,#000000,,10.729538889691902,,58.256978729684135,2.1030551765694696,True,False,True,False,True,5.172781366378203,0.0,0.0,0.0,0.0,0,0.9574692083794876,0.9326056532485896,False,False,False,False,0.21807690859098025,0.21755635768744333,False,False,False,False,-5435,-60276.70453608938,False,False,False,False,29529.412312202687,False,False,False,False
2022-03-30 00:00:00+00:00,11.0203419438,11.058874608,10.9894387472,10.9895158125,15447,,,,,,,,,,,,,,,,,,,,,,,,,,,,,,,,,,,#000000,,10.737002729925539,,59.27887111724483,3.3248903406048598,True,False,True,False,True,5.983116240508121,0.0,0.0,0.0,0.0,0,0.9698347576877879,0.9227258736503718,False,False,False,False,0.2887950275258901,0.2531756926066667,False,False,False,False,10012,-57520.28475036039,False,False,False,False,28977.160848979052,False,False,False,False
2022-03-31 00:00:00+00:00,10.9741027469,11.1051138049,10.966396214,10.9895158125,30098,,,,,,,,,,,,,,,,,,,,,,,,,,,,,,,,,,,#000000,,10.74987354351018,,59.070385185983184,3.4032680869743785,True,False,True,False,True,5.035362241467183,0.0,0.0,0.0,0.0,0,0.9628781119035076,0.9579977591435415,False,False,False,False,0.2982509477287727,0.2757133201677197,False,False,False,False,-20086,-56052.27358367959,False,False,False,False,29021.115325489678,False,False,False,False
2022-04-01 00:00:00+00:00,11.0434615423,11.138945484,10.966396214,11.012635411,41774,,,,,,,,,,,,,,,,,,,,,,,,,,,,,,,,,,,#000000,,10.767429993241496,,59.854916478672976,4.4790525786008075,True,False,True,False,True,6.26657835043898,0.0,0.0,0.0,0.0,0,0.967106404902804,0.9503391314929701,False,False,False,False,0.31213612880760766,0.2939247244876637,False,False,False,False,21688,-53003.63540392745,False,False,False,False,29521.22844998028,False,False,False,False
2022-04-04 00:00:00+00:00,11.0819942064,11.0974072721,11.0357550095,11.0974072721,17250,,,,,,,,,,,,,,,,,,,,,,,,,,,,,,,,,,,#000000,,10.77446834281534,,60.88378002697438,5.773766216585088,True,False,True,False,True,6.9454911898539144,0.0,0.0,0.0,0.0,0,0.9969905473809025,0.9287349356057204,False,False,False,False,0.3236420373322084,0.30878338090993607,False,False,False,False,38938,-49398.081074361675,False,False,False,False,29040.003804883014,False,False,False,False
2022-04-05 00:00:00+00:00,11.0203419438,11.1051138049,11.0203419438,11.1051138049,6850,,,,,,,,,,,,,,,,,,,,,,,,,,,,,,,,,,,#000000,,10.776940270731473,,60.211143272371885,5.773766216585088,True,False,True,False,True,5.644970539350947,0.0,0.0,0.0,0.0,0,1.0301478927817402,0.9128200702348492,False,False,False,False,0.3204466205556118,0.31461500073277393,False,False,False,False,32088,-46202.54848321024,False,False,False,False,28169.807577240543,False,False,False,False
2022-04-06 00:00:00+00:00,10.9509831484,11.0665811408,10.8277556885,11.012635411,49408,,,,,,,,,,,,,,,,,,,,,,,,,,,,,,,,,,,#000000,,10.787144368891875,,58.30702756268164,5.773766216585088,True,False,True,False,False,4.202008743311865,0.0,0.0,0.0,0.0,0,1.0016850425711483,0.9243972380210234,False,False,False,False,0.22720045735763197,0.27090772904520294,False,False,False,False,-17320,-45069.89952308435,False,False,False,False,29002.67786832915,False,False,False,False
2022-04-07 00:00:00+00:00,11.058874608,11.058874608,10.9355700827,10.9972223453,11699,,,,,,,,,,,,,,,,,,,,,,,,,,,,,,,,,,,#000000,,10.790334223630046,,58.74607878954092,5.773766216585088,True,False,True,False,False,6.157227472117484,0.0,0.0,0.0,0.0,0,0.9736356530078872,0.9365030912618574,False,False,False,False,0.26702530252796747,0.2689665157865852,False,False,False,False,-5621,-43522.88385551242,False,False,False,False,28324.102265649573,False,False,False,False
2022-04-08 00:00:00+00:00,11.1051138049,11.144802449,11.0280484766,11.0280484766,5438,,,,,,,,,,,,,,,,,,,,,,,,,,,,,,,,,,,#000000,,10.792271954455327,,59.71743410014564,5.773766216585088,True,False,True,False,False,6.978743799679119,0.0,0.0,0.0,0.0,0,0.9737176735671157,0.9333250353942649,False,False,False,False,0.3402016737341385,0.30458409476036186,False,False,False,False,-183,-41823.28056706095,False,False,False,False,27426.60805915351,False,False,False,False
2022-04-11 00:00:00+00:00,11.0742876736,11.1128203378,11.0704344072,11.0974072721,12565,,,,,,,,,,,,,,,,,,,,,,,,,,,,,,,,,,,#000000,,10.796535314031361,,59.63207249422311,5.773766216585088,True,False,True,False,False,6.3186122776013605,0.0,0.0,0.0,0.0,0,0.9858880292949044,0.9297019100497195,False,False,False,False,0.3428281705723836,0.3237061326663727,False,False,False,False,-12748,-40683.07348599974,False,False,False,False,26843.79989997102,False,False,False,False
2022-04-12 00:00:00+00:00,11.1513530019,11.2145465711,11.1436464691,11.1513530019,38205,,,,,,,,,,,,,,,,,,,,,,,,,,,,,,,,,,,#000000,,10.812241560165143,,60.78195853280917,6.925674521042907,True,False,True,False,False,7.701068271976073,0.0,0.0,0.0,0.0,0,0.9823551735523507,0.9287739691027657,False,False,False,False,0.34282817812621375,0.33326715539629326,False,False,False,False,25457,-38089.34511399975,False,False,False,False,27289.337158795686,False,False,False,False
2022-04-13 00:00:00+00:00,11.1975921989,11.2515379287,11.1975921989,11.2130052645,11309,,,,,,,,,,,,,,,,,,,,,,,,,,,,,,,,,,,#000000,,10.817167382299992,,62.23352725275372,8.491314232642637,True,False,True,False,True,8.520336740226977,0.0,0.0,0.0,0.0,0,0.9714655336538542,0.9528970523101692,False,False,False,False,0.3428281815392572,0.33804766846777523,False,False,False,False,36766,-35153.84138403898,False,False,False,False,26662.657270215463,False,False,False,False
2022-04-14 00:00:00+00:00,11.189885666,11.2245650638,11.1254590516,11.1821791332,11238,,,,,,,,,,,,,,,,,,,,,,,,,,,,,,,,,,,#000000,,10.821486863182043,,62.981912328150486,9.36050021318664,True,False,True,False,True,8.347778867499052,0.0,0.0,0.0,0.0,1,0.9463513818094633,0.9539663427115456,False,False,False,False,0.3071259890675742,0.32258682876767475,False,False,False,False,25528,-32774.16132976294,False,False,False,False,26057.768749814855,False,False,False,False
2022-04-18 00:00:00+00:00,11.189885666,11.3054836585,11.1012605385,11.1128203378,38632,,,,,,,,,,,,,,,,,,,,,,,,,,,,,,,,,,,#000000,,10.836217531610831,,63.48083571174834,10.002330946585914,True,False,True,False,True,8.347778867499041,0.0,0.0,0.0,0.0,1,0.9477554241344368,0.9463761701798064,False,False,False,False,0.3274606756933533,0.32502375223051405,False,False,False,False,25528,-30487.8020619291,False,False,False,False,26550.875857665254,False,False,False,False
2022-04-19 00:00:00+00:00,11.3208967241,11.3440163226,11.189885666,11.1975921989,40481,,,,,,,,,,,,,,,,,,,,,,,,,,,,,,,,,,,#000000,,10.85374276063792,,65.85049151240241,12.37038177802431,True,False,True,False,True,10.699331980818535,0.0,0.0,0.0,0.0,0,0.9598284160031434,0.9158445085658312,False,False,False,False,0.34282818445688656,0.3339259683437003,False,False,False,False,66009,-26703.613745775016,False,False,False,False,27097.155235796028,False,False,False,False
2022-04-20 00:00:00+00:00,11.4981469791,11.551630317,11.2669509943,11.2669509943,64956,,,,,,,,,,,,,,,,,,,,,,,,,,,,,,,,,,,"rgba(0, 255, 0, 1.0)",0.26008808937405997,10.888050805953988,2.34572899748811,69.42863940327017,15.745905830874932,True,False,True,False,True,13.685775098121294,0.0,0.0,0.0,0.0,0,0.9732349878001839,0.8916264965423428,False,False,False,False,0.34282819274786036,0.3383770805457803,False,False,False,False,130965,-20520.530853783843,False,False,False,False,28581.815814784422,False,False,False,False
2022-04-21 00:00:00+00:00,11.2939238592,11.5822099981,11.2939238592,11.5655990036,15758,,,,,,,,,,,,,,,,,,,,,,,,,,,,,,,,,,,"rgba(38, 166, 154, 1.0)",0.2654732167745472,10.977500819125199,1.1919207666946023,66.57286140603678,15.745905830874932,True,False,True,False,False,9.093848344942899,0.0,0.0,0.0,0.0,0,0.9791540150871764,0.8865748400283617,False,False,False,False,0.34282819419079785,0.3406026373682891,False,False,False,False,115207,-15197.882585008007,False,False,False,False,28078.921076949737,False,False,False,False
2022-04-22 00:00:00+00:00,11.1153944786,11.3327345941,11.1153944786,11.2240645364,34779,,,,,,,,,,,,,,,,,,,,,,,,,,,,,,,,,,,"rgba(38, 166, 154, 0.5)",0.2660615530424779,10.961325353297953,0.5790732390314576,61.324150257497436,15.802635510155042,True,False,True,False,False,5.381278675220884,0.0,0.0,0.0,0.0,0,0.9590958630293641,0.9193254530098919,False,False,False,False,0.21856837202760881,0.27958550469794896,False,False,False,False,80428,-11447.847973831222,False,False,False,False,28341.66927001053,False,False,False,False
2022-04-25 00:00:00+00:00,10.7505735704,11.2846092828,10.4090391032,10.9756758329,43071,,,,,,,,,,,,,,,,,,,,,,,,,,,,,,,,,,,"rgba(239, 83, 80, 0.5)",0.2639604951889397,10.908978317121413,-0.6001077797949594,53.24383730472985,8.631944419112777,False,False,False,False,False,0.0,0.0,0.0,0.0,0.0,0,0.9099322353224765,0.922729211421571,False,False,False,False,0.012703484514526974,0.14614449460623796,False,False,False,False,37357,-9533.932367014313,False,False,False,False,28919.290082951295,False,False,False,False
2022-04-26 00:00:00+00:00,10.7350492765,10.9135786571,10.6574278067,10.6807142476,32792,,,,,,,,,,,,,,,,,,,,,,,,,,,,,,,,,,,"rgba(239, 83, 80, 0.5)",0.2613805543858131,10.892898001980715,-0.6039038590748455,47.70246350727537,4.034363977800339,False,True,False,True,False,0.0,0.0,0.0,0.0,0.0,0,0.9340026429873012,0.9670981556909727,False,False,False,False,-0.020208541191695576,0.0629679767072712,False,False,False,False,4565,-8981.033058503946,False,False,False,False,29071.16106009046,False,False,False,False
2022-04-27 00:00:00+00:00,11.0067244209,11.0765837437,10.7583357174,10.8670057752,24131,,,,,,,,,,,,,,,,,,,,,,,,,,,,,,,,,,,#000000,0.2608816939825906,10.897976938667295,0.4168459678890372,48.10552994638271,4.034363977800339,False,True,False,True,False,3.0243264601466784,0.0,0.0,0.0,0.0,0,0.9445680449256734,0.9550547475117869,False,False,False,False,0.05065344388717222,0.056810710297221706,False,False,False,False,28696,-7503.502350327321,False,False,False,False,28877.429253812403,False,False,False,False
2022-04-28 00:00:00+00:00,11.3249724471,11.3249724471,10.8825300691,10.9756758329,9823,,,,,,,,,,,,,,,,,,,,,,,,,,,,,,,,,,,"rgba(0, 255, 255, 0.75)",0.2639222282002894,10.905677059310976,1.5887081230263886,51.7790948729669,4.034363977800339,False,False,False,False,True,7.926420211144684,0.0,0.0,0.0,0.0,0,0.951357867481738,0.9230417541892993,False,False,False,False,0.1517396056519962,0.10427515797460896,False,False,False,False,38519,-5698.6983365889955,False,False,False,False,28130.196734055055,False,False,False,False
2022-04-29 00:00:00+00:00,11.0455351558,11.4181182109,11.0377730088,11.2551131243,19094,,,,,,,,,,,,,,,,,,,,,,,,,,,,,,,,,,,#000000,0.2634391535079139,10.917600445157442,0.4856328641320002,51.03816535421306,4.034363977800339,False,False,False,False,True,3.157095878336321,0.0,0.0,0.0,0.0,1,0.9629935590185194,0.9262534088020036,False,False,False,False,0.22075331988369387,0.1625142389291514,False,False,False,False,19425,-4713.455264565898,False,False,False,False,27775.836077817603,False,False,False,False
2022-05-02 00:00:00+00:00,10.8670057752,11.0144865678,10.7272871295,10.9989622739,34767,,,,,,,,,,,,,,,,,,,,,,,,,,,,,,,,,,,#000000,0.2630351395698651,10.912447282470245,-0.17275831413458012,48.857128740021494,4.034363977800339,False,True,False,False,True,0.33256733894138435,0.0,0.0,0.0,0.0,1,0.9473723211880826,0.9567543513559584,False,False,False,False,0.025621904600838023,0.09406807176499471,False,False,False,False,-15342,-5130.260940465275,False,False,False,False,28049.99936888358,False,False,False,False
2022-05-03 00:00:00+00:00,11.1153944786,11.1386809196,11.0532973028,11.0532973028,6592,,,,,,,,,,,,,,,,,,,,,,,,,,,,,,,,,,,"rgba(38, 166, 154, 0.5)",0.2640891788626334,10.914748423135663,0.7597662892833046,49.904092584120484,4.034363977800339,False,False,False,False,True,3.976542679756534,0.0,0.0,0.0,0.0,1,1.0000487297136542,0.9221693312238737,False,False,False,False,0.14748001736918512,0.12077404456708991,False,False,False,False,-8750,-5272.2114918195775,False,False,False,False,27208.509197554813,False,False,False,False
2022-05-04 00:00:00+00:00,11.2628752713,11.3172103002,11.1037512581,11.1619673605,30276,,,,,,,,,,,,,,,,,,,,,,,,,,,,,,,,,,,"rgba(38, 166, 154, 1.0)",0.26800343271753485,10.930802156949495,1.239062914169825,51.90012000484205,4.034363977800339,False,False,False,False,True,6.016253203306448,0.0,0.0,0.0,0.0,1,1.020790853243627,0.8712004965921234,False,False,False,False,0.2109370618507861,0.165855553208938,False,False,False,False,21526,-4221.301237238418,False,False,False,False,27328.80295451345,False,False,False,False
2022-05-05 00:00:00+00:00,10.967913686,11.3327345941,10.944627245,11.2085402424,24122,,,,,,,,,,,,,,,,,,,,,,,,,,,,,,,,,,,#000000,0.26641483543015454,10.935551308573041,0.12147363105626494,50.40926502611439,4.034363977800339,False,False,False,False,True,1.530794436915052,0.0,0.0,0.0,0.0,1,1.0013126183618994,0.8578676349074754,False,False,False,False,0.17097787181608753,0.16841671251251278,False,False,False,False,-2596,-4157.563933817304,False,False,False,False,27203.04597590508,False,False,False,False
2022-05-06 00:00:00+00:00,11.0998701847,11.0998701847,10.967913686,10.9989622739,7070,,,,,,,,,,,,,,,,,,,,,,,,,,,,,,,,,,,"rgba(38, 166, 154, 0.5)",0.2677726637469461,10.936527941020886,0.6100034312444905,50.63080299927254,4.034363977800339,False,False,False,False,True,3.3418816465561996,0.0,0.0,0.0,0.0,1,1.011259635366508,0.8837936766538735,False,False,False,False,0.09103409625060985,0.12972540438156133,False,False,False,False,4474,-3819.071230530351,False,False,False,False,26413.514761163704,False,False,False,False
2022-05-09 00:00:00+00:00,10.9058165101,11.0765837437,10.7350492765,11.0765837437,41195,,,,,,,,,,,,,,,,,,,,,,,,,,,,,,,,,,,#000000,0.26711507372728444,10.932595505436534,-0.1002526550181725,49.06107406129932,4.034363977800339,False,True,False,False,True,0.5472926992833678,0.0,0.0,0.0,0.0,1,0.9760202765347417,0.9206200126491452,False,False,False,False,0.01498138640392295,0.07235339539274213,False,False,False,False,-36721,-5109.342946980141,False,False,False,False,26993.180848961205,False,False,False,False
2022-05-10 00:00:00+00:00,10.960151539,10.9756758329,10.6884763946,10.952389392,24428,,,,,,,,,,,,,,,,,,,,,,,,,,,,,,,,,,,#000000,0.26588235121043285,10.929659017713776,0.11468426222126481,48.55779329889219,4.034363977800339,False,True,False,False,True,1.298452779312207,0.0,0.0,0.0,0.0,1,0.9526507934810529,0.9416190067992428,False,False,False,False,-0.02867184862540207,0.02184077338367003,False,False,False,False,-12293,-5391.054988275037,False,False,False,False,26892.585521550965,False,False,False,False
2022-05-11 00:00:00+00:00,10.8670057752,11.1386809196,10.8670057752,10.944627245,19658,,,,,,,,,,,,,,,,,,,,,,,,,,,,,,,,,,,#000000,0.26266505242949206,10.929705038682593,-0.23870424673043633,47.37000729082167,3.526271543884583,False,True,False,True,False,0.0,0.0,0.0,0.0,0.0,1,0.9464002556901044,0.9265142859894634,False,False,False,False,0.07253386068042912,0.04718731703204958,False,False,False,False,-31951,-6432.621459323075,False,False,False,False,26608.876285411712,False,False,False,False
2022-05-12 00:00:00+00:00,10.6729521006,10.8592436282,10.6302602922,10.8592436282,25869,,,,,,,,,,,,,,,,,,,,,,,,,,,,,,,,,,,"rgba(239, 83, 80, 0.5)",0.2621588266611224,10.896970031996783,-0.8545122598002725,44.93280086837994,0.9070886901031088,False,True,False,True,False,0.0,0.0,0.0,0.0,0.0,1,0.9157358251767879,0.9620152264879338,False,False,False,False,-0.08052156293256396,-0.016667122950257192,False,False,False,False,-57820,-8447.812774643739,False,False,False,False,26579.861529121055,False,False,False,False
2022-05-13 00:00:00+00:00,10.8747679222,10.9058165101,10.7272871295,10.7272871295,36210,,,,,,,,,,,,,,,,,,,,,,,,,,,,,,,,,,,#000000,0.2615504497725454,10.901456884996847,-0.10204135691625274,45.53595909884606,0.9070886901031088,False,True,False,True,False,0.13432969161912922,0.0,0.0,0.0,0.0,1,0.9168174956326014,0.9548557755832079,False,False,False,False,-0.03787035339283509,-0.027268738171546143,False,False,False,False,-21610,-8963.976979559671,False,False,False,False,26957.514018175134,False,False,False,False
2022-05-16 00:00:00+00:00,10.929102951,10.9753653471,10.929102951,10.936865098,17788,,,,,,,,,,,,,,,,,,,,,,,,,,,,,,,,,,,#000000,0.2612876853013479,10.906004409286046,0.08840271858704199,46.50556920735253,0.9070886901031088,False,True,False,True,False,0.8747982581990215,0.0,0.0,0.0,0.0,1,0.93917454495573,0.9442846755584485,False,False,False,False,0.04247871055248446,0.007604986190469157,False,False,False,False,-3822,-8762.330823498509,False,False,False,False,26597.925233148657,False,False,False,False
2022-05-17 00:00:00+00:00,11.0067244209,11.0222487148,10.9912001269,11.0222487148,15149,,,,,,,,,,,,,,,,,,,,,,,,,,,,,,,,,,,#000000,0.2612322581163103,10.91073890725508,0.3674336176437404,47.97396814842391,0.9070886901031088,False,True,False,False,True,1.9283328769405728,0.0,0.0,0.0,0.0,1,0.9407334058707304,0.9416015333787278,False,False,False,False,0.07484342368560039,0.041224204938034775,False,False,False,False,11327,-7974.5139284593515,False,False,False,False,26148.947773025182,False,False,False,False
2022-05-18 00:00:00+00:00,10.8743798148,11.0300884833,10.8087896728,11.0300108618,14349,,,,,,,,,,,,,,,,,,,,,,,,,,,,,,,,,,,#000000,0.261199032466781,10.911179491234751,-0.14088749137856074,47.55585220485271,0.9070886901031088,False,True,False,False,True,0.07198598614117202,0.0,0.0,0.0,0.0,1,0.9237765727501792,0.951912546744991,False,False,False,False,0.02304704820801639,0.032135626573025586,False,False,False,False,-3022,-7780.29769597075,False,False,False,False,25686.204723102626,False,False,False,False
2022-05-19 00:00:00+00:00,10.8726721425,10.952389392,10.7350492765,10.7893843054,29617,,,,,,,,,,,,,,,,,,,,,,,,,,,,,,,,,,,#000000,0.25878858455645787,10.908875329310408,-0.13989483683160456,47.25893280001819,0.9070886901031088,False,True,False,True,True,0.04814166462160685,0.0,0.0,0.0,0.0,1,0.9379032816567445,0.9436013952217109,False,False,False,False,-0.021776236906626303,0.0051796948331996415,False,False,False,False,-32639,-8755.148766716997,False,False,False,False,25840.35355749076,False,False,False,False
2022-05-20 00:00:00+00:00,10.8673938825,10.960151539,10.666742383,10.9058165101,16287,,,,,,,,,,,,,,,,,,,,,,,,,,,,,,,,,,,#000000,0.2580255983858082,10.90711567029264,-0.15394514358705927,46.999506108679206,0.9070886901031088,False,True,False,True,True,0.0,0.0,0.0,0.0,0.0,1,0.9297232085728572,0.9411089910852115,False,False,False,False,-0.039710773488361766,-0.017265539327581063,False,False,False,False,-48926,-10330.476266061429,False,False,False,False,25465.71224151073,False,False,False,False
2022-05-23 00:00:00+00:00,10.9336049963,10.9486202469,10.8860567026,10.9251589178,17407,,,,,,,,,,,,,,,,,,,,,,,,,,,,,,,,,,,#000000,0.25788437947344844,10.907901879613387,0.09966914917100969,47.74918182994497,0.9070886901031088,False,True,False,False,True,0.9219697270685927,0.0,0.0,0.0,0.0,1,0.938755714052068,0.9469652420158147,False,False,False,False,0.02180315198559896,0.0022688063290089485,False,False,False,False,-31519,-11161.39876543157,False,False,False,False,25149.684310471093,False,False,False,False
2022-05-24 00:00:00+00:00,10.8938771457,10.9016975887,10.6983660698,10.6983660698,17875,,,,,,,,,,,,,,,,,,,,,,,,,,,,,,,,,,,#000000,0.25779458231825647,10.906109446517899,-0.047449797850283346,47.707103988237535,0.9070886901031088,False,True,False,False,True,0.3385596928588619,0.0,0.0,0.0,0.0,1,0.9524614830712558,0.9304311759533976,False,False,False,False,-0.047665908393195656,-0.022698551032093353,False,False,False,False,-49394,-12660.716460904841,False,False,False,False,24864.40257280556,False,False,False,False
2022-05-25 00:00:00+00:00,10.964261133,10.9799020191,10.8391340444,10.8391340444,10136,,,,,,,,,,,,,,,,,,,,,,,,,,,,,,,,,,,#000000,0.25787972539134313,10.906572532009054,0.22370351489789161,48.734247517690406,0.9070886901031088,False,True,False,False,True,1.3615320386223217,0.0,0.0,0.0,0.0,1,0.9805680477602271,0.892880036570917,False,False,False,False,-0.013471235887220127,-0.01808489345965674,False,False,False,False,-39258,-13703.747187928182,False,False,False,False,24286.818158185735,False,False,False,False
2022-05-26 00:00:00+00:00,11.1832335379,11.2692584113,11.0581064494,11.0581064494,18696,,,,,,,,,,,,,,,,,,,,,,,,,,,,,,,,,,,"rgba(38, 166, 154, 1.0)",0.26010683759931147,10.913573297547343,1.0367287643858953,52.23038581505671,-1.4168478141972543,False,True,True,False,True,4.431053064804605,0.0,0.0,0.0,0.0,1,0.9838782179974884,0.8827558036583372,False,False,False,False,0.12527687552829841,0.05359599103432083,False,False,False,False,-20562,-13972.698278597665,False,False,False,False,24067.57038727649,False,False,False,False
2022-05-27 00:00:00+00:00,11.3240015125,11.3552832847,11.0380861152,11.1675926519,29652,,,,,,,,,,,,,,,,,,,,,,,,,,,,,,,,,,,"rgba(38, 166, 154, 1.0)",0.2649642633787975,10.960748433145863,1.3709512170508247,56.0304021112409,2.1474510597520933,True,False,True,False,True,6.309297977453831,0.0,0.0,0.0,0.0,1,0.97374931990596,0.8925076731962839,False,False,False,False,0.14593925904580654,0.09976762504006369,False,False,False,False,9090,-13068.278738260502,False,False,False,False,24286.56762699114,False,False,False,False
2022-05-31 00:00:00+00:00,11.0659268924,11.3428487802,11.0659268924,11.3318219556,35032,,,,,,,,,,,,,,,,,,,,,,,,,,,,,,,,,,,#000000,0.26473249308587504,10.964095711539933,0.3846569027967214,54.76767200425601,2.1474510597520933,False,False,True,False,True,2.452817270992579,0.0,0.0,0.0,0.0,1,0.9742428665636602,0.8966539362150595,False,False,False,False,0.12334894931795819,0.11155828717901094,False,False,False,False,-25942,-13573.130552446366,False,False,False,False,24707.957131815016,False,False,False,False
2022-06-01 00:00:00+00:00,11.1754130949,11.2457970822,11.1128495506,11.1754130949,15439,,,,,,,,,,,,,,,,,,,,,,,,,,,,,,,,,,,"rgba(38, 166, 154, 0.5)",0.2665911013095507,10.967307259487448,0.7806180866138906,55.152961384189574,2.1474510597520933,False,False,True,False,True,3.912413529251179,0.0,0.0,0.0,0.0,1,0.97102092224479,0.9190545474687645,False,False,False,False,0.08388561030548572,0.09772194874224832,False,False,False,False,-10503,-13452.733275879842,False,False,False,False,24344.468616841878,False,False,False,False
2022-06-02 00:00:00+00:00,11.1363108797,11.2223357531,11.1050291076,11.1754130949,8779,,,,,,,,,,,,,,,,,,,,,,,,,,,,,,,,,,,"rgba(38, 166, 154, 0.5)",0.2679669321417396,10.96863620186494,0.6257289901216934,54.86190748954898,2.1474510597520933,False,False,True,False,True,3.3380316400362844,0.0,0.0,0.0,0.0,1,0.9618328549032846,0.9293916692630289,False,False,False,False,0.06890895130578881,0.08331545002401856,False,False,False,False,-19282,-13681.331970943378,False,False,False,False,23734.05808284808,False,False,False,False
2022-06-03 00:00:00+00:00,11.0972086646,11.1789322943,11.0815677785,11.1206699937,11930,,,,,,,,,,,,,,,,,,,,,,,,,,,,,,,,,,,#000000,0.26858109523836465,10.969592255123935,0.47515038004743476,54.1012032814412,2.1474510597520933,False,False,True,False,False,2.760483371665323,0.0,0.0,0.0,0.0,0,0.9687145965587881,0.9374912886645574,False,False,False,False,0.03699104510607962,0.06015324756504909,False,False,False,False,-31212,-14368.809148553442,False,False,False,False,23271.15384430502,False,False,False,False
2022-06-06 00:00:00+00:00,11.1441313228,11.1751002772,11.0737473355,11.1050291076,12085,,,,,,,,,,,,,,,,,,,,,,,,,,,,,,,,,,,"rgba(38, 166, 154, 0.5)",0.26991963899839355,10.97095957366394,0.6415678006189481,54.221597679654195,2.1474510597520933,False,False,True,False,False,3.406795939793067,0.0,0.0,0.0,0.0,0,0.9457123749961519,0.9455338119948853,False,False,False,False,0.03143826671090749,0.04579575713797829,False,False,False,False,-19127,-14555.404868218013,False,False,False,False,22832.481144528352,False,False,False,False
2022-06-07 00:00:00+00:00,11.2614379683,11.2770788543,11.0268246773,11.0268246773,9542,,,,,,,,,,,,,,,,,,,,,,,,,,,,,,,,,,,"rgba(38, 166, 154, 1.0)",0.27255771471013013,10.973086691187543,1.0579457544216744,55.795941496647444,2.1474510597520933,False,False,True,False,False,5.0043398956396,0.0,0.0,0.0,0.0,0,0.9367900886471583,0.9398514585444968,False,False,False,False,0.05769704187229368,0.05174639950513599,False,False,False,False,-9585,-14360.48703024868,False,False,False,False,22311.28580552724,False,False,False,False
2022-06-08 00:00:00+00:00,11.2301561961,11.3005401834,11.191053981,11.2848992974,25177,,,,,,,,,,,,,,,,,,,,,,,,,,,,,,,,,,,"rgba(38, 166, 154, 0.5)",0.26816881517164337,10.980534857242992,0.9308365653822788,56.29412801224297,2.7520508794913,True,False,True,False,True,4.521494374137109,0.0,0.0,0.0,0.0,0,0.9631261729326115,0.9361567494141665,False,False,False,False,0.14804107911774775,0.09989373931144187,False,False,False,False,-34762,-15160.546362395791,False,False,False,False,22423.666754330094,False,False,False,False
2022-06-09 00:00:00+00:00,11.1519517658,11.2770006499,11.0424655633,11.1675926519,13494,,,,,,,,,,,,,,,,,,,,,,,,,,,,,,,,,,,"rgba(38, 166, 154, 0.5)",0.2537742098110666,10.982398868609975,0.6681250128460887,55.25810128625159,2.7520508794913,False,False,True,False,True,3.3157432728984944,0.0,0.0,0.0,0.0,1,0.9532826317469554,0.940802280483484,False,False,False,False,0.06513248305748283,0.08251311118446235,False,False,False,False,-48256,-16458.407289360664,False,False,False,False,22073.483744356363,False,False,False,False
2022-06-10 00:00:00+00:00,11.0268246773,11.2285921075,10.8701029989,11.0972086646,25699,,,,,,,,,,,,,,,,,,,,,,,,,,,,,,,,,,,#000000,0.23945392470664018,10.981537331891388,0.1891275971529573,52.58229027820474,6.089176785954265,False,True,False,False,False,1.4238528869315346,0.0,0.0,0.0,0.0,1,0.9280497633824312,0.9513707520349947,False,False,False,False,-0.04006220659787117,0.021225452293295588,False,False,False,False,-73955,-18713.175630954363,False,False,False,False,22215.660852420817,False,False,False,False
2022-06-13 00:00:00+00:00,10.4168301206,11.191053981,10.3933687915,10.8156727153,16700,,,,,,,,,,,,,,,,,,,,,,,,,,,,,,,,,,,"rgba(255, 26, 202, 1.0)",0.2353568569874821,10.972558872749818,-2.361217596389706,44.89179754283856,-1.015716401178409,False,True,False,True,False,0.0,0.0,0.0,0.0,0.0,0,0.8938216272728289,0.9611285479975775,False,False,False,False,-0.29292100812917676,-0.1358477779179406,False,False,False,False,-90655,-21534.42364542674,False,False,False,False,21999.360426835687,False,False,False,False
2022-06-14 00:00:00+00:00,10.3699074624,10.6358025256,10.2838825891,10.5184958801,11577,,,,,,,,,,,,,,,,,,,,,,,,,,,,,,,,,,,"rgba(255, 26, 202, 1.0)",0.23759976089133966,10.963180861349997,-2.49694442757169,39.46213009963232,-5.699925372732615,False,True,False,True,False,0.0,0.0,0.0,0.0,0.0,0,0.8863155979808294,1.0105974216121534,False,False,False,False,-0.34282825441539394,-0.23933801616666728,False,False,False,False,-102232,-24699.034482860985,False,False,False,False,21590.640410097032,False,False,False,False
2022-06-15 00:00:00+00:00,10.4402914497,10.5978733769,10.3464461333,10.3699074624,10177,,,,,,,,,,,,,,,,,,,,,,,,,,,,,,,,,,,"rgba(255, 26, 202, 1.0)",0.24400201754436796,10.955846818337694,-2.1129143677836515,36.99222378408715,-7.580714015769409,False,True,False,True,False,0.0,0.0,0.0,0.0,0.0,0,0.8875231600189489,1.0101382137594253,False,False,False,False,-0.33353069660975476,-0.286434356388211,False,False,False,False,-92055,-27340.44489529781,False,False,False,False,21143.0466685246,False,False,False,False
2022-06-16 00:00:00+00:00,10.0101670829,10.3581767979,9.9398613,10.3464461333,21953,,,,,,,,,,,,,,,,,,,,,,,,,,,,,,,,,,,"rgba(255, 26, 202, 1.0)",0.2665201301119086,10.931492254706718,-3.456868985542909,32.72626150190754,-11.232821674085002,False,True,False,True,False,0.0,0.0,0.0,0.0,0.0,0,0.8538171044497321,1.0228668060459916,False,False,False,False,-0.34282825441539394,-0.3146313054018025,False,False,False,False,-114008,-30739.172546462603,False,False,False,False,21174.809544268734,False,False,False,False
2022-06-17 00:00:00+00:00,10.025807969,10.1196532854,9.7148671539,9.9554239817,20256,,,,,,,,,,,,,,,,,,,,,,,,,,,,,,,,,,,"rgba(255, 26, 202, 1.0)",0.28657907355851003,10.90751313436303,-3.0766557879286847,30.127677084253563,-13.356372702140227,False,True,False,True,False,0.0,0.0,0.0,0.0,0.0,0,0.8531816159452071,1.0381701023949204,False,False,False,False,-0.34282825441539394,-0.3287297799085982,False,False,False,False,-93752,-33210.26381915035,False,False,False,False,21138.777797434668,False,False,False,False
2022-06-21 00:00:00+00:00,10.0570897411,10.1993435999,9.9945261968,10.0727306272,34458,,,,,,,,,,,,,,,,,,,,,,,,,,,,,,,,,,,"rgba(255, 26, 202, 1.0)",0.30363149032688236,10.876008792043788,-2.697082078219748,28.91872062906269,-14.31569710477735,False,True,False,True,False,0.0,0.0,0.0,0.0,0.0,0,0.8674284074247228,1.0311550554102145,False,False,False,False,-0.25757371756262676,-0.29315174873561245,False,False,False,False,-59294,-34233.15543408563,False,False,False,False,21661.100236750957,False,False,False,False
2022-06-22 00:00:00+00:00,9.7951048995,9.9134032678,9.7838271217,9.9134032678,12132,,,,,,,,,,,,,,,,,,,,,,,,,,,,,,,,,,,"rgba(255, 26, 202, 1.0)",0.32999459895851735,10.862508500661008,-3.2346093073335056,26.685497342945308,-16.3773956990604,False,True,False,True,False,0.0,0.0,0.0,0.0,0.0,0,0.8472217130195766,1.048255438722865,False,False,False,False,-0.34282825441539394,-0.31799000157550317,False,False,False,False,-71426,-35691.69835823914,False,False,False,False,21287.410031388175,False,False,False,False
2022-06-23 00:00:00+00:00,9.6058275101,9.8084331823,9.542735047,9.7951048995,30269,,,,,,,,,,,,,,,,,,,,,,,,,,,,,,,,,,,"rgba(255, 26, 202, 1.0)",0.362119051954843,10.825580734763568,-3.368376278682167,24.353894808665064,-18.588281068321063,False,True,False,True,False,0.0,0.0,0.0,0.0,0.0,0,0.8284471356959708,1.0529394276517254,False,False,False,False,-0.34282825441539394,-0.3304091279954485,False,False,False,False,-101695,-38280.06312850427,False,False,False,False,21639.629245843542,False,False,False,False
2022-06-24 00:00:00+00:00,9.8660839205,9.9252331047,9.6097707891,9.6531468575,21285,,,,,,,,,,,,,,,,,,,,,,,,,,,,,,,,,,,"rgba(255, 26, 202, 1.0)",0.380710572121189,10.80480221796766,-2.4657006298444615,26.73032816345061,-18.588281068321063,False,True,False,True,False,0.0,0.0,0.0,0.0,0.0,0,0.8351310729769618,1.051394639418496,False,False,False,False,-0.30466880211013436,-0.31753896505279144,False,False,False,False,-80410,-39932.21751562175,False,False,False,False,21625.722216594775,False,False,False,False
2022-06-27 00:00:00+00:00,9.9686091731,9.9883255678,9.8885606105,9.9212898257,9333,,,,,,,,,,,,,,,,,,,,,,,,,,,,,,,,,,,"rgba(255, 26, 202, 1.0)",0.394580753408321,10.797454997501541,-2.100573373744441,29.680921651369214,-18.588281068321063,False,True,False,True,True,0.0,0.0,0.0,0.0,0.0,0,0.8538392563491334,1.0511371160910288,False,False,False,False,-0.2358443571718133,-0.27669166111230237,False,False,False,False,-71077,-41153.58153461698,False,False,False,False,21143.654678689098,False,False,False,False
2022-06-28 00:00:00+00:00,9.9922688467,10.2130924676,9.9607226152,10.0711344256,14652,,,,,,,,,,,,,,,,,,,,,,,,,,,,,,,,,,,"rgba(255, 0, 0, 1.0)",0.4070900787233973,10.787806514605888,-1.9542054928005916,31.969188689993814,-25.34511223255701,False,True,False,True,True,0.0,0.0,0.0,0.0,0.0,0,0.866063711605273,1.0321013598557716,False,False,False,False,-0.17782188359932738,-0.22725677235581487,False,False,False,False,-56425,-41752.46069012219,False,False,False,False,20889.079985407174,False,False,False,False
2022-06-29 00:00:00+00:00,9.8897435942,10.0790209835,9.613714068,10.0790209835,15215,,,,,,,,,,,,,,,,,,,,,,,,,,,,,,,,,,,"rgba(255, 26, 202, 1.0)",0.421757217304655,10.775390154448328,-2.0998966322574706,32.68389922674724,-24.530964122272902,False,True,False,True,True,0.0,0.0,0.0,0.0,0.0,0,0.8453517923527099,1.046968112755423,False,False,False,False,-0.2726042671548273,-0.24993051975532107,False,False,False,False,-71640,-42924.52105521544,False,False,False,False,20666.567044802974,False,False,False,False
2022-06-30 00:00:00+00:00,9.8660839205,9.9130878055,9.7793317837,9.7793317837,10667,,,,,,,,,,,,,,,,,,,,,,,,,,,,,,,,,,,"rgba(255, 26, 202, 1.0)",0.4331869406998929,10.766896533542708,-2.079500853805243,32.971445100988774,-23.997913662904637,False,True,False,True,True,0.0,0.0,0.0,0.0,0.0,0,0.8506729461981072,1.061771218714274,False,False,False,False,-0.27266783326231114,-0.2612991765088161,False,False,False,False,-82307,-44468.9319942266,False,False,False,False,20274.427160693052,False,False,False,False
2022-07-01 00:00:00+00:00,9.9764957309,9.9922688467,9.8345376889,9.8345376889,11517,,,,,,,,,,,,,,,,,,,,,,,,,,,,,,,,,,,"rgba(255, 0, 0, 1.0)",0.4401500769241264,10.758838889136886,-1.7774463739824522,34.903921305028916,-21.862394548310565,False,True,False,True,True,0.0,0.0,0.0,0.0,0.0,0,0.8477045065720877,1.0716820635249031,False,False,False,False,-0.24577547178468362,-0.2535373241467499,False,False,False,False,-70790,-45501.13073955105,False,False,False,False,19930.998644587442,False,False,False,False
2022-07-05 00:00:00+00:00,9.741634037,9.8108780153,9.5663947207,9.8108780153,11735,,,,,,,,,,,,,,,,,,,,,,,,,,,,,,,,,,,"rgba(255, 26, 202, 1.0)",0.45546147609964593,10.748451569661285,-2.210543779208699,34.18503934660392,-21.862394548310565,False,True,False,True,True,0.0,0.0,0.0,0.0,0.0,0,0.819239544801646,1.07439408767009,False,False,False,False,-0.33668401109187407,-0.295110667619312,False,False,False,False,-82525,-46953.04718113729,False,False,False,False,19609.586933034996,False,False,False,False
2022-07-06 00:00:00+00:00,9.5742812786,9.7004662048,9.4796425839,9.7004662048,22583,,,,,,,,,,,,,,,,,,,,,,,,,,9.5847966891,,,,,,,,9.5847966891,"rgba(255, 26, 202, 1.0)",0.4768059902586245,10.612665772991562,-2.1777924682287075,32.52110012498212,-21.862394548310565,False,True,False,True,True,0.0,0.0,0.0,0.0,0.0,0,0.8234561584233964,1.0612045001191728,True,False,False,False,-0.34282825441539394,-0.31896946101735296,False,False,False,False,-105108,-49233.63356619073,False,False,False,False,19726.191367033625,False,False,False,False
2022-07-07 00:00:00+00:00,9.9017311621,9.9055167099,9.6452602996,9.6452602996,8236,,,,,,,,,,,,,,,,,,,,,,,,,,9.646984524602068,,,,,,,,9.646984524602068,"rgba(239, 83, 80, 1.0)",0.4872530028171907,10.61354645358015,-1.4608740990093216,35.88107488025346,-20.334615437512866,False,True,False,True,True,0.0,0.0,0.0,0.0,0.0,0,0.8761696723596417,1.0394549511068576,False,False,False,False,-0.26195530198828376,-0.29046238150281833,False,False,False,False,-96872,-51101.804798889134,False,False,False,False,19275.595627149956,False,False,False,False
2022-07-08 00:00:00+00:00,9.9212898257,9.9528360573,9.8660839205,9.9528360573,10822,,,,,,,,,,,,,,,,,,,,,,,,,,9.716223583204137,,,,,,,,9.716223583204137,"rgba(239, 83, 80, 1.0)",0.49749158949613953,10.614400905884597,-1.3932116538624926,38.35617437432832,-17.85636623731368,False,True,False,True,True,0.0,0.0,0.0,0.0,0.0,0,0.8724930421796275,1.0082746993683818,False,False,False,False,-0.20552671927537602,-0.24799455038909718,False,False,False,False,-86050,-52472.32225775623,False,False,False,False,18944.082073144076,False,False,False,False
2022-07-11 00:00:00+00:00,9.8542540836,9.901573431,9.8029914574,9.8739704784,5306,,,,,,,,,,,,,,,,,,,,,,,,,,9.731675379683775,,,,,,,,9.731675379683775,"rgba(239, 83, 80, 1.0)",0.5089312418879289,10.61277700851584,-1.4904231897849818,39.36706270350743,-16.75496073376754,False,True,False,True,True,0.0,0.0,0.0,0.0,0.0,0,0.8579398097227441,1.0252001616034025,False,False,False,False,-0.2294143883911962,-0.2387044693901467,False,False,False,False,-91356,-53997.1723652952,False,False,False,False,18409.25532517764,False,False,False,False
2022-07-12 00:00:00+00:00,9.8029914574,9.8463675258,9.7793317837,9.7872183416,7727,,,,,,,,,,,,,,,,,,,,,,,,,,9.742683211434313,,,,,,,,9.742683211434313,"rgba(255, 0, 0, 1.0)",0.5209600070929498,10.609073496589694,-1.5473011905228145,39.545585244343854,-16.35839971587719,False,True,False,True,True,0.0,0.0,0.0,0.0,0.0,0,0.8414515464046458,1.0493810026931716,False,False,False,False,-0.2460382845297556,-0.24237137695995115,False,False,False,False,-99083,-55765.2440372444,False,False,False,False,17990.343351641262,False,False,False,False
2022-07-13 00:00:00+00:00,9.9055167099,9.9369840759,9.75567211,9.75567211,11061,,,,,,,,,,,,,,,,,,,,,,,,,,9.763442996406393,,,,,,,,9.763442996406393,"rgba(239, 83, 80, 1.0)",0.5296160037183978,10.604874766633582,-1.320500233798519,41.13127113278461,-14.589439126846244,False,False,False,True,True,0.0,0.0,0.0,0.0,0.0,1,0.8244968220107359,1.05037654548172,False,False,False,False,-0.23191640943181013,-0.23714389319588064,False,False,False,False,-88022,-57030.21485931325,False,False,False,False,17718.60439667494,False,False,False,False
2022-07-14 00:00:00+00:00,9.8503108047,9.8503108047,9.6334304627,9.7398989942,8220,,,,,,,,,,,,,,,,,,,,,,,,,,9.765062917264935,,,,,,,,9.765062917264935,"rgba(239, 83, 80, 1.0)",0.5385059147478954,10.599930908107124,-1.392036898532607,41.57460807469339,-13.896864214141374,False,False,False,True,True,0.0,0.0,0.0,0.0,0.0,1,0.8333440694294257,1.0229814941766973,False,False,False,False,-0.2763074704030279,-0.25672568179945426,False,False,False,False,-96242,-58567.93192365391,False,False,False,False,17346.110106609256,False,False,False,False
2022-07-15 00:00:00+00:00,10.0001554046,10.0080419625,9.8818570363,9.9370629415,9004,,,,,,,,,,,,,,,,,,,,,,,,,,9.786584272500868,,,,,,,,9.786584272500868,"rgba(239, 83, 80, 1.0)",0.5446206741389308,10.597810127722308,-1.0973779577266827,43.98751817238081,-11.359962692407429,False,False,False,True,True,0.0,0.0,0.0,0.0,0.0,1,0.8380917025436889,1.031901678069639,False,False,False,False,-0.1908170408518773,-0.22377136132566577,False,False,False,False,-87238,-59692.24831880473,False,False,False,False,17018.96853380105,False,False,False,False
2022-07-18 00:00:00+00:00,10.1263403309,10.1657731203,10.0553613098,10.0553613098,7059,,,,,,,,,,,,,,,,,,,,,,,,,,9.812402550323629,,,,,,,,9.812402550323629,"rgba(239, 83, 80, 0.5)",0.5479753934068875,10.597876328073887,-0.860505787024927,47.17906341433326,-8.19973326323015,True,False,False,False,True,0.0,0.0,0.0,0.0,0.0,0,0.8430157693752106,1.0369616496989718,False,False,False,False,-0.12313560293371313,-0.17345348212968945,False,False,False,False,-80179,-60495.650345518276,False,False,False,False,16628.38153247552,False,False,False,False
2022-07-19 00:00:00+00:00,10.1816251017,10.1973193519,10.1342268887,10.1342268887,16854,,,,,,,,,,,,,,,,,,,,,,,,,,9.868963333483736,,,,,,,,9.868963333483736,"rgba(239, 83, 80, 0.5)",0.5499979463199859,10.598320894009449,-0.7576315422585552,49.96924158631383,-5.514406012298394,True,False,False,False,True,0.0,0.0,0.0,0.0,0.0,0,0.8581840065541033,1.0359364995685103,False,False,False,False,-0.10085177856883798,-0.13715263034926373,False,False,False,False,-63325,-60606.60523392933,False,False,False,False,16637.229315515695,False,False,False,False
2022-07-20 00:00:00+00:00,10.3387253348,10.3539463916,10.2052059098,10.2052059098,8600,,,,,,,,,,,,,,,,,,,,,,,,,,9.9010129318494,,,,,,,,9.9010129318494,#000000,0.5505083361268174,10.599705029206666,-0.47407037692258647,53.57764846684727,-2.1271893003540825,True,False,True,False,True,0.0,0.0,0.0,0.0,0.0,0,0.8606852990208517,1.002507594839348,False,False,False,False,-0.0552039231744119,-0.09617827676183781,False,False,False,False,-54725,-60375.95404828504,False,False,False,False,16322.04385216214,False,False,False,False
2022-07-21 00:00:00+00:00,10.3116744413,10.3236000478,10.1844679717,10.3116744413,8130,,,,,,,,,,,,,,,,,,,,,,,,,,9.925496895966747,,,,,,,,9.925496895966747,"rgba(239, 83, 80, 0.5)",0.5505521724734201,10.600306316352137,-0.5242588976725411,55.54025719378449,-0.323267868648486,True,False,True,False,True,0.0,0.0,0.0,0.0,0.0,0,0.8769813790639275,1.003851632292594,False,False,False,False,-0.06542251302347202,-0.08080039489265492,False,False,False,False,-62855,-60473.17153658759,False,False,False,False,16000.787230508722,False,False,False,False
2022-07-22 00:00:00+00:00,10.2083191847,10.3991288891,10.2083191847,10.3037240369,4074,,,,,,,,,,,,,,,,,,,,,,,,,,9.936550951410798,,,,,,,,9.936550951410798,"rgba(239, 83, 80, 0.5)",0.5510697888362913,10.600491368038501,-0.7116561119539155,55.180759259677224,-0.323267868648486,True,False,True,False,True,0.0,0.0,0.0,0.0,0.0,0,0.8820209332935391,0.9887014408761299,False,False,False,False,-0.045553745400576884,-0.0631770701466159,False,False,False,False,-66929,-60726.341280250825,False,False,False,False,15533.070084214263,False,False,False,False
2022-07-25 00:00:00+00:00,10.3434760587,10.3832280804,10.0904146882,10.2639720152,12193,,,,,,,,,,,,,,,,,,,,,,,,,,9.965826041220103,,,,,,,,9.965826041220103,#000000,0.5506888812701337,10.600703411680644,-0.46710104694208343,56.58002171691902,0.8006305199372008,True,False,True,False,True,0.0,0.0,0.0,0.0,0.0,0,0.8567737262869181,1.004088608027799,False,False,False,False,-0.07231630395045241,-0.06774668704853415,False,False,False,False,-54736,-60491.42593592726,False,False,False,False,15402.086943656841,False,False,False,False
2022-07-26 00:00:00+00:00,10.4388014068,10.5255403183,10.4309305065,10.4309305065,3978,,,,,,,,,,,,,,,,,,,,,,,,,,9.979632898416485,,,,,,,,9.979632898416485,#000000,0.550137462068266,10.601735202758464,-0.29616924349399415,58.55942901085535,2.8182757400072163,True,False,True,False,True,0.0,0.0,0.0,0.0,0.0,0,0.8976972082898643,0.9690678461745044,False,False,False,False,0.024044811138577152,-0.0218509379549785,False,False,False,False,-50758,-60109.72295804776,False,False,False,False,14954.083534101672,False,False,False,False
2022-07-27 00:00:00+00:00,10.5740377848,10.5829422377,10.4547817196,10.4627321239,9605,,,,,,,,,,,,,,,,,,,,,,,,,,10.014535994205394,,,,,,,,10.014535994205394,#000000,0.5480844679956458,10.604858703056792,-0.056233883746978644,61.22381435001798,5.446659562689355,True,False,True,False,True,0.651153115292324,0.0,0.0,0.0,0.0,0,0.8938797193454889,0.9712229129959856,False,False,False,False,0.04025617283721957,0.009202617441120536,False,False,False,False,-41153,-59366.32205773216,False,False,False,False,14744.315552372194,False,False,False,False
2022-07-28 00:00:00+00:00,10.645591424,10.645591424,10.5819881892,10.5819881892,11099,,,,,,,,,,,,,,,,,,,,,,,,,,10.05567080011729,,,,,,,,10.05567080011729,#000000,0.5453897740349332,10.609195313424888,0.06673412723866064,63.65733073076285,7.812858380464277,True,False,True,False,True,1.5711809804782,0.0,0.0,0.0,0.0,0,0.8911502697500271,0.9717351696319284,False,False,False,False,0.07823308955448409,0.043717853497802314,False,False,False,False,-30054,-58216.819231938745,False,False,False,False,14601.362001298776,False,False,False,False
2022-07-29 00:00:00+00:00,10.8045995109,10.8682027457,10.6935323622,10.7091946587,18086,,,,,,,,,,,,,,,,,,,,,,,,,,10.128268250511338,,,,,,,,10.128268250511338,#000000,0.5433397733065795,10.634203586398876,0.313608413873611,66.60116392318552,10.626970286741994,True,False,True,False,True,3.57535866475412,0.0,0.0,0.0,0.0,0,0.8978484525761041,0.9636572237940518,False,False,False,False,0.1456953951350996,0.09470662431645097,False,False,False,False,-11968,-56403.14004637252,False,False,False,False,14738.01447183608,False,False,False,False
2022-08-01 00:00:00+00:00,10.7489466805,10.7568970848,10.669442637,10.7091946587,18467,,,,,,,,,,,,,,,,,,,,,,,,,,10.183073765145052,,,,,,,,10.183073765145052,#000000,0.5401135883716727,10.63759419794709,0.20616493446982836,67.44619844484376,11.477450861673702,True,False,True,False,True,2.816807193318958,0.0,0.0,0.0,0.0,0,0.9066919915884103,0.9695905411114587,False,False,False,False,0.11823592383613298,0.10647127407629198,False,False,False,False,-30435,-55384.78161318145,False,False,False,False,14884.249198430745,False,False,False,False
2022-08-02 00:00:00+00:00,10.7171450631,10.7488671765,10.7012442544,10.7250954674,5244,,,,,,,,,,,,,,,,,,,,,,,,,,10.19678034590712,,,,,,,,10.19678034590712,#000000,0.5360776243213818,10.638807625531253,0.14613077288557583,67.35852660884413,11.552053564757628,True,False,True,False,True,2.3812249578181017,0.0,0.0,0.0,0.0,0,0.9145936328372987,0.9629871235323414,False,False,False,False,0.1230430738615151,0.11475717396890353,False,False,False,False,-35679,-54612.005863644925,False,False,False,False,14506.200210256991,False,False,False,False
2022-08-03 00:00:00+00:00,10.828450724,10.8324259262,10.7211202653,10.7211202653,3151,,,,,,,,,,,,,,,,,,,,,,,,,,10.205762898999467,,,,,,,,10.205762898999467,#000000,0.5324949256147941,10.64023388276456,0.3534622250496242,68.37311114067283,12.756070955633263,True,False,True,False,True,3.8045078102052265,0.0,0.0,0.0,0.0,0,0.9207728353013419,0.9552522091897101,False,False,False,False,0.14402880201986912,0.1293929879943863,False,False,False,False,-32528,-53745.96641801179,False,False,False,False,14060.898241227305,False,False,False,False
2022-08-04 00:00:00+00:00,10.6535418283,10.852301937,10.645591424,10.852301937,27498,,,,,,,,,,,,,,,,,,,,,,,,,,10.26509692748268,,,,,,,,10.26509692748268,#000000,0.5282525638706731,10.645998442355268,0.01427988515466822,65.64723917193741,12.756070955633263,True,False,True,False,False,1.4033362509698293,0.0,0.0,0.0,0.0,0,0.8971932629527634,0.9546207947395462,False,False,False,False,0.13272298097155544,0.13105798448297087,False,False,False,False,-60026,-53992.24224475643,False,False,False,False,14587.843408237999,False,False,False,False
2022-08-05 00:00:00+00:00,10.6058394022,10.6654674348,10.5978094938,10.5978889979,7337,,,,,,,,,,,,,,,,,,,,,,,,,,10.275845408453073,,,,,,,,10.275845408453073,#000000,0.5216176809829883,10.646027286479141,-0.07704471252470978,62.99366341895213,12.756070955633263,True,False,True,False,False,0.7609150937040781,0.0,0.0,0.0,0.0,0,0.9110906708806296,0.9693836599254787,False,False,False,False,0.08539554927539404,0.10822676687918245,False,False,False,False,-67363,-54516.58568613853,False,False,False,False,14303.496607914942,False,False,False,False
2022-08-08 00:00:00+00:00,10.6940888905,10.7647679851,10.6376410196,10.6376410196,5737,,,,,,,,,,,,,,,,,,,,,,,,,,10.285549363329721,,,,,,,,10.285549363329721,#000000,0.5110257567347982,10.64699046739374,0.09216447994166688,62.32741630417562,17.826569941795384,True,False,True,False,False,1.9208842697551383,0.0,0.0,0.0,0.0,0,0.8993219085905715,0.9646858161951505,False,False,False,False,0.11340210622037837,0.1108144365497804,False,False,False,False,-61626,-54795.386247466435,False,False,False,False,13967.555564467297,False,False,False,False
2022-08-09 00:00:00+00:00,10.7489466805,10.7489466805,10.69329385,10.7091946587,3849,,,,,,,,,,,,,,,,,,,,,,,,,,10.292292485936278,,,,,,,,10.292292485936278,#000000,0.5046795895777614,10.647860706884,0.20029732864880262,62.54309305062406,17.826569941795384,True,False,True,False,False,2.6380575346071105,0.0,0.0,0.0,0.0,0,0.8906389176977895,0.986151315587101,False,False,False,False,0.12145079289529996,0.11613261472254019,False,False,False,False,-57777,-54912.31227697755,False,False,False,False,13570.74946389995,False,False,False,False
2022-08-10 00:00:00+00:00,10.7250954674,10.7727978935,10.645591424,10.7648474892,25621,,,,,,,,,,,,,,,,,,,,,,,,,,10.330988951842178,,,,,,,,10.330988951842178,#000000,0.5010856089747531,10.65246502743532,0.14494617020290326,62.18944705807175,17.24544646430408,True,False,True,False,False,2.301495755750615,0.0,0.0,0.0,0.0,0,0.8861109547724884,0.9917148357683833,False,False,False,False,0.11662940521170315,0.11638100996712167,False,False,False,False,-83398,-56029.398070037256,False,False,False,False,14043.308308452893,False,False,False,False
2022-08-11 00:00:00+00:00,10.7330458718,10.7886987022,10.7250954674,10.7648474892,15337,,,,,,,,,,,,,,,,,,,,,,,,,,10.352727493489617,,,,,,,,10.352727493489617,#000000,0.5010066843928166,10.655753572370976,0.15427398842531675,62.06428029272213,16.815799200369952,True,False,True,False,False,2.4085313901798386,0.0,0.0,0.0,0.0,0,0.8887202236239694,0.9888449046953226,False,False,False,False,0.13594965103440118,0.12616533050076142,False,False,False,False,-68061,-56501.22559670246,False,False,False,False,14094.041315964545,False,False,False,False
2022-08-12 00:00:00+00:00,10.8364011283,10.8364011283,10.6137898066,10.7727978935,25327,,,,,,,,,,,,,,,,,,,,,,,,,,10.38511500513771,,,,,,,,10.38511500513771,#000000,0.501581288539011,10.661045718459546,0.34960516639530936,63.376798389981204,16.815799200369952,True,False,True,False,False,3.7991416054082165,0.0,0.0,0.0,0.0,0,0.8786032368558527,0.9796009698535721,False,False,False,False,0.12305916065262984,0.12461224557669563,False,False,False,False,-42734,-55961.33439683178,False,False,False,False,14534.54949965221,False,False,False,False
2022-08-15 00:00:00+00:00,10.7171450631,10.7727978935,10.6376410196,10.669442637,13783,,,,,,,,,,,,,,,,,,,,,,,,,,10.398489107996221,,,,,,,,10.398489107996221,#000000,0.49933107903155416,10.662655648988926,0.10912481998267769,61.56357900137887,15.944121356916142,True,False,True,False,False,2.061034642729883,0.0,0.0,0.0,0.0,0,0.8765262560019562,0.9775469448288371,False,False,False,False,0.11502348564739685,0.11981786561204624,False,False,False,False,-56517,-55983.12520479916,False,False,False,False,14505.076970254084,False,False,False,False
2022-08-16 00:00:00+00:00,10.8602523414,10.9000043631,10.7648474892,10.7648474892,27083,,,,,,,,,,,,,,,,,,,,,,,,,,10.431733313284,,,,,,,,10.431733313284,#000000,0.4927033580908187,10.669972850056226,0.38619483350203015,62.30211114420672,15.944121356916142,True,False,True,False,False,3.979241716562843,0.0,0.0,0.0,0.0,0,0.8871370682720919,0.9573208381874382,False,False,False,False,0.16675361956106505,0.14328574258655563,False,False,False,False,-29434,-54941.98303990508,False,False,False,False,14998.328853773532,False,False,False,False
2022-08-17 00:00:00+00:00,10.7489466805,10.8602523414,10.7489466805,10.8602523414,2308,,,,,,,,,,,,,,,,,,,,,,,,,,10.433983744945307,,,,,,,,10.433983744945307,#000000,0.4899855279813559,10.670394329441686,0.160315655407076,60.536546374847646,14.683834305119376,True,False,True,False,False,2.364485423292976,0.0,0.0,0.0,0.0,0,0.8864873989973711,0.960714806744931,False,False,False,False,0.1553713107527689,0.14932852666966226,False,False,False,False,-31742,-54032.17978343821,False,False,False,False,14500.668898723588,False,False,False,False
2022-08-18 00:00:00+00:00,11.0033596197,11.011310024,10.7539554352,10.7539554352,19009,,,,,,,,,,,,,,,,,,,,,,,,,,10.45828716023886,,,,,,,,10.45828716023886,"rgba(38, 166, 154, 0.5)",0.4913831969402554,10.676727511512631,0.6647197344582416,62.379941000201796,14.683834305119376,True,False,True,False,False,5.670523229337171,0.0,0.0,0.0,0.0,0,0.8909924212274202,0.9557140216422415,False,False,False,False,0.1874014773686169,0.16836500201913956,False,False,False,False,-12733,-52412.60410565632,False,False,False,False,14677.46619681286,False,False,False,False
2022-08-19 00:00:00+00:00,10.9715580023,11.0669628545,10.9463552205,10.9795084066,19471,,,,,,,,,,,,,,,,,,,,,,,,,,10.484290139899285,,,,,,,,10.484290139899285,"rgba(38, 166, 154, 0.5)",0.48947866682550173,10.684227915279509,0.5870124818390171,62.98866577308885,14.683834305119376,True,False,True,False,True,5.204890408002623,0.0,0.0,0.0,0.0,0,0.8937303231650234,0.9527602974442307,False,False,False,False,0.27216388336863545,0.2202644426938875,False,False,False,False,-32204,-51620.10982700313,False,False,False,False,14865.447914584905,False,False,False,False
2022-08-22 00:00:00+00:00,10.9238555762,10.987458811,10.8761531501,10.8761531501,14038,,,,,,,,,,,,,,,,,,,,,,,,,,10.499305936548375,,,,,,,,10.499305936548375,#000000,0.4844581730381711,10.688271107643079,0.48628443417417294,62.44412555119136,14.683834305119376,True,False,True,False,True,4.502506239353117,0.0,0.0,0.0,0.0,0,0.8998848166169117,0.9574869349558826,False,False,False,False,0.28425543421111665,0.25225993845250205,False,False,False,False,-46242,-51409.203559277514,False,False,False,False,14832.998976758046,False,False,False,False
2022-08-23 00:00:00+00:00,11.0470868436,11.0711196649,10.9589664989,10.9589664989,28766,,,,,,,,,,,,,,,,,,,,,,,,,,10.533360831317832,,,,,,,,10.533360831317832,"rgba(38, 166, 154, 0.5)",0.4854498928297889,10.698724770297915,0.7176066540491145,63.524432621501745,14.683834305119376,True,False,True,False,True,6.093213392614754,0.0,0.0,0.0,0.0,0,0.9190163207813227,0.940544246017155,False,False,False,False,0.3428282024390128,0.2975440704457574,False,False,False,False,-17476,-50078.48969420781,False,False,False,False,15379.391173747927,False,False,False,False
2022-08-24 00:00:00+00:00,11.2233275329,11.263382235,11.0711196649,11.0711196649,25924,,,,,,,,,,,,,,,,,,,,,,,,,,10.569310706433138,,,,,,,,10.569310706433138,"rgba(38, 166, 154, 1.0)",0.48751528843990805,10.71127701931547,1.0503270886604161,65.95870958784653,12.098483464120662,True,False,True,False,True,8.289896266842167,0.0,0.0,0.0,0.0,0,0.9717638981156141,0.9111636641588412,False,False,False,False,0.34282820745501,0.3201861389503837,False,False,False,False,8448,-47783.33323561143,False,False,False,False,15792.905245365655,False,False,False,False
2022-08-25 00:00:00+00:00,11.263382235,11.2954259967,11.263382235,11.2874150563,8908,,,,,,,,,,,,,,,,,,,,,,,,,,10.582403518216816,,,,,,,,10.582403518216816,"rgba(38, 166, 154, 1.0)",0.4926624288371398,10.762586282009721,1.0165093250003598,67.9327088298735,13.997621260436247,True,False,True,False,True,8.779471295677308,0.0,0.0,0.0,0.0,0,0.9983775329534746,0.8427707944791252,False,False,False,False,0.342828210572633,0.33150717476150837,False,False,False,False,17356,-45228.84957931295,False,True,False,False,15522.90896123367,False,True,False,False
2022-08-26 00:00:00+00:00,11.1512290691,11.2874150563,11.0951524861,11.2874150563,7630,,,,,,,,,,,,,,,,,,,,,,,,,,10.591731481001018,,,,,,,,10.591731481001018,"rgba(38, 166, 154, 0.5)",0.495221278943804,10.761937521574476,0.7860961636297117,66.85056159615277,13.997621260436247,True,False,True,False,True,7.0588510458021005,0.0,0.0,0.0,0.0,0,0.9740145096497689,0.8386323046999428,False,False,False,False,0.3046616601538191,0.31808441745766375,False,False,False,False,9726,-43073.75743894774,False,False,False,False,15213.383119616665,False,False,False,False
2022-08-29 00:00:00+00:00,11.1592400095,11.2233275329,11.1432181287,11.1512290691,8477,,,,,,,,,,,,,,,,,,,,,,,,,,10.601712448148433,,,,,,,,10.601712448148433,"rgba(38, 166, 154, 0.5)",0.49874698109414395,10.763682484347337,0.79310259539796,66.22097810768554,13.997621260436247,True,False,True,False,True,7.160400262721772,0.0,0.0,0.0,0.0,0,1.032075604017107,0.8208200447065808,False,False,False,False,0.3012357841852042,0.30966010082143397,False,False,False,False,18203,-40670.747343302726,False,False,False,False,14949.211232572874,False,False,False,False
2022-08-30 00:00:00+00:00,10.9749883798,11.111174367,10.9349336777,11.111174367,3893,,,,,,,,,,,,,,,,,,,,,,,,,,10.604871457880698,,,,,,,,10.604871457880698,#000000,0.5007934815991865,10.762318413615036,0.42466600305148344,62.23130639697018,16.363275090329978,True,False,True,False,False,4.375981436821867,0.0,0.0,0.0,0.0,0,1.0364153455898542,0.7975247730458006,False,False,False,False,0.2340293799982258,0.27184474040982987,False,False,False,False,14310,-38514.63960434968,False,False,False,False,14515.634321491585,False,False,False,False
2022-08-31 00:00:00+00:00,10.9429446181,10.9749883798,10.8388023926,10.9349336777,17865,,,,,,,,,,,,,,,,,,,,,,,,,,10.615715610222178,,,,,,,,10.615715610222178,#000000,0.50140573058416,10.756730502251154,0.3713840997227911,59.01861007478571,13.441693485888493,True,False,True,False,False,3.90145207401979,0.0,0.0,0.0,0.0,0,0.9940325334874308,0.8204572419158941,False,False,False,False,0.18660333416684186,0.22922403728833585,False,False,False,False,-3555,-37143.67334535557,False,False,False,False,14646.981995158581,False,False,False,False
2022-09-01 00:00:00+00:00,10.8307914522,10.8544237264,10.7266492267,10.8307914522,7192,,,,,,,,,,,,,,,,,,,,,,,,,,10.618296510238931,,,,,,,,10.618296510238931,#000000,0.5005988166580431,10.754074385617974,0.1532505951455948,55.03050873974796,9.86523349911699,False,False,True,False,False,2.2520521281803134,0.0,0.0,0.0,0.0,0,0.9930183997871571,0.8066938859357591,False,False,False,False,0.13991364156660807,0.18456883942747196,False,False,False,False,-10747,-36108.50968475339,False,False,False,False,14354.629760054324,False,False,False,False
2022-09-02 00:00:00+00:00,10.8628352139,11.0631087244,10.8147695713,10.9589664989,13578,,,,,,,,,,,,,,,,,,,,,,,,,,10.625746827687179,,,,,,,,10.625746827687179,#000000,0.49919563984963267,10.753859619185866,0.21830237689367724,52.93721463998445,8.097944711758416,False,False,False,False,False,2.6927376465445043,0.0,0.0,0.0,0.0,0,1.0307008341703008,0.7703947286078058,False,False,False,False,0.19959507362967466,0.1920819565285733,False,False,False,False,2831,-34581.470089272865,False,False,False,False,14324.173691032585,False,False,False,False
2022-09-06 00:00:00+00:00,10.7827258096,10.8331947343,10.7506820479,10.8147695713,12429,,,,,,,,,,,,,,,,,,,,,,,,,,10.629429316242453,,,,,,,,10.629429316242453,#000000,0.4985598551069844,10.751441063345787,0.06275023135888089,50.22586274108163,5.6955777693849825,False,False,False,False,False,1.510397533865369,0.0,0.0,0.0,0.0,0,1.013053969440357,0.8024648199294663,False,False,False,False,0.14047218085996332,0.1662770686942683,False,False,False,False,-9598,-33601.72616420335,False,False,False,False,14249.853154129347,False,False,False,False
2022-09-07 00:00:00+00:00,10.6065652297,10.7626984586,10.6064851203,10.6225070012,32615,,,,,,,,,,,,,,,,,,,,,,,,,,10.63105978213242,,,,,,,,10.63105978213242,#000000,0.4973355122049126,10.741864616141468,-0.27204851276681546,45.97226585235032,1.8590836459627127,False,True,False,True,False,0.0,0.0,0.0,0.0,0.0,0,0.9639582774295798,0.8195632283742901,False,False,False,False,0.09792883857699022,0.13210295363562927,False,False,False,False,-42213,-33939.42317737185,False,False,False,False,14970.054991222314,False,False,False,False
2022-09-08 00:00:00+00:00,10.5904632395,10.6625617033,10.5744413586,10.6545507629,13781,,,,,,,,,,,,,,,,,,,,,,,,,,10.630554109469708,,,,,,,,10.630554109469708,#000000,0.49611149410261923,10.738145561753376,-0.2976797030685767,42.93420967097405,-0.7996692053234966,False,True,False,True,False,0.0,0.0,0.0,0.0,0.0,0,0.9508726634938526,0.8546481674714463,False,False,False,False,0.07192040443175107,0.10201167903369017,False,False,False,False,-55994,-34804.30854296511,False,False,False,False,14923.4253837234,False,False,False,False
2022-09-09 00:00:00+00:00,10.7953830955,10.8067586309,10.6305179416,10.6305179416,3677,,,,,,,,,,,,,,,,,,,,,,,,,,10.631249958296541,,,,,,,,10.631249958296541,#000000,0.494977686282178,10.737933079803312,0.11606586981364751,44.79986559318991,-0.7996692053234966,False,True,False,True,False,1.6802517206989904,0.0,0.0,0.0,0.0,0,0.9938269003748845,0.8112383964810125,False,False,False,False,0.11137662891079635,0.10669415397224326,False,False,False,False,-52317,-35491.08075696648,False,False,False,False,14482.38909416562,False,False,False,False
2022-09-12 00:00:00+00:00,10.8948789756,10.96689733,10.846813333,10.846813333,13169,,,,,,,,,,,,,,,,,,,,,,,,,,10.637077376220972,,,,,,,,10.637077376220972,#000000,0.4949867558152116,10.74000000166793,0.3128951878257702,47.58537438549983,-0.7996692053234966,False,True,False,True,True,3.047129093379276,0.0,0.0,0.0,0.0,0,0.9937635844962421,0.7758596907676641,False,False,False,False,0.18658713427714319,0.14664064412469321,False,False,False,False,-39148,-35634.489354732505,False,False,False,False,14430.883639492458,False,False,False,False
2022-09-13 00:00:00+00:00,10.5904632395,10.8788570947,10.5890212702,10.846813333,11896,,,,,,,,,,,,,,,,,,,,,,,,,,10.638009677491059,,,,,,,,10.638009677491059,#000000,0.4927666083584397,10.738564097619133,-0.300549703667022,45.32787019122843,-0.7996692053234966,False,True,False,True,True,0.0,0.0,0.0,0.0,0.0,0,0.9544831067384104,0.7979365804638853,False,False,False,False,0.11743302654910676,0.13203683533689997,False,False,False,False,-51044,-36238.783889841034,False,False,False,False,14331.476437943735,False,False,False,False
2022-09-14 00:00:00+00:00,10.8227805118,10.8548242734,10.6305179416,10.6305179416,7651,,,,,,,,,,,,,,,,,,,,,,,,,,10.639596593823152,,,,,,,,10.639596593823152,#000000,0.48832197304371877,10.738506156289866,0.17257948681860563,47.041360559529295,-0.7996692053234966,False,True,False,True,True,1.8859965224249748,0.0,0.0,0.0,0.0,0,1.0009378245859197,0.7904741230052151,False,False,False,False,0.12089311444150506,0.12646497488920252,False,False,False,False,-43393,-36519.341384357074,False,False,False,False,14069.49696978908,False,False,False,False
2022-09-15 00:00:00+00:00,10.7667039288,10.8147695713,10.7026164054,10.7747148692,10244,,,,,,,,,,,,,,,,,,,,,,,,,,10.641534744323558,,,,,,,,10.641534744323558,#000000,0.4806105191793249,10.7383699689021,0.0589540985209436,47.48525966926468,-0.7996692053234966,False,True,False,True,True,1.1159808814224945,0.0,0.0,0.0,0.0,0,1.0247615740319185,0.7821770327972078,False,False,False,False,0.10688524628258445,0.11667511058589349,False,False,False,False,-53637,-37190.622114382284,False,False,False,False,13919.477480777743,False,False,False,False
2022-09-16 00:00:00+00:00,10.4943319544,10.7266492267,10.4582827225,10.7266492267,9842,,,,,,,,,,,,,,,,,,,,,,,,,,10.640302975176931,,,,,,,,10.640302975176931,"rgba(239, 83, 80, 0.5)",0.47676403383729327,10.73601547248243,-0.5069248117086586,44.85385368017782,-0.7996692053234966,False,True,False,True,True,0.0,0.0,0.0,0.0,0.0,0,0.9777024413228452,0.8218580905470887,False,False,False,False,0.03514009148619848,0.07590760103604599,False,False,False,False,-63479,-38221.53889421043,False,False,False,False,13759.576403100185,False,False,False,False
2022-09-19 00:00:00+00:00,10.6761001926,10.7026164054,10.2860475034,10.3581459672,8059,,,,,,,,,,,,,,,,,,,,,,,,,,10.639262767073108,,,,,,,,10.639262767073108,#000000,0.4711958409124234,10.734159904164121,-0.12321779294930679,45.46760039124101,-0.7996692053234966,False,True,False,True,True,0.0,0.0,0.0,0.0,0.0,0,0.9316321092855971,0.8373985871533388,False,False,False,False,-0.00699938285175891,0.03445410909214354,False,False,False,False,-55420,-38895.98834933944,False,False,False,False,13536.024387292335,False,False,False,False
2022-09-20 00:00:00+00:00,10.5263757161,10.5984741799,10.4622881927,10.5984741799,10661,,,,,,,,,,,,,,,,,,,,,,,,,,10.637514625072084,,,,,,,,10.637514625072084,#000000,0.46584562059887996,10.731549134807251,-0.44043221538389576,44.37794505578556,-0.7996692053234966,False,True,False,True,True,0.0,0.0,0.0,0.0,0.0,0,0.9538289103218008,0.8386386828665884,False,False,False,False,0.008475388615030919,0.021464748853587227,False,False,False,False,-66081,-39962.06723760063,False,False,False,False,13423.278332888714,False,False,False,False
2022-09-21 00:00:00+00:00,10.5023428948,10.6865945246,10.5023428948,10.5824522991,18365,,,,,,,,,,,,,,,,,,,,,,,,,,10.635553054476603,,,,,,,,10.635553054476603,#000000,0.4609783274131217,10.728073598799982,-0.4896774763072232,43.416350395449186,-0.7996692053234966,False,True,False,True,True,0.0,0.0,0.0,0.0,0.0,0,0.9627655353122616,0.8249043750483323,False,False,False,False,0.03600087163066797,0.0287328102421276,False,False,False,False,-84446,-41706.535189067275,False,False,False,False,13617.071339442098,False,False,False,False
2022-09-22 00:00:00+00:00,10.4262389608,10.5231521037,10.403787416,10.5231521037,10926,,,,,,,,,,,,,,,,,,,,,,,,,,10.632679305790347,,,,,,,,10.632679305790347,"rgba(239, 83, 80, 0.5)",0.4551595547439972,10.724919739728916,-0.6562111589570142,42.01417146785295,-2.058768786395781,False,True,False,True,False,0.0,0.0,0.0,0.0,0.0,0,0.9536988817761568,0.8534672438822117,False,False,False,False,-0.020249908183460955,0.0042414510293333225,False,False,False,False,-95372,-43811.06322086856,False,False,False,False,13511.539130052211,False,False,False,False
2022-09-23 00:00:00+00:00,9.9578254366,10.2808692464,9.9012927699,10.2808692464,26595,,,,,,,,,,,,,,,,,,,,,,,,,,10.611272353744393,,,,,,,,10.611272353744393,"rgba(255, 0, 0, 1.0)",0.4507776588298511,10.707591663331149,-1.6632728176401321,37.53166989879682,-6.488024648896733,False,True,False,True,False,0.0,0.0,0.0,0.0,0.0,0,0.929420067634373,0.8651574703423581,False,False,False,False,-0.26367074653270967,-0.12971464775168817,False,False,False,False,-121967,-46876.0019180894,False,False,False,False,14024.61602691291,False,False,False,False
2022-09-26 00:00:00+00:00,9.6913142935,9.9012927699,9.6186294363,9.8286079127,15991,,,,,,,,,,,,,,,,,,,,,,,,,9.737078833233333,10.592483850864149,,,,,,,,10.164781342048741,"rgba(255, 26, 202, 1.0)",0.45157390222179267,10.619873412369426,-2.056272770195121,33.160567861688214,-10.624011593702598,False,True,False,True,False,0.0,0.0,0.0,0.0,0.0,0,0.8687149577541132,0.9180887197175595,False,False,False,False,-0.34282825441539394,-0.23627145108354106,False,False,False,False,-137958,-50447.84498012511,True,False,False,False,14101.72912389672,False,False,False,False
2022-09-27 00:00:00+00:00,9.8286079127,9.8851405794,9.6913142935,9.804379627,13383,,,,,,,,,,,,,,,,,,,,,,,,,9.766515037407089,10.578511008680675,,,,,,,,10.172513023043882,"rgba(255, 0, 0, 1.0)",0.45033066713053616,10.61250052129997,-1.7407044774340088,32.16203708279102,-11.54870767538727,False,True,False,True,False,0.0,0.0,0.0,0.0,0.0,0,0.864046611033953,0.9333224648136866,False,False,False,False,-0.3291112418026718,-0.28269134644310645,False,False,False,False,-124575,-53354.792235806475,False,False,False,False,14073.543668057631,False,False,False,False
2022-09-28 00:00:00+00:00,10.0870429605,10.0889812234,9.8286079127,9.8286079127,12525,,,,,,,,,,,,,,,,,,,,,,,,,9.83677299487102,10.56912518541361,,,,,,,,10.202949090142315,"rgba(239, 83, 80, 1.0)",0.44712999474933235,10.61132479483826,-1.1725490136983117,34.66260834545283,-11.54870767538727,False,True,False,True,False,0.0,0.0,0.0,0.0,0.0,0,0.8740896256798443,0.9167651363953674,False,False,False,False,-0.24863251241797427,-0.26566192943054034,False,False,False,False,-112050,-55656.56508930426,False,False,False,False,14012.816465388705,False,False,False,False
2022-09-29 00:00:00+00:00,10.0547385795,10.0548193405,9.8215817098,10.0224341986,22369,,,,,,,,,,,,,,,,,,,,,,,,,9.885596344034868,10.552409202303274,,,,,,,,10.21900277316907,"rgba(239, 83, 80, 1.0)",0.44930657806478425,10.603527511935926,-1.2214130823537543,36.086926539868756,-11.54870767538727,False,True,False,True,True,0.0,0.0,0.0,0.0,0.0,0,0.8659988742055135,0.9355690867853009,False,False,False,False,-0.2581647924363159,-0.2619133609334281,False,False,False,False,-134419,-58745.28802697861,False,False,False,False,14340.509937334247,False,False,False,False
2022-09-30 00:00:00+00:00,10.0870429605,10.135499532,10.0037784186,10.0547385795,24880,,,,,,,,,,,,,,,,,,,,,,,,,9.93857922325222,10.537887468996802,,,,,,,,10.23823334612451,"rgba(239, 83, 80, 1.0)",0.4510251142606644,10.597473882584726,-1.1317128602061148,37.439398963901866,-11.54870767538727,False,True,False,True,True,0.0,0.0,0.0,0.0,0.0,0,0.8892778753461104,0.9250301797674747,False,False,False,False,-0.19803415268254898,-0.22997375680798854,False,False,False,False,-109539,-60737.198300430435,False,False,False,False,14753.823273125061,False,False,False,False
2022-10-03 00:00:00+00:00,10.4020106751,10.4100867703,10.2404887702,10.2485648654,23197,,,,,,,,,,,,,,,,,,,,,,,,,10.023707401981218,10.532725039708764,,,,,,,,10.27821622084499,#000000,0.45103379787819525,10.599859724083505,-0.4386568144432836,41.83509807466034,-14.622405612932738,False,True,False,True,True,0.0,0.0,0.0,0.0,0.0,0,0.8971814588173281,0.9108769505873603,False,False,False,False,-0.08464078989418292,-0.15730727335108574,False,False,False,False,-86342,-61741.308171001794,False,False,False,False,15084.928242806433,False,False,False,False
2022-10-04 00:00:00+00:00,10.6442935324,10.6846740086,10.4746955323,10.4746955323,12924,,,,,,,,,,,,,,,,,,,,,,,,,10.08328946982379,10.533762462385168,,,,,,,,10.30852596610448,#000000,0.44902559447263735,10.60455162370345,0.08850700090542843,46.88957473316612,-9.91156908789015,False,True,False,False,True,0.6943345003148664,0.0,0.0,0.0,0.0,0,0.9269244933952127,0.8857839888154022,False,False,False,False,0.02606900083678161,-0.06561913625715207,False,False,False,False,-73418,-62199.21765449192,False,False,False,False,15000.185958774808,False,False,False,False
2022-10-05 00:00:00+00:00,10.7412066753,10.8219676278,10.4908477228,10.6200652467,75638,,,,,,,,,,,,,,,,,,,,,,,,,10.309700315371611,10.54605018981754,,,,,,,,10.427875252594575,#000000,0.4477711382296626,10.626447545996,0.25628969691463543,51.029440754099056,-6.166410221910617,False,True,False,False,True,1.8095810885556887,0.0,0.0,0.0,0.0,0,0.9031548915776537,0.8872660870247184,False,False,False,False,0.05945917125690846,-0.003079982500121807,False,False,False,False,2220,-59672.973824904,False,False,False,False,17378.13945058756,False,False,False,False
2022-10-06 00:00:00+00:00,10.64833158,10.7412066753,10.5451190828,10.6442935324,30246,,,,,,,,,,,,,,,,,,,,,,,,,10.353558796741071,10.549166748467886,,,,,,,,10.45136277260448,#000000,0.4460245838919191,10.630546114105766,0.03987552824788894,52.72953468790773,-4.682208224192259,False,False,True,False,True,0.6985478742419424,0.0,0.0,0.0,0.0,0,0.9085343926635275,0.9040013728043638,False,False,False,False,0.053687584802015395,0.025303801150946794,False,False,False,False,-28026,-58431.91602784894,False,False,False,False,17882.76143291746,False,False,False,False
2022-10-07 00:00:00+00:00,10.6604457229,10.6765979134,10.5069999132,10.5877608657,48744,,,,,,,,,,,,,,,,,,,,,,,,,10.399033201982745,10.552335037363877,,,,,,,,10.47568411967331,#000000,0.43989102829076154,10.63414486130854,0.05978949307889932,53.974549549859105,-3.484987808796774,False,False,True,False,True,0.8413191978152028,0.0,0.0,0.0,0.0,0,0.8931691336420958,0.918974540389167,False,False,False,False,0.03133536530287021,0.0283195832269085,False,False,False,False,20718,-55327.99775224703,False,False,False,False,19093.006082606975,False,False,False,False
2022-10-10 00:00:00+00:00,10.7089022944,10.7089022944,10.5110379609,10.6685218181,29523,,,,,,,,,,,,,,,,,,,,,,,,,10.422306042489051,10.554913596752675,,,,,,,,10.488609819620862,#000000,0.42905374856112266,10.636441153465789,0.16888592904086439,55.276097499716855,-2.1178834049060953,False,False,True,False,True,1.4184134471520515,0.0,0.0,0.0,0.0,0,0.8867118363270395,0.9335440219112939,False,False,False,False,0.039238262772201805,0.03377892299955515,False,False,False,False,50241,-51188.03705608048,False,False,False,False,19502.025451916506,False,False,False,False
2022-10-11 00:00:00+00:00,10.9511851517,10.9673373422,10.5796847704,10.5796847704,18007,,,,,,,,,,,,,,,,,,,,,,,,,10.444877815216966,10.55965343570487,,,,,,,,10.502265625460918,"rgba(38, 166, 154, 0.5)",0.4263387664565189,10.640440534216767,0.7288678439119282,58.2725478617089,0.8797764340156675,False,False,True,False,True,4.228297020904819,0.0,0.0,0.0,0.0,0,0.9038104648103722,0.9026673936669031,False,False,False,False,0.11070540718852015,0.07224216509403765,False,False,False,False,68248,-46504.2708970185,False,False,False,False,19443.39700282174,False,False,False,False
2022-10-12 00:00:00+00:00,10.6200652467,10.9592612469,10.6200652467,10.9188807707,25610,,,,,,,,,,,,,,,,,,,,,,,,,10.465788239078076,10.56376299466132,,,,,,,,10.514775616869699,#000000,0.4220831817155813,10.643682105366368,-0.055953090976941275,56.29381017251695,0.8797764340156675,False,False,True,False,True,0.22237277321564974,0.0,0.0,0.0,0.0,0,0.9074160266881108,0.905467338859731,False,False,False,False,0.11781345255615319,0.09502780882509543,False,False,False,False,42638,-43008.49556772366,False,False,False,False,19685.224571338535,False,False,False,False
2022-10-13 00:00:00+00:00,10.6927501039,10.7331305801,10.5393042942,10.5393042942,9954,,,,,,,,,,,,,,,,,,,,,,,,,10.470978526511882,10.564595956244268,,,,,,,,10.517787241378075,#000000,0.4183459488812064,10.64425523807611,0.11592048627118708,55.656215088254925,0.8797764340156675,False,False,True,False,True,1.059778136140018,0.0,0.0,0.0,0.0,0,0.8987005467578859,0.936773525514011,False,False,False,False,0.050662473091086145,0.07284514095809079,False,False,False,False,52592,-39259.45652585214,False,False,False,False,19303.607921482122,False,False,False,False
2022-10-14 00:00:00+00:00,10.5716086752,10.6927501039,10.5231521037,10.6442935324,70796,,,,,,,,,,,,,,,,,,,,,,,,,10.491355987623672,10.566499628794457,,,,,,,,10.528927808209065,#000000,0.4119771118047535,10.644693187296827,-0.17739944769422894,53.90946554187276,0.8797764340156675,False,False,True,False,False,0.0,0.0,0.0,0.0,0.0,0,0.9041429034597862,0.9424402435795748,False,False,False,False,0.03835993912076257,0.055602540039426676,False,False,False,False,-18204,-38433.75234836774,False,False,False,False,21322.917414757332,False,False,False,False
2022-10-17 00:00:00+00:00,10.6765979134,10.7331305801,10.2162604844,10.6765979134,70851,,,,,,,,,,,,,,,,,,,,,,,,10.541996325966666,10.498465873545738,10.56509124517063,,,,,,,,10.53518448156101,#000000,0.40510747102688716,10.635057668109027,0.1025412964754129,53.819159922810144,0.8797764340156675,False,False,True,False,False,0.8635969614949879,0.0,0.0,0.0,0.0,0,0.8838917991315337,0.9235661874368343,False,False,False,False,-0.01954353133894377,0.018029504350241456,False,False,False,False,52647,-34861.95813862783,False,False,False,False,23265.195163198223,False,False,False,False
2022-10-18 00:00:00+00:00,10.7896632468,10.8381198183,10.7815871516,10.7977393421,3727,,,,,,,,,,,,,,,,,,,,,,,,10.555046027295065,10.500699423498709,10.56580876561239,,,,,,,,10.540518072135386,#000000,0.4008721081502044,10.636460456186642,0.3821737344618498,54.86370424166178,0.8797764340156675,False,False,True,False,False,2.164961333436068,0.0,0.0,0.0,0.0,0,0.9263061362513163,0.9252750095594069,False,False,False,False,0.1267152897386836,0.07237239704446252,False,False,False,False,56374,-31284.077427309094,False,False,False,False,22498.991431308095,False,False,False,False
2022-10-19 00:00:00+00:00,10.8542720088,10.8542720088,10.7815871516,10.8381198183,116527,,,,,,,,,,,,,,,,,,,,,,,,10.722726917356432,10.562114041057832,10.588567120716176,,,,,,,,10.624469359710147,#000000,0.3912566127632869,10.663044955263867,0.48875098157593855,56.17711189765962,0.8797764340156675,False,False,True,False,False,2.902901356870931,0.0,0.0,0.0,0.0,0,0.921216607494741,0.9224025983940033,False,False,False,False,0.13028154738100772,0.10132697221273512,False,False,False,False,172901,-23276.819488983245,False,False,False,False,26186.364316354837,False,False,False,False
2022-10-20 00:00:00+00:00,10.8785002945,10.9188807707,10.8260056754,10.8704241993,58566,,,,,,,,,,,,,,,,,,,,,,,,10.758319882931515,10.588879379998044,10.600429506605584,,,,,,,,10.649209589845048,"rgba(38, 166, 154, 0.5)",0.3755836482681489,10.673105217246448,0.5468690615276997,57.292056989873814,1.4840255996683211,True,False,True,False,False,3.181335970605627,0.0,0.0,0.0,0.0,0,0.9296094819208301,0.9183269187131172,False,False,False,False,0.15444488687474764,0.1278859295437414,False,False,False,False,231467,-13286.865783532923,False,False,False,False,27456.15395100759,False,False,False,False
2022-10-21 00:00:00+00:00,10.9390710088,10.996045337,10.8728180044,10.8728180044,34172,,,,,,,,,,,,,,,,,,,,,,,,10.77970824609522,10.605407476693719,10.60836103116187,,,,,,,,10.664492251316936,"rgba(38, 166, 154, 0.5)",0.36946640376808404,10.679745671442337,0.701891524406214,58.65248734177763,3.0830243714721774,True,False,True,False,True,3.8819825569927175,0.0,0.0,0.0,0.0,0,0.9269497646393567,0.9130630603482384,False,False,False,False,0.18214225311845678,0.15501409133109909,False,False,False,False,265639,-2348.596537119867,False,False,False,False,27719.520462732784,False,False,False,False
2022-10-24 00:00:00+00:00,10.8902358704,10.9553493883,10.8495399217,10.9227926294,8990,,,,,,,,,,,,,,,,,,,,,,,,10.78335132818707,10.609032175401603,10.610153357973946,,,,,,,,10.66751228718754,"rgba(38, 166, 154, 0.5)",0.3626494941399077,10.681135080378823,0.5765919804110001,58.76193679800055,3.503732858226705,True,False,True,False,True,3.253907749001769,0.0,0.0,0.0,0.0,0,0.9344516829505388,0.9204469039323622,False,False,False,False,0.16781806824995346,0.16141607979052627,False,False,False,False,256649,7808.171954531892,False,False,False,False,26985.029464194242,False,False,False,False
2022-10-25 00:00:00+00:00,10.9472101986,10.996045337,10.7925655935,10.9065142499,12512,,,,,,,,,,,,,,,,,,,,,,,,10.788620470209448,10.614159794569051,10.612726988859848,,,,,,,,10.671835751212782,"rgba(38, 166, 154, 0.5)",0.3540204719328408,10.68314106640797,0.7459148640481046,59.48634919673469,4.529990882151452,True,False,True,False,True,3.927590319870408,0.0,0.0,0.0,0.0,0,0.932856327941792,0.9166435745032652,False,False,False,False,0.16418432589561216,0.16280020284306923,False,False,False,False,269161,18057.302466118876,False,False,False,False,26417.459681284665,False,False,False,False
2022-10-26 00:00:00+00:00,10.9146534396,11.0041845267,10.9065142499,10.9797669575,9889,,,,,,,,,,,,,,,,,,,,,,,,10.793425265563902,10.618485276071137,10.614930043097846,,,,,,,,10.675613528244293,"rgba(38, 166, 154, 0.5)",0.3425488795934903,10.684895923962916,0.6707291406404314,59.37868313209391,4.760644282800278,True,False,True,False,True,3.4978061104635856,0.0,0.0,0.0,0.0,1,0.9355878062384657,0.9318267208609009,False,False,False,False,0.19154925116944038,0.1771747270062548,False,False,False,False,259272,27516.702369408333,False,False,False,False,25769.28479182252,False,False,False,False
2022-10-27 00:00:00+00:00,10.9797669575,11.0652284498,10.9390710088,10.9390710088,14553,,,,,,,,,,,,,,,,,,,,,,,,10.802306720244498,10.625655360387572,10.618635176776731,,,,,,,,10.682199085802935,"rgba(38, 166, 154, 0.5)",0.33410834718465554,10.687946215941041,0.8734314602372852,60.125322490343116,5.808286624571323,True,False,True,False,True,4.283666261421075,0.0,0.0,0.0,0.0,1,0.9381049355591142,0.9202178897056504,False,False,False,False,0.2127205688362216,0.1949476479212382,False,False,False,False,273825,37175.851296098204,False,False,False,False,25329.43048626085,False,False,False,False
2022-10-28 00:00:00+00:00,10.9634885781,11.0855764241,10.9472101986,11.0855764241,23102,,,,,,,,,,,,,,,,,,,,,,,,10.81516749717966,10.636612128392809,10.624432703645837,,,,,,,,10.692070776406103,"rgba(38, 166, 154, 0.5)",0.32279406232034397,10.713048075342448,0.7758522599743878,60.28900472555526,6.2872761861218365,True,False,True,False,True,4.061995912551506,0.0,0.0,0.0,0.0,1,0.9381494528820175,0.9322800403468102,False,False,False,False,0.21920063683720295,0.20707414237922056,False,False,False,False,250723,45550.24928448651,False,False,False,False,25242.080271113366,False,False,False,False
2022-10-31 00:00:00+00:00,10.808843973,11.044473516,10.7844264038,10.8495399217,36925,,,,,,,,,,,,,,,,,,,,,,,,10.821237497865082,10.647490367054058,10.630496640792655,,,,,,,,10.699741501903931,#000000,0.31378993948074424,10.71201424047712,0.3085813798973669,57.46273087665049,6.2872761861218365,True,False,True,False,False,1.975703967722957,0.0,0.0,0.0,0.0,1,0.9053651540664769,0.9423263645494586,False,False,False,False,0.17318589239286922,0.1901300173860449,False,False,False,False,213798,52148.200292938025,False,False,False,False,25700.233985971667,False,False,False,False
2022-11-01 00:00:00+00:00,10.8820966807,11.0204629062,10.8658183012,10.9390710088,5041,,,,,,,,,,,,,,,,,,,,,,,,10.822534022963916,10.64916515387915,10.63144318226895,,,,,,,,10.701047453037338,"rgba(38, 166, 154, 0.5)",0.30810911957876647,10.71264262472079,0.5499806568883157,56.70892588289989,6.2872761861218365,True,False,True,False,False,2.895376579705136,0.0,0.0,0.0,0.0,1,0.9151215780828205,0.9323291466512978,False,False,False,False,0.1860548199098256,0.18809241864793524,False,False,False,False,218839,58685.09439909732,False,False,False,False,24890.067947306114,False,False,False,False
2022-11-02 00:00:00+00:00,10.7163013857,10.9390710088,10.7163013857,10.9227926294,13304,,,,,,,,,,,,,,,,,,,,,,,,10.821491757610826,10.651399370147239,10.63279151439443,,,,,,,,10.701894214050832,#000000,0.30250456096723727,10.711734984832734,0.015095312456329522,53.46325148972163,7.346640933641446,False,False,False,False,False,0.6937269469851941,0.0,0.0,0.0,0.0,1,0.8973663212423704,0.9514301781875131,False,False,False,False,0.134594301150395,0.16134335989916512,False,False,False,False,205535,64443.9142265837,False,False,False,False,24435.7123415294,False,False,False,False
2022-11-03 00:00:00+00:00,10.7355912654,10.7518696448,10.621642609,10.6948953167,13715,,,,,,,,,,,,,,,,,,,,,,,,10.817640747118697,10.652227006201361,10.63339982532898,,,,,,,,10.701089192883012,#000000,0.2997469401997483,10.709677245597938,0.08645299192977113,51.63040616541096,5.619542150742177,False,False,False,False,False,0.9422338035711277,0.0,0.0,0.0,0.0,1,0.8793924801215368,0.9888872599914451,False,False,False,False,0.07269945364822657,0.11702140677369585,False,False,False,False,219250,70514.74111965885,False,False,False,False,24015.29224970472,False,False,False,False
2022-11-04 00:00:00+00:00,10.7600088346,10.808843973,10.6379209885,10.808843973,28473,,,,,,,,,,,,,,,,,,,,,,,,10.812453203082818,10.65491170167876,10.635204653388602,,,,,,,,10.700856519383393,#000000,0.2964588241568945,10.7079192502856,0.17570596679838657,50.849192964441805,4.866055815130281,False,False,False,False,False,1.2607696621888245,0.0,0.0,0.0,0.0,1,0.867866765404535,0.9903949882000965,False,False,False,False,0.1147460572047553,0.11588373198922558,False,False,False,False,247723,77464.08460516242,False,False,False,False,24190.10431834375,False,False,False,False
2022-11-07 00:00:00+00:00,10.7762872141,10.8576791114,10.7762872141,10.7844264038,8688,,,,,,,,,,,,,,,,,,,,,,,,10.812282193949088,10.656356806510962,10.636106294751064,,,,,,,,10.701581765070372,#000000,0.29091577419371656,10.708210843319028,0.23400714852829077,50.63758067958487,4.579753131323727,False,False,False,False,False,1.475899232019728,0.0,0.0,0.0,0.0,1,0.8939166633246054,0.9834532243335369,False,False,False,False,0.16153939119375763,0.13871156159149162,False,False,False,False,256411,84481.61069907762,False,False,False,False,23582.178658800858,False,False,False,False
2022-11-08 00:00:00+00:00,10.6948953167,10.8495399217,10.5483899014,10.8495399217,32296,,,,,,,,,,,,,,,,,,,,,,,,10.804744494317978,10.657796904763561,10.637307795964526,,,,,,,,10.69994973168202,#000000,0.28777526964415695,10.7061299020932,-0.03903944007104036,48.96656569155253,2.8866162693640973,False,False,False,False,False,0.3542598611682273,0.0,0.0,0.0,0.0,1,0.8707202393036589,0.97864969252997,False,False,False,False,0.16205865868212785,0.15038511013680972,False,False,False,False,224115,89957.42988734908,False,False,False,False,23923.897142769452,False,False,False,False
2022-11-09 00:00:00+00:00,10.4588588143,10.7437304551,10.4588588143,10.6623385577,20008,,,,,,,,,,,,,,,,,,,,,,,10.5538160279,10.794926004517492,10.655595664522275,10.636309387381377,,,,,,,,10.660161771080286,"rgba(239, 83, 80, 0.5)",0.28752634010992467,10.693300071817374,-0.8153731495616897,44.41923635912318,-1.4060216583070755,False,True,False,True,False,0.0,0.0,0.0,0.0,0.0,0,0.8808204157480186,0.982579270072833,False,False,False,False,0.11242112804127666,0.13140311908904317,False,False,False,False,204107,94433.88361725696,True,False,False,False,23770.332548935356,True,False,False,False
2022-11-10 00:00:00+00:00,10.808843973,10.8739574909,10.5646682809,10.5646682809,14031,,,,,,,,,,,,,,,,,,,,,,,10.634336116885127,10.793703645469668,10.656964317649468,10.637247842690437,,,,,,,,10.680562980673674,#000000,0.2872694496239913,10.698502328768868,0.38410504275884294,47.189502396173985,-1.4060216583070755,False,True,False,True,True,1.8251170072569742,0.0,0.0,0.0,0.0,0,0.8923453591291389,0.9498531350345851,False,False,False,False,0.17573140197456633,0.15356726053180475,False,False,False,False,218138,99285.02543618807,False,False,False,False,23388.397939173185,False,False,False,False
2022-11-11 00:00:00+00:00,11.150689942,11.1588291318,10.8576791114,10.8902358704,44344,,,,,,,,,,,,,,,,,,,,,,,10.872734893928817,10.81409882209068,10.674585611904602,10.647965055723166,,,,,,,,10.752346095911815,"rgba(38, 166, 154, 1.0)",0.29147982332462,10.72406031388331,1.4636677875351722,52.570464375682775,-2.422991848605072,True,False,False,False,True,5.902699186216623,0.0,0.0,0.0,0.0,0,0.9327748732721975,0.9182443755574062,False,False,False,False,0.3380377512838417,0.24580250590782324,False,False,False,False,262482,105684.90679163169,False,False,False,False,24210.186255284043,False,False,False,False
2022-11-14 00:00:00+00:00,11.19993204,11.4030048239,11.0611588549,11.0611588549,16769,,,,,,,,,,,,,,,,,,,,,,,10.934175349899895,10.825743576593732,10.683572397340638,10.653464851344898,,,,,,,,10.774239043794791,"rgba(0, 255, 255, 0.75)",0.29650648566791676,10.733494608379647,1.5731103843129974,56.577251460049894,1.0226626220312198,True,False,True,False,True,6.464056122661614,0.0,0.0,0.0,0.0,0,0.943396526836972,0.9158129609660461,False,False,False,False,0.3428282041031108,0.294315355005467,False,False,False,False,279251,112491.42025078338,False,False,False,False,23918.37502958663,False,False,False,False
2022-11-15 00:00:00+00:00,11.1995250805,11.3146946153,11.1833280929,11.1995250805,20074,,,,,,,,,,,,,,,,,,,,,,,10.986150501308698,10.839205704989872,10.694164559611874,10.660038011554573,,,,,,,,10.794889694366255,"rgba(0, 255, 255, 0.75)",0.3014543403621659,10.74320599052325,1.5137253934659904,59.24172747281203,3.229717675250619,True,False,True,False,True,6.458475240474755,0.0,0.0,0.0,0.0,0,0.9623111510475152,0.9061940879476769,False,False,False,False,0.342828204675128,0.3185717798402975,False,False,False,False,259177,118243.79592722325,False,False,False,False,23767.615224504803,False,False,False,False
2022-11-16 00:00:00+00:00,11.2564994086,11.2646385984,11.1995250805,11.1995250805,129483,,,,,,,,,,,,,,,,,,,,,,,11.120586971396163,10.90975169056183,10.75460514599547,10.69962131094777,,,,,,,,10.871141279725308,"rgba(0, 255, 255, 0.75)",0.3074142818608269,10.786771782229954,1.527995457877595,61.559307440708196,5.203512807183024,True,False,True,False,True,7.122773112319248,0.0,0.0,0.0,0.0,0,0.9778237017194849,0.905240157335711,False,False,False,False,0.3344305571648224,0.32650116850255995,False,False,False,False,388660,128848.3529496851,False,False,False,False,27913.316588249712,False,False,False,False
2022-11-17 00:00:00+00:00,11.0937156139,11.2646385984,10.9879061473,11.2646385984,15266,,,,,,,,,,,,,,,,,,,,,,,11.120283568548007,10.913930725790841,10.759253052439199,10.702939211280341,,,,,,,,10.874101639514596,"rgba(38, 166, 154, 0.5)",0.3099439890781145,10.789230697418269,0.982386906058027,60.326251417716534,5.203512807183024,True,False,True,False,True,4.866055513615592,0.0,0.0,0.0,0.0,0,0.9626372675796143,0.8981173005434698,False,False,False,False,0.2829115939119672,0.30470638120726357,False,False,False,False,373394,138438.37832420727,False,False,False,False,27417.34338871051,False,False,False,False
2022-11-18 00:00:00+00:00,11.2239426497,11.7041548443,11.0041845267,11.7041548443,4226,,,,,,,,,,,,,,,,,,,,,,,11.12333032554669,10.91615035826081,10.761212721129336,10.704278894406778,,,,,,,,10.876243074835903,"rgba(38, 166, 154, 1.0)",0.3146318295731438,10.82116111019168,1.2801678077350516,60.90531155870915,5.203512807183024,True,False,True,False,True,6.404816418562827,0.0,0.0,0.0,0.0,0,0.9641604103261957,0.8809987766282682,False,True,False,False,0.342828207956131,0.3237672945816973,False,False,False,False,377620,147818.04976247365,False,False,False,False,26507.87894209441,False,False,False,False
2022-11-21 00:00:00+00:00,11.15231778,11.2075828783,11.0123237165,11.150689942,6667,,,,,,,,,,,,,,,,,,,,,,,11.123348649435734,10.917969085649684,10.763235488472622,10.705733541717464,,,,,,,,10.877571691318876,"rgba(38, 166, 154, 1.0)",0.3175013667042625,10.81546274890095,1.0609561608999778,60.113966309060366,5.203512807183024,True,False,True,False,True,5.4146354163788395,0.0,0.0,0.0,0.0,0,0.949942942967913,0.9320582436260193,False,False,False,False,0.23302278617821787,0.27839504037995755,False,False,False,False,370953,156568.43996786684,False,False,False,False,25729.805258090706,False,False,False,False
2022-11-22 00:00:00+00:00,11.2524298138,11.2770342521,11.1540120603,11.219623896,12394,,,,,,,,,,,,,,,,,,,,,,,11.127919981070761,10.922926991098308,10.768000650969999,10.709075175343775,,,,,,,,10.88198069962071,"rgba(38, 166, 154, 1.0)",0.3224445556436559,10.819251502470422,1.343419523598025,60.69861710665426,5.203512807183024,True,False,True,False,True,6.60124821526076,0.0,0.0,0.0,0.0,0,0.983977859205086,0.9189845751055868,False,False,False,False,0.2796709432776213,0.27903299182878943,False,False,False,False,383347,165461.71683187207,False,False,False,False,25206.832502871464,False,False,False,False
2022-11-23 00:00:00+00:00,11.1048031836,11.2689968023,11.0801987452,11.1950194576,19879,,,,,,,,,,,,,,,,,,,,,,,11.129455324760572,10.928642083976515,10.774204767515895,10.713569192625654,,,,,,,,10.886467842219659,"rgba(38, 166, 154, 0.5)",0.32477981094985087,10.820859812286578,0.8742642299193444,58.70755579493197,5.203512807183024,True,False,True,False,True,4.55980557867198,0.0,0.0,0.0,0.0,0,0.977506664727123,0.9205026029570624,False,False,False,False,0.2614566240323761,0.27024480793058275,False,False,False,False,363468,173226.66911297513,False,False,False,False,24997.89789491572,False,False,False,False
2022-11-25 00:00:00+00:00,11.1786164987,11.203220937,11.1786164987,11.1955115463,905,,,,,,,,,,,,,,,,,,,,,,,11.129626066034268,10.928935843016834,10.7745085633931,10.713788020172952,,,,,,,,10.886714623154287,"rgba(38, 166, 154, 1.0)",0.32809790273988915,10.821031854255802,1.0898717774727322,58.2812208790583,5.203512807183024,True,False,True,False,True,5.447567738444466,0.0,0.0,0.0,0.0,0,0.9741176404373367,0.9169577654317387,False,False,False,False,0.2686994998360218,0.26947215388330226,False,False,False,False,364373,180722.60365756435,False,False,False,False,24053.07836962491,False,False,False,False
2022-11-28 00:00:00+00:00,11.0555943068,11.1622135398,11.0555943068,11.0719972657,11333,,,,,,,,,,,,,,,,,,,,,,,11.128242873098555,10.931214471387108,10.777401207754641,10.715960426670202,,,,,,,,10.888204744727627,"rgba(38, 166, 154, 0.5)",0.3296092524254654,10.821257780877056,0.7109525117955657,56.10836536069205,5.203512807183024,True,False,True,False,False,3.7594549507282906,0.0,0.0,0.0,0.0,0,0.9890170621581557,0.913610669774442,False,False,False,False,0.23256437498428933,0.2510182644337958,False,False,False,False,353040,187480.1486121697,False,False,False,False,23554.251766894522,False,False,False,False
2022-11-29 00:00:00+00:00,11.1294076219,11.1540120603,11.0063854301,11.1048031836,9802,,,,,,,,,,,,,,,,,,,,,,,11.127289106616123,10.933199899225341,10.779903651782172,10.71784637533793,,,,,,,,10.889559758240392,"rgba(38, 166, 154, 0.5)",0.33198531979856155,10.821841050030898,0.9264463020705995,55.642787395967986,5.203512807183024,True,False,True,False,False,4.663098081160811,0.0,0.0,0.0,0.0,0,0.999605217355652,0.9101658597642497,False,False,False,False,0.22006120961363682,0.23553973702371633,False,False,False,False,362842,194357.08396071207,False,False,False,False,23014.947776035915,False,False,False,False
2022-11-30 00:00:00+00:00,11.1786164987,11.484695712,11.0966017041,11.0966017041,18865,,,,,,,,,,,,,,,,,,,,,,,11.134198889042274,10.940428702390875,10.786940338616994,10.722904156180624,,,,,,,,10.896118021557692,"rgba(38, 166, 154, 1.0)",0.3349485234162773,10.827346505703868,1.0487282923757513,55.980153441486834,5.203512807183024,True,False,True,False,False,5.2648316462996085,0.0,0.0,0.0,0.0,0,0.9988818199355929,0.880503975120837,False,False,False,False,0.3135931364445559,0.2745664367341361,False,False,False,False,381707,201704.13949166454,False,False,False,False,22852.20472599529,False,False,False,False
2022-12-01 00:00:00+00:00,11.2278253754,11.2688327727,11.2278253754,11.2688327727,2052,,,,,,,,,,,,,,,,,,,,,,,11.134835040102839,10.941166421090331,10.787674081077151,10.723436427886494,,,,,,,,10.896777992539203,"rgba(38, 166, 154, 1.0)",0.33862223586665524,10.827869506599946,1.1811270095019735,56.85628026693404,5.203512807183024,True,False,True,False,False,5.868324329888768,0.0,0.0,0.0,0.0,0,1.0025467096974994,0.9018285358485394,False,False,False,False,0.29440280925132306,0.2844846229927296,False,False,False,False,383759,208843.54578610908,False,False,False,False,22036.510423015083,False,False,False,False
2022-12-02 00:00:00+00:00,11.490272718,11.5148771564,11.0719972657,11.1786164987,7975,,,,,,,,,,,,,,,,,,,,,,,11.139885147573931,10.945108458198316,10.791236266357412,10.725961802711335,,,,,,,,10.900547918710249,"rgba(0, 255, 255, 0.75)",0.34788164631549534,10.831044994509384,1.8949770143744804,60.32569259637988,5.484576628069064,True,False,True,False,True,8.977770166740967,0.0,0.0,0.0,0.0,0,0.9975998125741331,0.8696652409206612,False,False,False,False,0.3148653631660057,0.2996749930793676,False,False,False,False,391734,216015.72046116364,False,False,False,False,21485.078641720374,False,False,False,False
2022-12-05 00:00:00+00:00,10.9899824712,11.4246608824,10.9899824712,11.4246608824,33697,,,,,,,,,,,,,,,,,,,,,,,11.139449792393359,10.952382448813182,10.800056214191487,10.732713220337759,,,,,,,,10.906150418933946,#000000,0.3477831762344648,10.834659900849644,0.4466074869752803,55.80376117397742,5.484576628069064,True,False,True,False,False,2.221629902034177,0.0,0.0,0.0,0.0,1,1.0193025174000068,0.8632210228216675,False,False,False,False,0.27600661992085407,0.28784080650011085,False,False,False,False,358037,221585.18240386312,False,False,False,False,21963.977518515654,False,False,False,False
2022-12-06 00:00:00+00:00,10.8013484437,11.0186876493,10.7890462245,10.9489750739,17165,,,,,,,,,,,,,,,,,,,,,,,11.128014978510137,10.950798828094278,10.800954926054873,10.733855674492908,,,,,,,,10.903406101788049,#000000,0.3472505187034562,10.831979390943602,-0.08820993949258685,51.039681278698716,6.517052137639318,False,False,False,False,False,0.0,0.0,0.0,0.0,0.0,1,1.0313935218477206,0.8690733648523349,False,False,False,False,0.14113998815666667,0.21449039732838876,False,False,False,False,340872,226263.0968193979,False,False,False,False,21775.78232171112,False,False,False,False
2022-12-07 00:00:00+00:00,10.8095499231,10.9653780328,10.7767440053,10.8669602793,5426,,,,,,,,,,,,,,,,,,,,,,,11.124346293491568,10.950195617218782,10.80115645868228,10.734162540158158,,,,,,,,10.902465227387697,#000000,0.34697184036472806,10.831145458505516,-0.06224002323305079,47.967725512762556,3.8350689706143015,False,True,False,True,False,0.003032575841590557,0.0,0.0,0.0,0.0,1,1.0240840202996973,0.8722167322706763,False,False,False,False,0.10520371134522372,0.15984705433680624,False,False,False,False,346298,230970.34792451956,False,False,False,False,21134.614387526373,False,False,False,False
2022-12-08 00:00:00+00:00,10.6701247724,10.8669602793,10.6701247724,10.8669602793,16787,,,,,,,,,,,,,,,,,,,,,,,11.109073856795652,10.94627595940712,10.80034433811366,10.73417524207673,,,,,,,,10.89746734909829,#000000,0.34612218545239404,10.827045562965454,-0.45336819528154,44.65413557217052,0.9054440671529065,False,True,False,True,False,0.0,0.0,0.0,0.0,0.0,0,1.0030823189661737,0.8977029931774317,False,False,False,False,0.05709417257615365,0.10847061345647994,False,False,False,False,329511,234834.68722159724,False,False,False,False,20964.119705662593,False,False,False,False
2022-12-09 00:00:00+00:00,10.5717070189,10.7111321697,10.5717070189,10.6701247724,21021,,,,,,,,,,,,,,,,,,,,,,,11.086048979421829,10.938934967744807,10.797555967543245,10.733014883651917,,,,,,,,10.88888869959045,"rgba(239, 83, 80, 0.5)",0.3434771544576267,10.820447477009992,-0.72418341331251,41.61040798698366,-1.791644623899387,False,True,False,True,False,0.0,0.0,0.0,0.0,0.0,0,0.9979330285844753,0.9100548124911907,False,False,False,False,-0.036231371368321434,0.03611962104407926,False,False,False,False,308490,237723.13085996598,False,False,False,False,20966.350305440534,False,False,False,False
2022-12-12 00:00:00+00:00,10.7603410464,10.7603410464,10.6619232929,10.6619232929,4226,,,,,,,,,,,,,,,,,,,,,,,11.082699960237898,10.937988320391266,10.797341154277952,10.733003885379734,,,,,,,,10.887758330071712,#000000,0.3389825915362946,10.819636636845843,-0.17492222882924463,42.201294451032254,-1.791644623899387,False,True,False,True,False,0.0,0.0,0.0,0.0,0.0,0,0.9820613813689298,0.9053802959686961,False,False,False,False,-0.08267912795078447,-0.023279753453352606,False,False,False,False,312716,240664.02768898694,False,False,False,False,20309.865979736984,False,False,False,False
2022-12-13 00:00:00+00:00,10.8505573204,10.9161691561,10.8505573204,10.9161691561,2937,,,,,,,,,,,,,,,,,,,,,,,11.081343655506288,10.93778492080786,10.797500906436342,10.733198094707644,,,,,,,,10.887456894364535,#000000,0.3363352553820731,10.819459036517449,0.09246215906573342,43.732611515935155,-1.791644623899387,False,True,False,True,False,0.6007396784364936,0.0,0.0,0.0,0.0,0,0.9831364681755793,0.9174655500180604,False,False,False,False,-0.02332022187914669,-0.023299987666249647,False,False,False,False,315653,243604.77170118352,False,False,False,False,19628.577117786514,False,False,False,False
2022-12-14 00:00:00+00:00,10.8915647177,10.965296018,10.6865277313,10.8669602793,7188,,,,,,,,,,,,,,,,,,,,,,,11.077714105586614,10.937106786336297,10.797761437101736,10.733587440752824,,,,,,,,10.886542442444366,#000000,0.33365414048549413,10.818894612888656,0.21780069836868532,45.2722787129688,-1.791644623899387,False,True,False,True,True,1.1004978430332528,0.0,0.0,0.0,0.0,0,0.9543229813883518,0.932385320293553,False,False,False,False,-0.06652825432437848,-0.04491412099531406,False,False,False,False,322841,246712.07477172534,False,False,False,False,19140.71134846155,False,False,False,False
2022-12-15 00:00:00+00:00,10.6619232929,10.8739315369,10.6619232929,10.7849454848,10856,,,,,,,,,,,,,,,,,,,,,,,11.06979938684949,10.934805357157154,10.797255555969723,10.73358236261936,,,,,,,,10.883860665648932,#000000,0.3330802093439274,10.817058580107522,-0.4657595463660095,43.837911691448625,-1.791644623899387,False,True,False,True,True,0.0,0.0,0.0,0.0,0.0,0,0.9486954345084219,0.9506152096405115,False,False,False,False,-0.11039085604640347,-0.07765248852085876,False,False,False,False,311985,249271.7973296969,False,False,False,False,18815.82070734541,False,False,False,False
2022-12-16 00:00:00+00:00,10.6291173751,10.6291173751,10.4404833476,10.5799084984,18503,,,,,,,,,,,,,,,,,,,,,,,11.050856982178805,10.927869324635502,10.7942389704976,10.732138868885833,,,,,,,,10.876276036549436,"rgba(239, 83, 80, 0.5)",0.33286394867453317,10.81171551607521,-0.5485668895725051,42.561687353334,-1.791644623899387,False,True,False,True,True,0.0,0.0,0.0,0.0,0.0,0,0.92717112040637,0.9624194372036136,False,False,False,False,-0.2930008284393207,-0.18532665848008972,False,False,False,False,293482,251005.53076774802,False,False,False,False,18803.553228625984,False,False,False,False
2022-12-19 00:00:00+00:00,10.4937929641,10.6537218135,10.4814907449,10.6537218135,18629,,,,,,,,,,,,,,,,,,,,,,,11.03232478791716,10.920712789148512,10.790978862023307,10.730510413433102,,,,,,,,10.86863171313052,"rgba(239, 83, 80, 0.5)",0.3342622624922101,10.806463611878149,-0.9354051679268909,40.42924181240777,-3.24362047283298,False,True,False,True,False,0.0,0.0,0.0,0.0,0.0,0,0.934235851722322,0.9544822023078199,False,False,False,False,-0.26640367138426907,-0.2258651649321794,False,False,False,False,274853,251940.72563960103,False,False,False,False,18796.708003973985,False,False,False,False
2022-12-20 00:00:00+00:00,10.4316257498,10.5717070189,10.3174611558,10.374871512,19807,,,,,,,,,,,,,,,,,,,,,,,11.01021163758182,10.91139817678721,10.786205989231565,10.727877498803664,,,,,,,,10.858923325601065,"rgba(239, 83, 80, 1.0)",0.3362153281556914,10.79980409619179,-1.0950671059866066,38.44931299375524,-5.304802019864653,False,True,False,True,False,0.0,0.0,0.0,0.0,0.0,0,0.9196697919602533,0.9648409531873671,False,False,False,False,-0.34282825441539394,-0.28434670967378667,False,False,False,False,255046,252062.50110471473,False,False,False,False,18836.32729793579,False,False,False,False
2022-12-21 00:00:00+00:00,10.4896922244,10.5440680332,10.4158789093,10.5306996216,33681,,,,,,,,,,,,,,,,,,,,,,,10.978740068211458,10.897732551757638,10.779352850387578,10.724160777678104,,,,,,,,10.844996562008696,"rgba(239, 83, 80, 0.5)",0.3376087577098561,10.790587810810228,-0.8912552756371915,38.12125320612293,-5.835445802857009,False,True,False,True,False,0.0,0.0,0.0,0.0,0.0,0,0.9204796577511577,0.9899629041533498,False,False,False,False,-0.31427507770924645,-0.29931089369151653,False,False,False,False,288727,253500.32459080435,False,False,False,False,19418.471325467723,False,False,False,False
2022-12-22 00:00:00+00:00,10.3461663339,10.5446539374,10.2882741162,10.4784914029,26701,,,,,,,,,,,,,,,,,,,,,,10.393031462500002,10.952264556263536,10.885278138577695,10.772547819840984,10.720220467878868,,,,,,,,10.744668489012216,"rgba(239, 83, 80, 1.0)",0.3404600014352868,10.760728882410383,-1.217654193628329,36.52975507893466,-7.6028718881968445,False,True,False,True,False,0.0,0.0,0.0,0.0,0.0,0,0.9045246846185754,0.9890952662133642,True,False,False,False,-0.34282825441539394,-0.32106957405345526,False,False,False,False,262026,253834.66480292968,True,False,False,False,19704.060685253302,True,False,False,False
2022-12-23 00:00:00+00:00,10.4205991852,10.5529242542,10.3461663339,10.4123288684,34343,,,,,,,,,,,,,,,,,,,,,,10.419397511767903,10.924112353160357,10.871576834544335,10.765178092917244,10.715994688161645,,,,,,,,10.739251896110297,"rgba(239, 83, 80, 0.5)",0.34209225131651094,10.754051833961357,-0.9747448165753382,36.77978316150592,-7.617162909485145,False,True,False,True,False,0.0,0.0,0.0,0.0,0.0,0,0.9172946963832855,0.9677102557275553,False,False,False,False,-0.31691622300855676,-0.318992898531006,False,False,False,False,296369,255502.67794791283,False,False,False,False,20278.136736811997,False,False,False,False
2022-12-27 00:00:00+00:00,10.4619507693,10.5239781454,10.4454101356,10.4784914029,9223,,,,,,,,,,,,,,,,,,,,,,10.426973046550996,10.917612407744087,10.868344639106757,10.763474324436459,10.715031504884376,,,,,,,,10.738287184544536,"rgba(239, 83, 80, 0.5)",0.34361913562762236,10.752622953678067,-0.8459138454182793,37.67413530593933,-7.617162909485145,False,True,False,True,False,0.0,0.0,0.0,0.0,0.0,0,0.9251112796236733,0.9641850101081264,False,False,False,False,-0.2898280475312246,-0.3044104730311153,False,False,False,False,305592,257466.96508721038,False,False,False,False,19844.60196281937,False,False,False,False
2022-12-28 00:00:00+00:00,10.5033023533,10.5281133038,10.4619507693,10.4619507693,24976,,,,,,,,,,,,,,,,,,,,,,10.445543382196986,10.901706925502856,10.860300797864817,10.759286025057888,10.712685085313082,,,,,,,,10.735904443187128,"rgba(239, 83, 80, 0.5)",0.3442487938865824,10.749165465900564,-0.7142018126621716,39.01445606163182,-7.617162909485145,False,True,False,True,False,0.0,0.0,0.0,0.0,0.0,0,0.9528650585425555,0.9661110730066277,False,False,False,False,-0.2819406658747972,-0.29317556945295625,False,False,False,False,330568,260333.67233869235,False,False,False,False,20045.833258395083,False,False,False,False
2022-12-29 00:00:00+00:00,10.5694648878,10.6092451117,10.296544433,10.4867617197,51262,,,,,,,,,,,,,,,,,,,,,,10.461711563360929,10.872129013331694,10.844580984063436,10.75090121418389,10.707893574099444,,,,,,,,10.727443269807878,#000000,0.3443784319932226,10.741480433611011,-0.4994956995866568,41.092436475514994,-7.617162909485145,False,True,False,True,True,0.0,0.0,0.0,0.0,0.0,1,0.8944423311939264,0.9696107450989623,False,False,False,False,-0.3143159641860885,-0.30374576681952237,False,False,False,False,381830,265098.2342077632,False,False,False,False,21269.996660026653,False,False,False,False
2022-12-30 00:00:00+00:00,10.5529242542,10.6468750532,10.4702210861,10.519842987,13002,,,,,,,,,,,,,,,,,,,,,,10.469452255861007,10.866459993236532,10.841499597166655,10.749369419307211,10.7070662942034,,,,,,,,10.726769511954961,"rgba(239, 83, 80, 0.5)",0.3448807828175912,10.740347034864449,-0.5434422270016043,42.229144116206285,-7.617162909485145,False,True,False,True,True,0.0,0.0,0.0,0.0,0.0,1,0.9117113785174853,0.9678975817841691,False,False,False,False,-0.2341839579218375,-0.26896486237067996,False,False,False,False,368828,269166.06816039997,False,False,False,False,20945.76149688835,False,False,False,False
2023-01-03 00:00:00+00:00,10.4784914029,10.5942758383,10.4454101356,10.5529242542,11252,,,,,,,,,,,,,,,,,,,,,,10.471864430319181,10.860940833023065,10.838421202840262,10.747720059732838,10.706119135466409,,,,,,,,10.72501313227635,"rgba(239, 83, 80, 0.5)",0.3461096355984812,10.73885371163889,-0.7522538581992417,41.86790613838493,-7.617162909485145,False,True,False,True,True,0.0,0.0,0.0,0.0,0.0,1,0.9057305003370315,0.9789692817774077,False,False,False,False,-0.2631475537494876,-0.2660562080600838,False,False,False,False,357576,272633.1243109725,False,False,False,False,20565.613987206452,False,False,False,False
2023-01-04 00:00:00+00:00,10.4867617197,10.5694648878,10.4454101356,10.4454101356,12038,,,,,,,,,,,,,,,,,,,,,,10.473753212368651,10.855131407863144,10.835136114484564,10.745940367886453,10.705087991727115,,,,,,,,10.723009818865986,"rgba(239, 83, 80, 0.5)",0.3461802960732936,10.737223022957405,-0.7234995928375331,41.80630900587004,-7.617162909485145,False,True,False,True,True,0.0,0.0,0.0,0.0,0.0,1,0.9013828943407338,0.9884574896020354,False,False,False,False,-0.27252062552669976,-0.26928841679339177,False,False,False,False,369614,276436.2959066207,False,False,False,False,20231.197752414042,False,False,False,False
2023-01-05 00:00:00+00:00,10.5115726701,10.561194571,10.3957882348,10.3957882348,6381,,,,,,,,,,,,,,,,,,,,,,10.474284977421219,10.852033881904553,10.83336401549799,10.744965431468806,10.704516354489206,,,,,,,,10.721832932156357,"rgba(239, 83, 80, 0.5)",0.34704401301296395,10.73631193791302,-0.6475814576424516,42.33414260016904,-7.617162909485145,False,True,False,True,True,0.0,0.0,0.0,0.0,0.0,1,0.8994894279664951,0.985521267288405,False,False,False,False,-0.2945773138172907,-0.28193286530534123,False,False,False,False,375995,280340.55881224346,False,False,False,False,19688.052742515454,False,False,False,False
2023-01-06 00:00:00+00:00,10.8010337586,11.0160619958,10.6025461551,10.6025461551,26410,,,,,,,,,,,,,,,,,,,,,,10.514987836684893,10.850492931160993,10.832806756064691,10.745919485157687,10.705624008878605,,,,,,,,10.729966203589374,#000000,0.3463426126264947,10.7391426422622,0.1786991091521971,47.838187202190326,-6.479097327120051,False,True,False,False,True,0.9551834657284388,0.0,0.0,0.0,0.0,1,0.9177623861269878,0.9478901405331802,False,False,False,False,-0.05355242556845421,-0.1677426454368977,False,False,False,False,402405,285127.39964313584,False,False,False,False,19951.65851731877,False,False,False,False
2023-01-09 00:00:00+00:00,10.9002775604,11.0329334421,10.7969813034,10.8589259763,10685,,,,,,,,,,,,,,,,,,,,,,10.53364401702694,10.851298375838766,10.833450868690287,10.74694192804119,10.706518016514046,,,,,,,,10.734370641222245,#000000,0.34583926544083277,10.740969952547275,0.46064060322837896,52.78824218626199,-1.9351199701021287,True,False,True,False,True,2.262868636355435,0.0,0.0,0.0,0.0,0,0.9259287964608568,0.947754439635635,False,False,False,False,0.020865337177705882,-0.07343865412959591,False,False,False,False,413090,290145.5408336011,False,False,False,False,19588.260144090582,False,False,False,False
2023-01-10 00:00:00+00:00,11.0037392237,11.1483870648,10.8423853427,10.9416291445,19734,,,,,,,,,,,,,,,,,,,,,,10.57090704807087,10.854876603772775,10.835948750146777,10.74979921897483,10.708854636398879,,,,,,,,10.744077251472826,"rgba(38, 166, 154, 0.5)",0.34526971502035586,10.745339059857733,0.7484008953030629,57.291035350822966,2.0416465829682338,True,False,True,False,True,3.6041851749181646,0.0,0.0,0.0,0.0,0,0.9302061151436665,0.9458364946047365,False,False,False,False,0.07762733490513485,0.0020943403877694694,False,False,False,False,432824,295740.7745264011,False,False,False,False,19593.975432557618,False,False,False,False
2023-01-11 00:00:00+00:00,11.1483870648,11.1649276984,11.0160619958,11.049143263,16420,,,,,,,,,,,,,,,,,,,,,,10.60462497749481,10.859941461551795,10.83936100335705,10.75317401044057,10.711509679998823,,,,,,,,10.753722226568609,"rgba(38, 166, 154, 1.0)",0.3358741709273508,10.74997766357547,1.1861864820522492,61.74740636415323,5.907173441870675,True,False,True,False,True,5.434293246230414,0.0,0.0,0.0,0.0,0,0.9437541396089717,0.9451994448226483,False,False,False,False,0.14543025622193848,0.07376229830485398,False,False,False,False,449244,301760.5088586991,False,False,False,False,19469.505807751437,False,False,False,False
2023-01-12 00:00:00+00:00,11.3055230843,11.363415302,11.1566573816,11.1980089657,23468,,,,,,,,,,,,,,,,,,,,,,10.659669737010871,10.871407936986873,10.84698706113638,10.760075875623604,10.716794694924012,,,,,,,,10.77098706113635,"rgba(0, 255, 255, 0.75)",0.31769930174133526,10.758750623300646,1.7210376541668533,66.02866069118659,9.583576826695342,True,False,True,False,True,7.3563608630635215,0.0,0.0,0.0,0.0,0,0.969460350960015,0.9232052780059841,False,False,False,False,0.27012871084806006,0.17194550457645702,False,False,False,False,472712,308464.488903456,False,False,False,False,19626.309501565105,False,False,False,False
2023-01-13 00:00:00+00:00,11.2889824506,11.3633325988,11.2807121338,11.3055230843,5897,,,,,,,,,,,,,,,,,,,,,,10.672833045100049,10.874437107562644,10.849018312817625,10.761900145402334,10.718191330051729,,,,,,,,10.775275988186877,"rgba(0, 255, 255, 0.75)",0.30291960154758973,10.760986187089733,1.7430244223641556,68.50299357749759,11.610710036626926,True,False,True,False,True,7.112672960196992,0.0,0.0,0.0,0.0,0,0.9779648706468432,0.9252617007951611,False,False,False,False,0.31764192428169724,0.24479371442907713,False,False,False,False,466815,314674.3128680264,False,False,False,False,19087.90520738608,False,False,False,False
2023-01-17 00:00:00+00:00,11.3137934011,11.3964965692,11.2641715002,11.2641715002,19842,,,,,,,,,,,,,,,,,,,,,,10.714345636425167,10.884642910330513,10.85592477672037,10.76810282644422,10.72295121336144,,,,,,,,10.789193472656342,"rgba(0, 255, 255, 0.75)",0.29691198429920435,10.768382354456826,1.8369452076193473,70.37012904446235,13.203147871105315,True,False,True,False,True,7.4187482270628635,0.0,0.0,0.0,0.0,0,0.989699503675446,0.9143931925488175,False,False,False,False,0.32411537768204224,0.2844545460555597,False,False,False,False,486657,321418.731971241,False,False,False,False,19117.477552194472,False,False,False,False
2023-01-18 00:00:00+00:00,11.3055230843,11.4270967414,11.2807121338,11.3716856188,14492,,,,,,,,,,,,,,,,,,,,,,10.74204895341293,10.89202035281875,10.86097960453919,10.772650832635245,10.72645458693218,,,,,,,,10.798830866067657,"rgba(0, 255, 255, 0.75)",0.28851066020983596,10.773629598761719,1.8435834750488307,71.39418734523929,14.150188545739681,True,False,True,False,True,7.292550156171277,0.0,0.0,0.0,0.0,0,0.9996622094206425,0.8950325681900853,False,False,False,False,0.3426186808347809,0.3135366134451703,False,False,False,False,472165,327330.35032531,False,False,False,False,18936.086275637826,False,False,False,False
2023-01-19 00:00:00+00:00,11.3964965692,11.4874700542,11.1566573816,11.2889824506,43307,,,,,,,,,,,,,,,,,,,,,,10.812950002415207,10.913123592424537,10.875748869206737,10.786031130067904,10.736842226112783,,,,,,,,10.824939164045434,"rgba(0, 255, 0, 1.0)",0.28225301104984185,10.788364827796393,2.1545624584894854,72.94056513733545,15.715439248103806,True,False,True,False,True,8.436558209784842,0.0,0.0,0.0,0.0,0,0.9872899115040079,0.8962130262674158,False,False,False,False,0.31767406644375856,0.31560533994446444,False,False,False,False,515472,334708.45423412137,False,False,False,False,19891.80838247556,False,False,False,False
2023-01-20 00:00:00+00:00,11.4626591037,11.4626591037,11.386572189,11.404766886,9499,,,,,,,,,,,,,,,,,,,,,,10.828601016895005,10.918404081801627,10.879467963026755,10.789342811143898,10.739405168167075,,,,,,,,10.831044208206873,"rgba(0, 255, 0, 1.0)",0.28597829860014945,10.7919033544656,2.345477795055495,74.54986962929611,17.404439161454704,True,False,True,False,True,9.26086304937608,0.0,0.0,0.0,0.0,0,0.996793899850274,0.903961339306913,False,False,False,False,0.34282818094851564,0.32921676044649006,False,False,False,False,524971,342169.7305386656,False,False,False,False,19484.247269437303,False,False,False,False
2023-01-23 00:00:00+00:00,11.5246864798,11.566352013,11.4830209466,11.4830209466,26320,,,,,,,,,,,,,,,,,,,,,,10.873809848396538,10.934867724455847,10.891094962566987,10.799559551393157,10.747286710583534,,,,,,,,10.849323759479214,"rgba(0, 255, 0, 1.0)",0.2947086620311903,10.840654091138012,2.3210460932756503,76.13757830267656,19.11366700101449,True,False,True,False,True,10.03053659612829,0.0,0.0,0.0,0.0,0,1.0240758348248937,0.8940294603538226,False,False,False,False,0.34282818758246436,0.3360224740144772,False,False,False,False,551291,350370.56463518855,False,False,False,False,19752.316003969172,False,True,False,False
2023-01-24 00:00:00+00:00,11.4955206066,11.5080202665,11.4580216267,11.4913540533,10264,,,,,,,,,,,,,,,,,,,,,,10.888961390612419,10.940655310698283,10.895254681723639,10.803265159970055,10.750171364452758,,,,,,,,10.855661581491429,"rgba(0, 255, 0, 1.0)",0.30276260853416326,10.84370492578455,2.1528935953195805,76.27898872159838,19.52279017547464,True,False,True,False,True,9.555540402511845,0.0,0.0,0.0,0.0,0,1.0289487343956796,0.8860239467155898,False,False,False,False,0.3152284431823801,0.3256254585984286,False,False,False,False,541027,357847.2875906714,False,False,False,False,19380.22518028411,False,False,False,False
2023-01-25 00:00:00+00:00,11.3496912404,11.5496024687,11.3413581338,11.3913567736,10538,,,,,,,,,,,,,,,,,,,,,,10.901936556293812,10.945688764270683,10.898941648504966,10.806623188152297,10.752816139489337,,,,,,,,10.86120125934222,"rgba(0, 255, 255, 0.75)",0.3060931736421883,10.845723782978007,1.646451148927328,72.28445325703984,19.52279017547464,True,False,True,False,False,7.212409689323799,0.0,0.0,0.0,0.0,0,1.0185995018565763,0.9020027093858806,False,False,False,False,0.29075420985418393,0.3081898342263063,False,False,False,False,530489,364617.5508224098,False,False,False,False,19033.471251645515,False,False,False,False
2023-01-26 00:00:00+00:00,11.4330223068,11.46843801,11.3913567736,11.3913567736,2626,,,,,,,,,,,,,,,,,,,,,,10.905177109844951,10.946972433059043,10.899883035657558,10.807478052335334,10.753489178958493,,,,,,,,10.862599961971076,"rgba(0, 255, 255, 0.75)",0.3109952838278757,10.84636719859234,1.886379436327246,70.71033929144579,19.52279017547464,True,False,True,False,False,8.290311583238235,0.0,0.0,0.0,0.0,0,0.9964695584593459,0.9355065725919378,False,False,False,False,0.2806952900055691,0.29444256211593767,False,False,False,False,533115,371225.29392741335,False,False,False,False,18390.04100648295,False,False,False,False
2023-01-27 00:00:00+00:00,11.4413554134,11.5243531556,11.4163560935,11.4580216267,9175,,,,,,,,,,,,,,,,,,,,,,10.916817526063376,10.9516770671342,10.903328956900909,10.81058822343615,10.755933069434645,,,,,,,,10.867668968593856,"rgba(0, 255, 255, 0.75)",0.31614787541361056,10.849089239181748,1.8733833761919214,69.76866669675186,19.52279017547464,True,False,True,False,False,8.398377258616613,0.0,0.0,0.0,0.0,0,0.9789403299127362,0.9524367982646479,False,False,False,False,0.30693116956940386,0.3006868658426708,False,False,False,False,542290,377933.71377339715,False,False,False,False,18028.666849365967,False,False,False,False
2023-01-30 00:00:00+00:00,11.3246919205,11.4246892002,11.3038591539,11.4080229869,13952,,,,,,,,,,,,,,,,,,,,,,10.93022774616496,10.957162846361488,10.907473925981556,10.814473462734243,10.75904420191366,,,,,,,,10.873676436631182,"rgba(38, 166, 154, 1.0)",0.3196199685684201,10.851331705413976,1.4810095164147805,66.13057779760376,22.608352556908216,True,False,True,False,False,6.5120262408208625,0.0,0.0,0.0,0.0,0,0.9543970208872364,0.9519462398029164,False,False,False,False,0.2389107824839877,0.26979882416332923,False,False,False,False,528338,383831.9210764012,False,False,False,False,17868.797561155538,False,False,False,False
2023-01-31 00:00:00+00:00,11.383023667,11.4162727625,11.3330250272,11.3663574537,31173,,,,,,,,,,,,,,,,,,,,,,10.959092218245313,10.969676327899693,10.91699755654551,10.823372313906022,10.766183576237422,,,,,,,,10.887064398566793,"rgba(0, 255, 255, 0.75)",0.32202066100391424,10.85815109870698,1.6299344478602882,64.64027531372213,21.069067362075742,True,False,True,False,False,7.293366246636637,0.0,0.0,0.0,0.0,0,0.9549664042792531,0.9472002965404953,False,False,False,False,0.24545898717492393,0.25762890566912655,False,False,False,False,559511,390721.2967204639,False,False,False,False,18390.53099012983,False,False,False,False
2023-02-01 00:00:00+00:00,11.3663574537,11.4246892002,11.2747766118,11.4246892002,23482,,,,,,,,,,,,,,,,,,,,,,10.977461119576944,10.978134963776405,10.923587190197852,10.829631221259044,10.77126249750894,,,,,,,,10.896015398463836,"rgba(0, 255, 255, 0.75)",0.32464266726355745,10.86294344406086,1.5506711236771835,63.21557059192173,19.550494705366376,True,False,True,False,False,7.020559972578333,0.0,0.0,0.0,0.0,0,0.9695360141707844,0.9457091410735704,False,False,False,False,0.22976636958456295,0.24369763762684477,False,False,False,False,536029,396419.63802554377,False,False,False,False,18590.19644149729,False,False,False,False
2023-02-02 00:00:00+00:00,11.4413554134,11.4578549646,11.3663574537,11.3663574537,8833,,,,,,,,,,,,,,,,,,,,,,10.98507877447995,10.981766410177267,10.926389397158822,10.832241028426688,10.773365626208497,,,,,,,,10.899768247290243,"rgba(0, 255, 255, 0.75)",0.32679951667010265,10.865276635758464,1.7627895644138163,63.508596637066624,19.550494705366376,True,False,True,False,False,8.039837530910106,0.0,0.0,0.0,0.0,0,0.9754948951157181,0.9848971614297609,False,False,False,False,0.26927807755924477,0.25648785759304477,False,False,False,False,544862,402240.9071225813,False,False,False,False,18207.56128692877,False,False,False,False
2023-02-03 00:00:00+00:00,11.3996898803,11.4830209466,11.3746905603,11.4580216267,14612,,,,,,,,,,,,,,,,,,,,,,10.997047689724615,10.987608621267047,10.93093130147829,10.836488471675612,10.776800557028416,,,,,,,,10.905775328234794,"rgba(0, 255, 255, 0.75)",0.3292070939542039,10.869028940958621,1.6119365259340355,62.54246852309195,18.4207042933122,True,False,True,False,False,7.339952172056908,0.0,0.0,0.0,0.0,0,0.976983020707092,0.9310991456727838,False,False,False,False,0.280024892786438,0.2682563751897414,False,False,False,False,530250,407260.8715491468,False,False,False,False,18066.558883519796,False,False,False,False
2023-02-06 00:00:00+00:00,11.2496939608,11.3829403359,11.2413608541,11.3746905603,16094,,,,,,,,,,,,,,,,,,,,,,11.00572204587762,10.992012344431751,10.93455347275509,10.840085441472983,10.77979744445873,,,,,,,,10.910434149799233,"rgba(38, 166, 154, 1.0)",0.33023395435300384,10.871427238480356,1.1454507246559376,58.31944855263812,14.219685687786992,False,False,True,False,False,4.867173983315638,0.0,0.0,0.0,0.0,0,0.9463906727267494,0.9476793778226986,False,False,False,False,0.20630237295723483,0.2372793740734881,False,False,False,False,514156,411452.83737074886,False,False,False,False,17989.203633185687,False,False,False,False
2023-02-07 00:00:00+00:00,11.3330250272,11.3330250272,11.2455274075,11.3330250272,17038,,,,,,,,,,,,,,,,,,,,,,11.014743907680483,10.996726701963555,10.93844148708342,10.843935922657119,10.783009078833249,,,,,,,,10.915371419643566,"rgba(38, 166, 154, 1.0)",0.33261887024978337,10.874174830810775,1.3795074105225806,57.13623837043139,12.986459603766008,False,False,True,False,False,6.04116795657141,0.0,0.0,0.0,0.0,0,0.9541455506259735,0.9515892205266786,False,False,False,False,0.19213152422416185,0.21470544914882497,False,False,False,False,531194,416148.56923856266,False,False,False,False,17951.901529923503,False,False,False,False
2023-02-08 00:00:00+00:00,11.3330250272,11.3746905603,11.2246946409,11.3746905603,14726,,,,,,,,,,,,,,,,,,,,,,11.022289834178805,11.000777544122895,10.941799167893207,10.847262237652219,10.785789946297712,,,,,,,,10.919583746028966,"rgba(38, 166, 154, 1.0)",0.33497543576043187,10.87663094155711,1.36247030952232,56.347431582293574,12.066147304120484,False,False,True,False,False,6.041167956571389,0.0,0.0,0.0,0.0,0,0.9495667616429994,0.9482798187419756,False,False,False,False,0.19857477145077923,0.20664011029980212,False,False,False,False,531194,420660.1547586191,False,False,False,False,17825.395587573563,False,False,False,False
2023-02-09 00:00:00+00:00,11.2330277475,11.3448580386,11.2330277475,11.2663601741,10417,,,,,,,,,,,,,,,,,,,,,,11.02668229925004,11.003214374557118,10.943881322698097,10.849383664431816,10.787589084875975,,,,,,,,10.92215014916261,"rgba(38, 166, 154, 1.0)",0.3361989635793539,10.87806075728074,1.0558241656669323,53.55381779403216,9.255158178505312,False,False,False,False,False,4.380857103517922,0.0,0.0,0.0,0.0,0,0.961741271872539,0.9487746453495969,False,False,False,False,0.191925603025107,0.19928285666245454,False,False,False,False,520777,424586.3055523988,False,False,False,False,17534.870270413816,False,False,False,False
2023-02-10 00:00:00+00:00,11.3412748027,11.3413581338,11.199695321,11.2496939608,17120,,,,,,,,,,,,,,,,,,,,,,11.034246048077854,11.00747344552424,10.947491945547355,10.853018904480145,10.790661454515416,,,,,,,,10.926578359629001,"rgba(38, 166, 154, 1.0)",0.33851343898337216,10.88070297820154,1.360571757155798,53.926256205188935,9.255158178505312,False,False,False,False,False,5.943606844672896,0.0,0.0,0.0,0.0,0,0.9634078046009742,0.9482413950183268,False,False,False,False,0.18057290201045378,0.18992787933645416,False,False,False,False,537897,429029.86219740275,False,False,False,False,17518.600848044647,False,False,False,False
2023-02-13 00:00:00+00:00,11.3330250272,11.4158561071,11.3163588139,11.3330250272,15953,,,,,,,,,,,,,,,,,,,,,,11.04248463571024,11.01215208919389,10.951370224067121,10.856814155633556,10.793833713615728,,,,,,,,10.931330963644106,"rgba(38, 166, 154, 1.0)",0.3407682395642385,10.883801938370764,1.3182657204312376,53.97979899393976,9.255158178505312,False,False,False,False,False,5.8045466747491865,0.0,0.0,0.0,0.0,0,0.9651533940496594,0.9747489155780013,False,False,False,False,0.2400664181867409,0.21499714876159753,False,False,False,False,521944,432673.553875936,False,False,False,False,17457.204736356623,False,False,False,False
2023-02-14 00:00:00+00:00,11.3412748027,11.3746905603,11.2996926006,11.3163588139,12896,,,,,,,,,,,,,,,,,,,,,,11.04850543071134,11.015665232147649,10.954325636699481,10.859740073821728,10.796297390936138,,,,,,,,10.934906752863267,"rgba(38, 166, 154, 1.0)",0.3429490502935113,10.886126477154015,1.3271601864954803,54.19331075365021,9.207141609767604,False,False,False,False,False,5.9256374370537905,0.0,0.0,0.0,0.0,0,0.9542341435601734,0.9608952882727638,False,False,False,False,0.2219099115780539,0.21845353016982572,False,False,False,False,534840,436680.0811749189,False,False,False,False,17278.333962381854,False,False,False,False
2023-02-15 00:00:00+00:00,11.3246919205,11.3413581338,11.2746932807,11.291359494,18812,,,,,,,,,,,,,,,,,,,,,,11.056142316277802,11.020270476470188,10.958281823292555,10.863725765094236,10.799687894303904,,,,,,,,10.939621655087738,"rgba(38, 166, 154, 1.0)",0.3449606281565617,10.889165769430347,1.262538723323483,53.8796316202235,8.571116039787768,False,False,False,False,False,5.636199592639709,0.0,0.0,0.0,0.0,0,0.9672783433945553,0.9912826974908626,False,False,False,False,0.2037410878976432,0.21109730903373447,False,False,False,False,516028,439791.7642660986,False,False,False,False,17338.477728562957,False,False,False,False
2023-02-16 00:00:00+00:00,11.291359494,11.3496912404,11.291359494,11.291359494,16722,,,,,,,,,,,,,,,,,,,,,,11.062501190674427,11.024208521804084,10.961699113122425,10.867188816711915,10.802648528286108,,,,,,,,10.94364923411979,"rgba(38, 166, 154, 1.0)",0.34648758240064376,10.891799849327562,1.1531716141285175,52.73906371420679,7.171424755567109,False,False,False,False,False,5.048972899355231,0.0,0.0,0.0,0.0,1,0.985400746171255,0.9868328415605805,False,False,False,False,0.21151081694706556,0.2113040629904,False,False,False,False,499306,442125.6558635065,False,False,False,False,17314.30213136441,False,False,False,False
2023-02-17 00:00:00+00:00,11.1371970212,11.4395643611,11.1119997428,11.2883806911,12960,,,,,,,,,,,,,,,,,,,,,,11.065673311805163,11.0263436237443,10.963696744588503,10.869351432819801,10.804556634032004,,,,,,,,10.945924349397954,"rgba(38, 166, 154, 0.5)",0.3459796862663042,10.893178766338746,0.7052964799598985,48.43470249862358,2.9226923774919626,False,True,False,True,False,2.3892165763005835,0.0,0.0,0.0,0.0,1,0.9881508107455892,0.9277153215092271,False,False,False,False,0.1838077468648769,0.19755590492763844,False,False,False,False,486346,443859.7870061141,False,False,False,False,17143.545185036393,False,False,False,False
2023-02-21 00:00:00+00:00,10.8516278668,11.1581947531,10.7844351246,11.1371970212,54347,,,,,,,,,,,,,,,,,,,,,10.931419248166666,11.055773196747522,11.022378287369545,10.962718020880258,10.870866724347094,10.806890507337648,,,,,,,,10.941674330808121,#000000,0.34615550459788863,10.891893024099216,-0.11632100823007561,41.57748610159585,-3.4491245681491947,False,True,False,True,False,0.0,0.0,0.0,0.0,0.0,0,0.9515379332197147,0.9559515315977194,False,False,False,False,0.000440488684561859,0.09899819680610016,False,False,False,False,431999,443394.6581039136,False,False,False,False,18602.504197387905,False,False,False,False
2023-02-22 00:00:00+00:00,10.8684260523,10.9272197018,10.8516278668,10.8600269596,47502,,,,,,,,,,,,,,,,,,,,,10.908568296138839,11.045276739313085,11.017448267203806,10.960644938273568,10.871108199295014,10.808085856570395,,,,,,,,10.935188716132451,#000000,0.3448281103252483,10.8875572662274,-0.055480436062347434,37.46445759897043,-7.020467446822238,False,True,False,True,False,0.0,0.0,0.0,0.0,0.0,0,0.971460283407546,0.9710433033202884,False,False,False,False,-0.04836732652815218,0.02531543513897399,False,False,False,False,479501,444810.59308023076,False,False,False,False,19735.817758274654,False,False,False,False
2023-02-23 00:00:00+00:00,10.9272197018,10.994412444,10.9021064144,10.9776142584,32298,,,,,,,,,,,,,,,,,,,,,10.916436012229552,11.041163110889668,11.01566582500773,10.9603102689084,10.872090596980906,10.809503420476807,,,,,,,,10.935861539082177,#000000,0.34342593279228556,10.887070392065809,0.1169082061093946,36.335418015626274,-7.832446352537659,False,True,False,True,False,0.0,0.0,0.0,0.0,0.0,0,0.985104652884846,0.9404958638619165,False,False,False,False,-0.01329096228564409,0.00601223642666495,False,False,False,False,511799,447437.5894300256,False,False,False,False,20228.452355989375,False,False,False,False
2023-02-24 00:00:00+00:00,10.8516278668,10.9209203822,10.8516278668,10.918820609,24775,,,,,,,,,,,,,,,,,,,,,10.909933570067116,11.036263328718261,11.01318155377626,10.959192459572424,10.87211860448148,10.810031704634575,,,,,,,,10.93345353687502,#000000,0.3426542527897567,10.88539740733891,-0.0985528131169321,34.58101820435092,-9.382468920960001,False,True,False,True,False,0.0,0.0,0.0,0.0,0.0,0,0.9780636735788049,0.9645702927687142,False,False,False,False,-0.05024766558869599,-0.02211771458101552,False,False,False,False,487024,448989.9976876717,False,False,False,False,20406.74834202901,False,False,False,False
2023-02-27 00:00:00+00:00,10.9608160729,11.0112106295,10.918820609,10.9524169801,12681,,,,,,,,,,,,,,,,,,,,,10.913900540244017,11.03518490221192,11.012738369318473,10.95922183365066,10.87261373735547,10.810665812295774,,,,,,,,10.934054199179386,#000000,0.34153959557556657,10.885487135989546,0.220556965828541,36.235085302579726,-9.382468920960001,False,True,False,True,False,0.0,0.0,0.0,0.0,0.0,0,0.9662257548815136,0.9535265729744061,False,False,False,False,-0.0033110721961757726,-0.012714393388595646,False,False,False,False,499705,450978.821307763,False,False,False,False,20103.777818812185,False,False,False,False
2023-02-28 00:00:00+00:00,10.918820609,11.0196097223,10.918820609,11.0196097223,14474,,,,,,,,,,,,,,,,,,,,,10.916896541633095,11.033805884638234,11.012128973898337,10.959170642932394,10.873103623902066,10.811330682304419,,,,,,,,10.934406058218089,#000000,0.3396085681482216,10.885457980257275,0.09823847768223772,36.68632290693453,-9.382468920960001,False,True,False,True,False,0.0,0.0,0.0,0.0,0.0,0,0.9856650076005825,0.9575193305072316,False,False,False,False,-0.0008100277718657255,-0.006762210580230686,False,False,False,False,485231,452322.04400157626,False,False,False,False,19883.002218074453,False,False,False,False
2023-03-01 00:00:00+00:00,10.9272197018,10.9272197018,10.8936233307,10.918820609,10456,,,,,,,,,,,,,,,,,,,,,10.916849956126494,11.032405076519934,11.011432657375773,10.958937418623046,10.873293103560162,10.811684210619784,,,,,,,,10.9341004038042,#000000,0.3332921959545763,10.88516410305665,0.12618236866572533,37.21092389431123,-9.382468920960001,False,True,False,True,True,0.0,0.0,0.0,0.0,0.0,0,0.9874588325643513,0.9588215955621916,False,False,False,False,-0.03583981994591125,-0.021301015263070967,False,False,False,False,495687,454022.6305113184,False,False,False,False,19513.31585658134,False,False,False,False
2023-03-02 00:00:00+00:00,11.0196937132,11.0784033717,10.918820609,11.0280088151,24573,,,,,,,,,,,,,,,,,,,,,10.92671770670241,11.031677312883058,11.011335663916437,10.959523206245036,10.87465220296483,10.813211349934557,,,,,,,,10.936186240441055,#000000,0.33227273179916533,10.886024254385466,0.4022883794609051,39.932651205573585,-9.382468920960001,False,True,False,True,True,0.6436535498320204,0.0,0.0,0.0,0.0,0,1.0145274853291109,0.9123545366550708,False,False,False,False,0.016698751823054143,-0.002301131720008412,False,False,False,False,520260,456620.17441283533,False,False,False,False,19711.734842597758,False,False,False,False
2023-03-03 00:00:00+00:00,11.1287979284,11.1326615111,11.0196097223,11.0196097223,31152,,,,,,,,,,,,,,,,,,,,,10.947337517281015,11.033743634763722,11.01304724926929,10.961623242549978,10.877467140627962,10.815983337307555,,,,,,,,10.941533686966586,"rgba(38, 166, 154, 0.5)",0.33217909998022827,10.888771463773654,0.7225814768016154,44.11635068602024,-11.910578416455863,False,True,False,True,True,2.409432281477198,0.0,0.0,0.0,0.0,0,1.022290331743223,0.9078945269145078,False,False,False,False,0.06294927597600398,0.030324072127997787,False,False,False,False,551412,460337.5009064496,False,False,False,False,20160.372691907647,False,False,False,False
2023-03-06 00:00:00+00:00,11.0877263647,11.1455961139,11.0784033717,11.0868024645,21157,,,,,,,,,,,,,,,,,,,,,10.959453073310561,11.035296341209172,11.014311909224016,10.963119887234617,10.879426437721202,10.817903042419633,,,,,,,,10.944918448519866,"rgba(38, 166, 154, 0.5)",0.3316760206609257,10.890623927809099,0.594261944225387,46.01105146376162,-10.110124813317746,False,True,False,True,True,1.7096836409033003,0.0,0.0,0.0,0.0,0,1.0520610381776854,0.8931820780296168,False,False,False,False,0.0844250896029278,0.05737458086546279,False,False,False,False,530255,463079.3636160006,False,False,False,False,20199.45611575441,False,False,False,False
2023-03-07 00:00:00+00:00,11.0196097223,11.1287979284,10.9860133512,11.0868024645,16375,,,,,,,,,,,,,,,,,,,,,10.964276119516125,11.03545649283686,11.014636920319099,10.963779543783021,10.880526601365187,10.81906794244774,,,,,,,,10.946290603378005,#000000,0.33110513287540944,10.89140505474217,0.3872022956710593,45.857959326166736,-10.110124813317746,False,True,False,True,True,0.5538621389323879,0.0,0.0,0.0,0.0,0,1.026984429763179,0.8919670780486908,False,False,False,False,0.05175782284955989,0.05456620185751134,False,False,False,False,513880,465071.545434981,False,False,False,False,20049.477444548353,False,False,False,False
2023-03-08 00:00:00+00:00,10.9356187945,11.0532060934,10.8936233307,11.0196097223,11590,,,,,,,,,,,,,,,,,,,,,10.964143058461419,11.034577366323353,11.014233964789444,10.963762701850918,10.880902866093818,10.819581147373661,,,,,,,,10.94620018414877,#000000,0.33021806754866717,10.89136741304358,0.13400654235824835,44.181107163662105,-10.110124813317746,False,True,False,True,True,0.0,0.0,0.0,0.0,0.0,0,1.0319995828974822,0.9006804332237869,False,False,False,False,-0.008411007726145458,0.023077597065682944,False,False,False,False,502290,466531.0926728249,False,False,False,False,19717.733231036655,False,False,False,False
2023-03-09 00:00:00+00:00,10.8852242379,11.0364079079,10.8852242379,10.9860133512,13349,,,,,,,,,,,,,,,,,,,,,10.962933222701984,11.03325289027487,11.013561841008851,10.963579678108864,10.881196614919144,10.820063017978732,,,,,,,,10.945764544165408,#000000,0.3305201044712516,10.891138909060121,-0.017895042026517188,42.19132226556056,-10.110124813317746,False,True,False,True,False,0.0,0.0,0.0,0.0,0.0,0,1.0233828327150247,0.9032915042919808,False,False,False,False,-0.017228219726824562,0.002924688669429191,False,False,False,False,488941,467409.9125680083,False,False,False,False,19467.978986682276,False,False,False,False
2023-03-10 00:00:00+00:00,10.7508387535,11.0196097223,10.7172423824,10.9104215162,30842,,,,,,,,,,,,,,,,,,,,,10.951000317534287,11.027133101087587,11.009991239972353,10.961590948358932,10.88055993021175,10.820150138055139,,,,,,,,10.941737612536675,#000000,0.33115687735915683,10.888846697621048,-0.41674491323147494,38.84979795447725,-5.203300620163681,False,True,False,True,False,0.0,0.0,0.0,0.0,0.0,0,0.9912373186970159,0.9074428516656834,False,False,False,False,-0.07425565936327358,-0.035665485346922196,False,False,False,False,458099,467044.7787418119,False,False,False,False,19914.019026420225,False,False,False,False
2023-03-13 00:00:00+00:00,10.6332514546,10.7214419288,10.5912559907,10.5912559907,13377,,,,,,,,,,,,,,,,,,,,,10.939732548975766,11.022272304947313,11.006980715760989,10.959594585189576,10.879334082285721,10.819446137364798,,,,,,,,10.937893395754026,"rgba(239, 83, 80, 0.5)",0.33370880602890446,10.886597060136921,-0.759181660657099,35.2052325918013,-8.659526310944258,False,True,False,True,False,0.0,0.0,0.0,0.0,0.0,0,0.9692424719654408,0.9436352649251638,False,False,False,False,-0.20764856269777587,-0.12165702402234904,False,False,False,False,444722,466169.3756538977,False,False,False,False,19657.66533910963,False,False,False,False
2023-03-14 00:00:00+00:00,10.7004441968,10.788634671,10.6248523618,10.6668478257,16874,,,,,,,,,,,,,,,,,,,,,10.929177316688511,11.017208694696901,11.003836339541012,10.957559362974104,10.878177014156492,10.818854745503792,,,,,,,,10.934135578926801,"rgba(239, 83, 80, 0.5)",0.3343820678264817,10.884377597455632,-0.5500695711681522,34.61827153351409,-9.237205872703917,False,True,False,True,False,0.0,0.0,0.0,0.0,0.0,0,0.9947223907201159,0.9443620040969545,False,False,False,False,-0.18819626080123178,-0.1549266424117904,False,False,False,False,461596,465990.02758903895,False,False,False,False,19548.50199247788,False,False,False,False
2023-03-15 00:00:00+00:00,10.507265063,10.6248523618,10.3559974021,10.6248523618,47996,,,,,,,,,,,,,,,,,,,,10.496038275633333,10.880125739326331,10.994601435860975,10.98924617248195,10.947312684939693,10.871110712176563,10.81419298715802,,,,,,,,10.856089715368125,"rgba(239, 83, 80, 1.0)",0.33900807647148845,10.857677200793342,-1.0336394974436907,32.05090059413112,-11.754864933265893,False,True,False,True,False,0.0,0.0,0.0,0.0,0.0,0,0.9283945966259753,0.9616936885866282,False,False,False,False,-0.3344031940755916,-0.24466491824369102,False,False,False,False,413600,463935.5167031943,False,False,False,False,20664.090149635613,False,False,False,False
2023-03-16 00:00:00+00:00,10.5576596196,10.5828568979,10.3992527299,10.4820677846,10029,,,,,,,,,,,,,,,,,,,,10.499014246813541,10.8716450250523,10.990277706531797,10.986405508776073,10.94530830505205,10.869733327898834,10.813287644216942,,,,,,,,10.853667394905935,"rgba(239, 83, 80, 0.5)",0.34203081032831656,10.855796756981945,-0.8716674883638749,31.63148256786163,-12.276871387959545,False,True,False,True,False,0.0,0.0,0.0,0.0,0.0,0,0.9374019024641231,0.9605098366176055,False,False,False,False,-0.33395973970185217,-0.2893123289727716,False,False,False,False,423629,462354.8689893436,False,False,False,False,20247.027790826374,False,False,False,False
2023-03-17 00:00:00+00:00,10.507265063,10.6878455576,10.4148750424,10.5576596196,10312,,,,,,,,,,,,,,,,,,,,10.504695246454693,10.86386775134464,10.986126419951223,10.983662572757101,10.943377182742676,10.868420353756802,10.81243459378941,,,,,,,,10.851797731542364,"rgba(239, 83, 80, 1.0)",0.3463702768969107,10.854156790230002,-1.0015054707862427,30.786011971906213,-13.292340455218202,False,True,False,True,False,0.0,0.0,0.0,0.0,0.0,0,0.940527007450598,0.9449847741363102,False,False,False,False,-0.2920604158812654,-0.2906863724270185,False,False,False,False,413317,460431.815303487,False,False,False,False,19857.41885785279,False,False,False,False
2023-03-20 00:00:00+00:00,10.5240632485,10.5576596196,10.4568705063,10.507265063,17048,,,,,,,,,,,,,,,,,,,,10.506326314214808,10.850893307889388,10.979072911346027,10.978962993954944,10.94003985507215,10.866118190755614,10.81091508692966,,,,,,,,10.84747552288037,"rgba(239, 83, 80, 0.5)",0.3498617096612739,10.850948795562621,-0.9343278730876351,30.690657664437676,-13.662293274715928,False,True,False,True,False,0.0,0.0,0.0,0.0,0.0,0,0.9516134889633571,0.9599345069226782,False,False,False,False,-0.3308158547716698,-0.31075111359934415,False,False,False,False,430365,459252.72450727184,False,False,False,False,19747.245569309543,False,False,False,False
2023-03-21 00:00:00+00:00,10.667687735,10.693304968,10.6164532691,10.6668478257,9932,,,,,,,,,,,,,,,,,,,,10.522250352027415,10.846851171982593,10.976318940333668,10.977113865433834,10.93877698898004,10.865340400085818,10.81046792825204,,,,,,,,10.848159949585057,"rgba(239, 83, 80, 0.5)",0.3507431445673812,10.85057370088564,-0.5214242066262434,34.26601568729633,-13.662293274715928,False,True,False,True,True,0.0,0.0,0.0,0.0,0.0,0,0.943065192812374,1.0046796861261253,False,False,False,False,-0.22897529286788354,-0.26986320323361385,False,False,False,False,440297,458509.36276188865,False,False,False,False,19362.333978356226,False,False,False,False
2023-03-22 00:00:00+00:00,10.5744578052,10.7591538553,10.5744578052,10.7424396607,5718,,,,,,,,,,,,,,,,,,,,10.528689238440357,10.84432312982368,10.974640796355303,10.97598223854426,10.937995372692116,10.864845335491303,10.810172524985576,,,,,,,,10.848092662333228,"rgba(239, 83, 80, 0.5)",0.35222444534802944,10.850168564358535,-0.7827700853815193,35.257337490758474,-13.662293274715928,False,True,False,True,True,0.0,0.0,0.0,0.0,0.0,0,0.911282281536409,0.9982078688537842,False,False,False,False,-0.2209726339876997,-0.24541791861065676,False,False,False,False,434579,457570.9171633832,False,False,False,False,18827.262057636373,False,False,False,False
2023-03-23 00:00:00+00:00,10.5030655166,10.663999585,10.4691846601,10.663999585,10073,,,,,,,,,,,,,,,,,,,,10.530205732161706,10.838139724398848,10.970944089894846,10.97348041554096,10.936218015259778,10.863635112790867,10.809385072974809,,,,,,,,10.846001166145973,"rgba(239, 83, 80, 0.5)",0.35042090463569786,10.848552442360448,-0.985919850071792,34.94629813290305,-13.662293274715928,False,True,False,True,True,0.0,0.0,0.0,0.0,0.0,0,0.8896446706224579,1.0265665317433095,False,False,False,False,-0.289196293870923,-0.2673071062407899,False,False,False,False,424506,456274.25374521135,False,False,False,False,18483.957663219262,False,False,False,False
2023-03-24 00:00:00+00:00,10.4861250883,10.5199212427,10.4225984824,10.4522442318,6304,,,,,,,,,,,,,,,,,,,,10.527306897565104,10.833513981131517,10.968291799502039,10.97167869899714,10.934918332756098,10.862718676318748,10.808766067933554,,,,,,,,10.84388492202917,"rgba(239, 83, 80, 1.0)",0.35430836871455584,10.847160200043373,-1.0189855606663258,34.50979812596465,-13.662293274715928,False,True,False,True,True,0.0,0.0,0.0,0.0,0.0,0,0.8604172249682299,1.0503084891115557,False,False,False,False,-0.34282825441539394,-0.30506768032809195,False,False,False,False,418202,454781.2241865756,True,False,False,False,18006.312264661647,False,False,False,False
2023-03-27 00:00:00+00:00,10.6894102274,10.6978804415,10.5438072465,10.5623570155,5232,,,,,,,,,,,,,,,,,,,,10.532272204277188,10.831521647883466,10.966853943169708,10.970695384971872,10.934237044943728,10.862289532950664,10.808511929629752,,,,,,,,10.843768812546626,#000000,0.355117552730977,10.846792797151737,-0.44318442876566083,38.84400829328865,-16.242251317134844,False,True,False,True,True,0.0,0.0,0.0,0.0,0.0,0,0.8509978304950202,1.052899912979344,False,False,False,False,-0.2408321933848146,-0.2729499368564533,False,False,False,False,423434,453551.9212772982,False,False,False,False,17505.358842518053,False,False,False,False
2023-03-28 00:00:00+00:00,10.6978804415,10.731761298,10.5793821459,10.7148208697,15488,,,,,,,,,,,,,,,,,,,,10.54767840085616,10.826644389146832,10.963007447203957,10.968047297548726,10.932417472406089,10.861178759148457,10.807882032821045,,,,,,,,10.843836542733039,#000000,0.3558812958232668,10.845959286797457,-0.41609055332594347,41.89955510136292,-13.33300984037831,False,True,False,True,True,0.0,0.0,0.0,0.0,0.0,0,0.840477239657925,1.0478267649302586,False,False,False,False,-0.21790848100234883,-0.24542920892940107,False,False,False,False,438922,452978.19887426693,False,False,False,False,17426.24673104676,False,False,False,False
2023-03-29 00:00:00+00:00,10.7571719404,10.799523011,10.731761298,10.731761298,49022,,,,,,,,,,,,,,,,,,,,10.604030977803086,10.821086673556717,10.955128926912362,10.962487715677128,10.928804149297703,10.859415588538406,10.807244078503984,,,,,,,,10.848314015755628,#000000,0.35515395571782593,10.8459905010814,-0.25008467243982774,45.11694131916284,-10.339991039095104,False,True,False,True,True,0.0,0.0,0.0,0.0,0.0,0,0.8580845615351745,1.0387607796307794,False,False,False,False,-0.14660295732640222,-0.19601608312790164,False,False,False,False,487944,454349.4067615506,False,False,False,False,18665.295878848847,False,False,False,False
2023-03-30 00:00:00+00:00,10.8503442957,10.867284724,10.8080779273,10.8334038675,4913,,,,,,,,,,,,,,,,,,,,10.610115635151427,10.821266756723826,10.954684091073393,10.962161220072067,10.928618991255378,10.859384182054939,10.807293182090921,,,,,,,,10.84907486548885,#000000,0.35276165187590247,10.846198828441198,0.011751467986265253,48.96294655817225,-6.818715488188147,False,False,False,False,True,0.0,0.0,0.0,0.0,0.0,0,0.8585906615694477,1.0293046691664256,False,False,False,False,-0.10076683878808566,-0.14839146095799366,False,False,False,False,492857,455859.50845717604,False,False,False,False,18125.99015810968,False,False,False,False
2023-03-31 00:00:00+00:00,10.8842251523,10.983580764,10.8418740816,10.9265762229,74334,,,,,,,,,,,,,,,,,,,,10.691902547980659,10.830753193512383,10.951796983649949,10.959841920670483,10.927825983494245,10.860542322796098,10.809306472688895,,,,,,,,10.86170991782753,#000000,0.3522092396329879,10.850825867450313,0.0948279632995745,52.11109773570344,-3.9978152464568026,False,False,True,False,True,0.0,0.0,0.0,0.0,0.0,0,0.876886429262129,1.0222742144383155,False,False,False,False,-0.05345964146608214,-0.1009255512120379,False,False,False,False,567191,460225.44930199266,False,False,False,False,20330.22583818381,False,False,False,False
2023-04-03 00:00:00+00:00,11.00280815,11.0112783641,10.9519868653,10.9858677218,34290,,,,,,,,,,,,,,,,,,,,10.725747526235029,10.83875849676746,10.952727780626596,10.960356304472691,10.928690377247996,10.86208509064898,10.811026428827523,,,,,,,,10.868484572118037,#000000,0.3521288963741955,10.85394469112567,0.42275274880064656,56.07724013975569,-0.4197502764321257,True,False,True,False,True,1.8953137662844775,0.0,0.0,0.0,0.0,0,0.8517669777417215,1.0054522454392114,False,False,False,False,-0.01023818450462276,-0.05558186785833033,False,False,False,False,601481,465764.88266269886,False,False,False,False,20877.6679621766,False,False,False,False
2023-04-04 00:00:00+00:00,10.935046437,11.0197485783,10.9098051989,11.0197485783,13319,,,,,,,,,,,,,,,,,,,,10.735465811583857,10.841000268192769,10.95274853782263,10.960318547408708,10.928833981488594,10.862516933900498,10.81156013523878,,,,,,,,10.870349173662262,#000000,0.3520814454706803,10.8547870914661,0.22795675990992725,57.055929343062274,0.38835523119609405,True,False,True,False,True,0.7097229972277539,0.0,0.0,0.0,0.0,0,0.8355221092883723,1.0158112858154034,False,False,False,False,-0.00806527331019415,-0.03182357058426224,False,False,False,False,588162,470564.76961710287,False,False,False,False,20581.249610718696,False,False,False,False
2023-04-05 00:00:00+00:00,10.9943379359,10.9947614466,10.9519868653,10.9858677218,8471,,,,,,,,,,,,,,,,,,,,10.741898799300275,10.84269084367339,10.952917924604616,10.960405844928125,10.929013146215283,10.862864754349895,10.811957545122128,,,,,,,,10.871678408313388,#000000,0.3505968403586304,10.855419121659263,0.3962352144949035,58.66307182301641,1.9283186633736875,True,False,True,False,True,1.7185368685625342,0.0,0.0,0.0,0.0,0,0.8446352198800153,1.011167830172858,False,False,False,False,0.0016956656190875202,-0.01506395248258736,False,False,False,False,596633,475508.62178898125,False,False,False,False,20106.33786127875,False,False,False,False
2023-04-06 00:00:00+00:00,10.9689272935,11.0366890065,10.9519868653,11.0366890065,7990,,,,,,,,,,,,,,,,,,,,10.747797385531765,10.844310544358468,10.953107471495352,10.960510016598,10.929198996791492,10.863206233138206,10.812342877030297,,,,,,,,10.872924789277656,#000000,0.34863052968239916,10.856021514915223,0.32385511012943513,59.07670914076804,2.447910564791272,True,False,True,False,True,1.2656339789366662,0.0,0.0,0.0,0.0,0,0.8583771634737485,1.011313659030028,False,False,False,False,0.015545545827091766,0.00024079667225220328,False,False,False,False,588643,479945.2640717663,False,False,False,False,19631.187356914877,False,False,False,False
2023-04-10 00:00:00+00:00,11.00280815,11.0620149468,10.9519868653,10.9519868653,5500,,,,,,,,,,,,,,,,,,,,10.752017787421885,10.84555684808705,10.953314527793749,10.96063665511253,10.929370533155796,10.863477837042554,10.81263718835898,,,,,,,,10.873858768138934,#000000,0.3445404074645145,10.856485589672896,0.42468911383688357,59.94968921897477,3.5058551689148203,True,False,True,False,True,1.8531410821486034,0.0,0.0,0.0,0.0,0,0.8570265550510892,1.002176853486634,False,False,False,False,0.02391398316876452,0.012077389920508361,False,False,False,False,594143,484423.6066571872,False,False,False,False,19077.023146839783,False,False,False,False
2023-04-11 00:00:00+00:00,11.0875102913,11.1249486377,11.0246613025,11.0282187924,11077,,,,,,,,,,,,,,,,,,,,10.762455611306486,10.849134661149586,10.954305383039268,10.961302584221885,10.930044241398344,10.864302738241934,10.81345176589817,,,,,,,,10.876428140750809,"rgba(38, 166, 154, 0.5)",0.3392889076375276,10.857832627619945,0.6769383216188876,61.928948518345976,5.627619171060104,True,False,True,False,True,3.3103228512244165,0.0,0.0,0.0,0.0,0,0.8609492186649471,0.9981050848251752,False,False,False,False,0.08619175367722906,0.04913457179886871,False,False,False,False,605220,489160.72012161126,False,False,False,False,18763.2967489245,False,False,False,False
2023-04-12 00:00:00+00:00,11.0875102913,11.1637422184,11.0366890065,11.1637422184,23506,,,,,,,,,,,,,,,,,,,,10.783612679265708,10.85690870320741,10.956635800455254,10.96289099978242,10.931614270163083,10.86616893620564,10.815273159701468,,,,,,,,10.881872078397281,"rgba(38, 166, 154, 0.5)",0.3349295689714715,10.860760248456724,0.6770081349926699,63.248454717926776,7.111165046137998,True,False,True,False,True,3.310322851224395,0.0,0.0,0.0,0.0,0,0.8806645526228116,0.9809191083707567,False,False,False,False,0.1038645063528904,0.07649953907587956,False,False,False,False,605220,493712.06443056767,False,False,False,False,18949.28511171177,False,False,False,False
2023-04-13 00:00:00+00:00,11.1044507195,11.138331576,11.0875102913,11.0959805054,7749,,,,,,,,,,,,,,,,,,,,10.790300258005699,10.859510341146146,10.957463472896894,10.963461133118548,10.932169251278268,10.866814964095003,10.815898403695918,,,,,,,,10.88365968917664,"rgba(38, 166, 154, 0.5)",0.32705860378014745,10.861742026519607,0.7420954231907166,64.42149203104898,8.470845959811577,True,False,True,False,True,3.606502048287364,0.0,0.0,0.0,0.0,0,0.8842297919986163,0.9844027711124029,False,False,False,False,0.11272449892315212,0.09461201899951584,False,False,False,False,612969,498388.807001918,False,False,False,False,18510.05824458582,False,False,False,False
2023-04-14 00:00:00+00:00,11.1138526572,11.1445148324,11.0527824134,11.1129209337,10031,,,,,,,,,,,,,,,,,,,,10.798396071586128,10.862716012929083,10.958477479289183,10.964160807393318,10.932856982601137,10.867624374672,10.816686378622336,,,,,,,,10.885845443870455,"rgba(38, 166, 154, 0.5)",0.3206365154239214,10.862951732498276,0.7825088928814061,65.37529081521639,9.640070847660084,True,False,True,False,True,3.7731532902722904,0.0,0.0,0.0,0.0,0,0.8866314652249078,0.9845924627061403,False,False,False,False,0.10277292647356727,0.09869247273654155,False,False,False,False,623000,503275.52045282314,False,False,False,False,18177.546156562847,False,False,False,False
2023-04-17 00:00:00+00:00,11.1298613619,11.1806826467,11.0706545652,11.1806826467,15341,,,,,,,,,,,,,,,,,,,,10.810886635297082,10.867918593677791,10.960246335823259,10.965394253236594,10.93404045833416,10.868972985876306,10.81798052204156,,,,,,,,10.889348540612394,"rgba(38, 166, 154, 0.5)",0.3148875887995092,10.864925881824462,0.8413652665244419,66.31895610708094,10.814010491857687,True,False,True,False,True,4.060859057392875,0.0,0.0,0.0,0.0,0,0.8764125832861559,0.9842047960752438,False,False,False,False,0.12163177346778525,0.1101621231021634,False,False,False,False,638341,508572.2059252615,False,False,False,False,18066.309052383913,False,False,False,False
2023-04-18 00:00:00+00:00,11.1595071114,11.1595071114,11.1121586144,11.138331576,13184,,,,,,,,,,,,,,,,,,,,10.821413291781548,10.872505838933028,10.961885955272601,10.96654713790147,10.935132852863374,10.870194910101262,10.819143590140134,,,,,,,,10.892403368141917,"rgba(38, 166, 154, 0.5)",0.3098994454744396,10.866676493288729,0.9449214007561803,67.52424294229297,12.23168465812288,True,False,True,False,True,4.598223140307194,0.0,0.0,0.0,0.0,0,0.8801028747658669,0.9907374036518222,False,False,False,False,0.1615504826824494,0.1358563028923064,False,False,False,False,651525,514178.19784976105,False,False,False,False,17874.845952290427,False,False,False,False
2023-04-19 00:00:00+00:00,11.0875102913,11.138331576,11.0875102913,11.1129209337,4558,,,,,,,,,,,,,,,,,,,,10.824474593522325,10.87383192153282,10.962325050631089,10.966854672847298,10.935437265725373,10.870554539167832,10.81949533926897,,,,,,,,10.893281911813672,"rgba(38, 166, 154, 0.5)",0.30565806440822074,10.867181312586084,0.720834829404847,65.37141794984268,12.23168465812288,True,False,True,False,False,3.1315479562902837,0.0,0.0,0.0,0.0,0,0.8937913705794178,0.978473622696805,False,False,False,False,0.14425309239438683,0.1400546976433466,False,False,False,False,646967,519385.6018556528,False,False,False,False,17352.61669925943,False,False,False,False
2023-04-20 00:00:00+00:00,11.0578645418,11.1090978911,11.0237089757,11.1090978911,3669,,,,,,,,,,,,,,,,,,,,10.826538161480537,10.87470106232379,10.962575409412981,10.967027953847186,10.935622415005673,10.870792751698367,10.819737309987792,,,,,,,,10.893856437679474,"rgba(38, 166, 154, 0.5)",0.30078872930739575,10.867510049736957,0.6328511460564336,62.830480081111915,12.23168465812288,True,False,True,False,False,2.531300013325545,0.0,0.0,0.0,0.0,0,0.8838479543959714,0.9754513054027155,False,False,False,False,0.10938571680761563,0.12472020722548112,False,False,False,False,643298,524244.91158680373,False,False,False,False,16816.004279680626,False,False,False,False
2023-04-21 00:00:00+00:00,11.1090978911,11.1090978911,11.0407867588,11.0407867588,3655,,,,,,,,,,,,,,,,,,,,10.828752855391873,10.875662447174522,10.962879545714726,10.967240531382693,10.935839059864293,10.871057433932009,10.820000347777956,,,,,,,,10.894490317319724,"rgba(38, 166, 154, 0.5)",0.2940394910937111,10.867875794771837,0.8203731254972275,62.45475436484373,12.23168465812288,True,False,True,False,False,3.499967512890798,0.0,0.0,0.0,0.0,0,0.8880423790755735,0.9813040949483088,False,False,False,False,0.11576379715317567,0.1202420021893284,False,False,False,False,646953,529056.9934853604,False,False,False,False,16299.88646479119,False,False,False,False
2023-04-24 00:00:00+00:00,11.203025698,11.2115645895,11.1261756741,11.1261756741,2650,,,,,,,,,,,,,,,,,,,,10.830912106587713,10.876662395285368,10.96326619048441,10.967515375257305,10.936093541597751,10.871332486668152,10.820257880172726,,,,,,,,10.895148568007633,"rgba(38, 166, 154, 1.0)",0.2876015310847915,10.868261129793954,1.1639874340841023,64.23126654274972,12.23168465812288,True,False,True,False,False,5.244261005031532,0.0,0.0,0.0,0.0,0,0.8967508501209611,0.9642511138760007,False,False,False,False,0.18666464642870423,0.15345332430901631,False,False,False,False,649603,533784.2878584835,False,False,False,True,15764.596799505262,False,False,False,False
2023-04-25 00:00:00+00:00,11.0749423249,11.203025698,11.0749423249,11.203025698,5408,,,,,,,,,,,,,,,,,,,,10.834462039275001,10.878266081981378,10.963824509982185,10.967909621628534,10.936478466141706,10.871778815095631,10.820691081454996,,,,,,,,10.896201516508489,"rgba(38, 166, 154, 0.5)",0.28080823333028115,10.86887591825401,0.7338332078163048,61.06922158823538,16.111216484934033,True,False,True,False,False,2.609737754760644,0.0,0.0,0.0,0.0,0,0.8938925711302619,0.9649253762505544,False,False,False,False,0.16393673276716797,0.15869502853809214,False,False,False,False,644195,538114.1197071704,False,False,False,False,15358.455748544271,False,False,False,False
2023-04-26 00:00:00+00:00,10.9831492409,11.236327375,10.9778551281,11.0749423249,4213,,,,,,,,,,,,,,,,,,,,10.836671799948993,10.879233211829593,10.964110960732926,10.96810943810797,10.936691686154486,10.872052293417312,10.820968899582224,,,,,,,,10.896834041396216,#000000,0.2794047851261907,10.869244059714937,0.40767083188506653,56.558291390118015,11.886728053534199,True,False,True,False,False,0.7900724878710186,0.0,0.0,0.0,0.0,0,0.865409829123377,0.971691871251422,False,False,False,False,0.155871159846639,0.15728309419236558,False,False,False,False,639982,542108.9385421834,False,False,False,False,14921.379052522929,False,False,False,False
2023-04-27 00:00:00+00:00,11.0664034334,11.0664034334,10.9383200603,10.9468589518,14618,,,,,,,,,,,,,,,,,,,,10.84267252298112,10.881773282352313,10.96468635569295,10.968500543819081,10.937186746035056,10.872790475776663,10.821763178614294,,,,,,,,10.89848187218164,"rgba(38, 166, 154, 0.5)",0.27883527122471813,10.870202682967061,0.7036439456571354,55.58163911119377,11.04236922853481,True,False,True,False,False,2.3661743590998974,0.0,0.0,0.0,0.0,1,0.863152380500923,0.99039298735711,False,False,False,False,0.08293119951147093,0.12010714685191826,False,False,False,False,654600,546520.3527169997,False,False,False,False,14909.481834776932,False,False,False,False
2023-04-28 00:00:00+00:00,11.1517923488,11.2529782135,11.0834812165,11.092020108,9659,,,,,,,,,,,,,,,,,,,,10.849317068796019,10.884999919315689,10.965941873287305,10.96939924310156,10.938031511867404,10.873720062772323,10.822643605418175,,,,,,,,10.90057904065121,"rgba(38, 166, 154, 0.5)",0.27898965137609316,10.88863856480329,0.9432385133237958,56.720940218008664,11.04236922853481,True,False,True,False,False,3.9455408662888907,0.0,0.0,0.0,0.0,1,0.8870739287064432,0.9619289036805974,False,False,False,False,0.21489241076463136,0.16749977880827482,False,False,False,False,664259,551137.5545712351,False,False,False,False,14703.580586354306,False,False,False,False
2023-05-01 00:00:00+00:00,11.0834812165,11.2457201557,11.0749423249,11.1090978911,12346,,,,,,,,,,,,,,,,,,,,10.856694077383699,10.88861225950888,10.96729833767608,10.970371094402212,10.938968542742113,10.874785189405642,10.823670134936982,,,,,,,,10.90291423372223,"rgba(38, 166, 154, 0.5)",0.2788036750295954,10.889230245460865,0.6967303103824359,55.66129573002939,11.04236922853481,True,False,True,False,False,2.5686667280942537,0.0,0.0,0.0,0.0,1,0.8853363074039423,0.9646897714554524,False,False,False,False,0.23978047630751265,0.20364012755789374,False,False,False,False,651913,555089.5328233435,False,False,False,False,14611.126445712962,False,False,False,False
2023-05-02 00:00:00+00:00,10.9383200603,11.0664034334,10.8785478195,11.0664034334,15600,,,,,,,,,,,,,,,,,,,,10.859995917726446,10.889913278406723,10.967235926698258,10.970302663915426,10.939100916245385,10.875227952754004,10.824238943276601,,,,,,,,10.90371651414612,#000000,0.27759069225560506,10.885838699777603,0.18906023143626582,51.78193855167078,7.381800388283523,True,False,False,False,False,0.0,0.0,0.0,0.0,0.0,1,0.8809411889616249,0.9997112306640717,False,False,False,False,0.14520564955250914,0.17442288855520144,False,False,False,False,636313,558274.7668302712,False,False,False,False,14649.905800783043,False,False,False,False
2023-05-03 00:00:00+00:00,10.8956256026,10.9895534095,10.8870867111,10.9041644942,11604,,,,,,,,,,,,,,,,,,,,10.86146912242743,10.890363588043128,10.966915655506265,10.970050575450912,10.939034391759222,10.875413700014727,10.824545428497858,,,,,,,,10.903970351671363,#000000,0.2767572831156426,10.884263438443071,0.04105461662658569,48.397570626614645,4.223892552347692,False,False,False,True,False,0.0,0.0,0.0,0.0,0.0,1,0.9255929047318544,0.9696403377829629,False,False,False,False,0.11234985040411419,0.14338636947965783,False,False,False,False,624709,560880.030876143,False,False,False,False,14530.458514477827,False,False,False,False
2023-05-04 00:00:00+00:00,10.7760811211,11.0407867588,10.7419255549,10.9212422772,15931,,,,,,,,,,,,,,,,,,,,10.861207935109691,10.889698473641948,10.965765804509905,10.969180007646301,10.938513732240159,10.875296969697693,10.82466454500839,,,,,,,,10.903475352550585,#000000,0.27669696884111106,10.881719738385621,-0.381784512233967,44.15031847840472,0.32599975821844396,False,True,False,True,False,0.0,0.0,0.0,0.0,0.0,0,0.8977378209891821,0.9304450575556172,False,False,False,False,0.06755013877096246,0.10546825412531013,False,False,False,False,608778,562758.3826064903,False,False,False,False,14585.3817099885,False,False,False,False
2023-05-05 00:00:00+00:00,10.8742783738,10.9383200603,10.8315839161,10.8785478195,22881,,,,,,,,,,,,,,,,,,,,10.862057524316244,10.889491820493433,10.964560831725118,10.96825271158987,10.938021923784136,10.875342100189782,10.825004408032191,,,,,,,,10.90324733144725,#000000,0.27556322361773733,10.880147325662074,-0.021298022954675408,43.780360886401745,0.05793592588803165,False,True,False,True,False,0.0,0.0,0.0,0.0,0.0,0,0.9007200563086588,0.9517321278589371,False,False,False,False,0.06146597263537687,0.0834671133803435,False,False,False,False,631659,565460.3676023142,False,False,False,False,14910.700074302678,False,False,False,False
2023-05-08 00:00:00+00:00,10.8187755788,10.9468589518,10.8187755788,10.9468589518,9013,,,,,,,,,,,,,,,,,,,,10.862047943399107,10.889219807410377,10.963984120497003,10.967810239839537,10.937763167726327,10.875301771470491,10.825090259714884,,,,,,,,10.903031044293959,#000000,0.2733392604683436,10.879543241801906,-0.22231589745939104,42.57818087821413,-1.1476799440526264,False,True,False,True,False,0.0,0.0,0.0,0.0,0.0,0,0.9076314970095085,0.9414455404706648,False,False,False,False,0.05943894892975041,0.07145303115504695,False,False,False,False,622646,567702.9414218314,False,False,False,False,14679.417718447672,False,False,False,False
2023-05-09 00:00:00+00:00,10.8016977957,10.9212422772,10.7931589042,10.8187755788,13299,,,,,,,,,,,,,,,,,,,,10.86149930535425,10.888506409497621,10.962958432684658,10.967025638663102,10.937271538969648,10.875145431462673,10.825137373457949,,,,,,,,10.902506304298557,#000000,0.2696883120806408,10.878528269710186,-0.28488618367418017,41.48150880691674,-2.3296303350074297,False,True,False,True,False,0.0,0.0,0.0,0.0,0.0,0,0.9036048525553672,0.9670307820090204,False,False,False,False,0.03514791605059123,0.05330047360281909,False,False,False,False,609347,569336.0417582302,False,False,False,False,14625.283690273254,False,False,False,False
2023-05-10 00:00:00+00:00,10.8443922534,10.8916123236,10.8016977957,10.8529311449,17160,,,,,,,,,,,,,,,,,,,,10.861040276113362,10.887743996204748,10.961734796372898,10.966083257641634,10.93669016325921,10.874985135876743,10.825229709265482,,,,,,,,10.901929619247726,#000000,0.2637500717536636,10.877541320170902,-0.1256836312896325,41.907158183620375,-2.3296303350074297,False,True,False,True,False,0.0,0.0,0.0,0.0,0.0,0,0.9046638251344209,0.9723563721085592,False,False,False,False,0.02516177001783659,0.03923112181032784,False,False,False,False,626507,571578.0401206525,False,False,False,False,14724.68432987038,False,False,False,False
2023-05-11 00:00:00+00:00,10.7248477719,10.8273144703,10.7248477719,10.7931589042,6540,,,,,,,,,,,,,,,,,,,10.759003338033333,10.859908576184685,10.886871933040181,10.960930330864993,10.965471039949586,10.936260316645418,10.874743356481229,10.825117655282423,,,,,,,,10.88353831831023,"rgba(239, 83, 80, 0.5)",0.2594664590402374,10.873585296588868,-0.5732437450260239,40.05730339083596,-4.0976991125342295,False,True,False,True,False,0.0,0.0,0.0,0.0,0.0,0,0.8962083366855779,0.9663790846260045,False,False,False,False,-0.041636658195317644,-0.0012027681924949019,False,False,False,False,619967,573475.6463904309,True,False,False,False,14403.716316934288,False,False,False,False
2023-05-12 00:00:00+00:00,10.7846200126,10.8273144703,10.7333866634,10.7419255549,17917,,,,,,,,,,,,,,,,,,,10.775684731984997,10.857604447839313,10.884957105975703,10.959003645076002,10.963995146900277,10.935243206746552,10.87421541605009,10.824917667341989,,,,,,,,10.884452670989365,#000000,0.257294880687745,10.872784416685587,-0.3426589905322839,40.43784282240461,-4.0976991125342295,False,True,False,True,False,0.0,0.0,0.0,0.0,0.0,0,0.8918259051453166,0.9861929483593797,False,False,False,False,-0.037591044238350434,-0.019396906215422668,False,False,False,False,637884,576001.4641790414,False,False,False,False,14541.492147642746,False,False,False,False
2023-05-15 00:00:00+00:00,11.0407867588,11.1090978911,10.8727413733,10.8785478195,25260,,,,,,,,,,,,,,,,,,,10.893485781634071,10.863589250890515,10.888027009093296,10.95972857499158,10.964482883450374,10.935908117948017,10.875274341804232,10.826097950537417,,,,,,,,10.900824238793687,"rgba(38, 166, 154, 0.5)",0.2521002754312577,10.880567780616117,0.6355367042332765,45.86522124909794,-4.0976991125342295,False,False,False,True,True,2.0137601273262966,0.0,0.0,0.0,0.0,0,0.8881773066651883,0.9558564375204313,False,False,False,False,0.16307360297955953,0.07183834838206843,False,False,False,False,663144,579418.8185249614,False,False,False,False,14961.825788911658,False,False,False,False
2023-05-16 00:00:00+00:00,10.8443922534,10.9724756265,10.8443922534,10.9212422772,10888,,,,,,,,,,,,,,,,,,,10.89233615569603,10.863986686370655,10.888016967443008,10.959263925163532,10.964111030625721,10.935715347961862,10.875314642845872,10.826267378068623,,,,,,,,10.900626516771913,#000000,0.2468562540722558,10.880383443633281,-0.1457981705529163,46.04105378846444,-9.652839769245453,False,False,False,True,True,0.0,0.0,0.0,0.0,0.0,0,0.8692323757677447,0.9675385174937885,False,False,False,False,0.08380026034213907,0.07781930436210374,False,False,False,False,652256,582275.178582806,False,False,False,False,14802.06791483669,False,False,False,False
2023-05-17 00:00:00+00:00,10.9041644942,10.9297811688,10.8443922534,10.8785478195,5044,,,,,,,,,,,,,,,,,,,10.892370204157439,10.864210540006017,10.888040412078631,10.959067497819879,10.96395261583302,10.935636953672514,10.875342202930211,10.826352865470572,,,,,,,,10.900621661496036,#000000,0.24360010186596037,10.880348698393941,0.09776595175302026,47.18491346458666,-8.41020240682915,False,False,False,False,True,0.0,0.0,0.0,0.0,0.0,0,0.8807256907713937,0.9707925883629009,False,False,False,False,0.0634935009379883,0.07065640265004602,False,False,False,False,657300,585217.3284423038,False,False,False,False,14419.398584843095,False,False,False,False
2023-05-18 00:00:00+00:00,10.9553978434,10.9652175687,10.8358533619,10.870008928,20794,,,,,,,,,,,,,,,,,,,10.898733447800867,10.865906578823152,10.888652712551522,10.958583221388729,10.963543185237633,10.935511338976912,10.875623240174637,10.82684024982293,,,,,,,,10.901674246847048,#000000,0.238785584467027,10.880869241810409,0.3121151628811277,48.812963246795974,-6.693807939004834,False,False,False,False,True,0.44180557001269705,0.0,0.0,0.0,0.0,1,0.8916357037900173,0.9555776732772752,False,False,False,False,0.07627960754422317,0.0734680050971346,False,False,False,False,678094,588859.5508563311,False,False,False,False,14669.382954064935,False,False,False,False
2023-05-19 00:00:00+00:00,10.9297811688,11.0237089757,10.9041644942,10.9297811688,15979,,,,,,,,,,,,,,,,,,,10.907129684887162,10.86792613980638,10.889614716705978,10.958527957928782,10.963467086974694,10.935608606750394,10.87600344107077,10.827347358286787,,,,,,,,10.903203124051368,#000000,0.23415585837185163,10.88176355625973,0.20506688525390745,49.42127626476663,-5.921871330137961,False,False,False,False,True,0.0,0.0,0.0,0.0,0.0,1,0.9016418045550343,0.9451054948751977,False,False,False,False,0.13696519891112052,0.10521660200412755,False,False,False,False,662115,591732.3135678476,False,False,False,False,14720.740485278075,False,False,False,False
2023-05-22 00:00:00+00:00,10.9127033857,11.0321624783,10.8870867111,10.9041644942,25181,,,,,,,,,,,,,,,,,,,10.914402502423222,10.870620874211387,10.890874741803648,10.958320955879032,10.963256817345481,10.935683276288799,10.8765288130758,10.828084131102143,,,,,,,,10.904721514016188,#000000,0.2273144607666454,10.882703972990047,0.1319731820350399,49.493316799309724,-5.593785913270409,False,False,False,False,True,0.0,0.0,0.0,0.0,0.0,1,0.9205401389103399,0.9403770262215516,False,False,False,False,0.1328108542681193,0.11901372813612343,False,False,False,False,636934,593504.9287220497,False,False,False,False,15130.946740757367,False,False,False,False
2023-05-23 00:00:00+00:00,10.9169728315,10.9771539356,10.8911440314,10.9169728315,12662,,,,,,,,,,,,,,,,,,,10.915668214690617,10.871632638448013,10.891307273927767,10.95810850294292,10.963068801054439,10.935650877229627,10.87672969904742,10.82840183440035,,,,,,,,10.905070980217644,#000000,0.2212353103346468,10.882932206293138,0.15386614892248632,49.632065188504825,-5.147482535100124,False,False,False,False,True,0.0,0.0,0.0,0.0,0.0,1,0.9421950151912409,0.9096207654847827,False,False,False,False,0.10835539331351766,0.11368456072482055,False,False,False,False,649596,595704.578576087,False,False,False,False,15034.125299943353,False,False,False,False
2023-05-24 00:00:00+00:00,10.8825344314,10.9600208316,10.8739248313,10.9255824315,10256,,,,,,,,,,,,,,,,,,,10.914974934279112,10.87210599556553,10.891438411382763,10.957807393883753,10.962818178449197,10.935542254865306,10.876819604541746,10.82859904030603,,,,,,,,10.905013226659179,#000000,0.21847173280472032,10.882898344535361,-0.0016657218336181613,48.963346470030096,-5.147482535100124,False,False,False,False,True,0.0,0.0,0.0,0.0,0.0,1,0.9343111861138487,0.9206404357779969,False,False,False,False,0.09194137459911883,0.10281296766196969,False,False,False,False,639340,597415.7715731031,False,False,False,False,14846.747837200477,False,False,False,False
2023-05-25 00:00:00+00:00,10.7921336311,10.8809847034,10.744780831,10.8480960313,12959,,,,,,,,,,,,,,,,,,,10.906333866596512,10.870957991649176,10.890451590931919,10.956717293450657,10.961960185321969,10.934955212698702,10.876540874869486,10.828526121310281,,,,,,,,10.903305392103587,#000000,0.21424967352546762,10.881771067390943,-0.41837840317776526,46.664864612667174,-5.147482535100124,False,False,False,True,False,0.0,0.0,0.0,0.0,0.0,1,0.9637122240691768,0.9166590395664208,False,False,False,False,-0.006795165255944896,0.0480089012030124,False,False,False,False,626381,598551.6628839619,False,False,False,False,14772.71851025144,False,False,False,False
2023-05-26 00:00:00+00:00,10.8653152313,10.9008728794,10.8136576312,10.8265720312,11943,,,,,,,,,,,,,,,,,,,10.903175902873064,10.87078465292514,10.890130445190858,10.956081244761311,10.961448501160003,10.934643340076812,10.876480937132653,10.828619146321813,,,,,,,,10.902670521305208,#000000,0.20922619219530303,10.881341417000328,-0.07659741608913091,46.95039614879349,-5.147482535100124,False,False,False,True,False,0.0,0.0,0.0,0.0,0.0,1,0.9639172842094408,0.9033456425561198,False,False,False,False,0.035209170119876114,0.041609035661444256,False,False,False,False,638324,600111.3623787086,False,False,False,False,14661.749156908247,False,False,False,False
2023-05-30 00:00:00+00:00,10.7964384311,10.8480960313,10.770609631,10.8136576312,14689,,,,,,,,,,,,,,,,,,,10.895594054762556,10.869535866673223,10.8890427919412,10.954870061460216,10.960489546189793,10.933983968282115,10.876164967215555,10.828533631768813,,,,,,,,10.901026861036684,#000000,0.20667612459539295,10.880222402722529,-0.4053877620675893,45.73404097184524,-5.147482535100124,False,True,False,True,False,0.0,0.0,0.0,0.0,0.0,1,0.9513592803875196,0.9221572543616195,False,False,False,False,-0.01013503377080754,0.01573700094531836,False,False,False,False,623635,601033.8579717005,False,False,False,False,14662.81781742165,False,False,False,False
2023-05-31 00:00:00+00:00,10.7361712309,10.7971271991,10.7189520309,10.753390431,12016,,,,,,,,,,,,,,,,,,10.750750153633335,10.886983450017205,10.867718194199217,10.88761159481414,10.953539757795312,10.959442815331828,10.933224498347425,10.875712803890188,10.828303472760286,,,,,10.750750153633335,,,10.882587415643215,"rgba(239, 83, 80, 0.5)",0.20183947115346643,10.874876142487159,-0.6872040973675343,43.78656536742476,-2.248427638267202,False,True,False,True,False,0.0,1.0,10.797127,10.718952,0.0,1,0.9368548849788365,0.9097615677743393,False,False,True,False,-0.05874894229958039,-0.021505970677131014,False,False,False,False,611619,601448.9615806534,False,False,False,False,14559.02104026786,False,False,False,False
2023-06-01 00:00:00+00:00,10.8997536314,10.9083632314,10.744780831,10.8308768312,17264,,,,,,,,,,,,,,,,,,10.809839108879071,10.884149221699053,10.867357812595465,10.887074692967767,10.95258819828713,10.95867054213926,10.932737542926189,10.875585276026975,10.828399409754095,,,,,10.809839108879071,,,10.888489089475001,#000000,0.19579037314589434,10.877287751032323,0.11474456076007102,46.30219441219727,-2.248427638267202,False,True,False,True,True,0.0,0.0,0.0,0.0,0.0,1,0.9292371023728931,0.9083644124813548,False,False,False,False,0.0061562498209005055,-0.007674860428115254,False,False,False,False,628883,602524.8062245494,False,False,False,False,14665.098646531867,False,False,False,False
2023-06-02 00:00:00+00:00,11.0719456319,11.0762504319,10.8997536314,10.9083632314,11164,,,,,,,,,,,,,,,,,,10.866742308056823,10.890532898064112,10.869397012549323,10.888284557378793,10.952966236193037,10.958933186462385,10.933055002684089,10.876051590081081,10.828911523267063,,,,,10.866742308056823,,,10.896097146081857,"rgba(38, 166, 154, 1.0)",0.19012591468416584,10.881098865109044,1.003791445832033,50.90905101856403,-3.4362438263494113,False,False,False,False,True,2.823872561021684,0.0,0.0,0.0,0.0,1,0.9593235375759502,0.8926171501141047,False,False,False,False,0.16024053210845884,0.0762828358401718,False,False,False,False,640047,603996.2648039788,False,False,False,False,14527.800660393363,False,False,False,False
2023-06-05 00:00:00+00:00,11.0805552319,11.113616096,11.0202880318,11.106384032,9335,,,,,,,,,,,,,,,,,,10.905137747804966,10.897574435418598,10.871689203118116,10.889711099205865,10.953554276266827,10.95936283055444,10.93349502381958,10.87659285488671,10.829464008904655,,,,,10.905137747804966,,,10.901842386664418,"rgba(38, 166, 154, 1.0)",0.18485142542656757,10.884147819570298,1.0625150002304136,54.1110256558197,-0.6001023025170085,True,False,True,False,True,2.97975020642145,0.0,0.0,0.0,0.0,0,0.9938209352796123,0.870298687894828,False,False,False,False,0.2379690964612855,0.15712596615072866,False,False,False,False,649382,605776.097556764,False,False,False,False,14324.16141880931,False,False,False,False
2023-06-06 00:00:00+00:00,11.0377655198,11.0805552319,11.0288976318,11.0288976318,5340,,,,,,,,,,,,,,,,,,10.919082361265868,10.900873370861076,10.872832709853135,10.890417799433134,10.953824608687,10.959558296477628,10.933704797527577,10.876865680897144,10.82974975891899,,,,,10.919082361265868,,,10.904101042657949,"rgba(38, 166, 154, 0.5)",0.17987146368607274,10.885389796357533,0.8471367293058069,55.21638231021199,0.2899551896413399,True,False,True,False,True,2.1349158158574184,0.0,0.0,0.0,0.0,0,1.0024276660100238,0.8519703762133397,False,False,False,False,0.19496755820095982,0.17604676217584425,False,False,False,False,644042,607276.721181989,False,False,False,False,13971.84136316973,False,False,False,False
2023-06-07 00:00:00+00:00,11.114993632,11.1838704322,11.089164832,11.089164832,6619,,,,,,,,,,,,,,,,,,10.94162463569594,10.906877898342726,10.874866118575891,10.89172392117425,10.95443817764249,10.960015604307252,10.93414394006856,10.877359729815838,10.830232172758377,,,,,10.94162463569594,,,10.907920244264592,"rgba(38, 166, 154, 1.0)",0.17949010410391572,10.887533723988009,1.2672559813119433,57.25864898083436,2.149364861731904,True,False,True,False,True,3.560323844208508,0.0,0.0,0.0,0.0,0,0.9937970596450295,0.8584087007160529,False,False,False,False,0.2968212979861833,0.23643403008101377,False,False,False,False,650661,608978.0654493619,False,False,False,False,13683.494643045427,False,False,False,False
2023-06-08 00:00:00+00:00,11.1752608322,11.1924800323,11.114993632,11.1236032321,9078,,,,,,,,,,,,,,,,,,10.96973531892517,10.915716033863841,10.877942615093255,10.893727150059544,10.955423379785005,10.96075500125797,10.934839918356289,10.878118680951792,10.830960848954469,,,,,10.96973531892517,,,10.913024327471927,"rgba(0, 255, 255, 0.75)",0.18223978829488885,10.890481579310123,1.562662333809699,59.56316957270022,4.276782603048034,True,False,True,False,True,4.656109560093178,0.0,0.0,0.0,0.0,0,0.9921606756151822,0.8607592844694205,False,False,False,False,0.3157821667978114,0.2761080984394126,False,False,False,False,659739,610968.6903337006,False,False,False,False,13502.887009984823,False,False,False,False
2023-06-09 00:00:00+00:00,11.0719456319,11.1563197122,11.0547264319,11.1408224321,9971,,,,,,,,,,,,,,,,,,10.98511328156556,10.922290313426245,10.880469019000575,10.895353548952079,10.956147589865688,10.961292812799446,10.935375760708679,10.878752455370812,10.831596753730718,,,,,10.98511328156556,,,10.916265726157755,"rgba(38, 166, 154, 0.5)",0.18324725205572998,10.89245484605011,0.9795005591423657,58.50551875523057,4.276782603048034,True,False,True,False,True,2.5746727066555763,0.0,0.0,0.0,0.0,0,0.9605950431855779,0.8801711568248755,False,False,False,False,0.2323242458710173,0.25421617215521497,False,False,False,False,649768,612490.2318892417,False,False,False,False,13364.38163704424,False,False,False,False
2023-06-12 00:00:00+00:00,11.0133142557,11.085893184,10.9858496317,10.9858496317,9884,,,,,,,,,,,,,,,,,,10.989826751395075,10.926023862964504,10.882160961080043,10.8964139107573,10.956518835154542,10.961559392915348,10.935684381684284,10.879185886724654,10.832066549527202,,,,,10.989826751395075,,,10.917715614689216,"rgba(38, 166, 154, 0.5)",0.18366005798252044,10.893427884903929,0.6527623486184484,56.47762089606569,4.276782603048034,True,False,True,False,False,1.418343335043879,0.0,0.0,0.0,0.0,0,0.9454421478982737,0.9075017752087104,False,False,False,False,0.11686634335546507,0.18554125775534003,False,False,False,False,639884,613564.4973053499,False,False,False,False,13227.89608265035,False,False,False,False
2023-06-13 00:00:00+00:00,11.0526601279,11.0821910559,11.0202880318,11.0799525599,11020,,,,,,,,,,,,,,,,,,10.996533217568059,10.930770541655614,10.884296529414815,10.897782209371748,10.957061425558338,10.96195720580795,10.936112202345239,10.879741400440263,10.832649726799062,,,,,10.996533217568059,,,10.919656050995677,"rgba(38, 166, 154, 0.5)",0.18432529435535905,10.894719175761374,0.8568598937600651,55.908874480077415,4.276782603048034,True,False,True,False,False,2.1618138347928024,0.0,0.0,0.0,0.0,0,0.9437735317089282,0.9247122507159388,False,False,False,False,0.14197236791849147,0.16375681283691573,False,False,False,False,650904,615028.7915286695,False,False,False,False,13141.311922546414,False,False,False,False
2023-06-14 00:00:00+00:00,11.106384032,11.1359149601,11.0461168318,11.089164832,12138,,,,,,,,,,,,,,,,,,11.00715450237824,10.93737457858674,10.887195237004642,10.899688675961881,10.95792911609633,10.962606210126054,10.936759484059813,10.880506145939421,10.833418035724577,,,,,11.00715450237824,,,10.922514665097522,"rgba(38, 166, 154, 1.0)",0.18564603869823335,10.896596729047596,1.1300392102274333,56.570726377920664,4.276782603048034,True,False,True,False,False,3.1729841581925484,0.0,0.0,0.0,0.0,0,0.9407407094963105,0.931054277214636,False,False,False,False,0.20787005281247367,0.1858134328246947,False,False,False,False,663042,616911.6624491139,False,False,False,False,13101.96635695636,False,False,False,False
2023-06-15 00:00:00+00:00,11.2096992323,11.2096992323,11.097774432,11.097774432,14797,,,,,,,,,,,,,,,,,,11.02616313162354,10.948284910827166,10.891874495998035,10.902846873870743,10.959547922737933,10.963835919555494,10.937915663739306,10.88175823821276,10.834618706952456,,,,,11.02616313162354,,,10.927427318168604,"rgba(0, 255, 255, 0.75)",0.18883597069124528,10.899799796980501,1.641103833052008,58.80076475312345,4.276782603048034,True,False,True,False,False,5.077790879398005,0.0,0.0,0.0,0.0,0,0.9560418903907375,0.9204398975883156,False,False,False,False,0.3157821667978114,0.25079779981125305,False,False,False,False,677839,619300.9698040506,False,False,False,False,13168.4382645267,False,False,False,False
2023-06-16 00:00:00+00:00,11.1924800323,11.2226136323,11.1671678082,11.1838704322,5303,,,,,,,,,,,,,,,,,,11.032812185299392,10.952307516962305,10.893641137690688,10.904050665045874,10.960180677086269,10.964318608234636,10.938365348055322,10.882237660068645,10.835074446655497,,,,,11.032812185299392,,,10.92922091612207,"rgba(0, 255, 255, 0.75)",0.1915468362274731,10.900984535483213,1.5217975016335952,59.805987776201526,4.73051097266621,True,False,True,False,True,4.718253919567047,0.0,0.0,0.0,0.0,0,0.9632066427859511,0.9169685794243073,False,False,False,False,0.34282808487080657,0.29681294234102984,False,False,False,False,672536,621388.618047029,False,False,False,False,12859.989705133496,False,False,False,False
2023-06-20 00:00:00+00:00,11.106384032,11.114993632,11.0805552319,11.106384032,7908,,,,,,,,,,,,,,,,,,11.036594106464143,10.9558413347158,10.895430047193695,10.905254995110472,10.960743516897995,10.964743455009033,10.938789038618447,10.882736456713232,10.835575587251919,,,,,11.036594106464143,,,10.930634281997193,"rgba(38, 166, 154, 1.0)",0.19242963048504852,10.901987193661828,1.0621900474628447,58.17721480475359,4.73051097266621,True,False,True,False,True,2.9330129095010236,0.0,0.0,0.0,0.0,0,0.9536747875266194,0.9290270248010031,False,False,False,False,0.18536984677060478,0.2410913945558173,False,False,False,False,664628,623084.2800844004,False,False,False,False,12665.794030422378,False,False,False,False
2023-06-21 00:00:00+00:00,11.1368620161,11.1408224321,11.106384032,11.114132672,5064,,,,,,,,,,,,,,,,,,11.039745855189087,10.958428555611068,10.896710129524555,10.906125467995656,10.961171648476189,10.965068652469748,10.939104892940405,10.883094654968101,10.835928551644455,,,,,11.039745855189087,,,10.93170871209103,"rgba(38, 166, 154, 1.0)",0.1925506885554871,10.902737691972735,1.2159100852023061,57.7170195513597,4.73051097266621,True,False,True,False,True,3.5113134275597844,0.0,0.0,0.0,0.0,0,0.957342271695536,0.928063189495565,False,False,False,False,0.22607213379538388,0.2335817641756006,False,False,False,False,669692,624912.0338065808,False,False,False,False,12367.684460601891,False,False,False,False
2023-06-22 00:00:00+00:00,11.110688832,11.1888108629,11.0672877038,11.1888108629,11567,,,,,,,,,,,,,,,,,,11.04576896168345,10.96386508910171,10.89951033933252,10.908037520658983,10.962107918990263,10.965780532920666,10.939800537575838,10.883889776629026,10.836715756145475,,,,,11.04576896168345,,,10.933941825893104,"rgba(38, 166, 154, 1.0)",0.19284055730542493,10.904325959504591,1.0701217388029325,56.693784826079124,4.73051097266621,True,False,True,False,False,2.9630988814297616,0.0,0.0,0.0,0.0,0,0.9425664355429783,0.9341010737559019,False,False,False,False,0.23314970934005494,0.23336573675782776,False,False,False,False,658125,626214.503069068,False,False,False,False,12336.285069990054,False,False,False,False
2023-06-23 00:00:00+00:00,11.0050504859,11.1541767625,10.9891656729,11.0933283807,12583,,,,,,,,,,,,,,,,,,11.046040801844436,10.966847385073535,10.901508537734719,10.90938557191978,10.962656766217846,10.966190776746805,10.940251768155784,10.884486427164948,10.837350133873862,,,,,11.046040801844436,,,10.934968685414633,"rgba(38, 166, 154, 0.5)",0.19274557653695995,10.905181847521531,0.5181371223806982,53.391418949462164,8.127667357566928,False,False,False,False,False,0.7837178001100895,0.0,0.0,0.0,0.0,0,0.9282044848975027,0.946497270865732,False,False,False,False,0.14484283702823364,0.18910428689303072,False,False,False,False,645542,626972.444125183,False,False,False,False,12345.960165284563,False,False,False,False
2023-06-26 00:00:00+00:00,11.1454097346,11.1627701859,11.0325668012,11.0325668012,9447,,,,,,,,,,,,,,,,,,11.049575821465755,10.970587716364767,10.903609188829577,10.91083646784263,10.96336534039346,10.966731266351909,10.940785570457399,10.88510455742953,10.837967146474824,,,,,11.049575821465755,,,10.936507008401094,"rgba(38, 166, 154, 1.0)",0.1945019393509891,10.906312747370583,1.2292781656945495,54.27111811061657,8.127667357566928,False,False,True,False,False,3.493792093900044,0.0,0.0,0.0,0.0,0,0.9238300854153408,0.9375434468753129,False,False,False,False,0.18520423577927983,0.18715426133615526,False,False,False,False,654989,628071.1325908622,False,False,False,False,12232.275452920463,False,False,False,False
2023-06-27 00:00:00+00:00,11.2322119911,11.2322119911,11.1801306372,11.1801306372,4998,,,,,,,,,,,,,,,,,,11.054029006656995,10.973837994818712,10.905231739127993,10.911975026843017,10.963988446317932,10.96721170491123,10.941231386753367,10.885574588452977,10.838412000421268,,,,,11.054029006656995,,,10.937943543811498,"rgba(0, 255, 255, 0.75)",0.19771659873160624,10.90731164920268,1.6432628518881318,56.406528557134884,8.127667357566928,True,False,True,False,True,5.104421449806555,0.0,0.0,0.0,0.0,1,0.9474677178039941,0.927335505210026,False,False,False,False,0.34282808913866614,0.26499117523741067,False,False,False,False,659987,629322.7352343579,False,False,False,False,11948.578376335347,False,False,False,False
2023-06-28 00:00:00+00:00,11.3798626294,11.4144967298,11.2495724424,11.284293345,7630,,,,,,,,,,,,,,,,,,11.065642281037157,10.981286845528373,10.908727480759941,10.914453598761991,10.965435401172039,10.96833392922631,10.942238956524307,10.886578626777696,10.839328549097223,,,,,11.065642281037157,,,10.941336185431672,"rgba(0, 255, 0, 1.0)",0.20341994983737985,10.90961582568529,2.311704452245908,59.99415082193542,5.080107641732333,True,False,True,False,True,7.734230501094892,0.0,0.0,0.0,0.0,1,0.9535008191032504,0.907729561109418,False,False,False,False,0.34282812537986385,0.30390965030863726,False,False,False,False,667617,630824.4711075203,False,False,False,False,11779.222361577098,False,False,False,False
2023-06-29 00:00:00+00:00,11.4665780837,11.4926187606,11.3538219525,11.3710956015,10220,,,,,,,,,,,,,,,,,,11.084340230618489,10.993141391137982,10.91426293815098,10.918407524913011,10.967806975487626,10.970179471129823,10.94387737750302,10.88817678934857,10.84076664625159,,,,,11.084340230618489,,,10.946773260504566,"rgba(0, 255, 0, 1.0)",0.2093880239384275,10.913306290977292,2.642327781293749,63.44061839218668,8.247435633100707,True,False,True,False,True,9.21749972992352,0.0,0.0,0.0,0.0,0,0.9639841808228305,0.8935124538161489,False,False,False,False,0.34282814306859305,0.3233688966886151,False,False,False,False,677837,632668.0996915392,False,False,False,False,11718.07638661329,False,False,False,False
2023-06-30 00:00:00+00:00,11.4665780837,11.5518178996,11.4665780837,11.5012989863,9620,,,,,,,,,,,,,,,,,,11.102889970121337,11.005118717260384,10.919927713766194,10.922479949866077,10.97028733598494,10.972114825905004,10.945587611380795,10.889828718111573,10.842243395328527,,,,,11.102889970121337,,,10.952275359747203,"rgba(0, 255, 0, 1.0)",0.2158314784008578,10.91706274915339,2.5460388754137653,65.73826343902086,10.304018406226874,True,False,True,False,True,9.21749972992352,0.0,0.0,0.0,0.0,0,0.988820893055989,0.8844887241141207,False,False,False,False,0.3428281558133528,0.33309852625098396,False,False,False,False,677837,634439.4291154004,False,False,False,False,11635.798881255907,False,False,False,False
2023-07-03 00:00:00+00:00,11.4927055629,11.5615397523,11.457897858,11.5186594376,6110,,,,,,,,,,,,,,,,,,11.114078205613323,11.012568731028196,10.923524341501826,10.92507719669983,10.97187759878921,10.973357805225513,10.94668615482686,10.890888885520189,10.843190838832928,,,,,11.114078205613323,,,10.955694417559764,"rgba(0, 255, 0, 1.0)",0.21810963378092474,10.919416276568771,2.628445504186465,67.60569646436765,11.99937890696404,True,False,True,False,True,9.669450405298154,0.0,0.0,0.0,0.0,0,0.9974353505926503,0.878751406920827,False,False,False,False,0.3428281558816709,0.3379633410663274,False,False,False,False,683947,636380.9024834239,False,False,False,False,11419.10088591254,False,False,False,False
2023-07-05 00:00:00+00:00,11.4492176324,11.5012989863,11.4318571811,11.4665780837,11986,,,,,,,,,,,,,,,,,,11.132063433599692,11.025324493044282,10.929936469950112,10.92972974393802,10.974718505079206,10.975581981575097,10.948662384471767,10.89281205122003,10.84492044176626,,,,,11.132063433599692,,,10.961527722738275,"rgba(0, 255, 0, 1.0)",0.21965405540617217,10.923494007192213,2.393416430375701,67.45922072497947,11.99937890696404,True,False,True,False,True,8.692856056681272,0.0,0.0,0.0,0.0,0,0.9907231800951913,0.888150948024795,False,False,False,False,0.3008834592975255,0.3194234001819265,False,False,False,False,671961,637776.2004252505,False,False,False,False,11441.332223719892,False,False,False,False
2023-07-06 00:00:00+00:00,11.3710956015,11.430468345,11.3450549246,11.3450549246,9935,,,,,,,,,,,,,,,,,,11.142375467699617,11.033548911129726,10.934366719307102,10.932963686280383,10.97667170288884,10.977114131675068,10.950039373890991,10.89417712338017,10.846164758274503,,,,,11.142375467699617,,,10.965269097169601,"rgba(0, 255, 0, 1.0)",0.21709336219210076,10.926179249062567,2.049424026349259,65.04120449370384,11.99937890696404,True,False,True,False,True,6.959977980138035,0.0,0.0,0.0,0.0,0,0.9640983836185997,0.9095760033707304,False,False,False,False,0.22672393582802725,0.2730736680049769,False,False,False,False,662026,638727.1729575937,False,False,False,False,11382.260371809309,False,False,False,False
2023-07-07 00:00:00+00:00,11.4496516437,11.5186594376,11.3630229917,11.4231769554,7577,,,,,,,,,,,,,,,,,,11.151562780820111,11.040634402781487,10.938144146848044,10.935732972479261,10.97837304665168,10.978451328572616,10.951232464264487,10.895343800606955,10.847218438198766,,,,,11.151562780820111,,,10.9685214868026,"rgba(0, 255, 0, 1.0)",0.21639190258522062,10.928502986323693,2.4083556323049793,64.79345355026783,11.99937890696404,True,False,True,False,False,8.375426423815089,0.0,0.0,0.0,0.0,0,0.9749760303062802,0.8949715813404167,False,False,False,False,0.276349433380172,0.27471155069257447,False,False,False,False,669603,639937.9897043548,False,False,False,False,11233.03447487561,False,False,False,False
2023-07-10 00:00:00+00:00,11.4926187606,11.5166629857,11.457897858,11.457897858,3753,,,,,,,,,,,,,,,,,,11.156582562962178,11.044438183124855,10.940160199219193,10.937214818882008,10.979292711224916,10.979175005217982,10.951875419777206,10.89596740184578,10.847778477352279,,,,,11.156582562962178,,,10.970276086622933,"rgba(0, 255, 0, 1.0)",0.2199416526496812,10.929753588861946,2.5591567807057185,65.32177275568472,11.99937890696404,True,False,True,False,False,9.140108940349137,0.0,0.0,0.0,0.0,0,1.0035524217723404,0.8960804728960308,False,False,False,False,0.3208753998918462,0.29779347529221034,False,False,False,False,673356,641248.4999120272,False,False,False,False,10939.699789586371,False,False,False,False
2023-07-11 00:00:00+00:00,11.5533803402,11.6054616941,11.5533803402,11.5967814684,7329,,,,,,,,,,,,,,,,,,11.168272512961229,11.05301431974814,10.944634558237546,10.940510814484602,10.981365394610703,10.980807776459654,10.953316830121539,10.897348620347916,10.849008273346902,,,,,11.168272512961229,,,10.974253233368692,"rgba(0, 255, 0, 1.0)",0.22240650983007185,10.93257169748939,2.7913240632431795,66.60544634656677,11.99937890696404,True,False,True,False,False,10.213111134243718,0.0,0.0,0.0,0.0,0,1.0154495818154272,0.8564340107100262,False,False,False,False,0.3428281642432156,0.320310819767713,False,False,False,False,680685,642795.0293272418,False,False,False,False,10798.103719406514,False,False,False,False
2023-07-12 00:00:00+00:00,11.6488628223,11.7183046275,11.5872332202,11.631502371,27534,,,,,,,,,,,,,,,,,,11.214598199710021,11.0875371021151,10.962987502974558,10.954140409243191,10.990073046805366,10.98769063106716,10.959372765061344,10.903103569878654,10.854103905531368,,,,,11.214598199710021,,,10.990400792487415,"rgba(0, 255, 0, 1.0)",0.22511153703070716,10.944090817548467,3.130768036359663,68.75205715869777,13.696842960304295,True,False,True,False,True,11.862546242327213,0.0,0.0,0.0,0.0,0,0.9949256528646743,0.859597841676229,False,False,False,False,0.342828171635328,0.3315694957015205,False,False,False,False,708219,645360.6752359775,False,False,False,False,11454.413377469004,False,False,False,False
2023-07-13 00:00:00+00:00,11.6922639506,11.7266376441,11.6401825967,11.6922639506,15626,,,,,,,,,,,,,,,,,,11.238942262516929,11.106520053852382,10.973492061280925,10.962021046982699,10.995170310806992,10.991736350077902,10.962934042918029,10.906481171911278,10.857092378827097,,,,,11.238942262516929,,,10.999376631019361,"rgba(0, 255, 0, 1.0)",0.2277491240298785,10.950584662918649,3.256562635929388,70.71411786731065,15.69328716711324,True,False,True,False,True,12.59941143005478,0.0,0.0,0.0,0.0,0,1.0048702365386293,0.8551304333523817,False,False,False,False,0.3428281743763706,0.33719883503894554,False,False,False,False,723845,648438.4918933902,False,False,False,False,11618.00500972512,False,False,False,False
2023-07-14 00:00:00+00:00,11.6141419197,11.6401825967,11.5620605658,11.6228221454,11170,,,,,,,,,,,,,,,,,,11.251981130652485,11.11757579722211,10.979984854188915,10.966933569736936,10.998347359264649,10.994266280539296,10.965176154830448,10.90862918779563,10.859008397159007,,,,,11.251981130652485,,,11.004655859043275,"rgba(0, 255, 0, 1.0)",0.2323671311615849,10.95448449849657,2.8388585679302203,69.41590201194632,15.69328716711324,True,False,True,False,True,10.761022669261166,0.0,0.0,0.0,0.0,0,1.0158432626502625,0.8322642005295213,False,False,False,False,0.27827678675482137,0.30773781089688346,False,False,False,False,712675,650957.570642669,False,False,False,False,11600.436185814331,False,False,False,False
2023-07-17 00:00:00+00:00,11.6401825967,11.657543048,11.5967814684,11.5967814684,5997,,,,,,,,,,,,,,,,,,11.259093973767788,11.123617843631399,10.983558844507877,10.969646510910337,11.000112036996557,10.995673479998546,10.966422161492902,10.909819879860716,10.860068781018729,,,,,11.259093973767788,,,11.007557056909427,"rgba(0, 255, 0, 1.0)",0.23723857000473778,10.95663223468195,2.881278377307706,68.95953607256166,15.69328716711324,True,False,True,False,True,11.216323441586113,0.0,0.0,0.0,0.0,0,1.0202995056521984,0.8154627157914465,False,False,False,False,0.29843786158674146,0.30308783624181246,False,False,False,False,718672,653613.0384606034,False,False,False,False,11380.693590292201,False,False,False,False
2023-07-18 00:00:00+00:00,11.7183046275,11.7400051916,11.5967814684,11.5967814684,11202,,,,,,,,,,,,,,,,,,11.273500846583218,11.13568187581107,10.990673786913256,10.975060308554443,11.003659358622276,10.998505349405697,10.968923502241056,10.912197729311833,10.86217862893626,,,,,11.273500846583218,,,11.013375709597678,"rgba(0, 255, 0, 1.0)",0.2450931335038075,10.960933638917105,3.0901354834207533,69.81398447060671,15.69328716711324,True,False,True,False,True,12.570834259216433,0.0,0.0,0.0,0.0,0,1.0455757029177037,0.8052463225835059,False,False,False,False,0.3308557948895942,0.3169718155657033,False,False,False,False,729874,656603.664403325,False,False,False,False,11373.685998516037,False,False,False,False
2023-07-19 00:00:00+00:00,11.7969474719,11.8137871097,11.7530255301,11.7530255301,12199,,,,,,,,,,,,,,,,,,11.29177601288899,11.15059605198332,10.999383657520557,10.981704508110845,11.008057895516163,11.002021151333793,10.972016276672798,10.915113218759553,10.864749781569044,,,,,11.29177601288899,,,11.020602061595007,"rgba(0, 255, 0, 1.0)",0.25627006272496183,10.966255672140464,3.2414703103696625,71.40415845644212,16.843066254447677,True,False,True,False,True,13.903583008424707,0.0,0.0,0.0,0.0,0,1.0611603256537623,0.7806951533077414,False,False,False,False,0.3428281821819656,0.3298999988738345,False,False,False,False,742073,659955.403054175,False,False,False,False,11406.051253476193,False,False,False,False
2023-07-20 00:00:00+00:00,11.8919091405,11.9005893662,11.831147561,11.831147561,13720,,,,,,,,,,,,,,,,,,11.314166244080589,11.16874725769198,11.01000636826052,10.989837650693211,11.013489283080798,11.006369839623027,10.975833242469308,10.918692267421541,10.867894258825567,,,,,11.314166244080589,,,11.029448490238504,"rgba(0, 255, 0, 1.0)",0.27025783346634025,10.972774150895107,3.400955960521186,73.52290310640399,18.986595873193878,True,False,True,False,True,15.469481008848664,0.0,0.0,0.0,0.0,0,1.0712394679141162,0.766309546490215,False,False,False,False,0.34282818755871897,0.3363640932162767,False,False,False,False,755793,663713.7401893054,False,False,False,False,11496.794341575165,False,False,False,False
2023-07-21 00:00:00+00:00,11.9526707201,11.9832849517,11.8958157185,11.9395503351,20229,,,,,,,,,,,,,,,,,,11.347927843339829,11.196381735410423,11.026426271874431,11.002482000203441,11.0220096368902,11.013209207448002,10.981832425103734,10.924300318532277,10.872812033806031,,,,,11.347927843339829,,,11.043042385845375,"rgba(0, 255, 0, 1.0)",0.2862667983974273,10.982840267660276,3.387855168217233,75.53468862729315,20.97395291880946,True,False,True,False,True,16.449274724641096,0.0,0.0,0.0,0.0,0,1.0867432905848344,0.7452650818298056,False,False,False,False,0.3428281917280629,0.3395961424721698,False,False,False,False,776022,668117.9856720777,False,False,False,False,11839.233779160453,False,False,False,False
2023-07-24 00:00:00+00:00,12.0532603383,12.0532603383,11.9308034118,11.9308034118,13912,,,,,,,,,,,,,,,,,,11.371556802387815,11.215910220551642,11.038206158128345,11.011603948141213,11.028208114033767,11.018197223975523,10.986206016676991,10.928378435300253,10.876382791143525,,,,,11.371556802387815,,,11.052738856704341,"rgba(0, 255, 0, 1.0)",0.30416529556383276,10.990055522908225,3.495483642934695,77.75025793994112,23.114614339476873,True,False,True,False,True,18.033129546007018,0.0,0.0,0.0,0.0,0,1.090836047626543,0.729446352003498,False,False,False,False,0.342828194394147,0.3412121684331584,False,False,False,False,789934,672895.0842731728,False,False,False,False,11920.518728997298,False,False,False,False
2023-07-25 00:00:00+00:00,11.9570441817,12.0620072616,11.9395503351,12.0532603383,10833,,,,,,,,,,,,,,,,,,11.388116863325084,11.23000123121134,11.04694393581888,11.018410451412423,11.032854020310335,11.02194533693899,10.989499597956998,10.93145652117436,10.879083944709349,,,,,11.388116863325084,,,11.059812433650862,"rgba(0, 255, 0, 1.0)",0.31744825614180194,10.99536681298611,3.029398807862144,75.96863508339514,23.114614339476873,True,False,True,False,True,15.639970207005096,0.0,0.0,0.0,0.0,0,1.108567749528217,0.7198924385617735,False,False,False,False,0.34282819481660187,0.3420201816248801,False,False,False,False,779101,677060.0221448131,False,False,False,False,11877.870935703286,False,False,False,False
2023-07-26 00:00:00+00:00,11.996142929,12.0270195683,11.9570441817,11.9745380284,11920,,,,,,,,,,,,,,,,,,11.405544487436934,11.245064282413693,11.056446521093156,11.025845827619312,11.037952535078913,11.026066696018969,10.993124687763974,10.934845817885119,10.882060218169551,,,,,11.405544487436934,,,11.067439008164403,"rgba(0, 255, 0, 1.0)",0.3307646430886173,11.001125133696938,3.008235058051473,75.24529334193156,23.114614339476873,True,False,True,False,False,16.266452756802078,0.0,0.0,0.0,0.0,0,1.112228061652063,0.7258867313579427,False,False,False,False,0.337624039968177,0.3398221107965286,False,False,False,False,791021,681529.0800999185,False,False,False,False,11879.523055871785,False,False,False,False
2023-07-27 00:00:00+00:00,11.8783218718,12.0620072616,11.8608280252,12.0620072616,13518,,,,,,,,,,,,,,,,,,11.42224529810947,11.260136842574475,11.06632281524949,11.033630199328641,11.04331234178524,11.030412680616617,10.996960796378417,10.938448158443661,10.88523607668342,,,,,11.42224529810947,,,11.075189467685492,"rgba(0, 255, 0, 1.0)",0.33980737649180937,11.00704921097861,2.5640192682585594,71.23634588508699,26.11256836156177,True,False,True,False,False,13.397721049349723,0.0,0.0,0.0,0.0,0,1.088452643167897,0.7633021752974899,False,False,False,False,0.3195454247807253,0.32968376778862696,False,False,False,False,777503,685292.7632332551,False,False,False,False,11943.777053680735,False,False,False,False
2023-07-28 00:00:00+00:00,12.0270195683,12.044513415,11.8433341785,11.8433341785,17805,,,,,,,,,,,,,,,,,,11.44421070973938,11.280072854905034,11.07955065121252,11.044105099826664,11.050571188252665,11.03631135247587,11.00216848753504,10.943332650734886,10.889540114610705,,,,,11.44421070973938,,,11.085540345476975,"rgba(0, 255, 0, 1.0)",0.3530327211532685,11.014991387075039,2.8666696331119716,70.59886608976987,25.524382672744522,True,False,True,False,False,15.794330718530727,0.0,0.0,0.0,0.0,0,1.1024525861760943,0.754468602128996,False,False,False,False,0.3093054609956741,0.31949461439215054,False,False,False,False,795308,689607.0862437157,False,False,False,False,12173.628933928549,False,False,False,False
2023-07-31 00:00:00+00:00,12.0882480316,12.1844641881,12.0163483219,12.0707541849,24189,,,,,,,,,,,,,,,,,,11.477808891437396,11.310006684976837,11.099341875031357,11.059830637840978,11.061563842851319,11.04526056657896,11.010053765078942,10.95069096810872,10.896000770811332,,,,,11.477808891437396,,,11.10117311141287,"rgba(0, 255, 0, 1.0)",0.3672471696188209,11.026970600843464,2.889817862607554,70.8889116876089,25.524382672744522,True,False,True,False,False,16.746567800488528,0.0,0.0,0.0,0.0,0,1.1312822642348184,0.726025341594098,False,False,False,False,0.34282819923989083,0.3311614068160207,False,False,False,False,819497,694700.8083518053,False,False,False,False,12644.819956127429,False,False,False,False
2023-08-01 00:00:00+00:00,11.992031875,12.083174816,11.9657911051,12.0707541849,4977,,,,,,,,,,,,,,,,,,11.483429615484727,11.315276196475653,11.1029889942067,11.062754635132826,11.063618579951296,11.046939814956282,11.01153969516374,10.952084908564977,10.89723052931238,,,,,11.483429615484727,,,11.103984774360955,"rgba(0, 255, 0, 1.0)",0.3777543252289365,11.029156595942549,2.5489457426434616,68.51321905665941,23.369194420141625,True,False,True,False,False,14.439917521541034,0.0,0.0,0.0,0.0,0,1.1231801842582367,0.7487888574583276,False,False,False,False,0.30148480832674274,0.3163231075713817,False,False,False,False,814520,699399.6001811463,False,False,False,False,12344.121134318511,False,False,False,False
2023-08-02 00:00:00+00:00,11.9482972584,11.9600181357,11.904650111,11.9482972584,6834,,,,,,,,,,,,,,,,,,11.489878902817702,11.321610913258866,11.107535709247088,11.0664219259354,11.06620098663088,11.04905559824628,11.01341867838813,10.95385638264797,10.898800062243057,,,,,11.489878902817702,,,11.107419906601708,"rgba(0, 255, 0, 1.0)",0.3865378344397712,11.031858022603796,2.370891421597697,65.84204931666847,20.79189798220662,True,False,True,False,False,13.40896309441521,0.0,0.0,0.0,0.0,0,1.0974298051245166,0.77376237481575,False,False,False,False,0.252603161316611,0.28446313444399635,False,False,False,False,807686,703646.1256642386,False,False,False,False,12128.037952580531,False,False,False,False
2023-08-03 00:00:00+00:00,12.0007787983,12.0095257217,11.9308034118,11.9570441817,6292,,,,,,,,,,,,,,,,,,11.49620803195447,11.327726827288997,11.1118914040015,11.069935497360495,11.068681006418798,11.051087923541099,11.015221552108624,10.955552310113776,10.900300179120448,,,,,11.49620803195447,,,11.110733859100911,"rgba(0, 255, 0, 1.0)",0.3961774282133048,11.034457616400303,2.4391121580491038,64.89420517596423,19.850734850057194,True,False,True,False,False,14.266186069988898,0.0,0.0,0.0,0.0,0,1.1063011568278933,0.7637539245400169,False,False,False,False,0.27251571968693394,0.27848942706546514,False,False,False,False,813978,707972.8658342684,False,False,False,False,11899.173719146,False,False,False,False
2023-08-04 00:00:00+00:00,12.1232357249,12.1757172648,12.0620072616,12.0620072616,10694,,,,,,,,,,,,,,,,,,11.50960189212918,11.340039085208623,11.120372552324882,11.076754155997582,11.073507695196891,11.055038977088502,11.018712468135144,10.958813798830281,10.903169417117917,,,,,11.50960189212918,,,11.117334449114335,"rgba(0, 255, 0, 1.0)",0.40861715339589033,11.039581290804776,2.652004266314591,65.98519267794705,19.850734850057194,True,False,True,False,False,16.21423200568419,0.0,0.0,0.0,0.0,0,1.1162233424836168,0.7362608965367756,False,False,False,False,0.3428281999882025,0.31065881352683383,False,False,False,False,824672,712549.3024682186,False,False,False,False,11851.912004669686,False,False,False,False
2023-08-07 00:00:00+00:00,12.1232357249,12.1494764948,12.083174816,12.1494764948,8172,,,,,,,,,,,,,,,,,,11.51942849821308,11.349173048870115,11.126747220248847,11.081897022913454,11.077160419857684,11.058033852233773,11.021361207432546,10.961290224065651,10.905349879325101,,,,,11.51942849821308,,,11.122271263684473,"rgba(0, 255, 0, 1.0)",0.41993630388263314,11.043429229533135,2.571357811609109,66.71251767926894,19.850734850057194,True,False,True,False,False,16.21423200568419,0.0,0.0,0.0,0.0,0,1.123398003948878,0.7369463395625218,False,False,False,False,0.34144822347235027,0.3260535184995921,False,False,False,False,824672,716946.2709988767,False,False,False,False,11707.601729976757,False,False,False,False
2023-08-08 00:00:00+00:00,12.0969949549,12.1144888015,12.044513415,12.0795011082,3937,,,,,,,,,,,,,,,,,,11.523793493871135,11.353310298670074,11.129687232616028,11.0842776130418,11.078855113740866,11.05942556444638,11.022594149996033,10.962445297423027,10.906368811985045,,,,,11.523793493871135,,,11.124528619532265,"rgba(0, 255, 0, 1.0)",0.4296307724206139,11.045198632078616,2.448140101546687,66.40318418452048,19.850734850057194,True,False,True,False,False,15.566082359076326,0.0,0.0,0.0,0.0,0,1.1395367559512581,0.7250477807230362,False,False,False,False,0.32155221052749045,0.32380286451354123,False,False,False,False,820735,721016.4172342148,False,False,False,False,11402.872250369826,False,False,False,False
2023-08-09 00:00:00+00:00,12.0882480316,12.2369457281,12.0882480316,12.1494764948,5067,,,,,,,,,,,,,,,,,,11.52982907904477,11.358943955232471,11.133650999691401,11.08748466635396,11.081141147574662,11.061302532539553,11.024254928452502,10.963997729301633,10.907735873549749,,,,,11.52982907904477,,,11.127593434637856,"rgba(0, 255, 0, 1.0)",0.43880451120915015,11.110025891757806,2.2292891591899275,65.91948398491891,19.850734850057194,True,False,True,False,False,15.3477176072535,0.0,0.0,0.0,0.0,0,1.1379100721304032,0.7126522897451706,False,False,False,False,0.3428282016829374,0.3333155330982393,False,False,False,False,815668,724728.2440093437,False,False,False,False,11154.40667192395,False,False,False,False
2023-08-10 00:00:00+00:00,12.1057418782,12.1844641881,12.0969949549,12.0969949549,1892,,,,,,,,,,,,,,,,,,11.532020445384115,11.361003459949972,11.135110253134311,11.088667237133102,11.081985170876647,11.06199603056923,11.024868928569038,10.9645720391975,10.90824192733998,,,,,11.532020445384115,,,11.1287183880171,"rgba(0, 255, 0, 1.0)",0.44827159900582314,11.110769371291452,2.2195751618331343,65.91343766828967,19.850734850057194,True,False,True,False,False,15.639807263091257,0.0,0.0,0.0,0.0,0,1.1485335478597227,0.7141754450200661,False,False,False,False,0.3313402407251316,0.33232788691168547,False,False,False,False,817560,728368.705028585,False,False,False,False,10791.175037730854,False,False,False,False
2023-08-11 00:00:00+00:00,12.1757172648,12.1975845731,12.0707541849,12.0707541849,1274,,,,,,,,,,,,,,,,,,11.533533572264906,11.362418122132343,11.136109139511511,11.089476500714879,11.082563010817712,11.06247078283726,11.025289077736405,10.964964726984231,10.908587734421872,,,,,11.533533572264906,,,11.129490296380125,"rgba(0, 255, 0, 1.0)",0.45817710928814603,11.111457875198102,2.322812222669527,67.11971297449419,19.850734850057194,True,False,True,False,False,16.802926332944203,0.0,0.0,0.0,0.0,0,1.1517236013467587,0.7053747130162832,False,False,False,False,0.3271489799802277,0.32973843344595655,False,False,False,False,818834,731916.363654915,False,False,False,False,10417.952487231605,False,False,False,False
2023-08-14 00:00:00+00:00,12.1932111114,12.1932111114,12.1757172648,12.1757172648,10303,,,,,,,,,,,,,,,,,,11.546269279824765,11.37423846144556,11.144426871078375,11.096217643338894,11.087384949009328,11.066433628957196,11.028794079963388,10.968236233942086,10.91146583567743,,,,,11.546269279824765,,,11.135940775915225,"rgba(0, 255, 0, 1.0)",0.4669879557376603,11.117782519143487,2.3029043448406536,68.21282887480115,19.850734850057194,True,False,True,False,True,17.0923796454947,0.0,0.0,0.0,0.0,0,1.1717718892307911,0.7195510032588387,False,False,False,False,0.342828192511427,0.33628331297869174,False,False,False,False,829137,735728.9376292321,False,False,False,False,10413.444546555857,False,False,False,False
2023-08-15 00:00:00+00:00,12.0270195683,12.2063314964,12.0270195683,12.1669703415,14969,,,,,,,,,,,,,,,,,,11.561144708092403,11.388769398255048,11.155136488492932,11.104976103735497,11.093682285483482,11.071629444359328,11.033410044662812,10.972568646337182,10.915296509488547,,,,,11.561144708092403,,,11.144068180989693,"rgba(0, 255, 255, 0.75)",0.47233094567737477,11.122333329896474,1.9153651622510275,63.56384211470812,17.51815373108535,False,False,True,False,False,12.856451677397725,0.0,0.0,0.0,0.0,1,1.1169711697545548,0.7475782407894376,False,False,False,False,0.299710313503777,0.3179968132412344,False,False,False,False,814168,738804.9792908308,False,False,False,False,10592.093780024254,False,False,False,False
2023-08-16 00:00:00+00:00,11.9220564884,12.0882480316,11.9220564884,11.9832849517,3984,,,,,,,,,,,,,,,,,,11.56417182940379,11.39194726290655,11.15761624964542,11.107024441071202,11.095161918546331,11.072855426162183,11.034504991407411,10.973603474625948,10.916217078150993,,,,,11.56417182940379,,,11.145900296879981,"rgba(0, 255, 255, 0.75)",0.47610589551790167,11.122965690185401,1.67838879068145,57.98014527077443,12.409306071657,False,True,True,False,False,10.32707619163262,0.0,0.0,0.0,0.0,0,1.075353092984649,0.7784941219440101,False,False,False,False,0.23098668083377344,0.2744917470375039,False,False,False,False,810184,741604.1565735433,False,False,False,False,10332.952847474284,False,False,False,False
2023-08-17 00:00:00+00:00,11.9832849517,12.0357664916,11.9832849517,12.0270195683,17081,,,,,,,,,,,,,,,,,,11.577371596541889,11.405719583130711,11.168378343121862,11.115930996027172,11.101616176223445,11.078208871217466,11.039286234506328,10.978118676816962,10.920232256551648,,,,,11.577371596541889,,,11.153873637126386,"rgba(0, 255, 255, 0.75)",0.4801066130371416,11.127480409228378,1.7825302114832904,55.69358798462706,10.520019359681669,False,True,True,False,False,11.416692216827496,0.0,0.0,0.0,0.0,0,1.0730162050463576,0.7735579171761345,False,False,False,False,0.2336378286654566,0.25406478785148023,False,False,False,False,827265,744963.4053353652,False,False,False,False,10597.582147573332,False,False,False,False
2023-08-18 00:00:00+00:00,11.9832849517,12.0532603383,11.9745380284,11.9745380284,20815,,,,,,,,,,,,,,,,,,11.592519931856234,11.421761132421203,11.18117204729557,11.126582470715702,11.109383181703647,11.084670044641674,11.045066579869115,10.98358308745654,10.925098261811018,,,,,11.592519931856234,,,11.163315193085632,"rgba(0, 255, 255, 0.75)",0.4822126554576963,11.13393298011384,1.7613639168801776,54.169216460528816,9.264493600904004,False,True,False,False,False,11.416692216827496,0.0,0.0,0.0,0.0,0,1.0707564277095065,0.7922030732504985,False,False,False,False,0.2362922062687206,0.24517849706010042,False,False,False,False,827265,748190.9188516255,False,False,False,False,10998.265200609672,False,False,False,False
2023-08-21 00:00:00+00:00,11.9832849517,12.0882480316,11.9657911051,12.0007787983,6834,,,,,,,,,,,,,,,,,,11.597362276738108,11.426918237711174,11.18533122386593,11.130058377861458,11.111928825980666,11.086791759051781,11.046966487235615,10.985379767024954,10.926699235022461,,,,,11.597362276738108,,,11.166381798943572,"rgba(0, 255, 255, 0.75)",0.4833146671811478,11.136183120885399,1.7526921658620078,53.15296877779665,8.378096197083948,False,True,False,False,False,11.416692216827496,0.0,0.0,0.0,0.0,0,1.0640886259901186,0.7891950746235272,False,False,False,False,0.2442751527151783,0.24472682488763936,False,False,False,False,827265,751291.8632103854,False,False,False,False,10834.960682938705,False,False,False,False
2023-08-22 00:00:00+00:00,12.0270195683,12.0401399533,12.0011286753,12.0249203067,4126,,,,,,,,,,,,,,,,,,11.6003034915287,11.43004257211415,11.18785330597697,11.13216816145082,11.113476348301358,11.088082275057388,11.04812216404367,10.986472340856873,10.927672702699578,,,,,11.6003034915287,,,11.168243706892168,"rgba(0, 255, 255, 0.75)",0.4827092091336182,11.13758949230712,1.842579464330622,53.64034772800665,8.378096197083948,False,True,False,False,False,12.219423197887913,0.0,0.0,0.0,0.0,0,1.0820888308518277,0.7891274240168837,False,False,False,False,0.24038636466601676,0.24255659477682806,False,False,False,False,831391,754433.0058295861,False,False,False,False,10571.86418556856,False,False,False,False
2023-08-23 00:00:00+00:00,12.0401399533,12.0401399533,11.9608125305,12.0313257952,9337,,,,,,,,,,,,,,,,,,11.606671867041127,11.436886979828076,11.193443621762809,11.136857684164351,11.116924278688446,11.090961374489703,11.050703111348493,10.988914767942148,10.929851072955573,,,,,11.606671867041127,,,11.172357195357858,"rgba(0, 255, 255, 0.75)",0.4834347767000717,11.140682779011714,1.8605553792136889,54.31396632501862,8.378096197083948,False,True,False,False,False,12.461120710703938,0.0,0.0,0.0,0.0,0,1.087513648824519,0.7757191992592726,False,False,False,False,0.22664647516612973,0.2346015349714789,False,False,False,False,840728,757817.1232480337,False,False,False,False,10523.438139075675,False,False,False,False
2023-08-24 00:00:00+00:00,12.0137856206,12.0225116371,11.9784408467,11.9784408467,2567,,,,,,,,,,,,,,,,,,11.608351418554637,11.438712423008647,11.19495099648428,11.138125402967104,11.117858345687905,11.091742276483354,11.051403817994393,10.989578485795818,10.930443594857328,,,,,11.608351418554637,,,11.17346297353705,"rgba(0, 255, 255, 0.75)",0.48228361271824,11.14151064984037,1.8086348939855665,53.86392596379322,8.378096197083948,False,True,False,False,False,11.776377451639089,0.0,0.0,0.0,0.0,0,1.0826965733231277,0.7760174931130983,False,False,False,False,0.22457715341434212,0.2295893441929105,False,False,False,False,838161,760967.8635128167,False,False,False,False,10211.420957151138,False,False,False,False
2023-08-25 00:00:00+00:00,12.013697479,12.0313257952,11.9696266886,11.9696266886,5097,,,,,,,,,,,,,,,,,,11.61164442644112,11.442302255577834,11.197927372826635,11.140631539506291,11.119707142602858,11.093288826330689,11.052792042834573,10.99089374978212,10.931618132270389,,,,,11.61164442644112,,,11.17564505424139,"rgba(0, 255, 255, 0.75)",0.4802740769366768,11.143153951066825,1.8125973683313197,53.560752116277925,8.267944584325953,False,True,False,False,False,11.774058960342007,0.0,0.0,0.0,0.0,0,1.0768659443038473,0.7829841088214465,False,False,False,False,0.22457715341434212,0.2270832488036263,False,False,False,False,833064,763795.1629829024,False,False,False,False,10010.855429419722,False,False,False,False
2023-08-28 00:00:00+00:00,12.0445470323,12.0445470323,11.9969505786,12.0225116371,3370,,,,,,,,,,,,,,,,,,11.613921759489408,11.444750212099732,11.199940971804052,11.142325994928516,11.120958041498122,11.09433510954983,11.053730569241182,10.991781863307006,10.93241048401028,,,,,11.613921759489408,,,11.177128333992014,"rgba(0, 255, 255, 0.75)",0.47897697647454335,11.144313561012439,1.8794921582946011,54.36571324650927,8.267944584325953,False,True,False,False,False,12.371667339123636,0.0,0.0,0.0,0.0,0,1.0733269482625565,0.791490300699848,False,False,False,False,0.23725360211007593,0.23216842545685112,False,False,False,False,836434,766643.7448267102,False,False,False,False,9750.429726305223,False,False,False,False
2023-08-29 00:00:00+00:00,12.106246139,12.1282815342,12.0048833209,12.1018390599,4709,,,,,,,,,,,,,,,,,,11.617449731899777,11.448433266055188,11.20291089847532,11.14481884451497,11.122798320653473,11.0958729758131,11.055107587542379,10.993081366323059,10.93356728662194,,,,,11.617449731899777,,,11.179337808655468,"rgba(0, 255, 0, 1.0)",0.47567259301508213,11.146144658262894,2.0184082388506734,56.71898376858732,8.267944584325953,False,True,True,False,True,13.556886090892313,0.0,0.0,0.0,0.0,0,1.0613479151407115,0.7812766619247443,False,False,False,False,0.26619851097483627,0.2491834682158437,False,False,False,False,841143,769565.2842452707,False,False,False,False,9552.72659978345,False,False,False,False
2023-08-30 00:00:00+00:00,12.110653218,12.1664468388,12.0930249018,12.0930249018,5504,,,,,,,,,,,,,,,,,,11.621888457959072,11.452977699863544,11.206528138717818,11.147850800684708,11.125037876858444,11.097743730236761,11.056780643330468,10.99465707108378,10.934967718634695,,,,,11.621888457959072,,,11.182048015263256,"rgba(0, 255, 0, 1.0)",0.47301109718335616,11.148474041395328,2.0341577234322177,58.41169168062881,4.053650087401472,False,True,True,False,True,13.641520727793612,0.0,0.0,0.0,0.0,0,1.088626519934639,0.7673481071291935,False,False,False,False,0.3068189916741377,0.27800122994499066,False,False,False,False,846647,772588.0966278091,False,False,False,False,9393.953007635078,False,False,False,False
2023-08-31 00:00:00+00:00,12.1282815342,12.1898924993,12.1194673761,12.1635381666,6190,,,,,,,,,,,,,,,,,,11.627008160191322,11.458185110497372,11.21066143053511,11.151316430314054,11.127601125605207,11.099885515440578,11.058695543308499,10.99645915512702,10.936568514025366,,,,,11.627008160191322,,,11.185153442782726,"rgba(0, 255, 0, 1.0)",0.47457299118722984,11.151174815454361,2.058917673130175,60.057955382456015,5.711423349810069,False,True,True,False,True,13.984563725963994,0.0,0.0,0.0,0.0,1,1.0864347015301787,0.7680670043766773,False,False,False,False,0.3231305548570784,0.30056589240103454,False,False,False,False,852837,775735.1124463264,False,False,False,False,9268.30779164939,False,False,False,False
2023-09-01 00:00:00+00:00,12.2516797475,12.2775933723,12.1521679026,12.207608957,11577,,,,,,,,,,,,,,,,,,11.637778084537647,11.468843654649854,11.218958309595125,11.158258301783071,11.132740567918724,11.104177235835204,11.062525277908719,11.000051674523876,10.939751541097253,,,,,11.637778084537647,,,11.191453849761054,"rgba(0, 255, 0, 1.0)",0.4744617812929036,11.222864493565378,2.1683838287904056,64.06834710319916,9.516345511801866,False,False,True,False,True,16.32760403190295,0.0,0.0,0.0,0.0,1,1.0945893001615683,0.7578257383417153,False,False,False,False,0.34282818962783,0.3216970410144323,False,False,False,False,864414,779212.7158798038,False,False,False,False,9358.844740996472,False,False,False,False
2023-09-05 00:00:00+00:00,12.2604939056,12.2604939056,12.207608957,12.2428655894,2545,,,,,,,,,,,,,,,,,,11.640155805615123,11.471195001887503,11.220792258992478,11.159794620611214,11.133880083486929,11.105129461868584,11.063375131641905,11.0008486968076,10.940457687391946,,,,,11.640155805615123,,,11.192847638700364,"rgba(0, 255, 0, 1.0)",0.47496734983696,11.224236063966627,2.1817454231097893,66.91303438998074,12.10773281975758,True,False,True,False,True,16.491363306695895,0.0,0.0,0.0,0.0,0,1.1209523590370458,0.7496538660636997,False,False,False,False,0.34282818923863795,0.3322626151265351,False,False,False,False,866959,782653.7466296154,False,False,False,False,9091.635143310335,False,True,False,False
2023-09-06 00:00:00+00:00,12.110653218,12.2340514313,12.110653218,12.2340514313,2720,,,,,,,,,,,,,,,,,,11.642295539966758,11.47339753802367,11.222571046228905,11.161294101243248,11.134995561266887,11.10606407630303,11.064212037962983,11.001637011388222,10.941158825830916,,,,,11.642295539966758,,,11.194180637579402,"rgba(0, 255, 255, 0.75)",0.47322364090424696,11.224712951996604,1.8721386452936277,62.6166952887917,12.10773281975758,False,True,True,False,False,12.266223256866802,0.0,0.0,0.0,0.0,0,1.0956205307800897,0.7559052859276881,False,False,False,False,0.29898453988148294,0.31562357750400905,False,False,False,False,864239,785853.1683304148,False,False,False,False,8841.767098474636,False,False,False,False
2023-09-07 00:00:00+00:00,12.207608957,12.207608957,12.0225116371,12.0225116371,6346,,,,,,,,,,,,,,,,,,11.647162030730438,11.478437201162452,11.226668724657964,11.164754307660385,11.137573602428919,11.108225921370341,11.066149096289163,11.003462651673876,10.942783567441184,,,,,11.647162030730438,,,11.197246344823858,"rgba(0, 255, 0, 1.0)",0.4719994816642652,11.226267119232109,2.0791163462885387,62.11368789783505,12.10773281975758,False,True,True,False,False,14.122470068803363,0.0,0.0,0.0,0.0,0,1.0577750656734195,0.7774698196684933,False,False,False,False,0.24789071240858487,0.28175714495629695,False,False,False,False,870585,789175.9852586339,False,False,False,False,8743.89387892661,False,False,False,False
2023-09-08 00:00:00+00:00,12.1389466655,12.2693080637,12.1194673761,12.1899806409,10013,,,,,,,,,,,,,,,,,,11.655102695500933,11.486587735195188,11.233269362129219,11.170330205131913,11.141734936830254,11.11171683556782,11.069275923633958,11.00640673590122,10.94540195949447,,,,,11.655102695500933,,,11.202202932153886,"rgba(0, 255, 255, 0.75)",0.46872067418013785,11.230091393354517,1.939012555260565,59.595561865510355,15.158892858126364,False,True,True,False,False,12.256726726369518,0.0,0.0,0.0,0.0,0,1.0662339881250613,0.7948414206582937,False,False,False,False,0.30849486478479327,0.2951260048705451,False,False,False,False,860572,791975.8289739816,False,False,False,False,8793.662746419684,False,False,False,False
2023-09-11 00:00:00+00:00,12.1503169294,12.1987947989,12.1162942792,12.1635381666,4880,,,,,,,,,,,,,,,,,,11.65873596106462,11.490373746896228,11.236382974502867,11.172969805454334,11.143710472478196,11.11337688154984,11.070764971833913,11.007810841360666,10.946652575720247,,,,,11.65873596106462,,,11.204530914540102,"rgba(0, 255, 255, 0.75)",0.46509230630068654,11.231778489240671,1.9749594386226754,58.20681907850006,13.85785233720459,False,True,True,False,False,12.47789582467787,0.0,0.0,0.0,0.0,0,1.0472781093808996,0.8199015165801395,False,False,False,False,0.2772242714302796,0.28617513815041234,False,False,False,False,865452,794857.2474455902,False,False,False,False,8640.185775971855,False,False,False,False
2023-09-12 00:00:00+00:00,12.1547240085,12.2164231151,12.1547240085,12.1811664828,8807,,,,,,,,,,,,,,,,,,11.665421941321567,11.497302889049678,11.242071353404246,11.17779491273992,11.147326982095493,11.116417162526322,11.07349172337718,11.01038054346384,10.948940580534321,,,,,11.665421941321567,,,11.208794232056952,"rgba(0, 255, 255, 0.75)",0.4601361788224891,11.235217832689727,1.998334880259436,57.40128794112651,13.023379999987412,False,True,True,False,False,12.564940063863325,0.0,0.0,0.0,0.0,0,1.033000572522356,0.8260869739851724,False,False,False,False,0.3009625852920417,0.293568861721227,False,False,False,False,874259,797971.0416634101,False,False,False,False,8646.727510247469,False,False,False,False
2023-09-13 00:00:00+00:00,12.0313257952,12.1767594037,11.91674174,12.1723523247,14480,,,,,,,,,,,,,,,,,,11.673260716394855,11.506208446799153,11.249957059535275,11.18457815515766,11.15245212168967,11.120751846140191,11.077405348166982,11.014098977885107,10.952275876112987,,,,,11.673260716394855,,,11.214554283097987,"rgba(0, 255, 255, 0.75)",0.4506858222685493,11.23790038159434,1.7604845202627297,53.15218253546318,8.952099432158477,False,True,False,False,False,9.215068141683705,0.0,0.0,0.0,0.0,1,0.9911883933545118,0.8397438810366129,False,False,False,False,0.18604597200390174,0.23980741686256435,False,False,False,False,859779,800394.8831668058,False,False,False,False,8875.483294159332,False,False,False,False
2023-09-14 00:00:00+00:00,12.0930249018,12.1370956923,12.0411976523,12.0577682695,16222,,,,,,,,,,,,,,,,,,11.682777289228525,11.516724431799462,11.259142368205625,11.192477856028184,11.158436024597595,11.12581498354764,11.081972534185073,11.018429496257884,10.956154733809141,,,,,11.682777289228525,,,11.221325524184348,"rgba(0, 255, 255, 0.75)",0.4430371737707359,11.242629358471062,1.919467696336026,52.14447549739135,7.9907486486249795,False,True,False,False,False,10.47449596044967,0.0,0.0,0.0,0.0,1,1.0161615849284167,0.8353803470557509,False,False,False,False,0.22049770207867356,0.23015255947061897,False,False,False,False,876001,803359.8289249704,False,False,False,False,9163.581988506025,False,False,False,False
2023-09-15 00:00:00+00:00,12.0842107438,12.106246139,12.0401399533,12.0401399533,5473,,,,,,,,,,,,,,,,,,11.685787129321172,11.520105504776952,11.262146328591431,11.195072255415324,11.160408541621507,11.12748741447635,11.083483525698643,11.019864281212223,10.957441841110256,,,,,11.685787129321172,,,11.223532980247093,"rgba(0, 255, 255, 0.75)",0.4326384952789763,11.244163593627254,1.9416837829723446,51.216889716353535,7.010257049679893,False,True,False,False,False,10.23662087514548,0.0,0.0,0.0,0.0,1,1.034416146842849,0.8304753014009196,False,False,False,False,0.19873136222420126,0.21444196084741013,False,False,False,False,870528,805993.8748494814,False,False,False,False,9018.853283074415,False,False,False,False
2023-09-18 00:00:00+00:00,12.0842107438,12.1547240085,12.0401399533,12.1282815342,5031,,,,,,,,,,,,,,,,,,11.688626279679148,11.523266882280824,11.264942669999176,11.197487198256772,11.16224613843461,11.129045678687664,11.084890974856613,11.021199876645808,10.958639438079675,,,,,11.688626279679148,,,11.225593904102254,"rgba(0, 255, 255, 0.75)",0.41941144729769503,11.245685664602806,1.9992899206730874,50.59849919566166,6.245732050684339,False,True,False,False,False,10.23662087514548,0.0,0.0,0.0,0.0,1,1.0314411270893045,0.8363612632960924,False,False,False,False,0.21239206779141812,0.21341701431941412,False,False,False,False,870528,808524.6248553841,False,False,False,False,8862.466879816597,False,False,False,False
2023-09-19 00:00:00+00:00,12.0665824276,12.1459098504,12.0489541114,12.1370956923,8631,,,,,,,,,,,,,,,,,,11.693336448444235,11.528554814553141,11.26966264650561,11.201573081188787,11.165362045244105,11.131691071878985,11.087282403149546,11.023470928861805,10.960677506264721,,,,,11.693336448444235,,,11.229067882898992,"rgba(0, 255, 255, 0.75)",0.4097847215597002,11.248244069757389,1.996995775557216,49.5984959371818,5.070712541171837,False,True,False,False,False,9.745479188286208,0.0,0.0,0.0,0.0,1,1.0173641893171594,0.8399296495875266,False,False,False,False,0.19468270737802815,0.20404986084872112,False,False,False,False,861897,810617.6591747808,False,False,False,False,8853.389747274769,False,False,False,False
2023-09-20 00:00:00+00:00,12.1018390599,12.1150602971,12.0489541114,12.0489541114,10760,,,,,,,,,,,,,,,,,,11.699076141823722,11.535026805601388,11.275481981886326,11.206622929115479,11.16922341548407,11.134973653175713,11.090252145045381,11.026292554495823,10.963211316702804,,,,,11.699076141823722,,,11.233351215925634,"rgba(0, 255, 0, 1.0)",0.40417495304688456,11.25145766394471,2.1039933067219176,50.204477559468785,5.070712541171837,False,True,False,False,False,10.503913298029666,0.0,0.0,0.0,0.0,1,1.0112521316012923,0.857863131991713,False,False,False,False,0.173163105888149,0.18860648336843505,False,False,False,False,872657,813050.5745012601,False,False,False,False,8928.158776793405,False,False,False,False
2023-09-21 00:00:00+00:00,12.0446351739,12.1244880292,12.0178991234,12.1244880292,19597,,,,,,,,,,,,,,,,,,11.708435513263163,11.545896119431198,11.285535149844154,11.21540427223247,11.175975061753004,11.14073151115129,11.095474697039467,11.031267139889486,10.967689903026928,,,,,11.708435513263163,,,11.240712151959018,"rgba(0, 255, 255, 0.75)",0.39762242950552157,11.256779062996687,1.98141767777809,48.63625869030366,3.71540983082879,False,True,False,True,False,8.889650393611792,0.0,0.0,0.0,0.0,1,1.0057146534188428,0.8813577871806424,False,False,False,False,0.16156804779152822,0.17508726557998164,False,False,False,False,853060,814619.5715796421,False,False,False,False,9346.544707115232,False,False,False,False
2023-09-22 00:00:00+00:00,12.0711935763,12.1334592621,12.0711935763,12.0711935763,9531,,,,,,,,,,,,,,,,,,11.713181698649079,11.551315930883517,11.290515072874493,11.219757296500775,11.179330422648494,11.143595217101208,11.09807161666409,11.033738282864398,10.96991345619139,,,,,11.713181698649079,,,11.244379888264161,"rgba(0, 255, 0, 1.0)",0.3897092094367936,11.259645855683383,2.082444296837285,48.5991418176787,3.422229852023122,False,True,False,False,False,9.47570886107183,0.0,0.0,0.0,0.0,1,1.0009391675038828,0.8764569026947637,False,False,False,False,0.19507859768049252,0.1850829316302371,False,False,False,False,862591,816500.804066715,False,False,False,False,9353.778248012675,False,False,False,False
2023-09-25 00:00:00+00:00,12.0711935763,12.1689000732,12.0445463498,12.0623111675,9926,,,,,,,,,,,,,,,,,,11.718038593426874,11.556877150018543,11.295655148844137,11.22426008451912,11.18280994964563,11.146568495016856,11.10076974649864,11.036306723539951,10.972225856228567,,,,,11.718038593426874,,,11.248167971970924,"rgba(0, 255, 0, 1.0)",0.3830974482431596,11.262636008662653,2.1105793613225523,48.57439723592872,3.0877510496172533,False,True,False,False,False,9.47570886107182,0.0,0.0,0.0,0.0,1,1.0198161683868394,0.8635995315671791,False,False,False,False,0.19392369648192906,0.18950331405608306,False,False,False,False,862591,818308.2627307654,False,False,False,False,9376.218316718061,False,False,False,False
2023-09-26 00:00:00+00:00,11.707014815,12.0534287586,11.6803675885,12.0534287586,29081,,,,,,,,,,,,,,,,,,11.721473200475252,11.564348491914142,11.305173954207,11.233012304546255,11.189756222638085,11.152621206763103,11.106378213177722,11.041780024435868,10.977262507993393,,,,,11.721473200475252,,,11.254645125127869,"rgba(38, 166, 154, 1.0)",0.3762920524385665,11.264384333379017,1.1762950579277733,40.803210342789875,-4.376301083817964,False,True,False,True,False,0.0,0.0,0.0,0.0,0.0,0,0.9470529189871878,0.8911240465274435,False,False,False,False,-0.09870738313489699,0.045397965460593034,False,False,False,False,833510,818904.4092903432,False,False,False,False,10148.954853317353,False,False,False,False
2023-09-27 00:00:00+00:00,11.7958389031,11.8757805824,11.6892499973,11.7691916766,29656,,,,,,,,,,,,,,,,,,11.723788349609773,11.570764582251092,11.314037065438324,11.241276318500073,11.196388121174216,11.158437189122775,11.111795308249967,11.047092749204051,10.982175339587059,,,,,11.723788349609773,,,11.260639447015258,"rgba(38, 166, 154, 1.0)",0.3664080921316901,11.266368383884808,1.4450295465223937,38.461688707455274,-6.443310349008051,False,True,False,True,False,2.025345869755302,0.0,0.0,0.0,0.0,0,0.9489601433590632,0.9363199518253756,False,False,False,False,-0.34282825441539394,-0.14871514447740045,False,False,False,False,863166,820640.1579456239,False,False,False,False,10913.937015932359,False,False,False,False
2023-09-28 00:00:00+00:00,11.8846629912,11.9113102176,11.6714851797,11.7780740855,11526,,,,,,,,,,,,,,,,,,11.725126161102176,11.573553130804255,11.317646627510332,11.244626845850654,11.199078762751002,11.160795089788289,11.113987071755528,11.049235366389583,10.984152281945633,,,,,11.725126161102176,,,11.263133481988607,"rgba(0, 255, 255, 0.75)",0.35429342170245454,11.267617730960099,1.7416221200915027,39.35966102216059,-6.443310349008051,False,True,False,True,False,3.996146355095245,0.0,0.0,0.0,0.0,0,0.9269874221102767,0.9456680070483964,False,False,False,False,-0.32832708698591934,-0.2385211157316599,False,False,False,False,874692,822759.8380261876,False,False,False,False,10937.939485895797,False,False,False,False
2023-09-29 00:00:00+00:00,11.8668981736,11.9201038024,11.8136925448,11.8580157648,15260,,,,,,,,,,,,,,,,,,11.727625523866507,11.577793357375274,11.322760988587813,11.249340241034867,11.202856958720213,11.164099032871933,11.11704877399128,11.052215849786236,10.986893319922117,,,,,11.727625523866507,,,11.266737116239582,"rgba(0, 255, 255, 0.75)",0.3425714457182573,11.26985057447163,1.7428411112215192,39.630142472154034,-6.443310349008051,False,True,False,True,False,3.563140895096513,0.0,0.0,0.0,0.0,0,0.9433839576484291,0.9585934844286473,False,False,False,False,-0.20967928848379255,-0.22410020210772624,False,False,False,False,859432,824197.9620251607,False,False,False,False,11107.432055076353,False,False,False,False
2023-10-02 00:00:00+00:00,11.7780740855,11.8402509471,11.7336620414,11.8402509471,16137,,,,,,,,,,,,,,,,,,11.728657178982916,11.580897802475672,11.327258320198379,11.253588701364595,11.206313032763669,11.167151200659882,11.11990449147873,11.055025746468738,10.989502103245709,,,,,11.728657178982916,,,11.269810953070921,"rgba(0, 255, 255, 0.75)",0.33184062855325164,11.271317131958416,1.5271094312680387,38.25356066560886,-6.618362156602473,False,True,False,True,False,1.4258115186233766,0.0,0.0,0.0,0.0,0,0.9160928758620621,0.9819946149333142,False,False,False,False,-0.3355606633479511,-0.2798304327278387,False,False,False,False,843295,824946.8654751544,False,False,False,False,11304.67001370081,False,False,False,False
2023-10-03 00:00:00+00:00,11.5737786828,11.751426859,11.4138953241,11.751426859,10914,,,,,,,,,,,,,,,,,,11.726835951017048,11.580885731780342,11.32891218883351,11.255331941383819,11.207808856909084,11.168520448526786,11.121232174063815,11.05638479402514,10.990805638160449,,,,,11.726835951017048,,,11.270746413855555,"rgba(38, 166, 154, 0.5)",0.32500881825973416,11.270822490458022,0.9321476074531252,34.64608810466925,-10.105504034731801,False,True,False,True,False,0.0,0.0,0.0,0.0,0.0,0,0.8586829671552408,1.003695781347343,False,False,False,False,-0.34282825441539394,-0.31132934357161635,False,False,False,False,832381,825238.4001624032,False,False,False,False,11289.34962100666,False,False,False,False
2023-10-04 00:00:00+00:00,11.5027194123,11.5204842299,11.4587514886,11.5116018211,10162,,,,,,,,,,,,,,,,,,11.724214988775634,11.580077728287604,11.329913039258253,11.256513885839635,11.208872345534898,11.169523135564422,11.12223166630088,11.057437655650714,10.991838282348905,,,,,11.724214988775634,,,11.271180303062328,"rgba(38, 166, 154, 0.5)",0.3184322122713505,11.269859667354838,0.7312694381142908,31.509527342017,-13.042910866894758,False,True,False,True,False,0.0,0.0,0.0,0.0,0.0,0,0.8557805568208784,1.0333678421620733,False,False,False,False,-0.34282825441539394,-0.3270787989935051,False,False,False,False,822219,825119.9923128972,False,False,False,False,11245.139831947576,False,False,False,False
2023-10-05 00:00:00+00:00,11.4050129153,11.5382490475,11.3606008713,11.4583073682,17718,,,,,,,,,,,,,,,,,,11.718640984212023,11.57775726144722,11.331008360545008,11.258038684709403,11.210325644743179,11.170939505553157,11.123685331534173,11.059013319759869,10.993416993756906,,,,,11.718640984212023,,,11.27142512069566,#000000,0.31072702096250676,11.267716858797613,0.4418542554718931,28.510395807418284,-15.805134593856245,False,True,False,True,False,0.0,0.0,0.0,0.0,0.0,0,0.84011402947337,1.0245507110943193,False,False,False,False,-0.34282825441539394,-0.33495352670444956,False,False,False,False,804501,824311.4043790582,True,False,False,False,11498.97748559669,False,False,False,False
2023-10-06 00:00:00+00:00,11.4583073682,11.5461543914,11.3299565609,11.4583073682,6092,,,,,,,,,,,,,,,,,11.444806106833333,11.716840675484615,11.577031985880739,11.331416192901525,11.258586837016134,11.210843515744118,11.1714416836514,11.124198296351627,11.059566653502591,10.993969677053311,,,,11.444806106833333,11.716840675484615,,,11.28887016244194,"rgba(38, 166, 154, 0.5)",0.3027558092507392,11.291759896784333,0.5501049569547122,28.08217309463533,-16.191054703012696,False,True,False,True,False,0.0,1.0,11.546154,11.329957,0.0,0,0.8507257820445417,1.0287211611652742,True,False,False,False,-0.34282825441539394,-0.3388908905599217,False,False,False,False,810593,823773.4277367422,False,False,False,False,11286.939152828192,False,False,False,False
2023-10-09 00:00:00+00:00,11.707014815,11.7575557211,11.5954517603,11.6270731356,10612,,,,,,,,,,,,,,,,,11.598464100771928,11.716499108282708,11.578064077329577,11.33362026751822,11.260764321545867,11.21266714684092,11.17308217606785,11.125759119008759,11.061129544341187,10.995443975004646,,,,11.598464100771928,11.716499108282708,,,11.305549383671167,"rgba(38, 166, 154, 1.0)",0.2903166308366286,11.300001094015318,1.401964881625137,33.56906376015351,-16.191054703012696,False,True,False,True,True,0.16428618187448407,0.0,0.0,0.0,0.0,0,0.8754022236310044,0.9871650040770533,False,False,False,False,-0.1330705980111736,-0.23598074428554766,False,False,False,False,821205,823672.7050803994,False,False,False,False,11260.470950756498,False,False,False,False
2023-10-10 00:00:00+00:00,11.7336620414,11.7691028526,11.707014815,11.707014815,4217,,,,,,,,,,,,,,,,,11.626306487113997,11.716589115216689,11.578654869574555,11.334611317186551,11.261724170756374,11.213463856547456,11.17379425921586,11.126431941857096,11.061797834649068,10.996070274686733,,,,11.626306487113997,11.716589115216689,,,11.308944412680438,"rgba(0, 255, 255, 0.75)",0.2726135948923622,11.301756419151427,1.5843143201244427,37.731278009995144,-18.72916952629984,False,True,False,True,True,0.7250784672966617,0.0,0.0,0.0,0.0,0,0.8637317338818044,1.0070232048056185,False,False,False,False,-0.08143178358114268,-0.15870626393334517,False,False,False,False,825422,823741.3048811681,False,False,False,False,10984.256403668009,False,False,False,False
2023-10-11 00:00:00+00:00,11.8134260725,11.8135148966,11.7941512454,11.7958389031,981,,,,,,,,,,,,,,,,,11.634401204047732,11.71668325826404,11.578852687162856,11.334881441862397,11.261979943679002,11.213673756116355,11.173980353034267,11.126606292181561,11.061969317476555,10.996229662911466,,,,11.634401204047732,11.71668325826404,,,11.309925791673622,"rgba(0, 255, 255, 0.75)",0.25884434117906446,11.302289382553836,1.9746875192166875,41.988119127738294,-14.929646238677613,False,True,False,True,True,2.387097259616816,0.0,0.0,0.0,0.0,0,0.8757653085778963,0.9833058252797983,False,False,False,False,-0.026721925114971543,-0.09271409452415835,False,False,False,False,826403,823845.6850819066,False,False,False,False,10591.971838818283,False,False,False,False
2023-10-12 00:00:00+00:00,11.7787846782,11.8402509471,11.7500056736,11.8402509471,8223,,,,,,,,,,,,,,,,,11.676786634733222,11.717314672426282,11.580372401173843,11.33705084735965,11.264046553412447,11.215376092052546,11.175493314991122,11.128027060931988,11.063370233297944,10.997534700202559,,,,11.676786634733222,11.717314672426282,,,11.315537251058162,"rgba(0, 255, 255, 0.75)",0.24754518545044676,11.305396596668398,1.9123299880391456,44.18829655106395,-13.038238611368186,False,True,False,True,True,1.627227719388877,0.0,0.0,0.0,0.0,0,0.881713786127304,0.9647723704147313,False,False,False,False,-0.033946150622497416,-0.06333012257332789,False,False,False,False,818180,823623.5013532044,False,False,False,False,10499.070982394036,False,False,False,False
2023-10-13 00:00:00+00:00,11.8575716443,11.8845741671,11.8047213119,11.8047213119,25699,,,,,,,,,,,,,,,,,11.756045967777906,11.720779655308698,11.586289705433664,11.34457001788824,11.271118877072388,11.221174542703508,11.180625893105901,11.132822639026667,11.068068388247523,11.001888881855018,,,,11.756045967777906,11.720779655308698,,,11.328338456841951,"rgba(0, 255, 0, 1.0)",0.2401069588772003,11.313376884004885,2.2664680892211733,47.13864694455607,-10.347437132277449,False,True,False,False,True,3.2619831303280904,0.0,0.0,0.0,0.0,0,0.8826264782377033,0.9616714615924118,False,False,False,False,0.007126029816869394,-0.028102046378229245,False,False,False,False,843879,824417.834633471,False,False,False,False,11095.14663014329,False,False,False,False
2023-10-16 00:00:00+00:00,12.0001343058,12.0001343058,11.8313685383,11.8313685383,16968,,,,,,,,,,,,,,,,,11.799830336095564,11.724590663371112,11.59141680694692,11.350326462299144,11.276447255137345,11.22551534078552,11.184447318535218,11.136369228568185,11.07151305371659,11.005058880120156,,,,11.799830336095564,11.724590663371112,,,11.336551534557575,"rgba(0, 255, 0, 1.0)",0.23485306108415469,11.319132151659684,2.899694604773719,51.40636954942795,-6.407653599567148,False,False,True,False,True,6.096534061542414,0.0,0.0,0.0,0.0,0,0.8757202101675743,0.9627156005026033,False,False,False,False,0.06617795637895846,0.019037955000364606,False,False,False,False,860847,825846.429353727,False,False,False,False,11325.454605431789,False,False,False,False
2023-10-17 00:00:00+00:00,12.0090167146,12.0267815322,11.8959436504,12.0267815322,14192,,,,,,,,,,,,,,,,,11.828777056624464,11.72814963137724,11.595988948407149,11.355322826474067,11.281059096549999,11.229272922972678,11.18775343755923,11.139433451432064,11.074482833365916,11.007787577485873,,,,11.828777056624464,11.72814963137724,,,11.342802778224868,"rgba(0, 255, 0, 1.0)",0.22930105285627803,11.323784923863249,2.9883499539194975,54.384687471912045,-3.6882081054857423,False,False,True,False,True,6.269191477778175,0.0,0.0,0.0,0.0,0,0.8837019906716769,0.9548806884096355,False,False,False,False,0.10427632430720342,0.06165713965378401,False,False,False,False,875039,827775.5497712279,False,False,False,False,11437.868150316817,False,False,False,False
2023-10-18 00:00:00+00:00,11.9776618115,12.035663941,11.9734870793,11.991251897,4093,,,,,,,,,,,,,,,,,11.836274271224072,11.72923176508123,11.59735002222155,11.356791121659123,11.282412678658016,11.2303760730135,11.18872386299158,11.140332306567002,11.075353051211755,11.008586542985697,,,,11.836274271224072,11.72923176508123,,,11.344543169561351,"rgba(0, 255, 0, 1.0)",0.2239442754838205,11.325117289017879,2.9138700735811716,55.62034752923523,-2.511045139958078,False,False,True,False,True,5.542221619624172,0.0,0.0,0.0,0.0,0,0.902845356901592,0.9492992819630861,False,False,False,False,0.14065018306014834,0.10115366135696618,False,False,False,False,870946,829468.5086037288,False,False,False,False,11149.834105206353,False,False,False,False
2023-10-19 00:00:00+00:00,11.9734870793,12.1422528468,11.9734870793,11.9734870793,8451,,,,,,,,,,,,,,,,,11.852701795218296,11.731721446851164,11.600369559539029,11.359962447843815,11.285324321770604,11.232744943121405,11.190804647236602,11.142256094800791,11.077211098129153,11.01028903606497,,,,11.852701795218296,11.731721446851164,,,11.348338539057584,"rgba(0, 255, 0, 1.0)",0.21700984177863053,11.328063053444021,2.9741693766790966,56.33896231823503,-1.6670658785331156,False,False,True,False,True,5.444456559780331,0.0,0.0,0.0,0.0,0,0.8963637696223725,0.9519185230495113,False,False,False,False,0.1860359772100969,0.14359481928353154,False,False,False,False,862495,830763.6651290728,False,False,False,False,11043.997473629635,False,False,False,False
2023-10-20 00:00:00+00:00,11.9468398529,12.1870201872,11.8136037207,11.9557222617,25183,,,,,,,,,,,,,,,,,11.878909619605022,11.737763177115747,11.60815915672898,11.368583444884205,11.293325371264805,11.23930773929743,11.196598696899445,11.14763710089211,11.082432650815019,11.015095166398394,,,,11.878909619605022,11.737763177115747,,,11.356781212390116,"rgba(0, 255, 0, 1.0)",0.20689617896456416,11.334924999607788,2.9575937861907895,56.110673016984975,-1.604930954681869,True,False,True,False,True,4.813450590985887,0.0,0.0,0.0,0.0,0,0.8768579512802229,0.9407384568609883,False,False,False,False,0.13704646014736194,0.14032063971544673,False,False,False,False,837312,831020.4625749916,False,False,False,False,11598.468160938277,False,False,False,False
2023-10-23 00:00:00+00:00,12.0401051454,12.1117191537,11.9058288799,11.9058288799,20970,,,,,,,,,,,,,,,,,11.899106220384072,11.743298772760777,11.61502037946155,11.376000795389025,11.30019676399407,11.244951360660592,11.201581592467475,11.152260411129316,11.086910487853473,11.019211722117987,,,,11.899106220384072,11.743298772760777,,,11.363853850621833,"rgba(0, 255, 0, 1.0)",0.19913855780478584,11.340854990390156,3.5113750080248867,57.789816497538354,0.3502897246920469,True,False,True,False,True,6.726094239618874,0.0,0.0,0.0,0.0,0,0.8957028868179662,0.95442463119521,False,False,False,False,0.14420247332933658,0.14226155652239164,False,False,False,False,858282,832089.5424740115,False,False,False,False,11965.9792134505,False,False,False,False
2023-10-24 00:00:00+00:00,12.0401051454,12.2638989214,11.9058288799,11.9058288799,5079,,,,,,,,,,,,,,,,,11.904861637506865,11.744847406472639,11.616852120916661,11.3779116087207,11.301957547932798,11.246394748070804,11.202853710171619,11.15343791069558,11.088047261666423,11.020254011327456,,,,11.904861637506865,11.744847406472639,,,11.365741796348154,"rgba(0, 255, 0, 1.0)",0.19220081526771837,11.34245314211299,3.6298077212380355,58.90924548457395,1.7748067612346716,True,False,True,False,True,6.726094239618874,0.0,0.0,0.0,0.0,0,0.8859819489303382,0.9346821467536534,False,False,False,False,0.20930492239322077,0.17578323945780622,False,False,False,False,858282,833116.6976711091,False,False,False,False,11695.901597236756,False,False,False,False
2023-10-25 00:00:00+00:00,12.2638989214,12.2907541745,11.932684133,11.9774428882,11254,,,,,,,,,,,,,,,,,11.92275423643563,11.74918871764477,11.62167677131068,11.382669263949104,11.306297007731315,11.249932282298053,11.205958512812344,11.156298515568091,11.090793184325573,11.02275902570129,,,,11.92275423643563,11.74918871764477,,,11.370832751777685,"rgba(0, 255, 0, 1.0)",0.1897071237651165,11.346765952212184,4.834467736295194,63.081589577068236,6.0095010671604,True,False,True,False,True,11.07825181308807,0.0,0.0,0.0,0.0,0,0.9127405485526089,0.9344009822623027,False,False,False,False,0.23267814338675516,0.20423069142228067,False,False,False,False,869536,834544.9056055754,False,False,False,False,11678.572122835316,False,False,False,False
2023-10-26 00:00:00+00:00,12.1922849131,12.2549471703,12.0265880014,12.2101884151,6216,,,,,,,,,,,,,,,,,11.931444213740638,11.751522384214226,11.624283300829113,11.385257395628976,11.308662624645871,11.251864914879544,11.207656774205246,11.157864546052856,11.09229749852507,11.024132481377787,,,,11.931444213740638,11.751522384214226,,,11.373498613409934,"rgba(0, 255, 0, 1.0)",0.18791728214620876,11.34905178126474,4.487256957979971,63.83493236805583,6.939810954612753,True,False,True,False,True,9.323077661777202,0.0,0.0,0.0,0.0,0,0.9392669659860078,0.9226928944230206,False,False,False,False,0.258245364413806,0.23123802791804335,False,False,False,False,863320,835673.3406798666,False,False,False,False,11464.353608214324,False,False,False,False
2023-10-27 00:00:00+00:00,12.0580086475,12.2549471703,11.9863946392,12.2549471703,3564,,,,,,,,,,,,,,,,,11.934936542722701,11.752658681538254,11.625604758821307,11.38662244155622,11.309920580015612,11.252898415899468,11.208568334230604,11.158708150726278,11.093111132736867,11.024878150984886,,,,11.934936542722701,11.752658681538254,,,11.374790718923219,"rgba(0, 255, 0, 1.0)",0.1853346741693316,11.350173990846834,3.8192241134891485,61.08221120282078,6.939810954612753,True,False,True,False,True,6.156955137752121,0.0,0.0,0.0,0.0,0,0.9351879753891986,0.9254375448086406,False,False,False,False,0.2405238343608376,0.23588093113944048,False,False,False,False,859756,836617.7586924209,False,False,False,False,11154.5358196569,False,False,False,False
2023-10-30 00:00:00+00:00,12.1385744068,12.1474366404,11.9058288799,11.9058288799,1331,,,,,,,,,,,,,,,,,11.935928383546534,11.753037525902839,11.626059229107534,11.387105340643515,11.310368078216001,11.253267432716036,11.208894615114394,11.159010830626952,11.09340384791129,11.025147085888458,,,,11.935928383546534,11.753037525902839,,,11.375222236967357,"rgba(0, 255, 0, 1.0)",0.18138340909320447,11.350551814487755,4.344513074552024,60.57646498300727,6.939810954612753,True,False,True,False,False,7.70397487879573,0.0,0.0,0.0,0.0,0,0.9272433900388681,0.9432234122133122,False,False,False,False,0.15935406185622206,0.19761749649783128,False,False,False,False,861087,837577.3367829142,False,False,False,False,10769.299120846825,False,False,False,False
2023-10-31 00:00:00+00:00,11.9684911371,12.2459954193,11.9147806309,12.0848639006,39510,,,,,,,,,,,,,,,,,11.955840055768029,11.76315075428068,11.638510797160057,11.400700569366958,11.323053010468994,11.263792651432615,11.218234462338064,11.167699453194897,11.101828239410613,11.032908324798097,,,,11.955840055768029,11.76315075428068,,,11.3865718318219,"rgba(0, 255, 0, 1.0)",0.17692745818620276,11.360663524120527,3.435462303085705,56.81398948752688,13.404994286530155,True,False,True,False,False,3.885264788561802,0.0,0.0,0.0,0.0,0,0.9313958604388706,0.9366932203831689,False,False,False,False,0.2054318595268398,0.20152467801233553,False,False,False,False,821577,836949.872595349,False,False,False,False,11896.385429833224,False,False,False,False
2023-11-01 00:00:00+00:00,11.9237323819,12.1922849131,11.9237323819,11.9237323819,3262,,,,,,,,,,,,,,,,,11.956707464239509,11.76386864009648,11.639432293453298,11.401746900070542,11.324038107804492,11.264616312118195,11.218968678086648,11.168384979991615,11.102495256839495,11.03352504628208,,,,11.956707464239509,11.76386864009648,,,11.387378367898233,"rgba(0, 255, 0, 1.0)",0.174290449187432,11.361394740937554,3.226439793942518,53.524216556813045,10.197249693005432,False,False,True,False,False,2.9191585476120494,0.0,0.0,0.0,0.0,1,0.9321314138718734,0.9412246791041982,False,False,False,False,0.1861549958693302,0.19383983694083287,False,False,False,False,818315,836219.0932778844,False,False,False,False,11557.782079643686,False,False,False,False
2023-11-02 00:00:00+00:00,12.1922849131,12.3534164317,11.9237323819,11.9237323819,7250,,,,,,,,,,,,,,,,,11.963197964778566,11.766357474073637,11.642242772721719,11.404601389751338,11.326670420939191,11.266789480955847,11.220889058313146,11.170162256054205,11.104206845960727,11.035092953773432,,,,11.963197964778566,11.766357474073637,,,11.390021061732181,"rgba(0, 255, 0, 1.0)",0.17437561753150774,11.363749655707137,4.751439846474843,55.55633985613241,10.197249693005432,True,False,True,False,False,7.94690106932417,0.0,0.0,0.0,0.0,1,0.9396879607253181,0.9246554970564651,False,False,False,False,0.2563038454495786,0.22507184119520574,False,False,False,False,825565,835801.2856983595,False,False,False,False,11388.849449069425,False,False,False,False
2023-11-03 00:00:00+00:00,12.2818024234,12.3608463851,12.16542966,12.16542966,3719,,,,,,,,,,,,,,,,,11.968216851303824,11.767987833388197,11.643986501026264,11.406275859611453,11.328197063852963,11.26804105454118,11.221989583372496,11.171175514830288,11.105176630881607,11.035976328754693,,,,11.968216851303824,11.767987833388197,,,11.391702322156295,"rgba(0, 255, 0, 1.0)",0.17706769378757328,11.365240495543073,5.176336282758159,57.9952400135561,10.197249693005432,True,False,True,False,True,9.500866679409768,0.0,0.0,0.0,0.0,1,0.9686772025863514,0.9249624877749146,False,False,False,False,0.3428281646477088,0.2839500029214573,False,False,False,False,829284,835545.7058670513,False,False,False,False,11088.071039301996,False,False,False,False
2023-11-06 00:00:00+00:00,12.2638989214,12.3489405562,12.2280919172,12.2459954193,10381,,,,,,,,,,,,,,,,,11.981872846123938,11.772581490392426,11.648887267239841,11.410974619968908,11.33248167981833,11.2715561739916,11.225081327441321,11.17402211256828,11.107900492991652,11.038457286723034,,,,11.981872846123938,11.772581490392426,,,11.396381529725932,"rgba(0, 255, 0, 1.0)",0.17958042012329448,11.36940792784529,4.981005128179227,59.256261119816706,10.197249693005432,True,False,True,False,True,9.103090818372277,0.0,0.0,0.0,0.0,1,0.9771302949933307,0.9278626505690337,False,False,False,False,0.3428281673264253,0.31338908512394126,False,False,False,False,818903,834893.0507350101,False,False,False,False,11060.34276325094,False,False,False,False
2023-11-07 00:00:00+00:00,12.1922849131,12.5145479504,12.1564779089,12.3131335521,11238,,,,,,,,,,,,,,,,,11.995707383857281,11.7775341225397,11.654169906470353,11.416047828629283,11.337112917458095,11.275362004891935,11.228431528396078,11.177107953802757,11.110853695978486,11.041147998039325,,,,11.995707383857281,11.7775341225397,,,11.40134753400633,"rgba(0, 255, 0, 1.0)",0.18081094184902013,11.438505957720242,4.168879093662235,58.63155115680317,10.197249693005432,True,False,True,False,True,7.517621364273719,0.0,0.0,0.0,0.0,1,0.9669094435132128,0.9133957595609136,False,True,False,False,0.3428281718869678,0.3281086285054545,False,False,False,False,807665,833825.2840395195,False,False,False,False,11067.309713711686,False,False,False,False
2023-11-08 00:00:00+00:00,11.9237323819,12.2549471703,11.9147806309,12.1967607886,11589,,,,,,,,,,,,,,,,,11.99728687206369,11.780023694589554,11.657357195460785,11.419696269313603,11.340565454969761,11.27826970159606,11.231032748569087,11.179541196299605,11.113223027865597,11.043341948643391,,,,11.99728687206369,11.780023694589554,,,11.404033810937111,"rgba(0, 255, 0, 1.0)",0.18097285757159767,11.43438229531412,2.703997125051096,53.87458276075686,10.197249693005432,False,False,True,False,False,1.9656399975532928,0.0,0.0,0.0,0.0,1,0.9405613532185421,0.9527464971556724,False,False,False,False,0.14671359621482277,0.23741111236013865,False,False,False,False,796076,832344.9199595383,False,False,False,False,11087.768156311227,False,False,False,False
2023-11-09 00:00:00+00:00,11.7626008633,12.0975753871,11.7626008633,12.0222016434,25903,,,,,,,,,,,,,,,,11.8742590379,11.986143353569748,11.782046875676885,11.661380065313223,11.425643787368848,11.34643423060744,11.283350958988423,11.235658109930604,11.183937220920624,11.117577284117347,11.047437432352886,,,11.8742590379,11.986143353569748,11.782046875676885,,,11.449442577886003,"rgba(0, 255, 255, 0.75)",0.18312771448625545,11.472986432632322,1.5814888067606754,48.77710750708772,5.719624523233087,False,False,False,False,False,0.0,1.0,12.097575,11.762601,0.0,1,0.9168098821015555,0.9747144389261478,False,False,False,False,0.031856908885029525,0.1346340106225841,False,False,False,False,770173,829906.8054513212,False,False,False,False,11668.757640377455,False,False,False,False
2023-11-10 00:00:00+00:00,11.8968771288,11.9058288799,11.8163113695,11.8919536658,10556,,,,,,,,,,,,,,,,11.87389618494245,11.982115875709983,11.782835794497263,11.662967589504381,11.428016476319954,11.348783432722382,11.285392572726524,11.237520354862985,11.18570955238608,11.11933456033637,11.049092357717676,,,11.87389618494245,11.982115875709983,11.782835794497263,,,11.45051497742964,"rgba(0, 255, 0, 1.0)",0.1829706759960509,11.472793719411104,2.317767079780854,47.562593166202866,4.627171962948005,False,True,False,True,False,1.3968000128587441,0.0,0.0,0.0,0.0,1,0.9155183639876802,0.992758181548479,False,False,False,False,-0.018912702879882348,0.05786065387135087,False,False,False,False,780729,827978.2640610733,False,False,False,False,11625.120085852848,False,False,False,False
2023-11-13 00:00:00+00:00,11.8879253778,11.9863946392,11.8431666226,11.941635884,27922,,,,,,,,,,,,,,,,11.887745375040055,11.975550757286976,11.785594236122316,11.667692832745766,11.434627000025435,11.35528032624762,11.291023250734824,11.242645909844363,11.190575746352096,11.124144341579461,11.053611157245097,,,11.887745375040055,11.975550757286976,11.785594236122316,,,11.45531735756582,"rgba(0, 255, 0, 1.0)",0.18342176153641396,11.47551320222947,2.248436456590544,46.636145713438694,3.666455290087768,False,True,False,True,False,1.2280224288832287,0.0,0.0,0.0,0.0,1,0.9173591525900273,0.9960115898070366,False,False,False,False,0.02059174939283959,0.03922620163209523,False,False,False,False,752807,825030.371352796,False,False,False,False,12264.213415819402,False,False,False,False
2023-11-14 00:00:00+00:00,12.0401051454,12.0759121496,11.9595393861,12.0614103129,26227,,,,,,,,,,,,,,,,11.927528216958661,11.979262872480714,11.790537370349515,11.674108914736808,11.44220293352429,11.362539692497393,11.297228671608737,11.248242905300547,11.195839828477284,11.129290568548805,11.058400850055424,,,11.927528216958661,11.979262872480714,11.790537370349515,,,11.464107529503472,"rgba(0, 255, 0, 1.0)",0.18319466064693585,11.483102624462225,3.04049538873442,48.3513733859277,3.666455290087768,False,False,False,False,False,3.9508571987979906,0.0,0.0,0.0,0.0,1,0.9174091317097951,0.9776105418942096,False,False,False,False,0.0965951212068282,0.06791066141946171,False,False,False,False,779034,823226.5920840589,False,False,False,False,12811.773674022563,False,False,False,False
2023-11-15 00:00:00+00:00,12.0042981413,12.0669603985,11.7984078674,12.0562182973,7282,,,,,,,,,,,,,,,,11.929687543241737,11.978800939683952,11.79148297172587,11.675509411949553,11.44402847618363,11.364321581507655,11.298772375229504,11.249646733651652,11.197169681644455,11.13060036189284,11.059628545699793,,,11.929687543241737,11.978800939683952,11.79148297172587,,,11.465422602037332,"rgba(0, 255, 0, 1.0)",0.1831930462973063,11.48419542181773,2.839096406739084,48.94660623561236,3.666455290087768,False,False,False,False,False,3.257367379379083,0.0,0.0,0.0,0.0,1,0.9145520668057028,0.9787981876081071,False,False,False,False,0.033768097891333906,0.05083937965539781,False,False,False,False,771752,821207.9806297822,False,False,False,False,12594.919804453051,False,False,False,False
2023-11-16 00:00:00+00:00,11.9147806309,12.0848639006,11.8968771288,11.9953463902,14852,,,,,,,,,,,,,,,,11.93440622696829,11.97827135317677,11.793481363597524,11.678412799341329,11.447776216920689,11.367977332182656,11.301941079279306,11.252528771846048,11.199899425885254,11.133287749555622,11.062147004400739,,,11.93440622696829,11.97827135317677,11.793481363597524,,,11.4681935748322,"rgba(0, 255, 0, 1.0)",0.18336175606433452,11.486564682729878,2.3353612954049012,48.000892480855725,3.666455290087768,False,False,False,False,False,1.5422324222752373,0.0,0.0,0.0,0.0,1,0.9336616276749158,0.9742692799334683,False,False,False,False,0.07669619418147368,0.06376778691843574,False,False,False,False,756900,818686.0990364575,False,False,False,False,12683.43275329803,False,False,False,False
2023-11-17 00:00:00+00:00,12.0042981413,12.0580086475,11.8789736268,11.8789736268,19677,,,,,,,,,,,,,,,,11.941244723844608,11.97837941326819,11.79628293756657,11.682366361396902,11.452800032610408,11.372872046436454,11.306186465479914,11.256390711670097,11.203556153124877,11.13688501790967,11.065516904836786,,,11.941244723844608,11.97837941326819,11.79628293756657,,,11.47204370619495,"rgba(0, 255, 0, 1.0)",0.18336251627270855,11.489962430430136,2.805021011518571,48.82888641645556,3.666455290087768,False,False,False,False,False,3.1490967918386517,0.0,0.0,0.0,0.0,1,0.9221476462962288,0.9833751899103176,False,False,False,False,0.06016060196537587,0.061964194441905804,False,False,False,False,776577,817034.7618193416,False,False,False,False,12957.690292384383,False,False,False,False
2023-11-20 00:00:00+00:00,11.9863946392,12.0848639006,11.9863946392,12.0848639006,20613,,,,,,,,,,,,,,,,11.951747478172463,11.98041714728128,11.799728676653043,11.686923234514492,11.458341700327152,11.37823845067271,11.31082979983051,11.260607057453539,11.20753970547401,11.140792573929982,11.06916923582737,,,11.951747478172463,11.98041714728128,11.799728676653043,,,11.476757732739687,"rgba(0, 255, 0, 1.0)",0.18279590980470806,11.494273168085467,2.6921908244024517,49.08557110591399,3.666455290087768,False,False,False,False,False,2.8017727006658646,0.0,0.0,0.0,0.0,1,0.9335324374427175,0.9734903151483486,False,False,False,False,0.10990259847463553,0.08593339645827067,False,False,False,False,755964,814639.829983289,False,False,False,False,13257.898516212446,False,False,False,False
2023-11-21 00:00:00+00:00,12.0177257678,12.0718596677,11.9546597745,12.0177257678,17453,,,,,,,,,,,,,,,,11.958197049377159,11.98180878794348,11.802506247075785,11.690635625108694,11.462913025289923,11.382681798017416,11.314689776532369,11.264119943543784,11.21086387437447,11.144057442890356,11.072225414977868,,,11.958197049377159,11.98180878794348,11.802506247075785,,,11.480427180466481,"rgba(0, 255, 0, 1.0)",0.18222266373727022,11.49764290783089,2.854106340575552,49.80567944879979,3.666455290087768,False,False,False,False,False,3.3702541886763093,0.0,0.0,0.0,0.0,1,0.927217028581065,0.9771759846703242,False,False,False,False,0.0932810471862906,0.08960722182228063,False,False,False,False,773417,813023.2484153169,False,False,False,False,13422.41229989039,False,False,False,False
2023-11-22 00:00:00+00:00,12.0373944181,12.1008213041,11.9726141846,11.9726141846,4602,,,,,,,,,,,,,,,,11.960266821866249,11.982391857278543,11.803302063319768,11.691666616763042,11.464153880921524,11.383883880560939,11.315732576341187,11.265068001714493,11.21175990789052,11.144936103497978,11.073046877601882,,,11.960266821866249,11.982391857278543,11.803302063319768,,,11.481473507977832,"rgba(0, 255, 0, 1.0)",0.18190772560218013,11.498615588944638,2.961824888810026,50.64437000801928,3.666455290087768,False,False,False,False,True,3.7297307972365665,0.0,0.0,0.0,0.0,1,0.9525019741085482,0.9698234082962122,False,False,False,False,0.1107128540060162,0.10016003791414842,False,False,False,False,778019,811650.5327911868,False,False,False,False,13076.51377832606,False,False,False,False
2023-11-24 00:00:00+00:00,12.062837351,12.1079489343,12.0529128027,12.089904301,4216,,,,,,,,,,,,,,,,11.962954377925069,11.98327630893331,11.804143041392535,11.69270809264926,11.465360317921926,11.385044486956954,11.316734968942514,11.265976735968293,11.21261642979864,11.145773436287659,11.073827538117115,,,11.962954377925069,11.98327630893331,11.804143041392535,,,11.48258324862666,"rgba(0, 255, 0, 1.0)",0.18175644424744866,11.499660498751354,3.0985248120386935,51.68733488552537,3.666455290087768,False,False,False,False,True,4.198743632580275,0.0,0.0,0.0,0.0,1,0.9471992005753037,0.9643121285544367,False,False,False,False,0.14338442121868156,0.12177222956641498,False,False,False,False,782235,810496.9824856501,False,False,False,False,12729.042649764255,False,False,False,False
2023-11-27 00:00:00+00:00,12.062837351,12.1079489343,11.9898468094,12.1079489343,17641,,,,,,,,,,,,,,,,11.971068856965937,11.985988672068478,11.807336901160554,11.696768616487224,11.47018468394187,11.389712021328911,11.320785155950214,11.269658840953282,11.2160950436589,11.149181855424295,11.07701255547139,,,11.971068856965937,11.985988672068478,11.807336901160554,,,11.486708473037368,"rgba(0, 255, 0, 1.0)",0.18147132922334872,11.503527282692442,3.0820850362493295,52.38264480386276,3.666455290087768,False,False,False,False,True,4.198743632580275,0.0,0.0,0.0,0.0,1,0.9411268494440869,0.9613412747048315,False,False,False,False,0.11978981916726675,0.12078102436684086,False,False,False,False,782235,809388.6694469972,False,False,False,False,12921.668428204874,False,False,False,False
2023-11-28 00:00:00+00:00,12.1079489343,12.1444893167,12.0267480845,12.0267480845,5378,,,,,,,,,,,,,,,,11.974311607258425,11.987234013635135,11.808448046952368,11.698123491021548,11.471738296086059,11.391205957020661,11.322077158649357,11.27083076627177,11.217199582489338,11.150261036675591,11.078018545131155,,,11.974311607258425,11.987234013635135,11.808448046952368,,,11.488131681926491,"rgba(0, 255, 0, 1.0)",0.18072498290292982,11.504877737294915,3.3369553413044337,53.79090090474133,-0.662409057739211,True,False,True,False,True,5.048592175817639,0.0,0.0,0.0,0.0,1,0.9449257435215906,0.9625765520375464,False,False,False,False,0.14728076540031082,0.13403089488357584,False,False,False,False,787613,808534.7216255465,False,False,False,False,12625.838293765466,False,False,False,False
2023-11-29 00:00:00+00:00,12.1395270425,12.2071944173,12.1259935675,12.1304145027,16743,,,,,,,,,,,,,,,,11.988318058891656,11.993186281092111,11.81262430953285,11.702962239650878,11.477022891652721,11.396240343336702,11.326406185974959,11.274742564754307,11.220872492804821,11.153833849464093,11.081335950245574,,,11.988318058891656,11.993186281092111,11.81262430953285,,,11.493413197036425,"rgba(0, 255, 0, 1.0)",0.18002944844317514,11.50995468945729,3.4970520572440056,55.381788802033135,1.0606685080467244,True,False,True,False,True,5.643242030344172,0.0,0.0,0.0,0.0,1,0.9523516001372362,0.9534133102619293,False,False,False,False,0.20875561450011199,0.1713932546918439,False,False,False,False,804356,808370.8501892505,False,False,False,False,12787.295615578585,False,False,False,False
2023-11-30 00:00:00+00:00,12.2432836839,12.2703506338,12.1635264048,12.2342613673,17659,,,,,,,,,,,,,,,,12.006027649515792,12.001451848173843,11.817771227779488,11.708705156978253,11.483058444412576,11.401947903552731,11.331294105344918,11.27914676330692,11.224994970245097,11.157828757549412,11.085032988175795,,,12.006027649515792,12.001451848173843,11.817771227779488,,,11.499750892275893,"rgba(0, 255, 0, 1.0)",0.18229813902435044,11.516106593356781,3.9889441243614994,58.377535979479596,4.018599587548749,True,False,True,False,True,7.565237720407801,0.0,0.0,0.0,0.0,1,0.9540421180551548,0.9417149828204656,False,False,False,False,0.24774633928987586,0.20956979699085987,False,False,False,False,822015,808905.9148877114,False,False,False,False,12978.342846340209,False,False,False,False
2023-12-01 00:00:00+00:00,12.3876407502,12.3966630668,12.2432836839,12.2432836839,11282,,,,,,,,,,,,,,,,12.021335384489465,12.009025526158846,11.821915345039024,11.713122723006157,11.487462277334295,11.406064667295823,11.334793390371562,11.282283824064635,11.22791644413352,11.16064294933752,11.087623068528513,,,12.021335384489465,12.009025526158846,11.821915345039024,,,11.504744145432669,"rgba(0, 255, 0, 1.0)",0.18759778491295587,11.521003942600036,4.619653734195621,62.471738462039795,7.86643891721004,True,False,True,False,True,10.11785039840926,0.0,0.0,0.0,0.0,0,0.9654797360700779,0.9301563837758955,False,False,False,False,0.33005697439961396,0.26981338569523694,False,False,False,False,833297,809862.4280293698,False,False,False,False,12911.819597464122,False,False,False,False
2023-12-04 00:00:00+00:00,12.3876407502,12.4056853835,12.3064399004,12.3064399004,43433,,,,,,,,,,,,,,,,12.072788300188774,12.03718450042666,11.83798609094348,11.730198158796181,11.504468247629957,11.421981065445898,11.348357994134329,11.294460088471933,11.239261972224368,11.171571262206951,11.097684714909096,,,12.072788300188774,12.03718450042666,11.83798609094348,,,11.523267490488875,"rgba(0, 255, 0, 1.0)",0.19278650042008255,11.539216657474586,4.400848041106059,65.20120678374658,10.32529100995118,True,False,True,False,True,10.11785039840926,0.0,0.0,0.0,0.0,0,0.9691998255982852,0.9329110756039283,False,False,False,False,0.3428281737343773,0.3063207797148071,False,False,False,False,833297,810781.4308517475,False,False,False,False,14108.728632857687,False,False,False,False
2023-12-05 00:00:00+00:00,12.2342613673,12.3537168396,12.2252390506,12.3335068503,79112,,,,,,,,,,,,,,,,12.115121617925277,12.06652577460285,11.860074386294352,11.754772043004747,11.530560100289069,11.446858136183193,11.36993674450736,11.31403563229305,11.257654320280057,11.189425180310577,11.114261303993011,,,12.115121617925277,12.06652577460285,11.860074386294352,,,11.547202294516687,"rgba(0, 255, 0, 1.0)",0.194529808799742,11.562588011476732,3.4528042769770035,62.66347649159695,10.32529100995118,True,False,True,False,False,6.696622683494269,0.0,0.0,0.0,0.0,0,0.9604031838180153,0.9385572919205447,False,False,False,False,0.28999363717850374,0.2981572084466554,False,False,False,False,754185,808561.9629752084,False,False,False,False,16657.876529608366,False,False,False,False
2023-12-06 00:00:00+00:00,12.2703506338,12.342529167,12.1801274674,12.2523060005,27947,,,,,,,,,,,,,,,,12.125586130968347,12.074919990500229,11.86722902659644,11.762821263272835,11.539277748180215,11.455232304914277,11.377265158521439,11.320717239146807,11.263953673945375,11.195556004973827,11.119972281604083,,,12.125586130968347,12.074919990500229,11.86722902659644,,,11.554775529329444,"rgba(0, 255, 0, 1.0)",0.1967900431346387,11.569974415983415,3.559002308553819,61.6176530311782,10.32529100995118,True,False,True,False,False,7.349478796060513,0.0,0.0,0.0,0.0,0,0.9942080084333602,0.9281871327338356,False,False,False,False,0.2681373879982998,0.2831472982224776,False,False,False,False,782132,807525.4938389258,False,False,False,False,17100.58725393745,False,False,False,False
2023-12-07 00:00:00+00:00,12.2071944173,12.2793729505,12.1831048319,12.2432836839,14223,,,,,,,,,,,,,,,,12.12895088429569,12.078055163731142,11.870406861507188,11.76649300296127,11.543388261629033,11.45921539508631,11.380778147054114,11.323935160187181,11.266998904051013,11.19853038621132,11.1227533968678,,,12.12895088429569,12.078055163731142,11.870406861507188,,,11.55813686941655,"rgba(0, 255, 0, 1.0)",0.19803787394370215,11.57323544196669,3.2012006729254807,59.31621122263016,14.71791178494702,True,False,True,False,False,5.967510573175602,0.0,0.0,0.0,0.0,0,0.9935388733370415,0.9155938075447001,False,False,False,False,0.2450479766932001,0.2640976374578389,False,False,False,False,767909,805971.9058452424,False,False,False,False,16987.740694959513,False,False,False,False
2023-12-08 00:00:00+00:00,12.189149784,12.2432836839,12.0989266176,12.0989266176,17911,,,,,,,,,,,,,,,,12.130954352551287,12.080624058156376,11.873816384601913,11.77057591687921,11.548148554036452,11.463873740850968,11.384920913413575,11.327748899521003,11.27062278719435,11.202084186169357,11.126089873980208,,,12.130954352551287,12.080624058156376,11.873816384601913,,,11.56176906066861,"rgba(0, 255, 0, 1.0)",0.19901684612028625,11.576733037947092,3.0772105879055176,57.32997846307688,12.840301191922563,True,False,True,False,False,5.573294611630217,0.0,0.0,0.0,0.0,0,0.986491019785918,0.9222768716641133,False,False,False,False,0.19963551211228492,0.2318665747850619,False,False,False,False,749998,803776.8507140564,False,False,False,False,17023.946942216004,False,False,False,False
2023-12-11 00:00:00+00:00,12.2071944173,12.2342613673,12.189149784,12.189149784,6310,,,,,,,,,,,,,,,,12.132098787620524,12.081797110002611,11.875128616186206,11.772110522842466,11.549895916020413,11.465575948870068,11.38643067025579,11.329136375819877,11.271938948332249,11.203372310667751,11.127297121369697,,,12.132098787620524,12.081797110002611,11.875128616186206,,,11.563162029817057,"rgba(0, 255, 0, 1.0)",0.20019634862071264,11.578081595708378,3.1424790008709147,56.418377134641915,11.927034180700929,True,False,True,False,False,5.916513821836038,0.0,0.0,0.0,0.0,0,0.9809020798381111,0.9236580660269016,False,False,False,False,0.2301963086119522,0.23103144169850703,False,False,False,False,756308,801915.3271566425,False,False,False,False,16603.792160168316,False,False,False,False
2023-12-12 00:00:00+00:00,12.1663233229,12.2613283172,12.0538150344,12.1620828341,13978,,,,,,,,,,,,,,,,12.132978848101379,12.08334417470607,11.877573429022524,11.775090678481355,11.553445076543182,11.46906928357197,11.389554864883845,11.332021901185806,11.274687650539128,11.20607377724109,11.129839549807185,,,12.132978848101379,12.08334417470607,11.877573429022524,,,11.565789021280322,"rgba(0, 255, 0, 1.0)",0.20088844145205847,11.580602676278538,2.915651305708612,54.68211785474486,10.181288198691803,False,False,True,False,False,5.002421015426602,0.0,0.0,0.0,0.0,0,0.9780420085220894,0.915824759203211,False,False,False,False,0.1895324887682309,0.21028196523336895,False,False,False,False,742330,799578.6476603035,False,False,False,False,16500.81991859309,False,False,False,False
2023-12-13 00:00:00+00:00,12.4056853835,12.4056853835,12.1169712509,12.1259935675,20726,,,,,,,,,,,,,,,,12.14073357505461,12.089748556422265,11.88299090791456,11.781102031393992,11.559905193104665,11.475286984101908,11.395027300316258,11.337026444139285,11.279412286050304,11.210672254245857,11.134127938695555,,,12.14073357505461,12.089748556422265,11.88299090791456,,,11.571457588312661,"rgba(0, 255, 0, 1.0)",0.20566539458662708,11.586152829679879,3.984785848233358,58.16711387766624,10.181288198691803,True,False,True,False,True,9.429092512910614,0.0,0.0,0.0,0.0,0,1.021215447742754,0.8932929297260929,False,False,False,False,0.2681373879982998,0.23920967661583437,False,False,False,False,763056,798146.3869677427,False,False,False,False,16666.51325511885,False,False,False,False
2023-12-14 00:00:00+00:00,12.6222209829,12.7304887826,12.4237300168,12.4237300168,28477,,,,,,,,,,,,,,,,12.166437029091627,12.10856840038238,11.8950063336835,11.793447369877343,11.571883847351737,11.486526299043454,11.404732944342191,11.345794439146287,11.287596337750621,11.218537879015509,11.141374541413963,,,12.166437029091627,12.10856840038238,11.8950063336835,,,11.583627765554418,"rgba(0, 255, 0, 1.0)",0.21663676934296444,11.59825548959274,4.726646803369693,63.06121623994628,7.0885027377701135,True,False,True,False,True,13.045796530341416,0.0,0.0,0.0,0.0,0,1.0515220710931634,0.8454547169250679,False,False,False,False,0.34282818939147197,0.29101893300365317,False,False,False,False,791533,797887.0384592038,False,False,False,False,17129.669598055367,False,False,False,False
2023-12-15 00:00:00+00:00,12.6131986662,12.7281429803,12.5410201331,12.721466466,7379,,,,,,,,,,,,,,,,12.173140142943833,12.11355664427936,11.898207991156998,11.796723954882244,11.575048405998182,11.489493668524158,11.40729628394886,11.348110262821733,11.289757326108255,11.220613454491785,11.143285968333934,,,12.173140142943833,12.11355664427936,11.898207991156998,,,11.586839463953577,"rgba(0, 255, 0, 1.0)",0.22654042981771902,11.601452365618645,4.466073898577116,66.08021137339591,9.783997580756676,True,False,True,False,True,12.83980194371162,0.0,0.0,0.0,0.0,0,1.0737566440207675,0.8476864108639506,False,False,False,False,0.3428281925147341,0.31692356275919364,False,False,False,False,784154,797348.4879313919,False,False,False,False,16747.290398131627,False,False,False,False
2023-12-18 00:00:00+00:00,12.4507969667,12.710098347,12.4507969667,12.6222209829,18481,,,,,,,,,,,,,,,,12.185932873310174,12.123517653894563,11.90512811514347,11.803939290946913,11.58221912487567,11.496274360638237,11.413198100012497,11.353467313008375,11.2947761536663,11.225453411444803,11.147761992620735,,,12.185932873310174,12.123517653894563,11.90512811514347,,,11.593788035414704,"rgba(0, 255, 0, 1.0)",0.23121073311776322,11.608344118989798,3.6436580445472373,64.10735346256479,9.783997580756676,True,False,True,False,True,9.220607016182601,0.0,0.0,0.0,0.0,0,1.0672938043150193,0.8510348388712913,False,False,False,False,0.30152569455587686,0.30922462865753525,False,False,False,False,765673,796106.3119340825,False,False,False,False,16815.279009969603,False,False,False,False
2023-12-19 00:00:00+00:00,12.5590647664,12.595154033,12.4507969667,12.4507969667,8501,,,,,,,,,,,,,,,,12.191484890432973,12.127920172150139,11.908250165914707,11.807201309783554,11.585474185173478,11.499357395017487,11.415886865912142,11.355910704353674,11.297067097633054,11.227664038304734,11.149807980414609,,,12.191484890432973,12.127920172150139,11.908250165914707,,,11.596911345917324,"rgba(0, 255, 0, 1.0)",0.23753602948128366,11.611440848308359,3.989390241813016,64.2316186405431,9.783997580756676,True,False,True,False,True,11.01405136575599,0.0,0.0,0.0,0.0,0,1.0549527389847344,0.8868063368241555,False,False,False,False,0.25310805633288463,0.28116634249520994,False,False,False,False,774174,795246.2212700009,False,False,False,False,16489.228852715893,False,False,False,False
2023-12-20 00:00:00+00:00,12.4959085499,12.6853771994,12.4959085499,12.597319389,32221,,,,,,,,,,,,,,,,12.212384284621367,12.144722618718477,11.920251432573764,11.819705467343503,11.597919945695502,11.511146255538234,11.426178635262714,11.365267880372818,11.30584134854739,11.236128525622814,11.157642070467157,,,12.212384284621367,12.144722618718477,11.920251432573764,,,11.608835314978522,"rgba(0, 255, 0, 1.0)",0.2418640471566037,11.623271076515403,3.6079668873628643,62.91666918949288,9.783997580756676,True,False,True,False,True,9.640431289618306,0.0,0.0,0.0,0.0,0,1.047367204198113,0.880170295647401,False,False,False,False,0.3045316417719382,0.29284899213357407,False,False,False,False,741953,793156.2910241185,False,False,False,False,17106.16105457017,False,False,False,False
2023-12-21 00:00:00+00:00,12.5635759247,12.6273028909,12.4908490018,12.4908490018,23755,,,,,,,,,,,,,,,,12.226392503218616,12.156337199236663,11.928840013127871,11.828679366680005,11.606907848100022,11.519683305615237,11.433658339166008,11.37208241803178,11.312240154452935,11.24230743413318,11.163368387238314,,,12.226392503218616,12.156337199236663,11.928840013127871,,,11.617317906272785,"rgba(0, 255, 0, 1.0)",0.24885935391477196,11.631683067991716,3.744656739032739,62.98243489491064,9.783997580756676,True,False,True,False,True,10.762001267793316,0.0,0.0,0.0,0.0,0,1.0438365150264626,0.8924562404358658,False,False,False,False,0.2775493682204519,0.28519918017701296,False,False,False,False,765708,792079.8874545454,False,False,False,False,17366.899836743887,False,False,False,False
2023-12-22 00:00:00+00:00,12.5635759247,12.6817571744,12.4726672711,12.6363937562,13780,,,,,,,,,,,,,,,,12.234289464149315,12.162974858422604,11.933810723692849,11.833870447937729,11.612110255306803,11.524628981119314,11.437998266028066,11.376039814120956,11.315957868199474,11.24589802949322,11.16669734461509,,,12.234289464149315,12.162974858422604,11.933810723692849,,,11.622206913916857,"rgba(0, 255, 0, 1.0)",0.2550360958413595,11.636532127529799,3.634951335464497,63.026278698522475,9.783997580756676,True,False,True,False,True,10.762001267793316,0.0,0.0,0.0,0.0,0,1.045941707523269,0.8909410822609822,False,False,False,False,0.2899264287276939,0.28756280445235344,False,False,False,False,765708,791045.6957896613,False,False,False,False,17226.23709804805,False,False,False,False
2023-12-26 00:00:00+00:00,12.659030011,12.726211506,12.6408482803,12.6905753138,12167,,,,,,,,,,,,,,,,12.242995635468393,12.170087653511324,11.938831549843087,11.839022848377624,11.617143473700956,11.529381415057083,11.442147127690463,11.379810377729664,11.319488985041865,11.249296407423248,11.169837331300148,,,12.242995635468393,12.170087653511324,11.938831549843087,,,11.627094800467624,"rgba(0, 255, 0, 1.0)",0.26400191912305565,11.641397284604068,3.8546413972149844,64.38767232097459,9.783997580756676,True,False,True,False,True,12.341290553629008,0.0,0.0,0.0,0.0,0,1.0519443071668921,0.8863757231081247,False,False,False,False,0.34282816436144475,0.3151954844068991,False,False,False,False,777875,790529.197915557,False,False,False,False,17027.835643222636,False,False,False,False
2023-12-27 00:00:00+00:00,12.6999389051,12.7181206358,12.6544845783,12.7181206358,9685,,,,,,,,,,,,,,,,12.249923452043761,12.1757790977109,11.942862824483168,11.843154409970628,11.621174138390575,11.533187149795896,11.445471028753769,11.38283184734899,11.32231863912343,11.25201925487921,11.17235306230939,,,12.249923452043761,12.1757790977109,11.942862824483168,,,11.631006809528158,"rgba(0, 255, 0, 1.0)",0.2736736789009893,11.645292213387723,3.853665050828037,65.82803182510119,10.490189565810638,True,False,True,False,True,13.007796303208412,0.0,0.0,0.0,0.0,0,1.0511746998659715,0.8977623590130784,False,False,False,False,0.3428281646640186,0.32901182453545885,False,False,False,False,787560,790412.7587816135,False,False,False,False,16739.881304272727,False,False,False,False
2023-12-28 00:00:00+00:00,12.7544840972,12.7544840972,12.6999389051,12.6999389051,36343,,,,,,,,,,,,,,,,12.27660753257707,12.197861372417815,11.958508724850613,11.859119632482184,11.636664540456637,11.547800599881583,11.458237291421053,11.394436531075977,11.333182844951436,11.262465582674682,11.181999980466628,,,12.27660753257707,12.197861372417815,11.958508724850613,,,11.646080421205061,"rgba(0, 255, 0, 1.0)",0.28447412507077885,11.660313823371386,3.846291024030319,67.48222556930355,12.312473551827253,True,False,True,False,True,13.892162291420782,0.0,0.0,0.0,0.0,0,1.0496114576499254,0.8959628623913218,False,False,False,False,0.34282816890308293,0.33591999671927086,False,False,False,False,823903,791726.1015744915,False,False,False,False,17508.631057046347,False,False,False,False
2023-12-29 00:00:00+00:00,12.7403023473,12.799938424,12.6908480397,12.7726658279,18842,,,,,,,,,,,,,,,,12.28952575232734,12.208786756410102,11.966454731939145,11.867242081854716,11.644580210083962,11.555284341224025,11.464794780773707,11.400407709520215,11.33877926711018,11.267850686103856,11.18697829221528,,,12.28952575232734,12.208786756410102,11.966454731939145,,,11.65369860086932,"rgba(0, 255, 0, 1.0)",0.2942213695846835,11.667903302792483,3.644871363427109,68.14440223660523,13.179802387488039,True,False,True,False,True,13.556992332754096,0.0,0.0,0.0,0.0,0,1.040515972938653,0.8927227443532465,False,False,False,False,0.34282817066122034,0.3393740836902456,False,False,False,False,805061,792249.0387676487,False,False,False,False,17560.920035201394,False,False,False,False
2024-01-02 00:00:00+00:00,12.7635749626,12.7726658279,12.6544845783,12.7726658279,18444,,,,,,,,,,,,,,,,12.301142620466866,12.218807351049744,11.973946683317445,11.874929918763218,11.652126283006655,11.562437922213483,11.471082428252048,11.406143757068389,11.344162577334556,11.273036538955104,11.191778948755715,,,12.301142620466866,12.218807351049744,11.973946683317445,,,11.660872275380292,"rgba(0, 255, 0, 1.0)",0.304145478195599,11.675044469015806,3.5789797041932334,68.9177041795806,14.169034836829198,True,False,True,False,True,13.94249727097636,0.0,0.0,0.0,0.0,0,1.0369894592743918,0.9059222491214373,False,False,False,False,0.3164054084731161,0.32788974608168087,False,False,False,False,823505,793474.762737545,False,False,False,False,17595.550622056242,False,False,False,False
2024-01-03 00:00:00+00:00,12.9726648658,13.0181191926,12.645120987,12.7090297704,16527,,,,,,,,,,,,,,,,12.314467916742252,12.229976792898139,11.98182911158532,11.882878426751246,11.65971799256491,11.569579568151683,11.477321478050305,11.411813085174222,11.349463761996523,11.278122285343583,11.196467823417365,,,12.314467916742252,12.229976792898139,11.98182911158532,,,11.668330749334142,"rgba(0, 255, 0, 1.0)",0.32019902272398654,11.766603885610651,3.766597942520833,71.83268357636801,17.122958506159236,True,False,True,False,True,17.263503580948797,0.0,0.0,0.0,0.0,0,1.0524609198655126,0.885292430260634,False,False,False,False,0.3428281781022162,0.33535896209194854,False,False,False,False,840032,795300.5367478373,False,False,False,False,17553.646676093253,False,False,False,False
2024-01-04 00:00:00+00:00,12.8908470776,12.9818466398,12.8726653469,12.9363014044,3838,,,,,,,,,,,,,,,,12.317669341986557,12.232659598186851,11.983713676139136,11.884773271768013,11.661519926168634,11.571272884471691,11.478799959540762,11.413156002393956,11.350718846088666,11.279325539431252,11.197576511050679,,,12.317669341986557,12.232659598186851,11.983713676139136,,,11.670107777929655,"rgba(0, 255, 0, 1.0)",0.33239904452137153,11.768668566043512,3.3759980061685693,71.31813510819225,17.122958506159236,True,False,True,False,True,15.302320352007808,0.0,0.0,0.0,0.0,0,1.0670348173282087,0.8800893869888469,False,False,False,False,0.342828184947438,0.33909357351969327,False,False,False,False,836194,796904.2019734124,False,False,False,False,17015.778178991557,False,False,False,False
2024-01-05 00:00:00+00:00,12.8181201547,13.0090283273,12.7090297704,12.9726648658,11374,,,,,,,,,,,,,,,,12.32587529453604,12.239688330310834,11.988839418816513,11.889970789173569,11.666534406692522,11.576007048468458,11.482951830868062,11.416937610648912,11.354261271308813,11.282729488168851,11.200720701578195,,,12.32587529453604,12.239688330310834,11.988839418816513,,,11.674956017324616,"rgba(0, 255, 0, 1.0)",0.3417284915222503,11.772630500122014,3.059416116931864,68.98479655347332,17.122958506159236,True,False,True,False,False,13.594213682279548,0.0,0.0,0.0,0.0,0,1.0503516488718598,0.8924166599227009,False,False,False,False,0.29612828839012795,0.3176109309549106,False,False,False,False,824820,797998.9391509257,False,False,False,False,16794.53197589385,False,False,False,False
2024-01-08 00:00:00+00:00,12.777120352,12.8363018854,12.6999389051,12.7544840972,32241,,,,,,,,,,,,,,,,12.344672110079442,12.25642433259737,12.001811430121533,11.903280826811377,11.679639267192089,11.588463293117892,11.49395071519672,11.426997563790286,11.363716418367675,11.291843662182847,11.209168876582206,,,12.344672110079442,12.25642433259737,12.001811430121533,,,11.687269863276311,"rgba(0, 255, 0, 1.0)",0.3495760782551099,11.781946268638887,2.846802585372751,66.35636243475881,21.02076476730325,True,False,True,False,False,12.640579526265572,0.0,0.0,0.0,0.0,0,1.047702039178003,0.9112044924833346,False,False,False,False,0.2357636763135442,0.2766873036342274,False,False,False,False,792579,797786.3925175561,False,False,False,False,17400.275819976443,False,False,False,False
2024-01-09 00:00:00+00:00,12.7726658279,12.8090292894,12.7090297704,12.8090292894,3299,,,,,,,,,,,,,,,,12.346473883886944,12.258053319338606,12.003101764539723,11.904608464818079,11.68095353330176,11.58971518859541,11.49505898550048,11.428012775458503,11.364671637770627,11.292765237038898,11.21002404569665,,,12.346473883886944,12.258053319338606,12.003101764539723,,,11.688494439631427,"rgba(0, 255, 0, 1.0)",0.35673742710927153,11.782981700919608,2.7742649124316383,64.48299201238638,19.23137947574355,True,False,True,False,False,12.536117801534122,0.0,0.0,0.0,0.0,1,1.0401813454217415,0.9099268007593794,False,False,False,False,0.22982562989577615,0.2532564667650018,False,False,False,False,789280,797452.8084972597,False,False,False,False,16847.284611349918,False,False,False,False
2024-01-10 00:00:00+00:00,12.8405745922,12.8635744815,12.7635749626,12.799938424,8097,,,,,,,,,,,,,,,,12.351447439630471,12.262468946754064,12.006494552584558,11.908072317149127,11.684340829005807,11.592930405279722,11.497897051648842,11.43060775075749,11.367109239247098,11.295112784056137,11.212198531978478,,,12.351447439630471,12.262468946754064,12.006494552584558,,,11.691698168008346,"rgba(0, 255, 0, 1.0)",0.36521450857305887,11.786090362341067,2.8873010384470783,64.42059772020545,19.100608063659962,True,False,True,False,False,13.673222709074551,0.0,0.0,0.0,0.0,1,1.0514011391030198,0.9022200096338485,False,False,False,False,0.2657094113856112,0.2594829390753065,False,False,False,False,797377,797449.8356150142,False,False,False,False,16504.136195218547,False,False,False,False
2024-01-11 00:00:00+00:00,12.8635744815,12.899937943,12.8090292894,12.8635744815,2695,,,,,,,,,,,,,,,,12.35320092786792,12.264014084721282,12.007665663787806,11.90926325870492,11.685498270751673,11.59402714100645,11.498863825951865,11.43149094571173,11.36793819485597,11.295910378965216,11.212936660894254,,,12.35320092786792,12.264014084721282,12.007665663787806,,,11.692800850292643,"rgba(0, 255, 0, 1.0)",0.37377525321826066,11.787220595473121,2.8796820462545663,64.76783959169714,19.100608063659962,True,False,True,False,False,14.05664009094173,0.0,0.0,0.0,0.0,0,1.0664364289675652,0.8843923545392017,False,False,False,False,0.2930631891933766,0.27627306413434155,False,False,False,False,800072,797552.665590896,False,False,False,False,15962.60144246488,False,False,False,False
2024-01-12 00:00:00+00:00,12.9181196737,12.9363014044,12.8726653469,12.9090288083,6370,,,,,,,,,,,,,,,,12.357716096415446,12.267948773612881,12.010587990963362,11.912218652217648,11.688344834802425,11.596717263727335,11.501229908234116,11.43364941336605,11.369961518441261,11.297854454051595,11.21473326709471,,,12.357716096415446,12.267948773612881,12.010587990963362,,,11.695542015720621,"rgba(0, 255, 0, 1.0)",0.3793053576755481,11.790204202129999,2.9736344313248586,65.90349187289964,19.100608063659962,True,False,True,False,False,14.964944094591175,0.0,0.0,0.0,0.0,0,1.073702471466169,0.887080523014915,False,False,False,False,0.327089371435804,0.3016812177850728,False,False,False,False,806442,797901.2669402726,False,False,False,False,15586.420993740769,False,False,False,False
2024-01-16 00:00:00+00:00,12.7749385443,12.9801193754,12.7635749626,12.9181196737,5351,,,,,,,,,,,,,,,,12.36098173318876,12.270862879475594,12.012839506828216,11.914515688366958,11.690590289559092,11.598849357577729,11.50311356551661,11.435372561725085,11.371580522825843,11.299413647005368,11.21617776048162,,,12.36098173318876,12.270862879475594,12.012839506828216,,,11.697663410231899,"rgba(0, 255, 0, 1.0)",0.3822744944017866,11.79228501511474,2.5705443171744795,62.459791987914656,16.92836525631688,True,False,True,False,False,11.511274582298348,0.0,0.0,0.0,0.0,0,1.060401194318071,0.8750379693936079,False,False,False,False,0.30480128011744945,0.30324124895126114,False,False,False,False,801091,798026.3545112424,False,False,False,False,15185.0319351627,False,False,False,False
2024-01-17 00:00:00+00:00,12.6681208763,12.7998475154,12.6000302948,12.7726658279,14412,,,,,,,,,,,,,,,,12.366868099393603,12.276531108365791,12.017752326214163,11.919650639772318,11.69580969516292,11.603864716587902,11.5075933262919,11.4394983946059,11.375478958396528,11.303189372007372,11.219696700321158,,,12.366868099393603,12.276531108365791,12.017752326214163,,,11.702357576101777,"rgba(0, 255, 0, 1.0)",0.3840623341664498,11.795810115624793,2.2712739133047966,57.72405393238165,12.512801125081936,False,True,True,False,False,9.054860782546886,0.0,0.0,0.0,0.0,0,1.0424916276649185,0.9124556135330166,False,False,False,False,0.19159453658814243,0.24741789276970177,False,False,False,False,786679,797581.3602166838,False,False,False,False,15154.716957313183,False,False,False,False
2024-01-18 00:00:00+00:00,12.6181211169,12.672666309,12.5908485208,12.672666309,11932,,,,,,,,,,,,,,,,12.370675657838335,12.280420134880492,12.021394811542246,11.923511763851181,11.699822229431803,11.607746616910037,11.511083067136836,11.442725009348399,11.378537362234198,11.306160487434957,11.222474797466433,,,12.370675657838335,12.280420134880492,12.021394811542246,,,11.705868358006809,"rgba(0, 255, 0, 1.0)",0.3846062167732959,11.798212884111265,2.1318122199569762,53.54534516769219,8.771640338415246,False,True,False,False,False,7.930152155107333,0.0,0.0,0.0,0.0,0,1.0126412782799237,0.9275797710701832,False,False,False,False,0.14815226112859667,0.1977850769491492,False,False,False,False,774747,796685.8951101472,False,False,False,False,15028.335900163647,False,False,False,False
2024-01-19 00:00:00+00:00,12.5999393861,12.672666309,12.5544850594,12.672666309,7892,,,,,,,,,,,,,,,12.6090302515,12.372959235060497,12.282812952748689,12.023708587369008,11.92597711045512,11.70240557688177,11.610252518602486,11.513341899113088,11.444816913545615,11.380522701725729,11.308091365504698,11.22428254923227,,,12.372959235060497,12.282812952748689,12.023708587369008,,,11.783183471811581,"rgba(0, 255, 255, 0.75)",0.3833509286112167,11.867363308520298,1.9109803130871237,50.38635268028309,6.034575121619298,False,True,False,False,False,7.520438955303149,0.0,0.0,0.0,0.0,0,1.0006279570400571,0.9261114787150854,False,False,False,False,0.13666731929130624,0.1672261981202277,False,False,False,False,766855,795516.0560862198,False,False,False,False,14748.479590353309,False,False,False,False
2024-01-22 00:00:00+00:00,12.672666309,12.7363023665,12.5913030641,12.5999393861,34442,,,,,,,,,,,,,,,12.65599564959463,12.384750306175373,12.294638244040582,12.034571819643661,11.937423964155395,11.714217052516485,11.621667150984624,11.523605684855182,11.454307533539831,11.389516224064186,11.316822444632743,11.232443616587572,,,12.384750306175373,12.294638244040582,12.034571819643661,,,11.796663307565856,"rgba(0, 255, 0, 1.0)",0.3785959834561963,11.87801465686491,2.0989436942271,50.11299813747337,5.920110105265735,False,True,False,False,False,8.854277225430891,0.0,0.0,0.0,0.0,0,1.014152842520447,0.9368535515444014,False,False,False,False,0.16849127718224655,0.16785873765123713,False,False,False,False,801297,795742.7597691133,False,False,False,False,15520.774508378669,False,False,False,False
2024-01-23 00:00:00+00:00,12.7226660685,12.7959427629,12.6310702005,12.6585489609,17541,,,,,,,,,,,,,,,12.673738507381351,12.391396481236804,12.30115425457478,12.04038933227106,11.943507715798775,11.720430752193478,11.627658778777956,11.52898773532526,11.459280805262427,11.394225097196347,11.321388579257633,11.236707673860312,,,12.391396481236804,12.30115425457478,12.04038933227106,,,11.803238809428017,"rgba(0, 255, 0, 1.0)",0.37209661046928094,11.883801206265254,2.2544275831397305,51.093991410075326,5.920110105265735,False,True,False,False,False,9.758964327269673,0.0,0.0,0.0,0.0,0,1.0503158317842067,0.894785556869711,False,False,False,False,0.20031996245001718,0.18408935005062715,False,False,False,False,818838,796648.4554644423,False,False,False,False,15599.99903746186,False,False,False,False
2024-01-24 00:00:00+00:00,12.7684640025,12.7867831761,12.7497784454,12.7501448289,7970,,,,,,,,,,,,,,,12.68485191053949,12.394796105528291,12.304409686872827,12.043199859094093,11.9464237385054,11.723374095578754,11.6304879798152,11.531523063168839,11.461620090474218,11.396436968366482,11.323530076153599,11.238704533844416,,,12.394796105528291,12.304409686872827,12.043199859094093,,,11.8066131756618,"rgba(0, 255, 0, 1.0)",0.36250773266771913,11.886848297193982,2.431991446963484,52.76781446165329,5.920110105265735,False,True,False,False,False,10.582443791268112,0.0,0.0,0.0,0.0,0,1.084269833179712,0.8678994387212323,False,False,False,False,0.2358686033781137,0.20997897671437044,False,False,False,False,826808,797831.1827011309,False,False,False,False,15300.783388933944,False,False,False,False
2024-01-25 00:00:00+00:00,12.8783790441,12.8783790441,12.777806781,12.8325811101,5308,,,,,,,,,,,,,,,12.696461771617335,12.397483265830681,12.306906182769254,12.045255889527093,11.948534116987279,11.725468059977555,11.63249062746605,11.53330993951083,11.463264368400797,11.397988059656024,11.32502813761817,11.240097929453075,,,12.397483265830681,12.306906182769254,12.045255889527093,,,11.809357362401178,"rgba(0, 255, 0, 1.0)",0.3556615020112966,11.889349666640788,2.7808165119535455,56.03109815103778,0.08560038873476117,False,True,True,False,True,12.513967498190915,0.0,0.0,0.0,0.0,0,1.0871174524920924,0.8356542647846191,False,False,False,False,0.27186431540720724,0.24092164606078884,False,False,False,False,832116,799175.6853403022,False,False,False,False,14908.909530544377,False,False,False,False
2024-01-26 00:00:00+00:00,12.9516557385,12.9516557385,12.8693110532,12.8875386309,6621,,,,,,,,,,,,,,,12.715363977026028,12.401377102936683,12.310442683942162,12.048058820931994,11.951384492166513,11.72825344093254,11.63514231381974,11.535666461002268,11.465427394740194,11.40002403901419,11.326989981326646,11.241918391087713,,,12.401377102936683,12.310442683942162,12.048058820931994,,,11.813337424910555,"rgba(0, 255, 0, 1.0)",0.3563758776291626,11.893016398888555,2.9705695757361066,59.419625418013005,3.2812725423092175,False,False,True,False,True,13.763052509986611,0.0,0.0,0.0,0.0,0,1.0964610070884275,0.8352913777327384,False,False,False,False,0.33038826086489703,0.2856549534628429,False,False,False,False,838737,800727.109444604,False,False,False,False,14583.89347052303,False,False,False,False
2024-01-29 00:00:00+00:00,12.9791344989,13.0066132593,12.9290315591,13.0066132593,19416,,,,,,,,,,,,,,,12.765519685904223,12.413476278072983,12.32136657738815,12.056615283237633,11.960050477123671,11.73666810075581,11.643139503265084,11.542765381301153,11.471938517894404,11.406147971766831,11.33288526806147,11.247383984208755,,,12.413476278072983,12.32136657738815,12.056615283237633,,,11.824829752415015,"rgba(0, 255, 0, 1.0)",0.3575820771235921,11.903893646232603,3.006976359991775,62.11296542293296,5.786750186838184,True,False,True,False,True,14.22790848970783,0.0,0.0,0.0,0.0,0,1.0999331162395547,0.8472199309835028,False,False,False,False,0.3428281828638396,0.31424156816334126,False,False,False,False,858153,802979.1051526588,False,False,False,False,14773.38784422801,False,False,False,False
2024-01-30 00:00:00+00:00,13.0066132593,13.0157728461,12.9516557385,12.9516557385,6970,,,,,,,,,,,,,,,12.780346535375855,12.417844701749003,12.325317005490781,12.059713838908678,11.963185663381942,11.739708976227373,11.646029400109944,11.545331673132194,11.474292793744892,11.408362324199597,11.335016662690938,11.249360002022486,,,12.417844701749003,12.325317005490781,12.059713838908678,,,11.828709131419474,"rgba(0, 255, 0, 1.0)",0.360409322816513,11.90764912566521,3.049211172026978,64.34918038744027,7.881882132812116,True,False,True,False,True,14.695032189625685,0.0,0.0,0.0,0.0,0,1.128403228964259,0.8403396327370619,False,False,False,False,0.34282818146024896,0.3285348748117951,False,False,False,False,865123,805416.1206368683,False,False,False,False,14467.37263465044,False,False,False,False
2024-01-31 00:00:00+00:00,12.9424961517,13.0524111934,12.9241769781,13.024932433,5014,,,,,,,,,,,,,,,12.789036565453035,12.420847502731501,12.32805275630191,12.061886588027658,11.965389280413413,11.741855503636948,11.648072447351169,11.547148850377361,11.475961482736293,11.409933047952002,11.336529615909331,11.250763800824375,,,12.420847502731501,12.32805275630191,12.061886588027658,,,11.831289786809585,"rgba(0, 255, 0, 1.0)",0.3603157270126221,11.910170415129807,2.865058778114424,63.67139565914725,7.881882132812116,True,False,True,False,True,13.083011603576853,0.0,0.0,0.0,0.0,0,1.111773209079511,0.8363640608534356,False,False,False,False,0.3428281817878804,0.3356815282998378,False,False,False,False,860109,807560.9394354224,False,False,False,False,14096.652139173953,False,False,False,False
2024-02-01 00:00:00+00:00,13.0524111934,13.0798899538,12.9884772775,12.9974536725,25131,,,,,,,,,,,,,,,12.835355357407193,12.437196025643113,12.342817593384035,12.07341505016411,11.977018210609273,11.75308406572586,11.658733312824737,11.55661377279185,11.484642658120137,11.418095084401639,11.344380685314437,11.258038886608553,,,12.437196025643113,12.342817593384035,12.07341505016411,,,11.844949225249579,"rgba(0, 255, 0, 1.0)",0.36372691842854654,11.923682079320873,3.103232279193719,65.11995133588717,8.753571939641397,True,False,True,False,True,14.970246187777125,0.0,0.0,0.0,0.0,0,1.117554533848499,0.8212125669764165,False,False,False,False,0.3428281818676233,0.33925485508373054,False,False,False,False,885240,810607.1771046217,False,False,False,False,14529.371663127917,False,False,False,False
2024-02-02 00:00:00+00:00,12.9882940857,13.0111930527,12.9261004914,12.9608153253,10152,,,,,,,,,,,,,,,12.845048720994086,12.442871693342964,12.348069530028708,12.077687209665452,11.981361707414772,11.757338605049782,11.662793105522747,11.560237126160114,11.487976736822139,11.421237800125647,11.347410855136445,11.26085432906386,,,12.442871693342964,12.348069530028708,12.077687209665452,,,11.849407284943894,"rgba(0, 255, 0, 1.0)",0.3674217464852562,11.928165769758754,2.885317284788928,64.0794341624027,8.753571939641397,True,False,True,False,True,13.367012052055127,0.0,0.0,0.0,0.0,0,1.0873660977402382,0.8295682423108834,False,False,False,False,0.29598289337456013,0.31761887422914536,False,False,False,False,875088,813135.836826009,False,False,False,False,14357.710029279764,False,False,False,False
2024-02-05 00:00:00+00:00,12.8966982177,13.0157728461,12.8643648763,13.0157728461,7803,,,,,,,,,,,,,,,12.849123887014333,12.44675454711941,12.351732834131393,12.080763556218944,11.984509301101475,11.760456313859494,11.665779300851703,11.56291238826444,11.49044414528968,11.42356793488543,11.349661540433637,11.262949650751317,,,12.44675454711941,12.351732834131393,12.080763556218944,,,11.852387949993437,"rgba(0, 255, 0, 1.0)",0.36896244335730827,11.931179948438421,2.616847016937593,60.862899718954814,8.753571939641397,False,False,True,False,False,11.129698501894854,0.0,0.0,0.0,0.0,0,1.0827409320378953,0.8279203281846098,False,False,False,False,0.2744130545245121,0.29601596437682876,False,False,False,False,867285,815259.3334210675,False,False,False,False,14100.662577151146,False,False,False,False
2024-02-06 00:00:00+00:00,12.9424961517,12.9424961517,12.8966982177,12.8966982177,15216,,,,,,,,,,,,,,,12.85613647439077,12.454174289616667,12.358764083770167,12.086710104038518,11.990597651969459,11.766496669147324,11.671569431410468,11.568105320845158,11.495236757103978,11.428095915814207,11.354036494632174,11.26702439637626,,,12.454174289616667,12.358764083770167,12.086710104038518,,,11.858078965759596,"rgba(0, 255, 0, 1.0)",0.37044932470461156,11.936944448297627,2.714410950010987,59.67426864724787,8.753571939641397,False,False,True,False,False,11.944225484441514,0.0,0.0,0.0,0.0,0,1.0857476019126584,0.8404104301457982,False,False,False,False,0.25887553504485844,0.27744574971084357,False,False,False,False,882501,817896.261522202,False,False,False,False,14144.401299615807,False,False,False,False
2024-02-07 00:00:00+00:00,12.902743545,12.9972704808,12.9000872648,12.9241769781,6342,,,,,,,,,,,,,,,12.858922290449092,12.457238842805543,12.361675316220968,12.089181933666378,11.993128583081795,11.769009065040668,11.673978800897041,11.570267792272587,11.497233401703559,11.429982820822568,11.355859896252966,11.268723113540243,,,12.457238842805543,12.361675316220968,12.089181933666378,,,11.860433488062784,"rgba(0, 255, 0, 1.0)",0.3707058487506505,11.939331706041532,2.5988579414253907,57.79951569426735,13.87525246888093,False,True,True,False,False,10.97312787228082,0.0,0.0,0.0,0.0,0,1.0767499597257428,0.8364709881531486,False,False,False,False,0.27980439741079827,0.2786250735608209,False,False,False,False,876159,820181.0747958411,False,False,False,False,13838.424778062246,False,False,False,False
2024-02-08 00:00:00+00:00,12.9791344989,13.0157728461,12.9150173913,12.9241769781,2645,,,,,,,,,,,,,,,12.86056820127804,12.458602776854224,12.362957969383451,12.090253097334756,11.994221065701602,11.770086536378006,11.675010067855748,11.571191818418276,11.498085671482057,11.430787506423323,11.356636740821779,11.269446116675507,,,12.458602776854224,12.362957969383451,12.090253097334756,,,11.861487297383897,"rgba(0, 255, 0, 1.0)",0.3714338522868235,11.940400064616465,2.7965529471487645,58.18818128465657,13.87525246888093,False,True,True,False,False,12.345353953696353,0.0,0.0,0.0,0.0,0,1.0860986790413585,0.8320016760489914,False,False,False,False,0.2900031706394103,0.2843141221001156,False,False,False,False,878804,822480.0130391415,False,False,False,False,13399.466943628433,False,False,False,False
2024-02-09 00:00:00+00:00,12.9882940857,13.0473734206,12.9608153253,13.0302449933,7093,,,,,,,,,,,,,,,12.865853258025586,12.462429184884963,12.36653329228783,12.093206568792157,11.997224983376539,11.773035681268956,11.67782893152192,11.57371472191981,11.50041101659952,11.432981629902711,11.35875348033983,11.271414782522696,,,12.462429184884963,12.36653329228783,12.093206568792157,,,11.864448960953544,"rgba(0, 255, 0, 1.0)",0.3734078463441955,11.943404250461443,2.798253559662511,58.63759750733926,13.87525246888093,False,True,True,False,False,12.509219332944152,0.0,0.0,0.0,0.0,0,1.0877436488332386,0.8319592209855905,False,False,False,False,0.3176116572720903,0.30096288968610296,False,False,False,False,885897,824966.9537042732,False,False,False,False,13152.154514466534,False,False,False,False
2024-02-12 00:00:00+00:00,13.1220240531,13.162326235,12.9928738791,12.9974536725,10160,,,,,,,,,,,,,,,12.87761416027533,12.468756543689338,12.372332769341293,12.097837534434646,12.001895730442339,11.777556075860113,11.682130375989708,11.577549313352787,11.503936547911655,11.436301002876595,11.361948466597926,11.27437924330743,,,12.468756543689338,12.372332769341293,12.097837534434646,,,11.869353147006597,"rgba(0, 255, 0, 1.0)",0.3777175588151799,11.948386727786223,3.107182332204066,61.40057184141975,13.87525246888093,False,False,True,False,True,14.852780341128952,0.0,0.0,0.0,0.0,0,1.079271220960828,0.8282748305464274,False,False,False,False,0.3428281739116258,0.3218955317988644,False,False,False,False,896057,827754.7986570469,False,False,False,False,13034.815121742356,False,False,False,False
2024-02-13 00:00:00+00:00,12.9699749121,13.0982091274,12.9699749121,13.0982091274,5687,,,,,,,,,,,,,,,12.881429122927809,12.471797573699977,12.37518392666846,12.100204805261592,12.004303024505656,11.779920312116676,11.684391279586219,11.579574796434219,11.50580447812365,11.438064087444037,11.363649586997239,11.2759618250561,,,12.471797573699977,12.37518392666846,12.100204805261592,,,11.87169040156847,"rgba(0, 255, 0, 1.0)",0.381103976878948,11.950765223538358,2.674361199031461,59.09431626857558,13.87525246888093,False,True,True,False,True,11.106292229777992,0.0,0.0,0.0,0.0,0,1.0705933766210616,0.846645411213066,False,False,False,False,0.3081889335940544,0.31504223269645937,False,False,False,False,890370,830210.2967489274,False,False,False,False,12746.66550912501,False,False,False,False
2024-02-14 00:00:00+00:00,12.9516557385,13.2272677054,12.9516557385,12.9699749121,14651,,,,,,,,,,,,,,,12.892421222682646,12.479914939391561,12.382762873398358,12.106451369507118,12.010640118970425,11.786120799467795,11.690314907106464,11.584878261966564,11.510693395708252,11.442676585636091,11.368097519715745,11.280097755792902,,,12.479914939391561,12.382762873398358,12.106451369507118,,,11.877922479111993,"rgba(0, 255, 0, 1.0)",0.3832499286476792,11.957115738032334,2.595016792245626,57.12003653542659,12.612751931992918,False,True,True,False,False,10.66715222686171,0.0,0.0,0.0,0.0,0,1.0558932338929972,0.8488494673272317,False,False,False,False,0.3428281749363268,0.3289352038163931,False,False,False,False,875719,831994.9517783814,False,False,False,False,12821.345293080893,False,False,False,False
2024-02-15 00:00:00+00:00,13.2264433426,13.2447625162,13.0066132593,13.0157728461,17201,,,,,,,,,,,,,,,12.912099763759073,12.491053539157527,12.392965206271471,12.114573301532145,12.018805017960574,11.7939862649414,11.697793232459976,11.591546173986917,11.516824140050716,11.448447283050564,11.373648342810748,11.285246013127415,,,12.491053539157527,12.392965206271471,12.114573301532145,,,11.886415689925713,"rgba(0, 255, 0, 1.0)",0.3888664727691072,11.965799214476332,3.2418431940060453,60.238464557662105,12.612751931992918,False,False,True,False,True,15.32540225633393,0.0,0.0,0.0,0.0,1,1.045964989774117,0.8442701879420641,False,False,False,False,0.3428281779103721,0.3358816908633826,False,False,False,False,892920,834384.1693556998,False,False,False,False,12993.096458058113,False,False,False,False
2024-02-16 00:00:00+00:00,13.2264433426,13.2722412766,13.208124169,13.2264433426,7914,,,,,,,,,,,,,,,12.9227155728095,12.496628013081894,12.3980283259593,12.1185381377225,12.022771562430382,11.797775528777892,11.701386783658739,11.594743522238923,11.519759917792001,11.451207184793297,11.376299356043637,11.287701300476492,,,12.496628013081894,12.3980283259593,12.1185381377225,,,11.890629600482045,"rgba(0, 255, 0, 1.0)",0.39496438977169396,11.970119733057178,3.180852861872002,62.31741657248578,12.612751931992918,False,False,True,False,True,15.325402256333941,0.0,0.0,0.0,0.0,0,1.0896333694274052,0.8359990166721188,False,False,False,False,0.34282818600139325,0.33935493843238795,False,False,False,False,892920,836679.6921260646,False,False,False,False,12793.916204800933,False,False,False,False
2024-02-20 00:00:00+00:00,13.2676614832,13.3800496133,13.2396331476,13.253922103,13014,,,,,,,,,,,,,,,12.941816294991405,12.506347446344817,12.406812053291597,12.125345370506116,12.029559198635193,11.804222566339073,11.707490103902199,11.600166217419067,11.524734401742972,11.45587959161499,11.380782947145168,11.291849750814361,,,12.506347446344817,12.406812053291597,12.125345370506116,,,11.89791716189558,"rgba(0, 255, 0, 1.0)",0.39860233506929793,11.977609218280062,3.236439306597788,64.25134744901325,8.50811757774759,True,False,True,False,True,15.992723114200675,0.0,0.0,0.0,0.0,0,1.0983759314023345,0.8178073403055571,False,False,False,False,0.3428281901372538,0.3410915642848209,False,False,False,False,905934,839395.5473368072,False,False,False,False,12802.546941867564,False,False,False,False
2024-02-21 00:00:00+00:00,13.3638371446,13.4099670623,13.3499981693,13.4099670623,2058,,,,,,,,,,,,,,,12.945292204369611,12.508014146017324,12.40830713742818,12.126486653259066,12.030692358124863,11.805290612542493,11.708498675001264,11.601060298450912,11.525553398961215,11.456647867185652,11.381519156949688,11.292529948156558,,,12.508014146017324,12.40830713742818,12.126486653259066,,,11.899157704703903,"rgba(0, 255, 0, 1.0)",0.40295630882496536,11.978886694754145,3.43697423148534,66.7285947514821,10.894113525684695,True,False,True,False,True,17.523068585789467,0.0,0.0,0.0,0.0,0,1.101152321636506,0.795211089890216,False,False,False,False,0.342828193825496,0.34195987905515846,False,False,False,False,907992,842085.6043039913,False,False,False,False,12381.192159833541,False,False,False,False
2024-02-22 00:00:00+00:00,13.4053540705,13.4882956625,13.2485123505,13.2485123505,16804,,,,,,,,,,,,,,,12.972089766486299,12.521481805035952,12.42042035324005,12.135773329479514,12.039915698745695,11.813991170525682,11.716718513353031,11.608352156820184,11.532235688652902,11.462917994767535,11.387528577275715,11.298083597727263,,,12.521481805035952,12.42042035324005,12.135773329479514,,,11.909125721009152,"rgba(0, 255, 0, 1.0)",0.4120880482062248,11.989166391649068,3.4366142988505617,68.85587620847727,12.942821454666472,True,False,True,False,True,18.17226806767064,0.0,0.0,0.0,0.0,0,1.0975514052100483,0.7825391018871565,False,False,False,False,0.3358288161496308,0.3388943476023946,False,False,False,False,924796,845329.1492332466,False,False,False,False,12554.63560454595,False,False,False,False
2024-02-23 00:00:00+00:00,13.4699359552,13.4883879223,13.3848723871,13.4145800541,13743,,,,,,,,,,,,,,,12.994882743972495,12.533026280040621,12.430780776169177,12.143670087570555,12.047738105699263,11.821337034637297,11.723649519335927,11.614495270233485,11.537861885801826,11.468193786637453,11.39258087180749,11.302749128152868,,,12.533026280040621,12.430780776169177,12.143670087570555,,,11.917580457504874,"rgba(0, 255, 0, 1.0)",0.42316249008026613,11.99790887133301,3.4786331926248333,70.9857608304515,15.004902262406077,True,False,True,False,True,19.173159769596747,0.0,0.0,0.0,0.0,0,1.1029108651035908,0.7830143557454137,False,False,False,False,0.3428281965089295,0.3408612720556621,False,False,False,False,938539,848984.4374986095,False,False,False,False,12601.238129857873,False,False,False,False
2024-02-26 00:00:00+00:00,13.4238060376,13.4606177119,13.3684501364,13.3685423962,10559,,,,,,,,,,,,,,,13.009894604055608,12.54141690203155,12.438368521868277,12.149534439655728,12.053561418624916,11.826832624916332,11.728844812665656,11.619110275923775,11.5420944048063,11.47216689913006,11.396389220264131,11.306269884959644,,,12.54141690203155,12.438368521868277,12.149534439655728,,,11.92370700074183,"rgba(0, 255, 0, 1.0)",0.4319748457326975,12.004249143409808,3.2862026764137147,70.93278197325469,15.066557478558977,True,False,True,False,True,17.979556162706775,0.0,0.0,0.0,0.0,0,1.1191091380696347,0.7860404656099987,False,False,False,False,0.3289662853449059,0.334913778700284,False,False,False,False,927980,852082.3026947426,False,False,False,False,12521.150360059526,False,False,False,False
2024-02-27 00:00:00+00:00,13.4238060376,13.5160658729,13.4238060376,13.5160658729,6513,,,,,,,,,,,,,,,13.01942564226107,12.546728330314226,12.443165227052177,12.15322941718704,12.057225322304971,11.830281851427154,11.732103250876055,11.622003358896547,11.544746840682665,11.47465590156662,11.39877394538348,11.308473605768189,,,12.546728330314226,12.443165227052177,12.15322941718704,,,11.927567724476683,"rgba(0, 255, 0, 1.0)",0.4391820219984346,12.008249067143424,3.2231669320508334,70.8974627351235,15.27085264637347,True,False,True,False,True,17.979556162706775,0.0,0.0,0.0,0.0,0,1.1212628418993291,0.792512356556128,False,False,False,False,0.34282817620119677,0.33887097745074035,False,False,False,False,927980,855058.6829812233,False,False,False,False,12285.53662044935,False,False,False,False
2024-02-28 00:00:00+00:00,13.4145800541,13.4699359552,13.3777683798,13.4699359552,2077,,,,,,,,,,,,,,,13.022150302892976,12.548346601419848,12.444634591262169,12.154372862562736,12.058361553187396,11.831355915953527,11.733119444087045,11.622907067657755,11.545576215823013,11.475434805058082,11.399520790438256,11.309164370656676,,,12.548346601419848,12.444634591262169,12.154372862562736,,,11.928745376749957,"rgba(0, 255, 0, 1.0)",0.4406290511604415,12.00946893806268,3.1888753415981466,70.54310715169133,15.27085264637347,True,False,True,False,True,17.734788798804445,0.0,0.0,0.0,0.0,0,1.0775356500945124,0.835965369152166,False,False,False,False,0.30719272383272656,0.32303185064173345,False,False,False,False,925903,857836.8914917636,False,False,False,False,11885.201851019963,False,False,False,False
2024-02-29 00:00:00+00:00,13.4330320211,13.5067476295,13.4053540705,13.4053540705,6328,,,,,,,,,,,,,,,13.030787736736027,12.55339516717951,12.44921008903208,12.157919611295547,12.061881601516754,11.83467604940097,11.736258496431171,11.625697017163331,11.548135707531449,11.477837687556402,11.401823850339031,11.311293631044778,,,12.55339516717951,12.44921008903208,12.157919611295547,,,11.932409720435587,"rgba(0, 255, 0, 1.0)",0.4375022167963699,12.013267054564734,3.245160623257091,70.60756719764437,15.620486806006852,True,False,True,False,True,18.04079756044242,0.0,0.0,0.0,0.0,0,1.0655411041386822,0.828279711902047,False,False,False,False,0.3320064124239464,0.32751913153283996,False,False,False,False,932231,860754.3075116945,False,False,False,False,11667.272366666239,False,False,False,False
2024-03-01 00:00:00+00:00,13.5621957906,13.5990997247,13.4699359552,13.4791619388,13768,,,,,,,,,,,,,,,13.052449284501332,12.565336002373986,12.459958967360022,12.166134936796617,12.070001575484902,11.842276992608753,11.743426898197383,11.632053886493372,11.55395902802949,11.48329757449796,11.407049500647412,11.31611778666298,,,12.565336002373986,12.459958967360022,12.166134936796617,,,11.941005202804519,"rgba(0, 255, 0, 1.0)",0.439998228510303,12.022193271597962,3.5000198164797345,72.47626611220596,17.71252256590037,True,False,True,False,True,20.0,0.0,0.0,0.0,0.0,0,1.083694409860504,0.8043736680809584,False,False,False,False,0.3428281811947787,0.33517365636380936,False,False,False,False,945999,864097.2366288829,False,False,False,False,11749.653842483249,False,False,False,False
2024-03-04 00:00:00+00:00,13.5898737411,13.6083257082,13.5437438235,13.5990997247,4796,,,,,,,,,,,,,,,13.060106533040551,12.56958253122152,12.463779678382506,12.16904991916604,12.072879568290743,11.844965966755662,11.745961546295225,11.634300935946683,11.556017047923477,11.48522666539868,11.408895177929619,11.317821117977426,,,12.56958253122152,12.463779678382506,12.16904991916604,,,11.944048890694011,"rgba(0, 255, 0, 1.0)",0.4418540038249623,12.025357253633038,3.540799616895031,74.05708705242361,19.449029668866643,True,False,True,False,True,20.0,0.0,0.0,0.0,0.0,0,1.0956152572966504,0.7836709085828661,False,False,False,False,0.342828181584763,0.3390009189742862,False,False,False,False,950795,867497.1489179464,False,False,False,False,11476.961534934886,False,False,False,False
2024-03-05 00:00:00+00:00,13.6083257082,13.654363366,13.5714217741,13.5990997247,8210,,,,,,,,,,,,,,,13.073455662153282,12.576988459928682,12.470438278113946,12.174120122688015,12.07788073979618,11.8496309474518,11.750356657213672,11.638196054812443,11.559583683095232,11.488569039521128,11.412092016119775,11.32077052188625,,,12.576988459928682,12.470438278113946,12.174120122688015,,,11.949340181898366,"rgba(0, 255, 0, 1.0)",0.44658137423375727,12.030861661026648,3.5323104325162675,75.33919723111677,20.860414317454058,True,False,True,False,True,20.0,0.0,0.0,0.0,0.0,0,1.0945245186562778,0.7868523119337145,False,False,False,False,0.34282818413205335,0.34091455155316974,False,False,False,False,959005,871085.6920976348,False,False,False,False,11348.84539630999,False,False,False,False
2024-03-06 00:00:00+00:00,13.7172845737,13.7419179497,13.6360036588,13.6544556259,6515,,,,,,,,,,,,,,,13.085238265702218,12.58327909227954,12.47606632487052,12.178360362527147,12.08205024027736,11.853497331060113,11.753992080108064,11.641411952910078,11.562524850619024,11.491322328198708,11.41472238160329,11.323194334590843,,,12.58327909227954,12.47606632487052,12.178360362527147,,,11.953804962062243,"rgba(0, 255, 0, 1.0)",0.4524413950452738,12.03551290958219,3.717103878060325,77.396986038346,22.960905297998053,True,False,True,False,True,20.0,0.0,0.0,0.0,0.0,0,1.1008829551367576,0.7606686808065455,False,False,False,False,0.34282818779443797,0.3418713696738038,False,False,False,False,965520,874788.9982898844,False,False,False,False,11159.282831748815,False,False,False,False
2024-03-07 00:00:00+00:00,13.7374894776,13.7651674282,13.7017849214,13.7651674282,2736,,,,,,,,,,,,,,,13.090341022173678,12.585985450969575,12.478484442200315,12.1801765300549,12.083834149331548,11.855148167706043,11.755543262004034,11.642783344036957,11.563778610645263,11.492495580017966,11.415842794220627,11.324226333165507,,,12.585985450969575,12.478484442200315,12.1801765300549,,,11.955719973877201,"rgba(0, 255, 0, 1.0)",0.45545639514414016,12.037509205485948,3.7324764571063986,78.96754077582312,24.553459226052553,True,False,True,False,True,20.0,0.0,0.0,0.0,0.0,0,1.1160699892309862,0.760104139107641,False,False,False,False,0.3428281882793811,0.34234977897659247,False,False,False,False,968256,878454.3709059674,False,False,False,False,10828.95801481749,False,False,False,False
2024-03-08 00:00:00+00:00,13.7559414447,13.7928453788,13.7356442809,13.7651674282,12807,,,,,,,,,,,,,,,13.11414415239549,12.59877653771903,12.489918656518633,12.188766661345214,12.092267576463415,11.862946310028821,11.762869417992219,11.649260412314346,11.569700011798695,11.498036313077186,11.42113313760058,11.329098618890471,,,12.59877653771903,12.489918656518633,12.188766661345214,,,11.964743150512009,"rgba(0, 255, 0, 1.0)",0.4598899198889776,12.046921673828988,3.7161496631271826,80.2016839446181,25.822647722842532,True,False,True,False,True,20.0,0.0,0.0,0.0,0.0,0,1.1090583887127456,0.7708622151182343,False,False,False,False,0.3428281900478441,0.3425889845122183,False,False,False,False,981063,882478.2387135766,False,False,False,False,10906.528288746216,False,False,False,False
2024-03-11 00:00:00+00:00,13.8112973459,13.829749313,13.7743934118,13.7743934118,6911,,,,,,,,,,,,,,,13.12712082284558,12.60581891512188,12.496213618384058,12.193491109764096,12.096901493658876,11.867224137186273,11.766886518267743,11.652811110598114,11.572945523665334,11.501072484068562,11.424031131889032,11.331766809502584,,,12.60581891512188,12.496213618384058,12.193491109764096,,,11.969690306246013,"rgba(0, 255, 0, 1.0)",0.46419206761748655,12.052086895347632,3.7898330740154536,81.56641432646174,27.219627501245043,True,False,True,False,True,20.0,0.0,0.0,0.0,0.0,0,1.1099256514860336,0.7613146642408977,False,False,False,False,0.34282819209648524,0.3427085883043518,False,False,False,False,987974,886615.3273914756,False,False,False,False,10749.840904873818,False,False,False,False
2024-03-12 00:00:00+00:00,13.9127831647,13.9312351318,13.7467154612,13.7467154612,16822,,,,,,,,,,,,,,,13.159313430686534,12.623440511730458,12.511960069904115,12.205289005907273,12.108459018459953,11.877870010643441,11.776877194180823,11.66163845422521,11.581011909058102,11.508616080797223,11.431228133006464,11.338390319001654,,,12.623440511730458,12.511960069904115,12.205289005907273,,,11.982007844800107,"rgba(0, 255, 0, 1.0)",0.4708861338975127,12.064960825832769,3.924138355004962,83.30908328424421,28.96021353863422,True,False,True,False,True,20.0,0.0,0.0,0.0,0.0,0,1.0965406980192967,0.7560936702540106,False,False,False,False,0.34282819397327097,0.3427683911388114,False,False,False,False,1004796,891249.8635722019,False,False,False,False,10987.964790957198,False,False,False,False
2024-03-13 00:00:00+00:00,14.0419469342,14.0557859095,13.9312351318,13.9312351318,8381,,,,,,,,,,,,,,,13.177437849904132,12.633049460059867,12.520503961183303,12.211617243575674,12.114635482918517,11.883518772875739,11.782165231122674,11.66630014596493,11.585265388844347,11.51258849148322,11.43501236501138,11.341867493374174,,,12.633049460059867,12.520503961183303,12.211617243575674,,,11.988663490526497,"rgba(0, 255, 0, 1.0)",0.48060179489756377,12.07193001250764,4.099062763825619,85.2727309950299,30.879579405070487,True,False,True,False,True,20.0,0.0,0.0,0.0,0.0,0,1.122722222318647,0.7424949722889751,False,False,False,False,0.34282820074202275,0.3427982959404171,False,False,False,False,1013177,896031.3199027039,False,False,False,False,10885.730877586328,False,False,False,False
2024-03-14 00:00:00+00:00,14.0419469342,14.1655751135,14.0419469342,14.065011893,11174,,,,,,,,,,,,,,,13.20246473830608,12.646328378614172,12.53229946804737,12.220327754429999,12.123125110652497,11.891262357718189,11.789408045643047,11.67268069114276,11.591084462949462,11.51802045344551,11.440184004122164,11.346616731544986,,,12.646328378614172,12.53229946804737,12.220327754429999,,,11.99781684971802,"rgba(0, 255, 0, 1.0)",0.4892494149079758,12.081523844576973,4.007001398237275,86.58182946888704,32.17086704725129,True,False,True,False,True,20.0,0.0,0.0,0.0,0.0,0,1.1450044665600283,0.7218484512591232,False,False,False,False,0.3428282047130157,0.3428132503267164,False,False,False,False,1013177,900625.2681418136,False,False,False,False,10897.035549053531,False,False,False,False
2024-03-15 00:00:00+00:00,14.0545865316,14.0696248848,13.9681390659,13.9681390659,3774,,,,,,,,,,,,,,,13.21012370205395,12.650597059420503,12.536110071659229,12.223169228610727,12.125899774197118,11.893803240751076,11.791788384571756,11.674781448398672,11.593002550038639,11.5198125547923,11.441891634054704,11.348186435763502,,,12.650597059420503,12.536110071659229,12.223169228610727,,,12.000763840359348,"rgba(0, 255, 0, 1.0)",0.49670979688221906,12.084611744396744,3.96604777994822,87.5305730981288,33.15070680821533,True,False,True,False,True,20.0,0.0,0.0,0.0,0.0,0,1.141023901084118,0.7640583301825147,False,False,False,False,0.30119651279116744,0.3220048815589419,False,False,False,False,1016951,905187.061548017,False,False,False,False,10617.700821639668,False,False,False,False
2024-03-18 00:00:00+00:00,14.0142689836,14.5493760284,14.0142689836,14.5493760284,11942,,,,,,,,,,,,,,,13.238053142185148,12.665496475820483,12.549333222302218,12.232901822070197,12.135368164495176,11.902409651093256,11.799829334031534,11.681859223479801,11.59945375164211,11.525830909806075,11.447617145697064,11.353440303505746,,,12.665496475820483,12.549333222302218,12.232901822070197,,,12.010966095510733,"rgba(0, 255, 0, 1.0)",0.5025389009164509,12.234201260270847,3.5421491153877764,86.10696875136628,33.15070680821533,True,False,True,False,True,20.0,0.0,0.0,0.0,0.0,0,1.1051159250095968,0.7022692209483767,False,False,False,False,0.3428282100180331,0.3324165457884875,False,False,False,False,1005009,909101.6473696633,False,False,False,False,10669.634122751839,False,False,False,False
2024-03-19 00:00:00+00:00,14.05550913,14.05550913,13.986591033,13.986591033,5887,,,,,,,,,,,,,,,13.2490326137225,12.671976965910746,12.555146862911068,12.23727527129025,12.139643141475569,11.906333713735695,11.803509561375492,11.685112150615328,11.602426588228262,11.528610275491742,11.450266757917953,11.355877500296339,,,12.671976965910746,12.555146862911068,12.23727527129025,,,12.015434283580914,"rgba(0, 255, 0, 1.0)",0.508886466408144,12.236112776900203,3.575250027656623,85.55977308534656,33.15070680821533,True,False,True,False,False,20.0,0.0,0.0,0.0,0.0,0,1.1297926304513504,0.7719114038661689,False,False,False,False,0.2308469719908083,0.2816317588896479,False,False,False,False,1010896,913093.5827669315,False,False,False,False,10482.079843428237,False,False,False,False
2024-03-20 00:00:00+00:00,14.1618847201,14.3371784072,13.9959092763,14.3371784072,8021,,,,,,,,,,,,,,,13.265960605127647,12.681558364214927,12.563698565779402,12.243637093896185,12.145842270515187,11.91198863508719,11.808801168788385,11.689779047209397,11.606685523281936,11.532587035271147,11.454052834479494,11.359355007793503,,,12.681558364214927,12.563698565779402,12.243637093896185,,,12.02199551262037,"rgba(0, 255, 0, 1.0)",0.5191500891992619,12.243206666139923,3.695806075887322,86.07357818325488,33.15070680821533,True,False,True,False,False,20.0,0.0,0.0,0.0,0.0,0,1.1285705904089365,0.7110558670326296,False,False,False,False,0.2924550281825184,0.28704339353608316,False,False,False,False,1018917,917243.5206976401,False,False,False,False,10385.566908391835,False,False,False,False
2024-03-21 00:00:00+00:00,14.065011893,14.2261928417,14.065011893,14.1950714481,5466,,,,,,,,,,,,,,,13.276567092477421,12.687816173843672,12.569307524919804,12.247844640710028,12.149948768590633,11.915747270676741,11.81232310775757,11.692890065680423,11.60952739609539,11.535242681376685,11.456582938080034,11.361680879907029,,,12.687816173843672,12.569307524919804,12.247844640710028,,,12.026289878342952,"rgba(0, 255, 0, 1.0)",0.5279498774218481,12.247337385137621,3.4428921865436872,82.19823023840885,36.43250471226459,True,False,True,False,False,20.0,0.0,0.0,0.0,0.0,0,1.1362844625550264,0.7260545785159391,False,False,False,False,0.28346381877085935,0.2852536061534713,False,False,False,False,1013451,921016.3630232229,False,False,False,False,10192.64271590588,False,False,False,False
2024-03-22 00:00:00+00:00,14.232231321,14.3158410351,14.1672015435,14.2601012257,24607,,,,,,,,,,,,,,,13.32756762364338,12.717626830726054,12.595977406721744,12.267751726946429,12.1693368686552,11.93342138349705,11.828862090834509,11.707483360865005,11.622848254956214,11.547681452311616,11.468423199560482,11.37255562506964,,,12.717626830726054,12.595977406721744,12.267751726946429,,,12.046627985315611,"rgba(0, 255, 0, 1.0)",0.5402421868387425,12.270233782678595,3.6316999784895443,81.45620874578947,35.71200919394215,True,False,True,False,False,20.0,0.0,0.0,0.0,0.0,0,1.125417294444674,0.7121671214801487,False,False,False,False,0.3250386860029874,0.3051461460782293,False,False,False,False,1038058,925606.2311399592,False,False,False,False,10757.911629007609,False,False,False,False
2024-03-25 00:00:00+00:00,14.2786811622,14.4459934899,14.2572213356,14.3065510669,18417,,,,,,,,,,,,,,,13.365727384687133,12.740459802674433,12.616437577258049,12.283052783242388,12.18422714218061,11.946977786160922,11.841544978402943,11.718676342545638,11.633065973531014,11.557221581678547,11.477501468714104,11.380891877070937,,,12.740459802674433,12.616437577258049,12.283052783242388,,,12.062148724845562,"rgba(0, 255, 0, 1.0)",0.5495706402162771,12.287872936781863,3.622479222388368,81.37523239419187,35.53451278579077,True,False,True,False,False,20.0,0.0,0.0,0.0,0.0,0,1.126009801551327,0.7003073367191149,False,False,False,False,0.342828211800662,0.3239871789394456,False,False,False,False,1056475,930738.3397227059,False,False,False,False,11058.268035713194,False,False,False,False
2024-03-26 00:00:00+00:00,14.2786811622,14.3251310033,14.232231321,14.232231321,3315,,,,,,,,,,,,,,,13.371957015311908,12.744377231738087,12.619965898132438,12.285717884170504,12.186825239040253,11.949352099690932,11.84376981240293,11.72064353428343,11.634863896140706,11.558901807247777,11.47910163557072,11.382362705694915,,,12.744377231738087,12.619965898132438,12.285717884170504,,,12.064819896618715,"rgba(0, 255, 0, 1.0)",0.5581465851822622,12.290726473270466,3.561707160280071,81.32124815979347,35.3024638541077,True,False,True,False,False,20.0,0.0,0.0,0.0,0.0,0,1.1143739799683636,0.7247426159093456,False,False,False,False,0.31205665596216475,0.3180219174508052,False,False,False,False,1056475,935669.1891453449,False,False,False,False,10754.610465685226,False,False,False,False
2024-03-27 00:00:00+00:00,14.3808708127,14.3808708127,14.2043614164,14.2043614164,4043,,,,,,,,,,,,,,,13.379798411174564,12.749262273728968,12.624360786035432,12.289029139642576,12.190050676236606,11.952295067703076,11.846525959712837,11.723079240446975,11.637089254391196,11.56098083713685,11.481080921895432,11.38418134068216,,,12.749262273728968,12.624360786035432,12.289029139642576,,,12.068144492398888,"rgba(0, 255, 0, 1.0)",0.5668492883835828,12.294370325931409,3.6808734341334675,82.172013195528,35.3024638541077,True,False,True,False,False,20.0,0.0,0.0,0.0,0.0,0,1.1266069260413418,0.7214716685598305,False,False,False,False,0.3178908943319895,0.3179564058913974,False,False,False,False,1060518,940565.2209435666,False,False,False,False,10491.410055266197,False,False,False,False
2024-03-28 00:00:00+00:00,14.4792515762,14.4792515762,14.3808708127,14.4737704949,6239,,,,,,,,,,,,,,,13.3932129299413,12.757333297663228,12.631592254989428,12.294429300757251,12.195298336576254,11.957059943112094,11.850980299144595,11.72700850737266,11.640674922222068,11.564327283989714,11.484263410595656,11.387102047545694,,,12.757333297663228,12.631592254989428,12.294429300757251,,,12.073606877825826,"rgba(0, 255, 0, 1.0)",0.5764350008494877,12.300739095422639,3.779285570041555,83.44016948409123,35.3024638541077,True,False,True,False,False,20.0,0.0,0.0,0.0,0.0,0,1.177659882375936,0.6770721626036063,False,False,False,False,0.3428282136411867,0.3303923097662921,False,False,False,False,1066757,945513.918161466,False,False,False,False,10324.648876628306,False,False,False,False
2024-04-01 00:00:00+00:00,14.4737704949,14.4923504314,14.3019060827,14.4273206538,2868,,,,,,,,,,,,,,,13.39913018877667,12.760965884854112,12.634853950044207,12.296875303132813,12.197677050013725,11.959223334297025,11.853004078208455,11.72879518407404,11.642306200234547,11.56585033392497,11.485712348020511,11.388432373643992,,,12.760965884854112,12.634853950044207,12.296875303132813,,,12.076068852435421,"rgba(0, 255, 0, 1.0)",0.5845064809059355,12.303541811044516,3.7129249285513715,84.05839153851778,35.3024638541077,True,False,True,False,True,20.0,0.0,0.0,0.0,0.0,0,1.1649719950991606,0.6620883054029196,False,False,False,False,0.32945851462494896,0.32992541219562055,False,False,False,False,1063889,950156.0782335654,False,False,False,False,10032.231273623274,False,False,False,False
2024-04-02 00:00:00+00:00,14.5109303678,14.5155753519,14.2043614164,14.4459005902,6696,,,,,,,,,,,,,,,13.412520054899613,12.769322847256253,12.642370630019167,12.302531076666364,12.203180162458713,11.964234192971025,11.85769395898662,11.73293824464235,11.646090419434856,11.569384540373154,11.489075422752657,11.3915211279552,,,12.769322847256253,12.642370630019167,12.302531076666364,,,12.081738556534665,"rgba(0, 255, 0, 1.0)",0.590995220801313,12.309895357087349,3.724285634202478,84.7441805006335,35.3024638541077,True,False,True,False,True,20.0,0.0,0.0,0.0,0.0,0,1.152076806401042,0.667910726476274,False,False,False,False,0.31370983079222614,0.32181762149392334,False,False,False,False,1070585,954878.7810479354,False,False,False,False,9901.398674657656,False,False,False,False
2024-04-03 00:00:00+00:00,14.5573802089,14.5665772775,14.5388002725,14.5665772775,4093,,,,,,,,,,,,,,,13.421687458036075,12.774834059016808,12.647305618861242,12.306208457565878,12.206749073105499,11.967466733482855,11.860713439758511,11.735600270583944,11.648518678572412,11.571649795145186,11.491228453445217,11.393495944976015,,,12.774834059016808,12.647305618861242,12.306208457565878,,,12.085454831879138,"rgba(0, 255, 0, 1.0)",0.6023642141088096,12.314296309521072,3.723800064546567,85.53129956837718,32.21245217737669,True,False,True,False,True,20.0,0.0,0.0,0.0,0.0,0,1.191845572623846,0.668127030812649,False,False,False,False,0.34282821414436876,0.332322917819146,False,False,False,False,1074678,959576.7896342908,False,False,False,False,9673.618334475002,False,False,False,False
2024-04-04 00:00:00+00:00,14.5666701772,14.6781497959,14.520220336,14.520220336,9039,,,,,,,,,,,,,,,13.442014358832793,12.787116195662371,12.658307574036174,12.31440972583031,12.214706327484862,11.974670697449058,11.8674418800723,11.74153223617122,11.653929670646592,11.576697279531965,11.49602532305974,11.397895363907589,,,12.787116195662371,12.658307574036174,12.31440972583031,,,12.09372888605708,"rgba(0, 255, 0, 1.0)",0.6161184592900599,12.478685371848623,3.38893401726239,86.12241419400246,32.93130806202302,True,False,True,False,True,20.0,0.0,0.0,0.0,0.0,0,1.183835281884059,0.6605071342329848,False,False,False,False,0.3428282139622919,0.33757556589071896,False,False,False,False,1083717,964445.0331780441,False,False,False,False,9648.731340966178,False,True,False,False
2024-04-05 00:00:00+00:00,14.4830604631,14.5388002725,14.4189596824,14.520220336,7487,,,,,,,,,,,,,,,13.456784938668344,12.796561340217718,12.666821475886149,12.320837591852293,12.220958903637609,11.980362324163858,11.872769593121028,11.746241212672825,11.658232021240506,11.580715765902635,11.499848863647559,11.40140710929239,,,12.796561340217718,12.666821475886149,12.320837591852293,,,12.100128428358579,"rgba(0, 255, 0, 1.0)",0.6261730127520888,12.483170893236473,3.1938290682216173,82.65768986326535,35.96017197815327,True,False,True,False,False,20.0,0.0,0.0,0.0,0.0,0,1.1510504868903504,0.6824214138972282,False,False,False,False,0.2932987017927251,0.315437133841722,False,False,False,False,1076230,968828.7573671405,False,False,False,False,9563.957562889074,False,False,False,False
2024-04-08 00:00:00+00:00,14.4830604631,14.520220336,14.4319656379,14.4830604631,4973,,,,,,,,,,,,,,,13.466348326057133,12.802770088457217,12.672426971325987,12.325082394692801,12.225089537438734,11.984125735724968,11.876293850564108,11.749357940229137,11.661080610974862,11.583377068324031,11.502381537563256,11.403733849462839,,,12.802770088457217,12.672426971325987,12.325082394692801,,,12.104338992567923,"rgba(0, 255, 0, 1.0)",0.6322810100249091,12.486986284449003,3.1569415291665326,80.34787364277393,33.82844926097569,True,False,True,False,False,20.0,0.0,0.0,0.0,0.0,0,1.1507151233952944,0.6981101384097292,False,False,False,False,0.2897357099901156,0.3025864219159188,False,False,False,False,1076230,973040.5708037232,False,False,False,False,9383.92001140323,False,False,False,False
2024-04-09 00:00:00+00:00,14.4180306856,14.5852501136,14.3994507491,14.5852501136,5260,,,,,,,,,,,,,,,13.476164441607748,12.809245307362756,12.678282986150807,12.329531526793117,12.229421203059806,11.988076776468175,11.879995655745216,11.752633748798472,11.664075774977075,11.586176125999671,11.505045954477259,11.406182381752306,,,12.809245307362756,12.678282986150807,12.329531526793117,,,12.108735990266034,"rgba(0, 255, 0, 1.0)",0.6376466672792449,12.491090407855031,3.021956165735126,76.00745071132496,29.876721628387585,True,False,True,False,False,20.0,0.0,0.0,0.0,0.0,0,1.1315459444240443,0.7035307355745065,False,False,False,False,0.2964046241634661,0.2994955230396924,False,False,False,False,1070970,976880.9405761262,False,False,False,False,9222.197658014868,False,False,False,False
2024-04-10 00:00:00+00:00,14.2786811622,14.6502798912,14.1967436424,14.2879711304,5952,,,,,,,,,,,,,,,13.48602918352614,12.816107286266892,12.684523896301231,12.334327271472649,12.234101202809114,11.992366537144727,11.884022701437837,11.75620525677356,11.66734589827607,11.589235585024468,11.507961334257045,11.408864894414052,,,12.816107286266892,12.684523896301231,12.334327271472649,,,12.113424253975316,"rgba(0, 255, 0, 1.0)",0.6380278304160159,12.494582770041177,2.796270487128328,68.4615545409605,23.122097682066254,False,True,True,False,False,20.0,0.0,0.0,0.0,0.0,0,1.0908252166967956,0.7167682056814242,False,False,False,False,0.26714742704164357,0.28332147504066796,False,False,False,False,1065018,980337.2958476507,False,False,False,False,9093.95461260252,False,False,False,False
2024-04-11 00:00:00+00:00,14.1764915117,14.2182963687,14.1579115752,14.2043614164,4989,,,,,,,,,,,,,,,13.492391993846024,12.821113909810677,12.689132817835517,12.33795521946664,12.237659770068893,11.995663111743577,11.887130160486961,11.758973652516104,11.669887951294053,11.591619415535787,11.51023798205692,11.410965121850605,,,12.821113909810677,12.689132817835517,12.33795521946664,,,12.11689425887598,"rgba(0, 255, 0, 1.0)",0.6370087383649156,12.495727763070978,2.63852541951502,60.882279150832616,16.59446364278159,False,True,True,False,False,20.0,0.0,0.0,0.0,0.0,0,1.0743670674721804,0.7681961950096672,False,False,False,False,0.17008558186803213,0.22670352845435005,False,False,False,False,1060029,983462.4607163703,False,False,False,False,8932.976000343599,False,False,False,False
2024-04-12 00:00:00+00:00,13.981402179,14.1579115752,13.9721122107,14.1579115752,4909,,,,,,,,,,,,,,,13.497233343762879,12.825476867668522,12.693196814313923,12.341227833686391,12.240884988870995,11.9986798037575,11.889984340117207,11.761526664647386,11.672238200138816,11.593827914723532,11.512351327697655,11.412919128122418,,,12.825476867668522,12.693196814313923,12.341227833686391,,,12.119962268958934,"rgba(0, 255, 0, 1.0)",0.6325549758687578,12.495875656900216,2.348454409135816,52.304494506856244,9.303129088001349,False,True,False,False,False,14.653460625844382,0.0,0.0,0.0,0.0,0,1.0509370972975567,0.7805287869958383,False,False,False,False,0.12067714870220839,0.1736903385782792,False,False,False,False,1055120,986272.5602961206,False,False,False,False,8775.173019937967,False,False,False,False
2024-04-15 00:00:00+00:00,13.8327626874,14.1374736452,13.777022878,13.9349523378,12524,,,,,,,,,,,,,,,13.50651227978519,12.835366194763068,12.702528320843118,12.348926661474954,12.248508603505192,12.005879938583755,11.896822070254146,11.767668081186555,11.677906454425223,11.599165248512877,11.517468529253867,11.417661115891107,,,12.835366194763068,12.702528320843118,12.348926661474954,,,12.12703445820659,"rgba(0, 255, 0, 1.0)",0.6277366137876615,12.495653785505478,2.1300476545833815,44.68370279333555,3.0163649519617692,False,True,False,True,False,10.870854387821083,0.0,0.0,0.0,0.0,0,1.022893118019866,0.7983520860586559,False,False,False,False,0.07790586769180935,0.12579810313504428,False,False,False,False,1042596,988481.3226374491,False,False,False,False,8922.1858426855,False,False,False,False
2024-04-16 00:00:00+00:00,13.6899758757,13.7956028145,13.6562532911,13.7956028145,21553,,,,,,,,,,,,,,13.713943993766666,13.514135878712686,12.848869754141347,12.71564155195203,12.360317052641342,12.259898583695058,12.016849082113334,11.907316416734064,11.777170207028949,11.686720729993159,11.607498051911614,11.525487318051333,11.425123965819926,,13.713943993766666,12.848869754141347,12.71564155195203,12.360317052641342,,,12.258382506658576,"rgba(0, 255, 255, 0.75)",0.6222395883136658,12.599072217786718,1.7531890905073153,38.166001481166106,-2.2632493820157293,False,True,False,True,False,7.460512528973357,1.0,13.795603,13.656253,0.0,0,1.0160136525356627,0.8339813811515709,False,False,False,False,-0.013150209560238086,0.056323946787403094,False,False,True,False,1021043,989758.2511614708,False,False,False,False,9417.511888070383,False,False,True,False
2024-04-17 00:00:00+00:00,13.7863128462,13.816505243,13.693413164,13.693413164,5793,,,,,,,,,,,,,,13.724846684984355,13.516593755701006,12.852640481747478,12.71928706563353,12.363461385380932,12.263037140136296,12.019862062118618,11.910196209204766,11.779775829547265,11.689136642828428,11.60978100033396,11.527683080661726,11.427166479329198,,13.724846684984355,12.852640481747478,12.71928706563353,12.363461385380932,,,12.261805216739042,"rgba(0, 255, 255, 0.75)",0.6178582821596887,12.60021094941759,1.9196989520581595,36.26730935078368,-3.409788687144605,False,True,False,True,False,9.258032168466777,0.0,0.0,0.0,0.0,0,1.0279357519422656,0.8310100493811635,False,False,False,False,-0.0017415606651530757,0.02729119306112501,False,False,False,False,1026836,991212.2805276876,False,False,False,False,9275.374166969585,False,False,False,False
2024-04-18 00:00:00+00:00,13.8141827509,13.860632592,13.7398630051,13.8141827509,9406,,,,,,,,,,,,,,13.745333014838508,13.521101018619303,12.858959294260005,12.725373973161275,12.368679860181091,12.268238577393562,12.02484228920912,11.914952222960803,11.784075855363572,11.693121748795196,11.613545220412883,11.531301892841775,11.430531162908155,,13.745333014838508,12.858959294260005,12.725373973161275,12.368679860181091,,,12.267696625457326,"rgba(0, 255, 255, 0.75)",0.6130949212223258,12.603058604865952,1.9754268125715895,35.68247543126475,-3.7103053725573147,False,True,False,True,False,9.770511411786757,0.0,0.0,0.0,0.0,0,1.0294171801169139,0.8181040980843043,False,False,False,False,0.010523471172976173,0.01890733211705059,False,False,False,False,1036242,992978.1518795431,False,False,False,False,9280.496748657051,False,False,False,False
2024-04-19 00:00:00+00:00,14.0371419883,14.043087568,13.9535322743,13.9542754717,6915,,,,,,,,,,,,,,13.7874436068628,13.526670636180603,12.86455327176629,12.730652657906946,12.373040070339963,12.272550712117049,12.028908314159233,11.918813613467412,11.787547103787448,11.696327270436445,11.616564162882609,11.534195812211443,11.433213166522897,,13.7874436068628,12.86455327176629,12.730652657906946,12.373040070339963,,,12.274652338357011,"rgba(0, 255, 0, 1.0)",0.6104348208935135,12.608419731175417,2.3404992772747066,39.88200049131621,-3.7103053725573147,False,True,False,True,False,13.673063953957914,0.0,0.0,0.0,0.0,0,1.0375481762170982,0.8111595586278925,False,False,False,False,0.0874877560165513,0.053197544066800946,False,False,False,False,1043157,994945.9498450512,False,False,False,False,9187.732170278345,False,False,False,False
2024-04-22 00:00:00+00:00,14.1291070998,14.1534345432,13.9944071888,13.9944071888,6873,,,,,,,,,,,,,,13.828903635823737,13.532987695406543,12.870448971733945,12.73618591555501,12.377564230236056,12.277014403095047,12.033097767688337,11.922785619366012,11.791111944203383,11.69961580952685,11.61965856375561,11.537159380062972,11.435957007738184,,13.828903635823737,12.870448971733945,12.73618591555501,12.377564230236056,,,12.281730072630129,"rgba(0, 255, 0, 1.0)",0.6114521337846932,12.614385278312417,2.4772533086309467,44.18299704669768,-3.7103053725573147,False,True,False,True,True,15.179417718540051,0.0,0.0,0.0,0.0,0,1.0419484864448045,0.8026119862672161,False,False,False,False,0.11314194802925512,0.08316974604802803,False,False,False,False,1050030,997106.108674657,False,False,False,False,9096.958359679194,False,False,False,False
2024-04-23 00:00:00+00:00,14.1628826389,14.1908527442,14.1019845167,14.1341641696,12824,,,,,,,,,,,,,,13.894274989261149,13.545621227374896,12.881828608458575,12.746839245502906,12.386233445366749,12.285556195969166,12.04109425170696,11.930360611530938,11.797905489747667,11.705879878859006,11.625550271460769,11.542799171128536,11.441176008077248,,13.894274989261149,12.881828608458575,12.746839245502906,12.386233445366749,,,12.294239953418812,"rgba(0, 255, 0, 1.0)",0.6114397565377282,12.625654255946626,2.5141125785766922,47.58520893001995,-13.643747714677872,False,True,False,True,True,15.725049952046916,0.0,0.0,0.0,0.0,0,1.049384370328866,0.801965636058898,False,False,False,False,0.13997536383986098,0.1115725549439445,False,False,False,False,1062854,999684.4573540821,False,False,False,False,9243.11685537805,False,False,False,False
2024-04-24 00:00:00+00:00,14.1721436437,14.1908527442,14.094033149,14.1908527442,12721,,,,,,,,,,,,,,13.937422593141596,13.557662505289496,12.892922722418104,12.75725301142408,12.394751844687725,12.293954797019374,12.048968727096268,11.937825536206594,11.804607194204943,11.712063202557642,11.631368638938268,11.548370610999212,11.446334141842522,,13.937422593141596,12.892922722418104,12.75725301142408,12.394751844687725,,,12.30488504044814,"rgba(0, 255, 0, 1.0)",0.6099512394065301,12.635561484828582,2.519188518030525,50.00761253640589,-11.20622809029269,False,True,False,False,True,15.875934032130107,0.0,0.0,0.0,0.0,0,1.0455370953977976,0.8146501629862508,False,False,False,False,0.13826615826033603,0.12491935660214026,False,False,False,False,1075575,1002660.5570656868,False,False,False,False,9379.50442967695,False,False,False,False
2024-04-25 00:00:00+00:00,14.181498194,14.181498194,14.0973072416,14.0973072416,5286,,,,,,,,,,,,,,13.951455100644376,13.56253556816138,12.89747986740451,12.761538383042605,12.39826958807912,12.297424548779212,12.052225274483488,11.94091425201605,11.807382058191006,11.71462454207969,11.633779534986807,11.55067970700903,11.448472612850766,,13.951455100644376,12.89747986740451,12.761538383042605,12.39826958807912,,,12.30898315674831,"rgba(0, 255, 0, 1.0)",0.6073353989716743,12.639439146737704,2.5390567549220293,51.790320294800765,-9.250086504078496,False,True,False,False,True,16.03065076552289,0.0,0.0,0.0,0.0,0,1.0520495993979189,0.809309770468822,False,False,False,False,0.12972144410360636,0.12732040035287331,False,False,False,False,1080861,1005727.2411023265,False,False,False,False,9218.974844199423,False,False,False,False
2024-04-26 00:00:00+00:00,14.1674663686,14.3685891992,14.1534345432,14.1908527442,7685,,,,,,,,,,,,,,13.97547719220354,13.570377483794607,12.904446201613027,12.768061301985593,12.40358030975858,12.302652666438584,12.057113321168341,11.945543943358237,11.811535580034914,11.71845509598449,11.637382406374432,11.554127793100355,11.45166322515368,,13.97547719220354,12.904446201613027,12.768061301985593,12.40358030975858,,,12.315416655459106,"rgba(0, 255, 0, 1.0)",0.6038558229370825,12.645778925494945,2.5199515932524243,52.64550730757506,-8.039046950858676,False,True,False,False,True,15.667497623638557,0.0,0.0,0.0,0.0,0,1.0616411887269666,0.8007110721403785,False,False,False,False,0.18046125694017967,0.15389082864652648,False,False,False,False,1073176,1008372.2904708629,False,False,False,False,9158.81896795631,False,False,False,False
2024-04-29 00:00:00+00:00,14.218916395,14.2282709453,14.0785981411,14.0785981411,26881,,,,,,,,,,,,,,14.021798994316304,13.594260190508818,12.927270582796453,12.789593603785672,12.421368712649478,12.320207842618988,12.073614601987662,11.961208275879155,11.825627296760512,11.73147336566819,11.649642816820473,11.565874634177117,11.46254808270787,,14.021798994316304,12.927270582796453,12.789593603785672,12.421368712649478,,,12.334191461590516,"rgba(0, 255, 0, 1.0)",0.601674039258442,12.664141049712404,2.5840824829401714,54.24877930924493,-6.025467955728736,False,True,True,False,True,16.540078598569238,0.0,0.0,0.0,0.0,0,1.053336053869322,0.8238899289824947,False,False,False,False,0.11401251349778856,0.13395167107215752,False,False,False,False,1100057,1011967.7692759271,False,False,False,False,9853.806459409003,False,False,False,False
2024-04-30 00:00:00+00:00,14.0505344903,14.218916395,14.0338833909,14.218916395,13971,,,,,,,,,,,,,,14.030328676665892,13.60445201513981,12.938126651082253,12.7999414643997,12.430088697518919,12.328842987404544,12.081790747530638,11.96899321691307,11.832656061972905,11.737981431763679,11.655782604649497,11.571766082397383,11.468017336760104,,14.030328676665892,12.938126651082253,12.7999414643997,12.430088697518919,,,12.342212921092182,"rgba(0, 255, 0, 1.0)",0.5973826966182604,12.671773254759277,2.308003300640929,51.55552533700276,-6.025467955728736,False,True,False,False,True,12.254733408884537,0.0,0.0,0.0,0.0,0,1.0220147980106526,0.8310953803778036,False,False,False,False,0.08821486505580997,0.11108326806398375,False,False,False,False,1086086,1014874.3665592241,False,False,False,False,10015.265029628257,False,False,False,False
2024-05-01 00:00:00+00:00,14.0215353845,14.0808432332,13.9618533539,14.0318253898,9843,,,,,,,,,,,,,,14.029700559045247,13.610276466472621,12.945139348582025,12.80669375988335,12.435887596206394,12.334605265170032,12.0872858137091,11.974240266800372,11.837408956648737,11.742391222284144,11.659949454339017,11.575770101644057,11.471740778119848,,14.029700559045247,12.945139348582025,12.80669375988335,12.435887596206394,,,12.347006891454226,"rgba(0, 255, 0, 1.0)",0.5933028351955685,12.676114511460877,2.267679830984856,49.20786321155683,-6.025467955728736,False,True,False,False,True,11.542752503591817,0.0,0.0,0.0,0.0,0,1.0108618313438895,0.8626200362047683,False,False,False,False,0.020140703277694974,0.06561198567083937,False,False,False,False,1076243,1017280.979635333,False,False,False,False,10008.509538270288,False,False,False,False
2024-05-02 00:00:00+00:00,14.1627890934,14.1779434649,14.0318253898,14.0505344903,6393,,,,,,,,,,,,,,14.033833779111927,13.614897120365203,12.950075958253805,12.811407196707359,12.43987405435446,12.338553631258794,12.091026961464667,11.97780423387395,11.84062965512288,11.745375007495884,11.662765400972098,11.578472689308017,11.474250579231674,,14.033833779111927,12.950075958253805,12.811407196707359,12.43987405435446,,,12.350689712886208,"rgba(0, 255, 0, 1.0)",0.5875704760322146,12.67969179420978,2.524118143589139,50.62506735949928,-6.025467955728736,False,True,False,False,True,14.016092257637798,0.0,0.0,0.0,0.0,0,1.014776550447301,0.8634652660406502,False,False,False,False,0.06502529178570644,0.0653186387282729,False,False,False,False,1082636,1019843.921610418,False,False,False,False,9866.724850494982,False,False,False,False
2024-05-03 00:00:00+00:00,14.2095618447,14.2843982468,14.1627890934,14.2843982468,7765,,,,,,,,,,,,,,14.043171546962489,13.62142222093947,12.95649601048133,12.817496877764235,12.444961705003296,12.343579165687226,12.095763413679695,11.982307555664274,11.844691140770616,11.74913302535121,11.66630833382079,11.581869443383837,11.47740137513227,,14.043171546962489,12.95649601048133,12.817496877764235,12.444961705003296,,,12.355738601126212,"rgba(0, 255, 0, 1.0)",0.5793586256806011,12.684811304259453,2.631790522924116,52.43044717484305,-6.025467955728736,False,True,False,False,True,14.808780959303732,0.0,0.0,0.0,0.0,0,1.044314971897425,0.857882748283657,False,False,False,False,0.12134024416256321,0.09332944144541805,False,False,False,False,1090401,1022610.8658609899,False,False,False,False,9784.304268122629,False,False,False,False
2024-05-06 00:00:00+00:00,14.2516573209,14.3124618976,14.218916395,14.218916395,3330,,,,,,,,,,,,,,14.04778495889973,13.624371618253312,12.959320515459982,12.820170267763228,12.447186189166127,12.345774324930147,12.097828319496243,11.984269497160557,11.846459457758213,11.750768554357347,11.667849710790511,11.583346666996203,11.478771084054964,,14.04778495889973,12.959320515459982,12.820170267763228,12.447186189166127,,,12.35799239731435,"rgba(0, 255, 0, 1.0)",0.569554443378744,12.687131812110014,2.74692880896305,54.39685136254502,-4.140610598869003,False,True,True,False,True,15.5188219378887,0.0,0.0,0.0,0.0,0,1.0330181531180493,0.8531635378490402,False,False,False,False,0.14521285249883914,0.1192711469721286,False,False,False,False,1093731,1025399.8907291865,False,False,False,False,9531.194296823702,False,False,False,False
2024-05-07 00:00:00+00:00,14.3405255484,14.4995529028,14.3311709981,14.4473545123,8715,,,,,,,,,,,,,,14.065778099971386,13.633506423405107,12.967384151296857,12.827744385217327,12.453395721751894,12.351882156980018,12.103535993195685,11.989679106335375,11.851322493646085,11.75525899846633,11.672075892342546,11.587391499716372,11.482515831578107,,14.065778099971386,12.967384151296857,12.827744385217327,12.453395721751894,,,12.364728519531006,"rgba(0, 255, 0, 1.0)",0.5594590239406382,12.694324684794134,2.942486926049722,57.20589078347153,-1.0956318464758041,False,True,True,False,True,16.99288663234569,0.0,0.0,0.0,0.0,0,1.0396623449635833,0.8251561587499583,False,False,False,False,0.23078736950079926,0.17502925823646392,False,False,False,False,1102446,1028421.3067790223,False,False,False,False,9499.18667734042,False,False,False,False
2024-05-08 00:00:00+00:00,14.3405255484,14.3685891992,14.2937527971,14.3685891992,14583,,,,,,,,,,,,,,14.087467266751071,13.647216108996066,12.98015160880379,12.83980680842839,12.463399459813736,12.361742150431418,12.112790613666643,11.998466560656066,11.859239502103772,11.762579565184542,11.678972973571359,11.593998790545378,11.488639968713553,,14.087467266751071,12.98015160880379,12.83980680842839,12.463399459813736,,,12.374959336743522,"rgba(0, 255, 0, 1.0)",0.5501705628700022,12.705083457243996,2.972609226172716,59.07858373075587,1.015447963996344,False,True,True,False,True,16.99288663234569,0.0,0.0,0.0,0.0,0,1.0282332290427987,0.8479150207275349,False,False,False,False,0.1814644692915435,0.17824686376400373,False,False,False,False,1102446,1031324.235924943,False,False,False,False,9698.551905680011,False,False,False,False
2024-05-09 00:00:00+00:00,14.5556802043,14.5557737498,14.2937527971,14.2937527971,18504,,,,,,,,,,,,,,14.122881181157851,13.667107051927182,12.997583479155747,12.856186077947148,12.476839816212085,12.3749540348285,12.125125903083962,12.010157149316145,11.869753226469351,11.772290140684714,11.688112659487558,11.602745081430164,11.496737422330316,,14.122881181157851,12.997583479155747,12.856186077947148,12.476839816212085,,,12.389267171079286,"rgba(0, 255, 0, 1.0)",0.544767890870071,12.720591989125435,3.3685689739233178,63.302314499491416,5.2767235949610125,False,False,True,False,True,20.0,0.0,0.0,0.0,0.0,0,1.0332464137841808,0.8226945304434513,False,False,False,False,0.23344604030190175,0.20584645203295274,False,False,False,False,1120950,1034838.9717710237,False,False,False,False,10043.863595653345,False,False,False,False
2024-05-10 00:00:00+00:00,14.5556802043,14.6959984582,14.434071051,14.508907453,10808,,,,,,,,,,,,,,14.145493128297057,13.679590160711399,13.008213051075167,12.866147645929008,12.484971873934331,12.382935881720627,12.13255639006526,12.017192264116538,11.876074660068868,11.778125424731805,11.693602028265959,11.60799502774691,11.501594931621396,,14.145493128297057,13.008213051075167,12.866147645929008,12.484971873934331,,,12.398037882175716,"rgba(0, 255, 0, 1.0)",0.5393927743279578,12.730246110807602,3.3842390561622717,66.11813501198179,8.106898299751037,False,False,True,False,True,20.0,0.0,0.0,0.0,0.0,0,1.0460509839922487,0.8137584279755555,False,False,False,False,0.31925126247271135,0.26254885725283206,False,False,False,False,1120950,1038215.8748388267,False,False,False,False,10073.829729157136,False,False,False,False
2024-05-13 00:00:00+00:00,14.5182620033,14.6305166064,14.5135847282,14.6305166064,4247,,,,,,,,,,,,,,14.153599038960852,13.684358092387372,13.012329749712105,12.870012421965992,12.488138101145342,12.386045259187727,12.135454480895966,12.019937669215395,11.878543362100483,11.780405319680774,11.695747492092046,11.610047467052292,11.503494626006146,,14.153599038960852,13.012329749712105,12.870012421965992,12.488138101145342,,,12.401393313877115,"rgba(0, 255, 0, 1.0)",0.5349686247550668,12.733928445566233,3.3353985171573695,66.8450911529842,9.005777304551067,False,False,True,False,True,19.398540945783168,0.0,0.0,0.0,0.0,0,1.052539063714462,0.8360160149016184,False,False,False,False,0.32330964293553965,0.29292925009418586,False,False,False,False,1116703,1041293.8013157356,False,False,False,False,9845.326602523523,False,False,False,False
2024-05-14 00:00:00+00:00,14.4907596255,14.5829019456,14.4575509721,14.5829019456,17977,,,,,,,,,,,,,,14.181238126832499,13.702991209694773,13.029027800855237,12.885757779490115,12.501152364430945,12.398845398733371,12.147424939126685,12.031293763162356,11.888772926293964,11.789863036473218,11.704655080402912,11.618575062274822,11.51139480847053,,14.181238126832499,13.029027800855237,12.885757779490115,12.501152364430945,,,12.414691715095493,"rgba(0, 255, 0, 1.0)",0.5308491880428649,12.748364233848156,3.2822794701367255,66.47760675614904,9.005777304551067,False,False,True,False,True,18.658492687686046,0.0,0.0,0.0,0.0,0,1.0366995701331534,0.843970124980743,False,False,False,False,0.2846063665195718,0.2887678083068788,False,False,False,False,1098726,1043546.044401393,False,False,False,False,10164.215755365738,False,False,False,False
2024-05-15 00:00:00+00:00,14.5837438551,14.6024529556,14.5650347546,14.5650347546,5534,,,,,,,,,,,,,,14.190612710494733,13.709064889016178,13.034344202526192,12.890760193717373,12.505269998927487,12.402890554025307,12.151199262498052,12.03487158145223,11.89199363099788,11.792839432659733,11.707457213804197,11.62125641295666,11.513877702211715,,14.190612710494733,13.034344202526192,12.890760193717373,12.505269998927487,,,12.418956752714442,"rgba(0, 255, 0, 1.0)",0.5281350465613225,12.753046018265199,3.4663441647253688,67.62793410639007,10.421394856637242,False,False,True,False,True,20.0,0.0,0.0,0.0,0.0,0,1.0372306225231516,0.8388319992722542,False,False,False,False,0.3303147528739189,0.30954128059039887,False,False,False,False,1104260,1045926.9838366326,False,False,False,False,9982.638666920024,False,False,False,False
2024-05-16 00:00:00+00:00,14.6679348075,14.6679348075,14.6061947758,14.6585802572,27554,,,,,,,,,,,,,,14.238074710750158,13.740212089262368,13.06134753559926,12.916154614690235,12.52615196575305,12.423391647550933,12.170305934226889,12.052978290494286,11.908292006159787,11.807900758557226,11.721635115577012,11.634820224136893,11.526435561400506,,14.238074710750158,13.06134753559926,12.916154614690235,12.52615196575305,,,12.440592342627584,"rgba(0, 255, 0, 1.0)",0.5267639057375992,12.776948001580108,3.5898184847575028,69.48235845996153,12.548027092381496,False,False,True,False,True,20.0,0.0,0.0,0.0,0.0,0,1.0352784743453425,0.8420333221016775,False,False,False,False,0.3428281731260021,0.3261847268582005,False,False,False,False,1131814,1049295.102117549,False,False,False,False,10671.71166037414,False,False,False,False
2024-05-17 00:00:00+00:00,14.6466064329,14.7708348603,14.6398711567,14.7708348603,5517,,,,,,,,,,,,,,14.247199720600081,13.74645535428923,13.06677434271959,12.921262120901927,12.530359070427096,12.42752169001291,12.17415526200211,12.056626827164415,11.911577652418385,11.810937877238658,11.724494529455875,11.637555887205405,11.528968675644066,,14.247199720600081,13.06677434271959,12.921262120901927,12.530359070427096,,,12.444914539236903,"rgba(0, 255, 0, 1.0)",0.522489727713994,12.781730720019493,3.569210290582638,70.00266413196542,13.406627525660056,False,False,True,False,True,20.0,0.0,0.0,0.0,0.0,0,1.031194917976443,0.8338665751396683,False,False,False,False,0.3428281787937227,0.3345064528259616,False,False,False,False,1126297,1052314.784387449,False,False,False,False,10469.56610506535,False,False,False,False
2024-05-20 00:00:00+00:00,14.7895439608,14.9008631089,14.7895439608,14.8363167121,9616,,,,,,,,,,,,,,14.267078837490939,13.758745227471572,13.076962536976252,12.930799421530836,12.53812963413412,12.435131160952949,12.181211218227329,12.063301488961024,11.917575789296786,11.816474868857789,11.729701731253543,11.642532204645732,11.533570740795861,,14.267078837490939,13.076962536976252,12.930799421530836,12.53812963413412,,,12.453170373891904,"rgba(0, 255, 0, 1.0)",0.5227642589789188,12.791027701293086,3.8229779966413258,72.0663155280777,15.716458128712205,True,False,True,False,True,20.0,0.0,0.0,0.0,0.0,0,1.0273453706892985,0.8136034345070877,False,False,False,False,0.34282818824245037,0.338667320534206,False,False,False,False,1135913,1055593.1457840197,False,False,False,False,10436.092924474553,False,False,False,False
2024-05-21 00:00:00+00:00,14.9485713153,14.9672804158,14.7801894106,14.7895439608,12018,,,,,,,,,,,,,,14.293046253623988,13.774727230077618,13.090048421806262,12.943033469732324,12.548070947638383,12.444858224511753,12.190215772096867,12.071814608689117,11.925222357036393,11.823531344527604,11.736335918423412,11.648869974489122,11.539429750065494,,14.293046253623988,13.090048421806262,12.943033469732324,12.548070947638383,,,12.463784944055256,"rgba(0, 255, 0, 1.0)",0.5242275690768962,12.803046843867183,4.092734907496066,74.8606386796308,18.625263727993172,True,False,True,False,True,20.0,0.0,0.0,0.0,0.0,0,1.0236052115150565,0.814751673726437,False,False,False,False,0.3428281898873308,0.3407477552107684,False,True,False,False,1147931,1059214.2381062151,False,False,False,False,10498.128496063788,False,True,False,False
2024-05-22 00:00:00+00:00,14.8270557074,14.901798564,14.7896375063,14.901798564,4455,,,,,,,,,,,,,,14.301249454215663,13.780232404991287,13.09469447135037,12.947393923876364,12.551642642595809,12.448358005662904,12.193465956952567,12.074891600502584,11.927990717293174,11.826088751085894,11.73874222729787,11.651170413101374,11.541558296303633,,14.301249454215663,13.09469447135037,12.947393923876364,12.551642642595809,,,12.467498374248423,"rgba(0, 255, 0, 1.0)",0.5190479906070887,12.807211432734892,3.891440312296861,73.22056894602508,18.625263727993172,True,False,True,False,True,20.0,0.0,0.0,0.0,0.0,0,1.0225694570505066,0.8279758899515067,False,False,False,False,0.3248547242881892,0.3328012397494788,False,False,False,False,1143476,1062518.6209255792,False,False,False,False,10261.143064845599,False,False,False,False
2024-05-23 00:00:00+00:00,14.5640992996,15.0304819931,14.5640992996,14.8428740922,10391,,,,,,,,,,,,,,14.315400695377459,13.7914251373434,13.104697415693508,12.956847114881654,12.559495808972946,12.456073936557994,12.200673681740247,12.081731760049848,11.934162192466733,11.831800170881415,11.744123776653808,11.656321809926938,11.546332172830013,,14.315400695377459,13.104697415693508,12.956847114881654,12.559495808972946,,,12.47531428256738,"rgba(0, 255, 0, 1.0)",0.5089939768940396,12.961720657678024,3.148128886907347,66.59748880564705,23.01819210625139,False,False,True,False,False,15.444806663453889,0.0,0.0,0.0,0.0,0,0.9785109371037594,0.8357016147692768,False,False,False,False,0.2942521264364616,0.31352668309297016,False,False,False,False,1133085,1065285.9299088898,False,False,False,False,10266.235493675184,False,False,False,False
2024-05-24 00:00:00+00:00,14.5509140053,14.7392753517,14.5509140053,14.7392753517,7092,,,,,,,,,,,,,,14.322132745073118,13.798058446950147,13.111011220102363,12.962857348090917,12.564562038421544,12.461065245900476,12.205363730494938,12.086193444365959,11.938199178040302,11.83554294168482,11.747655334937752,11.65970662963507,11.549473762044633,,14.322132745073118,13.111011220102363,12.962857348090917,12.564562038421544,,,12.480140158903236,"rgba(0, 255, 0, 1.0)",0.4964065900030973,12.96459012336588,3.195614066936986,61.95244887403179,18.79116543193794,False,False,True,False,False,15.133297402503224,0.0,0.0,0.0,0.0,0,0.965076343481049,0.880843066669255,False,False,False,False,0.201201372756364,0.25736402792466706,False,False,False,False,1125993,1067666.5993242275,False,False,False,False,10141.755670393804,False,False,False,False
2024-05-28 00:00:00+00:00,14.4375204748,14.6074224092,14.4096429956,14.5885862746,8213,,,,,,,,,,,,,,14.326277391252987,13.804415266253018,13.117636041836013,12.969224358337296,12.570030995874616,12.466472492156658,12.210483035615995,12.091078374686663,11.942634698572999,11.83966432294593,11.751550901215321,11.663446260066694,11.552951262651717,,14.326277391252987,13.117636041836013,12.969224358337296,12.570030995874616,,,12.48506656934353,"rgba(0, 255, 0, 1.0)",0.4834002725313664,12.966473853871836,3.0431232759239117,56.94474628859108,14.301094030690606,False,True,True,False,False,12.488983123084882,0.0,0.0,0.0,0.0,0,0.9581202658970538,0.8859843353944119,False,False,False,False,0.12058627606366565,0.18897515199416637,False,False,False,False,1117780,1069631.8307232775,False,False,False,False,10066.118193123459,False,False,False,False
2024-05-29 00:00:00+00:00,14.3437165244,14.5226598034,14.3248803897,14.5226598034,5796,,,,,,,,,,,,,,14.327527636390235,13.808261357419633,13.121975234815146,12.973427285800375,12.573695722365207,12.470105889980895,12.213943069841845,12.09438779276323,11.945647847321519,11.842468857779023,11.75420530542531,11.66599748421174,11.555327092801331,,14.327527636390235,13.121975234815146,12.973427285800375,12.573695722365207,,,12.488228505916576,"rgba(0, 255, 0, 1.0)",0.4686088795127774,12.967549282422045,2.936707566038409,52.1963074222074,10.103481510470417,False,True,False,False,False,10.374696989370918,0.0,0.0,0.0,0.0,0,0.9417849250306579,0.945240119667506,False,False,False,False,0.07138687945602562,0.130181015725096,False,False,False,False,1111984,1071292.7001066785,False,False,False,False,9898.662577706853,False,False,False,False
2024-05-30 00:00:00+00:00,14.4473152648,14.56975014,14.3437165244,14.3437165244,9494,,,,,,,,,,,,,,14.331071272811087,13.815048996647054,13.129331893389043,12.980529739876072,12.579852035130006,12.476201699554366,12.21973318901319,12.099920758647059,11.950680915840474,11.847150817551634,11.758634519654835,11.670252437109294,11.559287416343038,,14.331071272811087,13.129331893389043,12.980529739876072,12.579852035130006,,,12.49366889935132,"rgba(0, 255, 0, 1.0)",0.4576418303287102,12.971536449215296,3.224746336069622,50.91573360841911,9.092496752437384,False,True,False,False,False,12.0880652024866,0.0,0.0,0.0,0.0,0,0.9479456242423316,0.8863174381167689,False,False,False,False,0.09046602705288613,0.11032352138899107,False,False,False,False,1121478,1073260.7510828874,False,False,False,False,9882.793457012467,False,False,False,False
2024-05-31 00:00:00+00:00,14.5509140053,14.5603320727,14.4729324079,14.4755694668,10735,,,,,,,,,,,,,,14.337139397304378,13.823429099105674,13.13801514091729,12.988880762934114,12.58703939161573,12.483307210599667,12.22646124369423,12.106342728529949,11.956516190503741,11.852575261335986,11.76376311804368,11.675176251429388,11.563867268707126,,14.337139397304378,13.13801514091729,12.988880762934114,12.58703939161573,,,12.500193312670842,"rgba(0, 255, 0, 1.0)",0.44210331657779744,12.977930356388905,3.557954871470173,51.74790613676092,9.092496752437384,False,True,False,False,False,13.745216075838993,0.0,0.0,0.0,0.0,0,0.95730219986404,0.9135156523572645,False,False,False,False,0.12531435540894528,0.11781893839896818,False,False,False,False,1132213,1075572.6039815978,False,False,False,False,9916.213321443352,False,False,False,False
2024-06-03 00:00:00+00:00,14.5509140053,14.720439217,14.4849875341,14.5509140053,9487,,,,,,,,,,,,,,14.343720006163737,13.831262633143238,13.145912790379004,12.99645865153918,12.593533675288091,12.489720921982228,12.23252200571395,12.11212372214315,11.961765727512692,11.857453279324703,11.768373470300801,11.679600792468454,11.567981074980164,,14.343720006163737,13.145912790379004,12.99645865153918,12.593533675288091,,,12.50618682699534,"rgba(0, 255, 0, 1.0)",0.42426447315323307,12.984382296142247,3.692347128466641,52.30268782232213,9.092496752437384,False,True,False,False,False,13.745216075838982,0.0,0.0,0.0,0.0,0,0.9512355968066635,0.8837132214125342,False,False,False,False,0.17595357391370228,0.14688625615633522,False,False,False,False,1132213,1077793.7959823194,False,False,False,False,9899.38142648479,False,False,False,False
2024-06-04 00:00:00+00:00,14.4849875341,14.5885862746,14.4049339619,14.4378971975,11631,,,,,,,,,,,,,,14.348412482029728,13.839496795597842,13.154863041421349,13.005115717266426,12.601070745832546,12.49718576027067,12.239619303521932,12.118910489133404,11.967946920526316,11.863207766908696,11.773820072522456,11.684834630807185,11.57285499008176,,14.348412482029728,13.154863041421349,13.005115717266426,12.601070745832546,,,12.512872208916948,"rgba(0, 255, 0, 1.0)",0.4132094887006363,12.990579065379785,3.616587976765678,51.424135860836635,9.092496752437384,False,True,False,False,False,12.222872782887396,0.0,0.0,0.0,0.0,0,0.941780983121924,0.919553076708204,False,False,False,False,0.11372356451211947,0.13030491033422734,False,False,False,False,1120582,1079471.7647673264,False,False,False,False,9967.288037210876,False,False,False,False
2024-06-05 00:00:00+00:00,14.5132417361,14.541495938,14.4755694668,14.541495938,8114,,,,,,,,,,,,,,14.351885826926914,13.845269402301252,13.161116463867918,13.011165376888147,12.606341089524188,12.502405281395529,12.244581914217452,12.123656465649008,11.972270554315308,11.86723360702438,11.777630892369391,11.688496716798817,11.576265564603743,,14.351885826926914,13.161116463867918,13.011165376888147,12.606341089524188,,,12.517563011990928,"rgba(0, 255, 0, 1.0)",0.4014687260566161,12.995103731125624,3.781460189654433,51.37529279450014,8.763710147955088,False,True,False,False,False,12.690306890994304,0.0,0.0,0.0,0.0,0,0.9414346647639397,0.9415175965035513,False,False,False,False,0.12058627606366565,0.1254455931989465,False,False,False,False,1128696,1081402.1269333137,False,False,False,False,9894.610074967311,False,False,False,False
2024-06-06 00:00:00+00:00,14.5509140053,14.5603320727,14.5132417361,14.5132417361,14665,,,,,,,,,,,,,,14.358972316673912,13.855935307929347,13.172533160794838,13.0222032854084,12.615948956815167,12.511916975838059,12.253619896639949,12.132298789967212,11.980143968931214,11.874564868812413,11.784570415279799,11.695164806183994,11.582475428135066,,14.358972316673912,13.172533160794838,13.0222032854084,12.615948956815167,,,12.52618062903149,"rgba(0, 255, 0, 1.0)",0.39040027037744013,13.00377451090873,3.962957025863455,52.07076038848691,8.763710147955088,False,True,False,False,False,13.315205763565714,0.0,0.0,0.0,0.0,0,0.9483928539233348,0.9250004260486027,False,False,False,False,0.13710427459376479,0.13127493389635564,False,False,False,False,1143361,1083831.8866614192,False,False,False,False,10081.684189674477,False,False,False,False
2024-06-07 00:00:00+00:00,14.5509140053,14.56975014,14.3799760835,14.4473152648,9354,,,,,,,,,,,,,,14.362260942331938,13.862169967040199,13.179500479986462,13.028971915840902,12.621897289596602,12.517815284995308,12.259244318890893,12.13768515034543,11.985060294612488,11.879148058882569,11.78891257492165,11.699340306213651,11.5863677205789,,14.362260942331938,13.179500479986462,13.028971915840902,12.621897289596602,,,12.53141340801823,"rgba(0, 255, 0, 1.0)",0.38120720317841805,13.00877845848839,4.045399808696262,52.534405451144764,8.763710147955088,False,True,False,False,False,13.315205763565714,0.0,0.0,0.0,0.0,0,0.9362640178510486,0.930481168629162,False,False,False,False,0.10098673858992721,0.11613083624314142,False,False,False,False,1143361,1086166.3616943047,False,False,False,False,10053.147554785282,False,False,False,False
2024-06-10 00:00:00+00:00,14.6669445947,14.7863656883,14.56975014,14.56975014,7878,,,,,,,,,,,,,,14.368263293228281,13.868735756648292,13.186078180498908,13.035293658417256,12.627339718622405,12.52318978994382,12.264325843694897,12.142535582602266,11.989471648742164,11.883251286637433,11.792793001403284,11.703065350825595,11.589833216659864,,14.368263293228281,13.186078180498908,13.035293658417256,12.627339718622405,,,12.536475102148035,"rgba(0, 255, 0, 1.0)",0.37404487535562075,13.014471225777555,4.417847904884051,55.064116528623984,8.763710147955088,False,False,True,False,True,15.23733528370446,0.0,0.0,0.0,0.0,0,0.9366248800711017,0.9159387130921407,False,False,False,False,0.2210134547355257,0.16857214548933355,False,False,False,False,1151239,1088718.2298631556,False,False,False,False,9967.847650676054,False,False,False,False
2024-06-11 00:00:00+00:00,14.4661513995,14.5791682073,14.2683719858,14.5132417361,52836,,,,,,,,,,,,,,14.376219078935934,13.898007704749748,13.221962106887654,13.070528298093919,12.658976294529836,12.554667174371945,12.294571252689606,12.171599071816845,12.016114633459686,11.90815715820706,11.816437192868662,11.725840191888054,11.611109573243041,,14.376219078935934,13.221962106887654,13.070528298093919,12.658976294529836,,,12.563399210133998,"rgba(0, 255, 0, 1.0)",0.36523836566868706,13.038665066480334,3.9083690740051074,52.45896922601548,8.546801132894444,False,True,False,False,True,10.531044874932565,0.0,0.0,0.0,0.0,0,0.9035456853275905,0.9326471202622155,False,False,False,False,0.07138687945602562,0.11997951247267959,False,False,False,False,1098403,1089098.024770483,False,False,False,False,11648.951664375032,False,False,False,False
2024-06-12 00:00:00+00:00,14.56975014,14.5924476822,14.4755694668,14.5603320727,7776,,,,,,,,,,,,,,14.379025399378277,13.9028749754404,13.22752411186122,13.07596288586089,12.663816319265113,12.559473353765336,12.29917240527103,12.176015328221832,12.020159599326995,11.911936453357711,11.820023254850069,11.729292272047012,11.614332697371314,,14.379025399378277,13.22752411186122,13.07596288586089,12.663816319265113,,,12.567662235078247,"rgba(0, 255, 0, 1.0)",0.3554682652966585,13.042951044836608,4.2951769376351825,52.6276480890028,8.455358694219122,False,True,False,False,True,12.253938022481641,0.0,0.0,0.0,0.0,1,0.9351016278672883,0.9312907406625085,False,False,False,False,0.13547684876521252,0.12772818061894606,False,False,False,False,1106179,1089767.8669363463,False,False,False,False,11497.07120694856,False,False,False,False
2024-06-13 00:00:00+00:00,14.4274431428,14.56975014,14.2823107254,14.56975014,10767,,,,,,,,,,,,,,14.38008813879882,13.908265530995292,13.234458159959809,13.082816104072561,12.670054551460618,12.565692250153138,12.305175417816942,12.181796450140215,12.025475326225482,11.916915145142035,11.824756295544182,11.733856177981172,11.61860258576009,,14.38008813879882,13.234458159959809,13.082816104072561,12.670054551460618,,,12.572919394926952,"rgba(0, 255, 0, 1.0)",0.3433248454815897,13.047699864491639,4.01876909424648,50.25604589192052,5.9388693705941975,False,True,False,False,False,9.103524158274766,0.0,0.0,0.0,0.0,1,0.881387758195255,0.9391625769019559,False,False,False,False,0.07269335149190773,0.10021076605542689,False,False,False,False,1095412,1089989.2054878622,False,False,False,False,11468.440963538813,False,False,False,False
2024-06-14 00:00:00+00:00,14.2987923433,14.5646643836,14.2987923433,14.4096429956,4034,,,,,,,,,,,,,,14.380149087670329,13.910106530114296,13.236950978414027,13.08529170905224,12.672328676452608,12.56796287105968,12.307374532372508,12.183917202115984,12.027428569299971,11.91874643294129,11.826498595695467,11.735537368597425,11.620176797332922,,14.380149087670329,13.236950978414027,13.08529170905224,12.672328676452608,,,12.574805334701441,"rgba(0, 255, 0, 1.0)",0.32931400665638605,13.049338467290095,3.794110942003189,46.81284106568309,2.5241260120365467,False,True,False,True,False,6.3925378622985285,0.0,0.0,0.0,0.0,1,0.8866284788782824,0.9526544976383889,False,False,False,False,0.07598785949335464,0.08809931277439076,False,False,False,False,1091378,1090043.6680177501,True,False,False,False,11176.89425908631,True,False,False,False
2024-06-17 00:00:00+00:00,14.4096429956,14.492521988,14.2212816492,14.2495358512,19184,,,,,,,,,,,,,14.374482210933335,14.379933478101133,13.918439317562461,13.248528112091162,13.096821533370903,12.682980604340957,12.578607763315725,12.317704702135593,12.193888169608432,12.036622663113041,11.927372805068623,11.834710237031091,11.743464481843262,11.62760377411942,14.374482210933335,14.379933478101133,13.248528112091162,13.096821533370903,12.682980604340957,,,12.711511418045365,"rgba(0, 255, 0, 1.0)",0.3153057035137788,13.179270598422482,3.9021571239156208,46.60418750770064,2.1939783545982294,False,True,False,True,False,8.283344350404988,1.0,14.492522,14.221282,0.0,1,0.8937178294973449,0.949036759710621,True,False,False,False,0.03282774835612736,0.06046353056525906,False,False,False,False,1110562,1090848.3084876423,False,False,False,False,11490.898405788808,False,False,False,False
2024-06-18 00:00:00+00:00,14.4567333322,14.5854783124,14.4190610629,14.5854783124,9083,,,,,,,,,,,,,14.410666621924952,14.381829672479466,13.923229842311958,13.254467725734635,13.102683719253266,12.6883102439667,12.583917429021996,12.32282558693984,12.198819666957759,12.041159157704197,11.931622983207271,11.838751314370725,11.747361053250476,11.631249836992898,14.410666621924952,14.381829672479466,13.254467725734635,13.102683719253266,12.6883102439667,,,12.718349632436869,"rgba(0, 255, 0, 1.0)",0.30491894945317527,13.185272797930688,4.169831152014263,47.298046548711746,2.1939783545982294,False,True,False,True,False,9.070970054798568,0.0,0.0,0.0,0.0,1,0.9134798503983603,0.9365703304795048,False,False,False,False,0.11693394692771036,0.0886987387464847,False,False,False,False,1119645,1091977.5905077348,False,False,False,False,11396.471017326503,False,False,False,False
2024-06-20 00:00:00+00:00,14.5603320727,14.5603320727,14.4708604331,14.4849875341,28569,,,,,,,,,,,,,14.470905798490536,14.389668504677813,13.938905743684664,13.273429043456824,13.121372423653176,12.705270016667034,12.600803762834783,12.339095975942492,12.214485191683796,12.055570397088683,11.945125216387309,11.851588997378553,11.759738294291141,11.64283095221008,14.470905798490536,14.389668504677813,13.273429043456824,13.121372423653176,12.705270016667034,,,12.736342165603348,"rgba(0, 255, 0, 1.0)",0.29560477988422473,13.202169060795239,4.594523175290647,49.48859782462834,2.1939783545982294,False,True,False,False,True,10.773124690120408,0.0,0.0,0.0,0.0,1,0.9202898255200413,0.9442181017228857,False,False,False,False,0.1247092944965366,0.10670401662151066,False,False,False,False,1148214,1094182.9398995885,False,False,False,False,12069.903526450953,False,False,False,False
2024-06-21 00:00:00+00:00,14.6027133756,14.6691841683,14.5837488128,14.612195657,16835,,,,,,,,,,,,,14.50464457884409,14.396565216029257,13.949089014414998,13.285105117042049,13.132831736126551,12.715593597817577,12.611065731434978,12.34895259508969,12.223965499514977,12.064284035418021,11.953284965242066,11.859343481554985,11.767210597628896,11.649818941406272,14.50464457884409,14.396565216029257,13.285105117042049,13.132831736126551,12.715593597817577,,,12.747268221968884,"rgba(0, 255, 0, 1.0)",0.2865594246791099,13.212913451919238,4.849953636098566,51.61760425992983,2.1939783545982294,False,False,False,False,True,11.45794609666521,0.0,0.0,0.0,0.0,1,0.9499735182665887,0.9397737196852702,False,False,False,False,0.19007465695794315,0.1483893367897269,False,False,False,False,1165049,1096962.0010799968,False,False,False,False,12256.770054825425,False,False,False,False
2024-06-24 00:00:00+00:00,14.8397704109,14.8492526923,14.5664910606,14.6880539083,19969,,,,,,,,,,,,,14.557359300302545,14.408825128092124,13.963106776189196,13.300053058098932,13.147398136909072,12.728543142822135,12.623902804171628,12.361214326321008,12.235734732358933,12.075078649473697,11.963380197173596,11.868926989511644,11.776435421136624,11.658435624007943,14.557359300302545,14.408825128092124,13.300053058098932,13.147398136909072,12.728543142822135,,,12.762028163326363,"rgba(0, 255, 0, 1.0)",0.28459189856438366,13.22791048695031,5.663758989910374,56.14144176740781,0.6570895311826419,False,False,True,False,True,15.103111701699344,0.0,0.0,0.0,0.0,1,0.959892921216054,0.8800884518275789,False,False,False,False,0.23908055461233899,0.19373494570103295,False,False,False,False,1185018,1100415.1775082322,False,False,False,False,12559.210444832272,False,False,False,False
2024-06-25 00:00:00+00:00,14.8966640994,14.8966640994,14.6624517485,14.6624517485,2708,,,,,,,,,,,,,14.56470166043329,14.410733786920327,13.965127826792875,13.30214885495232,13.149434680301685,12.730344082920364,12.625686037336607,12.362913676085082,12.237364448011615,12.076572176407225,11.964776247983952,11.870251703432134,11.777709980411142,11.659625586188612,14.56470166043329,14.410733786920327,13.30214885495232,13.149434680301685,12.730344082920364,,,12.764099339155518,"rgba(0, 255, 0, 1.0)",0.28383662137297044,13.230051114450948,5.8717334531651915,59.76979917130312,3.9925422998270506,True,False,True,False,True,15.93293678798797,0.0,0.0,0.0,0.0,1,0.9929949313121932,0.8706871989004036,False,False,False,False,0.2831817210306033,0.23845833336581812,False,False,False,False,1187726,1103839.1313314387,False,False,False,False,12172.888466603556,False,False,False,False
2024-06-26 00:00:00+00:00,14.9061463808,14.9439806836,14.7544298782,14.8587349737,10997,,,,,,,,,,,,,14.59579219474918,14.419226039481899,13.973709233108893,13.310877023570725,13.15789839698464,12.737798721786861,12.633061039493812,12.369929411144438,12.244088277931487,12.082730004840199,11.970529787033785,11.875709351082,11.782959153620055,11.664524463339593,14.59579219474918,14.419226039481899,13.310877023570725,13.15789839698464,12.737798721786861,,,12.772773792726257,"rgba(0, 255, 0, 1.0)",0.28300673832862855,13.239104416134733,5.890467394912309,62.294043472086386,6.263506269717368,True,False,True,False,True,16.07178116184468,0.0,0.0,0.0,0.0,0,1.0249771588623358,0.8606346217282347,False,False,False,False,0.32708064104428825,0.2827694872050532,False,False,False,False,1198723,1107560.0673576568,False,False,False,False,12126.775193403417,False,False,False,False
2024-06-27 00:00:00+00:00,14.9440755064,15.0294160392,14.9061463808,14.9630400693,12600,,,,,,,,,,,,,14.634038871451338,14.430486391055778,13.98433078810877,13.321340457348276,13.168008398039447,12.746641231513095,12.641795883576236,12.378212927610246,12.252017820817066,12.08998329048598,11.977301754325918,11.882129027440861,11.789129703143798,11.670279204603395,14.634038871451338,14.430486391055778,13.321340457348276,13.168008398039447,12.746641231513095,,,12.783263982108584,"rgba(0, 255, 0, 1.0)",0.28388651052789204,13.250225517215833,5.966644861125748,64.41734936562113,8.201495809069925,True,False,True,False,True,16.63178785063252,0.0,0.0,0.0,0.0,0,1.059976567264212,0.815889723150654,False,False,False,False,0.34282819334645426,0.3127988402757537,False,False,False,False,1211323,1111629.201971082,False,False,False,False,12145.333028956224,False,False,False,False
2024-06-28 00:00:00+00:00,14.9725223507,15.0959816547,14.9146804341,14.9630400693,16490,,,,,,,,,,,,,14.677592721115177,14.44544918040129,13.998370440600489,13.335119578362399,13.181321111478995,12.758286744930945,12.653297589322454,12.389117970220436,12.26245715254259,12.09953431878325,11.986220243739268,11.890584154966751,11.797256680565974,11.677859016279598,14.677592721115177,14.44544918040129,13.335119578362399,13.181321111478995,12.758286744930945,,,12.79660477880783,"rgba(0, 255, 0, 1.0)",0.28722851874686134,13.264537970160536,5.946430347484875,66.17031154917092,9.852348496823794,True,False,True,False,True,17.05322648750485,0.0,0.0,0.0,0.0,0,1.056791585157743,0.8122944164470203,False,False,False,False,0.3428281929542841,0.3278135166150189,False,False,False,False,1227813,1116185.4293447651,False,False,False,False,12315.712125859902,False,False,False,False
2024-07-01 00:00:00+00:00,14.9251109436,15.0578628834,14.8682172551,14.9725223507,7646,,,,,,,,,,,,,14.69206972867064,14.451586143890879,14.004466934379296,13.341264507981707,13.187280046939888,12.763540186827496,12.658493054197967,12.394058703408502,12.267193165151125,12.103874623542644,11.990277435089096,11.894433663311464,11.800959322859468,11.681315397995537,14.69206972867064,14.451586143890879,13.341264507981707,13.187280046939888,12.763540186827496,,,12.802200922446122,"rgba(0, 255, 0, 1.0)",0.29113121081033927,13.270555822654512,5.683193898518037,66.0403647455441,9.852348496823794,True,False,True,False,True,15.936570998634437,0.0,0.0,0.0,0.0,0,1.0460438281709443,0.8228590127124029,False,False,False,False,0.31202974130142197,0.3199216289582204,False,False,False,False,1220167,1120263.1379979118,False,False,False,False,12132.586160139906,False,False,False,False
2024-07-02 00:00:00+00:00,15.048380602,15.1337211347,14.8398652337,14.8492526923,12889,,,,,,,,,,,,,14.71795550744573,14.462743283483642,14.01517697916393,13.351880695596142,13.197556177221971,12.772568283382547,12.667414357886685,12.402528885021578,12.275307655660395,12.11130703428366,11.997222674046236,11.901021439684596,11.807293748499,11.687226555623738,14.71795550744573,14.462743283483642,13.351880695596142,13.197556177221971,12.772568283382547,,,12.811943091214276,"rgba(0, 255, 0, 1.0)",0.29776409299867146,13.281105689687365,5.935151194743014,67.52627741353217,11.41625511468498,True,False,True,False,True,17.778145900714055,0.0,0.0,0.0,0.0,0,1.0343990145757689,0.8307556620940856,False,False,False,False,0.3289375390302194,0.3244295839942199,False,False,False,False,1233056,1124686.3874881899,False,False,False,False,12162.249447977558,False,False,False,False
2024-07-03 00:00:00+00:00,15.0089343113,15.1619783333,14.9631348921,15.1052742905,3684,,,,,,,,,,,,,14.725447772099194,14.466063582761173,14.018309964768918,13.35495817230391,13.200532258762362,12.775178321776053,12.669992365652808,12.404974374557613,12.277649752894384,12.113451732077761,11.999226491480831,11.902921856023145,11.80912077414155,11.688931222627714,14.725447772099194,14.466063582761173,13.35495817230391,13.200532258762362,12.775178321776053,,,12.814768474423385,"rgba(0, 255, 0, 1.0)",0.3027944802238577,13.284179648862173,5.696123196046067,67.42928687689934,11.560196577888469,True,False,True,False,True,16.84308244417906,0.0,0.0,0.0,0.0,0,1.0432895990627884,0.840502475267336,False,False,False,False,0.34282818328097125,0.3336288836375956,False,False,False,False,1229372,1128791.705625908,False,False,False,False,11829.769077468634,False,False,False,False
2024-07-05 00:00:00+00:00,15.1716502603,15.1716502603,15.0768274462,15.0863097276,17161,,,,,,,,,,,,,14.765460497660914,14.483512842948677,14.033989339735708,13.36994839284633,13.214980531955273,12.787765494626523,12.682407357948682,12.416716059960333,12.288882030559774,12.123724761414339,12.008817349197649,11.912012060455607,11.81785444839757,11.697074237713998,14.765460497660914,14.483512842948677,13.36994839284633,13.214980531955273,12.787765494626523,,,12.82879610038724,"rgba(0, 255, 0, 1.0)",0.3111626997249083,13.299578101426235,6.016377157444708,69.26014062447301,13.568823354689854,True,False,True,False,True,19.209824874732035,0.0,0.0,0.0,0.0,0,1.0362174670408402,0.8374147435046027,False,False,False,False,0.3428281872593624,0.338228535448479,False,False,False,False,1246533,1133409.0112876373,False,False,False,False,12038.83695678359,False,False,False,False
2024-07-08 00:00:00+00:00,15.2285439488,15.2285439488,15.1524960519,15.1716502603,38842,,,,,,,,,,,,,14.843936937095972,14.523350948461554,14.069845364342903,13.404142555970127,13.247947909072503,12.816517924650668,12.710761929895693,12.443531035626673,12.31453829695826,12.147202487514656,12.030743824415815,11.932798214306212,11.837826565631165,11.71569934918282,14.843936937095972,14.523350948461554,13.404142555970127,13.247947909072503,12.816517924650668,,,12.859917381651787,"rgba(0, 255, 0, 1.0)",0.32108019342039845,13.334010101046294,5.900500518489301,71.04552037149904,15.486967095032497,True,False,True,False,True,20.0,0.0,0.0,0.0,0.0,0,1.0454217191368225,0.83083973749898,False,False,False,False,0.3428281910664836,0.34052836325748126,False,False,False,False,1285375,1139368.461825377,False,False,False,False,13089.941389850903,False,False,False,False
2024-07-09 00:00:00+00:00,15.2000971046,15.2174496796,15.0578628834,15.1479445568,5302,,,,,,,,,,,,,14.85145027835294,14.528113965458699,14.074383457497335,13.408597842147081,13.25226239993701,12.820317116935191,12.714514409361971,12.447092673644395,12.317951742881897,12.150333002625478,12.033671633368074,11.93557668752059,11.840498541667763,11.718193963837239,14.85145027835294,14.528113965458699,13.408597842147081,13.25226239993701,12.820317116935191,,,12.863782693945405,"rgba(0, 255, 0, 1.0)",0.3306384264069414,13.3382723533959,5.630999310747424,71.40824188751816,16.066063293310634,True,False,True,False,True,19.319567694892463,0.0,0.0,0.0,0.0,0,1.0332172234643977,0.8314099366830765,False,False,False,False,0.3096935259617563,0.32511094460961876,False,False,False,False,1280073,1144886.2868518329,False,False,False,False,12784.53192358224,False,False,False,False
2024-07-10 00:00:00+00:00,15.1243336761,15.2252251503,15.0675348104,15.2000971046,4987,,,,,,,,,,,,,14.857769694061647,14.53239310451652,14.078541618953338,13.412721506727365,13.256261611115846,12.823849745477707,12.718005473082876,12.450410234921716,12.321133000412082,12.153252605136863,12.036403398461816,11.938169986231687,11.84299314898761,11.72052383313129,14.857769694061647,14.53239310451652,13.412721506727365,13.256261611115846,12.823849745477707,,,12.867316354372742,"rgba(0, 255, 0, 1.0)",0.3358660962435237,13.342160161987916,5.306202483801452,69.51449043011858,16.066063293310634,True,False,True,False,True,17.49730990441716,0.0,0.0,0.0,0.0,0,1.0283729346445112,0.8498563670096992,False,False,False,False,0.3151145401796337,0.3201127423946262,False,False,False,False,1275086,1149992.1579556826,False,False,False,False,12478.746357951566,False,False,False,False
2024-07-11 00:00:00+00:00,15.2664730745,15.3518136072,15.1242388533,15.1242388533,19583,,,,,,,,,,,,,14.888728547848256,14.551535928291802,14.096199042646596,13.429731685157213,13.272698545250016,12.838263317697935,12.732227416939748,12.463881386683497,12.334034331971926,12.165076892392817,12.04745762082293,11.948656633310804,11.853073803195429,11.729931514798867,14.888728547848256,14.551535928291802,13.429731685157213,13.272698545250016,12.838263317697935,,,12.882249761929131,"rgba(0, 255, 0, 1.0)",0.34661411709796575,13.358729283065987,5.50394140725323,70.02162042591718,16.066063293310634,True,False,True,False,True,19.548245778033323,0.0,0.0,0.0,0.0,0,1.0423190047092128,0.8223362561625657,False,False,False,False,0.34282819353999566,0.33147046796731094,False,False,False,False,1294669,1155665.7596044794,False,False,False,False,12757.344539992682,False,False,False,False
2024-07-12 00:00:00+00:00,15.2949199187,15.425870225,15.2475085116,15.2664730745,8281,,,,,,,,,,,,,14.90283421854452,14.56016827857384,14.103983974335463,13.43712409515487,13.279829606298136,12.844495676236154,12.738371910466126,12.469691888617936,12.339595757339756,12.170171262346594,12.052218615650595,11.95317182969451,11.857412751934728,11.733979419318148,14.90283421854452,14.56016827857384,13.43712409515487,13.279829606298136,12.844495676236154,,,12.888789234607955,"rgba(0, 255, 0, 1.0)",0.3577737689696688,13.366020649783962,5.3913937695067995,70.6780830102163,16.066063293310634,True,False,True,False,True,19.949224113803446,0.0,0.0,0.0,0.0,0,1.0604767908430013,0.8132073951238542,False,False,False,False,0.3428281981062313,0.3371493330367711,False,False,False,False,1302950,1161441.6121690096,False,False,False,False,12581.801616855713,False,False,False,False
2024-07-15 00:00:00+00:00,15.4181895771,15.5035301098,15.3423313258,15.4087072957,7313,,,,,,,,,,,,,14.917300359930087,14.568597374618982,14.111326667818133,13.443943341260297,13.286387871731858,12.850191474794386,12.743980029472644,12.474980200772887,12.344651639150571,12.174796738510379,12.056537972889085,11.95726555560807,11.861344241009423,11.737644560824883,14.917300359930087,14.568597374618982,13.443943341260297,13.286387871731858,12.850191474794386,,,12.894924859170834,"rgba(0, 255, 0, 1.0)",0.37184928039220305,13.37290685165372,5.500300345583685,72.38392748609249,17.751269027065007,True,False,True,False,True,20.0,0.0,0.0,0.0,0.0,0,1.0726630803550654,0.7868724396948636,False,False,False,False,0.3428281982218026,0.3399887656292868,False,False,False,False,1310263,1167277.745025127,False,False,False,False,12375.18194560647,False,False,False,False
2024-07-16 00:00:00+00:00,15.4750832656,15.5082712505,15.4371541399,15.4656009841,13375,,,,,,,,,,,,,14.944303128651706,14.584511464837624,14.125072642215013,13.456620559091192,13.298569654568942,12.860753826249711,12.754375110373369,12.484773652107014,12.354011746648942,12.18335782372089,12.064531210874927,11.964840111348373,11.868617292911722,11.744423687433704,14.944303128651706,14.584511464837624,13.456620559091192,13.298569654568942,12.860753826249711,,,12.906340136502365,"rgba(0, 255, 0, 1.0)",0.38735693540395416,13.385755078871918,5.39380606300293,74.04166027326801,19.500600362158053,True,False,True,False,True,20.0,0.0,0.0,0.0,0.0,0,1.0749230610745786,0.7943586566320179,False,False,False,False,0.3428281951210011,0.34140848037514393,False,False,False,False,1323638,1173409.5197300238,False,False,False,False,12414.390496759157,False,False,False,False
2024-07-17 00:00:00+00:00,15.4846603698,15.6267997682,15.4561187027,15.5699060797,16929,,,,,,,,,,,,,14.977777259744679,14.604936585210627,14.142696671720147,13.472825599380885,13.314138346005839,12.874250028142932,12.767654558712026,12.497279890314879,12.3659639453564,12.194290758459998,12.074739668199745,11.97451401177276,11.877905667296915,11.75308130244424,14.977777259744679,14.604936585210627,13.472825599380885,13.314138346005839,12.874250028142932,,,12.920861020911575,"rgba(0, 255, 0, 1.0)",0.40242989252529554,13.402132592708082,5.174883416397844,75.23591315669404,20.785082827772158,True,False,True,False,True,20.0,0.0,0.0,0.0,0.0,0,1.0625371276119406,0.7941463789317982,False,False,False,False,0.34282819635967143,0.3421183383674077,False,False,False,False,1340567,1179964.7150347286,False,False,False,False,12591.434006690171,False,False,False,False
2024-07-18 00:00:00+00:00,15.5604237983,15.5604237983,15.4181895771,15.4750832656,4506,,,,,,,,,,,,,14.985899528076216,14.610169300290417,14.147281181663079,13.477076330494631,13.31822791519817,12.877806464824232,12.771155581062423,12.500580934576808,12.369120545565226,12.197180445567323,12.077439239674316,11.97707317890896,11.880363573377004,11.755373222575622,14.985899528076216,14.610169300290417,13.477076330494631,13.31822791519817,12.877806464824232,,,12.924624817275316,"rgba(0, 255, 0, 1.0)",0.4188539803025754,13.406370727180725,5.142730336627603,76.72688248546211,22.338098320354646,True,False,True,False,True,20.0,0.0,0.0,0.0,0.0,0,1.0532434646336097,0.8060768405226884,False,False,False,False,0.3112346398929902,0.326676489130199,False,False,False,False,1345073,1186439.549739249,False,False,False,False,12274.358163290557,False,False,False,False
2024-07-19 00:00:00+00:00,15.5509415169,15.6267997682,15.4656009841,15.5983529239,6055,,,,,,,,,,,,,14.99712832538007,14.617373751669376,14.153549198407084,13.482857564710324,13.323786111804148,12.882633261542145,12.775905569531524,12.505056460670097,12.373399111723256,12.201096220583096,12.081096801862738,11.980540028712774,11.883692751056223,11.758477081439128,14.99712832538007,14.617373751669376,13.482857564710324,13.323786111804148,12.882633261542145,,,12.929756588506573,"rgba(0, 255, 0, 1.0)",0.43398040196024334,13.412159469943466,4.928291778374974,77.3844249367119,23.10584385234661,True,False,True,False,True,20.0,0.0,0.0,0.0,0.0,0,1.0553190867575684,0.8217891973117073,False,False,False,False,0.34282819345739957,0.33475234129379927,False,False,False,False,1339018,1192423.0183769255,False,False,False,False,12030.461764730144,False,False,False,False
2024-07-22 00:00:00+00:00,15.7311048637,15.7974808336,15.5888706425,15.5888706425,18345,,,,,,,,,,,,,15.037587681838259,14.642136202381403,14.174315948627576,13.501503310958226,13.341642742414413,12.898012070611959,12.79101292680222,12.51923631891661,12.386933851479103,12.213461880408207,12.092634341416208,11.991466185750415,11.89417591625078,11.768240899759698,15.037587681838259,14.642136202381403,13.501503310958226,13.341642742414413,12.898012070611959,,,12.94659716268679,"rgba(0, 255, 0, 1.0)",0.45389876379963356,13.431316491902939,5.066742972695707,79.30860064444838,25.065050976186157,True,False,True,False,True,20.0,0.0,0.0,0.0,0.0,0,1.0672870467895097,0.789140547199328,False,False,False,False,0.3428281989883191,0.3387902701410592,False,False,False,False,1357363,1198891.2529503794,False,False,False,False,12278.090715132885,False,False,False,False
2024-07-23 00:00:00+00:00,15.7121403009,15.8354099592,15.6742111752,15.8354099592,5870,,,,,,,,,,,,,15.05019944532865,14.650074696672768,14.180992214021703,13.507496729083373,13.347383270998733,12.90295812956991,12.795871374271389,12.52379628565485,12.391286611503636,12.217439423461364,12.096345982696262,11.994981394424492,11.897548653785103,11.771382412700083,15.05019944532865,14.650074696672768,13.507496729083373,13.347383270998733,12.90295812956991,,,12.951982616012307,"rgba(0, 255, 0, 1.0)",0.4718633741963275,13.437447732147685,4.820659311875065,79.93562472269144,25.782026799876718,True,False,True,False,True,20.0,0.0,0.0,0.0,0.0,0,1.0771264678112336,0.8028112524812347,False,False,False,False,0.34282820143213943,0.34080923578659933,False,False,False,False,1351493,1204875.6351876196,False,False,False,False,12026.793040029634,False,False,False,False
2024-07-24 00:00:00+00:00,15.4798244063,15.7661343521,15.4511934117,15.7470470224,21577,,,,,,,,,,,,,15.082091556954582,14.67376933021595,14.202353692944072,13.527550540033628,13.366725578056084,12.919880584233399,12.812540974466325,12.539542300703626,12.406359564285843,12.23126145717775,12.109273029343123,12.007245564110901,11.90933370717828,11.782380564879858,15.082091556954582,14.67376933021595,13.527550540033628,13.366725578056084,12.919880584233399,,,12.969307746041673,"rgba(0, 255, 0, 1.0)",0.48216881145356144,13.456917810042237,4.19543228057295,73.81176716176928,28.29784233802191,True,False,True,False,False,19.412427347379616,0.0,0.0,0.0,0.0,0,1.0381043850731286,0.8261713075155559,False,False,False,False,0.26718031109279744,0.3039947734396984,False,False,False,False,1329916,1209779.1789057523,False,False,False,False,12401.310960028472,False,False,False,False
2024-07-25 00:00:00+00:00,15.56571739,15.7369307376,15.4607370765,15.4607370765,9062,,,,,,,,,,,,,15.094898005659305,14.683596327952383,14.21127203668004,13.535946748870469,13.374829383209697,12.926982552484011,12.819537927888202,12.546154768441745,12.412691308989753,12.23707073489606,12.114707999806416,12.012403038417986,11.914290443725456,11.787007470617608,15.094898005659305,14.683596327952383,13.535946748870469,13.374829383209697,12.926982552484011,,,12.97652776768851,"rgba(0, 255, 0, 1.0)",0.49398048196032834,13.46502511430054,4.252581533916085,70.87599045771466,25.712987474852255,True,False,True,False,False,20.0,0.0,0.0,0.0,0.0,0,1.0301630833115125,0.8252737722983551,False,False,False,False,0.2622064095334642,0.2831005914865813,False,False,False,False,1338978,1214845.7993408209,False,False,False,False,12270.357589046964,False,False,False,False
2024-07-26 00:00:00+00:00,15.3843877576,15.6277512116,15.3653004279,15.4893680711,12934,,,,,,,,,,,,,15.107604301595844,14.695317401982747,14.222632703077082,13.547068644763415,13.385627392017968,12.936566854744443,12.82900236029251,12.555145977035021,12.421320537223968,12.245010436675138,12.122149611848611,12.019474565482325,11.921095043360364,11.793369029850329,15.107604301595844,14.695317401982747,13.547068644763415,13.385627392017968,12.936566854744443,,,12.985813204282126,"rgba(0, 255, 0, 1.0)",0.5007336266683945,13.475319734212855,3.8125420816832936,65.18992967442628,20.610099784754198,False,False,True,False,False,16.394417380686598,0.0,0.0,0.0,0.0,0,1.025680232417313,0.8340791914857528,False,False,False,False,0.21113747758054266,0.247119034533562,False,False,False,False,1326044,1219206.5130921614,False,False,False,False,12296.382781633358,False,False,False,False
2024-07-29 00:00:00+00:00,15.3366694333,15.4607370765,15.3176775403,15.4607370765,4510,,,,,,,,,,,,,15.110778008107108,14.698863147428654,14.22626886800746,13.550740597815121,13.389208634392517,12.939776531713344,12.832177405450958,12.558174093742933,12.424231718224219,12.247694687878143,12.124668873299134,12.021871023817045,11.923403127522377,11.795529288463937,15.110778008107108,14.698863147428654,13.550740597815121,13.389208634392517,12.939776531713344,,,12.98881328613307,"rgba(0, 255, 0, 1.0)",0.5050031061304711,13.478610548489517,3.6793018938985336,60.54797263047864,16.609393528341926,False,False,True,False,False,15.327439633452613,0.0,0.0,0.0,0.0,0,1.0173016556528676,0.8613838946705794,False,False,False,False,0.15870547312057529,0.20291225382706862,False,False,False,False,1321534,1223219.3557159982,False,False,False,False,11991.03443725558,False,False,False,False
2024-07-30 00:00:00+00:00,15.7852216818,15.7852216818,15.3939314225,15.3939314225,11122,,,,,,,,,,,,,15.126436377285541,14.711063483193179,14.23733045980269,13.561131083835013,13.399238593012143,12.948573008955846,12.840842606904557,12.56636249898824,12.432073608590004,12.254892681946904,12.131405109535443,12.028264464412553,11.929548073726522,11.801266362302622,15.126436377285541,14.711063483193179,13.561131083835013,13.399238593012143,12.948573008955846,,,12.99774488660652,"rgba(0, 255, 0, 1.0)",0.5179905080238082,13.488644047402985,4.433628799799276,62.800516015384645,16.609393528341926,False,False,True,False,False,20.0,0.0,0.0,0.0,0.0,0,1.016705957442042,0.8365725111153351,False,False,False,False,0.2575338232440485,0.23022303853555856,False,False,False,False,1332656,1227510.9888251747,False,False,False,False,11956.95465540242,False,False,False,False
2024-07-31 00:00:00+00:00,15.7327315251,15.8329400062,15.6182075468,15.8329400062,7826,,,,,,,,,,,,,15.138377309489343,14.720114496012538,14.245408335630446,13.568634423733066,13.406470333311823,12.954894994449397,12.847065772582514,12.572234254002899,12.437693539211153,12.260047958717594,12.136227788700168,12.032840234211106,11.933944538869605,11.805369499443081,15.138377309489343,14.720114496012538,13.568634423733066,13.406470333311823,12.954894994449397,,,13.004237391311767,"rgba(0, 255, 0, 1.0)",0.5252220761780284,13.495963980671021,4.258708165326256,63.39027939089555,16.609393528341926,False,False,True,False,False,20.0,0.0,0.0,0.0,0.0,0,1.0352701602146008,0.8433301688434678,False,False,False,False,0.327415161765444,0.27881910015050126,False,False,False,False,1324830,1231327.4206359521,False,False,False,False,11794.956433621932,False,False,False,False
2024-08-01 00:00:00+00:00,15.7470470224,15.8805628938,15.5084554008,15.8329400062,16300,,,,,,,,,,,,,15.16115351010697,14.738168022733161,14.26177712539953,13.583982623155281,13.421286911915768,12.967895384821118,12.859870410339177,12.584332786948536,12.449281021663237,12.270687268956511,12.146186674019688,12.04229345696823,11.94303057568955,11.81385343573047,15.16115351010697,14.738168022733161,13.583982623155281,13.421286911915768,12.967895384821118,,,13.017414229174804,"rgba(0, 255, 0, 1.0)",0.5285500196567802,13.510773770501004,4.230958601328112,63.925734455632636,16.609393528341926,False,False,True,False,True,20.0,0.0,0.0,0.0,0.0,0,1.0235679683683712,0.8633493603673297,False,False,False,False,0.31120134942832933,0.2950102247894153,False,False,False,False,1341130,1235633.4041404247,False,False,False,False,11971.624808774013,False,False,False,False
2024-08-02 00:00:00+00:00,15.5542649922,15.7184160278,15.3653004279,15.7184160278,2616,,,,,,,,,,,,,15.163590257632393,14.740520861000656,14.264073338190013,13.586234836714228,13.423476057181006,12.969844873694845,12.861795779582508,12.586163201442131,12.451038829307736,12.272306591266247,12.14770564186828,12.043737654896606,11.94442067566189,11.81515375323363,15.163590257632393,14.740520861000656,13.586234836714228,13.423476057181006,12.969844873694845,,,13.019290167976582,"rgba(0, 255, 0, 1.0)",0.5225487125684771,13.512850087792126,3.906649954936705,61.00177165034174,16.609393528341926,False,False,True,False,True,16.240416614517265,0.0,0.0,0.0,0.0,1,1.0076677224951505,0.8849153442300031,False,False,False,False,0.2336172245706434,0.26431372468002934,False,False,False,False,1338514,1239667.9373113886,False,False,False,False,11604.73756137111,False,False,False,False
2024-08-05 00:00:00+00:00,15.2412327847,15.3939314225,14.9740101686,15.3462130982,6354,,,,,,,,,,,,15.203058125266665,15.164188056058507,14.743770005617824,14.268133654054154,13.590730263384806,13.427918456072403,12.9739390261452,12.865864821586298,12.590085660320563,12.454827902570404,12.275821779660165,12.151017670300137,12.046897518421899,11.947471554234568,11.818018357824464,15.164188056058507,14.743770005617824,13.590730263384806,13.427918456072403,12.9739390261452,,,13.168116190101205,"rgba(0, 255, 0, 1.0)",0.5128389000389737,13.666740255275457,3.070150351903663,55.138399292046714,12.232144629946433,False,True,True,False,False,10.129171574775683,0.0,0.0,0.0,0.0,1,0.9602987535663118,0.9026655149827452,False,False,False,False,0.06056113963896564,0.1624374321594975,False,False,False,False,1332160,1243295.0770246675,False,False,False,False,11398.826284454597,False,False,False,False
2024-08-06 00:00:00+00:00,16.396016233,16.4437345573,16.0333569683,16.0810752926,85632,,,,,,,,,,,,16.215883060350738,15.355214306900017,14.877581381427953,14.379528750036481,13.688259343559249,13.521105859651628,13.05391896740812,12.944254400509507,12.663366211963805,12.524713534457565,12.33969270901511,12.210628496608468,12.103344175515586,12.001594139456323,11.868415061015805,15.355214306900017,14.877581381427953,13.688259343559249,13.521105859651628,13.05391896740812,,,13.316500026525093,"rgba(0, 255, 0, 1.0)",0.5334302937004335,13.813957056026675,4.840480954055773,59.97235734375387,12.232144629946433,False,True,True,False,True,20.0,0.0,0.0,0.0,0.0,1,1.0050597419348837,0.8715598019711832,False,False,False,False,0.34282821505313466,0.25263282360631606,False,False,False,False,1417792,1250138.0936119356,False,False,False,False,14309.931136044614,False,False,False,False
2024-08-07 00:00:00+00:00,16.6250641897,17.1690530868,16.60597686,17.1690530868,42469,,,,,,,,,,,,16.40039233808409,15.46726576046223,14.956645648027294,14.443876152131585,13.743018211240175,13.573193081668006,13.098185671174088,12.987527923587814,12.70359322917541,12.562994592255087,12.374605577658814,12.24316903568339,12.134120804407429,12.031064977224943,11.895818607736079,15.46726576046223,14.956645648027294,13.743018211240175,13.573193081668006,13.098185671174088,,,13.374364774034431,"rgba(0, 255, 0, 1.0)",0.5652784883911524,13.878260180643547,4.859204914862716,64.12440357129445,6.149741260035739,False,False,True,False,True,20.0,0.0,0.0,0.0,0.0,0,1.0355086422399478,0.8040369083819434,False,False,False,False,0.34282822514748407,0.29773052437690006,False,False,False,False,1460261,1258378.207587938,False,False,False,False,15414.208346395806,False,False,False,False
2024-08-08 00:00:00+00:00,16.7586754978,16.8636558113,16.6632388492,16.6632388492,34028,,,,,,,,,,,,16.47339620178875,15.54300482814214,15.0142343356801,14.492220543102462,13.78499123768401,13.613268667181428,13.132548163878118,13.021165645887017,12.734969499480526,12.592903936269376,12.401949407615406,12.268695166026179,12.158291441921307,12.054231398104774,11.917387512026272,15.54300482814214,15.0142343356801,13.78499123768401,13.613268667181428,13.132548163878118,,,13.413550532319192,"rgba(0, 255, 0, 1.0)",0.6005318758580863,13.923059048027891,4.721841693615946,67.40389343918477,9.070694806084305,True,False,True,False,True,20.0,0.0,0.0,0.0,0.0,0,1.0484416406436992,0.815705020626368,False,False,False,False,0.30693078097353965,0.30233065267521986,False,False,False,False,1494289,1267629.6112119406,False,False,False,False,16144.160960262638,False,False,False,False
2024-08-09 00:00:00+00:00,16.4055598979,16.6250641897,16.3482979087,16.6250641897,37220,,,,,,,,,,,,16.470907268408347,15.598134537239417,15.062969594392676,14.536101617686874,13.82505781176833,13.6518674086741,13.166334433902216,13.054361172151241,12.766203794054293,12.62279829047971,12.429424246955907,12.29443166099212,12.182725193237703,12.077702382961148,11.939303615398988,15.598134537239417,15.062969594392676,13.82505781176833,13.6518674086741,13.166334433902216,,,13.445221535220206,"rgba(0, 255, 0, 1.0)",0.6197124532567849,13.960275021209801,3.945837886328498,66.15697481082705,9.070694806084305,True,False,True,False,True,20.0,0.0,0.0,0.0,0.0,0,1.0246219672498322,0.8204570108989471,False,False,False,False,0.22940106806046073,0.2658658603678403,False,False,False,False,1457069,1275058.606850688,False,False,False,False,16970.664452017045,False,False,False,False
2024-08-12 00:00:00+00:00,16.4914528816,16.5582585357,16.4151035627,16.4914528816,57173,,,,,,,,,,,,16.47468385645925,15.673415384010978,15.133154662982795,14.600768575110221,13.884961811000744,13.709745028488081,13.217356641619142,13.104540421222561,12.813538984470002,12.668164730866875,12.471205338006246,12.333622660396227,12.21996910203834,12.113504982437513,11.972770292670626,15.673415384010978,15.133154662982795,13.884961811000744,13.709745028488081,13.217356641619142,,,13.492760164785306,"rgba(0, 255, 0, 1.0)",0.6397844590426566,14.01551411664164,3.869957655212881,65.76079084149944,9.070694806084305,True,False,True,False,True,20.0,0.0,0.0,0.0,0.0,0,1.0278595580147534,0.8277950776848528,False,False,False,False,0.22940106806046073,0.24763346421415053,False,False,False,False,1514242,1284438.3477585043,False,False,False,False,18547.226630369318,False,False,False,False
2024-08-13 00:00:00+00:00,16.6437697728,16.7968501572,16.4151035627,16.7968501572,32182,,,,,,,,,,,,16.490378020359632,15.716364786718161,15.173216897940597,14.63770398478354,13.91913965593397,13.742776127028472,13.24650981070346,13.133208960778827,12.840583722770543,12.69409079540504,12.495097895276949,12.356044126996503,12.24128259021544,12.133996003104459,11.991929956880465,15.716364786718161,15.173216897940597,13.91913965593397,13.742776127028472,13.24650981070346,,,13.520821555659735,"rgba(0, 255, 0, 1.0)",0.6628885034927687,14.04773273538155,3.9162499028718925,66.26132535493659,9.070694806084305,True,False,True,False,True,20.0,0.0,0.0,0.0,0.0,0,1.0191092983571421,0.8139223287903848,False,False,False,False,0.26243648834699257,0.25503497628057153,False,False,False,False,1546424,1294712.2949052297,False,False,False,False,19081.923625256793,False,False,False,False
2024-08-14 00:00:00+00:00,16.7634473302,16.9781797896,16.5868895303,16.7205008383,12418,,,,,,,,,,,,16.50192035969719,15.734627642437376,15.189726996300621,14.652702498517717,13.932857040737936,13.756009596181892,13.258145418912129,13.144641112883665,12.851347951307918,12.704402164206964,12.504593376806051,12.364950800942113,12.249745771082026,12.142129190547141,11.999531262838653,15.734627642437376,15.189726996300621,13.932857040737936,13.756009596181892,13.258145418912129,,,13.53248874555996,"rgba(0, 255, 0, 1.0)",0.6873810577914561,14.061051889300817,3.9314371705003577,67.17953904615482,9.44998638058766,True,False,True,False,True,20.0,0.0,0.0,0.0,0.0,0,1.0313070734649916,0.814527388910949,False,False,False,False,0.3124017083538477,0.2837183423172096,False,False,False,False,1558842,1305070.322556005,False,False,False,False,18820.59328701143,False,False,False,False
2024-08-15 00:00:00+00:00,16.9686361247,16.9781797896,16.8159374869,16.882743141,9702,,,,,,,,,,,,16.51473686389893,15.750386845305885,15.203546803453225,14.665063851713606,13.944023850307458,13.766760316777559,13.267554741711724,13.153877096014284,12.860025644647012,12.712707204383982,12.512233192325384,12.372112032337924,12.256546721514672,12.148661586880674,12.005632717340166,15.750386845305885,15.203546803453225,13.944023850307458,13.766760316777559,13.267554741711724,,,13.542257964574167,"rgba(0, 255, 0, 1.0)",0.7172242383219658,14.072173087719374,4.038434400595912,68.73929564433323,11.327846764164114,True,False,True,False,True,20.0,0.0,0.0,0.0,0.0,0,1.0511516585192329,0.8006647663044726,False,False,False,False,0.342828225257447,0.3132732837873283,False,False,False,False,1568544,1315402.6236322403,False,False,False,False,18463.001393403138,False,False,False,False
2024-08-16 00:00:00+00:00,17.0497572761,17.0736164382,16.9686361247,16.9686361247,22197,,,,,,,,,,,,16.548481737949157,15.788150964761726,15.236318399384322,14.694196210821213,13.97019133903238,13.791930448382246,13.289542650895168,13.175449648540708,12.880273470129973,12.732077990949639,12.530045806434625,12.388804965441405,12.272396607629421,12.163882129322927,12.019845793201847,15.788150964761726,15.236318399384322,13.97019133903238,13.791930448382246,13.289542650895168,,,13.565439210858452,"rgba(0, 255, 0, 1.0)",0.7439681541823214,14.098526080212775,3.9668783929748392,70.13906254847898,13.037745412828833,True,False,True,False,True,20.0,0.0,0.0,0.0,0.0,0,1.0573481607925863,0.7902366719403698,False,False,False,False,0.3428282266152746,0.32805075520130145,False,False,False,False,1590741,1326200.2070192113,False,False,False,False,18609.4327113089,False,False,False,False
2024-08-19 00:00:00+00:00,17.1308784274,17.1690530868,17.0545291085,17.0736164382,28670,,,,,,,,,,,,16.5928580794036,15.836962303618073,15.278927109137529,14.73214850134503,14.004287737752556,13.824734520721925,13.318220447569413,13.20358460810046,12.906681896835511,12.757345865358769,12.553289264029013,12.410592621646858,12.293087024328447,12.183752203682356,12.038403510004684,15.836962303618073,15.278927109137529,14.004287737752556,13.824734520721925,13.318220447569413,,,13.59565837956895,"rgba(0, 255, 0, 1.0)",0.76991507068592,14.132853990336097,3.8939677260674377,71.43755205359136,14.640655535532531,True,False,True,False,True,20.0,0.0,0.0,0.0,0.0,0,1.060373419442334,0.78513970730229,False,False,False,False,0.34282822753019077,0.33543949136574613,False,False,False,False,1619411,1337698.669489046,False,False,False,False,19003.964761845804,False,False,False,False
2024-08-20 00:00:00+00:00,17.1136998306,17.2835770652,17.1022474328,17.1499657571,44694,,,,,,,,,,,,16.65497654760413,15.908912311730031,15.343281615580484,14.790150942072275,14.05679517638949,13.875334313107944,13.36263771063924,13.247184438094788,12.94766536766401,12.796591135147562,12.589436604858355,12.444504902355579,12.325311205464278,12.214712417173114,12.067338244861793,15.908912311730031,15.343281615580484,14.05679517638949,13.875334313107944,13.36263771063924,,,13.641655528849537,"rgba(0, 255, 0, 1.0)",0.7948420489232079,14.185058030793906,3.6845582135137405,72.07258166126995,15.622971896955733,True,False,True,False,True,20.0,0.0,0.0,0.0,0.0,0,1.0743507857840626,0.7769054646224419,False,False,False,False,0.3428282282992141,0.3391338598324801,False,False,False,False,1574717,1346993.5059796718,False,False,False,False,20011.41712412636,False,False,False,False
2024-08-21 00:00:00+00:00,17.1499657571,17.1499657571,16.9304614653,17.1308784274,45040,,,,,,,,,,,,16.69647871981999,15.969309377482316,15.400862680076644,14.843768265785515,14.106497669336955,13.923450658519316,13.405342020570687,13.289178182947294,12.987314567561784,12.834642213993275,12.624592376467582,12.477553912287272,12.356762774619519,12.244967278840152,12.09566130792484,15.969309377482316,15.400862680076644,14.106497669336955,13.923450658519316,13.405342020570687,,,13.683758800415545,"rgba(0, 255, 0, 1.0)",0.819034795400521,14.232726133030635,3.561801818984732,72.68468088051435,16.604390031483348,True,False,True,False,True,20.0,0.0,0.0,0.0,0.0,0,1.0480155904627544,0.8050887002508895,False,False,False,False,0.30344682660356254,0.3212903432180213,False,False,False,False,1619757,1357690.1135883122,False,False,False,False,20992.93017808219,False,False,False,False
2024-08-22 00:00:00+00:00,17.0449854436,17.1785967517,17.0163544491,17.1785967517,15298,,,,,,,,,,,,16.708880052949418,15.988481691203239,15.419595215005446,14.861437182801815,14.12302685377851,13.939482325986534,13.419636524488956,13.303244564725404,13.00061923125373,12.84742252064884,12.636416614528843,12.488679790829456,12.367358034099473,12.25516467922394,12.105214711606227,15.988481691203239,15.419595215005446,14.12302685377851,13.939482325986534,13.419636524488956,,,13.697643999541992,"rgba(0, 255, 0, 1.0)",0.8382419746748988,14.248406675494504,3.3362428184178134,71.53198831143573,16.604390031483348,True,False,True,False,True,20.0,0.0,0.0,0.0,0.0,0,1.0862164838976245,0.7898430955553707,False,False,False,False,0.3181021161902128,0.31969622970411704,False,False,False,False,1604459,1367367.3248201432,False,False,False,False,20769.599582863284,False,False,False,False
2024-08-23 00:00:00+00:00,17.1833685841,17.2609337339,17.0585731698,17.0585731698,10632,,,,,,,,,,,,16.71896334270794,16.002460090692892,15.433044236166209,14.874032059251952,14.134744002214997,13.950836925024241,13.429742091442474,13.313184718420883,13.010012615809437,12.856442506837615,12.644758838457054,12.49652757136925,12.374830138776879,12.262354783898228,12.11194931393365,16.002460090692892,15.433044236166209,14.134744002214997,13.950836925024241,13.429742091442474,,,13.707592215666914,"rgba(0, 255, 0, 1.0)",0.8607489526501484,14.259634705684197,3.3967324263526035,71.62653588591331,16.604390031483348,True,False,True,False,True,20.0,0.0,0.0,0.0,0.0,0,1.0724218330839181,0.785601534955521,False,False,False,False,0.33419287961608635,0.3269445546601017,False,False,False,False,1615091,1377081.978748765,False,False,False,False,20372.046658045118,False,False,False,False
2024-08-26 00:00:00+00:00,17.2793650567,17.3753615292,17.1929682314,17.2025678786,17375,,,,,,,,,,,,16.73850612942097,16.02678845929554,15.456010182702013,14.895338099415564,14.154417833532104,13.969878777607962,13.446644238808714,13.329800622340782,13.02569450068295,12.871493173018255,12.658670709038361,12.50961023072858,12.387282884111201,12.274334053264683,12.123165974033578,16.02678845929554,15.456010182702013,14.154417833532104,13.969878777607962,13.446644238808714,,,13.72450905786675,"rgba(0, 255, 0, 1.0)",0.883838248801862,14.278723098549104,3.3950125627835077,72.2563161446743,17.24686792060126,True,False,True,False,True,20.0,0.0,0.0,0.0,0.0,0,1.097955943218296,0.7724647645551412,False,False,False,False,0.3428282291133433,0.33488639188672253,False,False,False,False,1632466,1387097.0384056761,False,False,False,False,20254.515416553153,False,False,False,False
2024-08-27 00:00:00+00:00,17.3450266439,17.4521587072,17.2889647039,17.4079043334,14826,,,,,,,,,,,,16.756425265892474,16.048096650235085,15.475994021498035,14.913818096600913,14.171433646202079,13.986341580179364,13.461246365641935,13.344152189984834,13.039233198235042,12.884485094127436,12.67067874357235,12.520902142589629,12.398030612264234,12.284672304634887,12.132845545081135,16.048096650235085,15.475994021498035,14.171433646202079,13.986341580179364,13.461246365641935,,,13.739223697115959,"rgba(0, 255, 0, 1.0)",0.9094550349587586,14.295318479240228,3.353335841170056,73.05946936205696,18.372919026551315,True,False,True,False,True,20.0,0.0,0.0,0.0,0.0,0,1.104211662932091,0.7635472397117853,False,False,False,False,0.3428282298387126,0.33885731086271753,False,False,False,False,1647292,1397300.7623897674,False,False,False,False,20041.632459041262,False,False,False,False
2024-08-28 00:00:00+00:00,17.1353703479,17.3273632929,17.1353703479,17.2793650567,15427,,,,,,,,,,,,16.769285799792748,16.066901210863993,15.49459225454335,14.931497160612365,14.18805557556731,14.002485543188099,13.475696377292335,13.358377204118623,13.052704460371123,12.897435823220793,12.682677596500511,12.532203170486362,12.408799935567336,12.295041881965055,12.142567433567017,16.066901210863993,15.49459225454335,14.18805557556731,14.002485543188099,13.475696377292335,,,13.753221428510471,"rgba(0, 255, 0, 1.0)",0.9272484319047346,14.311062262189846,3.0459022507145344,70.3016630824699,18.372919026551315,True,False,True,False,False,20.0,0.0,0.0,0.0,0.0,0,1.097265390267424,0.7651721035078137,False,False,False,False,0.3072913586523788,0.32307433475754815,False,False,False,False,1631865,1406499.35994311,False,False,False,False,19860.66648025533,False,False,False,False
2024-08-29 00:00:00+00:00,17.5222361322,17.6345520051,17.2793650567,17.2793650567,13105,,,,,,,,,,,,16.786362192618505,16.086222441096442,15.512616355363477,14.948125400987644,14.203329593468402,14.017259963186564,13.48879828218933,13.371251797708574,13.064846066255898,12.909086787665323,12.693447930795855,12.542332462147707,12.418441687313166,12.304316159715805,12.151251375788549,16.086222441096442,15.512616355363477,14.203329593468402,14.017259963186564,13.48879828218933,,,13.766512566420083,"rgba(0, 255, 0, 1.0)",0.9534198024412429,14.326036937977296,3.35235243283053,70.94823274583744,18.372919026551315,True,False,True,False,False,20.0,0.0,0.0,0.0,0.0,0,1.0802197028470328,0.7440112787837493,False,False,False,False,0.3428282292346269,0.33295128199608753,False,False,False,False,1644970,1415851.1497492627,False,False,False,False,19595.738382990417,False,False,False,False
2024-08-30 00:00:00+00:00,17.6153527106,17.7401481249,17.5092766084,17.6441516523,7991,,,,,,,,,,,,16.798443884401678,16.09892890132955,15.524234084021884,14.958725096367685,14.212977034036337,14.0265767586994,13.497029963190252,13.37933459318856,13.072455573459186,12.916383343284293,12.700186995543476,12.548666816990265,12.424468423991282,12.310110741014203,12.156674338751612,16.09892890132955,15.524234084021884,14.212977034036337,14.0265767586994,13.497029963190252,,,13.775013103217978,"rgba(0, 255, 0, 1.0)",0.9795537234164471,14.58169118612355,3.096983301636352,71.87041476789646,18.372919026551315,True,False,True,False,False,20.0,0.0,0.0,0.0,0.0,0,1.0941975434825055,0.737558336041672,False,False,False,False,0.34282822971236365,0.3378897558542256,False,False,False,False,1652961,1425149.5752492917,False,False,False,False,19140.650603265305,False,False,False,False
2024-09-03 00:00:00+00:00,17.2452863089,17.5001569435,17.1449699951,17.480957649,17702,,,,,,,,,,,,16.81391737423725,16.12049415693474,15.545604185133518,14.979081509783368,14.232137722345444,14.045195964955868,13.51372209288871,13.39576843150979,13.088025229511985,12.931356591257925,12.714069318726034,12.561748038577408,12.436938276507073,12.322120092712195,12.167937618124272,16.12049415693474,15.545604185133518,14.232137722345444,14.045195964955868,13.51372209288871,,,13.79120777354704,"rgba(0, 255, 0, 1.0)",0.9948943989664526,14.587985096701598,2.6709379557860036,67.85737541480701,22.211889373059364,True,False,True,False,False,20.0,0.0,0.0,0.0,0.0,0,1.0505051453087004,0.7603546424471626,False,False,False,False,0.26785960799853126,0.30287468192637845,False,False,False,False,1635259,1433389.1605336333,False,False,False,False,19084.23293254902,False,False,False,False
2024-09-04 00:00:00+00:00,17.4905572963,17.5817539452,17.3465625874,17.4329594127,14912,,,,,,,,,,,,16.83071536304993,16.14069852538837,15.564981326485992,14.997239045706253,14.249011890416305,14.061557702055632,13.528319465613528,13.410125831021736,13.101597403869121,12.944396482893753,12.726145771792156,12.573119605622617,12.447772299594414,12.33254850381871,12.177712025592164,16.14069852538837,15.564981326485992,14.249011890416305,14.061557702055632,13.528319465613528,,,13.805729416194714,"rgba(0, 255, 0, 1.0)",1.0157337704006508,14.605074014476077,2.840786991541848,66.7985714188403,21.195393486808655,False,False,True,False,False,20.0,0.0,0.0,0.0,0.0,0,1.059052697866212,0.7611036877904306,False,False,False,False,0.30157764142879856,0.30222616167758853,False,False,False,False,1650171,1441890.4091401577,False,False,False,False,18920.615954802,False,False,False,False
2024-09-05 00:00:00+00:00,17.44255906,17.596153416,17.365761882,17.596153416,29498,,,,,,,,,,,,16.86131244938998,16.178800689067465,15.602093100956177,15.032321248695096,14.281830077954785,14.093422791884421,13.556845573561459,13.438197765202926,13.128169861757529,12.969944764747074,12.749831054635411,12.5954378473397,12.469046431870176,12.353034311502352,12.196924016305015,16.178800689067465,15.602093100956177,14.281830077954785,14.093422791884421,13.556845573561459,,,13.833814132324639,"rgba(0, 255, 0, 1.0)",1.033329349363524,14.636279887483706,2.715764508425908,65.5465567536655,19.954960062479856,False,False,True,False,False,20.0,0.0,0.0,0.0,0.0,0,1.0533555865991118,0.7634930605668506,False,False,False,False,0.3049280073823343,0.3035770845299614,False,False,False,False,1620673,1448901.4911346615,False,False,False,False,19335.41532912349,False,False,False,False
2024-09-06 00:00:00+00:00,17.2409664677,17.6057530633,17.2121675259,17.557754827,7933,,,,,,,,,,,,16.8675781466191,16.187794868902717,15.611227071757575,15.041148511929483,14.290227156584171,14.101601862518468,13.564222979801908,13.445467192048747,13.135072773381525,12.976591692620596,12.756005972150637,12.601264211029202,12.474605899095577,12.35839232838047,12.201954585906513,16.187794868902717,15.611227071757575,14.290227156584171,14.101601862518468,13.564222979801908,,,13.840877016848443,"rgba(0, 255, 0, 1.0)",1.0464799862124108,14.643403452197507,2.4821908203940084,62.51025841631673,17.057273467475028,False,True,True,False,False,19.97721171959041,0.0,0.0,0.0,0.0,0,1.0345510932219995,0.7697968803982982,False,False,False,False,0.28388958187311825,0.2937333332015398,False,False,False,False,1612740,1455326.5306980081,False,False,False,False,18888.261786804924,False,False,False,False
2024-09-09 00:00:00+00:00,17.3273632929,17.44255906,17.1458339634,17.3849611765,15514,,,,,,,,,,,,16.878221028970355,16.204287627794987,15.62833524999051,15.057866424119256,14.306262967383061,14.117246055768296,13.57838724705328,13.459433116606643,13.148355355241051,12.989391443018548,12.767909226948909,12.612503276452692,12.485335679563073,12.368737723037357,12.211673335307987,16.204287627794987,15.62833524999051,14.306262967383061,14.117246055768296,13.57838724705328,,,13.854263050483732,"rgba(0, 255, 0, 1.0)",1.0618285705206263,14.65666580514927,2.51518706681744,61.16949723667278,15.798194566896981,False,True,True,False,False,20.0,0.0,0.0,0.0,0.0,0,1.0183297483768905,0.7906893772209983,False,False,False,False,0.25332729348323424,0.27353031334238703,False,False,False,False,1628254,1462108.0000824,False,False,False,False,18755.937795165515,False,False,False,False
2024-09-10 00:00:00+00:00,17.3273632929,17.3753615292,17.1545696424,17.3177636457,13783,,,,,,,,,,,,16.886839303823542,16.218284857797883,15.643073969362437,15.072386250248547,14.320275490698428,14.130932929712309,13.590816110213012,13.471693818415387,13.160030144074266,13.000648647477412,12.778387029860587,12.622402090602534,12.494789981420462,12.377856442995187,12.220243784568295,16.218284857797883,15.643073969362437,14.320275490698428,14.130932929712309,13.590816110213012,,,13.86591072341802,"rgba(0, 255, 0, 1.0)",1.0747970318348097,14.668289174797371,2.474024433769848,60.275656450243474,14.906989391737426,False,True,True,False,False,20.0,0.0,0.0,0.0,0.0,0,1.0182920454027475,0.8009433495743411,False,False,False,False,0.2456184906511068,0.2595744019967469,False,False,False,False,1628254,1468623.5294909333,False,False,False,False,18560.920626727653,False,False,False,False
2024-09-11 00:00:00+00:00,17.2217671732,17.3849611765,17.2217671732,17.3849611765,6301,,,,,,,,,,,,16.890567053065077,16.224507357881226,15.649686061256258,15.078932728985214,14.326617018528834,14.137131758570188,13.596455652376717,13.477258714222843,13.165333075275692,13.00576385139525,12.78315069714869,12.626904165693878,12.499091057293183,12.382005745637935,12.224144786027887,16.224507357881226,15.649686061256258,14.326617018528834,14.137131758570188,13.596455652376717,,,13.87116998155726,"rgba(0, 255, 0, 1.0)",1.081172972516263,14.673562911283295,2.356888607736978,58.411041399972426,13.07094107732923,False,True,True,False,False,19.113692906148625,0.0,0.0,0.0,0.0,0,1.0265486337475265,0.7971107943386608,False,False,False,False,0.25498572081882004,0.2572800614077835,False,False,False,False,1621953,1474636.4499030537,False,False,False,False,18080.13942567951,False,False,False,False
2024-09-12 00:00:00+00:00,17.3753615292,17.3945608237,17.2553659385,17.3465625874,15334,,,,,,,,,,,,16.90084108378694,16.24027454459375,15.666195649734682,15.095173602158537,14.342277259043026,14.152428640887464,13.610351476832355,13.49096624622428,13.178386306786999,13.018351565901975,12.79487006203712,12.637978098283345,12.50966910697372,12.392209053223135,12.233736030056384,16.24027454459375,15.666195649734682,14.342277259043026,14.152428640887464,13.610351476832355,,,13.884247248434914,"rgba(0, 255, 0, 1.0)",1.0890882585730288,14.68722956766157,2.468240696176945,58.5925066037494,13.07094107732923,False,True,True,False,False,20.0,0.0,0.0,0.0,0.0,1,1.0288521199461478,0.7977017057492817,False,False,False,False,0.2583867240843655,0.25783339274607453,False,False,False,False,1637287,1481014.9028480318,False,False,False,False,17972.447683496,False,False,False,False
2024-09-13 00:00:00+00:00,17.4713580017,17.5673544743,17.3753615292,17.4137601182,33787,,,,,,,,,,,,16.928098064665893,16.27740109267785,15.704187361579924,15.132166419300255,14.377681814470563,14.186972684254835,13.641659499651452,13.521833958017613,13.207748229301133,13.046654798306376,12.821211063943371,12.66286303505939,12.533435268082501,12.415128363351952,12.25527602804034,16.27740109267785,15.704187361579924,14.377681814470563,14.186972684254835,13.641659499651452,,,13.914154512046895,"rgba(0, 255, 0, 1.0)",1.0957414753346115,14.7200735508219,2.5108883005801426,59.54649201599472,13.07094107732923,False,True,True,False,False,20.0,0.0,0.0,0.0,0.0,1,1.0286275107533367,0.7870479173285845,False,False,False,False,0.2980445493702112,0.27793897105814286,False,False,False,False,1671074,1488468.20077556,False,False,False,False,18592.626205711844,False,False,False,False
2024-09-16 00:00:00+00:00,17.5385555325,17.5674504708,17.480957649,17.5673544743,29757,,,,,,,,,,,,16.952361015076505,16.309783788636082,15.737396009402444,15.164585313823052,14.408775063536744,14.217329776379167,13.669224329771186,13.549016998191277,13.233622379887636,13.07160660587702,12.844450133048529,12.684828658423704,12.554421008367516,12.435371431870468,12.274308589325088,16.309783788636082,15.737396009402444,14.408775063536744,14.217329776379167,13.669224329771186,,,13.940472073441095,"rgba(0, 255, 0, 1.0)",1.100555646112499,14.749100231232436,2.5345881520128275,60.757870505877264,13.07094107732923,False,True,True,False,True,20.0,0.0,0.0,0.0,0.0,1,1.0324502420205952,0.7909863842350634,False,False,False,False,0.31318043222424174,0.2955597016411923,False,False,False,False,1700831,1496796.1536863223,False,False,False,False,19030.444785880005,False,False,False,False
2024-09-17 00:00:00+00:00,17.6153527106,17.7593474194,17.5385555325,17.6153527106,21488,,,,,,,,,,,,16.971779347746157,16.334139860125465,15.76204547506725,15.188507533925419,14.431618631561438,14.23961920472758,13.689441586132007,13.568948295997298,13.252582929843253,13.089888120886364,12.861475604706508,12.700920857582021,12.569794783937663,12.45019991960258,12.28824981796772,16.334139860125465,15.76204547506725,14.431618631561438,14.23961920472758,13.689441586132007,,,13.959947464653911,"rgba(0, 255, 0, 1.0)",1.1071577687107643,14.770945876855725,2.5691070542335255,62.21958219298644,13.07094107732923,False,True,True,False,True,20.0,0.0,0.0,0.0,0.0,1,1.0307973991337733,0.783381972878719,False,False,False,False,0.3428282249223426,0.3191939632817674,False,False,False,False,1722319,1505640.186875094,False,False,False,False,19126.81950015922,False,False,False,False
2024-09-18 00:00:00+00:00,17.6153527106,17.7593474194,17.5977853561,17.7593474194,6969,,,,,,,,,,,,16.97802273007247,16.341965049571744,15.769985761392716,15.196228670280107,14.43900321339144,14.246827508770684,13.695986860514969,13.575401925291793,13.2587247431878,13.09581139869297,12.866994088772255,12.706138238021374,12.574780211162762,12.455009200446225,12.292772323585796,16.341965049571744,15.769985761392716,14.43900321339144,14.246827508770684,13.695986860514969,,,13.966243461543675,"rgba(0, 255, 0, 1.0)",1.1138878636723373,14.777988146975423,2.547262301853412,63.19405665105922,8.997902955124161,False,True,True,False,True,20.0,0.0,0.0,0.0,0.0,1,1.0428009632838129,0.7832384761734736,False,False,False,False,0.3428282251656682,0.3310110942237178,False,False,False,False,1722319,1514137.3952329336,False,False,False,False,18650.04226485886,False,False,False,False
2024-09-19 00:00:00+00:00,17.5481551798,17.7785467139,17.5481551798,17.7593474194,17044,,,,,,,,,,,,16.992114618520443,16.360254731935076,15.788797728696583,15.214663219113387,14.456740754204063,14.264162324967764,13.71177318858259,13.590974828014083,13.273563186497613,13.110130476545262,12.880345897565979,12.71876859879785,12.586854138137445,12.46666051448068,12.303734025940505,16.360254731935076,15.788797728696583,14.456740754204063,14.264162324967764,13.71177318858259,,,13.981302548799956,"rgba(0, 255, 0, 1.0)",1.1177526346950193,14.79461205443667,2.4634637753411677,62.68384490942342,8.997902955124161,False,True,True,False,True,20.0,0.0,0.0,0.0,0.0,1,1.0382907931303595,0.783551733541892,False,False,False,False,0.33831738035385117,0.33466423728878447,False,False,False,False,1705275,1521632.9875767403,False,False,False,False,18587.06021525655,False,False,False,False
2024-09-20 00:00:00+00:00,17.5001569435,17.6739105588,17.3945608237,17.6249523578,102895,,,,,,,,,,,,17.05379949289622,16.452382515191754,15.888839777278339,15.315796734329851,14.556444539970157,14.362080367378098,13.802027438696129,13.680186325703657,13.358991802359052,13.192776104816074,12.957685360195716,12.792103409091863,12.657083496914552,12.534529060651371,12.367713158057333,16.452382515191754,15.888839777278339,14.556444539970157,14.362080367378098,13.802027438696129,,,14.064829305568676,"rgba(0, 255, 0, 1.0)",1.1180961559145133,14.883299549383798,2.3404582694194316,61.51580744504165,8.997902955124161,False,True,True,False,True,20.0,0.0,0.0,0.0,0.0,1,1.0230080431640587,0.8010050965192199,False,False,False,False,0.3005481038631731,0.3176061705759788,False,False,False,False,1602380,1524799.5370835348,False,False,False,False,21893.253932305313,False,False,False,False
2024-09-23 00:00:00+00:00,17.7353483012,17.8801660609,17.2815859876,17.4746763338,24034,,,,,,,,,,,,17.06909037799642,16.473826003146023,15.912022319119803,15.339264644951928,14.579631364574746,14.384873110905762,13.823098689163146,13.701021216597178,13.378965240343348,13.212113143566418,12.97580475090113,12.809300400718149,12.673563235096353,12.550462196338868,12.382744545275612,16.473826003146023,15.912022319119803,14.579631364574746,14.384873110905762,13.823098689163146,,,14.084385415912994,"rgba(0, 255, 0, 1.0)",1.1219668529454951,14.904277916178007,2.5233101829965774,63.16421170800718,9.257776960488684,False,True,True,False,True,20.0,0.0,0.0,0.0,0.0,1,1.005823892161947,0.797610543610785,False,False,False,False,0.3140905607412552,0.31584836565861696,False,False,False,False,1626414,1528784.4179822197,False,False,False,False,21977.20475848942,False,False,False,False
2024-09-24 00:00:00+00:00,17.7256937839,17.8125844397,17.6507747296,17.8125844397,15728,,,,,,,,,,,,17.080321257591738,16.488585549163044,15.927701753853349,15.355007408101702,14.595094376947356,14.400059466375806,13.837111885413178,13.71487177173248,13.392231973145014,13.224953094497442,12.987832572715085,12.820713966308464,12.684499198380106,12.56103377539143,12.392716293487322,16.488585549163044,15.927701753853349,14.595094376947356,14.400059466375806,13.837111885413178,,,14.097515622873567,"rgba(0, 255, 0, 1.0)",1.1246758077839218,14.91854097653217,2.495966204607072,64.08613861438505,10.244517743976267,False,False,True,False,True,20.0,0.0,0.0,0.0,0.0,1,1.0284022613395465,0.8104530504816956,False,False,False,False,0.3428282253438775,0.32933829550124727,False,False,False,False,1610686,1531996.244728015,False,False,False,False,21732.137905215324,False,False,False,False
2024-09-25 00:00:00+00:00,17.6581121627,17.8608570263,17.6194940935,17.851202509,42734,,,,,,,,,,,,17.108248477434763,16.526468701453265,15.968582904431608,15.396456382832296,14.636129921371259,14.440428412291551,13.874521119319002,13.751872095576639,13.427734769453318,13.259345101548886,13.020092567042633,12.851354035462375,12.713876906448375,12.58944771006809,12.41953829324644,16.526468701453265,15.968582904431608,14.636129921371259,14.440428412291551,13.874521119319002,,,14.132273159865367,"rgba(0, 255, 0, 1.0)",1.124498766693231,14.955913542112063,2.4030249748820856,63.42703896297665,10.244517743976267,False,True,True,False,True,20.0,0.0,0.0,0.0,0.0,1,1.0206716911627798,0.8107380340738981,False,False,False,False,0.3428282254405017,0.33608326047087445,False,False,False,False,1567952,1533406.2743465242,False,False,False,False,22555.74034030492,False,False,False,False
2024-09-26 00:00:00+00:00,17.5229489204,17.8124878945,17.4844273963,17.66776668,52459,,,,,,,,,,,,17.133872330440184,16.565998181352466,16.013373383186913,15.443144149916412,14.683361883719188,14.48709355004554,13.918224172519704,13.795173766979966,13.469466637219602,13.299859996862345,13.058214011446932,12.887635841146551,12.748717872399137,12.623187981680976,12.451443465144317,16.565998181352466,16.013373383186913,14.683361883719188,14.48709355004554,13.918224172519704,,,14.17191781493735,"rgba(0, 255, 0, 1.0)",1.1226417134015796,14.997360719527913,2.2496831987648234,60.64639363710498,10.244517743976267,False,True,True,False,False,19.29383941492844,0.0,0.0,0.0,0.0,1,1.0098783042474144,0.8242351128936041,False,False,False,False,0.31647799468964966,0.32628062758026205,False,False,False,False,1515493,1532703.7929996017,False,False,False,False,23728.41718970473,False,False,False,False
2024-09-27 00:00:00+00:00,17.5132944031,17.6629394214,17.4264037473,17.542257955,10686,,,,,,,,,,,,17.138021770452433,16.573162536124485,16.02179756489917,15.452103510766925,14.69256580561605,14.496214452792263,13.92682907483454,13.80371009333549,13.47771852347817,13.307883350953919,13.065779476621406,12.894846380701706,12.75564941884803,12.62990632475723,12.457803941085901,16.573162536124485,16.02179756489917,14.69256580561605,14.496214452792263,13.92682907483454,,,14.179599481684512,"rgba(0, 255, 0, 1.0)",1.115331927077161,15.005244904097399,2.2487023262888184,58.63091501146751,12.540469588181864,False,True,True,False,False,19.137522533705344,0.0,0.0,0.0,0.0,1,1.0084447035342246,0.8310360976342569,False,False,False,False,0.2871632380878602,0.30672193283406113,False,False,False,False,1504807,1531609.8011172644,False,False,False,False,23216.949848932,False,False,False,False
2024-09-30 00:00:00+00:00,17.4843308511,17.6484576454,17.4408855232,17.5326034377,70134,,,,,,,,,,,,17.162641438867585,16.61722663935804,16.074513183984756,15.50878786993066,14.751327971425964,14.554561356220338,13.98215520617505,13.858639796727608,13.530929464529004,13.359677998261871,13.114699181515501,12.941523199510716,12.800557723152103,12.673461863923675,12.499078287096975,16.61722663935804,16.074513183984756,14.751327971425964,14.554561356220338,13.98215520617505,,,14.228652078711992,"rgba(0, 255, 0, 1.0)",1.1082087722624674,15.055251615367169,2.1918967766098234,56.77324224521291,10.801401518804,False,True,True,False,False,18.662206867165136,0.0,0.0,0.0,0.0,1,1.0061799526979478,0.8370643223003633,False,False,False,False,0.287163238073856,0.2969425854539586,False,False,False,False,1434673,1527808.3579361953,False,False,False,False,25056.83416858173,False,False,False,False
2024-10-01 00:00:00+00:00,17.5712215069,17.7739663705,17.5036398857,17.5036398857,14832,,,,,,,,,,,,17.16867061977642,16.62691719662173,16.085866644507007,15.520908065358912,14.763844734312599,14.566985958670958,13.993935665248603,13.870334720591392,13.542258136179209,13.37070663487183,13.125119888365894,12.951469282148894,12.810129130458701,12.682746191604197,12.507878762600896,16.62691719662173,16.085866644507007,14.763844734312599,14.566985958670958,13.993935665248603,,,14.23918477542115,"rgba(0, 255, 0, 1.0)",1.0978417552622814,15.066108002394813,2.281853001580085,56.86881958346774,10.801401518804,False,True,True,False,False,19.519744124431867,0.0,0.0,0.0,0.0,1,1.0033227209583568,0.8418633166731836,False,False,False,False,0.3137294357946755,0.30533601062431703,False,False,False,False,1449505,1524737.638017129,False,False,False,False,24655.86027961774,False,False,False,False
2024-10-02 00:00:00+00:00,17.7063847493,17.7394031985,17.6194940935,17.6194940935,25431,,,,,,,,,,,,17.18025119827608,16.644282654807256,16.10584868052034,15.542072648359401,14.785589850597578,14.5885547282288,14.014356529099139,13.890601346957304,13.561878219065449,13.389803074580676,13.143160680793711,12.968686986627501,12.826697100930081,12.698815849814597,12.523109982192125,16.644282654807256,16.10584868052034,14.785589850597578,14.5885547282288,14.014356529099139,,,14.257580635390001,"rgba(0, 255, 0, 1.0)",1.0847786189685396,15.085233127931854,2.4163009627351104,58.75476441664672,10.801401518804,False,True,True,False,True,20.0,0.0,0.0,0.0,0.0,1,1.0021182205767492,0.8435786765986676,False,False,False,False,0.32533246212337263,0.31533423637384483,False,False,False,False,1474936,1522784.6326046926,False,False,False,False,24686.257915711165,False,False,False,False
2024-10-03 00:00:00+00:00,17.8801660609,17.8898205782,17.705129662,17.7546573358,44707,,,,,,,,,,,,17.20455491579991,16.67729077020502,16.1427247315202,15.580599776860673,14.824805993978968,14.627397659335694,14.051028527844478,13.92697575598976,13.597050431390377,13.424021734585795,13.175475381776852,12.999521117261368,12.85636274191063,12.727583801751962,12.550372502691795,16.67729077020502,16.1427247315202,14.824805993978968,14.627397659335694,14.051028527844478,,,14.291051056193568,"rgba(0, 255, 0, 1.0)",1.0755250613403198,15.120517093815838,2.565862076375129,61.9179538264943,7.707566159228151,False,True,True,False,True,20.0,0.0,0.0,0.0,0.0,1,1.0232303097521593,0.8271726113008545,False,False,False,False,0.3428282260757593,0.32908123122480204,False,False,False,False,1519643,1522661.4313260773,False,False,False,False,25471.385056271512,False,False,False,False
2024-10-04 00:00:00+00:00,17.8994750955,18.0696842357,17.8663601011,18.0153293033,54311,,,,,,,,,,,,17.236982779416504,16.718934330875847,16.18849926466295,15.628102523013819,14.872960133671569,14.675074952377223,14.09602810087086,13.971603649516597,13.640197467794895,13.466003057543222,13.215135763058152,13.037375873651483,12.892790821372403,12.762913739820357,12.583862518808946,16.718934330875847,16.18849926466295,14.872960133671569,14.675074952377223,14.09602810087086,,,14.332430998430324,"rgba(0, 255, 0, 1.0)",1.065703723067141,15.164422665544944,2.5664285211310514,64.22053304117077,9.815149605365342,False,False,True,False,True,20.0,0.0,0.0,0.0,0.0,1,1.033764661589364,0.8119485729159762,False,False,False,False,0.342828227811805,0.3359547295183035,False,False,False,False,1573954,1524672.9046074077,False,False,False,False,26602.350348182434,False,False,False,False
2024-10-07 00:00:00+00:00,17.9863657513,18.116701735,17.9380931648,17.9863657513,19115,,,,,,,,,,,,17.24877086085385,16.733730923997804,16.204668835194067,15.644851696583363,14.889926808569761,14.691875768967773,14.111897131348725,13.987342612937223,13.655418809774973,13.480816978414014,13.229137971941432,13.0507456902076,12.905660345456514,12.775397681187997,12.595700211554776,16.733730923997804,16.204668835194067,14.889926808569761,14.691875768967773,14.111897131348725,,,14.347062821799325,"rgba(0, 255, 0, 1.0)",1.0580056077124578,15.17997034799728,2.652533580961354,66.61902153881455,12.000722095492236,True,False,True,False,True,20.0,0.0,0.0,0.0,0.0,1,1.042726504226007,0.7979407530002972,False,False,False,False,0.34282822836733035,0.33939147894281696,False,False,False,False,1593069,1527355.104426725,False,False,False,False,26308.72876590077,False,False,False,False
2024-10-08 00:00:00+00:00,17.8608570263,18.0539473725,17.8319900195,17.962229458,18081,,,,,,,,,,,,17.258207997007357,16.746369880581792,16.218886855542593,15.659832484636922,14.905309004205487,14.707148037335601,14.126415365275571,14.001757742419388,13.669397619599,13.494439603560012,13.242037666283974,13.063077605982128,12.917541619298875,12.786931637743104,12.606648226641303,16.746369880581792,16.218886855542593,14.905309004205487,14.707148037335601,14.126415365275571,,,14.360266756407542,"rgba(0, 255, 0, 1.0)",1.0470169407326078,15.193788256195845,2.5473024039496264,65.44170904410697,12.000722095492236,True,False,True,False,True,20.0,0.0,0.0,0.0,0.0,1,1.0384882616071243,0.791888946600327,False,False,False,False,0.3209911573809606,0.3301913181618888,False,False,False,False,1574988,1529223.061115873,False,False,False,False,25986.072735865448,False,False,False,False
2024-10-09 00:00:00+00:00,18.0636018898,18.1118744764,17.8318934743,17.8705115436,20493,,,,,,,,,,,,17.269957435143844,16.76141213661041,16.235528985990655,15.677219155053024,14.923052791336913,14.724747500327716,14.143111047843718,14.018328228040891,13.68545252936648,13.51008000383663,13.256842719897273,13.07722805952006,12.931172743890228,12.8001621384648,12.619204475164764,16.76141213661041,16.235528985990655,14.923052791336913,14.724747500327716,14.143111047843718,,,14.375566663365825,"rgba(0, 255, 0, 1.0)",1.0434326009830326,15.209918802969971,2.7348992969373724,66.76899530022482,12.000722095492236,True,False,True,False,True,20.0,0.0,0.0,0.0,0.0,1,1.0376147513947922,0.8119053801307359,False,False,False,False,0.3284357239574481,0.32931352105966843,False,False,False,False,1595481,1531821.4116603488,False,False,False,False,25770.658118772684,False,False,False,False
2024-10-10 00:00:00+00:00,18.0056747859,18.131183511,17.9670567167,18.131183511,41661,,,,,,,,,,,,17.293735922486565,16.79167267355337,16.269020870793664,15.71225971081261,14.958875743705434,14.760298452446273,14.176892132641555,14.051864070073268,13.71796772178009,13.541769128555844,13.286860553337688,13.105932892377279,12.958834324038655,12.827018161606308,12.64470276821267,16.79167267355337,16.269020870793664,14.958875743705434,14.760298452446273,14.176892132641555,,,14.40651367509475,"rgba(0, 255, 0, 1.0)",1.0382363012986284,15.242496656099533,2.661415446892269,66.46928447365528,12.000722095492236,True,False,True,False,True,20.0,0.0,0.0,0.0,0.0,1,1.0315477764394496,0.8132195626353844,False,False,False,False,0.3428282285648186,0.3360708748122435,False,False,False,False,1553820,1532684.1013991586,False,False,False,False,26393.8087807816,False,False,False,False
2024-10-11 00:00:00+00:00,18.0539473725,18.1171844609,17.9574021994,17.9574021994,45235,,,,,,,,,,,,17.318202460202375,16.823147827950635,16.30416450212959,15.749275827755714,14.996950691623077,14.798139031595554,14.212989931342435,14.087722133028757,13.752792299995912,13.575739875631253,13.31908492675704,13.136777450922724,12.988579376074613,12.855913240514424,12.672159727088463,16.823147827950635,16.30416450212959,14.996950691623077,14.798139031595554,14.212989931342435,,,14.43944262017417,"rgba(0, 255, 0, 1.0)",1.0324198588686724,15.276948151964032,2.6897964008354225,66.77938066506286,12.200129529868263,True,False,True,False,True,20.0,0.0,0.0,0.0,0.0,1,1.0390887422984978,0.8147704425538709,False,False,False,False,0.3397740088794849,0.3379224418458642,False,False,False,False,1599055,1535286.8817364466,False,False,False,False,27132.679024672518,False,False,False,False
2024-10-14 00:00:00+00:00,18.285655788,18.2953103053,18.0394655965,18.131183511,21221,,,,,,,,,,,,17.331612353273353,16.839286840915694,16.32168584921958,15.767451600414299,15.015434800437584,14.816474034525333,14.230408231515682,14.105011252141706,13.769553993716837,13.592078914185578,13.334571805507615,13.151594243013689,13.002862805243428,12.869783717146792,12.68533484628847,16.839286840915694,16.32168584921958,15.015434800437584,14.816474034525333,14.230408231515682,,,14.455543019169708,"rgba(0, 255, 0, 1.0)",1.0302301715961206,15.294005067065317,2.903866343090847,69.06561932528402,14.528218683975723,True,False,True,False,True,20.0,0.0,0.0,0.0,0.0,0,1.0575246785862829,0.790906278538692,False,False,False,False,0.34282822958958037,0.34037533571772227,False,False,False,False,1620276,1538619.7883350174,False,False,False,False,26900.84847468536,False,False,False,False
2024-10-15 00:00:00+00:00,18.1987651322,18.4304735477,18.0925654417,18.4304735477,10537,,,,,,,,,,,,17.33837291376077,16.847355948136205,16.330420291132576,15.776500646676947,15.024630308097414,14.825594951230967,14.239073742342379,14.11361239566149,13.777893023930726,13.600208173998467,13.342278278154774,13.158968153163205,13.009971899310424,12.876687667896247,12.691893388673968,16.847355948136205,16.330420291132576,15.024630308097414,14.825594951230967,14.239073742342379,,,14.463564118811103,"rgba(0, 255, 0, 1.0)",1.0250110274479194,15.53990059430578,2.5939862759469814,68.79393875087474,14.528218683975723,True,False,True,False,True,20.0,0.0,0.0,0.0,0.0,0,1.1023753840699968,0.7655335895363513,False,False,False,False,0.3428282178030762,0.34160177676039927,False,False,False,False,1609739,1541408.7770277618,False,False,False,False,26259.128926658486,False,False,False,False
2024-10-16 00:00:00+00:00,18.2180741668,18.2952137601,18.1504925456,18.2180741668,13934,,,,,,,,,,,,17.346971709478805,16.85773865701129,16.341733521107013,15.788272669414168,15.036637470130682,14.83751409811035,14.250420455101592,14.124878608009029,13.788825221471896,13.610870024130579,13.352392030571393,13.168649581497364,13.019308645842592,12.885757337290727,12.700512433862237,16.85773865701129,16.341733521107013,15.036637470130682,14.83751409811035,14.250420455101592,,,14.47403216420198,"rgba(0, 255, 0, 1.0)",1.017143359509674,15.549885580555122,2.623217820083013,68.79876259079408,14.607768372549145,True,False,True,False,True,20.0,0.0,0.0,0.0,0.0,0,1.0944447819155467,0.8008915517418875,False,False,False,False,0.32677645468927957,0.33418911572483945,False,False,False,False,1623673,1544634.8249874574,False,False,False,False,25775.790537377765,False,False,False,False
2024-10-17 00:00:00+00:00,18.1891106149,18.3339283745,18.1408380283,18.2035923908,12308,,,,,,,,,,,,17.354429232298433,16.866780329341566,16.35161473436888,15.798577218188033,15.047168807536359,14.84797308055624,14.260389518160213,14.13477893063301,13.798437131029841,13.620246937844467,13.361290825501854,13.17717056033715,13.027528126607933,12.89374312271249,12.708103422045424,16.866780329341566,16.35161473436888,15.047168807536359,14.84797308055624,14.260389518160213,,,14.483215465144124,"rgba(0, 255, 0, 1.0)",1.0097614342625867,15.558967837613457,2.6047170034843874,68.1557872433065,14.607768372549145,True,False,True,False,True,20.0,0.0,0.0,0.0,0.0,0,1.0683229285969131,0.8384534548485049,False,False,False,False,0.3327889307419499,0.3334890232333947,False,False,False,False,1611365,1547251.6945957926,False,False,False,False,25247.641888853148,False,False,False,False
2024-10-18 00:00:00+00:00,18.0442928552,18.3241773121,18.0249838206,18.1601470629,133673,,,,,,,,,,,,17.42028141949399,16.95171905460807,16.447732305922575,15.901152834823284,15.154090320559334,14.954607782987836,14.363129177768002,14.236994070489478,13.898131507791694,13.71773475364339,13.454128868960057,13.266274911806644,13.113631604307708,12.977517162239709,12.787895551077964,16.95171905460807,16.447732305922575,15.154090320559334,14.954607782987836,14.363129177768002,,,14.576334755098648,"rgba(0, 255, 0, 1.0)",0.9971066655113435,15.646646464141927,2.404603713915093,64.73661010862209,14.607768372549145,True,False,True,False,False,20.0,0.0,0.0,0.0,0.0,0,1.0569383830353969,0.8181795087515786,False,False,False,False,0.3069616012329504,0.3202253122331725,False,False,False,False,1477692,1544523.8634351734,False,False,False,False,29499.61671674126,False,False,False,False
2024-10-21 00:00:00+00:00,18.0056747859,18.0968134294,17.976711234,17.9863657513,46632,,,,,,,,,,,,17.437693224294883,16.976327864900824,16.476928071954113,15.933263299262142,15.188414774520425,14.989022420809736,14.396737608287635,14.27050626735313,13.93100506770447,13.749975703997041,13.484964566349822,13.295956476372107,13.142376462400124,13.005533543234074,12.814646599204398,16.976327864900824,16.476928071954113,15.188414774520425,14.989022420809736,14.396737608287635,,,14.606223463376327,"rgba(0, 255, 0, 1.0)",0.9860351556340906,15.673843546340667,2.3648560867586905,61.72638915099614,15.892243583118912,False,True,True,False,False,19.662389417531998,0.0,0.0,0.0,0.0,0,1.08548482676896,0.8240157356684101,False,False,False,False,0.25159849584243954,0.28591190403780603,False,False,False,False,1431060,1540074.300163206,False,False,False,False,30171.474884712192,False,False,False,False
2024-10-22 00:00:00+00:00,18.131183511,18.1794560976,18.0056747859,18.0056747859,9700,,,,,,,,,,,,17.441659630581174,16.981680547253898,16.483168865789704,15.94006874949948,15.19564782984767,14.99626817419276,14.403801770629853,14.277547990501837,13.937908184833587,13.756744502776257,13.49143729167683,13.302186525473868,13.148409596873906,13.011413383124735,12.820260707217148,16.981680547253898,16.483168865789704,15.19564782984767,14.99626817419276,14.403801770629853,,,14.612546916684845,"rgba(0, 255, 0, 1.0)",0.9766943272552214,15.679882764080252,2.5097931650822356,61.47993000638506,15.660807213354005,False,True,True,False,False,20.0,0.0,0.0,0.0,0.0,0,1.0829654238328428,0.8126163719445672,False,False,False,False,0.2689468454327459,0.27742937473527596,False,False,False,False,1440760,1536179.621725433,False,False,False,False,29368.671948056814,False,False,False,False
2024-10-23 00:00:00+00:00,18.1215289937,18.1891106149,18.073739133,18.1698015802,7020,,,,,,,,,,,,17.444598013894915,16.985600370986425,16.487718396565697,15.945018719765768,15.200900781855808,15.001529139801747,14.408928655152504,14.282658166795446,13.942916945732659,13.761655540395552,13.496133355062254,13.306706474316929,13.152786646206133,13.01567915526549,12.82433368482084,16.985600370986425,16.487718396565697,15.200900781855808,15.001529139801747,14.408928655152504,,,14.617144269774544,"rgba(0, 255, 0, 1.0)",0.9648366179140649,15.684317756949278,2.5260351768363303,61.11258369315344,15.218370097452393,False,True,True,False,False,20.0,0.0,0.0,0.0,0.0,0,1.0906841928838973,0.8279421256109973,False,False,False,False,0.2789629215079385,0.2781961481216072,False,False,False,False,1433740,1532162.381657769,False,False,False,False,28492.253440289882,False,False,False,False
2024-10-24 00:00:00+00:00,18.2518649774,18.2615734162,18.0324542601,18.0722588593,5611,,,,,,,,,,,,17.447112169150433,16.988860946340157,16.491455477760734,15.949056269047741,15.205162862078925,15.005793661828864,14.41307554491065,14.286789973302685,13.94696317376156,13.765621246049053,13.499923574226644,13.310353403824816,13.156317436531673,13.019119475177272,12.827617674186055,16.988860946340157,16.491455477760734,15.205162862078925,15.005793661828864,14.41307554491065,,,14.620881525878483,"rgba(0, 255, 0, 1.0)",0.9513995922597168,15.688007234961441,2.6948274555689182,62.57355944193776,15.218370097452393,False,True,True,False,False,20.0,0.0,0.0,0.0,0.0,0,1.0734635605096843,0.8349708613863897,False,False,False,False,0.28184597095571556,0.2800210595386614,False,False,False,False,1439351,1528522.7196319741,False,False,False,False,27594.94938380793,False,False,False,False
2024-10-25 00:00:00+00:00,18.164489028,18.3004071715,18.0385705766,18.1741974668,12884,,,,,,,,,,,,17.452710943468936,16.996193100369435,16.49990323683902,15.958214005989896,15.21485722233133,15.015499319672063,14.422527638772525,14.296210061055525,13.95619404235517,13.774671368306214,13.508577311482746,13.318682635166546,13.16438335831105,13.02698024660245,12.83512329286978,16.996193100369435,16.49990323683902,15.21485722233133,15.015499319672063,14.422527638772525,,,14.629381852239511,"rgba(0, 255, 0, 1.0)",0.9382433440414014,15.696327441724435,2.630619872712523,61.648963037455886,15.218370097452393,False,True,True,False,False,20.0,0.0,0.0,0.0,0.0,1,1.0584280826250088,0.8368236852795105,False,False,False,False,0.2888016066873985,0.28441133311302996,False,False,False,False,1426467,1524520.5345483674,False,False,False,False,27018.049407972325,False,False,False,False
2024-10-28 00:00:00+00:00,18.0868215175,18.1353637116,17.9314864964,18.0674046399,3442,,,,,,,,,,,18.051223908500003,17.453950498152874,16.99794309352235,16.50198892760269,15.960519316800628,15.21733453299368,15.017986605651364,14.424966382541493,14.298643373427696,13.958585183840645,13.777018838473168,13.510826036467133,13.320849593484779,13.166483688019664,13.02902867641125,12.837081107963428,16.99794309352235,16.50198892760269,15.21733453299368,15.017986605651364,14.424966382541493,,,14.845276860240801,"rgba(0, 255, 0, 1.0)",0.9228385335409576,15.912043481964753,2.3566181476954164,59.470443858546055,13.489457297925348,False,True,True,False,False,19.10945062364558,0.0,0.0,0.0,0.0,1,1.0330830429112539,0.8583939122847822,False,False,False,False,0.20975979300774986,0.24708556306038992,False,False,False,False,1423025,1520540.317507255,False,False,False,False,26093.498450796942,False,False,False,False
2024-10-29 00:00:00+00:00,17.9994455681,18.144975066,17.9703202517,18.0382793234,7482,,,,,,,,,,,18.04233581675597,17.45656917222045,17.001680541714595,16.50646556549928,15.9654819834497,15.222680063159213,15.023356203636007,14.430237346888068,14.30390363575338,13.96375682412425,13.782097274676786,13.51569255108375,13.325540247480047,13.171030916417235,13.03346417519989,12.841321236869847,17.001680541714595,16.50646556549928,15.222680063159213,15.023356203636007,14.430237346888068,,,14.84910084718303,"rgba(0, 255, 0, 1.0)",0.9076769598755804,15.915646678046155,2.295749459520799,56.3939740658098,10.574600596370026,False,True,True,False,False,17.580474085268598,0.0,0.0,0.0,0.0,1,1.0293280839012906,0.8667718357014594,False,False,False,False,0.22347385817183757,0.23527971061611375,False,False,False,False,1415543,1516422.7756442255,False,False,False,False,25363.635766451964,False,False,False,False
2024-10-30 00:00:00+00:00,18.0674046399,18.1260436103,18.0188624458,18.0965299563,9799,,,,,,,,,,,18.05578120762487,17.460153280322583,17.00668727560049,16.512412852751947,15.972047148948711,15.229730929399352,15.030435382102985,14.437179408530035,14.310830342325303,13.970564108499671,13.788780788683688,13.522096030881617,13.331711695351913,13.177013200717967,13.03929905012571,12.846898676793407,17.00668727560049,16.512412852751947,15.229730929399352,15.030435382102985,14.437179408530035,,,14.855726336166267,"rgba(0, 255, 0, 1.0)",0.8932873316639612,15.921757048505507,2.401968006640946,55.50930926751972,9.759760663186427,False,True,True,False,False,18.31143225239653,0.0,0.0,0.0,0.0,1,1.027875480979232,0.8758995829227878,False,False,False,False,0.23189678614287287,0.23358824837949332,False,False,False,False,1425342,1512850.9805209227,False,False,False,False,24753.25789325777,False,False,False,False
2024-10-31 00:00:00+00:00,18.1159468339,18.2421565386,17.9800286905,17.9800286905,13415,,,,,,,,,,,18.078152435428514,17.465325089492424,17.013733201670767,16.52069900187849,15.981147147323691,15.239468930739163,15.040206691712562,14.44674959232228,14.320377233830692,13.979941840291609,13.797986215305068,13.530913927364999,13.340209070702462,13.185249388034972,13.047331612080535,12.854576172478767,17.013733201670767,16.52069900187849,15.239468930739163,15.040206691712562,14.44674959232228,,,14.865129221916062,"rgba(0, 255, 0, 1.0)",0.8782070253412354,15.93054604482806,2.4884801943172614,55.72687882248732,9.759760663186427,False,True,True,False,False,18.83258287510228,0.0,0.0,0.0,0.0,1,1.0391015021782293,0.8550742653354959,False,False,False,False,0.24977758230395297,0.24168291534172315,False,False,False,False,1438757,1509945.3342259845,False,False,False,False,24308.62032881629,False,False,False,False
2024-11-01 00:00:00+00:00,18.1450721504,18.2808932095,17.9606118129,17.9606118129,9359,,,,,,,,,,,18.08906268847822,17.468973729456234,17.01866733088742,16.526487341014544,15.98749784742368,15.246261764424872,15.047022693460342,14.453426070509195,14.327037537604328,13.986484592466049,13.804409170833955,13.537067326825174,13.346139414134784,13.190997898501495,13.052938315525845,12.859935556704759,17.01866733088742,16.526487341014544,15.246261764424872,15.047022693460342,14.453426070509195,,,14.87140057989068,"rgba(0, 255, 0, 1.0)",0.8638523322964995,15.936478059408168,2.556680127401425,56.36000917839149,9.759760663186427,False,True,True,False,False,19.14695196028572,0.0,0.0,0.0,0.0,1,1.0297290336351321,0.8561501632922376,False,False,False,False,0.25080491012501704,0.2462439127333701,False,False,False,False,1448116,1507520.6544524166,False,False,False,False,23722.360708078395,False,False,False,False
2024-11-04 00:00:00+00:00,18.1936143445,18.2809902938,18.1730324542,18.2615734162,3007,,,,,,,,,,,18.09726277323355,17.470290987217155,17.020366922553666,16.52843878945052,15.989612926620996,15.248503174587404,15.049267915907045,14.455616719831632,14.329221385662082,13.988626436688198,13.806510237764426,13.539078290252961,13.34807629853279,13.192874528704246,13.054767933838964,12.861683589897591,17.020366922553666,16.52843878945052,15.248503174587404,15.049267915907045,14.455616719831632,,,14.873762431921453,"rgba(0, 255, 0, 1.0)",0.8482797915699081,15.938734394575325,2.658179497299559,57.597119650126125,9.759760663186427,False,True,True,False,True,19.673587978016172,0.0,0.0,0.0,0.0,1,1.0431190779643857,0.8609197907718074,False,False,False,False,0.31821410687064344,0.28222900980200677,False,False,False,False,1451123,1505308.9817287924,False,False,False,False,22909.993621487087,False,False,False,False
2024-11-05 00:00:00+00:00,18.4363253149,18.5272933866,18.271281855,18.2959412896,32715,,,,,,,,,,,18.2270881805512,17.488012969873736,17.04152816199859,16.551811634339668,16.014368144908644,15.274266368274287,15.074988470597521,14.480518536190333,14.354011995423157,14.012862081784727,13.830249475315332,13.561756711006284,13.369893142975544,13.213993492407411,13.075341824055785,12.881320668873297,17.04152816199859,16.551811634339668,15.274266368274287,15.074988470597521,14.480518536190333,,,14.90325074116097,"rgba(0, 255, 0, 1.0)",0.8397247342128042,15.96790642462761,2.9395572021424328,61.628241196062284,7.440039238640729,False,True,True,False,True,20.0,0.0,0.0,0.0,0.0,1,1.0338924977909614,0.8458460833346222,False,False,False,False,0.3428281909986334,0.31252860040032004,False,False,False,False,1483838,1504466.9824453106,False,False,False,False,23294.503675546417,False,False,False,False
2024-11-06 00:00:00+00:00,18.9023303782,18.9897063275,18.4557421926,18.5431181419,34481,,,,,,,,,,,18.395552213185397,17.513200948534223,17.068998980554525,16.580616244263993,16.043871386844188,15.304127293491678,15.104641855590641,14.508872380577303,14.382176174951965,14.040250239133375,13.857011314463811,13.587242834748274,13.394362093162611,13.237643749367969,13.098351532342718,12.903246185055957,17.068998980554525,16.580616244263993,15.304127293491678,15.104641855590641,14.508872380577303,,,14.93876033914179,"rgba(0, 255, 0, 1.0)",0.8390418809403383,16.00497457070238,3.453171853889425,67.7226558618926,13.02573437799105,True,False,True,False,True,20.0,0.0,0.0,0.0,0.0,1,1.039221512640137,0.81855047495636,False,False,False,False,0.3428282047520782,0.3276784025761991,False,False,False,False,1518319,1505010.1988200042,False,False,False,False,23733.189805917147,False,False,False,False
2024-11-07 00:00:00+00:00,19.0770822769,19.3683354414,18.7955375512,18.9023303782,16663,,,,,,,,,,,18.483079037183906,17.527798331289965,17.084218894539227,16.596117435310788,16.059430196959454,15.319595782404418,15.119948850333673,14.523386140946451,14.396570766464606,14.054197060901446,13.870616092105475,13.60017077441041,13.406756636341074,13.249610727391683,13.109983579654147,12.914317039270845,17.084218894539227,16.596117435310788,15.319595782404418,15.119948850333673,14.523386140946451,,,14.957237334094224,"rgba(0, 255, 0, 1.0)",0.8339670613948602,16.024885505210477,3.6598529042436523,72.60331353318033,17.276863168946505,True,False,True,False,True,20.0,0.0,0.0,0.0,0.0,0,1.0783379466010183,0.785491988550432,False,False,False,False,0.3428282136520796,0.33525330811413934,False,False,False,False,1534982,1506185.563572161,False,False,False,False,23455.927460587063,False,False,False,False
2024-11-08 00:00:00+00:00,19.1644582263,19.4168776355,19.1062075934,19.4168776355,11101,,,,,,,,,,,18.541627357418122,17.538291282964153,17.094977991299288,16.60695063070394,16.070213820379738,15.330235986495062,15.130462075073966,14.533318459686775,14.40641491828438,14.063719690089089,13.879898280081164,13.608982770486485,13.415199884255154,13.257758886108189,13.117900445681883,12.921848047594167,17.094977991299288,16.60695063070394,15.330235986495062,15.130462075073966,14.533318459686775,,,14.969862532912597,"rgba(0, 255, 0, 1.0)",0.8311243287524579,16.03867804201071,3.7609056505194336,76.2270582426394,20.309413273615306,True,False,True,False,True,20.0,0.0,0.0,0.0,0.0,0,1.1017827247575251,0.812548444255265,False,False,False,False,0.3428282173190255,0.33904076271658246,False,False,False,False,1546083,1507750.1689222723,False,False,False,False,22971.420501348355,False,False,False,False
2024-11-11 00:00:00+00:00,19.6887139224,19.802542455,18.7858291124,19.2712510533,20501,,,,,,,,,,,18.65352976897433,17.559545980609208,17.11637012800548,16.628206384157878,16.09116397816987,15.350717283529821,15.150660978368249,14.552314405861804,14.425226278178112,14.08187954032054,13.897582734304814,13.625750683989676,13.431253296943042,13.27324173135524,13.1329357730822,12.93614083498692,17.11637012800548,16.628206384157878,15.350717283529821,15.150660978368249,14.552314405861804,,,14.994157486302324,"rgba(0, 255, 0, 1.0)",0.8360166039626338,16.065603528473773,4.333778033537915,80.25950871858538,23.75965342793431,True,False,True,False,True,20.0,0.0,0.0,0.0,0.0,0,1.0544905396130648,0.8025867982536609,False,False,False,False,0.34282821791577844,0.34093449031618045,False,False,False,False,1566584,1510057.377984144,False,False,False,False,22874.54126600136,False,False,False,False
2024-11-12 00:00:00+00:00,19.1353329098,19.4711478085,19.0722280575,19.446002952,31444,,,,,,,,,,,18.746639101320753,17.587844940122118,17.14565956745345,16.657911649919832,16.120901422848622,15.380217755625251,15.1798467701087,14.57998423935109,14.452666320665065,14.108464200918892,13.923517898695746,13.650403917138602,13.454895967676718,13.296073536385626,13.155131318428504,12.957271112795304,17.14565956745345,16.657911649919832,15.380217755625251,15.1798467701087,14.57998423935109,,,15.024839357465892,"rgba(0, 255, 0, 1.0)",0.8183637724665418,16.099511979022477,3.7096228265671907,75.46511570330966,23.75965342793431,True,False,True,False,False,20.0,0.0,0.0,0.0,0.0,0,1.0932436491578856,0.8039135502458895,False,False,False,False,0.3346385979796316,0.337786544147906,False,False,False,False,1535140,1511041.0102200601,False,False,False,False,23210.59847125621,False,False,False,False
2024-11-13 00:00:00+00:00,19.1741666651,19.3471710448,19.1055280026,19.2032919815,11502,,,,,,,,,,,18.772589685712678,17.597851267535038,17.156084024398748,16.668536679646905,16.131578988790878,15.39084896536672,15.190373438649775,14.589986673044438,14.462589456826212,14.118087576320537,13.932911140768978,13.659339988955233,13.463470424685882,13.304357356621669,13.163186963026481,12.964943795501327,17.156084024398748,16.668536679646905,15.39084896536672,15.190373438649775,14.589986673044438,,,15.035421026615719,"rgba(0, 255, 0, 1.0)",0.8133857749072263,16.111193996224777,3.7657071999133263,72.48771694793456,30.09396049697149,True,False,True,False,False,20.0,0.0,0.0,0.0,0.0,0,1.0888952978210378,0.8254597203898827,False,False,False,False,0.31826397360347614,0.32802525887569106,False,False,False,False,1546642,1512437.1274663324,False,False,False,False,22751.43774689322,False,False,False,False
2024-11-14 00:00:00+00:00,19.1450413486,19.221155509,18.9266014752,19.1547497874,9662,,,,,,,,,,,18.787224538593275,17.605587475245734,17.164289187119085,16.677005596513634,16.140169037092306,15.39947482344623,15.1989298585492,14.598153886240747,14.470698406472346,14.12596724761055,13.940609966717183,13.666674185203446,13.470514264247017,13.31116718268102,13.16981304384347,12.97125983663972,17.164289187119085,16.677005596513634,15.39947482344623,15.1989298585492,14.598153886240747,,,15.043596158513434,"rgba(0, 255, 0, 1.0)",0.8034130163514168,16.12014064351644,3.7650631039321545,70.15623300473405,28.080964505739615,True,False,True,False,False,20.0,0.0,0.0,0.0,0.0,0,1.0737324525477285,0.8367382550139981,False,False,False,False,0.264334710801311,0.29617998483850105,False,False,False,False,1536980,1513399.593055888,False,False,False,False,22238.126462701333,False,False,False,False
2024-11-15 00:00:00+00:00,19.4547405469,19.5139620237,18.9605810111,19.1450413486,22132,,,,,,,,,,,18.83608189798682,17.625488516995727,17.184859402784223,16.697864847003487,16.161057519243137,15.420207831606925,15.219447799188043,14.617627711946437,14.490013280574752,14.144689208600488,13.958880837823575,13.684053130764758,13.487188702049453,13.327275480128812,13.185476514495216,12.98617792724259,17.184859402784223,16.697864847003487,15.420207831606925,15.219447799188043,14.617627711946437,,,15.064149413027152,"rgba(0, 255, 0, 1.0)",0.7996440820931764,16.14291307694292,4.141626936433921,70.37935191510957,28.080964505739615,True,False,True,False,False,20.0,0.0,0.0,0.0,0.0,0,1.0866559482138236,0.8178359589805789,False,False,False,False,0.3221932393948774,0.3091866121166892,False,False,False,False,1559112,1515192.2364654613,False,False,False,False,22233.964640634615,False,False,False,False
2024-11-18 00:00:00+00:00,19.6304632895,19.7111404161,19.3974607579,19.5722126566,7134,,,,,,,,,,,18.857837593482476,17.63281695824679,17.192237812766837,16.705205931539513,16.168304323487227,15.427304649399861,15.226451520062541,14.624229756790298,14.49655323474802,14.151009108729426,13.965039532062304,13.689899938307004,13.49279147125237,13.332682830246956,13.190730220499471,12.991176274550705,17.192237812766837,16.705205931539513,15.427304649399861,15.226451520062541,14.624229756790298,,,15.071516947260736,"rgba(0, 255, 0, 1.0)",0.7912848915257826,16.151190306518117,4.39699155164334,71.38353100486357,28.080964505739615,True,False,True,False,False,20.0,0.0,0.0,0.0,0.0,0,1.123496211766362,0.7916026010361861,False,False,False,False,0.34282822206287344,0.3260074170897813,False,False,False,False,1566246,1517194.3448393648,False,False,False,False,21641.809164531296,False,False,False,False
2024-11-19 00:00:00+00:00,19.7566729941,19.7857983106,19.465516914,19.7178392389,18390,,,,,,,,,,,18.914747143671388,17.652315414007834,17.211756176701662,16.724543206346752,16.187331375059244,15.445880148262072,15.244772000469052,14.641474145784754,14.513630598415437,14.167500846808746,13.981105808283022,13.705147055759866,13.507398862340047,13.346778244119063,13.204422937418858,13.004200949500962,17.211756176701662,16.724543206346752,15.445880148262072,15.244772000469052,14.641474145784754,,,15.090812807059297,"rgba(0, 255, 0, 1.0)",0.7700713862043149,16.17294879738595,4.653755821753413,72.62932025170856,28.080964505739615,True,False,True,False,False,20.0,0.0,0.0,0.0,0.0,0,1.1269246037678389,0.7827737788260921,False,False,False,False,0.3428282225220266,0.33441781980590396,False,False,False,False,1584636,1519839.115629978,False,False,False,False,21514.28723651046,False,False,False,False
2024-11-20 00:00:00+00:00,19.8052151882,19.8828826988,19.7441180411,19.8634658211,11160,,,,,,,,,,,18.95132237211569,17.6647839699539,17.224124631242308,16.73671315951758,16.19924231175401,15.457448390574305,15.256169307928223,14.652174283834633,14.524221897151648,14.17771690638091,13.991052889007667,13.71458042196127,13.516432400393679,13.355492165588961,13.212885339144307,13.012247421915935,17.224124631242308,16.73671315951758,15.457448390574305,15.256169307928223,14.652174283834633,,,15.102912991779066,"rgba(0, 255, 0, 1.0)",0.7864936729414009,16.186671289342943,4.60085570087817,73.68173643808466,28.080964505739615,True,False,True,False,False,20.0,0.0,0.0,0.0,0.0,0,1.1425881282195371,0.775997965740562,False,False,False,False,0.34282822465262236,0.33862302222926316,False,False,False,False,1595796,1522817.816977822,False,False,False,False,21108.236756647304,False,False,False,False
2024-11-21 00:00:00+00:00,20.1644274245,20.1838443021,19.87317426,19.9022995764,11699,,,,,,,,,,,18.997385500346375,17.679284521697298,17.238270614319635,16.750451299703435,16.212548178261926,15.470238584873133,15.268742745462848,14.663913377474874,14.535829612892167,14.188885048557339,14.001913736378018,13.724863556507406,13.526269119693108,13.364973011441528,13.222086000766208,13.020987736955052,17.238270614319635,16.750451299703435,15.470238584873133,15.268742745462848,14.663913377474874,,,15.116665165333147,"rgba(0, 255, 0, 1.0)",0.8178113530734935,16.202429820912002,4.844635121165835,75.82682296910664,28.080964505739615,True,False,True,False,True,20.0,0.0,0.0,0.0,0.0,0,1.1448720610419036,0.7558822992021584,False,False,False,False,0.3428282254512264,0.34072562384024474,False,False,False,False,1607495,1526138.490821829,False,False,False,False,20739.247079916036,False,False,False,False
2024-11-22 00:00:00+00:00,20.3925757367,20.40233295,20.0949807319,20.3730613102,14375,,,,,,,,,,,19.05975259376575,17.698500475772644,17.256811995277896,16.768299187468198,16.22970923846631,15.486613628639025,15.284814869676703,14.678859443669428,14.55059731036241,14.203067345986225,14.015693645283646,13.73789521887121,13.538725472050348,13.37697159419357,13.233724007315882,13.032036060702195,17.256811995277896,16.768299187468198,15.486613628639025,15.284814869676703,14.678859443669428,,,15.13450450546884,"rgba(0, 255, 0, 1.0)",0.8564278270035887,16.223026661607904,4.868535261961572,77.99302180122166,28.080964505739615,True,False,True,False,True,20.0,0.0,0.0,0.0,0.0,0,1.1509437179008972,0.7546312912783952,False,False,False,False,0.34282822722984,0.34177692553504235,False,False,False,False,1621870,1529892.6676523457,False,False,False,False,20489.668763056583,False,False,False,False
2024-11-25 00:00:00+00:00,20.0413160589,20.4511190163,19.8705648267,20.295003604,15516,,,,,,,,,,,19.112030092417267,17.71754668432224,17.275432625357798,16.786414258245784,16.247278359105866,15.503523354583015,15.301443892203464,14.694401505004551,14.565967827091809,14.217862535118519,14.030085759634932,13.751528269308908,13.551771112000145,13.389548492132706,13.245931573785363,13.04363634127707,17.275432625357798,16.786414258245784,15.503523354583015,15.301443892203464,14.694401505004551,,,15.15215016759934,"rgba(0, 255, 0, 1.0)",0.8710828405559511,16.243247454502914,4.360169237145168,75.09243874545211,28.080964505739615,True,False,True,False,True,20.0,0.0,0.0,0.0,0.0,0,1.123803419127192,0.7601333886756966,False,False,False,False,0.31905052755346297,0.33041372654425266,False,False,False,False,1606354,1532891.1512738224,False,False,False,False,20294.622929211226,False,False,False,False
2024-11-26 00:00:00+00:00,19.9437439262,20.1584026182,19.8461717935,20.0022872059,28088,,,,,,,,,,,19.18332060007077,17.749334439061617,17.306924275864162,16.817375227450587,16.27756215371057,15.532915511678985,15.33040259584359,14.72160109679991,14.592890748533947,14.243835589344737,14.055380014692048,13.77552770379216,13.574761890922904,13.411731955903758,13.267478617863144,13.06413132598428,17.306924275864162,16.817375227450587,15.532915511678985,15.33040259584359,14.72160109679991,,,15.181573359219822,"rgba(0, 255, 0, 1.0)",0.8819697395136179,16.276669057890174,4.157823907124202,72.09290952244922,28.080964505739615,True,False,True,False,False,20.0,0.0,0.0,0.0,0.0,0,1.1174085522308745,0.7948483158801956,False,False,False,False,0.2769676386667762,0.30369068260551446,False,False,False,False,1578266,1534670.5571062216,False,False,False,False,20600.245559438237,False,False,False,False
2024-11-27 00:00:00+00:00,20.1788927661,20.2686591282,19.9827727793,20.0413160589,27571,,,,,,,,,,,19.25474202725144,17.781864296342956,17.3389455877437,16.84870172843353,16.308083230176933,15.562422171182224,15.359451644893674,14.748836375002274,14.619839155528702,14.269811379819833,14.080667864532133,13.799511410758946,13.597732023115718,13.43389128574577,13.28899827157963,13.084596127919712,17.3389455877437,16.84870172843353,15.562422171182224,15.359451644893674,14.748836375002274,,,15.211130911251699,"rgba(0, 255, 0, 1.0)",0.900818037936909,16.310360867199332,4.294465403646379,71.325102037093,28.080964505739615,True,False,True,False,False,20.0,0.0,0.0,0.0,0.0,0,1.1187073193162331,0.7870019233063502,False,False,False,False,0.30963765347717465,0.30666416804134455,False,False,False,False,1605837,1537461.3980040168,False,False,False,False,20873.608478675953,False,False,False,False
2024-11-29 00:00:00+00:00,20.3145180305,20.4316045898,20.0608304855,20.1193737651,32464,,,,,,,,,,,19.336424488190705,17.82102871082121,17.377381906284796,16.88621653289126,16.344565047260918,15.597623776508609,15.39409554436405,14.781294553816888,14.651950138272786,14.300752849590971,14.110786550265919,13.828075199730739,13.625088347807022,13.46028163477687,13.314625895140402,13.108967509954585,17.377381906284796,16.88621653289126,15.597623776508609,15.39409554436405,14.781294553816888,,,15.246197417854859,"rgba(0, 255, 0, 1.0)",0.9235499952112396,16.35037752224162,4.292285776420454,71.46455694018057,28.01965397280891,True,False,True,False,False,20.0,0.0,0.0,0.0,0.0,0,1.1261608880758205,0.7793589325089733,False,False,False,False,0.34216278433745756,0.3244134761894011,False,False,False,False,1638301,1541415.8921999377,False,False,False,False,21328.133636374936,False,False,False,False
2024-12-02 00:00:00+00:00,20.0120444191,20.4803906561,19.9349624343,20.4413618031,26159,,,,,,,,,,,19.385544337490835,17.850115447194067,17.406303972039147,16.914743523791685,16.37254415719094,15.624849979265457,15.420942058307578,14.80657585380564,14.67698345908884,14.324930145113651,14.134349028959338,13.850460098369057,13.646552301608669,13.481006379887845,13.334766534420261,13.128140743512251,17.406303972039147,16.914743523791685,15.624849979265457,15.420942058307578,14.80657585380564,,,15.27242550125283,"rgba(0, 255, 0, 1.0)",0.9385467851400497,16.670852637922472,3.559962949187404,68.28259744079779,24.739415254598043,False,False,True,False,False,20.0,0.0,0.0,0.0,0.0,0,1.125775541999617,0.7731118668003447,False,False,False,False,0.3316441390583113,0.3280288076238562,False,False,False,False,1612142,1544189.4650548422,False,False,False,False,21517.57937612494,False,False,False,False
2024-12-03 00:00:00+00:00,20.0120444191,20.1584026182,19.9437439262,20.0315588457,21168,,,,,,,,,,,19.41620961193464,17.872076473895753,17.428392433972835,16.93672949060606,16.39426632583205,15.646140276404944,15.441969716373556,14.826462866432118,14.696690297354,14.344000049102595,14.152952590092958,13.868159589755694,13.663540340693004,13.49742171746469,13.35072906203502,13.143349682485983,17.428392433972835,16.93672949060606,15.646140276404944,15.441969716373556,14.826462866432118,,,15.292443157777244,"rgba(0, 255, 0, 1.0)",0.952939157367726,16.689922404705843,3.486184809081359,66.16129110787591,22.547278941516822,False,False,True,False,False,20.0,0.0,0.0,0.0,0.0,0,1.1372825138457106,0.802963763859646,False,False,False,False,0.28960689178715554,0.30881784970550585,False,False,False,False,1612142,1546854.2703468092,False,False,False,False,21503.87038098279,False,False,False,False
2024-12-04 00:00:00+00:00,19.8559290068,20.0852235187,19.7485996608,20.0413160589,9768,,,,,,,,,,,19.426405892286784,17.881410176379333,17.437914806800833,16.946312829282984,16.403817637458037,15.65558134476622,15.451311800711025,14.835341115841793,14.705495693406773,14.352539435688335,14.161292321577488,13.876106440874612,13.67117576807138,13.50480566113736,13.357914089518363,13.150201763464985,17.437914806800833,16.946312829282984,15.65558134476622,15.451311800711025,14.835341115841793,,,15.301101673579144,"rgba(0, 255, 0, 1.0)",0.9631104254837092,16.697345444409322,3.2795653320898506,63.120992420117815,19.533762440582322,False,True,True,False,False,20.0,0.0,0.0,0.0,0.0,0,1.097935291390799,0.8056417577992805,False,False,False,False,0.2543743760309027,0.2815961128682043,False,False,False,False,1602374,1549031.5146469343,False,False,False,False,21043.64016996386,False,False,False,False
2024-12-05 00:00:00+00:00,20.2364603244,20.2364603244,19.8071429404,19.8071429404,9297,,,,,,,,,,,19.439612922583958,17.891073897401196,17.447629925754264,16.9559811234187,16.413369557898342,15.664943416781158,15.460559080067606,14.84408983857061,14.71416548007776,14.360930306586623,14.169479016464562,13.883897241254235,13.678654822402184,13.512033617050033,13.364943384268779,13.156900383805434,17.447629925754264,16.9559811234187,15.664943416781158,15.460559080067606,14.84408983857061,,,15.30989150089909,"rgba(0, 255, 0, 1.0)",0.9807943712290875,16.706951010284726,3.5986231341155133,63.591539490482745,19.533762440582322,False,True,True,False,False,20.0,0.0,0.0,0.0,0.0,0,1.1026522852159566,0.8012538743983559,False,False,False,False,0.2818627412079839,0.2817294270380941,False,False,False,False,1611671,1551487.965052937,False,False,False,False,20582.987614279005,False,False,False,False
2024-12-06 00:00:00+00:00,20.080344912,20.3145180305,20.0224846373,20.3145180305,16018,,,,,,,,,,,19.462690906342264,17.90786902327244,17.464489255058023,16.97274116612771,16.429914479375466,15.681146936831915,15.476561813880378,14.859225914287316,14.729164091522774,14.37544467475526,14.18363972080884,13.897373061412805,13.691591499796424,13.524536018637876,13.377102087646993,13.1684872514393,17.464489255058023,16.97274116612771,15.681146936831915,15.476561813880378,14.859225914287316,,,15.325123618824735,"rgba(0, 255, 0, 1.0)",0.9931131337714078,16.723928668591633,3.3796917282346,62.335760238901855,18.474510190004665,False,True,True,False,False,20.0,0.0,0.0,0.0,0.0,0,1.1260964758589749,0.7924095304106502,False,False,False,False,0.3210270453720418,0.301378236205068,False,False,False,False,1595653,1553219.927207724,False,False,False,False,20403.968492150416,False,False,False,False
2024-12-09 00:00:00+00:00,19.7388424475,20.2657319642,19.6900563812,20.1193737651,48258,,,,,,,,,,,19.50206609261411,17.95168178614796,17.509566828965756,17.01842279347703,16.475703023661108,15.726661979772686,15.521661660247544,14.90225133072286,14.771863737461981,14.416925751968657,14.224189537102417,13.936069940167652,13.728810370186226,13.560557416375056,13.412174961372076,13.201965685504382,17.509566828965756,17.01842279347703,15.726661979772686,15.521661660247544,14.90225133072286,,,15.36628580598422,"rgba(0, 255, 0, 1.0)",0.9948083912047913,16.763413993578613,2.9909563291056585,58.52042313924248,14.699861901739936,False,True,True,False,False,17.95390895870446,0.0,0.0,0.0,0.0,0,1.105558939598449,0.790443626833225,False,False,False,False,0.27030766657817573,0.28584295139162186,False,False,False,False,1547395,1552991.498689774,False,False,False,False,21496.283453242555,False,False,False,False
2024-12-10 00:00:00+00:00,19.6607847414,19.8705648267,19.5992479487,19.7095708077,17323,,,,,,,,,,,19.50860852617582,17.965468327392333,17.524101762124946,17.03342693862025,16.490959275048326,15.742036024483918,15.536941536430172,14.916942843380106,14.786464055956667,14.431158939578022,14.238127869807032,13.949405161383496,13.741658209106816,13.573008126628105,13.424310816864555,13.21356707495818,17.524101762124946,17.03342693862025,15.742036024483918,15.536941536430172,14.916942843380106,,,15.379761592996172,"rgba(0, 255, 0, 1.0)",0.9962199836700865,16.775316172767894,2.8964170724642613,55.36295346222333,11.662119740093743,False,True,True,False,False,16.9816423562264,0.0,0.0,0.0,0.0,0,1.0983352248973197,0.8158541084750374,False,False,False,False,0.20281462837545874,0.2443287898835403,False,False,False,False,1530072,1552092.6948195868,False,False,False,False,21332.625278605592,False,False,False,False
2024-12-11 00:00:00+00:00,19.7973857272,19.933986713,19.5144265423,19.5144265423,56051,,,,,,,,,,,19.530764296616912,18.009581969747725,17.57064689389844,17.081529366924116,16.539928881855495,15.79145137138324,15.586074678545549,14.964246019223499,14.833483317692005,14.477023641950383,14.283059031528518,13.992419019597593,13.783118636822975,13.613200843860554,13.46349751493443,13.2510434165095,17.57064689389844,17.081529366924116,15.79145137138324,15.586074678545549,14.964246019223499,,,15.423191806318183,"rgba(0, 255, 0, 1.0)",1.0004794294488342,16.816075985822998,2.9798810986242956,54.364135750275814,10.654704104321112,False,True,False,False,False,18.04543798162649,0.0,0.0,0.0,0.0,0,1.0893154341281646,0.8225894566034463,False,False,False,False,0.1978152290537151,0.2210720094686277,False,False,False,False,1586123,1553427.2165913677,False,False,False,False,22694.130169640666,False,False,False,False
2024-12-12 00:00:00+00:00,19.7973857272,19.9632583528,19.662736184,19.719328021,10898,,,,,,,,,,,19.535649180493998,18.018190119173358,17.579711248905664,17.090887894291598,16.549452094715207,15.80105960895498,15.595628787808021,14.973448296387128,14.842630852872194,14.485948505304737,14.291803748281362,14.000793463652535,13.791192753203159,13.621029654277645,13.471131493734218,13.258346016767465,17.579711248905664,17.090887894291598,15.80105960895498,15.595628787808021,14.973448296387128,,,15.431681482426454,"rgba(0, 255, 0, 1.0)",1.0046003801577168,16.82438108012868,2.95939032653419,53.69825727564413,9.863606712306705,False,True,False,False,False,18.04543798162649,0.0,0.0,0.0,0.0,0,1.0936851642557335,0.8230914653289946,False,False,False,False,0.2159925702993944,0.21853228988401105,False,False,False,False,1586123,1554709.40417602,False,False,False,False,22231.53682965476,False,False,False,False
2024-12-13 00:00:00+00:00,19.7242066276,19.9047150731,19.6510275281,19.6510275281,7849,,,,,,,,,,,19.538462444701214,18.024174763259744,17.58605513164563,17.097470514341396,16.556176490406965,15.807869027590499,15.602405340361544,14.979989032626861,14.84913507328622,14.49230033411419,14.298030331651548,14.006760476988248,13.796948428095519,13.626612424646211,13.476576898647663,13.26355713492254,17.58605513164563,17.097470514341396,15.807869027590499,15.602405340361544,14.979989032626861,,,15.437657740455375,"rgba(0, 255, 0, 1.0)",1.0028451053655798,16.83011366606801,2.88588232225252,52.547253928095685,8.550303022297555,False,True,False,False,False,17.103440590922084,0.0,0.0,0.0,0.0,0,1.0871309491573125,0.8370554361461859,False,False,False,False,0.19777730014906925,0.20815479501654016,False,False,False,False,1578274,1555633.505973039,False,False,False,False,21667.515777511435,False,False,False,False
2024-12-16 00:00:00+00:00,19.5241837556,19.9242294997,19.5144265423,19.6315131016,16523,,,,,,,,,,,19.541441290665734,18.03588058926968,17.598646264309636,17.110676133418227,16.569776406871764,15.821745961362616,15.616238026897909,14.993396545675173,14.862477579172106,14.505354435881367,14.310838960712257,14.01905132205615,13.808814408022297,13.638129671491543,13.487816982048907,13.274321801942298,17.598646264309636,17.110676133418227,15.821745961362616,15.616238026897909,14.993396545675173,,,15.449662898737355,"rgba(0, 255, 0, 1.0)",1.003181074847768,16.841123993954707,2.6745518121466207,49.96153678946848,5.900602377008191,False,True,False,False,False,14.574121090928923,0.0,0.0,0.0,0.0,0,1.067447259984967,0.8491461481398999,False,False,False,False,0.18041259076989008,0.19428369289321512,False,False,False,False,1561751,1555873.4076995864,False,False,False,False,21465.770060746283,False,False,False,False
2024-12-17 00:00:00+00:00,19.4168544096,19.611998675,19.3192822769,19.4851549025,18250,,,,,,,,,,,19.538898172269406,18.04700365502724,17.611007847378563,17.123942097959777,16.583671009927745,15.836144152307567,15.630637437374025,15.00746920385502,14.876502303181269,14.519125701671951,14.324375570866087,14.032073429187276,13.821407420233845,13.650368144478378,13.499773496753653,13.285789025725812,17.611007847378563,17.123942097959777,15.836144152307567,15.630637437374025,15.00746920385502,,,15.46176179176235,"rgba(0, 255, 0, 1.0)",1.002695450747901,16.85118221545423,2.558775141776158,47.33858375093264,3.2868217235144,False,True,False,True,False,13.247210762787287,0.0,0.0,0.0,0.0,0,1.0529717194944441,0.8745335753601663,False,False,False,False,0.10626078866565487,0.150272240779435,False,False,False,False,1543501,1555388.215240779,False,False,False,False,21339.661430913096,False,False,False,False
2024-12-18 00:00:00+00:00,19.0997449783,19.8656862201,18.9777798124,19.3192822769,15234,,,,,,,,,,,19.53383831228534,18.055274515802775,17.6204524241705,17.134264935658145,16.59462565251199,15.847629951616307,15.642152688677093,15.01879343358586,14.88780017579558,14.530249408793479,14.335324467107815,14.04262612523684,13.831625254792588,13.660307815595495,13.509491818820994,13.295119704882325,17.6204524241705,17.134264935658145,15.847629951616307,15.642152688677093,15.01879343358586,,,15.47122354283332,"rgba(0, 255, 0, 1.0)",0.9929516805905564,16.858531252910876,2.257122646749704,43.293250174186184,-0.5802598425734757,False,True,False,True,False,9.474535442090126,0.0,0.0,0.0,0.0,0,1.0368469191318601,0.8606599034840586,False,False,False,False,0.09053455209676893,0.12040339643810197,False,False,False,False,1528267,1554324.6381725133,False,False,False,False,21100.223727740035,False,False,False,False
2024-12-19 00:00:00+00:00,19.0558375186,19.250981784,18.1679311109,19.1338952247,26220,,,,,,,,,,18.824916804500003,19.5073642410692,18.063823093664713,17.63183799456102,17.147867724898333,16.609919297534702,15.864455813527675,15.65918502443433,15.035940154237128,14.904975987648935,14.547328058197513,14.352215491226103,14.05901321637006,13.847560802856664,13.675860038132804,13.52473860807033,13.309811277791054,17.63183799456102,17.147867724898333,15.864455813527675,15.65918502443433,15.035940154237128,,,15.680400801689446,"rgba(0, 255, 0, 1.0)",0.9863239713777554,17.0648306660188,2.018613468148853,40.3109314624777,-3.3604461537722514,False,True,False,True,False,8.967355585531838,0.0,0.0,0.0,0.0,0,0.9891281737167346,0.905262480125796,False,False,False,False,-0.12930090101388375,-0.004448752287890892,False,False,True,False,1502047,1552274.5347147677,False,False,False,False,21300.99926782866,False,False,True,False
2024-12-20 00:00:00+00:00,19.250981784,19.3778255565,18.7631211204,18.7923927602,24057,,,,,,,,,,18.971203392047002,19.494884071386352,18.074585299742854,17.644725364547252,17.16239759619679,16.62567942079295,15.881304280202716,15.676146486046528,15.05279551110865,14.921822428748143,14.563990196918692,14.368653389252536,14.074908158558923,13.86298513631637,13.690889485197665,13.539453375155425,13.32396581090178,17.644725364547252,17.16239759619679,15.881304280202716,15.676146486046528,15.05279551110865,,,15.701787611948271,"rgba(0, 255, 0, 1.0)",0.9798856582662776,17.081258569348172,2.214261629760704,40.648639292707536,-3.3604461537722514,False,True,False,True,False,10.717682285709774,0.0,0.0,0.0,0.0,0,1.0149001608482593,0.9016677845610757,False,False,False,False,-0.021027837862141668,-0.01273829507501628,False,False,False,False,1526104,1551248.2392357572,False,False,False,False,21409.077727913813,False,False,False,False
2024-12-23 00:00:00+00:00,19.5144265423,19.5144265423,19.250981784,19.2704962105,93133,,,,,,,,,,19.266953582137848,19.48712335386866,18.125403486039552,17.702129097654066,17.22486000952862,16.691872476103047,15.950718410450756,15.745770739674223,15.121403059523626,14.990292040282823,14.631476254569277,14.435127587392211,14.139062779183048,13.925166177234187,13.751424665413587,13.59867558659745,13.380880123894283,17.702129097654066,17.22486000952862,15.950718410450756,15.745770739674223,15.121403059523626,,,15.774608201738074,"rgba(0, 255, 0, 1.0)",0.9718486078823129,17.1449480913927,2.4381147759942428,43.5398886005992,-3.3604461537722514,False,True,False,True,True,12.982244040641088,0.0,0.0,0.0,0.0,0,1.04223598401068,0.8939291564325694,False,False,False,False,0.07212524938471827,0.029693477154850996,False,False,False,False,1619237,1553914.4651480806,False,False,False,False,24221.780562113272,False,False,False,False
2024-12-24 00:00:00+00:00,19.719328021,19.7388424475,19.5144265423,19.5241837556,33282,,,,,,,,,,19.340523648225183,19.49377549824563,18.145710240891482,17.72438427705203,17.248608184114605,16.716708647176922,15.97647406033919,15.771550684831718,15.146688758981396,15.015505755190537,14.656280620871199,14.459540482583504,14.16260263854567,13.947970052690973,13.773616439141907,13.620378447182995,13.401729459114842,17.72438427705203,17.248608184114605,15.97647406033919,15.771550684831718,15.146688758981396,,,15.80012046442234,"rgba(0, 255, 0, 1.0)",0.9671561607886173,17.16906573506741,2.6368671258353054,47.231700751213985,-9.32217523810941,False,True,False,True,True,14.669039170168038,0.0,0.0,0.0,0.0,0,1.0523236016577977,0.8911893576142698,False,False,False,False,0.1456986547195068,0.0876960659371789,False,False,False,False,1652519,1557781.3096520775,False,False,False,False,24577.083285167653,False,False,False,False
2024-12-26 00:00:00+00:00,19.5339409688,19.6900563812,19.4363688361,19.6022414617,1567870,,,,,,,,,,19.53188933106748,19.53243357162803,18.686817641593034,18.362778864880802,17.974666283839884,17.51923849749807,16.858565162479227,16.667525844957368,16.06321603526958,15.936100395563416,15.580051302777076,15.378855320064822,15.06462800789613,14.832659067644872,14.64283272362601,14.476997481128123,14.234111744875312,18.362778864880802,17.974666283839884,16.858565162479227,16.667525844957368,16.06321603526958,,,16.54960983981113,"rgba(0, 255, 255, 0.75)",0.958979283167773,17.81074870239032,1.7969024948250185,47.97874201952141,-8.574953078258275,False,True,False,True,True,12.472563606178646,0.0,0.0,0.0,0.0,0,1.0435983419795094,0.8994242086463066,False,False,False,False,0.12645030967015347,0.10707318780366618,False,False,False,False,84649,1500011.4151559176,False,False,False,False,85098.3741367297,False,False,False,False
2024-12-27 00:00:00+00:00,19.4656404759,19.5983385764,19.3485539167,19.4753976892,728062,,,,,,,,,,19.513914681196077,19.51819171734382,18.805564493074712,18.517321407463925,18.16559874780696,17.745852150731707,17.126969480847432,16.945361581778574,16.36333667392252,16.240417902726083,15.893414512298525,15.695268182894813,15.382306366623988,15.149373132040285,14.957986205735706,14.79077264014059,14.543696627226375,18.517321407463925,18.16559874780696,17.126969480847432,16.945361581778574,16.36333667392252,,,16.785608617873653,"rgba(0, 255, 255, 0.75)",0.9468648082821877,17.986936426101035,1.5616844525900635,47.870621745438555,-8.509910670004366,False,True,False,True,True,11.674397913616325,0.0,0.0,0.0,0.0,1,1.035321712535306,0.8976086265773903,False,False,False,False,0.09936158982878052,0.10321738881622335,False,False,False,False,-643413,1415955.5557380386,False,False,False,False,110312.633974505,False,False,False,False
2024-12-30 00:00:00+00:00,19.5924842485,19.6412703148,19.3095250636,19.4266116229,221335,,,,,,,,,,19.513956735576798,19.517944417527147,18.836766660789024,18.55787888885403,18.21597255729844,17.806154298601925,17.19928462591235,17.02050319223836,16.445506238974453,16.323922429658264,15.979954369825641,15.782984048960213,15.470932210863346,15.23814338227845,15.046646129899885,14.879309832176947,14.63145434701105,18.55787888885403,18.21597255729844,17.19928462591235,17.02050319223836,16.445506238974453,,,16.851018492143904,"rgba(0, 255, 255, 0.75)",0.9382750495562441,18.03500634669401,1.6599374592158191,49.01721151000855,-7.161381178207918,False,True,False,False,True,12.750799225757202,0.0,0.0,0.0,0.0,1,1.0334490306283863,0.8981539501943018,False,False,False,False,0.09994879041755912,0.10158308961689123,False,False,False,False,-422078,1343875.808454194,False,False,False,False,114666.45225001461,False,False,False,False
2024-12-31 00:00:00+00:00,19.6024766106,19.7539036664,19.538974942,19.558513917,166849,,,,,,,,,,19.520828759239595,19.523315007993244,18.86229938195524,18.5898276134861,18.25474024344006,17.851902529651515,17.253586561264935,17.076835971564506,16.50693238399164,16.386321828696275,16.044581627719243,15.848486065276541,15.537135219165744,15.30448234456911,15.11292935866238,14.945523510191457,14.697128668671775,18.5898276134861,18.25474024344006,17.253586561264935,17.076835971564506,16.50693238399164,,,16.900991592678785,"rgba(0, 255, 255, 0.75)",0.9306868482554285,18.07279001228298,1.6436104165266938,49.87924141065312,-6.059323606259348,False,True,False,False,True,12.835738511923303,0.0,0.0,0.0,0.0,1,1.0525591261023,0.8909645839160503,False,False,False,False,0.15173072416620445,0.12665690689154785,False,False,False,False,-255229,1281165.8159657943,False,False,False,False,116712.82667158268,False,False,False,False
2025-01-02 00:00:00+00:00,19.9297544409,19.9590629033,19.4803580172,19.6757477666,538623,,,,,,,,,,19.563434055470996,19.558525567437837,18.949419502773793,18.694967266373514,18.379404849309573,17.99693093732179,17.424067400292984,17.253465160807462,16.69926540591543,16.58168131977013,16.246979679561807,16.05374185580836,15.744892934416672,15.512942245053063,15.32145151146719,15.154022844181533,14.904268360620364,18.694967266373514,18.379404849309573,17.424067400292984,17.253465160807462,16.69926540591543,,,17.061144758622497,"rgba(0, 255, 255, 0.75)",0.9279351459437833,18.196895515917266,1.8674353833427422,53.32759168938022,-2.566689828550828,False,True,True,False,True,15.546997277239228,0.0,0.0,0.0,0.0,1,1.0509875662501411,0.8697846886955302,False,False,False,False,0.17414651043776722,0.15040170866465752,False,False,False,False,283394,1242037.5094573316,False,False,False,False,133258.32366485396,False,False,False,False
2025-01-03 00:00:00+00:00,20.0958357279,20.1837611151,19.9786018782,19.9786018782,196171,,,,,,,,,,19.591948134156485,19.582753164618136,18.98702097217526,18.737988920219877,18.428436499383743,18.052364928005254,17.487681868927112,17.3190778259962,16.77002418531642,16.653443736746713,16.32108520154259,16.128801696040327,15.820785835771055,15.589064136845046,15.397586752553721,15.230143779705552,14.97991122562045,18.737988920219877,18.428436499383743,17.487681868927112,17.3190778259962,16.77002418531642,,,17.122242286095528,"rgba(0, 255, 255, 0.75)",0.9282899726002469,18.246722556846965,1.9919564205497722,56.8256196147296,0.8343182416990658,False,True,True,False,True,16.860052124160873,0.0,0.0,0.0,0.0,1,1.0733049526094551,0.8622063159181937,False,False,False,False,0.2877936567249326,0.21909768269479507,False,False,False,False,479565,1212136.6267335147,False,False,False,False,135725.4874427028,False,False,False,False
2025-01-06 00:00:00+00:00,20.056757778,20.2814559898,20.056757778,20.2814559898,190091,,,,,,,,,,19.619048544200552,19.606139825016964,19.022573491030194,18.77853898526212,18.474568433490482,18.104487569075772,17.547521661191652,17.380821665897955,16.83672993262369,16.721119758798988,16.39105188692142,16.19972435553602,15.89259673922177,15.661171244963938,15.469771641748641,15.302368709046572,15.051768125657048,18.77853898526212,18.474568433490482,17.547521661191652,17.380821665897955,16.83672993262369,,,17.18000015115787,"rgba(0, 255, 255, 0.75)",0.9267773053737955,18.293737658170375,1.9023125724022236,58.67104003590099,2.6250037665379296,False,True,True,False,True,16.375518498031887,0.0,0.0,0.0,0.0,1,1.0734156576064955,0.8583173506591937,False,False,False,False,0.3164561832578713,0.2677769329763332,False,False,False,False,289474,1175953.778626318,False,False,False,False,137857.4683273027,False,False,False,False
2025-01-07 00:00:00+00:00,20.037218803,20.1446831652,19.9981408532,20.1056052153,125534,,,,,,,,,,19.63320169662549,19.618560824020374,19.04342550533654,18.802697851288347,18.502428523688412,18.136332760309116,17.58452102357875,17.419107814544162,16.878422365802823,16.7634778406878,16.435007042297723,16.244370375599313,15.93794291285543,15.706804729395245,15.515532666524471,15.348219110772737,15.097478784002242,18.802697851288347,18.502428523688412,17.58452102357875,17.419107814544162,16.878422365802823,,,17.21573716631347,"rgba(0, 255, 255, 0.75)",0.922456834552216,18.322099736507074,1.8592946599235582,59.643061727467526,3.6459587577253103,False,False,True,False,True,16.130271427718974,0.0,0.0,0.0,0.0,0,1.0728124321635577,0.8688907956987448,False,False,False,False,0.2846379357529045,0.27620743436461886,False,False,False,False,163940,1136266.963778227,False,False,False,False,137374.19505956533,False,False,False,False
2025-01-08 00:00:00+00:00,20.2326085525,20.2423780399,20.037218803,20.037218803,191675,,,,,,,,,,19.65831361038484,19.640708227226966,19.076991861327787,18.840975354910668,18.546021061544405,18.185690414324302,17.641393359635046,17.477864506720394,16.94218557754267,16.828223494306112,16.50211490704908,16.312503025865325,16.007117813304763,15.776409894602104,15.585330488429795,15.418152542090978,15.167207587023572,18.840975354910668,18.546021061544405,17.641393359635046,17.477864506720394,16.94218557754267,,,17.271011983899342,"rgba(0, 255, 0, 1.0)",0.9192537809674002,18.366684596023287,2.0298246198270307,61.83055508887567,5.851728657356759,False,False,True,False,True,17.699570697671174,0.0,0.0,0.0,0.0,0,1.074803695310324,0.8653316040083567,False,False,False,False,0.30684810992888456,0.29152777214675174,False,False,False,False,355615,1105653.1612771202,False,False,False,False,139503.63839056276,False,False,False,False
2025-01-10 00:00:00+00:00,20.1935306026,20.4768457392,20.1447808601,20.3986898395,124866,,,,,,,,,,19.676430376911096,19.65677616487944,19.099725293739155,18.866587235814773,18.57490453282958,18.218147257535463,17.67854238518767,17.516195544404248,16.98367010070371,16.870329188575266,16.54571825490316,16.35675887904681,16.05204192963298,15.821613502052786,15.630661868895404,15.463574660894695,15.212506425242795,18.866587235814773,18.57490453282958,17.67854238518767,17.516195544404248,16.98367010070371,,,17.30730491772053,"rgba(0, 255, 255, 0.75)",0.9186599762297767,18.3963265926757,1.9563321102766544,62.720194059585396,6.846001599593492,False,False,True,False,True,17.19799195597741,0.0,0.0,0.0,0.0,0,1.0874266924337932,0.8462634108134122,False,False,False,False,0.3428282215435287,0.31717799684514025,False,False,False,False,230749,1071343.1941682135,False,False,False,False,138929.61335563875,False,False,False,False
2025-01-13 00:00:00+00:00,20.2619170149,20.3693813771,20.1739916276,20.1739916276,73165,,,,,,,,,,19.68650113432613,19.665768162663696,19.112612086961207,18.8811386925405,18.5913519250697,18.236670520049582,17.699799227767034,17.538144508184818,17.007477195785796,16.894502504470797,16.570779871486078,16.38221239670155,16.077907879316115,15.847661269271509,15.656799985068133,15.489778860961412,15.238660546673561,18.8811386925405,18.5913519250697,17.699799227767034,17.538144508184818,17.007477195785796,,,17.328103927488094,"rgba(0, 255, 0, 1.0)",0.9179001840891754,18.413213758472992,2.0140569622626896,63.87255537406895,8.138167297541393,False,False,True,False,True,17.751138528472676,0.0,0.0,0.0,0.0,0,1.08681663435127,0.852679039219075,False,False,False,False,0.32993580586917914,0.3235569013571597,False,False,False,False,303914,1041247.931651813,False,False,False,False,136350.6089103196,False,False,False,False
2025-01-14 00:00:00+00:00,20.7321224469,20.8285472882,20.3303034272,20.3303034272,72658,,,,,,,,,,19.70218076919008,19.679647334631255,19.129051255167482,18.89898585686361,18.610829200281486,18.257955148358345,17.723492108750996,17.56244121831314,17.03336637051128,16.920708997937627,16.59773945979984,16.409487356669374,16.10547377824,15.875321268368825,15.684481232242646,15.5174695722848,15.266216611141862,18.89898585686361,18.610829200281486,17.723492108750996,17.56244121831314,17.03336637051128,,,17.351461619926628,"rgba(0, 255, 0, 1.0)",0.9243740333790403,18.433333240440636,2.4868604303564896,67.60959210465538,11.820159235666068,True,False,True,False,True,20.0,0.0,0.0,0.0,0.0,0,1.0878902597840225,0.8285856934064453,False,False,False,False,0.3428282244090029,0.3331925628830813,False,False,False,False,376572,1015182.208841938,False,False,False,False,133852.85954128747,False,False,False,False
2025-01-15 00:00:00+00:00,20.9653201128,21.0825539624,20.9164726754,21.0825539624,68429,,,,,,,,,,19.721990502917233,19.69714217800392,19.14782425683632,18.918869783038744,18.632025762858103,18.280629128792654,17.748162040936503,17.5876054428089,17.059804505530046,16.94740445193204,16.62502839523105,16.43700695686441,16.133160538294682,15.903018627525997,15.712136712328576,15.545083143652,15.293626413917103,18.918869783038744,18.632025762858103,17.748162040936503,17.5876054428089,17.059804505530046,,,17.375912873027545,"rgba(0, 255, 0, 1.0)",0.9318485842133085,18.455308056575657,2.6935835915266892,71.14420365859415,15.182811856150096,True,False,True,False,True,20.0,0.0,0.0,0.0,0.0,0,1.110350463975303,0.8217755565412629,False,False,False,False,0.34282822868704654,0.3380103957850639,False,False,False,False,445001,992822.1614363717,False,False,False,False,131287.21799064876,False,False,False,False
2025-01-16 00:00:00+00:00,21.1997878121,21.256743924,20.9262421629,20.9262421629,293080,,,,,,,,,,19.80899045677488,19.774620681706363,19.22989928141196,19.005380754886225,18.723821558041355,18.378417624415576,17.854109554610307,17.695582588780177,17.173033027123346,17.061697993724835,16.74178469753035,16.554724523818503,16.251581299610425,16.021490543133297,15.83043978160136,15.663215938618356,15.41091488493146,19.005380754886225,18.723821558041355,17.854109554610307,17.695582588780177,17.173033027123346,,,17.481159128865812,"rgba(0, 255, 0, 1.0)",0.9432203050716167,18.550468611476287,2.808802128599802,74.38644328942146,18.201043141799445,True,False,True,False,True,20.0,0.0,0.0,0.0,0.0,0,1.1118054850434471,0.8148458651960664,False,False,False,False,0.34282822855879325,0.34041931217192856,False,False,False,False,738081,982832.3119682788,False,False,False,False,137632.03297140764,False,False,False,False
2025-01-17 00:00:00+00:00,21.3463301242,21.4733334613,21.1949030684,21.2974826868,74975,,,,,,,,,,19.832826187429532,19.79598945731179,19.252023904128105,19.028523221103537,18.74819310835245,18.404198346018685,17.88182976745567,17.723785711916534,17.202482508014658,17.091402117344153,16.772074581787734,16.585239135108196,16.282248496981534,16.05215426948913,15.861048507853546,15.693771518069264,15.441243245161875,19.028523221103537,18.74819310835245,17.88182976745567,17.723785711916534,17.202482508014658,,,17.508766710795673,"rgba(0, 255, 0, 1.0)",0.9554507370238687,18.575738091777218,2.8997748654764703,77.04128716470085,20.65090534742147,True,False,True,False,True,20.0,0.0,0.0,0.0,0.0,0,1.115319606196375,0.806499236022253,False,False,False,False,0.3428282291785857,0.3416237706752571,False,False,False,False,813056,976174.4173812876,False,False,False,False,135174.8944235093,False,False,False,False
2025-01-21 00:00:00+00:00,21.6589537232,21.7859570604,21.3463301242,21.3463301242,53869,,,,,21.597080302600002,,,,,19.85236559925872,19.813503126969668,19.269573174513884,19.04670170719533,18.76714772809734,18.4240562189745,17.90294731548083,17.745213565111246,17.22469448948006,17.113776435366344,16.794812370590492,16.608105600609328,16.305171979959894,16.075036858940297,15.883861089494099,15.716520806444406,15.463791336835195,19.04670170719533,18.76714772809734,17.90294731548083,17.745213565111246,17.22469448948006,21.597080302600002,21.597080302600002,17.52983996490127,"rgba(0, 255, 0, 1.0)",0.9765647894283247,18.819573121187418,2.907518920147366,79.71519873390662,23.13715317685579,True,False,True,False,True,20.0,-1.0,21.785957,21.34633,0.0,0,1.121392965222642,0.8081297575022479,False,False,False,False,0.3428282284882431,0.34222599958175015,False,False,False,False,866925,971890.12650359,False,True,False,False,131986.42797552855,False,False,False,False
2025-01-22 00:00:00+00:00,21.3605935759,21.6540689795,21.3560996116,21.6003367984,592168,,,,,21.468607756403188,,,,,20.02651272052765,19.97220790902503,19.435836409372907,19.220679256240903,18.950465981821424,18.618139368268388,18.111950843817553,17.957997375921963,17.447465929157396,17.338587234843473,17.024429509076636,16.839679864731586,16.53837481717047,16.308588023583116,16.117303125888412,15.949813877052865,15.695764810614664,19.220679256240903,18.950465981821424,18.111950843817553,17.957997375921963,17.447465929157396,21.468607756403188,21.468607756403188,17.738458650418494,"rgba(0, 255, 0, 1.0)",0.9884275042660468,18.9916425049123,2.396686717805124,77.55907954491153,23.13715317685579,True,False,True,False,True,20.0,0.0,0.0,0.0,0.0,0,1.1146640290889398,0.8372122231100713,False,False,False,False,0.3270782648211044,0.3346521322014273,False,False,False,False,274757,944551.5725230571,False,False,False,False,150032.76413335098,False,False,False,False
2025-01-23 00:00:00+00:00,21.4342555114,21.5026419237,21.2974826868,21.2974826868,75025,,,,,21.462661655546906,,,,,20.045298310667782,19.989604281233973,19.45468076714989,19.240533026490354,18.971534198612133,18.64060454137712,18.136352877821608,17.982899578394477,17.473726131695066,17.365123268378884,17.05163471992434,16.867176600992188,16.566163030806923,16.336490466447593,16.145250728461484,15.977791697953888,15.723657491166104,19.240533026490354,18.971534198612133,18.136352877821608,17.982899578394477,17.473726131695066,21.462661655546906,21.462661655546906,17.76285421868081,"rgba(0, 255, 0, 1.0)",1.0034583461182487,19.011787148193214,2.4141195023966837,76.44585911067634,23.13715317685579,True,False,True,False,False,20.0,0.0,0.0,0.0,0.0,0,1.0958286224195175,0.8620722837886011,False,False,False,False,0.3003458501384589,0.31749899116994307,False,False,False,False,349782,921227.2755613687,False,False,False,False,147091.28318694505,False,False,False,False
2025-01-24 00:00:00+00:00,21.3951775615,21.4889646412,21.3658690991,21.4342555114,19397,,,,,21.461456873478433,,,,,20.050090733356296,19.994049973753203,19.459507271738012,19.24561980212569,18.976934135235645,18.646364842861413,18.142613125608808,17.989289182832422,17.480467857321205,17.371936508251533,17.058621902044965,16.87423998237395,16.573303595333524,16.343662159339026,16.15243547705308,15.984985416864603,15.730831209594356,19.24561980212569,18.976934135235645,18.142613125608808,17.989289182832422,17.480467857321205,21.461456873478433,21.461456873478433,17.76911489268751,"rgba(0, 255, 0, 1.0)",1.0153828324439849,19.016965096676504,2.3421830553302097,75.18977541825623,23.13715317685579,True,False,True,False,False,20.0,0.0,0.0,0.0,0.0,0,1.0855389108914986,0.8653591274104674,False,False,False,False,0.30726726957651007,0.31238313037322657,False,False,False,False,330385,898056.9902452367,False,False,False,False,142083.6642384374,False,False,False,False
2025-01-27 00:00:00+00:00,20.3107644522,20.9848590877,20.2741288742,20.9848590877,24830,,,,,21.43101653435456,,,,,20.05219796161466,19.996151958381652,19.462846527102666,19.249431393052813,18.981293268725892,18.65133698400589,18.14841477417815,17.99531077839544,17.48711314892878,17.37870563695108,17.06570664586678,16.88147774953412,16.58073312258211,16.351201513950123,16.16004805107621,15.992656230690823,15.738549110099596,19.249431393052813,18.981293268725892,18.14841477417815,17.99531077839544,17.48711314892878,21.43101653435456,21.43101653435456,17.774892638537455,"rgba(38, 166, 154, 1.0)",1.0065977854847308,19.019586153580843,1.2827152187677293,64.95157352425528,22.177207920287586,False,False,True,False,False,11.326929826056627,0.0,0.0,0.0,0.0,0,1.0627441112877931,0.8916064965791014,False,False,False,False,0.11409188756941097,0.21323750897131877,False,False,False,False,305555,874821.6180787568,False,False,False,False,137485.48132712615,False,False,False,False
2025-01-28 00:00:00+00:00,20.5452321515,20.5452321515,20.2326085525,20.3596118896,62740,,,,,21.356004531497113,,,,,20.056524764302168,20.000572497016655,19.470544334875566,19.25834667357997,18.99161754936231,18.663237152641525,18.162445815362958,18.009908497030995,17.503324465291406,17.395236990615338,17.083057132716988,16.89922866466874,16.598993030235647,16.369758093325526,16.178805449789888,16.01157396767499,15.75760700769154,19.25834667357997,18.99161754936231,18.162445815362958,18.009908497030995,17.503324465291406,21.356004531497113,21.356004531497113,17.788869534481307,"rgba(0, 255, 255, 0.75)",0.9971232971650513,19.02561997406028,1.5239962618065084,59.68995152960515,17.577236326740376,False,False,True,False,False,13.038108677979992,0.0,0.0,0.0,0.0,0,1.057809116573776,0.9074385615853194,False,False,False,False,0.058083266797806926,0.13566038788456286,False,False,False,False,368295,854957.8291344919,False,False,False,False,134554.28598096434,False,False,False,False
2025-01-29 00:00:00+00:00,20.6038490764,20.777257479,20.555001639,20.6038490764,26108,,,,,21.33428288489726,,,,,20.0592389204284,20.003227712382692,19.474379037476368,19.26265163971524,18.996470546891164,18.66870652704223,18.168753175263237,18.01643811437013,17.510483783134507,17.402521724254946,17.09066092239744,16.90698647123926,16.60694216511011,16.377815615840284,16.186934528142945,16.019759869438484,15.76583617413452,19.26265163971524,18.996470546891164,18.168753175263237,18.01643811437013,17.510483783134507,21.33428288489726,21.33428288489726,17.795165113368352,"rgba(0, 255, 255, 0.75)",0.9913982787176826,19.02916724728583,1.5883443242920805,56.56698297865975,14.954903355885904,False,True,True,False,False,13.460010078927148,0.0,0.0,0.0,0.0,0,1.072947243806681,0.8886633855437474,False,False,False,False,0.12267528407683989,0.12916783598070136,False,False,False,False,394403,836896.8554429433,False,False,False,False,130301.49045229907,False,False,False,False
2025-01-30 00:00:00+00:00,20.8655208905,21.0223308173,20.7773153066,20.914229974,40534,,,,,21.314081198986056,,,,,20.065130290442056,20.00885083252963,19.481508577834216,19.270448050085704,19.005051071485227,18.678175114391802,18.179437114531233,18.027443028781708,17.522391237751467,17.4146098976393,17.10320477640002,16.919746237693555,16.619960859263056,16.39097428920789,16.200181616330035,16.033076450067995,15.779191187844615,19.270448050085704,19.005051071485227,18.179437114531233,18.027443028781708,17.522391237751467,21.314081198986056,21.314081198986056,17.805845919545852,"rgba(0, 255, 255, 0.75)",0.9874944804722582,19.03640218566799,1.852282459297653,56.14630954181606,14.683951847808288,False,True,True,False,False,15.311348885768954,0.0,0.0,0.0,0.0,0,1.0846993398314984,0.8601531440619159,False,False,False,False,0.17790895603829118,0.15353839600949626,False,False,False,False,434937,821133.7238569455,False,False,False,False,126781.19670907165,False,False,False,False
2025-01-31 00:00:00+00:00,20.5224991755,20.8753215109,20.4440942121,20.8753215109,50808,,,,,21.276458822564063,,,,,20.069975268166914,20.01363124255552,19.488620870300622,19.278475903672064,19.014145946353256,18.68847069179547,18.19136644134666,18.039807017856337,17.535991582347982,17.428456465754202,17.11768007073567,16.93452715975008,16.63512600521671,16.40636039083715,16.2157155462356,16.048728189430282,15.794939367577603,19.278475903672064,19.014145946353256,18.19136644134666,18.039807017856337,17.535991582347982,21.276458822564063,21.276458822564063,17.817765774113656,"rgba(0, 255, 255, 0.75)",0.9778929765478291,19.043197218426222,1.5127442292264208,53.536047280801014,12.158028272798923,False,True,False,False,False,11.817730181415182,0.0,0.0,0.0,0.0,0,1.0653996606177314,0.8830157287292908,False,False,False,False,0.12116947105958403,0.13735393353454015,False,False,False,False,384129,803996.2837056929,False,False,False,False,123801.85566165709,False,False,False,False
2025-02-03 00:00:00+00:00,20.6891097228,20.7773153066,20.2284805627,20.2480818035,31950,,,,,21.25320177287037,,,,20.564968530700003,20.07270788567144,20.016356622526658,19.492855009197424,19.28329173683387,19.019639102750855,18.694725698296057,18.19865783472646,18.04737474991067,17.54434769611381,17.43696949593927,17.12659498627377,16.943638557366736,16.64448686096631,16.41586645345746,16.225319786467384,16.058410877626546,15.804689819601203,19.28329173683387,19.019639102750855,18.19865783472646,18.04737474991067,17.54434769611381,21.25320177287037,21.25320177287037,17.977272316912554,"rgba(0, 255, 255, 0.75)",0.974027121497701,19.19829832847422,1.5305645617274535,52.88558877257081,11.380843700203016,False,True,False,False,False,13.00632909785519,0.0,0.0,0.0,0.0,0,1.0297328530531955,0.9002487590483942,False,False,False,False,0.08455197158914536,0.11095295256184276,False,False,False,False,416079,788783.8412074305,False,False,False,False,120199.82210629799,False,False,False,False
2025-02-04 00:00:00+00:00,20.7871159271,20.8599345368,20.5715022776,20.5715022776,53459,,,,,21.226563531625995,,,,20.674221860598,20.07881081415701,20.022288843829568,19.501006972728778,19.29235597132923,19.029772177818035,18.70606700995161,18.211650754971135,18.060807110097297,17.55902858128618,17.451899794770544,17.14216084493523,16.959511885501183,16.66074309962282,16.432340314017228,16.241937726806096,16.07514343215129,15.82151047198395,19.29235597132923,19.029772177818035,18.211650754971135,18.060807110097297,17.55902858128618,21.226563531625995,21.226563531625995,17.99562542591973,"rgba(0, 255, 255, 0.75)",0.968846357976344,19.21139901005187,1.626384724549487,53.086490303039646,11.274503509967175,False,True,False,False,False,13.698536047506977,0.0,0.0,0.0,0.0,0,1.0444926852929275,0.8996529186330435,False,False,False,False,0.1343224787908181,0.12263771567633043,False,False,False,False,469538,776264.3964541978,False,False,False,False,117582.53496487455,False,False,False,False
2025-02-05 00:00:00+00:00,20.9439258539,21.0713339195,20.7381128249,20.7381128249,27239,,,,,21.218614902929946,,,,20.733118389083806,20.082705188896472,20.026016259300697,19.50571178885032,19.29749483498836,19.03542308673904,18.712299904565988,18.21868336589307,18.068051963989728,17.566873570049477,17.459865153484934,17.150431155981558,16.96792792928044,16.669336483070218,16.441031495573945,16.250691876179012,16.083947363009063,15.830346170051603,19.29749483498836,19.03542308673904,18.21868336589307,18.068051963989728,17.566873570049477,21.218614902929946,21.218614902929946,18.00555310994376,"rgba(0, 255, 255, 0.75)",0.9653706190457031,19.21898881795669,1.78681327348502,54.22386649222592,11.274503509967175,False,True,True,False,False,14.796043658374629,0.0,0.0,0.0,0.0,0,1.0381054065995077,0.894633741743433,False,False,False,False,0.17907756325132643,0.15085763946382844,False,False,False,False,496777,765304.1063971705,False,False,False,False,114039.65124076181,False,False,False,False
2025-02-06 00:00:00+00:00,20.6303060002,20.9733277152,20.5715022776,20.9733277152,26163,,,,,21.206705486896965,,,,20.731596784753844,20.085556309439205,20.02879981569758,19.509588602512146,19.30181667392459,19.040266497451597,18.717733285491775,18.224923929176644,18.074507795699105,17.57394279781151,17.467056932670243,17.15793606112895,16.975585071653153,16.6771848190717,16.448989652194985,16.25872342850075,16.092037450008633,15.8384836011278,19.30181667392459,19.040266497451597,18.224923929176644,18.074507795699105,17.57394279781151,21.206705486896965,21.206705486896965,18.011373861573013,"rgba(38, 166, 154, 1.0)",0.9551677206050543,19.222600749545524,1.4737780813643504,52.63477323207982,10.15105645229999,False,True,False,False,False,11.630759272696327,0.0,0.0,0.0,0.0,0,1.0260177285095646,0.9194535751446288,False,False,False,False,0.14768383023184636,0.1492707348478374,False,False,False,False,470614,753747.6316364971,False,False,False,False,110593.50805484959,False,False,False,False
2025-02-07 00:00:00+00:00,20.5813028981,20.6842094126,20.4930973142,20.4930973142,29193,,,,,21.1904373238275,,,,20.706332656057995,20.088023641559264,20.031265515482573,19.5133945768139,19.306140810722425,19.045195484546255,18.723344442501176,18.231465975833242,18.0812989570089,17.581447553792007,17.474703914987128,17.165948517315638,16.983777227550057,16.685607163148905,16.457547439296512,16.26737363463977,16.10076171479838,15.847274487799348,19.306140810722425,19.045195484546255,18.231465975833242,18.0812989570089,17.581447553792007,21.1904373238275,21.1904373238275,18.0161613174363,"rgba(38, 166, 154, 1.0)",0.9397130722985514,19.22484942898462,1.443476215348878,51.22962127499459,8.428031361592303,False,True,False,False,False,11.146600697806559,0.0,0.0,0.0,0.0,0,1.0102056007794815,0.9459631392693432,False,False,False,False,0.10454292115199658,0.12690682799991698,False,False,False,False,441421,741499.5284350659,False,False,False,False,107401.3312683849,False,False,False,False
2025-02-10 00:00:00+00:00,20.8361190292,20.93343919,20.6891097228,20.6891097228,27491,,,,,21.18150118767993,,,,20.72225440554937,20.09140297107485,20.03453563265393,19.517728396761253,19.310923793981008,19.050506990117235,18.729255793942247,18.23820079373908,18.088253341671905,17.58902686137919,17.48240836376928,17.173972129204728,16.99195537758697,16.69397786534479,16.46602765158691,16.27592639176399,16.109372235432765,15.855929317731476,19.310923793981008,19.050506990117235,18.23820079373908,18.088253341671905,17.58902686137919,21.18150118767993,21.18150118767993,18.0234254618495,"rgba(0, 255, 255, 0.75)",0.925159929504967,19.229917485898405,1.7361339289316584,52.134574405086475,8.428031361592303,False,True,False,False,False,12.985615451615793,0.0,0.0,0.0,0.0,0,1.0271691199801465,0.929223665348596,False,False,False,False,0.15687165720481946,0.14188924260236824,False,False,False,False,468912,730809.8214376123,False,False,False,False,104267.59278727177,False,False,False,False
2025-02-11 00:00:00+00:00,20.6303060002,20.7577140658,20.5028979347,20.7087109636,25939,,,,,21.169248815851716,,,,20.7114834774828,20.093741708524774,20.03685848736159,19.52120063499707,19.31484645667604,19.054956532862075,18.734300709586304,18.24405980621002,18.094330384027273,17.595728778151955,17.48923497397641,17.181119189328463,16.9992599697075,16.701484094693694,16.47365242136866,16.283631988041673,16.117142612901894,15.863757654941228,19.31484645667604,19.054956532862075,18.24405980621002,18.094330384027273,17.595728778151955,21.169248815851716,21.169248815851716,18.02837721560219,"rgba(0, 255, 255, 0.75)",0.9093107952388773,19.232680933849053,1.5370158076522005,51.17530036749674,7.678213610521269,False,True,False,False,False,10.94554836531545,0.0,0.0,0.0,0.0,0,1.0142144703388922,0.9187913284757433,False,False,False,False,0.11428195072904203,0.12808559666570513,False,False,False,False,442973,719522.1029498628,False,False,False,False,101195.88326620229,False,False,False,False
2025-02-12 00:00:00+00:00,20.3950911099,20.6891097228,20.3852904895,20.4930973142,44062,,,,,21.144527799774202,,,,20.67469770253608,20.09664028297916,20.039838777817703,19.526308644802434,19.320750716326064,19.06178880869741,18.74217889404006,18.25336482700938,18.104018846076094,17.606521844605254,17.500247983573022,17.192700528607627,17.011123671472582,16.71371579085049,16.486105084505393,16.29623798398403,16.1298719943069,15.876606625876862,19.320750716326064,19.06178880869741,18.25336482700938,18.104018846076094,17.606521844605254,21.144527799774202,21.144527799774202,18.0351510560037,"rgba(38, 166, 154, 1.0)",0.8893351793865198,19.23556333981401,1.3038141265094836,48.918757449292826,5.18587908361625,False,True,False,False,False,8.682807165404409,0.0,0.0,0.0,0.0,0,1.002640866953388,0.9304347797199742,False,False,False,False,0.09253937617728179,0.11031248642149347,False,False,False,False,398911,706949.1185204565,False,False,False,False,98955.33882439045,False,False,False,False
2025-02-13 00:00:00+00:00,20.6891097228,20.7577140658,20.3558886282,20.3558886282,35496,,,,,21.129046921787303,,,,20.66599522428535,20.099595655534895,20.04279692734827,19.530854473216444,19.325911982109336,19.067670135404583,18.748874364984633,18.261174499755032,18.1121277051411,17.615490982894965,17.509388804131564,17.202283887813067,17.0209257780763,16.72380041314272,16.496357582209406,16.30660597967693,16.140332785330003,15.887153837692717,19.325911982109336,19.067670135404583,18.261174499755032,18.1121277051411,17.615490982894965,21.129046921787303,21.129046921787303,18.042074501041515,"rgba(0, 255, 255, 0.75)",0.8742476996878112,19.2395201445692,1.6580993907658432,49.624582384572626,5.18587908361625,False,True,False,False,False,10.83745845423731,0.0,0.0,0.0,0.0,0,0.996858257935506,0.9356237385182025,False,False,False,False,0.09710883438203949,0.10371066040176648,False,False,False,False,434407,696261.192303968,False,False,False,False,96466.73730186533,False,False,False,False
2025-02-14 00:00:00+00:00,20.6793091024,20.85572027,20.6009041389,20.6205053798,35846,,,,,21.11738813662755,,,,20.670888652992783,20.103198747995194,20.046341021778463,19.535878746140625,19.331532478946702,19.07399099052214,18.755989668664796,18.269380530139383,18.12062633222051,17.624829164245185,17.51889491897071,17.21222171182656,17.031075802215042,16.734221751248977,16.506938234059366,16.31729515350381,16.151108984337398,15.898007221173541,19.331532478946702,19.07399099052214,18.269380530139383,18.12062633222051,17.624829164245185,21.11738813662755,21.11738813662755,18.050134450610066,"rgba(0, 255, 255, 0.75)",0.8551653482096432,19.244768309332414,1.6775010775061365,50.02106044521106,5.18587908361625,False,True,False,False,False,10.742703767221105,0.0,0.0,0.0,0.0,0,1.017067716111917,0.9319131690412434,False,False,False,False,0.13728610445357006,0.12049838242766828,False,False,False,False,398561,684586.6749587144,False,False,False,False,94089.45348610591,False,False,False,False
2025-02-18 00:00:00+00:00,20.8949227518,20.992928956,20.6793091024,20.7283122045,24143,,,,,21.11255259072306,,,,20.683250494006618,20.10616907794628,20.04921787653602,19.53964932300306,19.335683886393536,19.078592094325668,18.761103017946233,18.275199987206378,18.126634860650412,17.631378310543944,17.525552531068136,17.219156987649114,17.03814637976796,16.741462625979747,16.514277212046643,16.324699864596806,16.15856622975506,15.905507166574706,19.335683886393536,19.078592094325668,18.275199987206378,18.126634860650412,17.631378310543944,21.11255259072306,21.11255259072306,18.056347106999798,"rgba(0, 255, 255, 0.75)",0.8348648620625209,19.249238665312838,1.9711981678346413,51.848254837535876,5.18587908361625,False,True,False,False,True,12.296563459648528,0.0,0.0,0.0,0.0,1,1.0207586488299611,0.9073307169508624,False,False,False,False,0.1627595427757898,0.14162896260172902,False,False,False,False,422704,674316.766136804,False,False,False,False,91346.4553101802,False,False,False,False
2025-02-19 00:00:00+00:00,20.924324613,21.0713339195,20.8263184088,20.9831283356,9979,,,,20.940658980433334,21.11124958592217,,,,20.690174904417585,20.1075283133511,20.0505256024979,19.541301704826118,19.337488699861197,19.080577494577856,18.76329465569892,18.277676616321305,18.129187710733987,17.63414861848915,17.52836655017693,17.22208260572119,17.041126077410834,16.7445096971956,16.5173625999483,16.32781063465013,16.16169723670823,15.908653564185428,19.337488699861197,19.080577494577856,18.277676616321305,18.129187710733987,17.63414861848915,21.11124958592217,21.025954283177754,18.05908407148732,"rgba(0, 255, 255, 0.75)",0.80990826140075,19.402950944168108,1.8784518461395248,53.27547897030016,5.18587908361625,False,True,True,False,True,12.506841695193831,0.0,0.0,0.0,0.0,1,1.0395449513038517,0.8985902999747314,False,False,False,False,0.18961723646451653,0.16562309953312276,False,False,False,False,432683,664840.9321706549,False,False,False,False,88155.57470978098,False,False,False,False
2025-02-20 00:00:00+00:00,20.8851221313,20.9145239926,20.6009041389,20.7871159271,57910,,,,20.820831914919847,21.098142404547932,,,,20.70502927332058,20.114014229788925,20.056853685096005,19.549859431005252,19.346971997276487,19.09115222556689,18.77511166851329,18.291205202173316,18.143175750121248,17.649454979795895,17.543937194225485,17.23833216906664,17.05770870321823,16.76151643470012,16.53461716983054,16.345233329939106,16.179254703204684,15.92632778342305,19.346971997276487,19.09115222556689,18.291205202173316,18.143175750121248,17.649454979795895,21.098142404547932,20.95948715973389,18.072764218348098,"rgba(0, 255, 255, 0.75)",0.7839558867088811,19.405701416389515,1.8871224006254101,53.84795528859481,5.18587908361625,False,True,True,False,True,12.109393405771037,0.0,0.0,0.0,0.0,1,1.0236417003930611,0.9143802317794244,False,False,False,False,0.14421450674969472,0.15491880314140874,False,False,False,False,374773,653465.7191443547,False,False,False,False,86969.47374076997,False,False,False,False
2025-02-21 00:00:00+00:00,20.6205053798,20.8067171679,20.4636954529,20.7185115841,30953,,,,20.76116751478303,21.087837900445766,,,,20.699999273792717,20.11658539790464,20.05942941593092,19.553770998225332,19.351403919739447,19.09619473173025,18.78084668089025,18.297891335026392,18.150118274168356,17.657137875312095,17.551768087018637,17.246545850910234,17.06611267885818,16.770168304575606,16.543417848564335,16.354137252269194,16.188241803624393,15.93539496012783,19.351403919739447,19.09619473173025,18.297891335026392,18.150118274168356,17.657137875312095,21.087837900445766,20.924502707614398,18.078842482703823,"rgba(0, 255, 255, 0.75)",0.7537271243856417,19.406022902263626,1.6113026030823718,51.832962309202394,5.18587908361625,False,True,False,False,True,9.466965116616123,0.0,0.0,0.0,0.0,1,0.9999737596371858,0.920844429090264,False,False,False,False,0.11542910393797215,0.13517395353969044,False,False,False,False,343820,641322.7497661447,False,False,False,False,84772.74928034762,False,False,False,False
2025-02-24 00:00:00+00:00,20.3852904895,20.5322997959,20.257882424,20.4930973142,90008,,,,20.58513442082116,21.045942375191853,,,,20.64955064728813,20.120514372484507,20.063714902281607,19.562501703594883,19.361748195796824,19.108421334619116,18.79519913829561,18.315152585830205,18.168167763621604,17.67748147068261,17.572568706176636,17.26853839542993,17.08870719503716,16.7935677386241,16.567314844487992,16.378387598656026,16.212778297475793,15.960234564993687,19.361748195796824,19.108421334619116,18.315152585830205,18.168167763621604,17.67748147068261,21.045942375191853,20.815538398006506,18.092474969743133,"rgba(38, 166, 154, 1.0)",0.7199819711944411,19.402232123512853,1.365393031100857,48.68351868918036,3.5909645517177964,False,True,False,False,False,7.20514216153251,0.0,0.0,0.0,0.0,1,1.0020926509458483,0.927496241223347,False,False,False,False,0.059513874089643544,0.09734391381466699,False,False,False,False,253812,626126.2497753155,False,False,False,False,84978.05323013791,False,False,False,False
2025-02-25 00:00:00+00:00,19.9932656724,20.0912718767,19.6435795356,20.0912718767,43714,,,,20.45811449229288,21.013659563763564,,,,20.595037251366964,20.119060644661825,20.062754484814555,19.56424789925021,19.364379804326294,19.112075468754146,18.799999277562527,18.32150972716834,18.174950119057808,17.685516109014248,17.580851349005513,17.27747607123502,17.097983580999763,16.803314204892498,16.577363500199525,16.388657248104305,16.223228018817334,15.970896236997454,19.364379804326294,19.112075468754146,18.32150972716834,18.174950119057808,17.685516109014248,21.013659563763564,20.735887028028223,18.095516722012686,"rgba(38, 166, 154, 0.5)",0.6846607151820566,19.394139845968606,0.8750696704893915,44.15311905511378,-0.6736282706582202,False,True,False,True,False,3.624568080504819,0.0,0.0,0.0,0.0,1,0.9759954981042732,0.915984943230818,False,False,False,False,-0.06254787912453962,0.017398017345063688,False,False,False,False,210098,609811.4164507933,False,False,False,False,83359.85506425015,False,False,False,False
2025-02-26 00:00:00+00:00,20.1794774605,20.326486767,20.0030662928,20.0030662928,26982,,,,20.428128960897794,20.999117894159557,,,,20.576541562030634,20.119274839899514,20.0631635868539,19.566123302778827,19.366761367454526,19.11504530747289,18.80363189530134,18.326047480462453,18.17973448979286,17.69102371314178,17.586502722118485,17.28350526491864,17.104206268850465,16.80980135190619,16.584018018144317,16.39543277925313,16.230101961351203,15.977881402502064,19.366761367454526,19.11504530747289,18.326047480462453,18.17973448979286,17.69102371314178,20.999117894159557,20.713623427528674,18.098822073012954,"rgba(38, 166, 154, 1.0)",0.6555113830097963,19.3932504176776,1.1994102058341378,42.91741879360719,-1.7654669098715914,False,True,False,True,False,5.100263573491745,0.0,0.0,0.0,0.0,1,0.9993594361330772,0.9057817475166045,False,False,False,False,0.006232636838579866,0.011815327091821776,False,False,False,False,237080,595194.4981586054,False,False,False,False,81148.95878722073,False,False,False,False
2025-02-27 00:00:00+00:00,20.0303571005,20.27618868,19.9910240478,20.27618868,25267,,,,20.398947349907008,20.984828404205388,,,,20.55786495096899,20.119195562051186,20.063292207214822,19.56766512620553,19.368784152560156,19.11762643110905,18.806841566180548,18.330114960461422,18.184036036498917,17.696013112823064,17.591628765585824,17.28899115854512,17.109877156894367,16.81572657300328,16.590105193167478,16.401637586477335,16.236402530349054,15.984291905964104,19.368784152560156,19.11762643110905,18.330114960461422,18.184036036498917,17.696013112823064,20.984828404205388,20.691887877056196,18.101671943114454,"rgba(38, 166, 154, 0.5)",0.6392670003147288,19.392081041270863,0.9984498791817775,41.18040214875931,-3.4055258826263355,False,True,False,True,False,3.7694732326052858,0.0,0.0,0.0,0.0,0,0.9906880921664054,0.9100061307585514,False,False,False,False,-0.000968900888472564,0.005423213101674606,False,False,False,False,211813,580159.9296033661,False,False,False,False,78957.509423016,False,False,False,False
2025-02-28 00:00:00+00:00,20.4483691183,20.4483691183,20.0303571005,20.0303571005,19625,,,,20.393151118561395,20.97659541318485,,,,20.550526189978942,20.119775775635368,20.063971751636146,19.56932688357508,19.37079672771063,19.120048472833442,18.809726591668493,18.33363455164224,18.187728407849942,17.700211302078568,17.595927754095143,17.29355442072512,17.114575119973246,16.82060718971784,16.595100464359025,16.406715254071006,16.241547147629202,15.989510441183105,19.37079672771063,19.120048472833442,18.33363455164224,18.187728407849942,17.700211302078568,20.97659541318485,20.684873265873122,18.104626913686804,"rgba(0, 255, 255, 0.75)",0.6272643657755081,19.39290112126929,1.6826525698232513,43.61002934367727,-3.4055258826263355,False,True,False,True,False,7.000973092377638,0.0,0.0,0.0,0.0,0,0.9935058086666261,0.8984325470914425,False,False,False,False,0.023469111902530714,0.01444616250210266,False,False,False,False,231438,566484.5598149988,False,False,False,False,76630.74434760361,False,False,False,False
2025-03-03 00:00:00+00:00,20.05985689,20.6695192073,20.0107889068,20.6400194177,51603,,,,20.371928284855166,20.95394058478411,,,,20.528661833312118,20.12078785936917,20.06529097640158,19.57329596074081,19.37569908051734,19.12603906824237,18.816946931365507,18.342539643987145,18.197092976664283,17.710924012899685,17.606908975034575,17.30524117452766,17.12662292669804,16.833147629982502,16.607952185530436,16.419791793549983,16.254806575242153,16.00297534726852,19.37569908051734,19.12603906824237,18.342539643987145,18.197092976664283,17.710924012899685,20.95394058478411,20.66293443481964,18.111929163962994,"rgba(38, 166, 154, 1.0)",0.6160560067833832,19.39424149209708,1.0804462428315567,42.804311770670786,-3.4055258826263355,False,True,False,True,False,3.6183638157236366,0.0,0.0,0.0,0.0,0,0.9997813794245045,0.8891049450922616,False,False,False,False,0.04678533195574329,0.030615747228922977,False,False,False,False,179835,551321.8319791165,False,False,False,False,75649.26417710935,False,False,False,False
2025-03-04 00:00:00+00:00,19.8385101358,20.0747051174,19.6075267837,19.8140253105,35655,,,,20.323530844268703,20.93055714271994,,,,20.496051007475554,20.119250932972854,20.06417407960657,19.574372353269325,19.377488605603013,19.128653334405836,18.82048727845776,18.34734119644,18.20224044965306,17.717095367570074,17.613283287708214,17.312153823091432,17.13381589984629,16.840733532719632,16.61579329031781,16.427820945242267,16.262989321586677,16.011342894047505,19.377488605603013,19.128653334405836,18.34734119644,18.20224044965306,17.717095367570074,20.93055714271994,20.627043993494322,18.114727088889666,"rgba(38, 166, 154, 0.5)",0.6146369685241513,19.3908333143413,0.7283597381616151,41.08640544582744,-3.4055258826263355,False,True,False,True,False,1.777137658125195,0.0,0.0,0.0,0.0,0,0.9888763105823063,0.904928543892335,False,False,False,False,-0.06865261650496661,-0.019018434638021817,False,False,False,False,144180,535355.4856269943,False,False,False,False,74080.86166035997,False,False,False,False
2025-03-05 00:00:00+00:00,19.7943587841,19.9713575214,19.5288606782,19.9713575214,29106,,,,20.284888673230004,20.910914025288914,,,,20.46882852409113,20.117673083802885,20.0629663184751,19.57499729273238,19.378702922116755,19.130548681611604,18.82314691882365,18.351041267981202,18.206226305382902,17.721928787266016,17.618284633208454,17.317601448261048,17.139496706746165,16.846742835688193,16.62201702219284,16.434203250063675,16.26950125949641,16.01801255171388,19.378702922116755,19.130548681611604,18.351041267981202,18.206226305382902,17.721928787266016,20.910914025288914,20.59790134925946,18.11677332275857,"rgba(38, 166, 154, 0.5)",0.6038856060560127,19.387823223672125,0.6731996198468235,39.70872316175995,-4.821863621696053,False,True,False,True,False,1.4128918676167075,0.0,0.0,0.0,0.0,0,1.0027144359521774,0.9218150093004407,False,False,False,False,-0.0898115980058913,-0.054415016321956555,False,False,False,False,115074,518873.8587396612,False,False,False,False,72317.14159524781,False,False,False,False
2025-03-06 00:00:00+00:00,19.3715284673,19.7550257314,19.1748632037,19.7550257314,41770,,,,20.208036352766594,20.876036866177657,,,,20.41633293588749,20.11333128841773,20.059343986743656,19.57433564937885,19.378949703468482,19.131839696933366,18.82560507137332,18.35508212757721,18.210703575613774,17.72770789224557,17.624320882163655,17.324325318641186,17.146583868136254,16.854350267941822,16.629969523573116,16.442413788976292,16.27792321725289,16.026700810081007,19.378949703468482,19.131839696933366,18.35508212757721,18.210703575613774,17.72770789224557,20.876036866177657,20.542036609472127,18.11776775580032,#000000,0.5997498452596408,19.38013152474431,-0.014344409610621995,36.77952842435588,-7.691838886733272,False,True,False,True,False,0.0,0.0,0.0,0.0,0.0,0,1.025704500086534,0.895733807843269,False,False,False,False,-0.2296318195059382,-0.14202341791394738,False,False,False,False,73304,501400.5309459491,False,False,False,False,71119.21447386555,False,False,False,False
2025-03-07 00:00:00+00:00,19.351861941,19.5386939414,19.135530151,19.3715284673,63231,,,,20.10389367709564,20.82309857524491,,,,20.339731043495284,20.105988958748274,20.053146241235066,19.5726993102774,19.378701079508705,19.133185576193963,18.82873290336207,18.360626499197657,18.216915490148896,17.73591574726767,17.632922900098947,17.333983620128365,17.15680225671999,16.865374846030747,16.641531454481882,16.45437893597923,16.29021904579531,16.039417210972996,19.378701079508705,19.133185576193963,18.360626499197657,18.216915490148896,17.73591574726767,20.82309857524491,20.463496126170277,18.11890406220236,#000000,0.5952578650166991,19.368697261512665,-0.028282399111506717,34.74136304452278,-9.672605648239724,False,True,False,True,False,0.0,0.0,0.0,0.0,0.0,0,0.9906784492452452,0.9136129848579881,False,False,False,False,-0.34282825441539394,-0.24242583616467067,False,False,False,False,10073,482132.78463434323,False,False,False,False,70809.87272979239,False,False,False,False
2025-03-10 00:00:00+00:00,19.351861941,19.4698610991,19.0961970983,19.135530151,44000,,,,20.042278534501317,20.78752066926145,,,19.305973379466664,20.290863274800014,20.10072439008776,20.04868080357213,19.571398315918987,19.378361875169094,19.133952056615076,18.83073585600426,18.36430760340086,18.221060784986737,17.741451086226363,17.638732844066876,17.34053038163163,17.16374049479472,16.872878097187517,16.649412315003875,16.462543684981895,16.298616770729286,16.048112677026236,19.378361875169094,19.133952056615076,18.36430760340086,18.221060784986737,17.741451086226363,20.78752066926145,20.414899601881384,18.18221456271947,#000000,0.5971377299587362,19.423302908867456,-0.11963901171073735,33.382586124634045,-11.033458542834147,False,True,False,True,False,0.0,0.0,0.0,0.0,0.0,0,0.9615613904659603,0.9255082111962444,False,False,False,False,-0.34282825441539394,-0.2926270452900323,False,False,False,False,10073,463620.63621731015,False,False,False,False,69758.50517176132,False,False,False,False
2025-03-11 00:00:00+00:00,19.568193731,19.7058594155,19.4305280464,19.4698610991,22739,,,,20.024085369548327,20.77292022373802,,,19.395315871454237,20.273629518763478,20.09891948985219,20.047201340805636,19.571390258289743,19.37881833627947,19.13494527258442,18.8323319128856,18.366725389814928,18.223705507716623,17.744773350039356,17.642189362301767,17.34434583043399,17.167745372454082,16.877153647189562,16.653867074850353,16.467132326492614,16.30331518600511,16.05294857397282,19.37881833627947,19.13494527258442,18.366725389814928,18.223705507716623,17.744773350039356,20.77292022373802,20.39850279664317,18.188234401167687,#000000,0.5979953618550764,19.42568943957885,0.23830333897420217,34.77160028446937,-11.033458542834147,False,True,False,True,False,0.0,0.0,0.0,0.0,0.0,0,0.9614076029151316,0.921079947171083,False,False,False,False,-0.2528171088132107,-0.2727220770516215,False,False,False,False,32812,446726.1798950627,False,False,False,False,67914.60300816284,False,False,False,False
2025-03-12 00:00:00+00:00,19.8533583632,19.9910240478,19.568193731,19.62719331,28787,,,,20.013897419095983,20.75845454413607,,,19.518531733889922,20.259872459902162,20.097660289772193,20.046257756626485,19.572128955758526,19.380109289041417,19.136877542552966,18.834987445630237,18.370370851726605,18.22762389614579,17.749504074715816,17.647081518534126,17.349667996342625,17.173292934388606,16.883019950975196,16.65994233388796,16.473362627810854,16.30967248090973,16.059461407897683,19.380109289041417,19.136877542552966,18.370370851726605,18.22762389614579,17.749504074715816,20.75845454413607,20.386175981616027,18.197338186658364,"rgba(38, 166, 154, 0.5)",0.5971129327884713,19.431052708638752,0.7072458681963469,38.317544690864175,-11.033458542834147,False,True,False,True,True,1.989142265956211,0.0,0.0,0.0,0.0,0,0.9750603071071463,0.905069172387838,False,False,False,False,-0.18865606455533188,-0.23068907080347667,False,False,False,False,61599,431623.15323251125,False,False,False,False,66380.18720392116,False,False,False,False
2025-03-13 00:00:00+00:00,19.5780269941,19.8926914159,19.4698610991,19.8140253105,61368,,,,19.980904213652085,20.724160446673483,,,19.568726381185503,20.223827474110447,20.0935914887334,20.04297885023014,19.57263106490439,19.38182399585633,19.13999727459431,18.839689187867208,18.37723482865671,18.23508542036846,17.758750115654287,17.656681747505814,17.3602148944073,17.18433902595913,16.89477820942766,16.672171489699377,16.485943294701332,16.322541448188293,16.0726900568418,19.38182399585633,19.13999727459431,18.37723482865671,18.23508542036846,17.758750115654287,20.724160446673483,20.352532330162784,18.20440506573115,#000000,0.5997606536694456,19.429936007499386,0.24691680872122332,38.89679554738885,-11.033458542834147,False,True,False,True,True,0.0,0.0,0.0,0.0,0.0,0,0.9747253029036396,0.9063138069207236,False,False,False,False,-0.21827696784922482,-0.22448301932635073,False,False,False,False,231,414705.8138900598,False,False,False,False,66183.63084298307,False,False,False,False
2025-03-14 00:00:00+00:00,19.9221912055,20.1090232059,19.676359626,19.6934695039,49678,,,,19.975587622403307,20.704140571764594,,,19.64900072545991,20.20922867897979,20.0922056014948,20.042051586396727,19.574415654437615,19.384519504854882,19.143754735305528,18.844648574695235,18.3838455204561,18.242151860779803,17.767173729262467,17.665375690285433,17.369628737713203,17.194129846447066,16.905101077524666,16.682842569764496,16.496872484528954,16.333682151945883,16.084088447920372,19.384519504854882,19.143754735305528,18.3838455204561,18.242151860779803,17.767173729262467,20.704140571764594,20.33986409708395,18.213932483065943,"rgba(38, 166, 154, 0.5)",0.6006402956816841,19.434282765913842,0.8123138642112171,42.07051683264369,-13.642765015450493,False,True,False,True,True,2.44445780765696,0.0,0.0,0.0,0.0,0,0.9828605590935574,0.8927899060684683,False,False,False,False,-0.1549887683059928,-0.18973589381617179,False,False,False,False,49909,400400.0564826065,False,False,False,False,65536.35120208177,False,False,False,False
2025-03-17 00:00:00+00:00,20.2958552064,20.3892712066,19.735359205,19.784525521,92878,,,,19.994109611679274,20.67956821440935,,,19.801340231321554,20.203820988054773,20.09284723482528,20.043247787863706,19.58008019317657,19.391762774379405,19.152850555334986,18.855852759199237,18.39796247901305,18.257071918282374,17.784479257192732,17.68315815531223,17.38867695709152,17.213836430363976,16.925726960078176,16.70406390274018,16.518532013749603,16.355700486377696,16.106532860138756,19.391762774379405,19.152850555334986,18.39796247901305,18.257071918282374,17.784479257192732,20.67956821440935,20.33683891304431,18.2346075760261,"rgba(38, 166, 154, 1.0)",0.6003314746340628,19.447507076111528,1.4131328543211716,46.641907230139154,-9.354170405527675,False,True,False,False,True,5.226445689338515,0.0,0.0,0.0,0.0,0,0.9743533011907912,0.8864952821174119,False,False,False,False,-0.10511030586186113,-0.14742309983901647,False,False,False,False,142787,390297.58367936703,False,False,False,False,66608.57272356877,False,False,False,False
2025-03-18 00:00:00+00:00,20.27618868,20.4040211014,20.1829693451,20.384354575,81550,,,,20.020514957812427,20.665130390272292,,,19.905447291840588,20.209218188481785,20.095110032646204,20.045837295292984,19.586247120554333,19.399240678575037,19.16187452002725,18.866643934816942,18.411205979581386,18.27099168246206,17.800406187860816,17.69948753702006,17.406072737842834,17.23178500690301,16.944443018440193,16.723274331384527,16.538104855622716,16.37557004659189,16.126749493806997,19.399240678575037,19.16187452002725,18.411205979581386,18.27099168246206,17.800406187860816,20.665130390272292,20.34282267404236,18.25251104946061,"rgba(38, 166, 154, 1.0)",0.6000961378146481,19.45993334506886,1.3602076125730032,49.53701380524974,-6.730150963166558,False,True,False,False,True,5.061580439463665,0.0,0.0,0.0,0.0,0,1.0007968461126031,0.895025301264547,False,False,False,False,-0.037913833299972395,-0.09266846656949443,False,False,False,False,61237,377393.24706448993,False,False,False,False,67194.51104813471,False,False,False,False
2025-03-19 00:00:00+00:00,20.5023537332,20.6400194177,20.2565221537,20.2565221537,53599,,,,20.045393652969903,20.66042909218807,,,19.974616941138112,20.219646084198608,20.097921323345926,20.048744141191293,19.591259142256206,19.40506217096299,19.168656191406857,18.874528488165495,18.420628423197595,18.2808379476799,17.81150793525206,17.710841835338474,17.418094414978352,17.244150739824423,16.957282126837413,16.73641561734882,16.551466232941642,16.389111498503794,16.140496493607397,19.40506217096299,19.168656191406857,18.420628423197595,18.2808379476799,17.81150793525206,20.66042909218807,20.352911372578987,18.26532988148291,"rgba(0, 255, 255, 0.75)",0.6002785471428655,19.469846303424326,1.7200471925743135,52.86662735630308,-3.692172251098796,False,False,True,False,True,6.708417062911408,0.0,0.0,0.0,0.0,0,0.9810344001867458,0.8956593985607207,False,False,False,False,0.006846761803690719,-0.042910852382901855,False,False,False,False,114836,367096.8844345099,False,False,False,False,66661.35375212942,False,False,False,False
2025-03-20 00:00:00+00:00,20.5711865755,20.6232045377,20.3548547855,20.3548547855,10296,,,,20.050389685591128,20.659777944569495,,,19.98715553091408,20.22194058297904,20.098529291784264,20.049364398951546,19.59227015581368,19.406225641610064,19.170000839384077,18.876081572236302,18.422472626591112,18.28276238536379,17.813669985183015,17.713051732655153,17.420430680735556,17.24655207254064,16.959772792332117,16.73896318694036,16.554055185767314,16.391734308312678,16.143157710312547,19.406225641610064,19.170000839384077,18.422472626591112,18.28276238536379,17.813669985183015,20.659777944569495,20.355083815080313,18.26779950949512,"rgba(0, 255, 255, 0.75)",0.6016912642335089,19.471788434863623,1.8271798279087448,55.49792604302065,-1.3004837706976176,False,False,True,False,True,7.204188717942831,0.0,0.0,0.0,0.0,0,0.9821360244981773,0.9019039430103721,False,False,False,False,0.01863133678297471,-0.012139757799963572,False,False,False,False,125132,357608.0654370782,False,False,False,False,64450.94772263415,False,False,False,False
2025-03-21 00:00:00+00:00,20.4335208909,20.6105196282,20.3745213118,20.6105196282,12936,,,,20.05594561151686,20.65872207137123,,,20.00087892375322,20.224354519483857,20.09921128452223,20.05006890172268,19.593477547588833,19.407626767201165,19.17163193417567,18.87797701380114,18.424736999362096,18.28512851447709,17.816337809667317,17.715780272456833,17.423319769110254,17.249524013400425,16.962858886285776,16.742122260811144,16.557267476288157,16.39499015951998,16.14646344636929,19.407626767201165,19.17163193417567,18.424736999362096,18.28512851447709,17.816337809667317,20.65872207137123,20.357333841444046,18.270724026315637,"rgba(0, 255, 255, 0.75)",0.6021073298845123,19.474005647428395,1.59359502176405,55.97836969724715,-0.8376283472175317,False,False,True,False,True,6.004067101256258,0.0,0.0,0.0,0.0,0,0.986305987994153,0.8958844074746484,False,False,False,False,0.019640825104519005,0.0037505336522777166,False,False,False,False,112196,347984.06287091825,False,False,False,False,62430.753694295556,False,False,False,False
2025-03-24 00:00:00+00:00,20.7580185759,20.7867317044,20.5318535227,20.6498526809,25301,,,,20.07190095488016,20.659087908364686,,,20.037082583670912,20.2329951883831,20.101316863461378,20.052151432759636,19.59641614847809,19.4109186667222,19.175346136296614,18.88217933175175,18.42962413464663,18.290204102201177,17.82196982035069,17.721524681907173,17.42935994666806,17.25571539262877,16.96925542981216,16.74864790778055,16.563886171338183,16.401684880296376,16.153241496246924,19.4109186667222,19.175346136296614,18.42962413464663,18.290204102201177,17.82196982035069,20.659087908364686,20.365494431622423,18.277553700810547,"rgba(0, 255, 0, 1.0)",0.604796370858493,19.479836955434262,2.1134082181270224,58.311092609485826,1.4778202188847018,False,False,True,False,True,8.344661062546024,0.0,0.0,0.0,0.0,0,0.9874429821566141,0.8875218103549337,False,False,False,False,0.06795298970589875,0.03585176167908823,False,False,False,False,137497,339729.6682485293,False,False,False,False,60974.68492197024,False,False,False,False
2025-03-25 00:00:00+00:00,20.6498526809,20.8956842604,20.6351027861,20.8956842604,126708,,,,20.144979442869353,20.66260528205179,,,20.180403519514233,20.27480872685156,20.112246523818722,20.062935070023503,19.61135773323449,19.427593386977687,19.19409636138875,18.903332785236568,18.45415579697498,18.315666489674207,17.850183233475573,17.75029440884224,17.459594527173497,17.286699476971638,17.001257515772224,16.78129134921827,16.596992299660812,16.435169283216332,16.18714133016413,19.427593386977687,19.19409636138875,18.45415579697498,18.315666489674207,17.850183233475573,20.66260528205179,20.40379236246057,18.309748411483657,"rgba(0, 255, 255, 0.75)",0.606186580444023,19.506965628921034,1.8853717466688533,58.83983906205266,2.1403215153262494,True,False,True,False,True,7.393945596320943,0.0,0.0,0.0,0.0,0,0.9871720717128165,0.8936298023706972,False,False,False,False,0.09884073316371023,0.06734624742139923,False,False,False,False,10789,326830.03419956734,False,False,False,False,63552.46198385376,False,False,False,False
2025-03-26 00:00:00+00:00,20.6105196282,20.9640254396,20.49252047,20.6695192073,33208,,,20.68902184593333,20.16043612650221,20.662959678430013,,,20.206669361852168,20.28380003390911,20.11487556157963,20.065546594704,19.61507788214146,19.431768583419508,19.198816232418178,18.90868331361797,18.460393059825805,18.322148579726463,17.857390959308606,17.757648850293158,17.46733626307719,17.29464025062618,17.009470452341965,16.789676988209767,16.605503207018067,16.44378274446462,16.19586954781951,19.431768583419508,19.198816232418178,18.460393059825805,18.322148579726463,17.857390959308606,20.662959678430013,20.504139216955185,18.31732097191333,"rgba(0, 255, 255, 0.75)",0.6060293780153112,19.631382057981586,1.6156602398137783,58.80934056590869,2.3862644957145704,True,False,True,False,True,7.046669444279988,0.0,0.0,0.0,0.0,0,0.9785478278511098,0.8861238061244534,False,False,False,False,0.08801592112072752,0.07768108427106338,False,False,False,False,-22419,313133.99364272156,False,False,False,False,62362.48308252617,False,False,False,False
2025-03-27 00:00:00+00:00,20.3724032269,20.6782359146,20.165226245,20.4611933621,20590,,,20.580429140409784,20.16467468023571,20.660834013051915,,,20.21283170830532,20.28541343125372,20.115694015078944,20.066422991030358,19.61676561928502,19.433762387022263,19.201173409435214,18.91145858591922,18.46375276798455,18.325670256785237,17.861395659309128,17.761750792307133,17.471696661226222,17.299135190271674,17.01415312778399,16.794481281158376,16.610397050573955,16.448750088949115,16.200923668649335,19.433762387022263,19.201173409435214,18.46375276798455,18.325670256785237,17.861395659309128,20.660834013051915,20.468645944565804,18.320822562754145,"rgba(38, 166, 154, 1.0)",0.60619888559484,19.6279629536358,1.228046258339305,56.57082581850008,2.3862644957145704,False,False,True,False,True,4.964657006041627,0.0,0.0,0.0,0.0,0,0.9571466469246138,0.9276152743290418,False,False,False,False,-0.0008254113898876352,0.03842783644058787,False,False,False,False,-43009,299167.60173516383,False,False,False,False,60724.34649105455,False,False,False,False
2025-03-28 00:00:00+00:00,20.3921343681,20.4090044938,20.2441508095,20.3724032269,50808,,,20.467745184507542,20.17220239017252,20.654601409067592,,,20.222474805809195,20.287412981761573,20.11730135387762,20.068206729829743,19.62060151423523,19.438361639691635,19.206677966436676,18.918004035333784,18.471752412703037,18.334073427256676,17.871004354075197,17.771602052807363,17.482193756549027,17.309969526135525,17.02546024197238,16.806096113859475,16.622239235921388,16.460779019063065,16.21317551256815,19.438361639691635,19.206677966436676,18.471752412703037,18.334073427256676,17.871004354075197,20.654601409067592,20.431516327915887,18.328809825257196,"rgba(38, 166, 154, 1.0)",0.6060928789213298,19.626467498695703,1.26328306441574,55.24167056612501,2.3862644957145704,False,False,True,False,False,5.11460670407525,0.0,0.0,0.0,0.0,0,0.9399775211633693,0.9545124008711993,False,False,False,False,-0.028339833476353778,0.005044001482117047,False,False,False,False,7799,287741.38205927506,False,False,False,False,60335.47015807202,False,False,False,False
2025-03-31 00:00:00+00:00,20.3724032269,20.4611933621,20.1632531309,20.2757206354,45516,,,20.42667401660595,20.177869242170534,20.648941933603542,,,20.22905150397188,20.28865319407875,20.118623255925257,20.069694649095325,19.623928398650524,19.442370339276337,19.211495416776774,18.923751680467554,18.478800225180457,18.341482411948498,17.879493713218892,17.780308832455425,17.491480056044537,17.319558988698446,17.03547581267861,16.816389766578837,16.63273874481384,16.47144771511464,16.22404732056221,19.442370339276337,19.211495416776774,18.478800225180457,18.341482411948498,17.879493713218892,20.648941933603542,20.41782839746001,18.335725896080884,"rgba(38, 166, 154, 1.0)",0.6032302842150308,19.627847987529655,1.2342802721504904,54.16072508996937,2.3862644957145704,False,False,True,False,False,4.939957675691478,0.0,0.0,0.0,0.0,0,0.9351628395583844,0.9607773027712496,False,False,False,False,-0.032493233684755714,-0.013724616101319333,False,False,False,False,-37717,274978.308253029,False,False,False,False,59754.31446559861,False,False,False,False
2025-04-01 00:00:00+00:00,20.4809245032,20.4810231589,20.1553606744,20.3822687975,22466,,,20.41961379943481,20.181210501704467,20.646566134786625,,,20.233168532769042,20.28978083217251,20.119391247755345,20.070534258010024,19.625651492487027,19.4444244279585,19.21394271196987,18.926651827099814,18.482334207362445,18.345192508524566,17.883730623348843,17.784651851916507,17.496105832161767,17.324332589578237,17.040456952058694,16.821506207007726,16.637955276214246,16.476746516199757,16.229444592914604,19.4444244279585,19.21394271196987,18.482334207362445,18.345192508524566,17.883730623348843,20.646566134786625,20.4157968119753,18.33926328881629,"rgba(38, 166, 154, 1.0)",0.5996067942704256,19.62936698882448,1.4201932374893416,54.44835820470671,2.3862644957145704,False,False,True,False,False,5.786756571114999,0.0,0.0,0.0,0.0,0,0.9209809747309317,0.9710763373931199,False,False,False,False,-0.030766090579562092,-0.022245353340440713,False,False,False,False,-15251,263596.7667529103,False,False,False,False,58292.027623810434,False,False,False,False
2025-04-02 00:00:00+00:00,20.7078326263,20.737429338,20.4414622209,20.4414622209,29443,,,20.45011531140503,20.191064591161187,20.646369508350556,,,20.24752026962292,20.29565896694382,20.121403762235953,20.072556396206117,19.628669169054685,19.447842928715353,19.21784105689911,18.93110622968669,18.487571527376048,18.350646883684167,17.889831573445647,17.790883571405807,17.502684293711358,17.33109061305688,17.047463308292603,16.82867205156014,16.645237852617154,16.484124897206385,16.236933371916813,19.447842928715353,19.21784105689911,18.487571527376048,18.350646883684167,17.889831573445647,20.646369508350556,20.429183136972256,18.345144143349344,"rgba(0, 255, 255, 0.75)",0.5990646060398134,19.635001119282936,1.7908444201187947,56.537928885565584,2.3862644957145704,True,False,True,False,False,7.526761654006808,0.0,0.0,0.0,0.0,0,0.9274238617448383,0.9737962858849369,False,False,False,False,0.05810018877308037,0.017927417716319827,False,False,False,False,14192,253816.18766456086,False,False,False,False,57160.693207190416,False,False,False,False
2025-04-03 00:00:00+00:00,19.8495279867,20.363326902,19.7804689927,20.1948229567,13367,,,20.42204430830073,20.189152208821078,20.643107132239603,,,20.24347495178351,20.29333316740956,20.121182465439116,20.07243364663914,19.62917251941261,19.448562541036946,19.218815375709458,18.932371928037163,18.489242501514287,18.35243095212756,17.891956284341965,17.79307657926329,17.50506067265425,17.33356418437549,17.050076192243278,16.83137760379702,16.648012924657106,16.48695724750151,16.239837479493655,19.448562541036946,19.218815375709458,18.489242501514287,18.35243095212756,17.891956284341965,20.643107132239603,20.418101216453806,18.346365221970363,#000000,0.5985209728048454,19.633557170695433,0.3608408490557393,50.94854406141941,6.519131484483381,False,False,False,False,False,0.22712687380640517,0.0,0.0,0.0,0.0,0,0.8865044605093795,0.9696960838705716,False,False,False,False,-0.0874238812646133,-0.03474823177414674,False,False,False,False,825,243894.96461889183,False,False,False,False,55443.293473575104,False,False,False,False
2025-04-04 00:00:00+00:00,18.3519343742,19.3759805994,18.1131875664,19.3759805994,53162,,,20.064079030123075,20.129506883099047,20.603306058866178,,,20.14483873710202,20.24274772507871,20.11052649819,20.062972551488382,19.623694721357797,19.444240215981868,19.215823827271198,18.930875120013862,18.489787780595833,18.353551612830994,17.8948380214529,17.796306992078758,17.509244227310795,17.338269376600866,17.05556433177281,16.837408770996614,16.65446285860601,16.493753678313688,16.24710554876654,19.444240215981868,19.215823827271198,18.489787780595833,18.353551612830994,17.8948380214529,20.603306058866178,20.265630657362767,18.339263820832088,"rgba(255, 0, 0, 1.0)",0.6357388343852801,19.59975189579036,-1.9627832281111497,41.941220970959215,-1.7581696941772194,False,True,False,True,False,0.0,0.0,0.0,0.0,0.0,0,0.8348786826084609,0.9888903635311278,False,False,False,False,-0.34282825441539394,-0.18878824309477032,False,False,False,False,-52337,232278.0248299157,False,False,False,False,55353.8309844153,False,False,False,False
2025-04-07 00:00:00+00:00,18.0145318607,18.4683481069,17.2647484974,17.6988336025,67916,,,19.6304750094296,20.02738134533371,20.537617989766478,,17.915876155,19.98486868193436,20.156537584031597,20.090885087116565,20.04532825584309,19.61200597104423,19.434197817129824,19.207665129965353,18.924820852605873,18.486593400438046,18.351166359799468,17.894944788983814,17.796905300393902,17.51119514277512,17.340968915569906,17.059404730357713,16.84205092229568,16.65972851086063,16.499536024841778,16.253607375264274,19.434197817129824,19.207665129965353,18.486593400438046,18.351166359799468,17.894944788983814,20.537617989766478,20.06515811484326,18.303414350312565,"rgba(255, 26, 202, 1.0)",0.681820411694008,19.521470682714366,-2.2101697106285227,35.219690420262715,-7.587629963978834,False,True,False,True,False,0.0,0.0,0.0,0.0,0.0,0,0.8018801473745819,1.0293763774120805,True,False,False,False,-0.34282825441539394,-0.26580824875508213,False,False,False,False,-120253,218453.2787581543,False,False,False,False,55846.465063457836,False,False,False,False
2025-04-08 00:00:00+00:00,17.8073548788,18.5571382421,17.6495057496,18.4486169658,35448,,,19.475519514542384,19.979820471902833,20.505710665548403,,17.94632614446817,19.91337062905874,20.115714691804623,20.08118528458057,20.036612908209438,19.606284535680274,19.429312000521687,19.203737238596503,18.92196506141965,18.485197409072136,18.350183545108063,17.89523465314679,17.797446499061454,17.512427771285473,17.34258397662119,17.0616019898629,16.844657036042143,16.662652470648638,16.502723451174553,16.257161043336158,19.429312000521687,19.203737238596503,18.485197409072136,18.350183545108063,17.89523465314679,20.505710665548403,19.98701688399787,18.298318916984957,"rgba(255, 26, 202, 1.0)",0.7318100253092265,19.501854439458715,-2.315491045565692,30.323321385932154,-11.656271650820358,False,True,False,True,False,0.0,0.0,0.0,0.0,0.0,0,0.8507219550571291,1.0214215674964362,False,False,False,False,-0.28692298599903177,-0.27636561737705695,False,False,False,False,-155701,203780.56194410907,False,False,False,False,55046.525257047724,False,False,False,False
2025-04-09 00:00:00+00:00,18.6360628066,18.9182181249,17.3239419208,17.7185647436,39461,,,19.362064661047107,19.93678709113432,20.47510741860466,,18.042036802065546,19.850748123993665,20.078012371325475,20.071976278031446,20.028361184109684,19.601100109938308,19.425004085371487,19.200438016585462,18.91979860733142,18.484578806053932,18.35000274046419,17.896400248503074,17.798878604447733,17.514591534778138,17.345150916390608,17.064779525490255,16.848261535914816,16.6665880342443,16.506933402470096,16.26174943583156,19.425004085371487,19.200438016585462,18.484578806053932,18.35000274046419,17.896400248503074,20.47510741860466,19.924653056928694,18.297769518167065,"rgba(239, 83, 80, 1.0)",0.74332060132752,19.488877425045224,-1.1473038913789786,32.38692440950594,-11.656271650820358,False,True,False,True,False,0.0,0.0,0.0,0.0,0.0,0,0.846767183590802,0.9860984597481984,False,False,False,False,-0.2828035052080407,-0.2795845612925488,False,False,False,False,-116240,191230.73598551657,False,False,False,False,54435.328188143896,False,False,False,False
2025-04-10 00:00:00+00:00,18.1033219959,18.4437828362,17.8665483022,18.123053137,41040,,,19.25101783823195,19.890298548236327,20.441969154410188,,18.06343067539899,19.784572613992417,20.037160215816826,20.061673978020245,20.01910336430647,19.595118408388927,19.4199502608339,19.19645096018895,18.917008697545757,18.48342371477254,18.349310632707592,17.89713443982163,17.79989497917914,17.5163838797154,17.347372017089366,17.067652293693744,16.85159143014648,16.670273106944983,16.51091299835823,16.266137357047594,19.4199502608339,19.19645096018895,18.48342371477254,18.349310632707592,17.89713443982163,20.441969154410188,19.86109518029282,18.29272780119846,"rgba(255, 0, 0, 1.0)",0.7710935095181382,19.471117009857107,-1.7738380586446014,32.247118359988946,-11.656271650820358,False,True,False,True,False,0.0,0.0,0.0,0.0,0.0,0,0.8517734259502523,1.0074422032395491,False,False,False,False,-0.2749223840667002,-0.2772534726796245,False,False,False,False,-157280,177563.64829981004,False,False,False,False,53910.02120037355,False,False,False,False
2025-04-11 00:00:00+00:00,18.4486169658,18.4979448187,17.9060105845,18.053994143,26084,,,19.198315137269635,19.864344539707684,20.422698025322866,,18.09085784495235,19.74861359762385,20.01401015224556,20.05567659751771,20.013720267651067,19.591721099907545,19.417122960344305,19.19428049633418,18.915576862851804,18.483002718043807,18.349175868073132,17.897880928601566,17.800816059591043,17.517784612485343,17.349037310607727,17.069718686158204,16.853938614376506,16.672838201182074,16.513658796992512,16.26913271793926,19.417122960344305,19.19428049633418,18.483002718043807,18.349175868073132,17.897880928601566,20.422698025322866,19.828452567433395,18.29092821967398,"rgba(239, 83, 80, 1.0)",0.7898741703246364,19.4624159759829,-1.2834943188055277,34.002977306264775,-11.656271650820358,False,True,False,True,False,0.0,0.0,0.0,0.0,0.0,0,0.8524492386628303,1.022468160297674,False,False,False,False,-0.26415250643841903,-0.2707029895590218,False,False,False,False,-131196,165455.4267978567,False,False,False,False,52818.804682711845,False,False,False,False
2025-04-14 00:00:00+00:00,18.8136430769,18.8481725739,18.6064660949,18.6755250889,80891,,,19.134368557234346,19.811456500133257,20.377782770175948,,18.275879200203,19.679948559113154,19.96451943505152,20.042219067841547,20.001734295228474,19.585058887685562,19.41205897637591,19.191071078119858,18.914465597779984,18.48478064802735,18.351770747794923,17.902983397858264,17.806417356134116,17.524751010726344,17.3567514102744,17.078555292209987,16.863554589945956,16.68305594979736,16.524375404820837,16.280527789018006,19.41205897637591,19.191071078119858,18.48478064802735,18.351770747794923,17.902983397858264,20.377782770175948,19.774535942514515,18.29622393470033,"rgba(239, 83, 80, 0.5)",0.802099921712044,19.453529738374804,-0.7977642736942261,36.977391220767394,-11.656271650820358,False,True,False,True,True,0.0,0.0,0.0,0.0,0.0,0,0.8885598638126453,1.0043401050864889,False,False,False,False,-0.14672939763141626,-0.20871619359521904,False,False,False,False,-50305,156994.2335900976,False,False,False,False,53919.67508731138,False,False,False,False
2025-04-15 00:00:00+00:00,18.9320299237,19.0758699426,18.764315224,18.7939119358,69962,,,19.110991249815026,19.7762819733681,20.344670058776707,,18.40156820260484,19.63727379176813,19.930280355083035,20.03229361845283,19.992923780829937,19.58053224157064,19.408846985777647,19.18939035165733,18.91452314217883,18.487240351524267,18.354909868806644,17.90820715679841,17.812056737908485,17.531526652331195,17.364148127370107,17.086881503165202,16.872524557900213,16.69252226921113,16.53425329887755,16.290962463777163,19.408846985777647,19.18939035165733,18.487240351524267,18.354909868806644,17.90820715679841,20.344670058776707,19.743981093986612,18.301143272879678,"rgba(239, 83, 80, 0.5)",0.8133754065758416,19.44867723516553,-0.6351892463045056,39.53051658456203,-19.13708098533499,False,True,False,True,True,0.0,0.0,0.0,0.0,0.0,0,0.9030872489799802,0.9907482166539712,False,False,False,False,-0.10478923782429898,-0.15675271570975902,False,False,False,False,19657,151608.45972381928,False,False,False,False,54548.78586820113,False,False,False,False
2025-04-16 00:00:00+00:00,18.8037775063,19.1984003291,18.7840463652,18.9122987826,54248,,,19.096528778754163,19.751009303204455,20.32009605026394,,18.470470965219324,19.60755755598183,19.90536033034051,20.024749881052614,19.986220126541514,19.577089430340955,19.406409101114118,19.188124305183553,18.91458887939627,18.48914889562047,18.357340092981172,17.91223942647117,17.816408651125265,17.536752904166757,17.36985263147387,17.093302330442597,16.879441937494736,16.699822758664084,16.541871603386216,16.29901115202113,19.406409101114118,19.188124305183553,18.48914889562047,18.357340092981172,17.91223942647117,20.32009605026394,19.722544710740852,18.303788147950907,"rgba(239, 83, 80, 0.5)",0.825450176083728,19.444122156152503,-0.7757520301110812,40.71952073949089,-17.790069890224416,False,True,False,True,True,0.0,0.0,0.0,0.0,0.0,0,0.8901324304396018,0.9891346835593332,False,False,False,False,-0.08941384077974074,-0.12308327824474988,False,False,False,False,-34591,144306.52012680678,False,False,False,False,54536.99034395795,False,False,False,False
2025-04-17 00:00:00+00:00,19.0306856294,19.2575937525,19.0306856294,19.0334479892,21378,,,19.096825737621998,19.743521581758177,20.311850953858396,,18.501617491968442,19.59940788107283,19.89760153884069,20.02228239975505,19.984041239741337,19.576111535978693,19.405809807896116,19.187968021446714,18.914937581122405,18.490198489644506,18.35858802862759,17.91409579361354,17.81838665422333,17.53906311259181,17.372344030397713,17.09606398572451,16.882390276535748,16.702914821103064,16.5450828898952,16.3023827718309,19.405809807896116,19.187968021446714,18.490198489644506,18.35858802862759,17.91409579361354,20.311850953858396,19.717399424412857,18.305564417600507,#000000,0.8319448915033251,19.44357127779251,-0.4962896612616081,42.705053743975505,-15.623893410161905,False,True,False,True,True,0.0,0.0,0.0,0.0,0.0,0,0.8845953943973777,0.9860936475348111,False,False,False,False,-0.0564927674967804,-0.08978802287076514,False,False,False,False,-13213,138129.2840434026,False,False,False,False,53236.6377814498,False,False,False,False
2025-04-21 00:00:00+00:00,18.5275415304,18.971492206,18.4190202541,18.971492206,24942,,,19.081193654174612,19.72875924631743,20.298699928754267,,18.509063484105646,19.58153486518749,19.88350653970537,20.01796110183003,19.980167454515893,19.573846752907684,19.404028111656007,19.186747872786977,18.914354056877844,18.49049384813522,18.3591327597264,17.915408893819876,17.819852805960405,17.540949349875127,17.374461382923872,17.098530240485292,16.885100072921276,16.705813362398906,16.548138143874453,16.305652842143896,19.404028111656007,19.186747872786977,18.49049384813522,18.3591327597264,17.915408893819876,20.298699928754267,19.702884276415435,18.30473719709188,"rgba(239, 83, 80, 1.0)",0.8506557464708563,19.438740946188478,-1.0711729387226272,41.95950307278939,-15.623893410161905,False,True,False,True,True,0.0,0.0,0.0,0.0,0.0,0,0.8697395880473021,0.9915086077418453,False,False,False,False,-0.15375115252675267,-0.1217695876987589,False,False,False,False,-38155,131216.17486522996,False,False,False,False,52127.044142961575,False,False,False,False
2025-04-22 00:00:00+00:00,19.0306856294,19.0306856294,18.7939119358,18.7939119358,19684,,,19.077794903500347,19.720646595255175,20.290393069281212,,18.527177997610778,19.57241615467171,19.875341564343575,20.01533830414576,19.977834673398586,19.5726620686428,19.40319992914071,19.186336147358837,18.914416460715746,18.491213586117514,18.36003878816638,17.916887580489565,17.821445880481097,17.54285548565227,17.3765388682202,17.100864533469853,16.887612523646144,16.708463358432258,16.550902306961646,16.308571710977926,19.40319992914071,19.186336147358837,18.491213586117514,18.36003878816638,17.916887580489565,20.290393069281212,19.696278189345577,18.305505896132168,#000000,0.8581290527345193,19.43709199154468,-0.47359585466733956,43.99502936015643,-13.781056543738003,False,False,False,True,True,0.0,0.0,0.0,0.0,0.0,0,0.8789695673083527,0.9666854474965517,False,False,False,False,-0.1064767952002565,-0.1141231914495077,False,False,False,False,-18471,125346.08957639741,False,False,False,False,50854.76790206112,False,False,False,False
2025-04-23 00:00:00+00:00,19.0208200589,19.247728182,18.971492206,19.2082658997,27209,,,19.077872611434536,19.711532191981917,20.28016194927964,,18.556773110186178,19.562754265436503,19.865822942715567,20.01216863794724,19.97502834367683,19.57136862609968,19.40238393776386,19.186079262372477,18.914797447356257,18.49248080921433,18.361557093351816,17.919177072023917,17.823889629215966,17.54572093130896,17.379634638026552,17.104304451223854,16.89129057947761,16.712324977004286,16.554916281847877,16.31279110673719,19.40238393776386,19.186079262372477,18.49248080921433,18.361557093351816,17.919177072023917,20.28016194927964,19.68985558423203,18.307263207149344,#000000,0.8674930530757591,19.435925724481283,-0.47851180376545494,45.3080644156957,-12.18214426519721,False,False,False,True,True,0.0,0.0,0.0,0.0,0.0,0,0.8822319379996578,0.971879338969279,False,False,False,False,-0.06391334093216054,-0.08901826619083411,False,False,False,False,-45680,118639.1841028132,False,False,False,False,49927.48288629402,False,False,False,False
2025-04-24 00:00:00+00:00,19.3146621321,19.433460669,19.0473654239,19.0473654239,11529,,,19.080611575642713,19.708857448340332,20.27653957228799,,18.57248521052889,19.560300430285434,19.862792271295874,20.011097535547496,19.974089422306104,19.571028359266148,19.402237292406205,19.186160140914854,18.915138667137636,18.4931848037734,18.362363793146475,17.920298753990437,17.825074437777268,17.547077985875294,17.38108544878771,17.105894663866216,16.89297684558868,16.714085086977047,16.556737670448662,16.31469443858939,19.402237292406205,19.186160140914854,18.4931848037734,18.362363793146475,17.920298753990437,20.27653957228799,19.688669532090344,18.30844016292546,#000000,0.872547198925292,19.436099591038364,-0.13917580514605565,47.615531081667754,-9.660379286502526,False,False,False,False,True,0.0,0.0,0.0,0.0,0.0,0,0.8953425561133586,0.9594148483423102,False,False,False,False,-0.03583331748338898,-0.06242579183711154,False,False,False,False,-34151,112647.4121772127,False,False,False,False,48421.66002800798,False,False,False,False
2025-04-25 00:00:00+00:00,19.4037610348,19.4532604252,19.2552628636,19.4532604252,33276,,,19.092362668505036,19.70310940285578,20.26730453634597,,18.62051445802072,19.555894394383262,19.855729700918594,20.008458405516937,19.971794905611677,19.57038808790688,19.40214050328351,19.186703443432435,18.916415808452857,18.4954865238451,18.36495550479348,17.92377917663894,17.828733195937897,17.551222852638567,17.385494408855795,17.110695197979627,16.898046546115935,16.719361409340138,16.56218544948231,16.32037038761335,19.40214050328351,19.186703443432435,18.4954865238451,18.36495550479348,17.92377917663894,20.26730453634597,19.687592202568933,18.312418518038402,#000000,0.876401667693781,19.437546981543843,-0.03855075587972196,49.580356699109345,-7.5083622431189525,True,False,False,False,True,0.0,0.0,0.0,0.0,0.0,0,0.9081485142226655,0.955639449667463,False,False,False,False,-0.011440389329665882,-0.036933090583388714,False,False,False,False,-875,108195.55287614554,False,False,False,False,47827.71257592924,False,False,False,False
2025-04-28 00:00:00+00:00,19.4730601813,19.4730601813,19.3146621321,19.3443617663,11479,,,19.09688062719916,19.70146022507809,20.264335806192133,,18.636775794316783,19.5548153958701,19.85358406816044,20.00762331807705,19.971072279496465,19.570222698138668,19.402159704450657,19.18694032584148,18.916902533508342,18.49632247978253,18.36589030984794,17.925016862485453,17.83003170442628,17.552687091117672,17.387048617985727,17.11238265499809,16.89982551050529,16.72121057824589,16.56409287858411,16.322355187565723,19.402159704450657,19.18694032584148,18.49632247978253,18.36589030984794,17.925016862485453,20.264335806192133,19.687558886156463,18.313847999670237,#000000,0.879432169004972,19.438157405742263,0.0396878540356632,51.237416849815816,-5.662487533005304,True,False,True,False,True,0.0,0.0,0.0,0.0,0.0,0,0.9108816292879792,0.9572028413177186,False,False,False,False,-0.002960560413485424,-0.01994682549843707,False,False,False,False,10604,104368.43315551238,False,False,False,False,46402.27286706927,False,False,False,False
2025-04-29 00:00:00+00:00,19.4829600594,19.6116584744,19.3592115834,19.4532604252,39114,,,19.114268018944813,19.697235896051996,20.255133871301233,,18.691710912949834,19.552962562332205,19.847491626411834,20.005105329805524,19.968910138369615,19.56990252268971,19.402456335691152,19.1879655143125,18.918765102377332,18.499357233742543,18.369256847774047,17.929399709735105,17.83461882774009,17.55783053354574,17.392493755957474,17.118273899169957,16.906022707387542,16.72764231155283,16.57071925603552,16.329239315976775,19.402456335691152,19.1879655143125,18.499357233742543,18.369256847774047,17.929399709735105,20.255133871301233,19.688879262099345,18.31900622217787,#000000,0.8821646031771412,19.44075262707201,0.0478453025387555,52.39527056367114,-4.27833639619346,True,False,True,False,True,0.0,0.0,0.0,0.0,0.0,0,0.9026258926528808,0.9555287363544598,False,False,False,False,0.01664945672778525,-0.001648684385325911,False,False,False,False,49718,102225.27891411974,False,False,False,False,46116.45824483126,False,False,False,False
2025-04-30 00:00:00+00:00,19.0869649362,19.2493229367,18.9978660335,19.0176657897,21485,,,19.114198701413063,19.691033407306257,20.247767306749154,,18.706134247544114,19.546652611217503,19.840875276911785,20.002748116135663,19.966821678755686,19.568962543549144,19.40188225865423,19.1878209131712,18.91911160713101,18.50038781498876,18.37048153940612,17.931221465666876,17.836560190038345,17.56009913883655,17.39494127908602,17.120989045469702,16.908923270860697,16.730685941998228,16.57388172362953,16.332562206379325,19.40188225865423,19.1878209131712,18.50038781498876,18.37048153940612,17.931221465666876,20.247767306749154,19.684333138489492,18.32008714347153,#000000,0.889637784654668,19.43963076638266,-0.3964150761869376,50.72854684543035,-4.27833639619346,True,False,False,False,True,0.0,0.0,0.0,0.0,0.0,0,0.8847774614198921,0.966702880162909,False,False,False,False,-0.06090724100763732,-0.031277962696481615,False,False,False,False,28233,99323.6209174876,False,False,False,False,45150.51870581827,False,False,False,False
2025-05-01 00:00:00+00:00,19.3443617663,19.5027598156,19.2453629855,19.2453629855,16359,,,19.118691942873415,19.688419497029674,20.243455199770903,,18.722914581587432,19.54468842811338,19.83763490796134,20.001468242688397,19.965706182013015,19.56864336178491,19.40182569726812,19.18807407671301,18.91972036492655,18.501493868851746,18.371728551414723,17.93290111378177,17.83832673320717,17.562102793601166,17.397073948726323,17.12331336392636,16.91137957893289,16.733243710811415,16.576523745145032,16.335316654716735,19.40182569726812,19.18807407671301,18.501493868851746,18.371728551414723,17.93290111378177,20.243455199770903,19.683522213224663,18.321703995308575,#000000,0.8933423557044345,19.439976392245008,-0.10703021672985769,51.14759515131925,-4.27833639619346,True,False,False,False,True,0.0,0.0,0.0,0.0,0.0,0,0.8832264274444382,0.9534069224803251,False,False,False,False,0.013226619728637305,-0.009025671483922155,False,False,False,False,44592,97177.282842292,False,False,False,False,44021.439540884225,False,False,False,False
2025-05-02 00:00:00+00:00,19.2849624978,19.4829600594,19.2849624978,19.2849624978,14264,,,19.122276267936993,19.686082815642358,20.23967359138116,,18.736575587037635,19.542887245672738,19.834767480608427,20.000333427352356,19.964715635883984,19.568347953521954,19.401759282045898,19.18827772377187,18.920234080930932,18.502441246604473,18.372798886628257,17.934348971869277,17.839850418401696,17.563833453121013,17.398917280738416,17.12532417826033,16.91350581036481,16.73545870091277,16.578812449938102,16.33770382668643,19.401759282045898,19.18827772377187,18.502441246604473,18.372798886628257,17.934348971869277,20.23967359138116,19.68267755832017,18.323044682017567,#000000,0.8943309106928627,19.44018987160986,-0.17356816358902588,51.051417232482,-4.27833639619346,True,False,False,False,True,0.0,0.0,0.0,0.0,0.0,0,0.8938349610304956,0.9479815834202147,False,False,False,False,0.015481058254613848,0.0032276933853458466,False,False,False,False,30328,94555.7423386727,False,False,False,False,42854.48112751622,False,False,False,False
2025-05-05 00:00:00+00:00,19.2255632293,19.3597065773,19.1067646924,19.2651627417,6035,,,19.122979439444943,19.68475253599733,20.23786800295282,,18.741081315419528,19.541663913053288,19.833265339266298,19.99976577129874,19.96421555730031,19.568154186605508,19.401664820472913,19.18830014021815,18.920390468860546,18.502784709646587,18.373195433968444,17.934908722888675,17.84044291431241,17.564515460235878,17.399648142714955,17.12612792751707,16.914359950759867,16.7363516736058,16.579737682026362,16.338672413569586,19.401664820472913,19.18830014021815,18.502784709646587,18.373195433968444,17.934908722888675,20.23786800295282,19.68186665946503,18.323462327187045,#000000,0.8926742165237662,19.440062255487064,-0.2402881389611105,50.59256358350002,-4.27833639619346,True,False,False,False,True,0.0,0.0,0.0,0.0,0.0,0,0.8946367629311115,0.951475074680793,False,False,False,False,-0.018839148086071573,-0.007805727350362864,False,False,False,False,24293,91800.3406783326,False,False,False,False,41410.57990682931,False,False,False,False
2025-05-06 00:00:00+00:00,19.2607077965,19.5126596936,19.2354631074,19.3740614005,24961,,,19.128552534527852,19.680592596102045,20.231243987263998,,18.762714153630384,19.538388433416532,19.828205964342366,19.997747941202388,19.962451145485772,19.567605150547934,19.40151583466747,19.188623008867115,18.921255188508916,18.504407443088724,18.375033186652207,17.937407005758928,17.843073882310613,17.567508754194968,17.402838810263997,17.12961223518653,16.918046781911595,16.740194339524844,16.58370979665643,16.34281767618294,19.40151583466747,19.188623008867115,18.504407443088724,18.375033186652207,17.937407005758928,20.231243987263998,19.68012970596463,18.325657836620035,#000000,0.8861249137731043,19.44025210363247,-0.20261737859053527,50.53707607019093,-4.27833639619346,True,False,False,False,True,0.0,0.0,0.0,0.0,0.0,0,0.9113110761058307,0.9369477474493576,False,False,False,False,0.013226619717251208,0.002710446183444172,False,False,False,False,49254,90131.85673016269,False,False,False,False,40765.498341855615,False,False,False,False
2025-05-07 00:00:00+00:00,19.3443617663,19.5324594498,19.176063839,19.3641615225,36979,,,19.136840788910124,19.67486434184552,20.221765798087763,,18.792770092558722,19.534062446658503,19.82111535496975,19.994846908855312,19.95991624576647,19.566847863351075,19.401345762348843,19.1891460623453,18.922574751146033,18.506842128278045,18.37778430481556,17.941130491263625,17.846992782639365,17.571961350730593,17.40758216920107,17.13478820686525,16.923521172572546,16.74589838840921,16.58960465465362,16.348967755493035,19.401345762348843,19.1891460623453,18.506842128278045,18.37778430481556,17.941130491263625,20.221765798087763,19.6778236429478,18.3288849446461,#000000,0.8749516553785299,19.440559531137087,-0.1099463773178053,51.12166569716836,-3.543106324344997,True,False,False,False,True,0.0,0.0,0.0,0.0,0.0,0,0.9314628106425538,0.9289501255783335,False,False,False,False,0.008718123041185036,0.0057142846123146036,False,False,False,False,86233,89978.96038780337,False,False,False,False,40617.00821080246,False,False,False,False
2025-05-08 00:00:00+00:00,19.3641615225,19.5819588402,19.3641615225,19.5819588402,11272,,,19.140209439047958,19.673609722726134,20.219197776437248,,18.80264615147445,19.533382655398583,19.81938251500579,19.99408492532803,19.95925600843087,19.566709400580258,19.40138204200117,19.18938901395186,18.923055610109916,18.5076566415491,18.37869348568619,17.942330428437018,17.848251217670573,17.57337942579297,17.409087089481794,17.136422058381743,16.9252437976995,16.74768925491357,16.59145222005161,16.35089087158809,19.40138204200117,19.18938901395186,18.5076566415491,18.37869348568619,17.942330428437018,20.219197776437248,19.677672312737112,18.330019240676656,#000000,0.8549269183985524,19.440890283794502,-0.08974891261843601,51.66562608901989,-2.6551481123854686,True,False,True,False,True,0.0,0.0,0.0,0.0,0.0,0,0.9235659172891807,0.9360478537381547,False,False,False,False,0.03578084190501462,0.02074756325866461,False,False,False,False,97505,90274.09919612481,False,False,False,False,39466.22357508471,False,False,False,False
2025-05-09 00:00:00+00:00,19.3641615225,19.5027598156,19.3641615225,19.4136609128,12186,,,19.143450421045234,19.672118627603933,20.216347322320644,,18.812557276682746,19.532460447835522,19.817398609368638,19.993224582809784,19.958508137646653,19.566529698688186,19.401391975007016,19.189623156577454,18.923547785713904,18.508510622021358,18.37965015327284,17.943602621601233,17.849586881994217,17.57488837708528,17.410690378807566,17.138165543886597,16.927083901310226,16.74960367482142,16.593428394155058,16.35294946902831,19.401391975007016,19.189623156577454,18.508510622021358,18.37965015327284,17.943602621601233,20.216347322320644,19.677305456989938,18.3311700844157,#000000,0.8409930168182557,19.44114288895444,-0.09153627309021556,52.02826635025424,-1.9638189922510492,True,False,True,False,True,0.0,0.0,0.0,0.0,0.0,1,0.923601413172535,0.9368734475784218,False,False,False,False,0.02675607035978033,0.02375181680922247,False,False,False,False,97505,90557.66393353169,False,False,False,False,38396.4108858657,False,False,False,False
2025-05-12 00:00:00+00:00,19.3443617663,19.7601566456,19.3443617663,19.7601566456,32373,,,19.15393661368498,19.6693144825267,20.209544936390937,,18.84039673957587,19.531493921757125,19.813144069281293,19.991234441785423,19.95679305787223,19.566275305584853,19.401630989687494,19.19044655692847,18.92504474148268,18.510953452967716,18.382361418906413,17.947138363406655,17.85328863647071,17.579043082271507,17.415091366045623,17.14293185532278,16.932101588080307,16.754814528601663,16.59879976769525,16.358534392006597,19.401630989687494,19.19044655692847,18.510953452967716,18.382361418906413,17.947138363406655,20.209544936390937,19.677598677534206,18.334575913786534,#000000,0.8243011047476808,19.442361935095683,-0.11888879953118602,52.06606485286109,-1.5900229533334738,True,False,True,False,True,0.0,0.0,0.0,0.0,0.0,1,0.9210939953715421,0.9332644068688466,False,False,False,False,0.053849354892056965,0.03880058585063972,False,False,False,False,65132,89560.5790733932,False,False,False,False,38160.19869426313,False,False,False,False
2025-05-13 00:00:00+00:00,19.6729387197,19.7997561579,19.4532604252,19.4928599375,81456,,,19.18913030554097,19.668331739857702,20.196601175263297,,18.916229295619416,19.536668124982764,19.80783531697969,19.987840354653166,19.953961975989838,19.566850792207966,19.403390151110866,19.193613371972443,18.929839710194976,18.518042994935623,18.39010208673186,17.956877240967223,17.863430773147908,17.590283948015422,17.42692801836964,17.15564864990469,16.945421902483595,16.768597630049886,16.612967483256515,16.373210015210777,19.403390151110866,19.193613371972443,18.518042994935623,18.39010208673186,17.956877240967223,20.196601175263297,19.684687740220657,18.34488699183921,#000000,0.805384881372162,19.448178353444696,0.2790719958293372,54.87878131962739,1.3231900915901633,True,False,True,False,True,1.272985314381284,0.0,0.0,0.0,0.0,1,0.9212442795988163,0.9357841854707696,False,False,False,False,0.07082032708102086,0.054810456465830285,False,False,False,False,146588,91796.94852149543,False,False,False,False,39858.073255272415,False,False,False,False
2025-05-14 00:00:00+00:00,19.6512579867,19.7304570114,19.5027598156,19.5027598156,28289,,,19.199856513888527,19.667836228256594,20.19213429824968,,18.938875540830523,19.53813225094575,19.80592050202853,19.986630488269622,19.95294759060168,19.567012208058017,19.403960027756582,19.19466921783423,18.931457951470524,18.52045435258146,18.392738701051996,17.960205803040843,17.866899024884404,17.59413308689337,17.43098392951949,17.16001047076993,16.949993790822205,16.77333076512581,16.617834682497787,16.378254665295774,19.403960027756582,19.19466921783423,18.52045435258146,18.392738701051996,17.960205803040843,20.19213429824968,19.686609013464935,18.348222252513928,#000000,0.8039991428253692,19.449884465323507,0.2504648458564729,56.50134399174245,2.979094921083707,True,False,True,False,True,1.1161213792250066,0.0,0.0,0.0,0.0,1,0.9399405535334567,0.9124777366438285,False,False,False,False,0.06855538905830408,0.06168292276206718,False,False,False,False,118299,92836.24465790739,False,False,False,False,39404.38410800683,False,False,False,False
2025-05-15 00:00:00+00:00,19.8591554264,19.938354451,19.6314582306,19.6512579867,48894,,,19.224563325465606,19.670796477298417,20.187009189303986,,18.984255317225692,19.545440288837366,19.80598806337096,19.9856075496279,19.952180627020372,19.568111386277238,19.405730079169288,19.197241091421073,18.934961306660824,18.52527632761727,18.397934987873498,17.966550273886277,17.87347585618366,17.6013422514591,17.438535106275193,17.168064874791117,16.95839212222479,16.781992306784222,16.62671504892588,16.38742182209534,19.405730079169288,19.197241091421073,18.52527632761727,18.397934987873498,17.966550273886277,20.187009189303986,19.694122997356,18.35526083438635,"rgba(38, 166, 154, 0.5)",0.7998918337335819,19.454760635910834,0.5055618440328499,59.14873213280245,5.526861911642058,True,False,True,False,True,2.573587402855999,0.0,0.0,0.0,0.0,1,0.9485751735696764,0.898473354487913,False,False,False,False,0.10717420312499175,0.08442856294352946,False,False,False,False,167193,95752.19584779337,False,False,False,False,39776.525907692834,False,False,False,False
2025-05-16 00:00:00+00:00,19.8690553045,19.9482543291,19.6512579867,19.8789551826,10214,,,19.22958470618994,19.671456646560884,20.185992690406223,,18.993286541610786,19.546991350448568,19.806051553586943,19.98541126753582,19.952036185928094,19.568352228793888,19.40610991578493,19.197787165867467,18.935700625200024,18.52628939694707,18.399025792699216,17.967879599586425,17.874853471588196,17.60285129871928,17.440115251891132,17.169749644523616,16.96014840936837,16.783803335754893,16.62857159682918,16.38933803046764,19.40610991578493,19.197787165867467,18.52628939694707,18.399025792699216,17.967879599586425,20.185992690406223,19.69567801438568,18.356717633156578,"rgba(38, 166, 154, 0.5)",0.7949232836038505,19.455766068009048,0.5199108455060881,60.985659606957725,7.242138247912706,True,False,True,False,True,2.642943440757133,0.0,0.0,0.0,0.0,1,0.9660059223398345,0.8888187197244212,False,False,False,False,0.11059540905777963,0.09751198600065455,False,False,False,False,177407,98954.34503023284,False,False,False,False,38617.211166214685,False,False,False,False
2025-05-19 00:00:00+00:00,19.8392566715,19.8393556702,19.6612568636,19.7601566456,15373,,,19.236450278920742,19.67216102321598,20.184293940366693,,19.005834231185894,19.54893542263934,19.805904553596495,19.985039007162985,19.95174740248666,19.56865290414154,19.406621587071008,19.19855097826787,18.93675735287133,18.52776082866793,18.40061503762074,17.96983058248774,17.876877660363093,17.605074876053436,17.44244682266086,17.172240412530734,16.962748173294692,16.786486616505076,16.63132433522709,16.39218208789805,19.406621587071008,19.19855097826787,18.52776082866793,18.40061503762074,17.96983058248774,20.184293940366693,19.69763508083447,18.35878154363663,#000000,0.7856809590323529,19.4570940998231,0.48640935901968807,61.785297724198585,7.994646602937088,True,False,True,False,True,2.415248055234102,0.0,0.0,0.0,0.0,1,0.9665819083185605,0.8817755891184607,False,False,False,False,0.09921234025367823,0.09836216312716639,False,False,False,False,162034,101428.05698983154,False,False,False,False,37705.67347342196,False,False,False,False
2025-05-20 00:00:00+00:00,19.8690553045,19.9680540853,19.7403568895,19.8987549387,21198,,,19.246980380588848,19.673820115816522,20.182428973760345,,19.024198415004207,19.552464480903524,19.80631500337471,19.984725280069814,19.95153363176844,19.569220984356285,19.40747403175271,19.199743950169676,18.93834661219348,18.529912117199412,18.402925958369703,17.972631339794816,17.879777657146008,17.608244934933055,17.445762913732096,17.175771248031513,16.96642572249723,16.79027643266716,16.635207517540465,16.39618747213572,19.40747403175271,19.199743950169676,18.529912117199412,18.402925958369703,17.972631339794816,20.182428973760345,19.70107649005524,18.361857285181998,"rgba(38, 166, 154, 0.5)",0.7813841278835977,19.45927116864238,0.5244336571918001,62.577493785042506,8.793393188317616,True,False,True,False,True,2.6318058886297777,0.0,0.0,0.0,0.0,0,0.9716494218530723,0.8721904525436717,False,False,False,False,0.12316254226763697,0.11076235269740167,False,False,False,False,183232,104636.0547549362,False,False,False,False,37058.31372936619,False,False,False,False
2025-05-21 00:00:00+00:00,19.7700565237,19.814605975,19.6030455805,19.7785525991,13257,,,19.252027098578296,19.674125906144933,20.1808091004487,,19.033561427712645,19.553713223549295,19.805945233812945,19.984327695444694,19.951213127802287,19.569416436364506,19.407852639012894,19.200341271947906,18.939197896840415,18.531122827096826,18.40423885916208,17.974258351984798,17.88146821785612,17.610108760671885,17.447720747933502,17.17786799986583,16.968617798386582,16.792541658524065,16.637533599621612,16.398593895426824,19.407852639012894,19.200341271947906,18.531122827096826,18.40423885916208,17.974258351984798,20.1808091004487,19.702320701723977,18.363482083450883,#000000,0.7745906387511307,19.460198043469838,0.40002869222605786,61.56582832896518,8.793393188317616,True,False,True,False,True,1.8544764804519858,0.0,0.0,0.0,0.0,0,0.9514921379754544,0.890219534655763,False,False,False,False,0.08968362598095614,0.1002229893391789,False,False,False,False,169975,107198.366333174,False,False,False,False,36124.92887723418,False,False,False,False
2025-05-22 00:00:00+00:00,19.5703225235,19.6195950254,19.3762127074,19.5103213316,13682,,,19.254912197417042,19.673264701193602,20.178387881506147,,19.04016599301368,19.55348400196615,19.804546539541157,19.983586430515203,19.950575472074156,19.56935679225325,19.407991143064326,19.200715384113913,18.93984464418609,18.532154149726118,18.40537966987654,17.975736496171294,17.88301445879804,17.611841168520577,17.44955465162129,17.179852923048482,16.970706981849656,16.794711161618885,16.639769952013484,16.400919552712377,19.407991143064326,19.200715384113913,18.532154149726118,18.40537966987654,17.975736496171294,20.178387881506147,19.70218826003893,18.364695378334233,#000000,0.7662898649165296,19.460477625840788,0.14334640543781282,58.15704534584337,12.077834908756977,True,False,True,False,False,0.30219973774109476,0.0,0.0,0.0,0.0,0,0.9283278562356901,0.904867818585779,False,False,False,False,0.041445626866893945,0.07083430810303643,False,False,False,False,156293,109123.64608481423,False,False,False,False,35244.814019303434,False,False,False,False
2025-05-23 00:00:00+00:00,19.7984065244,19.7984065244,19.41098161,19.41098161,20192,,,19.26134463673252,19.673231551265822,20.17564121303694,,19.05247332334277,19.554707666402614,19.803570028808746,19.982844365909337,19.949959980972896,19.569542085989628,19.408457996168437,19.201518149042542,18.941037198395158,18.533898050015665,18.407280448178053,17.978120004722733,17.885495588467755,17.614588747756578,17.452447062365216,17.182959897980236,16.97396153052554,16.798079129472814,16.64323230679795,16.40450705303311,19.408457996168437,19.201518149042542,18.533898050015665,18.407280448178053,17.978120004722733,20.17564121303694,19.703405800345095,18.36693403071739,#000000,0.7541307106272113,19.461555660293488,0.4466743753564332,58.27739579698874,12.077834908756977,True,False,True,False,False,2.019798764766655,0.0,0.0,0.0,0.0,0,0.9341942973865891,0.8922639643193001,False,False,False,False,0.06583050080897104,0.06833240445600373,False,False,False,False,176485,111765.26780697839,False,False,False,False,34654.50758717389,False,False,False,False
2025-05-27 00:00:00+00:00,19.897746246,19.957350079,19.8083404966,19.8083404966,14408,,,19.26820811437132,19.674493079534713,20.17453745538448,,19.063973683195112,19.55720092654104,19.80400170813792,19.982684545870605,19.949863106872723,19.569962721594763,19.409068392734813,19.20235613538819,18.94214042605315,18.535378042147837,18.40886753301084,17.98003591892591,17.88747818350642,17.616752857809125,17.454709353656995,17.1853665999392,16.97646693077659,16.80066008136851,16.645876116289326,16.407233141121104,19.409068392734813,19.20235613538819,18.535378042147837,18.40886753301084,17.98003591892591,20.17453745538448,19.70574621643017,18.36900382024701,"rgba(38, 166, 154, 0.5)",0.7475052078175523,19.463022673559173,0.5815659448180495,59.270403626548315,12.077834908756977,True,False,True,False,False,2.7580521723973277,0.0,0.0,0.0,0.0,0,0.9458363908983176,0.8980020027837109,False,False,False,False,0.12978804634707708,0.09906022540154041,False,False,False,False,190893,114868.31612827335,False,False,False,False,33860.5268974808,False,False,False,False
2025-05-28 00:00:00+00:00,19.6593309141,19.8679443296,19.6593309141,19.8679443296,8057,,,19.271013184445227,19.674671257867914,20.17358380147633,,19.06905341456652,19.557916462487064,19.80378702943745,19.982446071852753,19.949670640401944,19.57008007593946,19.409295952198498,19.202715395204464,18.942652732544808,18.53610714963412,18.4096583320261,17.981016507975607,17.88849718875016,17.61787666928333,17.45589008051956,17.186631524066605,16.977789695316204,16.802027267988137,16.647280274280117,16.408686189178884,19.409295952198498,19.202715395204464,18.53610714963412,18.4096583320261,17.981016507975607,20.17358380147633,19.70642274792982,18.369953932682584,#000000,0.7413154528891944,19.463540534175372,0.26411209851562684,56.90207013252906,10.896148467499643,True,False,True,False,False,0.8782891591397437,0.0,0.0,0.0,0.0,0,0.9337109248660146,0.911858194495552,False,False,False,False,0.1022784945838107,0.10066935999267557,False,False,False,False,182836,117533.71549579204,False,False,False,False,32848.62388189332,False,False,False,False
2025-05-29 00:00:00+00:00,19.6970800083,19.7984065244,19.5997270811,19.7984065244,14861,,,19.27576011041935,19.674813840283296,20.17171570181187,,19.077798783281413,19.55898830418851,19.803234546862505,19.981954681176873,19.94926765869738,19.57025463878899,19.409674902303742,19.203338466468658,18.94355937830519,18.537415353328154,18.411080838440878,17.982790831974476,17.890342707495304,17.619916517814765,17.45803555212449,17.188933438847354,16.980199199275074,16.804519461337353,16.649841296652294,16.41133841870292,19.409674902303742,19.203338466468658,18.537415353328154,18.411080838440878,17.982790831974476,20.17171570181187,19.707429884171507,18.37162424880332,#000000,0.7302309440030027,19.464378471419817,0.31866841413834257,55.72493839940382,9.759426883952408,True,False,True,False,False,1.1666634243497995,0.0,0.0,0.0,0.0,1,0.9099911925743944,0.9156964475891803,False,False,False,False,0.08744425909500647,0.09405680954384102,False,False,False,False,197697,120677.37371164333,False,False,False,False,32143.22686691711,False,False,False,False
2025-05-30 00:00:00+00:00,19.6195950254,19.7883732125,19.5699251646,19.5997270811,16415,,,19.280408387952974,19.674711555858188,20.169500170528714,,19.086589244001992,19.559826569574206,19.80240582848069,19.981339292155386,19.948754881791658,19.570388231796972,19.410035788269088,19.203970652236105,18.94450655394555,18.53880837772787,18.41260082795407,17.984701861433145,17.892332844186026,17.622122721422116,17.460359323785017,17.191431616456306,16.98281748770905,16.80723014774507,16.652628906141846,16.414228228460825,19.410035788269088,19.203970652236105,18.53880837772787,18.41260082795407,17.984701861433145,20.169500170528714,19.708206704779958,18.37335396926365,#000000,0.722662731179966,19.465140003305276,0.2137304380461523,53.98255412857792,8.078234781664825,True,False,True,False,False,0.5510100395150666,0.0,0.0,0.0,0.0,1,0.9044364709682156,0.9266036539507303,False,False,False,False,0.08287650434592521,0.08846665694488312,False,False,False,False,181282,123054.02572295145,False,False,False,False,31526.43365644977,False,False,False,False
2025-06-02 00:00:00+00:00,19.8878122739,19.9970859677,19.7785385801,19.8182744687,22764,,,19.290448318434642,19.676642052271205,20.167821238096927,,19.103041043785147,19.563584060797698,19.803082347190994,19.981092570980678,19.948605794513487,19.57104729642398,19.410991766903653,19.205282995900294,18.946234539305078,18.54112729404387,18.415087850318542,17.987705500295537,17.89544129496938,17.625516661765428,17.46390782412552,17.19520770844654,16.986749307772893,16.811281274858942,16.65677933466309,16.418508867777962,19.410991766903653,19.205282995900294,18.54112729404387,18.415087850318542,17.987705500295537,20.167821238096927,19.71163720293426,18.376513766741933,"rgba(38, 166, 154, 0.5)",0.7185802754903751,19.46731769627636,0.5851741161927726,55.6277374976932,8.078234781664825,True,False,True,False,False,2.6175680312128726,0.0,0.0,0.0,0.0,1,0.9026490742662832,0.9090040134628248,False,False,False,False,0.13093824197185228,0.1097024494583677,False,False,False,False,204046,126230.18157695336,False,False,False,False,31182.808807177233,False,False,False,False
2025-06-03 00:00:00+00:00,20.0566898007,20.1560295223,19.8878122739,19.8878122739,43987,,,19.313446834881724,19.682781531442064,20.166291989021104,,19.13855013643764,19.573761525986146,19.806556136942056,19.981358409002457,19.949005259872237,19.572895297627177,19.413389361434664,19.208342915327435,18.950069567922156,18.546067986693416,18.42034294651732,17.993925656320762,17.90185765892508,17.63246657973633,17.47114569386375,17.202867592915055,16.994696763715663,16.81944847321909,16.665129422176065,16.427096672381907,19.413389361434664,19.208342915327435,18.546067986693416,18.42034294651732,17.993925656320762,20.166291989021104,19.720840118448297,18.38344870285082,"rgba(38, 166, 154, 0.5)",0.7105887986326098,19.472756821504394,0.8217593358061245,58.16778123126831,3.864492059834184,True,False,True,False,True,3.885815781773605,0.0,0.0,0.0,0.0,1,0.9069783479584048,0.901129257803815,False,False,False,False,0.1621343888761591,0.1359184191672634,False,False,False,False,248033,131006.76269158264,False,False,False,False,31684.933951993815,False,False,False,False
2025-06-04 00:00:00+00:00,19.8182744687,20.136161578,19.7189347471,19.9970859677,17636,,,19.32052758268525,19.684208750842412,20.165041546215072,,19.14989155479747,19.57649355715038,19.807064214343022,19.981175302126328,19.94889628020513,19.573404328751582,19.41412593357991,19.209352806238467,18.951398507939977,18.547850970453275,18.42225520830139,17.996235573103117,17.904248295633334,17.635077226244146,17.47387556247092,17.205773222146906,16.997722799456053,16.82256683554653,16.668324662256637,16.430392900085142,19.41412593357991,19.209352806238467,18.547850970453275,18.42225520830139,17.996235573103117,20.165041546215072,19.723259293247576,18.385806287041483,#000000,0.7014578057776573,19.474326314181944,0.490333348185847,56.89587782268064,3.864492059834184,True,False,True,False,True,1.9436776515316652,0.0,0.0,0.0,0.0,1,0.8966498889118515,0.9151260577199037,False,False,False,False,0.14015248175320777,0.13803545046023558,False,False,False,False,230397,134904.41905661862,False,False,False,False,31133.995365641116,False,False,False,False
2025-06-05 00:00:00+00:00,19.8381424131,19.9076802182,19.6394629698,19.6394629698,9194,,,19.323540799894058,19.6846033430062,20.164167205301315,,19.15492101111902,19.57747021801216,19.807026843641005,19.980978660391425,19.94874546601396,19.573589041025553,19.414431900407,19.20980411063048,18.95201917967267,18.548712287499946,18.423185093859132,17.997376636572223,17.90543218061326,17.63637798856028,17.475239817819674,17.207231416437825,16.999245553328414,16.824139195319564,16.669938337538586,16.432061190346406,19.414431900407,19.20980411063048,18.548712287499946,18.423185093859132,17.997376636572223,20.164167205301315,19.72410378273386,18.38689630644043,"rgba(38, 166, 154, 0.5)",0.6873794219480248,19.474943311564523,0.5283822732228101,56.24162309360379,3.864492059834184,True,False,True,False,True,2.096301862794551,0.0,0.0,0.0,0.0,1,0.8881856243984315,0.9308551063286101,False,False,False,False,0.11026174077708342,0.1241485956186595,False,False,False,False,239591,139009.77517204534,False,False,False,False,30273.603390517936,False,False,False,False
2025-06-06 00:00:00+00:00,19.9275481625,20.0070199399,19.8580103574,19.8580103574,10846,,,19.328055960708898,19.685632787255177,20.163518530393507,,19.161991365521924,19.579323006581152,19.80748128350751,19.98091625764634,19.948724799912256,19.573939860322803,19.41492071894015,19.21045890066347,18.95286792193855,18.549837351632174,18.424388841238944,17.998822386200896,17.90692708785915,17.638006841316724,17.476941210753747,17.20903964702781,17.001126915930193,16.826076608510494,16.671922426811435,16.434106480968467,19.41492071894015,19.21045890066347,18.549837351632174,18.424388841238944,17.998822386200896,20.163518530393507,19.72573575945253,18.388390995664206,"rgba(38, 166, 154, 0.5)",0.6723681504221705,19.47597718437752,0.671612683972232,56.695867507610224,3.864492059834184,True,False,True,False,True,2.789018013917172,0.0,0.0,0.0,0.0,1,0.9026925648253111,0.9274673485859727,False,False,False,False,0.17245692390124973,0.1483027597599546,False,False,False,False,250437,143379.47026333766,False,False,False,False,29511.73659088978,False,False,False,False
2025-06-09 00:00:00+00:00,19.8679443296,20.0368218564,19.7686046079,19.897746246,10709,,,19.332159136220728,19.686477479656904,20.162772793321782,,19.16849280729308,19.58092878771642,19.80778326188501,19.980806005673536,19.948659160977936,19.57424708475604,19.415365354170977,19.21106865761383,18.95367051028148,18.55091449834921,18.425544198947716,18.000218438957145,17.90837201254404,17.63958501929241,17.478591636217967,17.210796652448472,17.00295698420127,16.827962728085108,16.673855229491664,16.43610067022804,19.415365354170977,19.21106865761383,18.55091449834921,18.425544198947716,18.000218438957145,20.162772793321782,19.72713646973314,18.389795984956567,"rgba(38, 166, 154, 0.5)",0.657448605276726,19.476896158044624,0.5947965641980183,56.198839515079996,3.864492059834184,True,False,True,False,True,2.289433984608543,0.0,0.0,0.0,0.0,1,0.9129122363341744,0.9115532930226058,False,False,False,False,0.16502559735067762,0.1566641785553161,False,False,False,False,239728,147157.8439785009,False,False,False,False,28774.374371639202,False,False,False,False
2025-06-10 00:00:00+00:00,19.8480763852,20.0964256893,19.7984065244,19.9076802182,13842,,,19.337591241265095,19.687681563807168,20.161896647552815,,19.176990573547794,19.58313328608033,19.808278036393986,19.980700627929004,19.94860863124422,19.574672292870666,19.415966782825013,19.211881995244944,18.954731469931406,18.55232824741677,18.42705844746511,18.002041951008454,17.910258343193565,17.641642599275933,17.48074202988548,17.213083885683552,17.0053379784856,16.830415631799863,16.67636802665559,16.438692138513886,19.415966782825013,19.211881995244944,18.55232824741677,18.42705844746511,18.002041951008454,20.161896647552815,19.72905648420836,18.391646648772557,"rgba(38, 166, 154, 0.5)",0.6479913028579152,19.47813653366789,0.5709024949880012,55.59065170893804,3.864492059834184,True,False,True,False,False,2.1209667704678736,0.0,0.0,0.0,0.0,1,0.9111320745414541,0.896512529829735,False,False,False,False,0.17617962211135982,0.16642190033333798,False,False,False,False,225886,150245.22264601066,False,False,False,False,28188.79106294747,False,False,False,False
2025-06-11 00:00:00+00:00,19.8679443296,20.0268878842,19.7388026914,19.7388026914,12797,,,19.342212298467654,19.68860636901265,20.160973768527466,,19.18429663755777,19.584924249793996,19.808575639196537,19.980550221030047,19.948512588274923,19.57502239661215,19.41648097132677,19.212593352722685,18.95567309616892,18.55359777477726,18.42842142117672,18.003692656059755,17.911967472821836,17.64351109911295,17.482696998960584,17.21516653698984,17.00750823848043,16.83265314418556,16.6786615618768,16.441059458906388,19.41648097132677,19.212593352722685,18.55359777477726,18.42842142117672,18.003692656059755,20.160973768527466,19.730597478669257,18.3932782758016,"rgba(38, 166, 154, 0.5)",0.6426578754109952,19.479169809876772,0.6049478806660497,55.43277564260113,3.864492059834184,True,False,True,False,False,2.2827028530246736,0.0,0.0,0.0,0.0,1,0.9121011320871749,0.9022413747846671,False,False,False,False,0.1600814450535689,0.16325167269345342,False,False,False,False,238683,153713.37077753965,False,False,False,False,27585.19141342012,False,False,False,False
2025-06-12 00:00:00+00:00,20.076557745,20.1758974667,19.8083404966,19.8083404966,71407,,,19.373098573407653,19.697367198442826,20.15846796158876,,19.230248580793425,19.599200743389567,19.81350871684232,19.980871762672145,19.949052163794217,19.577872753916065,19.420208222857557,19.217378584036027,18.961698120206304,18.56139419884117,18.43672253532064,18.01354622852146,17.92213694566745,17.654541015526576,17.494192440254473,17.227346438600627,17.020156047811117,16.845659316185195,16.691966273358695,16.454754260656053,19.420208222857557,19.217378584036027,18.56139419884117,18.43672253532064,18.01354622852146,20.15846796158876,19.74297791114641,18.403622767462554,"rgba(38, 166, 154, 0.5)",0.6433641776148427,19.4867710930116,0.9167228647621102,57.69534409933503,3.979267160394947,True,False,True,False,True,3.9715862049943205,0.0,0.0,0.0,0.0,1,0.9159431707378732,0.8963165535901968,False,False,False,False,0.18737720797570154,0.1753144403345775,False,False,False,False,310090,159845.78760979298,False,False,False,False,29303.69371093306,False,False,False,False
2025-06-13 00:00:00+00:00,20.0745709506,20.3868950354,19.9176141904,20.076557745,13555,,,19.379556115828503,19.699507574870243,20.158359785275927,,19.239502517295698,19.602462093654097,19.81488655522134,19.981095018260007,19.94930490823077,19.578538487129023,19.42103474618507,19.21839974351438,18.96294799878329,18.56297177154959,18.43839346630639,18.01550415859933,17.924153376379312,17.656716625052077,17.496453993875534,17.22973395744121,17.02262944555439,16.848198377164774,16.694560041954634,16.45741908471783,19.42103474618507,19.21839974351438,18.56297177154959,18.43839346630639,18.01550415859933,20.158359785275927,19.745807825324892,18.40574531834344,"rgba(38, 166, 154, 0.5)",0.6422708603209195,19.488449807474105,0.912576265460697,59.169392252656394,5.476928481028885,True,False,True,False,True,3.95376572517009,0.0,0.0,0.0,0.0,1,0.9083200552330708,0.8992941310254099,False,False,False,False,0.3428282220115121,0.2590713311730448,False,False,False,False,296535,165206.1488799972,False,False,False,False,28686.097879131765,False,False,False,False
2025-06-16 00:00:00+00:00,20.0173512709,20.3845108821,19.9672840512,20.076557745,17137,,,19.387527831496143,19.702162425970766,20.158210016868093,,19.250889160244707,19.60650226912635,19.816592886859414,19.981369880190048,19.94961745587659,19.57937276180179,19.42207202590192,19.219682775657404,18.96451984510915,18.564957467202575,18.440497092861154,18.017970422118132,17.926693562842672,17.659457997951375,17.49930402890102,17.232743327265403,17.025747492900823,16.85139954554402,16.697830470494477,16.4607795393216,19.42207202590192,19.219682775657404,18.564957467202575,18.440497092861154,18.017970422118132,20.158210016868093,19.749300091445004,18.408400000408534,"rgba(38, 166, 154, 0.5)",0.642163208343243,19.49053233902197,0.8203816802853008,59.1203925658482,5.5428119579433925,True,False,True,False,True,3.433629306600565,0.0,0.0,0.0,0.0,1,0.9493369344708279,0.8955114097875263,False,False,False,False,0.3428282223432593,0.30094977675815204,False,False,False,False,279398,169684.26068862475,False,False,False,False,28233.19207995013,False,False,False,False
2025-06-17 00:00:00+00:00,19.957350079,20.1262276058,19.9176141904,20.0268878842,17622,,,19.394211292833383,19.70407242455502,20.157524714925444,,19.26069185861352,19.609620842673525,19.81763351277131,19.981407689964087,19.949711215514707,19.580035050129787,19.4229493969962,19.220819714679436,18.96596109236071,18.566833774645758,18.442497495968535,18.020353059778305,17.92915400154347,17.662130579742602,17.502091581735915,17.235700303379062,17.02882054290476,16.85456163017913,16.701066765983924,16.464113166282413,19.4229493969962,19.220819714679436,18.566833774645758,18.442497495968535,18.020353059778305,20.157524714925444,19.751936144104615,18.410807663792358,"rgba(38, 166, 154, 0.5)",0.6361864256171187,19.492209390729123,0.7311389704985907,58.018441356428035,5.5428119579433925,True,False,True,False,True,2.8846139838699933,0.0,0.0,0.0,0.0,1,1.0119316696664389,0.873942432211574,False,False,False,False,0.29419823030933256,0.2975740035337423,False,False,False,False,261776,173295.7014459336,False,False,False,False,27817.066900344245,False,False,False,False
2025-06-18 00:00:00+00:00,19.9076802182,20.0368218564,19.8878122739,20.0023013031,20571,,,19.40112352797378,19.70585361304512,20.156448301365238,,19.270968996366932,19.61268390314485,19.81846387957364,19.98132136010995,19.949699157484034,19.58070236027414,19.423870716258147,19.22204720183833,18.967547183670575,18.568932117492942,18.44474203741932,18.023048322861296,17.93194095288445,17.665167779671286,17.50526463063593,17.23907401876889,17.032332033158923,16.85817894936214,16.704772312641797,16.46793491240437,19.423870716258147,19.22204720183833,18.568932117492942,18.44474203741932,18.023048322861296,20.156448301365238,19.75447514746138,18.413434641301095,"rgba(38, 166, 154, 0.5)",0.6350186681559269,19.493904982271573,0.6515953887308792,56.406460898773645,5.5428119579433925,True,False,True,False,False,2.4268090119366654,0.0,0.0,0.0,0.0,1,1.057621280941542,0.8216597795935312,False,False,False,False,0.26824010788439545,0.2829070557090689,False,False,False,False,241205,175958.8111931519,False,False,False,False,27532.907414056237,False,False,False,False
2025-06-20 00:00:00+00:00,20.0070199399,20.2056993832,19.8878122739,19.8878122739,10016,,,19.40497043619057,19.70703320560715,20.156147137256536,,19.276511718420235,19.614551960868926,19.81914915246781,19.981380102085623,19.949786832750597,19.581106106902197,19.424395018232904,19.222717173683694,18.968388121640295,18.570017759244543,18.4458974971935,18.02441885999265,17.933355297537148,17.66670156566682,17.506863129416104,17.240767829017624,17.03409111754003,16.859988093007736,16.706623188338316,16.469840461037567,19.424395018232904,19.222717173683694,18.570017759244543,18.4458974971935,18.02441885999265,20.156147137256536,19.756050259684752,18.414827549252216,"rgba(38, 166, 154, 0.5)",0.636092894052483,19.494896780401362,0.80510749968602,56.79865765746065,5.5428119579433925,True,False,True,False,False,3.287069984423418,0.0,0.0,0.0,0.0,1,1.0376942765040376,0.8111352922791492,False,False,False,False,0.29695127325949316,0.289929164484281,False,False,False,False,251221,178910.26957773417,False,False,False,False,26845.969868406974,False,False,False,False
2025-06-23 00:00:00+00:00,20.076557745,20.2111630678,19.5103213316,20.1460955502,31492,,,19.4148742458873,19.70955878408531,20.15443907453878,19.9326807148,19.291172850548737,19.618930975330038,19.820275373778944,19.98120836529897,19.949730753084978,19.582088990842337,19.4257657397119,19.224555419932052,18.97077406726814,18.573186285186875,18.449289497179652,18.028500257760015,17.937576954038384,17.671306236888057,17.511675893554273,17.24588830753207,17.039423089775998,16.865482637800614,16.712253300569444,16.475649437562623,19.4257657397119,19.224555419932052,18.573186285186875,18.449289497179652,18.028500257760015,20.15443907453878,19.759624034837127,18.591588285544073,"rgba(38, 166, 154, 0.5)",0.6379457389168744,19.565315838779153,0.801387759229883,58.0143696055345,5.5428119579433925,True,False,True,False,False,3.889160479434338,0.0,0.0,0.0,0.0,1,1.0366021038394948,0.822319172850463,False,False,False,False,0.23109351625335692,0.26051134036881896,False,False,False,False,282713,182980.96488841125,False,False,False,False,27028.167128469446,False,False,False,False
2025-06-24 00:00:00+00:00,20.0864917172,20.1659634945,19.9574494188,19.9772180234,10965,,,19.419127193580493,19.710957874140444,20.15421486576696,19.968136761781548,19.297184836599403,19.621082358492895,19.821134830788072,19.981317216152362,19.94986784337027,19.582563432607426,19.42637005629578,19.225316891161754,18.971720218420487,18.57439711825436,18.450575875357444,18.03001940061779,17.939143544633914,17.673002186670427,17.513441911434477,17.247757471412232,17.041362868659697,16.867476563630902,16.71429237621911,16.477747597343782,19.42637005629578,19.225316891161754,18.57439711825436,18.450575875357444,18.03001940061779,20.15421486576696,19.761433311162634,18.59480818812802,"rgba(38, 166, 154, 0.5)",0.6394041871125065,19.568157179641286,0.8106523979761044,58.96320953435821,5.67131996495138,True,False,True,False,True,3.976085498612786,0.0,0.0,0.0,0.0,1,1.0438680967522296,0.8014730828026535,False,False,False,False,0.3005534918106185,0.28053241608971874,False,False,False,False,293678,187322.02508886572,False,False,False,False,26398.23900578437,False,False,False,False
2025-06-25 00:00:00+00:00,20.0217222187,20.195765411,19.9678800895,20.0467558285,18751,,,19.426183702794177,19.713271484576047,20.15379724022522,19.996827090073175,19.307146951471225,19.624648042919087,19.822543077844458,19.981485625500028,19.95008563935387,19.583359051277803,19.427387761769584,19.22660331372962,18.973322419830936,18.57645190444455,18.452759869682115,18.03260162543157,17.941806946216655,17.675886964604494,17.516446651940647,17.250938912740853,17.044665350318322,16.870871893949467,16.717765135785008,16.48132178618785,19.427387761769584,19.22660331372962,18.57645190444455,18.452759869682115,18.03260162543157,20.15379724022522,19.764417475865148,18.598680211444176,"rgba(38, 166, 154, 0.5)",0.6400403654448863,19.571367319207432,0.7036351514791241,58.17574001275166,5.67131996495138,True,False,True,False,True,3.3389842679958726,0.0,0.0,0.0,0.0,1,1.0430406107717127,0.7984376147054437,False,False,False,False,0.296455847017237,0.28849413155347786,False,False,False,False,274927,190757.51430106707,False,False,False,False,26098.347280067333,False,False,False,False
2025-06-26 00:00:00+00:00,20.233361522,20.2831973879,20.0340180588,20.0340180588,23318,,,19.43638548881316,19.717096597703208,20.153963351763807,20.048331209110188,19.321120064701933,19.630215140842633,19.82515096756373,19.98201006667875,19.950649185160092,19.58459559007647,19.428890784410207,19.2284299237262,18.975530400185868,18.579208026088953,18.455672411482396,18.03599573321027,17.945299394594674,17.679647200218657,17.52035159556044,17.255056117798155,17.048927423568443,16.875244837163134,16.722230532332055,16.485907356843175,19.428890784410207,19.2284299237262,18.579208026088953,18.455672411482396,18.03599573321027,20.153963351763807,19.769148479426722,18.604627830223663,"rgba(38, 166, 154, 1.0)",0.642648791793904,19.576646423711537,1.02188801515567,60.55877155783155,7.257329056135745,True,False,True,False,True,5.216002104683927,0.0,0.0,0.0,0.0,1,1.0121824194668434,0.8088856511158911,False,False,False,False,0.3342037989749615,0.3113489652642197,False,False,False,False,298245,194972.7098186723,False,False,False,False,25989.31405339803,False,False,False,False
2025-06-27 00:00:00+00:00,20.3031317342,20.4851323162,20.233361522,20.3529676,18433,,20.340541857466672,19.445911965839894,19.7210797881445,20.1547838549816,20.100646391669798,19.333808859996477,19.63576482940347,19.82807762079485,19.982744244942225,19.951391820679543,19.585824796480356,19.430321047741074,19.230105512833052,18.97749625755707,18.5815926538563,18.458176458744894,18.038866839605078,17.948245637556752,17.682797616962958,17.52361191128893,17.258476685365146,17.052456789518615,16.878857188819694,16.725912076622016,16.48967783099786,19.430321047741074,19.230105512833052,18.5815926538563,18.458176458744894,18.038866839605078,20.1547838549816,19.915579366608167,18.610258762021918,"rgba(38, 166, 154, 1.0)",0.6468495824628018,19.652839526325614,1.0053221421253413,62.932770467504,9.477904290040371,True,False,True,False,True,5.825509603785516,0.0,0.0,0.0,0.0,1,1.0148913145810794,0.809805467669503,False,False,False,False,0.3428282099044741,0.3270885875843469,False,False,False,False,316678,199745.46629637142,False,False,False,False,25692.988012088303,False,False,False,False
2025-06-30 00:00:00+00:00,20.4327049853,20.4327049853,20.2532958684,20.293164561,12856,,20.353837945627678,19.45267425777813,19.723971405339448,20.155450800286555,20.130868015904607,19.342751729153587,19.63975975336346,19.83022685753718,19.983300666653264,19.951951026840213,19.586716393866265,19.431351293620693,19.231305127088472,18.97889645742739,18.583282508884974,18.45994891446725,18.04089314037044,17.950323930143085,17.68501714593137,17.5259074135469,17.26088285766517,17.05493803213913,16.881395659931375,16.728498266545024,16.492325226816398,19.431351293620693,19.231305127088472,18.583282508884974,18.45994891446725,18.04089314037044,20.155450800286555,19.921483602257954,18.613910759554,"rgba(38, 166, 154, 1.0)",0.6525291489156289,19.656841882217513,1.189009110737525,65.82846950181602,12.121719357139384,True,False,True,False,True,6.951822205503138,0.0,0.0,0.0,0.0,1,1.01513244992162,0.8182913227485773,False,False,False,False,0.3356138376903425,0.3313512126373447,False,False,False,False,329534,204835.21271612158,False,False,False,False,25189.576717496606,False,False,False,False
2025-07-01 00:00:00+00:00,20.0639195783,20.3000419105,20.0639195783,20.3000419105,11677,,20.29643651307825,19.457215718422628,19.72565155357727,20.155415283355,20.13194502401851,19.34895596616963,19.642222991802583,19.831342207400883,19.983506784084025,19.95218051609827,19.587287787314565,19.43205672490831,19.232173199755383,18.979956130162513,18.58461748777161,18.461362526830346,18.042549128975935,17.952029401891878,17.68685751410152,17.527820814512957,17.26290366539737,17.057032324058774,16.883546282988785,16.730695881148645,16.494584203593124,19.43205672490831,19.232173199755383,18.58461748777161,18.461362526830346,18.042549128975935,20.155415283355,19.908679767108286,18.61555211796962,"rgba(38, 166, 154, 0.5)",0.6539580601989902,19.655181262187767,0.625022216237931,61.16533239005945,15.332631433928242,True,False,True,False,False,3.2515130145399347,0.0,0.0,0.0,0.0,1,0.9928300553164091,0.8360195058883467,False,False,False,False,0.26577560652704385,0.2985634095821943,False,False,False,False,317857,209267.43966843054,False,False,False,False,24659.671748183013,False,False,False,False
2025-07-02 00:00:00+00:00,20.0738867514,20.2732302147,19.9542806735,20.2732302147,9844,,20.259906785501368,19.46076543089243,19.726915359391498,20.155287283368267,20.12968865500361,19.353838109911376,19.644107506083927,19.832149789912357,19.983634201278715,19.952330818017884,19.58773207324158,19.432615113429687,19.232869893860595,18.98081562253775,18.585710726690635,18.462522554866517,18.04391515624531,17.953437464774204,17.6883802508043,17.529405712686202,17.26458014635625,17.05877156423438,16.885333683372497,16.7325234620858,16.49646442190029,19.432615113429687,19.232869893860595,18.585710726690635,18.462522554866517,18.04391515624531,20.155287283368267,19.90071871478839,18.616718125269678,"rgba(38, 166, 154, 0.5)",0.6549446519249964,19.65413283776711,0.6408998262664771,58.18731891049432,12.806853061991752,True,False,True,False,False,3.3407456832923614,0.0,0.0,0.0,0.0,1,1.0222634066668954,0.8194510194846593,False,False,False,False,0.22157985217406012,0.26007163087812724,False,False,False,False,327701,213911.8930147666,False,False,False,False,24078.66501296015,False,False,False,False
2025-07-03 00:00:00+00:00,20.2034600026,20.3031317342,20.1837249997,20.3031317342,14538,,20.253473781662503,19.466984704525686,19.72940864573041,20.155543788659628,20.139300973363806,19.362165305166783,19.647645061490486,19.833905620015354,19.98403011031765,19.95274600379071,19.58855234961674,19.433597804864643,19.234050194230342,18.982229237063468,18.58746031618263,18.46436808586891,18.046056207568263,17.955638931698804,17.69074625348131,17.53186062466445,17.2671654357847,17.061445828990752,16.888076046640563,16.735322634355267,16.49933737232474,19.433597804864643,19.234050194230342,18.58746031618263,18.46436808586891,18.046056207568263,20.155543788659628,19.90135273014456,18.619318151257783,"rgba(38, 166, 154, 0.5)",0.6538643661196832,19.655933528625457,0.8373701066228826,57.86295570814271,12.695251891481064,True,False,True,False,False,4.5037845205686295,0.0,0.0,0.0,0.0,1,1.0234322936994047,0.8287279680178268,False,False,False,False,0.2756022297906539,0.2678369303343906,False,False,False,False,342239,218944.32858281498,False,False,False,False,23704.521286961717,False,False,False,False
2025-07-07 00:00:00+00:00,20.1237226172,20.2433286952,20.0746841253,20.0838539246,17344,,20.23171931301535,19.473482600192664,19.73186409658262,20.15550998470527,20.140115211379072,19.370966152621158,19.65121744106281,19.83554631344835,19.98434228827014,19.953092212698024,19.589402173925176,19.43464537220902,19.235337821117817,18.983799810810222,18.589437688418762,18.46646170599266,18.048508327301615,17.95816426582675,17.693471248781314,17.534693771227303,17.270157736072026,17.06454708775359,16.89126087019852,16.738577184791797,16.50268306087275,19.43464537220902,19.235337821117817,18.589437688418762,18.46646170599266,18.048508327301615,20.15550998470527,19.898143998623976,18.6216872341953,"rgba(38, 166, 154, 0.5)",0.65222968417783,19.656564443165166,0.7162479497137728,56.388855152304544,11.357514010092878,False,False,True,False,False,3.701688170376059,0.0,0.0,0.0,0.0,1,1.003963366658199,0.8464369591855354,False,False,False,False,0.22685860145341344,0.247347765893902,False,False,False,False,324895,223099.256873685,False,False,False,False,23455.089079629885,False,False,False,False
2025-07-08 00:00:00+00:00,20.0340180588,20.233361522,19.924379154,20.233361522,10721,,20.212864639582584,19.47694837502614,19.733065937042593,20.155279944207397,20.135575376309422,19.3757348714461,19.653033552512852,19.836283097390496,19.984436261483285,19.953214020751112,19.58984791853765,19.435215839008823,19.236059376334797,18.984699148236217,18.59059222851948,18.46768922179187,18.049961151614138,17.959663056692722,17.695095555402926,17.536386223457,17.271950806112763,17.066409247976118,16.893176120851727,16.740536743369745,16.504700880607484,19.435215839008823,19.236059376334797,18.59059222851948,18.46768922179187,18.049961151614138,20.155279944207397,19.894539723964677,18.62277799088996,"rgba(38, 166, 154, 0.5)",0.6464744603043519,19.656261730494492,0.5843329497157025,54.06190206285791,9.181151678196272,False,False,True,False,False,2.800639294123741,0.0,0.0,0.0,0.0,1,0.990213324082338,0.8606773769823856,False,False,False,False,0.18223300619106764,0.21479038604248482,False,False,False,False,314174,226670.81542765812,False,False,False,False,22955.713037291458,False,False,False,False
2025-07-09 00:00:00+00:00,20.1336897904,20.1934928294,19.9941493661,19.9941493661,46156,,20.17838547683622,19.492480592651937,19.73880495369532,20.15476466036201,20.129764467818724,19.39677997729216,19.66147617633471,19.839993234703815,19.985056786612116,19.953938791863738,19.59193137877218,19.437827957746638,19.239312837517787,18.988708200662778,18.595687280091983,18.473094857790223,18.05632562433267,17.96622329808721,17.702190207545627,17.54377083862805,17.27976312454238,17.074515013145838,16.901507270209642,16.749056015859324,16.51346704119133,19.437827957746638,19.239312837517787,18.595687280091983,18.473094857790223,18.05632562433267,20.15476466036201,19.89110892088637,18.628346166977884,"rgba(38, 166, 154, 0.5)",0.6402182746019498,19.658248451768266,0.7426238167402109,53.93462151430499,9.026853378784224,False,False,True,False,False,3.7258228990768174,0.0,0.0,0.0,0.0,1,0.9806817569769831,0.8648081740145878,False,False,False,False,0.190499295532347,0.2026448407874159,False,False,False,False,360330,231912.3520775539,False,False,False,False,23865.528212299636,False,False,False,False
2025-07-10 00:00:00+00:00,20.2260854856,20.233361522,20.0141833842,20.088538496,11469,,20.17684851186031,19.49653107732971,19.740396602385353,20.15477291084856,20.131121661275806,19.402183209833233,19.663759017519332,19.84107165172461,19.985273732448814,19.954177166127327,19.59249724204207,19.438522872649003,19.240164575093477,18.989744962184602,18.596990355614864,18.474474103346886,18.057939983587463,17.96788570363851,17.70398371880177,17.545635427264546,17.281732418087078,17.07655606733608,16.90360340553277,16.751198131507195,16.51566935080649,19.438522872649003,19.240164575093477,18.596990355614864,18.474474103346886,18.057939983587463,20.15477291084856,19.892137275605982,18.62992577028077,"rgba(38, 166, 154, 0.5)",0.637311144557398,19.659314014172278,0.8893167431134982,55.0738293737235,9.026853378784224,False,False,True,False,False,4.579410097631747,0.0,0.0,0.0,0.0,1,0.978057111992146,0.8639936593007026,False,False,False,False,0.20713833237593796,0.20489158658167694,False,False,False,False,371799,237398.10297647337,False,False,False,False,23379.389851032985,False,False,False,False
2025-07-11 00:00:00+00:00,20.2134271757,20.3130989074,20.1536241367,20.2034600026,19695,,20.182534482415434,19.50408502762997,19.743547890366006,20.155098951838646,20.138440142161453,19.412114141079083,19.66816997988424,19.843305296799663,19.985793090845597,19.95472311296867,19.59358432312665,19.439826981959296,19.241732971763827,18.991625712432665,18.599321447302,18.47693397508068,18.06079713320542,17.97082412411903,17.707143729464487,17.548915387926122,17.285188674412463,17.080132909604618,16.90727269031606,16.75494458540587,16.51951639932033,19.439826981959296,19.241732971763827,18.599321447302,18.47693397508068,18.06079713320542,20.155098951838646,19.89631658806251,18.633039520492893,"rgba(38, 166, 154, 0.5)",0.6277311136109569,19.66202370444876,0.8784071066341622,55.60759458929573,9.026853378784224,False,False,True,False,False,4.446399020859669,0.0,0.0,0.0,0.0,1,0.9844792552359856,0.8671902404928268,False,False,False,False,0.26907153589202315,0.23698156123685005,False,False,False,False,352104,241896.37344798422,False,False,False,False,23234.90397452189,False,False,False,False
2025-07-14 00:00:00+00:00,20.3729019463,20.412770639,20.1336897904,20.1336897904,16732,,20.193478052275985,19.511075501354902,19.74662972642951,20.15567944744156,20.148700369558554,19.4211726125263,19.672390657428203,19.84557310881301,19.986378012446767,19.9553206775617,19.59462087845521,19.441043434222703,19.24316904784018,18.99332189138461,18.601393383533548,18.479113338400413,18.063307676021516,17.9734025011012,17.70990688514994,17.551778385660665,17.28819801204459,17.083242103659668,16.910458319949864,16.758194022197813,16.522848582644404,19.441043434222703,19.24316904784018,18.601393383533548,18.479113338400413,18.063307676021516,20.15567944744156,19.90171568187549,18.63603426589782,"rgba(38, 166, 154, 1.0)",0.622615583062407,19.66504092853107,1.1369150355781878,57.99406812421291,9.026853378784224,True,False,True,False,True,5.930500471092429,0.0,0.0,0.0,0.0,1,1.0091827601646244,0.8492467037088095,False,False,False,False,0.2872287165233818,0.2621051388801159,False,False,False,False,368836,246874.3980186515,False,False,False,False,22979.888132383778,False,False,False,False
2025-07-15 00:00:00+00:00,20.2134271757,20.2831973879,20.1137554441,20.2831973879,16508,,20.194278069925865,19.516976279174155,19.749084070227994,20.15585956630665,20.151812160035277,19.428912716823383,19.67583290272055,19.847293732408946,19.986767991226497,19.95573590787307,19.59549306390601,19.442097822788288,19.244445232338748,18.99486015839936,18.60330947639186,18.481137538818874,18.06566563770218,17.97582873284293,17.712519390504117,17.55449184129437,17.29106007806165,17.086205972793678,16.91350031230072,16.761301246527474,16.52604107917538,19.442097822788288,19.244445232338748,18.60330947639186,18.481137538818874,18.06566563770218,20.15585956630665,19.904049496408664,18.6384135957879,"rgba(38, 166, 154, 0.5)",0.616034008288683,19.66685351963067,0.8872459129126488,56.78246032957186,9.026853378784224,False,False,True,False,True,4.229880288304244,0.0,0.0,0.0,0.0,1,0.9951852523364962,0.8796176624002104,False,False,False,False,0.24028609855420327,0.25119561871715956,False,False,False,False,352328,251009.83339046908,False,False,False,False,22726.088597780494,False,False,False,False
2025-07-16 00:00:00+00:00,20.1536241367,20.2233943489,20.0489688185,20.1635913099,327961,,20.162164445374934,19.607477104607803,19.786977109439388,20.154893619680852,20.146606659700012,19.546054467260852,19.729013122195912,19.872987805594175,19.99211713947057,19.96172881186138,19.610616099036005,19.460813243805585,19.267532883392754,19.023115981237744,18.63902156487326,18.518988519004036,18.110140295206783,18.021658629798516,17.762056669836632,17.606046701742258,17.345601715035684,17.142804611882323,16.97168329433801,16.820808641744968,16.587296020730086,19.460813243805585,19.267532883392754,18.63902156487326,18.518988519004036,18.110140295206783,20.154893619680852,19.927878069775744,18.677469842850872,"rgba(38, 166, 154, 0.5)",0.6130765874749938,19.690627265838184,0.7552023357615165,55.0259364455948,9.026853378784224,False,False,True,False,False,3.597888877116759,0.0,0.0,0.0,0.0,1,0.9877590508190112,0.8822588146142081,False,False,False,False,0.20195401644599326,0.2265748175815764,False,False,False,False,24367,242121.87913986246,False,False,False,False,34696.08512335773,False,False,False,False
2025-07-17 00:00:00+00:00,20.1934928294,20.2433286952,20.0838539246,20.0838539246,59858,,20.16331303664621,19.622052135901153,19.793664049198405,20.15512799279325,20.14898501652245,19.56432108538243,19.7380804374567,19.87769584347611,19.993251179838595,19.96296550494972,19.613445031946796,19.4642749068083,19.271766652173905,19.028264829008293,18.645494580875923,18.52584224895263,18.11817572139069,18.029936244210862,17.77099782909511,17.615349735089925,17.355441819646384,17.15301559408264,16.98218050807838,16.831545399546364,16.59835002223734,19.4642749068083,19.271766652173905,18.645494580875923,18.52584224895263,18.11817572139069,20.15512799279325,19.933539303634753,18.684551508426615,"rgba(38, 166, 154, 0.5)",0.6102356611493333,19.695251935966525,0.81647292210861,54.45258594922723,9.026853378784224,False,True,True,False,False,3.9832480026141006,0.0,0.0,0.0,0.0,1,1.002921058034803,0.871227932775248,False,False,False,False,0.20430368807410842,0.21543925282784243,False,False,False,False,84225,235929.84466378944,False,False,False,False,35682.82688322605,False,False,False,False
2025-07-18 00:00:00+00:00,20.5224095438,20.5523110633,20.2632630415,20.2632630415,28061,,20.176068986899928,19.631878612527558,19.79891124921867,20.15683018533912,20.160783759839873,19.576190896529468,19.74478532038033,19.881838448896655,19.99457385946241,19.96428389021283,19.615401747985768,19.46650504200174,19.274333320011177,19.031233139185154,18.649047991875772,18.529563731102073,18.122417613911438,18.034285240507806,17.775639306278986,17.620149736693623,17.360474927118606,17.158208391201473,16.987495935459584,16.836963456567197,16.603901725485343,19.46650504200174,19.274333320011177,18.649047991875772,18.529563731102073,18.122417613911438,20.15683018533912,19.940922258496318,18.6892087877611,"rgba(38, 166, 154, 1.0)",0.6128948289202232,19.69967508178773,1.3423746182713472,57.9811898919765,9.026853378784224,False,False,True,False,True,7.069608046554489,0.0,0.0,0.0,0.0,1,1.002254215740434,0.8593563947507211,False,False,False,False,0.34282818411262544,0.27913371847023394,False,False,False,False,112286,231081.06644168004,False,False,False,False,35383.93171133484,False,False,False,False
2025-07-21 00:00:00+00:00,20.3541636608,20.5224095438,20.3130989074,20.5224095438,25655,,20.18480498627837,19.640126431591987,19.803274304967704,20.15810598832498,20.169046725748235,19.586165598705023,19.75038071560682,19.885246068981132,19.995644691192016,19.9653598949396,19.61707665992783,19.468432650914597,19.27657151895286,19.033841634035557,18.65219543434707,18.53286608120638,18.12620006716873,18.03816644296784,17.779790441530935,17.62444742910925,17.364988665013605,17.162870466063726,16.992272090795137,16.84183510569823,16.608898284944722,19.468432650914597,19.27657151895286,18.65219543434707,18.53286608120638,18.12620006716873,20.15810598832498,19.94657792779076,18.69316991914523,"rgba(38, 166, 154, 1.0)",0.610732691073636,19.703213726794367,1.065850810869971,57.64825193554526,9.026853378784224,False,False,True,False,True,5.24924027243917,0.0,0.0,0.0,0.0,1,1.0101350579822364,0.8614433463326039,False,False,False,False,0.34282817916776936,0.3109809488190016,False,False,False,False,86631,225416.35795377102,False,False,False,False,35002.404977557,False,False,False,False
2025-07-22 00:00:00+00:00,20.4482537755,20.4482537755,20.3230660805,20.3230660805,21418,,20.19190411156833,19.646965992972433,19.80692867218309,20.159204822030546,20.175797387910848,19.594409193724815,19.755049883158797,19.888111328701655,19.996556429007352,19.966274769651573,19.61848727353605,19.470053016512267,19.27844981428788,19.03602757867548,18.65482936123931,18.535628800480524,18.129362034215717,18.041410551270715,17.783259108237296,17.628038031273267,17.368759034554863,17.16676428151336,16.996260855985845,16.84590336112643,16.6130705257542,19.470053016512267,19.27844981428788,18.65482936123931,18.535628800480524,18.129362034215717,20.159204822030546,19.9512508996886,18.6964716047532,"rgba(38, 166, 154, 1.0)",0.6053367844420757,19.706155175965993,1.2259268205846454,58.44155044536507,9.026853378784224,False,False,True,False,True,6.1210798609244215,0.0,0.0,0.0,0.0,1,0.9987365306063498,0.8707163804404193,False,False,False,False,0.318864341801586,0.3149226453102938,False,False,False,False,108049,220813.71646538784,False,False,False,False,34469.68321373124,False,False,False,False
2025-07-23 00:00:00+00:00,20.647497567,20.7317201802,20.472573678,20.472573678,15803,,20.20172107461361,19.653313295374776,19.810534484788793,20.160694920197315,20.184866544228314,19.601937185399454,19.759553296078508,19.89105653298882,19.997571022769247,19.96726933016358,19.619802320813474,19.47151323667117,19.280089845178765,19.037883315253087,18.657000900046757,18.53789104375528,18.13190482391494,18.044011255795844,17.78601768269261,17.630881864352162,17.37172754148261,17.16981778859981,16.999379445027756,16.849076430954916,16.61631377927382,19.47151323667117,19.280089845178765,18.657000900046757,18.53789104375528,18.13190482391494,20.160694920197315,19.956565943743623,18.699462570308356,"rgba(0, 255, 255, 0.75)",0.6159706904894584,19.70923976888002,1.5232182514632724,60.85675506679858,6.224102860726113,True,False,True,False,True,7.9324808845998795,0.0,0.0,0.0,0.0,1,1.0077331112400696,0.8477807625465591,False,False,False,False,0.34282818734161663,0.3288754163259552,False,False,False,False,123852,217011.29621184323,False,False,False,False,33737.65642103589,False,False,False,False
2025-07-24 00:00:00+00:00,20.6,20.6734,20.57,20.57,18953,,20.212837981406995,19.660795356918594,19.814802095143232,20.16245843147993,20.19519657274943,19.61079638949336,19.76487530072573,19.894544089734932,19.998778016042515,19.968453019271365,19.62137052551955,19.473255362835143,19.282047387299638,19.040099286275797,18.659595252968778,18.540594100805112,18.13494419470114,18.047120056081557,17.789315785684128,17.634282240383385,17.375277549097877,17.173469863296738,17.003109696506204,16.85287213192464,16.620193871158268,19.473255362835143,19.282047387299638,18.659595252968778,18.540594100805112,18.13494419470114,20.16245843147993,19.96272346623719,18.70299984106985,"rgba(38, 166, 154, 1.0)",0.6064944287249515,19.712848230239207,1.4627533704239895,61.68311155579847,7.104410650134653,True,False,True,False,True,7.405318984452549,0.0,0.0,0.0,0.0,1,1.016515466868025,0.8674654778675182,False,False,False,False,0.3428281885086418,0.3358518024172985,False,False,False,False,104899,212614.7355760847,False,False,False,False,33157.86597315213,False,False,False,False
2025-07-25 00:00:00+00:00,20.6019,20.6999,20.566,20.6,16188,,20.222052461183875,19.667147974339148,19.818448111940928,20.163980759687764,20.203797817261254,19.61830163697744,19.769411720698564,19.8975296926646,19.99981876000735,19.969473285733237,19.62271697675712,19.47474971015592,19.28372498528654,19.041996801331557,18.661814880560378,18.542906283110142,18.13754276958709,18.04977776712885,17.79213474575718,17.637188323425086,17.37831110516555,17.17659037927491,17.006296823708634,16.856115031280478,16.623508685177555,19.47474971015592,19.28372498528654,18.661814880560378,18.542906283110142,18.13754276958709,20.163980759687764,19.967907326787927,18.706009974793595,"rgba(0, 255, 255, 0.75)",0.5835389881617878,19.715905226450374,1.5183129002924167,62.253235596865366,7.791676671553759,True,False,True,False,True,7.422852757175669,0.0,0.0,0.0,0.0,0,1.0166139242830405,0.8734339134915489,False,False,False,False,0.34282818916187585,0.3393399957895872,False,False,False,False,121087,209025.41261231666,False,False,False,False,32492.381033028523,False,False,False,False
2025-07-28 00:00:00+00:00,20.515,20.65,20.45,20.65,20335,,20.23074136700748,19.67431665015848,19.822506698172887,20.165530102332553,20.212046300365838,19.626795291106557,19.774486563162476,19.90081375825069,20.000944977991345,19.970585643844686,19.624261123218186,19.476483973983523,19.285694145299477,19.04424724382275,18.664476501180744,18.545686134067243,18.140688928827597,18.05299946869253,17.79556273341278,17.640728064114143,17.382014997809513,17.1804066486366,17.0101993696791,16.860089828049368,16.62757732938685,19.476483973983523,19.285694145299477,18.664476501180744,18.545686134067243,18.140688928827597,20.165530102332553,19.97327370441785,18.70946058477576,"rgba(38, 166, 154, 1.0)",0.5464308251769838,19.71919610178825,1.4563671402578688,61.08400643865858,7.791676671553759,True,False,True,False,True,6.4369716028799004,0.0,0.0,0.0,0.0,0,1.0041804564917443,0.8717083570793143,False,False,False,False,0.2896000577450657,0.31447002676732644,False,False,False,False,100752,204779.3964314415,False,False,False,False,32015.6209925176,False,False,False,False
2025-07-29 00:00:00+00:00,20.75,20.76,20.335,20.68,12023,,20.23688304419108,19.678871066321033,19.825139575015633,20.16662727381053,20.21783618882852,19.632159964560135,19.777753663131538,19.90297126935515,20.001703318547044,19.9713298123021,19.62524801606119,19.477580535122513,19.286926579071523,19.045642741541794,18.6661108664226,18.547389167311067,18.142604564996503,18.05495900608648,17.797642037515597,17.642872130220884,17.384253923855788,17.182710354978262,17.012552733897845,16.86248477847839,16.63002600672268,19.477580535122513,19.286926579071523,18.6661108664226,18.547389167311067,18.142604564996503,20.16662727381053,19.976880239834568,18.711636582614247,"rgba(0, 255, 255, 0.75)",0.5425863716217415,19.721361184455766,1.8958065836960218,62.76671717117499,8.468606254944568,True,False,True,False,True,8.627686634015685,0.0,0.0,0.0,0.0,0,0.9859461305520404,0.8801499692658391,False,False,False,False,0.28802170875308625,0.30124586776020634,False,False,False,False,112775,201171.38088511047,False,False,False,False,31231.59663986985,False,False,False,False
2025-07-30 00:00:00+00:00,20.9046,21.0,20.82,20.82,67083,,20.291848686476527,19.711206643995627,19.844850660407857,20.176591696755832,20.269075157298296,19.669674615857037,19.801750229040415,19.919634025843106,20.0079068724342,19.977327665109716,19.632339118276473,19.485227513021186,19.295270184775447,19.054829939469762,18.67654424014532,18.558180321202745,18.154499854240374,18.067083483092716,17.810389099788665,17.655953120807524,17.397817995266976,17.196600683208263,17.026691388301025,16.876831382670535,16.644634715595824,19.485227513021186,19.295270184775447,18.67654424014532,18.558180321202745,18.154499854240374,20.176591696755832,20.00612442190896,18.726681344492487,"rgba(0, 255, 0, 1.0)",0.5215904209386598,19.738090868929266,2.236446614513108,65.18349678979826,10.841992724153215,True,False,True,False,True,10.021426179669902,0.0,0.0,0.0,0.0,0,1.0155109726234692,0.8662320919577176,False,False,False,False,0.34282820196446423,0.32203703486233526,False,False,False,False,179858,200335.56202687084,False,False,False,False,32637.534026541623,False,False,False,False
2025-07-31 00:00:00+00:00,21.06,21.14,20.99,20.99,27181,,20.316621187795164,19.725465305204445,19.85377013701017,20.18139334556572,20.29226346459505,19.686080634466062,19.812508650196712,19.92726429107519,20.0108253254337,19.98013747107887,19.63553670732994,19.48863799062979,19.298949301632362,19.058836132293052,18.681036044180917,18.562811486734102,18.15956045359832,18.072233497243648,17.815781484352335,17.661474950687914,17.40352583814812,17.202433396753687,17.03261877758114,16.88283806269841,16.650739920685602,19.48863799062979,19.298949301632362,18.681036044180917,18.562811486734102,18.15956045359832,20.18139334556572,20.019312493893874,18.73326769803547,"rgba(0, 255, 0, 1.0)",0.5160911122915924,19.745614904105782,2.546808237130785,67.91960450515337,13.44055466684761,True,False,True,False,True,11.391442262667141,0.0,0.0,0.0,0.0,0,1.023278603499031,0.8437301767645736,False,False,False,False,0.34282820715233586,0.33243262100733556,False,False,False,False,207039,200598.4419473857,False,False,False,False,32423.55230001058,False,False,False,False
2025-08-01 00:00:00+00:00,21.0238,21.1199,20.84,21.02,9052,,20.323794123932572,19.729906647733415,19.85654441439477,20.182857116307982,20.29902599141236,19.691190338059936,19.815856137628007,19.9296303770311,20.01173040135899,19.981010786343315,19.636547285361903,19.489721044714898,19.300123528258844,19.06012110796465,18.682485113028292,18.56430768008159,18.161202043522458,18.073905321855918,17.81753538441874,17.66327280495338,17.405387116251134,17.204337414957376,17.034555283241563,16.88480178147112,16.652737746858286,19.489721044714898,19.300123528258844,18.682485113028292,18.56430768008159,18.161202043522458,20.182857116307982,20.023275575592184,18.735337347095776,"rgba(0, 255, 0, 1.0)",0.5190580558115735,19.747914998053247,2.4580776421085377,69.05787667990268,14.51287098041746,True,False,True,False,True,10.960631476594767,0.0,0.0,0.0,0.0,0,1.0061225243305794,0.8554217695476912,False,False,False,False,0.3031363850364932,0.3177845030219144,False,False,False,False,197987,200496.03245925295,False,False,False,False,31507.020837265067,False,False,False,False
2025-08-04 00:00:00+00:00,21.3025,21.3413,21.04,21.04,22914,21.22793333333333,20.347378001413578,19.74306081894713,19.86493502123402,20.1875975691737,20.321129144562132,19.706232568564843,19.82590675575583,19.936875489071294,20.014556297685665,19.983722224786522,19.639537180881916,19.49287979275801,19.303497053529142,19.063757735843797,18.6865145685229,18.568449789247907,18.165690599431475,18.078466262522113,17.8222920096472,17.668133397034577,17.4103958805494,17.209444893976276,17.039737235208584,16.890046104948016,16.658058166689433,19.49287979275801,19.303497053529142,18.6865145685229,18.568449789247907,18.165690599431475,20.1875975691737,20.27418094882035,18.741363249226378,"rgba(0, 255, 0, 1.0)",0.5324273277538879,19.863196346093442,2.703286587445541,71.64996397583545,16.969398478633593,True,False,True,False,True,13.374847741248097,0.0,0.0,0.0,0.0,0,1.0339675866737004,0.8309968857295252,False,False,False,False,0.3428282106606013,0.33030635684125786,False,False,False,False,220901,201296.22726477243,False,False,False,False,31170.039627960556,False,False,False,False
2025-08-05 00:00:00+00:00,21.02,21.31,20.9112,21.31,9132,21.185891443549895,20.354919723257098,19.74772454822594,19.86789155268128,20.18920861480648,20.328261689908427,19.711572365670403,19.82945519582386,19.93941303981149,20.01554236536012,19.98467179723533,19.640615241129776,19.494028692178397,19.304735410094786,19.065105087018505,18.688023871923743,18.57000559475403,18.167389773681904,18.080195301395044,17.824102028128667,17.669986685432892,17.412311382786246,17.21140218638046,17.041726227654003,16.89206165338592,16.6601067437996,19.494028692178397,19.304735410094786,18.688023871923743,18.57000559475403,18.167389773681904,20.18920861480648,20.269127176504135,18.743530279487697,"rgba(0, 255, 0, 1.0)",0.5314965280919112,19.863463314876572,2.1760004515465594,68.86470026927782,16.969398478633593,True,False,True,False,False,10.058189867781842,0.0,0.0,0.0,0.0,0,1.0523878303027614,0.8300762044004881,False,False,False,False,0.305882822906221,0.3180945898737394,False,False,False,False,211769,201706.92423478136,False,False,False,False,30305.802779805243,False,False,False,False
2025-08-06 00:00:00+00:00,20.84,20.9801,20.83,20.9,18977,21.073373310729146,20.365981605771115,19.75589524252636,19.8729987338217,20.191801880435843,20.338890588653488,19.720958899770405,19.835613903874275,19.943745987819675,20.017207588796815,19.986285941113884,19.642544504834394,19.496115006101785,19.307018357170975,19.06762605542248,18.69089642823118,18.57297925086006,18.170676053772628,18.083546463631734,17.827629756592,17.673609398163332,17.416072081208636,17.2152564517001,17.045651907471054,16.896047175538243,16.664168291953157,19.496115006101785,19.307018357170975,18.69089642823118,18.57297925086006,18.170676053772628,20.191801880435843,20.252010154656837,18.747418590036357,"rgba(0, 255, 255, 0.75)",0.5305795511349591,19.86178301382387,1.8436763800708709,64.68846270824267,19.914079542339408,True,False,True,False,False,8.032157879374502,0.0,0.0,0.0,0.0,0,1.0414326000590772,0.8628429461471353,False,False,False,False,0.20825132531901602,0.2631729575963777,False,False,False,False,192792,201357.31936282915,False,False,False,False,29861.536004126607,False,False,False,False
2025-08-07 00:00:00+00:00,20.8953,21.0,20.8901,20.94,10383,21.048871377932667,20.372350854244072,19.760492997463825,19.87589513618068,20.19330456230736,20.345003134953163,19.72622804117977,19.83909692485329,19.946212889395664,20.01816329005416,19.987210922337848,19.6436358159444,19.497290878042385,19.308300304122213,19.069036597956444,18.692497192470384,18.57463470849261,18.172500569755364,18.085406096501707,17.82958489904383,17.675615861619438,17.418152966797727,17.217387722452788,17.047821595938604,16.89824905784856,16.666410924998555,19.497290878042385,19.308300304122213,18.692497192470384,18.57463470849261,18.172500569755364,20.19330456230736,20.25018298562572,18.749601473488017,"rgba(0, 255, 0, 1.0)",0.5139344139030895,19.862800713018935,2.0090098250858883,62.425664341959205,17.93692986942156,True,False,True,False,False,8.528512546192538,0.0,0.0,0.0,0.0,0,1.0130189784171377,0.8688012297593758,False,False,False,False,0.22655646202625607,0.2448647098113169,False,False,False,False,203175,201428.6009564437,False,False,False,False,29097.671847102032,False,False,False,False
2025-08-08 00:00:00+00:00,20.8191,21.0199,20.8,20.9606,4573,21.03714381090953,20.37486837709506,19.762422445016725,19.877106856770563,20.19392064467728,20.347433450306116,19.728440569785796,19.840555520075682,19.947241689525296,20.01856104451753,19.987596645744425,19.64409764287522,19.49779051877817,19.30884728424496,19.069640880599792,18.693186121779767,18.57534798541053,18.17328916309596,18.086210321115416,17.83043167539966,17.676485540952626,17.419055942366906,17.218313292054557,17.04876441884746,16.89920634018199,16.667386602337995,19.49779051877817,19.30884728424496,18.693186121779767,18.57534798541053,18.17328916309596,20.19392064467728,20.24909242689383,18.75052480238289,"rgba(0, 255, 255, 0.75)",0.5098779731494425,19.863141533207127,1.8748769649491908,59.92320707589255,15.688287147934858,False,False,True,False,False,7.666999725781977,0.0,0.0,0.0,0.0,0,1.0197241481212609,0.862625186264166,False,False,False,False,0.21048608943394806,0.22767539962263247,False,False,False,False,198602,201317.75386011257,False,False,False,False,28135.920009960777,False,False,False,False
2025-08-11 00:00:00+00:00,20.67,20.85,20.67,20.74,8482,21.002156451028057,20.3781073128271,19.7655065690437,19.879012264757964,20.194811668236042,20.3506319030636,19.73199136616992,19.842862011462177,19.948838583359183,20.019169769371235,19.988191318829262,19.644849675904393,19.498616028673194,19.309764246798128,19.070668046835294,18.69437540962641,18.576583950577962,18.174669808958136,18.087620917115036,17.831924002677386,17.678022060935206,17.420657154138826,17.219958674877144,17.05044366633909,16.900913973035085,16.66913083518695,19.498616028673194,19.309764246798128,18.69437540962641,18.576583950577962,18.174669808958136,20.194811668236042,20.243918853178574,18.752037628437336,"rgba(0, 255, 255, 0.75)",0.5015791275684596,19.862797385346404,1.6093225780082405,56.42825801913864,12.50070283320089,False,True,True,False,False,5.998972619681901,0.0,0.0,0.0,0.0,0,1.0144380726065225,0.870007370644861,False,False,False,False,0.14292097778856028,0.1852981887055964,False,False,False,False,190120,200878.6262577552,False,False,False,False,27365.178048785845,False,False,False,False
2025-08-12 00:00:00+00:00,20.84,20.84,20.66,20.66,10209,20.975370160623598,20.38247113047218,19.769383760593676,19.881428454055726,20.195980017654826,20.354909494356637,19.736444334439195,19.845777880902368,19.95087446994283,20.019952494120545,19.98895396843316,19.645795091141768,19.499648437974354,19.31090514166326,19.07193987018559,18.69584011947814,18.578104185809877,18.176362065530917,18.089348815029286,17.83374909733929,17.679899642967857,17.422611419237885,17.22196520794566,17.052490227950486,16.90299408705276,16.671254046355152,19.499648437974354,19.31090514166326,18.69584011947814,18.578104185809877,18.176362065530917,20.195980017654826,20.240926704680003,18.753928302575098,"rgba(0, 255, 255, 0.75)",0.502500324165578,19.86325800495511,1.9437639103353994,55.97290918336237,12.12806844864032,False,True,True,False,False,7.581656601899468,0.0,0.0,0.0,0.0,0,1.015979205338368,0.8696264770987903,False,False,False,False,0.12542210479957153,0.15536014675258397,False,False,False,False,200329,200857.07228686285,False,False,False,False,26692.38675275503,False,False,False,False
2025-08-13 00:00:00+00:00,20.8792,20.92,20.7401,20.92,7668,20.96466289393316,20.386224405849852,19.772466648458185,19.883368297108422,20.19695397814606,20.358560187490816,19.73997550346838,19.84811098558104,19.952519080100277,20.020590636428555,19.989573856526857,19.64654569138519,19.500462967853075,19.311799604467247,19.072931001156974,18.696973938163108,18.579279067829123,18.177664072666897,18.09067719266945,17.83514932076404,17.681338593388222,17.42410679209291,17.223498944087527,17.054053297865526,16.904581744843853,16.672873114468334,19.500462967853075,19.311799604467247,18.696973938163108,18.579279067829123,18.177664072666897,20.19695397814606,20.240735244699135,18.755419623941457,"rgba(0, 255, 0, 1.0)",0.5051352305906971,19.864185333635568,2.0093919507009854,56.08035109483583,12.12806844864032,False,True,True,False,False,7.943557971071616,0.0,0.0,0.0,0.0,0,1.0185605655604757,0.8897544232281591,False,False,False,False,0.1634929108808231,0.15942652881670355,False,False,False,False,207997,201137.06945208393,False,False,False,False,25946.332370294047,False,False,False,False
2025-08-14 00:00:00+00:00,20.79,20.89,20.75,20.88,29778,20.92694833027613,20.399131950029428,19.783872735563516,19.890545918576827,20.20049814095694,20.371216139213868,19.753033438446586,19.85674223036681,19.958590923038603,20.022950572172014,19.991870666171092,19.649363465578013,19.50353143282192,19.315181081934707,19.07669064016664,18.70129126926163,18.58375696564463,18.18263942237238,18.095755673730675,17.840509004429403,17.686850070042833,17.42983988552718,17.229383011722156,17.060052951059443,16.91067829615016,16.67909395014369,19.50353143282192,19.315181081934707,18.70129126926163,18.58375696564463,18.18263942237238,20.20049814095694,20.24019941508057,18.76099635699254,"rgba(0, 255, 255, 0.75)",0.5064727548337556,19.867636775788235,1.8211507241184584,54.94601669919193,10.850422913660957,False,True,True,False,False,6.922458995096221,0.0,0.0,0.0,0.0,0,1.0110319278636675,0.903322980167192,False,False,False,False,0.15868962359974786,0.1590580762082257,False,False,False,False,178219,200238.32163043358,False,False,False,False,26096.59384596879,False,False,False,False
2025-08-15 00:00:00+00:00,20.6296,20.75,20.6296,20.75,5254,20.916338236895136,20.400578403806545,19.785587691521016,19.891609367731927,20.200976289608274,20.37268545771224,19.755002994783002,19.858027344683457,19.959478293424258,20.02329154664708,19.992205328867332,19.64979930195994,19.5040133719209,19.315720287023506,19.07729875447199,18.702000636533615,18.584495514232586,18.183468555410794,18.09660354380608,17.841408083483493,17.68777691105436,17.4308075199443,17.230378596407533,17.061070013541748,16.91171336754599,16.680152403466863,19.5040133719209,19.315720287023506,18.702000636533615,18.584495514232586,18.183468555410794,20.200976289608274,20.23901799791258,18.76186227117271,"rgba(0, 255, 255, 0.75)",0.504828418880939,19.867862874573255,1.5089030191986799,52.20941682956883,8.076354465898973,False,True,False,False,False,5.112784603019804,0.0,0.0,0.0,0.0,0,1.0119277280289791,0.9077028794086527,False,False,False,False,0.09703399236651107,0.12804603428736838,False,False,False,False,172965,199168.7796057107,False,False,False,False,25279.237224558252,False,False,False,False
2025-08-18 00:00:00+00:00,20.57,20.655,20.55,20.55,11991,20.88840261072562,20.402881477326083,19.789133505171318,19.893783185102276,20.201882776605164,20.37511803902274,19.759085559822488,19.860664525769735,19.96127354432094,20.023974579524523,19.99288001694065,19.650716573206033,19.50503823256549,19.31687842846496,19.078616939398344,18.703553530701285,18.586116087393023,18.185299432864007,18.098477869400945,17.843401300083777,17.689834727227666,17.432960574983756,17.232597098652334,17.0633389019786,16.9140245084628,16.68251874085657,19.50503823256549,19.31687842846496,18.703553530701285,18.586116087393023,18.185299432864007,20.201882776605164,20.23521671098609,18.763692523539206,"rgba(38, 166, 154, 1.0)",0.49281607339778505,19.867965312948662,1.424536911328942,49.69851804823991,5.5857069138529525,False,True,False,False,False,4.447369272429988,0.0,0.0,0.0,0.0,0,1.0120736436844389,0.8957842035358807,False,False,False,False,0.038134302776820464,0.08309016853209442,False,False,False,False,160974,197670.94511136913,False,False,False,False,24758.129882418714,False,False,False,False
2025-08-19 00:00:00+00:00,20.6174,20.6174,20.54,20.58,9940,20.868642408512557,20.40474829471123,19.792049021341988,19.895574803073288,20.20263090294314,20.377093335493928,19.7624394728803,19.86283610251733,19.962753858945064,20.024539473506422,19.993438090683757,19.651475542774993,19.505886280973986,19.317836832968844,19.079707869010406,18.70483883131159,18.58745744268511,18.18681499693599,18.10002942617896,17.845051358209037,17.691538315605055,17.434743100953156,17.234433882075063,17.06521746357653,16.915938106234286,16.6844781254436,19.505886280973986,19.317836832968844,18.70483883131159,18.58745744268511,18.18681499693599,20.20263090294314,20.232729086116443,18.765203489175992,"rgba(0, 255, 255, 0.75)",0.4870234848647031,19.868210609767253,1.5383023889307401,48.70911357727907,4.529283145096052,False,True,False,True,False,4.919750489342235,0.0,0.0,0.0,0.0,0,0.9952955783859885,0.9076882260771798,False,False,False,False,0.026310553448291377,0.054700360990192896,False,False,False,False,170914,196621.6531462174,False,False,False,False,24177.026749774843,False,False,False,False
