date,Open,High,Low,Close,Volume,aVWAP_peak_403,aVWAP_peak_380,aVWAP_peak_362,aVWAP_peak_326,aVWAP_peak_247,aVWAP_peak_216,aVWAP_peak_191,aVWAP_peak_158,aVWAP_valley_375,aVWAP_valley_301,aVWAP_OB_bear_216,aVWAP_OB_bear_158,Peaks_avg,Valleys_avg,color,StDev,StDev_Mean,StdDev_ZScore,QQEMOD,QQE1_Value,QQE1_Above_Upper,QQE1_Below_Lower,QQE2_Above_Threshold,QQE2_Below_Threshold,QQE2_Above_TL,banker_RSI,OB,OB_High,OB_Low,OB_Mitigated_Index,TTM_squeeze_Active,VI_plus,VI_minus,VI_Regular_Bullish,VI_Regular_Bearish,VI_Hidden_Bullish,VI_Hidden_Bearish,Fisher,Fisher_Signal,Fisher_Regular_Bullish,Fisher_Regular_Bearish,Fisher_Hidden_Bullish,Fisher_Hidden_Bearish,OBV,OBV_Smoothed,OBV_Regular_Bullish,OBV_Regular_Bearish,OBV_Hidden_Bullish,OBV_Hidden_Bearish,Volume_MA,Vol_Regular_Bullish,Vol_Regular_Bearish,Vol_Hidden_Bullish,Vol_Hidden_Bearish
2024-02-12 17:00:00+00:00,49.575,49.67,48.42,49.14,78686.0,,,,,,,,,,,,,,,#000000,,,,,,False,False,False,False,False,,0.0,0.0,0.0,0.0,0,,,False,False,False,False,,,False,False,False,False,0.0,0.0,False,False,False,False,78686.0,False,False,False,False
2024-02-13 17:00:00+00:00,47.015,47.1,46.37,46.795,26273.0,,,,,,,,,,,,,,,"rgba(239, 83, 80, 0.5)",,,,0.0,,False,False,False,True,False,,0.0,0.0,0.0,0.0,0,,,False,False,False,False,,,False,False,False,False,-26273.0,-407.3333333333333,False,False,False,False,77873.3953488372,False,False,False,False
2024-02-14 17:00:00+00:00,47.76,48.43,47.55,48.135,41199.0,,,,,,,,,,,,,,,"rgba(239, 83, 80, 0.5)",,,,13.043478260869549,-69.56521739130432,False,False,False,True,True,,0.0,0.0,0.0,0.0,0,,,False,False,False,False,,,False,False,False,False,14926.0,-169.60723514211887,False,False,False,False,77304.80007211106,False,False,False,False
2024-02-15 17:00:00+00:00,48.74,49.07,47.9,48.01,60467.0,,,,,,,,,,,,,,,"rgba(239, 83, 80, 0.5)",,,,21.224627376982923,-60.897835360715334,False,False,False,True,True,,0.0,0.0,0.0,0.0,0,,,False,False,False,False,,,False,False,False,False,-45541.0,-873.0396811089076,False,False,False,False,77043.74890820235,False,False,False,False
2024-02-16 17:00:00+00:00,49.98,50.445,48.42,48.43,70873.0,,,,,,,,,,,,,,,"rgba(239, 83, 80, 0.5)",,,,29.378216702511242,-51.963517392967525,False,False,False,True,True,,0.0,0.0,0.0,0.0,0,,,False,False,False,False,,,False,False,False,False,25332.0,-466.7599961304749,False,False,False,False,76948.07838249378,False,False,False,False
2024-02-19 17:00:00+00:00,48.43,48.43,48.43,48.43,0.0,,,,,,,,,,,,,,,"rgba(239, 83, 80, 0.5)",,,,34.81394291953012,-45.318028102810906,False,False,False,True,True,,0.0,0.0,0.0,0.0,0,,,False,False,False,False,,,False,False,False,False,25332.0,-66.7792209966691,False,False,False,False,75755.0849191993,False,False,False,False
2024-02-20 17:00:00+00:00,46.94,47.525,46.385,47.445,34181.0,,,,,,,,,,,,,,,"rgba(239, 83, 80, 0.5)",,,,34.20346037090741,-44.010031698594105,False,False,False,True,True,,0.0,0.0,0.0,0.0,0,,,False,False,False,False,,,False,False,False,False,-8849.0,-202.9376826866432,False,False,False,False,75110.52546308769,False,False,False,False
2024-02-21 17:00:00+00:00,46.47,46.76,45.965,46.6,28636.0,,,,,,,,,,,,,,,"rgba(239, 83, 80, 0.5)",,,,31.470404614054537,-44.010031698594105,False,False,False,True,True,,0.0,0.0,0.0,0.0,0,,,False,False,False,False,,,False,False,False,False,-37485.0,-780.9541527225092,False,False,False,False,74389.9901845902,False,False,False,False
2024-02-22 17:00:00+00:00,46.16,46.255,45.53,45.54,33469.0,,,,,,,,,,,,,,,"rgba(239, 83, 80, 0.5)",,,,27.655324874482258,-44.010031698594105,False,False,False,True,True,,0.0,0.0,0.0,0.0,0,,,False,False,False,False,,,False,False,False,False,-70954.0,-1868.908351905106,False,False,False,False,73755.55622823996,False,False,False,False
2024-02-23 17:00:00+00:00,45.415,45.62,44.8,45.03,18994.0,,,,,,,,,,,,,,,"rgba(239, 83, 80, 0.5)",,,,24.373145519861424,-44.010031698594105,False,False,False,True,True,,0.0,0.0,0.0,0.0,0,,,False,False,False,False,,,False,False,False,False,-89948.0,-3234.47566427867,False,False,False,False,72906.53985260833,False,False,False,False
2024-02-26 17:00:00+00:00,45.01,45.645,44.59,45.435,35825.0,,,,,,,,,,,,,,,"rgba(239, 83, 80, 0.5)",,,,24.650266842171845,-44.010031698594105,False,False,False,True,True,,0.0,0.0,0.0,0.0,0,,,False,False,False,False,,,False,False,False,False,-54123.0,-4023.445033824737,False,False,False,False,72331.63225799425,False,False,False,False
2024-02-27 17:00:00+00:00,46.91,47.98,46.86,47.17,47013.0,,,,,,,,,,,,,,,"rgba(239, 83, 80, 0.5)",,,,32.37654221571397,-36.387066748567676,False,False,False,True,True,,0.0,0.0,0.0,0.0,0,,,False,False,False,False,,,False,False,False,False,-7110.0,-4071.2985991917953,False,False,False,False,71939.09532376178,False,False,False,False
2024-02-28 17:00:00+00:00,47.88,47.88,46.52,46.705,12330.0,,,,,,,,,,,,,,,"rgba(239, 83, 80, 0.5)",,,,36.194864470485044,-31.324428076781594,False,False,False,True,True,,0.0,0.0,0.0,0.0,0,,,False,False,False,False,,,False,False,False,False,-19440.0,-4309.573039514403,False,False,False,False,71014.92330323835,False,False,False,False
2024-02-29 17:00:00+00:00,47.23,47.23,46.59,46.59,14147.0,,,,,,,,,,,,,,,"rgba(239, 83, 80, 0.5)",,,,38.40837718580956,-27.835132424209256,False,False,False,True,True,,0.0,0.0,0.0,0.0,0,,,False,False,False,False,,,False,False,False,False,-33587.0,-4763.486635801001,False,False,False,False,70133.25007373077,False,False,False,False
2024-03-01 17:00:00+00:00,46.555,46.71,45.25,45.575,31008.0,,,,,,,,,,,,,,,"rgba(239, 83, 80, 0.5)",,,,37.25527207357614,-27.637306583426664,False,False,False,True,True,,0.0,0.0,0.0,0.0,0,,,False,False,False,False,,,False,False,False,False,-64595.0,-5691.106998036645,False,False,False,False,69526.65704933184,False,False,False,False
2024-03-04 17:00:00+00:00,43.94,45.0,43.905,44.78,39821.0,,,,,,,,,,,,,,,"rgba(239, 83, 80, 0.5)",,,,34.860428176332235,-27.637306583426664,False,False,False,True,True,,0.0,0.0,0.0,0.0,0,,,False,False,False,False,,,False,False,False,False,-104416.0,-7221.725494191115,False,False,False,False,69066.10422686157,False,False,False,False
2024-03-05 17:00:00+00:00,44.17,44.42,43.17,43.45,34976.0,,,,,,,,,,,,,,,"rgba(239, 83, 80, 0.5)",,,,31.178452236836797,-27.637306583426664,False,False,False,True,True,,0.0,0.0,0.0,0.0,0,,,False,False,False,False,,,False,False,False,False,-139392.0,-9270.877036916834,False,False,False,False,68537.57547915829,False,False,False,False
2024-03-06 17:00:00+00:00,42.69,42.82,41.275,41.295,76955.0,,,,,,,,,,,,,,,"rgba(239, 83, 80, 0.5)",,,,26.54108725082261,-27.637306583426664,False,False,False,True,False,,0.0,0.0,0.0,0.0,0,,,False,False,False,False,,,False,False,False,False,-216347.0,-12481.359563476264,False,False,False,False,68668.07818490778,False,False,False,False
2024-03-07 17:00:00+00:00,41.26,41.7,40.845,40.93,52065.0,,,,,,,,,,,,,,,"rgba(239, 83, 80, 0.5)",,,,23.162976542374473,-27.637306583426664,False,False,False,True,False,,0.0,0.0,0.0,0.0,0,,,False,False,False,False,,,False,False,False,False,-268412.0,-16449.27646946888,False,False,False,False,68410.66612002549,False,False,False,False
2024-03-08 17:00:00+00:00,40.085,40.19,39.51,39.815,58483.0,,,,,,,,,,,,,,,"rgba(239, 83, 80, 0.5)",,,,20.111912465319488,-18.918268503828166,False,False,False,True,False,,0.0,0.0,0.0,0.0,0,,,False,False,False,False,,,False,False,False,False,-326895.0,-21262.388462190294,False,False,False,False,68256.74881583905,False,False,False,False
2024-03-11 17:00:00+00:00,40.375,40.46,39.705,40.355,47851.0,,,,,,,,,,,,,,,"rgba(239, 83, 80, 0.5)",,,,20.191244382086047,-19.60047265056547,False,False,False,True,False,,0.0,0.0,0.0,0.0,0,,,False,False,False,False,,,False,False,False,False,-279044.0,-25259.002594559435,False,False,False,False,67940.38061714386,False,False,False,False
2024-03-12 17:00:00+00:00,38.895,39.34,38.75,39.16,26530.0,,,,,,,,,,,,,,,"rgba(239, 83, 80, 0.5)",,,,19.192105751633147,-21.39541181730949,False,False,False,True,False,,0.0,0.0,0.0,0.0,0,,,False,False,False,False,,,False,False,False,False,-305574.0,-29604.971546581768,False,False,False,False,67298.35921222689,False,False,False,False
2024-03-13 17:00:00+00:00,38.69,38.775,38.28,38.52,15568.0,,,,,,,,,,,,,,,"rgba(239, 83, 80, 0.5)",,,,18.03622886847771,-23.321512652617997,False,False,False,True,False,,0.0,0.0,0.0,0.0,0,,,False,False,False,False,,,False,False,False,False,-321142.0,-34124.925476092125,False,False,False,False,66496.33813916911,False,False,False,False
2024-03-14 17:00:00+00:00,36.74,37.32,36.68,37.25,37252.0,,,,,,,,,,,,,,,"rgba(239, 83, 80, 0.5)",,,,16.425887005804476,-25.60945399755804,False,False,False,True,False,,0.0,0.0,0.0,0.0,0,,,False,False,False,False,,,False,False,False,False,-358394.0,-39152.35298809069,False,False,False,False,66042.93754786416,False,False,False,False
2024-03-15 17:00:00+00:00,36.61,36.72,36.295,36.32,22282.0,,,,,,,,,,,,,,,"rgba(239, 83, 80, 0.5)",,,,14.839094526687887,-27.78981725727923,False,False,False,True,False,,0.0,0.0,0.0,0.0,0,,,False,False,False,False,,,False,False,False,False,-380676.0,-44447.29325184122,False,False,False,False,65364.47339983525,False,False,False,False
2024-03-18 17:00:00+00:00,36.53,36.78,36.07,36.085,20821.0,,,,,,,,,,,,,,,"rgba(239, 83, 80, 0.5)",,,,13.656480854452084,-29.52889839051971,False,False,False,True,False,,0.0,0.0,0.0,0.0,0,,,False,False,False,False,,,False,False,False,False,-401497.0,-49982.94762002973,False,False,False,False,64673.8769130161,False,False,False,False
2024-03-19 17:00:00+00:00,37.27,37.525,36.9,37.41,36363.0,,,,,,,,,,,,,,,"rgba(239, 83, 80, 0.5)",,,,17.868008891594144,-29.52889839051971,False,False,False,True,True,,0.0,0.0,0.0,0.0,0,,,False,False,False,False,,,False,False,False,False,-365134.0,-54869.01044762616,False,False,False,False,64234.94858878329,False,False,False,False
2024-03-20 17:00:00+00:00,36.42,37.87,36.34,37.565,34188.0,,,,,,,,,,,,,,,"rgba(239, 83, 80, 0.5)",,,,21.21053957817582,-35.33363549286156,False,False,False,True,True,,0.0,0.0,0.0,0.0,0,,,False,False,False,False,,,False,False,False,False,-330946.0,-59149.27385153893,False,False,False,False,63769.10442461611,False,False,False,False
2024-03-21 17:00:00+00:00,38.45,38.54,37.985,38.005,38094.0,,,,,,,,,,,,,,,"rgba(239, 83, 80, 0.5)",,,,25.001158981636507,-31.62007135813046,False,False,False,True,True,,0.0,0.0,0.0,0.0,0,,,False,False,False,False,,,False,False,False,False,-292852.0,-62772.571931360035,False,False,False,False,63371.04079012594,False,False,False,False
2024-03-22 17:00:00+00:00,36.23,36.42,36.17,36.28,14088.0,,,,,,,,,,,,,,,"rgba(239, 83, 80, 0.5)",,,,25.108361926864944,-31.308054865821127,False,False,False,True,True,,0.0,0.0,0.0,0.0,0,,,False,False,False,False,,,False,False,False,False,-306940.0,-66558.11345180406,False,False,False,False,62606.962638341036,False,False,False,False
2024-03-25 17:00:00+00:00,35.99,36.36,35.96,36.325,33530.0,,,,,,,,,,,,,,,"rgba(239, 83, 80, 0.5)",,,,25.34154311884623,-30.710454451198757,False,False,False,True,True,,0.0,0.0,0.0,0.0,0,,,False,False,False,False,,,False,False,False,False,-273410.0,-69765.11944479935,False,False,False,False,62156.15701604118,False,False,False,False
2024-03-26 17:00:00+00:00,36.335,36.71,36.23,36.235,35209.0,,,,,,,,,,,,,,,"rgba(239, 83, 80, 0.5)",,,,25.373063759016368,-30.206777669753535,False,False,False,True,True,,0.0,0.0,0.0,0.0,0,,,False,False,False,False,,,False,False,False,False,-308619.0,-73468.28038363966,False,False,False,False,61738.37163594752,False,False,False,False
2024-03-27 17:00:00+00:00,36.22,36.92,36.08,36.905,21111.0,,,,,,,,,,,,,,,"rgba(239, 83, 80, 0.5)",,,,28.070025954708072,-27.254138106064154,False,False,False,True,True,,0.0,0.0,0.0,0.0,0,,,False,False,False,False,,,False,False,False,False,-287508.0,-76786.72564900959,False,False,False,False,61108.489905157636,False,False,False,False
2024-03-28 17:00:00+00:00,38.21,38.21,37.48,37.51,26300.0,,,,,,,,,,,,,,,"rgba(239, 83, 80, 0.5)",,,,32.054565401032754,-23.29145252642254,False,False,False,True,True,,0.0,0.0,0.0,0.0,0,,,False,False,False,False,,,False,False,False,False,-261208.0,-79645.97021259084,False,False,False,False,60568.82339500015,False,False,False,False
2024-03-29 17:00:00+00:00,37.51,37.51,37.51,37.51,0.0,,,,,,,,,,,,,,,"rgba(239, 83, 80, 0.5)",,,,34.71092503191588,-20.700874616206676,False,False,False,True,True,,0.0,0.0,0.0,0.0,0,,,False,False,False,False,,,False,False,False,False,-261208.0,-82460.88540309331,False,False,False,False,59629.771869496275,False,False,False,False
2024-04-01 17:00:00+00:00,36.64,37.1,36.535,37.06,29420.0,,,,,,,,,,,,,,,"rgba(239, 83, 80, 0.5)",,,,35.34880519348491,-19.952410786096696,False,False,False,True,True,,0.0,0.0,0.0,0.0,0,,,False,False,False,False,,,False,False,False,False,-290628.0,-85688.28252862675,False,False,False,False,59161.403313380055,False,False,False,False
2024-04-02 17:00:00+00:00,35.82,36.14,35.64,36.09,40335.0,,,,,,,,,,,,,,,"rgba(239, 83, 80, 0.5)",,,,33.68918758506405,-19.952410786096696,False,False,False,True,True,,0.0,0.0,0.0,0.0,0,,,False,False,False,False,,,False,False,False,False,-330963.0,-89490.99132663253,False,False,False,False,58869.521091467184,False,False,False,False
2024-04-03 17:00:00+00:00,35.87,36.37,35.865,36.35,31126.0,,,,,,,,,,,,,,,"rgba(239, 83, 80, 0.5)",,,,33.71948537120323,-19.952410786096696,False,False,False,True,True,,0.0,0.0,0.0,0.0,0,,,False,False,False,False,,,False,False,False,False,-299837.0,-92752.169755677,False,False,False,False,58439.38898152196,False,False,False,False
2024-04-04 17:00:00+00:00,36.83,37.035,35.63,35.72,53487.0,,,,,,,,,,,,,,,"rgba(239, 83, 80, 0.5)",,,,32.41348024876463,-19.952410786096696,False,False,False,True,False,,0.0,0.0,0.0,0.0,0,,,False,False,False,False,,,False,False,False,False,-353324.0,-96792.04309279828,False,False,False,False,58362.60775700224,False,False,False,False
2024-04-05 17:00:00+00:00,36.48,36.495,36.0,36.22,20517.0,,,,,,,,,,,,,,,"rgba(239, 83, 80, 0.5)",,,,33.769368928741244,-19.952410786096696,False,False,False,True,False,,0.0,0.0,0.0,0.0,0,,,False,False,False,False,,,False,False,False,False,-332807.0,-100451.18971151458,False,False,False,False,57775.85414836655,False,False,False,False
2024-04-08 17:00:00+00:00,36.53,36.73,36.36,36.525,17328.0,,,,,,,,,,,,,,,"rgba(239, 83, 80, 0.5)",,,,35.97112957729381,-18.392097011020418,False,False,False,True,True,,0.0,0.0,0.0,0.0,0,,,False,False,False,False,,,False,False,False,False,-315479.0,-103784.95421211126,False,False,False,False,57148.75563443838,False,False,False,False
2024-04-09 17:00:00+00:00,37.55,37.7,37.095,37.335,16867.0,,,,,,,,,,,,,,,"rgba(239, 83, 80, 0.5)",,,,40.51542410730096,-14.06974046932119,True,False,False,True,True,,0.0,0.0,0.0,0.0,0,,,False,False,False,False,,,False,False,False,False,-298612.0,-106805.52856541186,False,False,False,False,56524.23229126879,False,False,False,False
2024-04-10 17:00:00+00:00,35.64,35.655,35.18,35.3,36271.0,,,,,,,,,,,,,,,"rgba(239, 83, 80, 0.5)",,,,38.512705977164494,-14.06974046932119,True,False,False,True,False,,0.0,0.0,0.0,0.0,0,,,False,False,False,False,,,False,False,False,False,-334883.0,-110341.61339385509,False,False,False,False,56210.22868985377,False,False,False,False
2024-04-11 17:00:00+00:00,35.7,36.45,35.67,36.3,52874.0,,,,,,,,,,,,,,,"rgba(239, 83, 80, 0.5)",,,,40.321619602572554,-14.06974046932119,True,False,False,True,False,,0.0,0.0,0.0,0.0,0,,,False,False,False,False,,,False,False,False,False,-282009.0,-113003.1232637178,False,False,False,False,56158.504214042085,False,False,False,False
2024-04-12 17:00:00+00:00,35.055,35.13,34.49,34.61,36114.0,,,,,,,,,,,,,,,"rgba(239, 83, 80, 0.5)",,,,38.37919851064553,-14.06974046932119,True,False,False,True,False,,0.0,0.0,0.0,0.0,0,,,False,False,False,False,,,False,False,False,False,-318123.0,-116183.2763914121,False,False,False,False,55847.73670684763,False,False,False,False
2024-04-15 17:00:00+00:00,33.34,33.53,32.685,32.85,18986.0,,,,,,,,,,,,,,,"rgba(239, 83, 80, 0.5)",,,,34.77108446683556,-10.128399965857895,True,False,False,True,False,,0.0,0.0,0.0,0.0,0,,,False,False,False,False,,,False,False,False,False,-337109.0,-119608.4814085995,False,False,False,False,55276.236912943015,False,False,False,False
2024-04-16 17:00:00+00:00,30.825,31.13,30.5,30.81,29354.0,,,,,,,,,,,,,,,"rgba(239, 83, 80, 0.5)",,,,30.456904707069356,-14.084980019788873,True,False,False,True,False,,0.0,0.0,0.0,0.0,0,,,False,False,False,False,,,False,False,False,False,-366463.0,-123435.68324722587,False,False,False,False,54874.34176700591,False,False,False,False
2024-04-17 17:00:00+00:00,29.64,30.0,29.14,29.145,81065.0,,,,,,,,,,,,,,,"rgba(239, 83, 80, 0.5)",,,,26.41485483937533,-17.712285699904626,False,False,False,True,False,,0.0,0.0,0.0,0.0,0,,,False,False,False,False,,,False,False,False,False,-447528.0,-128460.37032866423,False,False,False,False,55280.39848379652,False,False,False,False
2024-04-18 17:00:00+00:00,28.645,29.245,28.605,28.925,63828.0,,,,,,,,,,,,,,,"rgba(239, 83, 80, 0.5)",,,,23.577998767931682,-20.23493426258262,False,False,False,True,False,,0.0,0.0,0.0,0.0,0,,,False,False,False,False,,,False,False,False,False,-511356.0,-134396.7366801578,False,False,False,False,55412.91943753611,False,False,False,False
2024-04-19 17:00:00+00:00,28.12,28.12,27.59,28.0,55632.0,,,,,,,,,,,,,,,"rgba(239, 83, 80, 1.0)",,,,21.095100907802767,-22.515932209868048,False,True,False,True,False,0.0,0.0,0.0,0.0,0.0,0,,,False,False,False,False,,,False,False,False,False,-566988.0,-141103.5779719383,False,False,False,False,55416.31603540377,False,False,False,False
2024-04-22 17:00:00+00:00,27.86,28.33,27.745,27.78,58654.0,,,,,,,,,,,,,,,"rgba(239, 83, 80, 1.0)",,,,19.300906077681983,-24.257050288050092,False,True,False,True,False,0.0,0.0,0.0,0.0,0.0,0,,,False,False,False,False,,,False,False,False,False,-625642.0,-148615.8015692726,False,False,False,False,55466.51268601767,False,False,False,False
2024-04-23 17:00:00+00:00,28.24,28.36,27.49,27.565,79730.0,,,,,,,,,,,,,,,"rgba(239, 83, 80, 1.0)",,,,17.96009005404818,-25.687497333450438,False,True,False,True,False,0.0,0.0,0.0,0.0,0.0,0,,,False,False,False,False,,,False,False,False,False,-705372.0,-157247.68061471023,False,False,False,False,55842.69078390887,False,False,False,False
2024-04-24 17:00:00+00:00,27.43,27.62,27.21,27.525,21277.0,,,,,,,,,,,,,,,"rgba(239, 83, 80, 1.0)",,,,17.036935412865073,-26.829796868945877,False,True,False,True,False,0.0,0.0,0.0,0.0,0.0,0,,,False,False,False,False,,,False,False,False,False,-726649.0,-166075.6080470403,False,False,False,False,55306.788601212604,False,False,False,False
2024-04-25 17:00:00+00:00,26.56,26.985,26.46,26.9,26220.0,,,,,,,,,,,,,,,"rgba(239, 83, 80, 1.0)",,,,15.956778572503815,-28.18752146635846,False,True,False,True,False,0.0,0.0,0.0,0.0,0.0,0,,,False,False,False,False,,,False,False,False,False,-752869.0,-175173.18001530325,False,False,False,False,54855.8306384031,False,False,False,False
2024-04-26 17:00:00+00:00,27.605,27.685,27.455,27.61,30473.0,,,,,,,,,,,,,,,"rgba(239, 83, 80, 1.0)",,,,18.253187954627315,-28.18752146635846,False,True,False,True,False,0.0,0.0,0.0,0.0,0.0,0,,,False,False,False,False,,,False,False,False,False,-722396.0,-183657.25474374817,False,False,False,False,54477.80225641235,False,False,False,False
2024-04-29 17:00:00+00:00,28.82,28.965,28.325,28.4,46637.0,,,,,,,,,,,,,,,"rgba(239, 83, 80, 0.75)",,,,22.771164364488584,-33.01053655959615,False,True,False,True,True,0.0,0.0,0.0,0.0,0.0,0,,,False,False,False,False,,,False,False,False,False,-675759.0,-191286.73916632571,False,False,False,False,54356.23943073154,False,False,False,False
2024-04-30 17:00:00+00:00,29.11,29.37,29.08,29.25,69641.0,,,,,,,,,,,,,,,"rgba(239, 83, 80, 0.5)",,29.233333333333334,,28.584946727973602,-27.616132483619765,True,False,False,True,True,0.0,0.0,0.0,0.0,0.0,0,,,False,False,False,False,,,False,False,False,False,-606118.0,-197718.23158235167,False,False,False,False,54593.21246281322,False,False,False,False
2024-05-01 17:00:00+00:00,26.905,27.48,26.69,26.935,194464.0,,,,,,,,,,,,,,,"rgba(239, 83, 80, 0.5)",,27.614671462738936,,28.786280068793875,-27.455291412423314,True,False,False,True,True,0.0,0.0,0.0,0.0,0.0,0,,,False,False,False,False,,,False,False,False,False,-800582.0,-207064.95667409815,False,False,False,False,56761.75180447503,False,False,False,False
2024-05-02 17:00:00+00:00,25.765,26.29,25.72,26.285,98477.0,,,,,,,,,,,,,,,"rgba(239, 83, 80, 0.5)",,27.20283516096589,,28.14513662354991,-27.455291412423314,False,False,False,True,True,0.0,0.0,0.0,0.0,0.0,0,,,False,False,False,False,,,False,False,False,False,-899059.0,-217793.54649310437,False,False,False,False,57408.49983851418,False,False,False,False
2024-05-03 17:00:00+00:00,27.1,27.66,27.075,27.465,46684.0,,,,,,,,,,,,,,,"rgba(239, 83, 80, 0.5)",,27.225325285592582,,31.130105547219546,-24.90488642765185,True,False,False,True,True,0.0,0.0,0.0,0.0,0.0,0,,,False,False,False,False,,,False,False,False,False,-852375.0,-227632.0186404981,False,False,False,False,57242.22852318838,False,False,False,False
2024-05-06 17:00:00+00:00,27.52,27.69,27.21,27.26,31165.0,,,,,,,,,,,,,,,"rgba(239, 83, 80, 0.5)",,27.236741839243834,,32.79077926344081,-23.138834935782175,True,False,False,True,True,0.0,0.0,0.0,0.0,0.0,0,,,False,False,False,False,,,False,False,False,False,-883540.0,-237801.13463056792,False,False,False,False,56837.9304065498,False,False,False,False
2024-05-07 17:00:00+00:00,26.4,26.46,25.77,26.13,46212.0,,,,,,,,,,,,,,,"rgba(239, 83, 80, 0.5)",,27.13069516051808,,32.191887872563946,-23.138834935782175,True,False,False,True,True,0.0,0.0,0.0,0.0,0.0,0,,,False,False,False,False,,,False,False,False,False,-929752.0,-248529.05502389243,False,False,False,False,56673.18729947151,False,False,False,False
2024-05-08 17:00:00+00:00,25.25,25.52,25.24,25.365,18120.0,,,,,,,,,,,,,,,"rgba(239, 83, 80, 0.5)",,27.067669153642402,,30.7860987184469,-23.138834935782175,True,False,False,True,True,0.0,0.0,0.0,0.0,0.0,0,,,False,False,False,False,,,False,False,False,False,-947872.0,-259371.58130259177,False,False,False,False,56075.46346537117,False,False,False,False
2024-05-09 17:00:00+00:00,25.385,26.87,25.38,26.385,67589.0,,,,,,,,,,,,,,,"rgba(239, 83, 80, 0.5)",,26.96658389126505,,32.91007875436608,-22.370284402219625,True,False,False,True,True,0.0,0.0,0.0,0.0,0.0,0,,,False,False,False,False,,,False,False,False,False,-880283.0,-268998.1149258074,False,False,False,False,56253.967907768514,False,False,False,False
2024-05-10 17:00:00+00:00,26.24,26.26,25.87,25.98,22728.0,,,,,,,,,,,,,,,"rgba(239, 83, 80, 0.5)",,26.93106739149918,,33.658635894343284,-21.382286298548802,True,False,False,True,True,0.0,0.0,0.0,0.0,0.0,0,,,False,False,False,False,,,False,False,False,False,-903011.0,-278827.7720587406,False,False,False,False,55734.18545958606,False,False,False,False
2024-05-13 17:00:00+00:00,27.03,27.03,26.465,26.975,19364.0,,,,,,,,,,,,,,,"rgba(239, 83, 80, 0.5)",,26.927672188189646,,36.95955400828723,-18.05658089151965,True,False,False,True,True,0.0,0.0,0.0,0.0,0.0,0,,,False,False,False,False,,,False,False,False,False,-883647.0,-288204.8143524035,False,False,False,False,55170.306615251386,False,False,False,False
2024-05-14 17:00:00+00:00,27.0,28.21,26.41,26.545,27720.0,,,,,,,,,,,,,,,"rgba(239, 83, 80, 0.5)",,26.994084244834653,,38.299300904607016,-16.634299421265034,True,False,False,True,True,0.0,0.0,0.0,0.0,0.0,0,,,False,False,False,False,,,False,False,False,False,-911367.0,-297866.24358724995,False,False,False,False,54744.72046617772,False,False,False,False
2024-05-15 17:00:00+00:00,26.6,26.6,26.255,26.38,21676.0,,,,,,,,,,,,,,,"rgba(239, 83, 80, 0.5)",,26.8444160151263,,38.851598063831034,-15.887065837610244,True,False,False,True,True,0.0,0.0,0.0,0.0,0.0,0,,,False,False,False,False,,,False,False,False,False,-933043.0,-307713.94523706,False,False,False,False,54232.02712561683,False,False,False,False
2024-05-16 17:00:00+00:00,25.675,25.8,25.545,25.58,30214.0,,,,,,,,,,,,,,,"rgba(239, 83, 80, 0.5)",,26.602049148202035,,37.62411293153156,-15.887065837610244,True,False,False,True,True,0.0,0.0,0.0,0.0,0.0,0,,,False,False,False,False,,,False,False,False,False,-963257.0,-317877.4034504389,False,False,False,False,53859.65461204137,False,False,False,False
2024-05-17 17:00:00+00:00,25.4,25.41,24.9,24.98,30631.0,,,,,,,,,,,,,,,"rgba(239, 83, 80, 0.5)",,26.391557984583557,,35.72953172295831,-15.887065837610244,True,False,False,True,False,0.0,0.0,0.0,0.0,0.0,0,,,False,False,False,False,,,False,False,False,False,-993888.0,-328358.1878930677,False,False,False,False,53499.52043200972,False,False,False,False
2024-05-20 17:00:00+00:00,25.175,25.19,24.71,24.81,34318.0,,,,,,,,,,,,,,,"rgba(239, 83, 80, 0.5)",,26.219174624119198,,34.16377363373578,-15.887065837610244,True,False,False,True,False,0.0,0.0,0.0,0.0,0.0,0,,,False,False,False,False,,,False,False,False,False,-1028206.0,-339208.5415691442,False,False,False,False,53202.13251833515,False,False,False,False
2024-05-21 17:00:00+00:00,24.21,24.31,23.9,23.94,42461.0,,,,,,,,,,,,,,,"rgba(239, 83, 80, 0.5)",,25.957400169110784,,31.664887779754253,-13.981338742406273,True,False,False,True,False,0.0,0.0,0.0,0.0,0.0,0,,,False,False,False,False,,,False,False,False,False,-1070667.0,-350548.9827851264,False,False,False,False,53035.60333200437,False,False,False,False
2024-05-22 17:00:00+00:00,24.365,24.45,23.91,24.055,49339.0,,,,,,,,,,,,,,,"rgba(239, 83, 80, 0.5)",,25.760255757872415,,30.499808237849635,-15.193813627362744,False,False,False,True,False,0.0,0.0,0.0,0.0,0.0,0,,,False,False,False,False,,,False,False,False,False,-1021328.0,-360948.6574706283,False,False,False,False,52978.29165243841,False,False,False,False
2024-05-23 17:00:00+00:00,23.25,23.27,22.8,22.945,42547.0,,,,,,,,,,,,,,,"rgba(239, 83, 80, 1.0)",,25.519102085713726,,28.014178577266627,-17.63346846683214,False,True,False,True,False,0.0,0.0,0.0,0.0,0.0,0,,,False,False,False,False,,,False,False,False,False,-1063875.0,-371846.74030054105,False,False,False,False,52816.56620046262,False,False,False,False
2024-05-24 17:00:00+00:00,22.61,22.875,22.51,22.595,50199.0,,,,,,,,,,,,,,,"rgba(239, 83, 80, 1.0)",7.972013235502509,25.261662518150132,-0.33450302193107717,25.89128825101488,-19.688739993182054,False,True,False,True,False,0.0,0.0,0.0,0.0,0.0,0,,,False,False,False,False,,,False,False,False,False,-1114074.0,-383354.1396757265,False,False,False,False,52775.98377875002,False,False,False,False
2024-05-27 17:00:00+00:00,22.595,22.595,22.595,22.595,0.0,,,,,,,,,,,,,,,"rgba(239, 83, 80, 1.0)",7.936102790129149,25.261662518150132,-0.3360166304129658,24.476028033513717,-21.09599702722805,False,True,False,True,False,0.0,0.0,0.0,0.0,0.0,0,,,False,False,False,False,,,False,False,False,False,-1114074.0,-394683.12975827337,False,False,False,False,51957.75147210273,False,False,False,False
2024-05-28 17:00:00+00:00,22.42,22.7,22.265,22.68,36705.0,,,,,,,,,,,,,,,"rgba(239, 83, 80, 1.0)",7.935938537341922,25.100031616778626,-0.3049458618399527,24.01045174520437,-21.687012646865487,False,True,False,True,False,0.0,0.0,0.0,0.0,0.0,0,,,False,False,False,False,,,False,False,False,False,-1077369.0,-405267.4068162846,False,False,False,False,51721.27470509339,False,False,False,False
2024-05-29 17:00:00+00:00,22.04,22.375,21.89,22.1,28540.0,,,,,,,,,,,,,,,"rgba(239, 83, 80, 1.0)",7.904028478515836,24.96851312989338,-0.3629178636805733,22.752519612623338,-23.071534162555597,False,True,False,True,False,0.0,0.0,0.0,0.0,0.0,0,,,False,False,False,False,,,False,False,False,False,-1105909.0,-416130.06717572204,False,False,False,False,51361.875097262484,False,False,False,False
2024-05-30 17:00:00+00:00,22.34,22.45,22.175,22.385,42538.0,,,,,,,,,,,,,,,"rgba(239, 83, 80, 1.0)",7.853804564931847,24.811553496569655,-0.3089653525890493,23.60879932970493,-23.071534162555597,False,True,False,True,False,0.0,0.0,0.0,0.0,0.0,0,,,False,False,False,False,,,False,False,False,False,-1063371.0,-426164.8103202845,False,False,False,False,51225.07083218865,False,False,False,False
2024-05-31 17:00:00+00:00,22.15,22.46,22.11,22.42,23714.0,,,,,,,,,,,,,,,"rgba(239, 83, 80, 1.0)",7.776697397637033,24.733157198311137,-0.29744724270922424,24.39697510579796,-23.071534162555597,False,True,False,True,False,0.0,0.0,0.0,0.0,0.0,0,,,False,False,False,False,,,False,False,False,False,-1039657.0,-435676.3171370243,False,False,False,False,50798.54260223223,False,False,False,False
2024-06-03 17:00:00+00:00,22.115,22.345,22.01,22.2,34698.0,,,,,,,,,,,,,,,"rgba(239, 83, 80, 1.0)",7.687177167908322,24.621095269302383,-0.31495244826797236,24.419009837666948,-23.071534162555597,False,True,False,True,False,0.0,0.0,0.0,0.0,0.0,0,,,False,False,False,False,,,False,False,False,False,-1074355.0,-445578.3122201712,False,False,False,False,50548.92178669374,False,False,False,False
2024-06-04 17:00:00+00:00,21.27,21.54,21.17,21.52,30569.0,,,,,,,,,,,,,,,"rgba(239, 83, 80, 1.0)",7.619983440312114,24.498552407115387,-0.3908869921367422,23.062261947113246,-23.55892347525683,False,True,False,True,False,0.0,0.0,0.0,0.0,0.0,0,,,False,False,False,False,,,False,False,False,False,-1104924.0,-455800.72598419955,False,False,False,False,50239.15555744267,False,False,False,False
2024-06-05 17:00:00+00:00,22.015,22.2,21.91,22.195,18450.0,,,,,,,,,,,,,,,"rgba(239, 83, 80, 0.75)",7.545240639390272,24.446898970130164,-0.2984529026647636,26.355889875783646,-23.55892347525683,False,True,False,True,True,0.0,0.0,0.0,0.0,0.0,0,,,False,False,False,False,,,False,False,False,False,-1086474.0,-465578.60620149877,False,False,False,False,49746.30043252108,False,False,False,False
2024-06-06 17:00:00+00:00,22.16,22.72,22.145,22.51,9002.0,,,,,,,,,,,,,,,"rgba(239, 83, 80, 0.5)",7.476366036860243,23.77070384594171,-0.1686252170808843,30.26493632433254,-23.496778975713827,True,False,False,True,True,0.0,0.0,0.0,0.0,0.0,0,,,False,False,False,False,,,False,False,False,False,-1077472.0,-475065.32548519643,False,False,False,False,49114.60585217192,False,False,False,False
2024-06-07 17:00:00+00:00,21.96,21.965,21.55,21.865,34584.0,,,,,,,,,,,,,,,"rgba(239, 83, 80, 0.5)",7.4178249416432775,23.526874819200216,-0.22403802088541352,30.965923281126855,-22.909619100676913,True,False,False,True,True,0.0,0.0,0.0,0.0,0.0,0,,,False,False,False,False,,,False,False,False,False,-1112056.0,-484941.1498962786,False,False,False,False,48889.325141285524,False,False,False,False
2024-06-10 17:00:00+00:00,21.45,22.27,21.43,22.17,9807.0,,,,,,,,,,,,,,,"rgba(239, 83, 80, 0.5)",7.330115474183548,23.511602770467388,-0.1830261440208509,33.099965824605476,-20.90680844859874,True,False,False,True,True,0.0,0.0,0.0,0.0,0.0,0,,,False,False,False,False,,,False,False,False,False,-1102249.0,-494511.814238972,False,False,False,False,48283.39761971521,False,False,False,False
2024-06-11 17:00:00+00:00,21.57,21.69,21.47,21.57,7296.0,,,,,,,,,,,,,,,"rgba(239, 83, 80, 0.5)",7.1895193789919745,23.482655682151833,-0.26603387254795907,32.771190895602324,-20.90680844859874,True,False,False,True,True,0.0,0.0,0.0,0.0,0.0,0,,,False,False,False,False,,,False,False,False,False,-1109545.0,-504047.2124678251,False,False,False,False,47647.93409072738,False,False,False,False
2024-06-12 17:00:00+00:00,21.935,21.995,21.32,21.335,48021.0,,,,,,,,,,,,,,,"rgba(239, 83, 80, 0.5)",7.047915973361759,23.34154133543178,-0.28469995144886606,31.9274768030324,-20.90680844859874,True,False,False,True,True,0.0,0.0,0.0,0.0,0.0,0,,,False,False,False,False,,,False,False,False,False,-1157566.0,-514179.28669313015,False,False,False,False,47653.718058313,False,False,False,False
2024-06-13 17:00:00+00:00,20.065,20.08,19.72,19.73,35359.0,,,,,,,,,,,,,,,"rgba(239, 83, 80, 0.5)",6.921718286382096,23.080998694425436,-0.48412815370111867,28.244996148940196,-17.745029511709028,False,False,False,True,False,0.0,0.0,0.0,0.0,0.0,0,,,False,False,False,False,,,False,False,False,False,-1192925.0,-524702.4760467251,False,False,False,False,47463.102274463185,False,False,False,False
2024-06-14 17:00:00+00:00,19.78,20.295,19.775,20.235,31999.0,,,,,,,,,,,,,,,"rgba(239, 83, 80, 0.5)",6.795831082958756,22.927586053121285,-0.3962114449656086,28.394218054206807,-17.745029511709028,False,False,False,True,False,0.0,0.0,0.0,0.0,0.0,0,,,False,False,False,False,,,False,False,False,False,-1160926.0,-534566.4066506518,False,False,False,False,47223.348750828096,False,False,False,False
2024-06-17 17:00:00+00:00,19.605,19.95,19.58,19.95,13563.0,,,,,,,,,,,,,,,"rgba(239, 83, 80, 0.5)",6.680504551533765,22.86233644098274,-0.43594558143278317,27.92946578925827,-18.25513358981684,False,False,False,True,False,0.0,0.0,0.0,0.0,0.0,0,,,False,False,False,False,,,False,False,False,False,-1174489.0,-544487.687167696,False,False,False,False,46701.482878722236,False,False,False,False
2024-06-18 17:00:00+00:00,19.68,19.89,19.41,19.765,14726.0,,,,,,,,,,,,,,,"rgba(239, 83, 80, 0.5)",6.589726253046509,22.79235220438437,-0.45940485054061037,27.24791393960205,-19.113413470598317,False,False,False,True,False,0.0,0.0,0.0,0.0,0.0,0,,,False,False,False,False,,,False,False,False,False,-1189215.0,-554483.4594596697,False,False,False,False,46205.73895812189,False,False,False,False
2024-06-19 17:00:00+00:00,19.765,19.765,19.765,19.765,0.0,,,,,,,,,,,,,,,"rgba(239, 83, 80, 1.0)",6.540721369698937,22.79235220438437,-0.4628468380275483,26.79354603983124,-19.780997423904193,False,True,False,True,False,0.0,0.0,0.0,0.0,0.0,0,,,False,False,False,False,,,False,False,False,False,-1189215.0,-564324.2585378143,False,False,False,False,45489.37091225953,False,False,False,False
2024-06-20 17:00:00+00:00,19.495,20.015,19.49,19.95,26879.0,,,,,,,,,,,,,,,"rgba(239, 83, 80, 0.5)",6.484161821124056,22.685172080913915,-0.4218235380868028,27.717884623727304,-19.780997423904193,False,False,False,True,False,0.0,0.0,0.0,0.0,0.0,0,,,False,False,False,False,,,False,False,False,False,-1162336.0,-573595.758405445,False,False,False,False,45200.838029898914,False,False,False,False
2024-06-21 17:00:00+00:00,19.905,19.94,19.575,19.63,14734.0,,,,,,,,,,,,,,,"rgba(239, 83, 80, 1.0)",6.448046144459685,22.628682101492576,-0.46505282907584583,27.46538430650285,-19.780997423904193,False,True,False,True,False,0.0,0.0,0.0,0.0,0.0,0,,,False,False,False,False,,,False,False,False,False,-1177070.0,-582951.9481976087,False,False,False,False,44728.48395191598,False,False,False,False
2024-06-24 17:00:00+00:00,19.83,19.96,19.755,19.89,28363.0,,,,,,,,,,,,,,,"rgba(239, 83, 80, 0.5)",6.382211940405347,22.537176691721275,-0.4147741749160944,29.112411974037357,-19.780997423904193,False,False,False,True,True,0.0,0.0,0.0,0.0,0.0,0,,,False,False,False,False,,,False,False,False,False,-1148707.0,-591723.3443495837,False,False,False,False,44474.75551855294,False,False,False,False
2024-06-25 17:00:00+00:00,19.57,19.67,19.51,19.595,26256.0,,,,,,,,,,,,,,,"rgba(239, 83, 80, 0.5)",6.3386067130768895,22.447677259566266,-0.45004799772180837,29.271672595744302,-19.780997423904193,False,False,False,True,True,0.0,0.0,0.0,0.0,0.0,0,,,False,False,False,False,,,False,False,False,False,-1174963.0,-600765.8196309855,False,False,False,False,44192.294192683905,False,False,False,False
2024-06-26 17:00:00+00:00,19.41,19.58,19.375,19.5,30196.0,,,,,,,,,,,,,,,"rgba(239, 83, 80, 0.5)",6.300426603602944,22.34892313651855,-0.452179402405763,29.076780781319194,-19.780997423904193,False,False,False,True,True,0.0,0.0,0.0,0.0,0.0,0,,,False,False,False,False,,,False,False,False,False,-1205159.0,-610136.2565359314,False,False,False,False,43975.297383495,False,False,False,False
2024-06-27 17:00:00+00:00,19.55,19.92,19.55,19.84,41720.0,,,,,,,,,,,,,,,"rgba(239, 83, 80, 0.5)",6.273610287229865,22.244295675861945,-0.3832395647456722,31.548508411019895,-21.038411221478874,True,False,False,True,True,0.0,0.0,0.0,0.0,0.0,0,,,False,False,False,False,,,False,False,False,False,-1163439.0,-618714.5936439014,False,False,False,False,43940.331532588105,False,False,False,False
2024-06-28 17:00:00+00:00,19.685,19.81,19.265,19.4,40037.0,,,,,,,,,,,,,,,"rgba(239, 83, 80, 0.5)",6.264110099075023,22.138563407839943,-0.4371831536365123,31.52449249624325,-20.97367973926535,True,False,False,True,True,0.0,0.0,0.0,0.0,0.0,0,,,False,False,False,False,,,False,False,False,False,-1203476.0,-627780.6619594998,False,False,False,False,43879.814764641,False,False,False,False
2024-07-01 17:00:00+00:00,18.7,18.755,18.42,18.6,30519.0,,,,,,,,,,,,,,,"rgba(239, 83, 80, 0.5)",6.265153605675049,22.02911402610509,-0.5473311975940954,29.206093677409,-20.97367973926535,False,False,False,True,False,0.0,0.0,0.0,0.0,0.0,0,,,False,False,False,False,,,False,False,False,False,-1233995.0,-637179.3338671045,False,False,False,False,43672.67034968532,False,False,False,False
2024-07-02 17:00:00+00:00,18.685,19.03,18.53,18.88,46186.0,,,,,,,,,,,,,,,"rgba(239, 83, 80, 0.5)",6.224456612196562,21.89149048319315,-0.48381580446592887,29.660218106575968,-20.97367973926535,False,False,False,True,False,0.0,0.0,0.0,0.0,0.0,0,,,False,False,False,False,,,False,False,False,False,-1187809.0,-645716.2279156765,False,False,False,False,43711.63670085299,False,False,False,False
2024-07-03 17:00:00+00:00,18.745,18.745,18.745,18.745,0.0,,,,,,,,,,,,,,,"rgba(239, 83, 80, 0.5)",6.172185645996809,21.89149048319315,-0.5097854574795423,29.541580366305844,-20.97367973926535,False,False,False,True,False,0.0,0.0,0.0,0.0,0.0,0,,,False,False,False,False,,,False,False,False,False,-1187809.0,-654120.7670177591,False,False,False,False,43033.936907041316,False,False,False,False
2024-07-04 17:00:00+00:00,18.745,18.745,18.745,18.745,0.0,,,,,,,,,,,,,,,"rgba(239, 83, 80, 0.5)",6.098038610232989,21.89149048319315,-0.5159840211429768,29.462488539459095,-20.97367973926535,False,False,False,True,False,0.0,0.0,0.0,0.0,0.0,0,,,False,False,False,False,,,False,False,False,False,-1187809.0,-662395.0031880265,False,False,False,False,42366.74408677711,False,False,False,False
2024-07-05 17:00:00+00:00,18.76,18.76,18.59,18.74,25993.0,,,,,,,,,,,,,,,"rgba(239, 83, 80, 0.5)",6.054029956294577,21.816832392124837,-0.5082288020272767,29.390861626562412,-20.97367973926535,False,False,False,True,False,0.0,0.0,0.0,0.0,0.0,0,,,False,False,False,False,,,False,False,False,False,-1213802.0,-670943.9488750338,False,False,False,False,42112.88758930769,False,False,False,False
2024-07-08 17:00:00+00:00,18.55,18.555,18.405,18.455,27281.0,,,,,,,,,,,,,,,"rgba(239, 83, 80, 1.0)",6.004195511368626,21.736126471949095,-0.546472290207149,28.267057660740704,-19.69173072972927,False,True,False,True,False,0.0,0.0,0.0,0.0,0.0,0,,,False,False,False,False,,,False,False,False,False,-1241083.0,-679783.3140087541,False,False,False,False,41882.935843737025,False,False,False,False
2024-07-09 17:00:00+00:00,18.055,18.255,17.9,18.24,18921.0,,,,,,,,,,,,,,,"rgba(239, 83, 80, 1.0)",5.950052719124494,21.67589799235046,-0.5774567309810372,26.775006504793804,-21.17387397011554,False,True,False,True,False,0.0,0.0,0.0,0.0,0.0,0,,,False,False,False,False,,,False,False,False,False,-1260004.0,-688778.9835590059,False,False,False,False,41526.93683840777,False,False,False,False
2024-07-10 17:00:00+00:00,15.73,15.915,15.655,15.695,93254.0,,,,,,,,,,,,,,,"rgba(239, 83, 80, 1.0)",5.918432572659551,19.83578594248418,-0.6996423278711857,21.55475082693249,-25.947807795235548,False,True,False,True,False,0.0,0.0,0.0,0.0,0.0,0,,,False,False,False,False,,,False,False,False,False,-1353258.0,-699080.983813905,False,False,False,False,42328.906809905326,False,False,False,False
2024-07-11 17:00:00+00:00,16.99,17.2,16.74,16.975,60486.0,,,,,,,,,,,,,,,"rgba(239, 83, 80, 0.75)",5.829833626881436,19.806805267735108,-0.4857437534199289,24.937988512090396,-28.083524964898512,False,True,False,True,True,0.0,0.0,0.0,0.0,0.0,0,,,False,False,False,False,,,False,False,False,False,-1292772.0,-708285.4956927592,False,False,False,False,42610.41213068199,False,False,False,False
2024-07-12 17:00:00+00:00,17.15,17.51,17.1,17.49,112748.0,,,,,,,,,,,,,,,"rgba(239, 83, 80, 0.5)",5.717216273582746,19.715519318117607,-0.38926624630258505,29.353936381045408,-24.323717487219895,False,False,False,True,True,0.0,0.0,0.0,0.0,0.0,0,,,False,False,False,False,,,False,False,False,False,-1180024.0,-715599.2709533365,False,False,False,False,43697.816593772186,False,False,False,False
2024-07-15 17:00:00+00:00,17.25,17.42,17.165,17.315,31048.0,,,,,,,,,,,,,,,"rgba(239, 83, 80, 0.5)",5.606185983293789,19.677770522800124,-0.4214577486086057,31.852284430234512,-22.34802793863598,True,False,False,True,True,0.0,0.0,0.0,0.0,0.0,0,,,False,False,False,False,,,False,False,False,False,-1211072.0,-723281.018690494,False,False,False,False,43501.69540627184,False,False,False,False
2024-07-16 17:00:00+00:00,18.915,20.02,18.835,19.965,52351.0,,,,,,,,,,,,,,,"rgba(239, 83, 80, 0.5)",5.471040311502974,19.768031487265624,0.03600202183124945,41.38209984933961,-13.937683007073893,True,False,False,True,True,0.0,0.0,0.0,0.0,0.0,0,,,False,False,False,False,,,False,False,False,False,-1158721.0,-730032.0261526569,False,False,False,False,43638.89392710484,False,False,False,False
2024-07-17 17:00:00+00:00,19.61,20.135,19.525,19.835,56218.0,,,,,,,,,,,,,,,#000000,5.317226396303813,19.849451251266164,-0.0027178175592087483,47.32830434283375,-9.089768760700153,True,False,False,False,True,0.0,0.0,0.0,0.0,0.0,0,,,False,False,False,False,,,False,False,False,False,-1214939.0,-737549.9637316854,False,False,False,False,43833.918827459805,False,False,False,False
2024-07-18 17:00:00+00:00,17.735,17.735,16.56,16.57,42278.0,,,,,,,,,,,,,,,"rgba(239, 83, 80, 0.5)",5.218587488811399,19.763970728665257,-0.6120374019814938,44.119269241920975,-9.089768760700153,True,False,False,True,False,0.0,0.0,0.0,0.0,0.0,0,,,False,False,False,False,,,False,False,False,False,-1257217.0,-745606.8170071632,False,False,False,False,43809.79605494105,False,False,False,False
2024-07-19 17:00:00+00:00,16.505,16.72,16.325,16.7,54703.0,,,,,,,,,,,,,,,"rgba(239, 83, 80, 0.5)",5.086466766938684,19.642306345775715,-0.5784577941018493,42.31250918174873,-9.089768760700153,True,False,False,True,False,0.0,0.0,0.0,0.0,0.0,0,,,False,False,False,False,,,False,False,False,False,-1202514.0,-752690.6493016258,False,False,False,False,43978.68293781018,False,False,False,False
2024-07-22 17:00:00+00:00,17.18,18.135,17.18,18.12,35846.0,,,,,,,,,,,,,,,"rgba(239, 83, 80, 0.5)",4.9024076471402545,19.611043339828438,-0.30414511545122414,44.46829077933499,-9.089768760700153,True,False,False,True,False,0.0,0.0,0.0,0.0,0.0,0,,,False,False,False,False,,,False,False,False,False,-1166668.0,-759108.9028008253,False,False,False,False,43852.59483024723,False,False,False,False
2024-07-23 17:00:00+00:00,19.01,19.41,18.8,18.97,36013.0,,,,,,,,,,,,,,,#000000,4.654611602612154,19.621388783341622,-0.13994482009542236,47.60771359021926,-9.089768760700153,True,False,False,False,True,0.0,0.0,0.0,0.0,0.0,0,,,False,False,False,False,,,False,False,False,False,-1130655.0,-764869.3074085644,False,False,False,False,43731.050724351924,False,False,False,False
2024-07-24 17:00:00+00:00,19.145,19.235,18.785,18.96,27015.0,,,,,,,,,,,,,,,#000000,4.461807444934866,19.62584523250216,-0.14923217568656882,49.676990942051674,-8.119088740437462,True,False,False,False,True,0.0,0.0,0.0,0.0,0.0,0,,,False,False,False,False,,,False,False,False,False,-1157670.0,-770959.2406270362,False,False,False,False,43471.88714723019,False,False,False,False
2024-07-25 17:00:00+00:00,20.84,20.9,19.865,19.875,13069.0,,,,,,,,,,,,,,,"rgba(38, 166, 154, 1.0)",4.197484929065292,19.641475547105678,0.05563437554648327,52.895428975416195,-4.886098423965997,True,False,True,False,True,0.0,0.0,0.0,0.0,0.0,0,,,False,False,False,False,,,False,False,False,False,-1144601.0,-776752.1361211906,False,False,False,False,43000.524555800264,False,False,False,False
2024-07-26 17:00:00+00:00,19.89,20.24,19.715,20.23,43609.0,,,,,,,,,,,,,,,"rgba(38, 166, 154, 1.0)",3.97424392718833,19.683685275046564,0.1374638132340154,55.712798521682856,-2.029891275162271,True,False,True,False,True,0.0,0.0,0.0,0.0,0.0,0,,,False,False,False,False,,,False,False,False,False,-1100992.0,-781779.1107549706,False,False,False,False,43009.958283617314,False,False,False,False
2024-07-29 17:00:00+00:00,20.115,20.52,20.095,20.315,40549.0,,,,,,,,,,,,,,,"rgba(38, 166, 154, 1.0)",3.798335319346981,19.726077818650523,0.15504744363926426,57.76075822388052,0.1478361143131579,True,False,True,False,True,0.0,0.0,0.0,0.0,0.0,0,,,False,False,False,False,,,False,False,False,False,-1060443.0,-786099.4811308625,False,False,False,False,42971.80389162324,False,False,False,False
2024-07-30 17:00:00+00:00,20.105,20.545,20.015,20.405,14593.0,,,,,,,,,,,,,,,"rgba(38, 166, 154, 1.0)",3.6774443939060197,19.740316696996594,0.18074598329885555,59.32247851686655,1.9409525822410458,True,False,True,False,True,0.0,0.0,0.0,0.0,0.0,0,,,False,False,False,False,,,False,False,False,False,-1045850.0,-790126.6209582909,False,False,False,False,42531.82243593916,False,False,False,False
2024-07-31 17:00:00+00:00,20.89,21.59,20.62,20.665,34183.0,,,,,,,,,,,,,,,"rgba(38, 166, 154, 1.0)",3.5943281458181255,20.022156139912642,0.1788495190221525,60.96206372899955,3.859933862508555,True,False,True,False,True,0.0,0.0,0.0,0.0,0.0,0,,,False,False,False,False,,,False,False,False,False,-1011667.0,-793561.355517077,False,False,False,False,42402.383328405216,False,False,False,False
2024-08-01 17:00:00+00:00,19.94,19.97,19.59,19.695,23845.0,,,,,,,,,,,,,,,"rgba(38, 166, 154, 1.0)",3.518566824077105,19.930742473364965,-0.06699957259637912,58.47653479166043,3.859933862508555,True,False,True,False,True,0.0,0.0,0.0,0.0,0.0,0,,,False,False,False,False,,,False,False,False,False,-1035512.0,-797312.528299758,False,False,False,False,42114.671958972576,False,False,False,False
2024-08-02 17:00:00+00:00,19.25,19.465,19.01,19.23,23369.0,,,,,,,,,,,,,,,"rgba(38, 166, 154, 0.75)",3.4647622216037868,19.86023311520908,-0.18189794130154033,55.34498883055759,3.859933862508555,True,False,True,False,False,0.0,0.0,0.0,0.0,0.0,0,,,False,False,False,False,,,False,False,False,False,-1058881.0,-801367.8534423973,False,False,False,False,41824.04138596525,False,False,False,False
2024-08-05 17:00:00+00:00,18.125,18.41,17.98,18.32,52033.0,,,,,,,,,,,,,,,#000000,3.4223769241291015,19.442967452986476,-0.32812500723374866,50.737919783487925,7.651638496046203,True,False,False,False,False,0.0,0.0,0.0,0.0,0.0,0,,,False,False,False,False,,,False,False,False,False,-1110914.0,-806167.0185053059,False,False,False,False,41982.31981408982,False,False,False,False
2024-08-06 17:00:00+00:00,18.97,19.28,18.755,18.865,24507.0,,,,,,,,,,,,,,,#000000,3.372971666774779,19.468098630032262,-0.17880334897949027,49.49879581631951,6.340180705007512,True,False,False,False,False,0.0,0.0,0.0,0.0,0.0,0,,,False,False,False,False,,,False,False,False,False,-1086407.0,-810511.8244199523,False,False,False,False,41711.38462317369,False,False,False,False
2024-08-07 17:00:00+00:00,18.78,18.78,18.015,18.13,20509.0,,,,,,,,,,,,,,,"rgba(239, 83, 80, 0.5)",3.328987072358272,19.43436290716154,-0.39181975742474795,46.71640581475418,3.5160806607742288,True,False,False,True,False,0.0,0.0,0.0,0.0,0.0,0,,,False,False,False,False,-0.28633219114579317,-0.28633219114579317,False,False,False,False,-1106916.0,-815107.2379948369,False,False,False,False,41382.665481729135,False,False,False,False
2024-08-08 17:00:00+00:00,18.755,19.55,18.68,19.51,29730.0,,,,,,,,,,,,,,,#000000,3.279105716090574,19.46700767239283,0.01311099163293514,48.95412363353128,3.5160806607742288,True,False,False,False,False,0.0,0.0,0.0,0.0,0.0,0,0.7523929856803737,0.9735431503177883,False,False,False,False,-0.2711360614143194,-0.2787341262800563,False,False,False,False,-1077186.0,-819170.4746150719,False,False,False,False,41202.00400139225,False,False,False,False
2024-08-09 17:00:00+00:00,21.15,21.43,20.36,20.445,29459.0,,,,,,,,,,,,,,,"rgba(38, 166, 154, 1.0)",3.202324638460422,19.583937318842896,0.2688867552076409,52.575891890912374,3.5160806607742288,True,False,True,False,True,0.0,0.0,0.0,0.0,0.0,0,0.768344381069832,0.9607291506089102,False,False,False,False,-0.23394314891922818,-0.25633863759964226,False,False,False,False,-1047727.0,-822713.9866365436,False,False,False,False,41019.94192385128,False,False,False,False
2024-08-12 17:00:00+00:00,20.17,20.225,19.53,19.65,35322.0,,,,,,,,,,,,,,,"rgba(38, 166, 154, 1.0)",3.102038741110745,19.62352493697539,0.008534729974110254,52.67699097403686,3.5160806607742288,True,False,True,False,True,0.0,0.0,0.0,0.0,0.0,0,0.7577119826383508,0.977329096264145,False,False,False,False,-0.2551195973759756,-0.2557291174878089,False,False,False,False,-1083049.0,-826750.1883941166,False,False,False,False,40931.60173898536,False,False,False,False
2024-08-13 17:00:00+00:00,21.38,21.55,21.04,21.54,21124.0,,,,,,,,,,,,,,,"rgba(38, 166, 154, 1.0)",2.959257891815254,19.70073509378929,0.6215291040695595,56.464028641901756,-0.04310917623528354,True,False,True,False,True,0.0,0.0,0.0,0.0,0.0,0,0.7573025048169557,0.9740269749518302,False,False,False,False,-0.22567534403444184,-0.24070223076112537,False,False,False,False,-1061925.0,-830396.3095042852,False,False,False,False,40624.50713838093,False,False,False,False
2024-08-14 17:00:00+00:00,20.07,20.19,19.685,19.8,22766.0,,,,,,,,,,,,,,,"rgba(38, 166, 154, 1.0)",2.885863364811466,19.717074113699258,0.028735208780807975,54.78434077499025,-0.04310917623528354,True,False,True,False,True,0.0,0.0,0.0,0.0,0.0,0,0.7475807075946428,0.9878067662769991,False,False,False,False,-0.2512005533238847,-0.24595139204250505,False,False,False,False,-1084691.0,-834338.862845304,False,False,False,False,40347.63105871611,False,False,False,False
2024-08-15 17:00:00+00:00,22.19,22.805,22.14,22.65,49015.0,,,,,,,,,,,,,,,"rgba(38, 166, 154, 1.0)",2.827459541613294,19.930962892163652,0.9616537629694663,57.97624858004238,1.5897967137551348,True,False,True,False,True,0.0,0.0,0.0,0.0,0.0,0,0.754113864195196,0.9648571968980518,False,False,False,False,-0.19283405234534703,-0.21939272219392603,False,False,False,False,-1035676.0,-837460.3688477024,False,False,False,False,40482.00887175927,False,False,False,False
2024-08-16 17:00:00+00:00,21.62,22.0,21.59,21.75,47616.0,,,,,,,,,,,,,,,"rgba(38, 166, 154, 1.0)",2.7273904665004167,20.04884225126144,0.6237309140855646,58.25003557200347,2.097065602503669,True,False,True,False,True,0.0,0.0,0.0,0.0,0.0,0,0.7539446604161903,0.9657748303986583,False,False,False,False,-0.20754300778007637,-0.2134678649870012,False,False,False,False,-1083292.0,-841271.7119663426,False,False,False,False,40592.61338537541,False,False,False,False
2024-08-19 17:00:00+00:00,22.62,22.69,22.365,22.43,32705.0,,,,,,,,,,,,,,,"rgba(38, 166, 154, 1.0)",2.632240315982127,20.145572584249994,0.8678643062640171,59.37246315319111,3.5027976382964994,True,False,True,False,True,0.0,0.0,0.0,0.0,0.0,0,0.7626100267891315,0.9606199770378875,False,False,False,False,-0.19164365861872246,-0.20255576180286183,False,False,False,False,-1050587.0,-844516.9102304303,False,False,False,False,40470.324805757184,False,False,False,False
2024-08-20 17:00:00+00:00,22.28,22.65,22.22,22.55,18662.0,,,,,,,,,,,,,,,"rgba(38, 166, 154, 1.0)",2.567905073882031,20.195253773433603,0.9169911499129562,60.292246558932895,4.74670417500721,True,False,True,False,True,0.0,0.0,0.0,0.0,0.0,0,0.766325667256365,0.9595031151449888,False,False,False,False,-0.19364599385528014,-0.198100877829071,False,False,False,False,-1031925.0,-847422.4620098035,False,False,False,False,40132.21124287723,False,False,False,False
2024-08-21 17:00:00+00:00,22.715,23.19,22.71,22.985,23688.0,,,,,,,,,,,,,,,"rgba(38, 166, 154, 1.0)",2.5258230520150655,20.26677395241768,1.0761743762746,61.55968785317993,6.316661839006684,True,False,True,False,True,0.0,0.0,0.0,0.0,0.0,0,0.7741662173611649,0.9500885773704074,False,False,False,False,-0.18251687921615795,-0.19030887852261447,False,False,False,False,-1008237.0,-849915.7106608143,False,False,False,False,39877.26223135975,False,False,False,False
2024-08-22 17:00:00+00:00,22.43,22.59,22.185,22.285,18554.0,,,,,,,,,,,,,,,"rgba(38, 166, 154, 1.0)",2.447038901895105,20.306874633057102,0.808375120399983,60.57190176467779,6.316661839006684,True,False,True,False,True,0.0,0.0,0.0,0.0,0.0,0,0.7700945398417907,0.9517653868415975,False,False,False,False,-0.19467481538044992,-0.1924918469515322,False,False,False,False,-1026791.0,-852657.9632087087,False,False,False,False,39546.66901847045,False,False,False,False
2024-08-23 17:00:00+00:00,23.505,23.63,23.34,23.46,23501.0,,,,,,,,,,,,,,,"rgba(38, 166, 154, 1.0)",2.3912274883209075,20.824062685658813,1.102336489194557,61.83739573303362,7.164826015964955,True,False,True,False,True,0.0,0.0,0.0,0.0,0.0,0,0.7621421616358326,0.9570399221032131,False,False,False,False,-0.16984470034079763,-0.18116827364616492,False,False,False,False,-1003290.0,-854993.3436240775,False,False,False,False,39297.89895616858,False,False,False,False
2024-08-26 17:00:00+00:00,23.425,23.44,22.75,22.795,41764.0,,,,,,,,,,,,,,,"rgba(38, 166, 154, 1.0)",2.2904965668001207,20.86728856683198,0.8416128891479111,60.93183134093726,7.164826015964955,True,False,True,False,True,0.0,0.0,0.0,0.0,0.0,0,0.7588177725582308,0.9573693482090431,False,False,False,False,-0.17681256334993617,-0.17899041849805053,False,False,False,False,-1045054.0,-857940.020467115,False,False,False,False,39336.133080879146,False,False,False,False
2024-08-27 17:00:00+00:00,21.93,22.715,21.895,22.57,20399.0,,,,,,,,,,,,,,,"rgba(38, 166, 154, 1.0)",2.197100806734997,20.870150820521115,0.7736782828845016,59.73498550455664,7.164826015964955,True,False,True,False,True,0.0,0.0,0.0,0.0,0.0,0,0.7520021877563778,0.9574168847911866,False,False,False,False,-0.18973065240042916,-0.18436053544923986,False,False,False,False,-1065453.0,-861157.2759637488,False,False,False,False,39042.534118384894,False,False,False,False
2024-08-28 17:00:00+00:00,21.86,22.43,21.525,22.29,35943.0,,,,,,,,,,,,,,,"rgba(38, 166, 154, 0.75)",2.1011082082328185,20.871512447318285,0.6751139932363424,58.164255453886405,7.164826015964955,True,False,True,False,False,0.0,0.0,0.0,0.0,0.0,0,0.7577016539938859,0.9543387943873951,False,False,False,False,-0.1896749903778185,-0.18701776291352917,False,False,False,False,-1101396.0,-864881.9073441558,False,False,False,False,38994.4793258518,False,False,False,False
2024-08-29 17:00:00+00:00,23.05,23.205,22.745,22.81,28018.0,,,,,,,,,,,,,,,"rgba(38, 166, 154, 0.75)",2.0352585487748196,20.92316056246783,0.9270760408637038,58.28495493650783,7.164826015964955,True,False,True,False,False,0.0,0.0,0.0,0.0,0.0,0,0.7734889405827388,0.9403856010724282,False,False,False,False,-0.16198397785358798,-0.17450087038355858,False,False,False,False,-1073378.0,-868114.4049047115,False,False,False,False,38824.301351807575,False,False,False,False
2024-08-30 17:00:00+00:00,23.11,23.415,22.955,23.355,25566.0,,,,,,,,,,,,,,,"rgba(38, 166, 154, 0.75)",1.9955975464928277,20.979010614870088,1.1906155072727997,59.52834698332974,7.164826015964955,True,False,True,False,False,0.0,0.0,0.0,0.0,0.0,0,0.7808997694936811,0.9353390032588825,False,False,False,False,-0.14503997756884282,-0.1597704239762007,False,False,False,False,-1047812.0,-870900.414130995,False,False,False,False,38618.74629208963,False,False,False,False
2024-09-02 17:00:00+00:00,23.355,23.355,23.355,23.355,0.0,,,,,,,,,,,,,,,"rgba(38, 166, 154, 1.0)",1.9600514058345868,20.979010614870088,1.2122076890724303,60.35727501454435,7.164826015964955,True,False,True,False,True,0.0,0.0,0.0,0.0,0.0,0,0.7950418570793062,0.9268411048651273,False,False,False,False,-0.13478481973944906,-0.1472776218578249,False,False,False,False,-1047812.0,-873643.2294157859,False,False,False,False,38020.006039499094,False,False,False,False
2024-09-03 17:00:00+00:00,23.14,23.23,22.915,23.045,13809.0,,,,,,,,,,,,,,,"rgba(38, 166, 154, 1.0)",1.9414436139911284,21.003388270704487,1.0515946559470069,59.729537044519184,7.164826015964955,True,False,True,False,True,0.0,0.0,0.0,0.0,0.0,1,0.795284856354488,0.9175052751176758,False,False,False,False,-0.13282315189480318,-0.14005038687631405,False,False,False,False,-1061621.0,-876557.6134558512,False,False,False,False,37644.64160477818,False,False,False,False
2024-09-04 17:00:00+00:00,23.03,23.11,22.56,22.895,17234.0,,,,,,,,,,,,,,,"rgba(38, 166, 154, 1.0)",1.917088593590892,21.027483674179983,0.9741419004126347,58.72346449356753,7.164826015964955,True,False,True,False,True,0.0,0.0,0.0,0.0,0.0,0,0.7971802206783818,0.9116060482223131,False,False,False,False,-0.13939470918108085,-0.13972254802869744,False,False,False,False,-1078855.0,-879694.007045683,False,False,False,False,37328.197548890144,False,False,False,False
2024-09-05 17:00:00+00:00,23.35,23.52,22.985,23.08,18135.0,,,,,,,,,,,,,,,"rgba(38, 166, 154, 1.0)",1.9195058767327176,21.326964587151537,0.9132743140293933,58.63206587394111,7.164826015964955,True,False,True,False,True,0.0,0.0,0.0,0.0,0.0,0,0.7981099656357389,0.9096301750940926,False,False,False,False,-0.11866435156014501,-0.1291934497944212,False,False,False,False,-1060720.0,-882500.6115876104,False,False,False,False,37030.628594643786,False,False,False,False
2024-09-06 17:00:00+00:00,21.34,21.72,21.09,21.55,27653.0,,,,,,,,,,,,,,,"rgba(38, 166, 154, 0.5)",1.9076402809340312,21.214271075963048,0.1759917356497481,53.27264412898886,6.423826510826309,False,False,True,False,False,0.0,0.0,0.0,0.0,0.0,0,0.8029444149912321,0.9126463031687126,False,False,False,False,-0.16848073085631646,-0.14883709032536885,False,False,False,False,-1088373.0,-885692.4315629964,False,False,False,False,36885.23900402915,False,False,False,False
2024-09-09 17:00:00+00:00,22.04,22.095,21.68,21.835,26842.0,,,,,,,,,,,,,,,#000000,1.8981282340225123,21.229425453565568,0.319037742329505,50.732146883596855,4.195398257138962,False,False,False,False,False,0.0,0.0,0.0,0.0,0.0,0,0.8131594013249368,0.9068046127422916,False,False,False,False,-0.15197342846149353,-0.1504052593934312,False,False,False,False,-1061531.0,-888418.6109186087,False,False,False,False,36729.52987218373,False,False,False,False
2024-09-10 17:00:00+00:00,21.165,21.71,21.16,21.68,50639.0,,,,,,,,,,,,,,,"rgba(239, 83, 80, 1.0)",1.8857060187605643,21.192591014533704,0.25847559514428414,48.55251883423164,2.2949271124595683,False,True,False,True,False,0.0,0.0,0.0,0.0,0.0,0,0.8133025060897572,0.9059493827670204,False,False,False,False,-0.16559806270523986,-0.15800166104933552,False,False,False,False,-1112170.0,-891887.6247028162,False,False,False,False,36945.1805718398,False,False,False,False
2024-09-11 17:00:00+00:00,21.515,22.115,21.515,22.1,16447.0,,,,,,,,,,,,,,,#000000,1.8857060187605643,21.202942787262604,0.47571424379660987,48.74973235590808,2.2949271124595683,False,True,False,False,False,0.0,0.0,0.0,0.0,0.0,0,0.8232712215320914,0.9017391304347826,False,False,False,False,-0.1541524894159045,-0.15607707523262002,False,False,False,False,-1095723.0,-895047.8630795167,False,False,False,False,36627.37932266399,False,False,False,False
2024-09-12 17:00:00+00:00,22.19,22.99,22.15,22.55,27631.0,,,,,,,,,,,,,,,#000000,1.888107439396215,21.256773459695083,0.6849327073879176,50.518820386081174,2.2949271124595683,False,True,False,False,True,0.0,0.0,0.0,0.0,0.0,0,0.830232365831473,0.8953113371371868,False,False,False,False,-0.13152734645458322,-0.14380221084360162,False,False,False,False,-1068092.0,-897730.7179154932,False,False,False,False,36487.900573475396,False,False,False,False
2024-09-13 17:00:00+00:00,22.67,22.75,22.305,22.35,26983.0,,,,,,,,,,,,,,,#000000,1.8871307001052968,21.293974159018354,0.5595933768247867,50.86796804601028,2.2949271124595683,False,True,False,False,True,0.0,0.0,0.0,0.0,0.0,0,0.8299912452578482,0.9074498686788678,False,False,False,False,-0.1327971855521923,-0.13829969819789695,False,False,False,False,-1095075.0,-900790.3191881211,False,False,False,False,36340.53777388663,False,False,False,False
2024-09-16 17:00:00+00:00,21.88,22.015,21.515,21.53,15945.0,,,,,,,,,,,,,,,"rgba(239, 83, 80, 1.0)",1.8802380839279054,21.29051425972951,0.12736990188508215,48.08796940748325,1.9269864414388564,False,True,False,True,False,0.0,0.0,0.0,0.0,0.0,0,0.8291261321704129,0.9131583361288159,False,False,False,False,-0.15565613555210486,-0.1469779168750009,False,False,False,False,-1111020.0,-904049.6940844293,False,False,False,False,36024.327885919396,False,False,False,False
2024-09-17 17:00:00+00:00,21.515,21.685,21.31,21.425,24113.0,,,,,,,,,,,,,,,"rgba(239, 83, 80, 1.0)",1.879523353416143,21.27825059453606,0.07807798993144403,45.885518698125004,-0.1611803129204219,False,True,False,True,False,0.0,0.0,0.0,0.0,0.0,0,0.8162086985839517,0.922749494268375,False,False,False,False,-0.16045407223505814,-0.15371599455502952,False,False,False,False,-1135133.0,-907632.380997849,False,False,False,False,35839.656135750105,False,False,False,False
2024-09-18 17:00:00+00:00,21.83,23.52,21.765,22.065,30513.0,,,,,,,,,,,,,,,"rgba(239, 83, 80, 1.0)",1.8779284830333702,21.312041983490463,0.40095137983812046,47.23542733913185,-0.1611803129204219,False,True,False,True,False,0.0,0.0,0.0,0.0,0.0,0,0.8198486122792266,0.9014718250630784,False,False,False,False,-0.12548913445788343,-0.13960256450645647,False,False,False,False,-1104620.0,-910686.4526102855,False,False,False,False,35757.072319691964,False,False,False,False
2024-09-19 17:00:00+00:00,23.935,24.125,23.48,23.48,34123.0,,,,,,,,23.695,,,,23.695,23.695,,"rgba(38, 166, 154, 0.5)",1.8957478687796563,21.63367553564847,0.9739293366791743,52.5470227151798,-1.8593066610083255,False,True,True,False,True,0.0,-1.0,24.125,23.48,0.0,0,0.826559389515594,0.8855756469807564,False,False,False,False,-0.09037443859944284,-0.11498850155294965,False,False,False,False,-1070497.0,-913164.1355155524,False,True,False,False,35731.7378651231,False,True,False,False
2024-09-20 17:00:00+00:00,22.245,22.825,22.095,22.665,23525.0,,,,,,,,23.21890658247757,,,,23.21890658247757,23.21890658247757,,"rgba(38, 166, 154, 0.5)",1.9061166077979461,21.60396557178016,0.5566471767147576,53.008663353978946,-1.5255147231962667,False,True,True,False,True,0.0,0.0,0.0,0.0,0.0,1,0.8196188202362824,0.8946198493393158,False,False,False,False,-0.1310395787920645,-0.12301404017250707,False,False,False,False,-1094022.0,-915968.133414536,False,False,False,False,35542.486115276224,False,False,False,False
2024-09-23 17:00:00+00:00,22.565,22.72,22.175,22.195,28356.0,,,,,,,,22.936819295226584,,,,22.936819295226584,22.936819295226584,,#000000,1.9064241277731409,21.59055321933823,0.31705787387815654,51.75855941768131,-1.5255147231962667,False,True,False,False,True,0.0,0.0,0.0,0.0,0.0,1,0.8210778245440293,0.8969629446232567,False,False,False,False,-0.13142003631338842,-0.12721703824294775,False,False,False,False,-1122378.0,-919168.2863848533,False,False,False,False,35431.06772589209,False,False,False,False
2024-09-24 17:00:00+00:00,22.965,23.16,22.695,22.975,22606.0,,,,,,,,22.938175121996135,,,,22.938175121996135,22.938175121996135,,"rgba(38, 166, 154, 0.5)",1.924421787503156,21.615968288903478,0.706202621442881,53.2805826180083,-1.265176958791784,False,False,True,False,True,0.0,0.0,0.0,0.0,0.0,1,0.8139121079202187,0.8950591740461806,False,False,False,False,-0.11349750746461806,-0.1203572728537829,False,False,False,False,-1099772.0,-921968.3439602819,False,False,False,False,35232.22946657593,False,False,False,False
2024-09-25 17:00:00+00:00,21.45,21.52,21.1,21.25,27717.0,,,,,,,,22.60308031424443,,,,22.60308031424443,22.60308031424443,,#000000,1.9239281841218199,21.564511614300258,-0.16347367687417996,49.464102666066424,-1.265176958791784,False,True,False,False,False,0.0,0.0,0.0,0.0,0.0,1,0.8108064056069437,0.8924656696956115,False,False,False,False,-0.16269875004454018,-0.14152801144916155,False,False,False,False,-1127489.0,-925154.7107205875,False,False,False,False,35115.71428104762,False,False,False,False
2024-09-26 17:00:00+00:00,21.915,22.415,21.73,22.28,18609.0,,,,,,,,22.5476610019621,,,,22.5476610019621,22.5476610019621,,#000000,1.9332717495629739,21.56388633345366,0.3704154197195624,49.77738063051761,-1.265176958791784,False,True,False,False,False,0.0,0.0,0.0,0.0,0.0,1,0.8169168802636398,0.884861060254689,False,False,False,False,-0.13887909775636928,-0.1402035546027654,False,False,False,False,-1108880.0,-928003.1648179428,False,False,False,False,34859.79623017867,False,False,False,False
2024-09-27 17:00:00+00:00,22.43,22.735,22.225,22.675,20486.0,,,,,,,,22.547350246833354,,,,22.547350246833354,22.547350246833354,,#000000,1.949232378364747,21.57710260807991,0.5632460265415552,50.97455494506009,-1.265176958791784,False,True,False,False,False,0.0,0.0,0.0,0.0,0.0,1,0.8280116407755056,0.8810509488871583,False,False,False,False,-0.12621483846192816,-0.13320919653234678,False,False,False,False,-1088394.0,-930489.8444331684,False,False,False,False,34636.94667622241,False,False,False,False
2024-09-30 17:00:00+00:00,22.7,22.78,22.165,22.57,13611.0,,,,,,,,22.544300889262722,,,,22.544300889262722,22.544300889262722,,#000000,1.962103114168889,21.584775449524663,0.502126796171291,51.460215268565534,-1.265176958791784,False,True,False,False,False,0.0,0.0,0.0,0.0,0.0,1,0.825832343666817,0.8826733281461157,False,False,False,False,-0.1264475473588481,-0.12982837194559743,False,False,False,False,-1102005.0,-933148.994131879,False,False,False,False,34310.963006823615,False,False,False,False
2024-10-01 17:00:00+00:00,21.57,21.735,21.275,21.3,32205.0,,,,,,,,22.383065657798387,,,,22.383065657798387,22.383065657798387,,"rgba(239, 83, 80, 1.0)",1.9616350736471815,21.55608821925346,-0.13054834851485725,48.41274287794308,2.8317373867208886,False,True,False,True,False,0.0,0.0,0.0,0.0,0.0,1,0.8205107185309672,0.8897405418699021,False,False,False,False,-0.15659078260928866,-0.14320957727744305,False,False,False,False,-1134210.0,-936266.2190290592,False,False,False,False,34278.31241757054,False,False,False,False
2024-10-02 17:00:00+00:00,19.86,20.39,19.705,20.115,83493.0,,,,,,,,21.7493106707227,,,,21.7493106707227,21.7493106707227,,"rgba(239, 83, 80, 1.0)",1.9600688303782703,21.376593785562374,-0.6436476954326664,44.00584359883684,-1.3087883720569167,False,True,False,True,False,0.0,0.0,0.0,0.0,0.0,0,0.8151948210577749,0.8919017955294981,False,False,False,False,-0.20255784514929098,-0.17288371121336701,False,False,False,False,-1217703.0,-940629.579974345,False,False,False,False,35041.330829701226,False,False,False,False
2024-10-03 17:00:00+00:00,19.82,19.93,19.6,19.6,38778.0,,,,,,,,21.519097228893564,,,,21.519097228893564,21.519097228893564,,"rgba(239, 83, 80, 1.0)",1.9620328674549756,21.29777557308721,-0.8653145425078717,40.1756057067739,-4.772938143067613,False,True,False,True,False,0.0,0.0,0.0,0.0,0.0,0,0.811049588795701,0.8971989251689602,False,False,False,False,-0.21156003322166697,-0.192221872217517,False,False,False,False,-1256481.0,-945526.5012150528,False,False,False,False,35099.26368505469,False,False,False,False
2024-10-04 17:00:00+00:00,20.11,20.16,19.89,20.02,17314.0,,,,,,,,21.447323378313833,,,,21.447323378313833,21.447323378313833,,"rgba(239, 83, 80, 1.0)",1.9599779783651385,21.271455986512457,-0.6385051262444923,39.089592668892585,-5.718111725693703,False,True,False,True,False,0.0,0.0,0.0,0.0,0.0,0,0.8087483121240644,0.8990547894758381,False,False,False,False,-0.1943898510335657,-0.19330586162554136,False,False,False,False,-1239167.0,-950079.0670876877,False,False,False,False,34823.52316280578,False,False,False,False
2024-10-07 17:00:00+00:00,19.78,19.87,19.59,19.835,27180.0,,,,,,,,21.329474935331255,,,,21.329474935331255,21.329474935331255,,"rgba(239, 83, 80, 1.0)",1.9602545293457274,21.22616280643384,-0.7096847810361481,37.98023314159709,-6.834089873112845,False,True,False,True,False,0.0,0.0,0.0,0.0,0.0,0,0.808541545613016,0.8957416784261641,False,False,False,False,-0.2043797283357893,-0.19884279498066532,False,False,False,False,-1266347.0,-954982.4458925297,False,False,False,False,34705.01892772352,False,False,False,False
2024-10-08 17:00:00+00:00,20.54,20.54,20.095,20.095,18172.0,,,,,,,,21.28088168072054,,,,21.28088168072054,21.28088168072054,,"rgba(239, 83, 80, 1.0)",1.9576683548006817,21.206223350500657,-0.5676259453117619,38.250810024700804,-6.834089873112845,False,True,False,True,False,0.0,0.0,0.0,0.0,0.0,0,0.8088731514267864,0.9008123307644241,False,False,False,False,-0.17451240503771118,-0.18667760000918826,False,False,False,False,-1248175.0,-959528.066886444,False,False,False,False,34448.69305287509,False,False,False,False
2024-10-09 17:00:00+00:00,20.19,20.83,20.165,20.82,52335.0,,,,,,,,21.203735560111372,,,,21.203735560111372,21.203735560111372,,"rgba(239, 83, 80, 0.75)",1.953591753345452,21.171154614110485,-0.1797482066092598,41.06133233763937,-6.834089873112845,False,True,False,True,True,0.0,0.0,0.0,0.0,0.0,0,0.8178226145439264,0.8956284153005465,False,False,False,False,-0.15160111482096794,-0.1691393574150781,False,False,False,False,-1195840.0,-963191.8177874293,False,False,False,False,34726.000137326635,False,False,False,False
2024-10-10 17:00:00+00:00,15.615,15.94,15.54,15.66,203228.0,,,,,,,,19.517564501862267,,,,19.517564501862267,19.517564501862267,,"rgba(239, 83, 80, 1.0)",2.033991881245742,20.362873442672964,-2.3121397317439802,35.03141281062696,-9.623987279104043,False,True,False,True,False,0.0,0.0,0.0,0.0,0.0,0,0.8220841339274767,0.8943215731163895,False,False,False,False,-0.34282825441539394,-0.255983805915236,False,False,False,False,-1399068.0,-969949.5880542909,False,False,False,False,37338.434243724674,False,False,False,False
2024-10-11 17:00:00+00:00,16.485,16.56,16.185,16.255,65208.0,,,,,,,,19.23193483193158,,,,19.23193483193158,19.23193483193158,,"rgba(239, 83, 80, 1.0)",2.0898811703795332,20.192076968224004,-1.8838759944944676,32.59866359259125,-11.783619161593165,False,True,False,True,False,0.0,0.0,0.0,0.0,0.0,0,0.827520582516239,0.8820073641967648,False,False,False,False,-0.30931699941625923,-0.2826504026657476,False,False,False,False,-1333860.0,-975591.609944922,False,False,False,False,37770.52053451964,False,False,False,False
2024-10-14 17:00:00+00:00,16.015,16.28,15.89,16.275,41787.0,,,,,,,,19.064315572940583,,,,19.064315572940583,19.064315572940583,,"rgba(239, 83, 80, 1.0)",2.1354637595775516,20.08700307094938,-1.785093778273011,31.03300931663173,-13.242621605039545,False,True,False,True,False,0.0,0.0,0.0,0.0,0.0,0,0.8329918461216813,0.8804097846539829,False,False,False,False,-0.3239948115387415,-0.30332260710224457,False,False,False,False,-1292073.0,-980498.2981628302,False,False,False,False,37832.791533984455,False,False,False,False
2024-10-15 17:00:00+00:00,16.42,16.455,15.895,15.905,26469.0,,,,,,,,18.965146426107243,,,,18.965146426107243,18.965146426107243,,"rgba(239, 83, 80, 1.0)",2.1925853800135746,20.02289113464829,-1.8780984185084717,29.55871084113524,-14.730207823311119,False,True,False,True,False,0.0,0.0,0.0,0.0,0.0,0,0.837399054353739,0.8725469684924057,False,False,False,False,-0.31911853404094814,-0.31122057057159636,False,False,False,False,-1318542.0,-985739.2857882126,False,False,False,False,37656.60871950408,False,False,False,False
2024-10-16 17:00:00+00:00,15.58,15.765,15.475,15.755,52935.0,,,,,,,,18.759173510097227,,,,18.759173510097227,18.759173510097227,,"rgba(239, 83, 80, 1.0)",2.2503787028646824,19.888572679688536,-1.8368342512425082,28.392450404134696,-16.016789625409814,False,True,False,True,False,0.0,0.0,0.0,0.0,0.0,0,0.8407960199004979,0.8735137869972174,False,False,False,False,-0.34282825441539394,-0.3270244124934951,False,False,False,False,-1371477.0,-991719.7154659147,False,False,False,False,37893.48300292262,False,False,False,False
2024-10-17 17:00:00+00:00,15.165,15.2,14.79,14.885,38407.0,,,,,,,,18.59451290817677,,,,18.59451290817677,18.59451290817677,,"rgba(239, 83, 80, 1.0)",2.331589223321066,19.78132004673455,-2.0999925706297162,26.582341748406993,-17.946523488045777,False,True,False,True,False,0.0,0.0,0.0,0.0,0.0,0,0.8342018996385646,0.8757670000840548,False,False,False,False,-0.34282825441539394,-0.33492633345444456,False,False,False,False,-1409884.0,-998202.8826679934,False,False,False,False,37901.44450675328,False,False,False,False
2024-10-18 17:00:00+00:00,15.275,15.5,15.215,15.46,46274.0,,,,,,,,18.43563035340227,,,,18.43563035340227,18.43563035340227,,"rgba(239, 83, 80, 1.0)",2.3922825430467856,19.671000090493557,-1.7602436228667502,27.460968153986933,-17.946523488045777,False,True,False,True,False,0.0,0.0,0.0,0.0,0.0,0,0.8367940024428256,0.8706987322579287,False,False,False,False,-0.3240750358795584,-0.32950068466700144,False,False,False,False,-1363610.0,-1003868.1092932959,False,False,False,False,38031.251568664076,False,False,False,False
2024-10-21 17:00:00+00:00,15.28,15.415,15.1,15.35,40525.0,,,,,,,,18.30459308109611,,,,18.30459308109611,18.30459308109611,,"rgba(239, 83, 80, 1.0)",2.4510055428684367,19.577487586138883,-1.7247972361545179,27.879423592915934,-17.946523488045777,False,True,False,True,False,0.0,0.0,0.0,0.0,0.0,0,0.8377364850629927,0.864745291366452,False,False,False,False,-0.3292258727096533,-0.3293632786883274,False,False,False,False,-1404135.0,-1010073.7975213068,False,False,False,False,38069.91433504138,False,False,False,False
2024-10-22 17:00:00+00:00,15.15,15.185,14.935,15.125,35124.0,,,,,,,,18.192341448290655,,,,18.192341448290655,18.192341448290655,,"rgba(239, 83, 80, 1.0)",2.511530834996012,19.496331682894358,-1.7405048833100625,27.794423489990777,-17.946523488045777,False,True,False,True,False,0.0,0.0,0.0,0.0,0.0,0,0.8411642587806639,0.8637461339660214,False,False,False,False,-0.3394488279537015,-0.3344060533210145,False,False,False,False,-1439259.0,-1016727.8316682632,False,False,False,False,38024.24124457562,False,False,False,False
2024-10-23 17:00:00+00:00,14.83,15.17,14.71,15.11,57834.0,,,,,,,,18.019014540297096,,,,18.019014540297096,18.019014540297096,,"rgba(239, 83, 80, 1.0)",2.5266663166465624,18.970217821130294,-1.527790906024206,27.71157162188641,-18.129293955428686,False,True,False,True,False,0.0,0.0,0.0,0.0,0.0,0,0.8350751975528935,0.8661738465460108,False,False,False,False,-0.34282825441539394,-0.33861715386820423,False,False,False,False,-1497093.0,-1024175.3536579025,False,False,False,False,38331.369287295376,False,False,False,False
2024-10-24 17:00:00+00:00,15.33,15.52,15.21,15.49,36427.0,,,,,,,,17.93271946481816,,,,17.93271946481816,17.93271946481816,,"rgba(239, 83, 80, 0.75)",2.5580751367788315,18.92189715466523,-1.3415935698381127,29.466950311987123,-18.129293955428686,False,True,False,True,True,0.0,0.0,0.0,0.0,0.0,0,0.8358387939526323,0.8680457407169473,False,False,False,False,-0.32094817930848474,-0.3297826665883445,False,False,False,False,-1460666.0,-1030942.6505004156,False,False,False,False,38301.84418206599,False,False,False,False
2024-10-25 17:00:00+00:00,15.605,15.685,15.41,15.51,38664.0,,,,,,,,17.85149809180369,,,,17.85149809180369,17.85149809180369,,"rgba(239, 83, 80, 0.75)",2.5963702261719117,18.870420856835665,-1.294276456786469,30.735934601165496,-18.129293955428686,False,True,False,True,True,0.0,0.0,0.0,0.0,0.0,0,0.8359327875915555,0.8732012063765618,False,False,False,False,-0.3072679801048907,-0.3185253233466176,False,False,False,False,-1422002.0,-1037005.5861515718,False,False,False,False,38307.45900094868,False,False,False,False
2024-10-28 17:00:00+00:00,15.9,15.975,15.625,15.895,26793.0,,,,,,,,17.80517208746902,,,,17.80517208746902,17.80517208746902,,"rgba(239, 83, 80, 0.75)",2.6225562335627486,18.841506894905507,-1.1235247722039008,33.52469936371807,-20.185347561554007,False,True,False,True,True,0.0,0.0,0.0,0.0,0.0,0,0.8422184195515777,0.8662629985520601,False,False,False,False,-0.29271121104001635,-0.305618267193317,False,False,False,False,-1395209.0,-1042559.1274515474,False,False,False,False,38128.94025674792,False,False,False,False
2024-10-29 17:00:00+00:00,15.815,15.895,15.665,15.785,72904.0,,,,,,,,17.68630741362357,,,,17.68630741362357,17.68630741362357,,"rgba(239, 83, 80, 0.75)",2.670654805490729,18.75502856157505,-1.1120975108684292,35.02792695061696,-18.68772449402451,False,True,False,True,True,0.0,0.0,0.0,0.0,0.0,0,0.848411082588298,0.8609807913605383,False,False,False,False,-0.293859760017332,-0.2997390136053245,False,False,False,False,-1468113.0,-1049156.861909663,False,False,False,False,38668.088469821596,False,False,False,False
2024-10-30 17:00:00+00:00,16.86,16.86,16.285,16.515,46657.0,,,,,,,,17.645258036134454,,,,17.645258036134454,17.645258036134454,,"rgba(239, 83, 80, 0.75)",2.7024445606902354,18.726989177054744,-0.8185141738818041,39.528191606889806,-14.4924471379897,False,True,False,True,True,0.0,0.0,0.0,0.0,0.0,0,0.8440578681104113,0.8597674625011096,False,False,False,False,-0.24888780947659744,-0.274313411540961,False,False,False,False,-1421456.0,-1054928.9415699784,False,False,False,False,38791.94756331274,False,False,False,False
2024-10-31 17:00:00+00:00,16.08,16.195,15.78,16.03,50920.0,,,,,,,,17.58273932531839,,,,17.58273932531839,17.58273932531839,,"rgba(239, 83, 80, 0.5)",2.712559339659099,18.67419111597056,-0.9747956762866133,40.71080259538037,-13.462463570705353,False,False,False,True,True,0.0,0.0,0.0,0.0,0.0,0,0.8375027673234451,0.8634049147664379,False,False,False,False,-0.2813031566058472,-0.2778082840734041,False,False,False,False,-1472376.0,-1061400.9889874982,False,False,False,False,38979.97938403657,False,False,False,False
2024-11-01 17:00:00+00:00,16.135,16.39,15.935,16.35,33831.0,,,,,,,,17.54927209069795,,,,17.54927209069795,17.54927209069795,,"rgba(239, 83, 80, 0.5)",2.7186933914579985,18.64482845235504,-0.8440924083478027,42.959899108304896,-11.369027612001837,False,False,False,True,True,0.0,0.0,0.0,0.0,0.0,0,0.8439985700241313,0.8565555456251677,False,False,False,False,-0.27123501685586127,-0.27452165046463267,False,False,False,False,-1438545.0,-1067248.1829566841,False,False,False,False,38900.15024629956,False,False,False,False
2024-11-04 17:00:00+00:00,16.62,16.85,16.48,16.795,30084.0,,,,,,,,17.531234771230086,,,,17.531234771230086,17.531234771230086,,"rgba(239, 83, 80, 0.5)",2.735621241432595,18.628078277530737,-0.6700775128397473,46.34184018532528,-8.251746328572658,True,False,False,True,True,0.0,0.0,0.0,0.0,0.0,0,0.8529147982062784,0.8494170403587445,False,False,False,False,-0.24261353030995209,-0.2585675903872924,False,False,False,False,-1408461.0,-1072538.3041511541,False,False,False,False,38763.46574635693,False,False,False,False
2024-11-05 17:00:00+00:00,17.035,17.36,16.89,17.34,34721.0,,,,,,,17.19666666666667,17.52315258727811,,,,17.52315258727811,17.35990962697239,,"rgba(38, 166, 154, 1.0)",2.7505655978559655,18.500061518512222,-0.4217538092588946,50.612832024048245,-4.393492481064449,True,False,True,False,True,0.0,0.0,0.0,0.0,0.0,0,0.8533827785817659,0.855734442836469,False,False,False,False,-0.2167513757111483,-0.23765948304922035,False,False,False,False,-1373740.0,-1077208.0978852448,False,False,False,False,38700.79185881651,False,False,False,False
2024-11-06 17:00:00+00:00,16.43,16.83,16.35,16.57,99362.0,,,,,,,16.74215694756233,17.462383075719007,,,,17.462383075719007,17.10227001164067,,#000000,2.776560230161116,18.402940198871175,-0.6601478257018808,50.105193222387555,-4.393492481064449,True,False,False,False,True,0.0,0.0,0.0,0.0,0.0,0,0.8423470077002749,0.8521637321565273,False,False,False,False,-0.2468596568977748,-0.24225956997349757,False,False,False,False,-1473102.0,-1083345.9878405123,False,False,False,False,39641.27570596664,False,False,False,False
2024-11-07 17:00:00+00:00,16.325,16.505,16.14,16.16,45340.0,,,,,,,16.622422227547936,17.428161787201553,,,,17.428161787201553,17.025292007374745,,#000000,2.811258836045497,18.359808660443612,-0.782499509557081,48.25325676700389,-4.393492481064449,True,False,False,False,False,0.0,0.0,0.0,0.0,0.0,0,0.8379749128288733,0.8613413032649552,False,False,False,False,-0.26207664831507116,-0.25216810914428434,False,False,False,False,-1518442.0,-1090091.6624476362,False,False,False,False,39729.62802060282,False,False,False,False
2024-11-08 17:00:00+00:00,15.65,15.73,15.46,15.655,49865.0,,,,,,,16.403330476663992,17.3727570258397,,,,17.3727570258397,16.888043751251846,,"rgba(239, 83, 80, 0.5)",2.8538377716730268,18.291348116421403,-0.9237904630002419,45.33160664382631,0.6259016171173215,True,False,False,True,False,0.0,0.0,0.0,0.0,0.0,0,0.8341947582673928,0.8738965375291589,False,False,False,False,-0.30115341638502824,-0.2766607627646563,False,False,False,False,-1568307.0,-1097505.8537275176,False,False,False,False,39886.76557067099,False,False,False,False
2024-11-11 17:00:00+00:00,16.09,16.1,15.735,15.92,100565.0,,,,,,,16.255465404286152,17.288330075873986,,,,17.288330075873986,16.77189774008007,,"rgba(239, 83, 80, 0.5)",2.8893291608954215,18.197695917656848,-0.7883130618980689,44.651593053550265,-0.12135847072545403,True,False,False,True,False,0.0,0.0,0.0,0.0,0.0,0,0.8375451263537911,0.8552757848558243,False,False,False,False,-0.27674322539166857,-0.2767019940781624,False,False,False,False,-1467742.0,-1103245.9490185638,False,False,False,False,40827.51339128074,False,False,False,False
2024-11-12 17:00:00+00:00,15.735,15.815,15.54,15.675,64375.0,,,,,,,16.160951141640542,17.230588361552808,,,,17.230588361552808,16.695769751596675,,"rgba(239, 83, 80, 0.5)",2.9274089841293107,18.134741861154748,-0.8402453755146685,43.312787924213396,-1.578402784600307,False,False,False,True,False,0.0,0.0,0.0,0.0,0.0,0,0.8376009544787081,0.8543043318649045,False,False,False,False,-0.29023325509611675,-0.2834676245871396,False,False,False,False,-1532117.0,-1109895.1125996714,False,False,False,False,41192.59070304383,False,False,False,False
2024-11-13 17:00:00+00:00,15.385,15.4,14.84,14.91,54219.0,,,,,,,16.026632794213512,17.166716113064382,,,,17.166716113064382,16.596674453638947,,"rgba(239, 83, 80, 0.5)",2.977855767657933,18.06591027657334,-1.059792858623051,40.01839878035446,-4.823378463825115,False,False,False,True,False,0.0,0.0,0.0,0.0,0.0,0,0.8364569490904096,0.8537781239976173,False,False,False,False,-0.32956723894945716,-0.3065174317682984,False,False,False,False,-1586336.0,-1117281.7930244827,False,False,False,False,41394.55053710517,False,False,False,False
2024-11-14 17:00:00+00:00,14.705,14.74,14.105,14.125,68732.0,,,,,,,15.800267882751106,17.06491620827604,,,,17.06491620827604,16.432592045513573,,"rgba(239, 83, 80, 1.0)",3.04576489010009,17.95877805116304,-1.2587242251114972,35.92867985508569,-8.678829789433983,False,True,False,True,False,0.0,0.0,0.0,0.0,0.0,0,0.8322368421052634,0.8566794590643275,False,False,False,False,-0.34282825441539394,-0.3246728430918462,False,False,False,False,-1655068.0,-1125619.5636752658,False,False,False,False,41818.386962886485,False,False,False,False
2024-11-15 17:00:00+00:00,13.55,13.62,13.295,13.34,103210.0,,,,,,,15.404001242231354,16.87887102791111,,,,16.87887102791111,16.14143613507123,,"rgba(239, 83, 80, 1.0)",3.129947991969369,17.769147745280588,-1.4150866904640675,31.717776782341158,-12.534410905340934,False,True,False,True,False,0.0,0.0,0.0,0.0,0.0,0,0.8336228968544259,0.858723482077542,False,False,False,False,-0.34282825441539394,-0.3337505487536201,False,False,False,False,-1758278.0,-1135428.221602781,False,False,False,False,42770.194916950255,False,False,False,False
2024-11-18 17:00:00+00:00,13.2,13.37,12.955,13.195,85970.0,,,,,,,15.132509663405342,16.727816433848286,,,,16.727816433848286,15.930163048626813,,"rgba(239, 83, 80, 1.0)",3.2112046755803534,17.277030103347037,-1.2711834080178341,28.65990201094186,-15.289004639716971,False,True,False,True,False,0.0,0.0,0.0,0.0,0.0,0,0.8302284066462217,0.8621321005172335,False,False,False,False,-0.34282825441539394,-0.33828940158450704,False,False,False,False,-1844248.0,-1146417.67553142,False,False,False,False,43439.959336842505,True,False,False,False
2024-11-19 17:00:00+00:00,13.245,13.575,13.22,13.56,49431.0,,,,,,,15.02257734070752,16.652786071069343,,,,16.652786071069343,15.837681705888432,,"rgba(239, 83, 80, 1.0)",3.281765795839093,17.216655871297004,-1.1142342564278134,28.783347653812573,-15.289004639716971,False,True,False,True,False,0.0,0.0,0.0,0.0,0.0,0,0.8367478774455521,0.855251015134736,False,False,False,False,-0.32655614331604943,-0.33242277245027824,False,False,False,False,-1794817.0,-1156470.3782363592,False,False,False,False,43532.84368820929,False,False,False,False
2024-11-20 17:00:00+00:00,13.46,13.515,13.165,13.32,49970.0,,,,,,,14.91781720983916,16.577674005811,,,,16.577674005811,15.747745607825081,,"rgba(239, 83, 80, 1.0)",3.3526105358967757,17.149897473313306,-1.1423627744130032,28.301192570667723,-15.898501195236967,False,True,False,True,False,0.0,0.0,0.0,0.0,0.0,0,0.8390878877400297,0.8523356720827181,False,False,False,False,-0.3305219138700062,-0.3314723431601422,False,False,False,False,-1844787.0,-1167141.9537675786,False,False,False,False,43632.644561260306,False,False,False,False
2024-11-21 17:00:00+00:00,13.33,13.51,13.24,13.295,50318.0,,,,,,,14.825567099804772,16.505731333651223,,,,16.505731333651223,15.665649216727997,,"rgba(239, 83, 80, 1.0)",3.423616565474009,17.085882693797025,-1.1072743168808004,27.917890389869342,-16.613205605241994,False,True,False,True,False,0.0,0.0,0.0,0.0,0.0,0,0.8393958928078094,0.8501703655953586,False,False,False,False,-0.328106779014702,-0.3297895610874221,False,False,False,False,-1895105.0,-1178428.2025463758,False,False,False,False,43736.29348279115,False,False,False,False
2024-11-22 17:00:00+00:00,13.94,14.565,13.815,14.3,86894.0,,,,,,,14.770378977318522,16.421300478678877,,,,16.421300478678877,15.5958397279987,,"rgba(239, 83, 80, 0.75)",3.46729006262514,17.02765200385393,-0.7866812278718849,33.36675427107356,-16.613205605241994,False,True,False,True,True,0.0,0.0,0.0,0.0,0.0,0,0.8441398217957506,0.8434544208361892,False,False,False,False,-0.27283851628668554,-0.3013140386870538,False,False,False,False,-1808211.0,-1188192.2769255016,False,False,False,False,44405.40521174012,False,False,False,False
2024-11-25 17:00:00+00:00,15.25,15.355,14.83,15.24,46886.0,,,,,,,14.787965534787146,16.396222760538514,,,,16.396222760538514,15.59209414766283,,"rgba(239, 83, 80, 0.5)",3.495861978536001,17.018905120376004,-0.5088602271194286,40.681494572829386,-15.482579784011506,False,False,False,True,True,0.0,0.0,0.0,0.0,0.0,0,0.8551372048500322,0.8364481721214333,False,False,False,False,-0.2134663287666454,-0.25739018372684963,False,False,False,False,-1761325.0,-1197078.0555778195,False,False,False,False,44443.864045666625,False,False,False,False
2024-11-26 17:00:00+00:00,14.905,15.09,14.66,15.02,68549.0,,,,,,,14.796732792772536,16.35519651524781,,,,16.35519651524781,15.575964654010171,,"rgba(239, 83, 80, 0.5)",3.5149979021690654,16.99331787171596,-0.5613994450745611,44.64358438507692,-12.04206401117564,True,False,False,True,True,0.0,0.0,0.0,0.0,0.0,0,0.8506186317321689,0.8392012372634643,False,False,False,False,-0.2276250160392078,-0.24250759988302872,False,False,False,False,-1829874.0,-1206888.8454138222,False,False,False,False,44817.5870837183,False,False,False,False
2024-11-27 17:00:00+00:00,15.51,15.66,15.435,15.49,26607.0,,,,,,,14.814673294538137,16.346352491730638,,,,16.346352491730638,15.580512893134387,,#000000,3.53687063544775,16.99086451763625,-0.4243481518928239,48.96889324316615,-8.2156674882687,True,False,False,False,True,0.0,0.0,0.0,0.0,0.0,0,0.8548679793122222,0.8370383812721168,False,False,False,False,-0.1841106997403244,-0.21330914981167656,False,False,False,False,-1803267.0,-1216135.0183531428,False,False,False,False,44535.2524002498,False,False,False,False
2024-11-28 17:00:00+00:00,15.49,15.49,15.49,15.49,0.0,,,,,,,14.814673294538137,16.346352491730638,,,,16.346352491730638,15.580512893134387,,"rgba(38, 166, 154, 1.0)",3.532016066709802,16.99086451763625,-0.42493139591926,51.8524324818923,-5.652403638674436,True,False,True,False,True,0.0,0.0,0.0,0.0,0.0,0,0.8564207650273227,0.8376138433515483,False,False,False,False,-0.18780219781041535,-0.20055567381104594,False,False,False,False,-1803267.0,-1225237.8397740242,False,False,False,False,43844.783370788566,False,False,False,False
2024-11-29 17:00:00+00:00,15.635,15.885,15.565,15.88,15279.0,,,,,,,14.82803182425045,16.34287479779912,,,,16.34287479779912,15.585453311024786,,"rgba(38, 166, 154, 1.0)",3.5318094410554792,16.991040481488763,-0.3145810950538512,55.195935401345885,-2.548033815387946,True,False,True,False,True,0.0,0.0,0.0,0.0,0.0,0,0.8607154307699356,0.8324096551092384,False,False,False,False,-0.17274598232558175,-0.18665082806831385,False,False,False,False,-1787988.0,-1233962.6484596983,False,False,False,False,43401.903008450754,False,False,False,False
2024-12-02 17:00:00+00:00,16.26,16.525,16.205,16.47,41980.0,,,,,,,14.885803673902824,16.343817137119327,,,,16.343817137119327,15.614810405511076,,"rgba(38, 166, 154, 1.0)",3.5152817195166963,17.002866237224083,-0.1515856422731735,59.282296536997535,1.2864047938209495,True,False,True,False,True,0.0,0.0,0.0,0.0,0.0,0,0.8603500412352242,0.8322184550536058,False,False,False,False,-0.13211196628966007,-0.15938139717898697,False,False,False,False,-1746008.0,-1241901.336080478,False,False,False,False,43379.8580005678,False,False,False,False
2024-12-03 17:00:00+00:00,15.94,16.0,15.635,15.82,40169.0,,,,,,,14.917482846234039,16.335651577697117,,,,16.335651577697117,15.626567211965579,,"rgba(38, 166, 154, 1.0)",3.5012139181863193,17.001080588992444,-0.33733459782550534,58.55757572415523,1.2864047938209495,True,False,True,False,True,0.0,0.0,0.0,0.0,0.0,0,0.8527744766432034,0.8378736630404973,False,False,False,False,-0.16684116948753272,-0.16311128333325986,False,False,False,False,-1786177.0,-1250339.7184668272,False,False,False,False,43330.07725637295,False,False,False,False
2024-12-04 17:00:00+00:00,16.265,16.345,15.86,15.995,35152.0,,,,,,,14.950659840910298,16.332042903622852,,,,16.332042903622852,15.641351372266575,,"rgba(38, 166, 154, 1.0)",3.4757846375814982,17.002573519505237,-0.28988375994616344,58.70918026177617,1.2864047938209495,True,False,True,False,True,0.0,0.0,0.0,0.0,0.0,0,0.8610435500894867,0.8317654077371391,False,False,False,False,-0.1487183760878964,-0.15591482971057813,False,False,False,False,-1751025.0,-1258102.2809712174,False,False,False,False,43203.28536092531,False,False,False,False
2024-12-05 17:00:00+00:00,15.4,15.56,15.11,15.26,28433.0,,,,,,,14.958859598012992,16.321071198531456,,,,16.321071198531456,15.639965398272224,,"rgba(38, 166, 154, 0.75)",3.4671686945918085,16.993637043085,-0.5000151985074094,55.39934462584969,1.2864047938209495,True,False,True,False,False,0.0,0.0,0.0,0.0,0.0,0,0.8568348623853214,0.8378440366972477,False,False,False,False,-0.19777874191231815,-0.17684678581144814,False,False,False,False,-1779458.0,-1266185.3153747644,False,False,False,False,42974.2886886629,False,False,False,False
2024-12-06 17:00:00+00:00,15.88,15.92,15.66,15.855,20114.0,,,,,,,14.97240734773352,16.317231846679174,,,,16.317231846679174,15.644819597206347,,"rgba(38, 166, 154, 0.75)",3.4284908270771357,16.99164240331361,-0.3315284947933261,55.52127226817758,1.2864047938209495,True,False,True,False,False,0.0,0.0,0.0,0.0,0.0,0,0.8621971365638769,0.8317272393538915,False,False,False,False,-0.16859543250298645,-0.17272110915721728,False,False,False,False,-1759344.0,-1273831.1864542253,False,False,False,False,42619.86560821851,False,False,False,False
2024-12-09 17:00:00+00:00,16.08,16.5,16.035,16.115,50464.0,,,,,,,15.020098418533527,16.31536550828079,,,,16.31536550828079,15.66773196340716,,"rgba(38, 166, 154, 0.75)",3.3970054353693118,16.994523178846777,-0.25891132515987836,56.52900808836618,1.2864047938209495,True,False,True,False,False,0.0,0.0,0.0,0.0,0.0,0,0.8653263563756545,0.8296153493068944,False,False,False,False,-0.13827112861287993,-0.1554961188850486,False,False,False,False,-1708880.0,-1280576.129299896,False,False,False,False,42741.4800949128,False,False,False,False
2024-12-10 17:00:00+00:00,16.36,16.74,15.76,16.13,52167.0,,,,,,16.209999999999997,15.06544826189704,16.31338214402857,,,16.209999999999997,16.31338214402857,15.862943468641868,,"rgba(38, 166, 154, 0.75)",3.366825705814611,16.93979983546761,-0.2405232424324973,57.25695522854976,1.2864047938209495,True,False,True,False,False,0.0,-1.0,16.74,15.76,0.0,0,0.8654600858765412,0.8203056466134172,False,False,False,False,-0.13937771026675258,-0.14743691457590058,False,False,False,False,-1656713.0,-1286407.7086905953,False,False,False,False,42887.61218646454,False,False,False,False
2024-12-11 17:00:00+00:00,16.255,16.4,16.05,16.055,23624.0,,,,,,16.19701253007173,15.084160292761544,16.31215614714063,,,16.19701253007173,16.31215614714063,15.864442989991304,,"rgba(38, 166, 154, 0.75)",3.339693764620069,16.93873817251133,-0.26461652917804723,57.30512787898448,1.8044119692487257,True,False,True,False,False,0.0,0.0,0.0,0.0,0.0,0,0.8677831236121395,0.8254996299037751,False,False,False,False,-0.1409591304123895,-0.14419802249414504,False,False,False,False,-1680337.0,-1292515.1395636094,False,False,False,False,42588.95153241082,False,False,False,False
2024-12-12 17:00:00+00:00,14.5,14.96,14.41,14.935,51476.0,,,,,,15.619151102275794,15.072900632235177,16.284237251882725,,,15.619151102275794,16.284237251882725,15.658762995464565,,#000000,3.3117310503043997,16.870652988767254,-0.5844837516589209,52.11654827941576,1.8044119692487257,True,False,False,False,False,0.0,0.0,0.0,0.0,0.0,0,0.8682955899880812,0.8296965251673238,False,False,False,False,-0.24006718906763455,-0.1921326057808898,False,False,False,False,-1731813.0,-1299325.9591052588,False,False,False,False,42726.73522958275,False,False,False,False
2024-12-13 17:00:00+00:00,14.39,14.48,14.06,14.205,125326.0,,,,,,14.939009104237517,15.007045513058266,16.198379018650673,,,14.939009104237517,16.198379018650673,15.381477878648818,,"rgba(239, 83, 80, 0.5)",3.278149545313969,16.7381407501498,-0.7727349576747832,46.33795551087851,2.1252811415211,True,False,False,True,False,0.0,0.0,0.0,0.0,0.0,0,0.8634431698734064,0.8304465061011836,False,False,False,False,-0.2675049811742728,-0.2298187934775813,False,False,False,False,-1857139.0,-1307974.2233051774,False,False,False,False,44007.343985713254,False,False,False,False
2024-12-16 17:00:00+00:00,14.65,15.055,14.555,15.0,30682.0,,,,,,14.931534610066779,15.004417296922272,16.184804379363023,,,14.931534610066779,16.184804379363023,15.373585428784025,,"rgba(239, 83, 80, 0.5)",3.2292540864657435,16.724421955216894,-0.53400008455333,46.1728693928666,1.9571291992880404,True,False,False,True,False,0.0,0.0,0.0,0.0,0.0,0,0.8625912657022359,0.8235907668586461,False,False,False,False,-0.2322007241986659,-0.23100975883812358,False,False,False,False,-1826457.0,-1316012.7159671127,False,False,False,False,43800.7495053146,False,False,False,False
2024-12-17 17:00:00+00:00,14.575,14.825,14.55,14.725,29698.0,,,,,,14.909564296813675,14.998869489524285,16.170261698567483,,,14.909564296813675,16.170261698567483,15.359565161635146,,"rgba(239, 83, 80, 0.5)",3.18622156556408,16.708631840321484,-0.6225655684965862,45.116655202958114,0.7732039086120039,False,False,False,True,False,0.0,0.0,0.0,0.0,0.0,0,0.8633599564349248,0.8262388818297332,False,False,False,False,-0.23990300987894536,-0.23545638435853447,False,False,False,False,-1856155.0,-1324387.0149443669,False,False,False,False,43582.10222616243,False,False,False,False
2024-12-18 17:00:00+00:00,14.405,14.47,13.175,13.42,68997.0,,,,,,14.688967724341353,14.945634829195063,16.115041770445178,,,14.688967724341353,16.115041770445178,15.249881441327199,,"rgba(239, 83, 80, 1.0)",3.161254152993805,16.44202988605621,-0.9559591667738122,40.85127115656451,-3.373638785859626,False,True,False,True,False,0.0,0.0,0.0,0.0,0.0,0,0.850927214763594,0.8283866912127879,False,False,False,False,-0.2975404202614317,-0.26649840230998306,False,False,False,False,-1925152.0,-1333701.200759183,False,False,False,False,43976.13164901263,False,False,False,False
2024-12-19 17:00:00+00:00,13.365,13.665,13.21,13.6,52564.0,,,,,,14.544134563309969,14.901991016513634,16.071317188378597,,,14.544134563309969,16.071317188378597,15.172480922734067,,"rgba(239, 83, 80, 1.0)",3.1234320059025245,16.386804780225575,-0.8922252109087676,38.84508461133328,-5.334343813640707,False,True,False,True,False,0.0,0.0,0.0,0.0,0.0,0,0.8509149623250808,0.8371008252601362,False,False,False,False,-0.32380319310703676,-0.29515079770850994,False,False,False,False,-1872588.0,-1342056.0348559397,False,False,False,False,44109.27689476436,False,False,False,False
2024-12-20 17:00:00+00:00,14.065,14.445,13.95,14.06,36510.0,,,,,,14.513714893583897,14.886666787868686,16.049348101338573,,,14.513714893583897,16.049348101338573,15.14990992759705,,"rgba(239, 83, 80, 1.0)",3.1069959246314522,16.373128923884426,-0.7444904917790667,39.60225993831418,-5.334343813640707,False,True,False,True,False,0.0,0.0,0.0,0.0,0.0,0,0.857653311894234,0.8321497163785789,False,False,False,False,-0.2723378577319834,-0.28374432772024666,False,False,False,False,-1836078.0,-1349715.290129491,False,False,False,False,43991.45864833391,False,False,False,False
2024-12-23 17:00:00+00:00,14.04,14.04,14.04,14.04,0.0,,,,,,14.513714893583897,14.886666787868686,16.049348101338573,,,14.513714893583897,16.049348101338573,15.14990992759705,,"rgba(239, 83, 80, 1.0)",3.0817961476217537,16.373128923884426,-0.7570678955144132,40.04270413010278,-5.334343813640707,False,True,False,True,False,0.0,0.0,0.0,0.0,0.0,0,0.8593673094993067,0.8346234730860442,False,False,False,False,-0.2828801341568738,-0.28331223093856023,False,False,False,False,-1836078.0,-1357255.7972592663,False,False,False,False,43309.42052975509,False,False,False,False
2024-12-24 17:00:00+00:00,14.66,14.73,14.59,14.68,14404.0,,,,,,14.518253211466522,14.884908303658849,16.043133306330773,,,14.518253211466522,16.043133306330773,15.14876494048538,,"rgba(239, 83, 80, 0.5)",3.048422265091747,16.372918241756896,-0.5553424343939913,43.18316666601321,-5.334343813640707,False,False,False,True,True,0.0,0.0,0.0,0.0,0.0,0,0.8585903673615143,0.8372539392045709,False,False,False,False,-0.2417096811538544,-0.26251095604620733,False,False,False,False,-1821674.0,-1364456.0794723008,False,False,False,False,42861.2744750302,False,False,False,False
2024-12-25 17:00:00+00:00,14.68,14.68,14.68,14.68,0.0,,,,,,14.518253211466522,14.884908303658849,16.043133306330773,,,14.518253211466522,16.043133306330773,15.14876494048538,,"rgba(239, 83, 80, 0.5)",3.0024359479633236,16.372918241756896,-0.5638482455904754,45.276808356620165,-10.025669155362749,False,False,False,True,True,0.0,0.0,0.0,0.0,0.0,0,0.8614949748743721,0.8361450107681264,False,False,False,False,-0.24039558555500518,-0.25145327080060625,False,False,False,False,-1821674.0,-1371544.7294029628,False,False,False,False,42196.7585916964,False,False,False,False
2024-12-26 17:00:00+00:00,14.97,14.985,14.66,14.665,26103.0,,,,,,14.531099137720384,14.883267605900883,16.03284692316336,,,14.531099137720384,16.03284692316336,15.14907122226154,,"rgba(239, 83, 80, 0.5)",2.941229653371984,16.372670473228787,-0.5805974624494291,46.60216571787586,-8.587777295046934,False,False,False,True,True,0.0,0.0,0.0,0.0,0.0,0,0.8647380060477504,0.8287222999503543,False,False,False,False,-0.2310559084379591,-0.24125458961928267,False,False,False,False,-1847777.0,-1378928.1754587307,False,False,False,False,41947.24295461584,False,False,False,False
2024-12-27 17:00:00+00:00,14.32,14.695,14.28,14.61,30132.0,,,,,,14.530945285342165,14.877512373396016,16.018944493017052,,,14.530945285342165,16.018944493017052,15.14246738391841,,"rgba(239, 83, 80, 0.5)",2.880731341701943,16.365014039910434,-0.6092251694923999,47.201567123624145,-7.7686962299580955,True,False,False,True,True,0.0,0.0,0.0,0.0,0.0,0,0.8602077687443543,0.8336946702800363,False,False,False,False,-0.25307833210677144,-0.24716646086302707,False,False,False,False,-1877909.0,-1386664.312273324,False,False,False,False,41764.06089330396,False,False,False,False
2024-12-30 17:00:00+00:00,14.23,14.61,14.225,14.35,35477.0,,,,,,14.5225889701296,14.868473188771222,16.00146675288335,,,14.5225889701296,16.00146675288335,15.130842970594722,,"rgba(239, 83, 80, 0.5)",2.8385498169071974,16.35170734170713,-0.7051866166957509,46.24124118218299,-7.7686962299580955,False,False,False,True,True,0.0,0.0,0.0,0.0,0.0,0,0.8593059936908519,0.8334835511491664,False,False,False,False,-0.25770987441427257,-0.2524381676386498,False,False,False,False,-1913386.0,-1394830.5399900165,False,False,False,False,41666.587081004676,False,False,False,False
2024-12-31 17:00:00+00:00,14.35,14.455,14.26,14.365,13529.0,,,,,,14.518865071128802,14.864866438175412,15.994757314097969,,,14.518865071128802,15.994757314097969,15.12616294113406,,"rgba(239, 83, 80, 0.5)",2.794748869441415,16.346204718125733,-0.708902592210983,45.70201018205164,-7.7686962299580955,False,False,False,True,True,0.0,0.0,0.0,0.0,0.0,0,0.8598677403391967,0.8351702730667147,False,False,False,False,-0.26168838920573295,-0.25706327842219134,False,False,False,False,-1899857.0,-1402660.4075870705,False,False,False,False,41230.34542083406,False,False,False,False
2025-01-01 17:00:00+00:00,14.365,14.365,14.365,14.365,0.0,,,,,,14.518865071128802,14.864866438175412,15.994757314097969,,,14.518865071128802,15.994757314097969,15.12616294113406,,"rgba(239, 83, 80, 0.5)",2.7302815384645065,16.346204718125733,-0.7256411803011167,45.342522848630736,-7.7686962299580955,False,False,False,True,True,0.0,0.0,0.0,0.0,0.0,0,0.8619959450326653,0.8358639333183151,False,False,False,False,-0.2611906340671394,-0.25912695624466536,False,False,False,False,-1899857.0,-1410368.881888046,False,False,False,False,40591.115259270744,False,False,False,False
2025-01-02 17:00:00+00:00,14.755,14.815,14.11,14.195,32833.0,,,,,,14.511201759253616,14.85654816497408,15.97883124051917,,,14.511201759253616,15.97883124051917,15.115527054915622,,"rgba(239, 83, 80, 0.5)",2.615397795868053,16.332985734262692,-0.8174610140149225,44.02600960188064,-7.7686962299580955,False,False,False,True,False,0.0,0.0,0.0,0.0,0.0,0,0.8628586824733938,0.8321882437469128,False,False,False,False,-0.254731224485312,-0.2569290903649887,False,False,False,False,-1932690.0,-1418466.883719239,False,False,False,False,40470.83440253786,False,False,False,False
2025-01-03 17:00:00+00:00,14.955,15.93,14.78,15.605,69165.0,,,,,,14.603776118699113,14.87657470724348,15.96787434448274,,,14.603776118699113,15.96787434448274,15.149408390141778,,"rgba(38, 166, 154, 1.0)",2.509139784758973,16.34394903904648,-0.2945029382320607,51.024526167881966,-3.231471706161841,True,False,True,False,True,0.0,0.0,0.0,0.0,0.0,0,0.8686514107976008,0.8179515663185959,False,False,False,False,-0.19648930044620128,-0.22670919540559498,False,False,False,False,-1863525.0,-1425367.0095530492,False,False,False,False,40915.70518699464,False,False,False,False
2025-01-06 17:00:00+00:00,16.295,16.36,15.895,15.925,78726.0,,,,,,14.752390001637687,14.921194217035804,15.96995212092061,,,14.752390001637687,15.96995212092061,15.214512113198033,,"rgba(38, 166, 154, 1.0)",2.4103610753400337,16.35330252721852,-0.17769226843247896,56.77838158925511,1.8675841815072047,True,False,True,False,True,0.0,0.0,0.0,0.0,0.0,0,0.8793531776503006,0.8083020913320387,False,False,False,False,-0.1471334420082144,-0.1869213187069047,False,False,False,False,-1784799.0,-1430939.5985522268,False,False,False,False,41501.9113081265,False,False,False,False
2025-01-07 17:00:00+00:00,15.89,16.07,15.49,15.505,49280.0,,,,,,14.808590416879392,14.938882258502714,15.966031598820194,,,14.808590416879392,15.966031598820194,15.237834758067434,,"rgba(38, 166, 154, 1.0)",2.275095929073617,16.349381369960806,-0.37114099637311737,57.85742508234948,2.616083520031431,True,False,True,False,True,0.0,0.0,0.0,0.0,0.0,0,0.874282590871823,0.8155233670401749,False,False,False,False,-0.16923360072721694,-0.17807745971706082,False,False,False,False,-1834079.0,-1437189.8218304866,False,False,False,False,41622.50183048113,False,False,False,False
2025-01-08 17:00:00+00:00,15.605,16.02,15.24,15.82,35640.0,,,,,,14.845412818377897,14.951256581335192,15.963313401495007,,,14.845412818377897,15.963313401495007,15.253327600402699,,"rgba(38, 166, 154, 1.0)",2.1923058883533955,16.349055739240512,-0.24132386910563697,59.812537023262294,4.373789670420798,True,False,True,False,True,0.0,0.0,0.0,0.0,0.0,0,0.8701540698995591,0.8203426805435622,False,False,False,False,-0.17882282990988824,-0.17845014481347454,False,False,False,False,-1798439.0,-1442790.584282727,False,False,False,False,41529.74986411708,False,False,False,False
2025-01-09 17:00:00+00:00,15.82,15.82,15.82,15.82,0.0,,,,,,14.845412818377897,14.951256581335192,15.963313401495007,,,14.845412818377897,15.963313401495007,15.253327600402699,,"rgba(38, 166, 154, 1.0)",2.064566797917648,16.349055739240512,-0.2562550844923619,61.11594498387084,5.638067023147144,True,False,True,False,True,0.0,0.0,0.0,0.0,0.0,0,0.8751025617649743,0.821451362931899,False,False,False,False,-0.16668174163051355,-0.17256594322199403,False,False,False,False,-1798439.0,-1448304.513208576,False,False,False,False,40885.87777320054,False,False,False,False
2025-01-10 17:00:00+00:00,15.505,15.66,15.38,15.57,35786.0,,,,,,14.873141417606096,14.960741462793298,15.959085572482348,,,14.873141417606096,15.959085572482348,15.264322817627246,,"rgba(38, 166, 154, 1.0)",1.9060657608502283,16.34512642374663,-0.4066630017008828,60.17522865054283,5.638067023147144,True,False,True,False,True,0.0,0.0,0.0,0.0,0.0,0,0.8684663718873633,0.829695136141494,False,False,False,False,-0.18587557379105696,-0.1792207585065255,False,False,False,False,-1834225.0,-1454287.7765696833,False,False,False,False,40806.80990074782,False,False,False,False
2025-01-13 17:00:00+00:00,15.52,15.87,15.37,15.72,104910.0,,,,,,14.95523525226782,14.992146522166713,15.95045408388195,,,14.95523525226782,15.95045408388195,15.299278619438828,,"rgba(38, 166, 154, 1.0)",1.7334749820849433,16.343420424164556,-0.35963623969625114,60.30408492754944,5.638067023147144,True,False,True,False,True,0.0,0.0,0.0,0.0,0.0,0,0.8618086940315892,0.828635325909705,False,False,False,False,-0.17946325137421903,-0.17934200494037228,False,False,False,False,-1729315.0,-1458551.764529843,False,False,False,False,41800.65780926336,False,False,False,False
2025-01-14 17:00:00+00:00,15.225,15.755,15.065,15.42,58130.0,,,,,,14.980472435907762,15.002469467170146,15.942181700401006,,,14.980472435907762,15.942181700401006,15.308374534492971,,"rgba(38, 166, 154, 0.75)",1.6053032886808447,16.334569863950154,-0.5697178037314684,58.18923222494067,5.638067023147144,True,False,True,False,False,0.0,0.0,0.0,0.0,0.0,0,0.8696648524778001,0.8226391673827937,False,False,False,False,-0.1929466467797076,-0.18614432586003993,False,False,False,False,-1787445.0,-1463650.884459613,False,False,False,False,42053.82590524377,False,False,False,False
2025-01-15 17:00:00+00:00,15.625,15.625,14.965,14.97,74869.0,,,,,,14.994133651260556,15.008106054320365,15.927486582109154,,,14.994133651260556,15.927486582109154,15.309908762563358,,"rgba(38, 166, 154, 0.75)",1.5185552700211473,16.31581851861332,-0.8862492825793408,53.984561699050836,9.050823427553802,True,False,True,False,False,0.0,0.0,0.0,0.0,0.0,0,0.8712795847421306,0.8146578408495643,False,False,False,False,-0.2003595783175375,-0.1932519520887887,False,False,False,False,-1862314.0,-1469831.707956363,False,False,False,False,42562.58829430976,False,False,False,False
2025-01-16 17:00:00+00:00,14.785,15.195,14.7,15.095,73287.0,,,,,,14.99428792266918,15.007773361852758,15.910095382172422,,,14.99428792266918,15.910095382172422,15.304052222231453,,#000000,1.4438282758316465,16.292878739754528,-0.8296545785990704,52.021550999846895,7.156970914110325,True,False,False,False,False,0.0,0.0,0.0,0.0,0.0,0,0.8639661717361012,0.8264859929844792,False,False,False,False,-0.22289574515928512,-0.2080738486240369,False,False,False,False,-1789027.0,-1474780.4721740938,False,False,False,False,43038.93576261503,False,False,False,False
2025-01-17 17:00:00+00:00,15.205,15.205,14.89,15.085,35500.0,,,,,,14.996170995400172,15.008498896463204,15.902470728700347,,,14.996170995400172,15.902470728700347,15.302380206854574,,#000000,1.344025260514772,16.283455987900556,-0.8916915649647369,50.646338117515036,5.758123762327813,True,False,False,False,False,0.0,0.0,0.0,0.0,0.0,0,0.8554035700426854,0.8308110205665503,False,False,False,False,-0.2163886249294265,-0.21223123677673172,False,False,False,False,-1824527.0,-1480202.8989620924,False,False,False,False,42922.053037613245,False,False,False,False
2025-01-20 17:00:00+00:00,15.085,15.085,15.085,15.085,0.0,,,,,,14.996170995400172,15.008498896463204,15.902470728700347,,,14.996170995400172,15.902470728700347,15.302380206854574,,#000000,1.241847044157204,16.283455987900556,-0.9650592587381832,49.7295295292938,4.713398674687767,False,False,False,False,False,0.0,0.0,0.0,0.0,0.0,0,0.8568157458832701,0.8295332748708953,False,False,False,False,-0.21395312749584652,-0.2130921821362891,False,False,False,False,-1824527.0,-1485541.257117719,False,False,False,False,42256.59485098358,False,False,False,False
2025-01-21 17:00:00+00:00,16.04,16.21,15.92,16.14,37602.0,,,,,,15.028394131123815,15.024181989200246,15.904235537581362,,,15.028394131123815,15.904235537581362,15.318937219301809,,"rgba(38, 166, 154, 1.0)",1.1161100320329136,16.290110560426243,-0.13449441015490787,55.31130954233795,0.05048372108336707,True,False,True,False,True,0.0,0.0,0.0,0.0,0.0,0,0.8539507931051418,0.8381869076265777,False,False,False,False,-0.15109717121368146,-0.1820946766749853,False,False,False,False,-1786925.0,-1490213.8732864363,False,False,False,False,42184.43058972802,False,False,False,False
2025-01-22 17:00:00+00:00,16.56,16.72,16.18,16.205,52547.0,,,,,16.368333333333332,15.081375088665556,15.05087988318077,15.910259757749435,,,15.081375088665556,15.910259757749435,15.602712015732275,,"rgba(38, 166, 154, 1.0)",0.918340046737783,16.16472520100957,0.04385608482772346,59.302027408316675,3.6753105607635987,True,False,True,False,True,0.0,0.0,0.0,0.0,0.0,0,0.8576617257288702,0.8263963875527635,False,False,False,False,-0.12675057514589147,-0.15442262591043837,False,False,False,False,-1734378.0,-1493999.3636230805,False,True,False,False,42345.09058058495,False,False,False,False
2025-01-23 17:00:00+00:00,14.725,15.22,14.58,14.895,87232.0,,,,,15.450949176914987,15.070100449843572,15.046010541931155,15.888914120065984,,,15.070100449843572,15.888914120065984,15.363993572188924,,"rgba(38, 166, 154, 0.75)",0.9180398085546198,16.08167091726129,-1.2926137910398576,54.033688436519846,3.6753105607635987,True,False,True,False,False,0.0,0.0,0.0,0.0,0.0,0,0.8491801688173087,0.8361307849034638,False,False,False,False,-0.22599311219992782,-0.1902078690551831,False,False,False,False,-1821610.0,-1499078.5982955908,False,False,False,False,43041.01165685494,False,False,False,False
2025-01-24 17:00:00+00:00,14.915,15.08,14.655,14.79,53319.0,,,,,15.282711628292372,15.061812095600702,15.042099938265403,15.875583450971245,,,15.061812095600702,15.875583450971245,15.31555177828243,,#000000,0.9118398537681017,16.055385659626683,-1.3877279594630396,50.073541227794834,6.728700890492036,False,False,False,False,False,0.0,0.0,0.0,0.0,0.0,0,0.8505317340843978,0.83756616325936,False,False,False,False,-0.22811481931959404,-0.20916134418738858,False,False,False,False,-1874929.0,-1504905.736306512,False,False,False,False,43200.360313337806,False,False,False,False
2025-01-27 17:00:00+00:00,14.455,14.86,14.44,14.835,39742.0,,,,,15.185243543491955,15.052592009401536,15.03745283268138,15.864644109742846,,,15.052592009401536,15.864644109742846,15.28498312382943,,"rgba(239, 83, 80, 1.0)",0.9045892751728114,16.036211100527375,-1.3279077405576096,47.716436201516856,4.656304674756704,False,True,False,True,False,0.0,0.0,0.0,0.0,0.0,0,0.8434931506849316,0.8493639921722115,False,False,False,False,-0.24236703590251157,-0.22576419004495007,False,False,False,False,-1835187.0,-1510026.376053698,False,False,False,False,43146.74232398373,False,False,False,False
2025-01-28 17:00:00+00:00,14.61,14.89,14.48,14.805,49220.0,,,,,15.104930180339883,15.042245960853663,15.032103792749796,15.851531042378367,,,15.042245960853663,15.851531042378367,15.257702744080428,,"rgba(239, 83, 80, 1.0)",0.9020331139928597,16.01582962360748,-1.342333895313144,45.98897170009609,3.006205523295719,False,True,False,True,False,0.0,0.0,0.0,0.0,0.0,0,0.8470478160240312,0.8389717831289705,False,False,False,False,-0.24006718906763455,-0.23291568955629233,False,False,False,False,-1884407.0,-1515830.7268125552,False,False,False,False,43240.90135772042,False,False,False,False
2025-01-29 17:00:00+00:00,14.89,15.005,14.54,14.85,44573.0,,,,,15.063091354313048,15.035463940613207,15.028534929069815,15.84066995531943,,,15.035463940613207,15.84066995531943,15.241940044828876,,"rgba(239, 83, 80, 1.0)",0.9004563007444987,16.0009068058637,-1.2781373231684077,45.18291110054794,2.0495754547486555,False,True,False,True,False,0.0,0.0,0.0,0.0,0.0,0,0.8528352168977941,0.8347727384888713,False,False,False,False,-0.23432840044264203,-0.23362204499946718,False,False,False,False,-1839834.0,-1520854.0333736008,False,False,False,False,43261.55404984878,False,False,False,False
2025-01-30 17:00:00+00:00,15.175,15.335,14.99,15.09,41737.0,,,,,15.071616409226232,15.038074284593284,15.030082395936326,15.833952813945773,,,15.038074284593284,15.833952813945773,15.243431475925403,,"rgba(239, 83, 80, 1.0)",0.8998588477905094,15.994865690496082,-1.0055640312009677,46.48275186151996,2.0495754547486555,False,True,False,True,False,0.0,0.0,0.0,0.0,0.0,0,0.8612630532073596,0.8265042267528593,False,False,False,False,-0.2089276440130713,-0.22127484450626922,False,False,False,False,-1798097.0,-1525152.373941452,False,False,False,False,43237.917552951905,False,False,False,False
2025-01-31 17:00:00+00:00,15.385,15.49,14.885,15.01,41635.0,,,,,15.077375873464957,15.040302632832512,15.031444580751355,15.82728438882141,,,15.040302632832512,15.82728438882141,15.244101868967558,,"rgba(239, 83, 80, 1.0)",0.8994870910846607,15.988660016018033,-1.0880200791296517,46.77122899412779,2.0495754547486555,False,True,False,True,False,0.0,0.0,0.0,0.0,0.0,0,0.8563301561954191,0.8304805629023404,False,False,False,False,-0.20730874846768,-0.2142917964869746,False,False,False,False,-1839732.0,-1530029.5774462358,False,False,False,False,43213.06611802242,False,False,False,False
2025-02-03 17:00:00+00:00,14.27,14.76,14.265,14.475,48134.0,,,,,15.016714348702031,15.025309212655383,15.023060705416723,15.81293970815254,,,15.025309212655383,15.81293970815254,15.21950599373167,,"rgba(239, 83, 80, 1.0)",0.9028810243576186,15.968088674643695,-1.6536937141922965,43.64911539620873,-0.30279580122012106,False,True,False,True,False,0.0,0.0,0.0,0.0,0.0,0,0.8582275951643521,0.8309521430712359,False,False,False,False,-0.2514267926821533,-0.23285929458456395,False,False,False,False,-1887866.0,-1535577.4289586972,False,False,False,False,43289.35966658021,False,False,False,False
2025-02-04 17:00:00+00:00,14.125,14.52,14.01,14.42,55453.0,,,,,14.94112955744378,15.003356052027302,15.010451585445331,15.7945389006981,,,15.003356052027302,15.7945389006981,15.187369023903628,,"rgba(239, 83, 80, 1.0)",0.9069672858811264,15.941694524454261,-1.6777832543054982,41.27205928961742,-2.8038020460897783,False,True,False,True,False,0.0,0.0,0.0,0.0,0.0,0,0.8531962089130875,0.8451300665456747,False,False,False,False,-0.2678378890110596,-0.25034859179781177,False,False,False,False,-1943319.0,-1541899.0037035237,False,False,False,False,43477.94323764098,False,False,False,False
2025-02-05 17:00:00+00:00,14.7,15.165,14.635,14.69,88181.0,,,,,14.924845152020225,14.99521698727676,15.005470858589256,15.776038346294358,,,14.99521698727676,15.776038346294358,15.175392836045148,,"rgba(239, 83, 80, 1.0)",0.9085499782972771,15.921031856364205,-1.3549412643994505,42.137572785702325,-2.8038020460897783,False,True,False,True,False,0.0,0.0,0.0,0.0,0.0,0,0.8471506555787971,0.8481710116830774,False,False,False,False,-0.2259931121999279,-0.23817085199886984,False,False,False,False,-1855138.0,-1546755.4222507558,False,False,False,False,44171.01388511941,False,False,False,False
2025-02-06 17:00:00+00:00,14.63,15.005,14.55,14.655,65544.0,,,,,14.906362226148392,14.986498498937271,15.000066972074578,15.761428492947203,,,14.986498498937271,15.761428492947203,15.16358904752686,,"rgba(239, 83, 80, 1.0)",0.9094470550542602,15.904157473942309,-1.3735351244474385,42.471757614114146,-2.8038020460897783,False,True,False,True,False,0.0,0.0,0.0,0.0,0.0,0,0.853554769593521,0.8389973858219285,False,False,False,False,-0.23400093044245812,-0.23608589122066398,False,False,False,False,-1920682.0,-1552552.7335336898,False,False,False,False,44502.37801093151,False,False,False,False
2025-02-07 17:00:00+00:00,13.915,14.3,13.91,14.265,41080.0,,,,,14.862983969440865,14.969357837392659,14.989593167362274,15.747428673823704,,,14.969357837392659,15.747428673823704,15.142340912004876,,"rgba(239, 83, 80, 1.0)",0.9139387435862149,15.885319587069114,-1.772897361491781,40.21688434114789,-4.637235703889054,False,True,False,True,False,0.0,0.0,0.0,0.0,0.0,0,0.845419649341218,0.8519555970536364,False,False,False,False,-0.2785220516348253,-0.25730397142774464,False,False,False,False,-1961762.0,-1558897.0632463458,False,False,False,False,44449.31788673102,False,False,False,False
2025-02-10 17:00:00+00:00,12.005,12.35,11.995,12.05,125164.0,,,,,14.452860896403102,14.801025855877803,14.885200682915507,15.653714060722178,,,14.801025855877803,15.653714060722178,14.948200373979649,,"rgba(239, 83, 80, 1.0)",0.9757752750445735,15.746360709942445,-3.7881270457212546,32.47665609181197,-11.94183567936097,False,True,False,True,False,0.0,0.0,0.0,0.0,0.0,0,0.8491296937141677,0.8528485098910181,False,False,False,False,-0.34282825441539394,-0.30006611292156926,False,False,False,False,-2086926.0,-1567083.5583898134,False,False,False,False,45700.70830709178,False,False,False,False
2025-02-11 17:00:00+00:00,11.87,12.015,11.675,11.805,56045.0,,,,,14.287726184400734,14.724194845422542,14.83606097751468,15.609866060319364,,,14.724194845422542,15.609866060319364,14.864462016914331,,"rgba(239, 83, 80, 1.0)",1.0423892427180277,15.684068782628993,-3.7213246488560543,26.969701203956454,-16.842553312311054,False,True,False,True,False,0.0,0.0,0.0,0.0,0.0,0,0.8399256702946643,0.8631271568887708,False,False,False,False,-0.34282825441539394,-0.3214471836684816,False,False,False,False,-2142971.0,-1576012.045856638,False,False,False,False,45861.0849224857,False,False,False,False
2025-02-12 17:00:00+00:00,11.96,12.25,11.94,12.0,104737.0,,,,,14.05342450576243,14.60146472326446,14.755108195941403,15.535425736070097,,,14.60146472326446,15.535425736070097,14.736355790259598,,"rgba(239, 83, 80, 1.0)",1.0843137988679057,15.583300160986333,-3.30467081091058,24.754140550764227,-18.696075876393884,False,True,False,True,False,0.0,0.0,0.0,0.0,0.0,0,0.8500961949551092,0.8566160752458317,False,False,False,False,-0.3274205539554689,-0.3244338688119752,False,False,False,False,-2038234.0,-1583178.277703822,False,False,False,False,46773.889807408406,False,False,False,False
2025-02-13 17:00:00+00:00,11.24,12.05,11.155,11.935,189617.0,,,,,13.678647428967196,14.378881432262888,14.602401028122452,15.395503952103045,,,14.378881432262888,15.395503952103045,14.513858460363895,,"rgba(239, 83, 80, 1.0)",1.131674188302184,15.40176693650275,-3.0633966669362964,23.147616473968533,-20.17223451139367,False,True,False,True,False,0.0,0.0,0.0,0.0,0.0,0,0.8399187296155697,0.8648345185264396,False,False,False,False,-0.34282825441539394,-0.3336310616136846,False,False,False,False,-2227851.0,-1593173.2036308944,False,False,False,False,48988.511670859436,False,False,False,False
2025-02-14 17:00:00+00:00,12.74,12.76,12.15,12.3,111055.0,,,,,13.569281895061705,14.293561464973601,14.539588492427754,15.332695503625482,,,14.293561464973601,15.332695503625482,14.433781839022135,,"rgba(239, 83, 80, 1.0)",1.1580370079201503,15.327230460505492,-2.6141051104596706,24.951983956710215,-20.17223451139367,False,True,False,True,False,0.0,0.0,0.0,0.0,0.0,0,0.8504419124693855,0.8572569481418381,False,False,False,False,-0.2918983841639948,-0.3127647228888397,False,False,False,False,-2116796.0,-1601291.386520338,False,False,False,False,49950.78280774534,False,False,False,False
2025-02-17 17:00:00+00:00,12.3,12.3,12.3,12.3,0.0,,,,,13.569281895061705,14.293561464973601,14.539588492427754,15.332695503625482,,,14.293561464973601,15.332695503625482,14.433781839022135,,"rgba(239, 83, 80, 0.75)",1.1722175719707424,15.327230460505492,-2.5824817277018672,26.154895611871336,-20.17223451139367,False,True,False,True,True,0.0,0.0,0.0,0.0,0.0,0,0.8474857939315965,0.8674278975018763,False,False,False,False,-0.30104254483778803,-0.3069036338633139,False,False,False,False,-2116796.0,-1609283.70610917,False,False,False,False,49176.352066539985,False,False,False,False
2025-02-18 17:00:00+00:00,12.3,12.455,11.925,12.085,70424.0,,,,,13.496338769680177,14.236553795891979,14.497164868703601,15.29095249393682,,,14.236553795891979,15.29095249393682,14.380252482053145,,"rgba(239, 83, 80, 0.75)",1.1747591971004625,15.277861421733594,-2.717885869388556,26.24902430843456,-20.17223451139367,False,True,False,True,True,0.0,0.0,0.0,0.0,0.0,0,0.8503225806451614,0.8631720430107529,False,False,False,False,-0.3075616462728579,-0.3072326400680859,False,False,False,False,-2187220.0,-1618243.9587276324,False,False,False,False,49505.772964733165,False,False,False,False
2025-02-19 17:00:00+00:00,12.08,12.22,11.815,12.11,52422.0,,,,,13.442802251654664,14.193978050891554,14.465158787562071,15.259552159208972,,,14.193978050891554,15.259552159208972,14.340372812329315,,"rgba(239, 83, 80, 0.75)",1.1925670699030613,15.2409704325011,-2.6254040644905654,26.547964557086953,-20.17223451139367,False,True,False,True,True,0.0,0.0,0.0,0.0,0.0,0,0.8465131436019988,0.8707907886161201,False,False,False,False,-0.3178362963200569,-0.3125344681940714,False,False,False,False,-2134798.0,-1626252.5485148008,False,False,False,False,49550.985786985366,False,False,False,False
2025-02-20 17:00:00+00:00,12.05,12.08,11.49,11.55,63563.0,,,,,13.368310420694325,14.136650245004454,14.422125198534145,15.218319559741696,,,14.136650245004454,15.218319559741696,14.286351355993654,,"rgba(239, 83, 80, 0.75)",1.2323496491088148,15.192160010101366,-2.9554599319561845,24.979889283421606,-20.17223451139367,False,True,False,True,True,0.0,0.0,0.0,0.0,0.0,0,0.8491355876916385,0.8700119604218767,False,False,False,False,-0.33178865841203226,-0.3221615633030518,False,False,False,False,-2198361.0,-1635122.4469874396,False,False,False,False,49768.2263174197,False,False,False,False
2025-02-21 17:00:00+00:00,11.17,11.21,10.82,10.885,88077.0,,,,,13.233815959127561,14.038698631982133,14.349115142827236,15.151109235035568,,,14.038698631982133,15.151109235035568,14.193184742243124,,"rgba(239, 83, 80, 1.0)",1.298406375954032,15.111310931780126,-3.254998596779651,22.427744458941874,-22.371773689561444,False,True,False,True,False,0.0,0.0,0.0,0.0,0.0,0,0.8533769063180828,0.8685185185185186,False,False,False,False,-0.34282825441539394,-0.33249490885922284,False,False,False,False,-2286438.0,-1645220.3625380218,False,False,False,False,50362.160793118615,False,False,False,False
2025-02-24 17:00:00+00:00,11.12,11.405,11.105,11.315,101671.0,,,,,13.114645235000745,13.943370550756338,14.275819143469235,15.081565640656878,,,13.943370550756338,15.081565640656878,14.1038501424708,,"rgba(239, 83, 80, 1.0)",1.3402318711586585,15.030257013381199,-2.7721001815673,24.33209459546512,-22.371773689561444,False,True,False,True,False,0.0,0.0,0.0,0.0,0.0,0,0.8588331963845522,0.8616269515201315,False,False,False,False,-0.3289899423022897,-0.3307424255807563,False,False,False,False,-2184767.0,-1653585.426684719,False,False,False,False,51157.64667229507,False,False,False,False
2025-02-25 17:00:00+00:00,11.29,11.475,11.025,11.105,91961.0,,,,,13.014868631577992,13.86042082764444,14.210921972473427,15.01960770586926,,,13.86042082764444,15.01960770586926,14.02645478439128,,"rgba(239, 83, 80, 0.75)",1.3879082939565595,14.959033308484878,-2.7768645271929664,24.972577963398763,-22.371773689561444,False,True,False,True,True,0.0,0.0,0.0,0.0,0.0,0,0.8488051976654554,0.8667547626913336,False,False,False,False,-0.32927698681478673,-0.3300097061977715,False,False,False,False,-2276728.0,-1663246.5518523979,False,False,False,False,51790.25680140677,False,False,False,False
2025-02-26 17:00:00+00:00,11.655,11.715,11.45,11.66,91831.0,,,,,12.945237337939353,13.794376022911294,14.157190167265211,14.966064051569711,,,13.794376022911294,14.966064051569711,13.965716894921393,,"rgba(239, 83, 80, 0.75)",1.4224739805093811,14.899644072106444,-2.277471585769423,29.48629873804862,-25.463764499998845,False,True,False,True,True,0.0,0.0,0.0,0.0,0.0,0,0.8489786929472003,0.8642294775092221,False,False,False,False,-0.3102996524088068,-0.3201546793032891,False,False,False,False,-2184897.0,-1671334.1556996475,False,False,False,False,52411.04351766403,False,False,False,False
2025-02-27 17:00:00+00:00,11.25,11.255,10.74,10.775,88000.0,,,,,12.853662016726334,13.715897658069464,14.094452010360406,14.906157292379353,,,13.715897658069464,14.906157292379353,13.89254224438389,,"rgba(239, 83, 80, 0.75)",1.4816145229429873,14.831739281607419,-2.7380531297367163,29.546274039417117,-25.28414724234326,False,True,False,True,True,0.0,0.0,0.0,0.0,0.0,0,0.8382296833269743,0.8655365999890989,False,False,False,False,-0.34282825441539394,-0.3314914668593415,False,False,False,False,-2272897.0,-1680660.7114252343,False,False,False,False,52962.810284832034,False,False,False,False
2025-02-28 17:00:00+00:00,10.75,10.76,10.4,10.7,105784.0,,,,,12.738330261538591,13.617407376275562,14.01527069989824,14.83114396786907,,,13.617407376275562,14.83114396786907,13.800538076395364,,"rgba(239, 83, 80, 0.75)",1.535695977443491,14.746863519696074,-2.6351983590091725,29.374319932009616,-25.20350905719736,False,True,False,True,True,0.0,0.0,0.0,0.0,0.0,0,0.837678629868005,0.8706774299116397,False,False,False,False,-0.34282825441539394,-0.3371598606373677,False,False,False,False,-2378681.0,-1691482.7314031376,False,False,False,False,53781.74345871061,False,False,False,False
2025-03-03 17:00:00+00:00,10.295,10.415,9.765,9.84,73629.0,,,,,12.643564035355954,13.539186916986827,13.952678010210091,14.773082084827571,,,13.539186916986827,14.773082084827571,13.72712776184511,,"rgba(239, 83, 80, 1.0)",1.6148306189594361,14.267212561510927,-2.741595625901454,27.16375658096161,-25.20350905719736,False,True,False,True,False,0.0,0.0,0.0,0.0,0.0,0,0.8322198685568409,0.8705665091521374,False,False,False,False,-0.34282825441539394,-0.3399940575263808,False,False,False,False,-2452310.0,-1703278.5030092904,False,False,False,False,54089.45286245153,False,False,False,False
2025-03-04 17:00:00+00:00,10.29,10.755,10.185,10.53,136790.0,,,,,12.513168175113512,13.421215380071107,13.85506027004856,14.679412325846254,,,13.421215380071107,14.679412325846254,13.617214037769859,,"rgba(239, 83, 80, 0.75)",1.6691790127417632,14.188872189154402,-2.192019047222746,29.90134988286526,-24.56917985024755,False,True,False,True,True,0.0,0.0,0.0,0.0,0.0,0,0.8299312361253994,0.8689696247766527,False,False,False,False,-0.3224384552743916,-0.3312162564003862,False,False,False,False,-2315520.0,-1712770.6192417047,False,False,False,False,55371.631887839874,False,False,False,False
2025-03-05 17:00:00+00:00,10.915,11.505,10.915,10.97,94498.0,,,,,12.457634942384182,13.361570647256269,13.80300265140419,14.626585391155857,,,13.361570647256269,14.626585391155857,13.562198408050124,,"rgba(239, 83, 80, 0.75)",1.707616699612002,14.151911244631329,-1.863363859907384,33.98817544448028,-20.72272230225576,False,True,False,True,True,0.0,0.0,0.0,0.0,0.0,0,0.8397569254352347,0.8537720354757472,False,False,False,False,-0.28344768678536414,-0.3073319715928752,False,False,False,False,-2221022.0,-1720650.4856100504,False,False,False,False,55978.24224616794,False,False,False,False
2025-03-06 17:00:00+00:00,11.145,11.565,10.915,11.48,156884.0,,,,,12.386544228639497,13.276993767130028,13.726675039235593,14.546853109692698,,,13.276993767130028,14.546853109692698,13.484266536174454,,"rgba(239, 83, 80, 0.5)",1.732900453569961,14.090359392080286,-1.5063527663707772,39.034467340977436,-16.14645921425774,False,False,False,True,True,0.0,0.0,0.0,0.0,0.0,0,0.8349100453874336,0.8588068026466888,False,False,False,False,-0.28188527174907246,-0.2946086216709738,False,False,False,False,-2064138.0,-1725975.8734300495,False,False,False,False,57542.67259894053,False,False,False,False
2025-03-07 17:00:00+00:00,11.125,11.72,11.085,11.71,135532.0,,,,,12.341391622806205,13.215767003152923,13.669201830287863,14.484780232443061,,,13.215767003152923,14.484780232443061,13.427785172172513,,"rgba(239, 83, 80, 0.5)",1.7555046706430735,13.76829781286171,-1.1724821057341408,43.37509096783905,-12.333479325312325,False,False,False,True,True,0.0,0.0,0.0,0.0,0.0,0,0.8437551288363696,0.8542042781333771,False,False,False,False,-0.27344523579764146,-0.2840269287343076,False,False,False,False,-1928606.0,-1729117.4257799713,False,False,False,False,58751.809457871685,False,False,False,False
2025-03-10 17:00:00+00:00,11.22,11.22,10.53,10.545,71187.0,,,,,12.300093307567256,13.172082348340776,13.63026960329222,14.44533362377042,,,13.172082348340776,14.44533362377042,13.386944720742669,,"rgba(239, 83, 80, 0.5)",1.7980124462188127,13.71449013904348,-1.762774304320785,41.981949198102086,-12.333479325312325,False,False,False,True,True,0.0,0.0,0.0,0.0,0.0,0,0.8295188910029897,0.8596357705898341,False,False,False,False,-0.30098849014222945,-0.29250770943826854,False,False,False,False,-1999793.0,-1733313.9463105144,False,False,False,False,58944.603109687625,False,False,False,False
2025-03-11 17:00:00+00:00,10.505,10.87,10.37,10.805,173441.0,,,,,12.202988571315894,13.068428130482895,13.537010352987771,14.350540625615961,,,13.068428130482895,14.350540625615961,13.289741920100631,,"rgba(239, 83, 80, 0.5)",1.8328700651373742,13.607660295541297,-1.5291101910877885,42.23695765710005,-12.333479325312325,False,False,False,True,True,0.0,0.0,0.0,0.0,0.0,0,0.8206584047606049,0.8721952284762788,False,False,False,False,-0.31446149711292914,-0.30348460327559884,False,False,False,False,-1826352.0,-1734756.3967553126,False,False,False,False,60719.74104597154,False,False,False,False
2025-03-12 17:00:00+00:00,10.76,10.98,10.73,10.855,73516.0,,,,,12.16955699044438,13.030056020212662,13.501530434044048,14.313617563058557,,,13.030056020212662,14.313617563058557,13.253690251939911,,"rgba(239, 83, 80, 0.5)",1.8597383498037408,13.572898843413444,-1.4614415214378222,42.6451003616639,-12.333479325312325,False,False,False,True,True,0.0,0.0,0.0,0.0,0.0,0,0.8225188751504541,0.8680927891454208,False,False,False,False,-0.3020413133494767,-0.30276295831253774,False,False,False,False,-1752836.0,-1735036.7006815867,False,False,False,False,60918.1326576619,False,False,False,False
2025-03-13 17:00:00+00:00,10.27,10.305,9.86,9.89,61442.0,,,,,12.125872247893328,12.98704285140256,13.463440659674642,14.276030224351631,,,12.98704285140256,14.276030224351631,13.213096495830541,,"rgba(239, 83, 80, 0.5)",1.9081920290738132,13.527124534420883,-1.9060579223707628,39.82889335049525,-12.333479325312325,False,False,False,True,False,0.0,0.0,0.0,0.0,0.0,0,0.8225559803386127,0.8653194975423267,False,False,False,False,-0.34282825441539394,-0.32279560636396587,False,False,False,False,-1814278.0,-1736265.247957841,False,False,False,False,60926.25463196172,False,False,False,False
2025-03-14 17:00:00+00:00,10.195,10.42,10.155,10.35,58030.0,,,,,12.091669217176653,12.951391142907426,13.431187719526012,14.243506464857642,,,12.951391142907426,14.243506464857642,13.179438636116934,,"rgba(239, 83, 80, 0.5)",1.9356845356675876,13.491897472881922,-1.62314541186244,40.20171275666287,-12.333479325312325,False,False,False,True,False,0.0,0.0,0.0,0.0,0.0,0,0.8254184613706994,0.8578049179434054,False,False,False,False,-0.33180139889602284,-0.3272985026299944,False,False,False,False,-1756248.0,-1736575.0580670217,False,False,False,False,60881.35145937316,False,False,False,False
2025-03-17 17:00:00+00:00,10.475,10.87,10.415,10.765,45488.0,,,,,12.071196671550792,12.927973363988244,13.409343979808254,14.220776643927282,,,12.927973363988244,14.220776643927282,13.157322664818643,,"rgba(239, 83, 80, 0.5)",1.940842038863763,13.470688864162465,-1.3940798941816355,42.30658211686648,-12.333479325312325,True,False,False,True,False,0.0,0.0,0.0,0.0,0.0,0,0.823255297903029,0.8719627205148118,False,False,False,False,-0.31288699844707907,-0.3200927505385367,False,False,False,False,-1710760.0,-1736174.8246086182,False,False,False,False,60642.69484759993,False,False,False,False
2025-03-18 17:00:00+00:00,10.575,10.605,10.38,10.505,44090.0,,,,,12.049319895061094,12.903882637644733,13.387073197929274,14.197872640135138,,,12.903882637644733,14.197872640135138,13.13453709269256,,"rgba(239, 83, 80, 0.5)",1.9596685967300806,13.448029864756558,-1.501799778629571,42.743444979108254,-12.167612898007768,True,False,False,True,True,0.0,0.0,0.0,0.0,0.0,0,0.814312362218077,0.8935616980385508,False,False,False,False,-0.3193658836865426,-0.31972931711253966,False,False,False,False,-1754850.0,-1736464.3622115853,False,False,False,False,60386.063919730164,False,False,False,False
2025-03-19 17:00:00+00:00,10.45,10.75,10.285,10.285,73839.0,,,,,12.012724145194777,12.863663916897368,13.34981226122131,14.159561387897208,,,12.863663916897368,14.159561387897208,13.096440427802666,,"rgba(239, 83, 80, 0.5)",1.9777060102715225,13.410033345409504,-1.5801303779121665,42.22040913560302,-12.167612898007768,True,False,False,True,True,0.0,0.0,0.0,0.0,0.0,0,0.8196150111384018,0.8834180613468898,False,False,False,False,-0.31794642683888064,-0.3188378719757101,False,False,False,False,-1828689.0,-1737894.201557142,False,False,False,False,60594.636572137446,False,False,False,False
2025-03-20 17:00:00+00:00,10.015,10.12,9.835,9.935,59135.0,,,,,11.976069094211192,12.826237875143711,13.315865790309793,14.12557768814451,,,12.826237875143711,14.12557768814451,13.060937611952301,,"rgba(239, 83, 80, 0.5)",2.0112287109945934,13.372761233337382,-1.7092840881519331,40.621307599426785,-12.167612898007768,True,False,False,True,True,0.0,0.0,0.0,0.0,0.0,0,0.8152447392497711,0.8874085086916741,False,False,False,False,-0.34282825441539394,-0.33083306319555206,False,False,False,False,-1887824.0,-1740218.6945562558,False,False,False,False,60572.00654776322,False,False,False,False
2025-03-21 17:00:00+00:00,10.15,10.41,10.08,10.4,33271.0,,,,,11.959337528547016,12.808005095173526,13.298933457754417,14.108210331305969,,,12.808005095173526,14.108210331305969,13.043621603195232,,"rgba(239, 83, 80, 0.5)",2.02318823856054,13.35542963835989,-1.4607783803955987,42.05520460332604,-12.141152518877632,True,False,False,True,True,0.0,0.0,0.0,0.0,0.0,0,0.8151236342725704,0.8925819436457734,False,False,False,False,-0.3270624847825288,-0.3289477739890404,False,False,False,False,-1854553.0,-1741991.3194468564,False,False,False,False,60148.735128418055,False,False,False,False
2025-03-24 17:00:00+00:00,10.45,10.53,10.32,10.41,57332.0,,,,,11.933356620580858,12.778708877019492,13.271377784129232,14.07960650825741,,,12.778708877019492,14.07960650825741,13.015762447496748,,"rgba(239, 83, 80, 0.5)",2.0276746322858292,13.328103813502066,-1.4391380979168449,43.06421610295624,-10.952864881514841,True,False,False,True,True,0.0,0.0,0.0,0.0,0.0,0,0.8225362021457466,0.8869086005745442,False,False,False,False,-0.31654187165446407,-0.3227448228217522,False,False,False,False,-1797221.0,-1742847.5935639592,False,False,False,False,60105.06481634956,False,False,False,False
2025-03-25 17:00:00+00:00,10.09,10.11,9.7,9.715,120913.0,,,,,11.861460826689672,12.70463438740262,13.203514731408568,14.011405134377378,,,12.70463438740262,14.011405134377378,12.94525376996956,,"rgba(239, 83, 80, 0.5)",2.043731788083428,13.255170534857927,-1.7322089696406933,40.96616410012129,-10.952864881514841,True,False,False,True,False,0.0,0.0,0.0,0.0,0.0,0,0.8139219615701992,0.8989744194270893,False,False,False,False,-0.34282825441539394,-0.3327865386185731,False,False,False,False,-1918134.0,-1745565.212268394,False,False,False,False,61047.8235013674,False,False,False,False
2025-03-26 17:00:00+00:00,9.485,9.615,9.32,9.585,99853.0,,,,,11.79646411856273,12.639386249451288,13.14407780223401,13.952322171960247,,,12.639386249451288,13.952322171960247,12.883062585552068,,"rgba(239, 83, 80, 0.5)",2.060504329063922,13.190335507175444,-1.7497344976767564,39.10967725333761,-10.952864881514841,True,False,False,True,False,0.0,0.0,0.0,0.0,0.0,0,0.8041669125892699,0.9072773416750279,False,False,False,False,-0.34282825441539394,-0.33780739651698355,False,False,False,False,-2017987.0,-1749788.805876636,False,False,False,False,61649.45414475705,False,False,False,False
2025-03-27 17:00:00+00:00,9.42,9.57,9.31,9.41,97756.0,,,,,11.73419957497325,12.576535708993694,13.086523807583834,13.89499038038025,,,12.576535708993694,13.89499038038025,12.823062367982757,,"rgba(239, 83, 80, 0.5)",2.0950438254680277,13.128315062293254,-1.7748149308822172,37.24036114848546,-8.802345136566721,False,False,False,True,False,0.0,0.0,0.0,0.0,0.0,0,0.8037925925925926,0.9077925925925926,False,False,False,False,-0.34282825441539394,-0.3403178254661887,False,False,False,False,-2115743.0,-1755462.5143126568,False,False,False,False,62209.24555336547,False,False,False,False
2025-03-28 17:00:00+00:00,9.02,9.2,8.92,9.165,63012.0,,,,,11.690185743771723,12.533135693583574,13.04704840463311,13.85608410023906,,,12.533135693583574,13.85608410023906,12.781613485556866,,"rgba(239, 83, 80, 0.5)",2.1393809620780453,13.085158161976576,-1.832379660969222,35.12576929633,-10.85082176793307,False,False,False,True,False,0.0,0.0,0.0,0.0,0.0,0,0.8077061146344382,0.9063060907024052,False,False,False,False,-0.34282825441539394,-0.34157303994079136,False,False,False,False,-2178755.0,-1762025.1885093597,False,False,False,False,62221.69135873965,False,False,False,False
2025-03-31 17:00:00+00:00,8.755,8.875,8.71,8.73,57246.0,,,,,11.646627461045966,12.49101382505006,13.00897690428924,13.818917221655761,,,12.49101382505006,13.818917221655761,12.741383853010257,,"rgba(239, 83, 80, 1.0)",2.1833990197122395,13.043039606232268,-1.9753785576035954,32.33143819338238,-13.484342376710366,False,True,False,True,False,0.0,0.0,0.0,0.0,0.0,0,0.808686157952202,0.9001577095717578,False,False,False,False,-0.34282825441539394,-0.3422006471780926,False,False,False,False,-2236001.0,-1769373.650703013,False,False,False,False,62144.548857053764,False,False,False,False
2025-04-01 17:00:00+00:00,8.86,8.89,8.64,8.685,57909.0,,,,,11.603372130065322,12.448979832782653,12.970850596327612,13.781624008046165,,,12.448979832782653,13.781624008046165,12.701206641805438,,"rgba(239, 83, 80, 1.0)",2.2278361173494923,13.001216838758651,-1.937403207150512,30.33122420802902,-15.34898502445568,False,True,False,True,False,0.0,0.0,0.0,0.0,0.0,0,0.8107466682894177,0.8963062131077709,False,False,False,False,-0.34282825441539394,-0.34251445079674325,False,False,False,False,-2293910.0,-1777505.9972037415,False,False,False,False,62078.8814329134,False,False,False,False
2025-04-02 17:00:00+00:00,9.155,9.23,8.79,8.855,95558.0,,,,,11.54001080026676,12.38563196750328,12.912597622154514,13.723900625220582,,,12.38563196750328,13.723900625220582,12.640535253786283,,"rgba(239, 83, 80, 1.0)",2.274357250060333,12.939037820996678,-1.795688791146746,30.506718987820335,-15.34898502445568,False,True,False,True,False,0.0,0.0,0.0,0.0,0.0,0,0.8112598904443092,0.8972002434570906,False,False,False,False,-0.32743904499753707,-0.33497674789714016,False,False,False,False,-2198352.0,-1784030.7414331408,False,False,False,False,62597.93753472869,False,False,False,False
2025-04-03 17:00:00+00:00,8.12,8.225,7.94,7.95,57556.0,,,,,11.490206073081758,12.338626569081413,12.870345091586026,13.683210745456483,,,12.338626569081413,13.683210745456483,12.59559711980142,,"rgba(239, 83, 80, 1.0)",2.3402744891755307,12.892006492379062,-2.111720875152603,27.85665216490875,-17.84090441062913,False,True,False,True,False,0.0,0.0,0.0,0.0,0.0,0,0.8130937254190114,0.900647425425062,False,False,False,False,-0.34282825441539394,-0.3389025011562671,False,False,False,False,-2255908.0,-1791346.6679225494,False,False,False,False,62519.76796054685,False,False,False,False
2025-04-04 17:00:00+00:00,7.6,7.71,7.44,7.47,88122.0,,,,,11.406017721552255,12.260480309582938,12.800527210558256,13.616626893617932,,,12.260480309582938,13.616626893617932,12.520913033827846,,"rgba(239, 83, 80, 1.0)",2.412244493308381,12.813653879504308,-2.215220676978524,25.049970361829175,-20.506293112075774,False,True,False,True,False,0.0,0.0,0.0,0.0,0.0,0,0.8062833575934014,0.909570596797671,False,False,False,False,-0.34282825441539394,-0.3408653777858305,False,False,False,False,-2344030.0,-1799915.4017532077,False,False,False,False,62916.70179061589,False,False,False,False
2025-04-07 17:00:00+00:00,7.175,7.61,7.15,7.59,89143.0,,,,,11.322528619544562,12.182517696339941,12.73056005415135,13.54974811960905,,,12.182517696339941,13.54974811960905,12.446338622411226,,"rgba(239, 83, 80, 1.0)",2.4758483631107615,12.735999494437111,-2.078479268403764,24.184402305697322,-21.37262623859317,False,True,False,True,False,0.0,0.0,0.0,0.0,0.0,0,0.802105519381732,0.9148664273108987,False,False,False,False,-0.34282825441539394,-0.3418468161006122,False,False,False,False,-2254887.0,-1806969.22498184,False,False,False,False,63323.31106517998,False,False,False,False
2025-04-08 17:00:00+00:00,7.25,7.415,6.98,7.155,52332.0,,,,,11.271873894865566,12.135402099122663,12.68829977034933,13.509470912308467,,7.183333333333334,12.135402099122663,13.509470912308467,12.401261669161507,7.183333333333334,"rgba(239, 83, 80, 1.0)",2.5402262313241772,12.224742307447116,-1.9957837789921349,22.61586379039404,-22.96251940564125,False,True,False,True,False,0.0,0.0,0.0,0.0,0.0,0,0.7993418930253565,0.9098651525904897,True,False,False,False,-0.34282825441539394,-0.34233753525800303,False,False,False,False,-2307219.0,-1814725.0354472378,False,False,False,False,63152.90314168882,True,False,False,False
2025-04-09 17:00:00+00:00,7.65,8.86,7.56,8.675,119642.0,,,,,11.192758200417632,12.055875703630026,12.614289976681166,13.436123476339603,,8.005416690895135,12.055875703630026,13.436123476339603,12.324761839267106,8.005416690895135,"rgba(239, 83, 80, 0.75)",2.5636809069761246,12.203679958413511,-1.3764115295361028,30.761249198735094,-24.284374496788462,False,True,False,True,True,0.0,0.0,0.0,0.0,0.0,0,0.8021072796934865,0.8992337164750958,False,False,False,False,-0.2689923660267835,-0.3056649506423933,False,False,False,False,-2187577.0,-1820505.686060459,False,False,False,False,64028.70309298046,False,False,False,False
2025-04-10 17:00:00+00:00,7.68,7.94,7.57,7.74,30756.0,,,,,11.168838199692017,12.032654599417004,12.592977570272033,13.415359149545063,,7.96666763675825,12.032654599417004,13.415359149545063,12.302457379731528,7.96666763675825,"rgba(239, 83, 80, 0.5)",2.60447293175671,12.179820622756463,-1.7046906376415345,33.18684909618507,-22.298874051860203,False,False,False,True,True,0.0,0.0,0.0,0.0,0.0,0,0.7984559893691072,0.8989432386255775,False,False,False,False,-0.3017751630969167,-0.303720056869655,False,False,False,False,-2218333.0,-1826673.551392855,False,False,False,False,63512.847231073785,False,False,False,False
2025-04-11 17:00:00+00:00,7.785,8.045,7.72,8.0,75554.0,,,,,11.114345600510328,11.97890447767152,12.543234796185486,13.366514730996679,,7.954449890519517,11.97890447767152,13.366514730996679,12.250749901341003,7.954449890519517,"rgba(239, 83, 80, 0.5)",2.6362999716537736,12.129756251692605,-1.5664970967252916,35.97174225765818,-19.854704930226493,True,False,False,True,True,0.0,0.0,0.0,0.0,0.0,0,0.7996953541507996,0.8995303376491495,False,False,False,False,-0.29252790623519104,-0.29812398155242303,False,False,False,False,-2142779.0,-1831574.4110611826,False,False,False,False,63699.5317701269,False,False,False,False
2025-04-14 17:00:00+00:00,8.23,8.515,8.185,8.27,118530.0,,,,,11.042751199268341,11.905429193125068,12.47389714179409,13.29713858065982,,8.064636916372239,11.905429193125068,13.29713858065982,12.17980402871183,8.064636916372239,"rgba(239, 83, 80, 0.5)",2.6624759576804404,12.070154085520727,-1.4273008079409801,39.03577146893011,-17.082084138063585,True,False,False,True,True,0.0,0.0,0.0,0.0,0.0,0,0.8072655804222406,0.887909719140303,False,False,False,False,-0.2590208814205936,-0.27857243148650834,False,False,False,False,-2024249.0,-1834561.6139904666,False,False,False,False,64549.616548884616,False,False,False,False
2025-04-15 17:00:00+00:00,8.215,8.22,7.97,8.155,99982.0,,,,,10.980743143624823,11.842236548975434,12.41430910978763,13.237695990321912,,8.074772669935614,11.842236548975434,13.237695990321912,12.11874619817745,8.074772669935614,"rgba(239, 83, 80, 0.5)",2.6879518090786316,12.01339944850957,-1.4354421963510358,40.6443610541524,-15.576140675313546,True,False,False,True,True,0.0,0.0,0.0,0.0,0.0,0,0.811061381074169,0.8899616368286446,False,False,False,False,-0.277222406163628,-0.27789741882506813,False,False,False,False,-2124231.0,-1839052.6122231726,False,False,False,False,65098.955827196485,False,False,False,False
2025-04-16 17:00:00+00:00,8.145,8.22,7.86,8.02,79896.0,,,,,10.931689761638726,11.792160083762425,12.36696805386904,13.190424776641624,,8.06903158589565,11.792160083762425,13.190424776641624,12.070310668977953,8.06903158589565,"rgba(239, 83, 80, 0.5)",2.7132225744932734,11.967546104098467,-1.4549289620427541,41.18041832454874,-14.910562581160448,True,False,False,True,True,0.0,0.0,0.0,0.0,0.0,0,0.8078132016165246,0.8972993777663738,False,False,False,False,-0.28117143158095137,-0.27953442520300975,False,False,False,False,-2204127.0,-1844712.6802507201,False,False,False,False,65328.367364759324,False,False,False,False
2025-04-17 17:00:00+00:00,7.685,7.785,7.49,7.51,82079.0,,,,,10.875599347777692,11.73622687029789,12.314574607799948,13.138695596436285,,8.009970032580872,11.73622687029789,13.138695596436285,12.016274105577955,8.009970032580872,"rgba(239, 83, 80, 0.5)",2.747929687522725,11.912673509765785,-1.6021783707773183,39.63814669782607,-14.910562581160448,True,False,False,True,True,0.0,0.0,0.0,0.0,0.0,0,0.8044549702361903,0.8995711451065737,False,False,False,False,-0.3103417002032312,-0.2949380627031205,False,False,False,False,-2286206.0,-1851557.5379212515,False,False,False,False,65588.06709553825,False,False,False,False
2025-04-18 17:00:00+00:00,7.51,7.51,7.51,7.51,0.0,,,,,10.875599347777692,11.73622687029789,12.314574607799948,13.138695596436285,,8.009970032580872,11.73622687029789,13.138695596436285,12.016274105577955,8.009970032580872,"rgba(239, 83, 80, 0.5)",2.757686762357259,11.912673509765785,-1.5965096434674104,38.60996561334429,-14.910562581160448,True,False,False,True,True,0.0,0.0,0.0,0.0,0.0,0,0.8079150579150579,0.9017374517374518,False,False,False,False,-0.31968755225598877,-0.30731280747955464,False,False,False,False,-2286206.0,-1858296.2737674336,False,False,False,False,64571.19783824308,False,False,False,False
2025-04-21 17:00:00+00:00,7.4,7.695,7.34,7.695,126406.0,,,,,10.792349835043456,11.652575260087456,12.23579394267133,13.060617056463109,,7.940212327920967,11.652575260087456,13.060617056463109,11.935334023566337,7.940212327920967,"rgba(239, 83, 80, 0.5)",2.7530126413812184,11.437612193461508,-1.3594605913555833,39.15773022497309,-14.910562581160448,True,False,False,True,True,0.0,0.0,0.0,0.0,0.0,0,0.8083639409755784,0.8990269991623172,False,False,False,False,-0.31913631289338107,-0.3132245601864678,False,False,False,False,-2159800.0,-1862970.7501431322,False,False,False,False,65529.876941526134,False,False,False,False
2025-04-22 17:00:00+00:00,7.9,8.01,7.745,7.955,174701.0,,,,,10.694986073595718,11.55118601625488,12.138468146148849,12.962464396642005,,7.933500227806729,11.55118601625488,12.962464396642005,11.836776158160362,7.933500227806729,"rgba(239, 83, 80, 0.5)",2.7477821933303193,11.363509119388716,-1.240458260360729,41.204036278819714,-13.922497529845671,True,False,False,True,True,0.0,0.0,0.0,0.0,0.0,0,0.8075483870967742,0.9002580645161291,False,False,False,False,-0.2928896193011092,-0.30305708974378853,False,False,False,False,-1985099.0,-1864864.2113812233,False,False,False,False,67222.4524928203,False,False,False,False
2025-04-23 17:00:00+00:00,8.095,8.31,7.97,8.015,226291.0,,,,,10.586374339990833,11.434331341111989,12.024231801441545,12.84543854862921,,7.964946209182672,11.434331341111989,12.84543854862921,11.722594007793395,7.964946209182672,"rgba(239, 83, 80, 0.5)",2.731193403149365,11.276432600854625,-1.194141944358036,42.95927621974498,-11.997275975901523,True,False,False,True,True,0.0,0.0,0.0,0.0,0.0,0,0.8078757411704048,0.8984274297499356,False,False,False,False,-0.2739976501797077,-0.2885273699617481,False,False,False,False,-1758808.0,-1863219.9290342275,False,False,False,False,69688.63152393936,False,False,False,False
2025-04-24 17:00:00+00:00,8.025,8.32,8.0,8.305,121205.0,,,,,10.534265292774771,11.376895429315379,11.967303196765526,12.78644343850889,,7.987510323493252,11.376895429315379,12.78644343850889,11.666226839341142,7.987510323493252,"rgba(239, 83, 80, 0.5)",2.705865870310153,11.233314548361896,-1.0822097948359304,45.992814303109014,-8.960041380715943,True,False,False,True,True,0.0,0.0,0.0,0.0,0.0,0,0.8066119971589077,0.9033382837218313,False,False,False,False,-0.2725662118052765,-0.2805467908835123,False,False,False,False,-1637603.0,-1859721.9921499758,False,False,False,False,70487.3349111651,False,False,False,False
2025-04-25 17:00:00+00:00,8.185,8.32,8.135,8.28,58529.0,,,,,10.51029522998015,11.35019861889477,11.940678876763927,12.758713200644399,,7.998543766773093,11.35019861889477,12.758713200644399,11.639971481570813,7.998543766773093,#000000,2.682493323837667,11.21313434954565,-1.0934358432435565,47.84118345914748,-7.096029145362536,True,False,False,False,True,0.0,0.0,0.0,0.0,0.0,0,0.8077270965240988,0.9022483525003231,False,False,False,False,-0.26774310796160083,-0.27414494942255657,False,False,False,False,-1696132.0,-1857185.7132019142,False,False,False,False,70301.93436990672,False,False,False,False
2025-04-28 17:00:00+00:00,8.35,8.5,8.275,8.485,52365.0,,,,,10.490895254346952,11.328020759242655,11.918292034244823,12.735139674641216,,8.014104687313447,11.328020759242655,12.735139674641216,11.618086930618912,8.014104687313447,#000000,2.6489880389748572,11.197509681288768,-1.0239795881971945,50.441063314061125,-4.548637200998293,True,False,False,False,True,0.0,0.0,0.0,0.0,0.0,0,0.8058531486804286,0.9077606480271753,False,False,False,False,-0.2563585582700574,-0.26525175384630695,False,False,False,False,-1643767.0,-1853876.8959429697,False,False,False,False,70023.84236417174,False,False,False,False
2025-04-29 17:00:00+00:00,8.39,8.54,8.35,8.36,54390.0,,,,,10.471090857236279,11.305311930526269,11.895317053094638,12.710905526836534,,8.028972596941495,11.305311930526269,12.710905526836534,11.59565634192343,8.028972596941495,#000000,2.6201504959873696,11.18118435010858,-1.0767260714333335,51.15630413084619,-3.738924708040983,True,False,False,False,True,0.0,0.0,0.0,0.0,0.0,0,0.8139351273110074,0.9020330284887162,False,False,False,False,-0.2522832124282181,-0.2587674831372625,False,False,False,False,-1698157.0,-1851462.6339903653,False,False,False,False,69781.45721123883,False,False,False,False
2025-04-30 17:00:00+00:00,8.12,8.28,8.1,8.27,51213.0,,,,,10.45100386623893,11.28279283799683,11.872729959697372,12.687283013496122,,8.035280464466263,11.28279283799683,12.687283013496122,11.573452419357313,8.035280464466263,#000000,2.5987051470766525,11.163331988456472,-1.1133744787134672,50.886975541212706,-3.738924708040983,True,False,False,False,True,0.0,0.0,0.0,0.0,0.0,0,0.8089050131926122,0.9067282321899737,False,False,False,False,-0.270421094451611,-0.26459428879443675,False,False,False,False,-1749370.0,-1849879.8024556309,False,False,False,False,69493.57415370023,False,False,False,False
2025-05-01 17:00:00+00:00,8.155,8.24,8.09,8.1,71317.0,,,,,10.422721844424721,11.25123818439557,11.84111259534347,12.65426514273659,,8.040111247075581,11.25123818439557,12.65426514273659,11.542334441725087,8.040111247075581,#000000,2.573599330415433,11.137527322185772,-1.18026426502662,49.31526360997757,-3.738924708040983,True,False,False,False,True,0.0,0.0,0.0,0.0,0.0,0,0.8020667726550079,0.911897191308956,False,False,False,False,-0.27220852269110224,-0.2684014057427695,False,False,False,False,-1820687.0,-1849427.2008671714,False,False,False,False,69521.84432185993,False,False,False,False
2025-05-02 17:00:00+00:00,8.52,8.595,8.42,8.425,58935.0,,,,,10.403243539842538,11.228410057269643,11.817728620506,12.629349289343914,,8.05578411037148,11.228410057269643,12.629349289343914,11.519682876740523,8.05578411037148,#000000,2.540677372968629,11.121014748739313,-1.0611401421618445,50.98392724706059,-3.3802087839908666,True,False,False,False,True,0.0,0.0,0.0,0.0,0.0,0,0.7978384829598196,0.9146001856517701,False,False,False,False,-0.24259764874652315,-0.2554995272446463,False,False,False,False,-1761752.0,-1848067.8954273702,False,False,False,False,69357.70720059078,False,False,False,False
2025-05-05 17:00:00+00:00,8.45,8.63,8.41,8.6,49667.0,,,,,10.3876876837767,11.20992146746812,11.798661733522424,12.60891512609415,,8.070093775250081,11.20992146746812,12.60891512609415,11.501296502715348,8.070093775250081,"rgba(38, 166, 154, 1.0)",2.5020787429729907,11.107866771416484,-1.0023132878850234,53.375483219214445,-0.9729141488305473,True,False,True,False,True,0.0,0.0,0.0,0.0,0.0,0,0.8080787781350484,0.9129823151125401,False,False,False,False,-0.240177432833436,-0.24783848003904116,False,False,False,False,-1712085.0,-1845959.6334827598,False,False,False,False,69052.42491841108,False,False,False,False
2025-05-06 17:00:00+00:00,8.16,8.25,8.06,8.095,86401.0,,,,,10.355324717984086,11.173480171349278,11.761884790789221,12.570297565111922,,8.07322638105841,11.173480171349278,12.570297565111922,11.465246811308626,8.07322638105841,#000000,2.436816816709757,11.077460268653411,-1.2239164832588414,50.81571759204925,-0.9729141488305473,True,False,False,False,False,0.0,0.0,0.0,0.0,0.0,0,0.8069565217391305,0.9100334448160535,False,False,False,False,-0.2679320331201518,-0.2578852565795965,False,False,False,False,-1798486.0,-1845223.6081574457,False,False,False,False,69321.39507471479,False,False,False,False
2025-05-07 17:00:00+00:00,8.055,8.36,8.005,8.31,150445.0,,,,,10.30333448507889,11.113866448872574,11.701125225490426,12.50595523619923,,8.08499241142251,11.113866448872574,12.50595523619923,11.40607034891028,8.08499241142251,#000000,2.3599186655707847,10.715110072858977,-1.0191495613588282,50.79407453909347,-0.9729141488305473,True,False,False,False,False,0.0,0.0,0.0,0.0,0.0,0,0.8092198104966065,0.903501108796452,False,False,False,False,-0.26582733499361283,-0.26185629578660463,False,False,False,False,-1648041.0,-1842166.5134573302,False,False,False,False,70579.12538363393,False,False,False,False
2025-05-08 17:00:00+00:00,8.8,8.88,8.59,8.62,116884.0,,,,,10.273437875179363,11.076483897265241,11.661554022842925,12.46263101490705,,8.119740522570863,11.076483897265241,12.46263101490705,11.368526702548643,8.119740522570863,"rgba(38, 166, 154, 1.0)",2.3118866423006423,10.70488713358311,-0.9018120073172636,52.933126354160606,-0.9729141488305473,True,False,True,False,True,0.0,0.0,0.0,0.0,0.0,0,0.8110156983764928,0.905004696095532,False,False,False,False,-0.22399970357529111,-0.24292799968094786,False,False,False,False,-1531157.0,-1837344.660535511,False,False,False,False,71297.0304164458,False,False,False,False
2025-05-09 17:00:00+00:00,8.905,9.23,8.775,8.78,176624.0,,,,,10.236650109589084,11.027428899883528,11.608217619778813,12.402915912664911,,8.183665183026102,11.027428899883528,12.402915912664911,11.318803135479083,8.183665183026102,"rgba(38, 166, 154, 1.0)",2.2610019842924225,10.6897649582302,-0.8446542601455781,55.368651129864766,1.0690974641362914,True,False,True,False,True,0.0,0.0,0.0,0.0,0.0,0,0.8160112359550562,0.8961342964151953,False,False,False,False,-0.20403040270882433,-0.2234792011948861,False,False,False,False,-1354533.0,-1829859.2084341852,False,False,False,False,72930.00668905904,False,False,False,False
2025-05-12 17:00:00+00:00,9.505,9.62,9.32,9.515,99885.0,,,,,10.225201626047003,11.007763554830097,11.585042200257583,12.375299046709587,,8.239355934166486,11.007763554830097,12.375299046709587,11.298326606961067,8.239355934166486,"rgba(38, 166, 154, 1.0)",2.199822439599858,10.693481086722027,-0.5357164585230748,60.541798801677785,5.866292905456028,True,False,True,False,True,0.0,0.0,0.0,0.0,0.0,0,0.8253862101250586,0.884237276800642,False,False,False,False,-0.16950276401484193,-0.19649098260486403,False,False,False,False,-1254648.0,-1820941.2052026475,False,False,False,False,73347.91356209689,False,False,False,False
2025-05-13 17:00:00+00:00,9.68,9.765,9.54,9.645,110617.0,,,,9.65,10.215660282635476,10.988859583462927,11.561930768064109,12.347030139432341,,8.30318571345981,10.988859583462927,12.347030139432341,10.95269615471897,8.30318571345981,"rgba(38, 166, 154, 1.0)",2.1349002023221564,10.503185709218819,-0.4019793095177754,64.48152214300774,9.358454720986146,True,False,True,False,True,0.0,0.0,0.0,0.0,0.0,0,0.836208058213179,0.874477833176122,False,False,False,False,-0.15613630449461027,-0.17631364354973716,False,False,False,False,-1144031.0,-1810446.4733390405,False,False,False,False,73925.72885570778,False,False,False,False
2025-05-14 17:00:00+00:00,9.475,9.505,9.08,9.14,137488.0,,,,9.423721072395425,10.195984794566717,10.959138714715674,11.52799036043543,12.307503776658221,,8.35315595872768,10.959138714715674,12.307503776658221,10.882867743754293,8.35315595872768,"rgba(38, 166, 154, 1.0)",2.0665657262478296,10.479738259375504,-0.6482921120578174,62.74057055295259,9.358454720986146,True,False,True,False,True,0.0,0.0,0.0,0.0,0.0,0,0.8331192102238152,0.8673338291973766,False,False,False,False,-0.1825607871672901,-0.17943721535851365,False,False,False,False,-1281519.0,-1802246.0473957995,False,False,False,False,74911.19042383635,False,False,False,False
2025-05-15 17:00:00+00:00,9.04,9.25,9.02,9.2,64093.0,,,,9.368895871637017,10.186288784165265,10.944957786292893,11.511929646576814,12.288918165642812,,8.372617407728061,10.944957786292893,12.288918165642812,10.860198050862959,8.372617407728061,"rgba(38, 166, 154, 0.75)",1.9845274813732485,10.47027901229225,-0.6400914193504876,61.90084661171685,9.358454720986146,True,False,True,False,False,0.0,0.0,0.0,0.0,0.0,0,0.8364967462039046,0.8670688720173536,False,False,False,False,-0.1941991341285956,-0.1868181747435546,False,False,False,False,-1217426.0,-1793179.0699167948,False,False,False,False,74743.46654129625,False,False,False,False
2025-05-16 17:00:00+00:00,9.095,9.41,9.06,9.4,104508.0,,,,9.349109140097175,10.17285882264666,10.92399610660692,11.487659447707802,12.26034901625225,,8.407471299489048,10.92399610660692,12.26034901625225,10.838794506662163,8.407471299489048,"rgba(38, 166, 154, 0.75)",1.897651756564023,10.461920974960522,-0.5595973925602059,62.42036398270579,9.358454720986146,True,False,True,False,False,0.0,0.0,0.0,0.0,0.0,0,0.8337176183371763,0.867964193679642,False,False,False,False,-0.18680388014892704,-0.18681102744624084,False,False,False,False,-1112918.0,-1782632.3866622709,False,False,False,False,75204.9321763149,False,False,False,False
2025-05-19 17:00:00+00:00,8.985,9.02,8.76,8.925,77176.0,,,,9.279189968454004,10.158946758413993,10.905255634798584,11.466966900204007,12.236885679063578,,8.420958294538503,10.905255634798584,12.236885679063578,10.809448988186833,8.420958294538503,"rgba(38, 166, 154, 0.75)",1.825380012268823,10.445786386918563,-0.8331341291659747,58.987925303637944,14.295828825267947,True,False,True,False,False,0.0,0.0,0.0,0.0,0.0,0,0.8275092936802975,0.8683338965866847,False,False,False,False,-0.21240828087527466,-0.19960965416075777,False,False,False,False,-1190094.0,-1773445.7450085923,False,False,False,False,75235.49136737979,False,False,False,False
2025-05-20 17:00:00+00:00,8.985,9.17,8.945,9.08,39684.0,,,,9.263259578009094,10.152825050547493,10.89652842422716,11.457124441605552,12.225532583399948,,8.429871042342686,10.89652842422716,12.225532583399948,10.79905401555785,8.429871042342686,"rgba(38, 166, 154, 0.75)",1.747978562241368,10.440130933151359,-0.778116484110259,57.6818043493362,12.933957626247903,True,False,True,False,False,0.0,0.0,0.0,0.0,0.0,0,0.8286680189317107,0.865922920892495,False,False,False,False,-0.19994487977797537,-0.19977726696936657,False,False,False,False,-1150410.0,-1763786.2760937302,False,False,False,False,74684.30545470722,False,False,False,False
2025-05-21 17:00:00+00:00,8.685,8.695,8.295,8.34,45651.0,,,,9.198637073842793,10.141890737630778,10.883217708793035,11.442984675972685,12.210023308217398,,8.430081998453502,10.883217708793035,12.210023308217398,10.775350700891337,8.430081998453502,#000000,1.6593641596755568,10.4251010695521,-1.2565662922114609,52.25074635721684,7.800239145644298,True,False,False,False,False,0.0,0.0,0.0,0.0,0.0,0,0.8195058871571499,0.8793983529571908,False,False,False,False,-0.2420664408482061,-0.22092185390878633,False,False,False,False,-1196061.0,-1754984.333828711,False,False,False,False,74234.17668796757,False,False,False,False
2025-05-22 17:00:00+00:00,8.29,8.555,8.27,8.54,81442.0,,,,9.106966044510104,10.12285884734748,10.859938329787143,11.418182737051165,12.182752855729225,,8.4307596556525,10.859938329787143,12.182752855729225,10.738139762885023,8.4307596556525,#000000,1.5605624505810467,10.40047629495361,-1.192183173612114,50.0021558687865,5.74482528188998,True,False,False,False,False,0.0,0.0,0.0,0.0,0.0,0,0.810578444184607,0.890914093128826,False,False,False,False,-0.24831228739213174,-0.23461707065045903,False,False,False,False,-1114619.0,-1745056.1891181883,False,False,False,False,74345.92588660374,False,False,False,False
2025-05-23 17:00:00+00:00,8.095,8.215,8.075,8.195,47080.0,,,,9.044083124805427,10.110150769617409,10.845066746038206,11.40263133361261,12.165941929008564,,8.426594677284177,10.845066746038206,12.165941929008564,10.713574780616444,8.426594677284177,"rgba(239, 83, 80, 0.5)",1.4719121075164845,10.118892612092218,-1.3070703082525401,46.683733998976614,2.6521718623295953,False,False,False,True,False,0.0,0.0,0.0,0.0,0.0,0,0.8090383025626896,0.8893634610085425,False,False,False,False,-0.2686979521854699,-0.25165751141796444,False,False,False,False,-1161699.0,-1736011.89161248,False,False,False,False,73923.1983534781,False,False,False,False
2025-05-26 17:00:00+00:00,8.195,8.195,8.195,8.195,0.0,,,,9.044083124805427,10.110150769617409,10.845066746038206,11.40263133361261,12.165941929008564,,8.426594677284177,10.845066746038206,12.165941929008564,10.713574780616444,8.426594677284177,"rgba(239, 83, 80, 0.5)",1.4506169641149065,10.118892612092218,-1.3262581781994256,44.47145275243668,0.5668730340692179,False,False,False,True,False,0.0,0.0,0.0,0.0,0.0,0,0.804003336113428,0.8927578537670282,False,False,False,False,-0.26487141525261504,-0.25826446333528974,False,False,False,False,-1161699.0,-1727107.8157735267,False,False,False,False,72777.10225497457,False,False,False,False
2025-05-27 17:00:00+00:00,8.585,8.625,8.495,8.59,80782.0,,,,8.995514496971758,10.09321522649653,10.823753183436903,11.379609470484002,12.1403304397412,,8.43030464791063,10.823753183436903,12.1403304397412,10.68648456342608,8.43030464791063,"rgba(239, 83, 80, 0.5)",1.4289064898579373,10.11759144699372,-1.0690632716949824,45.955691597630945,0.5668730340692179,False,False,False,True,False,0.0,0.0,0.0,0.0,0.0,0,0.8044079038275529,0.8892496890976924,False,False,False,False,-0.23715850864776716,-0.24771148599152845,False,False,False,False,-1080917.0,-1717089.3535134718,False,False,False,False,72901.2091967579,False,False,False,False
2025-05-28 17:00:00+00:00,8.695,9.08,8.69,8.835,131315.0,,,,8.9773582229151,10.071705465811952,10.794421445647856,11.346864505164943,12.10288184129513,,8.447982006014387,10.794421445647856,12.10288184129513,10.658646296166996,8.447982006014387,#000000,1.3992043974871304,10.114744437027682,-0.9146229380968276,48.53952755688155,0.5668730340692179,True,False,False,False,True,0.0,0.0,0.0,0.0,0.0,0,0.8059752984199269,0.8879459049196164,False,False,False,False,-0.21278130537510792,-0.23024639568331817,False,False,False,False,-949602.0,-1705190.3247768288,False,False,False,False,73806.84936425003,False,False,False,False
2025-05-29 17:00:00+00:00,9.055,9.385,9.04,9.335,148688.0,,,,9.015760904762084,10.055750237801051,10.76868358869985,11.316404784515605,12.066425904459765,,8.483175014956906,10.76868358869985,12.066425904459765,10.644605084047672,8.483175014956906,"rgba(38, 166, 154, 1.0)",1.367765709482957,10.122655338146291,-0.5758700724000752,52.99269089242252,-3.3004173431842645,True,False,True,False,True,0.0,0.0,0.0,0.0,0.0,0,0.8033715628022663,0.8852425037999172,False,False,False,False,-0.1884660243938803,-0.20935621003859922,False,False,False,False,-800914.0,-1691170.5367957926,False,False,False,False,74967.79743612213,False,False,False,False
2025-05-30 17:00:00+00:00,9.24,9.585,9.24,9.525,135418.0,,,,9.064603614625954,10.045182003114098,10.748926185631205,11.291996583006858,12.036290982585244,,8.520180831518028,10.748926185631205,12.036290982585244,10.63739987379267,8.520180831518028,"rgba(38, 166, 154, 1.0)",1.3245520133378756,10.131072272478557,-0.4575677409234026,56.85466358496865,0.29542170182616445,True,False,True,False,True,0.0,0.0,0.0,0.0,0.0,0,0.8135781858653313,0.8809126321647189,False,False,False,False,-0.1737263527667163,-0.19154128140265775,False,False,False,False,-665496.0,-1675268.605992757,False,False,False,False,75905.00987897295,False,False,False,False
2025-06-02 17:00:00+00:00,9.605,9.655,9.42,9.45,86276.0,,,,9.094275519072488,10.039280350430866,10.737195964404151,11.277258095797324,12.01787606283023,,8.543704019989072,10.737195964404151,12.01787606283023,10.63317719850701,8.543704019989072,"rgba(38, 166, 154, 1.0)",1.278651076947094,10.135315065430852,-0.5359672218531348,58.77737770970163,2.117908554988702,True,False,True,False,True,0.0,0.0,0.0,0.0,0.0,0,0.8127531778181311,0.8848302835591562,False,False,False,False,-0.16455225867293305,-0.1780467700377954,False,False,False,False,-751772.0,-1660950.82915566,False,False,False,False,76065.800423485,False,False,False,False
2025-06-03 17:00:00+00:00,9.22,9.27,9.09,9.095,110716.0,,,,9.098811149085776,10.026932758864104,10.71818808575069,11.254955300172492,11.991330777695792,,8.561725936776348,10.71818808575069,11.991330777695792,10.618043614313772,8.561725936776348,"rgba(38, 166, 154, 1.0)",1.2367191703485865,10.127725361011265,-0.8350524401753848,57.16028363030395,2.117908554988702,True,False,True,False,True,0.0,0.0,0.0,0.0,0.0,0,0.816646731865194,0.881939069865616,False,False,False,False,-0.19086872018634637,-0.1844577451120709,False,False,False,False,-862488.0,-1648571.56048658,False,False,False,False,76603.01282002011,False,False,False,False
2025-06-04 17:00:00+00:00,9.355,9.41,9.26,9.345,95178.0,,,,9.114048806729265,10.018795309182115,10.704112513671147,11.237821945848138,11.970375256383369,,8.581024427038065,10.704112513671147,11.970375256383369,10.609030766362809,8.581024427038065,"rgba(38, 166, 154, 1.0)",1.1911316445280042,10.125705485041154,-0.6554317389078469,57.604478463681055,2.117908554988702,True,False,True,False,True,0.0,0.0,0.0,0.0,0.0,0,0.8137019230769231,0.884968891402715,False,False,False,False,-0.17942876964798152,-0.1819432573800262,False,False,False,False,-767310.0,-1634908.5905565554,False,False,False,False,76890.99711738415,False,False,False,False
2025-06-05 17:00:00+00:00,9.44,9.5,8.94,9.1,107188.0,,,,9.11845794819019,10.007778761151219,10.686802452887541,11.217311599890557,11.945772279972928,,8.597330657407598,10.686802452887541,11.945772279972928,10.595224608418487,8.597330657407598,"rgba(38, 166, 154, 0.75)",1.1597731993261742,10.118593481659133,-0.8782695463655599,55.97984344859101,2.117908554988702,True,False,True,False,False,0.0,0.0,0.0,0.0,0.0,0,0.8061867346216466,0.8910596729666597,False,False,False,False,-0.18791186238652938,-0.1849275598832778,False,False,False,False,-874498.0,-1623119.2790750584,False,False,False,False,77360.71809230842,False,False,False,False
2025-06-06 17:00:00+00:00,9.575,9.61,9.37,9.42,129096.0,,,,9.14440602976071,9.99935264535633,10.670337671025301,11.196545851726459,11.919722794963274,,8.624929297847617,10.670337671025301,11.919722794963274,10.586072998566417,8.624929297847617,"rgba(38, 166, 154, 0.75)",1.143148520771443,10.11850160713728,-0.6110331198835846,56.88915135394546,2.117908554988702,True,False,True,False,False,0.0,0.0,0.0,0.0,0.0,0,0.8110881493622178,0.888334639777667,False,False,False,False,-0.1680351001112148,-0.1764813299972463,False,False,False,False,-745402.0,-1609511.2592444373,False,False,False,False,78162.81548622611,False,False,False,False
2025-06-09 17:00:00+00:00,9.995,10.18,9.91,10.09,75684.0,,,,9.182731664712476,9.999901296859791,10.665547102709557,11.188696783751315,11.908336655979845,,8.65115069642059,10.665547102709557,11.908336655979845,10.589042700802597,8.65115069642059,"rgba(38, 166, 154, 1.0)",1.120701570004436,10.128040636328997,-0.03394359153868817,60.65412444688544,4.902336385875678,True,False,True,False,True,0.0,0.0,0.0,0.0,0.0,0,0.8087849805171804,0.877647892313142,False,False,False,False,-0.12756947129281648,-0.1520254006450314,False,False,False,False,-669718.0,-1594940.8211166167,False,False,False,False,78124.38423837764,False,False,False,False
2025-06-10 17:00:00+00:00,10.515,10.74,10.445,10.67,126994.0,,,,9.276946562078075,10.00914855287687,10.664933365849699,11.18216309784057,11.895218905319672,,8.709668935917763,10.664933365849699,11.895218905319672,10.605682096792979,8.709668935917763,"rgba(38, 166, 154, 1.0)",1.111585285458676,10.157181471399877,0.46133979579310236,65.10140220842455,9.171318799422039,True,False,True,False,True,1.0569368252153026,0.0,0.0,0.0,0.0,0,0.8166139695314748,0.8654067260707102,False,False,False,False,-0.08805449274656921,-0.1200399466958003,False,False,False,False,-542724.0,-1578627.3820295373,False,False,False,False,78882.05269979814,False,False,False,False
2025-06-11 17:00:00+00:00,10.97,11.06,10.695,10.78,107134.0,,,,9.359206467542322,10.019560933596905,10.666886599712278,11.178935986818399,11.886286204775795,,8.76194365463601,10.666886599712278,11.886286204775795,10.622175238489138,8.76194365463601,"rgba(38, 166, 154, 1.0)",1.0891910255283463,10.184071386091427,0.5471295667529934,68.3914193119284,12.255428506220255,True,False,True,False,True,1.5237175616331378,0.0,0.0,0.0,0.0,0,0.8302337361603592,0.8591070265576383,False,False,False,False,-0.06760076388802454,-0.09382035529191242,False,False,False,False,-435590.0,-1560905.8722306297,False,False,False,False,79320.06738662296,False,False,False,False
2025-06-12 17:00:00+00:00,10.58,10.79,10.51,10.58,77936.0,,,,9.40579800947483,10.025013213540497,10.666571709205176,11.175117228715465,11.87854026323498,,8.794571272078265,10.666571709205176,11.87854026323498,10.630208084834189,8.794571272078265,"rgba(38, 166, 154, 1.0)",1.0854664377072136,10.198730671039208,0.35124930234244006,68.8038556693941,12.74028012627609,True,False,True,False,True,0.6378558502669982,0.0,0.0,0.0,0.0,0,0.8240058372856625,0.8731849689894201,False,False,False,False,-0.08392249078553536,-0.08887142303872389,False,False,False,False,-513526.0,-1544667.424599147,False,False,False,False,79298.60897752803,False,False,False,False
2025-06-13 17:00:00+00:00,10.63,10.675,10.3,10.415,34740.0,,,,9.422847083648124,10.02676089319436,10.665864899266714,11.172930098903029,11.874671629144617,,8.807485934048323,10.665864899266714,11.874671629144617,10.632614920831369,8.807485934048323,"rgba(38, 166, 154, 1.0)",1.080416140215166,10.203838855847174,0.19544427030752468,67.63893498407478,12.74028012627609,True,False,True,False,True,0.0,0.0,0.0,0.0,0.0,0,0.823374726077429,0.8739225712198687,False,False,False,False,-0.09560773472615103,-0.09223957888243746,False,False,False,False,-548266.0,-1529219.3404968346,False,False,False,False,78607.7778305896,False,False,False,False
2025-06-16 17:00:00+00:00,10.835,11.18,10.75,11.015,75513.0,,,,9.475622954119828,10.034965827282324,10.668234268407515,11.171661105970152,11.869396773641705,,8.843455168660125,10.668234268407515,11.869396773641705,10.643976185884304,8.843455168660125,"rgba(38, 166, 154, 1.0)",1.0991264467509394,10.221941761434742,0.7215350343989716,69.203028964588,13.501421799144168,True,False,True,False,True,2.504067668057047,0.0,0.0,0.0,0.0,0,0.8447498706864703,0.8607847483928177,False,False,False,False,-0.061333211541309225,-0.07678639521187335,False,False,False,False,-472753.0,-1512840.0173883564,False,False,False,False,78559.79677895256,False,False,False,False
2025-06-17 17:00:00+00:00,10.7,10.845,10.545,10.56,58369.0,,,,9.505572373934253,10.03902370974235,10.6681291313795,11.168999433145473,11.86385455219222,,8.866265225186638,10.6681291313795,11.86385455219222,10.64911584007876,8.866265225186638,"rgba(38, 166, 154, 1.0)",1.0996403466103322,10.231597383594641,0.29864547751241416,66.69527868662996,13.501421799144168,True,False,True,False,True,0.4845920914041564,0.0,0.0,0.0,0.0,0,0.8387263593380617,0.8513593380614659,False,False,False,False,-0.08069075028316135,-0.07873857274751735,False,False,False,False,-531122.0,-1497619.5830102423,False,False,False,False,78246.76116997654,False,False,False,False
2025-06-18 17:00:00+00:00,10.995,11.105,10.79,10.87,78303.0,,,,9.552416986999535,10.04676751389558,10.670075205596078,11.167317992760339,11.858144599241792,,8.90050065254259,10.670075205596078,11.858144599241792,10.658944459698663,8.90050065254259,"rgba(38, 166, 154, 0.75)",1.097464181935807,10.24780890255608,0.566935220014599,66.31897363234307,13.501421799144168,True,False,True,False,False,1.8104212854862887,0.0,0.0,0.0,0.0,0,0.8324428613832001,0.8517364203027606,False,False,False,False,-0.06258632137552783,-0.07066244706152258,False,False,False,False,-452819.0,-1481421.1243589206,False,False,False,False,78247.63308982186,False,False,False,False
2025-06-19 17:00:00+00:00,10.87,10.87,10.87,10.87,0.0,,,,9.552416986999535,10.04676751389558,10.670075205596078,11.167317992760339,11.858144599241792,,8.90050065254259,10.670075205596078,11.858144599241792,10.658944459698663,8.90050065254259,"rgba(38, 166, 154, 0.75)",1.0821182222143044,10.24780890255608,0.5749751595262379,66.06810359615181,13.501421799144168,True,False,True,False,False,1.8104212854862887,0.0,0.0,0.0,0.0,0,0.8325415676959622,0.8494655581947744,False,False,False,False,-0.06813822253403086,-0.06940033479777671,False,False,False,False,-452819.0,-1465473.8046014179,False,False,False,False,77034.49149153005,False,False,False,False
2025-06-20 17:00:00+00:00,10.685,10.85,10.605,10.805,46087.0,,,,9.575352359455145,10.05039733418198,10.6704496490306,11.165668122346515,11.854217817146296,,8.918488470535696,10.6704496490306,11.854217817146296,10.663217056432108,8.918488470535696,"rgba(38, 166, 154, 0.75)",1.0578712348631807,10.255532293546505,0.5194088735426858,65.32803161257854,13.501421799144168,True,False,True,False,False,1.5132017291580446,0.0,0.0,0.0,0.0,0,0.8278180324195118,0.8506013296481664,False,False,False,False,-0.07835776485436495,-0.07387904982607083,False,False,False,False,-498906.0,-1450488.2572432563,False,False,False,False,76554.68542189393,False,False,False,False
2025-06-23 17:00:00+00:00,10.535,10.865,10.535,10.78,46287.0,,,,9.597020227073097,10.053868679177597,10.670702433699066,11.163917964223035,11.850207137045194,,8.93594870482189,10.670702433699066,11.850207137045194,10.667143288243597,8.93594870482189,"rgba(38, 166, 154, 0.75)",1.06245687988879,10.262820585414556,0.48677685125402764,64.59599597424153,13.501421799144168,True,False,True,False,False,1.3971811189821075,0.0,0.0,0.0,0.0,0,0.8262841002006991,0.850367947669665,False,False,False,False,-0.08033177302656723,-0.07710541142631902,False,False,False,False,-545193.0,-1436452.67185964,False,False,False,False,76085.41898124441,False,False,False,False
2025-06-24 17:00:00+00:00,10.955,11.045,10.77,10.885,62398.0,,,,9.629259901133075,10.05968345046159,10.67208399255957,11.16250716850975,11.845672586922122,,8.96118679248003,10.67208399255957,11.845672586922122,10.67384141991722,8.96118679248003,"rgba(38, 166, 154, 0.75)",1.0641967194363353,10.27419121674992,0.5739622873237221,64.72634904901233,13.501421799144168,True,False,True,False,False,1.8724104557619405,0.0,0.0,0.0,0.0,0,0.8299486721713905,0.852116343078182,False,False,False,False,-0.06545131608170757,-0.0712783637540133,False,False,False,False,-482795.0,-1421667.2815982501,False,False,False,False,75873.21093502356,False,False,False,False
2025-06-25 17:00:00+00:00,10.835,12.03,10.77,11.66,305109.0,,,,9.829727373435446,10.106075577016504,10.69539598379162,11.170764359413177,11.837486351658063,,9.110489209508506,10.69539598379162,11.837486351658063,10.727889929062963,9.110489209508506,"rgba(38, 166, 154, 1.0)",1.0856300325474453,10.352999082190905,1.2039100601723405,68.25259259914431,14.354378292697433,True,False,True,False,True,5.263619229214683,0.0,0.0,0.0,0.0,0,0.8376432559506319,0.8352189244784015,False,False,False,False,-0.030236179796184245,-0.05075727177509877,False,False,False,False,-177686.0,-1402380.7501006029,False,False,False,False,79427.25417634101,False,False,False,False
2025-06-26 17:00:00+00:00,11.67,11.73,11.37,11.72,98184.0,,,,9.889371481215335,10.121612089303301,10.70371163049708,11.174308435266722,11.835804971147292,,9.157090672032794,10.70371163049708,11.835804971147292,10.744961721485947,9.157090672032794,"rgba(38, 166, 154, 1.0)",1.1225381351500991,10.377564783354519,1.1958927493059999,70.80941351470238,16.840377555487734,True,False,True,False,True,5.518166246685077,0.0,0.0,0.0,0.0,0,0.8472109943411481,0.8383185125303154,False,False,False,False,-0.019529640712857316,-0.03514345624397804,False,False,False,False,-79502.0,-1381871.0020370274,False,False,False,False,79718.05643717294,False,False,False,False
2025-06-27 17:00:00+00:00,11.485,11.78,11.35,11.72,100554.0,,,,9.946775430359422,10.137298588903839,10.712164745067874,11.177961398661706,11.834182256395309,,9.20323493759092,10.712164745067874,11.834182256395309,10.76167648387763,9.20323493759092,"rgba(38, 166, 154, 1.0)",1.152749455132251,10.401651031267026,1.1436561196046935,72.5139607917411,18.48790568541979,True,False,True,False,True,5.518166246685077,0.0,0.0,0.0,0.0,0,0.8469313021825108,0.8358722718617256,False,False,False,False,-0.018459273451889087,-0.026801364847933565,False,False,False,False,-79502.0,-1361679.234563585,False,False,False,False,80041.09432186793,False,False,False,False
2025-06-30 17:00:00+00:00,11.695,11.74,11.57,11.58,73949.0,,,,9.98693264028444,10.148728337150363,10.718372261131933,11.180690063437394,11.833076355519097,,9.236261783480986,10.718372261131933,11.833076355519097,10.773559931504646,9.236261783480986,"rgba(38, 166, 154, 1.0)",1.1715082601522697,10.418779707036988,0.9912181863848571,71.90878319516546,18.48790568541979,True,False,True,False,True,4.810395343684153,0.0,0.0,0.0,0.0,0,0.8489918176504969,0.8355493863237874,False,False,False,False,-0.012037872093284696,-0.01941961847060913,False,False,False,False,-153451.0,-1342947.0138726765,False,False,False,False,79946.64324711029,False,False,False,False
2025-07-01 17:00:00+00:00,12.075,12.27,11.91,12.05,97322.0,,,,10.050548437332688,10.167962840859182,10.730355583909157,11.187751832898305,11.834800414811257,,9.286240898250608,10.730355583909157,11.834800414811257,10.794283821962118,9.286240898250608,"rgba(38, 166, 154, 1.0)",1.207813070974067,10.446957425958008,1.3272273769559262,73.52015979771605,19.596460740107787,True,False,True,False,True,6.862175562420418,0.0,0.0,0.0,0.0,0,0.8528315674095728,0.8344903178662771,False,False,False,False,0.018994444506826216,-0.00021258698189145775,False,False,False,False,-56129.0,-1322996.3469909295,False,False,False,False,80216.02862312408,False,False,False,False
2025-07-02 17:00:00+00:00,12.57,13.055,12.525,13.0,130389.0,,,12.86,10.160642596346001,10.20347133728,10.75523368110549,11.205225562032833,11.844430535964293,,9.368549296987876,10.75523368110549,11.844430535964293,11.171500618788103,9.368549296987876,"rgba(38, 166, 154, 1.0)",1.2787912190750181,10.550247983562228,1.9156778525659095,77.06975368243761,22.972570467951755,True,False,True,False,True,10.736719628290228,0.0,0.0,0.0,0.0,0,0.8520570204594138,0.8467390501514145,False,False,False,False,0.0690340672814682,0.03441074014978837,False,False,False,False,74260.0,-1301333.457890295,False,False,False,False,80993.90414834696,False,False,False,False
2025-07-03 17:00:00+00:00,13.005,13.005,13.005,13.005,0.0,,,12.86,10.160642596346001,10.20347133728,10.75523368110549,11.205225562032833,11.844430535964293,,9.368549296987876,10.75523368110549,11.844430535964293,11.171500618788103,9.368549296987876,"rgba(38, 166, 154, 1.0)",1.3480972810894116,10.550247983562228,1.8209012441995744,79.44610752506114,25.164146394490714,True,False,True,False,True,10.756338902962284,0.0,0.0,0.0,0.0,0,0.8451714093658975,0.8564493240719995,False,False,False,False,0.08446127527921524,0.059436007714501804,False,False,False,False,74260.0,-1280006.4275354065,False,False,False,False,79738.18470418654,False,False,False,False
2025-07-04 17:00:00+00:00,13.005,13.005,13.005,13.005,0.0,,,12.86,10.160642596346001,10.20347133728,10.75523368110549,11.205225562032833,11.844430535964293,,9.368549296987876,10.75523368110549,11.844430535964293,11.171500618788103,9.368549296987876,"rgba(38, 166, 154, 1.0)",1.4090973725782001,10.550247983562228,1.7420740853035284,81.0303434201435,26.642979278993536,True,False,True,False,True,10.756338902962284,0.0,0.0,0.0,0.0,0,0.8499208920364651,0.8508249830482937,False,False,False,False,0.08446127527921524,0.07194864149685852,False,False,False,False,74260.0,-1259010.0488139275,False,False,False,False,78501.93377854023,False,False,False,False
2025-07-07 17:00:00+00:00,12.0,12.1,11.725,11.905,81601.0,,,12.494317892353411,10.202517471416167,10.21744303092095,10.763614668953657,11.20980443665246,11.844813743373535,,9.404660338823051,10.763614668953657,11.844813743373535,11.122085207278365,9.404660338823051,"rgba(38, 166, 154, 0.75)",1.4349052829969478,10.54670628337811,0.9466086247762306,72.41925917474009,27.559695101555306,True,False,True,False,False,5.151028278059048,0.0,0.0,0.0,0.0,0,0.8491737082180514,0.8511927017124056,False,False,False,False,0.00633080236779333,0.03913972193232593,False,False,False,False,-7341.0,-1239604.3271268897,False,False,False,False,78549.98131685743,False,False,False,False
2025-07-08 17:00:00+00:00,12.005,12.34,11.96,12.245,57575.0,,,12.427540327317468,10.235388876580691,10.22872443951251,10.770839263102287,11.214239149556494,11.846197067334021,,9.432224286489005,10.770839263102287,11.846197067334021,11.120488187233912,9.432224286489005,"rgba(38, 166, 154, 0.75)",1.4728179768030292,10.557925726495112,1.1454737109924018,68.27592948871461,24.107046889885524,True,False,True,False,False,6.561912808064253,0.0,0.0,0.0,0.0,0,0.8442050520059435,0.8447994056463595,False,False,False,False,0.02327628748126746,0.031208004706796695,False,False,False,False,50234.0,-1219606.8336830619,False,False,False,False,78224.78780806894,False,False,False,False
2025-07-09 17:00:00+00:00,11.975,12.195,11.89,12.105,97651.0,,,12.330689489746272,10.28547076205106,10.24642343164998,10.7819120256999,11.22076010465524,11.847698978619817,,9.47578507711839,10.7819120256999,11.847698978619817,11.118825798737044,9.47578507711839,"rgba(38, 166, 154, 0.75)",1.5058250619240234,10.57561627404877,1.0156450205424965,64.5696957701345,20.980227990704236,True,False,True,False,False,5.875521787974883,0.0,0.0,0.0,0.0,0,0.846388454957971,0.8460165141709443,False,False,False,False,0.015605153708308011,0.023406579207552354,False,False,False,False,-47417.0,-1201433.3478895258,False,False,False,False,78525.96939243996,False,False,False,False
2025-07-10 17:00:00+00:00,12.565,12.745,12.48,12.64,57072.0,,,12.369829530099052,10.322289949659147,10.259740778315559,10.791077705168057,11.227019983660366,11.850815205092744,,9.505933428610192,10.791077705168057,11.850815205092744,11.136795525332488,9.505933428610192,"rgba(38, 166, 154, 0.75)",1.5510940631677244,10.595782747828594,1.3179195902514134,64.5082821099268,20.980227990704236,True,False,True,False,False,8.071827680532799,0.0,0.0,0.0,0.0,0,0.8500482518001636,0.844183802241853,False,False,False,False,0.05632264880128037,0.03986461400441636,False,False,False,False,9655.0,-1182656.7843563547,False,False,False,False,78193.34971193701,False,False,False,False
2025-07-11 17:00:00+00:00,12.56,13.0,12.54,12.8,76026.0,,,12.432157628342734,10.372827160270106,10.278424452602453,10.804190308362355,11.236209321808229,11.855772265699242,,9.547203818512154,10.804190308362355,11.855772265699242,11.16326352284752,9.547203818512154,"rgba(38, 166, 154, 0.75)",1.5977973521006164,10.624277676861816,1.3617010444270505,65.10501711527446,20.980227990704236,True,False,True,False,False,8.714544009604076,0.0,0.0,0.0,0.0,0,0.8549720670391063,0.8381378026070764,False,False,False,False,0.06760075672217002,0.05373268536329319,False,False,False,False,85681.0,-1162992.6326609075,False,False,False,False,78159.74739082172,False,False,False,False
2025-07-14 17:00:00+00:00,12.825,12.85,12.4,12.47,59676.0,,,12.44720218515807,10.407780364687767,10.291701460515327,10.813298453482918,11.24239112433813,11.858764556065047,,9.576852145090657,10.813298453482918,11.858764556065047,11.176856357374541,9.576852145090657,"rgba(38, 166, 154, 0.5)",1.6311452064994223,10.642433993957374,1.1204189539720626,63.053709514002634,19.329602222913323,False,False,True,False,False,7.056143764001387,0.0,0.0,0.0,0.0,0,0.8539191511619221,0.8379287155346336,False,False,False,False,0.05721717647727146,0.05547493092028233,False,False,False,False,26005.0,-1144558.5608367072,False,False,False,False,77873.17766383225,False,False,False,False
2025-07-15 17:00:00+00:00,12.59,12.61,12.13,12.205,48177.0,,,12.436729560575742,10.43192782271424,10.30110759274314,10.819514143601229,11.246379600018944,11.8602953414885,,9.598339751969123,10.819514143601229,11.8602953414885,11.182659010190298,9.598339751969123,"rgba(38, 166, 154, 0.5)",1.656088308783031,10.653795609058353,0.9366676781152709,59.89785097316848,16.154604469756762,False,False,True,False,False,5.745416970156832,0.0,0.0,0.0,0.0,0,0.8538116591928254,0.835052316890882,False,False,False,False,0.0389848785778163,0.04722990474904931,False,False,False,False,-22172.0,-1127157.2188082312,False,False,False,False,77412.77180857903,False,False,False,False
2025-07-16 17:00:00+00:00,12.35,12.58,12.315,12.38,59626.0,,,12.435682249838898,10.462677252856933,10.313257918141048,10.827696700583184,11.251778948174193,11.862630642503683,,9.625529362950553,10.827696700583184,11.862630642503683,11.192287285349657,9.625529362950553,"rgba(38, 166, 154, 0.5)",1.684250085751133,10.669152650298962,1.0157917545469763,58.77373453510752,14.880380439752017,False,True,True,False,False,6.482923713795046,0.0,0.0,0.0,0.0,0,0.8522252090800481,0.8341547192353646,False,False,False,False,0.04452277163718107,0.04587633819311519,False,False,False,False,37454.0,-1109101.2309197313,False,False,False,False,77137.00790457004,False,False,False,False
2025-07-17 17:00:00+00:00,12.415,12.5,12.32,12.45,34245.0,,,12.435079876967725,10.479897750199175,10.320168112818658,10.832353726577226,11.254853276013142,11.863959215314436,,9.640900836928964,10.832353726577226,11.863959215314436,11.197718659648393,9.640900836928964,"rgba(38, 166, 154, 0.5)",1.7027929283263126,10.677817596181793,1.0407503897494437,58.425863238974685,14.226961578202676,False,True,True,False,False,6.7794523186490565,0.0,0.0,0.0,0.0,0,0.8497914804885317,0.8340035746201967,False,False,False,False,0.04184282612524424,0.04385958215917972,False,False,False,False,71699.0,-1090794.2505953943,False,False,False,False,76472.01553395655,False,False,False,False
2025-07-18 17:00:00+00:00,12.18,12.27,12.065,12.165,34312.0,,,12.422572517598063,10.494612184041477,10.32620714630536,10.836244295071031,11.257244400405167,11.864676175190754,,9.654728729592478,10.836244295071031,11.864676175190754,11.200259453101976,9.654728729592478,"rgba(38, 166, 154, 0.5)",1.7054958540288054,10.684537120136675,0.8680542238587698,56.02672231514211,11.640140371317663,False,True,True,False,False,5.335032333926829,0.0,0.0,0.0,0.0,0,0.8430722891566268,0.8372740963855423,False,False,False,False,0.024525312128493505,0.03419244714383661,False,False,False,False,37387.0,-1073303.0684156208,False,False,False,False,75818.3718822673,False,False,False,False
2025-07-21 17:00:00+00:00,11.57,11.79,11.515,11.53,75784.0,,,12.346903121898603,10.515727896974868,10.335426118302545,10.841206072623436,11.25928538873367,11.863359513787966,11.611666666666668,9.678109106735347,10.841206072623436,11.863359513787966,11.193651352053514,10.644887886701007,#000000,1.6979095042687098,10.675080650356865,0.5035129066029633,50.66800215609727,6.472640124776731,False,True,False,False,False,2.233627127715934,0.0,0.0,0.0,0.0,0,0.8342861441251693,0.8472995336241913,False,False,False,False,0.03801579516926102,0.03610412115654882,False,False,False,False,-38397.0,-1057258.0130913476,False,False,False,False,75817.8389848678,False,False,False,False
2025-07-22 17:00:00+00:00,12.56,13.04,12.55,12.98,98140.0,,,12.401862611330946,10.571663299436223,10.35862633630318,10.857769792666236,11.271109539170363,11.870008759649188,12.314182133192276,9.726538069713666,10.857769792666236,11.870008759649188,11.221840056426023,11.02036010145297,"rgba(38, 166, 154, 0.5)",1.7071533837581783,10.750831297327736,1.305781146486619,54.32632780830245,6.472640124776731,False,True,True,False,True,8.239058301358,0.0,0.0,0.0,0.0,0,0.8442468540426497,0.8279707633185143,False,False,False,False,0.1331530913229855,0.08462860623976716,False,False,False,False,59743.0,-1039940.1679271407,False,False,False,False,76163.91900060629,False,False,False,False
2025-07-23 17:00:00+00:00,13.74,14.155,13.54,13.62,123879.0,,,12.565948541141076,10.665353378339626,10.397814549539262,10.887687432966464,11.29425739413413,11.885942532636076,12.920461205338205,9.80286643577038,10.887687432966464,11.885942532636076,11.28283397145944,11.361663820554291,"rgba(38, 166, 154, 0.5)",1.7538067348098474,10.846679089021196,1.5813150080527514,58.70983248946017,2.2893851066507693,False,True,True,False,True,10.631666719567225,0.0,0.0,0.0,0.0,0,0.8512778481484243,0.8177483048953135,False,False,False,False,0.22293284513583708,0.15378072568780213,False,False,False,False,183622.0,-1020970.2118352471,False,False,False,False,76903.6876982713,False,False,False,False
2025-07-24 17:00:00+00:00,13.39,13.91,13.26,13.735,130899.0,,,12.686061434739965,10.754469103432646,10.436619118262943,10.917173276812724,11.316931950080793,11.90129226321081,13.138637033028383,9.87777973548545,10.917173276812724,11.90129226321081,11.335424524423312,11.508208384256918,"rgba(38, 166, 154, 0.5)",1.7869919034691708,10.914136960336796,1.5785539006567015,61.95554043547407,5.237079914237036,False,False,True,False,True,11.051879010494389,0.0,0.0,0.0,0.0,0,0.8508205242444495,0.8187421103438034,False,False,False,False,0.20026322618322648,0.1770219759355143,False,False,False,False,314521.0,-1000264.9217292743,False,False,False,False,77740.8243231043,False,False,False,False
2025-07-25 17:00:00+00:00,13.73,14.315,13.67,14.11,146202.0,,,12.836093523197388,10.860749094670846,10.48411554400402,10.954065498655778,11.345989296773997,11.921971446462843,13.365740546827528,9.966538153722126,10.954065498655778,11.921971446462843,11.40049740062748,11.666139350274827,"rgba(38, 166, 154, 0.5)",1.8309014345574044,10.99365992763769,1.702079649697605,65.15672678729985,8.196157643136033,False,False,True,False,True,12.411440318266628,0.0,0.0,0.0,0.0,0,0.8568151546544327,0.8138227023827144,False,False,False,False,0.2355510007553303,0.2062864883454223,False,False,False,False,460723.0,-977613.9461985879,False,False,False,False,78802.23789949028,False,False,False,False
2025-07-28 17:00:00+00:00,14.715,14.935,14.55,14.645,82762.0,,14.709999999999997,12.947346369529953,10.930139954657417,10.515485625040283,10.979082812160515,11.366249327909355,11.937207499668588,13.534904835179761,10.023228141095656,10.979082812160515,11.937207499668588,11.912215941280873,11.779066488137708,"rgba(38, 166, 154, 1.0)",1.890227194505501,11.249106287833362,1.7965531984926455,68.5865158761207,11.406441070168206,True,False,True,False,True,14.29043087529417,0.0,0.0,0.0,0.0,0,0.8631679670248787,0.8078168703076698,False,False,False,False,0.3021091047366349,0.2541977965410286,False,False,False,False,543485.0,-954031.0168001602,False,False,False,False,78863.6295599633,False,False,False,False
2025-07-29 17:00:00+00:00,13.945,14.17,13.84,14.0,62035.0,,14.407244648254682,12.992336655790217,10.971112475938515,10.534785368495232,10.994106735607758,11.37810036611902,11.945636236952623,13.575281271898561,10.058565832154839,10.994106735607758,11.945636236952623,11.889046069594006,11.8169235520267,"rgba(38, 166, 154, 1.0)",1.9241790691334766,11.257008790213618,1.4255384302780325,66.94032900154924,11.406441070168206,True,False,True,False,True,11.110161545433659,0.0,0.0,0.0,0.0,0,0.853040293040293,0.8198534798534799,False,False,False,False,0.23664217436736618,0.24541998545419738,False,False,False,False,481450.0,-931775.4971598475,False,False,False,False,78602.72057453751,False,False,False,False
2025-07-30 17:00:00+00:00,14.065,14.2,13.58,13.9,62914.0,,14.251585022780048,13.029655030453851,11.010097116705019,10.553527790612266,11.008640419066015,11.389511959478552,11.953661228453425,13.600849306491698,10.092787416691522,11.008640419066015,11.953661228453425,11.88523979536417,11.846818361591609,"rgba(38, 166, 154, 0.5)",1.9497824711197806,11.271883685564388,1.3479023190347266,65.2795631054465,11.406441070168206,False,False,True,False,False,10.62767263935347,0.0,0.0,0.0,0.0,0,0.850802021533729,0.821724163187578,False,False,False,False,0.24844529645266328,0.24693264095343032,False,False,False,False,418536.0,-910840.4351883769,False,False,False,False,78359.4845966377,False,False,False,False
2025-07-31 17:00:00+00:00,13.705,13.77,13.28,13.445,103292.0,,14.001410993891806,13.059496614901338,11.063428383717739,10.580263348558269,11.028963941725488,11.40510404692507,11.964040118647908,13.588896494402533,10.141963091342923,11.028963941725488,11.964040118647908,11.871815349766804,11.865429792872728,"rgba(38, 166, 154, 0.5)",1.9523667272925709,11.28633615975341,1.1056651448061192,61.7013466891344,11.406441070168206,False,True,True,False,False,8.456577672703098,0.0,0.0,0.0,0.0,0,0.8533167009098916,0.8187555033754037,False,False,False,False,0.21545417153086502,0.23119340624214768,False,False,False,False,315244.0,-891831.3741777044,False,False,False,False,78746.03522304642,False,False,False,False
2025-08-01 17:00:00+00:00,13.0,13.12,12.75,13.09,55771.0,,13.847110782116507,13.05707603607727,11.085430682857888,10.592002023510549,11.037554704659893,11.411392767372229,11.96773670360709,13.553229355823682,10.16397052801658,11.037554704659893,11.96773670360709,11.856900528600205,11.858599941920131,"rgba(38, 166, 154, 0.5)",1.9449603205849488,11.286719617445938,0.927155358116367,57.58790166790564,14.809202934554719,False,True,True,False,False,6.8052370350947236,0.0,0.0,0.0,0.0,0,0.8496158068057083,0.8204903036955729,False,False,False,False,0.1630559539815953,0.1971246801118715,False,False,False,False,259473.0,-873981.693957895,False,False,False,False,78389.83312656508,False,False,False,False
2025-08-04 17:00:00+00:00,13.6,13.705,13.41,13.685,89223.0,,13.798759662892518,13.084486576421044,11.130625672228476,10.61529475913903,11.055418337034787,11.425227099579287,11.9771217829822,13.557277287861137,10.205976943205064,11.055418337034787,11.9771217829822,11.869561984325333,11.8816271155331,"rgba(38, 166, 154, 0.5)",1.9500090043685356,11.310554830275674,1.2176585669117126,57.41079246353106,14.444180352579792,False,True,True,False,False,9.037452208157376,0.0,0.0,0.0,0.0,0,0.8483026614854463,0.8246205733558181,False,False,False,False,0.22762457655901977,0.21237462833544563,False,False,False,False,348696.0,-855025.4506407185,False,False,False,False,78557.7892021222,False,False,False,False
2025-08-05 17:00:00+00:00,13.355,13.57,13.25,13.31,82356.0,,13.734188850066777,13.097496250104303,11.167279300089074,10.634891919797305,11.070259555623252,11.436546862788006,11.984510247507963,13.543916160718803,10.241356925830503,11.070259555623252,11.984510247507963,11.87502471228238,11.892636543274653,"rgba(38, 166, 154, 0.5)",1.9495760061112895,11.32711517587043,1.017085160011135,55.44275100145555,12.271342959485665,False,True,True,False,False,7.304850694829764,0.0,0.0,0.0,0.0,0,0.8454712137880456,0.8225155848918226,False,False,False,False,0.21677211252951736,0.21457337043248148,False,False,False,False,266340.0,-837639.9397780716,False,False,False,False,78616.67619123659,False,False,False,False
2025-08-06 17:00:00+00:00,12.46,12.695,12.38,12.65,70892.0,,13.59930515638208,13.078209177232932,11.186780414872642,10.646672078041187,11.078495774674929,11.442203212187316,11.987181485643454,13.485909605407203,10.263558752769748,11.078495774674929,11.987181485643454,11.859835328433503,11.874734179088476,#000000,1.9373851026673228,11.325696741669178,0.6835518950298362,51.35807800117838,8.190924185063096,False,True,False,False,False,4.366199837214548,0.0,0.0,0.0,0.0,0,0.8476448215330605,0.821679344645992,False,False,False,False,0.1379864368485583,0.17627990364051987,False,False,False,False,195448.0,-821623.0724946907,False,False,False,False,78496.91376966704,False,False,False,False
2025-08-07 17:00:00+00:00,12.52,12.815,12.425,12.8,90295.0,,13.480643379935385,13.060327535623575,11.212670710061195,10.66227670109838,11.08958352997188,11.449987111435991,11.991150576258338,13.428810503508458,10.29248992081712,11.08958352997188,11.991150576258338,11.849519934912106,11.860650212162788,#000000,1.9305023432512396,11.329266594149937,0.7618397413458408,49.38588188199933,6.14535653499351,False,True,False,False,False,4.946262772359095,0.0,0.0,0.0,0.0,0,0.8546931407942241,0.8143050541516247,False,False,False,False,0.14534897666233274,0.16081444015142632,False,False,False,False,285743.0,-804454.6062544629,False,False,False,False,78679.8298352536,False,False,False,False
2025-08-08 17:00:00+00:00,12.205,12.535,12.12,12.29,124821.0,,13.304146951396293,13.016765129326526,11.238473229501048,10.67962619656567,11.101200330018466,11.457441900561406,11.993695136771132,13.329453383264307,10.325418680868173,11.101200330018466,11.993695136771132,11.82733555344865,11.82743603206624,"rgba(239, 83, 80, 1.0)",1.915190254703938,11.37965188654308,0.47533038100052705,46.076221202267526,2.84932515734517,False,True,False,True,False,2.731573292005507,0.0,0.0,0.0,0.0,0,0.8521374560155723,0.8108856779216891,False,False,False,False,0.11931043106502082,0.14006243560822357,False,False,False,False,160922.0,-789487.527087727,False,False,False,False,79395.196814552,False,False,False,False
2025-08-11 17:00:00+00:00,12.44,12.545,12.3,12.315,54305.0,,13.24744307658807,13.001140130689706,11.250048140429115,10.68738694730472,11.106480260116705,11.460912946893798,11.995033890969871,13.294231114887253,10.339916466862876,11.106480260116705,11.995033890969871,11.82120648471314,11.817073790875064,"rgba(239, 83, 80, 1.0)",1.902158015812129,11.381557474627183,0.49072817169412825,44.01529475226368,0.7322899474720188,False,True,False,True,False,2.831574595916102,0.0,0.0,0.0,0.0,0,0.8523162399579549,0.8156017719047977,False,False,False,False,0.1277480726015091,0.13390525410486634,False,False,False,False,215227.0,-773910.5576755141,False,False,False,False,79006.20151510157,False,False,False,False
2025-08-12 17:00:00+00:00,12.955,13.09,12.775,12.83,88371.0,,13.215540287841451,12.997152431361929,11.276651603427544,10.70362398810158,11.118377511542533,11.469597779221305,12.000014018306969,13.271541606758406,10.36886790487743,11.118377511542533,12.000014018306969,11.825851088543331,11.820204755817919,"rgba(239, 83, 80, 1.0)",1.8913002629635245,11.405106384661455,0.7533936536897874,45.50996361671565,0.7322899474720188,False,True,False,True,False,4.871401734770362,0.0,0.0,0.0,0.0,0,0.8640842421963145,0.8040616773223016,False,False,False,False,0.17338684007124147,0.1536460470880539,False,False,False,False,303598.0,-757204.9986417852,False,False,False,False,79151.39218928604,False,False,False,False
2025-08-13 17:00:00+00:00,13.835,14.22,13.565,13.58,133853.0,,13.28518400112636,13.04105608606562,11.336589196763425,10.737559702355723,11.144961542540349,11.490625431936634,12.01482420297491,13.31282002342372,10.426490729979053,11.144961542540349,12.01482420297491,11.864400023394717,11.869655376701386,#000000,1.8884095219320747,11.474508640182645,1.1149548524110275,49.76818350193671,0.7322899474720188,False,True,False,False,True,7.6982372170055875,0.0,0.0,0.0,0.0,0,0.8544152744630072,0.802878878281623,False,False,False,False,0.2614444895962561,0.207545268342155,False,False,False,False,437451.0,-738683.2002132304,False,False,False,False,79999.47913208781,False,False,False,False
2025-08-14 17:00:00+00:00,12.97,13.33,12.9,13.24,158729.0,,13.268989081883754,13.048194031754972,11.386677180726945,10.768712489293778,11.168436861944421,11.508351321818513,12.025928868634349,13.299309118319401,10.479979440320355,11.168436861944421,12.025928868634349,11.88218426229382,11.889644279319878,#000000,1.8736093028753398,11.506402665055905,0.925271523942385,50.890681220673514,-5.623476174597592,False,True,False,False,True,6.18443298377127,0.0,0.0,0.0,0.0,0,0.8470909627879506,0.8075162433549914,False,False,False,False,0.18988389189077198,0.19871458011646348,False,False,False,False,278722.0,-722909.4761789168,False,False,False,False,81220.09185872211,False,False,False,False
2025-08-15 17:00:00+00:00,13.43,13.515,13.265,13.355,99139.0,,13.276967161677552,13.060452283859897,11.42033182113905,10.789534772323144,11.184427047885912,11.520695765993326,12.034094018199061,13.303360695923072,10.515016619517944,11.184427047885912,12.034094018199061,11.89807183872542,11.909188657720508,"rgba(38, 166, 154, 0.5)",1.8647724736223363,11.531153418109115,0.9780531446541829,52.147053194382494,-4.1606333831758135,False,True,True,False,True,6.616466904079875,0.0,0.0,0.0,0.0,0,0.857111094641666,0.805973467724005,False,False,False,False,0.21493981920194996,0.2068271996592067,False,False,False,False,377861.0,-705843.2672459102,False,False,False,False,81497.90438804425,False,False,False,False
2025-08-18 17:00:00+00:00,13.535,13.72,13.44,13.465,103836.0,,13.295759347205491,13.078466023853265,11.457223136671473,10.812343929703257,11.202157092489896,11.534573071588099,12.043567324457191,13.31550536491324,10.552859056658873,11.202157092489896,12.043567324457191,11.91772713228124,11.934182210786057,"rgba(38, 166, 154, 0.5)",1.8587434605812159,11.55985886241342,1.0249618508359701,53.495665984894806,-2.5624330852762114,False,True,True,False,True,7.03295091862454,0.0,0.0,0.0,0.0,0,0.8599925843529849,0.7980719317760475,False,False,False,False,0.23240594144599858,0.21961657055260264,False,False,False,False,481697.0,-687431.7902343458,False,False,False,False,81844.2314517955,False,False,False,False
2025-08-19 17:00:00+00:00,13.355,13.44,13.145,13.405,96640.0,,13.297881553805693,13.086934355180489,11.487052017924507,10.831615109999976,11.21694902923813,11.545974391906789,12.051047070636374,13.31616172431211,10.584803788842182,11.21694902923813,12.051047070636374,11.931064789813137,11.950482756577145,"rgba(38, 166, 154, 0.5)",1.8385176485814103,11.579900857572428,0.9927014537150665,54.01399311035909,-1.6938787048236534,False,True,True,False,True,6.755811739530213,0.0,0.0,0.0,0.0,0,0.8598882681564246,0.7993296089385475,False,False,False,False,0.20602747200694738,0.212822021279775,False,False,False,False,385057.0,-670804.057052418,False,False,False,False,82073.62321223276,False,False,False,False
2025-08-20 17:00:00+00:00,13.115,13.37,13.05,13.36,33351.0,,13.29708826007194,13.088922038492262,11.496744125112812,10.838012983696826,11.221838659021165,11.549722446840974,12.053468047086803,13.315297567830793,10.595381417623226,11.221838659021165,12.053468047086803,11.935113794331825,11.95533949272701,"rgba(38, 166, 154, 0.5)",1.8196711983958629,11.586075090077632,0.9748601348893015,54.05012545380651,-1.2088992799211695,False,True,True,False,True,6.544977086032631,0.0,0.0,0.0,0.0,0,0.8638951310861425,0.7907865168539328,False,False,False,False,0.19851143617101774,0.20566672872539637,False,False,False,False,351706.0,-654951.1879508301,False,False,False,False,81318.23370506636,False,False,False,False
2025-08-21 17:00:00+00:00,13.265,13.43,13.075,13.1,37609.0,,13.294886859069125,13.090363577734504,11.507189902309616,10.845014571503816,11.227167547677663,11.553785919544927,12.056055077278032,13.313359538517863,10.606950673729886,11.227167547677663,12.056055077278032,11.939209065016811,11.960155106123874,"rgba(38, 166, 154, 0.5)",1.8014925818675138,11.592442760665337,0.836837883490953,52.29221381684235,-1.2088992799211695,False,True,True,False,True,5.323734306498938,0.0,0.0,0.0,0.0,0,0.862957122475032,0.795599609521664,False,False,False,False,0.2023805171741111,0.20402362294975374,False,False,False,False,314097.0,-639927.1850368637,False,False,False,False,80640.57116700332,False,False,False,False
2025-08-22 17:00:00+00:00,13.94,14.295,13.91,14.25,61951.0,,13.326254363544496,13.112255037265,11.533612244379007,10.86107080874183,11.240076646917554,11.564269787760177,12.06380402863173,13.336267717783484,10.632681719261148,11.240076646917554,12.06380402863173,11.957334702462829,11.984474718522316,"rgba(38, 166, 154, 0.5)",1.8033380784607127,11.61628093331941,1.460468837284615,56.74696079204473,1.767753482600213,False,True,True,False,True,9.735193491487465,0.0,0.0,0.0,0.0,0,0.8660329719293035,0.7882815980989158,False,False,False,False,0.28120059762460137,0.24261211028717755,False,False,False,False,376048.0,-624175.6317804782,False,False,False,False,80350.81037371645,False,False,False,False
2025-08-25 17:00:00+00:00,14.015,14.105,13.92,14.075,41131.0,,13.343033494569438,13.124698623432844,11.550085241144648,10.871264875848448,11.248238811188852,11.570867502010723,12.068627399401212,13.348689195238961,10.648992360966805,11.248238811188852,12.068627399401212,11.968116563942308,11.998840778102883,"rgba(38, 166, 154, 0.5)",1.8121372504353963,11.630486648825308,1.3489670004782235,58.54805145215205,3.5610140676340905,False,False,True,False,True,8.91024558694345,0.0,0.0,0.0,0.0,0,0.8622669649515287,0.7967934377330351,False,False,False,False,0.27270832529289724,0.2576602177900374,False,False,False,False,334917.0,-609305.9785745793,False,False,False,False,79742.75129815495,False,False,False,False
2025-08-26 17:00:00+00:00,13.96,14.055,13.85,14.03,39166.0,,13.357071840244515,13.135540631545176,11.56522773261706,10.880743433112606,11.255814207786159,11.576977733476259,12.07307046836243,13.35919495038226,10.66412895431413,11.255814207786159,12.07307046836243,11.977778006734885,12.011661952348195,"rgba(38, 166, 154, 0.5)",1.8200008712009752,11.643220148833532,1.3114168728894555,59.43360300263005,4.552480710398001,False,False,True,False,True,8.696440479320795,0.0,0.0,0.0,0.0,0,0.8703940923818856,0.7942882977921786,False,False,False,False,0.2670681321891596,0.2623641749895985,False,False,False,False,295751.0,-595274.0874338882,False,False,False,False,79113.65437880372,False,False,False,False
2025-08-27 17:00:00+00:00,14.075,14.125,13.97,14.03,20476.0,,13.36489024781576,13.14151769618436,11.573275107542864,10.885776690867457,11.259849659454256,11.580243759716312,12.075462027773927,13.365096699273284,10.672137892445923,11.259849659454256,12.075462027773927,11.983002169907849,12.018617295859602,"rgba(38, 166, 154, 0.5)",1.817336314301899,11.650050345378638,1.309581300880779,60.023970702948716,5.346842191437069,False,False,True,False,True,8.696440479320795,0.0,0.0,0.0,0.0,0,0.8771452332350497,0.7852876691615635,False,False,False,False,0.27600625320966277,0.26918521409963064,False,False,False,False,295751.0,-581459.7449930528,False,False,False,False,78204.54345820211,False,False,False,False
2025-08-28 17:00:00+00:00,14.24,14.45,14.185,14.285,46889.0,14.306666666666667,13.38889219720692,13.15885556113745,11.593465024527335,10.89820521212574,11.269922872991891,11.588491989790386,12.081651922673231,13.383380160193083,10.69176683253765,11.269922872991891,12.081651922673231,12.285768930889951,12.037573496365367,"rgba(38, 166, 154, 1.0)",1.818004194784318,11.8478894329536,1.34054177324686,61.6897245482064,7.163661812290506,True,False,True,False,True,9.678493177973145,0.0,0.0,0.0,0.0,0,0.8911155135629383,0.7772020725388602,False,False,False,False,0.3016513035213857,0.2854182588105082,False,False,False,False,342640.0,-567132.6171637031,False,False,False,False,77719.03115652455,False,False,False,False
2025-08-29 17:00:00+00:00,14.175,14.215,13.97,14.03,33164.0,14.209311914190183,13.400981830471483,13.16836257383403,11.606344621677316,10.906339039614675,11.276459168187886,11.593794023216136,12.085549051566755,13.392705119065857,10.704628365365254,11.276459168187886,12.085549051566755,12.280892777844809,12.048666742215556,"rgba(38, 166, 154, 0.5)",1.8154349812571884,11.85224073613329,1.1995798727854257,60.640546944951566,7.163661812290506,False,False,True,False,True,8.417739366681694,0.0,0.0,0.0,0.0,0,0.8845739772377731,0.7882190095355276,False,False,False,False,0.28025507848992726,0.2828366686502177,False,False,False,False,309476.0,-553541.7858898472,False,False,False,False,77028.25547967921,False,False,False,False
2025-09-01 17:00:00+00:00,14.03,14.03,14.03,14.03,0.0,14.209311914190183,13.400981830471483,13.16836257383403,11.606344621677316,10.906339039614675,11.276459168187886,11.593794023216136,12.085549051566755,13.392705119065857,10.704628365365254,11.276459168187886,12.085549051566755,12.280892777844809,12.048666742215556,"rgba(38, 166, 154, 0.5)",1.8010520148961469,11.85224073613329,1.2091595611092247,59.94109520944835,7.163661812290506,False,False,True,False,True,8.417739366681705,0.0,0.0,0.0,0.0,0,0.8783667733624798,0.8006089468342574,False,False,False,False,0.27435656142331094,0.27859661503676436,False,False,False,False,309476.0,-540161.6651783767,False,False,False,False,75834.01896061441,False,False,False,False
2025-09-02 17:00:00+00:00,13.215,13.38,13.2,13.38,77444.0,13.772021858617414,13.397766331780673,13.171963003194579,11.62689268964451,10.920699463205,11.28753172416733,11.602358259598253,12.091168602926457,13.390475469963729,10.72766404626042,11.28753172416733,12.091168602926457,12.233800241641777,12.059069758112074,"rgba(38, 166, 154, 0.5)",1.7787424143415709,11.836948429385757,0.8674957982521762,54.72772256245291,9.084535172868136,False,True,True,False,False,5.246673719368864,0.0,0.0,0.0,0.0,0,0.8759050214091086,0.8021019852082523,False,False,False,False,0.20579937990173836,0.24219799746925136,False,False,False,False,232032.0,-528189.6703694096,False,False,False,False,75858.97990696148,False,False,False,False
2025-09-03 17:00:00+00:00,13.4,13.43,13.28,13.335,62748.0,13.651312613982915,13.396225561467205,13.175291973499913,11.643456212053,10.932346025247217,11.296539351872813,11.609348689552792,12.09578850952305,13.389453728722376,10.746233694562813,11.296539351872813,12.09578850952305,12.225038617149863,12.067843711642595,#000000,1.7348773952581413,11.83936863539783,0.8620962891614756,50.97755985923118,5.674852659983031,False,True,False,False,False,5.031751054303367,0.0,0.0,0.0,0.0,0,0.8735487919673675,0.8022434891747726,False,False,False,False,0.2117367151337384,0.2269673563014949,False,False,False,False,169284.0,-517376.12509236444,False,False,False,False,75655.708900652,False,False,False,False
2025-09-04 17:00:00+00:00,13.345,13.585,13.345,13.575,47445.0,13.624789576251137,13.398653317370407,13.179884346294914,11.656877615227046,10.941632499972693,11.303803179347272,11.615060026345553,12.099684107940726,13.391473807872375,10.760917926843652,11.303803179347272,12.099684107940726,12.227548083593717,12.076195867358013,#000000,1.695664734519469,11.84654802398403,1.0193359222663745,50.3684739331543,5.1566909362992135,False,True,False,False,False,6.036932356605,0.0,0.0,0.0,0.0,0,0.889189619487343,0.7965292150931382,False,False,False,False,0.2218183569395164,0.22439285662050565,False,False,False,False,216729.0,-505994.6502847309,False,False,False,False,75218.33356885894,False,False,False,False
2025-09-05 17:00:00+00:00,13.95,14.07,13.855,13.975,73130.0,13.698146396925063,13.418120944714548,13.196586095120104,11.682309129752188,10.95839177455889,11.317255164878377,11.625949271135509,12.107624116123077,13.407003307069251,10.78703612288946,11.317255164878377,12.107624116123077,12.25054786165097,12.097019714979355,"rgba(38, 166, 154, 0.5)",1.6473878449572197,11.870854487664888,1.2772617685483492,52.64700173023534,5.1566909362992135,False,True,True,False,True,7.681680246226897,0.0,0.0,0.0,0.0,0,0.8953904943873896,0.7873576944510788,False,False,False,False,0.2680070034058744,0.24619993001319002,False,False,False,False,289859.0,-493655.83400124667,False,False,False,False,75185.95630422546,False,False,False,False
2025-09-08 17:00:00+00:00,13.655,13.97,13.615,13.94,91297.0,13.728469133745413,13.435499751689298,13.213240254590806,11.711588144136877,10.97819693942288,11.33307595727985,11.638684448802087,12.11678213743049,13.421176280388014,10.81779272211492,11.33307595727985,12.11678213743049,12.269442095887213,12.119484501251467,"rgba(38, 166, 154, 0.5)",1.5933689646967302,11.894471472663788,1.283775806268162,53.87329688137198,5.1566909362992135,False,True,True,False,True,7.505988961820059,0.0,0.0,0.0,0.0,0,0.8859572439005008,0.7909878407375031,False,False,False,False,0.25210737431396146,0.24915365216357574,False,False,False,False,198562.0,-482923.77455936687,False,False,False,False,75435.73992741577,False,False,False,False
2025-09-09 17:00:00+00:00,13.48,13.57,13.32,13.51,48168.0,13.702212845845002,13.436160162554772,13.216645803441542,11.724054363916524,10.987182720216936,11.340107452227553,11.644210943198068,12.120533008963928,13.421945626808732,10.831789949914679,11.340107452227553,12.120533008963928,12.27138841254554,12.126867788361706,#000000,1.541791379421588,11.900780891665603,1.04373336744048,51.40439701136789,5.1566909362992135,False,True,False,False,False,5.365154709201047,0.0,0.0,0.0,0.0,0,0.885193476175248,0.7882155420530862,False,False,False,False,0.2199820855343425,0.23456786884895914,False,False,False,False,150394.0,-473104.89433364023,False,False,False,False,75012.98426962637,False,False,False,False
2025-09-10 17:00:00+00:00,13.13,13.215,12.61,12.61,55669.0,13.609712714772787,13.42123236556868,13.210452395970176,11.73290993457007,10.99476517180421,11.345691101036971,11.648275920995854,12.122745390234991,13.410245819581126,10.843807874557733,11.345691101036971,12.122745390234991,12.260723124369218,12.12702684706943,"rgba(239, 83, 80, 1.0)",1.4878578470317763,11.89769894566269,0.47874268080000065,45.23781912125614,0.6010248539677079,False,True,False,True,False,1.1453814549332542,0.0,0.0,0.0,0.0,0,0.872754728977905,0.7964552535367987,False,False,False,False,0.17158476834907205,0.2030763185990156,False,False,False,False,94725.0,-464301.33008040546,False,False,False,False,74713.07753676394,False,False,False,False
2025-09-11 17:00:00+00:00,12.98,13.1,12.88,13.07,85295.0,13.528289867133255,13.406938643846923,13.206015594389646,11.748727909090997,11.00755848627037,11.355349453960468,11.655537436572288,12.127108362995084,13.399014793671125,10.86383010895478,11.355349453960468,12.127108362995084,12.254440719282378,12.131422451312952,"rgba(239, 83, 80, 1.0)",1.4475678577198918,11.89990711045801,0.8083164345642764,44.34074645495154,-0.13389523542267057,False,True,False,True,False,3.113970541499647,0.0,0.0,0.0,0.0,0,0.8695928753180663,0.8020833333333335,False,False,False,False,0.17857405543606653,0.19082518701754106,False,False,False,False,180020.0,-454311.8520946628,False,False,False,False,74877.13835014745,False,False,False,False
2025-09-12 17:00:00+00:00,12.67,12.84,12.605,12.655,82529.0,13.431159899381152,13.383570584884982,13.19504881147774,11.759935411485479,11.017856869228195,11.362827761688717,11.660872859396495,12.129801091811716,13.380233379454792,10.880056500535714,11.362827761688717,12.129801091811716,12.24263416116931,12.130144939995253,"rgba(239, 83, 80, 1.0)",1.4081737006393142,11.896592816009106,0.5385750235546758,41.93748039884837,-2.414071369075458,False,True,False,True,False,1.243106674644686,0.0,0.0,0.0,0.0,0,0.8661054637865312,0.8011435832274462,False,False,False,False,0.15451831532385246,0.17267175117069677,False,False,False,False,97491.0,-445756.769116451,False,False,False,False,74995.77186409864,False,False,False,False
2025-09-15 17:00:00+00:00,13.075,13.39,13.05,13.335,92849.0,13.411016502495315,13.379080161444062,13.196555145069851,11.779536636075786,11.033090500062228,11.374614148998496,11.670001118446454,12.135737370200857,13.376656675459142,10.903468885235286,11.374614148998496,12.135737370200857,12.24745394784913,12.140062780347215,"rgba(239, 83, 80, 1.0)",1.3675412868254526,11.907085373431478,1.0441473616370427,44.31798034801728,-2.414071369075458,False,True,False,True,False,4.082978260742088,0.0,0.0,0.0,0.0,0,0.8689704254309664,0.7959829195002375,False,False,False,False,0.19942127641009436,0.18604651379039555,False,False,False,False,190340.0,-435894.80370379286,False,False,False,False,75272.56609876378,False,False,False,False
2025-09-16 17:00:00+00:00,13.19,13.31,13.075,13.13,112523.0,13.381392830299365,13.370442781232743,13.195857337553942,11.801262092744143,11.0505683462338,11.388054792733477,11.68032868460596,12.14229934768771,13.36961783266178,10.930209887880842,11.388054792733477,12.14229934768771,12.251275776636394,12.149913860271312,"rgba(239, 83, 80, 0.75)",1.310243255044049,11.917696981611218,0.9252503408979778,44.91436762541634,-2.414071369075458,False,True,False,True,True,3.157248509817567,0.0,0.0,0.0,0.0,0,0.8730964467005077,0.7888642131979697,False,False,False,False,0.19691999507479221,0.1914832544325939,False,False,False,False,77817.0,-427930.27961536194,False,False,False,False,75850.09220575969,False,False,False,False
2025-09-17 17:00:00+00:00,13.19,13.665,12.805,12.855,30088.0,13.372645511574277,13.36755628826953,13.19520605009138,11.8066937440159,11.055055417261721,11.391488335063048,11.682949934843641,12.143932828614151,13.367240637202428,10.93705474415554,11.391488335063048,12.143932828614151,12.251941013716706,12.152147690678984,"rgba(239, 83, 80, 0.75)",1.2559105594485485,11.92015543076608,0.7443560070427282,44.025099731430736,-2.414071369075458,False,True,False,True,True,1.9246559990065464,0.0,0.0,0.0,0.0,0,0.8680331099724083,0.7914071738273551,False,False,False,False,0.20078664849635433,0.19613495146447413,False,False,False,False,47729.0,-420555.71714070515,False,False,False,False,75140.60240412,False,False,False,False
2025-09-18 17:00:00+00:00,13.11,13.325,13.04,13.255,53846.0,13.36364597388875,13.364446720306251,13.195356665127422,11.817028364258524,11.06341914002269,11.397948960315578,11.687938996757673,12.147139054146107,13.364668037428002,10.949747559541144,11.397948960315578,12.147139054146107,12.254615484352875,12.157207798484574,"rgba(239, 83, 80, 0.75)",1.1896339356717793,11.92576304072109,1.117349563946575,45.75207747714643,-2.414071369075458,False,True,False,True,True,3.5960307567190632,0.0,0.0,0.0,0.0,0,0.8655884431184737,0.7965769019392321,False,False,False,False,0.19601104260891697,0.19607299703669556,False,False,False,False,101575.0,-412460.66726255463,False,False,False,False,74810.45352963751,False,False,False,False
2025-09-19 17:00:00+00:00,13.15,13.2,12.85,13.035,74528.0,13.34023842463367,13.355689651335005,13.192372830184878,11.829279590381516,11.07393428066047,11.405941357564869,11.693986129844621,12.150803408919826,13.357371622236569,10.965713392866835,11.405941357564869,12.150803408919826,12.255280709190606,12.161542507551701,"rgba(239, 83, 80, 0.75)",1.1287317965174408,11.930751680027022,0.9783088625482125,45.76529867678362,-2.414071369075458,False,True,False,True,True,2.5999353359990423,0.0,0.0,0.0,0.0,0,0.8689649731776585,0.7948090880403914,False,False,False,False,0.18173613551914605,0.1889045662779208,False,False,False,False,27047.0,-405646.59490189486,False,False,False,False,74806.07440514701,False,False,False,False
2025-09-22 17:00:00+00:00,13.105,13.18,13.015,13.035,90754.0,13.319588482108996,13.347109503863399,13.189909322020508,11.844455595777212,11.086900692299196,11.415855465249908,11.701540630382398,12.155468126930284,13.350147079036434,10.985275035263092,11.415855465249908,12.155468126930284,12.257603477328988,12.167711057149763,"rgba(239, 83, 80, 0.75)",1.0872874132077202,11.937929281873357,1.0089979013829105,45.774112809875085,-2.414071369075458,False,True,False,True,True,2.5999353359990316,0.0,0.0,0.0,0.0,0,0.8760095011876484,0.7881235154394302,False,False,False,False,0.18829768623920382,0.1886011262585623,False,False,False,False,27047.0,-398938.1670739585,False,False,False,False,75053.32906553232,False,False,False,False
2025-09-23 17:00:00+00:00,13.035,13.04,12.435,12.485,45447.0,13.29443565708849,13.336588023749874,13.184248724558385,11.84935384239154,11.091962926950137,11.419521839856769,11.704137673112925,12.156721081774108,13.341280525118979,10.9929799294093,11.419521839856769,12.156721081774108,12.254621221185278,12.167130227264138,"rgba(239, 83, 80, 1.0)",1.0605523293285708,11.937761263940853,0.5159940918762582,43.032128055807135,-2.6123249584660044,False,True,False,True,False,0.12163896199136914,0.0,0.0,0.0,0.0,0,0.8679111531190926,0.7909577819785761,False,False,False,False,0.15586229855580858,0.17223171240718543,False,False,False,False,-18400.0,-393038.35053017613,False,False,False,False,74594.31621180313,False,False,False,False
2025-09-24 17:00:00+00:00,12.165,12.205,11.96,12.06,55539.0,13.240657017789044,13.313632211436072,13.170130189880163,11.851011429869406,11.095829992074657,11.42188656597628,11.705370200382724,12.156470518762575,13.321891338362406,10.999053428809829,11.42188656597628,12.156470518762575,12.244373515771365,12.160472383586118,"rgba(239, 83, 80, 1.0)",1.0383218963122045,11.931538517399266,0.12372028660571381,39.51046250370511,-6.060849044645508,False,True,False,True,False,0.0,0.0,0.0,0.0,0.0,0,0.8693222073525939,0.797291978272849,False,False,False,False,0.09762506344654594,0.13492838792686568,False,False,False,False,-73939.0,-388091.0737777703,False,False,False,False,74298.88495270541,False,False,False,False
2025-09-25 17:00:00+00:00,11.975,12.04,11.85,11.95,43266.0,13.197677582120521,13.294526269440892,13.158118187312454,11.85155571657262,11.098429419033408,11.423357285415566,11.70599330437433,12.15597058909435,13.305680619580574,11.00317904263911,11.423357285415566,12.15597058909435,12.235703544170518,12.15442983110984,"rgba(239, 83, 80, 1.0)",1.0108310647395298,11.925947687600306,0.023794591637219566,36.75242636021143,-8.673418573665366,False,True,False,True,False,0.0,0.0,0.0,0.0,0.0,0,0.873241662715347,0.7982456140350878,False,False,False,False,0.08549597026866158,0.11021217909776362,False,False,False,False,-117205.0,-383891.2896881924,False,False,False,False,73817.75495343865,False,False,False,False
2025-09-26 17:00:00+00:00,11.655,11.83,11.6,11.71,58397.0,13.133988900440727,13.265249514389382,13.139222875398794,11.850502255503878,11.100954616219742,11.424450030110002,11.706018798497228,12.154551555477045,13.28074300378375,11.007327717518619,11.424450030110002,12.154551555477045,12.2218673182546,12.144035360651184,"rgba(239, 83, 80, 1.0)",0.9802148275297186,11.916303817071228,-0.21046796199884255,34.02738298492263,-11.215825180806974,False,True,False,True,False,0.0,0.0,0.0,0.0,0.0,0,0.8693388038504024,0.8002209247277894,False,False,False,False,0.06526147412018736,0.0877368266089755,False,False,False,False,-175602.0,-380661.9983751972,False,False,False,False,73578.67348129231,False,False,False,False
2025-09-29 17:00:00+00:00,11.415,11.6,11.3,11.31,140488.0,12.972060260063861,13.185849558996853,13.086272623810112,11.842450888806697,11.103912753867068,11.424260310694722,11.703510560536634,12.148802150584737,13.212577747626089,11.012816115125856,11.424260310694722,12.148802150584737,12.183389888420084,12.112696931375972,"rgba(239, 83, 80, 1.0)",0.9734719465046942,11.88625409098291,-0.5919575731503939,30.89952809283965,-14.10427872543827,False,True,False,True,False,0.0,0.0,0.0,0.0,0.0,0,0.8618644737882503,0.8087293429271765,False,False,False,False,0.04201276772989957,0.06487479716943753,False,False,False,False,-316090.0,-379660.88212131814,False,False,False,False,74616.02738080717,False,False,False,False
2025-09-30 17:00:00+00:00,11.475,11.75,11.46,11.665,90263.0,12.89567359251716,13.14422470901271,13.058184763441647,11.839964125128372,11.10716757355705,11.425412409860085,11.703094774711156,12.146239058169593,13.176387232291166,11.01821925914004,11.425412409860085,12.146239058169593,12.16499512579972,12.097303245715603,"rgba(239, 83, 80, 1.0)",0.9468531712620146,11.878377781800264,-0.22535466773149634,31.84923094089624,-14.10427872543827,False,True,False,True,False,0.0,0.0,0.0,0.0,0.0,0,0.8665551306564692,0.7965264499681327,False,False,False,False,0.05560394920440488,0.060239373186921207,False,False,False,False,-225827.0,-377275.8606930806,False,False,False,False,74858.61610358534,False,False,False,False
2025-10-01 17:00:00+00:00,12.135,12.465,12.08,12.37,95656.0,12.862189690348156,13.12115889395863,13.043148714533544,11.845532526770912,11.11504437160677,11.43072987565274,11.706454018890296,12.147058082581964,13.155832755891709,11.0301434364968,11.43072987565274,12.147058082581964,12.158914521792877,12.092988096194254,"rgba(239, 83, 80, 0.75)",0.9203325534881469,11.891025254975954,0.5204366000188582,37.176509868366026,-18.229906550683516,False,True,False,True,True,0.0,0.0,0.0,0.0,0.0,0,0.8748612212529738,0.7856463124504361,False,False,False,False,0.11443327349345479,0.087336323340188,False,False,False,False,-130171.0,-373444.77758155996,False,False,False,False,75181.05616399487,False,False,False,False
2025-10-02 17:00:00+00:00,12.32,12.435,12.165,12.31,84183.0,12.835633993845507,13.10184438563027,13.030375390766771,11.850306502446427,11.121881626982374,11.4353478366665,11.709371340424374,12.147764381090502,13.138495583648005,11.040442597195192,11.4353478366665,12.147764381090502,12.15406568223159,12.089469090421598,"rgba(239, 83, 80, 0.75)",0.8930528923134788,11.896705025383152,0.46278891001203276,40.41002231182162,-15.33509433796133,False,True,False,True,True,0.0,0.0,0.0,0.0,0.0,0,0.8804486159720012,0.7838848234171175,False,False,False,False,0.11687116043119133,0.10210374188568966,False,False,False,False,-214354.0,-370978.2538981249,False,False,False,False,75320.62118470813,False,False,False,False
2025-10-03 17:00:00+00:00,12.905,12.97,12.68,12.81,74003.0,12.835007120508076,13.09611202860718,13.027230117634852,11.859114962849963,11.13042759912122,11.441759684535793,11.714122827915757,12.150424631270896,13.132901654550642,11.053007762885317,11.441759684535793,12.150424631270896,12.156774871555466,12.09295470871798,"rgba(239, 83, 80, 0.75)",0.8597714812675509,11.91078413235617,1.0458777561662398,45.35523812869209,-10.871363584455963,False,True,False,True,True,1.8404424475109487,0.0,0.0,0.0,0.0,0,0.8883325385471308,0.7771419488157686,False,False,False,False,0.15627897038636582,0.12919135613602772,False,False,False,False,-140351.0,-367402.6375586191,False,False,False,False,75300.19294928628,False,False,False,False
2025-10-06 17:00:00+00:00,12.945,13.075,12.63,12.645,55171.0,12.833507264653074,13.09144020160108,13.024541573933485,11.865331813768583,11.136606009244394,11.446375217454895,11.717522229594037,12.1522863932473,13.128383538697255,11.062068539722311,11.446375217454895,12.1522863932473,12.158451337937105,12.095226039209784,#000000,0.8239265306621238,12.00692149255708,0.7744361708199239,47.634557003016084,-8.87906296959212,False,False,False,False,True,1.098705713120058,0.0,0.0,0.0,0.0,0,0.8824006488240065,0.7961881589618818,False,False,False,False,0.15885129759650451,0.14402132686626612,False,False,False,False,-195522.0,-364737.8214724389,False,False,False,False,74988.11243844463,False,False,False,False
2025-10-07 17:00:00+00:00,12.11,12.14,11.545,11.595,90041.0,12.784954573994638,13.059756134894462,13.002194024053416,11.864188032064671,11.140385901251856,11.448126335769457,11.717741501395237,12.150412107422486,13.100115417064911,11.067982577450111,11.448126335769457,12.150412107422486,12.145969826355778,12.084048997257511,"rgba(239, 83, 80, 1.0)",0.8040415199271493,11.955566683117556,-0.44844286542593614,44.22286405962474,-8.87906296959212,False,True,False,True,False,0.0,0.0,0.0,0.0,0.0,0,0.8842566307080866,0.8001459972422744,False,False,False,False,0.06545452685281265,0.1047379268595394,False,False,False,False,-285563.0,-363510.3048604631,False,False,False,False,75221.49054017417,False,False,False,False
2025-10-08 17:00:00+00:00,12.015,12.09,11.97,12.07,75444.0,12.757876295091044,13.039885861390653,12.988202885598035,11.86580328246326,11.144950081887556,11.450897935518658,11.719143684119855,12.1499851493515,13.082134740207259,11.07485870556417,11.450897935518658,12.1499851493515,12.13959314692757,12.078496722885713,"rgba(239, 83, 80, 1.0)",0.796637884436783,11.949515784616297,0.15124088087887583,44.57900603646502,-8.87906296959212,False,True,False,True,False,0.0,0.0,0.0,0.0,0.0,0,0.8829572110329208,0.7971366173258919,False,False,False,False,0.08265922176492582,0.09369857431223261,False,False,False,False,-210119.0,-361132.14509518456,False,False,False,False,75224.94029924124,False,False,False,False
2025-10-09 17:00:00+00:00,12.04,12.13,11.61,11.705,79613.0,12.722895161279048,13.015127822933994,12.970412156153202,11.865324461829168,11.148505219308522,11.4526783293392,11.719577336693039,12.148581550052565,13.059784911813269,11.080324308629432,11.4526783293392,12.148581550052565,12.130387754698592,12.070054610221352,"rgba(239, 83, 80, 1.0)",0.7969494202139635,11.936805641310464,-0.2908661897868363,43.332823519091015,-8.87906296959212,False,True,False,True,False,0.0,0.0,0.0,0.0,0.0,0,0.872614040763507,0.8025719831769657,False,False,False,False,0.06797521991399132,0.08083689711311196,False,False,False,False,-289732.0,-360025.16610146075,False,False,False,False,75292.97223258633,False,False,False,False
2025-10-10 17:00:00+00:00,11.23,11.48,11.185,11.48,58967.0,12.687024949762131,12.991034266588814,12.952766032035559,11.86197154235699,11.14941791848746,11.452422071240743,11.718448852838614,12.146208843220514,13.03814466987092,11.081963538174586,11.452422071240743,12.146208843220514,12.119911809566354,12.060054104022754,"rgba(239, 83, 80, 1.0)",0.8023655229590981,11.923575094939917,-0.5528341912100433,41.63346368150608,-8.87906296959212,False,True,False,True,False,0.0,0.0,0.0,0.0,0.0,0,0.871050934880722,0.8061734364925855,False,False,False,False,0.018823510848382748,0.04983020398074735,False,False,False,False,-348699.0,-359849.5666270195,False,False,False,False,75039.8563840191,False,False,False,False
2025-10-13 17:00:00+00:00,11.48,11.73,11.48,11.595,39832.0,12.66776515853513,12.977327764587844,12.942704615087205,11.860758261527165,11.150610600105031,11.452784992360382,11.718185998886353,12.145073192334193,13.025739723175304,11.083866215293442,11.452784992360382,12.145073192334193,12.114401322927911,12.054802969234373,"rgba(239, 83, 80, 1.0)",0.8020253079520553,11.921932515738193,-0.4076336650435683,41.22914122131195,-8.87906296959212,False,True,False,True,False,0.0,0.0,0.0,0.0,0.0,0,0.8773615372194413,0.8017923461973196,False,False,False,False,0.04371603493971056,0.046773119460228954,False,False,False,False,-308867.0,-359059.1392374533,False,False,False,False,74493.99814550718,False,False,False,False
2025-10-14 17:00:00+00:00,11.46,11.765,11.445,11.53,40751.0,12.648369431620436,12.963365605002346,12.932401144315183,11.859425809115443,11.151766005654721,11.453100695592205,11.717868524133213,12.14387010114711,13.013078604146617,11.085717576201109,11.453100695592205,12.14387010114711,12.108770914572581,12.049398090173863,"rgba(239, 83, 80, 1.0)",0.8119567178813825,11.916856354558309,-0.4764494782033751,40.663081868297766,-3.7727547141873643,False,True,False,True,False,0.0,0.0,0.0,0.0,0.0,0,0.883749189889825,0.7973104342190539,False,False,False,False,0.04371603493971056,0.04524457719996976,False,False,False,False,-349618.0,-358912.7649857098,False,False,False,False,73970.8508874373,False,False,False,False
2025-10-15 17:00:00+00:00,11.73,12.145,11.635,11.875,72507.0,12.62489565017511,12.944528736108465,12.918497365301947,11.859639955545624,11.155259765812135,11.454999374094252,11.71854893836262,12.142893144472032,12.995770559602875,11.09098939237064,11.454999374094252,12.142893144472032,12.102407866234023,12.043379975986756,"rgba(239, 83, 80, 1.0)",0.8209330935862806,11.920617018455273,-0.05556727924804813,42.62676418222151,-3.7727547141873643,False,True,False,True,False,0.0,0.0,0.0,0.0,0.0,0,0.8859388786396085,0.7871179914975536,False,False,False,False,0.06953746550150079,0.057391021350735275,False,False,False,False,-277111.0,-357644.5205673267,False,False,False,False,73948.15552484136,False,False,False,False
2025-10-16 17:00:00+00:00,12.46,12.66,12.165,12.375,51359.0,12.620101540161366,12.937873560688242,12.913667461387702,11.86282606353797,11.159446761616314,11.457932882899494,11.72050839590077,12.143578607898329,12.989365400805013,11.097076563532239,11.457932882899494,12.143578607898329,12.101991909261272,12.043220982168627,"rgba(239, 83, 80, 0.5)",0.823189386330244,11.934909805705146,0.5346159724638383,46.77237061272396,-8.52811976454258,False,False,False,True,True,0.29588025124505535,0.0,0.0,0.0,0.0,0,0.8932526089381024,0.779335616983988,False,False,False,False,0.106393804165696,0.08189241275821563,False,False,False,False,-225752.0,-355599.67528721306,False,False,False,False,73597.93605933993,False,False,False,False
2025-10-17 17:00:00+00:00,11.87,11.98,11.805,11.82,52163.0,12.604170121938669,12.92475989769587,12.903870226624312,11.862858847887425,11.161860361913359,11.459222741266629,11.720938851548459,12.142835311359764,12.977256676532871,11.100702089267575,11.459222741266629,12.142835311359764,12.09756454502931,12.038979382900223,"rgba(239, 83, 80, 0.5)",0.8325373026846064,11.93223493602856,-0.1348106993724446,46.49205804277108,-8.52811976454258,False,False,False,True,True,0.0,0.0,0.0,0.0,0.0,0,0.8819422405585529,0.7889558870199938,False,False,False,False,0.045138539430456065,0.06351547609433585,False,False,False,False,-277915.0,-354395.26171686867,False,False,False,False,73265.61146927266,False,False,False,False
2025-10-20 17:00:00+00:00,13.355,13.45,12.76,13.145,210294.0,12.644640015595272,12.933877559316834,12.911678556543288,11.892282926000393,11.18835183255928,11.479981703329129,11.737153046806313,12.153341141125646,12.983143599959146,11.138227438354068,11.479981703329129,12.153341141125646,12.11766334765952,12.060685519156607,"rgba(38, 166, 154, 1.0)",0.8250335619714971,12.017251753771848,1.366911963597321,51.85922487419185,-3.4932069787819273,True,False,True,False,True,3.415772003866536,0.0,0.0,0.0,0.0,0,0.8812504860409052,0.7848199704487132,False,False,False,False,0.16774375663653454,0.1156296163654352,False,False,False,False,-67621.0,-349949.149132111,False,False,False,False,75390.08260928393,False,False,False,False
2025-10-21 17:00:00+00:00,13.095,13.17,13.01,13.035,101212.0,12.660226316961188,12.936931934625227,12.914433762839726,11.905437715923785,11.200545636861346,11.489509337900044,11.744564202810666,12.158076582544679,12.984886446308574,11.155380765709436,11.489509337900044,12.158076582544679,12.126215686308331,12.070133606009005,"rgba(38, 166, 154, 1.0)",0.821536749410291,12.043920942978975,1.2063721528372697,54.85362214156768,-0.726496945415029,True,False,True,False,True,2.9453934198989487,0.0,0.0,0.0,0.0,0,0.8843845014422702,0.7888048647384425,False,False,False,False,0.16620096224575695,0.14091528930559608,False,False,False,False,-168833.0,-347141.14681998524,False,False,False,False,75790.42241379115,False,False,False,False
2025-10-22 17:00:00+00:00,12.34,12.41,12.09,12.285,70229.0,12.650381587683226,12.926702838522553,12.906725610437203,11.908173577913523,11.205291540737429,11.492703214661427,11.74654917178242,12.158445913164714,12.975139588662186,11.16214945160677,11.492703214661427,12.158445913164714,12.124371681862812,12.068644520134477,"rgba(38, 166, 154, 1.0)",0.8193988127983899,12.04213965915244,0.29638844608298837,53.266714591105526,-0.726496945415029,True,False,True,False,True,0.0,0.0,0.0,0.0,0.0,0,0.8783419369751135,0.7933585021958549,False,False,False,False,0.08083112759229075,0.11087320844894341,False,False,False,False,-239062.0,-345465.5011328537,False,False,False,False,75704.19881047655,False,False,False,False
2025-10-23 17:00:00+00:00,12.985,13.39,12.935,13.37,79402.0,12.66617413828519,12.931837963407704,12.911006674946394,11.919566806747472,11.215486799361088,11.500797742009805,11.752966763983476,12.162754690281924,12.978989714417484,11.176367077291467,11.500797742009805,12.162754690281924,12.132573947377882,12.077678395854475,"rgba(38, 166, 154, 1.0)",0.8203950487643323,12.063257092154254,1.5928215434916912,55.92398039436742,0.1714101764056224,True,False,True,False,True,4.020410449098954,0.0,0.0,0.0,0.0,0,0.8808057772709996,0.7900418091980236,False,False,False,False,0.1736652043013654,0.1422692063751544,False,False,False,False,-159660.0,-342584.79568893346,False,False,False,False,75761.5290614769,False,False,False,False
2025-10-24 17:00:00+00:00,13.81,13.94,13.69,13.785,100140.0,12.70390225446089,12.949995102773567,12.925618373931586,11.939816703139387,11.231814522896931,11.514245680061407,11.764089494349115,12.17102812206577,12.994334455357562,11.198946740776114,11.514245680061407,12.17102812206577,12.150063781709832,12.096640598066838,"rgba(38, 166, 154, 1.0)",0.8261971003638553,12.102947092868813,2.0358978582597476,58.82826277584668,2.9569701302817037,True,False,True,False,True,5.534258915788058,0.0,0.0,0.0,0.0,0,0.8869322046708487,0.7877711435265663,False,False,False,False,0.24182081417765378,0.19204501027640408,False,False,False,False,-59520.0,-338196.1942053841,False,False,False,False,76139.48985122144,False,False,False,False
2025-10-27 17:00:00+00:00,13.72,13.72,13.51,13.625,68010.0,12.724023777885554,12.959302399709282,12.933223247346138,11.951971456921164,11.241990632330733,11.5225527163792,11.770890345215815,12.175963149646446,13.002109056134712,11.212979134030588,11.5225527163792,12.175963149646446,12.159989715679291,12.10754409508265,"rgba(38, 166, 154, 1.0)",0.8280765567172977,12.124031521442738,1.812596270696849,59.975158563483625,4.148045691311509,True,False,True,False,True,4.864148149384864,0.0,0.0,0.0,0.0,0,0.8861266434940306,0.7874414387184527,False,False,False,False,0.22072321826214653,0.2063841142692753,False,False,False,False,-127530.0,-334930.0516595642,False,False,False,False,76013.45124887693,False,False,False,False
2025-10-28 17:00:00+00:00,13.625,13.625,13.255,13.41,0.0,12.724023777885554,12.959302399709282,12.933223247346138,11.951971456921164,11.241990632330733,11.5225527163792,11.770890345215815,12.175963149646446,13.002109056134712,11.212979134030588,11.5225527163792,12.175963149646446,12.159989715679291,12.10754409508265,"rgba(38, 166, 154, 1.0)",0.8250005460009656,12.124031521442738,1.5587486393684844,59.65059557762983,4.148045691311509,True,False,True,False,True,3.9632343083761725,0.0,0.0,0.0,0.0,0,0.8832127787823989,0.7893309222423147,False,False,False,False,0.2024207361523044,0.20440242521078986,False,False,False,False,-127530.0,-331714.5469826717,False,False,False,False,74834.9481287393,False,False,False,False
