date,Close,High,Low,Open,Volume,aVWAP_peak_926,aVWAP_peak_916,aVWAP_peak_891,aVWAP_peak_844,aVWAP_peak_807,aVWAP_peak_792,aVWAP_peak_734,aVWAP_peak_718,aVWAP_peak_681,aVWAP_peak_664,aVWAP_peak_637,aVWAP_peak_590,aVWAP_peak_561,aVWAP_valley_902,aVWAP_valley_826,aVWAP_valley_800,aVWAP_valley_759,aVWAP_valley_746,aVWAP_valley_725,aVWAP_valley_694,aVWAP_valley_675,aVWAP_valley_656,aVWAP_valley_615,aVWAP_valley_573,aVWAP_valley_544,aVWAP_valley_530,aVWAP_valley_511,aVWAP_valley_455,aVWAP_valley_405,aVWAP_valley_393,aVWAP_valley_377,aVWAP_valley_338,aVWAP_valley_307,aVWAP_valley_300,aVWAP_valley_241,aVWAP_valley_196,aVWAP_OB_bear_926,aVWAP_OB_bear_734,aVWAP_OB_bear_561,Peaks_avg,Valleys_avg,color,StDev,StDev_Mean,StdDev_ZScore,QQEMOD,QQE1_Value,QQE1_Above_Upper,QQE1_Below_Lower,QQE2_Above_Threshold,QQE2_Below_Threshold,QQE2_Above_TL,banker_RSI,OB,OB_High,OB_Low,OB_Mitigated_Index,TTM_squeeze_Active,VI_plus,VI_minus,VI_Regular_Bullish,VI_Regular_Bearish,VI_Hidden_Bullish,VI_Hidden_Bearish,Fisher,Fisher_Signal,Fisher_Regular_Bullish,Fisher_Regular_Bearish,Fisher_Hidden_Bullish,Fisher_Hidden_Bearish,OBV,OBV_Smoothed,OBV_Regular_Bullish,OBV_Regular_Bearish,OBV_Hidden_Bullish,OBV_Hidden_Bearish,Volume_MA,Vol_Regular_Bullish,Vol_Regular_Bearish,Vol_Hidden_Bullish,Vol_Hidden_Bearish
2022-01-03 00:00:00+00:00,252.4202304337,263.5802189035,249.0352514748,261.0610636115,103986,,,,,,,,,,,,,,,,,,,,,,,,,,,,,,,,,,,,,,,,,,#000000,,,,,,False,False,False,False,False,,0.0,0.0,0.0,0.0,0,,,False,False,False,False,,,False,False,False,False,0,0.0,False,False,False,False,103986.0,False,False,False,False
2022-01-04 00:00:00+00:00,258.0067509776,259.9820471824,254.5782632918,254.5782632918,43459,,,,,,,,,,,,,,,,,,,,,,,,,,,,,,,,,,,,,,,,,,#000000,,,,100.0,,False,False,True,False,False,,0.0,0.0,0.0,0.0,0,,,False,False,False,False,,,False,False,False,False,43459,1704.2745098039215,False,False,False,False,101612.39215686274,False,False,False,False
2022-01-05 00:00:00+00:00,249.0874619472,258.6245749007,247.6690774477,258.6245749007,61543,,,,,,,,,,,,,,,,,,,,,,,,,,,,,,,,,,,,,,,,,,#000000,,,,78.76047847788683,-34.95808608845266,False,False,True,False,True,,0.0,0.0,0.0,0.0,0,,,False,False,False,False,,,False,False,False,False,-18084,928.2637447135718,False,False,False,False,100041.0434448289,False,False,False,False
2022-01-06 00:00:00+00:00,247.3210076319,249.7487945973,242.569854646,249.7487945973,40946,,,,,,,,,,,,,,,,,,,,,,,,,,,,,,,,,,,,,,,,,,#000000,,,,63.1266479069327,-34.95808608845266,False,False,True,False,True,,0.0,0.0,0.0,0.0,0,,,False,False,False,False,,,False,False,False,False,-59030,-1423.0407158634312,False,False,False,False,97723.59076071797,False,False,False,False
2022-01-07 00:00:00+00:00,252.3593182159,254.7697016905,247.2949023957,248.643672932,70720,,,,,,,,,,,,,,,,,,,,,,,,,,,,,,,,,,,,,,,,,,#000000,,,,58.987531573617055,-34.95808608845266,False,False,True,False,True,,0.0,0.0,0.0,0.0,0,,,False,False,False,False,,,False,False,False,False,11690,-908.8038250452573,False,False,False,False,96664.6264171604,False,False,False,False
2022-01-10 00:00:00+00:00,249.7400928519,251.6979855659,243.3530117316,251.6979855659,61018,,,,,,,,,,,,,,,,,,,,,,,,,,,,,,,,,,,,,,,,,,#000000,,,,53.91937796470003,-34.95808608845266,False,False,True,False,True,,0.0,0.0,0.0,0.0,0,,,False,False,False,False,,,False,False,False,False,-49328,-2807.595831906228,False,False,False,False,95266.7194988404,False,False,False,False
2022-01-11 00:00:00+00:00,253.7428957338,253.9778428595,247.3384111227,250.4710394651,41882,,,,,,,,,,,,,,,,,,,,,,,,,,,,,,,,,,,,,,,,,,#000000,,,,54.039828803555636,-34.95808608845266,False,False,True,False,True,,0.0,0.0,0.0,0.0,0,,,False,False,False,False,,,False,False,False,False,-7446,-2989.494034576572,False,False,False,False,93173.20108712117,False,False,False,False
2022-01-12 00:00:00+00:00,254.9524383438,257.0582607295,253.7602992246,256.1184722268,61215,,,,,,,,,,,,,,,,,,,,,,,,,,,,,,,,,,,,,,,,,,#000000,,,,55.010765485101786,-34.95808608845266,False,False,True,False,True,,0.0,0.0,0.0,0.0,0,,,False,False,False,False,,,False,False,False,False,53769,-763.6707391029813,False,False,False,False,91919.93829939092,False,False,False,False
2022-01-13 00:00:00+00:00,248.0084455182,256.8755240762,248.0084455182,256.8755240762,36913,,,,,,,,,,,,,,,,,,,,,,,,,,,,,,,,,,,,,,,,,,#000000,,,,50.54039541621362,-34.95808608845266,False,False,False,False,True,,0.0,0.0,0.0,0.0,0,,,False,False,False,False,,,False,False,False,False,16856,-72.70325913815861,False,False,False,False,89762.80346412069,False,False,False,False
2022-01-14 00:00:00+00:00,247.3906215951,248.1911821715,240.4553305148,244.5625543415,45621,,,,,,,,,,,,,,,,,,,,,,,,,,,,,,,,,,,,,,,,,,#000000,,,,47.203709037209435,-34.95808608845266,False,False,False,True,True,,0.0,0.0,0.0,0.0,0,,,False,False,False,False,,,False,False,False,False,-28765,-1197.8913666229366,False,False,False,False,88031.75234788067,False,False,False,False
2022-01-18 00:00:00+00:00,246.5465522917,248.6697781682,243.1615733329,244.9106241574,80209,,,,,,,,,,,,,,,,,,,,,,,,,,,,,,,,,,,,,,,,,,#000000,,,,44.47676801275671,-34.95808608845266,False,False,False,True,False,,0.0,0.0,0.0,0.0,0,,,False,False,False,False,,,False,False,False,False,-108974,-5424.4054306769385,False,False,False,False,87724.977746003,False,False,False,False
2022-01-19 00:00:00+00:00,241.0209439656,248.6523746774,240.0724537174,248.6523746774,81991,,,,,,,,,,,,,,,,,,,,,,,,,,,,,,,,,,,,,,,,,,#000000,,,,39.91094512438382,-34.95808608845266,False,False,False,True,False,,0.0,0.0,0.0,0.0,0,,,False,False,False,False,,,False,False,False,False,-190965,-12700.50717849353,False,False,False,False,87500.11587361073,False,False,False,False
2022-01-20 00:00:00+00:00,238.3234028929,247.146972724,236.7666606417,243.2572925322,86408,,,,,,,,,,,,,,,,,,,,,,,,,,,,,,,,,,,,,,,,,,#000000,,,,35.82174867860422,-34.95808608845266,False,False,False,True,False,,0.0,0.0,0.0,0.0,0,,,False,False,False,False,,,False,False,False,False,-277373,-23079.820622474177,False,False,False,False,87457.2878001358,False,False,False,False
2022-01-21 00:00:00+00:00,227.5593438387,235.7824932374,227.3304009173,234.7991960077,98476,,,,,,,,,,,,,,,,,,,,,,,,,,,,,,,,,,,,,,,,,,#000000,,,,30.24821721383144,-34.95808608845266,False,False,False,True,False,,0.0,0.0,0.0,0.0,0,,,False,False,False,False,,,False,False,False,False,-375849,-36913.90608825951,False,False,False,False,87889.3941609148,False,False,False,False
2022-01-24 00:00:00+00:00,228.3512026697,229.5781487704,214.0977437118,222.573243727,89592,,,,,,,,,,,,,,,,,,,,,,,,,,,,,,,,,,,,,,,,,,#000000,,,,27.190396580790637,-34.95808608845266,False,False,False,True,False,,0.0,0.0,0.0,0.0,0,,,False,False,False,False,,,False,False,False,False,-286257,-46692.06663381796,False,False,False,False,87956.16301734952,False,False,False,False
2022-01-25 00:00:00+00:00,219.3274926945,229.2692368089,217.5914944881,224.905311493,76784,,,,,,,,,,,,,,,,,,,,,,,,,,,,,,,,,,,,,,,,,,#000000,,,,23.506684498919213,-34.95808608845266,False,False,False,True,False,,0.0,0.0,0.0,0.0,0,,,False,False,False,False,,,False,False,False,False,-363041,-59097.907157981965,False,False,False,False,87518.03897745346,False,False,False,False
2022-01-26 00:00:00+00:00,217.4044069621,226.1366084665,214.3999553294,222.9300152882,87038,,,,,,,,,,,,,,,,,,,,,,,,,,,,,,,,,,,,,,,,,,#000000,,,,20.77089751386037,-34.95808608845266,False,False,False,True,False,,0.0,0.0,0.0,0.0,0,,,False,False,False,False,,,False,False,False,False,-450079,-74430.49903413953,False,False,False,False,87499.2139195141,False,False,False,False
2022-01-27 00:00:00+00:00,214.8460938158,223.0494674876,213.3402450735,219.0309525299,57139,,,,,,,,,,,,,,,,,,,,,,,,,,,,,,,,,,,,,,,,,,#000000,,,,18.586140260171177,-34.95808608845266,False,False,False,True,False,,0.0,0.0,0.0,0.0,0,,,False,False,False,False,,,False,False,False,False,-507218,-91402.55789554582,False,False,False,False,86308.61729521943,False,False,False,False
2022-01-28 00:00:00+00:00,216.9822978456,216.9822978456,209.2166709012,215.7653619434,67478,,,,,,,,,,,,,,,,,,,,,,,,,,,,,,,,,,,,,,,,,,#000000,,214.39375553079998,,18.87484983605286,-34.95808608845266,False,False,False,True,False,,0.0,0.0,0.0,0.0,0,,,False,False,False,False,,,False,False,False,False,-439740,-105062.84974277932,False,False,False,False,85570.16171501475,False,False,False,False
2022-01-31 00:00:00+00:00,229.0991272604,229.107882195,216.7196498091,216.7196498091,66490,,,,,,,,,,,,,,,,,,,,,,,,,,,,,,,,,,,,,,,,,,#000000,,219.64563448390305,,26.471975433359418,-34.95808608845266,False,False,False,True,False,,0.0,0.0,0.0,0.0,0,,,False,False,False,False,,,False,False,False,False,-373250,-115579.99289012131,False,False,False,False,84821.92007913181,False,False,False,False
2022-02-01 00:00:00+00:00,229.3705302314,231.1215171411,224.0825497643,230.1759842099,96391,,,,,,,,,,,,,,,,,,,,,,,,,,,,,,,,,,,,,,,,,,#000000,,223.22156441935104,,31.66796052849023,-34.95808608845266,False,False,False,True,True,,0.0,0.0,0.0,0.0,0,,,False,False,False,False,,,False,False,False,False,-276859,-121904.65983560676,False,False,False,False,85275.60948779332,False,False,False,False
2022-02-02 00:00:00+00:00,226.3150580741,228.2849183475,223.4085949027,228.2849183475,64075,,,,,,,,,,,,,,,,,,,,,,,,,,,,,,,,,,,,,,,,,,#000000,,223.82683191234298,,34.050535834575534,-34.10314546917511,False,False,False,True,True,,0.0,0.0,0.0,0.0,0,,,False,False,False,False,,,False,False,False,False,-340934,-130494.04572440649,False,False,False,False,84444.21303729163,False,False,False,False
2022-02-03 00:00:00+00:00,219.2585808281,226.0567875049,218.2167436169,222.8130842548,63713,,,,,,,,,,,,,,,,,,,,,,,,,,,,,,,,,,,,,,,,,,#000000,,223.35550275026768,,33.51899701623971,-33.424267146855755,False,False,False,True,True,,0.0,0.0,0.0,0.0,0,,,False,False,False,False,,,False,False,False,False,-404647,-141245.1419705082,False,False,False,False,83631.22429073117,False,False,False,False
2022-02-04 00:00:00+00:00,235.9454860772,239.0359779728,223.3996648695,234.8773840623,73269,,,,,,,,,,,,,,,,,,,,,,,,,,,,,,,,,,,,,,,,,,#000000,,228.87606926154734,,39.89285150956398,-26.27035350910086,False,False,False,True,True,,0.0,0.0,0.0,0.0,0,,,False,False,False,False,,,False,False,False,False,-331378,-148701.33248146868,False,False,False,False,83224.86255383976,False,False,False,False
2022-02-07 00:00:00+00:00,228.3199380856,237.7402476596,226.4595144941,234.6497557641,54612,,,,,,,,,,,,,,,,,,,,,,,,,,,,,,,,,,,,,,,,,,#000000,,228.78931138587654,,41.85047730340236,-23.48517754170929,False,False,False,True,True,,0.0,0.0,0.0,0.0,0,,,False,False,False,False,,,False,False,False,False,-385990,-158006.77042337187,False,False,False,False,82102.78951251271,False,False,False,False
2022-02-08 00:00:00+00:00,230.1497194062,232.8549941817,228.8890088313,228.8890088313,34081,,,,,,,,,,,,,,,,,,,,,,,,,,,,,,,,,,,,,,,,,,#000000,,228.813787364904,,43.75797692721372,-20.735958186994942,False,False,False,True,True,,0.0,0.0,0.0,0.0,0,,,False,False,False,False,,,False,False,False,False,-351909,-165610.77942637692,False,False,False,False,80219.58208064947,False,False,False,False
2022-02-09 00:00:00+00:00,236.3919877392,237.0836275685,230.3861026391,233.6516932256,56470,,,,,,,,,,,,,,,,,,,,,,,,,,,,,,,,,,,,,,,,,,#000000,,229.61861870410036,,46.972059453643766,-16.802578971467867,False,False,False,False,True,,0.0,0.0,0.0,0.0,0,,,False,False,False,False,,,False,False,False,False,-295439,-170702.08219396998,False,False,False,False,79288.225920624,False,False,False,False
2022-02-10 00:00:00+00:00,226.6477455869,236.8953964757,224.669130379,232.7499349671,76234,,,,,,,,,,,,,,,,,,,,,,,,,,,,,,,,,,,,,,,,,,#000000,,229.3781071331847,,46.261995834986664,-16.689674123553687,False,False,False,False,True,,0.0,0.0,0.0,0.0,0,,,False,False,False,False,,,False,False,False,False,-371673,-178583.29465695153,False,False,False,False,79168.45235510933,False,False,False,False
2022-02-11 00:00:00+00:00,224.3364428662,232.0057655305,222.8743687966,228.0660449837,47305,,,,,,,,,,,,,,,,,,,,,,,,,,,,,,,,,,,,,,,,,,#000000,,228.9915355665121,,45.1886634243027,-16.689674123553687,False,False,False,True,True,,0.0,0.0,0.0,0.0,0,,,False,False,False,False,,,False,False,False,False,-418978,-188010.53800373775,False,False,False,False,77918.90520392857,False,False,False,False
2022-02-14 00:00:00+00:00,221.8325315853,225.7897620012,219.4249245846,224.2138737825,58064,,,,,,,,,,,,,,,,,,,,,,,,,,,,,,,,,,,,,,,,,,#000000,,228.18871288433132,,43.81818278538587,-16.689674123553687,False,False,False,True,True,,0.0,0.0,0.0,0.0,1,,,False,False,False,False,,,False,False,False,False,-477042,-199345.10514084608,False,False,False,False,77140.28147044117,False,False,False,False
2022-02-15 00:00:00+00:00,229.4055499696,231.7781372322,225.1681616483,225.9210860194,38141,,,,,,,,,,,,,,,,,,,,,,,,,,,,,,,,,,,,,,,,,,#000000,,228.1996194057714,,45.494072562870144,-15.074403696322726,False,False,False,True,True,,0.0,0.0,0.0,0.0,1,,,False,False,False,False,,,False,False,False,False,-438901,-208739.4539588521,False,False,False,False,75610.89788336506,False,False,False,False
2022-02-16 00:00:00+00:00,231.0952523375,231.7781372322,227.9522308346,229.379285166,30411,,,,,,,,,,,,,,,,,,,,,,,,,,,,,,,,,,,,,,,,,,#000000,,228.28539064436313,,47.14580322397693,-12.75662235670466,False,False,False,False,True,,0.0,0.0,0.0,0.0,1,,,False,False,False,False,,,False,False,False,False,-408490,-216572.8087055638,False,False,False,False,73838.35286833113,False,False,False,False
2022-02-17 00:00:00+00:00,219.6963275556,229.5806486606,219.3811499118,227.7421124055,38259,,,,,,,,,,,,,,,,,,,,,,,,,,,,,,,,,,,,,,,,,,#000000,,227.94089858615578,,45.07357775884759,-12.75662235670466,False,False,False,True,True,,0.0,0.0,0.0,0.0,1,,,False,False,False,False,,,False,False,False,False,-446749,-225599.32601122797,False,False,False,False,72443.08412839659,False,False,False,False
2022-02-18 00:00:00+00:00,221.0008128033,224.0212652224,218.3218028315,219.3373752391,35631,,,,,,,,,,,,,,,,,,,,,,,,,,,,,,,,,,,,,,,,,,#000000,,227.5660504354643,,44.148984933156555,-12.75662235670466,False,False,False,True,True,,0.0,0.0,0.0,0.0,1,,,False,False,False,False,,,False,False,False,False,-411118,-232874.5681284347,False,False,False,False,70999.47298610653,False,False,False,False
2022-02-22 00:00:00+00:00,219.0221975953,223.5178564859,214.0844145101,220.2216236285,46300,,,,,,,,,,,,,,,,,,,,,,,,,,,,,,,,,,,,,,,,,,#000000,,226.9963024461099,,43.00706160480013,-12.75662235670466,False,False,False,True,False,,0.0,0.0,0.0,0.0,1,,,False,False,False,False,,,False,False,False,False,-457418,-241680.19290771178,False,False,False,False,70030.86620233765,False,False,False,False
2022-02-23 00:00:00+00:00,209.8908008614,222.0908021545,209.8120064505,219.687572621,57085,,,,,,,,,,,,,,,,,,,,,,,,,,,,,,,,,,,,,,,,,,#000000,,226.03411127229282,,40.086001112785006,-12.75662235670466,False,False,False,True,False,,0.0,0.0,0.0,0.0,1,,,False,False,False,False,,,False,False,False,False,-514503,-252379.12651917408,False,False,False,False,69523.185174795,False,False,False,False
2022-02-24 00:00:00+00:00,211.2828354546,212.5960756369,201.486063695,202.6329601209,74684,,,,,,,,,,,,,,,,,,,,,,,,,,,,,,,,,,,,,,,,,,#000000,,224.50452476401296,,38.7082320410104,-12.75662235670466,False,False,False,True,False,,0.0,0.0,0.0,0.0,1,,,False,False,False,False,,,False,False,False,False,-439819,-259729.70979293194,False,False,False,False,69725.57006990109,False,False,False,False
2022-02-25 00:00:00+00:00,217.3412501621,218.0066251877,212.8723813712,213.3402450735,39528,,,,,,,,,,,,,,,,,,,,,,,,,,,,,,,,,,,,,,,,,,#000000,,224.13437256328598,,40.151907987262035,-12.75662235670466,False,False,False,True,False,,0.0,0.0,0.0,0.0,0,,,False,False,False,False,,,False,False,False,False,-400291,-265241.91725203267,False,False,False,False,68541.35163578733,False,False,False,False
2022-02-28 00:00:00+00:00,210.6612351017,216.0192550453,207.1242415442,214.530916172,92718,,,,,,,,,,,,,,,,,,,,,,,,,,,,,,,,,,,,,,,,,,#000000,,222.94000291436032,,39.41689391430816,-12.75662235670466,False,False,False,True,False,,0.0,0.0,0.0,0.0,0,,,False,False,False,False,,,False,False,False,False,-493009,-274173.9597127373,False,False,False,False,69489.45549320744,False,False,False,False
2022-03-01 00:00:00+00:00,202.5891854481,211.8081315275,199.4111442071,209.0240623411,61650,,,,,,,,,,,,,,,,,,,,,,,,,,,,,,,,,,,,,,,,,,#000000,,221.87838913286907,,37.20788867593181,-6.265989834442294,False,False,False,True,False,,0.0,0.0,0.0,0.0,0,,,False,False,False,False,,,False,False,False,False,-554659,-285173.37305733585,False,False,False,False,69182.02586602283,False,False,False,False
2022-03-02 00:00:00+00:00,210.1972235706,211.9832302185,204.1475637977,205.1018516635,44797,,,,,,,,,,,,,,,,,,,,,,,,,,,,,,,,,,,,,,,,,,#000000,,221.351210606546,,38.50196080201373,-6.265989834442294,False,False,False,True,False,,0.0,0.0,0.0,0.0,0,,,False,False,False,False,,,False,False,False,False,-509862,-293984.6917609697,False,False,False,False,68225.75034186507,False,False,False,False
2022-03-03 00:00:00+00:00,205.4783138491,212.4034670768,203.7448368085,212.3684473386,48135,,,,,,,,,,,,,,,,,,,,,,,,,,,,,,,,,,,,,,,,,,#000000,,220.76604646635974,,38.30028781124708,-6.265989834442294,False,False,False,True,False,,0.0,0.0,0.0,0.0,0,,,False,False,False,False,,,False,False,False,False,-557997,-304338.1156134807,False,False,False,False,67437.87777943899,False,False,False,False
2022-03-04 00:00:00+00:00,192.9412475759,202.6592249245,190.7087392661,202.6592249245,69450,,,,,,,,,,,,,,,,,,,,,,,,,,,,,,,,,,,,,,,,,,#000000,,219.33941723329193,,35.82791062812039,-8.427155896038201,False,False,False,True,False,,0.0,0.0,0.0,0.0,0,,,False,False,False,False,,,False,False,False,False,-627447,-317009.0522560893,False,False,False,False,67516.78453318648,False,False,False,False
2022-03-07 00:00:00+00:00,180.9907619174,194.1144088054,180.9907619174,192.0044695792,80108,,,,,,,,,,,,,,,,,,,,,,,,,,,,,,,,,,,,,,,,,,#000000,,217.26972011057296,,32.5066212411698,-11.764073765707515,False,False,False,True,False,,0.0,0.0,0.0,0.0,0,,,False,False,False,False,,,False,False,False,False,-707555,-332324.5796185956,False,False,False,False,68010.5576887478,False,False,False,False
2022-03-08 00:00:00+00:00,180.3954263681,186.9441174103,178.3905463566,183.442143591,80007,,,,,,,,,,,,,,,,,,,,,,,,,,,,,,,,,,,,,,,,,,#000000,,204.13353827235093,,30.21632583314328,-14.033511696984348,False,False,False,True,False,,0.0,0.0,0.0,0.0,0,,,False,False,False,False,,,False,False,False,False,-787562,-350177.0274766899,False,False,False,False,68481.00640683611,False,False,False,False
2022-03-09 00:00:00+00:00,190.0258543713,192.512255783,185.5258180135,186.4013114683,44524,,,,,,,,,,,,,,,,,,,,,,,,,,,,,,,,,,,,,,,,,,#000000,,204.48915612580345,,32.05444311948995,-14.033511696984348,False,False,False,True,False,,0.0,0.0,0.0,0.0,0,,,False,False,False,False,,,False,False,False,False,-743038,-365583.34012466285,False,False,False,False,67541.51595950921,False,False,False,False
2022-03-10 00:00:00+00:00,186.1999479737,189.6581471203,182.6191797434,187.0229118212,48941,,,,,,,,,,,,,,,,,,,,,,,,,,,,,,,,,,,,,,,,,,#000000,,204.02108567541288,,32.61287478574556,-14.033511696984348,False,False,False,True,False,,0.0,0.0,0.0,0.0,0,,,False,False,False,False,,,False,False,False,False,-791979,-382304.73855114664,False,False,False,False,66812.08396109709,False,False,False,False
2022-03-11 00:00:00+00:00,185.2894347807,190.691229397,184.5365104095,189.4567836257,35075,,,,,,,,,,,,,,,,,,,,,,,,,,,,,,,,,,,,,,,,,,#000000,,203.71570583525576,,32.822716783111325,-14.033511696984348,False,False,False,True,True,,0.0,0.0,0.0,0.0,0,,,False,False,False,False,,,False,False,False,False,-827054,-399745.8860589448,False,False,False,False,65567.49243321092,False,False,False,False
2022-03-14 00:00:00+00:00,187.0491766249,192.9500025104,185.7009167044,187.3555993341,42231,,,,,,,,,,,,,,,,,,,,,,,,,,,,,,,,,,,,,,,,,,#000000,,203.46259229374434,,33.62576230912782,-14.033511696984348,False,False,False,True,True,,0.0,0.0,0.0,0.0,0,,,False,False,False,False,,,False,False,False,False,-784823,-414846.9493507509,False,False,False,False,64652.33586720265,False,False,False,False
2022-03-15 00:00:00+00:00,191.0326718444,192.7223742122,187.5832276323,187.5832276323,58217,,,,,,,,,,,,,,,,,,,,,,,,,,,,,,,,,,,,,,,,,,#000000,,203.2323548331909,,35.65252351836235,-14.033511696984348,False,False,False,True,True,0.0,0.0,0.0,0.0,0.0,0,,,False,False,False,False,-0.2701732661814839,-0.2701732661814839,False,False,False,False,-726606,-427072.79447425087,False,False,False,False,64399.96975476333,False,False,False,False
2022-03-16 00:00:00+00:00,202.5454107754,205.2331756817,191.2644149618,195.0336769329,58375,,,,,,,,,,,,,,,,,,,,,,,,,,,,,,,,,,,,,,,,,,#000000,,203.6486643634105,,40.62271208460837,-14.620782139149718,False,False,False,True,True,0.0,0.0,0.0,0.0,0.0,0,0.8192497397300367,1.0610643817395655,False,False,False,False,-0.19459107151180904,-0.23238216884664648,False,False,False,False,-668231,-436529.97900467244,False,False,False,False,64163.69643104712,False,False,False,False
2022-03-17 00:00:00+00:00,207.281830366,207.9647152608,195.6290124822,202.0638893752,44135,,,,,,,,,,,,,,,,,,,,,,,,,,,,,,,,,,,,,,,,,,#000000,,204.05445066771327,,45.177851275668345,-10.423235608224495,True,False,False,False,True,0.0,0.0,0.0,0.0,0.0,0,0.8231688330157002,1.0515709370140283,False,False,False,False,-0.15772966712483358,-0.19505591798574,False,False,False,False,-624096,-443885.50923978334,False,False,False,False,63378.25735531979,False,False,False,False
2022-03-18 00:00:00+00:00,208.813943912,209.1991610321,203.2633154084,206.739024424,101995,,,,,,,,,,,,,,,,,,,,,,,,,,,,,,,,,,,,,,,,,,#000000,,205.0244418517926,,48.61247080828106,-7.367576859426066,True,False,False,False,True,0.0,0.0,0.0,0.0,0.0,0,0.8525290380502696,1.0465548608244661,False,False,False,False,-0.11672797435727604,-0.15589194617150803,False,False,False,False,-522101,-446952.7833872428,False,False,False,False,64892.63941981705,False,False,False,False
2022-03-21 00:00:00+00:00,210.0046150106,214.1194342483,208.4593690628,212.167083844,71821,,,,,,,,,,,,,,,,,,,,,,,,,,,,,,,,,,,,,,,,,,#000000,,205.73358895484603,,51.22621793831034,-5.068696766000613,True,False,True,False,True,0.0,0.0,0.0,0.0,0.0,0,0.874253328351844,1.0169485811971433,False,False,False,False,-0.07042330926586103,-0.11315762771868454,False,False,False,False,-450280,-447083.26247009606,False,False,False,False,65164.33983472619,False,False,False,False
2022-03-22 00:00:00+00:00,212.9024983461,217.5078565665,211.8562836675,212.2021035822,45689,,,,,,,,,,,,,,,,,,,,,,,,,,,,,,,,,,,,,,,,,,#000000,,206.22947868487446,,53.77033630344747,-2.780387187146715,True,False,True,False,True,0.0,0.0,0.0,0.0,0.0,0,0.8674024650782722,1.0164747793813091,False,False,False,False,-0.03954546625413412,-0.07635154698640934,False,False,False,False,-404591,-445416.89923597465,False,False,False,False,64400.601017678106,False,False,False,False
2022-03-23 00:00:00+00:00,208.3411774464,213.3621324098,207.0279372641,211.624277902,35239,,,,,,,,,,,,,,,,,,,,,,,,,,,,,,,,,,,,,,,,,,#000000,,206.43591725004907,,53.75415248159414,-2.780387187146715,True,False,True,False,True,0.0,0.0,0.0,0.0,0.0,0,0.8661454177351352,1.020334971313692,False,False,False,False,-0.08040934778164721,-0.07838044738402827,False,False,False,False,-439830,-445197.80514828936,False,False,False,False,63257.00882090641,False,False,False,False
2022-03-24 00:00:00+00:00,211.5892581638,212.9856702243,208.7439044356,210.5211561489,27807,,,,,,,,,,,,,,,,,,,,,,,,,,,,,,,,,,,,,,,,,,#000000,,206.61787810972342,,54.73043330333536,-1.714730882482165,True,False,True,False,True,0.0,0.0,0.0,0.0,0.0,0,0.8597413523297412,1.0253336079944697,False,False,False,False,-0.07429611878411678,-0.07633828308407253,False,False,False,False,-412023,-443896.83239737607,False,False,False,False,61866.81239655714,False,False,False,False
2022-03-25 00:00:00+00:00,214.0844145101,214.3032878738,212.3246726659,213.2789605316,30168,,,,,,,,,,,,,,,,,,,,,,,,,,,,,,,,,,,,,,,,,,#000000,,206.85814955349804,,56.121955859897255,-0.1888942520924104,True,False,True,False,True,0.0,0.0,0.0,0.0,0.0,0,0.8517923439822229,1.0276462729854747,False,False,False,False,-0.04013420388560582,-0.058236243484839176,False,False,False,False,-381855,-441463.81936218485,False,False,False,False,60623.72171433922,False,False,False,False
2022-03-28 00:00:00+00:00,210.3197926543,213.3752648117,208.0610195408,213.3752648117,23912,,,,,,,,,,,,,,,,,,,,,,,,,,,,,,,,,,,,,,,,,,#000000,,206.9810370387925,,55.50917684412188,-0.1888942520924104,True,False,True,False,True,0.0,0.0,0.0,0.0,0.0,0,0.8525773840773775,1.0278981960012883,False,False,False,False,-0.03730552515026681,-0.047770884317553,False,False,False,False,-405767,-440063.9440930796,False,False,False,False,59184.046352992584,False,False,False,False
2022-03-29 00:00:00+00:00,216.5708159218,218.3174253642,213.3665098771,213.3665098771,44062,,,,,,,,,,,,,,,,,,,,,,,,,,,,,,,,,,,,,,,,,,#000000,,209.54596927220962,,57.01065610467194,1.1125010069676193,True,False,True,False,True,0.0,0.0,0.0,0.0,0.0,0,0.8741900358470317,0.9912999477846833,False,False,False,False,0.016180587760344815,-0.015795148278604093,False,False,False,False,-361705,-436991.04432472354,False,False,False,False,58591.024927385035,False,False,False,False
2022-03-30 00:00:00+00:00,212.3334276004,216.6496103327,211.4754440147,215.7128323361,29543,,,,,,,,,,,,,,,,,,,,,,,,,,,,,,,,,,,,,,,,,,#000000,,209.42236410800697,,56.301830825487485,1.1125010069676193,True,False,True,False,True,0.0,0.0,0.0,0.0,0.0,0,0.8640035427451391,0.9960063986187442,False,False,False,False,0.005858746214575717,-0.004968201032014188,False,False,False,False,-391248,-435197.1994492442,False,False,False,False,57451.88669493857,False,False,False,False
2022-03-31 00:00:00+00:00,210.1096742251,215.2050461323,209.8908008614,212.8149490006,30987,,,,,,,,,,,,,,,,,,,,,,,,,,,,,,,,,,,,,,,,,,#000000,,209.28352633136836,,54.969059014088586,1.1125010069676193,True,False,True,False,True,0.0,0.0,0.0,0.0,0.0,0,0.8663485601977641,0.999133775721746,False,False,False,False,0.002625436971793318,-0.001171382030110435,False,False,False,False,-422235,-434688.877902215,False,False,False,False,56414.048001019415,False,False,False,False
2022-04-01 00:00:00+00:00,209.8820459269,214.4258569575,208.4725014646,211.9832302185,38162,,,,,,,,,,,,,,,,,,,,,,,,,,,,,,,,,,,,,,,,,,#000000,,209.17917899996115,,53.98872535730079,1.1125010069676193,True,False,True,False,False,0.0,0.0,0.0,0.0,0.0,0,0.8692426592407151,0.9975032850770482,False,False,False,False,0.04200308205490799,0.02041585001239878,False,False,False,False,-460397,-435697.0395531085,False,False,False,False,55698.281412744145,False,False,False,False
2022-04-04 00:00:00+00:00,208.0435096717,212.1233091713,207.7370869625,210.2760179816,34965,,,,,,,,,,,,,,,,,,,,,,,,,,,,,,,,,,,,,,,,,,#000000,,209.04701238743803,,52.55996112406015,1.1125010069676193,True,False,True,False,False,0.0,0.0,0.0,0.0,0.0,0,0.8883058326812167,0.9826836994207636,False,False,False,False,0.022350711621006734,0.02138328081670276,False,False,False,False,-495362,-438036.84192357486,False,False,False,False,54885.21155342085,False,False,False,False
2022-04-05 00:00:00+00:00,203.1670111283,210.0658995524,202.5366558408,208.5600508101,39574,,,,,,,,,,,,,,,,,,,,,,,,,,,,,,,,,,,,,,,,,,#000000,,208.70578078531557,,49.69606369810481,4.7216632830916225,True,False,False,False,False,0.0,0.0,0.0,0.0,0.0,0,0.9047977669860136,0.9727928258673001,False,False,False,False,-0.024558339602933438,-0.0015875293931153396,False,False,False,False,-534936,-441836.80890696414,False,False,False,False,54284.77188465925,False,False,False,False
2022-04-06 00:00:00+00:00,193.6153775361,202.7380193355,193.6153775361,202.7380193355,31253,,,,,,,,,,,,,,,,,,,,,,,,,,,,,,,,,,,,,,,,,,#000000,,208.11350102704577,,44.86897727130663,0.140116277876416,True,False,False,True,False,0.0,0.0,0.0,0.0,0.0,0,0.8745320550710529,0.9879463643334264,False,False,False,False,-0.1302882185153607,-0.06593787395423803,False,False,False,False,-566189,-446713.3654204165,False,False,False,False,53381.56514408437,False,False,False,False
2022-04-07 00:00:00+00:00,191.1377310589,194.9198627838,186.9441174103,194.7184992892,65705,,,,,,,,,,,,,,,,,,,,,,,,,,,,,,,,,,,,,,,,,,#000000,,206.71886477689435,,41.01995694904061,-3.3640593916173103,False,False,False,True,False,0.0,0.0,0.0,0.0,0.0,0,0.8652842802216385,0.9988056480808742,False,False,False,False,-0.2270077288055981,-0.14647280137991808,False,False,False,False,-631894,-453975.35109020415,False,False,False,False,53864.83709921832,False,False,False,False
2022-04-08 00:00:00+00:00,178.4255660948,186.7339989811,172.7436135729,182.2076978196,112236,,,,,,,,,,,,,,,,,,,,,,,,,,,,,,,,,,,,,,,,,,#000000,,203.7831773182237,,35.868627917870896,-8.002635096301631,False,False,False,True,False,0.0,0.0,0.0,0.0,0.0,0,0.8286907711621462,1.0004235023948715,False,False,False,False,-0.34282825441539394,-0.244650527897656,False,False,False,False,-744130,-465353.96477294125,False,False,False,False,56153.90231101368,False,False,False,False
2022-04-11 00:00:00+00:00,174.1268932315,182.2339626233,173.5140478132,178.4255660948,57590,,,,,,,,,,,,,,,,,,,,,,,,,,,,,,,,,,,,,,,,,,#000000,,202.50650871243244,,31.75537362988925,-11.587282188720707,False,True,False,True,False,0.0,0.0,0.0,0.0,0.0,0,0.8402655205050259,0.9968359788336887,False,False,False,False,-0.34282825441539394,-0.293739391156525,False,False,False,False,-801720,-478544.7896838063,False,False,False,False,56210.21986744452,False,False,False,False
2022-04-12 00:00:00+00:00,173.5928422241,177.2874246035,172.6823290311,175.3088093956,48623,,,,,,,,,,,,,,,,,,,,,,,,,,,,,,,,,,,,,,,,,,#000000,,201.48183050214467,,28.928721297242802,-13.996218057322338,False,True,False,True,False,0.0,0.0,0.0,0.0,0.0,0,0.817947567688938,1.036559081874319,False,False,False,False,-0.34282825441539394,-0.31828382278595946,False,False,False,False,-850343,-493125.11165699037,False,False,False,False,55912.68183342709,False,False,False,False
2022-04-13 00:00:00+00:00,181.2359000848,181.7918384286,173.7591859805,173.7591859805,40243,,,,,,,,,,,,,,,,,,,,,,,,,,,,,,,,,,,,,,,,,,#000000,,200.8622434356201,,30.752377133892516,-13.996218057322338,False,True,False,True,False,0.0,0.0,0.0,0.0,0.0,0,0.8034438819887928,1.0302857430013794,False,False,False,False,-0.3080366116634381,-0.3131602172246988,False,False,False,False,-810100,-505555.4994351476,False,False,False,False,55298.18450662603,False,False,False,False
2022-04-14 00:00:00+00:00,177.7251713309,182.0937961212,177.7251713309,181.2271451502,34675,,,,,,,,,,,,,,,,,,,,,,,,,,,,,,,,,,,,,,,,,,#000000,,200.3752006679984,,31.18545968895762,-13.996218057322338,False,True,False,True,False,0.0,0.0,0.0,0.0,0.0,0,0.8160682399992999,1.02560980789647,False,False,False,False,-0.28191523436551214,-0.29753772579510546,False,False,False,False,-844775,-518858.2249474948,False,False,False,False,54489.43217303285,False,False,False,False
2022-04-18 00:00:00+00:00,173.8905099987,176.5957847742,173.3477040567,175.9741844212,33570,,,,,,,,,,,,,,,,,,,,,,,,,,,,,,,,,,,,,,,,,,#000000,,199.81790767071027,,30.664387446101834,-13.996218057322338,False,True,False,True,False,0.0,0.0,0.0,0.0,0.0,0,0.8196391683345616,1.0314781153461339,False,False,False,False,-0.34282825441539394,-0.3201829901052497,False,False,False,False,-878345,-532955.7455377892,False,False,False,False,53669.06228389431,False,False,False,False
2022-04-19 00:00:00+00:00,183.5034281328,183.9455523275,174.4420708753,174.4420708753,38756,,,,,,,,,,,,,,,,,,,,,,,,,,,,,,,,,,,,,,,,,,#000000,,199.38533817749538,,34.372567451085416,-13.996218057322338,False,True,False,True,True,0.0,0.0,0.0,0.0,0.0,0,0.8142149874711665,1.054414321197825,False,False,False,False,-0.2904834377856574,-0.30533321394545354,False,False,False,False,-839589,-544980.5790461112,False,False,False,False,53084.236311976885,False,False,False,False
2022-04-20 00:00:00+00:00,183.6259972165,186.9090976721,182.676086818,186.1999479737,30637,,,,,,,,,,,,,,,,,,,,,,,,,,,,,,,,,,,,,,,,,,"rgba(239, 83, 80, 0.5)",22.64778626052275,199.1436960454258,-0.6851750829163656,36.891621479325394,-20.285967653170417,False,True,False,True,True,0.0,0.0,0.0,0.0,0.0,0,0.8236821189896676,1.044920309283351,False,False,False,False,-0.22333752254430508,-0.2643353682448793,False,False,False,False,-808952,-555332.3994756755,False,False,False,False,52203.95253503662,False,False,False,False
2022-04-21 00:00:00+00:00,178.1629180583,187.1542358394,177.1473456507,187.1542358394,26607,,,,,,,,,,,,,,,,,,,,,,,,,,,,,,,,,,,,,,,,,,"rgba(239, 83, 80, 0.5)",22.603740174150534,198.87703602489978,-0.9164022328609269,37.08921647091829,-19.913190379262716,False,True,False,True,True,0.0,0.0,0.0,0.0,0.0,0,0.8081532534164897,1.0333006588645852,False,False,False,False,-0.25473910737891164,-0.25953723781189547,False,False,False,False,-835559,-566321.6779276099,False,False,False,False,51200.1504748391,False,False,False,False
2022-04-22 00:00:00+00:00,172.1570329582,178.6094197203,171.404108587,176.8496778761,84277,,,,,,,,,,,,,,,,,,,,,,,,,,,,,,,,,,,,,,,,,,"rgba(239, 83, 80, 1.0)",22.508546801339975,197.73489359439805,-1.136362149984527,35.80105915996546,-19.913190379262716,False,True,False,True,True,0.0,0.0,0.0,0.0,0.0,0,0.7913603504876322,1.0647052702948878,False,False,False,False,-0.3423635810762115,-0.3009504094440535,False,False,False,False,-919836,-580184.9846755468,False,False,False,False,52497.28182876698,False,False,False,False
2022-04-25 00:00:00+00:00,172.8399178529,173.4527632713,167.0178863783,170.8788125141,67170,,,,,,,,,,,,,,,,,,,,,,,,,,,,,,,,,,,,,,,,,,"rgba(239, 83, 80, 1.0)",22.56280638340335,196.7996891965536,-1.0619145037417792,35.25421447579372,-19.913190379262716,False,True,False,True,True,0.0,0.0,0.0,0.0,0.0,0,0.7916603036411951,1.0777952844401708,False,False,False,False,-0.34282825441539394,-0.3218893319297237,False,False,False,False,-852666,-590870.5146882705,False,False,False,False,53072.68254136435,False,False,False,False
2022-04-26 00:00:00+00:00,161.9925539476,172.0694836127,160.9288294,172.0694836127,55492,,,,,,,,,,,,,,,,,,,,,,,,,,,,,,,,,,,,,,,,,,"rgba(239, 83, 80, 1.0)",22.888375377022705,195.8927398182849,-1.4811093103932922,32.64985436604132,-19.913190379262716,False,True,False,True,False,0.0,0.0,0.0,0.0,0.0,0,0.7807454972224951,1.066862415857371,False,False,False,False,-0.34282825441539394,-0.3323587931725588,False,False,False,False,-908158,-603313.1611710835,False,False,False,False,53167.55773582066,False,False,False,False
2022-04-27 00:00:00+00:00,159.716270965,164.9048829251,159.0027437993,162.0013088821,64050,,,,,,,,,,,,,,,,,,,,,,,,,,,,,,,,,,,,,,,,,,"rgba(255, 0, 0, 1.0)",23.097944781198137,194.79002162397205,-1.5184792842487997,30.516334492158556,-19.913190379262716,False,True,False,True,False,0.0,0.0,0.0,0.0,0.0,0,0.7842093218826983,1.0692485972476067,False,False,False,False,-0.34282825441539394,-0.33759352379397634,False,False,False,False,-972208,-617779.6254388841,False,False,False,False,53594.32017755318,False,False,False,False
2022-04-28 00:00:00+00:00,162.4040358713,163.6044135278,155.4224275901,163.6044135278,62470,,,,,,,,,,,,,,,,,,,,,,,,,,,,,,,,,,,,,,,,,,"rgba(239, 83, 80, 1.0)",23.23116932241382,193.77125841129939,-1.3502214247018447,30.406746565891236,-19.913190379262716,False,True,False,True,False,0.0,0.0,0.0,0.0,0.0,0,0.7686284936092184,1.095540672579791,False,False,False,False,-0.34282825441539394,-0.3402108891046851,False,False,False,False,-909738,-629228.9734608887,False,False,False,False,53942.38605294325,False,False,False,False
2022-04-29 00:00:00+00:00,156.366842364,167.2408517223,155.6342589413,166.9495836145,58160,,,,,,,,,,,,,,,,,,,,,,,,,,,,,,,,,,,,,,,,,,"rgba(255, 0, 0, 1.0)",23.3667534642492,192.86559593825916,-1.561995064059786,29.160790680113784,-15.08180619533757,False,True,False,True,False,0.0,0.0,0.0,0.0,0.0,0,0.7667750199638651,1.0850254248566984,False,False,False,False,-0.3210464846163444,-0.3306286868605147,False,False,False,False,-967898,-642510.1117565403,False,False,False,False,54107.78267831803,False,False,False,False
2022-05-02 00:00:00+00:00,158.7499450642,160.1753935313,154.5751021856,157.1082520929,75465,,,,,,,,,,,,,,,,,,,,,,,,,,,,,,,,,,,,,,,,,,"rgba(239, 83, 80, 1.0)",23.328543796868466,191.703297122283,-1.4125764704827624,29.50770009332762,-15.08180619533757,False,True,False,True,False,0.0,0.0,0.0,0.0,0.0,0,0.7852948082868921,1.1018438942410633,False,False,False,False,-0.34282825441539394,-0.3367284706379543,False,False,False,False,-892433,-652311.0093347152,False,False,False,False,54945.32061250164,False,False,False,False
2022-05-03 00:00:00+00:00,156.9405522733,160.1886329907,153.4541612858,157.7172672274,150293,,,,,,,,,,,,,,,,,,,,,,,,,,,,,,,,,,,,,,,,,,"rgba(239, 83, 80, 1.0)",23.457012843292958,189.57493677677397,-1.3912421296561248,29.349596028256993,-15.524768680679927,False,True,False,True,False,0.0,0.0,0.0,0.0,0.0,0,0.7856852117837264,1.0880435424028776,False,False,False,False,-0.34282825441539394,-0.33977836252667415,False,False,False,False,-1042726,-667621.4011255107,False,False,False,False,58684.44529436432,False,False,False,False
2022-05-04 00:00:00+00:00,162.2892938895,163.3043191137,154.0190448889,158.1585825423,69251,,,,,,,,,,,,,,,,,,,,,,,,,,,,,,,,,,,,,,,,,,"rgba(239, 83, 80, 1.0)",23.403123922155416,188.78309113208968,-1.13206242596991,31.886953073203774,-15.524768680679927,False,True,False,True,True,0.0,0.0,0.0,0.0,0.0,0,0.7972840425144647,1.0792759484337022,False,False,False,False,-0.31994703020992593,-0.3298626963683,False,False,False,False,-973475,-679615.6599049025,False,False,False,False,59098.81998870298,False,False,False,False
2022-05-05 00:00:00+00:00,155.5195169594,162.659998754,152.2890888546,159.5354863247,50675,,,,,,,,,,,,,,,,,,,,,,,,,,,,,,,,,,,,,,,,,,"rgba(239, 83, 80, 1.0)",23.48365724852066,188.16840123386586,-1.3902810762800828,31.920137577322887,-15.524768680679927,False,True,False,True,True,0.0,0.0,0.0,0.0,0.0,0,0.8025497282500736,1.077733428786336,False,False,False,False,-0.3346537511379388,-0.3322582237531194,False,False,False,False,-1024150,-693126.8104968672,False,False,False,False,58768.47410679306,False,False,False,False
2022-05-06 00:00:00+00:00,154.2661814652,156.4992369584,150.047207055,155.1399857886,102774,,,,,,,,,,,,,,,,,,,,,,,,,,,,,,,,,,,,,,,,,,"rgba(239, 83, 80, 1.0)",23.66958523225553,186.86769832821471,-1.377359026071453,31.657786877410345,-15.524768680679927,False,True,False,True,True,0.0,0.0,0.0,0.0,0.0,0,0.8153097862745579,1.0703904960064576,False,False,False,False,-0.34282825441539394,-0.33754323908425665,False,False,False,False,-1126924,-710138.4649871861,False,False,False,False,60494.18100456588,False,False,False,False
2022-05-09 00:00:00+00:00,150.2149068747,152.6950989443,145.9562140862,152.4656149805,80601,,,,,,,,,,,,,,,,,,,,,,,,,,,,,,,,,,,,,,,,,,"rgba(239, 83, 80, 1.0)",23.966907686138907,185.79772926287959,-1.4846647241337128,30.583692670558683,-15.524768680679927,False,True,False,True,True,0.0,0.0,0.0,0.0,0.0,0,0.7779841633747244,1.0914798582531244,False,False,False,False,-0.34282825441539394,-0.34018574674982527,False,False,False,False,-1207525,-729643.8193014142,False,False,False,False,61282.68371026918,False,False,False,False
2022-05-10 00:00:00+00:00,151.291716243,154.0984816455,146.8609104817,154.0984816455,56589,,,,,,,,,,,,,,,,,,,,,,,,,,,,,,,,,,,,,,,,,,"rgba(239, 83, 80, 1.0)",24.380277036292128,185.11103980388862,-1.3871591167953368,30.457020844091925,-15.615595803054497,False,True,False,True,True,0.0,0.0,0.0,0.0,0.0,0,0.7961164114416812,1.0870264772522895,False,False,False,False,-0.33003161386135976,-0.3351086803055925,False,False,False,False,-1150936,-746165.0812895941,False,False,False,False,61098.61768241549,False,False,False,False
2022-05-11 00:00:00+00:00,146.0135850772,152.9510618269,145.6164012938,150.2678647125,59220,,,,,,,,,,,,,,,,,,,,,,,,,,,,,,,,,,,,,,,,,,"rgba(255, 0, 0, 1.0)",24.87192145227649,184.36782892608372,-1.5420699973854743,29.18902334623465,-17.071580059413044,False,True,False,True,False,0.0,0.0,0.0,0.0,0.0,0,0.8097665540400736,1.0804401480321981,False,False,False,False,-0.34282825441539394,-0.33896846736049324,False,False,False,False,-1210156,-764360.8035919629,False,False,False,False,61024.94640075214,False,False,False,False
2022-05-12 00:00:00+00:00,149.7559389472,150.4090856132,142.3727337295,144.2836290429,67112,,,,,,,,,,,,,,,,,,,,,,,,,,,,,,,,,,,,,,,,,,"rgba(239, 83, 80, 1.0)",25.340358007203616,176.34113669571585,-1.0491247890404054,30.39706665474048,-17.071580059413044,False,True,False,True,False,0.0,0.0,0.0,0.0,0.0,0,0.7929367354607344,1.0914870457935129,False,False,False,False,-0.34282825441539394,-0.34089836088794356,False,False,False,False,-1143044,-779211.1250197291,False,False,False,False,61263.65438503637,False,False,False,False
2022-05-13 00:00:00+00:00,152.6156621876,156.5389553368,151.1593216485,152.9510618269,74005,,,,,,,,,,,,,,,,,,,,,,,,,,,,,,,,,,,,,,,,,,"rgba(239, 83, 80, 0.5)",25.722548096423466,176.39865187213496,-0.924596956544978,32.679211639496884,-17.071580059413044,False,True,False,True,True,0.0,0.0,0.0,0.0,0.0,0,0.8116629284223669,1.0777138228833507,False,False,False,False,-0.26516884986544936,-0.30303360537669644,False,False,False,False,-1069039,-790576.9240385633,False,False,False,False,61763.31499738788,False,False,False,False
2022-05-16 00:00:00+00:00,151.1858005674,153.5203585831,148.0965933633,151.1063638107,71560,,,,,,,,,,,,,,,,,,,,,,,,,,,,,,,,,,,,,,,,,,"rgba(239, 83, 80, 0.5)",26.13011434777478,175.85251644170384,-0.943995711079023,33.76615769290112,-19.825147871831962,False,True,False,True,True,0.0,0.0,0.0,0.0,0.0,0,0.834637382592968,1.0694682416491037,False,False,False,False,-0.2964052046648562,-0.2997194050207763,False,False,False,False,-1140599,-804303.2799586196,False,False,False,False,62147.49872298052,False,False,False,False
2022-05-17 00:00:00+00:00,159.8002755136,160.3033749726,155.6077800224,156.0402690309,83714,,,,,,,,,,,,,,,,,,,,,,,,,,,,,,,,,,,,,,,,,,"rgba(239, 83, 80, 0.5)",26.309945867926036,175.83475683662869,-0.6094456219530276,38.510995637546515,-15.367979626268124,False,False,False,True,True,0.0,0.0,0.0,0.0,0.0,0,0.8664559977500916,1.0293916821007312,False,False,False,False,-0.22376105408885932,-0.2617402295548178,False,False,False,False,-1056885,-814208.4454504385,False,False,False,False,62993.24387109893,False,False,False,False
2022-05-18 00:00:00+00:00,154.4603602037,157.4171728133,153.1364142591,156.1108794813,103461,,,,,,,,,,,,,,,,,,,,,,,,,,,,,,,,,,,,,,,,,,"rgba(239, 83, 80, 0.5)",26.380189037739804,175.31049381998565,-0.7903708948581535,39.85387535212662,-14.229027866048149,False,False,False,True,True,0.0,0.0,0.0,0.0,0.0,0,0.8598561169514349,1.0119832847607857,False,False,False,False,-0.2506787611272888,-0.2562094953410533,False,False,False,False,-1160346,-827782.4671974801,False,False,False,False,64580.21469968328,False,False,False,False
2022-05-19 00:00:00+00:00,156.6139789403,159.7737965947,153.8601713755,153.8601713755,76202,,,,,,,,,,,,,,,,,,,,,,,,,,,,,,,,,,,,,,,,,,"rgba(239, 83, 80, 0.5)",26.366752570976605,175.00872598871914,-0.6976493217699963,41.66940292905588,-12.592996910552678,True,False,False,True,True,0.0,0.0,0.0,0.0,0.0,1,0.8540999552499663,1.03451109443054,False,False,False,False,-0.23516109761775714,-0.24568529647940524,False,False,False,False,-1084144,-837835.8606407163,False,False,False,False,65035.97098597021,False,False,False,False
2022-05-20 00:00:00+00:00,162.006852088,162.259196185,157.2229940748,160.1003699277,53074,,,,,,,,,,,,,,,,,,,,,,,,,,,,,,,,,,,,,,,,,,#000000,26.286113366977844,174.9150687591361,-0.49106600473511464,45.010822002820014,-9.536279862275443,True,False,False,False,True,0.0,0.0,0.0,0.0,0.0,1,0.8696208283121045,1.0196656072940629,False,False,False,False,-0.2059971121705493,-0.22584120432497728,False,False,False,False,-1031070,-845413.6700273548,False,False,False,False,64566.87408455962,False,False,False,False
2022-05-23 00:00:00+00:00,161.0183057827,164.6812228961,160.8594322693,164.5046967701,48251,,,,,,,,,,,,,,,,,,,,,,,,,,,,,,,,,,,,,,,,,,"rgba(239, 83, 80, 0.5)",26.308937424572377,174.86271223149495,-0.5262244622568591,46.84169654131663,-7.929379556766797,True,False,False,False,True,0.0,0.0,0.0,0.0,0.0,0,0.8734501815938314,1.0160307776159865,False,False,False,False,-0.17614423780110694,-0.2009927210630421,False,False,False,False,-1079321,-854586.5064968704,False,False,False,False,63927.035885165125,False,False,False,False
2022-05-24 00:00:00+00:00,160.0121068648,160.6299483056,154.6986704738,159.3501338925,59880,,,,,,,,,,,,,,,,,,,,,,,,,,,,,,,,,,,,,,,,,,"rgba(239, 83, 80, 0.5)",25.99613801615891,174.65468673389432,-0.5632598142075054,47.63920843351747,-7.221334759099804,True,False,False,False,True,0.0,0.0,0.0,0.0,0.0,0,0.8544019226385956,1.0332914834409759,False,False,False,False,-0.2266717912958211,-0.2138322561794316,False,False,False,False,-1139201,-865747.8591832677,False,False,False,False,63768.3285955508,False,False,False,False
2022-05-25 00:00:00+00:00,162.7129565918,164.6988755087,159.2442182169,160.2151119096,45618,,,,,,,,,,,,,,,,,,,,,,,,,,,,,,,,,,,,,,,,,,#000000,25.775107320170303,174.5854303006512,-0.460617818633112,49.33980667431566,-5.5895678764439225,True,False,False,False,True,0.0,0.0,0.0,0.0,0.0,0,0.8630051533931578,1.023085380144445,False,False,False,False,-0.18398395467639242,-0.198908105427912,False,False,False,False,-1093583,-874682.5705878454,False,False,False,False,63056.55100356842,False,False,False,False
2022-05-26 00:00:00+00:00,169.2444232518,170.616913881,164.0104236175,164.0104236175,34455,,,,,,,,,,,,,,,,,,,,,,,,,,,,,,,,,,,,,,,,,,#000000,25.40596711773073,174.62867076997466,-0.21192846126361506,52.91888753208539,-2.2196162402327317,True,False,True,False,True,0.0,0.0,0.0,0.0,0.0,0,0.8606732949625211,1.038770454776408,False,False,False,False,-0.13192916430831617,-0.1654186348681141,False,False,False,False,-1059128,-881915.7246824397,False,False,False,False,61934.9215524481,False,False,False,False
2022-05-27 00:00:00+00:00,171.1950369435,172.2012358614,169.2311837923,170.497758746,43293,,,,,,,,,,,,,,,,,,,,,,,,,,,,,,,,,,,,,,,,,,#000000,24.830209140112064,174.7317415477753,-0.14243555438129202,55.95064229753136,0.5569998845748074,True,False,True,False,True,0.0,0.0,0.0,0.0,0.0,0,0.8593995184698252,1.0430577816863407,False,False,False,False,-0.09915807427737136,-0.13228835457274274,False,False,False,False,-1015835,-887167.4609694028,False,False,False,False,61203.865805293266,False,False,False,False
2022-05-31 00:00:00+00:00,170.0476171249,172.1129727984,167.9028246946,169.8181331611,47951,,,,,,,,,,,,,,,,,,,,,,,,,,,,,,,,,,,,,,,,,,#000000,24.46462432151525,174.80746419397647,-0.1945603989876295,57.34256988648781,1.8055772965903287,True,False,True,False,True,0.0,0.0,0.0,0.0,0.0,0,0.8331400613457993,1.0470429677667734,False,False,False,False,-0.10596029654027037,-0.11912432555650655,False,False,False,False,-1063786,-894093.6781862889,False,False,False,False,60684.14557763471,False,False,False,False
2022-06-01 00:00:00+00:00,167.2585043349,170.1167271032,164.3546495631,170.0564434312,49366,,,,,,,,,,,,,,,,,,,,,,,,,,,,,,,,,,,,,,,,,,#000000,24.147654865440728,174.80732305041698,-0.31261084182218357,56.76202100678382,1.8055772965903287,True,False,True,False,True,0.0,0.0,0.0,0.0,0.0,0,0.8082516656456844,1.066753926932887,False,False,False,False,-0.13268326763537786,-0.1259037965959422,False,False,False,False,-1113152,-902684.200610356,False,False,False,False,60240.29673145295,False,False,False,False
2022-06-02 00:00:00+00:00,172.1924095551,172.5366355007,166.4200052366,166.9407573082,48517,,,,,,,,,,,,,,,,,,,,,,,,,,,,,,,,,,,,,,,,,,#000000,23.814364291146468,174.8650592744303,-0.11222847213788223,58.2656447026752,2.7669513918794024,True,False,True,False,True,0.0,0.0,0.0,0.0,0.0,0,0.8089795594507511,1.0750935179373138,False,False,False,False,-0.11105242604561139,-0.11847811132077679,False,False,False,False,-1064635,-909035.2123511265,False,False,False,False,59780.55960472931,False,False,False,False
2022-06-03 00:00:00+00:00,170.0034855934,172.0953201858,168.450055685,169.9152225304,40218,,,,,,,,,,,,,,,,,,,,,,,,,,,,,,,,,,,,,,,,,,#000000,23.29175859032812,174.90074029319356,-0.21025697483517386,58.06945976228932,2.7669513918794024,True,False,True,False,True,0.0,0.0,0.0,0.0,0.0,0,0.8270547281097653,1.0646893480737398,False,False,False,False,-0.10341629958433333,-0.11094720545255507,False,False,False,False,-1104853,-916714.3412785333,False,False,False,False,59013.40040454385,False,False,False,False
2022-06-06 00:00:00+00:00,174.2312863098,175.4757954977,171.3186052317,171.3186052317,40031,,,,,,,,,,,,,,,,,,,,,,,,,,,,,,,,,,,,,,,,,,#000000,22.65395150160053,174.76892880036135,-0.02373283488857863,59.502639870223284,4.302102749185707,True,False,True,False,True,0.0,0.0,0.0,0.0,0.0,0,0.8281579035024239,1.0510984415750062,False,False,False,False,-0.07348866364316164,-0.09221793454785836,False,False,False,True,-1064822,-922522.4847578065,False,False,False,False,58268.99254554213,False,False,False,False
2022-06-07 00:00:00+00:00,171.8128783843,173.6752290131,170.4271482956,171.7952257717,33485,,,,,,,,,,,,,,,,,,,,,,,,,,,,,,,,,,,,,,,,,,#000000,22.283675229364878,174.67537101100334,-0.12845693527839638,59.10245232870994,4.302102749185707,True,False,True,False,True,0.0,0.0,0.0,0.0,0.0,0,0.8163804440713077,1.0603982189106926,False,False,False,False,-0.08636200070781604,-0.0892899676278372,False,False,False,False,-1098307,-929415.9951594613,False,False,False,False,57297.071269246364,False,False,False,False
2022-06-08 00:00:00+00:00,168.7413237928,171.0802949616,167.973435145,169.7210437919,29521,,,,,,,,,,,,,,,,,,,,,,,,,,,,,,,,,,,,,,,,,,#000000,21.879377236011624,174.50367683789986,-0.26336915273874983,57.21304101052625,4.302102749185707,True,False,True,False,False,0.0,0.0,0.0,0.0,0.0,0,0.8203800205379455,1.0655233257591548,False,False,False,False,-0.11058541260689876,-0.09993769011736797,False,False,False,False,-1127828,-937196.8580943844,False,False,False,False,56207.81357241317,False,False,False,False
2022-06-09 00:00:00+00:00,165.8286427147,170.1623591067,164.9195331661,166.9319310019,40515,,,,,,,,,,,,,,,,,,,,,,,,,,,,,,,,,,,,,,,,,,#000000,21.518324597817923,174.24333169169128,-0.3910475901011628,54.52646954601998,4.302102749185707,True,False,True,False,False,0.0,0.0,0.0,0.0,0.0,0,0.8034807930482595,1.0919665153258258,False,False,False,False,-0.12436126737638949,-0.11214947874687872,False,False,False,False,-1168343,-946261.4126789185,False,False,False,False,55592.409118593045,False,False,False,False
2022-06-10 00:00:00+00:00,160.6387746119,162.5187778532,154.4603602037,162.1392466824,39324,,,,,,,,,,,,,,,,,,,,,,,,,,,,,,,,,,,,,,,,,,"rgba(239, 83, 80, 0.5)",21.381139242138573,173.71145716426403,-0.611411880551248,50.51180740944634,5.580832275279825,True,False,False,False,False,0.0,0.0,0.0,0.0,0.0,0,0.7867329758813649,1.0979583950773704,False,False,False,False,-0.21243974035124735,-0.16229460954906305,False,False,False,False,-1207667,-956512.612181706,False,False,False,False,54954.43229041293,False,False,False,False
2022-06-13 00:00:00+00:00,151.856599846,156.3933212828,150.1619490369,155.0870279508,69543,,,,,,,,,,,,,,,,,,,,,,,,,,,,,,,,,,,,,,,,,,"rgba(239, 83, 80, 0.5)",21.326585531473583,172.6560164663379,-0.9752811386352636,44.97951287353549,0.507889635703286,True,False,False,True,False,0.0,0.0,0.0,0.0,0.0,0,0.7702314814008914,1.0977604321230305,False,False,False,False,-0.26625414276569015,-0.2142743761573766,False,False,False,False,-1277210,-969088.980331443,False,False,False,False,55526.532984906546,False,False,False,False
2022-06-14 00:00:00+00:00,155.6607378602,156.4639317332,151.0048612883,153.5247717362,56977,,,,,,,,,,,,,,,,,,,,,,,,,,,,,,,,,,,,,,,,,,"rgba(239, 83, 80, 0.5)",21.043726677935265,172.11427065085275,-0.7818735266080314,43.22252264890362,-0.9372563855928675,False,False,False,True,False,0.0,0.0,0.0,0.0,0.0,0,0.7762894188497147,1.0954996700367317,False,False,False,False,-0.2593860448227664,-0.2368302104900715,False,False,False,False,-1220233,-978937.7654164846,False,False,False,False,55583.41404432198,False,False,False,False
2022-06-15 00:00:00+00:00,157.6378304708,160.5681641615,154.5133180415,156.7640261473,51076,,,,,,,,,,,,,,,,,,,,,,,,,,,,,,,,,,,,,,,,,,"rgba(239, 83, 80, 0.5)",20.852090403755202,171.83773793747898,-0.6809824430898186,43.01038790199233,-1.0773831225424004,False,False,False,True,False,0.0,0.0,0.0,0.0,0.0,0,0.7892522184798644,1.0770650764439196,False,False,False,False,-0.21021090360115258,-0.22352055704561202,False,False,False,False,-1169157,-986397.3432432892,False,False,False,False,55406.65270925053,False,False,False,False
2022-06-16 00:00:00+00:00,148.6703032727,152.1390416475,146.7770605719,152.1390416475,61136,,,,,,,,,,,,,,,,,,,,,,,,,,,,,,,,,,,,,,,,,,"rgba(239, 83, 80, 1.0)",20.928974514572616,171.20060248882734,-1.0765123346315766,40.13878724822871,-3.823906742004098,False,False,False,True,False,0.0,0.0,0.0,0.0,0.0,0,0.7820649335939415,1.0787789866724273,False,False,False,False,-0.2995599638237225,-0.26154026043466727,False,False,False,False,-1230293,-995961.878802376,False,False,False,False,55631.33299516227,False,False,False,False
2022-06-17 00:00:00+00:00,150.6209169644,153.2599825473,149.1027922812,149.1027922812,90889,,,,,,,,,,,,,,,,,,,,,,,,,,,,,,,,,,,,,,,,,,"rgba(239, 83, 80, 0.5)",20.80042028385299,170.5077509321609,-0.9560784684335771,39.186458965197346,-4.7777182279000385,False,False,False,True,False,0.0,0.0,0.0,0.0,0.0,0,0.8107265785298807,1.0560422573974735,False,False,False,False,-0.26505308417483164,-0.26329667230474946,False,False,False,False,-1139404,-1001587.0600258122,False,False,False,False,57013.98660319513,False,False,False,False
2022-06-21 00:00:00+00:00,155.1576384012,155.8019587609,153.9837396637,154.4338812848,41527,,,,,,,,,,,,,,,,,,,,,,,,,,,,,,,,,,,,,,,,,,"rgba(239, 83, 80, 0.5)",20.670120585261344,170.32142131663866,-0.7336088269485511,40.66657524453516,-4.7777182279000385,False,False,False,True,False,0.0,0.0,0.0,0.0,0.0,0,0.8325039712847973,1.0215903293721313,False,False,False,False,-0.18599482118588023,-0.22464574674531484,False,False,False,False,-1097877,-1005363.1361032313,False,False,False,False,56406.653795226695,False,False,False,False
2022-06-22 00:00:00+00:00,154.6545389423,156.8699418229,152.8274935387,152.8274935387,44192,,,,,,,,,,,,,,,,,,,,,,,,,,,,,,,,,,,,,,,,,,"rgba(239, 83, 80, 0.5)",20.71902746054502,170.12817571588158,-0.7468321958184487,41.476044103341025,-4.7777182279000385,False,False,False,True,False,0.0,0.0,0.0,0.0,0.0,0,0.8758457978139688,1.0081340706369561,False,False,False,False,-0.1867799549353081,-0.2057128508403115,False,False,False,False,-1142069,-1010724.1503736929,False,False,False,False,55927.647764041336,False,False,False,False
2022-06-23 00:00:00+00:00,161.4507947912,161.4507947912,154.46918651,154.46918651,66677,,,,,,,,,,,,,,,,,,,,,,,,,,,,,,,,,,,,,,,,,,#000000,20.771821694050345,169.99931776853748,-0.4115442113479161,44.92473891712254,-4.7777182279000385,True,False,False,True,True,0.0,0.0,0.0,0.0,0.0,0,0.8777984301108468,0.9811231918306391,False,False,False,False,-0.1319251960016764,-0.16881902342099395,False,False,False,False,-1075392,-1013260.1444766853,False,False,False,False,56349.190988980896,False,False,False,False
2022-06-24 00:00:00+00:00,167.9293036135,170.5771955027,161.5522973136,162.9689194744,210808,,,,,,,,,,,,,,,,,,,,,,,,,,,,,,,,,,,,,,,,,,#000000,20.779872055242237,169.76018647770223,-0.08810847628584663,49.44863315378226,-6.682331834639584,True,False,False,False,True,0.0,0.0,0.0,0.0,0.0,0,0.9023899764610667,0.9403047584821449,False,False,False,False,0.008129431296113768,-0.08034479606244009,False,False,False,False,-864584,-1007429.707438384,False,False,False,False,62406.39918549145,False,False,False,False
2022-06-27 00:00:00+00:00,165.7580322643,169.2532495581,163.6970897439,169.2532495581,51409,,,,,,,,,,,,,,,,,,,,,,,,,,,,,,,,,,,,,,,,,,#000000,20.732763007274997,169.77343646454483,-0.19367434040681653,51.51709441047423,-4.78045110613094,True,False,False,False,True,0.0,0.0,0.0,0.0,0.0,0,0.9052823345516823,0.957596893110844,False,False,False,False,0.015184259467786222,-0.032580268297326936,False,False,False,False,-915993,-1003843.9542055062,False,False,False,False,61975.128629197665,False,False,False,False
2022-06-28 00:00:00+00:00,163.0571825373,169.3768178463,162.2892938895,167.6115565868,49902,,,,,,,,,,,,,,,,,,,,,,,,,,,,,,,,,,,,,,,,,,#000000,20.732245081657705,169.73192630142074,-0.32194987748943954,51.73954262995577,-4.517289340716687,True,False,False,False,True,0.0,0.0,0.0,0.0,0.0,0,0.8902463676021058,0.9584599759225376,False,False,False,False,0.004147269322634571,-0.014216499487346183,False,False,False,False,-965895,-1002355.7599229374,False,False,False,False,61501.67260452325,False,False,False,False
2022-06-29 00:00:00+00:00,158.8205555146,164.3016917253,157.584872633,164.3016917253,39979,,,,,,,,,,,,,,,,,,,,,,,,,,,,,,,,,,,,,,,,,,"rgba(239, 83, 80, 0.5)",20.770312601758622,169.5663746245413,-0.5173643418843621,50.19840811313008,-4.517289340716687,True,False,False,False,True,0.0,0.0,0.0,0.0,0.0,0,0.8867450144275775,0.9608057482302154,False,False,False,False,-0.08006268785643787,-0.04713959367189203,False,False,False,False,-1005874,-1002493.7301220379,False,False,False,False,60657.64622787528,False,False,False,False
2022-06-30 00:00:00+00:00,150.9474902974,155.1135068697,146.6843843558,155.1135068697,87853,,,,,,,,,,,,,,,,,,,,,,,,,,,,,,,,,,,,,,,,,,"rgba(239, 83, 80, 0.5)",20.883874097835648,166.5162869249531,-0.7454937026826172,46.569416818881436,-4.517289340716687,True,False,False,True,False,0.0,0.0,0.0,0.0,0.0,0,0.8578147679546861,0.9998672388753028,False,False,False,False,-0.25810425728228753,-0.15262192547708978,False,False,False,False,-1093727,-1006071.5054113697,False,False,False,False,61724.130689527236,False,False,False,False
2022-07-01 00:00:00+00:00,153.3570719166,154.6192337171,147.5581886792,149.8000704787,59772,,,,,,,,,,,,,,,,,,,,,,,,,,,,,,,,,,,,,,,,,,"rgba(239, 83, 80, 0.5)",20.91212566988776,166.19168502622637,-0.6137402439249614,45.218639178855554,1.475163679438893,True,False,False,True,False,0.0,0.0,0.0,0.0,0.0,0,0.83779237116011,1.009818412697905,False,False,False,False,-0.24827379704912642,-0.2004478612631081,False,False,False,False,-1033955,-1007164.9757873944,False,False,False,False,61647.576544839896,False,False,False,False
2022-07-05 00:00:00+00:00,158.2291929927,158.4586769564,148.4761245341,151.4770686752,62361,,,,,,,,,,,,,,,,,,,,,,,,,,,,,,,,,,,,,,,,,,#000000,20.693933082082935,166.08694902455915,-0.3797130299344827,46.332561826762166,1.475163679438893,True,False,False,True,False,0.0,0.0,0.0,0.0,0.0,0,0.8563330342753844,0.9994755337043703,False,False,False,False,-0.16835972569126864,-0.18440379347718838,False,False,False,False,-971594,-1005770.0355604378,False,False,False,False,61675.553935238335,False,False,False,False
2022-07-06 00:00:00+00:00,154.6898441675,157.8584881282,153.3747245291,157.8584881282,51990,,,,,,,,,,,,,,,,,,,,,,,,,,,,,,,,,,,,,,,,,,"rgba(239, 83, 80, 0.5)",20.388633675663947,165.97950655309535,-0.5537233423871251,45.820700584699104,1.475163679438893,True,False,False,True,False,0.0,0.0,0.0,0.0,0.0,1,0.8851137171467792,0.9753793961419839,False,False,False,False,-0.10491879488832144,-0.14466129418275492,False,False,False,False,-1023584,-1006468.622401205,False,False,False,False,61295.728290719184,False,False,False,False
2022-07-07 00:00:00+00:00,158.9352974965,159.7120124507,156.516889571,156.6581104718,37788,,,,,,,,,,,,,,,,,,,,,,,,,,,,,,,,,,,,,,,,,,#000000,19.97462865947729,165.99363672669915,-0.3533652289876342,47.18653777076875,1.475163679438893,True,False,False,False,False,0.0,0.0,0.0,0.0,0.0,1,0.9012283085035548,0.9495682887878698,False,False,False,False,-0.043518751695635655,-0.09409002293919529,False,False,False,False,-985796,-1005657.931326648,False,False,False,False,60373.85659304392,False,False,False,False
2022-07-08 00:00:00+00:00,154.4162286722,159.4030917302,153.8601713755,159.4030917302,52647,,,,,,,,,,,,,,,,,,,,,,,,,,,,,,,,,,,,,,,,,,"rgba(239, 83, 80, 0.5)",19.53986221207024,165.88511275726162,-0.5869480531944093,46.46673974942348,1.475163679438893,True,False,False,True,False,0.0,0.0,0.0,0.0,0.0,1,0.9118216715208644,0.947715425147006,False,False,False,False,-0.07989914294948214,-0.0869945829443387,False,False,False,False,-1038443,-1006943.6202942305,False,False,False,False,60070.84260900299,False,False,False,False
2022-07-11 00:00:00+00:00,147.8318041744,152.1655205664,146.9138683195,152.1655205664,51613,,,,,,,,,,,,,,,,,,,,,,,,,,,,,,,,,,,,,,,,,,"rgba(239, 83, 80, 0.5)",19.066283711156213,165.52245935402254,-0.9278502013096164,43.94977798624211,-0.5815016721908961,False,False,False,True,False,0.0,0.0,0.0,0.0,0.0,1,0.9007864010700694,0.9415375026945477,False,False,False,False,-0.25866627800837155,-0.17283043047635513,True,False,False,False,-1090056,-1010202.9293023,False,False,False,False,59739.16250668915,True,False,False,False
2022-07-12 00:00:00+00:00,152.2979151609,153.2070247095,148.0171566067,148.0171566067,66028,,,,,,,,,,,,,,,,,,,,,,,,,,,,,,,,,,,,,,,,,,"rgba(239, 83, 80, 0.5)",18.617886579748127,165.20499808783515,-0.6932625178292261,44.14411413774437,-0.5947448457336577,False,False,False,True,False,0.0,0.0,0.0,0.0,0.0,1,0.9133395404334388,0.9335309942753812,False,False,False,False,-0.23085510234385503,-0.20184276641010507,False,False,False,False,-1024028,-1010745.088937504,False,False,False,False,59985.78358485821,False,False,False,False
2022-07-13 00:00:00+00:00,152.95547498,153.401203448,148.0171566067,148.9350924616,74389,,,,,,,,,,,,,,,,,,,,,,,,,,,,,,,,,,,,,,,,,,"rgba(239, 83, 80, 0.5)",18.017797158335227,164.8945791209389,-0.6626284021304867,44.54498052925156,-0.5947448457336577,False,False,False,True,False,0.0,0.0,0.0,0.0,0.0,1,0.9110630645671365,0.9427106490509882,False,False,False,False,-0.2283550573020282,-0.21509891185606664,False,False,False,False,-949639,-1008348.7717242686,False,False,False,False,60550.615601138285,False,False,False,False
2022-07-14 00:00:00+00:00,155.5459958783,156.0579216435,148.2466405704,151.1504953422,66753,,,,,,,,,,,,,,,,,,,,,,,,,,,,,,,,,,,,,,,,,,"rgba(239, 83, 80, 0.5)",17.24625006264658,164.70612651578014,-0.5311375286921033,45.90144090210663,-0.5947448457336577,False,False,False,True,False,0.0,0.0,0.0,0.0,0.0,1,0.9155348846109599,0.9138208685836519,False,False,False,False,-0.1915065931071429,-0.2033027524816048,False,False,False,False,-882886,-1003428.6630291992,False,False,False,False,60793.84636187796,False,False,False,False
2022-07-15 00:00:00+00:00,159.3324812799,160.3033749726,152.6950989443,158.3792401997,109688,,,,,,,,,,,,,,,,,,,,,,,,,,,,,,,,,,,,,,,,,,#000000,16.51404417268566,164.64379877339803,-0.3216242755534697,48.307918095020895,-0.5947448457336577,True,False,False,False,True,0.0,0.0,0.0,0.0,0.0,1,0.932480641358686,0.9013382482652493,False,False,False,False,-0.08315625790939327,-0.14322950519549904,False,False,False,False,-773198,-994400.0095770739,False,False,False,False,62711.26415160824,False,False,False,False
2022-07-18 00:00:00+00:00,156.9582048859,161.3801843409,156.5521947962,160.3563328104,51894,,,,,,,,,,,,,,,,,,,,,,,,,,,,,,,,,,,,,,,,,,#000000,15.475836427059102,164.62901539355335,-0.4956637105727702,48.902231170822745,-0.5947448457336577,True,False,False,False,True,0.0,0.0,0.0,0.0,0.0,1,0.9415848308068784,0.9062053054778889,False,False,False,False,-0.022679761157076435,-0.08295463317628773,False,False,False,False,-825092,-987760.4797897376,False,False,False,False,62287.05771429027,False,False,False,False
2022-07-19 00:00:00+00:00,162.9953983933,164.9092063877,159.5707915499,159.5707915499,59311,,,,,,,,,,,,,,,,,,,,,,,,,,,,,,,,,,,,,,,,,,#000000,14.486032974683047,164.72032963030955,-0.11907547359751083,51.58745326967016,-3.0075529666980785,True,False,False,False,True,0.0,0.0,0.0,0.0,0.0,1,0.9477006556024933,0.8847024755925114,False,False,False,False,0.0573948773820139,-0.012779877897136919,False,False,False,False,-765781,-979055.4021509243,False,False,False,False,62170.349568631835,False,False,False,False
2022-07-20 00:00:00+00:00,167.2496780286,167.4968146049,163.2425349696,163.2425349696,45817,,,,,,,,,,,,,,,,,,,,,,,,,,,,,,,,,,,,,,,,,,#000000,13.497947238879688,164.85212673713062,0.17762340073188515,54.76032008993208,0.02615864315141181,True,False,True,False,True,0.0,0.0,0.0,0.0,0.0,1,0.9648649936363516,0.8562609328948749,False,False,False,False,0.1346247556381699,0.06092243887051649,False,False,False,False,-719964,-968894.9550077509,False,False,False,False,61529.041742410984,False,False,False,False
2022-07-21 00:00:00+00:00,169.103202351,170.0476171249,166.3758737052,167.558598749,57777,,,,,,,,,,,,,,,,,,,,,,,,,,,,,,,,,,,,,,,,,,#000000,12.424818785585224,165.06369857715595,0.3251157094162626,57.4479357495829,2.524675253011054,True,False,True,False,True,0.0,0.0,0.0,0.0,0.0,0,0.9918794064236568,0.8392039608606907,False,False,False,False,0.2061452682670441,0.13353385356878028,False,False,False,False,-662187,-956867.1920662705,False,False,False,False,61381.90285055173,False,False,False,False
2022-07-22 00:00:00+00:00,167.8586931631,171.2303421687,165.7845111832,168.9178499188,34943,,,,,,,,,,,,,,,,,,,,,,,,,,,,,,,,,,,,,,,,,,#000000,11.31595730289662,165.1785690924793,0.23684466094041,58.578418376149855,3.56638944546944,True,False,True,False,True,0.0,0.0,0.0,0.0,0.0,0,0.9871254470331587,0.838991701676691,False,False,False,False,0.21369451199386869,0.17361418278132448,False,False,False,False,-697130,-946681.4198283775,False,False,False,False,60345.08313092225,False,False,False,False
2022-07-25 00:00:00+00:00,170.5683691964,170.586021809,167.7439511812,169.5003861344,32466,,,,,,,,,,,,,,,,,,,,,,,,,,,,,,,,,,,,,,,,,,"rgba(38, 166, 154, 0.5)",10.354825967376675,165.29714318719766,0.5090598360425913,60.249882397699686,5.176143078500289,True,False,True,False,True,0.0,0.0,0.0,0.0,0.0,0,0.9971683959173673,0.835076671667603,False,False,False,False,0.23057086144862896,0.20209252211497672,False,False,False,False,-664664,-935621.9131684413,False,False,False,False,59251.785753239026,False,False,False,False
2022-07-26 00:00:00+00:00,168.4941872165,171.2126895561,167.7174722624,169.4121230714,39579,,,,,,,,,,,,,,,,,,,,,,,,,,,,,,,,,,,,,,,,,,#000000,9.739455359500065,165.42606740125456,0.31501964966169604,60.17936837026255,5.197835648949642,True,False,True,False,True,0.0,0.0,0.0,0.0,0.0,0,1.007547655295473,0.8223870889347802,False,False,False,False,0.22532954009900152,0.21371103110698914,False,False,False,False,-704243,-926548.2302990907,False,False,False,False,58480.303958994366,False,False,False,False
2022-07-27 00:00:00+00:00,173.0573875723,173.6664027068,168.3353137032,169.1738128014,48484,,,,,,,,,,,,,,,,,,,,,,,,,,,,,,,,,,,,,,,,,,"rgba(38, 166, 154, 0.5)",9.236178017656956,165.62135857654795,0.8050980591253734,61.71947115598603,6.812004804431581,True,False,True,False,True,0.0,0.0,0.0,0.0,0.0,0,0.9855658405926874,0.8331956941678693,False,False,False,False,0.27033129470758005,0.2420211629072846,False,False,False,False,-655759,-915929.0447971657,False,False,False,False,58088.292039033804,False,False,False,False
2022-07-28 00:00:00+00:00,179.9507327905,180.0796628046,168.5248660232,173.6376079619,35387,,,,,,,,,,,,,,,,,,,,,,,,,,,,,,,,,,,,,,,,,,"rgba(0, 255, 255, 0.75)",9.273467327103468,165.8160172216513,1.52421042424308,64.68535682830118,9.71848682615147,True,False,True,False,True,1.861934683229805,0.0,0.0,0.0,0.0,0,0.996225509484313,0.8063639069753659,False,False,False,False,0.3428282514341861,0.2924247071707353,False,False,False,False,-620372,-904338.5724521788,False,False,False,False,57198.045292405026,False,False,False,False
2022-07-29 00:00:00+00:00,183.4540724841,184.4588374216,178.2435215692,178.2435215692,60283,,,,,,,,,,,,,,,,,,,,,,,,,,,,,,,,,,,,,,,,,,"rgba(0, 255, 255, 0.75)",9.492086856676307,166.25772611033136,1.8116507606199908,67.4909866468545,12.387030235860564,True,False,True,False,True,3.200039951378887,0.0,0.0,0.0,0.0,0,1.0175410284117379,0.813091727903383,False,False,False,False,0.34282825209308293,0.31762647963190915,False,False,False,False,-560089,-890838.5892187601,False,False,False,False,57319.02390838914,False,False,False,False
2022-08-01 00:00:00+00:00,181.9069123148,184.4232705212,177.7900435886,180.9288225527,44500,,,,,,,,,,,,,,,,,,,,,,,,,,,,,,,,,,,,,,,,,,"rgba(0, 255, 255, 0.75)",9.669351692578514,166.5536328438213,1.5878292525819226,68.39974734260934,13.266638545577194,True,False,True,False,True,2.5605778662667156,0.0,0.0,0.0,0.0,0,1.031717986231556,0.8115674017723821,False,False,False,False,0.3371602413347473,0.32739336048332823,False,False,False,False,-604589,-879613.11513175,False,False,False,False,56816.31708845231,False,False,False,False
2022-08-02 00:00:00+00:00,180.4308859465,182.8360975889,177.4788332097,180.2174845438,64429,,,,,,,,,,,,,,,,,,,,,,,,,,,,,,,,,,,,,,,,,,"rgba(38, 166, 154, 1.0)",9.648910846457746,166.93175626205831,1.3990314450254686,68.07477603257603,13.266638545577194,True,False,True,False,True,1.9480327107337736,0.0,0.0,0.0,0.0,0,1.0284353973819313,0.823954573363819,False,False,False,False,0.3153508904729773,0.32137212547815275,False,False,False,False,-669018,-871354.483165799,False,False,False,False,57114.85367321889,False,False,False,False
2022-08-03 00:00:00+00:00,184.4766208718,185.8726217142,178.2435215692,181.835778514,48015,,,,,,,,,,,,,,,,,,,,,,,,,,,,,,,,,,,,,,,,,,"rgba(0, 255, 255, 0.75)",9.821142026157753,167.23949244569206,1.755104282190234,69.020699844445,14.11011825263654,True,False,True,False,True,3.5267979139054475,0.0,0.0,0.0,0.0,0,1.021877063391367,0.8252599489087797,False,False,False,False,0.34282825214343937,0.33210018881079606,False,False,False,False,-621003,-861536.7779436109,False,False,False,False,56757.99666642599,False,False,False,False
2022-08-04 00:00:00+00:00,184.6277801987,185.8681758517,180.0544992225,185.4813858093,47044,,,,,,,,,,,,,,,,,,,,,,,,,,,,,,,,,,,,,,,,,,"rgba(0, 255, 255, 0.75)",10.060794099212666,167.5369014297611,1.698760415967206,69.69379352000806,14.951905349994504,True,False,True,False,True,3.585639264395393,0.0,0.0,0.0,0.0,0,1.0159226289438446,0.8340991449264974,False,False,False,False,0.34282825220469243,0.3374642205077443,False,False,False,False,-573959,-850259.2180242536,False,False,False,False,56377.0556206838,False,False,False,False
2022-08-05 00:00:00+00:00,182.3781737457,192.843734201,178.9192926776,183.3473717828,70704,,,,,,,,,,,,,,,,,,,,,,,,,,,,,,,,,,,,,,,,,,"rgba(38, 166, 154, 1.0)",10.030464534950944,167.98609850912263,1.434836361409632,68.55784103183768,14.951905349994504,True,False,True,False,True,2.615280908328373,0.0,0.0,0.0,0.0,0,1.0309581968102646,0.804932785918046,False,False,False,False,0.34282825238193093,0.3401462364448376,False,False,False,False,-644663,-842196.6212389888,False,False,False,False,56938.896576735424,False,False,False,False
2022-08-08 00:00:00+00:00,184.6011050234,186.5928514482,182.5204413475,184.4766208718,38773,,,,,,,,,,,,,,,,,,,,,,,,,,,,,,,,,,,,,,,,,,"rgba(0, 255, 255, 0.75)",10.058290230620983,168.21833820718956,1.6287824710342447,68.56256228864943,14.951905349994504,True,False,True,False,True,3.5054151751249236,0.0,0.0,0.0,0.0,0,1.0276849306335807,0.8359570315407326,False,False,False,False,0.31611862566554866,0.32813243105519313,False,False,False,False,-605890,-832929.6949158913,False,False,False,False,56226.50847568698,False,False,False,False
2022-08-09 00:00:00+00:00,181.6312688364,184.3076780947,177.6166549489,184.3076780947,63726,,,,,,,,,,,,,,,,,,,,,,,,,,,,,,,,,,,,,,,,,,"rgba(38, 166, 154, 1.0)",10.137032157226285,168.5165519893778,1.2937432419678427,66.49438389521517,14.951905349994504,True,False,True,False,False,2.2110158566371716,0.0,0.0,0.0,0.0,0,1.0006271768686092,0.8643172343461787,False,False,False,False,0.24568741304440825,0.2869099220498007,False,False,False,False,-669616,-826525.2362917387,False,False,False,False,56520.60618252278,False,False,False,False
2022-08-10 00:00:00+00:00,188.1489033426,188.504572347,185.9259720649,186.5483928226,48824,,,,,,,,,,,,,,,,,,,,,,,,,,,,,,,,,,,,,,,,,,"rgba(0, 255, 255, 0.75)",10.49505214272339,168.8271529498133,1.8410342445209464,67.36778841227309,14.951905349994504,True,False,True,False,False,4.802921175205924,0.0,0.0,0.0,0.0,0,0.996888159945532,0.8545996933866535,False,False,False,False,0.3428282524537623,0.31486908725178153,False,False,False,False,-620792,-818457.2662410823,False,False,False,False,56218.77848909052,False,False,False,False
2022-08-11 00:00:00+00:00,189.7494138625,192.443606571,187.4731322341,190.7097201744,37583,,,,,,,,,,,,,,,,,,,,,,,,,,,,,,,,,,,,,,,,,,"rgba(0, 255, 255, 0.75)",10.88017468023633,169.0840549079306,1.8993591152638116,68.4261431711824,14.951905349994504,True,False,True,False,False,5.423728852243677,0.0,0.0,0.0,0.0,0,1.0057705534072363,0.8425109294884067,False,False,False,False,0.342828252586624,0.3288486699192028,False,False,False,False,-583209,-809231.8440355498,False,False,False,False,55487.96364638109,False,False,False,False
2022-08-12 00:00:00+00:00,193.9463081147,194.6309709483,190.3184842696,191.7945106379,38950,,,,,,,,,,,,,,,,,,,,,,,,,,,,,,,,,,,,,,,,,,"rgba(0, 255, 0, 1.0)",11.435963340601353,169.37714480876275,2.1484122127874272,70.28730839606912,16.31180300650351,True,False,True,False,True,7.03209650834485,0.0,0.0,0.0,0.0,0,1.0238120487027955,0.8273729680763593,False,False,False,False,0.34282825269360206,0.33583846130640244,False,False,False,False,-544259,-798840.7521125871,False,False,False,False,54839.41605240536,False,False,False,False
2022-08-15 00:00:00+00:00,196.4804497713,197.182896055,191.474408534,192.4969569217,31457,,,,,,,,,,,,,,,,,,,,,,,,,,,,,,,,,,,,,,,,,,"rgba(0, 255, 0, 1.0)",12.030146272085947,169.62622343638935,2.2322443740540066,72.15619610428324,18.158613591841046,True,False,True,False,True,7.98656770974042,0.0,0.0,0.0,0.0,0,1.021024058962397,0.8267455531794763,False,False,False,False,0.3428282527647416,0.339333357035572,False,False,False,False,-512802,-787623.5461473877,False,False,False,False,53922.45856015417,False,True,False,False
2022-08-16 00:00:00+00:00,195.4045510329,197.8675588886,193.2527535561,195.2800668813,41040,,,,,,,,,,,,,,,,,,,,,,,,,,,,,,,,,,,,,,,,,,"rgba(0, 255, 255, 0.75)",12.551660009646536,172.78766008529024,1.8019043640624128,72.57360117785107,18.636947532626223,True,False,True,False,True,7.484748773141572,0.0,0.0,0.0,0.0,0,1.0204895478152878,0.824033007524275,False,False,False,False,0.34282825280883467,0.34108080492220333,False,False,False,False,-553842,-778455.6423769019,False,False,False,False,53417.26410681479,False,False,False,False
2022-08-17 00:00:00+00:00,192.5058486468,194.7510092373,190.5318856722,193.7329067121,40637,,,,,,,,,,,,,,,,,,,,,,,,,,,,,,,,,,,,,,,,,,"rgba(0, 255, 255, 0.75)",12.91390527583218,172.87143565894505,1.5204086268620776,70.68698057086416,18.636947532626223,True,False,True,False,False,6.135914683075697,0.0,0.0,0.0,0.0,0,1.005270315798569,0.8458703341404341,False,False,False,False,0.2966191362272523,0.3188499705747278,False,False,False,False,-594479,-771240.8720876117,False,False,False,False,52916.077279096564,False,False,False,False
2022-08-18 00:00:00+00:00,194.9777482276,195.3245255069,191.6611347613,194.6665378487,49230,,,,,,,,,,,,,,,,,,,,,,,,,,,,,,,,,,,,,,,,,,"rgba(0, 255, 255, 0.75)",13.33869776847546,173.1719971445968,1.6347736084506455,70.27438163837623,18.636947532626223,True,False,True,False,False,7.102060313326774,0.0,0.0,0.0,0.0,0,1.013254107016946,0.8401718272120104,False,False,False,False,0.30996368191965873,0.3144068262471933,False,False,False,False,-545249,-762378.4457312349,False,False,False,False,52771.52522893592,False,False,False,False
2022-08-19 00:00:00+00:00,187.9710688403,193.7506901623,186.3260996949,192.3191224195,55991,,,,,,,,,,,,,,,,,,,,,,,,,,,,,,,,,,,,,,,,,,"rgba(38, 166, 154, 1.0)",13.542525536521254,173.28617757453472,1.0843539653045748,65.5347651795577,19.643661589139285,True,False,True,False,False,3.90033546741887,0.0,0.0,0.0,0.0,0,1.0027565294383733,0.8378936730075226,False,False,False,False,0.25642660829876496,0.2854167172729791,False,False,False,False,-601240,-756059.2909966767,False,False,False,False,52897.77914152667,False,False,False,False
2022-08-22 00:00:00+00:00,183.1428621052,184.7789395256,181.1244405051,184.6544553741,49601,,,,,,,,,,,,,,,,,,,,,,,,,,,,,,,,,,,,,,,,,,"rgba(38, 166, 154, 0.5)",13.676034046925892,173.21850926440783,0.7256747684847263,59.99192647073728,14.613834800291983,True,False,True,False,False,1.7945794361288776,0.0,0.0,0.0,0.0,0,0.9959230269317904,0.8534488546745892,False,False,False,False,0.15062546572520424,0.21802109149909168,False,False,False,False,-650841,-751933.083506611,False,False,False,False,52768.49368499621,False,False,False,False
2022-08-23 00:00:00+00:00,181.9780461157,186.4381354313,181.6223771113,183.6763656119,50710,,,,,,,,,,,,,,,,,,,,,,,,,,,,,,,,,,,,,,,,,,"rgba(38, 166, 154, 0.5)",13.732515488362747,173.23422350736473,0.6367240303311508,55.76300288806564,10.965193451447789,False,False,True,False,False,1.2933216662633882,0.0,0.0,0.0,0.0,0,1.0251718081543717,0.8319023138352181,False,False,False,False,0.16645795407202166,0.19223952278555667,False,False,False,False,-701551,-749957.3155259596,False,False,False,False,52687.76844244734,False,False,False,False
2022-08-24 00:00:00+00:00,182.4937661721,183.4629642092,180.5464783729,182.6360337739,37714,,,,,,,,,,,,,,,,,,,,,,,,,,,,,,,,,,,,,,,,,,"rgba(38, 166, 154, 0.5)",13.772220586757564,173.24589423127156,0.6714873525712022,53.219383645670064,8.89201095931584,False,False,False,False,False,1.510036781658659,0.0,0.0,0.0,0.0,0,1.0494725702134626,0.831344769157448,False,False,False,False,0.136786506995328,0.16451301489044234,False,False,False,False,-663837,-746580.0482504318,False,False,False,False,52100.56183686117,False,False,False,False
2022-08-25 00:00:00+00:00,185.6858954869,186.6373100737,183.5340980101,184.2721111943,30970,,,,,,,,,,,,,,,,,,,,,,,,,,,,,,,,,,,,,,,,,,"rgba(38, 166, 154, 0.5)",13.792296557051182,173.32022959051142,0.8965632260906359,53.19271940210605,8.89201095931584,False,False,False,False,False,2.8498976232839652,0.0,0.0,0.0,0.0,0,1.0531989779162587,0.8178862983381368,False,False,False,False,0.18203149770565544,0.17327225629804888,False,False,False,False,-632867,-742120.7130249247,False,False,False,False,51271.91235306269,False,False,False,False
2022-08-26 00:00:00+00:00,177.0964890299,186.5039341971,176.4296096466,186.5039341971,56722,,,,,,,,,,,,,,,,,,,,,,,,,,,,,,,,,,,,,,,,,,#000000,13.701291258488814,173.31576658519822,0.2759391340111381,49.23838168277925,5.3685328705101085,False,True,False,True,False,0.0,0.0,0.0,0.0,0.0,0,1.019136370968582,0.8335214113250916,False,False,False,False,0.1289484003968834,0.15111032834746613,False,False,False,False,-689589,-740060.6458474767,False,False,False,False,51485.64128039357,False,False,False,False
2022-08-29 00:00:00+00:00,175.6738130122,177.3632407833,173.6553914121,175.9138895902,58288,,,,,,,,,,,,,,,,,,,,,,,,,,,,,,,,,,,,,,,,,,#000000,13.485818422440245,173.22025000994802,0.18193652957459877,46.06603894910591,2.4890080032056403,False,True,False,True,False,0.0,0.0,0.0,0.0,0.0,0,1.0379623238152542,0.849677218844457,False,False,False,False,0.04246745552984158,0.09678889193865385,False,False,False,False,-747877,-740367.1695397325,False,False,False,False,51752.400445868334,False,False,False,False
2022-08-30 00:00:00+00:00,173.0952127301,181.0177398038,172.7217602755,177.3098904326,69927,,,,,,,,,,,,,,,,,,,,,,,,,,,,,,,,,,,,,,,,,,#000000,13.319227035813881,173.14904889143645,-0.004041988412066958,42.99782077617961,-0.29859538850118383,False,True,False,True,False,0.0,0.0,0.0,0.0,0.0,0,1.0285235582218009,0.8447665497073041,False,False,False,False,0.06203197834239005,0.07941043514052196,False,False,False,False,-817804,-743403.9079891548,False,False,False,False,52465.129840148,False,False,False,False
2022-08-31 00:00:00+00:00,170.0542427423,175.1669846809,169.2139747193,174.4734301223,54199,,,,,,,,,,,,,,,,,,,,,,,,,,,,,,,,,,,,,,,,,,#000000,13.18690470977283,173.02593062296214,-0.22535143356725781,39.90273081249899,-3.127100474787099,False,True,False,True,False,0.0,0.0,0.0,0.0,0.0,0,1.0125072674029125,0.8778525663355843,False,False,False,False,-0.005155016751824625,0.037127709194348664,False,False,False,False,-872003,-748447.0096366389,False,False,False,False,52533.12474837749,False,False,False,False
2022-09-01 00:00:00+00:00,169.0139109043,169.6007647616,164.0790034679,168.827184677,44826,,,,,,,,,,,,,,,,,,,,,,,,,,,,,,,,,,,,,,,,,,#000000,13.023069991295682,172.8735341516062,-0.29636815665475963,37.48934429457139,-5.347858860049797,False,True,False,True,False,0.0,0.0,0.0,0.0,0.0,0,0.9984540605677181,0.8980880095640417,False,False,False,False,-0.0820740448102506,-0.02247316780795097,False,False,False,False,-916829,-755050.2249450061,False,False,False,False,52230.88456216661,False,False,False,False
2022-09-02 00:00:00+00:00,165.3238449834,172.6684099248,165.3060615332,171.5035939353,40347,,,,,,,,,,,,,,,,,,,,,,,,,,,,,,,,,,,,,,,,,,"rgba(239, 83, 80, 0.5)",12.985155702307308,172.7536699723417,-0.5721783519023581,34.700733316551734,-7.969282632366593,False,True,False,True,False,0.0,0.0,0.0,0.0,0.0,0,0.9971499293422545,0.9029764106981966,False,False,False,False,-0.05113865572933192,-0.036805911768641446,False,False,False,False,-957176,-762976.7259275549,False,False,False,False,51764.8498734542,False,False,False,False
2022-09-06 00:00:00+00:00,164.9415008036,165.6528388125,162.887512303,165.2616029076,48699,,,,,,,,,,,,,,,,,,,,,,,,,,,,,,,,,,,,,,,,,,"rgba(239, 83, 80, 0.5)",12.88031198449118,172.566931755351,-0.592022224378769,32.723234552868895,-9.869498274312264,False,True,False,True,False,0.0,0.0,0.0,0.0,0.0,0,0.9668784243646454,0.952548732266372,False,False,False,False,-0.1193064566566639,-0.07805618421265267,False,False,False,False,-1005875,-772502.1484401998,False,False,False,False,51644.62046665207,False,False,False,False
2022-09-07 00:00:00+00:00,167.6090183368,168.1603052937,162.727461251,163.6255254872,38982,,,,,,,,,,,,,,,,,,,,,,,,,,,,,,,,,,,,,,,,,,#000000,12.795758192334139,172.45246789626395,-0.3785199350176553,33.43750166153892,-9.869498274312264,False,True,False,True,False,0.0,0.0,0.0,0.0,0.0,0,0.9594543104068721,0.9402104151379256,False,False,False,False,-0.10226594903632845,-0.09016106662449055,False,False,False,False,-966893,-780125.3190896037,False,False,False,False,51148.047115018664,False,False,False,False
2022-09-08 00:00:00+00:00,171.6814284375,171.9303967406,166.2308009447,166.6931706504,33792,,,,,,,,,,,,,,,,,,,,,,,,,,,,,,,,,,,,,,,,,,#000000,12.768029829525718,172.40315551676875,-0.05652611161667135,36.642581370581055,-9.869498274312264,False,True,False,True,True,0.0,0.0,0.0,0.0,0.0,0,0.9751345806165231,0.9281648233156208,False,False,False,False,-0.049796280227114076,-0.06997867342580232,False,False,False,False,-933101,-786124.3653998154,False,False,False,False,50467.41781639049,False,False,False,False
2022-09-09 00:00:00+00:00,175.2470102069,177.8078270388,172.8729196024,172.8729196024,45006,,,,,,,,,,,,,,,,,,,,,,,,,,,,,,,,,,,,,,,,,,#000000,12.744186899698539,172.42218115350155,0.22165627949675368,40.82904169709388,-16.630714155545107,False,True,False,True,True,0.0,0.0,0.0,0.0,0.0,0,1.0079485982979846,0.8948296605087702,False,False,False,False,0.040040444698038746,-0.014969114363881784,False,False,False,False,-888095,-790123.2138155089,False,False,False,False,50253.2445686889,False,False,False,False
2022-09-12 00:00:00+00:00,178.6881078248,179.0082099288,175.2025515814,177.5499670106,39281,,,,,,,,,,,,,,,,,,,,,,,,,,,,,,,,,,,,,,,,,,#000000,12.732622629867373,172.46896903583996,0.48844130308013517,45.36142387443265,-12.36981042669823,False,True,False,True,True,0.45411943655272324,0.0,0.0,0.0,0.0,0,1.048057859941302,0.8696957451286805,False,False,False,False,0.06542500985080113,0.025227947743459673,False,False,False,False,-848814,-792424.8132737243,False,False,False,False,49822.960467956,False,False,False,False
2022-09-13 00:00:00+00:00,168.6048915492,175.6426919743,167.6179100619,173.6731748623,56701,,,,,,,,,,,,,,,,,,,,,,,,,,,,,,,,,,,,,,,,,,#000000,12.70483610869974,172.41225225102457,-0.2996780650493746,43.86633844936677,-12.36981042669823,False,True,False,True,True,0.0,0.0,0.0,0.0,0.0,0,1.0096713332244966,0.8708386197488776,False,False,False,False,-0.01318950856138618,0.006019219591036747,False,False,False,False,-905515,-796859.7225571077,False,False,False,False,50092.68750842832,False,False,False,False
2022-09-14 00:00:00+00:00,166.1596671438,175.2803541761,164.3724303965,170.27653587,48654,,,,,,,,,,,,,,,,,,,,,,,,,,,,,,,,,,,,,,,,,,#000000,12.712755051436394,172.33889995150844,-0.48606559181758663,42.02108250778509,-12.36981042669823,False,True,False,True,True,0.0,0.0,0.0,0.0,0.0,0,0.996019623688807,0.8849776454189806,False,False,False,False,-0.03907928636349097,-0.016530033386227112,False,False,False,False,-954169,-803028.713829378,False,False,False,False,50036.268390450736,False,False,False,False
2022-09-15 00:00:00+00:00,165.5994884618,168.6048915492,164.4702393727,165.9551574662,46478,,,,,,,,,,,,,,,,,,,,,,,,,,,,,,,,,,,,,,,,,,"rgba(239, 83, 80, 0.5)",12.722631831950968,172.24128116177565,-0.5220455003103823,40.59349632495031,-12.36981042669823,False,True,False,True,False,0.0,0.0,0.0,0.0,0.0,0,0.9814810517789494,0.905846722845727,False,False,False,False,-0.08644059168492091,-0.05148531253557401,False,False,False,False,-1000647,-810778.4505419515,False,False,False,False,49896.728453570315,False,False,False,False
2022-09-16 00:00:00+00:00,165.2704946327,165.9106988407,161.8160594272,165.1549022063,134298,,,,,,,,,,,,,,,,,,,,,,,,,,,,,,,,,,,,,,,,,,"rgba(239, 83, 80, 0.5)",12.734450080366667,171.91931257578474,-0.5221126865411762,39.517447055912335,-12.36981042669823,False,True,False,True,False,0.0,0.0,0.0,0.0,0.0,0,0.9683668724054463,0.9265302812365362,False,False,False,False,-0.12522817281022075,-0.08835674267289738,False,False,False,False,-1134945,-823490.8642461887,False,False,False,False,53206.58223970482,False,False,False,False
2022-09-19 00:00:00+00:00,171.1123580304,172.6595181997,163.687767563,163.687767563,50017,,,,,,,,,,,,,,,,,,,,,,,,,,,,,,,,,,,,,,,,,,#000000,12.73118740911841,171.8761608968797,-0.0599946290895567,42.178327011928246,-12.36981042669823,False,True,False,True,False,0.0,0.0,0.0,0.0,0.0,0,0.9834505592374941,0.9043911082177235,False,False,False,False,-0.06284482626343439,-0.07560078446816589,False,False,False,False,-1084928,-833743.3009424165,False,False,False,False,53081.500583245805,False,False,False,False
2022-09-20 00:00:00+00:00,166.097425068,169.4051468092,164.4969145481,168.8716433025,39158,,,,,,,,,,,,,,,,,,,,,,,,,,,,,,,,,,,,,,,,,,#000000,12.736512413499078,171.81833613900764,-0.4491740662808289,41.853664683610916,-12.36981042669823,False,True,False,True,False,0.0,0.0,0.0,0.0,0.0,0,0.9994198351008682,0.8928928265259726,False,False,False,False,-0.09033021371153735,-0.08296549908985162,False,False,False,False,-1124086,-845129.2891407532,False,False,False,False,52535.480952530284,False,False,False,False
2022-09-21 00:00:00+00:00,161.3759190342,168.6760253501,160.8690907029,168.6760253501,43243,,,,,,,,,,,,,,,,,,,,,,,,,,,,,,,,,,,,,,,,,,"rgba(239, 83, 80, 0.5)",12.774721398129403,171.72297680609353,-0.8099634778265025,39.97946619425906,-12.36981042669823,False,True,False,True,False,0.0,0.0,0.0,0.0,0.0,1,0.9847110993083497,0.9000667725083095,False,False,False,False,-0.12367856214520195,-0.10332203061752679,False,False,False,False,-1167329,-857764.5719195472,False,False,False,False,52171.069934784005,False,False,False,False
2022-09-22 00:00:00+00:00,156.858922678,160.8246320774,155.2495204329,160.8246320774,53285,,,,,,,,,,,,,,,,,,,,,,,,,,,,,,,,,,,,,,,,,,"rgba(239, 83, 80, 1.0)",12.850788949489699,171.52893503014425,-1.1415651140023428,37.36889893334035,-5.825531004318243,False,True,False,True,False,0.0,0.0,0.0,0.0,0.0,1,0.9651094625624014,0.9245049913515849,False,False,False,False,-0.24533017117715786,-0.17432610089734232,False,False,False,False,-1220614,-871993.9612560355,False,False,False,False,52214.75346675326,False,False,False,False
2022-09-23 00:00:00+00:00,152.359709772,155.6226172186,148.7141024766,153.9335451166,55090,,,,,,,,,,,,,,,,,,,,,,,,,,,,,,,,,,,,,,,,,,"rgba(239, 83, 80, 1.0)",13.000575220459746,171.26257355186593,-1.4540021083157468,34.45071728895245,-8.781109548638483,False,True,False,True,False,0.0,0.0,0.0,0.0,0.0,0,0.9393392886385633,0.9459466981480573,False,False,False,False,-0.34282825441539394,-0.2585771776563681,False,False,False,False,-1275704,-887825.727481289,False,False,False,False,52327.50823276294,False,False,False,False
2022-09-26 00:00:00+00:00,149.9856191674,155.3917880347,149.9856191674,152.3419263217,48283,,,,,,,,,,,,,,,,,,,,,,,,,,,,,,,,,,,,,,,,,,"rgba(255, 0, 0, 1.0)",13.190883579241367,171.033080581357,-1.5956066390487773,31.93325647272853,-11.30275684297478,False,True,False,True,False,0.0,0.0,0.0,0.0,0.0,0,0.92858488592545,0.9601014509616456,False,False,False,False,-0.3339721952428453,-0.29627468644960675,False,False,False,False,-1323987,-904930.0911094737,False,False,False,False,52168.900066772236,False,False,False,False
2022-09-27 00:00:00+00:00,147.3714519849,153.2133153826,146.1355021945,151.5950214124,48569,,,,,,,,,,,,,,,,,,,,,,,,,,,,,,,,,,,,,,,,,,"rgba(255, 0, 0, 1.0)",13.42234293622366,170.77664883334654,-1.7437489832927429,29.64776892899816,-13.58858288686946,False,True,False,True,False,0.0,0.0,0.0,0.0,0.0,0,0.9042474363000317,0.9708891617254967,False,False,False,False,-0.34282825441539394,-0.3195514704325003,False,False,False,False,-1372556,-923268.3620463571,False,False,False,False,52027.72751513411,False,False,False,False
2022-09-28 00:00:00+00:00,148.4028920977,150.3590716221,147.7093375391,148.6874273012,69720,,,,,,,,,,,,,,,,,,,,,,,,,,,,,,,,,,,,,,,,,,"rgba(255, 0, 0, 1.0)",13.59642620594362,170.422370158254,-1.619504840980072,28.837179570532136,-14.519737317914426,False,True,False,True,False,0.0,0.0,0.0,0.0,0.0,0,0.9054098897894639,0.9987915943166068,False,False,False,False,-0.34282825441539394,-0.3311898624239471,False,False,False,False,-1302836,-938153.3674563039,False,False,False,False,52721.542122383755,False,False,False,False
2022-09-29 00:00:00+00:00,144.2237812957,146.3844704976,142.3120603969,146.3844704976,56672,,,,,,,,,,,,,,,,,,,,,,,,,,,,,,,,,,,,,,,,,,"rgba(255, 0, 0, 1.0)",13.751598806236002,170.0873612211873,-1.8807689411182373,27.272667347713032,-16.222129353443805,False,True,False,True,False,0.0,0.0,0.0,0.0,0.0,0,0.8791950659624345,1.0144184619405463,False,False,False,False,-0.34282825441539394,-0.33700905841967055,False,False,False,False,-1359508,-954677.0785364489,False,False,False,False,52876.46203915302,False,False,False,False
2022-09-30 00:00:00+00:00,141.840798966,147.8249299655,141.3695375351,144.1615392199,69596,,,,,,,,,,,,,,,,,,,,,,,,,,,,,,,,,,,,,,,,,,"rgba(255, 0, 0, 1.0)",14.016818332669796,169.68264610317794,-1.9863171852834371,25.69749285455825,-17.942489267074578,False,True,False,True,False,0.0,0.0,0.0,0.0,0.0,0,0.8671119798273331,1.0178764422915552,False,False,False,False,-0.33923178085589,-0.3381204196377803,False,False,False,False,-1429104,-973282.055848745,False,False,False,False,53532.13019448035,False,False,False,False
2022-10-03 00:00:00+00:00,145.4775145363,147.0780250562,141.3428623598,143.930354367,65679,,,,,,,,,,,,,,,,,,,,,,,,,,,,,,,,,,,,,,,,,,"rgba(255, 0, 0, 1.0)",14.211687676849047,169.33042174190948,-1.6784007464831963,27.22694331999975,-17.942489267074578,False,True,False,True,False,0.0,0.0,0.0,0.0,0.0,0,0.8690589718260663,1.0240888113122542,False,False,False,False,-0.34282825441539394,-0.34047433702658714,False,False,False,False,-1363425,-988581.7791487942,False,False,False,False,54008.478029990925,False,False,False,False
2022-10-04 00:00:00+00:00,150.4479888732,151.3905117349,148.3584334721,148.8474783532,90042,,,,,,,,,,,,,,,,,,,,,,,,,,,,,,,,,,,,,,,,,,"rgba(239, 83, 80, 1.0)",14.180099212261805,168.9749716141315,-1.3065481745650183,31.281395092148315,-17.942489267074578,False,True,False,True,True,0.0,0.0,0.0,0.0,0.0,0,0.877297194662115,1.0069851014123072,False,False,False,False,-0.263107737874553,-0.30179103745057007,False,False,False,False,-1273383,-999750.4544762925,False,False,False,False,55421.55732293246,False,False,False,False
2022-10-05 00:00:00+00:00,148.109465169,149.2520518458,144.6328006508,147.1847257575,50727,,,,,,,,,,,,,,,,,,,,,,,,,,,,,,,,,,,,,,,,,,"rgba(239, 83, 80, 1.0)",14.22515690920516,168.75312061101738,-1.4512075735810535,33.153108622665435,-23.142315902625864,False,True,False,True,True,0.0,0.0,0.0,0.0,0.0,0,0.8626687900726334,1.0119125654516763,False,False,False,False,-0.30390891090040506,-0.30284997417548754,False,False,False,False,-1324110,-1012470.4366536929,False,False,False,False,55237.457035758634,False,False,False,False
2022-10-06 00:00:00+00:00,146.7845981275,150.3501798969,144.5083164992,149.0875549312,62442,,,,,,,,,,,,,,,,,,,,,,,,,,,,,,,,,,,,,,,,,,"rgba(255, 0, 0, 1.0)",14.361137932282551,168.4868876924103,-1.511181750864289,33.93409895305909,-22.26838457593543,False,True,False,True,True,0.0,0.0,0.0,0.0,0.0,0,0.8605394813576782,1.0161874645951015,False,False,False,False,-0.2970695563201648,-0.2999597652478262,False,False,False,False,-1386552,-1027140.3018829598,False,False,False,False,55519.988132395556,False,False,False,False
2022-10-07 00:00:00+00:00,139.2533069588,144.8462020534,137.5460957375,144.8462020534,68667,,,,,,,,,,,,,,,,,,,,,,,,,,,,,,,,,,,,,,,,,,"rgba(255, 0, 0, 1.0)",14.662827302838297,168.1103459486111,-1.9680405691080605,32.1851907849191,-22.26838457593543,False,True,False,True,True,0.0,0.0,0.0,0.0,0.0,0,0.8305002698470055,1.048151391316124,False,False,False,False,-0.34282825441539394,-0.32139400983161004,False,False,False,False,-1455219,-1043927.7018091183,False,False,False,False,56035.55722524279,False,False,False,False
2022-10-10 00:00:00+00:00,138.9865552055,140.9427347298,137.0037005058,139.831269091,46536,,,,,,,,,,,,,,,,,,,,,,,,,,,,,,,,,,,,,,,,,,"rgba(255, 0, 0, 1.0)",15.02114841201374,167.84794349105755,-1.9213836048963173,30.948318626315547,-22.26838457593543,False,True,False,True,True,0.0,0.0,0.0,0.0,0.0,0,0.7962755579489672,1.0751285221767592,False,False,False,False,-0.34282825441539394,-0.33211113212350196,False,False,False,False,-1501755,-1061881.7135028783,False,False,False,False,55663.02556935092,False,False,False,False
2022-10-11 00:00:00+00:00,135.0030623559,137.8484143913,133.4292270113,137.2882357093,57840,,,,,,,,,,,,,,,,,,,,,,,,,,,,,,,,,,,,,,,,,,"rgba(255, 26, 202, 1.0)",15.485027858189929,167.489400665297,-2.097919268011856,29.09280238943829,-22.26838457593543,False,True,False,True,False,0.0,0.0,0.0,0.0,0.0,0,0.7818298944676413,1.0815845493988123,False,False,False,False,-0.34282825441539394,-0.337469693269448,False,False,False,False,-1559595,-1081399.8816008046,False,False,False,False,55748.39711565088,False,False,False,False
2022-10-12 00:00:00+00:00,131.3752385107,134.6740685268,129.8814286921,134.6740685268,63145,,,,,,,,,,,,,,,,,,,,,,,,,,,,,,,,,,,,,,,,,,"rgba(255, 26, 202, 1.0)",16.026251612877257,167.0668516820329,-2.227071809022038,27.02553285466484,-17.156508366632558,False,True,False,True,False,0.0,0.0,0.0,0.0,0.0,0,0.7701537486493699,1.0857081841218068,False,False,False,False,-0.34282825441539394,-0.34014897384242093,False,False,False,False,-1622740,-1102628.9058517534,False,False,False,False,56038.45997386065,False,False,False,False
2022-10-13 00:00:00+00:00,138.8798545041,139.3155490346,126.0846620698,128.5476699255,76595,,,,,,,,,,,,,,,,,,,,,,,,,,,,,,,,,,,,134.7600218695,,,,,134.7600218695,"rgba(255, 0, 0, 1.0)",16.34039948789689,163.4272022454766,-1.5022489358083615,30.339145830733933,-17.156508366632558,False,True,False,True,True,0.0,0.0,0.0,0.0,0.0,0,0.7597728474811256,1.0790968257064684,True,False,False,False,-0.33789299730386196,-0.3390209855731414,False,False,False,False,-1546145,-1120021.693857567,False,False,False,False,56844.598798415136,False,False,False,False
2022-10-14 00:00:00+00:00,131.5886399134,139.7423518399,130.8239515538,139.7423518399,65965,,,,,,,,,,,,,,,,,,,,,,,,,,,,,,,,,,,,134.43224481045618,,,,,134.43224481045618,"rgba(255, 0, 0, 1.0)",16.80628393854984,163.0458627371242,-1.8717536213682793,30.53678330599459,-17.156508366632558,False,True,False,True,True,0.0,0.0,0.0,0.0,0.0,0,0.7713092773573849,1.0769716775296796,False,False,False,False,-0.30804260112435033,-0.3235317933487459,False,False,False,False,-1612110,-1139319.2744906035,False,False,False,False,57202.26159063415,False,False,False,False
2022-10-17 00:00:00+00:00,136.1056362696,138.2932673986,133.491469087,133.9805139681,52332,,,,,,,,,,,,,,,,,,,,,,,,,,,,,,,,,,,,134.84340292326183,,,,,134.84340292326183,"rgba(255, 0, 0, 1.0)",17.07126868245428,162.83470445389324,-1.5657341397107267,32.973222092444786,-22.79355827932518,False,True,False,True,True,0.0,0.0,0.0,0.0,0.0,0,0.7721085714744027,1.0997098201791176,False,False,False,False,-0.3010809802772876,-0.3123063868130167,False,False,False,False,-1559778,-1155807.8519615603,False,False,False,False,57011.270940021044,False,False,False,False
2022-10-18 00:00:00+00:00,138.3819178979,141.4317796109,136.6124646009,139.6356511385,62244,,,,,,,,,,,,,,,,,,,,,,,,,,,,,,,,,,,,135.8032733416262,,,,,135.8032733416262,"rgba(239, 83, 80, 1.0)",17.304830485352547,162.6676034896052,-1.4034049979432917,35.68673786178904,-20.12828988276606,False,True,False,True,True,0.0,0.0,0.0,0.0,0.0,0,0.7702152636086932,1.0681298048902705,False,False,False,False,-0.265743758034398,-0.28902507242370734,False,False,False,False,-1497534,-1169208.8773748325,False,False,False,False,57216.476001196694,False,False,False,False
2022-10-19 00:00:00+00:00,134.6029347259,137.0659425815,131.9976592684,136.9948087807,55297,,,,,,,,,,,,,,,,,,,,,,,,,,,,,,,,,,,,135.5824341591629,,,,,135.5824341591629,"rgba(255, 0, 0, 1.0)",17.652508720726864,162.37912716119465,-1.5734982984419064,36.295244999667744,-19.442468244573732,False,True,False,True,True,0.0,0.0,0.0,0.0,0.0,0,0.7674200262498505,1.0716548147961358,False,False,False,False,-0.31666854051821053,-0.30284680647095896,False,False,False,False,-1552831,-1184252.8821836626,False,False,False,False,57141.20243252231,False,False,False,False
2022-10-20 00:00:00+00:00,136.861432904,140.6137409007,134.4339919488,135.5899162132,68326,,,,,,,,,,,,,,,,,,,,,,,,,,,,,,,,,,,,135.89119417989056,,,,,135.89119417989056,"rgba(239, 83, 80, 1.0)",17.91529633781599,162.1197390804337,-1.4098737581648555,37.83512183950992,-17.817842926049458,False,True,False,True,True,0.0,0.0,0.0,0.0,0.0,0,0.7618279407001604,1.0773025761052382,False,False,False,False,-0.2825742558040605,-0.2927105311375097,False,False,False,False,-1484505,-1196027.4750392053,False,False,False,False,57579.82194497241,False,False,False,False
2022-10-21 00:00:00+00:00,143.9837047177,144.5260999494,128.912230655,135.7588589903,71033,,,,,,,,,,,,,,,,,,,,,,,,,,,,,,,,,,,,136.40209436293514,,,,,136.40209436293514,"rgba(239, 83, 80, 0.5)",18.066855582701237,161.8984281397269,-0.9915794887506597,41.990844660708746,-13.792550430711316,False,False,False,True,True,0.0,0.0,0.0,0.0,0.0,0,0.7477352236092192,1.0748281345786888,False,False,False,False,-0.29167800521042436,-0.29219426817396704,False,False,False,False,-1413472,-1204554.7113121776,False,False,False,False,58107.39755497349,False,False,False,False
2022-10-24 00:00:00+00:00,147.6115285628,148.7763445523,143.6636026137,146.0732601187,48186,,,,,,,,,,,,,,,,,,,,,,,,,,,,,,,,,,,,137.39300893154333,,,,,137.39300893154333,"rgba(239, 83, 80, 0.5)",18.136937161864754,161.87432337126413,-0.7863948957409129,46.115478495554115,-9.941562833633533,False,False,False,False,True,0.0,0.0,0.0,0.0,0.0,0,0.7866643025732912,1.0701345931529955,False,False,False,False,-0.18673090622463612,-0.23946258719930158,False,False,False,False,-1365286,-1210857.899103857,False,False,False,False,57718.32314105296,False,False,False,False
2022-10-25 00:00:00+00:00,152.5553277244,152.5553277244,146.2422028958,147.4870444113,52209,,,,,,,,,,,,,,,,,,,,,,,,,,,,,,,,,,,,138.62763088110776,,,,,138.62763088110776,"rgba(239, 83, 80, 0.5)",18.085472391931905,161.89745313851793,-0.5165541276259689,50.525734769423984,-5.920608877447322,True,False,True,False,True,0.0,0.0,0.0,0.0,0.0,0,0.7914747833165513,1.066198997805591,False,False,False,False,-0.15261125112053525,-0.19603691915991842,False,False,False,False,-1313077,-1214866.4912958627,False,False,False,False,57502.27125316853,False,False,False,False
2022-10-26 00:00:00+00:00,152.9376719042,156.4854702233,151.4082951851,154.1113796188,87782,,,,,,,,,,,,,,,,,,,,,,,,,,,,,,,,,,,,140.68276852483658,,,,,140.68276852483658,"rgba(239, 83, 80, 0.5)",18.07963287009387,161.9808868016357,-0.5001879718694069,53.590589723128005,-3.2024422336414133,True,False,True,False,True,0.0,0.0,0.0,0.0,0.0,0,0.8022609320869729,1.0560570000651686,False,False,False,False,-0.09667084982736955,-0.14635388449364398,False,False,False,False,-1225295,-1215275.4524215152,False,False,False,False,58689.711596181536,False,False,False,False
2022-10-27 00:00:00+00:00,153.0176974302,156.5832791995,152.0662828433,155.4273549352,76444,,,,,,,,,,,,,,,,,,,,,,,,,,,,,,,,,,,,142.091933029955,,,,,142.091933029955,#000000,18.07908175481775,162.02160840111762,-0.4980292192394249,55.6622084509382,-1.355518838445498,True,False,True,False,True,0.0,0.0,0.0,0.0,0.0,0,0.8145400814257209,1.0481823658158922,False,False,False,False,-0.09255989122991552,-0.11945688786177974,False,False,False,False,-1148851,-1212670.571934397,False,False,False,False,59385.958200252855,False,False,False,False
2022-10-28 00:00:00+00:00,157.2501585829,158.452870983,152.4123825854,153.354806481,89289,,,,,,,,,,,,,,,,,,,,,,,,,,,,,,,,,,,,143.6375074526913,,,,,143.6375074526913,#000000,18.068314821669805,162.09064099528712,-0.2678989413324693,58.51055837932858,1.2943670396353113,True,False,True,False,True,0.0,0.0,0.0,0.0,0.0,0,0.8134870127806286,1.0438426077584815,False,False,False,False,-0.06551517174434744,-0.09248602980306359,False,False,False,False,-1059562,-1206666.3142114794,False,False,False,False,60558.62650612529,False,False,False,False
2022-10-31 00:00:00+00:00,153.9202608183,156.6218759858,152.1969714092,156.451342138,68995,,,,,,,,,,,,,,,,,,,,,,,,,,,,,,,,,,,,144.47432114973202,,,,,144.47432114973202,#000000,18.101464946211347,162.0917498912466,-0.45142694788671783,58.55664010626677,1.39923612493849,True,False,True,False,True,0.0,0.0,0.0,0.0,0.0,0,0.8291887365168362,1.0469961838061201,False,False,False,False,-0.05344657078506611,-0.07296630029406484,False,False,False,False,-1128557,-1203603.2038502449,False,False,False,False,60889.464682355676,False,False,False,False
2022-11-01 00:00:00+00:00,155.2935070662,157.6720054695,152.0354130271,156.7834343679,47531,,,,,,,,,,,,,,,,,,,,,,,,,,,,,,,,,,,,145.0168233354611,,,,,145.0168233354611,#000000,18.112212168597427,162.0953258455854,-0.3755377154414219,59.10821747981332,2.1444900490354044,True,False,True,False,True,0.0,0.0,0.0,0.0,0.0,0,0.8445875016825479,1.0258464473628905,False,False,False,False,-0.04787955912606649,-0.060422929710065666,False,False,False,False,-1081026,-1198796.254679647,False,False,False,False,60365.6033222633,False,False,False,False
2022-11-02 00:00:00+00:00,150.7967987643,157.6271281411,150.7967987643,155.2935070662,64458,,,,,,,,,,,,,,,,,,,,,,,,,,,,,,,,,,,,145.54315300182105,,,,,145.54315300182105,"rgba(239, 83, 80, 0.5)",18.182952898592692,162.06265941595703,-0.6195836679821662,57.07142398674239,2.1444900490354044,True,False,True,False,True,0.0,0.0,0.0,0.0,0.0,0,0.8401702365648317,1.0309729219650963,False,False,False,False,-0.05592184047274628,-0.05817238509140597,False,False,False,False,-1145484,-1196705.5780255434,False,False,False,False,60526.089466488265,False,False,False,False
2022-11-03 00:00:00+00:00,146.4436979131,148.2028891849,143.8408128681,148.2028891849,57658,,,,,,,,,,,,,,,,,,,,,,,,,,,,,,,,,,,,145.57734517091106,,,,,145.57734517091106,"rgba(239, 83, 80, 0.5)",18.30035655282538,161.93493879958766,-0.846499402444482,53.71481524786498,2.1444900490354044,True,False,True,False,False,0.0,0.0,0.0,0.0,0.0,0,0.8320775779935009,1.0424046385228616,False,False,False,False,-0.1595651825411362,-0.10886878381627108,False,False,False,False,-1203142,-1196957.986730424,False,False,False,False,60413.61536976323,False,False,False,False
2022-11-04 00:00:00+00:00,150.7878232986,153.0855425108,147.1078823729,149.6299882269,55698,,,,,,,,,,,,,,,,,,,,,,,,,,,,,,,,,,,,145.81783679070665,,,,,145.81783679070665,"rgba(239, 83, 80, 0.5)",18.35784674027003,161.86711841963336,-0.6035182272618973,53.42878727289374,2.1444900490354044,True,False,True,False,False,0.0,0.0,0.0,0.0,0.0,0,0.8353475280235702,1.0375979827971862,False,False,False,False,-0.09116348829512431,-0.1000161360556977,False,False,False,False,-1147444,-1195016.2617606034,False,False,False,False,60228.68927683134,False,False,False,False
2022-11-07 00:00:00+00:00,152.0713148898,152.313652463,148.6785888656,152.2059468749,57109,,,,,,,,,,,,,,,,,,,,,,,,,,,,,,,,,,,,146.07463822464084,,,,,146.07463822464084,"rgba(239, 83, 80, 0.5)",18.40439652004203,161.80576157325464,-0.5289196346565358,53.78277491120812,2.1444900490354044,True,False,True,False,False,0.0,0.0,0.0,0.0,0.0,0,0.8589709237458976,1.040329866859982,False,False,False,False,-0.061848523633914125,-0.08093232984480592,False,False,False,False,-1090335,-1190911.1142405798,False,False,False,False,60106.348520877174,False,False,False,False
2022-11-08 00:00:00+00:00,153.9112853527,155.1050222871,149.4145770507,152.8521804033,47368,,,,,,,,,,,,,,,,,,,,,,,,,,,,,,,,,,,,146.33951954676894,,,,,146.33951954676894,#000000,18.422971438518015,161.77285199335012,-0.4267263110560696,54.804933937486766,2.1444900490354044,True,False,True,False,False,0.0,0.0,0.0,0.0,0.0,0,0.870655945151894,1.0032935193386332,False,False,False,False,-0.03581833721092765,-0.05837533352786678,False,False,False,False,-1042967,-1185109.3842703612,False,False,False,False,59606.80544162709,False,False,False,False
2022-11-09 00:00:00+00:00,149.8364239373,153.929236284,148.7414171253,153.929236284,61587,,,,,,,,,,,,,,,,,,,,,,,,,,,,,,,,,,,,146.55822619575528,,,,,146.55822619575528,"rgba(239, 83, 80, 0.5)",18.482525670465062,161.70222979884687,-0.6420013191437545,53.36215116129999,2.1444900490354044,True,False,True,False,False,0.0,0.0,0.0,0.0,0.0,0,0.870215282129443,1.018362583981237,False,False,False,False,-0.04945437794292898,-0.05391485573539788,False,False,False,False,-1104554,-1181950.3495930922,False,False,False,False,59684.46013019074,False,False,False,False
2022-11-10 00:00:00+00:00,168.3348586884,168.8464602318,155.5178937081,157.6450790724,104556,,,,,,,,,,,,,,,,,,,,,,,,,,,,,,,,,,,,147.90648788273435,,,,,147.90648788273435,#000000,18.457205277532953,161.87067879180304,0.35022528055563684,58.3246285184383,2.4396059457550408,True,False,True,False,True,2.8483634964425946,0.0,0.0,0.0,0.0,0,0.8890539945248662,0.9480265428786705,False,False,False,False,0.11073515948690163,0.028410151875751875,False,False,False,False,-999998,-1174814.9633345397,False,False,False,False,61444.12836037934,False,False,False,False
2022-11-11 00:00:00+00:00,181.5108422957,181.7531798689,170.0850744946,170.0850744946,94334,,,,,,,,,,,,,,,,,,,,,,,,,,,,,,,,,,,,149.83029786821314,,,,,149.83029786821314,"rgba(38, 166, 154, 0.5)",18.477051133987217,163.67074464032774,0.9655273195925012,63.95572349037845,7.707636629896655,True,False,True,False,True,7.627019302960303,0.0,0.0,0.0,0.0,0,0.9453312116872623,0.8985548122975353,False,False,False,False,0.3233520536898287,0.1758811027827903,False,False,False,False,-905664,-1164260.0235959303,False,True,False,False,62733.927248207605,False,False,False,False
2022-11-14 00:00:00+00:00,169.770933196,179.6798472985,169.2952335154,179.4644361224,83942,,,,,,,,,,,,,,,,,,,,,,,,,,,,,,,,,,,,151.08135145397284,,,,,151.08135145397284,#000000,18.34300227569,163.68191325015417,0.3319532895613061,63.271255115090824,7.707636629896655,True,False,True,False,True,2.934103919626317,0.0,0.0,0.0,0.0,0,0.9349941598179515,0.9095259259249682,False,False,False,False,0.3001581921835251,0.23801964748315768,False,False,False,False,-989606,-1157410.8462000114,False,False,False,False,63565.616375728874,False,False,False,False
2022-11-15 00:00:00+00:00,173.4688250531,178.8630799223,172.1494315993,172.1494315993,76021,,,,,,,,,,,,,,,,,,,,,,,,,,,,,,,,,,,,152.19225731500234,,,,,152.19225731500234,"rgba(38, 166, 154, 0.5)",18.252208855833846,163.874781847274,0.525637378007513,63.5488574289807,7.707636629896655,True,False,True,False,True,4.226088213525333,0.0,0.0,0.0,0.0,0,0.9443608486558447,0.8868429302815504,False,False,False,False,0.31662934188331004,0.27732449468323384,False,False,False,False,-913585,-1147849.0483098149,False,False,False,False,64054.06279236696,False,False,False,False
2022-11-16 00:00:00+00:00,171.6019281932,174.2609098987,169.3221599124,171.5750017962,53070,,,,,,,,,,,,,,,,,,,,,,,,,,,,,,,,,,,,152.8101128580167,,,,,152.8101128580167,#000000,18.166947735207273,163.93105274811106,0.42224349169139164,63.06946086722529,7.707636629896655,True,False,True,False,True,3.5010796834937707,0.0,0.0,0.0,0.0,0,0.9367142927591567,0.9068586944990218,False,False,False,False,0.2572952117340019,0.2673098532086179,False,False,False,False,-966655,-1140743.3993564888,False,False,False,False,63623.315231881985,False,False,False,False
2022-11-17 00:00:00+00:00,169.9594179752,170.3004856707,166.5307900883,168.0386683212,59015,,,,,,,,,,,,,,,,,,,,,,,,,,,,,,,,,,,,153.3577839513178,,,,,153.3577839513178,#000000,18.0111013688604,163.93892064984217,0.3342659175616403,62.14500164632677,7.707636629896655,True,False,True,False,True,2.861405503329273,0.0,0.0,0.0,0.0,0,0.9150077641995534,0.9249681272979547,False,False,False,False,0.2048797051783686,0.23609477919349325,False,False,False,False,-1025670,-1136230.7170287834,False,False,False,False,63442.59698749446,False,False,False,False
2022-11-18 00:00:00+00:00,168.5861717273,174.4920281398,165.4537342076,174.4920281398,66234,,,,,,,,,,,,,,,,,,,,,,,,,,,,,,,,,,,,153.95107493488752,,,,,153.95107493488752,#000000,17.842256001406668,163.98447325852223,0.25791012461736845,61.002802931150896,7.707636629896655,True,False,True,False,False,2.3238652250177374,0.0,0.0,0.0,0.0,0,0.8973017114741478,0.928381844839845,False,False,False,False,0.2289036608845088,0.23249922003900103,False,False,False,False,-1091904,-1134492.4144002039,False,False,False,False,63552.0637722986,False,False,False,False
2022-11-21 00:00:00+00:00,169.2862580497,171.5121735365,166.207673324,166.4320599659,47214,,,,,,,,,,,,,,,,,,,,,,,,,,,,,,,,,,,,154.33508957915558,,,,,154.33508957915558,#000000,17.70906478153781,164.0153744031248,0.29763760602819794,60.44032840740544,7.707636629896655,True,False,True,False,False,2.583941509432819,0.0,0.0,0.0,0.0,0,0.8933101308786588,0.9404191617304667,False,False,False,False,0.22706537266495483,0.22978229635197794,False,False,False,False,-1044690,-1130970.751090392,False,False,False,False,62911.35538907121,False,False,False,False
2022-11-22 00:00:00+00:00,170.291510205,171.4493452768,167.7290147555,169.4388409662,51002,,,,,,,,,,,,,,,,,,,,,,,,,,,,,,,,,,,,154.75051513500705,,,,,154.75051513500705,#000000,17.542535310250834,164.06734595030863,0.35480414572996954,60.3681872114369,7.707636629896655,True,False,True,False,False,2.961661493199763,0.0,0.0,0.0,0.0,0,0.9258958760844302,0.9384263191791852,False,False,False,False,0.23870325850442312,0.23424277742820054,False,False,False,False,-993688,-1125587.1137927296,False,False,False,False,62444.321844401755,False,False,False,False
2022-11-23 00:00:00+00:00,172.6789840739,172.9392725784,167.8412080764,169.3131844467,34396,,,,,,,,,,,,,,,,,,,,,,,,,,,,,,,,,,,,155.04194966779855,,,,,155.04194966779855,#000000,17.438487643593625,164.11799897647464,0.49092474487433096,61.050961157312436,7.707636629896655,True,False,True,False,False,3.8609124489725346,0.0,0.0,0.0,0.0,0,0.9344290338766343,0.931983755930766,False,False,False,False,0.251560713490518,0.24290174545935928,False,False,False,False,-959292,-1119065.73678125,False,False,False,False,61344.38765442522,False,False,False,False
2022-11-25 00:00:00+00:00,173.8457946114,173.9624756651,171.1082775812,171.6557809873,20993,,,,,,,,,,,,,,,,,,,,,,,,,,,,,,,,,,,,155.23430116778576,,,,,155.23430116778576,"rgba(38, 166, 154, 0.5)",17.226156641041705,164.16058859213084,0.5622383576957586,61.866710330403755,7.707636629896655,True,False,True,False,False,4.301027239811688,0.0,0.0,0.0,0.0,0,0.9434569611269863,0.9092017725841287,False,False,False,False,0.2864093619848851,0.2646555537221222,False,False,False,False,-938299,-1111976.8451427696,False,False,False,False,59761.980295428155,False,False,False,False
2022-11-28 00:00:00+00:00,170.6236024349,173.0739045635,169.1740647288,172.6520576769,52478,,,,,,,,,,,,,,,,,,,,,,,,,,,,,,,,,,,,155.64493210485992,,,,,155.64493210485992,#000000,16.94704302220512,164.23275847966204,0.3771067286997652,60.70880460288115,7.707636629896655,True,False,True,False,False,2.9422273390601568,0.0,0.0,0.0,0.0,0,0.9434006042962388,0.9018254701768486,False,False,False,False,0.2634095254169369,0.26403253956952955,False,False,False,False,-990777,-1107223.9100391315,False,False,False,False,59476.33400933294,False,False,False,False
2022-11-29 00:00:00+00:00,169.8158105244,172.5982048829,168.3707605511,170.6236024349,53076,,,,,,,,,,,,,,,,,,,,,,,,,,,,,,,,,,,,156.0210860624637,,,,,156.0210860624637,#000000,16.549168127641998,164.29414176774878,0.333652345185158,59.514676320233576,7.707636629896655,True,False,True,False,False,2.602076130081773,0.0,0.0,0.0,0.0,0,0.9346811679384791,0.9218464442910742,False,False,False,False,0.25307864713575134,0.25855559335264044,False,False,False,False,-1043853,-1104738.7763121068,False,False,False,False,59225.34051877086,False,False,False,False
2022-11-30 00:00:00+00:00,174.0701812532,174.5189545368,166.1358695987,170.9467191991,86903,,,,,,,,,,,,,,,,,,,,,,,,,,,,,,,,,,,,156.64996838867165,,,,,156.64996838867165,"rgba(38, 166, 154, 0.5)",16.101365760764008,164.42389776175372,0.5990972216128674,60.31395294288403,7.707636629896655,True,False,True,False,False,4.261154609637046,0.0,0.0,0.0,0.0,0,0.9310820443044414,0.9120342978313283,False,False,False,False,0.2505493885465484,0.2545524909495944,False,False,False,False,-956950,-1098943.1380253574,False,False,False,False,60310.73892979946,False,False,False,False
2022-12-01 00:00:00+00:00,178.6297178148,181.3627471121,173.8996474054,175.8652743877,75670,,,,,,,,,,,,,,,,,,,,,,,,,,,,,,,,,,,,157.37483506586602,,,,,157.37483506586602,"rgba(38, 166, 154, 0.5)",15.72900351917104,164.65479027273238,0.8884814301830686,62.32331112014717,8.437436924753221,True,False,True,False,True,5.990605869918756,0.0,0.0,0.0,0.0,0,0.9646149728624545,0.8896065764559722,False,False,False,False,0.3428282527823149,0.29869037186595465,False,False,False,False,-881280,-1090407.3286910297,False,False,False,False,60913.06289333673,False,False,False,False
2022-12-02 00:00:00+00:00,177.9745088207,179.8638443448,174.1599359099,174.1599359099,78611,,,,,,,,,,,,,,,,,,,,,,,,,,,,,,,,,,,,158.05589878025566,,,,,158.05589878025566,"rgba(38, 166, 154, 0.5)",15.419150395115583,164.86702611015568,0.8500781414452295,63.26369071747496,9.449366529487463,True,False,True,False,True,5.7012955409482124,0.0,0.0,0.0,0.0,0,0.9833024029062835,0.8723351433910151,False,False,False,False,0.33274778000223815,0.3157190759340964,False,False,False,False,-959891,-1085289.0412913815,False,False,False,False,61607.09964261765,False,False,False,False
2022-12-05 00:00:00+00:00,172.6879595396,177.3013488953,172.0103118813,177.3013488953,82584,,,,,,,,,,,,,,,,,,,,,,,,,,,,,,,,,,,,158.60770267103442,,,,,158.60770267103442,"rgba(38, 166, 154, 0.5)",14.95479214594776,165.01297327482894,0.513212500038038,60.89201308315208,9.449366529487463,True,False,True,False,False,3.395675405172007,0.0,0.0,0.0,0.0,0,0.9979054592885844,0.8653353395543816,False,False,False,False,0.29496848805584885,0.30534378199497264,False,False,False,False,-1042475,-1083610.0592799548,False,False,False,False,62429.72318604441,False,False,False,False
2022-12-06 00:00:00+00:00,170.3363875334,174.0971076502,168.4694906735,173.0469781665,69187,,,,,,,,,,,,,,,,,,,,,,,,,,,,,,,,,,,,158.9559763897716,,,,,158.9559763897716,#000000,14.648901732431685,165.0831850317875,0.3586072592720213,58.12631772480418,12.135161156405275,True,False,True,False,False,2.392068536228738,0.0,0.0,0.0,0.0,1,0.9836110189367409,0.8742569236636092,False,False,False,False,0.24225341340746884,0.2737985977012207,False,False,False,False,-1111662,-1084710.1353866232,False,False,False,False,62694.714433650515,False,False,False,False
2022-12-07 00:00:00+00:00,169.5914238826,173.1546837546,168.3438341541,171.4583207425,70192,,,,,,,,,,,,,,,,,,,,,,,,,,,,,,,,,,,,159.27301349352823,,,,,159.27301349352823,#000000,14.442162333446161,165.1438447000369,0.30795798301360156,55.90419776646561,10.092778040635885,True,False,True,False,False,2.073116656811237,0.0,0.0,0.0,0.0,1,0.9946390206374011,0.8697076052869235,False,False,False,False,0.2340326899797073,0.253915643840464,False,False,False,False,-1181854,-1088519.698704795,False,False,False,False,62988.72563233089,False,False,False,False
2022-12-08 00:00:00+00:00,172.2750881187,174.4830526741,170.0850744946,171.9968486828,67576,,,,,,,,,,,,,,,,,,,,,,,,,,,,,,,,,,,,159.6119947155052,,,,,159.6119947155052,#000000,14.283906016360842,165.22859393498015,0.49331703636587754,55.6973739571516,9.911657348488582,True,False,True,False,False,3.161428657466434,0.0,0.0,0.0,0.0,1,0.9947039915594285,0.8575436010495275,False,False,False,False,0.2577464974419252,0.2558310706411946,False,False,False,False,-1114278,-1089529.8281673521,False,False,False,False,63168.6187447885,False,False,False,False
2022-12-09 00:00:00+00:00,171.772462041,172.7418123337,169.3333792445,170.291510205,81507,,,,,,,,,,,,,,,,,,,,,,,,,,,,,,,,,,,,159.96763975389814,,,,,159.96763975389814,#000000,14.105510140765197,165.31103890073544,0.45807794796381973,55.2651947887831,9.41627907020164,True,False,True,False,False,2.939142636639673,0.0,0.0,0.0,0.0,1,1.0066953005595323,0.8557537345990651,False,False,False,False,0.23846726381695726,0.24714916722907593,False,False,False,False,-1195785,-1093696.6976509856,False,False,False,False,63887.77095087523,False,False,False,False
2022-12-12 00:00:00+00:00,174.0163284592,174.5728073308,169.8068350587,171.8891430948,37922,,,,,,,,,,,,,,,,,,,,,,,,,,,,,,,,,,,,160.147017401634,,,,,160.147017401634,"rgba(38, 166, 154, 0.5)",13.876188234484523,165.36011528251422,0.6238177971075459,56.082424846202535,9.41627907020164,True,False,True,False,False,3.8607686761961304,0.0,0.0,0.0,0.0,1,1.0109957809735322,0.8538427804764884,False,False,False,False,0.2562824419630893,0.2517158045960826,False,False,False,False,-1157863,-1096213.0232332998,False,False,False,False,62869.50542338993,False,False,False,False
2022-12-13 00:00:00+00:00,178.0193861491,186.3845201559,176.1435138235,182.516094451,85933,,,,,,,,,,,,,,,,,,,,,,,,,,,,,,,,,,,,160.76223744930897,,,,,160.76223744930897,"rgba(38, 166, 154, 0.5)",13.892467996416807,166.80739411313158,0.8070554518362222,58.387443133821336,9.41627907020164,True,False,True,False,True,5.4793623294730835,0.0,0.0,0.0,0.0,1,1.023293979741749,0.8226044321735271,False,False,False,False,0.342828252903424,0.29727202874975334,False,False,False,False,-1071930,-1095260.7478123861,False,False,False,False,63773.95619110012,False,False,False,False
2022-12-14 00:00:00+00:00,174.4471508114,180.0209149941,173.4508741218,176.4576551221,54160,,,,,,,,,,,,,,,,,,,,,,,,,,,,,,,,,,,,161.05102316577964,,,,,161.05102316577964,"rgba(38, 166, 154, 0.5)",13.873807563394605,166.76031545896578,0.5540537676704979,57.63094631367579,9.41627907020164,True,False,True,False,True,3.8458233750709283,0.0,0.0,0.0,0.0,1,1.0031200909776679,0.8553679271956177,False,False,False,False,0.2757767346397736,0.28652438169476346,False,False,False,False,-1126090,-1096469.7380942532,False,False,False,False,63396.93830125306,False,False,False,False
2022-12-15 00:00:00+00:00,168.6938773153,172.539864356,165.687096315,171.8801676291,90129,,,,,,,,,,,,,,,,,,,,,,,,,,,,,,,,,,,,161.29366704223446,,,,,161.29366704223446,#000000,13.824418576122607,166.48303835204644,0.15992274474907053,54.09430354049858,8.286776372555671,True,False,True,False,False,1.3006232497599832,0.0,0.0,0.0,0.0,1,0.9945365122969209,0.8701495205483908,False,False,False,False,0.1678526565494285,0.22718851912209598,False,False,False,False,-1216219,-1101165.7875807532,False,False,False,False,64445.25444630196,False,False,False,False
2022-12-16 00:00:00+00:00,169.9235161125,170.8031117484,159.027300786,165.4716851389,229895,,,,,,,,,,,,,,,,,,,,,,,,,,,,,,,,,,,166.58464288230002,161.67705235771967,,,,,164.13084762000983,#000000,13.823060829018747,166.1777387348595,0.27098031499485253,52.384858244956064,6.711293876186716,False,False,False,False,False,1.8158480384754867,0.0,0.0,0.0,0.0,1,0.9758532469711333,0.8805081079252958,False,False,False,False,0.11017341480660928,0.16868096696435264,False,False,False,False,-986324,-1096662.1880677824,False,False,False,False,70933.47976213325,False,False,False,False
2022-12-19 00:00:00+00:00,168.4874416049,171.4224188798,166.1358695987,171.1352039783,96460,,,,,,,,,,,,,,,,,,,,,,,,,,,,,,,,,,,167.20452732977265,161.88373766242918,,,,,164.54413249610093,#000000,13.818226746379437,166.23094816413064,0.16329833647870867,50.51011207336518,4.965627506342521,False,False,False,False,False,1.1811693595709798,0.0,0.0,0.0,0.0,1,1.0220996914000564,0.8669742204018629,False,False,False,False,0.16322351449693048,0.16595224073064158,False,False,False,False,-1082784,-1096117.9453984576,False,False,False,False,71934.51977146136,False,False,False,False
2022-12-20 00:00:00+00:00,170.264583808,172.979662174,166.6115692793,168.4874416049,71872,,,,,,,,,,,,,,,,,,,,,,,,,,,,,,,,,,,167.70038002159907,162.0572998083489,,,,,164.87883991497398,#000000,13.858777821671032,166.3022070579549,0.28591098010454596,50.28543919072554,4.7255517975531305,False,False,False,False,False,1.9433917761141828,0.0,0.0,0.0,0.0,1,1.0248826960011912,0.8521487143471358,False,False,False,False,0.17731972023673162,0.1716359804836866,False,False,False,False,-1010912,-1092776.5357749888,False,False,False,False,71932.06801571777,False,False,False,False
2022-12-21 00:00:00+00:00,173.8906719397,175.1651880652,171.6647564529,172.9392725784,60958,,,,,,,,,,,,,,,,,,,,,,,,,,,,,,,,,,,168.4800570885508,162.26365128484315,,,,,165.37185418669696,"rgba(38, 166, 154, 0.5)",13.945195948906788,166.44521950126588,0.5339080544807838,52.054822252242865,4.7255517975531305,False,False,False,False,False,3.4809320517752482,0.0,0.0,0.0,0.0,1,1.0491164430685376,0.8358454457163573,False,False,False,False,0.2281251525256149,0.19988056650465075,False,False,False,False,-949954,-1087175.652019107,False,False,False,False,71501.71240725825,False,False,False,False
2022-12-22 00:00:00+00:00,168.236128566,172.0327505455,163.9817578373,171.799388438,81962,,,,,,,,,,,,,,,,,,,,,,,,,,,,,,,,,,,168.42000155731938,162.40056745373042,,,,,165.41028450552488,#000000,13.950285577588835,166.43904842768842,0.12882031183638165,50.18617793710672,4.681033975745841,False,False,False,False,False,0.9378611719156815,0.0,0.0,0.0,0.0,1,1.0322934847786887,0.833606908128615,False,False,False,False,0.1509727714982256,0.17542666900143816,False,False,False,False,-1031916,-1085008.606841887,False,False,False,False,71911.91976383635,False,False,False,False
2022-12-23 00:00:00+00:00,170.4799949842,173.280340274,166.8180049898,169.2772825841,57801,,,,,,,,,,,,,,,,,,,,,,,,,,,,,,,,,,,168.59108213784322,162.52773524864958,,,,,165.55940869324638,#000000,13.936850095857242,166.48099637366707,0.28693704696742395,50.13624521227236,4.539104998922255,False,False,False,False,False,1.8970467024196331,0.0,0.0,0.0,0.0,1,1.052216770673812,0.8402008555606376,False,False,False,False,0.17332765607230188,0.17437716253687002,False,False,False,False,-974115,-1080659.837946127,False,False,False,False,71358.55036133296,False,False,False,False
2022-12-27 00:00:00+00:00,172.6251312799,173.0828800292,168.9182639572,171.4852471395,64766,,,,,,,,,,,,,,,,,,,,,,,,,,,,,,,,,,,168.879045159405,162.68961512291034,,,,,165.78433014115768,#000000,13.900143675255102,166.5538755534293,0.4367764728416934,51.199030140229425,4.539104998922255,False,False,False,False,False,2.809100878806994,0.0,0.0,0.0,0.0,1,1.0451672690695548,0.8398016528650735,False,False,False,False,0.18720587774205,0.18079152013946,False,False,False,False,-909349,-1073941.7658698082,False,False,False,False,71100.01897461404,False,False,False,False
2022-12-28 00:00:00+00:00,165.5524643299,173.6124325039,165.5075870016,172.8943952501,73940,,,,,,,,,,,,,,,,,,,,,,,,,,,,,,,,,,,168.81340176269518,162.80080334036163,,,,,165.8071025515284,#000000,13.736889131363268,166.5534427039949,-0.07286790804837488,48.482456075028196,2.826691146069905,False,True,False,False,False,0.0,0.0,0.0,0.0,0.0,1,1.032720730245066,0.8402377325970832,False,False,False,False,0.16621813002593802,0.17350482508269902,False,False,False,False,-983289,-1070386.755443541,False,False,False,False,71211.39077953114,False,False,False,False
2022-12-29 00:00:00+00:00,171.1800813066,174.3843225517,166.1897223927,167.6706742287,92718,,,,,,,,,,,,,,,,,,,,,,,,,,,,,,,,,,,169.01118304780576,162.99207636947304,,,,,166.0016297086394,#000000,13.763593385790202,166.62020107382952,0.33130012671532244,49.411036051455895,2.826691146069905,False,True,False,False,False,2.060319463086099,0.0,0.0,0.0,0.0,1,1.024919561551777,0.8483652308352322,False,False,False,False,0.17679081692483284,0.1751478210037659,False,False,False,False,-890571,-1063335.1571908533,False,False,False,False,72054.78721954953,False,False,False,False
2022-12-30 00:00:00+00:00,171.8263148351,172.3289409127,167.2129254794,168.2181776347,101539,,,,,,,,,,,,,,,,,,,,,,,,,,,,,,,,,,,169.16861374921936,163.1876737504971,,,,,166.17814374985824,#000000,13.8168851155682,166.68431748558942,0.3721531522120583,50.320904710973096,2.826691146069905,False,True,False,False,False,2.3300081425935346,0.0,0.0,0.0,0.0,1,1.0452986177556702,0.8449030086845106,False,False,False,False,0.16109156635640667,0.16811969368008628,False,False,False,False,-789032,-1052578.170634349,False,False,False,False,73211.03085799857,False,False,False,False
2023-01-03 00:00:00+00:00,174.2227641696,176.5204833818,172.3289409127,174.734365713,100503,,,,,,,,,,,,,,,,,,,,,,,,,,,,,,,,,,,169.67372913713353,163.47007049804967,,,,,166.5718998175916,"rgba(38, 166, 154, 0.5)",13.904488235518766,166.84424922651468,0.5306570668481733,52.01323806192352,2.826691146069905,False,True,False,False,True,3.3327116217708763,0.0,0.0,0.0,0.0,1,1.0518745638171774,0.8408690475953553,False,False,False,False,0.23278062414418094,0.2004501589121336,False,False,False,False,-688529,-1038301.732570257,False,False,False,False,74281.3041576849,False,False,False,False
2023-01-04 00:00:00+00:00,181.4031367076,181.4525017688,174.4022734831,174.4022734831,91287,,,,,,,,,,,,,,,,,,,,,,,,,,,,,,,,,,,170.43835895527388,163.82062366928344,,,,,167.12949131227867,"rgba(38, 166, 154, 1.0)",14.117356428216103,167.08275575716223,1.0143811997135583,55.86540538605189,1.417866927818892,False,False,True,False,True,6.2336982623039106,0.0,0.0,0.0,0.0,1,1.0754558241971606,0.8332594209171065,False,False,False,False,0.2741832538096787,0.23731670636090613,False,False,False,False,-597242,-1021005.2724694626,False,False,False,False,74948.19419071687,False,False,False,False
2023-01-05 00:00:00+00:00,177.803974973,180.6132957285,177.1846678416,180.6132957285,86604,,,,,,,,,,,,,,,,,,,,,,,,,,,,,,,,,,,171.01764526979764,164.1274379912546,,,,,167.57254163052613,"rgba(38, 166, 154, 0.5)",14.210884028121958,167.28052840325898,0.7405201920525245,56.489298688834864,1.9803463123296012,False,False,True,False,True,4.585955172543031,0.0,0.0,0.0,0.0,1,1.0372310491911112,0.8457602166121954,False,False,False,False,0.2938871899492224,0.26560194815506427,False,False,False,False,-683846,-1007783.3402157582,False,False,False,False,75405.28461461033,False,False,False,False
2023-01-06 00:00:00+00:00,183.997046287,184.6791816781,179.0246383044,180.7838295762,53683,,,,,,,,,,,,,,,,,,,,,,,,,,,,,,,,,,,171.5081575349167,164.3627448395964,,,,,167.93545118725655,"rgba(38, 166, 154, 1.0)",14.465201313939989,167.44565301669525,1.144221425688304,58.98975268994901,4.355029269453645,True,False,True,False,True,7.007502222589121,0.0,0.0,0.0,0.0,1,1.0312769469092693,0.8414879592871681,False,False,False,False,0.3428282523482536,0.30421510025165893,False,False,False,False,-630163,-992974.6994229835,False,False,False,False,74553.43031599815,False,False,False,False
2023-01-09 00:00:00+00:00,184.6163534184,188.6553129711,183.7995860422,185.2536114812,79382,,,,,,,,,,,,,,,,,,,,,,,,,,,,,,,,,,,172.3462112049711,164.75774292981257,,,,,168.55197706739182,"rgba(38, 166, 154, 1.0)",14.73941200973098,167.7318179076629,1.145536572258778,60.8489619699557,6.10070575725819,True,False,True,False,True,7.2452668163292415,0.0,0.0,0.0,0.0,1,1.0301209140233207,0.8412439734102385,False,False,False,False,0.34282825257321853,0.32352167641243873,False,False,False,False,-550781,-975633.7700338468,False,False,False,False,74742.78598988058,False,False,False,False
2023-01-10 00:00:00+00:00,190.10933841,190.6074767548,182.8571621466,183.0905242541,74504,,,,,,,,,,,,,,,,,,,,,,,,,,,,,,,,,,,173.16129755885092,165.15241968112423,,,,,169.1568586199876,"rgba(38, 166, 154, 1.0)",15.126395336457232,168.01952750254284,1.46034864328958,63.68457736096276,8.753073654782547,True,False,True,False,True,9.323862617207979,0.0,0.0,0.0,0.0,0,1.0250617984654595,0.8372479204478935,False,False,False,False,0.3428282525960642,0.33317496450425144,False,False,False,False,-476277,-956051.151601147,False,False,False,False,74733.42183341469,False,False,False,False
2023-01-11 00:00:00+00:00,191.7518486281,194.4085864672,190.4145042429,192.137793652,83306,,,,,,,,,,,,,,,,,,,,,,,,,,,,,,,,,,,174.2173616180566,165.65929060522834,,,,,169.93832611164248,"rgba(0, 255, 255, 0.75)",15.506899304008646,168.39797333906307,1.5060312723511253,66.00971885822963,10.894184370863641,True,False,True,False,True,9.932929869860843,0.0,0.0,0.0,0.0,0,1.0458785890956601,0.8296994300461542,False,False,False,False,0.3428282528187943,0.33800160866152285,False,False,False,False,-392971,-933969.577028553,False,False,False,False,75069.60136935921,False,False,False,False
2023-01-12 00:00:00+00:00,191.2402470847,194.5611693836,189.4092520876,193.4212852432,70210,,,,,,,,,,,,,,,,,,,,,,,,,,,,,,,,,,,175.0001374113985,166.06487915117702,,,,,170.53250828128776,"rgba(38, 166, 154, 1.0)",15.826019615304203,168.69401982599982,1.4246303117745003,67.22129990820939,12.019099359948456,True,False,True,False,True,9.683324894093403,0.0,0.0,0.0,0.0,0,1.0453812454649511,0.825691402155528,False,False,False,False,0.33603654785472686,0.3370190782581248,False,False,False,False,-463181,-915507.2798901784,False,False,False,False,74879.02876663924,False,False,False,False
2023-01-13 00:00:00+00:00,192.7750517148,194.5342429866,187.9462511829,189.1310126517,40572,,,,,,,,,,,,,,,,,,,,,,,,,,,,,,,,,,,175.42176672243932,166.29368785923288,,,,,170.8577272908361,"rgba(38, 166, 154, 1.0)",16.127500444203744,168.85912233378744,1.4829284589855944,68.48719377633881,13.263822878675086,True,False,True,False,True,10.26570527008435,0.0,0.0,0.0,0.0,0,1.0413662798489844,0.8294026210704183,False,False,False,False,0.32423987172064017,0.3306294749893825,False,False,False,False,-422609,-896177.9355807597,False,False,False,False,73533.65508951613,False,False,False,False
2023-01-17 00:00:00+00:00,189.8400744398,193.4212852432,189.4541294159,191.2851244131,69076,,,,,,,,,,,,,,,,,,,,,,,,,,,,,,,,,,,176.05799926658526,166.66136038900208,,,,,171.35967982779368,"rgba(38, 166, 154, 1.0)",16.345452152361286,169.11946707594683,1.2676680443409964,67.27240014034619,13.263822878675086,True,False,True,False,True,8.807590911417034,0.0,0.0,0.0,0.0,0,1.049994593718049,0.8311482943179364,False,False,False,False,0.32735809615000294,0.3289937855696927,False,False,False,False,-491685,-880315.4675187692,False,False,False,False,73358.8450860057,False,False,False,False
2023-01-18 00:00:00+00:00,190.163191204,193.3853833805,188.2873188785,190.3067986548,77666,,,,,,,,,,,,,,,,,,,,,,,,,,,,,,,,,,,176.7007158708919,167.057008944399,,,,,171.87886240764544,"rgba(38, 166, 154, 1.0)",16.489489638384892,169.39544453397096,1.259453574699185,66.58467130830125,13.263822878675086,True,False,True,False,True,8.934508129202133,0.0,0.0,0.0,0.0,0,1.0599532443527055,0.8096202462826245,False,False,False,False,0.3154986391838467,0.3222462123767697,False,False,False,False,-414019,-862029.331537641,False,False,False,False,73527.75312184863,False,False,False,False
2023-01-19 00:00:00+00:00,190.163191204,191.2335154855,185.5228754513,189.122037186,88402,,,,,,,,,,,,,,,,,,,,,,,,,,,,,,,,,,,177.28807339976052,167.46149081651376,,,,,172.37478210813714,"rgba(38, 166, 154, 1.0)",16.568079134319184,169.66876881396496,1.23698240597987,66.1261854202713,13.263822878675086,True,False,True,False,True,8.934508129202133,0.0,0.0,0.0,0.0,0,1.0438210900070217,0.8324644081429199,False,False,False,False,0.27308263801701144,0.29766442519689057,False,False,False,False,-414019,-844460.2989283218,False,False,False,False,74111.05692099182,False,False,False,False
2023-01-20 00:00:00+00:00,195.6561761956,195.6561761956,190.1272893414,191.7787750251,62340,,,,,,,,,,,,,,,,,,,,,,,,,,,,,,,,,,,177.8275897094453,167.8000479905674,,,,,172.81381885000636,"rgba(0, 255, 255, 0.75)",16.80771294328854,169.90827167378075,1.5319100587150747,67.86775657793055,13.263822878675086,True,False,True,False,True,11.10315355297421,0.0,0.0,0.0,0.0,0,1.0527317942500523,0.817735826043773,False,False,False,False,0.34282825263309913,0.3202463389149949,False,False,False,False,-351679,-825135.5421076034,False,False,False,False,73649.44684565881,False,False,False,False
2023-01-23 00:00:00+00:00,196.0421212196,197.2852232152,193.3584569835,195.5394951419,68406,,,,,,,,,,,,,,,,,,,,,,,,,,,,,,,,,,,178.44094983056445,168.18598776354054,,,,,173.3134687970525,"rgba(0, 255, 255, 0.75)",17.096197069880695,170.18332625046762,1.5125466127604041,69.15734376247678,14.467730642014033,True,False,True,False,True,11.253178461497967,0.0,0.0,0.0,0.0,0,1.0605895456809844,0.8202887097983984,False,False,False,False,0.342828252731565,0.33153729582327995,False,False,False,False,-283273,-803886.0306524032,False,False,False,False,73443.82147916238,False,False,False,False
2023-01-24 00:00:00+00:00,193.205874067,196.2934342584,193.0173892879,194.3098563448,85276,,,,,,,,,,,,,,,,,,,,,,,,,,,,,,,,,,,179.09117650779407,168.6286625562951,,,,,173.8599195320446,"rgba(38, 166, 154, 1.0)",17.26451440680186,170.49276747833756,1.3155948701177456,67.67056145819186,14.467730642014033,True,False,True,False,True,9.76082508374295,0.0,0.0,0.0,0.0,0,1.0619573931575437,0.8186776666964609,False,False,False,False,0.3280056224604271,0.3297714591418535,False,False,False,False,-368549,-786813.990234662,False,False,False,False,73907.82847997954,False,False,False,False
2023-01-25 00:00:00+00:00,188.3860490009,190.9530321832,185.5857037111,190.8543020608,60253,,,,,,,,,,,,,,,,,,,,,,,,,,,,,,,,,,,179.35272025805497,168.8627150523498,,,,,174.1077176552024,"rgba(38, 166, 154, 1.0)",17.300128364555732,170.64413372822315,1.0255366260186964,63.33664479910179,18.124694134724777,True,False,True,False,False,7.2918620823378895,0.0,0.0,0.0,0.0,0,1.0431483072211074,0.8770294541507367,False,False,False,False,0.178801904750427,0.25428668194614024,False,False,False,False,-428802,-772774.3043431067,False,False,False,False,73372.34501017642,False,False,False,False
2023-01-26 00:00:00+00:00,191.8146768878,191.8146768878,186.1270140458,190.1542157384,62345,,,,,,,,,,,,,,,,,,,,,,,,,,,,,,,,,,,179.65410367609852,169.11868297211646,,,,,174.38639332410747,"rgba(38, 166, 154, 1.0)",17.234961038672495,170.81334363026164,1.2185309389684567,62.08184260869698,16.965006103880995,True,False,True,False,False,8.693824547151163,0.0,0.0,0.0,0.0,0,1.0044189339144602,0.9106520147035627,False,False,False,False,0.19456515609687178,0.224425919021506,False,False,False,False,-366457,-756840.292408083,False,False,False,False,72939.90010781656,False,False,False,False
2023-01-27 00:00:00+00:00,192.3980821565,193.672598282,190.8453265952,191.1145905653,44345,,,,,,,,,,,,,,,,,,,,,,,,,,,,,,,,,,,179.90567364096503,169.31745265490412,,,,,174.6115631479346,"rgba(38, 166, 154, 1.0)",17.14542571373529,170.94835264967722,1.2510467727633792,61.512730772605536,16.37372832340388,True,False,True,False,False,8.931352567999916,0.0,0.0,0.0,0.0,0,1.0291067369120905,0.9008209330730881,False,False,False,False,0.269884994741343,0.24715545688142448,False,False,False,False,-322112,-739792.1240783543,False,False,False,False,71818.53147613748,False,False,False,False
2023-01-30 00:00:00+00:00,189.1399881174,193.8531091146,188.5791176724,191.0939883772,61650,,,,,,,,,,,,,,,,,,,,,,,,,,,,,,,,,,,180.19132108073626,169.5672148227752,,,,,174.87926795175574,"rgba(38, 166, 154, 1.0)",16.867088828797478,171.1140316566828,1.0687058474454207,58.94655871194628,13.870983207787347,False,False,True,False,False,7.252255208463531,0.0,0.0,0.0,0.0,0,1.020193105505305,0.9042177517439698,False,False,False,False,0.2457101865143813,0.2464328216979029,False,False,False,False,-383762,-725830.1584282228,False,False,False,False,71419.76553589679,False,False,False,False
2023-01-31 00:00:00+00:00,194.386840667,194.7034610795,188.5248398874,189.7370437523,76471,,,,,,,,,,,,,,,,,,,,,,,,,,,,,,,,,,,180.59001847700466,169.89796741581952,,,,,175.2439929464121,"rgba(38, 166, 154, 1.0)",16.538694280865386,171.33824814034335,1.393616215115782,59.72080704735439,13.870983207787347,False,False,True,False,False,9.408549630942357,0.0,0.0,0.0,0.0,0,1.029464826406968,0.8862214099693732,False,False,False,False,0.25490265499298537,0.25066773834544415,False,False,False,False,-307291,-709416.8580977042,False,False,False,False,71617.85316194006,False,False,False,False
2023-02-01 00:00:00+00:00,200.6197396441,202.9446381015,192.0619422097,193.5907664871,100569,,,,,,,,,,,,,,,,,,,,,,,,,,,,,,,,,,,181.32132602587134,170.43029193054835,,,,,175.87580897820985,"rgba(0, 255, 255, 0.75)",16.518271237939903,171.71630420081257,1.7497857388914122,62.48574323849175,13.870983207787347,True,False,True,False,True,11.84515416860581,0.0,0.0,0.0,0.0,1,1.0541467415465946,0.8523392200357447,False,False,False,False,0.34282825214260715,0.2967479952440256,False,False,False,False,-206722,-689703.3342507355,False,False,False,False,72753.19225362869,False,False,False,False
2023-02-02 00:00:00+00:00,208.6166666336,212.8774727558,198.7471560617,203.3426751914,99231,,,,,,,,,,,,,,,,,,,,,,,,,,,,,,,,,,,182.3038153898424,171.08423529072212,,,,,176.69402534028228,"rgba(0, 255, 0, 1.0)",16.456598246999008,172.19774826922145,2.2130283438753713,66.43278539368184,11.218990623305011,True,False,True,False,True,14.77420766793485,0.0,0.0,0.0,0.0,0,1.0785103658182529,0.8361021259517641,False,False,False,False,0.34282825260436706,0.3197881239241963,False,False,False,False,-107491,-666871.4780056087,False,False,False,False,73791.53765544717,False,False,False,False
2023-02-03 00:00:00+00:00,221.6342887352,224.5517196788,200.8820822716,208.2005369486,141585,,,,,,,,,,,,,,,,,,,,,,,,,,,,,,,,,,,184.04832858800435,172.2015359937648,,,,,178.12493229088457,"rgba(0, 255, 0, 1.0)",16.92107647004337,176.08454400458317,2.6918940299842564,71.2984040478702,15.6553674366681,True,False,True,False,True,19.08199952996302,0.0,0.0,0.0,0.0,0,1.0783234574912097,0.8003455670035405,False,False,False,False,0.3428282528659559,0.33130818839507614,False,False,False,False,34094,-639382.6357308789,False,False,False,False,76450.10480621396,False,False,False,False
2023-02-06 00:00:00+00:00,196.2141927619,215.8898898231,195.4226417307,215.8898898231,181822,,,,,,,,,,,,,,,,,,,,,,,,,,,,,,,,,,,185.20919897945902,173.14605924747892,,,,,179.17762911346898,"rgba(38, 166, 154, 1.0)",16.650061639875073,176.1813571337748,1.2031688567535834,64.83733774229393,21.160130140333763,True,False,True,False,False,7.345667352130583,0.0,0.0,0.0,0.0,0,1.0367115848709059,0.8214436395152748,False,False,False,False,0.23684499853728488,0.2840765934661805,False,False,False,False,-147728,-620102.0617806484,False,False,False,False,80582.335990284,False,False,False,False
2023-02-07 00:00:00+00:00,199.2266098292,200.1855173641,192.9213404721,194.9205722195,93547,,,,,,,,,,,,,,,,,,,,,,,,,,,,,,,,,,,185.59264802553903,173.5295171437469,,,,,179.56108258464297,"rgba(38, 166, 154, 1.0)",16.27766994742342,176.25349186775742,1.4113271761649748,61.24709739882647,18.165495999735924,False,False,True,False,False,8.351049129920874,0.0,0.0,0.0,0.0,0,1.0290239882728907,0.8716313087826458,False,False,False,False,0.10723947697900088,0.1956580352225907,False,False,False,False,-54181,-597909.078965721,False,False,False,False,81090.75418674345,False,False,False,False
2023-02-08 00:00:00+00:00,196.3046557369,203.4964622489,193.5817201896,197.7792022293,86422,,,,,,,,,,,,,,,,,,,,,,,,,,,,,,,,,,,185.9359769219575,173.87819470771717,,,,,179.90708581483733,"rgba(38, 166, 154, 1.0)",15.868891800494758,176.37905391320172,1.2556391507488285,58.03245508162539,15.44017822204691,False,True,True,False,False,7.142853135167034,0.0,0.0,0.0,0.0,0,1.0211564078187467,0.8677658473222482,False,False,False,False,0.13506168749485392,0.16535986135872233,False,False,False,False,-140603,-579975.507241575,False,False,False,False,81299.82265000841,False,False,False,False
2023-02-09 00:00:00+00:00,193.6359979746,199.0004523917,193.2560534796,198.8014338467,70075,,,,,,,,,,,,,,,,,,,,,,,,,,,,,,,,,,,186.14480096222422,174.1248901790421,,,,,180.13484557063316,"rgba(38, 166, 154, 1.0)",15.583889464612652,176.4545881358816,1.102511018044201,55.13645022541936,12.919545724618594,False,True,True,False,False,6.0479846401628805,0.0,0.0,0.0,0.0,0,1.0277341989407431,0.8803793233860073,False,False,False,False,0.10130497855975813,0.13333241995924022,False,False,False,False,-210678,-565493.252055631,False,False,False,False,80859.63352647868,False,False,False,False
2023-02-10 00:00:00+00:00,192.7404145221,193.3193775621,189.8003678348,192.2971459447,64644,,,,,,,,,,,,,,,,,,,,,,,,,,,,,,,,,,,186.26191887341398,174.31232300443628,,,,,180.2871209389251,"rgba(38, 166, 154, 1.0)",15.349452756064673,176.48606721736343,1.058952886663296,52.944233514748305,10.95449189178801,False,True,False,False,False,5.679733809468413,0.0,0.0,0.0,0.0,0,1.0194723596010635,0.8939023297186072,False,False,False,False,0.037902163427781674,0.08561729169351096,False,False,False,False,-275322,-554113.9872691357,False,False,False,False,80223.72632936187,False,False,False,False
2023-02-13 00:00:00+00:00,195.4995352595,196.9831280494,193.5183961071,194.0068961721,77310,,,,,,,,,,,,,,,,,,,,,,,,,,,,,,,,,,,186.475520321258,174.57334249008105,,,,,180.52443140566953,"rgba(38, 166, 154, 1.0)",15.24774025469602,176.59853636274352,1.2395934467033778,52.3595078336122,10.353738172106915,False,True,False,False,False,6.6559384519028555,0.0,0.0,0.0,0.0,0,1.0343224495727577,0.8866625057394387,False,False,False,False,0.08907915995902815,0.08734822582626955,False,False,False,False,-198012,-540149.2034546597,False,False,False,False,80109.46255173984,False,False,False,False
2023-02-14 00:00:00+00:00,196.1689612744,198.3038874843,192.6047200596,194.6491832945,89908,,,,,,,,,,,,,,,,,,,,,,,,,,,,,,,,,,,186.72117918441887,174.87396763310252,,,,,180.79757340876068,"rgba(38, 166, 154, 1.0)",15.142782280162026,176.7442525111748,1.2827701279620694,52.18872925624595,9.963998606684541,False,True,False,False,False,6.89339038686899,0.0,0.0,0.0,0.0,0,1.0098525784673684,0.9017788153914993,False,False,False,False,0.09191254840605224,0.08963038711616089,False,False,False,False,-108104,-523206.25429957494,False,False,False,False,80493.71892225985,False,False,False,False
2023-02-15 00:00:00+00:00,196.2594242494,196.9198039669,193.1836830996,193.8892943046,77535,,,,,,,,,,,,,,,,,,,,,,,,,,,,,,,,,,,186.91739889176418,175.12354277608844,,,,,181.0204708339263,"rgba(38, 166, 154, 1.0)",15.01796406144184,176.86986351003165,1.2910911665550235,52.106934157257456,9.520983820060593,False,True,False,False,False,6.926003959671217,0.0,0.0,0.0,0.0,0,1.0108179855328905,0.9008989785736995,False,False,False,False,0.08631011464383177,0.08797025087999633,False,False,False,False,-30569,-503887.14628782694,False,False,False,False,80377.69072923005,False,False,False,False
2023-02-16 00:00:00+00:00,194.2330536095,197.1640539993,191.2206365422,192.2609607547,51123,,,,,,,,,,,,,,,,,,,,,,,,,,,,,,,,,,,187.02379944326447,175.27491318888107,,,,,181.14935631607278,"rgba(38, 166, 154, 1.0)",14.929416516802698,176.94151472289877,1.158219336110022,51.24029849139993,8.269774963755381,False,True,False,False,False,6.039000860346029,0.0,0.0,0.0,0.0,0,1.0132739316689767,0.8947998398868225,False,False,False,False,0.07436747740505638,0.08116886414252636,False,False,False,False,-81692,-487330.47388438275,False,False,False,False,79230.44795553475,False,False,False,False
2023-02-17 00:00:00+00:00,195.9699427294,196.6665076369,192.6861367371,194.7939240545,86665,,,,,,,,,,,,,,,,,,,,,,,,,,,,,,,,,,,187.21902068799128,175.53807015203384,,,,,181.37854542001256,"rgba(38, 166, 154, 1.0)",14.777293652724122,177.0800084820045,1.2783081050780387,51.37533879684314,7.953740677053638,False,True,False,False,False,6.685906311677552,0.0,0.0,0.0,0.0,0,1.0277016871709468,0.8865360805926127,False,False,False,False,0.08109024606736517,0.08112955510494577,False,False,False,False,4973,-468024.45530068147,False,False,False,False,79521.99901610201,False,False,False,False
2023-02-21 00:00:00+00:00,189.2485436874,194.133544337,187.5704555012,192.5323496796,74991,,,,,,,,,,,,,,,,,,,,,,,,,,,,,,,,,,,187.2824440816619,175.7058347861461,,,,,181.49413943390402,"rgba(38, 166, 154, 0.5)",14.553359029692043,177.13612708001088,0.832276355079067,48.835922045461956,5.1299623581810465,False,True,False,False,False,3.7681473868586224,0.0,0.0,0.0,0.0,0,1.008031416094745,0.8869942557895697,False,False,False,False,0.028117802755815633,0.0546236789303807,False,False,False,False,-70018,-452416.35901438026,False,False,False,False,79344.31278017643,False,False,False,False
2023-02-22 00:00:00+00:00,189.6918122648,191.7815069872,187.5116545675,189.9722474873,76757,,,,,,,,,,,,,,,,,,,,,,,,,,,,,,,,,,,187.3312684025622,175.86611866235782,,,,,181.59869353246,"rgba(38, 166, 154, 0.5)",14.199840670626514,177.18899415701418,0.8804900278669245,47.34843132298108,3.394121432017897,False,True,False,True,False,3.9389580724075692,0.0,0.0,0.0,0.0,0,1.004328740839607,0.8986701795860224,False,False,False,False,0.01146762516211143,0.033045652046246064,False,False,False,False,6739,-434410.2665040124,False,False,False,False,79242.849533895,False,False,False,False
2023-02-23 00:00:00+00:00,190.8045068573,192.5504422746,188.2172657724,192.1071736972,51310,,,,,,,,,,,,,,,,,,,,,,,,,,,,,,,,,,,187.3744741779994,175.9777973173508,,,,,181.6761357476751,"rgba(38, 166, 154, 0.5)",13.690663946420509,177.23397577820086,0.9912251978580792,46.901377982398145,2.643921280897615,False,True,False,True,False,4.372764476827296,0.0,0.0,0.0,0.0,0,1.0084527632720992,0.8918129863098135,False,False,False,False,0.021650067064584493,0.02734785955541528,False,False,False,False,58049,-415098.1384058158,False,False,False,False,78147.4436698207,False,False,False,False
2023-02-24 00:00:00+00:00,188.3077287474,189.0585714399,185.1822329614,187.2040804525,70093,,,,,,,,,,,,,,,,,,,,,,,,,,,,,,,,,,,187.37704616000704,176.09665233981343,,,,,181.73684924991022,"rgba(38, 166, 154, 0.5)",13.259191838999788,177.26217726751253,0.8330486212137574,45.566701585536535,1.0504342070541028,False,True,False,True,False,3.2785932362694297,0.0,0.0,0.0,0.0,0,0.9935579986316014,0.9022008441150341,False,False,False,False,-0.02341620970298978,0.0019658249262127486,False,False,False,False,-12044,-399292.0937624505,False,False,False,False,77831.5831337493,False,False,False,False
2023-02-27 00:00:00+00:00,188.4796083999,191.5101180622,186.8784137425,191.0849420797,60693,,,,,,,,,,,,,,,,,,,,,,,,,,,,,,,,,,,187.40147827370726,176.2103366881526,,,,,181.80590748092993,"rgba(38, 166, 154, 0.5)",12.835639514080947,177.30340242195803,0.870716723205062,44.77385172788185,-0.00840037207561295,False,True,False,True,False,3.3479774523638994,0.0,0.0,0.0,0.0,0,0.9861397417960893,0.9241657998657862,False,False,False,False,0.005222039565307429,0.0035939322457600887,False,False,False,False,48649,-381725.7763600015,False,False,False,False,77159.48183438659,False,False,False,False
2023-02-28 00:00:00+00:00,190.3612382798,191.7905532847,188.1629879874,189.5470715048,43801,,,,,,,,,,,,,,,,,,,,,,,,,,,,,,,,,,,187.43133343912768,176.29842317387292,,,,,181.86487830650032,"rgba(38, 166, 154, 1.0)",12.45163061816424,177.3421188910607,1.0455754581851495,45.33952915947296,-0.00840037207561295,False,True,False,True,False,4.114025236558238,0.0,0.0,0.0,0.0,0,0.9976303912717519,0.9041201350402273,False,False,False,False,0.016027439921336244,0.009810686083548167,False,False,False,False,92450,-363130.64787529554,False,False,False,False,75851.30607617536,False,False,False,False
2023-03-01 00:00:00+00:00,186.9507841225,191.7362754997,185.3857746551,190.7411827748,49567,,,,,,,,,,,,,,,,,,,,,,,,,,,,,,,,,,,187.4386520792205,176.38194732973994,,,,,181.91029970448022,"rgba(38, 166, 154, 0.5)",11.870526320881847,177.3702143841049,0.8070888753720711,44.1164535467004,-1.1796618069227947,False,True,False,True,False,2.5800117167648793,0.0,0.0,0.0,0.0,0,1.0125234212238081,0.8872151762828698,False,False,False,False,-0.003521205016661559,0.0031447405334433043,False,False,False,False,42883,-347208.54403704865,False,False,False,False,74820.54897514888,False,False,False,False
2023-03-02 00:00:00+00:00,184.5173300952,185.8199969351,182.7940104216,184.2097559802,39097,,,,,,,,,,,,,,,,,,,,,,,,,,,,,,,,,,,187.40913324488213,176.4266169823246,,,,,181.91787511360337,"rgba(38, 166, 154, 0.5)",11.751790809335674,177.37088498225472,0.6081154122713042,42.259318868969665,-3.173361214067249,False,True,False,True,False,1.5000158707787818,0.0,0.0,0.0,0.0,1,1.0216428812094662,0.8937989635994484,False,False,False,False,-0.08962368215118745,-0.04323947080887207,False,False,False,False,3786,-333444.05211402714,False,False,False,False,73419.62548592735,False,False,False,False
2023-03-03 00:00:00+00:00,188.3258213424,189.2937751749,182.9704132228,186.70653409,31175,,,,,,,,,,,,,,,,,,,,,,,,,,,,,,,,,,,187.40496908809283,176.4729063972831,,,,,181.93893774268798,"rgba(38, 166, 154, 0.5)",11.766873983982064,177.3841043265374,0.9298745810278299,43.36372020242247,-3.173361214067249,False,True,False,True,False,3.0985201863061604,0.0,0.0,0.0,0.0,1,1.0007948089731136,0.8855720950148714,False,False,False,False,-0.06252400205321616,-0.052881736431044116,False,False,False,False,34961,-318996.79516837903,False,False,False,False,71762.97350608706,False,False,False,False
2023-03-06 00:00:00+00:00,183.0156447103,191.3563310047,181.3149407804,188.6695806474,71862,,,,,,,,,,,,,,,,,,,,,,,,,,,,,,,,,,,187.3673614717687,176.56152031788616,,,,,181.96444089482742,#000000,11.664013159644098,177.39834614605675,0.48159226908953884,41.833293679378045,-3.814842809244311,False,True,False,True,False,0.7544812253231896,0.0,0.0,0.0,0.0,1,0.9944670439630939,0.885320107736997,False,False,False,False,-0.059508134504395085,-0.0561949354677196,False,False,False,False,-36901,-307934.2149656975,False,False,False,False,71766.85689800522,False,False,False,False
2023-03-07 00:00:00+00:00,177.9225792181,183.4770058828,177.5878662106,183.4770058828,55148,,,,,,,,,,,,,,,,,,,,,,,,,,,,,,,,,,,187.26650785407864,176.5854182404191,,,,,181.92596304724887,#000000,11.624998392625043,177.36544102164248,0.04792587298859039,39.05515433345721,-6.54192733130585,False,True,False,True,False,0.0,0.0,0.0,0.0,0.0,0,0.9726645691213662,0.9195506911291381,False,False,False,False,-0.14613579791249667,-0.10116536669010814,False,False,False,False,-92049,-299468.1281042976,False,False,False,False,71115.13701965209,False,False,False,False
2023-03-08 00:00:00+00:00,181.4144500529,181.7853482504,176.8551161132,178.8000700756,72097,,,,,,,,,,,,,,,,,,,,,,,,,,,,,,,,,,,187.14455989874816,176.6196600494158,,,,,181.88210997408197,#000000,11.546816670581205,177.33012100068171,0.35371905250944896,39.26535888918446,-6.54192733130585,False,True,False,True,False,0.0882834600783653,0.0,0.0,0.0,0.0,0,0.9986858785926497,0.9196005308159229,False,False,False,False,-0.1827439988734677,-0.1419546827817879,False,False,False,False,-19952,-288506.7113158938,False,False,False,False,71153.64145025397,False,False,False,False
2023-03-09 00:00:00+00:00,174.1593194584,181.1249685329,173.6889119884,181.1249685329,58002,,,,,,,,,,,,,,,,,,,,,,,,,,,,,,,,,,,187.00006093937222,176.6173095692397,,,,,181.80868525430594,#000000,11.490778291215634,177.27385298518243,-0.27104635106948277,37.08591843712062,-8.567398980373923,False,True,False,True,False,0.0,0.0,0.0,0.0,0.0,0,0.9798826440899209,0.9247421965629111,False,False,False,False,-0.2131677789695133,-0.17756123087565062,False,False,False,False,-77954,-280249.7422446823,False,False,False,False,70637.89080514597,False,False,False,False
2023-03-10 00:00:00+00:00,165.0135126865,174.3673843009,162.8333549891,173.6979582859,97849,,,,,,,,,,,,,,,,,,,,,,,,,,,,,,,,,,,186.56832230079178,176.49522747219285,,,,,181.53177488649231,"rgba(239, 83, 80, 1.0)",11.560468194533357,177.06403658076576,-1.0423906446941422,33.49928211261829,-11.966795857031315,False,True,False,True,False,0.0,0.0,0.0,0.0,0.0,0,0.9424227683025508,0.9455515339081503,False,False,False,False,-0.34282825441539394,-0.2601947426455223,False,False,False,False,-175803,-276153.79156842025,False,False,False,False,71704.9931265128,False,False,False,False
2023-03-13 00:00:00+00:00,156.564270822,160.7074750768,153.5880389447,160.6893824818,130065,,,,,,,,,,,,,,,,,,,,,,,,,,,,,,,,,,,185.7256688092273,176.15695969793939,,,,,180.94131425358336,"rgba(255, 0, 0, 1.0)",11.860004857310257,176.6215750957243,-1.6911716744670133,29.653192643914608,-15.488292754293774,False,True,False,True,False,0.0,0.0,0.0,0.0,0.0,0,0.9259182201258667,0.9747044929164834,False,False,False,False,-0.34282825441539394,-0.3015114985304581,False,False,False,False,-305868,-277319.0546441685,False,False,False,False,73993.6208470417,False,False,False,False
2023-03-14 00:00:00+00:00,155.9943540796,163.8917717966,155.3520669571,162.4262716017,145437,,,,,,,,,,,,,,,,,,,,,,,,,,,,,,,,,,,184.88346567011652,175.82003080990447,,,,,180.3517482400105,"rgba(255, 0, 0, 1.0)",12.181538884920233,176.1908788897162,-1.6579616911224486,27.000170684288513,-17.829776781611052,False,True,False,True,False,0.0,0.0,0.0,0.0,0.0,0,0.9308395399060556,0.9695366549864324,False,False,False,False,-0.31019461863215836,-0.30585305858130823,False,False,False,False,-451305,-284142.03289341676,False,False,False,False,76795.32199029498,False,False,False,False
2023-03-15 00:00:00+00:00,154.7640576197,154.7731039172,149.26390874,150.9827052649,91747,,,,,,,,,,,,,,,,,,,,,,,,,,,,,,,,,,152.9336900923,184.27383555615404,175.54913442423967,,,,,170.91888669089792,"rgba(255, 0, 0, 1.0)",12.55754728931107,174.34166405977152,-1.559031074223857,25.0286597132234,-19.564261955820186,False,True,False,True,False,0.0,0.0,0.0,0.0,0.0,0,0.9104581858797659,0.9865365782743937,True,False,False,False,-0.34282825441539394,-0.3243406564983511,False,False,False,False,-543052,-294295.3649368122,False,False,False,False,77381.66230440106,False,False,False,False
2023-03-16 00:00:00+00:00,159.4138545344,160.8612621343,150.53039039,152.3306035923,113193,,,,,,,,,,,,,,,,,,,,,,,,,,,,,,,,,,155.14379746135484,183.6450560913725,175.28121936199577,,,,,171.35669097157438,"rgba(239, 83, 80, 1.0)",12.80496374341124,174.19096862931127,-1.1540145205420667,26.461337693927476,-19.564261955820186,False,True,False,True,False,0.0,0.0,0.0,0.0,0.0,0,0.9023879277992622,0.9827938935803501,False,False,False,False,-0.2985825359832113,-0.3114615962407812,False,False,False,False,-429859,-299611.58591968234,False,False,False,False,78786.0284885422,False,False,False,False
2023-03-17 00:00:00+00:00,155.1259095196,158.4459007019,153.6965945147,157.179419052,165827,,,,,,,,,,,,,,,,,,,,,,,,,,,,,,,,,,155.41766779619905,182.7359882796146,174.8780156635495,,,,,171.01055724645437,"rgba(239, 83, 80, 1.0)",13.122303748924214,173.7771292150789,-1.421337293537956,26.48008650782822,-19.564261955820186,False,True,False,True,False,0.0,0.0,0.0,0.0,0.0,0,0.9028350486643694,1.0014238001351787,False,False,False,False,-0.2941312694796653,-0.30279643286022323,False,False,False,False,-595686,-311222.3472561654,False,False,False,False,82199.39992036407,False,False,False,False
2023-03-20 00:00:00+00:00,153.7146871097,158.0840488019,152.9457518223,157.5684098445,83529,,,,,,,,,,,,,,,,,,,,,,,,,,,,,,,,,,155.3252135342779,182.28657174199788,174.67249792019464,,,,,170.7614277321568,"rgba(239, 83, 80, 1.0)",13.458607850375854,173.5567434194754,-1.4743022852264223,26.196339839242466,-19.564261955820186,False,True,False,True,False,0.0,0.0,0.0,0.0,0.0,0,0.8952863764478285,1.0023088626773204,False,False,False,False,-0.3007318255108091,-0.3017641291855162,False,False,False,False,-679215,-325653.4316774922,False,False,False,False,82251.54109995763,False,False,False,False
2023-03-21 00:00:00+00:00,160.2099287143,161.1416973567,156.5009467396,157.0256319945,84138,,,,,,,,,,,,,,,,,,,,,,,,,,,,,,,,,,155.94386027779527,181.91828018986985,174.51456058480846,,,,,170.79223368415785,"rgba(239, 83, 80, 0.5)",13.665322528917722,173.42991675637828,-0.9674113445989256,29.6034109337733,-19.564261955820186,False,True,False,True,True,0.0,0.0,0.0,0.0,0.0,0,0.8958753744059318,1.0007224664156884,False,False,False,False,-0.26185529355181014,-0.2818097113686632,False,False,False,False,-595077,-336219.06180778664,False,False,False,False,82325.51988035144,False,False,False,False
2023-03-22 00:00:00+00:00,155.7501040471,161.1145584642,155.1259095196,160.2099287143,96548,,,,,,,,,,,,,,,,,,,,,,,,,,,,,,,,,,156.1546496031292,181.47468364458754,174.31453122199864,,,,,170.64795482323848,"rgba(239, 83, 80, 1.0)",13.993365791698542,173.23749312721495,-1.2496914138047626,30.67607656139329,-24.60797578060985,False,True,False,True,True,0.0,0.0,0.0,0.0,0.0,0,0.8788006812714814,1.0120521098419757,False,False,False,False,-0.270030554086089,-0.2759201327273761,False,False,False,False,-691625,-350156.5495800303,False,False,False,False,82883.26419876903,False,False,False,False
2023-03-23 00:00:00+00:00,153.2080944498,159.5088406581,151.9687516924,155.5872706921,64732,,,,,,,,,,,,,,,,,,,,,,,,,,,,,,,,,,156.0381379729621,181.1570229334725,174.16415011316076,,,,,170.45310367319846,"rgba(239, 83, 80, 1.0)",14.369871389092715,173.07859694117022,-1.3827891672330967,30.75332640462941,-24.358517323114775,False,True,False,True,True,0.0,0.0,0.0,0.0,0.0,0,0.872455588153071,1.0221364924173262,False,False,False,False,-0.29807247390648145,-0.28699630331692877,False,False,False,False,-756357,-366085.97900826443,False,False,False,False,82171.44991646436,False,False,False,False
2023-03-24 00:00:00+00:00,152.2039554273,152.4255897161,149.26390874,151.3355108674,79239,,,,,,,,,,,,,,,,,,,,,,,,,,,,,,,,,151.29781796113335,155.5559288827894,180.72648835437346,173.94942705717028,,,,,165.38241556386663,"rgba(239, 83, 80, 1.0)",14.7275228198717,171.48995950410608,-1.3095212489356096,30.550271603732845,-24.316908382857772,False,True,False,True,True,0.0,0.0,0.0,0.0,0.0,0,0.8418783581459169,1.0516648962442618,True,False,False,False,-0.34282825441539394,-0.31491227886616135,False,False,False,False,-835596,-384498.1366942149,True,False,False,False,82056.45188052459,True,False,False,False
2023-03-27 00:00:00+00:00,158.9434470644,159.8706925581,156.0214929721,158.3373451319,63763,,,,,,,,,,,,,,,,,,,,,,,,,,,,,,,,,154.4104460855937,155.76193199695422,180.4690186454413,173.831900490644,,,,,166.1183243046583,"rgba(239, 83, 80, 0.5)",14.897886448285632,171.58635110028462,-0.8486374278506794,34.00719274471908,-20.842959183747343,False,True,False,True,True,0.0,0.0,0.0,0.0,0.0,0,0.854104362296076,1.0402687038071468,False,False,False,False,-0.2599500891419186,-0.28743118400404,False,False,False,False,-771833,-399687.7391767947,False,False,False,False,81339.0616107001,False,False,False,False
2023-03-28 00:00:00+00:00,159.3143452619,160.4270398543,156.0757707571,157.2970209195,63885,,,,,,,,,,,,,,,,,,,,,,,,,,,,,,,,,155.70591165928258,155.9623236893266,180.22062918243847,173.71834381945212,,,,,166.40180208762496,"rgba(239, 83, 80, 0.5)",15.050302561433854,171.57312487226972,-0.8145204762715289,36.49402212394813,-18.416814103299288,False,True,False,True,True,0.0,0.0,0.0,0.0,0.0,0,0.8574783002609689,1.0388714679225644,False,False,False,False,-0.2564712594377989,-0.27195122172091946,False,False,False,False,-707948,-411776.37685613614,False,False,False,False,80654.58860635893,False,False,False,False
2023-03-29 00:00:00+00:00,161.3135770092,161.7116140992,158.3825766194,160.9879102993,89170,,,,,,,,,,,,,,,,,,,,,,,,,,,,,,,,,157.14059284152478,156.36591361718357,179.91230911924046,173.58184466889384,,,,,166.75016506171067,"rgba(239, 83, 80, 0.5)",15.186986804883313,171.5588824533682,-0.6746108083055593,39.16664415994836,-15.872640327029004,False,True,False,True,True,0.0,0.0,0.0,0.0,0.0,0,0.8594876305337192,1.0321374075506196,False,False,False,False,-0.23613006969527517,-0.2540406457080973,False,False,False,False,-618778,-419894.0875676602,False,False,False,False,80988.52630807034,False,False,False,False
2023-03-30 00:00:00+00:00,162.6976605266,165.547244239,160.6170121018,163.3942254341,98616,,,,,,,,,,,,,,,,,,,,,,,,,,,,,,,,,158.5931680812938,156.95956832433285,179.62451439467986,173.462115882028,,,,,167.15984167058363,"rgba(239, 83, 80, 0.5)",15.294616763384418,171.57159023146346,-0.5801995461637065,41.653052636538774,-13.542652612550881,False,True,False,True,True,0.0,0.0,0.0,0.0,0.0,0,0.8690783780348724,1.0211596543406156,False,False,False,False,-0.20217214721306268,-0.22810639646058,False,False,False,False,-520162,-423826.1625650069,False,False,False,False,81679.79978618523,False,False,False,False
2023-03-31 00:00:00+00:00,172.232458091,172.9471155935,162.1006048917,163.5932439791,146744,,,,,,,,,,,,,,,,,,,,,,,,,,,,,,,,,161.43911673961185,158.39420008155756,179.3651226628881,173.39008814392992,,,,,168.14713190699686,#000000,15.306298643602757,171.60114877762243,0.04124506701961155,47.29633099564856,-8.333947833470184,False,False,False,False,True,0.0,0.0,0.0,0.0,0.0,0,0.882848942664701,0.994123549629864,False,False,False,False,-0.15327031917243647,-0.19068835781650822,False,False,False,False,-373418,-421849.3718761831,False,False,False,False,84231.3370494721,False,False,False,False
2023-04-03 00:00:00+00:00,167.5826611763,171.6987265385,164.208392209,171.5449394811,84737,,,,,,,,,,,,,,,,,,,,,,,,,,,,,,,,,162.30398074852425,158.997242889356,179.20335723281613,173.33765205669638,,,,,168.46055823184818,#000000,15.37668574563527,171.6087458784657,-0.2618304600071904,48.9635762771807,-6.951030232943737,False,False,False,False,True,0.0,0.0,0.0,0.0,0.0,0,0.8752392542076275,1.0084421479840395,False,False,False,False,-0.14858143794630507,-0.16963489788140665,False,False,False,False,-458155,-423273.1219986857,False,False,False,False,84251.16696910064,False,False,False,False
2023-04-04 00:00:00+00:00,164.1993459115,167.7545408288,162.2362993542,167.6188463663,103433,,,,,,,,,,,,,,,,,,,,,,,,,,,,,,,,,162.6479244664661,159.41210489695928,178.9597764847991,173.23969410601,,,,,168.5648749885586,#000000,15.475402929224604,171.4944134905446,-0.47139758573059126,48.69655881792673,-6.951030232943737,False,False,False,False,True,0.0,0.0,0.0,0.0,0.0,0,0.8613912174158056,1.0238261213480282,False,False,False,False,-0.18100369854147275,-0.1753192982114397,False,False,False,False,-561588,-428697.23486148234,False,False,False,False,85003.39571541041,False,False,False,False
2023-04-05 00:00:00+00:00,162.6343364441,164.3667024153,160.9788640018,162.1006048917,113070,,,,,,,,,,,,,,,,,,,,,,,,,,,,,,,,,162.64954044949988,159.65020314837832,178.66531472211847,173.10969175279257,,,,,168.5186875181973,"rgba(239, 83, 80, 0.5)",15.552184407467008,171.3251211974107,-0.5588144099640457,47.89757775529503,-6.951030232943737,False,False,False,False,True,0.0,0.0,0.0,0.0,0.0,0,0.858899272820196,1.0304465782537016,False,False,False,False,-0.2067237757659502,-0.19102153698869495,False,False,False,False,-674658,-438342.75506299286,False,False,False,False,86104.0468638257,False,False,False,False
2023-04-06 00:00:00+00:00,162.1186974867,164.7240311665,160.5717806143,162.5891049566,109991,,,,,,,,,,,,,,,,,,,,,,,,,,,,,,,,,162.6289845807001,159.8380055801622,178.3856488415614,172.98403270507373,,,,,168.45916792687433,"rgba(239, 83, 80, 0.5)",15.64749650995838,171.18376451742898,-0.5793301839025682,47.151563275793144,-6.951030232943737,False,False,False,False,True,0.0,0.0,0.0,0.0,0.0,0,0.8719127033725255,1.0211201097892662,False,False,False,False,-0.20700066466689312,-0.19901110082779405,False,False,False,False,-784649,-451923.39211934607,False,False,False,False,87040.79012406783,False,False,False,False
2023-04-10 00:00:00+00:00,162.9419105591,164.1450681265,160.1556509293,161.7477992892,50049,,,,,,,,,,,,,,,,,,,,,,,,,,,,,,,,,162.6182642340609,159.91374313624226,178.26111906028515,172.92752547334112,,,,,168.43016297598237,"rgba(239, 83, 80, 0.5)",15.715903824045895,171.12461609682984,-0.5206640120315583,47.083560084248944,-6.951030232943737,False,False,False,False,True,0.0,0.0,0.0,0.0,0.0,0,0.8686154623116527,1.0252634663383127,False,False,False,False,-0.2125450790495486,-0.20577808993867133,False,False,False,False,-734600,-463008.7492911364,False,False,False,False,85590.13168782988,False,False,False,False
2023-04-11 00:00:00+00:00,165.6919849989,168.0802075388,163.2766235666,163.2766235666,62987,,,,,,,,,,,,,,,,,,,,,,,,,,,,,,,,,162.79940109139983,160.11958018888689,178.13889358774162,172.87910898631588,,,,,168.48424596358606,#000000,15.762950995389687,171.10696359665957,-0.3435256887713042,48.45512110450044,-6.839756817314495,False,False,False,False,True,0.0,0.0,0.0,0.0,0.0,0,0.8640751553865619,1.0183758137579977,False,False,False,False,-0.17348675510203793,-0.18963242252035462,False,False,False,False,-671613,-471189.3081424644,False,False,False,False,84703.73436673851,False,False,False,False
2023-04-12 00:00:00+00:00,163.5570587891,167.7635871263,163.5480124916,167.6459852588,47099,,,,,,,,,,,,,,,,,,,,,,,,,,,,,,,,,162.89068931989235,160.245263637441,178.0437972166788,172.83971235403422,,,,,168.5048656320116,#000000,15.86132181966258,171.0841696172464,-0.4745576007931044,48.27660441021635,-6.736363571356598,False,False,False,False,True,0.0,0.0,0.0,0.0,0.0,0,0.870769036173876,1.0198203895767135,False,False,False,False,-0.17373534549454847,-0.18168388400745156,False,False,False,False,-718712,-480896.08037217165,False,False,False,False,83229.03890137622,False,False,False,False
2023-04-13 00:00:00+00:00,164.9049571165,165.4296423715,162.9057253691,165.0135126865,41142,,,,,,,,,,,,,,,,,,,,,,,,,,,,,,,,,162.9449814750075,160.33777743247808,177.95844530180142,172.80327034532453,,,,,168.51111863865287,#000000,15.89874319897263,171.0587254272455,-0.3870600483152127,48.8967991178542,-5.83283185358794,False,False,False,False,True,0.0,0.0,0.0,0.0,0.0,0,0.8677733476447906,1.0290216224494388,False,False,False,False,-0.19014092033730762,-0.1859124021723796,False,False,False,False,-677570,-488608.78310267476,False,False,False,False,81578.56678759676,False,False,False,False
2023-04-14 00:00:00+00:00,166.6237536414,168.1525779188,163.6022902766,166.1985776589,50886,,,,,,,,,,,,,,,,,,,,,,,,,,,,,,,,,163.0793426787636,160.49243543968024,177.86750942455456,172.76774417430778,,,,,168.55175792932653,#000000,15.935318730272265,171.04770887162172,-0.2776195007519721,50.247033468245576,-4.266976581709393,True,False,False,False,True,0.0,0.0,0.0,0.0,0.0,0,0.8571930463735999,1.0454249726737814,False,False,False,False,-0.17130007123767158,-0.17860623670502557,False,False,False,False,-626684,-494023.49749080517,False,False,False,False,80374.93671749493,False,False,False,False
2023-04-17 00:00:00+00:00,169.7447262787,170.1337170711,165.6377072139,166.6237536414,38845,,,,,,,,,,,,,,,,,,,,,,,,,,,,,,,,,163.24882246780953,160.6526020411138,177.8129035765285,172.75050209804397,,,,,168.61620754587395,#000000,15.956052514622701,171.05945977788275,-0.0823971654629415,52.73416044762651,-1.7119842648564685,True,False,True,False,True,0.0,0.0,0.0,0.0,0.0,0,0.8393645780346304,1.070247049060892,False,False,False,False,-0.14932135140151956,-0.16396379405327255,False,False,False,False,-587839,-497702.53680489125,False,False,False,False,78746.3117481814,False,False,False,False
2023-04-18 00:00:00+00:00,169.5728466262,170.5950782436,168.4420594388,170.4322448886,51043,,,,,,,,,,,,,,,,,,,,,,,,,,,,,,,,,163.49671805161978,160.87997172016392,177.74995540609316,172.73350939704815,,,,,168.71503864373125,#000000,15.914718669396319,171.08409579166312,-0.09495921334564426,54.275052921622134,-0.12886677065818475,True,False,True,False,True,0.0,0.0,0.0,0.0,0.0,0,0.8305581362097043,1.1104552276126933,False,False,False,False,-0.10553363922440354,-0.13474871663883803,False,False,False,False,-638882,-503238.9863419544,False,False,False,False,77659.90736589978,False,False,False,False
2023-04-19 00:00:00+00:00,170.6312634336,172.883791511,167.9445130763,167.9445130763,73100,,,,,,,,,,,,,,,,,,,,,,,,,,,,,,,,,163.87027784941844,161.21962563029587,177.6716903294111,172.71662274281832,,,,,168.86955413798592,#000000,15.918820802454675,171.09315896326942,-0.029015687493523106,55.865655906795595,1.4808399990104562,True,False,True,False,True,0.0,0.0,0.0,0.0,0.0,0,0.8546167754574027,1.1007784009056039,False,False,False,False,-0.0592655549030053,-0.09700713577092167,False,False,False,False,-565782,-505691.6535442307,False,False,False,False,77481.08746919784,False,False,False,False
2023-04-20 00:00:00+00:00,169.4281058662,169.8080503612,167.7319250851,168.7044020662,65300,,,,,,,,,,,,,,,,,,,,,,,,,,,,,,,,,164.10353186257575,161.45751037823692,177.5889155778178,172.69176721209394,,,,,168.9604312576811,#000000,15.937260106768523,171.06800493106223,-0.10289717642029061,55.99672434036918,1.7360530220130315,True,False,True,False,True,0.0,0.0,0.0,0.0,0.0,0,0.8574739101345448,1.0560368290886117,False,False,False,False,-0.08213259501499587,-0.08956986539295878,False,False,False,False,-631082,-510608.92203269224,False,False,False,False,77003.39776452343,False,False,False,False
2023-04-21 00:00:00+00:00,171.0293005236,171.780143216,167.5283833913,170.0342077987,70359,,,,,,,,,,,,,,,,,,,,,,,,,,,,,,,,,164.3847453460133,161.73391371261056,177.5128975269421,172.67336761994213,,,,,169.07623105137702,#000000,15.95627505135406,171.10096787591658,-0.00449148388868486,57.02675728793258,2.8848133921150705,True,False,True,False,True,0.0,0.0,0.0,0.0,0.0,0,0.8516139265587872,1.0618447140919811,False,False,False,False,-0.05591246000140951,-0.07274116269718414,False,False,False,False,-560723,-512574.1799921945,False,False,False,False,76742.83314630683,False,False,False,False
2023-04-24 00:00:00+00:00,169.6271244112,171.2192727711,167.5826611763,170.7036338136,55726,,,,,,,,,,,,,,,,,,,,,,,,,,,,,,,,,164.56672189029018,161.92491621020667,177.44869475749107,172.65540514755148,,,,,169.14893450138484,#000000,15.996492004514463,171.1083008640434,-0.09259382947369976,56.55875487060109,2.8848133921150705,True,False,True,False,True,0.0,0.0,0.0,0.0,0.0,1,0.8518512600058525,1.0484028188356604,False,False,False,False,-0.055517043569436014,-0.06412910313331008,False,False,False,False,-616449,-516647.7023454418,False,False,False,False,75918.64361115755,False,False,False,False
2023-04-25 00:00:00+00:00,164.6697533815,169.6180781137,164.6697533815,167.7635871263,47449,,,,,,,,,,,,,,,,,,,,,,,,,,,,,,,,,164.61847801295943,162.0153207036965,177.37350043502437,172.6252370778525,,,,,169.1581340573832,#000000,16.086663922239776,171.06152278497532,-0.39733343310782604,52.804282844975965,6.879873088078007,True,False,True,False,False,0.0,0.0,0.0,0.0,0.0,1,0.8554283986171124,1.0349372085238853,False,False,False,False,-0.08908817543523759,-0.07660863928427383,False,False,False,False,-663898,-522422.2238220912,False,False,False,False,74802.1869989553,False,False,False,False
2023-04-26 00:00:00+00:00,160.9245862168,166.1352535764,160.1194657393,163.8013088216,77173,,,,,,,,,,,,,,,,,,,,,,,,,,,,,,,,,164.51648351057958,162.02755240469062,177.21067405186594,172.5466099545606,,,,,169.0753299804242,"rgba(239, 83, 80, 0.5)",16.215703629718153,170.90587704795342,-0.6155323912593549,48.28308860844383,2.6862270741786602,True,False,False,False,False,0.0,0.0,0.0,0.0,0.0,1,0.8301301823805952,1.0610417754148145,False,False,False,False,-0.14937959743250426,-0.11299411835838905,False,False,False,False,-741071,-530996.6856329896,False,False,False,False,74895.1600578198,False,False,False,False
2023-04-27 00:00:00+00:00,162.6071975516,162.6071975516,159.8133849491,162.1324320114,85204,,,,,,,,,,,,,,,,,,,,,,,,,,,,,,,,,164.379668679774,162.01541661393506,177.02646137437523,172.45515893638157,,,,,168.96917640111644,#000000,16.31140152481219,170.74915214014538,-0.4991572659259355,46.52397659556209,1.1788623707060921,False,False,False,True,False,0.0,0.0,0.0,0.0,0.0,1,0.830533170362591,1.0787993354695797,False,False,False,False,-0.1770726707596315,-0.14503339455901026,False,False,False,False,-655867,-535893.5607062058,False,False,False,False,75299.42829084647,False,False,False,False
2023-04-28 00:00:00+00:00,166.3596713413,167.9757001996,159.6589035464,164.1045350249,43035,,,,,,,,,,,,,,,,,,,,,,,,,,,,,,,,,164.38643939159033,162.06080887575104,176.9528640406174,172.4221970635948,,,,,168.9555773428884,#000000,16.317404645692218,170.7139853865802,-0.26685089570477377,47.8581332361136,1.1788623707060921,True,False,False,False,False,0.0,0.0,0.0,0.0,0.0,1,0.8306820735186373,1.0540672759085563,False,False,False,False,-0.13548697629173115,-0.14026018542537072,False,False,False,False,-612832,-538910.7544040016,False,False,False,False,74034.1565931662,False,False,False,False
2023-05-01 00:00:00+00:00,160.7720461363,168.5143764857,160.1694591044,166.8526970947,50624,,,,,,,,,,,,,,,,,,,,,,,,,,,,,,,,,164.3528884732106,162.08236633365112,176.85688090333744,172.37628557902602,,,,,168.9171053223063,"rgba(239, 83, 80, 0.5)",16.366407942100487,170.6552553402904,-0.6038716155037984,45.754312896559384,0.7163844137335218,False,False,False,True,False,0.0,0.0,0.0,0.0,0.0,1,0.8406129813323773,1.0526044099541136,False,False,False,False,-0.12745013528149998,-0.13385516035343537,False,False,False,False,-663456,-543794.8816822761,False,False,False,False,73116.11123657145,False,False,False,False
2023-05-02 00:00:00+00:00,159.9046860146,160.6807450708,156.0243907333,159.6673032444,53099,,,,,,,,,,,,,,,,,,,,,,,,,,,,,,,,,164.20091858500462,162.0171482997667,176.7266188317766,172.30648676301135,,,,,168.81279311988982,"rgba(239, 83, 80, 0.5)",16.422892754819536,170.54178196303903,-0.6476992882583013,43.94387593009384,-0.9765154280841486,False,False,False,True,False,0.0,0.0,0.0,0.0,0.0,0,0.8214255402467099,1.0773794915202388,False,False,False,False,-0.2091402628967693,-0.17149771162510233,False,False,False,False,-716555,-550569.7882829712,False,False,False,False,72331.12648219611,False,False,False,False
2023-05-03 00:00:00+00:00,158.0238840665,162.5524169124,157.6221593785,160.1511988913,44509,,,,,,,,,,,,,,,,,,,,,,,,,,,,,,,,,164.0918998453312,161.97334758904057,176.6220696914474,172.2508169460258,,,,,168.73453351796124,"rgba(239, 83, 80, 0.5)",16.477683942942274,170.4582634809399,-0.7546193662590436,41.85463147215412,-2.951133418018486,False,False,False,True,False,0.0,0.0,0.0,0.0,0.0,0,0.849026219339564,1.0693753185722212,False,False,False,False,-0.1775633179848516,-0.17453051480497694,False,False,False,False,-761064,-558824.4632522665,False,False,False,False,71240.06269858057,False,False,False,False
2023-05-04 00:00:00+00:00,152.7284222709,156.3074240362,150.9389213882,156.3074240362,54431,,,,,,,,,,,,,,,,,,,,,,,,,,,,,,,,,163.8010103763162,161.79992487787845,176.45142132122476,172.1515134255675,,,,,168.5509675002467,"rgba(239, 83, 80, 1.0)",16.645908889676253,170.28649174330135,-1.0547978838987164,38.34000529417954,-6.237556675875538,False,True,False,True,False,0.0,0.0,0.0,0.0,0.0,0,0.8308059183873379,1.0762037588204683,False,False,False,False,-0.29161613427855065,-0.2330733245417638,False,False,False,False,-815495,-568889.9744972757,False,False,False,False,70580.88376922447,False,False,False,False
2023-05-05 00:00:00+00:00,154.0979382525,157.1473938382,151.4365121949,156.3348143558,98552,,,,,,,,,,,,,,,,,,,,,,,,,,,,,,,,,163.35453898365188,161.53461877934362,176.16053612911563,171.98283421497794,,,,,168.25813202677227,"rgba(239, 83, 80, 0.5)",16.769046678182633,170.02042727560007,-0.9495166498532098,37.046933643105824,-7.415021384554407,False,True,False,True,False,0.0,0.0,0.0,0.0,0.0,0,0.8308919483257247,1.0755999482462713,False,False,False,False,-0.2788706508385426,-0.2559719876901532,False,False,False,False,-716943,-574695.9754973826,False,False,False,False,71677.79028807842,False,False,False,False
2023-05-08 00:00:00+00:00,152.5275599269,155.0565994396,151.2858654369,155.0565994396,38096,,,,,,,,,,,,,,,,,,,,,,,,,,,,,,,,,163.1704146319324,161.4200002856853,176.04372638889913,171.91387233826813,,,,,168.13700341119625,"rgba(239, 83, 80, 1.0)",16.90543199548591,169.9142733461648,-1.0284690402414678,35.55677073697362,-8.854556032188611,False,True,False,True,False,0.0,0.0,0.0,0.0,0.0,0,0.8457960955133906,1.077273727085259,False,False,False,False,-0.29939796816430586,-0.27768497792722957,False,False,False,False,-755039,-581768.2509680735,False,False,False,False,70360.85733560476,False,False,False,False
2023-05-09 00:00:00+00:00,153.0753663195,156.1613423315,150.6467579788,150.9206611751,49689,,,,,,,,,,,,,,,,,,,,,,,,,,,,,,,,153.2944888766,162.94746377229225,161.28081308109296,175.89532967845702,171.82626191173912,,,,,165.04887146403627,"rgba(239, 83, 80, 0.5)",16.938075189784772,168.91679270960864,-0.935255406096112,35.025202249798205,-9.461909555665734,False,True,False,True,False,0.0,0.0,0.0,0.0,0.0,0,0.8382271399448982,1.081674309511236,True,False,False,False,-0.29511395548861336,-0.2863994667079215,False,False,False,False,-705350,-586614.5940673648,False,False,False,False,69550.19626362025,False,False,False,False
2023-05-10 00:00:00+00:00,155.4035434883,156.2982939296,151.623679379,156.2982939296,54829,,,,,,,,,,,,,,,,,,,,,,,,,,,,,,,,153.89637617069263,162.74073462680275,161.15394353310313,175.74201256253127,171.73646698648312,,,,,165.0539067759226,"rgba(239, 83, 80, 0.5)",16.907184601185932,168.83067100453434,-0.7941669670592301,36.600327957985186,-9.461909555665734,False,True,False,True,False,0.0,0.0,0.0,0.0,0.0,0,0.8377529593784406,1.0818731009698643,False,False,False,False,-0.28277204202244205,-0.28458575436518174,False,False,False,False,-650521,-589120.7276333505,False,False,False,False,68972.89444936064,False,False,False,False
2023-05-11 00:00:00+00:00,156.3804648885,157.2660852233,153.5775221795,153.5775221795,44632,,,,,,,,,,,,,,,,,,,,,,,,,,,,,,,,154.44847274182737,162.60494006550695,161.07342459018082,175.62633376234388,171.66949509928378,,,,,165.08453325182853,"rgba(239, 83, 80, 0.5)",16.891322567660712,168.77805689571633,-0.7339621842846188,38.43135010953629,-9.461909555665734,False,True,False,True,True,0.0,0.0,0.0,0.0,0.0,0,0.852632406724077,1.0790900068131553,False,False,False,False,-0.24996271733941997,-0.26727423585230087,False,False,False,False,-605889,-589778.3069418466,False,False,False,False,68018.34956899355,False,False,False,False
2023-05-12 00:00:00+00:00,156.5630670194,158.0421442796,154.627484432,157.4669475673,27892,,,,,,,,,,,,,,,,,,,,,,,,,,,,,,,,154.7576422123182,162.53074132233786,161.03047797012198,175.55713056203388,171.62967353452987,,,,,165.10113312026834,"rgba(239, 83, 80, 0.5)",16.924953863722486,168.74793412970507,-0.7199350266131319,39.80513058212438,-9.461909555665734,False,False,False,True,True,0.0,0.0,0.0,0.0,0.0,0,0.8688131709814461,1.0599955270291586,False,False,False,False,-0.23197854560044956,-0.2496263907263752,False,False,False,False,-577997,-589316.2949049114,False,False,False,False,66444.76723295459,False,False,False,False
2023-05-15 00:00:00+00:00,159.2838387696,161.1920310373,155.5770155126,157.0652228793,33221,,,,,,,,,,,,,,,,,,,,,,,,,,,,,,,,155.37804302367167,162.47663319154438,161.00501764257433,175.4850632808485,171.5895588242104,,,,,165.18686319256986,"rgba(239, 83, 80, 0.5)",16.868198747832555,168.73984651795809,-0.5605819500776932,42.92398379471638,-12.457639986290339,False,False,False,True,True,0.0,0.0,0.0,0.0,0.0,0,0.8711792359287237,1.0612700009268583,False,False,False,False,-0.19211716094846,-0.2208717758374176,False,False,False,False,-544776,-587569.6166733464,False,False,False,False,65141.87440028971,False,False,False,False
2023-05-16 00:00:00+00:00,156.9556616008,158.6721216311,156.7274089372,157.6495496982,31902,,,,,,,,,,,,,,,,,,,,,,,,,,,,,,,,155.65122364426108,162.40965887272685,160.96837090887735,175.411399568639,171.54761322620962,,,,,165.19765324414277,"rgba(239, 83, 80, 0.5)",16.818089010110608,168.70886652701168,-0.698843068266909,43.402057242022494,-11.914030052494923,False,False,False,True,True,0.0,0.0,0.0,0.0,0.0,0,0.8755718812078555,1.0770892459268848,False,False,False,False,-0.17950665742913113,-0.20018921663327438,False,False,False,False,-576678,-587142.4944508623,False,False,False,False,63838.34991400384,False,False,False,False
2023-05-17 00:00:00+00:00,163.0089222396,164.4149586474,157.9691034272,157.9691034272,46180,,,,,,,,,,,,,,,,,,,,,,,,,,,,,,,,156.63560865984292,162.39807464927793,160.98056956265137,175.33137366904552,171.50591851411514,,,,,165.37030901098657,#000000,16.742957765736406,168.7309543104353,-0.341757540746184,47.77169741090316,-7.7153460238890474,True,False,False,False,True,0.0,0.0,0.0,0.0,0.0,0,0.8903132637947505,1.0246803939416829,False,False,False,False,-0.09041802552403487,-0.14530362107865463,False,False,False,False,-530498,-584921.1417272991,False,False,False,False,63145.865603650745,False,False,False,False
2023-05-18 00:00:00+00:00,167.3000723154,167.847878708,161.4659342336,161.4659342336,38561,,,,,,,,,,,,,,,,,,,,,,,,,,,,,,,,157.68570758002036,162.44693033385886,161.03586815528593,175.28353764893134,171.4846836006375,,,,,165.58734546374677,#000000,16.551795579824404,168.78600610722864,-0.0897747790964687,52.794424954999556,-3.0774807771361594,True,False,True,False,True,0.0,0.0,0.0,0.0,0.0,0,0.9058203719178363,1.006447000369382,False,False,False,False,0.013196240097685729,-0.06605369049048446,False,False,False,False,-491937,-581274.7047968167,False,False,False,False,62181.75322703699,False,False,False,False
2023-05-19 00:00:00+00:00,167.5648454051,169.6739000168,163.9584533202,169.6739000168,52395,,,,,,,,,,,,,,,,,,,,,,,,,,,,,,,,158.98142371938096,162.54255852890395,161.13366954219615,175.2293568300825,171.4634222460445,,,,,165.87008617332162,#000000,16.215247689395234,168.8662535124691,-0.08025829344686601,56.26406148064949,-0.0011376203307307264,True,False,True,False,True,0.0,0.0,0.0,0.0,0.0,0,0.9263139718838291,0.9986751602581293,False,False,False,False,0.2117639222092888,0.07285511585940217,False,False,False,False,-439542,-575716.559510667,False,False,False,False,61797.95898283947,False,False,False,False
2023-05-22 00:00:00+00:00,169.2721753289,171.1803675966,168.1035216912,169.0256624522,64657,,,,,,,,,,,,,,,,,,,,,,,,,,,,,,,,160.51604616088062,162.7163546924911,161.29820536760266,175.1832693193162,171.4519437038522,,,,,166.23316384882855,#000000,15.62483385090416,168.98551422417697,0.018346505790616755,59.37288299356332,2.7495283465032756,True,False,True,False,True,0.3707603165669475,0.0,0.0,0.0,0.0,0,0.9771339150441595,0.966403056896044,False,False,False,False,0.3138730355593969,0.19336407570939954,False,False,False,False,-374885,-567840.8120788762,False,False,False,False,61910.07823841439,False,False,False,False
2023-05-23 00:00:00+00:00,171.7464342024,173.9011393468,167.8387486015,168.267863609,62073,,,,,,,,,,,,,,,,,,,,,,,,,,,,,,,,161.82196014298012,162.91363615988487,161.4805895108968,175.15235333041772,171.45031060477004,,,,,166.5637699497899,#000000,14.458661089730347,169.10433846163264,0.18273446789924272,62.520448314537234,5.570059501703369,True,False,True,False,True,1.605298354098867,0.0,0.0,0.0,0.0,0,1.0104221515626648,0.9206296100514693,False,False,False,False,0.34282825071676515,0.26809616321308233,False,False,False,False,-312812,-557839.68219343,False,False,False,False,61916.46732710402,False,False,False,False
2023-05-24 00:00:00+00:00,169.1443538373,170.7695128021,168.1217819043,169.9843236393,50652,,,,,,,,,,,,,,,,,,,,,,,,,,,,,,,,162.5064932881446,163.03393442414227,161.59748738175358,175.1161480935666,171.44067602155528,,,,,166.73894784183247,#000000,14.138316728026062,169.1645130304347,-0.0014258552501332342,62.37501301990012,5.570059501703369,True,False,True,False,True,0.26912798513146186,0.0,0.0,0.0,0.0,0,1.0012647182069707,0.9394600941657762,False,False,False,False,0.2910025994191343,0.2795493813161083,False,False,False,False,-363464,-550217.1064211386,False,False,False,False,61474.723510354845,False,False,False,False
2023-05-25 00:00:00+00:00,172.6137943241,173.3533329541,168.8248001082,169.7834612954,44408,,,,,,,,,,,,,,,,,,,,,,,,,,,,,,,,163.17811364155503,163.1720959741683,161.72612335329225,175.09701849283815,171.44130201583894,,,,,166.92293069553853,#000000,13.722145685542486,169.2350674754317,0.24622438254886875,63.863782906777175,6.905462440049739,True,False,True,False,True,2.001455058263918,0.0,0.0,0.0,0.0,0,1.0275770699557862,0.898730631147964,False,False,False,False,0.3428282507567988,0.31118881603645354,False,False,False,False,-319056,-541151.9649928587,False,False,False,False,60805.440235438975,False,False,False,False
2023-05-26 00:00:00+00:00,177.4436206859,178.4159770329,171.6460030304,172.3033707016,31378,,,,,,,,,,,,,,,,,,,,,,,,,,,,,,,,163.80605598116603,163.31482868400408,161.85321095439463,175.09984317010995,171.45367504858413,,,,,167.10552276765176,"rgba(38, 166, 154, 0.5)",13.395486544739972,169.31217948985736,0.6070284322173887,66.63763314896839,9.667992853943801,True,False,True,False,True,4.328579788499635,0.0,0.0,0.0,0.0,0,1.0340074160897397,0.9013173041756724,False,False,False,False,0.34282825135308415,0.32700853369476884,False,False,False,False,-287678,-531211.8095029427,False,False,False,False,59651.42297130411,False,False,False,False
2023-05-30 00:00:00+00:00,178.0370776113,178.5757538974,177.1149368503,177.8453453739,32943,,,,,,,,,,,,,,,,,,,,,,,,,,,,,,,,164.50427260810184,163.48551516688556,162.00362670965217,175.11108450179526,171.4727041087262,,,,,167.3154406190322,"rgba(38, 166, 154, 0.5)",13.132155345703532,169.40419323613418,0.6573851852879771,68.68452463540403,11.730050177276354,True,False,True,False,True,4.609930785880952,0.0,0.0,0.0,0.0,0,1.0475181809744123,0.8932980261156218,False,False,False,False,0.3428282516722781,0.33491839268352347,False,False,False,False,-254735,-520369.5816792979,False,False,False,False,58604.03383517454,False,False,False,False
2023-05-31 00:00:00+00:00,174.1841726497,176.6310412035,173.2529017821,176.6310412035,42932,,,,,,,,,,,,,,,,,,,,,,,,,,,,,,,,165.12158098069182,163.65371601884212,162.15663628133618,175.10889685112184,171.48501362646584,,,,,167.50516875169154,#000000,12.853798116579055,169.48621335612071,0.3654919153833432,66.8436761492339,11.730050177276354,True,False,True,False,True,2.564243620385785,0.0,0.0,0.0,0.0,0,1.0335242879485198,0.8938488075984495,False,False,False,False,0.26506857965074737,0.2999934861671354,False,False,False,False,-297667,-511636.1471036392,False,False,False,False,57989.44427301083,False,False,False,False
2023-06-01 00:00:00+00:00,177.7723045215,179.2787721013,173.4720243392,173.5450651916,33059,,,,,,,,,,,,,,,,,,,,,,,,,,,,,,,,165.6441488498897,163.80442319275485,162.2917664528762,175.11578846268085,171.50075011172572,,,,,167.67137541398546,"rgba(38, 166, 154, 0.5)",12.516927766590712,169.56108807830893,0.6560089341657667,67.08038216152191,11.730050177276354,True,False,True,False,True,4.290882107545919,0.0,0.0,0.0,0.0,0,1.0315487826445693,0.9059060382822403,False,False,False,False,0.3030143746175814,0.3015039303923584,False,False,False,False,-264608,-501948.76878584945,False,False,False,False,57011.77979171629,False,False,False,False
2023-06-02 00:00:00+00:00,184.3277210202,185.9437498785,179.7991881743,180.5935074437,58915,,,,,,,,,,,,,,,,,,,,,,,,,,,,,,,,166.9480629568705,164.19468762146914,162.63165132383233,175.1738102843056,171.56250578398976,,,,,168.10214359409346,"rgba(38, 166, 154, 1.0)",12.237050496401435,169.76636254721097,1.1899402129027,69.32861903552256,12.773869502186052,True,False,True,False,True,7.299361232080642,0.0,0.0,0.0,0.0,0,1.0537085037601905,0.8763695861884093,False,False,False,False,0.34282825210276985,0.3221660912475641,False,False,False,False,-205693,-490330.8955001299,False,False,False,False,57086.41587831565,False,False,False,False
2023-06-05 00:00:00+00:00,181.6525998028,184.0355576108,177.7540443084,182.6021308834,60798,,,,,,,,,,,,,,,,,,,,,,,,,,,,,,,,167.9505891304014,164.53682890679494,162.93490135573046,175.21689876097474,171.61375134504146,,,,,168.4505938997886,"rgba(38, 166, 154, 0.5)",11.901252754384307,169.9356598645893,0.984513158406312,68.86282735418766,12.773869502186052,True,False,True,False,True,5.866651718013323,0.0,0.0,0.0,0.0,0,1.0571673615384456,0.8759364453220883,False,False,False,False,0.29776421453515967,0.3099651528913619,False,False,False,False,-266491,-481552.86038247775,False,False,False,False,57231.968196813075,False,False,False,False
2023-06-06 00:00:00+00:00,189.0023355708,189.6140527093,181.0317525578,181.0317525578,57817,,,,,,,,,,,,,,,,,,,,,,,,,,,,,,,,169.1207792398608,164.95135004233106,163.2970544701773,175.29410423950347,171.6893051200292,,,,,168.87051862238036,"rgba(0, 255, 255, 0.75)",11.761896865399997,170.1471369194076,1.6030746457961895,70.63012033110172,14.513783289184232,True,False,True,False,True,9.083693696406819,0.0,0.0,0.0,0.0,0,1.082490985176369,0.8318967868295588,False,False,False,False,0.34282825211175727,0.3263967025015596,False,False,False,False,-208674,-470851.72860277275,False,False,False,False,57254.91062046747,False,False,False,False
2023-06-07 00:00:00+00:00,194.306927473,195.8133950528,190.682275175,190.682275175,72813,,,,,,,,,,,,,,,,,,,,,,,,,,,,,,,,170.9180827328965,165.6150438066963,163.87124574596547,175.4498361956673,171.82801307275122,,,,,169.53644431079536,"rgba(0, 255, 0, 1.0)",11.710401094037056,170.49292259024594,2.033577218365319,72.95960997249485,16.955329109735032,True,False,True,False,True,11.267841093435763,0.0,0.0,0.0,0.0,0,1.102431420816377,0.8247985942587271,False,False,False,False,0.3428282525672891,0.33461247753442436,False,False,False,False,-135861,-457714.837285017,False,False,False,False,57865.031772606,False,False,False,False
2023-06-08 00:00:00+00:00,192.864370639,193.2387050073,189.4634059513,193.1382738353,50510,,,,,,,,,,,,,,,,,,,,,,,,,,,,,,,,171.93275536258278,166.03006138944858,164.23429892274441,175.54608004999886,171.9155759166574,,,,,169.93175432828642,"rgba(0, 255, 255, 0.75)",11.805142524273496,170.70270114961545,1.877289447697574,73.51769592389887,17.711510269124872,True,False,True,False,True,10.481849557311197,0.0,0.0,0.0,0.0,0,1.0930997935044635,0.833183191902278,False,False,False,False,0.3081607679479748,0.32138662274119956,False,False,False,False,-186371,-447073.9024895262,False,False,False,False,57576.599154072435,False,False,False,False
2023-06-09 00:00:00+00:00,191.9422298781,194.4621392843,190.1070784627,194.4621392843,36101,,,,,,,,,,,,,,,,,,,,,,,,,,,,,,,,172.61026957067278,166.322253093175,164.49095826896152,175.61549453343252,171.97867319619434,,,,,170.20352973248723,"rgba(0, 255, 255, 0.75)",11.863011672926485,170.8489695574728,1.7780695916169238,73.2347813166845,17.711510269124872,True,False,True,False,True,9.976830601149096,0.0,0.0,0.0,0.0,0,1.086265716086859,0.8340858937145749,False,False,False,False,0.32512893764320583,0.3232577801922027,False,False,False,False,-222472,-438265.9847448389,False,False,False,False,56734.4187950892,False,False,False,False
2023-06-12 00:00:00+00:00,194.2156264076,194.4164887515,189.3127591933,190.7461859208,47269,,,,,,,,,,,,,,,,,,,,,,,,,,,,,,,,173.45173667986515,166.70199442441412,164.82565043104088,175.70810910340631,172.0626389534977,,,,,170.55002591844482,"rgba(0, 255, 255, 0.75)",11.956577189308025,171.03781119091715,1.9384991916757954,73.65327590594063,18.432286693989766,True,False,True,False,True,10.929071185409793,0.0,0.0,0.0,0.0,0,1.0744458857214108,0.8492700420973277,False,False,False,False,0.3174734728234272,0.32036562650781497,False,False,False,False,-175203,-427949.78926464915,False,False,False,False,56363.225901164136,False,False,False,False
2023-06-13 00:00:00+00:00,196.2972906996,198.2054829674,193.8412920392,193.8412920392,44415,,,,,,,,,,,,,,,,,,,,,,,,,,,,,,,,174.31202705271883,167.09531229951907,165.17125208911142,175.81183891678504,172.15409671064913,,,,,170.9089054137567,"rgba(0, 255, 255, 0.75)",12.170397481803052,172.4795939640212,1.9570188049478725,74.4671169180732,19.538559828067804,True,False,True,False,True,11.793933042364472,0.0,0.0,0.0,0.0,0,1.0884982225848414,0.8597621117836276,False,False,False,False,0.3428282526869916,0.3315969395974033,False,False,False,False,-130788,-416296.3857640747,False,False,False,False,55894.66802268711,False,False,False,False
2023-06-14 00:00:00+00:00,193.4669576709,197.6211561485,184.6655349624,195.7586144135,44586,,,,,,,,,,,,,,,,,,,,,,,,,,,,,,,,174.95829515808992,167.4241134651841,165.46456594957615,175.89360640514727,172.2292508394273,,,,,171.19396636348495,"rgba(0, 255, 255, 0.75)",12.294228711830254,172.5261625114747,1.703302878957734,72.82870550432322,19.538559828067804,True,False,True,False,True,10.198356249451713,0.0,0.0,0.0,0.0,0,1.044794945500374,0.861954885770355,False,False,False,False,0.260580704834833,0.2960888222161181,False,False,False,False,-175374,-406848.44906744437,False,False,False,False,55451.19084532683,False,False,False,False
2023-06-15 00:00:00+00:00,196.6442347483,197.0459594363,192.8735007456,193.3391361793,49739,,,,,,,,,,,,,,,,,,,,,,,,,,,,,,,,175.76722223920635,167.83325758202565,165.827829646289,176.0041428145035,172.3276404480666,,,,,171.55201854601825,"rgba(0, 255, 255, 0.75)",12.46520492419467,172.74530231270427,1.9172514676600672,72.71061649366752,19.538559828067804,True,False,True,False,True,11.534814421773014,0.0,0.0,0.0,0.0,0,1.0850141586461401,0.847993443016246,False,False,False,False,0.3245528010955001,0.3103208116558091,False,False,False,False,-125635,-395820.47067264264,False,False,False,False,55227.183361196374,False,False,False,False
2023-06-16 00:00:00+00:00,193.2478351139,198.1233120085,190.8100966666,197.8037582794,105446,,,,,,,,,,,,,,,,,,,,,,,,,,,,,,,,177.17540377162803,168.61866424212556,166.53313558771129,176.21717458331673,172.52053463879705,,,,,172.2129825647157,"rgba(0, 255, 255, 0.75)",12.610732450266518,173.09660797537134,1.597942642744973,70.18181241709601,19.538559828067804,True,False,True,False,False,9.63094928483551,0.0,0.0,0.0,0.0,0,1.0806059913258879,0.8330304619711936,False,False,False,False,0.316152971432524,0.31323689154416656,False,False,False,False,-231081,-389360.09927371546,False,False,False,False,57196.54871958083,False,False,False,False
2023-06-20 00:00:00+00:00,190.3901117656,193.0195824503,190.0705580365,192.9921921306,33405,,,,,,,,,,,,,,,,,,,,,,,,,,,,,,,,177.50832323158272,168.83050294393934,166.72650834665373,176.27281784912603,172.57279847934504,,,,,172.38219017012938,"rgba(38, 166, 154, 1.0)",12.727967072549788,173.1721943570849,1.3527625669026706,66.63313855379214,21.107902782102798,True,False,True,False,False,8.061949952007758,0.0,0.0,0.0,0.0,0,1.0787341461572548,0.8527149769368475,False,False,False,False,0.26720898544249794,0.29022293849333225,False,False,False,False,-264486,-384463.07577278547,False,False,False,False,56263.546809009036,False,False,False,False
2023-06-21 00:00:00+00:00,186.756329361,190.2257698478,186.756329361,189.4497107915,20248,,,,,,,,,,,,,,,,,,,,,,,,,,,,,,,,177.65632127750166,168.9385862699627,166.82686551444488,176.2990311453773,172.59882551787652,,,,,172.4639259450326,"rgba(38, 166, 154, 1.0)",12.696644288348454,173.1981526173618,1.067855130515105,62.14065685689947,16.940495827958074,True,False,True,False,False,6.1108252575826825,0.0,0.0,0.0,0.0,0,1.0669365326483475,0.8604835072434289,False,False,False,False,0.21734753083994288,0.25378523466663755,False,False,False,False,-284734,-380552.1316248331,False,False,False,False,54851.17242434202,False,False,False,False
2023-06-22 00:00:00+00:00,182.1547556627,186.3180842469,180.7395891484,186.3180842469,43532,,,,,,,,,,,,,,,,,,,,,,,,,,,,,,,,177.81699202829307,169.1086094682927,166.9906266088596,176.33165990491386,172.63688590759276,,,,,172.5769547835904,"rgba(38, 166, 154, 0.5)",12.683961866836905,173.1980031565917,0.7061478582276687,56.84426109929934,12.177883872314624,False,False,True,False,False,3.721380504836116,0.0,0.0,0.0,0.0,0,1.0342980286236048,0.8909455912692841,False,False,False,False,0.1384392071923768,0.19611222092950717,False,False,False,False,-328266,-378501.69509052596,False,False,False,False,54407.283309661936,False,False,False,False
2023-06-23 00:00:00+00:00,179.6531064696,180.9495815989,177.7814346281,180.465685952,77174,,,,,,,,,,,,,,,,,,,,,,,,,,,,,,,,177.89917434631636,169.3248071223458,167.20959468753463,176.35816753555707,172.68057645007366,,,,,172.6944640283655,"rgba(38, 166, 154, 0.5)",12.702442980239937,173.15417928276165,0.5116281330251324,52.20212476062089,8.145119236189977,False,False,False,False,False,2.455581233570932,0.0,0.0,0.0,0.0,0,1.0171045022261667,0.9059078309174119,False,False,False,False,0.07357125104450261,0.13484173598700488,False,False,False,False,-405440,-379558.09920462297,False,False,False,False,55300.09572889088,False,False,False,False
2023-06-26 00:00:00+00:00,179.9087494528,182.8669952742,179.2057312489,179.2787721013,32482,,,,,,,,,,,,,,,,,,,,,,,,,,,,,,,,177.9560626532336,169.42357451157017,167.30827115086407,176.37345008090287,172.70202108840408,,,,,172.75267589699496,"rgba(38, 166, 154, 0.5)",12.683361200051012,173.15686499028524,0.5323418891900367,49.26028744292878,5.706526641868763,False,True,False,True,False,2.5770123447918394,0.0,0.0,0.0,0.0,0,1.0249968533736549,0.8899300423699151,False,False,False,False,0.09950002500167089,0.11717088049433788,False,False,False,False,-372958,-379299.2717848338,False,False,False,False,54405.26844540497,False,False,False,False
2023-06-27 00:00:00+00:00,182.830383547,184.1085984632,181.6617299093,181.7256406551,32133,,,,,,,,,,,,,,,,,,,,,,,,,,,,,,,,178.0541490762466,169.5384570095156,167.4203701846623,176.39618813910155,172.728972300583,,,,,172.8276273420218,"rgba(38, 166, 154, 0.5)",12.772559766141896,173.1807932589329,0.755493844988432,49.031047616563335,5.66680343673746,False,True,False,True,False,3.9636797013435547,0.0,0.0,0.0,0.0,0,1.0250555843945628,0.8887324221103727,False,False,False,False,0.12834796380254057,0.12275942214843923,False,False,False,False,-340825,-377790.47681287955,False,False,False,False,53531.846153428305,False,False,False,False
2023-06-28 00:00:00+00:00,181.5065180981,183.5151415378,181.2417450083,181.3879180141,23655,,,,,,,,,,,,,,,,,,,,,,,,,,,,,,,,178.11259899830867,169.61691120382343,167.49775553933216,176.41082225872734,172.74720379513852,,,,,172.877058359066,"rgba(38, 166, 154, 0.5)",12.847137721986044,173.19521213477782,0.646938340911421,48.17006815701496,4.824854479670314,False,True,False,True,False,3.2707529706315306,0.0,0.0,0.0,0.0,0,1.0157112156589856,0.8977947842258742,False,False,False,False,0.12042214283850601,0.12159078249347262,False,False,False,False,-364480,-377268.4973300215,False,False,False,False,52360.20512780367,False,False,False,False
2023-06-29 00:00:00+00:00,182.6751717357,185.514634871,182.2825771543,182.8851641862,32488,,,,,,,,,,,,,,,,,,,,,,,,,,,,,,,,178.2175445054657,169.7350194487141,167.61280911941057,176.43573559446025,172.7758712963016,,,,,172.95539599287045,"rgba(38, 166, 154, 0.5)",12.857076787363969,173.22729923867098,0.7348383037048087,48.323328087125645,4.819246521717318,False,True,False,True,False,3.8332920592362356,0.0,0.0,0.0,0.0,0,1.0057804585760446,0.8895810623943178,False,False,False,False,0.14424887021582986,0.13291982635465124,False,False,False,False,-331992,-375492.94841511874,False,False,False,False,51580.90296592901,False,False,False,False
2023-06-30 00:00:00+00:00,180.2922139277,185.0489994372,180.1552623295,185.0489994372,31498,,,,,,,,,,,,,,,,,,,,,,,,,,,,,,,,178.2846579819907,169.83404678156484,167.71129869924556,176.45408352890675,172.79923967023362,,,,,173.0166653323883,"rgba(38, 166, 154, 0.5)",12.819980349883767,173.24746475038765,0.5495132586046613,47.06826085299523,3.3780011227593363,False,True,False,True,False,2.5675621641516173,0.0,0.0,0.0,0.0,0,0.9994796400109528,0.9002118764871344,False,False,False,False,0.12391901443904162,0.12841942039684642,False,False,False,False,-363490,-375022.2445557023,False,False,False,False,50793.33814373572,False,False,False,False
2023-07-03 00:00:00+00:00,182.0634545973,183.1839012724,179.7626677481,179.7626677481,23686,,,,,,,,,,,,,,,,,,,,,,,,,,,,,,,,178.331274336561,169.90646026967548,167.78362701895625,176.46738538538386,172.81641900728485,,,,,173.0610332035723,"rgba(38, 166, 154, 0.5)",12.776050456613007,173.2626227674488,0.6888538723088566,47.41564817499722,3.3780011227593363,False,True,False,True,False,3.439012906469614,0.0,0.0,0.0,0.0,0,1.0019627698627647,0.8989177841664446,False,False,False,False,0.10630092661660642,0.11736017350672642,False,False,False,False,-339804,-373641.13692606695,False,False,False,False,49730.30527535393,False,False,False,False
2023-07-05 00:00:00+00:00,179.2605118882,181.9401981589,178.5666237909,180.2739537146,47167,,,,,,,,,,,,,,,,,,,,,,,,,,,,,,,,178.3737411377544,170.02701852859664,167.9076002148904,176.4848429258511,172.8437180135207,,,,,173.12738416412267,#000000,12.756830869728605,173.27693370083404,0.4690489549065615,46.038089957262024,1.8280028291380575,False,True,False,True,False,1.944168392760215,0.0,0.0,0.0,0.0,0,0.9976503019725091,0.9105911777862402,False,False,False,False,0.0873354675560584,0.10234782053139241,False,False,False,False,-386971,-374163.8766544565,False,False,False,False,49629.78349984986,False,False,False,False
2023-07-06 00:00:00+00:00,175.9462832127,176.7953831213,171.874255694,176.7953831213,43992,,,,,,,,,,,,,,,,,,,,,,,,,,,,,,,174.87197400933334,178.28869055478646,170.08080588423755,167.97331326896602,176.47727772913692,172.85095945396574,,,,,173.42383681673766,#000000,12.646361012560615,173.2798655880029,0.21084465499986527,43.45415350523954,-0.8710305164470782,False,True,False,True,False,0.21471489287025136,0.0,0.0,0.0,0.0,0,0.9760565019009504,0.91995303562106,False,False,True,False,-0.004042847970241811,0.0491524862805753,False,False,False,False,-430963,-376391.2932562425,False,False,False,False,49408.69395083614,False,False,False,False
2023-07-07 00:00:00+00:00,176.4393089661,178.3657614469,176.4301788595,176.7223422689,31548,,,,,,,,,,,,,,,,,,,,,,,,,,,,,,,175.7934572672518,178.26797136991067,170.13607651260085,168.03450937589233,176.47929300995423,172.8617556059245,,,,,173.59551052358907,#000000,12.506287616123265,173.32122975134592,0.24932092643816972,42.11292711396849,-2.338050217261639,False,True,False,True,False,0.4690059878555104,0.0,0.0,0.0,0.0,0,1.002764139573338,0.9051239857715336,False,False,False,False,0.043161969075568955,0.04615722767807213,False,False,False,False,-399415,-377294.183716782,False,False,False,False,48708.27458021512,False,False,False,False
2023-07-10 00:00:00+00:00,178.0462077178,179.1966011424,175.298045648,175.7180305491,29153,,,,,,,,,,,,,,,,,,,,,,,,,,,,,,,176.2724563481868,178.2562235194585,170.18953410255205,168.0930192092047,176.48248738614154,172.8727078821031,,,,,173.6944047412745,#000000,12.468536917881801,173.34469291903184,0.377070287374733,42.477161021378585,-2.338050217261639,False,True,False,True,False,1.3024204928709793,0.0,0.0,0.0,0.0,0,1.0160623116645955,0.8875904006683226,False,False,False,False,0.04083764267909203,0.04349743517858208,False,False,False,False,-370262,-377018.41180631996,False,False,False,False,47941.401067265506,False,False,False,False
2023-07-11 00:00:00+00:00,180.1735225426,180.8948009596,177.1697174896,177.1971078092,22591,,,,,,,,,,,,,,,,,,,,,,,,,,,,,,,176.82979898344888,178.27001324407087,170.24103292023452,168.14690504709137,176.4894832165862,172.88461794378088,,,,,173.81030855920213,"rgba(38, 166, 154, 0.5)",12.37810963384811,173.38126619100402,0.5487313129803341,44.295306221839844,-2.338050217261639,False,True,False,True,False,2.3991089435547117,0.0,0.0,0.0,0.0,0,1.0244319095212668,0.8677709018250506,False,False,False,False,0.06841269832965169,0.055955066754116885,False,False,False,False,-347671,-375867.5329119545,False,False,False,False,46947.26769207862,False,False,False,False
2023-07-12 00:00:00+00:00,183.7890447341,184.8298768802,182.729952375,183.8346952668,33266,,,,,,,,,,,,,,,,,,,,,,,,,,,,,,,178.27049526327409,178.36514280431842,170.35146810989855,168.25574786393474,176.51503484077364,172.91376538962942,,,,,174.11194237863813,"rgba(38, 166, 154, 0.5)",12.269673293326559,173.49449171296664,0.8390242164583589,47.84395418698624,-7.402389017070959,False,True,False,True,True,4.2256077121034075,0.0,0.0,0.0,0.0,0,1.0371805407653605,0.8758701365442113,False,False,False,False,0.142383004493401,0.09916903562375894,False,False,False,False,-314405,-373457.23750364257,False,False,False,False,46410.74739042848,False,False,False,False
2023-07-13 00:00:00+00:00,187.7697711874,188.3449678997,183.7616544145,185.4507241252,39159,,,,,,,,,,,,,,,,,,,,,,,,,,,,,,,179.90874011133718,178.52959005710028,170.50620828457085,168.40504859557223,176.5565586622038,172.95679796196947,,,,,174.4771572787923,"rgba(38, 166, 154, 1.0)",12.183727645650254,173.64515318679213,1.1593018500910557,52.315280421933046,-3.1939507245251946,False,False,False,False,True,6.171030191064556,0.0,0.0,0.0,0.0,0,1.0398141448781764,0.862151026018702,False,False,False,False,0.17830894740367675,0.13873899151371785,False,False,False,False,-275246,-369605.81642506836,False,False,False,False,46126.36513982344,False,False,False,False
2023-07-14 00:00:00+00:00,188.6371313091,189.2762387672,185.2955123139,187.7515109743,40533,,,,,,,,,,,,,,,,,,,,,,,,,,,,,,,181.22938449092595,178.71547859839126,170.67413508347565,168.56632029223863,176.6038840362359,173.00465373082835,,,,,174.79897603868264,"rgba(38, 166, 154, 1.0)",12.222592689920424,173.7890569609791,1.2148056246990555,55.71597068242053,-0.10617819167743647,False,False,True,False,True,6.589124225910684,0.0,0.0,0.0,0.0,0,1.0629966252185052,0.8270648680974797,False,False,False,False,0.1979731492704868,0.16835607039210232,False,False,False,False,-234713,-364315.9020554579,False,False,False,False,45907.01748728135,False,False,False,False
2023-07-17 00:00:00+00:00,189.8149150533,192.3530846725,187.5323884172,187.6876002285,33817,,,,,,,,,,,,,,,,,,,,,,,,,,,,,,,182.29929491148368,178.9007644992218,170.8292060936873,168.7137824978626,176.65067766907003,173.05017347016613,,,,,175.07398319024858,"rgba(38, 166, 154, 1.0)",12.27491820773553,173.91928475919525,1.2949683268836363,58.56167730044679,2.446808588266208,True,False,True,False,True,7.160113361450808,0.0,0.0,0.0,0.0,0,1.0655795034196391,0.8221705811775846,False,False,False,False,0.2409015015454264,0.20462878596876435,False,False,False,False,-200896,-357907.27844543994,False,False,False,False,45432.899154446786,False,False,False,False
2023-07-18 00:00:00+00:00,197.6211561485,197.6211561485,189.7053537747,189.7053537747,35601,,,,,,,,,,,,,,,,,,,,,,,,,,,,,,,183.75746437195366,179.1764238039374,171.0325701408428,168.9035537407307,176.71834604262693,173.11220495893917,,,,,175.45009384317177,"rgba(0, 255, 255, 0.75)",12.512931161284243,174.1031579223009,1.8794955333059922,63.46633858849689,6.909327901204222,True,False,True,False,True,10.78496113617408,0.0,0.0,0.0,0.0,0,1.0970157426359453,0.7837202017233788,False,False,False,False,0.3025557481106178,0.25359226703969107,False,False,False,False,-165295,-350353.8557613051,False,False,False,False,45047.33448172339,False,False,False,False
2023-07-19 00:00:00+00:00,197.712457214,199.4928279901,196.2972906996,196.8359669857,26601,,,,,,,,,,,,,,,,,,,,,,,,,,,,,,,184.87104885180642,179.41236657421362,171.2001300000407,169.05888054791717,176.7764260745587,173.16433987960153,,,,,175.7471986546897,"rgba(0, 255, 255, 0.75)",12.747993760149782,174.25316408159873,1.8402341241909779,66.76494619593967,9.808147688845956,True,False,True,False,True,10.825884597588239,0.0,0.0,0.0,0.0,0,1.1225296980147599,0.7773774307942335,False,False,False,False,0.34282825275932444,0.2982102598995078,False,False,False,False,-138694,-342053.46926086175,False,False,False,False,44323.94881577345,False,False,False,False
2023-07-20 00:00:00+00:00,197.8311485991,198.4428657375,195.0978686029,196.7446659203,27487,,,,,,,,,,,,,,,,,,,,,,,,,,,,,,,185.79695303729494,179.64081903726304,171.3665252467401,169.21371990792818,176.83409302187636,173.21643647375706,,,,,176.01142445414328,"rgba(0, 255, 255, 0.75)",13.035040411845939,174.39170115996305,1.7981875543581542,69.0049269110243,11.777077316897625,True,False,True,False,True,10.880090401342088,0.0,0.0,0.0,0.0,0,1.1185111419523492,0.772798391936499,False,False,False,False,0.32421792815378625,0.311214094026647,False,False,False,False,-111207,-333000.6665447495,False,False,False,False,43663.6763131941,False,False,False,False
2023-07-21 00:00:00+00:00,196.1055584622,198.552427016,195.6399230284,198.552427016,20741,,,,,,,,,,,,,,,,,,,,,,,,,,,,,,,186.38866923853502,179.8058891473879,171.48895019914158,169.3279472913868,176.8766271888211,173.25501113028596,,,,,176.1905156992597,"rgba(0, 255, 255, 0.75)",13.244739989293645,174.48848161066215,1.632125422546005,68.81730131433261,11.777077316897625,True,False,True,False,True,9.817263519929117,0.0,0.0,0.0,0.0,0,1.1245809785648342,0.7744446222024353,False,False,False,False,0.3294191398109256,0.3203166169187863,False,False,False,False,-131948,-325116.248248877,False,False,False,False,42764.747830323744,False,False,False,False
2023-07-24 00:00:00+00:00,199.5658688424,199.6663000144,195.8407853724,195.8407853724,25608,,,,,,,,,,,,,,,,,,,,,,,,,,,,,,,187.13605752823247,180.02407530808222,171.64790056651253,169.4757847177458,176.93307511039507,173.3056760912979,,,,,176.42042822037766,"rgba(0, 255, 255, 0.75)",13.486508575427342,174.614419354027,1.8501044468866443,70.07520665815048,12.938152238367863,True,False,True,False,True,11.427142030707252,0.0,0.0,0.0,0.0,0,1.1218401275324537,0.7696667176904967,False,False,False,False,0.3403624584591585,0.3303395376889724,False,False,False,False,-106340,-316536.7875332348,False,False,False,False,42091.934189918895,False,True,False,False
2023-07-25 00:00:00+00:00,198.0959216888,203.6926770004,197.9498399841,198.9724119171,44314,,,,,,,,,,,,,,,,,,,,,,,,,,,,,,,188.3820421922263,180.4207774224869,171.93432129895646,169.7416727551428,177.03709895962098,173.39828175615264,,,,,176.81903239743102,"rgba(0, 255, 255, 0.75)",13.655003599668996,176.14806477748476,1.607312422227941,69.51332315060064,12.938152238367863,True,False,True,False,True,10.511667054144702,0.0,0.0,0.0,0.0,0,1.121454566993945,0.7591826761105573,False,False,False,False,0.3428282527504875,0.33658389521973,False,False,False,False,-150654,-310031.5801789903,False,False,False,False,42179.07402560835,False,False,False,False
2023-07-26 00:00:00+00:00,197.9863604103,200.0315042762,196.7264057072,197.7946281729,19923,,,,,,,,,,,,,,,,,,,,,,,,,,,,,,,188.79643642306118,180.57922287790265,172.053659518076,169.85319221195257,177.08017934992907,173.43710548035804,,,,,176.9666326435466,"rgba(0, 255, 255, 0.75)",13.795676605589826,176.20740003172153,1.5786801185056711,69.03106827196106,12.938152238367863,True,False,True,False,True,10.44283333088768,0.0,0.0,0.0,0.0,0,1.1122856793617142,0.7770769054123926,False,False,False,False,0.30142823277523273,0.3190060639974813,False,False,False,False,-170577,-304562.7731131476,False,False,False,False,41306.28680891782,False,False,False,False
2023-07-27 00:00:00+00:00,192.4809061642,198.1963528608,190.8466170928,197.4842045504,34617,,,,,,,,,,,,,,,,,,,,,,,,,,,,,,,189.13956919392947,180.78091288570897,172.22400568518373,170.01514799565282,177.13912154046392,173.49234511294063,,,,,177.13185040231326,"rgba(38, 166, 154, 1.0)",13.830537054740248,176.21301557004546,1.176229854977246,64.0126197389198,12.938152238367863,True,False,True,False,False,7.055982053949158,0.0,0.0,0.0,0.0,0,1.0839889510477978,0.7987170857841818,False,False,False,False,0.23797086469809828,0.2784884643477898,False,False,False,False,-205194,-300665.9584812594,False,False,False,False,41043.96183601909,False,False,False,False
2023-07-28 00:00:00+00:00,185.733757428,193.1712079188,183.5982518416,186.17558617,58866,,,,,,,,,,,,,,,,,,,,,,,,,,,,,,187.5010723961333,188.96970504315718,180.95032294008385,172.42445352426878,170.21362336788027,177.20071728675896,173.5565414875803,,,,,178.68806229226607,"rgba(38, 166, 154, 0.5)",13.808533211150952,176.90389511881003,0.6394496920251812,56.74140972997324,13.821983410786132,False,False,True,False,False,3.1805488954006798,0.0,0.0,0.0,0.0,0,1.0511722692915806,0.8164617154946058,False,False,False,False,0.12350149202305861,0.2009949781854242,False,False,False,False,-264060,-299230.4306976806,False,False,False,False,41742.865293430106,False,False,False,False
2023-07-31 00:00:00+00:00,189.3696397843,192.0804432119,186.2676338246,186.7462816285,46248,,,,,,,,,,,,,,,,,,,,,,,,,,,,,,188.2658299577624,188.99000485453467,181.11130162531276,172.5960179393756,170.38178599813642,177.25667851672452,173.61280155245188,,,,,178.88777434918546,"rgba(38, 166, 154, 0.5)",13.7913960783634,176.96718793394732,0.8992890770362435,54.10042062743287,11.508777926301882,False,True,False,False,False,4.998494345644708,0.0,0.0,0.0,0.0,0,1.058901209507648,0.8444349728425954,False,False,False,False,0.11798245087147276,0.15948871452844848,False,False,False,False,-217812,-296037.5510624775,False,False,False,False,41919.53724270736,False,False,False,False
2023-08-01 00:00:00+00:00,188.9738348695,189.9449376254,185.853419379,187.860058249,43794,,,,,,,,,,,,,,,,,,,,,,,,,,,,,,188.26334990165356,188.94123480559668,181.24034829587322,172.74588687779644,170.53015853625476,177.30488986830062,173.66238145770762,,,,,178.9554642490261,"rgba(38, 166, 154, 0.5)",13.77878528509231,176.98851316520037,0.8698387743415168,52.119621662063544,9.714885351172619,False,True,False,False,False,4.77418548528043,0.0,0.0,0.0,0.0,0,1.043907243806731,0.8651308037575393,False,False,False,False,0.07936331436873348,0.11942601444859098,False,False,False,False,-261606,-294687.2941580666,False,False,False,False,41993.0455861306,False,False,False,False
2023-08-02 00:00:00+00:00,187.1144722468,189.8022637608,184.850099944,188.5135965966,38078,,,,,,,,,,,,,,,,,,,,,,,,,,,,,,188.05813323070765,188.8490064202603,181.3333361287403,172.8656165499869,170.6499999780847,177.34266366182283,173.70227788115415,,,,,178.97157626439386,"rgba(38, 166, 154, 0.5)",13.760650117370206,176.99109096045947,0.7356760908819043,49.75023985059729,7.461768581408904,False,True,False,False,False,3.7161859023587454,0.0,0.0,0.0,0.0,0,1.0301175409574452,0.8725616960600675,False,False,False,False,0.046157784061829986,0.08279189925521048,False,False,False,False,-299684,-294883.2434067699,False,False,False,False,41839.5143866745,False,False,False,False
2023-08-03 00:00:00+00:00,187.9705154345,188.762125264,185.9362622681,185.9362622681,30761,,,,,,,,,,,,,,,,,,,,,,,,,,,,,,187.98723966344255,188.79428642409258,181.41009086437245,172.96289699182904,170.74729652722564,177.37388941849196,173.73504852716061,,,,,179.00153548808785,"rgba(38, 166, 154, 0.5)",13.775472354736769,177.00670835117273,0.7958933676461041,48.757739388582245,6.4185069721104355,False,True,False,True,False,4.157575442919402,0.0,0.0,0.0,0.0,0,1.020143354117923,0.884486423524675,False,False,False,False,0.04664289289372131,0.06471739607446589,False,False,False,False,-268923,-293865.19464572007,False,False,False,False,41405.062842099025,False,False,False,False
2023-08-04 00:00:00+00:00,189.5721446244,192.6281267567,187.2065199014,187.2065199014,47925,,,,,,,,,,,,,,,,,,,,,,,,,,,,,,188.31465478384462,188.85664877824848,181.56831676286774,173.1348514167616,170.9166297140728,177.43280698999064,173.7940433392906,,,,,179.14542168358233,"rgba(38, 166, 154, 0.5)",13.800730537406391,177.09569498984226,0.9040426954747633,49.19330725986416,6.4185069721104355,False,True,False,False,False,4.9852523922530665,0.0,0.0,0.0,0.0,0,1.0263437874532426,0.8796025904775193,False,False,False,False,0.10097261087015462,0.08284500347231025,False,False,False,False,-220998,-291007.65760078985,False,False,False,False,41660.74665221279,False,False,False,False
2023-08-07 00:00:00+00:00,193.235641277,194.6623799231,189.3604350188,189.4800969698,35582,,,,,,,,,,,,,,,,,,,,,,,,,,,,,,188.79948845645382,189.01311887272993,181.7181163864041,173.27995797598314,171.05757230583816,177.4853697613989,173.84468007669173,,,,,179.31404340507137,"rgba(38, 166, 154, 1.0)",13.875023418050368,177.20431580720404,1.1554088945853898,51.72495416200995,6.4185069721104355,False,True,False,False,False,6.843828621595016,0.0,0.0,0.0,0.0,0,1.0374990297121223,0.8637387486082252,False,False,False,False,0.13525631626957604,0.10905065987094315,False,False,False,False,-185416,-286866.80828311184,False,False,False,False,41422.36443055738,False,False,False,False
2023-08-08 00:00:00+00:00,189.4800969698,190.5754640594,186.3412719483,190.5754640594,50003,,,,,,,,,,,,,,,,,,,,,,,,,,,,,,188.79941099703402,189.00066912816993,181.85286967146394,173.4423394796379,171.21949845960268,177.54085828081412,173.90159600250158,,,,,179.393891717032,"rgba(38, 166, 154, 0.5)",13.886771743478416,177.26224626928882,0.8798193652350478,50.917425914863124,6.4185069721104355,False,True,False,False,False,4.632604386231847,0.0,0.0,0.0,0.0,0,1.0119915405326767,0.8808181643555568,False,False,False,False,0.02193992033771724,0.0654952901043302,False,False,False,False,-235419,-284849.24717397016,False,False,False,False,41758.85994308455,False,False,False,False
2023-08-09 00:00:00+00:00,187.1604960741,188.7068966712,185.8810336754,187.8324439526,30690,,,,,,,,,,,,,,,,,,,,,,,,,,,,,,188.67487141113543,188.9403433296388,181.91517619573227,173.5304438580774,171.30879558228776,177.56999603814265,173.93270374794352,,,,,179.41033288042257,"rgba(38, 166, 154, 0.5)",13.886793675936094,177.27803735187064,0.711644383350658,49.028207083685736,5.897124585016712,False,True,False,False,False,3.299331025286385,0.0,0.0,0.0,0.0,0,0.9959585626411366,0.9038903531537072,False,False,False,False,-0.007078786842954522,0.029208251630687836,False,False,False,False,-266109,-284114.335520089,False,False,False,False,41324.78700414006,False,False,False,False
2023-08-10 00:00:00+00:00,186.3965005411,191.0633166287,185.3931811061,187.2617484942,36265,,,,,,,,,,,,,,,,,,,,,,,,,,,,,,188.58319649291298,188.88860820860378,181.9919270477959,173.63586983928545,171.41544778723858,177.60550332097085,173.97028716847223,,,,,179.44154855218284,"rgba(38, 166, 154, 0.5)",13.865546487256367,177.30478388813557,0.6557056125642439,47.33252700461225,4.011568562829865,False,True,False,True,False,2.8612031669527767,0.0,0.0,0.0,0.0,0,0.9726407808165709,0.8968551547841942,False,False,False,False,0.01620361524110134,0.02270593343589459,False,False,False,False,-302374,-284830.400793811,False,False,False,False,41126.36398436986,False,False,False,False
2023-08-11 00:00:00+00:00,184.5187283875,187.2249294324,183.0367611486,186.17558617,62236,,,,,,,,,,,,,,,,,,,,,,,,,,,,,,188.10955710087663,188.63939964647383,182.05818617573982,173.77904378221578,171.56539973940716,177.64963683964237,174.02168410385292,,,,,179.40327248402983,"rgba(38, 166, 154, 0.5)",13.769207849667033,177.29174244985612,0.5248657741642452,45.139907893902254,1.6842804853442672,False,True,False,True,False,1.7836527849044295,0.0,0.0,0.0,0.0,0,0.9802255283490156,0.9095973150535358,False,False,False,False,-0.061055936428974854,-0.019175001496540132,False,False,False,False,-364610,-287959.01252738707,False,False,False,False,41954.19284772791,False,False,False,False
2023-08-14 00:00:00+00:00,183.6350709034,185.2182905623,181.8033225771,183.8099614471,39514,,,,,,,,,,,,,,,,,,,,,,,,,,,,,,187.76322736614927,188.4440337604611,182.07929901351872,173.85709810805375,171.64927179078015,177.6721415386919,174.0499849929031,,,,,179.35929379579397,#000000,13.599641591490794,177.27040145550384,0.4680027341219403,43.18665715011796,-0.38150760648111515,False,True,False,True,False,1.2767511967844705,0.0,0.0,0.0,0.0,0,0.9742676555590845,0.9272269334321809,False,False,False,False,-0.10169813303546517,-0.06043656726600265,False,False,False,False,-404124,-292514.5022321954,False,False,False,False,41858.499010562104,False,False,False,False
2023-08-15 00:00:00+00:00,179.6217931634,183.0275563831,178.3791498264,181.5639986752,35677,,,,,,,,,,,,,,,,,,,,,,,,,,,,,180.34283312430006,187.28677160014573,188.17254282489313,182.0574223406737,173.90353219877622,171.70384920804935,177.68130372473485,174.06681189349484,,,,,179.40188336438348,#000000,13.446772528031959,177.69058198058454,0.14361893746544413,39.88014127855572,-3.669293514980616,False,True,False,True,False,0.0,0.0,0.0,0.0,0.0,0,0.9404813345072249,0.9634851868402233,False,False,False,False,-0.17301210065995917,-0.1167243339629809,False,False,False,False,-439801,-298290.4433211289,True,False,False,False,41616.087284657704,False,False,False,False
2023-08-16 00:00:00+00:00,180.15566956,182.4476561592,178.5172213083,178.5172213083,22907,,,,,,,,,,,,,,,,,,,,,,,,,,,,,180.3548303455204,187.01304755148195,188.00826438099534,182.04391051471617,173.9331374672557,171.7386549169612,177.68722082508975,174.0776211099125,,,,,179.35708588899163,#000000,13.348624639957581,177.65970339828664,0.1869830210254006,38.163161089066556,-5.409367470064993,False,True,False,True,False,0.0,0.0,0.0,0.0,0.0,0,0.9498972476112693,0.9588843942010434,False,False,False,False,-0.1786889399828744,-0.14770663697292766,False,False,False,False,-416894,-302941.56319088856,False,False,False,False,40882.39758722015,False,False,False,False
2023-08-17 00:00:00+00:00,184.6567998693,188.4767775348,180.5238601783,181.8861654662,65817,,,,,,,,,,,,,,,,,,,,,,,,,,,,,182.5756859195846,186.7617183665728,187.81105060084207,182.10044232460595,174.070941115643,171.8847769837431,177.73030249393045,174.12895171239862,,,,,179.63298368966508,"rgba(38, 166, 154, 0.5)",13.157500406540589,177.7790295540771,0.5227262095925103,40.69277336971575,-5.409367470064993,False,True,False,True,False,1.8433553523544148,0.0,0.0,0.0,0.0,0,0.9431783110157428,0.9555111706360145,False,False,False,False,-0.07684278916934552,-0.1122747130711366,False,False,False,False,-351077,-304829.2273794812,False,False,False,False,41860.22513281936,False,False,False,False
2023-08-18 00:00:00+00:00,181.7941178117,184.2517901892,180.7355697839,183.5522280143,41832,,,,,,,,,,,,,,,,,,,,,,,,,,,,,182.4963685328033,186.4873134576486,187.6167722930009,182.1027023719146,174.13793366978035,171.95943721150405,177.74829923548094,174.15419936868636,,,,,179.58787826760238,#000000,12.93031975585201,177.75433914185996,0.31242681898966357,40.76776582321558,-5.409367470064993,False,True,False,True,False,0.21419945458101708,0.0,0.0,0.0,0.0,0,0.9089111345964171,0.9943298155616845,False,False,False,False,-0.1273786293499935,-0.11982667121056505,False,False,False,False,-392909,-308283.33610969764,False,False,False,False,41859.11826486566,False,False,False,False
2023-08-21 00:00:00+00:00,180.5422697093,182.5120895174,179.2812168414,182.5120895174,23339,,,,,,,,,,,,,,,,,,,,,,,,,,,,,182.28487769078745,186.29953189185528,187.4857917349621,182.0923516017188,174.1681032471303,171.99470096287018,177.75500062086556,174.16565481081236,,,,,179.53075157012523,#000000,12.647639197910538,177.72364064648622,0.22285811752753334,40.15805623168487,-5.409367470064993,False,True,False,True,False,0.0,0.0,0.0,0.0,0.0,1,0.9117519954517658,0.9952580230228495,False,False,False,False,-0.1680539195388554,-0.14394029537471023,False,False,False,False,-416248,-312517.24449755263,False,False,False,False,41132.83911722387,False,False,False,False
2023-08-22 00:00:00+00:00,179.7506598798,181.5639986752,178.7197261484,180.5146554129,21570,,,,,,,,,,,,,,,,,,,,,,,,,,,,,182.0526283715007,186.11401290017986,187.35578032280242,182.07742649426265,174.19253604199565,172.0242177897622,177.7596031710768,174.17498282008046,,,,,179.4688984889576,#000000,12.19927278061662,177.689909650845,0.16892402244085447,39.32910954368478,-5.409367470064993,False,True,False,True,False,0.0,0.0,0.0,0.0,0.0,1,0.9061728855372111,1.0042795567209069,False,False,False,False,-0.18746324878957968,-0.16570177208214495,False,False,False,False,-437818,-317430.9996152957,False,False,False,False,40365.66895576411,False,False,False,False
2023-08-23 00:00:00+00:00,184.7028236966,185.0249904877,179.7690694107,179.7690694107,21993,,,,,,,,,,,,,,,,,,,,,,,,,,,,,182.1576241801975,186.02791000496356,187.2827608948532,182.08532686449215,174.23062854261204,172.0658872535952,177.7708228594494,174.1895865464238,,,,,179.47631839332337,"rgba(38, 166, 154, 0.5)",11.768663799484084,177.69382728442076,0.5955643335215766,42.578445458072714,-5.409367470064993,False,True,False,True,True,1.8675456321919839,0.0,0.0,0.0,0.0,0,0.9138422094100668,0.9895937634147726,False,False,False,False,-0.12982704722848176,-0.14776440965531334,False,False,False,False,-415825,-321289.5878656762,False,False,False,False,39645.172133969434,False,False,False,False
2023-08-24 00:00:00+00:00,181.6560463298,187.4550485688,181.5686010579,183.5430232488,38919,,,,,,,,,,,,,,,,,,,,,,,,,,,,,182.3582281785749,185.9066340031662,187.17138983346337,182.10403098427278,174.30019051186406,172.1414593896408,177.79200632994036,174.21644354870264,,,,,179.49879784745315,#000000,11.249336663534981,177.70723123088445,0.3510264842295766,42.941939639213004,-5.409367470064993,False,True,False,True,True,0.12476402970257894,0.0,0.0,0.0,0.0,0,0.9030896827884848,0.9952839860123653,False,False,False,False,-0.07655438906490905,-0.1121593993601112,False,False,False,False,-454744,-326523.094223885,False,False,False,False,39616.694795382406,False,False,False,False
2023-08-25 00:00:00+00:00,184.8224856476,186.2584290592,183.3313136433,183.8928043363,21889,,,,,,,,,,,,,,,,,,,,,,,,,,,,,182.54036269280937,185.87698202956136,187.13221842709245,182.12315677288004,174.34405579907698,172.18811187358742,177.8064077554122,174.2334834496423,,,,,179.53059735000778,"rgba(38, 166, 154, 0.5)",10.712810286538568,177.72633166058478,0.662398922151366,45.2851076879902,-10.165375746433881,False,True,False,True,True,1.8827846649861257,0.0,0.0,0.0,0.0,1,0.9393326911165116,0.9905578643697379,False,False,False,False,-0.06946362769172228,-0.09081151352591674,False,False,False,False,-432855,-330692.97288177186,False,False,False,False,38921.491077916435,False,False,False,False
2023-08-28 00:00:00+00:00,186.9211721722,187.9613106691,184.6061736593,185.5312525879,32537,,,,,,,,,,,,,,,,,,,,,,,,,,,,,182.93460335456734,185.9007853236924,187.11695088566674,182.16872232529857,174.41902598385454,172.26604339426981,177.83285602967246,174.26274985715483,,,,,179.6127171442721,"rgba(38, 166, 154, 0.5)",10.227042708770878,177.77598331210004,0.8942163556486263,48.10491883318012,-7.371908567601203,False,True,False,False,True,3.0256986605861513,0.0,0.0,0.0,0.0,1,0.9092909352554044,0.9807236445735358,False,False,False,False,-0.032263011158212514,-0.06153726234206462,False,False,False,False,-400318,-333423.36610209453,False,False,False,False,38671.11887878246,False,False,False,False
2023-08-29 00:00:00+00:00,188.0257440273,188.4951870657,186.8935578758,187.6667581744,24715,,,,,,,,,,,,,,,,,,,,,,,,,,,,,183.2773407028966,185.95480366445022,187.12926943161776,182.21298010117013,174.4814615606183,172.3300666986699,177.8558571158273,174.28725537762728,,,,,179.6911293316097,"rgba(38, 166, 154, 1.0)",9.742139668974401,177.82419665119926,1.0471567563940187,50.62985327334737,-4.923545657396495,False,True,False,False,True,3.624883835408813,0.0,0.0,0.0,0.0,1,0.9261958159493867,0.9826351443278217,False,False,False,False,0.002898853457151324,-0.02931920444245665,False,False,False,False,-375603,-335077.4693922085,False,False,False,False,38123.820099222365,False,False,False,False
2023-08-30 00:00:00+00:00,188.4491632384,189.645782748,186.6818482703,186.9211721722,18680,,,,,,,,,,,,,,,,,,,,,,,,,,,,,183.52892871121009,186.0031733169294,187.144355410281,182.24865159357498,174.52986152589335,172.37951731671689,177.87396170668927,174.30633851349575,,,,,179.75184851184883,"rgba(38, 166, 154, 1.0)",9.222180216650996,177.86218612850874,1.1479906986393589,52.569245753803564,-3.044682809153869,False,False,True,False,True,3.85655341603103,0.0,0.0,0.0,0.0,0,0.9294642939683602,0.9560145404456392,False,False,False,False,0.014597657098336544,-0.007360773672060053,False,False,False,False,-356923,-335934.15686702385,False,False,False,False,37361.31735023326,False,False,False,False
2023-08-31 00:00:00+00:00,190.6306926521,191.7812883345,187.418229507,187.8508534836,83784,,,,,,,,,,,,,,,,,,,,,,,,,,,,,184.71358581164287,186.34224595965142,187.3025368982427,182.4470289638519,174.76895770596636,172.62072227554137,177.96744233270414,174.4015497644564,,,,,180.07050871400713,"rgba(38, 166, 154, 1.0)",8.7791907128421,178.06685639144092,1.4310927591857472,55.160857129028805,-0.5551310552635513,True,False,True,False,True,5.05019281349346,0.0,0.0,0.0,0.0,0,0.948239354514871,0.9351865286595763,False,False,False,False,0.050420733600168625,0.021529979964054285,False,False,False,False,-273139,-333471.601695768,False,False,False,False,39181.81470904764,False,False,False,False
2023-09-01 00:00:00+00:00,193.8339510318,195.6012659999,191.4130977161,191.4130977161,33851,,,,,,,,,,,,,,,,,,,,,,,,,,,,,185.33174579646234,186.5866471931637,187.44347421650207,182.56216860652174,174.8863427757889,172.7365724785986,178.0162586662651,174.4487024794491,,,,,180.25148902659396,"rgba(0, 255, 255, 0.75)",8.226504496970865,179.30924704194143,1.7655984987556763,58.55743797617645,2.6463041004806556,True,False,True,False,True,6.765519928259952,0.0,0.0,0.0,0.0,0,0.9868651502917217,0.8992008865942016,False,True,False,False,0.14883414418280047,0.08518206207342738,False,False,False,False,-239288,-329778.12711946334,False,False,False,False,38972.76315183009,False,True,False,False
2023-09-05 00:00:00+00:00,186.1571766391,193.3000746352,185.9638765645,191.8273121618,44114,,,,,,,,,,,,,,,,,,,,,,,,,,,,,185.5924649835102,186.66580938900984,187.4725973898543,182.64053280300615,174.99573758517877,172.8489273497654,178.05859923919152,174.4934117639176,,,,,180.34601006292922,"rgba(38, 166, 154, 0.5)",7.8113752911001475,179.23039132366722,0.886756180224085,55.38225328562629,2.6463041004806556,True,False,True,False,False,2.1395956447959534,0.0,0.0,0.0,0.0,0,0.9791423201144297,0.8903038348280116,False,False,False,False,0.051225597505411495,0.06820382978941944,False,False,False,False,-283402,-327959.4554677197,False,False,False,False,39174.38028313088,False,False,False,False
2023-09-06 00:00:00+00:00,185.071014315,186.856738814,183.5200113352,185.3793739579,24849,,,,,,,,,,,,,,,,,,,,,,,,,,,,,185.57267367410566,186.63080043403295,187.43618181693796,182.65912673196746,175.04157765445953,172.89819618347184,178.07473392152488,174.51251187004345,,,,,180.35322528581798,"rgba(38, 166, 154, 0.5)",7.519643466246299,179.1728511265369,0.7843673991909881,52.654037688189774,2.6463041004806556,False,False,True,False,False,1.514620669819653,0.0,0.0,0.0,0.0,0,0.9622480215421282,0.9266006248372731,False,False,False,False,-0.05961716015305479,0.004293334818182323,False,False,False,False,-308251,-327186.57486114244,False,False,False,False,38612.60066418457,False,False,False,False
2023-09-07 00:00:00+00:00,184.1689473,184.1965615964,181.5547939097,183.6350709034,33335,,,,,,,,,,,,,,,,,,,,,,,,,,,,,185.4446083055238,186.53095394831544,187.35114305926825,182.66550272193427,175.09133426341617,172.95382641892013,178.09065646370922,174.53360764849356,,,,,180.3327041036976,"rgba(38, 166, 154, 0.5)",7.219440592029485,179.09282605380355,0.7031183623563134,50.315318222213875,6.85389912250475,False,False,False,False,False,0.9928543762988902,0.0,0.0,0.0,0.0,0,0.9466432337896719,0.947285155305936,False,False,False,False,-0.11771611116074222,-0.05671138817127995,False,False,False,False,-341586,-327751.25819992117,False,False,False,False,38405.63593225576,False,False,False,False
2023-09-08 00:00:00+00:00,184.408271202,185.853419379,181.8493464044,182.2175370228,23134,,,,,,,,,,,,,,,,,,,,,,,,,,,,,185.3914820303897,186.48002743959663,187.3044464262974,182.67480962918128,175.12855207679937,172.99478329219048,178.10318864839107,174.5494020645256,,,,,180.32833645092143,"rgba(38, 166, 154, 0.5)",6.956896981794437,179.06681734283796,0.7677925766530883,48.92926327033072,5.52053855197687,False,True,False,False,False,1.1292264466824342,0.0,0.0,0.0,0.0,0,0.9501451638830811,0.9379145561910467,False,False,False,False,-0.09313067163895626,-0.0749210299051181,False,False,False,False,-318452,-327386.5814077674,False,False,False,False,37806.748248637894,False,False,False,False
2023-09-11 00:00:00+00:00,184.1689473,185.3931811061,182.0058274172,185.3747715751,30551,,,,,,,,,,,,,,,,,,,,,,,,,,,,,185.3185815304756,186.411123088171,187.241450995373,182.6853007313162,175.17624118584573,173.04753062204395,178.1191556196417,174.56978361223963,,,,,180.32114592313835,"rgba(38, 166, 154, 0.5)",6.757016098060747,179.04042310759334,0.7589924484386755,47.8452445978565,4.380357109215389,False,True,False,False,False,0.9863497875892726,0.0,0.0,0.0,0.0,0,0.9495392175346582,0.9518283776327089,False,False,False,False,-0.09694953808615087,-0.08593528399563449,False,False,False,False,-349003,-328234.2840976589,False,False,False,False,37522.209101632485,False,False,False,False
2023-09-12 00:00:00+00:00,185.9178527372,187.9981297309,182.8897610442,183.6350709034,22646,,,,,,,,,,,,,,,,,,,,,,,,,,,,,185.3282136921126,186.39567302313026,187.21954668601765,182.70437736391486,175.21829906258654,173.09256285306503,178.13451871639037,174.58766362944286,,,,,180.3351068783325,"rgba(38, 166, 154, 1.0)",6.455571544025296,179.04740165745426,1.064266894556289,48.519333880544494,4.380357109215389,False,True,False,False,False,2.0078540397211846,0.0,0.0,0.0,0.0,1,0.9626784541352842,0.9385232049903991,False,False,False,False,-0.053228436765906884,-0.06958186038077069,False,False,False,False,-326357,-328160.66511343693,False,False,False,False,36938.828352548866,False,False,False,False
2023-09-13 00:00:00+00:00,185.9270575027,186.737076863,183.064375445,183.064375445,28687,,,,,,,,,,,,,,,,,,,,,,,,,,,,,185.32468876279344,186.36844899855313,187.18664966266593,182.72523682649808,175.2692658821329,173.14752185838344,178.15295822866312,174.6094945445858,,,,,180.34803309553448,"rgba(38, 166, 154, 1.0)",6.250347279605818,179.0527964050471,1.099820664378575,48.97618618463064,4.380357109215389,False,True,False,False,False,2.0132639818960314,0.0,0.0,0.0,0.0,0,0.9651826021825567,0.9359669769800169,False,False,False,False,-0.06681362696568191,-0.0681977436732263,False,False,False,False,-297670,-326964.95275604725,False,False,False,False,36615.2272406842,False,False,False,False
2023-09-14 00:00:00+00:00,189.1487254132,189.8482875881,187.2249294324,187.2249294324,38401,,,,,,,,,,,,,,,,,,,,,,,,,,,,,185.50359138178976,186.44113938588129,187.2205147755984,182.79068604603685,175.360329941807,173.24136913608703,178.18959656184174,174.64814520786405,,,,,180.42442155461328,"rgba(0, 255, 255, 0.75)",6.164012732577087,179.12438021950123,1.6262693846687963,51.730373831262085,4.380357109215389,False,False,False,False,True,3.895421741828283,0.0,0.0,0.0,0.0,0,0.9833755909228505,0.916343913383934,False,False,False,False,0.023890574063134235,-0.022153584805046034,False,False,False,False,-259269,-324310.20951071207,False,False,False,False,36685.2575449711,False,False,False,False
2023-09-15 00:00:00+00:00,190.3085258611,190.3177306265,187.6851677053,188.4491632384,115761,,,,,,,,,,,,,,,,,,,,,,,,,,,,,186.03993781234482,186.6944869799369,187.35715611845586,183.0017593282569,175.6414539596366,173.52997233087873,178.30571602950266,174.76908567495468,,,,,180.66744602924592,"rgba(0, 255, 255, 0.75)",6.091726893064475,179.3429713752659,1.8000732269068984,54.3488512550429,4.380357109215389,False,False,True,False,True,4.562675999428468,0.0,0.0,0.0,0.0,1,1.0099162187976896,0.900644969391514,False,False,False,False,-0.0009194736598596323,-0.011536529232452833,False,False,False,False,-143508,-317219.9267848018,False,False,False,False,39786.267053011456,False,False,False,False
2023-09-18 00:00:00+00:00,188.2834774601,190.9988832705,186.4057053065,190.9988832705,36275,,,,,,,,,,,,,,,,,,,,,,,,,,,,,186.14331137216726,186.74271343238027,187.38000182001878,183.05655360318494,175.72181276246553,173.61344873579918,178.3387917199146,174.80434259134083,,,,,180.72512200465894,"rgba(0, 255, 255, 0.75)",5.907989103558488,179.39222226051183,1.504954569776169,54.200359832624436,4.380357109215389,False,False,True,False,True,3.254313361220344,0.0,0.0,0.0,0.0,1,0.9863605665703518,0.9076116032181475,False,False,False,False,-0.009295187002531768,-0.0104158581174923,False,False,False,False,-179783,-311830.24338147626,False,False,False,False,39648.57030583454,False,False,False,False
2023-09-19 00:00:00+00:00,188.7437157331,189.4340731425,187.639143878,188.3248989047,26924,,,,,,,,,,,,,,,,,,,,,,,,,,,,,186.21598928846632,186.7777360098955,187.397002075965,183.09684173886876,175.78101069885767,173.67498588785563,178.36330610429167,174.83047597696327,,,,,180.7671684726455,"rgba(0, 255, 255, 0.75)",5.8085560571312085,179.42810776219108,1.6037734471843628,54.459170545337614,-1.0793017486414769,False,False,True,False,True,3.5268862786286768,0.0,0.0,0.0,0.0,1,0.9967009062976814,0.9173520203506468,False,False,False,False,-0.042133284881437964,-0.026274571499465132,False,False,False,False,-152859,-305596.0769743596,False,False,False,False,39149.56754874299,False,False,False,False
2023-09-20 00:00:00+00:00,187.1881103705,190.2809115647,186.7186673321,190.2809115647,22835,,,,,,,,,,,,,,,,,,,,,,,,,,,,,186.26108610195033,186.79790051091658,187.40474066493812,183.12723190588744,175.82868530386136,173.72489869554934,178.38290831124482,174.8516922213811,,,,,180.79739296446616,"rgba(38, 166, 154, 1.0)",5.798424209514183,179.45352358429585,1.333911853760728,53.17153527790185,-1.0793017486414769,False,False,True,False,True,2.511240614450486,0.0,0.0,0.0,0.0,1,0.9843347829991743,0.9210622885347557,False,False,False,False,-0.06333440679830628,-0.044804489148885705,False,False,False,False,-175694,-300501.87787732587,False,False,False,False,38509.78058604719,False,False,False,False
2023-09-21 00:00:00+00:00,185.6140954771,188.1730202746,183.1748326305,185.0249904877,39511,,,,,,,,,,,,,,,,,,,,,,,,,,,,,186.23647199570888,186.76765796550126,187.37021305888535,183.15370809491387,175.89423781210684,173.79607727637796,178.40824594571663,174.8815783605309,,,,,180.81352381371772,"rgba(38, 166, 154, 1.0)",5.7642442323490375,179.46447467126583,1.0668563922608247,50.93924653765767,-1.0793017486414769,False,False,False,False,False,1.4898056289863568,0.0,0.0,0.0,0.0,1,0.9554090680658022,0.9429748305977185,False,False,False,False,-0.15466109073711523,-0.09973278994300047,False,False,False,False,-215205,-297156.90227429353,False,False,False,False,38549.04409247671,False,False,False,False
2023-09-22 00:00:00+00:00,184.9145333022,188.0533583236,183.9756472254,185.7245526626,35724,,,,,,,,,,,,,,,,,,,,,,,,,,,,,186.21565742581765,186.74151520258988,187.34003910052212,183.1771158876492,175.95272207779803,173.8596734196894,178.43098424275829,174.90844270090457,,,,,180.82826875721614,"rgba(38, 166, 154, 0.5)",5.767744069730688,179.47535617774216,0.9430337162501408,48.85773014296083,3.9960584298031847,False,True,False,False,False,1.035390036388037,0.0,0.0,0.0,0.0,1,0.9542860434523258,0.9589535796530692,False,False,False,False,-0.14354775500994746,-0.12164027247647397,False,False,False,False,-250929,-295344.0433615761,False,False,False,False,38438.25804963449,False,False,False,False
2023-09-25 00:00:00+00:00,186.9303769377,186.9303769377,184.5555474493,185.3931811061,20808,,,,,,,,,,,,,,,,,,,,,,,,,,,,,186.2141056965588,186.733428958864,187.32790495752857,183.19321776491955,175.9881736431597,173.89793200499267,178.4450592715751,174.9247410200901,,,,,180.84057041471107,"rgba(38, 166, 154, 1.0)",5.709180443716062,179.4853652839749,1.3040420997587556,49.46579651187013,3.9960584298031847,False,True,False,False,False,2.3052538252792623,0.0,0.0,0.0,0.0,1,0.949700879927246,0.9678275482522857,False,False,False,False,-0.1524054098302489,-0.13702284115336144,False,False,False,False,-230121,-292786.27695523977,False,False,False,False,37746.875381021375,False,False,False,False
2023-09-26 00:00:00+00:00,182.6685705302,186.4517291338,182.6593657648,186.4517291338,34175,,,,,,,,,,,,,,,,,,,,,,,,,,,,,186.14071656343373,186.67291622127004,187.27239748987276,183.19970805101116,176.03329316884984,173.9489901863803,178.46144993498433,174.94614649169264,,,,,180.83445226343684,"rgba(38, 166, 154, 0.5)",5.693803695829349,179.47843099201836,0.560282670180282,46.473362827779575,1.5028460278031446,False,True,False,True,False,0.0,0.0,0.0,0.0,0.0,1,0.9289444619988743,0.9815142004188532,False,False,False,False,-0.191438472493096,-0.16423065682322874,False,False,False,False,-264296,-291669.0111922892,False,False,False,False,37606.8018366676,False,False,False,False
2023-09-27 00:00:00+00:00,184.1137187073,184.5647522148,180.4307079519,181.8769607008,29961,,,,,,,,,,,,,,,,,,,,,,,,,,,,,186.05579275534518,186.6054593308566,187.21264790403157,183.19845063952786,176.06801574926152,173.9893712213314,178.47341166264735,174.9629771019871,,,,,180.82076579562357,"rgba(38, 166, 154, 0.5)",5.674858364100301,179.46544511562064,0.819099489968733,45.862743731343336,0.817601798219485,False,True,False,True,False,0.46539010324945096,0.0,0.0,0.0,0.0,1,0.9076898039929723,1.0137585942183722,False,False,False,False,-0.26055068900829914,-0.21239067291576394,False,False,False,False,-234335,-289420.6185965131,False,False,False,False,37306.96647052377,False,False,False,False
2023-09-28 00:00:00+00:00,186.2676338246,188.2098393364,183.5890470761,183.6166613725,38622,,,,,,,,,,,,,,,,,,,,,,,,,,,,,186.0546475622555,186.59183744606267,187.19138848734036,183.2262006082131,176.13123330563934,174.0579046223563,178.4987688507197,174.99255566206705,,,,,180.84306706808175,"rgba(38, 166, 154, 1.0)",5.611348973341836,179.48501224877265,1.2087328034755922,47.35013657395375,0.817601798219485,False,True,False,True,False,1.8239139706659557,0.0,0.0,0.0,0.0,1,0.8927591359855244,1.0056511452642427,False,False,False,False,-0.14729818877065626,-0.1798444308432101,False,False,False,False,-195713,-285745.8100241008,False,False,False,False,37358.53641285617,False,False,False,False
2023-09-29 00:00:00+00:00,185.9270575027,188.2466583983,184.8869190058,187.639143878,28409,,,,,,,,,,,,,,,,,,,,,,,,,,,,,186.06195365641426,186.58781314744863,187.18052553828204,183.24864507184287,176.17876457591606,174.1092016490236,178.51812899626998,175.01486246050843,,,,,180.86248688696324,"rgba(38, 166, 154, 1.0)",5.50216224865313,179.50227481675273,1.167683248075787,48.047439464595186,0.817601798219485,False,True,False,False,False,1.5986507957104976,0.0,0.0,0.0,0.0,1,0.9040574466782418,1.000737040228458,False,False,False,False,-0.12559948620299125,-0.15272195852310066,False,False,False,False,-224122,-283329.19002315565,False,False,False,False,37007.5742005873,False,False,False,False
2023-10-02 00:00:00+00:00,182.7330038885,186.1962968923,181.0945556368,185.9086479717,28481,,,,,,,,,,,,,,,,,,,,,,,,,,,,,185.99687722695973,186.53376176146983,187.13126255599917,183.24930686102277,176.2119980478103,174.14765439869356,178.53001767591374,175.03122025738753,,,,,180.85401234815708,"rgba(38, 166, 154, 0.5)",5.463590679357506,179.49501994293513,0.5926476076984688,45.98668171878531,0.7066145482872557,False,True,False,True,False,0.0,0.0,0.0,0.0,0.0,1,0.8855924318126344,1.0103998848482232,False,False,False,False,-0.22174525358384445,-0.18723360605347256,False,False,False,False,-252603,-282124.24139479664,False,False,False,False,36673.19874174074,False,False,False,False
2023-10-03 00:00:00+00:00,176.2804633018,181.0209175131,175.6637440161,181.0209175131,28722,,,,,,,,,,,,,,,,,,,,,,,,,,,,,185.80039754367954,186.38715083815504,187.01020655488125,183.2092935713131,176.21871885285907,174.1623250854622,178.5278480759169,175.0364082634918,,,,,180.79404359821987,"rgba(239, 83, 80, 0.5)",5.462197662548741,179.44271565700785,-0.5789340757273671,41.06777042536906,-3.9655925114206596,False,True,False,True,False,0.0,0.0,0.0,0.0,0.0,1,0.8554723452455875,1.0304498522209207,False,False,False,False,-0.34282825441539394,-0.26503093023443325,False,False,False,False,-281325,-282092.8985950007,False,False,False,False,36361.38702637836,False,False,False,False
2023-10-04 00:00:00+00:00,176.5566062656,177.1226993413,173.0956144531,176.906387353,28405,,,,,,,,,,,,,,,,,,,,,,,,,,,,,185.56801217579576,186.21368883008532,186.86774736742294,183.15578771487597,176.2158437833118,174.16821327751902,178.52066539212422,175.03749187153153,,,,,180.71843130158334,"rgba(239, 83, 80, 0.5)",5.515023505426529,179.3772011882527,-0.5114384226789545,38.0593935814915,-6.689911041100146,False,True,False,True,False,0.0,0.0,0.0,0.0,0.0,0,0.8335720165598588,1.0659198645628511,False,False,False,False,-0.34282825441539394,-0.30392959232491357,False,False,False,False,-252920,-280948.86335598107,False,False,False,False,36049.37184887333,False,False,False,False
2023-10-05 00:00:00+00:00,178.4343784192,179.5159383606,175.1666866813,175.2035057431,25686,,,,,,,,,,,,,,,,,,,,,,,,,,,,,185.4094349837215,186.09183854301585,186.7655352457356,183.12138932530402,176.2219950707044,174.18134228020753,178.51886652830723,175.04219241741134,,,,,180.66907429930092,#000000,5.561246278602462,179.33506671273872,-0.16195799438054698,37.893551005557086,-6.790523333552706,False,True,False,True,False,0.0,0.0,0.0,0.0,0.0,0,0.8489228952967094,1.038817937331939,False,False,False,False,-0.25980048679079304,-0.2818650395578533,False,False,False,False,-227234,-278842.39812633477,False,False,False,False,35642.96510970182,False,False,False,False
2023-10-06 00:00:00+00:00,177.5323114042,179.9531647199,175.3231676941,176.1331870545,37302,,,,,,,,,,,,,,,,,,,,,,,,,,,,,185.18728526878766,185.91887764411644,186.6194569753198,183.07126750041513,176.23022560988542,174.19968499051402,178.5159398415152,175.04872698115892,,,,,180.59893310146407,#000000,5.643814757458551,179.2757538563194,-0.30891206161849555,37.26775306670942,-7.466537237880949,False,True,False,True,False,0.0,0.0,0.0,0.0,0.0,0,0.8741246170258548,1.0291106507964336,False,False,False,False,-0.24400578845049062,-0.262935414004172,False,False,False,False,-264536,-278281.36290569423,False,False,False,False,35708.02530147822,False,False,False,False
2023-10-09 00:00:00+00:00,178.0845973317,178.7473404448,174.9917961376,175.7189726088,34827,,,,,,,,,,,,,,,,,,,,,,,,,,,,,184.98249588588695,185.7575074246647,186.48239873943407,183.02252565710555,176.23600512373773,174.21499895499124,178.5122477157393,175.05401759813682,,,,,180.53277463746204,#000000,5.698583941459867,179.2202759626038,-0.1992913752908363,37.42569654203113,-7.476573718294205,False,True,False,True,False,0.0,0.0,0.0,0.0,0.0,0,0.9025736477174284,1.0123211944877133,False,False,False,False,-0.27346711135015384,-0.26820126267716293,False,False,False,False,-229709,-276376.5643603729,False,False,False,False,35673.475289655544,False,False,False,False
2023-10-10 00:00:00+00:00,177.587539997,180.7815015635,177.4218542187,179.032688174,29072,,,,,,,,,,,,,,,,,,,,,,,,,,,,,184.84745805920315,185.64763647390768,186.38702450613712,182.99167877155693,176.24686163064658,174.23314089543996,178.51245752921042,175.0610333298683,,,,,180.49091139949627,#000000,5.733283403708044,179.18587317095933,-0.2787814697814517,37.203864063454674,-7.938176507907322,False,True,False,True,False,0.0,0.0,0.0,0.0,0.0,0,0.9025901406114067,1.0004082713815612,False,False,False,False,-0.1889931212898861,-0.22859719198352452,False,False,False,False,-258781,-275686.54222859355,False,False,False,False,35414.59390574749,False,False,False,False
2023-10-11 00:00:00+00:00,175.0746390267,180.4594268201,174.4947388028,178.9906223959,29428,,,,,,,,,,,,,,,,,,,,,,,,,,,,,184.67620789473406,185.51042578189777,186.26957273903054,182.9474324610576,176.24885110890463,174.2433369086114,178.50786580376763,175.06426450213723,,,,,180.4334946500176,"rgba(239, 83, 80, 0.5)",5.825834534331602,179.13821738868486,-0.6975100885612573,35.50793672526117,-9.794227045822325,False,True,False,True,False,0.0,0.0,0.0,0.0,0.0,0,0.8918151937943883,0.9920202001722827,False,False,False,False,-0.25014441459850345,-0.23937080329101398,False,False,False,False,-288209,-276177.6190039428,False,False,False,False,35179.8255172868,False,False,False,False
2023-10-12 00:00:00+00:00,171.3743233123,176.0319346344,169.0915414785,176.0319346344,24094,,,,,,,,,,,,,,,,,,,,,,,,,,,,,184.465164470304,185.34539119084366,186.1312777904446,182.88594044753256,176.23342185197066,174.23626279632677,178.4949077443136,175.05952524910572,,,,,180.3564864426052,"rgba(239, 83, 80, 1.0)",6.046697194852689,179.0734143047784,-1.2732721259851298,32.55876128283944,-12.739329985318733,False,True,False,True,False,0.0,0.0,0.0,0.0,0.0,0,0.8726427845181594,1.0117236112271675,False,False,False,False,-0.34282825441539394,-0.29109952885320395,False,False,False,False,-312303,-277594.30061163136,False,False,False,False,34745.08726170693,False,False,False,False
2023-10-13 00:00:00+00:00,167.195359794,172.5893523528,164.8849636638,172.5893523528,41710,,,,,,,,,,,,,,,,,,,,,,,,,,,,,184.00430040264203,184.98649978734068,185.8323649727335,182.7425836590153,176.18136031976445,174.20102379504021,178.45870364307646,175.04022838950092,,,,,180.18088312113917,"rgba(255, 0, 0, 1.0)",6.390307182035145,178.9252025567349,-1.835567904421025,29.044048311042765,-16.088930658318716,False,True,False,True,False,0.0,0.0,0.0,0.0,0.0,0,0.8517087320253935,1.0222333778697106,False,False,False,False,-0.34282825441539394,-0.31696389163429894,False,False,False,False,-354013,-280591.11235235166,False,False,False,False,35018.221094581175,False,False,False,False
2023-10-16 00:00:00+00:00,167.756850487,171.7977425234,167.126324053,169.5978035787,42179,,,,,,,,,,,,,,,,,,,,,,,,,,,,,183.58280938369361,184.65247056916348,185.55119843104956,182.60700107822444,176.13377460908606,174.16975579058305,178.42473212253756,175.02273322977877,,,,,180.01805940176456,"rgba(255, 0, 0, 1.0)",6.698018143859695,178.78870022694377,-1.6470319284006485,27.353597245646235,-17.6590445116189,False,True,False,True,False,0.0,0.0,0.0,0.0,0.0,0,0.8555750035286325,1.0432509303094748,False,False,False,False,-0.32130409963449225,-0.3191339956343956,False,False,False,False,-311834,-281816.3236326516,False,False,False,False,35299.0359536172,False,False,False,False
2023-10-17 00:00:00+00:00,167.0849026085,169.6760440851,165.5937306041,165.9987402843,41926,,,,,,,,,,,,,,,,,,,,,,,,,,,,,183.1476157240848,184.30475775635966,185.25741127048803,182.46093911903188,176.07778687689313,174.13064256680062,178.38612957588273,175.0013729417039,,,,,179.8458319789056,"rgba(255, 0, 0, 1.0)",6.993372314641075,178.6445924079359,-1.6529492896059546,25.97096287623109,-18.981429570814065,False,True,False,True,False,0.0,0.0,0.0,0.0,0.0,0,0.8381111356650243,1.0622793535939459,False,False,False,False,-0.34282825441539394,-0.33098112502489474,False,False,False,False,-353760,-284637.6442745084,False,False,False,False,35558.91689661261,False,False,False,False
2023-10-18 00:00:00+00:00,163.3477678322,164.8665541329,161.2766956039,164.8665541329,37266,,,,,,,,,,,,,,,,,,,,,,,,,,,,,182.67962880287322,183.93160061736307,184.94318649508978,182.29703526326458,176.00418750527115,174.07418199419317,178.33867894809694,174.97176195670812,,,,,179.6550326978575,"rgba(255, 26, 202, 1.0)",7.418030107719194,178.4844940453298,-2.0405317844933717,23.782977705464614,-21.08545416616821,False,True,False,True,False,0.0,0.0,0.0,0.0,0.0,0,0.8400306471999973,1.0678771920512198,False,False,False,False,-0.34282825441539394,-0.3369046897201443,False,False,False,False,-391026,-288809.7366559002,False,False,False,False,35625.86133203957,False,False,False,False
2023-10-19 00:00:00+00:00,158.6533374482,163.6515250923,158.2943515953,162.5745675336,46338,,,,,,,,,,,,,,,,,,,,,,,,,,,,,182.04355776898484,183.42192701815202,184.51321196430752,182.06609781202565,175.89297680726716,173.9859294103725,178.2686441996529,174.92595817849465,,,,,179.38978789490716,"rgba(255, 26, 202, 1.0)",7.98169263646109,178.26193366124008,-2.456696481077991,21.13100657990487,-23.60066530190516,False,True,False,True,False,0.0,0.0,0.0,0.0,0.0,0,0.8334151390162812,1.067878663156207,False,False,False,False,-0.34282825441539394,-0.3398664720677691,False,False,False,False,-437364,-294635.3940419433,False,False,False,False,36045.94520137135,False,False,False,False
2023-10-20 00:00:00+00:00,157.346260753,159.8499569578,156.4902175654,159.8499569578,53793,,,,,,,,,,,,,,,,,,,,,,,,,,,,,181.2755840278643,182.80099459176867,183.98686972597616,181.77636733622143,175.7471509340638,173.8679860690185,178.17773529899264,174.86487576340335,,,,,179.06219546841362,"rgba(255, 26, 202, 1.0)",8.518942300982118,177.9873740430533,-2.422966673653098,19.080902446795648,-25.531297656494733,False,True,False,True,False,0.0,0.0,0.0,0.0,0.0,0,0.8256664443123093,1.0966423390726343,False,False,False,False,-0.34282825441539394,-0.34134736324158155,False,False,False,False,-491157,-302342.1236873573,False,False,False,False,36741.90813465091,False,False,False,False
2023-10-23 00:00:00+00:00,157.4106941112,160.2089428107,156.4902175654,158.0734372243,69263,,,,,,,,,,,,,,,,,,,,,,,,,,,,,180.36141434951762,182.04891604845977,183.34255927481507,181.4155342890046,175.56428946862235,173.7199663660528,178.06267674748327,174.78751816176376,,,,,178.6628593382149,"rgba(255, 26, 202, 1.0)",9.020490579885951,177.65386173913458,-2.24413156342884,17.79610733208108,-26.77572110703082,False,True,False,True,False,0.0,0.0,0.0,0.0,0.0,0,0.8360492490912805,1.0776896305573196,False,False,False,False,-0.33907076998159397,-0.3402090666115878,False,False,False,False,-421894,-307030.43256236287,False,False,False,False,38017.24507054695,False,False,False,False
2023-10-24 00:00:00+00:00,158.5244707318,159.4357425122,156.5768344083,158.1378705825,38207,,,,,,,,,,,,,,,,,,,,,,,,,,,,,179.89028849857155,181.65562611417658,183.00257464259028,181.22233000143888,175.46583232536483,173.64022454156313,178.00021603496054,174.74550976668408,,,,,178.45282524066874,"rgba(255, 26, 202, 1.0)",9.46259792581482,177.478896788687,-2.003089025390968,18.412162416650286,-26.77572110703082,False,True,False,True,False,0.0,0.0,0.0,0.0,0.0,0,0.8416730484567851,1.0722427085418935,False,False,False,False,-0.34282825441539394,-0.3415186605134909,False,False,False,False,-383687,-310036.57246187807,False,False,False,False,38024.686440329424,False,False,False,False
2023-10-25 00:00:00+00:00,157.4106941112,157.8341133223,155.3580314139,157.3002369257,37591,,,,,,,,,,,,,,,,,,,,,,,,,,,,156.86761294913333,179.41904699066754,181.2602038652298,182.65971593352214,181.02470977901785,175.36277832363461,173.5559758301997,177.93510354008853,174.70113014814794,,,,,175.86514192884908,"rgba(255, 0, 0, 1.0)",9.928934730210814,176.54159913994616,-1.9267832399518616,18.467855421845833,-26.77572110703082,False,True,False,True,False,0.0,0.0,0.0,0.0,0.0,0,0.8499516425783261,1.0698354316575038,True,False,False,False,-0.34282825441539394,-0.3421734574644424,False,False,False,False,-421278,-314398.98138494167,False,False,False,False,38007.67912894396,False,False,False,False
2023-10-26 00:00:00+00:00,159.7302950069,160.1168951561,158.1194610516,158.1194610516,58014,,,,,,,,,,,,,,,,,,,,,,,,,,,,158.3570894781529,178.80364697138648,180.7330920739384,182.19659800022504,180.75629768104076,175.2267704955414,173.44648507333582,177.84701614286527,174.64243785282335,,,,,175.77882597436772,"rgba(255, 0, 0, 1.0)",10.296066074598194,176.3829331144713,-1.6173787140562013,21.50347771653629,-26.77572110703082,False,True,False,True,True,0.0,0.0,0.0,0.0,0.0,0,0.857994766336721,1.0562888215370876,False,False,False,False,-0.293009875718968,-0.31759166659170524,False,False,False,False,-363264,-316315.2566247479,False,False,False,False,38792.24073173047,False,False,False,False
2023-10-27 00:00:00+00:00,160.1813285143,167.7292361906,155.4961028958,155.4961028958,43650,,,,,,,,,,,,,,,,,,,,,,,,,,,,159.22801014792282,178.4057428606815,180.3850933141252,181.88676186428228,180.57539847964873,175.1374435727742,173.37564258795877,177.78772058150622,174.6037640649662,,,,,175.70950860820733,"rgba(255, 0, 0, 1.0)",10.612002989185676,176.27329559630797,-1.5163930031311477,24.08454389536707,-31.10848455162335,False,True,False,True,True,0.0,0.0,0.0,0.0,0.0,0,0.8410799338938306,1.049738661980286,False,False,False,False,-0.24509167943621588,-0.28134167301396057,False,False,False,False,-319614,-316444.61911005195,False,False,False,False,38982.74109519202,False,False,False,False
2023-10-30 00:00:00+00:00,167.1677454976,168.2281830351,160.8702348581,162.7771620089,57336,,,,,,,,,,,,,,,,,,,,,,,,,,,,161.03451057207076,178.03269121908843,180.04403736006876,181.57463068489653,180.39407882008965,175.0572137220405,173.31597494995793,177.73035531302693,174.56936093322017,,,,,175.75031706382885,"rgba(239, 83, 80, 0.5)",10.737167174073711,176.2175193316072,-0.842845574376364,32.46319295934826,-23.322005602908334,False,True,False,True,True,0.0,0.0,0.0,0.0,0.0,0,0.8658701908296998,1.026386931742448,False,False,False,False,-0.19004704453039928,-0.23569435877217992,False,False,False,False,-262278,-314320.43796848133,False,False,False,False,39702.47673851782,False,False,False,False
2023-10-31 00:00:00+00:00,171.372287313,171.9350633746,165.8840579522,165.8840579522,40330,,,,,,,,,,,,,,,,,,,,,,,,,,,,162.51478469484906,177.86822513803173,179.88129226597462,181.41877044154754,180.30507646973905,175.02645111903436,173.29715401171643,177.70433567293765,174.55664119947002,,,,,175.84141455703337,#000000,10.775349370433274,176.22567376990213,-0.4504156932692559,40.714161241301696,-16.009147297767626,False,False,False,True,True,0.0,0.0,0.0,0.0,0.0,0,0.8961561509232314,1.001964216194665,False,False,False,False,-0.11026981087984035,-0.17298208482601013,False,False,False,False,-221948,-310697.98942069773,False,False,False,False,39727.085493870065,False,False,False,False
2023-11-01 00:00:00+00:00,173.8838499019,174.2466311647,169.0886257739,172.4792352688,42809,,,,,,,,,,,,,,,,,,,,,,,,,,,,164.02856165921895,177.75574089856747,179.75815243677695,181.29461832301803,180.23571320873717,175.01048759137015,173.29221821143642,177.68610776612712,174.55065815312176,,,,,175.95691758315266,#000000,10.66186063511301,176.25516176459564,-0.22241069770562744,47.55196465339718,-10.205867527825902,True,False,False,False,True,0.0,0.0,0.0,0.0,0.0,0,0.9136990086060927,0.9876709554872166,False,False,False,False,-0.060582597539776864,-0.11678234118289349,False,False,False,False,-179139,-305538.8133649841,False,False,False,False,39847.944886267316,False,False,False,False
2023-11-02 00:00:00+00:00,180.7487876447,180.7673918121,174.6838290968,174.6838290968,29491,,,,,,,,,,,,,,,,,,,,,,,,,,,,165.43098421630933,177.7694165076215,179.7466526098688,181.27054015710624,180.22667905620085,175.02604813281897,173.31290878829716,177.68858402057538,174.5586602922237,,,,,176.1144970867802,#000000,10.498456572292428,176.32932335822946,0.42096323931409235,54.95269225680252,-3.924791082277139,True,False,True,False,True,1.8548136739682946,0.0,0.0,0.0,0.0,0,0.9306705684524819,0.9748565078788782,False,False,False,False,0.04784943300788368,-0.03446645408750491,False,False,False,False,-149648,-299425.44813498476,False,False,False,False,39441.790184845064,False,False,False,False
2023-11-03 00:00:00+00:00,186.9997878659,188.320683746,183.6231314964,183.6231314964,30740,,,,,,,,,,,,,,,,,,,,,,,,,,,,167.31931944213534,177.89222631899676,179.8225863336795,181.31948647232673,180.26459951194352,175.07501602331766,173.36423964034984,177.7097923308683,174.58205705374363,,,,,176.37214701415124,"rgba(38, 166, 154, 1.0)",10.345205363806283,176.47130319493965,1.0177163527169109,61.706402408507984,1.735171123249124,True,False,True,False,True,5.503524465509656,0.0,0.0,0.0,0.0,0,0.9495867472473997,0.9651714507152449,False,False,False,False,0.19780331687402483,0.08166843139325997,False,False,False,False,-118908,-292346.3325218481,False,False,False,False,39100.54351092957,False,False,False,False
2023-11-06 00:00:00+00:00,185.4928503126,186.2556211729,183.437182844,186.2556211729,27906,,,,,,,,,,,,,,,,,,,,,,,,,,,,168.6652516084367,177.98456371681377,179.87700424311146,181.3521663257541,180.2915737785889,175.11418947935326,173.40601490741898,177.7261656052103,174.60095718175853,,,,,176.55754298293846,"rgba(38, 166, 154, 0.5)",10.213521861309454,176.57454340317074,0.8731862554887486,65.06360157051543,4.330035150388696,True,False,True,False,True,4.527655435446249,0.0,0.0,0.0,0.0,0,0.9449473409785922,0.9728172096928849,False,False,False,False,0.1769627603801745,0.12931559588671723,False,False,False,False,-146814,-286639.1822268737,False,False,False,False,38661.54180461861,False,False,False,False
2023-11-07 00:00:00+00:00,181.018548071,187.0462982842,179.3999855137,187.0462982842,56305,,,,,,,,,,,,,,,,,,,,,,,,,,,,170.5001333568307,178.09863022327687,179.9306040407409,181.37183680948516,180.31621575849792,175.1720918868551,173.47098987598213,177.74746790275012,174.62955362325116,,,,,176.80416927529666,#000000,9.987061826765244,176.71069590715402,0.43134329581308595,64.19551578849008,4.330035150388696,True,False,True,False,True,1.710345879561217,0.0,0.0,0.0,0.0,0,0.9233407334032838,0.9771967949051221,False,False,False,False,0.1471665022801341,0.13824104908342566,False,False,False,False,-203119,-283363.88096307474,False,False,False,False,39353.44212600611,False,False,False,False
2023-11-08 00:00:00+00:00,180.3115897126,182.423162704,179.6883501072,181.8706189344,28819,,,,,,,,,,,,,,,,,,,,,,,,,,,,171.15589426010243,178.13329958844133,179.93972312822592,181.36688141414584,180.31902157979957,175.19465085187588,173.49775677323908,177.7544585932854,174.6409973515349,,,,,176.88918706007223,#000000,9.785791732168073,176.75694918001233,0.36324506282948876,63.15737328027892,4.330035150388696,True,False,True,False,True,1.2746942878995462,0.0,0.0,0.0,0.0,0,0.915240213792433,0.9991531175394547,False,False,False,False,0.1077739500273617,0.12300749955539368,False,False,False,False,-231938,-281347.1797488365,False,False,False,False,38940.326748515676,False,False,False,False
2023-11-09 00:00:00+00:00,179.5116105176,181.9580585209,178.6482841329,178.6482841329,44768,,,,,,,,,,,,,,,,,,,,,,,,,,,,171.95486143422247,178.17045245621352,179.94130608943473,181.34901025776026,180.31656289731552,175.2245899588714,173.53462161881842,177.76253792439962,174.65648583466603,,,,,176.9900476079669,#000000,9.577782298608277,176.81130068133433,0.28193476862154565,61.92099164610653,4.330035150388696,True,False,True,False,True,0.7777748380238769,0.0,0.0,0.0,0.0,0,0.91186014808634,1.0059889966153108,False,False,False,False,0.09417925077726015,0.10859337516632692,False,False,False,False,-276706,-281165.1726998625,False,False,False,False,39168.862954456235,False,False,False,False
2023-11-10 00:00:00+00:00,179.7627667765,180.7348345193,177.8093292074,177.8744437931,39383,,,,,,,,,,,,,,,,,,,,,,,,,,,,172.50334887355604,178.19178184913895,179.93433330733728,181.32661666593583,180.30980306674897,175.24735938892314,173.5637322493604,177.76772630190013,174.66851811411667,,,,,177.05702442411305,#000000,9.475901244695109,176.84696366778476,0.3077072073062804,61.220388235971356,4.330035150388696,True,False,True,False,True,0.9323619390821172,0.0,0.0,0.0,0.0,0,0.9046162180669508,1.0203204701804243,False,False,False,False,0.07560883603573736,0.09210110560103213,False,False,False,False,-237323,-279445.8718096718,False,False,False,False,39177.260485654035,False,False,False,False
2023-11-13 00:00:00+00:00,178.9813917489,180.0232251191,177.213995853,179.1255740456,56562,,,,,,,,,,,,,,,,,,,,,,,,,,,,173.09746867947896,178.20473081932903,179.9111306341601,181.28384936656812,180.29268603052813,175.27426942039995,173.60014488802244,177.77203529875848,174.68318534649956,,,,,177.12438894263835,#000000,9.456497512743635,176.88146501497968,0.22206178673345375,60.14804910578537,4.330035150388696,True,False,True,False,True,0.4335997047981053,0.0,0.0,0.0,0.0,0,0.8873741324899886,1.043335576696543,False,False,False,False,0.11041865557184266,0.1012598805864374,False,False,False,False,-293885,-280012.1121308612,False,False,False,False,39859.014976412705,False,False,False,False
2023-11-14 00:00:00+00:00,189.3718191998,189.6508817097,182.8045481341,184.4231106914,35633,,,,,,,,,,,,,,,,,,,,,,,,,,,,173.9002415768842,178.33784117416016,180.0001411491142,181.34560759788758,180.340313433061,175.33224926807418,173.66048801909272,177.79850833877305,174.7117022386121,,,,,177.2696769772955,"rgba(38, 166, 154, 1.0)",9.456525764042688,176.97660952132378,1.3107572471919369,63.73761387577987,4.330035150388696,True,False,True,False,True,6.535690900012224,0.0,0.0,0.0,0.0,0,0.9216093094770409,1.001837997235804,False,False,False,False,0.28065088159472407,0.19095538109058074,False,False,False,False,-258252,-279158.77440023917,False,False,False,False,39693.28889890633,False,False,False,False
2023-11-15 00:00:00+00:00,187.9951108178,193.7717047722,187.1393191208,188.5253295865,71563,,,,,,,,,,,,,,,,,,,,,,,,,,,,175.506823949267,178.6612572950192,180.22847682368382,181.513724314839,180.4659138311256,175.46969019607818,173.8008093494541,177.86435907840837,174.77926840313236,,,,,177.5878136934453,"rgba(38, 166, 154, 1.0)",9.445062266209055,178.04017713451384,1.053982853972412,65.11671187853094,5.823889037377668,True,False,True,False,True,5.643439933108727,0.0,0.0,0.0,0.0,0,0.9510657214727117,0.9575916843565668,False,False,False,False,0.34282825222794583,0.2668918166592633,False,False,False,False,-329815,-281145.29305121023,False,False,False,False,40943.08149110609,False,False,False,False
2023-11-16 00:00:00+00:00,184.1254440142,186.3207357585,184.0324231776,186.3207357585,53740,,,,,,,,,,,,,,,,,,,,,,,,,,,,176.17048254384997,178.79099877227415,180.30886694682385,181.56341399835753,180.50971423644532,175.53672270451858,173.8730586531725,177.89332227612596,174.81331094850646,,,,,177.71776567556378,"rgba(38, 166, 154, 0.5)",9.42214074279019,178.0245368642188,0.6475075374616571,63.38691048151873,5.823889037377668,True,False,True,False,True,3.189339370657791,0.0,0.0,0.0,0.0,0,0.9498850369815734,0.9743451785676757,False,False,False,False,0.23113090522320723,0.24901136094123527,False,False,False,False,-383555,-285161.3599903785,False,False,False,False,41444.92143263134,False,False,False,False
2023-11-17 00:00:00+00:00,185.1765794681,187.464892049,184.1812565162,186.8695586946,77528,,,,,,,,,,,,,,,,,,,,,,,,,,,,177.0496787906763,178.99185613270478,180.4392351994014,181.64907923457093,180.5825363782548,175.63974544883297,173.98295402398685,177.9393456467383,174.86581886488815,,,,,177.90447219111715,"rgba(38, 166, 154, 0.5)",9.39667917187255,178.11643661361396,0.7513444617348898,62.68525035373792,5.823889037377668,True,False,True,False,True,3.78999199916656,0.0,0.0,0.0,0.0,0,0.948901114715156,0.9761879984553459,False,False,False,False,0.24445888656131384,0.24673512375127454,False,False,False,False,-306027,-285979.6203829127,False,False,False,False,42859.94412154776,False,False,False,False
2023-11-20 00:00:00+00:00,184.2184648508,189.613673375,183.2510481499,184.0975377632,45019,,,,,,,,,,,,,,,,,,,,,,,,,,,,177.49334302609216,179.10460961289922,180.51325777070977,181.69823296394273,180.62459005245873,175.69911980093784,174.04629816045536,177.96611910117318,174.8963199527895,,,,,178.00465449349542,"rgba(38, 166, 154, 0.5)",9.34478538693379,178.17718800983278,0.6464864189833981,61.54781375730813,5.823889037377668,True,False,True,False,True,3.1817553534337932,0.0,0.0,0.0,0.0,0,0.9450333360140623,0.9656845769873357,False,False,False,False,0.2570981450169682,0.2519166343841214,False,False,False,False,-351046,-288531.24311299453,False,False,False,False,42944.612979526275,False,False,False,False
2023-11-21 00:00:00+00:00,180.3022876289,183.6277825383,180.3022876289,183.6138294128,58359,,,,,,,,,,,,,,,,,,,,,,,,,,,,177.7377116093022,179.15382785236818,180.52935235597215,181.69377551432012,180.63288590184698,175.7425103236651,174.09757440403504,177.98146667508823,174.92002014635344,,,,,178.05434719810572,#000000,9.218299705548985,178.162689320786,0.2321033570676869,58.25144416315634,5.823889037377668,True,False,True,False,False,0.7430294412722915,0.0,0.0,0.0,0.0,0,0.9263653185022951,0.9987846939187156,False,False,False,False,0.1660090527660433,0.20896284357508232,False,False,False,False,-409405,-293271.3904418967,False,False,False,False,43549.09874503505,False,False,False,False
2023-11-22 00:00:00+00:00,182.3115377,183.1580273133,180.879016816,182.2278189471,35633,,,,,,,,,,,,,,,,,,,,,,,,,,,,177.8983601210598,179.19193391707717,180.54653858359092,181.6977375950637,180.64238138124037,175.77193809035074,174.13151937356835,177.9926843813251,174.93596995991655,,,,,178.08989593368807,#000000,9.155263437184633,178.17002415897687,0.45236421315875336,57.1431309683574,5.823889037377668,True,False,True,False,False,1.9362077920804914,0.0,0.0,0.0,0.0,0,0.9253856474790928,0.9930719430004422,False,False,False,False,0.16708082655959106,0.1880218350673367,False,False,False,False,-373772,-296428.2770912341,False,False,False,False,43238.66350013172,False,False,False,False
2023-11-24 00:00:00+00:00,184.2184648508,184.3579961058,181.595277258,181.595277258,10589,,,,,,,,,,,,,,,,,,,,,,,,,,,,177.95759724224956,179.20792250738134,180.55566267972088,181.70244293039022,180.64759946128785,175.78237691075083,174.1431525758385,177.99703282839857,174.94153494652016,,,,,178.10392467583753,"rgba(38, 166, 154, 0.5)",9.129871923000685,178.17742914732628,0.6616780338675575,57.39466363829586,5.823889037377668,True,False,True,False,False,3.055744389199031,0.0,0.0,0.0,0.0,0,0.9160229213631037,1.0024033014751317,False,False,False,False,0.1863465740276422,0.18718420454748946,False,False,False,False,-363183,-299046.10936216614,False,False,False,False,41958.28453934224,False,False,False,False
2023-11-27 00:00:00+00:00,180.5813501388,182.9905898074,179.9395063661,182.9905898074,29484,,,,,,,,,,,,,,,,,,,,,,,,,,,,178.05127191213086,179.22851337536028,180.56110608711253,181.69835750689407,180.6503493075059,175.8028549181789,174.16765096268148,178.00413513981522,174.95293013337695,,,,,178.12412992700624,#000000,9.097996444747013,178.1765752153793,0.26431917598837423,55.21751643242044,11.995837865324148,True,False,True,False,False,0.7953942309927378,0.0,0.0,0.0,0.0,0,0.9026734213575864,1.0049228357133841,False,False,False,False,0.1560082130802257,0.17159620881385756,False,False,False,False,-392667,-302717.51683815964,False,False,False,False,41469.09691034843,False,False,False,False
2023-11-28 00:00:00+00:00,178.4790792311,180.9859907781,178.3302458925,178.6837250717,32796,,,,,,,,,,,,,,,,,,,,,,,,,,,,178.0894012699833,179.22893549201294,180.5484672564594,181.67774718528418,180.6422930782489,175.8174300488428,174.18734134517766,178.00726646107046,174.96168712289114,,,,,178.12895213999676,#000000,9.08196148712447,178.15780156115997,0.035375361412345485,52.55028323949462,9.160339136950476,True,False,False,False,False,0.0,0.0,0.0,0.0,0.0,0,0.9004971977197238,1.0162383923025502,False,False,False,False,0.12010767693804765,0.1458519428759526,False,False,False,False,-425463,-307531.0651974475,False,False,False,False,41128.97546288379,False,False,False,False
2023-11-29 00:00:00+00:00,181.4371418358,183.111516895,180.3115897126,180.3115897126,34237,,,,,,,,,,,,,,,,,,,,,,,,,,,,178.20150516091982,179.2573885907302,180.55926707379587,181.67724176033184,180.6481936905966,175.8428193637598,174.21719358244448,178.0166080151126,174.97577297540846,,,,,178.15511002367774,#000000,9.072544384723285,178.1663849059195,0.360511538018808,52.529902208403485,8.841192795015488,True,False,False,False,False,1.2995686378426896,0.0,0.0,0.0,0.0,0,0.8971687214694386,0.9931337767128235,False,False,False,False,0.16093486963242168,0.15339340625418713,False,False,False,False,-391226,-310813.21950342995,False,False,False,False,40858.70191531972,False,False,False,False
2023-11-30 00:00:00+00:00,181.9673606045,185.0184440458,180.6929751428,182.0417772738,67146,,,,,,,,,,,,,,,,,,,,,,,,,,,,178.45697946168002,179.33269517158405,180.59803766869172,181.69215297943694,180.6705509079354,175.8999670559132,174.2823918154961,178.03952947378554,175.0071078438131,,,,,178.21993470870405,#000000,9.076510556337658,178.20407275496282,0.4146183520834948,52.82224417549253,8.775107054981163,True,False,False,False,False,1.6155727284953088,0.0,0.0,0.0,0.0,0,0.9028774874914678,0.9887711859204545,False,False,False,False,0.1839077084049976,0.16865055732959236,False,False,False,False,-324080,-311333.4854052562,False,False,False,False,41889.57635001306,False,False,False,False
2023-12-01 00:00:00+00:00,187.1858295391,187.7067462242,180.6650688918,180.6650688918,49458,,,,,,,,,,,,,,,,,,,,,,,,,,,,178.73549741570605,179.42938999357995,180.66261355381093,181.73510706754746,180.7091206353228,175.95779874200318,174.34479889981336,178.06598952841858,175.03799173327027,,,,,178.2975897299414,"rgba(38, 166, 154, 0.5)",9.11775185854379,178.26786421537855,0.9780881802968658,55.70344097729995,8.775107054981163,True,False,True,False,True,4.645127343113554,0.0,0.0,0.0,0.0,1,0.918110573181392,0.9691956579710648,False,False,False,False,0.21086122196122545,0.1897558896454089,False,False,False,False,-274622,-309893.8193109325,False,False,False,False,42186.377277463536,False,False,False,False
2023-12-04 00:00:00+00:00,190.1159858928,191.0182880081,185.371923225,185.371923225,34701,,,,,,,,,,,,,,,,,,,,,,,,,,,,179.020532822901,179.5371646862395,180.74253610923094,181.79583195717086,180.7575333105183,176.0138245301431,174.4027577327595,178.093894198779,175.06730173855024,,,,,178.38126412069914,"rgba(38, 166, 154, 1.0)",9.178889903916518,178.34496396383722,1.2824014725288564,58.86400205401945,3.103392551463621,True,False,True,False,True,6.27081711889355,0.0,0.0,0.0,0.0,0,0.9345506504796288,0.9554108259843805,False,False,False,False,0.294138441394914,0.24194716552016146,False,False,False,False,-239921,-307149.787181092,False,False,False,False,41892.83307050418,False,False,False,False
2023-12-05 00:00:00+00:00,187.9579024831,189.7625067136,186.0649284578,188.7113712598,74423,,,,,,,,,,,,,,,,,,,,,,,,,,,,179.52892776513562,179.73842655904255,180.89015157682232,181.9062925869406,180.84800092069898,176.1239695690966,174.51779755859926,178.14824400582128,175.12563134524967,,,,,178.5363824319341,"rgba(38, 166, 154, 1.0)",9.224093854371084,178.48341939935506,1.027145130278051,59.3951969969214,3.7628990674322083,True,False,True,False,True,4.8835747653120265,0.0,0.0,0.0,0.0,0,0.9340218141108955,0.9548201822529435,False,False,False,False,0.2881752573639902,0.26506121144207584,False,False,False,False,-314344,-307431.9131739904,False,False,False,False,43168.52589126873,False,False,False,False
2023-12-06 00:00:00+00:00,188.9346212677,191.4182776056,188.6276525068,188.9160171004,42700,,,,,,,,,,,,,,,,,,,,,,,,,,,,179.85015777658236,179.87310773526772,180.99231214062718,181.98560427307027,180.91132817263517,176.19538716007415,174.59133181663526,178.1846302964346,175.16335408108367,,,,,178.63857927249003,"rgba(38, 166, 154, 1.0)",9.282421961034322,178.5768309047424,1.1158499803647655,60.20864992004154,4.754122226296644,True,False,True,False,True,5.431981256902077,0.0,0.0,0.0,0.0,1,0.9511342906738482,0.945228560432821,False,False,False,False,0.33339568560397864,0.2992284485230272,False,False,False,False,-271644,-306028.4655985398,False,False,False,False,43150.15232690525,False,False,False,False
2023-12-07 00:00:00+00:00,192.2647672188,192.2740693025,188.6555587578,188.6555587578,35993,,,,,,,,,,,,,,,,,,,,,,,,,,,,180.1420843039191,179.99971630910716,181.09025332736368,182.06321585235554,180.97246304178375,176.26122336061226,174.65848961473966,178.21885545237603,175.19806604510805,,,,,178.73381858970728,"rgba(38, 166, 154, 1.0)",9.389095341896748,178.66494845122858,1.4484695566872392,62.22141603221857,6.874124039885373,True,False,True,False,True,7.27487496833044,0.0,0.0,0.0,0.0,0,0.9602139076746272,0.933953137167125,False,False,False,False,0.3428282522285466,0.3210283503757869,False,False,False,False,-235651,-303268.5649868324,False,False,False,False,42869.479686634455,False,False,False,False
2023-12-08 00:00:00+00:00,192.0322151273,194.6693558456,190.7578296655,191.6508296971,36553,,,,,,,,,,,,,,,,,,,,,,,,,,,,180.46001374194555,180.1415439182907,181.2016896183358,182.15292431828962,181.04244052447464,176.33385381406475,174.7319958476369,178.25725355578803,175.23630805342196,,,,,178.83978037691642,"rgba(38, 166, 154, 1.0)",9.47432924304448,178.76381523419994,1.4004579693956665,63.36891574628924,8.14900390355087,True,False,True,False,True,7.119861381000408,0.0,0.0,0.0,0.0,0,0.9557890934613292,0.93886222039926,False,False,False,False,0.342828252364706,0.3319283013702464,False,False,False,False,-272204,-302050.3467520547,False,False,False,False,42621.774600884084,False,False,False,False
2023-12-11 00:00:00+00:00,190.8136421675,193.2733921504,190.3159806916,191.07410051,37951,,,,,,,,,,,,,,,,,,,,,,,,,,,,180.74669282459064,180.27355229087,181.30486590479737,182.23542128956194,181.10781166017162,176.4038642022491,174.80333211780146,178.29406335470736,175.27349964929329,,,,,178.93812258822695,"rgba(38, 166, 154, 1.0)",9.550744124137951,178.8540546086442,1.2522152623301785,63.0771799633113,8.14900390355087,True,False,True,False,True,6.300825921109663,0.0,0.0,0.0,0.0,0,0.9486051696558936,0.9446182653075316,False,False,False,False,0.32409861815216506,0.3280134597612058,False,False,False,False,-310155,-302368.17629118985,False,False,False,False,42438.60696947687,False,False,False,False
2023-12-12 00:00:00+00:00,193.4554339276,193.9763506127,190.6089963269,191.6043192788,31506,,,,,,,,,,,,,,,,,,,,,,,,,,,,180.99924534403408,180.39244758047715,181.3989914243743,182.31165678669817,181.16774117286457,176.46613401769872,174.86636918241248,178.32726498956384,175.30654820404138,,,,,179.02626652246272,"rgba(0, 255, 255, 0.75)",9.655938395338781,178.93555835097965,1.5037249599303115,64.17348265699877,9.355784262903029,True,False,True,False,True,7.783852996354877,0.0,0.0,0.0,0.0,0,0.9650566822684185,0.9328881150666224,False,False,False,False,0.334220816503384,0.3311171381322949,False,False,False,False,-278649,-301438.0125150648,False,False,False,False,42009.87728439934,False,False,False,False
2023-12-13 00:00:00+00:00,201.8924238095,202.1342779847,190.7764338328,192.6926630673,71780,,,,,,,,,,,,,,,,,,,,,,,,,,,,181.79356364260104,180.7743836877683,181.71111190365434,182.57264969843388,181.367142028838,176.65451993077286,175.05286925941323,178.43156419171305,175.40544086629896,,,,,179.30702724549928,"rgba(0, 255, 0, 1.0)",9.940262755299944,179.20221590257017,2.282656753196174,67.88842251907639,13.02904629706363,True,False,True,False,True,12.201677675417862,0.0,0.0,0.0,0.0,0,0.9946398218832313,0.8870407833083394,False,False,False,False,0.342828252557213,0.33697269534475394,False,False,False,False,-206869,-297729.42378898384,False,False,False,False,43177.333077168,False,False,False,False
2023-12-14 00:00:00+00:00,209.9015178428,210.999163715,204.7202572428,204.7202572428,59868,,,,,,,,,,,,,,,,,,,,,,,,,,,,182.78178257769804,181.26053380119384,182.11885646240154,182.92214595907612,181.62887584534965,176.88267509363823,175.2739924549944,178.56234367138677,175.5240421767377,,,,,179.66169422694182,"rgba(0, 255, 0, 1.0)",10.464177481225542,179.5450371665731,2.9009906159075958,72.15436487289665,17.045533191512405,True,False,True,False,True,15.960463586344428,0.0,0.0,0.0,0.0,0,1.0489898748269937,0.8480157109511731,False,False,False,False,0.3428282529705927,0.3399004741576733,False,False,False,False,-147001,-291818.5052090237,False,False,False,False,43831.869034926116,False,False,False,False
2023-12-15 00:00:00+00:00,204.5714239042,211.0456741333,203.529590534,211.0363720496,96265,,,,,,,,,,,,,,,,,,,,,,,,,,,,184.1052467771667,181.94842990842568,182.6976449333252,183.4190979586504,182.0064067138515,177.21822253929002,175.60081688906152,178.75529742128623,175.70062801839057,,,,,180.16131012882752,"rgba(0, 255, 0, 1.0)",10.779526774829693,180.0203814016428,2.2775621801769765,71.30436326041661,17.045533191512405,True,False,True,False,True,12.40763453902662,0.0,0.0,0.0,0.0,0,1.0356136967999547,0.8590867208376852,False,False,False,False,0.3345851580699267,0.3372428161138,False,False,False,False,-243266,-289914.4853969051,False,False,False,False,45888.07024924274,False,False,False,False
2023-12-18 00:00:00+00:00,202.7668196737,204.6737468245,202.1342779847,204.6737468245,42513,,,,,,,,,,,,,,,,,,,,,,,,,,,,184.56650502972934,182.2022503107812,182.91129198199366,183.60235315272578,182.1481456263461,177.34804335972555,175.7282394614437,178.82991802371342,175.76992797661825,,,,,180.3451861025641,"rgba(0, 255, 0, 1.0)",11.010952468314104,180.19243828099258,2.050175174006888,69.60866894083007,17.045533191512405,True,False,True,False,False,11.243854678969829,0.0,0.0,0.0,0.0,0,1.029782576313052,0.8847999559640638,False,False,False,False,0.27970774157867917,0.3084752788462396,False,False,False,False,-285779,-289752.3094989873,False,False,False,False,45755.714553194004,False,False,False,False
2023-12-19 00:00:00+00:00,210.7945178744,211.6224033204,204.6551426572,204.6551426572,59750,,,,,,,,,,,,,,,,,,,,,,,,,,,,185.369926341271,182.6452241145438,183.2883622202479,183.929237372282,182.39850882633573,177.56900745573625,175.94296201921574,178.95895119487253,175.8873279420243,,,,,180.66550083183657,"rgba(0, 255, 0, 1.0)",11.435637847488007,180.49515809818985,2.649555729229901,70.643926187184,17.045533191512405,True,False,True,False,False,14.877491772927883,0.0,0.0,0.0,0.0,0,1.0329244059102303,0.8482160772275912,False,False,False,False,0.34282825297841524,0.3256517659123274,False,False,False,False,-226029,-287253.35618530156,False,False,False,False,46304.51006091188,False,False,False,False
2023-12-20 00:00:00+00:00,219.4175494295,220.9337890665,213.0735283717,214.580465925,78298,,,,,,,,,,,,,,,,,,,,,,,,,,,,186.70867412931554,183.39011251266402,183.92944097119948,184.4906432755822,182.8255545552676,177.9335117997128,176.29379543979317,179.17529792085182,176.08037460351562,,,,,181.20304502310026,"rgba(0, 255, 0, 1.0)",12.230791048308731,181.00662755848833,3.1405100225568097,73.0182122319013,17.71095963622281,True,False,True,False,True,18.412442081975755,0.0,0.0,0.0,0.0,0,1.0460678811088069,0.8270086220444512,False,False,False,False,0.34282825318929355,0.33424000955081046,False,False,False,False,-147731,-281781.8912368583,False,False,False,False,47559.156725189845,False,False,False,False
2023-12-21 00:00:00+00:00,219.073372334,220.477986967,216.6734347491,220.477986967,53277,,,,,,,,,,,,,,,,,,,,,,,,,,,,187.58365334503577,183.8924387776267,184.36385907857695,184.8725330512252,183.1178885931711,178.18349980232827,176.53446513915657,179.32465942931742,176.21363305429026,,,,,181.56518114119203,"rgba(0, 255, 0, 1.0)",12.952265369314475,181.34964323983212,2.912519780789859,74.39202874061812,19.08837719193444,True,False,True,False,True,18.18928631087312,0.0,0.0,0.0,0.0,0,1.071256715661054,0.8260964937031111,False,False,False,False,0.3428282532203923,0.3385341313856014,False,False,False,False,-201008,-278614.28765894234,False,False,False,False,47783.38587322162,False,False,False,False
2023-12-22 00:00:00+00:00,223.5569766593,223.8267370855,219.2408098399,220.6919348912,30792,,,,,,,,,,,,,,,,,,,,,,,,,,,,188.12177494159283,184.2045442895805,184.63485000199682,185.11158783386554,183.30091748375008,178.3388215625413,176.68364486559048,179.41801822901735,176.29651931369287,,,,,181.790075391292,"rgba(0, 255, 0, 1.0)",13.79106244846437,181.56277616246197,3.0450301166980847,76.09724968869845,20.80132077555126,True,False,True,False,True,19.937827932294073,0.0,0.0,0.0,0.0,0,1.101764052181228,0.7941899460808318,False,False,False,False,0.34282825327482747,0.34068119233021443,False,False,False,False,-170216,-274363.37441741524,False,False,False,False,47117.05701544822,False,False,False,False
2023-12-26 00:00:00+00:00,226.2266746704,226.347601758,222.6918828787,225.2220496348,22486,,,,,,,,,,,,,,,,,,,,,,,,,,,,188.53661750957917,184.44630077102434,184.84528763651113,185.2976396252522,183.44331166102302,178.45895769744885,176.79882407619476,179.4905097122646,176.36064467292326,,,,,181.96423259580237,"rgba(0, 255, 0, 1.0)",14.66430435566482,181.72794449926923,3.034493085513526,77.66806648992608,22.393708254497668,True,False,True,False,True,20.0,0.0,0.0,0.0,0.0,0,1.1331832402382587,0.7677270070159999,False,False,False,False,0.3428282533249675,0.341754722827591,False,False,False,False,-147730,-269397.35973437934,False,False,False,False,46151.13321092084,False,False,False,False
2023-12-27 00:00:00+00:00,228.2731330761,229.7335602111,225.4825079774,225.4825079774,27697,,,,,,,,,,,,,,,,,,,,,,,,,,,,189.07234604164935,184.76000153681233,185.1189539643089,185.54006441998706,183.62883320155143,178.61473743489265,176.94795441896906,179.58483350182075,176.4438294648817,,,,,182.1901726649859,"rgba(0, 255, 0, 1.0)",15.544861026238234,181.9423217318202,2.980458382103118,79.04055348924706,23.813310925497404,True,False,True,False,True,20.0,0.0,0.0,0.0,0.0,0,1.1355436436551167,0.7510542137345146,False,False,False,False,0.34282825337238987,0.34229148809999044,False,False,False,False,-120033,-263539.9338624429,False,False,False,False,45427.44171245336,False,False,False,False
2023-12-28 00:00:00+00:00,229.8637893824,230.5707477407,226.3662059253,226.8685184431,29428,,,,,,,,,,,,,,,,,,,,,,,,,,,,189.64154081028062,185.09679094562313,185.41334816894533,185.801275120059,183.82913808744638,178.78286779520633,177.10886982034864,179.68693362177962,176.5338113002988,,,,,182.43273062999867,"rgba(0, 255, 0, 1.0)",16.41445060489655,184.90065177844969,2.7392410922688746,80.20851534258529,25.061863023160726,True,False,True,False,True,20.0,0.0,0.0,0.0,0.0,0,1.1448978180993736,0.7396390246794269,False,False,False,False,0.34282825338487666,0.34255987074243355,False,False,False,False,-90605,-256758.17175019026,False,False,False,False,44800.01262569048,False,False,False,False
2023-12-29 00:00:00+00:00,224.887174623,226.5243413476,223.2500078984,225.6685496506,33397,,,,,,,,,,,,,,,,,,,,,,,,,,,,190.20359829026927,185.43812458539009,185.7120700331166,186.06647673491483,184.03412165712825,178.9570324370774,177.27612086256707,179.79281486991295,176.62769920270583,,,,,182.678673185898,"rgba(0, 255, 0, 1.0)",17.055068540681845,185.02099353579158,2.337497559280674,77.53654287200686,25.061863023160726,True,False,True,False,False,18.974405760185096,0.0,0.0,0.0,0.0,0,1.1391027353323022,0.7331324428763379,False,False,False,False,0.306350208539387,0.32445503964091027,False,False,False,False,-124002,-251552.0473678299,False,False,False,False,44352.83565997713,False,False,False,False
2024-01-02 00:00:00+00:00,219.1849973379,223.48255999,217.4362056094,222.7476953806,32009,,,,,,,,,,,,,,,,,,,,,,,,,,,,190.65267458059097,185.7202493717006,185.95922137117893,186.28594765248351,184.2055649451085,179.10522218383423,177.41909919138538,179.882960794656,176.70832959644085,,,,,182.88214107637543,"rgba(0, 255, 255, 0.75)",17.493575603007983,185.09420252433617,1.948760824385267,72.47073345856003,27.936134599129616,True,False,True,False,False,15.357968211061031,0.0,0.0,0.0,0.0,0,1.1216523470538031,0.7369132957075023,False,False,False,False,0.2623079505961687,0.2933814951185395,False,False,False,False,-156011,-247805.339627915,False,False,False,False,43868.76367331136,False,False,False,False
2024-01-03 00:00:00+00:00,213.12003879,218.2919973063,212.8037679455,218.2919973063,46567,,,,,,,,,,,,,,,,,,,,,,,,,,,,191.16886896359233,186.0604745699234,186.2575847183005,186.55090219265068,184.41564751586267,179.2912609187812,177.59976771952316,179.99618393108597,176.81082482833247,,,,,183.12794615089467,"rgba(0, 255, 255, 0.75)",17.770809225833382,185.15706226234767,1.5735342252733555,66.23215405851418,22.27048988162265,True,False,True,False,False,11.73530198595384,0.0,0.0,0.0,0.0,0,1.106073384147048,0.7418317667876175,False,False,False,False,0.21458504660156105,0.2539832708600503,False,False,False,False,-202578,-246031.718466036,False,False,False,False,43974.57686259327,False,False,False,False
2024-01-04 00:00:00+00:00,221.4081953332,222.0500391059,214.9525492715,214.9525492715,24848,,,,,,,,,,,,,,,,,,,,,,,,,,,,191.4888561661637,186.2681915817149,186.44030435467465,186.7136669994883,184.54387668767723,179.4028830914682,177.70764934844337,180.0644862053725,176.8720850293465,,,,,183.27799994048326,"rgba(0, 255, 255, 0.75)",18.233700700159314,185.28089399297855,1.9813477216890922,64.71670480518318,21.111467822746008,True,False,True,False,False,15.08496936304163,0.0,0.0,0.0,0.0,0,1.105189816867488,0.7273133552481971,False,False,False,False,0.2431533030339289,0.2485682869469896,False,False,False,False,-177730,-243353.21970266203,False,False,False,False,43224.51502484451,False,False,False,False
2024-01-05 00:00:00+00:00,217.8547993742,222.2779401557,217.1199347649,219.017559832,41209,,,,,,,,,,,,,,,,,,,,,,,,,,,,191.99677413685768,186.60310305063157,186.73545231689812,186.97694422741935,184.7521541540595,179.58487076578155,177.88370208436294,180.17613748282199,176.9723774778512,,,,,183.52016841074268,"rgba(0, 255, 255, 0.75)",18.589549661013976,185.48304959483315,1.741395050965486,62.1678313409791,18.84488705955326,True,False,True,False,False,13.045546787947057,0.0,0.0,0.0,0.0,0,1.112001372104205,0.7259274016560828,False,False,False,False,0.25484739053781325,0.25170783874240144,False,False,False,False,-218939,-242395.7993221655,False,False,False,False,43145.47521994865,False,False,False,False
2024-01-08 00:00:00+00:00,221.8081849307,222.1430599426,217.4548097767,217.4548097767,22613,,,,,,,,,,,,,,,,,,,,,,,,,,,,192.2814664281291,186.79170370661473,186.90198986575837,187.1257545253513,184.86994628880151,179.68750247171653,177.98289896123953,180.23930427087203,177.02901229688882,,,,,183.65661986837466,"rgba(0, 255, 255, 0.75)",19.02311264516568,185.6070512153438,1.903007903628009,61.669071402255405,18.398253277020686,False,False,True,False,False,14.597955312698321,0.0,0.0,0.0,0.0,0,1.1196390892620247,0.7246039632578926,False,False,False,False,0.2527402642334367,0.25222405148791904,False,False,False,False,-196326,-240589.1405252178,False,False,False,False,42340.280113283996,False,False,False,False
2024-01-09 00:00:00+00:00,217.0827264302,219.9942786166,216.1897263986,218.7664035731,37528,,,,,,,,,,,,,,,,,,,,,,,,,,,,192.69728868928618,187.0752615841517,187.15272394371306,187.3499600582237,185.0489573735234,179.84543905784233,178.13605987188052,180.33665798943227,177.11682729666362,,,,,183.8621306516352,"rgba(0, 255, 255, 0.75)",19.3299826290996,185.77401233486992,1.6196969596960504,59.32742911280032,16.101024845853885,False,False,True,False,False,11.940865962806647,0.0,0.0,0.0,0.0,0,1.0996683991230443,0.7375692618574178,False,False,False,False,0.23161842065512334,0.2419212360715212,False,False,False,False,-233854,-240325.01736736615,False,False,False,False,42151.56324609639,False,False,False,False
2024-01-10 00:00:00+00:00,216.9711014263,220.0547421604,215.408351371,217.0827264302,31914,,,,,,,,,,,,,,,,,,,,,,,,,,,,193.03657181346924,187.31020149962717,187.36086041054386,187.53634226475313,185.19838427730855,179.977745995195,178.26447775230852,180.4184403600799,177.19070027436436,,,,,184.03263607196106,"rgba(0, 255, 255, 0.75)",19.619358061801723,185.91435952083862,1.5829642237850738,57.7194358163162,14.469718510858812,False,False,True,False,False,11.87876288191185,0.0,0.0,0.0,0.0,0,1.1094058673199447,0.7584106670069565,False,False,False,False,0.2227478824025379,0.23233455923702956,False,False,False,False,-265768,-241322.78139217533,False,False,False,False,41750.09017762202,False,False,False,False
2024-01-11 00:00:00+00:00,216.5339034941,218.5989660672,214.5432575904,216.5618097451,38069,,,,,,,,,,,,,,,,,,,,,,,,,,,,193.41456048833243,187.5773496415713,187.59796633624114,187.74894194617067,185.36981317339078,180.13051875274687,178.4130045696745,180.51311719540286,177.27646479202636,,,,,184.2268596550619,"rgba(0, 255, 255, 0.75)",19.890458826884736,186.07142550670142,1.531512080868858,56.448117495103574,13.100645920377339,False,True,True,False,False,11.631445135933646,0.0,0.0,0.0,0.0,0,1.0899495411929547,0.7648004422614845,False,False,False,False,0.20081638446555636,0.21657547185129294,False,False,False,False,-303837,-243774.3193767959,False,False,False,False,41605.73370006822,False,False,False,False
2024-01-12 00:00:00+00:00,220.6082161383,221.0826224051,217.8175910395,219.8919556963,31447,,,,,,,,,,,,,,,,,,,,,,,,,,,,193.76069235635106,187.8189179126853,187.81278213507662,187.94193839295133,185.52474819752632,180.26702574527513,178.545296410651,180.59802903187077,177.3529168962772,,,,,184.40248300874055,"rgba(0, 255, 255, 0.75)",20.218798575063033,186.23253184342013,1.7001843194222883,57.153903832984014,13.100645920377339,False,True,True,False,False,13.301633652520717,0.0,0.0,0.0,0.0,0,1.0788980120840104,0.7632169743380041,False,False,False,False,0.22913843423731442,0.2228569530443037,False,False,False,False,-272390,-244896.50293064705,False,False,False,False,41207.35198634005,False,False,False,False
2024-01-16 00:00:00+00:00,214.3293096661,220.9523932338,212.9898096187,217.7989868722,41960,,,,,,,,,,,,,,,,,,,,,,,,,,,,194.14430970473103,188.09861008691547,188.06198450330567,188.16604696795457,185.70699034280625,180.43060912907566,178.70461046267567,180.69999713657458,177.44554445617607,,,,,184.60652253224612,"rgba(38, 166, 154, 1.0)",20.419191136545674,186.39922833121608,1.3678348543834071,54.76827536418665,11.11171064341029,False,True,False,False,False,9.787431377794118,0.0,0.0,0.0,0.0,0,1.0476496871081864,0.774975849391209,False,False,False,False,0.18245447420722635,0.202655713625765,False,False,False,False,-314350,-247620.1694823864,False,False,False,False,41236.867594718875,False,False,False,False
2024-01-17 00:00:00+00:00,213.2874762959,216.0781013947,210.227090771,210.227090771,38414,,,,,,,,,,,,,,,,,,,,,,,,,,,213.19755615386669,194.43933475026876,188.3238907824976,188.26315336906137,188.34717650744494,185.8562310468096,180.56702022362475,178.83808551155798,180.7852466854796,177.5236375314676,,,,,187.61413325620788,"rgba(38, 166, 154, 1.0)",20.59983073427284,188.38745807210563,1.2087486807533387,52.74439965967966,9.000262969901321,False,True,False,False,False,9.219937596889313,0.0,0.0,0.0,0.0,0,1.0191099264498038,0.8171210091449731,False,False,False,False,0.12791461224039094,0.165285162933078,False,False,False,False,-352764,-251743.4569536654,False,False,False,False,41126.1669047299,False,False,False,False
2024-01-18 00:00:00+00:00,215.6874138808,216.3385597372,212.45959085,213.7153721444,40569,,,,,,,,,,,,,,,,,,,,,,,,,,,214.03528873802463,194.76739230718607,188.57277515704308,188.48581082018404,188.5480121531682,186.02139237257822,180.71699548713644,178.98456960254373,180.8793003960387,177.60949573819656,,,,,187.86210327720997,"rgba(38, 166, 154, 1.0)",20.809564067225697,188.57367332566454,1.3029461101416633,52.452510259297696,8.498109838015878,False,True,False,False,False,10.238810592920679,0.0,0.0,0.0,0.0,0,1.0046079264234122,0.8316941426980433,False,False,False,False,0.14472665165468607,0.15500590729388203,False,False,False,False,-312195,-254114.10570058046,False,False,False,False,41104.31722219147,False,False,False,False
2024-01-19 00:00:00+00:00,223.3895391533,225.5104142284,214.7851117656,214.8223201002,39173,,,,,,,,,,,,,,,,,,,,,,,,,,,216.42005114199696,195.17220389667278,188.8662059975882,188.74867155228654,188.785592827814,186.21412826547933,180.8875058625448,179.14993904625373,180.98665321967366,177.7062163152152,,,,,188.29371681255253,"rgba(0, 255, 255, 0.75)",21.139149907573533,188.8941475712149,1.631824918831123,55.13242319649117,8.498109838015878,False,True,True,False,False,13.365153730098086,0.0,0.0,0.0,0.0,0,1.0166972935521381,0.7968540734220086,False,False,False,False,0.22348355268424358,0.1892447299890628,False,False,False,False,-273022,-254855.5917515381,False,False,False,False,41028.57929190945,False,False,False,False
2024-01-22 00:00:00+00:00,227.6126851361,228.4033622474,223.9848725077,223.9848725077,37939,,,,,,,,,,,,,,,,,,,,,,,,,,,218.91057280919443,195.63203383729353,189.1923315994019,189.04121982809855,189.05044422822036,186.42747482635642,181.07336205300615,179.32941132247862,181.10405931552327,177.81113674858221,,,,,188.75720465681553,"rgba(0, 255, 255, 0.75)",21.492381292666142,189.25865188421784,1.7845408905419766,58.20334846315741,8.498109838015878,False,True,True,False,True,14.98611634643309,0.0,0.0,0.0,0.0,0,1.064760584963958,0.7846071755079967,False,False,False,False,0.309396573084118,0.2493206515365904,False,False,False,False,-235083,-254080.1959965758,False,False,False,False,40907.41931967771,False,False,False,False
2024-01-23 00:00:00+00:00,225.8080809056,230.5707477407,223.2500078984,230.5707477407,31910,,,,,,,,,,,,,,,,,,,,,,,,,,,220.20601182964106,196.00701623246775,189.46141250645783,189.28300615239942,189.26963153925203,186.60463544361951,181.22809676623908,179.47892399448108,181.20207425905085,177.89881327530404,,,,,189.06396219989125,"rgba(0, 255, 255, 0.75)",21.782124881067052,189.51895245908284,1.6660049763124605,59.31052116609109,3.382761412793073,False,True,True,False,True,13.965905151159095,0.0,0.0,0.0,0.0,0,1.0598439588267794,0.7629971378827595,False,False,False,False,0.3198498517675893,0.2845852516520898,False,False,False,False,-266993,-254586.58046729834,False,False,False,False,40554.57934635702,False,False,False,False
2024-01-24 00:00:00+00:00,224.1802162646,230.1614560596,221.0733203214,229.5382164542,65824,,,,,,,,,,,,,,,,,,,,,,,,,,,221.4850814761105,196.71820122778794,189.98383690959065,189.7536081250596,189.69703501781223,186.95250382752675,181.53418877453612,179.775251175157,181.3967074844009,178.07348592324112,,,,,189.53698999412228,"rgba(0, 255, 255, 0.75)",22.033576193705983,189.95201670780756,1.5534563820180007,59.19385837101501,3.459076574543502,False,True,True,False,True,13.047065548081598,0.0,0.0,0.0,0.0,0,1.0544395622217428,0.7677863451249756,False,False,False,False,0.30102711802286186,0.29280618483747584,False,False,False,False,-332817,-257654.44005681606,False,False,False,False,41545.537019048905,False,False,False,False
2024-01-25 00:00:00+00:00,227.5754768014,228.4591747494,223.7058099979,228.4591747494,24017,,,,,,,,,,,,,,,,,,,,,,,,,,,221.92549938096894,196.98184883283596,190.1783253562272,189.9291257497211,189.85669661585277,187.08260431970473,181.64846961465983,179.88582182917563,181.46962072071636,178.138839574381,,,,,189.70968519942434,"rgba(0, 255, 255, 0.75)",22.323828247070956,190.11267790251287,1.6781529800473403,60.31004353317674,4.775558270889917,False,False,True,False,True,14.379555552998344,0.0,0.0,0.0,0.0,1,1.0666511029528642,0.7710584302948598,False,False,False,False,0.3077734296082822,0.300289807222879,False,False,False,False,-308800,-259660.14828988208,False,False,False,False,40858.14341045875,False,False,False,False
2024-01-26 00:00:00+00:00,228.7940497612,230.8369733752,226.431320511,229.6312372908,24811,,,,,,,,,,,,,,,,,,,,,,,,,,,222.47982557950613,197.2684143702688,190.3885907268162,190.1190223410463,190.02957325774898,187.22323483196183,181.7714297082716,180.00463093915886,181.5482049025651,178.20909810652714,,,,,189.90420247638707,"rgba(0, 255, 255, 0.75)",22.620621066260373,190.292822476362,1.7020411231000296,61.470064705649776,6.1317415294597595,False,False,True,False,True,14.85332392577008,0.0,0.0,0.0,0.0,1,1.0782253513116526,0.7612503998349851,False,False,False,False,0.34282825290310787,0.32155903006299347,False,False,False,False,-283989,-260614.22090596517,False,False,False,False,40228.843668872134,False,False,False,False
2024-01-29 00:00:00+00:00,229.4637997849,230.040528972,226.7568934391,228.2638309925,41234,,,,,,,,,,,,,,,,,,,,,,,,,,,223.23209480841274,197.73435690928608,190.73359864574974,190.43106874421102,190.31398813284054,187.4552312294539,181.97465102900736,180.20107537112435,181.67841171279932,178.3255842209423,,,,,190.20800608038275,"rgba(0, 255, 255, 0.75)",22.90198253672603,190.57910629054874,1.6978745587634203,62.48168187463932,7.343567693494904,False,False,True,False,True,15.115802770729978,0.0,0.0,0.0,0.0,0,1.0750291187309426,0.7868526136319567,False,False,False,False,0.3392719547339414,0.33041549239846746,False,False,False,False,-242755,-259913.85930180966,False,False,False,False,40268.26156421049,False,False,False,False
2024-01-30 00:00:00+00:00,227.9289559806,230.9757585428,227.9289559806,228.8008102522,31373,,,,,,,,,,,,,,,,,,,,,,,,,,,223.7096707846579,198.08185995779164,190.9932671550162,190.66629953590814,190.52866326516755,187.63082496946188,182.1287246270794,180.35006658137183,181.777399372185,178.41418796627462,,,,,190.4280964214914,"rgba(38, 166, 154, 1.0)",23.10112814953234,193.31584436904987,1.498329925166483,62.13682792408821,7.343567693494904,False,False,True,False,True,14.20547133741574,0.0,0.0,0.0,0.0,0,1.0641812716668897,0.7959297170389785,False,False,False,False,0.34282825292795743,0.3366218726632124,False,False,False,False,-274128,-260471.27658409165,False,False,False,False,39919.4277773787,False,False,False,False
2024-01-31 00:00:00+00:00,221.3478624464,229.4476698731,220.9353722533,227.9383307577,43854,,,,,,,,,,,,,,,,,,,,,,,,,,,223.73066358490698,198.47768769880054,191.3030085604571,190.94772001377422,190.7859698643451,187.8441909256778,182.31942859698304,180.5353923644444,181.90037977368598,178.52523447220844,,,,,190.63696758552834,"rgba(38, 166, 154, 1.0)",23.11828283804886,193.37464600209378,1.21000407514121,58.164195396258734,7.343567693494904,False,True,True,False,False,10.42962022545235,0.0,0.0,0.0,0.0,0,1.0489160521472825,0.7836921758345335,False,False,False,False,0.28066944292291535,0.30864565779306385,False,False,False,False,-317982,-262726.59907099005,False,False,False,False,40073.72472728542,False,False,False,False
2024-02-01 00:00:00+00:00,224.2540433518,224.8727786413,216.482353124,223.7290558334,39753,,,,,,,,,,,,,,,,,,,,,,,,,,,223.5694464018335,198.79820023434021,191.56153163371175,191.1831982795802,191.00165166394657,188.02462584994814,182.48239278237415,180.69419056323693,182.00585602235492,178.62092421019707,,,,,190.79420176415232,"rgba(38, 166, 154, 1.0)",23.09282391299078,193.46091757954468,1.333449988112227,56.86858002157523,11.758687307397835,False,True,True,False,False,11.638129163086333,0.0,0.0,0.0,0.0,0,1.0315718570415002,0.8085424046917847,False,False,False,False,0.2170390598749107,0.26284235883398727,False,False,False,False,-278229,-263334.5363623238,False,False,False,False,40061.147286999716,False,False,False,False
2024-02-02 00:00:00+00:00,216.5386017867,227.9430181463,215.7042466235,219.0791663847,56784,,,,,,,,,,,,,,,,,,,,,,,,,,,223.18320102013396,199.2063834582474,191.90173812653967,191.49395398868455,191.28685392081726,188.2654781138092,182.702280811414,180.90905013691608,182.1487697651657,178.75119610033528,,,,,190.98489054420634,"rgba(38, 166, 154, 1.0)",22.948342657119543,193.57983398235461,1.000454287587632,52.52569538613558,7.631712603329788,False,True,False,False,False,7.457343246610645,0.0,0.0,0.0,0.0,1,1.031453446062609,0.8092637154922071,False,False,False,False,0.23301221008134684,0.24792728445766704,False,False,False,False,-335013,-266145.4565049778,False,False,False,False,40716.94543260757,False,False,False,False
2024-02-05 00:00:00+00:00,217.954193131,219.922896325,212.1980799828,214.51364993,55316,,,,,,,,,,,,,,,,,,,,,,,,,,,222.55430289733818,199.5273559173426,192.18668989761434,191.7553498414498,191.52743542450244,188.47214444710627,182.89492248394598,181.0982882623834,182.27467625283958,178.8670259268433,,,,,191.1158191351366,"rgba(38, 166, 154, 1.0)",22.78788080573805,193.63923400477617,1.0670127395128934,50.32982139944356,5.6269317562814365,False,True,False,False,False,8.062087933945474,0.0,0.0,0.0,0.0,1,1.0311509729271766,0.8209802212754995,False,False,False,False,0.15369575518359943,0.20081151982063322,False,False,False,False,-279697,-266676.88958321395,False,False,False,False,41289.457376426886,False,False,False,False
2024-02-06 00:00:00+00:00,215.6198736295,218.6198023061,215.5542501897,216.4354792384,41826,,,,,,,,,,,,,,,,,,,,,,,,,,,222.14775822602752,199.7610522992297,192.39703043783592,191.94869637301662,191.70567570508607,188.6259139735796,183.03874067259488,181.23967958188055,182.3690123597593,178.9539237648864,,,,,191.21874833938966,"rgba(38, 166, 154, 0.5)",22.505244473534948,193.7059921525734,0.9737233249208309,47.89405797097702,3.3797102283608282,False,True,False,True,False,6.829270056272108,0.0,0.0,0.0,0.0,0,1.0428528658350698,0.8260374880058756,False,False,False,False,0.1676565651335512,0.1842340424770922,False,False,False,False,-321523,-268827.71744269575,False,False,False,False,41310.498263625836,False,False,False,False
2024-02-07 00:00:00+00:00,217.626075932,220.3166369638,212.2730781997,215.7698700633,33331,,,,,,,,,,,,,,,,,,,,,,,,,,,221.86872256782405,199.94426995622848,192.56303154600076,192.10149887202337,191.8467026602718,188.74786380402088,183.1529496668154,181.35199492686533,182.4441253500539,179.023143921571,,,,,191.3044303271675,"rgba(38, 166, 154, 1.0)",22.106993743014172,193.7697652955392,1.0791295693019953,47.34526794743164,2.8552053527848997,False,True,False,True,False,7.705193159393382,0.0,0.0,0.0,0.0,0,1.0283646154822204,0.8274843549327048,False,False,False,False,0.15687773104474095,0.1705558867609166,False,False,False,False,-288192,-269587.101072394,False,False,False,False,40997.57676309149,False,False,False,False
2024-02-08 00:00:00+00:00,217.2042109618,220.8322497051,214.0355362972,215.3948789788,30958,,,,,,,,,,,,,,,,,,,,,,,,,,,221.66245095794017,200.11707670313834,192.71909336944665,192.24526701232998,191.97949400639123,188.86267043291784,183.26027782414403,181.45749215606827,182.51485058537497,179.08826017306913,,,,,191.39069332208206,"rgba(38, 166, 154, 1.0)",21.63343443968929,193.84116671788684,1.0799507729133693,46.78017617603035,2.201015431608255,False,True,False,True,False,7.4777998046159375,0.0,0.0,0.0,0.0,0,1.043922357198849,0.8267334791561626,False,False,False,False,0.1723883245292505,0.17147210564508353,False,False,False,False,-319150,-271530.74416759424,False,False,False,False,40603.867870421236,False,False,False,False
2024-02-09 00:00:00+00:00,219.4635322464,222.4259618145,216.0042394912,219.1822889329,49312,,,,,,,,,,,,,,,,,,,,,,,,,,,221.50193263970291,200.41556087818276,192.9829254917861,192.48835877051215,192.20413953698193,189.05597693437642,183.4395044903269,181.63327950416038,182.6331583207568,179.19676264973802,,,,,191.55515992165243,"rgba(38, 166, 154, 1.0)",21.145160335632905,193.99550103214972,1.20443783873006,47.685183829824766,2.201015431608255,False,True,False,True,False,8.477323640447743,0.0,0.0,0.0,0.0,0,1.0553811144362923,0.8168420195836141,False,False,False,False,0.19075396242638615,0.18111303403573484,False,False,False,False,-269838,-271464.36204337486,False,False,False,False,40945.36324805178,False,False,False,False
2024-02-12 00:00:00+00:00,223.0728214354,224.188419912,219.3604096981,219.3604096981,48189,,,,,,,,,,,,,,,,,,,,,,,,,,,221.54581014961366,200.74198681598764,193.26368779304158,192.74705549810616,192.44332089473605,189.260469518901,183.6270066405616,181.81664052846693,182.75715449095168,179.30988149482604,,,,,191.75130138251922,"rgba(38, 166, 154, 1.0)",20.68906731452378,194.19526114738483,1.3957884059733827,50.15007866636188,2.201015431608255,False,True,False,False,True,10.044719318964454,0.0,0.0,0.0,0.0,0,1.066107378920229,0.8243297511538453,False,False,False,False,0.22496878846421978,0.2030409112499773,False,False,False,False,-221649,-269510.81843383075,False,False,False,False,41229.427434402685,False,False,False,False
2024-02-13 00:00:00+00:00,213.9136641947,219.022917722,211.6074690246,215.7886196176,45922,,,,,,,,,,,,,,,,,,,,,,,,,,214.8480169804333,221.17095008358743,200.9405124147457,193.45950383911295,192.9288811373167,192.6122430652887,189.41000143344493,183.7702448338663,181.95828287503085,182.85268830880366,179.3987282023621,,,,,193.9409139249084,"rgba(38, 166, 154, 0.5)",20.056397291653106,195.91219628597366,0.8975424472778085,47.462886831678105,2.201015431608255,False,True,False,True,True,5.154327410391247,0.0,0.0,0.0,0.0,0,1.02684356511305,0.8383452493275633,False,False,False,False,0.12451494004003003,0.16377792564500365,False,False,False,False,-267571,-269434.74712270015,False,False,False,False,41413.449887955525,False,False,False,False
2024-02-14 00:00:00+00:00,216.5854756723,218.896358231,213.11680814,218.0479409021,42527,,,,,,,,,,,,,,,,,,,,,,,,,,215.4978437951128,220.9259790231146,201.13682990289385,193.64896121102882,193.1048356675978,192.7757921318893,189.5542031797571,183.9074442190211,182.09372039061398,182.94436923152765,179.48373307420948,,,,,194.09761016606964,"rgba(38, 166, 154, 1.0)",19.467759400778416,196.02989808327465,1.0558779346843292,47.02962536704204,2.201015431608255,False,True,False,True,False,6.329737036668952,0.0,0.0,0.0,0.0,0,1.0320136943429457,0.846936761712461,False,False,False,False,0.11689200501460427,0.14033496532980397,False,False,False,False,-225044,-267693.9335100453,False,False,False,False,41457.1185198004,False,False,False,False
2024-02-15 00:00:00+00:00,221.0572443558,222.219716718,217.012028031,217.2510848474,44367,,,,,,,,,,,,,,,,,,,,,,,,,,217.03396161384788,220.8854137489777,201.38793969745956,193.87685865785755,193.31608796741867,192.97200344143883,189.7247594655669,184.06647178910316,182.24989465834472,183.05062614720754,179.58136617891614,,,,,194.37685303328536,"rgba(38, 166, 154, 1.0)",18.89024396884327,196.25061558280035,1.3131979033153098,48.79878494935454,2.201015431608255,False,True,False,False,False,8.248228961025774,0.0,0.0,0.0,0.0,0,1.0279402864556195,0.8454880487297712,False,False,False,False,0.17548942387360775,0.15791219460170586,False,False,False,False,-180677,-264281.50474494544,False,False,False,False,41571.23151902392,False,False,False,False
2024-02-16 00:00:00+00:00,218.6573014145,221.4814530202,217.2510848474,217.2510848474,42028,,,,,,,,,,,,,,,,,,,,,,,,,,217.53778244694806,220.80770533141742,201.60777796294457,194.08132390483945,193.50606369625922,193.14875874591988,189.87949132532358,184.21182570516726,182.39290875752897,183.148111067627,179.6712244414941,,,,,194.54481576231544,"rgba(38, 166, 154, 1.0)",18.445960086489695,196.39802098526016,1.2067292960014118,48.8720100363233,2.201015431608255,False,True,False,False,False,6.993738213500279,0.0,0.0,0.0,0.0,1,1.0275933749972113,0.8450396628413317,False,False,False,False,0.16258886255989663,0.16025052858080124,False,False,False,False,-222705,-262651.053578477,False,False,False,False,41589.14400847396,False,False,False,False
2024-02-20 00:00:00+00:00,217.0260901966,221.0572443558,215.1323852196,215.3011312076,42281,,,,,,,,,,,,,,,,,,,,,,,,,,217.57688267149106,220.67685486956523,201.80637952258903,194.27246436260344,193.68415657395923,193.31478942393903,190.0261933646464,184.3510651616576,182.53026204361893,183.2418808864958,179.75803942981554,,,,,194.65808802821647,"rgba(38, 166, 154, 1.0)",18.06472037674288,196.50495664472285,1.1359784776019413,48.18126338151849,2.201015431608255,False,True,False,False,False,6.1456502267381445,0.0,0.0,0.0,0.0,0,1.0142835754904986,0.8552564826260136,False,False,False,False,0.13861504182595924,0.14943278520338024,False,False,False,False,-264986,-262742.6201048112,False,False,False,False,41616.27561598479,False,False,False,False
2024-02-21 00:00:00+00:00,215.6198736295,217.4854542752,213.0418099231,214.9448896773,67609,,,,,,,,,,,,,,,,,,,,,,,,,,217.05580622796742,220.33894577457906,202.06849396339575,194.5417165018797,193.93618966284504,193.55050236395977,190.23791778444436,184.55578302088952,182.73314017198746,183.3806012068792,179.8874790711878,,,,,194.75332506818322,"rgba(38, 166, 154, 1.0)",17.708064001130342,196.60307643993585,1.0739060570568457,47.0787543294243,1.7010118494086015,False,True,False,True,False,5.413992798455336,0.0,0.0,0.0,0.0,1,1.007352313563586,0.8700511270378746,False,False,False,False,0.08150400424088834,0.1154683947221343,False,False,False,False,-332595,-265481.92912030884,False,False,False,False,42635.59814084814,False,False,False,False
2024-02-22 00:00:00+00:00,220.1572657528,220.1572657528,215.5261258584,215.6104988524,113470,,,,,,,,,,,,,,,,,,,,,,,,,,217.49969294016407,220.17201033594552,202.5877892617217,195.04621484641535,194.40806126560096,193.9918922696029,190.63007948701207,184.92874637166437,183.1012079113904,183.63398478012607,180.1222044986027,,,,,195.10198945165874,"rgba(38, 166, 154, 1.0)",17.5221164054467,196.9314278206493,1.325515559577666,48.6857779184275,1.7010118494086015,False,True,False,False,False,7.420252425553418,0.0,0.0,0.0,0.0,1,1.0085752971241053,0.8694570511205761,False,False,False,False,0.1271893952786205,0.1213288950003774,False,False,False,False,-219125,-263664.01033127715,False,False,False,False,45413.41782159919,False,False,False,False
2024-02-23 00:00:00+00:00,220.7853758195,223.3634395259,218.8916708424,219.1260402703,44408,,,,,,,,,,,,,,,,,,,,,,,,,,217.85223859969386,220.20271087755287,202.8113770992922,195.2574710721208,194.6056843438863,194.17686030980374,190.79353278116034,185.0827377800456,183.25280484491046,183.73889615432165,180.2189740384308,,,,,195.27211708192897,"rgba(38, 166, 154, 1.0)",17.438562861483412,197.09272650997133,1.3586354275706207,50.062376250336705,1.7010118494086015,False,True,False,False,True,7.694359373340539,0.0,0.0,0.0,0.0,1,1.020832090692028,0.855229687761485,False,False,False,False,0.1841969403969092,0.1527629176986433,False,False,False,False,-174717,-260175.89227907022,False,False,False,False,45373.98967173256,False,False,False,False
2024-02-26 00:00:00+00:00,216.5104774554,222.1822176095,216.154235925,218.8635465111,40415,,,,,,,,,,,,,,,,,,,,,,,,,,217.88822281792383,220.14099640226024,202.98036362959593,195.42669328342086,194.76466435651102,194.3261002497851,190.92746120921706,185.21117864670748,183.3798178637573,183.82690527728914,180.30077562607423,,,,,195.3793799420493,"rgba(38, 166, 154, 1.0)",17.281088952672185,197.19652810885242,1.1176349707731272,48.78384528653043,1.7010118494086015,False,True,False,False,True,5.4287818177190275,0.0,0.0,0.0,0.0,1,1.0109489517337666,0.8624977683410541,False,False,False,False,0.12494484271616936,0.13885388020740633,False,False,False,False,-215132,-258409.4651308714,False,False,False,False,45179.51948852737,False,False,False,False
2024-02-27 00:00:00+00:00,217.0448397509,219.5572800175,215.8448682802,219.5572800175,49610,,,,,,,,,,,,,,,,,,,,,,,,,,217.85041775562652,220.04009826048363,203.1722326200407,195.62389309346972,194.95037984566983,194.50075333990924,191.08533081947766,185.36370829560843,183.53092972627076,183.93183246518996,180.3986040102713,,,,,195.49528911200161,"rgba(38, 166, 154, 1.0)",17.027401459705633,197.30932025466333,1.1590447046743824,48.233768037700365,1.7010118494086015,False,True,False,False,True,5.671052905011905,0.0,0.0,0.0,0.0,1,1.009658383206895,0.8944474908335884,False,False,False,False,0.03226302424903338,0.08555845222821985,False,False,False,False,-165522,-254766.81943946466,False,False,False,False,45353.26382231061,False,False,False,False
2024-02-28 00:00:00+00:00,214.4667760444,217.4948290524,214.101159737,214.2230318395,84708,,,,,,,,,,,,,,,,,,,,,,,,,,217.50791079534267,219.75493460622332,203.44135548270881,195.9205790984404,195.23126714369224,194.76589947150347,191.3292094831248,185.603806293995,183.76989755672398,184.09822048165125,180.5549415318973,,,,,195.6343656313912,"rgba(38, 166, 154, 1.0)",16.72521095954075,197.44538686675122,1.0177084892277,46.576443656331996,0.7037688088046608,False,True,False,True,False,4.3113652058739085,0.0,0.0,0.0,0.0,1,0.9668164260611907,0.9211479573670054,False,False,False,False,-0.01596881017006157,0.034794821029079145,False,False,False,False,-250230,-254588.9049516425,False,False,False,False,46896.58680967098,False,False,False,False
2024-02-29 00:00:00+00:00,217.79482192,218.2729355529,215.2478824736,218.2729355529,39886,,,,,,,,,,,,,,,,,,,,,,,,,,217.483471912087,219.681121605268,203.58202703828482,196.0695203131351,195.3721430055744,194.89884687643826,191.45060001449684,185.72210938980507,183.88734988649188,184.18031287329464,180.6317517271204,,,,,195.72356860381785,"rgba(38, 166, 154, 1.0)",16.404524276923716,197.53174936271387,1.235212445982981,47.44721592546613,0.7037688088046608,False,True,False,True,False,5.846702919518403,0.0,0.0,0.0,0.0,1,0.9716718778406904,0.9150319929227034,False,False,False,False,0.008417928487286777,0.021606374758182962,False,False,False,False,-210344,-252853.81063981337,False,False,False,False,46621.66183674271,False,False,False,False
2024-03-01 00:00:00+00:00,221.3947363319,221.9806599016,215.1886338822,219.0979159389,97285,,,,,,,,,,,,,,,,,,,,,,,,,,217.746228864846,219.67095615177456,203.97246972101541,196.46489756718168,195.74562400418353,195.2511437441166,191.76937803359422,186.02889742702428,184.19097010377396,184.39340870962204,180.8300717936736,,,,,196.0058223746187,"rgba(38, 166, 154, 1.0)",16.097264931923128,197.80553824168163,1.4654165282101856,49.900183085670605,0.7037688088046608,False,True,False,False,True,7.465734427542738,0.0,0.0,0.0,0.0,1,0.9765363749380687,0.8825749124916935,False,False,False,False,-0.006531423530484436,0.007537475613849263,False,False,False,False,-113059,-247371.66120295797,False,False,False,False,48608.459411772405,False,False,False,False
2024-03-04 00:00:00+00:00,213.0605594773,221.9197238503,212.2074547599,218.9197951737,130993,,,,,,,,,,,,,,,,,,,,,,,,,,217.44785738291395,219.35992809430635,204.34786161945595,196.892502880662,196.1532775449765,195.63820643565586,192.13023120973847,186.3875051562331,184.54869745542572,184.64577276712774,181.06807277131458,,,,,196.23817393798274,"rgba(38, 166, 154, 0.5)",15.693448165120103,198.0301004169417,0.9577537646420266,47.52209780703727,0.7037688088046608,False,True,False,False,False,3.143769603709096,0.0,0.0,0.0,0.0,1,0.9645687058649852,0.9125422480848635,False,False,False,False,-0.17335435538915528,-0.08290843988765301,False,False,False,False,-244052,-247241.47841068511,False,False,False,False,51839.22570934996,False,False,False,False
2024-03-05 00:00:00+00:00,212.9761864833,215.8917421658,210.7637390843,212.3762007479,98963,,,,,,,,,,,,,,,,,,,,,,,,,213.21055591113333,217.02190716233702,219.01397021605248,204.55661585073753,197.16163124383093,196.41216409181737,195.8856000608758,192.36738748071093,186.629969245179,184.79221912877745,184.81851857569248,181.23282677351315,,,,,197.75861381172146,"rgba(38, 166, 154, 0.5)",15.505954451837688,199.56585576809013,0.8648503874342643,45.90191772009364,0.16719426599767928,False,True,False,True,False,3.101485058758861,0.0,0.0,0.0,0.0,1,0.9382851356203676,0.960898137298866,True,False,False,False,-0.3348904045776447,-0.20889942223264885,False,False,False,False,-343015,-250997.3027867367,True,False,False,False,53687.2168580029,True,False,False,False
2024-03-06 00:00:00+00:00,230.2726502592,236.7131221367,219.3885340295,223.3353151946,148704,,,,,,,,,,,,,,,,,,,,,,,,,222.5656137698107,218.56639446018488,219.77609223743897,205.3850420352769,197.92653330850052,197.134141053849,196.56729460602054,192.97288877568585,187.19496544802854,185.346868523793,185.21450746167142,181.5963258786561,,,,,199.18722229657638,"rgba(0, 255, 255, 0.75)",15.445086099862518,200.71396748678958,1.9137920359455631,51.606387840426876,-3.0800797108338216,False,True,False,False,True,10.412286661121922,0.0,0.0,0.0,0.0,1,0.9377859750629266,0.8977107958826758,False,False,False,False,0.2803728542977085,0.035736716032529814,False,False,False,False,-194311,-248774.31052059014,False,False,False,False,57413.3652165126,False,False,False,False
2024-03-07 00:00:00+00:00,232.6913427547,236.5443761487,232.0257335796,232.0257335796,67764,,,,,,,,,,,,,,,,,,,,,,,,,224.96917409580453,219.42335695163828,220.2555524393538,205.820171047415,198.31705018688916,197.50248759354727,196.91506943301738,193.27949631056575,187.47756042057134,185.62335254810756,185.41288346775252,181.77735868146792,,,,,199.73112609801083,"rgba(0, 255, 0, 1.0)",15.317941264380075,201.19819115369265,2.0559650319485607,56.04767049242663,0.8287819539810641,False,False,True,False,True,11.335997997170715,0.0,0.0,0.0,0.0,0,0.9648721337028113,0.9043007908541009,False,False,False,False,0.3428282509105598,0.1892824834715448,False,False,False,False,-126547,-243981.0826570376,False,False,False,False,57819.272462923866,False,False,False,False
2024-03-08 00:00:00+00:00,234.8569162681,237.7724719506,232.8600887427,233.8350655626,55170,,,,,,,,,,,,,,,,,,,,,,,,,226.48671491856163,220.11466971747748,220.66056246952618,206.18207722238566,198.64115425263688,197.80839642992808,197.20409219610983,193.53431076321507,187.71204405608847,185.8526534362991,185.5778714570006,181.92779225727713,,,,,200.14186159804217,"rgba(0, 255, 0, 1.0)",15.228864857739925,204.0555830925042,2.022562644249963,59.57570804098549,3.8380487029051267,False,False,True,False,True,12.157121778352415,0.0,0.0,0.0,0.0,0,0.9562741168761054,0.9082626462966775,False,False,False,False,0.34282825107363163,0.2660553672725882,False,True,False,False,-71377,-237212.29510185967,False,False,False,False,57715.379425162144,False,False,False,False
2024-03-11 00:00:00+00:00,233.5069483636,235.1662839129,230.4413962472,232.8975878512,51598,,,,,,,,,,,,,,,,,,,,,,,,,227.28738952418763,220.6245915089678,220.96727301336654,206.48833283071818,198.92181768157695,198.0740143574014,197.45556464520635,193.7578146769229,187.91954088340069,186.0560363276878,185.72461960362148,182.06213533437065,,,,,200.44492753228573,"rgba(0, 255, 255, 0.75)",15.059964844570404,204.28804553883816,1.9401707192760271,61.21257721945906,5.137634042817304,True,False,True,False,True,11.447881346767744,0.0,0.0,0.0,0.0,0,0.9399893174072345,0.9272058684621375,False,False,False,False,0.26094952316117986,0.26350244521688404,False,False,False,False,-122975,-232732.40117629652,False,False,False,False,57475.48219280284,False,False,False,False
2024-03-12 00:00:00+00:00,231.8382380373,235.6631470999,231.3038757418,231.4819965069,58398,,,,,,,,,,,,,,,,,,,,,,,,,227.97364897823562,221.15083787149743,221.29375439058225,206.825316413886,199.23305080308748,198.36897406524145,197.7351412327884,194.00708603533113,188.1515717522432,186.28361720956374,185.889256829392,182.2130279010775,,,,,200.76044029024385,"rgba(0, 255, 255, 0.75)",14.71827987644357,204.56761816846796,1.8528401482892256,61.40219526923181,5.245974122125851,True,False,True,False,True,10.569584220575159,0.0,0.0,0.0,0.0,0,0.9399518828993053,0.9283088168865704,False,False,False,False,0.28272255789289297,0.27311250155488853,False,False,False,False,-181373,-230718.30701252018,False,False,False,False,57511.65936171253,False,False,False,False
2024-03-13 00:00:00+00:00,226.6164871846,234.1872759388,224.6946578762,230.9757585428,52852,,,,,,,,,,,,,,,,,,,,,,,,,228.0257455918311,221.42455287859366,221.46737137823126,207.072410566038,199.47342552508093,198.59794418170625,197.9529863171806,194.20456972319977,188.33891860532782,186.46828539793256,186.0233165810256,182.3369457727665,,,,,200.94887270990952,"rgba(0, 255, 255, 0.75)",14.324529505267696,204.6949341320472,1.530350650923047,58.93039163340056,5.245974122125851,True,False,True,False,True,7.880834729416101,0.0,0.0,0.0,0.0,0,0.9400118764768984,0.931340998209358,False,False,False,False,0.15630285341758002,0.21470767748623426,False,False,False,False,-234225,-230855.8243845782,False,False,False,False,57328.92762203753,False,False,False,False
2024-03-14 00:00:00+00:00,219.3697844752,226.6164871846,216.7401594947,226.6164871846,83462,,,,,,,,,,,,,,,,,,,,,,,,,227.06289414932732,221.39590250119304,221.44689773997234,207.3171035997586,199.74788683452272,198.8625110960849,198.20684445953364,194.44384982398188,188.5759993438872,186.7045637184059,186.19578298907595,182.4993307678978,,,,,201.0382972519701,"rgba(38, 166, 154, 1.0)",13.89530334914164,204.65318525810892,1.0591060049077783,54.37631248204756,10.893401629438927,False,False,True,False,False,4.350010244085972,0.0,0.0,0.0,0.0,0,0.9381894935015185,0.9501642487922927,False,False,False,False,-0.0762646372903936,0.06922152009792033,False,False,False,False,-317687,-234260.96852635947,False,False,False,False,58353.75398980077,False,False,False,False
2024-03-15 00:00:00+00:00,216.8667189857,222.2244041065,216.8292198772,217.4479551668,315089,,,,,,,,,,,,,,,,,,,,,,,,,224.2153348439028,220.91815051138906,221.10571185024128,208.0257612603129,200.6190026103362,199.70996782005923,199.0257193979017,195.23556873308598,189.38007932828035,187.5108104652479,186.79022840067165,183.06474807406642,,,,,201.3000902746246,"rgba(38, 166, 154, 0.5)",13.307822757943555,204.71269195532466,0.9132994368384191,50.46790307570639,7.316779052793585,False,True,False,False,False,3.176188374130451,0.0,0.0,0.0,0.0,0,0.9553784138410302,0.950304705856409,False,False,False,False,-0.1411150733385708,-0.03594677662032523,False,False,False,False,-632776,-249889.00897630616,False,False,False,False,68421.80285294584,False,False,False,False
2024-03-18 00:00:00+00:00,216.9042180942,219.0416672762,216.0651755424,218.3573085469,49143,,,,,,,,,,,,,,,,,,,,,,,,,223.87081726448642,220.82387076252925,221.03559142242548,208.11577166680996,200.7383722416039,199.82698759283676,199.13946150345083,195.34778639517924,189.4962137771574,187.62779093926736,186.87727021003553,183.14817081262663,,,,,201.33734204903408,"rgba(38, 166, 154, 0.5)",12.593053864784883,204.73229038471374,0.9665588538077914,47.88049190068359,4.9851464413923665,False,True,False,True,False,3.1924269565170107,0.0,0.0,0.0,0.0,0,0.9511342644220984,0.9770359594315697,False,False,False,False,-0.2016393303506361,-0.11879305348548067,False,False,False,False,-583633,-262977.00862429413,False,False,False,False,67665.7713685166,False,False,False,False
2024-03-19 00:00:00+00:00,219.3416601439,220.6025676658,214.5042751529,214.5042751529,43982,,,,,,,,,,,,,,,,,,,,,,,,,223.62534970443966,220.76230788264547,220.9883193247071,208.2018351287969,200.84892837938546,199.9352070132694,199.24455860319028,195.4509323497092,189.60234607197162,187.73455269309693,186.95681804132892,183.22425498603033,,,,,201.3812841815476,"rgba(38, 166, 154, 1.0)",11.940062685851514,204.76412656933525,1.220892549570826,47.37244704858213,4.49971114779467,False,True,False,True,False,4.253323386066807,0.0,0.0,0.0,0.0,0,0.9395573417083897,0.9729130212322634,False,False,False,False,-0.20163933034908602,-0.16021619191728334,False,False,False,False,-539651,-273826.9690704003,False,False,False,False,66736.99602073163,False,False,False,False
2024-03-20 00:00:00+00:00,225.1540219548,227.1039755945,217.1479622991,217.1479622991,37355,,,,,,,,,,,,,,,,,,,,,,,,,223.6081210869626,220.80781320416222,221.01777716475928,208.3098389176545,200.9684739808972,200.0510076277527,199.3562133043839,195.5568889499627,189.70750710175687,187.83941151351075,187.03481121095194,183.29780382072147,,,,,201.46297232362303,"rgba(0, 255, 255, 0.75)",11.286421148797585,204.84560384088772,1.7993673854777124,49.59439345886416,4.49971114779467,False,True,False,False,False,6.708384958017103,0.0,0.0,0.0,0.0,0,0.9476824775307495,0.9528303517662331,False,False,False,False,-0.06286963420392738,-0.11154291306060536,False,False,False,False,-502296,-282786.5389107767,False,False,False,False,65584.76088266373,False,False,False,False
2024-03-21 00:00:00+00:00,230.5913926811,231.7069911577,225.9040041239,225.9040041239,49257,,,,,,,,,,,,,,,,,,,,,,,,,223.86477332357887,221.01973730012344,221.16674802922154,208.50907648452736,201.16816768470588,200.24291687977538,199.54023296803746,195.72683322466685,189.8709728803613,188.001110965066,187.15490200392068,183.40956134309394,,,,,201.6395860905899,"rgba(0, 255, 0, 1.0)",10.848854312596728,205.03601041068504,2.355583505323904,53.04337838662367,4.49971114779467,False,True,True,False,True,8.898065421473554,0.0,0.0,0.0,0.0,0,0.9820170322785153,0.9354261730610457,False,False,False,False,0.13696918898965715,0.012713137964525896,False,False,False,False,-453039,-289463.1060123149,False,False,False,False,64944.45653432398,False,False,False,False
2024-03-22 00:00:00+00:00,228.1820749627,230.6195170124,227.6852117756,229.9070339517,41353,,,,,,,,,,,,,,,,,,,,,,,,,224.0428018908063,221.1781469408925,221.279379899486,208.66896010846142,201.33031211884517,200.3989821024901,199.69006676792924,195.86579446600842,190.00520180638253,188.13403319088843,187.25384036514893,183.50180678516443,,,,,201.77911053687527,"rgba(0, 255, 0, 1.0)",10.43611873678539,205.18471400292597,2.2036315932965174,54.1655996307163,4.49971114779467,False,False,True,False,True,7.6991366298146495,0.0,0.0,0.0,0.0,0,0.9898659531118672,0.9386422034507959,False,False,False,False,0.14750882425039188,0.08011098110745889,False,False,False,False,-494392,-297499.53322751826,False,False,False,False,64019.301376115196,False,False,False,False
2024-03-25 00:00:00+00:00,228.5664408244,230.2820250363,228.369570505,229.1008031199,24813,,,,,,,,,,,,,,,,,,,,,,,,,224.1487582687628,221.2730804872402,221.34751774073783,208.7648381849835,201.4275484858246,200.4926062892593,199.77998365431813,195.94922901769996,190.08580283410777,188.213850950352,187.31332779152427,183.55727375557314,,,,,201.86281812169864,"rgba(0, 255, 0, 1.0)",9.899078114105963,205.27371881134437,2.353019315997115,55.062426466839554,-1.960491756244501,False,False,True,False,True,7.85533539975054,0.0,0.0,0.0,0.0,0,0.9940521499895576,0.934195118187167,False,False,False,False,0.1527907243137746,0.11645085271061675,False,False,False,False,-469579,-304247.7476107528,False,False,False,False,62481.799361365585,False,False,False,False
2024-03-26 00:00:00+00:00,224.3946650085,230.6476413438,222.8009528991,229.6726645239,49647,,,,,,,,,,,,,,,,,,,,,,,,,224.22151676787252,221.3829134215792,221.42660911276784,208.924888438663,201.59830921405992,200.65782744621356,199.93923393988297,196.09928509458038,190.23323212575494,188.3604802007193,187.42297739579303,183.66025847664977,,,,,201.9939609695447,"rgba(0, 255, 0, 1.0)",9.29722786995172,205.40817633989042,2.0421666473264763,53.59705844336534,-1.960491756244501,False,False,True,False,True,5.778962633276894,0.0,0.0,0.0,0.0,0,0.9707750316862627,0.9453672680110982,False,False,False,False,0.07428043405668829,0.09536564338365253,False,False,False,False,-519226,-312678.2673122919,False,False,False,False,61978.473896213996,False,False,False,False
2024-03-27 00:00:00+00:00,232.1288561278,232.1288561278,227.6477126672,227.6477126672,38000,,,,,,,,,,,,,,,,,,,,,,,,,224.4140952872327,221.54636066888176,221.54621491472415,209.0785728253971,201.75226462086584,200.80601820790503,200.0815540638373,196.23100606947202,190.35996169263692,188.48584333177283,187.5166444397176,183.74744592058346,,,,,202.13049850358553,"rgba(0, 255, 0, 1.0)",8.880857175021074,205.55388406931328,2.9923881822166165,55.60779058985086,-1.0866529136581846,True,False,True,False,True,8.912067091194167,0.0,0.0,0.0,0.0,0,0.9905934453114349,0.9302999997474501,False,False,False,False,0.16998115165771133,0.1326733975206819,False,False,False,False,-481226,-319287.982319653,False,False,False,False,61038.141586558544,False,False,False,False
2024-03-28 00:00:00+00:00,232.4757228811,246.9222544142,228.4914426075,236.328756275,102745,,,,,,,,,,,,,235.9631399676,,,,,,,,,,,,225.2813107602735,222.20358374109514,222.03534163731635,209.58347955623674,202.23577436149944,201.26973459229134,200.52580059016842,196.63655941710206,190.7434750535951,188.86348897708658,187.79892591204256,184.00817674548927,,,235.9631399676,235.9631399676,202.5988042786831,"rgba(0, 255, 0, 1.0)",8.406429466551474,208.42440239663847,2.8610625450626648,57.06781983505579,0.5403736567362714,True,False,True,False,True,9.048676931435669,-1.0,246.92226,228.49144,0.0,0,1.0016705480635781,0.8744179317317627,False,True,False,False,0.34282825137731043,0.23775082444899617,False,False,False,False,-378481,-321609.27713064704,False,False,False,False,62673.70466159547,False,False,False,False
2024-04-01 00:00:00+00:00,226.8321070582,231.2570018562,226.157123106,231.2570018562,49988,,,,,,,,,,,,,233.38374613246413,,,,,,,,,,,,225.38002499417044,222.3311361147594,222.13353104944278,209.75097452636277,202.41228402123957,201.44069711335612,200.69079523028373,196.79194779250435,190.89562618486366,189.01467723885406,187.91279847795275,184.11498973910395,,,233.38374613246413,233.38374613246413,202.73912354024114,"rgba(0, 255, 0, 1.0)",7.715409765142186,208.43282282212436,2.3847449190842234,55.29818816298882,0.5403736567362714,True,False,True,False,True,6.259955794904425,0.0,0.0,0.0,0.0,1,0.9845768650012469,0.9187444771136026,False,False,False,False,0.08657016275908143,0.1621604936040388,False,False,False,False,-428469,-325799.85449807264,False,False,False,False,62176.22604741526,False,False,False,False
2024-04-02 00:00:00+00:00,227.3008459139,227.3008459139,222.0790950613,222.0790950613,52904,,,,,,,,,,,,,231.37100723399303,,,,,,,,,,,,225.38650634170503,222.40362475627776,222.1914267394482,209.90103148303194,202.5783873183151,201.60237011651492,200.84739645658772,196.94161670359452,191.04447919065584,189.1631734979584,188.02509254226817,184.22101952026856,,,231.37100723399303,231.37100723399303,202.8588437222189,"rgba(0, 255, 0, 1.0)",7.075010967693708,208.44438890205657,2.6652194742802204,54.31747077039295,0.5403736567362714,False,False,True,False,True,6.452713572967731,0.0,0.0,0.0,0.0,0,0.9651035262763328,0.9568026509915385,False,False,False,False,-0.02240136351200405,0.06987956504601738,False,False,False,False,-375565,-327751.42883148155,False,False,False,False,61812.60933967348,False,False,False,False
2024-04-03 00:00:00+00:00,229.2226752224,230.9195098801,224.5915353279,224.5915353279,27727,,,,,,,,,,,,,230.9995419317798,,,,,,,,,,,,225.43937503694357,222.47154558457623,222.24455591586312,209.99183158051778,202.67455090895842,201.6956374424346,200.93751578785242,197.02673724001542,191.12801122931012,189.24622379613223,188.08786852477456,184.27996770298384,,,230.9995419317798,230.9995419317798,202.93531839586353,"rgba(0, 255, 0, 1.0)",6.777304227687848,208.50048526974766,3.0575859156498195,54.50333217273046,0.5403736567362714,True,False,True,False,True,7.2475628932951,0.0,0.0,0.0,0.0,1,0.9470289330606517,0.9565825834717089,False,False,False,False,0.06066843877939264,0.06527400191270501,False,False,False,False,-347838,-328539.1375047568,False,False,False,False,60475.91877733335,False,False,False,False
2024-04-04 00:00:00+00:00,225.6040112563,232.2460408418,225.0602741836,230.6195170124,21177,,,,,,,,,,,,,230.71977047544553,,,,,,,,,,,,225.46998790687383,222.5170161833366,222.28046293409577,210.05828940778648,202.745779304624,201.7648126257346,201.00442458187848,197.09017873018914,191.19051749285654,189.30843271855701,188.13495928207695,184.3242632683805,,,230.71977047544553,230.71977047544553,202.99076036969916,"rgba(0, 255, 0, 1.0)",6.661257008487017,208.54011447589346,2.5616631753835137,52.8218433426086,0.5403736567362714,False,False,False,False,False,5.455078549019529,0.0,0.0,0.0,0.0,1,0.9506071148869966,0.9590797643996419,False,False,False,False,0.08510004944149718,0.07518702567710109,False,False,False,False,-369015,-330126.42623006046,False,False,False,False,58934.784707634004,False,False,False,False
2024-04-05 00:00:00+00:00,226.2883699856,227.2539720284,223.8696774901,224.3290415687,24405,,,,,,,,,,,,,230.28969003053004,,,,,,,,,,,,225.47526582523594,222.5500280490371,222.30729695251662,210.12633840026777,202.8213553872504,201.83846097032355,201.07583971992668,197.15859807300424,191.25867757634973,189.37645835948007,188.18657769807203,184.37304333129313,,,230.28969003053004,230.28969003053004,203.0456616952298,"rgba(0, 255, 0, 1.0)",6.380101183356113,208.57008997921125,2.777115832051499,52.03980723000718,0.5403736567362714,False,False,False,False,False,5.746341024866755,0.0,0.0,0.0,0.0,1,0.9527501753435955,0.9723129833445623,False,False,False,False,0.0012055366222882451,0.038196281149694665,False,False,False,False,-344610,-330694.4095151561,False,False,False,False,57580.67550341306,False,False,False,False
2024-04-08 00:00:00+00:00,224.6571587677,227.882082095,222.2759653807,223.4759368513,40255,,,,,,,,,,,,,229.61482968735143,,,,,,,,,,,,225.46162869863446,222.58894864713693,222.33993797902804,210.23117934939552,202.94028363446637,201.9546073940529,201.18864931300712,197.26735437433803,191.3677176035032,189.48545817647553,188.26945954926185,184.45157792966717,,,229.61482968735143,229.61482968735143,203.12890022074725,"rgba(0, 255, 0, 1.0)",5.985098053678018,208.61295112007983,2.6806925306362412,50.67535865202192,0.5403736567362714,False,True,False,False,False,4.9321228811728055,0.0,0.0,0.0,0.0,1,0.9400472668291735,0.9653126333724622,False,False,False,False,-0.011865584090394135,0.013165348529650265,False,False,False,False,-384865,-332818.7463969147,False,False,False,False,56901.237248377256,False,False,False,False
2024-04-09 00:00:00+00:00,224.6571587677,224.9384020811,221.8259760792,224.7040326533,22180,,,,,,,,,,,,,229.2374985155001,,,,,,,,,,,,225.43879281156276,222.59978956956402,222.3498991471827,210.28391914916602,203.00192505164324,202.0149796968692,201.24741248993647,197.3244797686204,191.4254818002455,189.54332347781775,188.31356299250905,184.49351431032701,,,229.2374985155001,229.2374985155001,203.16975668878703,"rgba(0, 255, 0, 1.0)",5.8431874996031405,208.6306156180005,2.742774068226974,49.765726266698415,4.746416526170286,False,True,False,False,False,4.9321228811728055,0.0,0.0,0.0,0.0,1,0.9301364493608082,0.9813885935557485,False,False,False,False,-0.05786685086953305,-0.02235075116994139,False,False,False,False,-384865,-334859.7759499769,False,False,False,False,55539.620101382076,False,False,False,False
2024-04-10 00:00:00+00:00,214.0449110743,219.0979159389,213.6605452126,217.8604453598,43243,,,,,,,,,,,,,227.70437073377295,,,,,,,,,,,,225.1809955676578,222.48043581281686,222.26173797590818,210.32388852922233,203.0740719946323,202.08776651460994,201.31975026685907,197.40085687489656,191.5091214642282,189.62869558443995,188.37942764476188,184.55800603725984,,,227.70437073377295,227.70437073377295,203.18372952227443,"rgba(38, 166, 154, 0.5)",5.911516600829818,208.5503387595269,0.9294691507762645,44.63838285809247,-0.24094623067424692,False,True,False,True,False,0.0,0.0,0.0,0.0,0.0,1,0.9061583950129167,0.9802823010518887,False,False,False,False,-0.25262963748345185,-0.13749019432669662,False,False,False,False,-428108,-338516.56904997776,False,False,False,False,55057.399705249445,False,False,False,False
2024-04-11 00:00:00+00:00,217.0729640822,219.3322853668,214.0636606285,216.2761080275,34438,,,,,,,,,,,,,226.8101506002843,,,,,,,,,,,,225.01013504689135,222.4046293403698,222.2057389796835,210.36256314349723,203.13648699349184,202.15036815972056,201.38172367784077,197.46528008712804,191.5786750637723,189.69946508923613,188.43399833538777,184.61118920549123,,,226.8101506002843,226.8101506002843,203.2033544268759,"rgba(38, 166, 154, 1.0)",5.930419228157606,208.5127514778118,1.4434413951284157,43.0037182553516,-1.7844208558866583,False,True,False,True,False,1.1953108193295385,0.0,0.0,0.0,0.0,0,0.9044509286789113,0.9824299173198211,False,False,False,False,-0.24345858324579553,-0.19047438878624606,False,False,False,False,-393670,-340679.4486950767,False,False,False,False,54248.79579523966,False,False,False,False
2024-04-12 00:00:00+00:00,211.5230960305,214.8042680206,211.4199734823,214.0917849599,32259,,,,,,,,,,,,,225.79319918938623,,,,,,,,,,,,224.77662604942967,222.28287394054567,222.11381098238624,210.37486874556305,203.1764848967819,202.1917193959976,201.4235085725359,197.51210553434166,191.63259574019574,189.75511146191087,188.47731930433207,184.65431110971892,,,225.79319918938623,225.79319918938623,203.19761131114493,"rgba(38, 166, 154, 0.5)",6.054702078997463,208.44133428201772,0.5089865212645701,40.04389687301981,-4.579037996650527,False,True,False,True,False,0.0,0.0,0.0,0.0,0.0,0,0.9098427065809999,0.9844607677862535,False,False,False,False,-0.34282825441539394,-0.26665132160082,False,False,False,False,-425929,-344022.5683540933,False,False,False,False,53386.45086209301,False,False,False,False
2024-04-15 00:00:00+00:00,209.9762578067,215.8636178345,208.3262970346,214.2417813937,35872,,,,,,,,,,,,,224.7325983065474,,,,,,,,,,,,224.50262648746516,222.1347474770439,222.00108069767273,210.38108007719555,203.21497218620522,202.23208009803346,201.4646772380509,197.55973838585717,191.68883331362932,189.81345398398565,188.52293348322058,184.70006388236598,,,224.7325983065474,224.7325983065474,203.18469060922715,#000000,6.192050172725195,208.3583193903165,0.26129284667463143,37.59872865993511,-6.855079944509598,False,True,False,True,False,0.0,0.0,0.0,0.0,0.0,0,0.9136769006629674,0.9675759337316169,False,False,False,False,-0.34282825441539394,-0.30473978800810697,False,False,False,False,-461801,-348641.330379423,False,False,False,False,52699.609651814855,False,False,False,False
2024-04-16 00:00:00+00:00,205.7482333281,208.0075546127,203.1232957361,207.1919490037,64335,,,,,,,,,,,,,222.5038814279835,,,,,,,,,,,205.62636122563333,223.83429825630506,221.7417658525913,221.69811409973036,210.32940520407223,203.2350714270265,202.2585862738369,201.49528524037723,197.6090945014924,191.75962636911714,189.8895679063476,188.58378551550152,184.76409630499037,,,222.5038814279835,222.5038814279835,203.29423524438627,#000000,6.417140886899798,208.9109043872094,-0.4928473778043093,34.75934263878001,-9.494462540704959,False,True,False,True,False,0.0,0.0,0.0,0.0,0.0,0,0.8947729160663351,0.9942649299273222,True,False,False,False,-0.34282825441539394,-0.32378402121175043,False,False,False,False,-526136,-355601.90565866133,False,False,False,False,53155.899469390744,False,False,False,False
2024-04-17 00:00:00+00:00,204.9138781649,208.5887907938,204.4076402008,208.4762934684,43422,,,,,,,,,,,,,221.29717544497433,,,,,,,,,,,205.7648761957527,223.41736781604135,221.4923722263954,221.50412941768678,210.2976613233223,203.25037176017312,202.27804570855636,201.51738834473022,197.64348041937998,191.80817642842115,189.94164020772476,188.6254360341917,184.80780148949236,,,221.29717544497433,221.29717544497433,203.25759595168216,"rgba(239, 83, 80, 0.5)",6.6223146393900825,208.77951280356606,-0.5837286280046153,32.63851976120371,-11.459275433942167,False,True,False,True,False,0.0,0.0,0.0,0.0,0.0,0,0.9083429612746069,0.9677808584633485,False,False,False,False,-0.32148146053207444,-0.3226327408719124,False,False,False,False,-569558,-363992.34073087067,False,False,False,False,52774.1779215715,True,False,False,False
2024-04-18 00:00:00+00:00,206.0576009729,211.0074832892,204.0045247848,204.0045247848,44164,,,,,,,,,,,,,220.31081664455778,,,,,,,,,,,206.1306764845423,223.03723153255766,221.26334829525416,221.32472445532738,210.27358797910856,203.27171697096617,202.30321541946847,201.54491045405135,197.68255170416458,191.8608637240396,189.99771458156067,188.67015375041788,184.85427199459147,,,220.31081664455778,220.31081664455778,203.2473051804654,#000000,6.83380492130461,208.68138653307506,-0.38394212161300184,32.04179269496947,-12.061885111222907,False,True,False,True,False,0.0,0.0,0.0,0.0,0.0,0,0.8980285284072463,0.9568699331809533,False,False,False,False,-0.2987318682427119,-0.31068230455731216,False,False,False,False,-525394,-370321.81756495417,False,False,False,False,52436.52388543144,False,False,False,False
2024-04-19 00:00:00+00:00,211.2512274942,211.2887266027,205.1294980386,205.1294980386,42792,,,,,,,,,,,,,219.61502660811118,,,,,,,,,,,206.8103083382667,222.73369083819514,221.08148084013567,221.18117821021946,210.26615815467085,203.30416397607277,202.33859865026685,201.58192032787645,197.72894347014085,191.9189240634304,190.05867220407012,188.7184443102874,184.90356367290528,,,219.61502660811118,219.61502660811118,203.27892669665678,#000000,6.922155583412769,208.63594065220633,0.37781393533837443,35.01029049795196,-12.061885111222907,False,True,False,True,True,0.0,0.0,0.0,0.0,0.0,0,0.9108919561178849,0.9609430087641307,False,False,False,False,-0.28303733786894353,-0.2968598212131278,False,False,False,False,-482602,-374724.96197417163,False,False,False,False,52058.30726247335,False,False,False,False
2024-04-22 00:00:00+00:00,217.2885839558,217.7479480344,210.3606236684,210.3606236684,62351,,,,,,,,,,,,,219.23948808684875,,,,,,,,,,,208.8288321907854,222.49787266927186,220.9533663058188,221.07841029189512,210.31579780520715,203.39738565715047,202.43321185263707,201.67642460245125,197.83028610408033,192.0314836289194,190.1739775735193,188.80856341385632,184.99239415448537,,,219.23948808684875,219.23948808684875,203.46292355769828,"rgba(38, 166, 154, 1.0)",6.875968679891566,208.72411934504862,1.2455648083153332,40.08674067704421,-16.201337208664278,False,True,False,True,True,1.5795086792788702,0.0,0.0,0.0,0.0,0,0.9216215351534752,0.9429027986153709,False,False,False,False,-0.1569641206103083,-0.22691197091171805,False,False,False,False,-420251,-376510.296798714,False,False,False,False,52461.94227178812,False,False,False,False
2024-04-23 00:00:00+00:00,218.5635536434,221.3056759493,216.4636035698,216.4636035698,20124,,,,,,,,,,,,,219.22732816476056,,,,,,,,,,,209.55111896310842,222.46099134436852,220.93834802429552,221.0658626103036,210.34356571325026,203.43640929549295,202.47213044559714,201.7148322672994,197.8695814427033,192.0732758223678,190.21636908043504,188.84152814359746,185.02440717757761,,,219.22732816476056,219.22732816476056,203.53910925618442,"rgba(38, 166, 154, 1.0)",6.880908316631176,208.77524767642657,1.4225310840597998,44.05596836031387,-12.60505185575262,False,True,False,True,True,2.146861757736616,0.0,0.0,0.0,0.0,0,0.9339007463515575,0.9366132377623012,False,False,False,False,-0.0565601638261495,-0.14173606736893377,False,False,False,False,-400127,-377436.4420222938,False,False,False,False,51193.78767289447,False,False,False,False
2024-04-24 00:00:00+00:00,220.0260188732,221.2822390065,215.741745732,216.4917279011,36198,,,,,,,,,,,,,219.21780320678735,,,,,,,,,,,210.6444477632213,222.40064776412513,220.91478111730876,221.04595593499846,210.39445993589624,203.50719285893575,202.54269017558622,201.7844473226173,197.94069793101093,192.14879162842362,190.29294085431468,188.90111324877026,185.08224483746247,,,219.21780320678735,219.21780320678735,203.6615701055901,"rgba(0, 255, 255, 0.75)",6.8726956964021015,208.85912020844663,1.6248207629212095,47.38380239274982,-9.628496716099761,False,True,False,False,True,2.799892441881674,0.0,0.0,0.0,0.0,0,0.9215857335082753,0.9422073492007139,False,False,False,False,-0.06424018552786655,-0.10298812644840016,False,False,False,False,-363929,-376906.73841357644,False,False,False,False,50605.71756807508,False,False,False,False
2024-04-25 00:00:00+00:00,216.3229819131,216.9979658653,212.2824529768,216.1073620394,38880,,,,,,,,,,,,,219.03176896938862,,,,,,,,,,,211.1473743719583,222.2676710826564,220.8404974594095,220.98559993085905,210.42456583805773,203.56397950595897,202.60041191111708,201.84218045192497,198.00282019888104,192.21798060080673,190.36386876437086,188.95677617639524,185.13718858943838,,,219.03176896938862,219.03176896938862,203.71930114475646,"rgba(38, 166, 154, 1.0)",6.891840832409485,208.8805408274568,1.0798916090233055,47.69175134245475,-9.395367768057127,False,False,False,False,True,1.0388600560178176,0.0,0.0,0.0,0.0,0,0.9350242860068002,0.9419772164064352,False,False,False,False,-0.14465675233461775,-0.12382243939150896,False,False,False,False,-402809,-377922.51337774994,False,False,False,False,50145.885506581944,False,False,False,False
2024-04-26 00:00:00+00:00,213.3511775678,225.3415174971,204.3326419838,204.3326419838,74494,,,,,,,,,,,,,218.64949973719578,,,,,,,,,,,211.7049804727424,221.99676922861164,220.6825484752927,220.85669980477454,210.4710172046534,203.66333419863952,202.70210581084487,201.94439318235897,198.1147202784551,192.34447935155865,190.493981038639,189.05929996692947,185.23890949534683,,,218.64949973719578,218.64949973719578,203.79024911606516,"rgba(38, 166, 154, 0.5)",6.932437636494737,208.89043238362711,0.6434598359298584,46.51838546313933,-9.395367768057127,False,True,False,False,True,0.0,0.0,0.0,0.0,0.0,0,0.9100273585095053,0.9195867891163773,False,False,False,False,-0.14053140584869714,-0.13217692262010305,False,False,False,False,-477303,-381819.78736293624,False,False,False,False,51100.71352593168,False,False,False,False
2024-04-29 00:00:00+00:00,210.0793803549,214.6177530346,207.006523853,213.511524694,93396,,,,,,,,,,,,,217.90021580463454,,,,,,,,,,,211.50081076411897,221.52714343283193,220.38345189241775,220.61237351458266,210.47243626816817,203.74222205446196,202.78660148934065,202.03190552434327,198.22073828504068,192.4741856048846,190.62962522536884,189.16766090512465,185.34903587380532,,,217.90021580463454,217.90021580463454,203.76139929496074,#000000,7.028307860301218,208.78773932221844,0.18377695717873646,44.35289495982026,-9.395367768057127,False,True,False,True,True,0.0,0.0,0.0,0.0,0.0,0,0.9082171910875398,0.9625225714745796,False,False,False,False,-0.22603512385661104,-0.17910602323835706,False,False,False,False,-570699,-389226.81530948775,False,False,False,False,52759.35221118926,False,False,False,False
2024-04-30 00:00:00+00:00,207.3658116902,211.232883411,206.7323305036,209.7957320624,84613,,,,,,,,,,,,,217.16745562612599,,,,,,,,,,,211.07308809422116,221.05756724511826,220.07193361204267,220.3560941388057,210.4458637412646,203.79038835790402,202.84112543120688,202.0903170124834,198.2989816688172,192.5765007132979,190.73801548537952,189.25524177157672,185.43964801850098,,,217.16745562612599,217.16745562612599,203.69498194543223,#000000,7.179237221611829,208.6553306103229,-0.17961781736937624,41.85609088055302,-9.395367768057127,False,True,False,True,False,0.0,0.0,0.0,0.0,0.0,0,0.9067850890859951,0.9703118977892884,False,False,False,False,-0.26592688127746467,-0.22251645225791086,False,False,False,False,-655312,-399661.52843460586,False,False,False,False,54008.514869574,False,False,False,False
2024-05-01 00:00:00+00:00,207.914198389,211.7576327521,206.6519634874,208.2073016246,58222,,,,,,,,,,,,,216.74261147552852,,,,,,,,,,,210.87124119423572,220.76153340066693,219.87268942983405,220.19065596891244,210.43093576863657,203.82527881924958,202.88021704962813,202.13195705610082,198.35386245862438,192.647597889822,190.81321540684894,189.31607654102106,185.5024771735298,,,216.74261147552852,216.74261147552852,203.6613644736239,#000000,7.325809240714585,208.57927824197782,-0.09078585465773571,40.55451652119436,-2.57136130154165,False,True,False,True,False,0.0,0.0,0.0,0.0,0.0,0,0.9125512839810556,0.9674514532663373,False,False,False,False,-0.26104019962781666,-0.24177832594286375,False,False,False,False,-597090,-407403.8214371703,False,False,False,False,54173.7495805711,False,False,False,False
2024-05-02 00:00:00+00:00,211.1099691509,211.232883411,207.5596380234,211.0910592648,60923,,,,,,,,,,,,,216.40179905547464,,,,,,,,,,,210.79518407147387,220.49601214033117,219.6932057140317,220.0400969381256,210.42664434153508,203.86994308439805,202.92874195540213,202.18270258291125,198.41718069262532,192.72678195187456,190.89641717788697,189.38320650776416,185.5712112672312,,,216.40179905547464,216.40179905547464,203.6482560327378,#000000,7.37099492299646,208.52587962067133,0.35057540497914164,41.745756294559634,-2.57136130154165,False,True,False,True,False,0.0,0.0,0.0,0.0,0.0,1,0.9211846255969625,0.9584020780048133,False,False,False,False,-0.25683910059193954,-0.24930871326740164,False,False,False,False,-536167,-412453.357851399,False,False,False,False,54438.42606760753,False,False,False,False
2024-05-03 00:00:00+00:00,214.2490102544,215.7901659769,211.8190898821,212.2445623209,25173,,,,,,,,,,,,,216.35193189215732,,,,,,,,,,,210.90129396568685,220.43017497207794,219.65054557387987,220.00327825147284,210.44008437709766,203.90014728942992,202.95984132947706,202.21411492652416,198.45209990195139,192.76680351972706,190.93772496726396,189.41616250499067,185.60412010102718,,,216.35193189215732,216.35193189215732,203.667414744662,"rgba(38, 166, 154, 0.5)",7.3594064106321415,208.53186163473055,0.7768491506882775,44.348564367652585,-2.57136130154165,False,True,False,True,True,0.25637389833801194,0.0,0.0,0.0,0.0,1,0.9243356658534857,0.954219453931416,False,False,False,False,-0.16222235507680646,-0.20576553417210405,False,False,False,False,-510994,-416317.69675918727,False,False,False,False,53290.762300250375,False,False,False,False
2024-05-06 00:00:00+00:00,215.1566847903,216.8018448867,213.7242609133,215.5821572291,30227,,,,,,,,,,,,,216.32509802948366,,,,,,,,,,,211.06909687656767,220.36806802563476,219.61142636720746,219.96884379230207,210.46189616513507,203.94074659093982,203.00125735662772,202.25568549578045,198.4972544996181,192.8175410694765,190.989867679677,189.45766847398912,185.64530787475604,,,216.32509802948366,216.32509802948366,203.6988200205932,"rgba(38, 166, 154, 0.5)",7.364197395735442,208.54901705823022,0.8972692307102255,46.58761907755852,-2.57136130154165,False,False,False,False,True,0.6866222405688802,0.0,0.0,0.0,0.0,1,0.9197048317043668,0.9605206215792299,False,False,False,False,-0.13162134193882757,-0.16869343805546583,False,False,False,False,-480767,-418845.1204156897,False,False,False,False,52386.301033573895,False,False,False,False
2024-05-07 00:00:00+00:00,212.3674765809,218.2059039345,212.3674765809,216.7356602852,52068,,,,,,,,,,,,,216.24566857842038,,,,,,,,,,,211.2722956222637,220.24607584251848,219.53192339014294,219.89946563249035,210.49188897861438,204.00439510186314,203.06666284266086,202.32167243648325,198.57025067224885,192.90086175651788,191.0757966628003,189.52632839938624,185.71380484334705,,,216.24566857842038,216.24566857842038,203.7401093985644,"rgba(38, 166, 154, 0.5)",7.412264656940543,208.56545691541646,0.5129363077886689,46.514836068652,-2.57136130154165,False,False,False,False,True,0.0,0.0,0.0,0.0,0.0,1,0.9237451747707379,0.9528485654039035,False,False,False,False,-0.13112754101662027,-0.14991048953604305,False,False,False,False,-532835,-423315.3117719372,False,False,False,False,52373.818640100406,False,False,False,False
2024-05-08 00:00:00+00:00,221.3969472249,221.7656900052,211.1752082582,211.5543514758,52093,,,,,,,,,,,,,216.3166229221552,,,,,,,,,,,211.6756265210706,220.20391758125544,219.51092913832025,219.87779999037963,210.55080002052367,204.09047701778883,203.1531963069273,202.40765894425945,198.66007175571158,192.99825396689567,191.17508711347608,189.60511286462636,185.79106754007756,,,216.3166229221552,216.3166229221552,203.82307682779327,"rgba(0, 255, 255, 0.75)",7.362725883691358,208.63049251205229,1.7339304646837077,50.876653406243236,-5.526568568727555,True,False,False,False,True,3.5305064922744975,0.0,0.0,0.0,0.0,0,0.922705771016064,0.9358533476057144,False,False,False,False,-0.10647405951409514,-0.1281922745250691,False,False,False,False,-480742,-425567.33876127296,False,False,False,False,52362.8061444102,False,False,False,False
2024-05-09 00:00:00+00:00,221.7562350621,225.7840408153,219.7706970147,219.7706970147,51515,,,,,,,,,,,,222.43699096403333,216.5383178514838,,,,,,,,,,,212.26854376005628,220.24671825204894,219.55311381961295,219.90812241635538,210.64097582033912,204.20051306960565,203.2622519657532,202.51493695237818,198.76765424858286,193.11028511593213,191.28820917159968,189.69435107916217,185.87728551590487,,,216.5383178514838,219.48765440775855,203.9486893221024,"rgba(0, 255, 255, 0.75)",7.335137949191533,210.2121495783023,1.5738061865721362,53.92839327083342,-2.577676656584366,True,False,True,False,True,3.6906974031037905,0.0,0.0,0.0,0.0,0,0.953046190846981,0.9188356121364288,False,False,False,False,0.023438634010599375,-0.05237682025723486,False,False,False,False,-429227,-425710.8548882819,False,False,False,False,52329.558844629406,False,False,False,False
2024-05-10 00:00:00+00:00,218.1066270322,221.4158571111,218.0026226582,220.3569034858,31680,,,,,,,,,,,,221.194864082409,216.59577252107016,,,,,,,,,,,212.4948853880216,220.2342336068696,219.54979127394301,219.902819495337,210.6806066311987,204.25554148538623,203.31740197074166,202.56963164038078,198.8242805266898,193.17114196553962,191.3501271954469,189.74354584075797,185.92539277413573,,,216.59577252107016,218.89531830173956,204.00149229188065,"rgba(38, 166, 154, 1.0)",7.3224662602946315,210.1908810013354,1.0810218510376712,53.82899413043796,-2.5760570832282497,True,False,True,False,True,1.904029262496163,0.0,0.0,0.0,0.0,0,0.9459173002852591,0.9349059789513516,False,False,False,False,-0.03958805145925211,-0.045982435858243485,False,False,False,False,-460907,-427091.09587305516,False,False,False,False,51519.772223271386,False,False,False,False
2024-05-13 00:00:00+00:00,218.0688072598,221.2078483633,218.0688072598,219.9976156487,23361,,,,,,,,,,,,220.73891509445886,216.6356143308461,,,,,,,,,,,212.65109878125836,220.22470208446896,219.54699282782363,219.89864025616768,210.70939126286908,204.29569952543295,203.3576729746107,202.6095896845038,198.86571387397237,193.21573347801413,191.39551214629049,189.77964367990612,185.96071464230303,,,216.6356143308461,218.68726471265248,204.03931578597087,"rgba(38, 166, 154, 1.0)",7.271160524338661,210.19723164241685,1.0825748642234925,53.7410241366385,-2.423287936026128,True,False,True,False,True,1.8855701018374198,0.0,0.0,0.0,0.0,1,0.9457074619812089,0.9456057276443537,False,False,False,False,-0.041046546093594434,-0.04351449097591896,False,False,False,False,-484268,-429333.3274074452,False,False,False,False,50415.5066458882,False,False,False,False
2024-05-14 00:00:00+00:00,219.8179717301,222.3046217609,217.8135237966,221.4158571111,34300,,,,,,,,,,,,220.55379568112153,216.71147686171352,,,,,,,,,,,212.89646567873362,220.22166375209383,219.55103580887294,219.89925917472803,210.75560578713268,204.3576831781904,203.4196506662443,202.67096120723465,198.9288243730717,193.28310207426415,191.46394838602708,189.8340396396854,186.0137875396625,,,216.71147686171352,218.63263627141754,204.0996944050724,"rgba(38, 166, 154, 1.0)",7.195342486857682,210.23661335918854,1.3316056029871883,54.58280425473984,-1.3132453111636693,True,False,True,False,True,2.704524340783241,0.0,0.0,0.0,0.0,1,0.9529224685804125,0.9413468635688431,False,False,False,False,-0.032395155160731284,-0.03795482306832512,False,False,False,False,-449968,-430142.53025421203,False,False,False,False,49783.52599310827,False,False,False,False
2024-05-15 00:00:00+00:00,221.6522306882,223.5810390771,219.3357696329,221.1038439894,37535,,,,,,,,,,,,220.75772736515404,216.8280644248294,,,,,,,,,,,213.20139818310412,220.23901825817347,219.57104008139913,219.91287964910873,210.8140338178548,204.4316042092981,203.49322229645244,202.7435741596495,199.0024913051158,193.36067927356333,191.54250029531744,189.89637987707556,186.07430863815912,,,216.8280644248294,218.79289589499172,204.17562538802088,"rgba(0, 255, 255, 0.75)",7.108478846310864,210.31164149218912,1.5953608980487275,56.060708044415804,0.3915723914540621,True,False,True,False,True,3.56076775005711,0.0,0.0,0.0,0.0,1,0.9615838448273826,0.9195596622417498,False,False,False,False,-0.0036496204308069584,-0.02080222174956604,False,False,False,False,-412433,-429448.0388716939,False,False,False,False,49303.19164043736,False,False,False,False
2024-05-16 00:00:00+00:00,222.5788151103,223.4297599877,219.9881607056,221.7373251759,23597,,,,,,,,,,,,220.90272722793623,216.90565067934818,,,,,,,,,,,213.39264830585586,220.25365011050593,219.58642538669733,219.92382246794108,210.85205999879554,204.47903575362204,203.54038173446753,202.79008740364338,199.0495312898861,193.4100520988493,191.5924539751721,189.93603352633426,186.1127601007388,,,216.90565067934818,218.9041889536422,204.2245340117315,"rgba(0, 255, 255, 0.75)",7.050587561003547,210.36123865835884,1.7328451488945382,57.50721969457861,2.032596500672909,True,False,True,False,True,3.9942565401987373,0.0,0.0,0.0,0.0,0,0.9542109644056922,0.9786720872185874,False,False,False,False,0.0014953760706096627,-0.009653422839478188,False,False,False,False,-388836,-427855.40989633335,False,False,False,False,48295.10569375355,False,False,False,False
2024-05-17 00:00:00+00:00,220.6216418922,223.4770347031,220.4609078598,223.4770347031,26992,,,,,,,,,,,,220.97547457647133,216.98350954459045,,,,,,,,,,,213.58984256372008,220.26557863252125,219.6003393786904,219.93334235441682,210.8933855817823,204.5315034183898,203.59263995349056,202.84169788813946,199.10198541711955,193.4653772143009,191.6484970668189,189.9805964538755,186.15605713353273,,,216.98350954459045,218.9794920605309,204.27698792744602,"rgba(38, 166, 154, 1.0)",7.0485828032717155,210.40961958539611,1.4488050423503285,57.007034858950846,2.032596500672909,True,False,True,False,True,2.974464338277727,0.0,0.0,0.0,0.0,0,0.9205882494165509,0.9833447733453548,False,False,False,False,0.0068346107153691455,-0.0014094060620545214,False,False,False,False,-415828,-427383.7467631438,False,False,False,False,47459.68978419458,False,False,False,False
2024-05-20 00:00:00+00:00,220.6405517783,222.9570128336,219.7801519578,219.7801519578,40728,,,,,,,,,,,,220.99819081625554,217.08635883244773,,,,,,,,,,,213.85600046946018,220.27763654232518,219.61672717326815,219.9439797785772,210.9528494994508,204.60824093873933,203.66919922770688,202.91740515974402,199.17928832277371,193.54727932149154,191.73155380916705,190.0467626245179,186.22046203780462,,,217.08635883244773,219.04227482435164,204.35133730038666,"rgba(38, 166, 154, 1.0)",7.02824425943051,210.47328939596582,1.4466290594114914,56.68490652979391,2.032596500672909,True,False,True,False,True,2.983630361820204,0.0,0.0,0.0,0.0,0,0.915791094560904,0.98938338681259,False,False,False,False,-0.005494086005994979,-0.0034517460340247504,False,False,False,False,-375100,-425333.40375282447,False,False,False,False,47195.70194952029,False,False,False,False
2024-05-21 00:00:00+00:00,224.0821510604,224.436711426,218.6266489017,218.6266489017,22465,,,,,,,,,,,,221.1045785195137,217.15790080184846,,,,,,,,,,,214.0189173634325,220.29377880822744,219.63301448944415,219.95591540471833,210.9893670931855,204.6534607197823,203.71416050130492,202.9617584430668,199.22412260592358,193.59429606160126,191.77911568578915,190.0846087956204,186.2571600467456,,,217.15790080184846,219.13123966068108,204.39689815529556,"rgba(0, 255, 255, 0.75)",7.039381158980482,210.51844007823905,1.9268328672410455,58.43278536574776,3.684686728431913,True,False,True,False,True,4.646377651114527,0.0,0.0,0.0,0.0,0,0.920121487490581,0.9763773540381259,False,False,False,False,-0.0021449437936685955,-0.002798344913846673,False,False,False,False,-352635,-422482.48595859605,False,False,False,False,46225.87050051949,False,False,False,False
2024-05-22 00:00:00+00:00,221.6238658589,223.0326523783,220.0259804779,222.3518964763,46390,,,,,,,,,,,,221.16709462713402,217.27740016750866,,,,,,,,,,,214.30521734917343,220.31353778865352,219.65618153033984,219.9719788564215,211.05866043169948,204.7418239325883,203.80227133810044,203.04886574483163,199.312895878775,193.6881464334506,191.87424245767934,190.16050154096203,186.33098891904496,,,217.27740016750866,219.22224739732133,204.48194709244,"rgba(0, 255, 255, 0.75)",7.0405951358534224,210.59404396676467,1.5666036292823053,57.63247460630857,3.684686728431913,True,False,True,False,True,3.3282444315595328,0.0,0.0,0.0,0.0,0,0.9184060909308085,0.9790749894534522,False,False,False,False,-0.002193481561116,-0.0024959132374813365,False,False,False,False,-399025,-421562.584548455,False,False,False,False,46232.30695147951,False,False,False,False
2024-05-23 00:00:00+00:00,217.1516777808,221.5860460866,216.5181965943,221.5860460866,25791,,,,,,,,,,,,220.97254375265703,217.2943646327944,,,,,,,,,,,214.39023644037638,220.29725045913838,219.64796826107454,219.96338305889273,211.0853841528549,204.78144846397765,203.84228100570877,203.08878157677069,199.3550181951815,193.73420011952612,191.92129674141555,190.19833039800872,186.36825240170361,,,217.2943646327944,219.1334541927257,204.51337163650993,"rgba(38, 166, 154, 0.5)",7.0309874180357586,210.60691054748227,0.9308461022884493,54.10965980492829,3.684686728431913,True,False,True,False,False,0.9935412431837847,0.0,0.0,0.0,0.0,0,0.927174285104898,0.9785601052464937,False,False,False,False,-0.053110700400829665,-0.0278033068191555,False,False,False,False,-424816,-421690.16946812347,False,False,False,False,45430.68707102934,False,False,False,False
2024-05-24 00:00:00+00:00,219.9597958764,221.3685823957,217.0854931792,217.6055150488,50785,,,,,,,,,,,,220.7888916571888,217.35627231897865,,,,,,,,,,,214.58894162112568,220.2835036647288,219.64568914339046,219.95807876711106,211.1449152066175,204.86477685029803,203.92607050548727,203.1721324469649,199.44197063305333,193.82823061643597,192.017126806995,190.2752913243575,186.44377704216987,,,217.35627231897865,219.07258198808373,204.58388497144117,"rgba(38, 166, 154, 1.0)",7.027020312520739,210.6523719054813,1.3245192922432207,53.51755691659882,8.03869540861416,True,False,True,False,False,2.3804129597876447,0.0,0.0,0.0,0.0,0,0.953956098808559,0.9538946398785607,False,False,False,False,-0.049509454157927714,-0.03865638048854161,False,False,False,False,-374031,-419821.1824301579,False,False,False,False,45640.6601270674,False,False,False,False
2024-05-28 00:00:00+00:00,216.0832692125,219.7139673562,215.2654166358,219.7139673562,26646,,,,,,,,,,,,220.56162653651907,217.35134157238872,,,,,,,,,,,214.63783885436735,220.25525945805063,219.6280430388366,219.94156064854366,211.16672015349008,204.9008493541832,203.96280162179542,203.20900295605864,199.48174827396178,193.8726042079504,192.06267700161573,190.31213422192437,186.48033603395328,,,217.35134157238872,218.95648405445388,204.60858275574853,"rgba(38, 166, 154, 0.5)",7.0335736534711,210.65595647919517,0.7716294732516845,50.832232616392346,5.411602817126294,True,False,False,False,False,0.3902743590120501,0.0,0.0,0.0,0.0,1,0.9467203918701943,0.9439185426095504,False,False,False,False,-0.08535078407824286,-0.06200358228339223,False,False,False,False,-400677,-419070.43017799483,False,False,False,False,44895.77149463339,False,False,False,False
2024-05-29 00:00:00+00:00,213.3791554908,215.0432254734,212.6794897027,214.9959507579,39588,,,,,,,,,,,,219.99737929787605,217.27330624549944,,,,,,,,,,,214.61065452377062,220.17202694740223,219.5694247973485,219.88984813208242,211.18061357848453,204.93947487457757,204.00321471018756,203.25033892809915,199.52938985715159,193.92880627161227,192.12108316590434,190.35990335244915,186.5286031424311,,,217.27330624549944,218.63534277168776,204.62179863703852,#000000,7.071066381401951,210.62358170064368,0.3896970614508618,47.654949025820684,2.4123268179142485,False,False,False,True,False,0.0,0.0,0.0,0.0,0.0,1,0.9388092763508543,0.9454775375094396,False,False,False,False,-0.16102675798026692,-0.11151517013182957,False,False,False,False,-440265,-419901.5897788578,False,False,False,False,44687.62359288306,False,False,False,False
2024-05-30 00:00:00+00:00,214.3341047422,216.9813942559,213.3791554908,214.6839376362,27860,,,,,,,,,,,,219.7184055683287,217.2381076079226,,,,,,,,,,,214.61640700238638,220.12531558145363,219.53713972956467,219.8609093222155,211.19490342093766,204.97014287267663,204.03494240842815,203.28254572130007,199.56554386111102,193.97055192659178,192.16426838117326,190.3951228912067,186.56396116376024,,,217.2381076079226,218.47825658812565,204.63705802175429,"rgba(38, 166, 154, 0.5)",7.084995990707633,210.61358602868592,0.5251264388002124,46.20859459936915,1.077968926775256,False,False,False,True,False,0.0,0.0,0.0,0.0,0.0,1,0.9458303587075004,0.9437675622679584,False,False,False,False,-0.13335113759864992,-0.12243315386523974,False,False,False,False,-412405,-419607.6058659614,False,False,False,False,44027.71678531902,False,False,False,False
2024-05-31 00:00:00+00:00,216.1305439279,217.922255642,213.0813247837,213.9086323034,75685,,,,,,,,,,,,219.19991900291006,217.17902006396483,,,,,,,,,,,214.67284464312138,220.02160399982068,219.46663131701266,219.7965695158952,211.24157803378557,205.0592567954544,204.12659142601078,203.37520939455084,199.66807083918684,194.08749844078167,192.28493053437748,190.49345083649348,186.66231590069688,,,217.17902006396483,218.18946953343743,204.68896551362982,"rgba(38, 166, 154, 0.5)",7.066058198315954,210.6107960863459,0.7811636539973014,46.49779682548298,1.077968926775256,False,False,False,True,False,0.4450632768958407,0.0,0.0,0.0,0.0,1,0.93492352641144,0.9616358208468814,False,False,False,False,-0.12663684290910918,-0.12453499838717447,False,False,False,False,-336720,-416357.1115182767,False,False,False,False,45269.17887216925,False,False,False,False
2024-06-03 00:00:00+00:00,217.4636909025,218.6833785602,214.9486760425,218.6833785602,26614,,,,,,,,,,,,219.10556702451538,217.1770449607005,,,,,,,,,,,214.71484063575537,219.9971047069073,219.45095421195364,219.7815774988669,211.26254377868207,205.09408388977093,204.16211280851618,203.4109192831899,199.7067569706091,194.13081639730095,192.3294422459234,190.52964686648886,186.69830903259515,,,217.1770449607005,218.14130599260795,204.7130083328123,"rgba(38, 166, 154, 0.5)",7.061873314875229,210.62096185789613,0.9689679691917209,47.59684680346798,1.077968926775256,False,False,False,True,False,1.1277921748019075,0.0,0.0,0.0,0.0,1,0.9132932882444212,0.9769763724526611,False,False,False,False,-0.09930245582438303,-0.11191872710577874,False,False,False,False,-310106,-412190.401262658,False,False,False,False,44537.6032301234,False,False,False,False
2024-06-04 00:00:00+00:00,214.8352167255,219.3546795191,213.0955071983,216.4803768219,19549,,,,,,,,,,,,219.00198716847922,217.1632237467013,,,,,,,,,,,214.7283541876126,219.97176391340165,219.4335878291942,219.76562939487076,211.2744783864063,205.11682887087076,204.1855175854884,203.4345960043986,199.7329885936929,194.16077211807408,192.36036007568939,190.55490021658403,186.72358832157417,,,217.1632237467013,218.08260545759026,204.7264127306044,"rgba(38, 166, 154, 0.5)",7.080110178173197,210.62194903509322,0.5950850459072776,46.66565739708393,1.077968926775256,False,False,False,True,False,0.0,0.0,0.0,0.0,0.0,0,0.9019738704451549,0.9712856070124187,False,False,False,False,-0.1115723887272177,-0.11174555791649822,False,False,False,False,-329655,-408953.71886020084,False,False,False,False,43557.65800541268,False,False,False,False
2024-06-05 00:00:00+00:00,214.3435596852,216.139998871,212.9536830521,214.4948387746,42470,,,,,,,,,,,,218.71680038280576,217.10745889853473,,,,,,,,,,,214.7215549100285,219.90128338650263,219.38343193374754,219.72045317176767,211.2928396948723,205.1599951969446,204.23044196405226,203.48040194631554,199.78514522057813,194.2217179624404,192.42358198168077,190.60680605157808,186.7759367718186,,,217.10745889853473,217.91212964067023,204.7464300147944,"rgba(38, 166, 154, 0.5)",7.1040227908479565,210.61092459282708,0.5254255514469419,45.74305444301666,0.2896848854389589,False,False,False,True,False,0.0,0.0,0.0,0.0,0.0,0,0.9001801099569346,0.9817202475653877,False,False,False,False,-0.14661495696906623,-0.12918025744278222,False,False,False,False,-372125,-407509.4553754871,False,False,False,False,43515.00475029846,False,False,False,False
2024-06-06 00:00:00+00:00,209.8808265502,213.7148059702,209.1149761605,212.2445623209,60135,,,,,,,,,,,,218.07640293756162,216.9301727148153,,,,,,,,,,,214.57957983549608,219.7407210899391,219.26359902250547,219.61504456332324,211.28970674335457,205.19724839014754,204.2714258517778,203.52373964166512,199.84055034971732,194.2922691559416,192.4980722278355,190.66896707135786,186.8401990040419,,,216.9301727148153,217.50328782618845,204.74008638054642,#000000,7.183496337046736,210.54449716092213,-0.09238824377197116,42.67116355303521,-2.737748363719895,False,True,False,True,False,0.0,0.0,0.0,0.0,0.0,0,0.9030359122781223,0.9889095776767238,False,False,False,False,-0.21305168164906038,-0.1711159695459213,False,False,False,False,-432260,-408480.0649686053,False,False,False,False,44166.769269894605,False,False,False,False
2024-06-07 00:00:00+00:00,206.1177592033,208.3113059985,204.9264363748,208.0465675921,53522,,,,,,,,,,,,217.28605250129837,216.67027749736624,,,,,,,,,,,214.31919936824934,219.5329620139779,219.10446195149183,219.47645534047263,211.25530144843398,205.20444932942536,204.2832797494777,203.53887587223764,199.86974322721298,194.3378678441281,192.54795373314104,190.71187136575105,186.88657916131362,,,216.67027749736624,216.9781649993323,204.69761541579328,"rgba(239, 83, 80, 0.5)",7.331296290118343,210.43290646536144,-0.588592670559189,38.98255345830587,-6.2156311467406695,False,True,False,True,False,0.0,0.0,0.0,0.0,0.0,0,0.8823902320146007,1.018218105206418,False,False,False,False,-0.3187412140028887,-0.24492859177440499,False,False,False,False,-485782,-411511.513401209,False,False,False,False,44533.64106323208,False,False,False,False
2024-06-10 00:00:00+00:00,204.5576935946,205.3140890412,203.4987399694,203.4987399694,57276,,,,,,,,,,,,216.41592834798595,216.35448120150903,,,,,,,,,,,213.99229552074058,219.28487989872238,218.9123143101719,219.30911489284125,211.20395279099765,205.19988534605545,204.28428366425953,203.54392601098127,199.89131680161148,194.37831348743728,192.5933376057993,190.75174055812317,186.9309338227945,,,216.35448120150903,216.38520477474748,204.63663805465663,"rgba(239, 83, 80, 0.5)",7.521410780738458,210.29498502228634,-0.7627945866723473,35.91357738734631,-9.015904561849148,False,True,False,True,False,0.0,0.0,0.0,0.0,0.0,0,0.8644772460507156,1.0809262385793312,False,False,False,False,-0.34282825441539394,-0.2938784230948995,False,False,False,False,-543058,-416670.19915018126,False,False,False,False,45033.34141369357,False,False,False,False
2024-06-11 00:00:00+00:00,203.2718213354,203.5838344571,200.6433471584,202.5154258888,34101,,,,,,,,,,,,215.87578891235734,216.14442790963403,,,,,,,,,,,213.7698796535114,219.12202794858936,218.78512158753125,219.19834578209762,211.16498574774457,205.19010650457656,204.278158883174,203.5405167566828,199.89860013486222,194.39759432575997,192.61576368357817,190.77199405243232,186.95429832418736,,,216.14442790963403,216.01010841099568,204.59133795267132,"rgba(239, 83, 80, 0.5)",7.732591421077481,210.20172127037705,-0.8961937282871998,33.37260941082161,-11.299373864066993,False,True,False,True,False,0.0,0.0,0.0,0.0,0.0,0,0.8622725958484627,1.031506121384713,False,False,False,False,-0.34282825441539394,-0.3183533387551467,False,False,False,False,-577159,-422963.87761488004,False,False,False,False,44604.622142568325,False,False,False,False
2024-06-12 00:00:00+00:00,206.8363348776,216.9011217891,205.9002955124,209.1149761605,45523,,,,,,,,,,,,215.58039009767242,216.0201414167851,,,,,,,,,,,213.67189626870947,219.0038480550944,218.69393017822054,219.11708163061294,211.15734753318165,205.21266714561514,204.30370336246426,203.5680228591374,199.93566572544677,194.44650508688437,192.66777793177323,190.81586757010496,187.00013427371067,,,216.0201414167851,215.80026575722877,204.5841882785351,#000000,7.84970442578076,210.15919424507575,-0.42331012573702786,34.8337931047667,-11.299373864066993,False,True,False,True,False,0.0,0.0,0.0,0.0,0.0,0,0.890211648833202,0.9763208377570178,False,False,False,False,-0.09936881050851,-0.20886107463182835,False,False,False,False,-531636,-427225.52947312006,False,False,False,False,44640.636960506825,False,False,False,False
2024-06-13 00:00:00+00:00,201.8157601006,206.3446778373,201.4564722635,205.3235439843,49638,,,,,,,,,,,,214.94957055389418,215.74882142660675,,,,,,,,,,,213.39216424392953,218.78661829502852,218.52291193164356,218.96721382990705,211.10616990190016,205.2021928994318,204.29826983192513,203.56631626039174,199.9488538874841,194.47657539940454,192.70228476631826,190.8468107353555,187.03538742183494,,,215.74882142660675,215.34919599025045,204.52705918496576,"rgba(239, 83, 80, 1.0)",8.083658225659084,210.0416600275127,-1.0175962042534321,33.67108755239714,-11.299373864066993,False,True,False,True,False,0.0,0.0,0.0,0.0,0.0,0,0.8632918900906753,1.025016579315616,False,False,False,False,-0.293725699426588,-0.25129338702920817,False,False,False,False,-581274,-433266.6459643702,False,False,False,False,44836.611981663424,False,False,False,False
2024-06-14 00:00:00+00:00,201.0404547679,202.1325006939,198.5159849648,199.3952946715,35708,,,,,,,,,,,,214.44066537305306,215.52099444102214,,,,,,,,,,200.5629801422,213.15015595629455,218.6081245437637,218.3813785776819,218.8433527081014,211.05758103370778,205.18484140121868,204.2850207502399,203.55617606654906,199.9506304933708,194.49156940793384,192.7207580090784,190.864235555156,187.05652367874316,,,215.52099444102214,214.98082990703762,204.1938091660028,"rgba(239, 83, 80, 1.0)",8.316912686599093,210.1932563129705,-1.1005047052878485,32.603048061267955,-11.895230931261523,False,True,False,True,False,0.0,0.0,0.0,0.0,0.0,0,0.8492210849058273,1.0453365644935348,True,False,False,False,-0.34282825441539394,-0.29706082072230106,False,False,False,False,-616982,-440471.169652042,False,False,False,False,44478.62719806878,False,False,False,False
2024-06-17 00:00:00+00:00,203.7823882618,203.7918432049,198.5632596802,200.945905337,39658,,,,,,,,,,,,213.97212210401858,215.3001487210638,,,,,,,,,,201.34326402116247,212.92228764112247,218.42989695984167,218.2396463551441,218.71873099593165,211.01169061644234,205.17185614494846,204.27623436375447,203.55053373646214,199.95734062538142,194.51218176071754,192.74503347725013,190.88646241432,187.0824894611264,,,215.3001487210638,214.6361354125412,204.2034034695432,"rgba(239, 83, 80, 0.5)",8.482032234690152,210.13496879136264,-0.748945577403207,34.17010652857945,-11.895230931261523,False,True,False,True,False,0.0,0.0,0.0,0.0,0.0,0,0.8546582478635332,1.021180492532102,False,False,False,False,-0.31750534078441606,-0.30728308075335853,False,False,False,False,-577324,-445837.94731274626,False,False,False,False,44289.58299422295,False,False,False,False
2024-06-18 00:00:00+00:00,205.4842780167,208.7197595396,204.2362255298,205.0871704073,45264,,,,,,,,,,,,213.64846054211188,215.13207089273,,,,,,,,,,203.1456779048496,212.76722654787292,218.28086327605106,218.12106740160337,218.61316789540896,210.9835783895765,205.17643749406267,204.28457430666649,203.56155669080033,199.97988263540583,194.54830259106305,192.78473522396644,190.9210066110701,187.12010819983925,,,215.13207089273,214.39026571742096,204.3062989405883,"rgba(239, 83, 80, 0.5)",8.594691776097411,210.15689635262765,-0.5436632816691142,36.52959761026508,-11.895230931261523,False,True,False,True,True,0.0,0.0,0.0,0.0,0.0,0,0.8788027188970519,1.0073361814582644,False,False,False,False,-0.15508950780470837,-0.23118629427903345,False,False,False,False,-532060,-449219.2042808738,False,False,False,False,44327.79542582205,False,False,False,False
2024-06-20 00:00:00+00:00,208.0087478198,209.3938969814,203.7823882618,203.7823882618,27488,,,,,,,,,,,,213.48707067034223,215.04306944022278,,,,,,,,,,203.87241605976715,212.68901826135908,218.1988020082412,218.05560071763904,218.55456381063536,210.96986377707077,205.1818022922251,204.29207339824652,203.57055811747654,199.9955111321307,194.57185058578364,192.81037379751064,190.94316445242072,187.1439760663662,,,215.04306944022278,214.2650700552825,204.34639817691945,#000000,8.652000635433453,210.15834359164128,-0.24845071821167283,39.925764181516186,-15.690145779000943,False,True,False,True,True,0.0,0.0,0.0,0.0,0.0,0,0.8798682497884388,0.994379692975168,False,False,False,False,-0.14692349545518565,-0.18905489486710955,False,False,False,False,-504572,-451389.90215221216,False,False,False,False,43667.41129147609,False,False,False,False
2024-06-21 00:00:00+00:00,207.2618073163,209.4931738838,207.0727084546,207.8480137874,106020,,,,,,,,,,,,213.0083375977779,214.75337130462444,,,,,,,,,,205.57037937788797,212.45067927510794,217.91739990329765,217.82985923361286,218.3508990790659,210.92957642275215,205.21177454915406,204.32970152550294,203.61349860941,200.06258349553164,194.66819752056762,192.9144634066877,191.03269899914463,187.239548471096,,,214.75337130462444,213.88085445120117,204.43723284777278,#000000,8.71941768990435,210.13470664296483,-0.3294829343926448,41.7319026662038,-13.97684632627442,False,True,False,True,True,0.0,0.0,0.0,0.0,0.0,0,0.9185668113638459,0.992803902367077,False,False,False,False,-0.09635456932852211,-0.14270473209781584,False,False,False,False,-610592,-457633.12167565484,False,False,False,False,46112.61084867311,False,False,False,False
2024-06-24 00:00:00+00:00,213.0955071983,214.6933925793,209.0015168435,209.0015168435,35970,,,,,,,,,,,,212.98713830727038,214.71937588893218,,,,,,,,,,206.4002446317395,212.44754336149683,217.86525425592635,217.7880204388362,218.31151812068714,210.93557200385783,205.23765311757697,204.35735040915415,203.6422268479785,200.09742042335998,194.71110881221315,192.9595144243658,191.07056942263003,187.27850050853857,,,214.71937588893218,213.85325709810127,204.50732119845435,#000000,8.608640951522121,210.17195661722704,0.3396065183269186,46.61059717511583,-9.410604882175868,False,False,False,False,True,0.0,0.0,0.0,0.0,0.0,0,0.9184914787216044,0.9684745668979471,False,False,False,False,0.008720084758567037,-0.0669923236696244,False,False,False,False,-574622,-462220.9208256292,False,False,False,False,45714.86140362711,False,False,False,False
2024-06-25 00:00:00+00:00,210.5615824521,212.0554634592,207.8432863159,212.0554634592,35645,,,,,,,,,,,,212.9094106361578,214.65842365655067,,,,,,,,,,206.81093246632938,212.41008383653636,217.7954099368676,217.73157536149225,218.25955166838926,210.93210371526172,205.25546548430862,204.37729817645175,203.66358617601662,200.12579345603734,194.74833926984417,192.99909465468627,191.104241455217,187.31373139644822,,,214.65842365655067,213.7839171463542,204.53765764670615,#000000,8.456561260848527,210.17397725894702,0.04583484719107759,48.21150918702216,-7.992827886901878,True,False,False,False,True,0.0,0.0,0.0,0.0,0.0,0,0.9282845372903386,0.9660127540416861,False,False,False,False,-0.04710819371672234,-0.05705025869317337,False,False,False,False,-610267,-468026.6494207026,False,False,False,False,45319.96487799467,False,False,False,False
2024-06-26 00:00:00+00:00,208.3207609415,210.5946747529,207.5265457226,209.4931738838,19989,,,,,,,,,,,,212.84736892981056,214.61499706408196,,,,,,,,,,206.92673903050735,212.377454035842,217.75002498483968,217.69475536119907,218.22593095738165,210.92684959826326,205.2626817001102,204.38584438750595,203.67304334760462,200.1395185439163,194.76733040925473,193.0194839292547,191.12174802053227,187.33228485312472,,,214.61499706408196,213.73118299694625,204.54312065423832,#000000,8.258068476828479,210.1644952159796,-0.223264590219006,47.928857754727865,-7.992827886901878,True,False,False,False,True,0.0,0.0,0.0,0.0,0.0,0,0.9374046578559528,0.974805473358505,False,False,False,False,-0.07332938601237703,-0.0651898223527752,False,False,False,False,-630256,-474388.58473753784,False,False,False,False,44326.59370630861,False,False,False,False
2024-06-27 00:00:00+00:00,208.7935080957,210.4008484197,207.5454556088,209.7200925178,23842,,,,,,,,,,,,212.7775448584336,214.56490839055306,,,,,,,,,,207.05489092089323,212.34036364898694,217.69708281767225,217.65172027299764,218.1865610174237,210.92090957074555,205.27149025089216,204.39622254637877,203.6844950825559,200.15601933396442,194.79007487144975,193.04388714279898,191.1427007898781,187.35447484738347,,,214.56490839055306,213.67122662449333,204.5493495081444,#000000,8.072831194357411,210.1534553664645,-0.16845976808174273,48.05539262509814,-7.951127465542534,True,False,False,False,True,0.0,0.0,0.0,0.0,0.0,0,0.9611583708934547,0.9529687064588602,False,False,False,False,-0.07591452625221426,-0.07055217430249473,False,False,False,False,-606414,-479566.05200273247,False,False,False,False,43523.27630606121,False,False,False,False
2024-06-28 00:00:00+00:00,213.5398895232,213.7006235556,207.3894490479,211.1383339802,313402,,,,,,,,,,,,212.5440681603846,214.25210809240764,,,,,,,,,,209.11449810525852,212.24202723328963,217.24783431666165,217.28203797172088,217.83682328666,210.94414409280068,205.4643022522561,204.60527962190727,203.90394631886534,200.43074126757685,195.13682666528646,193.40986870361306,191.45369989052406,187.67704900387415,,,214.25210809240764,213.39808812639612,204.7677913378782,#000000,7.875780692889317,210.19685664307485,0.42447003166853314,50.990618156184325,-4.971291234741869,True,False,False,False,True,0.26081616851822886,0.0,0.0,0.0,0.0,0,0.956082668749998,0.9431794822151022,False,False,False,False,-0.02957278392727668,-0.050062479114885705,False,False,False,False,-293012,-472250.2068261548,False,False,False,False,54106.75566660783,False,False,False,False
2024-07-01 00:00:00+00:00,210.7695912,214.3057399129,209.5877233146,212.717309475,31608,,,,,,,,,,,,212.5255393303117,214.2242328167834,,,,,,,,,,209.22241796651838,212.2335755929727,217.20622090654368,217.24728972092834,217.80364235940897,210.94643283617552,205.48312622787464,204.62571947979262,203.92543148382742,200.45774091651987,195.17102595360217,193.44599928579865,191.48455690815416,187.7091199092623,,,214.2242328167834,213.37488607354754,204.78302139624137,#000000,7.805142475685042,210.19732605710655,0.07331898740813572,51.12737775890082,-4.6493400188131915,True,False,False,False,True,0.0,0.0,0.0,0.0,0.0,0,0.9655138378757688,0.9495287099295971,False,False,False,False,0.011638591123325853,-0.019211943995779926,False,False,False,False,-324620,-466460.7869506193,False,False,False,False,53224.45152281929,False,False,False,False
2024-07-02 00:00:00+00:00,213.1427819137,213.634438954,210.8452307446,211.6205360774,16717,,,,,,,,,,,,212.52568912015224,214.2150832150481,,,,,,,,,,209.29827308158525,212.23555979019847,217.18825578024007,217.2322368507382,217.78898260114352,210.94958939094533,205.49464497194904,204.63801349060097,203.93820897906508,200.47323243678002,195.19014151711406,193.46608790452078,191.50163871932074,187.72674718867708,,,214.2150832150481,213.37038616760017,204.79440090734852,#000000,7.8019436505309505,210.2013985149037,0.37700649101664796,52.562789202735225,-3.04447652563114,True,False,True,False,True,0.06925148828772976,0.0,0.0,0.0,0.0,0,0.9652972776947236,0.952242142604205,False,False,False,False,0.020256479481269303,0.0005222677427446885,False,False,False,False,-307903,-460242.8345211833,False,False,False,False,51792.786757218535,False,False,False,False
2024-07-03 00:00:00+00:00,214.3435596852,214.4191992299,212.7645841904,212.7645841904,10904,,,,,,,,,,,,212.53405640564102,214.21376682178024,,,,,,,,,,209.3650322821662,212.24230029305696,217.1798731536783,217.22517987046757,217.78182507482575,210.95332029856317,205.50352225529411,204.64732933302645,203.94778091262913,200.48440330438902,195.2035210485952,193.48006093920625,191.51345414369214,187.73883386855252,,,214.21376682178024,213.37391161371062,204.80474548415307,"rgba(38, 166, 154, 0.5)",7.803237873402599,210.2073488498119,0.5300634047677082,54.17552812868433,-1.2927000945650846,True,False,True,False,True,0.7161147296299362,0.0,0.0,0.0,0.0,0,0.9515922170308941,0.973325221957034,False,False,False,False,0.06006898454043635,0.030295626141590516,False,False,False,False,-296999,-453841.11552035256,False,False,False,False,50189.30492360212,False,False,False,False
2024-07-05 00:00:00+00:00,209.3891695099,213.2184214584,209.3702596237,213.2184214584,15726,,,,,,,,,,,,212.5170309973358,214.19574895978957,,,,,,,,,,209.39188581711667,212.23278098924123,217.15639672907395,217.2055249782699,217.76324361003776,210.9527743969832,205.51141753583065,204.6560920676472,203.95712261132468,200.4966500213629,195.21949388991763,193.4970344142677,191.52804651628216,187.75412258817366,,,214.19574895978957,213.35638997856267,204.80875615468065,#000000,7.838138584149589,210.20394988546587,-0.10395074886957681,52.05700286122075,-1.2927000945650846,True,False,True,False,True,0.0,0.0,0.0,0.0,0.0,0,0.9101705249576714,0.9875154953873361,False,False,False,False,-0.007538832536738776,0.01137839680242587,False,False,False,False,-312725,-448307.15020582895,False,False,False,False,48837.802769735375,False,False,False,False
2024-07-08 00:00:00+00:00,209.975375981,210.6372219968,209.058246502,209.739002404,43016,,,,,,,,,,,,212.4533627347211,214.13686751510787,,,,,,,,,,209.41865253293946,212.19487346073154,217.08553642280606,217.1461127867086,217.70745998458997,210.94740592644735,205.52968307979418,204.67687740779965,203.9796262874901,200.52747538139414,195.2608491702011,193.54121910940998,191.56624837953285,187.7944379276706,,,214.13686751510787,213.2951151249145,204.8126041326797,#000000,7.855290520915071,210.187061872872,-0.02694819387116957,51.014477735716504,-1.2927000945650846,True,False,False,False,False,0.0,0.0,0.0,0.0,0.0,0,0.9103844643772817,0.9974560100754336,False,False,False,False,-0.05010294280497813,-0.01936227300127613,False,False,False,False,-269709,-441303.30117814936,False,False,False,False,48609.496778765366,False,False,False,False
2024-07-09 00:00:00+00:00,210.5899472814,212.2633776576,208.4342202585,209.285165136,24409,,,,,,,,,,,,212.4259001675862,214.10831635311314,,,,,,,,,,209.44853746548097,212.17880733896388,217.04890443338573,217.11529930595825,217.6783142786368,210.94592436797782,205.54125261789574,204.68981019120739,203.9934773644151,200.54587872411764,195.28507291176825,193.56700845903524,191.58849048017942,187.81780557644498,,,214.10831635311314,213.2671082603497,204.8174702511048,#000000,7.79720751284172,210.18064996868233,0.05249280746261491,50.726894102769414,-1.2927000945650846,True,False,False,False,False,0.0,0.0,0.0,0.0,0.0,0,0.9325750784941131,0.9858129542325548,False,False,False,False,-0.035347192272478296,-0.027354732636877214,False,False,False,False,-245300,-433616.8972103788,False,False,False,False,47660.45768940202,False,False,False,False
2024-07-10 00:00:00+00:00,214.778487067,214.778487067,210.3346638182,210.3346638182,16599,,,,,,,,,,,,212.43386559595436,214.1040910207356,,,,,,,,,,209.52441254271105,212.1856851198097,217.03491626513323,217.10342536561646,217.66641610971217,210.95048678950474,205.55368731009696,204.70295005027248,204.0070451584477,200.5619750094627,195.30461312208786,193.58747648123295,191.60588388742818,187.83568098169172,,,214.1040910207356,213.26897830834497,204.83033244237203,"rgba(38, 166, 154, 0.5)",7.593803667139428,210.18705465337712,0.6046288019653863,53.062998900547385,-1.2927000945650846,True,False,True,False,False,1.0388262678276412,0.0,0.0,0.0,0.0,0,0.9702428834571217,1.0099379660634922,False,False,False,False,0.02957278098524722,0.0011090241741850033,False,False,False,False,-228701,-425580.9796727169,False,False,False,False,46442.36130942547,False,False,False,False
2024-07-11 00:00:00+00:00,217.2651370978,222.3329865901,216.9531239761,219.0993960558,65102,,,,,,,,,,,,212.6559664944024,214.19912317424001,,,,,,,,,,210.1937583239874,212.34264680486953,217.0610822702919,217.12447705185815,217.67889452460733,211.0101535594447,205.63677456237303,204.78715103274868,204.0914602179726,200.65207283232934,195.4043707077236,193.68984752998682,191.69122918000957,187.92078571436747,,,214.19912317424001,213.42754483432122,204.94890745089785,"rgba(38, 166, 154, 0.5)",7.44584216054184,210.28979331641062,0.9368105891841478,55.89356842945399,0.8604626886316495,True,False,True,False,True,2.3712227848469745,0.0,0.0,0.0,0.0,0,0.9778713954847442,0.940466915595716,False,False,False,False,0.24251323323743237,0.1218111287058087,False,False,False,False,-163599,-415307.17654829664,False,False,False,False,47174.11184631075,False,False,False,False
2024-07-12 00:00:00+00:00,218.3430006092,220.6783715507,217.4164161871,219.6477827546,39605,,,,,,,,,,,,212.78293537104807,214.2546418072521,,,,,,,,,,210.55433629686445,212.43403486513222,217.07630593657686,217.13676227313064,217.6861170092687,211.0458401191548,205.68667164807704,204.8377499504905,204.14221587497084,200.70633810700136,195.46454883643145,193.7516273749003,191.74281622256873,187.97226829532323,,,214.2546418072521,213.5187885891501,205.01697377213506,"rgba(38, 166, 154, 1.0)",7.288050667670828,210.34877696229287,1.0968946308741823,58.30999764759777,3.1894870331143466,True,False,True,False,True,2.945358656361705,0.0,0.0,0.0,0.0,0,0.9803080065470869,0.9320308613093095,False,False,False,False,0.2240333815297601,0.1729222551177844,False,False,False,False,-123994,-403883.13040914777,False,False,False,False,46877.28393076915,False,False,False,False
2024-07-15 00:00:00+00:00,218.9197521373,225.9447748477,217.9364380567,219.0710312266,68854,,,,,,,,,,,,213.0650534777167,214.39151233926475,,,,,,,,,,211.25806777291015,212.63775376057384,217.133725564199,217.18420036063037,217.72169141422808,211.12384358852967,205.7863981588065,204.93807370140692,204.24226534341562,200.81087289187735,195.5778739956753,193.86734191152007,191.83902640359153,188.06749200858783,,,214.39151233926475,213.7282829084907,205.15633049113947,"rgba(38, 166, 154, 1.0)",7.219497313750227,210.47680332904957,1.1694649144297107,60.212580817499045,5.015060182550414,True,False,True,False,True,3.2550266613663332,0.0,0.0,0.0,0.0,0,0.9831227249068476,0.9125781434036823,False,False,False,False,0.31546842987922236,0.2441953424985034,False,False,False,False,-55140,-390206.92921663215,False,False,False,False,47739.115933484085,False,False,False,False
2024-07-16 00:00:00+00:00,230.3507783243,231.5205438825,221.9453339237,221.9547888668,55816,,,,,,,,,,,,213.47100070408598,214.6128865163034,,,,,,,,,,212.1271240736811,212.92938073335645,217.262557304765,217.2920328463272,217.81162151142374,211.23069311224626,205.90323561512332,205.05370416049198,204.35617227897586,200.92404891485583,195.69417958534697,193.9845159168412,191.935221004369,188.1606488380048,,,214.6128865163034,214.0419436101947,205.33322399255778,"rgba(0, 255, 0, 1.0)",7.1648669977582,210.6549419637498,2.7489465424428383,65.57127812658177,10.018095774857322,True,False,True,False,True,8.992224943002519,0.0,0.0,0.0,0.0,0,0.9840558241069883,0.8781685638557001,False,False,False,False,0.3428282516107964,0.2935117970546499,False,False,False,False,676,-374878.1868944113,False,False,False,False,48055.85648511216,False,False,False,False
2024-07-17 00:00:00+00:00,231.5137363235,234.3785840775,226.5971659204,229.518743333,70830,,,,,,,,,,,,214.05208456091685,214.94233372342765,,,,,,,,,,213.2869428872306,213.3520958409481,217.46477580990705,217.46211842027571,217.95542161416395,211.38747003067982,206.06895908773072,205.21710092570805,204.51667970170018,201.08154035969503,195.85369725863657,194.14461507663745,192.06629817219525,188.28678522123184,,,214.94233372342765,214.49720914217227,205.58175002905287,"rgba(0, 255, 0, 1.0)",7.133727375898853,210.9108449106609,2.888096268220951,69.4342983451171,13.466465403857171,True,False,True,False,True,9.53568265927709,0.0,0.0,0.0,0.0,0,0.9887413394918866,0.8847382602016782,False,False,False,False,0.3428282519599282,0.31817002450728904,False,False,False,False,71506,-357372.9246632579,False,False,False,False,48948.96015236267,False,False,False,False
2024-07-18 00:00:00+00:00,230.1238596903,235.1538894103,229.5754729915,229.5849279346,27809,,,,,,,,,,,231.61774069736666,214.27995095038648,215.07428428463044,,,,,,,,,,213.7226432586914,213.5198908271473,217.54711562774082,217.53160158965696,218.01441742356715,211.45080640786963,206.13547526241135,205.2826443118409,204.5810377775393,201.1445472338579,195.91733314951318,194.20843475121384,192.1185611147755,188.33701817435093,,,215.07428428463044,220.32399197746122,205.67939477929826,"rgba(0, 255, 0, 1.0)",7.217990802875111,212.65067560936103,2.420782258960341,70.82394510681723,14.618129607717648,True,False,True,False,True,8.69533678112122,0.0,0.0,0.0,0.0,0,0.9931795233287184,0.886852483378716,False,False,False,False,0.3428282521037601,0.3304991383055246,False,False,False,False,43697,-341644.69232352235,False,False,False,False,48119.942107171984,False,False,False,False
2024-07-19 00:00:00+00:00,227.2022822777,231.4759165511,226.5026164896,230.199499235,25384,,,,,,,,,,,230.079164985377,214.44511584839745,215.16979805533,,,,,,,,,,214.03418634012297,213.643574275626,217.60441186883475,217.5800515889826,218.05516730468622,211.49908693711896,206.1882455629649,205.33489885398862,204.63254371319454,201.19577222900932,195.96999444970163,194.26149539150106,192.1622620419089,188.37936099150147,,,215.16979805533,219.89802629636816,205.75293225351015,"rgba(0, 255, 0, 1.0)",7.2157123446246825,212.64592761333665,2.0173136024757197,69.38705447086113,14.618129607717648,True,False,True,False,True,6.948020409755664,0.0,0.0,0.0,0.0,0,0.9862157305089959,0.9070087561670533,False,False,False,False,0.2666124792440735,0.29855580877479904,False,False,False,False,18313,-327528.70438926655,False,False,False,False,47228.33653434171,False,False,False,False
2024-07-22 00:00:00+00:00,228.4408798216,229.5754729915,224.9141860517,227.6750294319,36545,,,,,,,,,,,229.08726742300024,214.66379701275778,215.29726187320722,,,,,,,,,,214.43791132095618,213.80919617998526,217.68018396641335,217.64426402171472,218.10905960068087,211.5650497722849,206.2612287628548,205.4072816136253,204.70397748567714,201.2671582403228,196.0437639680463,194.3359250160422,192.22369436556542,188.43902459840805,,,215.29726187320722,219.68277543632175,205.85197992232696,"rgba(0, 255, 0, 1.0)",7.195285866599407,212.69289882240295,2.1886525832558417,68.90899399996222,14.618129607717648,True,False,True,False,True,7.55712670735771,0.0,0.0,0.0,0.0,0,0.9842356195079535,0.9273483011388601,False,False,False,False,0.22842820725744234,0.2634920080161207,False,False,False,False,54858,-312533.1473543934,False,False,False,False,46809.38216044595,False,False,False,False
2024-07-23 00:00:00+00:00,228.034317269,232.9130678997,227.3913811394,227.3913811394,62538,,,,,,,,,,,229.23469966681455,215.07137475296642,215.54042848942737,,,,,,,,,,215.16300172572232,214.1194795288251,217.83021756423653,217.77173949833497,218.21706549436723,211.6892045866785,206.39541001786597,205.54001794106736,204.83472196814543,201.39671685069135,196.1763653424797,194.46937861687346,192.33365454329225,188.54538057561604,,,215.54042848942737,219.94883430306945,206.03445387529973,"rgba(0, 255, 0, 1.0)",7.2494339601260736,212.88103437268123,2.0902711825041935,68.24406395018565,14.618129607717648,True,False,True,False,True,7.3103649025867625,0.0,0.0,0.0,0.0,0,0.9588009688347774,0.9300264191990476,False,False,False,False,0.29249073588003854,0.27799137194807966,False,False,False,False,-7680,-300578.1219679466,False,False,False,False,47426.19070317356,False,False,False,False
2024-07-24 00:00:00+00:00,224.4603487837,231.4286418357,224.4556213122,227.1266427331,49508,,,,,,,,,,,228.63281268898294,215.32151335055147,215.69131487433864,,,,,,,,,,215.59099971057663,214.3153053630907,217.91967438590495,217.84812660229434,218.28117327255748,211.77170837745788,206.48838479866174,205.63246573963366,204.92614878813586,201.4887759764378,196.27224636843104,194.56631524372037,192.4140272592851,188.62372648105972,,,215.69131487433864,219.88188030462436,206.1527913119462,"rgba(0, 255, 255, 0.75)",7.213706020002712,212.96511813626498,1.5935263532448056,64.92857589790341,14.618129607717648,True,False,True,False,False,5.161127190617098,0.0,0.0,0.0,0.0,0,0.955954815916847,0.9205288521150685,False,False,False,False,0.24360724366034198,0.2607993078042108,False,False,False,False,-57188,-291033.41130253696,False,False,False,False,47507.83028344127,False,False,False,False
2024-07-25 00:00:00+00:00,232.3930460301,234.8135114593,225.0843750272,225.0843750272,68164,,,,,,,,,,,229.17086445162616,215.76269378789658,215.9648090725169,,,,,,,,,,216.32339365520036,214.65824437330227,218.09400367958327,217.99715063621733,218.40850524302272,211.91358470637897,206.63986485704734,205.78216129150985,205.0734981850053,201.63422281748072,196.4203818456894,194.71521294235845,192.53682600932612,188.74227386292483,,,215.9648090725169,220.29945577067988,206.3528088646462,"rgba(0, 255, 0, 1.0)",7.407754227068511,213.192084758044,2.5920084121978846,66.04326363893148,14.618129607717648,True,False,True,False,False,9.060711102229899,0.0,0.0,0.0,0.0,0,0.9569747228847529,0.9060291826904732,False,False,False,False,0.28794064863135327,0.27436997821778203,False,False,False,False,10976,-279189.9049769473,False,False,False,False,48317.87615467887,False,True,False,False
2024-07-26 00:00:00+00:00,221.6995054036,233.5843688586,218.5273719993,228.9987214635,36800,,,,,,,,,,,228.62295588277232,215.8969883306633,216.04861740056617,,,,,,,,,,216.53369999898035,214.76894581077983,218.1413577242169,218.03805015459176,218.4424367268488,211.9645591727517,206.70017966541755,205.8424937024472,205.13344463046275,201.69566841802313,196.48557891689262,194.78144152365374,192.59216520281518,188.79665647835222,,,216.04861740056617,220.18952053800058,206.42261986615955,"rgba(38, 166, 154, 1.0)",7.363423248343178,213.22964937620455,1.150260652109225,60.82794369802585,17.061160271851904,True,False,True,False,False,3.064855345997639,0.0,0.0,0.0,0.0,0,0.9346450068420412,0.9187034435955221,False,False,False,False,0.2027794296913506,0.23857470395456631,False,False,False,False,-25824,-269253.9871347141,False,False,False,False,47866.19473684832,False,False,False,False
2024-07-29 00:00:00+00:00,213.9559070188,219.5815981531,211.8663645976,219.5815981531,41600,,,,,,,,,,,227.01216828745694,215.88411862135223,216.0387027171862,,,,,,,,,,216.49465215494797,214.773489824711,218.11683453115188,218.01787262365232,218.42208269799823,211.9788886857648,206.7320715671735,205.87604306976084,205.16802646449224,201.73618552568158,196.53421998290077,194.83229634585612,192.63605624665755,188.84172941380908,,,216.0387027171862,219.64499654199847,206.44003208103985,#000000,7.363581012037384,213.1526985244749,0.10907851669073193,54.45211213757136,11.191186583997364,True,False,True,False,False,0.0,0.0,0.0,0.0,0.0,0,0.8974930972675605,0.9696138358701953,False,False,False,False,-0.012781958570024099,0.11289637269227111,False,False,False,False,-67424,-261339.08567845082,False,False,False,False,47620.461609913094,False,False,False,False
2024-07-30 00:00:00+00:00,216.8396646591,220.3001738273,213.2089665153,216.2723680741,43685,,,,,,,,,,,225.87230491846046,215.89977474602372,216.04708502730725,,,,,,,,,,216.50286072949365,214.7993735127252,218.10550687045614,218.00892550407738,218.41155897983586,212.00158487511308,206.77182231822528,205.9172400701036,205.2100485439585,201.78367330191404,196.5895288918721,194.88974078175855,192.68532681676174,188.89185252002005,,,216.04708502730725,219.27305489726382,206.46921740830823,"rgba(38, 166, 154, 0.5)",7.36272801006248,213.11194903857373,0.5062954404171517,51.48460717260483,8.635067376349511,False,False,False,False,False,0.5724496988077661,0.0,0.0,0.0,0.0,0,0.9014191595253984,0.9668141978746304,False,False,False,False,0.008448005149728,0.060672188920999556,False,False,False,False,-23739,-252021.43525968806,False,False,False,False,47466.12978207337,False,False,False,False
2024-07-31 00:00:00+00:00,215.4781528552,219.4730796714,214.5247097009,216.9559897442,52010,,,,,,,,,,,224.77360353055047,215.91180642692697,216.05297187802432,,,,,,,,,,216.50250398836866,214.8249388207549,218.08935663892737,217.99595274107975,218.39699753588505,212.0267007879146,206.8173766501652,205.96458137206892,205.25843603204424,201.8387322071968,196.6540421060381,194.95683777847742,192.74302016000854,188.95067345193806,,,216.05297187802432,218.91279394516724,206.501439305062,#000000,7.351916323643244,213.07357500733377,0.32706817406684413,49.00291349043677,6.44724216017385,False,False,False,False,False,0.0,0.0,0.0,0.0,0.0,0,0.9052044690834707,0.9702516022181238,False,False,False,False,0.013481453987403177,0.03707682145420137,False,False,False,False,-75749,-245108.7907397003,False,False,False,False,47644.32077101166,False,False,False,False
2024-08-01 00:00:00+00:00,204.8091239594,216.4697337356,204.6565730547,214.9060869626,52883,,,,,,,,,,,223.05720843873806,215.76473184797658,215.9546294646681,,,,,,,,,,216.24899822464693,214.73146734073666,217.99420853074645,217.91534419637557,218.3223564157112,212.00757816718615,206.82604510676825,205.9767279287761,205.27314108895695,201.86454068642766,196.69343350257262,194.99993148172823,192.7821081081711,188.99325821682672,,,215.9546294646681,218.25885658379423,206.47350992825932,"rgba(239, 83, 80, 1.0)",7.423636388194446,212.9353994945347,-1.0946489173496723,44.08581363338767,1.9371890406586516,False,True,False,True,False,0.0,0.0,0.0,0.0,0.0,0,0.8754923826145669,0.9799805052174779,False,False,False,False,-0.11965681885104176,-0.0412899986984202,False,False,False,False,-128632,-240541.07345579047,False,False,False,False,47849.759172148464,False,False,False,False
2024-08-02 00:00:00+00:00,197.5820248503,200.3660788607,195.0363316285,198.3257105106,42171,,,,,,,,,,,221.07062099806845,215.47718835040925,215.76299975324096,,,,,,,,,,215.78277045469207,214.5280307048669,217.83215716003897,217.77706324299626,218.19701493283222,211.94317484292398,206.7915155248625,205.94678916204947,205.24687682566588,201.85187010186064,196.69596279726278,195.0065965888331,192.79165361316282,189.0081789273466,,,215.76299975324096,217.43693636723955,206.38568963424245,"rgba(255, 0, 0, 1.0)",7.617719427636248,212.7194183167382,-1.9871292990289717,39.185612813823965,-2.490084126411517,False,True,False,True,False,0.0,0.0,0.0,0.0,0.0,0,0.8620641490744211,1.0262641218289652,False,False,False,False,-0.34282825441539394,-0.19205912655690707,False,False,False,False,-170803,-237806.24704575946,False,False,False,False,47627.06273402499,False,False,False,False
2024-08-05 00:00:00+00:00,186.9606681123,189.7542565541,184.8154210152,187.2753043531,56967,,,,,,,,,,,217.83132063393126,214.8827193404343,215.36412376024745,,,,,,,,,,214.84526982166838,214.09467311193328,217.50562771783632,217.49742134318734,217.94486667660405,211.79388822115098,206.69218872481605,205.85593907478696,205.1630397816011,201.79235104887164,196.66248300173237,194.9801988176813,192.7768544135502,189.0039303566005,,,215.36412376024745,216.02605457820434,206.18633800800146,"rgba(255, 26, 202, 1.0)",8.194045846356095,212.30744500118962,-3.09331645980006,34.0892432554603,-7.064564881228925,False,True,False,True,False,0.0,0.0,0.0,0.0,0.0,0,0.8395288467352174,1.033741104015373,False,False,False,False,-0.34282825441539394,-0.2674436904861505,False,False,False,False,-227770,-237412.66873023947,False,False,False,False,47993.334783671075,False,False,False,False
2024-08-06 00:00:00+00:00,187.6757504779,190.8507161815,185.0633162353,187.3706486686,41921,,,,,,,,,,,215.86216614066657,214.47141846507276,215.0846125894508,,,,,,,,,,214.2098692399868,213.79235451083773,217.275087873434,217.29946613594632,217.76599970087264,211.68820687436457,206.62228464137266,205.7920802557688,205.10417654563818,201.75090223883905,196.63976797744004,194.9625855031627,192.7673425773433,189.001986395133,,,215.0846125894508,215.13939906506337,206.04800789072425,"rgba(255, 26, 202, 1.0)",8.711522196659768,212.0344428799493,-2.7961465117300697,31.037783799380488,-9.745040820820272,False,True,False,True,False,0.0,0.0,0.0,0.0,0.0,0,0.8527583503939378,1.0251711948390099,False,False,False,False,-0.3318241003560343,-0.2996338954210924,False,False,False,False,-185849,-235390.56407415165,False,False,False,False,47755.20400784084,False,False,False,False
2024-08-07 00:00:00+00:00,183.4329284416,190.2119092682,183.4329284416,190.1928404051,37224,,,,,,,,,,,214.19892949836236,214.0876082126058,214.82172393284395,,,,,,,,,,213.62577198675112,213.50770172887525,217.05847607731747,217.11309489957085,217.59754670768953,211.5866671170326,206.55351418070848,205.7289358290683,205.04570482276253,201.70858331269338,196.61473178992176,194.94225886444895,192.75520248457576,188.99698591719707,,,214.82172393284395,214.36942054793735,205.9167982656152,"rgba(255, 26, 202, 1.0)",9.409612988848878,211.78663687053503,-3.0132704142600093,28.323846873067424,-12.231221544040231,False,True,False,True,False,0.0,0.0,0.0,0.0,0.0,0,0.8466066847757253,1.026376256963885,False,False,False,False,-0.34282825441539394,-0.3212310749182432,False,False,False,False,-223073,-234907.52234575356,True,False,False,False,47342.21561537649,True,False,False,False
2024-08-08 00:00:00+00:00,188.6577969268,189.3490432136,183.633151504,186.6937040291,27374,,,,,,,,,,,213.14751808410443,213.8265983790853,214.64131770895727,,,,,,,,,,213.23384234192525,213.31326985878704,216.9087009901469,216.98400235757452,217.48064450669744,211.51685665958107,206.50689477817906,205.6862581390412,205.00629102654514,201.6805460970767,196.59894681183806,194.9298159891407,192.7482179947703,188.9950061851091,,,214.64131770895727,213.87181139071564,205.82780669545807,"rgba(255, 26, 202, 1.0)",9.844384227999862,211.62154075651324,-2.332674476926519,29.077470808950924,-12.231221544040231,False,True,False,True,False,0.0,0.0,0.0,0.0,0.0,0,0.8541495970469541,1.0237706850953292,False,False,False,False,-0.34282825441539394,-0.3320296646668186,False,False,False,False,-195699,-233369.93323415538,False,False,False,False,46559.14833634212,False,False,False,False
2024-08-09 00:00:00+00:00,188.2954885282,189.0868463462,186.8081172076,189.0868463462,20931,,,,,,,,,,,212.4218459936649,213.63668442921912,214.50918292907318,,,,,,,,,,212.95145786249907,213.1713100227669,216.79843842109145,216.88884118188778,217.39435631959077,211.4656044700918,206.47296356908572,205.6552536745023,204.97770572161133,201.660436545591,196.5880028899203,194.92137402119414,192.74370778715547,188.99421628539267,,,214.50918292907318,213.52257111731907,205.7631191980272,"rgba(255, 26, 202, 1.0)",10.250227916450614,211.50305132464717,-2.264102123934367,29.502926508522556,-12.231221544040231,False,True,False,True,False,0.0,0.0,0.0,0.0,0.0,0,0.8749571080342785,1.0125419308752006,False,False,False,False,-0.31949084247201376,-0.3257602535694162,False,False,False,False,-216630,-232713.4652641885,False,False,False,False,45554.12291138752,False,False,False,False
2024-08-12 00:00:00+00:00,188.2668852335,190.6886308453,185.8451396218,188.028524445,47797,,,,,,,,,,,210.92499886008065,213.21669685907617,214.21460015664968,,,,,,,,,,212.33486052771914,212.85562446599792,216.55154139325614,216.67538307288166,217.2005514331301,211.35041309482423,206.39679699035227,205.58567467907497,204.91357060362031,201.61542092358613,196.563710596253,194.90274342895864,192.73388717854775,188.99281062174117,,,214.21460015664968,212.78543195860217,205.61949921499595,"rgba(255, 26, 202, 1.0)",10.613852554884302,211.24516714136976,-2.1649332124267704,29.779935048409598,-12.231221544040231,False,True,False,True,False,0.0,0.0,0.0,0.0,0.0,0,0.8699129674856644,1.013615440148899,False,False,False,False,-0.3144181407772559,-0.32008919717333606,False,False,False,False,-264427,-233957.13329304388,False,False,False,False,45642.07887564684,False,False,False,False
2024-08-13 00:00:00+00:00,188.0571277396,189.1249840723,185.6067788332,187.361114237,49269,,,,,,,,,,,209.5243044515247,212.7868339793857,213.91011753767154,,,,,,,,,,211.71387311195,212.52983634897438,216.29554486627723,216.45354231980272,216.9988909976737,211.2294505978922,206.31606945041318,205.5117786806722,204.8453310753338,201.56701934972193,196.53680626311436,194.88171824778158,192.72229619805427,188.99003408587762,,,213.91011753767154,212.07375198952732,205.4708708281099,"rgba(255, 26, 202, 1.0)",10.981573076115186,210.98579002555798,-2.0879214778279445,29.911452695840183,-12.231221544040231,False,True,False,True,False,0.0,0.0,0.0,0.0,0.0,0,0.8695345143857048,1.0220937580112706,False,False,False,False,-0.3287689183521445,-0.3244290577627403,False,False,False,False,-313696,-237084.14767370882,False,False,False,False,45784.311076601865,False,False,False,False
2024-08-14 00:00:00+00:00,191.0890769701,191.9662446719,182.5271574451,188.133403192,44783,,,,,,,,,,,208.4377081839082,212.42242483251906,213.64892190477917,,,,,,,,,188.5274930290333,211.1966439432166,212.25170832720613,216.07417648411513,216.26122942930826,216.823691001627,211.1248560457988,206.24691164229927,205.44859964737714,204.78709316394108,201.52622696492546,196.51502379908942,194.86514143192048,192.71371155902293,188.98919970629984,,,213.64892190477917,211.5030183070688,204.2234470783454,"rgba(255, 0, 0, 1.0)",11.252935058089246,210.1195511778689,-1.6911564946861342,31.794529505842007,-12.231221544040231,False,True,False,True,False,0.0,0.0,0.0,0.0,0.0,0,0.8556745868229387,1.014818197564835,False,False,False,False,-0.33067688132720285,-0.3275529695449716,False,False,False,False,-268913,-238332.33796101436,False,False,False,False,45745.043975558656,False,False,False,False
2024-08-15 00:00:00+00:00,196.4092897706,198.9925486527,195.8658271727,196.256738866,35349,,,,,,,,,,,207.99232981337988,212.24274970110187,213.51549836329772,,,,,,,,,192.3043680931072,210.95253646426474,212.11428158255674,215.95545771424563,216.15757780927913,216.72829935778304,211.07399735173064,206.21889479940742,205.42412647474112,204.76546816857743,201.51529747088725,196.51625380186445,194.86971188821087,192.72076826669797,189.00071687118154,,,213.51549836329772,211.2501926259265,204.421183740969,"rgba(239, 83, 80, 1.0)",11.395902024332187,210.2067432043268,-1.2107381587053756,35.83358987581114,-12.231221544040231,False,True,False,True,True,0.0,0.0,0.0,0.0,0.0,0,0.8906148845716663,1.0038072576517707,False,False,False,False,-0.1743758751526641,-0.25096442234881783,False,False,False,False,-233564,-238145.3443154844,False,False,False,False,45337.355976517145,False,False,False,False
2024-08-16 00:00:00+00:00,198.4305892576,198.8453370297,195.7990861519,195.7990861519,23911,,,,,,,,,,,207.72595199522428,212.1283191286176,213.42972515677914,,,,,,,,,193.54246960245382,210.79911991420255,212.02639737257664,215.8785290638319,216.09029340361536,216.66625849352545,211.04127667970346,206.2012846222327,205.40884394773218,204.75205182651007,201.5089370889992,196.51795450343283,194.87362910037865,192.7261852281921,189.00906770677605,,,213.42972515677914,211.09466542687366,204.46948657027755,"rgba(239, 83, 80, 1.0)",11.490442347169441,210.2044718523013,-1.0246674791942803,39.48686342874263,-18.101141420469318,False,True,False,True,True,0.0,0.0,0.0,0.0,0.0,0,0.8908109967172847,0.9937429644651227,False,False,False,False,-0.1759626942706976,-0.21346355830975772,False,False,False,False,-209653,-237027.99747958308,False,False,False,False,44497.10672253608,False,False,False,False
2024-08-19 00:00:00+00:00,200.9381447532,201.3099875834,197.4485428087,197.9824709751,39497,,,,,,,,,,,207.4053016613612,211.97149453926133,213.3096481783299,,,,,,,,,195.29152634052815,210.59471980577507,211.90554496438386,215.76811628029617,215.99342358281876,216.57647689340016,210.99645536336038,206.17985823726116,205.39091410817042,204.73689479966643,201.50452524132092,196.5260157625296,194.88512536808256,192.7390733275755,189.02632453418735,,,213.3096481783299,210.8954814596508,204.54099964062382,"rgba(239, 83, 80, 0.5)",11.550387207894643,210.20572689356382,-0.8023611653494589,43.08437417558853,-14.571211005657219,False,True,False,True,True,0.0,0.0,0.0,0.0,0.0,0,0.9104823411549617,0.9796687866050765,False,False,False,False,-0.14559330940966175,-0.17952843385970974,False,False,False,False,-170156,-234405.56620587394,False,False,False,False,44301.02410596604,False,False,False,False
2024-08-20 00:00:00+00:00,199.7844785366,200.3088722714,197.6201625765,200.3088722714,26822,,,,,,,,,,,207.18423149193856,211.86156292303176,213.22535298283225,,,,,,,,,195.91283840441196,210.45191717577148,211.820395912562,215.69091462474887,215.9256235642016,216.51365829992903,210.964421817385,206.16386800181454,205.37734693812558,204.7252566333722,201.50031512902746,196.53039956905846,194.89187703415908,192.74699348943304,189.03730169786147,,,213.22535298283225,210.75704913260086,204.5502085527908,"rgba(239, 83, 80, 0.5)",11.632019517978131,210.17624352179865,-0.8933758208656218,44.9448355885728,-12.700063685966057,False,False,False,True,True,0.0,0.0,0.0,0.0,0.0,0,0.9222364608617648,0.9680842655511992,False,False,False,False,-0.15169327124041215,-0.16561085255006094,False,False,False,False,-196978,-232937.81851152595,False,False,False,False,43615.572180241885,False,False,False,False
2024-08-21 00:00:00+00:00,198.2112973321,201.3290564464,197.3531984933,199.6414620635,23255,,,,,,,,,,,206.99575780225945,211.76574510385208,213.15166897475584,,,,,,,,,196.27937024613541,210.32803323882516,211.74590812126965,215.62345886614025,215.86632712822313,216.45870520321577,210.9361452204255,206.1495190219872,205.36511085569492,204.71470539185978,201.4962381073969,196.53380638533275,194.89734679776848,192.75355626056472,189.04654544584704,,,213.15166897475584,210.63772396028912,204.54631841937913,"rgba(239, 83, 80, 1.0)",11.728822077903642,210.14179805998447,-1.0171951325240727,45.440085303342684,-12.026305699032243,False,False,False,False,True,0.0,0.0,0.0,0.0,0.0,0,0.9290658885032964,0.9576238372434924,False,False,False,False,-0.14615376973243147,-0.1558823111412462,False,False,False,False,-220233,-232439.5903346034,False,False,False,False,42817.11836925201,False,False,False,False
2024-08-22 00:00:00+00:00,200.1753902298,201.5149778615,198.2494350583,198.2494350583,23028,,,,,,,,,,,206.83999566608446,211.67967109792366,213.08461959887023,,,,,,,,,196.6727169236416,210.21869289356115,211.67878588100803,215.5612345409007,215.8115197908319,216.40776549922882,210.9106395107814,206.1373664777504,205.3549550889337,204.7061334890251,201.49382784901093,196.53857592976976,194.90409736146506,192.76110156303957,189.05661743036424,,,213.08461959887023,210.53476212095947,204.54760201528748,"rgba(239, 83, 80, 0.5)",11.790359501401882,210.1145225492502,-0.8429880631093937,46.8297374864825,-10.421094036529823,False,False,False,False,True,0.0,0.0,0.0,0.0,0.0,0,0.9444192351522416,0.9542968656983629,False,False,False,False,-0.13821059241281128,-0.14704645177702874,False,False,False,False,-197205,-231057.8416940307,False,False,False,False,42041.07451163429,False,False,False,False
2024-08-23 00:00:00+00:00,206.649269247,208.5609227713,200.4137510184,200.4137510184,25752,,,,,,,,,,,206.80045798900775,211.62724440151288,213.04003527354425,,,,,,,,,197.57949432109044,210.1601771867459,211.63776643497513,215.51538556343968,215.77076800232237,216.36918238401304,210.89583207053812,206.13532376964852,205.3546457793913,204.70714746208552,201.50041838354036,196.55197324806102,194.91937887197562,192.77561814573176,189.0732391906663,,,213.04003527354425,210.48924588802163,204.59642338761503,#000000,11.800802849292895,210.13365566496282,-0.2952668951817625,50.7299220450031,-6.494818788244906,False,False,True,False,True,0.0,0.0,0.0,0.0,0.0,0,0.9410751550283308,0.967044018671574,False,False,False,False,-0.0712016109883191,-0.10912403138267393,False,False,False,False,-171453,-228720.3969217158,False,False,False,False,41402.28727588392,False,False,False,False
2024-08-26 00:00:00+00:00,204.4658844238,210.1960777807,203.8842840998,209.7002873406,37247,,,,,,,,,,206.1820821014333,206.77952348232142,211.564182521723,212.98434554979252,,,,,,,,,198.72531038385034,210.09409960382004,211.5881989084546,215.45598430411022,215.71776166103695,216.31867441109108,210.8781952008178,206.13547194342354,205.357156784207,204.71144520491617,201.51240311183372,196.5734500927086,194.94348667925425,192.79819515980094,189.0986678128936,,,212.98434554979252,209.37753341381756,204.6605667508146,#000000,11.762353563872134,210.2762738718465,-0.49398187331258536,52.127602988217916,-4.994805477038099,True,False,True,False,True,0.0,0.0,0.0,0.0,0.0,0,0.9694518040015978,0.9279072182987264,False,False,False,False,-0.034366355352580605,-0.07174519336762727,False,False,False,False,-208700,-227935.28331694263,False,False,False,False,41239.334833692395,False,False,False,False
2024-08-27 00:00:00+00:00,199.9179605782,202.7639883936,199.7129703,199.9465638728,25993,,,,,,,,,,203.96923451785872,206.64147746188425,211.47786982425364,212.91567760212632,,,,,,,,,198.90160901938816,209.98758103397827,211.52021825217585,215.39117073793966,215.6604273452307,216.26515930140604,210.85194435430154,206.12369510393535,205.34752260661568,204.7035041940603,201.5111296822155,196.5800151866994,194.9522193173106,192.80758597521083,189.11079023840858,,,212.91567760212632,208.7510648515307,204.64763815659177,"rgba(239, 83, 80, 0.5)",11.758739466567244,210.12797326040612,-0.8682914279405121,50.793986435073265,-4.994805477038099,False,False,True,False,True,0.0,0.0,0.0,0.0,0.0,0,0.9672553027044323,0.9332528051957981,False,False,False,False,-0.11837384909211354,-0.09505952122987041,False,False,False,False,-234693,-228200.29181431743,False,False,False,False,40641.43935001819,False,False,False,False
2024-08-28 00:00:00+00:00,194.8551774292,200.1467869352,194.569144483,197.8680577966,31961,,,,,,,,,,201.46961125268257,206.3622680560744,211.33189055929142,212.80288308729536,,,,,,,,,198.6764884442917,209.8005142800192,211.40493372051048,215.2891417868555,215.57042664208942,216.1818141871421,210.80620859123982,206.09771887028813,205.32465330858568,204.6831443279325,201.50021761158717,196.5799077959868,194.95509611939943,192.8129418969046,189.1202225244366,,,212.80288308729536,207.99166323883594,204.58689534048463,"rgba(239, 83, 80, 1.0)",11.862801272700098,209.91123320482558,-1.2691821627556144,47.793977833790834,-4.994805477038099,False,False,False,False,False,0.0,0.0,0.0,0.0,0.0,0,0.949969600951062,0.9476023270665366,False,False,False,False,-0.17543224307785885,-0.13524588215386463,False,False,False,False,-266654,-229708.2803706187,False,False,False,False,40301.02996374297,False,False,False,False
2024-08-29 00:00:00+00:00,198.1064185852,198.7166222039,195.0744693547,197.3913362195,36830,,,,,,,,,,200.30626817741302,206.08294448699385,211.17579371616256,212.6809157079712,,,,,,,,,198.54101076490375,209.60351425945265,211.28107449101358,215.17773189680668,215.4719392199471,216.09039498863552,210.75670804246064,206.07036960552873,205.30075574468987,204.66202598540042,201.48965245299198,196.5814849685628,194.96003055635285,192.82038042257392,189.13219738698973,,,212.6809157079712,207.56148052213516,204.52928471908731,"rgba(239, 83, 80, 0.5)",11.908574603975396,209.76058148987335,-0.9786362593540687,47.444058714056005,-4.994805477038099,False,False,False,False,False,0.0,0.0,0.0,0.0,0.0,0,0.9332671633298928,0.9665171461453868,False,False,False,False,-0.18230040216113058,-0.1587731421574976,False,False,False,False,-229824,-229712.81839530036,False,False,False,False,40164.911141635406,False,False,False,False
2024-08-30 00:00:00+00:00,201.8057780236,202.2062241483,197.6487658711,200.1277180721,36209,,,,,,,,,,200.35949720887828,205.92033105634766,211.0608836817663,212.58783883295538,,,,,,,,,198.71847518701685,209.46544640326437,211.18925995137144,215.08923209116895,215.3932975860745,216.0167931113346,210.72007814751646,206.05356184170674,205.28689896971545,204.65050627333164,201.48734376150327,196.59002957713005,194.97158293573904,192.83296598674573,189.14861395160148,,,212.58783883295538,207.48213769498693,204.5076057183481,"rgba(239, 83, 80, 0.5)",11.888922815300951,209.71020864480798,-0.6648567531311615,48.91861145671828,-4.994805477038099,False,False,False,False,False,0.0,0.0,0.0,0.0,0.0,0,0.9432086392924278,0.9569354331192692,False,False,False,False,-0.1375465438800859,-0.14815984301879176,False,False,False,False,-193615,-228297.21767391605,False,False,False,False,40009.777371375196,False,False,False,False
2024-09-03 00:00:00+00:00,196.0755846667,200.442354313,194.8742462923,200.442354313,44000,,,,,,,,,,199.6901331562273,205.61705520931667,210.8801398212766,212.44501208056892,,,,,,,,,198.56481224807274,209.24093657423495,211.04455075282362,214.9581340517219,215.27705730193009,215.90869654428843,210.66105164494834,206.02064953633288,205.2580711082056,204.62497167903322,201.47432569544026,196.59143928569648,194.9769881474765,192.84144867414136,189.16253139469697,,,212.44501208056892,207.15808506684738,204.4403776426029,"rgba(239, 83, 80, 1.0)",11.909160307413533,209.5697246833695,-1.1330891236949172,47.466711322310786,-4.994805477038099,False,False,False,False,False,0.0,0.0,0.0,0.0,0.0,0,0.9194625410720556,0.9592331727088239,False,False,False,False,-0.17098027891904694,-0.15957006096891935,False,False,False,False,-237615,-228662.62090238993,False,False,False,False,40166.2566901448,False,False,False,False
2024-09-04 00:00:00+00:00,192.776671353,196.4474274968,191.8279954146,194.1400950636,24127,,,,,,,,,,199.07706442601295,205.39547565461103,210.7586585096343,212.3504335597042,,,,,,,,,198.31884847677097,209.08720362691005,210.94711347068528,214.87331508608705,215.20195628397866,215.83916283348557,210.62071244024503,205.99574807819286,205.23568282195927,204.60463774779382,201.46158213584016,196.58728869349517,194.97521571505212,192.84235960306214,189.16685016064122,,,212.3504335597042,206.8954080374906,204.3838451449466,"rgba(239, 83, 80, 1.0)",11.960239176315614,209.45924944016488,-1.3948364945912384,45.28243686979718,-4.994805477038099,False,False,False,True,False,0.0,0.0,0.0,0.0,0.0,0,0.9078929972257811,0.9953946246951173,False,False,False,False,-0.22364073634633264,-0.191605398657626,False,False,False,False,-261742,-229959.8514552374,False,False,False,False,39537.26623170775,False,False,False,False
2024-09-05 00:00:00+00:00,192.5001728383,195.2651579856,191.7278838834,194.4738001676,17247,,,,,,,,,,198.67497448301623,205.235251805851,210.67025434464497,212.2815413585107,,,,,,,,,198.13962122510398,208.97551311033686,210.87605241608532,214.8116195156754,215.1473015888148,215.78856372544067,210.59111245816763,205.9772602957774,205.2190142166756,204.58945902570986,201.45189110559937,196.58379919089722,194.973442980767,192.84260829609985,189.16957779001183,,,212.2815413585107,206.7155054980057,204.34245579607753,"rgba(239, 83, 80, 1.0)",12.031339509618375,209.3809840470583,-1.4030699736519818,43.72406570094701,-0.2323663799564457,False,True,False,True,False,0.0,0.0,0.0,0.0,0.0,0,0.9144145914184272,0.99397107065669,False,False,False,False,-0.23335593769287305,-0.21248066817524952,False,False,False,False,-278989,-231882.56316287516,False,False,False,False,38663.1381441898,False,False,False,False
2024-09-06 00:00:00+00:00,187.8664391088,192.7051631165,187.6185438887,190.7649062976,23515,,,,,,,,,,197.8876939637951,204.95733111580287,210.52550787617213,212.17004953697156,,,,,,,,,197.74389621586207,208.79004015814027,210.75965957658764,214.71352238313304,215.06052219028024,215.70850989986616,210.54222599026465,205.94475226957212,205.189281804425,204.5620254095045,201.43272413411478,196.5738232867583,194.96600933047614,192.83898400692283,189.1697888993866,,,212.17004953697156,206.38514562318542,204.26638437035297,"rgba(255, 0, 0, 1.0)",12.182997753495547,209.2406925767074,-1.7544330139743074,41.04239146105743,-2.9512262847205193,False,True,False,True,False,0.0,0.0,0.0,0.0,0.0,0,0.9023292247858614,0.9976815544753831,False,False,False,False,-0.2846329011510586,-0.24855678466315406,False,False,False,False,-302504,-234652.03127413496,False,False,False,False,38069.09351108431,False,False,False,False
2024-09-09 00:00:00+00:00,187.5804061625,190.2309781312,186.5983597136,188.7436068107,32810,,,,,,,,,,196.85544566549896,204.55534818291912,210.3149559611797,212.00778227343685,,,,,,,,,197.17320011563334,208.52061022806942,210.58989499748736,214.5711579696123,214.93451594064678,215.59230979985674,210.47034884308115,205.89616909055025,205.14468766653692,204.5207461020428,201.40329316965344,196.5575145235796,194.95333102276524,192.83209327649232,189.1684507502763,,,212.00778227343685,205.93338302075867,204.15522156641893,"rgba(255, 0, 0, 1.0)",12.267976986552243,209.04230957066662,-1.7494248181010168,39.15740189092482,-4.871800720566647,False,True,False,True,False,0.0,0.0,0.0,0.0,0.0,0,0.8991218292091617,1.0052811494641714,False,False,False,False,-0.31207637558949686,-0.28031658012632543,False,False,False,False,-335314,-238599.55945946302,False,False,False,False,37862.85454986532,False,False,False,False
2024-09-10 00:00:00+00:00,186.6364974398,188.6387280637,184.2368717093,188.6387280637,35306,,,,,,,,,,195.7968727778364,204.10277766855344,210.0764102543972,211.82382502876433,,,,,,,,,196.5321880109548,208.21582700765438,210.39696175247474,214.41030077020767,214.79205417522667,215.46098868707625,210.3879008016007,205.83940659493217,205.0923797197038,204.47215460696154,201.36788914610068,196.53664671107137,194.93648593799122,192.8221306440963,189.16474260454302,,,211.82382502876433,205.44997143238783,204.02853714470632,"rgba(255, 0, 0, 1.0)",12.395675679759162,208.8230920010442,-1.7898656865855707,37.560850223665334,-6.525873610869688,False,True,False,True,False,0.0,0.0,0.0,0.0,0.0,0,0.8910850916316853,1.0217096241810713,False,False,False,False,-0.34282825441539394,-0.3115724172708597,False,False,False,False,-370620,-243776.8316375233,False,False,False,False,37762.58574398825,False,False,False,False
2024-09-11 00:00:00+00:00,185.9118806426,186.9797369753,181.5546454278,185.0156440776,40181,,,,,,,,,,194.65204675864425,203.56771575713304,209.79164022144596,211.60392085437454,,,,,,,,184.81542101523337,195.78230880191802,207.85287603608185,210.16586035115978,214.21851875521918,214.622073517884,215.30433854944457,210.28817050672578,205.76960284563543,205.02782963855523,204.41200438032462,201.32324649340487,196.5090230682081,194.91357374279767,192.807810337615,189.15786462641645,,,211.60392085437454,204.90383089789947,202.68565766666399,"rgba(255, 0, 0, 1.0)",12.581178068264794,207.5879456078895,-1.7228962858387615,36.224354464593716,-7.955197688395167,False,True,False,True,False,0.0,0.0,0.0,0.0,0.0,0,0.8750251757060499,1.0292280854694795,True,False,False,False,-0.34282825441539394,-0.3272003358431268,False,False,False,False,-410801,-250326.79902428712,False,False,False,False,37857.42551873381,False,False,False,False
2024-09-12 00:00:00+00:00,188.4671082959,189.1202168566,185.7497953064,185.7497953064,22837,,,,,,,,,,194.26759151324148,203.32263950528267,209.65150093910495,211.49417743042662,,,,,,,,185.88940257999923,195.5014084144098,207.6774631313953,210.0515034328294,214.1214977214845,214.5358413797984,215.22460271230577,210.23838880628867,205.73571780603717,204.99667764484317,204.38312690502727,201.3025167513974,196.4973453416813,194.90440592520187,192.80270367591316,189.15662646746932,,,211.49417743042662,204.68397734701392,202.68870179350512,"rgba(255, 0, 0, 1.0)",12.661687569756358,207.5310117174431,-1.5056368526324282,37.20207208485483,-7.955197688395167,False,True,False,True,False,0.0,0.0,0.0,0.0,0.0,0,0.8852936295558752,1.0200462264182404,False,False,False,False,-0.2947826880770314,-0.3109915119600791,False,False,False,False,-387964,-255724.33631745234,False,False,False,False,37268.38922388151,False,False,False,False
2024-09-13 00:00:00+00:00,194.4833345991,194.902849587,190.1833059735,191.3655754848,32375,,,,,,,,,,194.18840513515144,203.10446550062645,209.50425912781847,211.37542404828076,,,,,,,,188.3670617315604,195.3918425071808,207.5001861544858,209.9302740955363,214.01317136054703,214.4390689451442,215.13448275864337,210.18510320325396,205.7023077432507,204.96652527955763,204.35564475481073,201.28495230473476,196.4910850480563,194.9012882032129,192.80326018725717,189.1617543228584,,,211.37542404828076,204.5431384529693,202.78925053750567,"rgba(239, 83, 80, 1.0)",12.683888714286496,207.5646534098425,-1.031333458169524,41.49071507367415,-7.955197688395167,False,True,False,True,True,0.0,0.0,0.0,0.0,0.0,0,0.8897169299352059,1.0046586768484536,False,False,False,False,-0.21991517387192738,-0.26545334291600325,False,False,False,False,-355589,-259640.59763833656,False,False,False,False,37076.4916072587,False,False,False,False
2024-09-16 00:00:00+00:00,196.4950996545,196.819270327,194.8265741346,195.7418795627,20461,,,,,,,,,,194.2708783749174,203.0097174810033,209.4286135745123,211.31283046970796,,,,,,,,189.72341400048262,195.41089705235765,207.41229334666977,209.86747582005003,213.95460000996886,214.38652284570335,215.08527229883367,210.15723082773818,205.68608480135123,204.95215230136046,204.3427721168638,201.27779489163075,196.49055443847314,194.90260332893752,192.80620452390028,189.16728237511822,,,211.31283046970796,204.50550997503524,202.85144718621495,"rgba(239, 83, 80, 0.5)",12.702825415128908,207.59620167474472,-0.8739080997699495,45.379721690336126,-10.627921556525173,False,False,False,True,True,0.0,0.0,0.0,0.0,0.0,0,0.9179810845643583,0.9969601405959383,False,False,False,False,-0.17314037258864878,-0.21929685775232602,False,False,False,False,-335128,-262600.8879270293,False,False,False,False,36424.903701091695,False,False,False,False
2024-09-17 00:00:00+00:00,196.7715981692,199.5365833165,196.5618406753,198.859638677,24926,,,,,,,,,,194.44281084016473,202.92304178456362,209.3483230821787,211.24506793204742,,,,,,,,191.12214658621212,195.48660504973822,207.3216268073958,209.800375818512,213.8899969225498,214.32838181308315,215.03060035896533,210.1272010502687,205.66961519447713,204.9377937142376,204.33011380653883,201.271721673008,196.49220082868513,194.906402636272,192.81152534476166,189.17554509457935,,,211.24506793204742,204.48981090973862,202.91886579370532,"rgba(239, 83, 80, 0.5)",12.70671348237686,207.6347318345492,-0.8549129309018779,48.11711091148622,-8.113296095939731,False,False,False,False,True,0.0,0.0,0.0,0.0,0.0,0,0.9249086024787233,0.979279953531959,False,False,False,False,-0.14182463109986032,-0.18056074442609316,False,False,False,False,-310202,-264467.5982044007,False,False,False,False,35973.96630104889,False,False,False,False
2024-09-18 00:00:00+00:00,196.4378930653,200.1277180721,196.0374469405,196.0374469405,41691,,,,,,,,,,194.6870510590917,202.78180784631678,209.21544260469926,211.1324853008691,,,,,,,,192.58720834826096,195.59746234857613,207.17231784221875,209.68896553771532,213.78249234319108,214.23151862433068,214.93945417660615,210.076938671382,205.6419151553516,204.9136123574158,204.30876838293338,201.26136198700326,196.49472809531096,194.9125263016783,192.82023457744185,189.18918401130975,,,211.1324853008691,204.4541967027442,202.97616804754534,"rgba(239, 83, 80, 0.5)",12.690543574448503,207.6530433906678,-0.8837407365235875,49.724899143101766,-6.621120411589104,False,False,False,False,True,0.0,0.0,0.0,0.0,0.0,0,0.9253015227267497,0.9827083904039456,False,False,False,False,-0.1413574748237248,-0.16095910962490897,False,False,False,False,-351893,-267896.0453336399,False,False,False,False,36198.163701007754,False,False,False,False
2024-09-19 00:00:00+00:00,200.0800459144,201.443469625,199.5604193954,201.2718498572,23613,,,,,,,,,200.36131164493332,194.9300753063442,202.74640242949786,209.1593943367258,211.082623487771,,,,,,,,193.47796115364284,195.73918477348707,207.11397226886882,209.64122642613253,213.7327134651572,214.18635599190193,214.89656723336856,210.0550248515039,205.63175115901225,204.9052064583903,204.30175833504038,201.25995115604732,196.50003156647557,194.91970804868836,192.82810261994035,189.1994992462239,,,211.082623487771,203.65596144105444,203.0243134221176,"rgba(239, 83, 80, 0.5)",12.625469451808351,207.46197624011137,-0.5846856114054486,52.79438258918693,-3.7114354228702524,True,False,True,False,True,0.0,0.0,0.0,0.0,0.0,0,0.9205058707350493,0.9764148092597441,False,False,False,False,-0.10763839133947616,-0.13429875048219256,False,False,False,False,-328280,-270264.0435558501,False,False,False,False,35704.627869595686,False,False,False,False
2024-09-20 00:00:00+00:00,197.5629559872,200.0133048936,196.6190472646,200.0133048936,116347,,,,,,,,,198.45250183959294,195.47637475986716,202.43169163659647,208.82382597017352,210.79232636139167,,,,,,,,195.13319951240715,196.03653847451625,206.74750065087312,209.35648347323027,213.4515259225836,213.93179795760523,214.65607625230925,209.92323932230474,205.56066433019657,204.84353467748403,204.2476610029121,201.23546497306745,196.51053776750246,194.9400034778153,192.854887702308,189.23964912995106,,,210.79232636139167,203.19534411352436,203.04179778919166,"rgba(239, 83, 80, 0.5)",12.60391941153308,207.3093213909914,-0.7732805237451054,53.10678404780307,-3.3553214030860445,True,False,True,False,True,0.0,0.0,0.0,0.0,0.0,0,0.8945761352509118,0.9985750970226992,False,False,False,False,-0.1380890847270817,-0.13619391760463712,False,False,False,False,-444627,-277101.8065536599,False,False,False,False,38867.073835493895,False,False,False,False
2024-09-23 00:00:00+00:00,198.5068647099,199.8702884205,197.5660070053,198.75475993,16157,,,,,,,,,198.47270553649034,195.55130449530793,202.3966920493479,208.7812614035177,210.75483246560202,,,,,,,,195.30090807930517,196.0820874857101,206.70220159561927,209.32002875548932,213.4147222483324,213.8983567832965,214.624375592938,209.90605505319803,205.55165716875152,204.83578677181222,204.24092363525202,201.2327136863946,196.51252823024242,194.94332277535,192.8589991857696,189.24556214609947,,,210.75483246560202,203.19135919005316,203.04188932459752,"rgba(239, 83, 80, 0.5)",12.57652645324077,207.3014846901186,-0.699288473086492,53.85685962128959,-2.4578932529430944,True,False,True,False,True,0.0,0.0,0.0,0.0,0.0,0,0.8963005315447338,0.9940075135882815,False,False,False,False,-0.13247160119209028,-0.1343327593983637,False,False,False,False,-428470,-283037.8141397909,False,False,False,False,37976.482704690214,False,False,False,False
2024-09-24 00:00:00+00:00,199.1075338971,200.318406703,197.6388500623,198.75475993,16799,,,,,,,,,198.52603099975025,195.6345114311828,202.3645430732288,208.73900042577347,210.71728974109806,,,,,,,,195.47678353701272,196.13445153648703,206.65779822231198,209.2837064199222,213.37761365784317,213.86459025001847,214.5923163736512,209.88883492428008,205.54282277322258,204.82823700523917,204.23440283251344,201.23027211772018,196.51495555223198,194.94711535503708,192.86354355634614,189.25194640094486,,,210.71728974109806,203.19627513420667,203.04308690717392,"rgba(239, 83, 80, 0.5)",12.57817126114659,207.29659161413375,-0.651053125849015,54.714068868579886,-1.3943801292979998,True,False,True,False,True,0.0,0.0,0.0,0.0,0.0,0,0.8928942116599119,1.010315103738658,False,False,False,False,-0.12883588428494283,-0.13158432184165325,False,False,False,False,-411671,-288082.2528009756,False,False,False,False,37145.993186859225,False,False,False,False
2024-09-25 00:00:00+00:00,194.7502986823,198.1159530167,194.6835576615,197.839454502,21983,,,,,,,,,198.22418960287177,195.64106497389307,202.28433964639805,208.66637718674485,210.65529846779103,,,,,,,,195.49852087851613,196.1279702750423,206.57664782041354,209.2219894939189,213.31867713922645,213.81124207665303,214.54205745887273,209.85983025239173,205.5256931378938,204.81300683879388,204.22071747688827,201.22250887671996,196.5141147322133,194.9482126802338,192.86642255536376,189.25758007459444,,,210.65529846779103,203.09425397553974,203.02032448548348,"rgba(239, 83, 80, 0.5)",12.627592611703236,207.24277552325202,-0.989299958043784,52.26227676239016,-1.3943801292979998,True,False,True,False,True,0.0,0.0,0.0,0.0,0.0,0,0.8725457829820048,1.045000015669306,False,False,False,False,-0.16499653430314054,-0.1482904280723969,False,False,False,False,-433654,-293790.94876956474,False,False,False,False,36551.36600306083,False,False,False,False
2024-09-26 00:00:00+00:00,197.1815787256,197.8466053256,195.694207405,197.2292508833,24236,,,,,,,,,198.0785617200398,195.68216077801404,202.2123361396785,208.59378231576056,210.5923893899594,,,,,,,,195.58354734998093,196.14706741299443,206.49726355772225,209.15993061904837,213.25806385850206,213.7562328178267,214.4900763237968,209.830394852907,205.50893438529928,204.7982496121237,204.20758083184805,201.2156555300251,196.51466227252342,194.95083458054253,192.87071298220124,189.26477456792767,,,210.5923893899594,203.03184606869047,203.00337384720433,"rgba(239, 83, 80, 0.5)",12.655143441793161,207.20286395060376,-0.7918744873257484,52.203399943001685,-1.3943801292979998,True,False,True,False,True,0.0,0.0,0.0,0.0,0.0,0,0.854080207026053,1.053531538740235,False,False,False,False,-0.1597751021665357,-0.1540327651194663,False,False,False,False,-409418,-298325.34293546417,False,False,False,False,36068.41047352904,False,False,False,False
2024-09-27 00:00:00+00:00,198.1540907429,201.3147547991,197.0385622524,198.8310353824,19508,,,,,,,,,198.1404627816668,195.76243809533776,202.17632885816846,208.54553227448784,210.5492458872641,,,,,,,,195.7342072553295,196.19906397707106,206.44696593765875,209.1182212811601,213.2153151432196,213.71725217053086,214.4530222617736,209.81031973817645,205.49850578761396,204.7893042624008,204.19982521703048,201.21261699365127,196.51726006719517,194.95501478734383,192.8758063496092,189.27201437733027,,,210.5492458872641,203.03480157938498,203.00091972544345,"rgba(239, 83, 80, 0.5)",12.674624140222447,207.19350443834895,-0.7131898820386093,52.771196765735745,-1.3943801292979998,True,False,True,False,True,0.0,0.0,0.0,0.0,0.0,0,0.8475506385071092,1.044141082384003,False,False,False,False,-0.11606394211053395,-0.13504835361500012,False,False,False,False,-389910,-301916.8981144656,False,False,False,False,35418.98261182202,False,False,False,False
2024-09-30 00:00:00+00:00,199.6986686527,199.6986686527,194.5501709642,196.6953227169,34255,,,,,,,,,198.12063515133988,195.8574255861501,202.09924138934537,208.45460734476976,210.46878615930686,,,,,,,,195.9033346276226,196.2576364134025,206.35050118436004,209.03978095767536,213.13644248292002,213.64539816658052,214.3848480577516,209.77251863076603,205.47793721058727,204.77141944560896,204.1841030230168,201.20539144464487,196.5201339665814,194.96072410481852,192.88345154573327,189.28356873498655,,,210.46878615930686,203.0001391261824,202.986074374816,"rgba(239, 83, 80, 0.5)",12.681708816002407,207.15840666512727,-0.5882281418584694,54.106438693035386,-1.1449292320165512,True,False,True,False,True,0.0,0.0,0.0,0.0,0.0,0,0.8497371852512373,1.0367367731447983,False,False,False,False,-0.14609512535701852,-0.14057173948600932,False,False,False,False,-355655,-304024.2746589964,False,False,False,False,35373.33623488783,False,False,False,False
2024-10-01 00:00:00+00:00,195.5797942265,198.1064185852,193.6824423495,198.1064185852,21776,,,,,,,,,197.94837131811352,195.85562835940783,202.02636443635376,208.3856809245632,210.4092817278381,,,,,,,,195.89814178983184,196.24806359529444,206.27454007022504,208.9807121412195,213.07953163960366,213.59371289581236,214.33604705241956,209.74416739827973,205.46111171105554,204.75644201205,204.17063003902788,201.19770092351706,196.51922417045898,194.96171653459157,192.88621466851544,189.28905029653353,,,210.4092817278381,202.9250653532553,202.96231293365224,"rgba(239, 83, 80, 0.5)",12.717619230049323,207.11084891314917,-0.9066991610665195,52.07366143018783,-1.1449292320165512,True,False,True,False,False,0.0,0.0,0.0,0.0,0.0,0,0.8473590391363703,1.029793291320339,False,False,False,False,-0.16421680816447545,-0.1523942738252424,False,False,False,False,-377431,-306902.9697704083,False,False,False,False,34840.10736293145,False,False,False,False
2024-10-02 00:00:00+00:00,195.4081744587,196.9400715746,194.8361085662,196.2800028789,22963,,,,,,,,,197.78786208161063,195.85216469890824,201.9505774245009,208.31345485578015,210.34679260695216,,,,,,,,195.89033497271006,196.23708726239076,206.19515068270462,208.9187038912274,213.01970992340281,213.5393464751704,214.28469308495417,209.71426395620333,205.44331995160863,204.74059434301358,204.15636561959855,201.1895229660185,196.51818666542363,194.96268301823736,192.88906118848408,189.29476612528882,,,210.34679260695216,202.8501703335504,202.9371118829023,"rgba(239, 83, 80, 0.5)",12.752320164294916,207.06169170803892,-0.9138350589696994,50.60599525113886,-1.1449292320165512,True,False,False,False,False,0.0,0.0,0.0,0.0,0.0,0,0.8407084908720461,1.0463934715376535,False,False,False,False,-0.16354650302551751,-0.15797038842537997,False,False,False,False,-400394,-310569.2846813727,False,False,False,False,34374.33844673806,False,False,False,False
2024-10-03 00:00:00+00:00,194.6835576615,195.9421026251,193.548960308,194.92191845,20987,,,,,,,,,197.5980263325188,195.82485618293333,201.87197663074758,208.24295621818507,210.28625658634107,,,,,,,,195.84339623933903,196.20846295421893,206.1167760876559,208.85826496953004,212.9622443195355,213.48716445764896,214.23548136984374,209.6850926913417,205.42544268656096,204.7245520649063,204.14182394432768,201.1807010217959,196.51603975868298,194.9624092464293,192.89074021494142,189.29916796438303,,,210.28625658634107,202.76481439014518,202.90860999944633,"rgba(239, 83, 80, 0.5)",12.797549974093593,207.00795673171461,-0.963028008889452,49.12520892130187,-1.1449292320165512,True,False,False,False,False,0.0,0.0,0.0,0.0,0.0,0,0.8440766364344571,1.0453894121294391,False,False,False,False,-0.1805477785459775,-0.16925908348567875,False,False,False,False,-421381,-314914.8421448483,False,False,False,False,33849.3447821601,False,False,False,False
2024-10-04 00:00:00+00:00,198.6880189092,198.9263796978,196.2281355713,197.3627329249,21961,,,,,,,,,197.61931130390724,195.87733347504846,201.8278080493915,208.187365520365,210.2364261412994,,,,,,,,195.92848594074076,196.2422396503473,206.05878089718428,208.80986525577424,212.91305467530276,213.44219545203936,214.19271223240426,209.66123831133928,205.41241416480025,204.71321244794802,204.1318462823692,201.17609068624813,196.51783076794354,194.96600092642925,192.89557513019525,189.30649776536305,,,210.2364261412994,202.7496488980023,202.8980025366518,"rgba(239, 83, 80, 0.5)",12.810031810656685,206.98655649081016,-0.6478155327222994,51.03077784161413,-1.1449292320165512,True,False,False,False,False,0.0,0.0,0.0,0.0,0.0,0,0.8447406163268694,1.0466244110366372,False,False,False,False,-0.12036200378720101,-0.1448105436364399,False,False,False,False,-399420,-318228.76990387385,False,False,False,False,33383.1351828597,False,False,False,False
2024-10-07 00:00:00+00:00,195.8086205835,197.048096684,193.9494064327,197.048096684,18601,,,,,,,,,197.52035395690206,195.8716870976153,201.76901992659603,208.1300695712364,210.1865377623449,,,,,,,,195.9176747196552,196.23187826418615,205.99628005305092,208.76042567294596,212.86515205071282,213.39857485897636,214.1514571033261,209.63707884807081,205.39795833739865,204.70031803368252,204.12022465786225,201.16936661752496,196.51686129666678,194.96664846387657,192.89776516375576,189.31101388054356,,,210.1865377623449,202.6955336629389,202.8774173763897,"rgba(239, 83, 80, 0.5)",12.83306071887365,206.9483405407318,-0.8680485662199489,50.233953397629605,-1.1449292320165512,True,False,False,False,False,0.0,0.0,0.0,0.0,0.0,1,0.8487817508610487,1.0446368708901477,False,False,False,False,-0.10389979211799028,-0.12435516787721508,False,False,False,False,-418021,-322142.19069195725,False,False,False,False,32803.44360706129,False,False,False,False
2024-10-08 00:00:00+00:00,193.8731309804,194.8647118608,192.5955171537,194.1114917689,28859,,,,,,,,,197.2556607258173,195.80711091567804,201.6536376200119,208.02940683481518,210.10020919762945,,,,,,,193.77778666496664,195.81309663985675,196.1717652492409,205.88401529516653,208.67391654000582,212.7835563524866,213.32442505186336,214.08155270999444,209.5949092725514,205.37145361603228,204.67638800807197,204.0984084841122,201.15555859340287,196.51236996204946,194.96477359382317,192.89886858555934,189.31597966139154,,,210.10020919762945,202.56920505879037,202.29993084003382,"rgba(239, 83, 80, 0.5)",12.874746880090623,206.32263508120937,-0.9669707852712168,48.45168749950161,3.156602040975912,True,False,False,False,False,0.0,0.0,0.0,0.0,0.0,1,0.8707173607264369,1.003208179854658,False,False,False,False,-0.1400996954819915,-0.1322274316796033,False,False,False,False,-446880,-327033.8694883511,False,False,False,False,32648.759544039276,False,False,False,False
2024-10-09 00:00:00+00:00,196.2948765921,196.4664963599,194.4881018149,194.4881018149,23887,,,,,,,,,197.17238396040375,195.8056849860415,201.5839141794778,207.95853107657265,210.03798837704647,,,,,,,194.67086060143427,195.81063673728912,196.1633804644869,205.80752526897,208.61244368656878,212.723497445217,213.26962222202906,214.0296383762168,209.56450486201499,205.35332266984025,204.66022963524955,204.0838575395798,201.14721298056617,196.5113364195423,194.96579700853675,192.90182434226094,189.32189453112383,,,210.03798837704647,202.51170051590844,202.3292696935839,"rgba(239, 83, 80, 0.5)",12.850610906406446,206.32362676489612,-0.7804103824975718,49.02722059187036,3.156602040975912,True,False,False,False,False,0.0,0.0,0.0,0.0,0.0,1,0.8680821731673481,0.9971601148022323,False,False,False,False,-0.10433706465935542,-0.11828224816947935,False,False,False,False,-422993,-330796.9726456707,False,False,False,False,32305.16113054754,False,False,False,False
2024-10-10 00:00:00+00:00,195.6751385419,195.6751385419,193.83976047,193.9970785904,18363,,,,,,,,,197.08637752729194,195.79174692856378,201.52524788834288,207.9015670061096,209.98824153318677,,,,,,,194.77221495380417,195.78895020144483,196.14682867557485,205.74554429200143,208.5630819253151,212.67575897264976,213.22608298099536,213.9884377414722,209.540065314262,205.3384379856246,204.64689375495544,204.0717874615033,201.14000107205317,196.50982926313327,194.96589466988976,192.90354571018787,189.325949350019,,,209.98824153318677,202.45863617669897,202.31466496028742,"rgba(239, 83, 80, 0.5)",12.85058214593341,206.29052620876763,-0.8260627842628041,48.970778766096714,3.156602040975912,True,False,False,False,False,0.0,0.0,0.0,0.0,0.0,1,0.8560874032705809,0.9944316773243896,False,False,False,False,-0.06680515244849938,-0.09254370030898937,False,False,False,False,-441356,-335132.620777213,False,False,False,False,31758.409713663328,False,False,False,False
2024-10-11 00:00:00+00:00,198.2303661952,198.4591925522,196.3997553391,196.3997553391,19268,,,,,,,,,197.11141068736566,195.82854664872232,201.48943995555535,207.8544826592567,209.9455436395165,,,,,,,195.395647134665,195.8453176231715,196.17091389866425,205.69711535636927,208.52169990561424,212.6333918340668,213.18721196941203,213.95138672995552,209.5191578745883,205.32685643832244,204.63677411739891,204.06284892178834,201.13572316175228,196.51112381390453,194.96876007948885,192.90754738753097,189.33214763985418,,,209.9455436395165,202.44588471808328,202.34138964038516,"rgba(239, 83, 80, 0.5)",12.847127264777399,206.30271856868026,-0.6283390992484373,50.750736108080616,3.156602040975912,True,False,False,False,False,0.0,0.0,0.0,0.0,0.0,1,0.9005866959849075,0.9725626751737343,False,False,False,False,0.05151086395971899,-0.02051641817463519,False,False,False,False,-422088,-338542.6356486949,False,False,False,False,31268.58972489222,False,False,False,False
2024-10-14 00:00:00+00:00,202.8736343563,202.921306514,196.6857882854,196.6857882854,31171,,,,,,,,,197.34270279116043,195.98004062047605,201.47956548706225,207.8024174076231,209.89458697484935,,,,,,,196.78849511244167,196.07260109914952,196.28511493600564,205.65016792103916,208.47458484263413,212.57961577413687,213.13736342595672,213.90327766620754,209.49440510284322,205.31585074133682,204.62782142720883,204.05552585338222,201.13510377488603,196.5187274216582,194.97868839412337,192.91822963174164,189.34590120229439,,,209.89458697484935,202.49986265623426,202.428322019238,#000000,12.828493360857582,206.379097563096,-0.27325603312793617,54.6129314869214,0.2257083852437347,True,False,True,False,True,0.09286533550935516,0.0,0.0,0.0,0.0,1,0.9241101947045143,0.9021235912113188,False,False,False,False,0.12085502482676837,0.05016930332606659,False,False,False,False,-390917,-340596.5322899225,False,False,False,False,31264.76267685723,False,False,False,False
2024-10-15 00:00:00+00:00,207.4596959281,211.7025179644,204.0082317098,204.0082317098,38220,,,,,,,,,198.0788572241828,196.4008214847159,201.59162278296986,207.80170680341706,209.87981201141648,,,,,,,199.4043831111384,196.68984705398032,196.6190736899267,205.67438749401407,208.4689878584593,212.55264581040592,213.11072369705678,213.8756266311801,209.48824316039466,205.3230492023249,204.63671523586723,204.06567555768302,201.15126660921604,196.54288008010815,195.00511773140846,192.94267577519614,189.37282317144746,,,209.87981201141648,202.7505640613404,202.64259540410634,#000000,12.778845936004487,206.61261594645083,0.0662876746375434,59.19985934832347,4.46695131800017,True,False,True,False,True,2.507673814064347,0.0,0.0,0.0,0.0,1,0.9831991396107554,0.8539131445813576,False,False,False,False,0.34282825127544203,0.19649877730075432,False,False,False,False,-352697,-341071.06043541577,False,False,False,False,31537.51708168636,False,False,False,False
2024-10-16 00:00:00+00:00,212.5415479401,213.1422171273,210.12933676,210.12933676,25201,,,,,,,,,198.69793657674396,196.75942143911934,201.71262041588741,207.8261125376338,209.88900486035368,,,,,,,201.11197808254968,197.20451056347963,196.90840440683735,205.72226156023575,208.48594768436374,212.550402105481,213.1069301287034,213.86992601046902,209.4938500195154,205.3360637305636,204.6505197493252,204.08001232242754,201.16868636451514,196.56472988123454,195.0282389300352,192.9633338063788,189.39459822640066,,,209.88900486035368,202.97701916594764,202.80237609250094,#000000,12.79555146701961,206.79848039626353,0.4488331400674028,63.98074441371417,8.740839983891156,True,False,True,False,True,5.057194911090743,0.0,0.0,0.0,0.0,0,0.9973523911725917,0.840527296458747,False,False,False,False,0.34282825170916104,0.2696635145049577,False,False,False,False,-327496,-340538.705124223,False,False,False,False,31289.02621573788,False,False,False,False
2024-10-17 00:00:00+00:00,213.2375614427,213.7142830198,212.6940988448,212.8943219072,15329,,,,,,,,,199.08196251223305,196.98725054293584,201.79386945531172,207.84538674315107,209.89801867257833,,,,,,,202.0382581400563,197.52661569115554,197.0936216411921,205.7569381621062,208.49997137742372,212.55187450944638,213.10714291826787,213.86875681184088,209.49902436472468,205.34548225761466,204.66035880543856,204.09012119707563,201.1805085916153,196.57909216893384,195.043332274589,192.9767221057603,189.4085722765956,,,209.89801867257833,203.121297585242,202.8956701937551,#000000,12.796596761236955,206.91002209507252,0.49447048036980223,67.37993155385293,11.65023359686085,True,False,True,False,True,5.399292335805995,0.0,0.0,0.0,0.0,0,1.0156090975137113,0.8302948217016229,False,False,False,False,0.3428282518558416,0.30624588318039964,False,False,False,False,-312167,-339426.0892369986,False,False,False,False,30663.14283472855,False,False,False,False
2024-10-18 00:00:00+00:00,213.7142830198,214.9156213942,211.5308981967,213.5617321152,23619,,,,,,,,,199.64218046236363,197.32978469595272,201.918683520197,207.87575669565084,209.9125255659398,,,,,,,203.23532839351654,198.00347065700805,197.3738628773929,205.81095932672866,208.52219763858824,212.5547140527813,213.10798674641745,213.8674344633446,209.50733579915035,205.36026588709203,204.67577793888609,204.1059453994154,201.19893810143594,196.60140100747586,195.06675837152417,192.9974908846394,189.43022648439563,,,209.9125255659398,203.3357861880208,203.0247114135172,"rgba(38, 166, 154, 0.5)",12.789095004067573,207.0674745059104,0.5197246960614162,69.7991215674437,13.68684832536811,True,False,True,False,True,5.636407541556505,0.0,0.0,0.0,0.0,0,1.0104566099656764,0.8197780232810978,False,False,False,False,0.3428282518575273,0.3245370675189635,False,False,False,False,-288548,-337430.8700512339,False,False,False,False,30386.901939249,False,False,False,False
2024-10-21 00:00:00+00:00,206.7446135624,213.2375614427,206.4110038028,213.2375614427,21880,,,,,,,,,199.96270652828187,197.5474638659918,201.98661468673507,207.88041380208125,209.90824799879005,,,,,,,203.73047384086593,198.29596820212763,197.55302913621304,205.83042133355667,208.52335362836325,212.54291653403328,213.0959780052442,213.85457790352896,209.5059332895693,205.36611016832654,204.68251381660258,204.11333170059112,201.2095513520697,196.61637874265568,195.0829835243432,193.01237090821854,189.44641544585522,,,209.90824799879005,203.45708937637602,203.08601809012734,#000000,12.774149669224217,207.14371535146816,-0.031242924139967956,65.87903912881933,13.68684832536811,True,False,True,False,False,1.7363741826150694,0.0,0.0,0.0,0.0,0,0.9709062518166015,0.8280459954800142,False,False,False,False,0.25810967886274555,0.29132337319085455,False,False,False,False,-310428,-336371.9339707934,False,False,False,False,30053.297941631397,False,False,False,False
2024-10-22 00:00:00+00:00,205.1237602003,206.5443905001,204.4563499923,206.5443905001,16567,,,,,,,,,200.1024660304323,197.65836765844855,202.01176097329238,207.8708672494581,209.89511505200366,,,,,,,203.83430709366368,198.4382892867286,197.64482429834382,205.82818458360907,208.51338322294848,212.5259137868226,213.07972412717703,213.83832660724212,209.4997602482222,205.3661213837796,204.68336939121315,204.1148336536535,201.2139516899347,196.6245152413009,195.09218355453842,193.02118001824908,189.45649032508555,,,209.89511505200366,203.50771539272702,203.10443285367722,#000000,12.749089460353773,207.16690604064064,-0.16025817739331583,62.22427603276797,19.175603248386736,True,False,True,False,False,0.865635735864732,0.0,0.0,0.0,0.0,0,0.9651651179125693,0.8627553543572528,False,False,False,False,0.15520536230401868,0.22326436774743663,False,False,False,False,-326995,-336004.21106997796,False,False,False,False,29524.423512547815,False,False,False,False
2024-10-23 00:00:00+00:00,199.4984455903,204.0368350044,197.3627329249,202.7687556093,24500,,,,,,,,,200.1097077680363,197.71256904250936,201.99317030223725,207.8284440040853,209.8541812065462,,,,,,,203.53239836089125,198.49202477418487,197.6901085604835,205.78833164665076,208.47509576008878,212.4831749821292,213.04006057579863,213.80006311879043,209.47947385521263,205.3565061276615,204.67537189443308,204.10812743578398,201.2125250196691,196.629556888093,195.0990581115927,193.02884150956356,189.46662306095803,,,209.8541812065462,203.49961446468288,203.07984362835208,"rgba(239, 83, 80, 0.5)",12.719913399300506,207.13547862747131,-0.6003997666832608,56.66739223028988,14.177928814791429,True,False,True,False,False,0.0,0.0,0.0,0.0,0.0,0,0.9342247459036719,0.8647094949597576,False,False,False,False,0.0445800510621162,0.13392220940477642,False,False,False,False,-351495,-336611.69298880233,False,False,False,False,29327.38729636947,False,False,False,False
2024-10-24 00:00:00+00:00,203.0357196925,204.9329762251,199.546117748,201.233712131,37170,,,,,,,,,200.23631210747328,197.85728196828836,202.00146285787588,207.7835727329833,209.80692380296728,,,,,,,203.4145381803005,198.6604356313126,197.81157954234817,205.75281339084822,208.43317285442535,212.43053681955485,212.9906893790822,213.75183973119366,209.45622034715194,205.34831978017021,204.66938153113622,204.1038637863322,201.21557633456558,196.64176070079893,195.1138620888029,193.043951171736,189.48508239431155,,,209.80692380296728,203.53711069391764,203.0778602155336,#000000,12.638638678685771,207.13098348086797,-0.32402728588754975,54.877033345156086,12.716480326684561,True,False,True,False,False,0.0,0.0,0.0,0.0,0.0,0,0.9566525819880131,0.8708494637809946,False,False,False,False,0.07981564937038661,0.10686892938758152,False,False,False,False,-314325,-335737.70502845716,False,False,False,False,29634.94073572753,False,False,False,False
2024-10-25 00:00:00+00:00,203.7889397843,213.1994237166,200.2993378399,213.1994237166,28901,,,,,,,,,200.45446497555392,198.03863133807562,202.04825940469138,207.77041377600958,209.78680366101125,,,,,,,203.60681263367377,198.88486215370685,197.96454605209084,205.75289474538795,208.41867075472956,212.4032983242338,212.96444717852634,213.7254062163706,209.44666986701205,205.3492423900468,204.67172246847855,204.1072866414643,201.22390803461334,196.656467298574,195.13038719944956,193.05969996746774,189.50298121177286,,,209.78680366101125,203.61971463106835,203.10995900809405,#000000,12.518733492889522,207.17022385914441,-0.2700979357668203,54.0748725105476,11.991813810075243,True,False,True,False,False,0.19205073457574073,0.0,0.0,0.0,0.0,0,0.9230280373681795,0.8548291269036221,False,False,False,False,0.18450544507266714,0.14568718723012433,False,False,False,False,-285424,-333764.6185567529,False,False,False,False,29606.158746091158,False,False,False,False
2024-10-28 00:00:00+00:00,214.9251558257,214.939457473,205.4956030304,205.4956030304,29096,,,,,,,,,200.8876185158827,198.34897713108776,202.16873629190147,207.79656943648047,209.79677028805293,,,,,,,204.22980692222046,199.28265570646255,198.22717430302666,205.803139910191,208.43698354829732,212.4007730848695,212.96015825333976,213.71897005093257,209.45274546612575,205.3636443997541,204.68702830078735,204.12320759773323,201.24335759900265,196.68098849722014,195.1563690393279,193.08301607072525,189.52762261166225,,,209.79677028805293,203.79973433268108,203.19868478598107,"rgba(38, 166, 154, 0.5)",12.46511550113721,207.28325788458196,0.6130627462233182,58.00252899548881,11.991813810075243,True,False,True,False,False,5.661331135194807,0.0,0.0,0.0,0.0,0,0.940899924628328,0.8444936960915367,False,False,False,False,0.2677070509278794,0.20669711907900185,False,False,False,False,-256328,-330727.8884172724,False,False,False,False,29586.15252075425,False,False,False,False
2024-10-29 00:00:00+00:00,213.5140599575,214.9060869626,211.5690359228,214.9060869626,44882,,,,,,,,,201.58037057308061,198.85306956008844,202.37773549272148,207.85160049438954,209.82372184389664,,,,,,,205.186495147929,199.9204058722248,198.65721340799257,205.89859392140323,208.4776782500487,212.40660519524886,212.9622227429933,213.716986859714,209.46821072930942,205.39104081138785,204.71561280212725,204.15255614920468,201.2775896221432,196.72250596625494,195.1999925280115,193.12182636928267,189.56815396119845,,,209.82372184389664,204.09729959283536,203.34374649038082,#000000,12.381953078648822,207.4701196358716,0.4881249576087012,59.79168158311879,11.991813810075243,True,False,True,False,True,4.9059702945336525,0.0,0.0,0.0,0.0,0,0.9596455844514212,0.8547785188773501,False,False,False,False,0.3428282518587899,0.2747626854688959,False,False,False,False,-301210,-329570.32416561473,False,False,False,False,30185.989676803103,False,False,False,False
2024-10-30 00:00:00+00:00,215.0300345727,217.1466783751,212.0743607946,212.0743607946,38335,,,,,,,,,202.17825207088774,199.29720653421833,202.57251156827107,207.90971107463778,209.85561508049094,,,,,,,205.97452793719935,200.47401717173796,199.03932101752198,205.99345106716078,208.521925612267,212.41910616543436,212.97071402229435,213.72146438564815,209.48614650245756,205.41845291843282,204.7438801924301,204.18133340257862,201.31010340046606,196.76082307419478,195.23999380347573,193.15717986153194,189.60472703815304,,,209.85561508049094,204.36265926570115,203.47159809252852,"rgba(38, 166, 154, 0.5)",12.029905915403502,207.63631968298395,0.6146111982678839,61.50623780981725,11.991813810075243,True,False,True,False,True,5.618238789065739,0.0,0.0,0.0,0.0,0,0.9640419241926046,0.8447520355698016,False,False,False,False,0.3428282519744696,0.30879546872168273,False,False,False,False,-262875,-326954.82125715923,False,False,False,False,30505.558709085333,False,False,False,False
2024-10-31 00:00:00+00:00,208.441742377,215.7728957693,208.441742377,213.1814630984,29028,,,,,,,,,202.46762108388398,199.53727869255093,202.67043896007056,207.9285710458367,209.86063871425134,,,,,,,206.26293874610454,200.7602317019044,199.24854160523282,206.03282776272,208.53448314471126,212.41293697466492,212.96324275063918,213.7121899443419,209.4897351525507,205.43055074761273,204.75695260492787,204.19508982030692,201.32756943474183,196.78351907210995,195.2641961113568,193.17909561137756,189.62810456946377,,,209.86063871425134,204.49290969931866,203.52836504439804,#000000,11.54592558276413,207.70965630124337,0.06340644329541598,58.977468641417396,11.991813810075243,True,False,True,False,True,2.142008831758968,0.0,0.0,0.0,0.0,0,0.9504359937693644,0.8569737487175495,False,False,False,False,0.28286291390146834,0.29582919131157553,False,False,False,False,-291903,-325580.2400313883,False,False,False,False,30447.615230297677,False,False,False,False
2024-11-01 00:00:00+00:00,209.1064593074,210.5996640062,207.7577582891,209.5592375064,17136,,,,,,,,,202.59628579772925,199.65347502427937,202.71521929808608,207.93314114440588,209.8586114919589,,,,,,,206.35983121902538,200.8942830641847,199.35075727235815,206.04759130664817,208.53642209768626,212.40521803365905,212.95520420518687,213.7034084530058,209.48922858646378,205.43540924268927,204.762471418275,204.20109009174217,201.3359884796979,196.79524267684675,195.27686912549504,193.190745467596,189.64075915031282,,,209.8586114919589,204.55134655129189,203.5517952876984,#000000,11.088428777005872,207.73956339316337,0.12327228155815681,57.57545884316502,11.991813810075243,True,False,True,False,True,2.4640167171158893,0.0,0.0,0.0,0.0,0,0.9438615236976231,0.8793704100332103,False,False,False,False,0.2151099216865768,0.25546955649907616,False,False,False,False,-274767,-323587.563951726,False,False,False,False,29925.59110361934,False,False,False,False
2024-11-04 00:00:00+00:00,207.5554531364,207.5554531364,205.8220833205,207.4783845068,20282,,,,,,,,,202.69384321081063,199.75673485854463,202.7497779086776,207.9289442756489,209.8488536693455,,,,,,,206.38339903847194,201.00713165157276,199.44277961033285,206.05276832043364,208.53067497108916,212.3900421192156,212.94030885692214,213.6881050483131,209.48474298320463,205.43778701521904,204.76575683661892,204.20506034964657,201.34316181455037,196.8066509016129,195.28949065927412,193.20263484391407,189.65404724542145,,,209.8488536693455,204.59563078460548,203.56614954504784,#000000,10.691907710868676,207.7570645003813,-0.018856444465598535,55.814074506306376,11.991813810075243,True,False,True,False,False,1.6573505749863529,0.0,0.0,0.0,0.0,0,0.9211325782191168,0.9144107145947599,False,False,False,False,0.15902038095136062,0.2072449687252184,False,False,False,False,-295049,-322468.40458107006,False,False,False,False,29547.41106034015,False,False,False,False
2024-11-05 00:00:00+00:00,210.5129617979,210.5129617979,205.7539739191,205.7539739191,22862,,,,,,,,,202.84644856522652,199.9001821556907,202.80571725739537,207.93385966641736,209.8453461420452,,,,,,,206.48824580509427,201.1693369193042,199.57003213174877,206.07068741647717,208.532313758745,212.37916055555038,212.9290665426152,213.67592413284584,209.48362167097463,205.44383966433574,204.77270135421495,204.2126583663496,201.35401513228467,196.82193797380532,195.30605201390682,193.2179047492422,189.670683652861,,,209.8453461420452,204.666310757355,203.59401069649152,#000000,10.26148940590201,207.79225517163246,0.2651375953965024,56.019238830930696,11.991813810075243,True,False,True,False,False,3.1138997917097058,0.0,0.0,0.0,0.0,0,0.9053098947612875,0.9081213420421068,False,False,False,False,0.19142142713633667,0.19933319793077753,False,False,False,False,-272187,-320496.58479357715,False,False,False,False,29285.23807758171,False,False,False,False
2024-11-06 00:00:00+00:00,230.1750959289,233.7009857338,224.7032232261,224.7032232261,53987,,,,,,,,,204.30471538300043,200.9556031774398,203.3651956464135,208.18218389570902,210.0205351841987,,,,,,,208.5320828356151,202.47758734836026,200.49005584243898,206.41103775913496,208.73551333088042,212.5054442441088,213.0381262823797,213.77110314075605,209.57826378735817,205.54209733515364,204.86987863419122,204.30848766731026,201.4489068590769,196.91905898186863,195.40390828343223,193.30097819383408,189.75176130651127,,,210.0205351841987,205.36564665735233,203.94613481367122,"rgba(0, 255, 0, 1.0)",10.341094540678117,208.25982798199226,2.119240652979335,61.7930098212438,11.991813810075243,True,False,True,False,True,11.648860985917928,0.0,0.0,0.0,0.0,0,0.9458882479073036,0.8559468406195476,False,False,False,False,0.3428282527671041,0.2710807253489408,False,False,False,False,-218200,-316484.9540173584,False,False,False,False,30253.9346235589,False,False,False,False
2024-11-07 00:00:00+00:00,226.1675271888,229.4718446836,226.1241760846,228.3254488181,49765,,,,,,,,,205.4055379679905,201.79176279557498,203.81754246446064,208.38225000016007,210.16079371130755,,,,,,,209.94741104932712,203.48829163384022,201.22690481405047,206.6861510027129,208.89927789168902,212.60489619969644,213.12371701705516,213.845325589984,209.65487009072788,205.62345077067127,204.95059101072195,204.3882817778728,201.52878111053326,197.0018729974026,195.48764444529553,193.3724374363512,189.82195442423907,,,210.16079371130755,205.91157738789875,204.21481525071596,"rgba(0, 255, 255, 0.75)",10.395673756117098,208.61774854228702,1.6881809739543054,63.68512510032036,6.2588495568162585,True,False,True,False,True,9.560768181797641,0.0,0.0,0.0,0.0,0,0.9691629238496295,0.8587208300149596,False,False,False,False,0.31985608831065354,0.29546840682979714,False,False,False,False,-267965,-314582.21072256006,False,False,False,False,31019.074442242865,False,False,False,False
2024-11-08 00:00:00+00:00,227.9786399848,229.5344629452,226.0422906657,226.0422906657,37937,,,,,,,,,206.19735423674388,202.40844956880142,204.15953238958758,208.53670624235895,210.2698746893786,,,,,,,210.9229853408984,204.22306933186468,201.7742060800635,206.89699625870756,209.02618630097214,212.6828688925497,213.19100443836197,213.90385640092666,209.71479107086418,205.6867611803756,205.01336725153385,204.45031803832208,201.59074572963692,197.06594134433763,195.55237793600193,193.4276674728491,189.87613899749212,,,210.2698746893786,206.31438342537407,204.41172247445635,"rgba(0, 255, 255, 0.75)",10.22545998959529,208.8806424202588,1.867690801584866,65.36154941392968,8.008031985435451,True,False,True,False,True,10.279991807484745,0.0,0.0,0.0,0.0,0,0.9676329883437488,0.8533737524719687,False,False,False,False,0.3196996219986866,0.3075840144142419,False,False,False,False,-230028,-311266.3593216754,False,False,False,False,31290.365640586282,False,False,False,False
2024-11-11 00:00:00+00:00,235.1074882243,236.5910593445,229.9824243548,229.9824243548,27585,,,,,,,,233.89365730786668,206.89000286579088,202.94104441300766,204.4640255014533,208.68213778936706,210.37531658875898,,,,,,,211.79839253072032,204.8597643504203,202.24721945080248,207.0911375511619,209.14667758809915,212.76144957727206,213.25955064098466,213.96441232348513,209.77254588038605,205.74505664498574,205.0708164169752,204.50681374718945,201.64594293202018,197.12147021906446,195.60805934464653,193.47474468734632,189.92169409488469,,,210.37531658875898,211.20769741104075,204.58798517532026,"rgba(0, 255, 0, 1.0)",10.702963741870292,210.52428455075943,2.2968594742940582,67.96164766479322,10.64624622383095,True,False,True,False,True,13.016215725092856,0.0,0.0,0.0,0.0,0,0.9656220944263998,0.8371806771113446,False,False,False,False,0.3428282529044505,0.3252061336593462,False,False,False,False,-202443,-306998.77660317835,False,False,False,False,31145.057184092704,False,False,False,False
2024-11-12 00:00:00+00:00,232.9399330164,234.3560690856,230.6760420214,232.1210788267,33429,,,,,,,,233.21629502252844,207.64795998810348,203.5379736247754,204.8096165860185,208.84762571754842,210.4951909232839,,,,,,,212.71920565246282,205.5643167443535,202.78042126718896,207.31201746268857,209.2839226676376,212.8503753192289,213.33707195496132,214.03278532382382,209.8385991696311,205.8122914561367,205.13715772091757,204.5721202978305,201.71002682073157,197.18628420024,195.67314873908012,193.52990826424008,189.9752254000496,,,210.4951909232839,211.42577697704303,204.78322814477661,"rgba(0, 255, 255, 0.75)",11.227173443906263,210.74876900430922,1.9765584029643193,68.58816750235894,11.450231106301231,True,False,True,False,True,11.876646163049763,0.0,0.0,0.0,0.0,0,0.9816323312983118,0.8398905917181729,False,False,False,False,0.33122767554118226,0.3282169046002642,False,False,False,False,-235872,-304209.491246191,False,False,False,False,31234.623569030246,False,False,False,False
2024-11-13 00:00:00+00:00,229.8957221465,236.022678201,229.3177074244,234.0766953032,26238,,,,,,,,232.77396533119685,208.19176068391238,203.97580259095804,205.0662979395965,208.97100931176067,210.5845443807453,,,,,,,213.35635995000794,206.07499318425164,203.17362484654473,207.47658539623401,209.38636784414646,212.91642902095467,213.39463311523238,214.0834903918615,209.88811570154147,205.8630435720396,205.18728694207635,204.6215091510235,201.75866345512514,197.2356868173136,195.72282079473078,193.57209014514552,190.0162518576631,,,210.5845443807453,211.59389670636165,204.92517365799367,"rgba(0, 255, 255, 0.75)",11.569441836348417,210.91435000743837,1.64064718139009,67.4804165401549,11.450231106301231,True,False,True,False,True,10.29403116184432,0.0,0.0,0.0,0.0,0,0.9884943197245177,0.818712515358631,False,False,False,False,0.33354082998713,0.3308788672936971,False,False,False,False,-262110,-302558.5308051639,False,False,False,False,31038.677546715335,False,False,False,False
2024-11-14 00:00:00+00:00,232.6798263914,232.9302994377,229.905452061,232.3908190304,26852,,,,,,,,232.55382915801297,208.72555156966513,204.41148138689172,205.32486949088445,209.0964219438858,210.6756132896768,,,,,,,213.96879128735856,206.57922012071165,203.56640453187032,207.6433625806386,209.49068010784285,212.98388409177937,213.45346690979758,214.13535444296053,209.93877474221063,205.91496428776534,205.23857332218657,204.67204117940162,201.8084295501085,197.286235573266,195.77364489174562,193.61526793927,190.05824856857654,,,210.6756132896768,211.79796113983616,205.06631436044057,"rgba(0, 255, 255, 0.75)",12.015363341531588,211.08989066077993,1.7968608286687096,67.45794177616838,11.450231106301231,True,False,True,False,True,11.375664770615998,0.0,0.0,0.0,0.0,0,0.9911723306707395,0.8259189366271456,False,False,False,False,0.31484414179909914,0.3228615045463981,False,False,False,False,-235258,-299919.2943030006,False,False,False,False,30874.494113510813,False,False,False,False
2024-11-15 00:00:00+00:00,229.2791731096,235.637335053,229.2695395309,234.8088472846,25217,,,,,,,,232.34414513108752,209.19615321315294,204.80199197040264,205.5592063920216,209.21068135726443,210.75865318271556,,,,,,,214.4947168416164,207.02710018551045,203.91996132212162,207.79508800064932,209.58583694792742,213.04531670049636,213.5070539788088,214.18257298713107,209.98517829515265,205.96270461061584,205.28575805434994,204.71855442427855,201.85432820929694,197.33296501161226,195.820659354216,193.65525892901954,190.09719386989832,,,210.75865318271556,211.97847187444077,205.19236751310007,"rgba(38, 166, 154, 1.0)",12.429542027649127,211.24583460186437,1.4508449681911884,65.71907169708598,11.450231106301231,True,False,True,False,True,9.612785350950087,0.0,0.0,0.0,0.0,0,1.0049819371124271,0.805930146495904,False,False,False,False,0.3302889339504222,0.32657521924841015,False,False,False,False,-260475,-298372.4592322947,False,False,False,False,30652.63159925549,False,False,False,False
2024-11-18 00:00:00+00:00,227.2368544247,230.4063018177,226.7262747535,228.7107919662,20675,,,,,,,,231.79869896177604,209.51289837705022,205.07546088999226,205.72427701999388,209.28980158220372,210.8155243312733,,,,,,,214.82379209563913,207.3347109578965,204.1694705789528,207.90099818842444,209.65162665887334,213.08645203196278,213.54275767028278,214.2137713327636,210.01728251573684,205.99669398735304,205.31948475970415,204.75190629710278,201.88769702613482,197.36751094193656,195.85557620820353,193.6851464057925,190.12654412547693,,,210.8155243312733,212.0361101937149,205.27831892836684,"rgba(38, 166, 154, 1.0)",12.757721460602067,211.33158328743303,1.246717228180992,63.5590711964785,11.450231106301231,True,False,True,False,False,8.567574090669854,0.0,0.0,0.0,0.0,0,0.9989463446780458,0.81688961570468,False,False,False,False,0.273031873390348,0.2998035463193791,False,False,False,False,-281150,-297697.0686741655,False,False,False,False,30261.35192869645,False,False,False,False
2024-11-19 00:00:00+00:00,223.8458347216,226.5432367582,223.8458347216,225.0211313233,26954,,,,,,,,230.78170915399394,209.8381292102106,205.37163026764162,205.90397222749777,209.37363721232833,210.87474741964488,,,,,,,215.12657392196851,207.65950276224166,204.44233336588638,208.01463634289107,209.72114024046,213.12777155623382,213.57831936971084,214.24440797819634,210.05118915835462,206.0341081739989,205.35681336215805,204.78898035729472,201.92548762630054,197.40749811653853,195.89623024867882,193.72021841290643,190.16134418849384,,,210.87474741964488,212.0239709152195,205.36803265778312,"rgba(38, 166, 154, 0.5)",12.869114375525827,211.39792420997773,0.9672701748066989,60.52029410501555,16.564231891023113,True,False,True,False,False,6.854441162467015,0.0,0.0,0.0,0.0,0,0.9955746955220777,0.8224274991077647,False,False,False,False,0.22475600637229443,0.26227977634583677,False,False,False,False,-308104,-298105.1836281198,False,False,False,False,30131.651853061296,False,False,False,False
2024-11-20 00:00:00+00:00,225.8881534064,227.1116179016,223.4026901013,223.8458347216,20983,,,,,,,,230.2454387178704,210.09366919525456,205.60445894703614,206.04680211338183,209.44131235157406,210.9228871214765,,,,,,225.46748713643333,215.3665525345637,207.91441885861244,204.6571742438545,208.10581968134136,209.77739433250437,213.16172352309582,213.60762847936354,214.2697672869554,210.0787693359421,206.064251662382,205.38685279076458,204.81878801710693,201.9557489897221,197.4393669325516,195.9285899079334,193.74810085352257,190.18895172363727,,,210.9228871214765,212.0590947410989,206.55207701612707,"rgba(38, 166, 154, 1.0)",13.018382888961874,212.39740532822262,1.036284475056884,59.26753426035524,15.21531723622229,True,False,True,False,False,7.702294331594491,0.0,0.0,0.0,0.0,0,1.004512730287281,0.812285321635627,False,False,False,False,0.21780014483730184,0.2400399605915693,False,False,False,False,-287121,-297674.4313289779,False,False,False,False,29772.881192156932,False,False,False,False
2024-11-21 00:00:00+00:00,230.6278741279,231.8031707295,223.9903384021,228.0557086144,29314,,,,,,,,230.06772246595017,210.5115678148449,205.9740336323388,206.27660264035708,209.55441393083802,211.00493127762297,,,,,,227.41389000417735,215.7886204494019,208.32404282822012,204.99706995934972,208.2558213362039,209.87189880625485,213.2216319497487,213.65979535526122,214.3155129230357,210.12546107868093,206.1134282051941,205.43562351609742,204.86699863500888,202.00388166948167,197.489058296545,195.97877684897549,193.79106431271023,190.23109249213374,,,211.00493127762297,212.23154529365866,206.77131492591562,"rgba(38, 166, 154, 1.0)",13.184895476066856,212.63750359156492,1.3644681953672728,60.090026360606245,15.21531723622229,True,False,True,False,False,9.62837958801348,0.0,0.0,0.0,0.0,0,0.9902369064192418,0.8055275970239031,False,False,False,False,0.24762886527837524,0.24383441293497227,False,False,False,False,-257807,-296111.00264941016,False,False,False,False,29754.885851288032,False,False,False,False
2024-11-22 00:00:00+00:00,233.2193067987,235.4639306363,231.5719648407,231.5719648407,31198,,,,,,,,230.45712983570206,211.0433485551649,206.43151013662182,206.56515261743783,209.70182717258115,211.11382997588933,,,,,,229.71254300761854,216.3587661812798,208.83696274663382,205.41650860272676,208.4483825395815,209.99569531319375,213.3036044975826,213.73170547922362,214.37927504814064,210.18710149190997,206.176119573683,205.4975032261518,204.9279374057624,202.06369910548838,197.5495320256432,196.0395002967812,193.8426797830538,190.28118980434357,,,211.11382997588933,212.55213304889955,207.04159478493324,"rgba(0, 255, 255, 0.75)",13.488191188160632,212.967260099164,1.5014649790338364,61.46356568766903,15.21531723622229,True,False,True,False,False,10.655794332133166,0.0,0.0,0.0,0.0,0,1.0057004022047729,0.8073363042258352,False,False,False,False,0.342828252553876,0.29333133274442413,False,False,False,False,-226609,-293385.43391806073,False,False,False,False,29811.478563002227,False,False,False,False
2024-11-25 00:00:00+00:00,235.0882210669,240.6082616632,235.0400531734,235.0400531734,46948,,,,,,,,231.4179997060098,211.91656460159828,207.1773931646736,207.0430074066103,209.9524378386189,211.30108439543466,,,,,,232.34412661599603,217.31260698980398,209.6747428422316,206.10077599074023,208.77244148269392,210.20698006066004,213.4469229705707,213.8579679689754,214.49188980478067,210.29310604081766,206.2819490385687,205.60169599019272,205.030337412555,202.16326919541723,197.64897944237433,196.1390155588853,193.92693460124778,190.36244774396485,,,211.30108439543466,213.13474785215757,207.42534387502644,"rgba(0, 255, 255, 0.75)",13.806109405992459,213.47267154337086,1.565651038093833,62.96166031937814,15.21531723622229,True,False,True,False,True,11.391484878456374,0.0,0.0,0.0,0.0,0,0.995289177665294,0.7928467976964292,False,False,False,False,0.3428282527356712,0.31807979274004766,False,False,False,False,-179661,-288925.65219578386,False,False,False,False,30483.499011511944,False,False,False,False
2024-11-26 00:00:00+00:00,238.5948437145,239.4134088968,230.2521645585,233.9321916227,46869,,,,,,,,232.02204393152283,212.70451796238635,207.8667943311528,207.49250551659472,210.19054423520538,211.4793939833982,,,,,,233.34471771688285,218.1438985357632,210.4388056007988,206.73734244066102,209.07940207108314,210.40820866392846,213.58330310865605,213.9781894863812,214.59910017111298,210.39484128657963,206.38404857591308,205.70230241486897,205.1292835209425,202.2597581832148,197.74568304019255,196.2358798270418,194.009110688838,190.44185359938456,,,211.4793939833982,213.62596666004342,207.70087382956908,"rgba(0, 255, 255, 0.75)",14.192474063196693,213.8532947235868,1.7432865391011643,64.99908020152779,15.21531723622229,True,False,True,False,True,12.754090347040414,0.0,0.0,0.0,0.0,0,0.9709124814733536,0.8127447254432512,False,False,False,False,0.2933607851671607,0.30572028895360415,False,False,False,False,-132792,-282802.76387438056,False,False,False,False,31126.067677727162,False,False,False,False
2024-11-27 00:00:00+00:00,237.8723253118,241.7931918436,235.9841438862,240.357788617,40801,,,,,,,,232.68284019811816,213.41775515013916,208.49080720345796,207.9053745345041,210.4137006697833,211.64787193193854,,,,,,234.3274263576691,218.90127020584575,211.1293440725514,207.31458142956896,209.3649216043622,210.59741414830137,213.71354470460045,214.09333467705665,214.70216660599695,210.49118215137744,206.4796850488778,205.7964004617988,205.22171995862314,202.3493928994157,197.83485405786232,196.32500991922072,194.08455956944613,190.5144728181103,,,211.64787193193854,214.09305828132355,207.95784892726027,"rgba(0, 255, 255, 0.75)",14.512316305783267,214.21174403175388,1.63037938131332,65.88939032344243,10.620738151293125,True,False,True,False,True,12.360626878702242,0.0,0.0,0.0,0.0,0,0.9946745678862756,0.8072179016585415,False,False,False,False,0.34282825277526685,0.3242742708644355,False,False,False,False,-173593,-278520.02803616953,False,False,False,False,31505.47678840453,False,False,False,False
2024-11-29 00:00:00+00:00,237.9204932053,241.359680802,236.7162958676,239.8857432606,20415,,,,,,,,232.97125139032676,213.76162693028633,208.79476878906956,208.10862652501183,210.52449849177324,211.7317449404365,,,,,,234.70184954818725,219.26161517174032,211.46368278138436,207.59665396902167,209.50627393152936,210.69151995191285,213.77850402386798,214.15081449286416,214.75365258714936,210.53933735338262,206.52749584974433,205.84344631672596,205.2679391250633,202.3942188069179,197.87945139370458,196.3695875591826,194.12231285784935,190.55081325273898,,,211.7317449404365,214.3154195111507,208.07773160960926,"rgba(0, 255, 255, 0.75)",14.844937684795992,214.3798492967515,1.585769129408913,66.49896890982116,11.417754876270799,True,False,True,False,True,12.379726935969952,0.0,0.0,0.0,0.0,0,0.9959188497106534,0.825336196938498,False,False,False,False,0.3428282527806722,0.33355126182255385,False,False,False,False,-153178,-273604.6543876923,False,False,False,False,31070.556130035726,False,False,False,False
2024-12-02 00:00:00+00:00,239.3655300107,239.74123958,236.1479147242,238.0023786243,28534,,,,,,,,233.31510074294468,214.22223427073592,209.20606338385264,208.38598908119363,210.6765641144785,211.84703701641138,,,,,,235.10191876119836,219.73765389254643,211.913483763342,207.9794358452393,209.69991572934887,210.82084567974172,213.86783637310955,214.2298989720223,214.82450452044569,210.6057793164278,206.593571074438,205.90848332029037,205.3318492096287,202.45626092778667,197.94124509070963,196.43137325061025,194.17468120496122,190.60125382625762,,,211.84703701641138,214.60883143493615,208.23444393100579,"rgba(0, 255, 255, 0.75)",15.249958143185298,214.59982736251078,1.623984958886999,67.40909745539224,12.523349584669951,True,False,True,False,True,12.958838669572305,0.0,0.0,0.0,0.0,0,1.0051216462558803,0.826385086062172,False,False,False,False,0.32505696594039274,0.3293041138814733,False,False,False,False,-124644,-267763.06009797886,False,False,False,False,30971.08334062256,False,False,False,False
2024-12-03 00:00:00+00:00,237.3424784832,240.8394675521,234.2404661411,240.3674221957,23280,,,,,,,,233.51881208921836,214.5713000321041,209.52268598519566,208.60155177415714,210.79522644521572,211.93704889280292,,,,,,235.29344566233718,220.0901014344255,212.25681060181378,208.27529330867563,209.85086018999954,210.92188914666352,213.93745708223048,214.29153721219632,214.87969636478127,210.65792096837947,206.6456840909473,205.9598175755577,205.38232656767278,202.50539637408855,197.99034861668906,196.48051748128813,194.21640552332317,190.64151707546324,,,211.93704889280292,214.82443753644898,208.34872362647403,"rgba(38, 166, 154, 1.0)",15.589347512848779,214.75996315103504,1.448586306357749,66.46407484814668,12.523349584669951,True,False,True,False,True,11.811930147917614,0.0,0.0,0.0,0.0,0,0.9944582500342684,0.8245551324667172,False,False,False,False,0.31853130137561064,0.323917707628542,False,False,False,False,-147924,-263063.4891137444,False,False,False,False,30669.472229225597,False,False,False,False
2024-12-04 00:00:00+00:00,241.6968560566,243.5561367461,236.8029980759,236.8029980759,23062,,,,,,,240.68533029286667,233.850452334531,214.9539709597554,209.8646667422943,208.83537109607957,210.92577074055538,212.03673111893218,,,,,,235.69275859135954,220.48769691871215,212.63011524596308,208.59418102176272,210.01597798445982,211.03324846610965,214.01537668927253,214.36069026266225,214.94183978665052,210.71553674257174,206.7024953682882,206.0156718003619,205.43716314708,202.55839334001118,198.0428185918322,196.5328901423834,194.2607223897736,190.68406536740937,,240.68533029286667,212.03673111893218,218.73604189785922,208.48453565870355,"rgba(0, 255, 255, 0.75)",16.03700285978583,216.44927197061128,1.5743330787387482,67.45590631043882,12.94439391240148,True,False,True,False,True,13.57112883394894,-1.0,243.55614,236.803,0.0,0,1.0036427960250796,0.8188743928526122,False,False,False,False,0.34282825282084856,0.3333729802246953,False,False,False,False,-124862,-257643.82287398973,False,False,False,False,30371.13998494224,False,True,False,False
2024-12-05 00:00:00+00:00,238.5370422423,241.6968560566,238.5370422423,241.6968560566,25383,,,,,,,240.11159077579077,234.1286356523254,215.3450144792903,210.21942332140225,209.08010047563167,211.0629027411931,212.14148632509605,,,,,,235.98650994338502,220.88514681308064,213.01421702675637,208.92625426720878,210.18926506670033,211.15036500101093,214.097115403278,214.43323663385496,215.00699768593503,210.7763883344472,206.76279761855633,206.07500483585133,205.49545308555898,202.61488379159823,198.09894119515891,196.58896435049797,194.3082535678402,190.72978848632883,,240.11159077579077,212.14148632509605,218.86987911010422,208.61886572816934,"rgba(38, 166, 154, 1.0)",16.365581002971417,216.6058150367233,1.340082408415244,65.83024326361345,12.94439391240148,True,False,True,False,True,11.782092126890873,0.0,0.0,0.0,0.0,0,1.024524919784406,0.8204149211141651,False,False,False,False,0.34183010477097814,0.3376015424978367,False,False,False,False,-150245,-253432.10432991173,False,False,False,False,30175.52665219941,False,False,False,False
2024-12-06 00:00:00+00:00,236.5525250297,239.2402934875,235.5016942648,239.2402934875,21284,,,,,,,239.19177795681202,234.2446010716272,215.6307336377968,210.48573734527963,209.2658088791743,211.16692528571227,212.2207934927136,,,,,,236.05258787871728,221.16315169297565,213.29853470134364,209.1770782666374,210.32082662133502,211.23929016358716,214.15859188084724,214.48775261417572,215.05585668119937,210.82281977283137,206.80936597339547,206.12090756730825,205.5406154303314,202.65893548590904,198.14306446212248,196.63315243292956,194.34584309337643,190.76610995657683,,239.19177795681202,212.2207934927136,218.88662538130225,208.71080470419997,"rgba(38, 166, 154, 1.0)",16.61294953571978,216.68532078071092,1.1958866308642109,63.41363514507081,12.94439391240148,True,False,True,False,False,10.673073803929622,0.0,0.0,0.0,0.0,0,1.0131004789716067,0.8323106847604183,False,False,False,False,0.29866779958548684,0.31813467104166177,False,False,False,False,-171529,-250220.21788560148,False,False,False,False,29826.839332505315,False,False,False,False
2024-12-09 00:00:00+00:00,238.2673020386,240.5986280845,236.1286475668,238.2576684599,38745,,,,,,,238.88451109035904,234.51585342675727,216.1608347626594,210.97907433555872,209.6123286708723,211.3630732751055,212.37096998365482,,,,,,236.27510273069944,221.68282586649505,213.8251786153724,209.64206176953502,210.5679257158882,211.40725962079958,214.27563478078804,214.59169898353784,215.1491918516466,210.91087133646752,206.89720914178594,206.20743338140082,205.62569780699317,202.7416996325128,198.22566481289797,196.7157888396025,194.41607026928378,190.83383921919327,,238.88451109035904,212.37096998365482,219.126663649281,208.8883974652722,"rgba(38, 166, 154, 1.0)",16.895680604760766,216.91234591330743,1.2639299134996254,62.59304745447514,16.932913611393218,True,False,True,False,False,11.38981435294674,0.0,0.0,0.0,0.0,0,1.0104643348474698,0.8401550032292614,False,False,False,False,0.31413862867512343,0.3161366498583926,False,False,False,False,-132784,-245614.87600773477,False,False,False,False,30176.571123387457,False,False,False,False
2024-12-10 00:00:00+00:00,236.6873951315,238.1420655155,235.2616254836,236.0612125158,45940,,,,,,,238.2337090870141,234.67498037254046,216.71412329604414,211.5082102992657,209.9898575846229,211.57813168371734,212.53574005053034,,,,,,236.31888142482953,222.2030204126282,214.38182639041702,210.1441949606285,210.83840125680922,211.59181416191228,214.403622254532,214.70537466379025,215.25115943542204,211.00836664548498,206.99534966077604,206.30423721325693,205.72099656690847,202.83485283300874,198.31919166809547,196.80951581292484,194.49596030914947,190.91114144674174,,238.2337090870141,212.53574005053034,219.31925033910503,209.0687726176286,"rgba(38, 166, 154, 1.0)",17.162537784037184,217.1225615925112,1.1399732245417686,60.93170809950725,15.251603133797445,False,False,True,False,False,10.494235605007368,0.0,0.0,0.0,0.0,0,1.0160686746695646,0.8415305556723993,False,False,False,False,0.2883170256087415,0.30222683773356707,False,False,False,False,-178724,-242991.7043995883,False,False,False,False,30794.744804823244,False,False,False,False
2024-12-11 00:00:00+00:00,235.2712590623,239.2499270662,234.8570151781,238.4118057192,61647,,,,,,,237.72745943789727,234.83409466527272,217.403079670914,212.17858119415806,210.47586773692777,211.858370105162,212.75122928430187,,,,,,236.3360553422187,222.83639049479325,215.0800501770223,210.7836586329461,211.18941924429467,211.8329724821249,214.57128408469876,214.8544632950229,215.38498373181957,211.13684370847764,207.1249878831583,206.43216860995554,205.84698941259828,202.95818358369206,198.4432106868788,196.9338547542273,194.60209077765145,191.01392871560031,,237.72745943789727,212.75122928430187,219.60409744209053,209.2978630898434,"rgba(38, 166, 154, 1.0)",17.37922258114306,217.4023370186013,1.0281772939076683,58.839019930107426,13.199439725736845,False,False,True,False,False,9.691214406956693,0.0,0.0,0.0,0.0,0,1.023796724863105,0.8364621644194613,False,False,False,False,0.2937485482177065,0.29798769297563676,False,False,False,False,-240371,-242888.93167803582,False,False,False,False,32004.63716541841,False,False,False,False
2024-12-12 00:00:00+00:00,233.7780543634,237.73745521,233.5468484746,236.0034110436,24630,,,,,,,237.45048453488332,234.84051689592403,217.64530402959352,212.4211736770124,210.65461469473058,211.9621328752265,212.83108424103114,,,,,,236.2748208190325,223.04889276899215,215.32886929450586,211.01670729784195,211.31915628385104,211.9224680313436,214.63320395020656,214.90953094307105,215.43436223610243,211.18491697446487,207.17393973159196,206.48054412172104,205.89468732310178,203.0051005793616,198.4906686132274,196.98151429965844,194.64289124466524,191.05357011490335,,237.45048453488332,212.83108424103114,219.68647299262875,209.37754692375793,"rgba(38, 166, 154, 0.5)",17.524425681073804,217.49265859032772,0.9292969749451098,56.420773935160184,10.889733653642189,False,True,True,False,False,8.843889677147377,0.0,0.0,0.0,0.0,0,1.0145363504239986,0.8389946226866043,False,False,False,False,0.27204629522290985,0.2850169940992733,False,False,False,False,-265001,-243756.0716122305,False,False,False,False,31715.435707951023,False,False,False,False
2024-12-13 00:00:00+00:00,230.9168814889,234.47167203,230.2810652946,233.7154361019,34767,,,,,,,236.74865055876123,234.70387348801066,217.91649342825266,212.70872587967926,210.87068535561477,212.08735495817427,212.9270675460147,,,,,,236.00442088468407,223.2613153119381,215.6155174613698,211.2962200763661,211.47602728403595,212.03066283782283,214.70664768582358,214.97473104372045,215.49256780846753,211.2435770432059,207.23501082388123,206.5410910785242,205.95454240048986,203.06464033536824,198.55172598512655,197.04306595105146,194.6958891064224,191.10542933352826,,236.74865055876123,212.9270675460147,219.70897874492965,209.46072680287924,"rgba(38, 166, 154, 0.5)",17.555264664508687,217.56157765289518,0.7607577607761797,52.98867231455992,7.694877677892848,False,True,False,False,False,7.235215713449083,0.0,0.0,0.0,0.0,0,1.007198847738365,0.8483541191454006,False,False,False,False,0.22273615440068564,0.25387657424997945,False,False,False,False,-299768,-245952.61782351558,False,False,False,False,31835.104895874512,False,False,False,False
2024-12-16 00:00:00+00:00,229.3273410031,231.3359421625,229.2213716374,230.9168814889,26117,,,,,,,236.160874173186,234.54444436986938,218.0863261356775,212.8980491565019,211.01550018485213,212.1713319388589,212.9912691011838,,,,,,235.7368889825996,223.38010469873382,215.79965402607306,211.482111023067,211.58132047395878,212.10335347871413,214.755263445598,215.0178349400218,215.53091158310454,211.28332912449932,207.27711670026733,206.58293900385607,205.99599498997088,203.1062241785659,198.59480121320516,197.08661025354607,194.73354313310597,191.1424616581202,,236.160874173186,212.9912691011838,219.69539929430422,209.51058127261152,"rgba(38, 166, 154, 0.5)",17.59109170956725,217.59160322188262,0.6671409583314648,49.76655281861689,4.775294133221188,False,True,False,True,False,6.350390123834732,0.0,0.0,0.0,0.0,0,0.9991611335591704,0.8733262584559283,False,False,False,False,0.19162974301230865,0.22275315863114403,False,False,False,False,-325885,-249087.2210461228,False,False,False,False,31610.86548819316,False,False,False,False
2024-12-17 00:00:00+00:00,225.0018641659,228.7878605958,223.9807048234,226.5625039156,37611,,,,,,,235.02568945795807,234.1463449473107,218.24229293800474,213.1006857725541,211.17659412729537,212.26375221255682,213.06108109040295,,,,,,235.1487203975864,223.44342455146946,215.98338822932428,211.68630264179038,211.6980085991759,212.18356783814193,214.80628506954082,215.0628185959569,215.57042248161514,211.32796785613638,207.32673453770886,206.63257794980126,206.0454236729765,203.15691289446772,198.64866729344462,197.1414385337787,194.78142798495097,191.19013325472372,,235.02568945795807,213.06108109040295,219.57377722086895,209.54634568792164,#000000,17.60563391014349,217.56755949824574,0.42226850254854975,45.39647585975248,0.8403529616838128,False,True,False,True,False,3.9903984865398137,0.0,0.0,0.0,0.0,0,0.9955028373966628,0.8801251261580118,False,False,False,False,0.13479335563105796,0.17877325713110098,False,False,False,False,-363496,-253573.8398286278,False,False,False,False,31846.164880813038,False,False,False,False
2024-12-18 00:00:00+00:00,212.8250206864,227.4680603136,211.9676321819,227.1597857951,48449,,,,,,,232.82525211123072,233.20725836327486,218.2217457775197,213.18554858391153,211.26231073744825,212.30800871187574,213.09118481154775,,,,,,233.87807471453402,223.2562627896855,216.01621214927604,211.78887099897707,211.75735842662544,212.22243030207053,214.82157797287894,215.07527833057605,215.57943758548436,211.35180273983832,207.36121471654945,206.66812615758238,206.08165259614915,203.1976131959151,198.6962080458254,197.19098427761813,194.82611169085123,191.23636297856748,,232.82525211123072,213.09118481154775,219.15732987097266,209.50030998161137,#000000,17.49726366110915,217.36512548685943,-0.25947513213455425,38.53991658702033,-5.293867549952758,False,True,False,True,False,0.0,0.0,0.0,0.0,0.0,0,0.9614873289299664,0.8855945911079348,False,False,False,False,0.0326953459591715,0.10573430154513624,False,False,False,False,-411945,-259784.4735608385,False,False,False,False,32497.25645411449,False,False,False,False
2024-12-19 00:00:00+00:00,209.896412761,219.0434957386,208.8848869973,215.9173994498,67717,,,,,,,229.81871276366002,231.70840163356436,218.03225731542577,213.17012035749684,211.2876512642805,212.31156788986647,213.08656809047713,,,,,,231.94135384113324,222.8130546451176,215.91076499582746,211.80885772710337,211.769517443546,212.22639133022858,214.80362604728867,215.05718744266684,215.55933578882585,211.35863599989392,207.38614843509362,206.69535971002227,206.11057822405803,203.23499676810508,198.74528019601829,197.24345345471306,194.87503281092077,191.28888105674207,,229.81871276366002,213.08656809047713,218.4878970449673,209.3793586620725,#000000,17.34130400972633,217.002618255698,-0.40978495565917644,33.3179135121036,-9.750363336283016,False,True,False,True,False,0.0,0.0,0.0,0.0,0.0,0,0.9475310686723902,0.9250618285650748,False,False,False,False,-0.050963085967771944,0.02738560778868215,False,False,False,False,-479662,-268407.1216564919,False,False,False,False,33878.42286767863,False,False,False,False
2024-12-20 00:00:00+00:00,212.902089316,215.4838884082,206.8136675763,206.8136675763,196396,,,,,,,224.3688772457613,228.22756090527326,217.47056697085003,213.06675657878182,211.31072091144387,212.29234558520295,213.05005679353906,,,,,211.73321510016663,227.71963292486896,221.61958452537758,215.56675072239514,211.80386008553637,211.7680728336896,212.21213192263298,214.73305901882028,214.98796592920203,215.48570466282445,211.36445248022503,207.445244496975,206.76146735733593,206.18193302294978,203.33179087762517,198.87680221758032,197.38507424968088,195.0084790195172,191.4335546769147,,224.3688772457613,213.05005679353906,217.11241214155032,209.2325671644378,#000000,17.171494854582626,216.13016042133586,-0.18799010410409137,31.93339940893446,-10.680446845770057,False,True,False,True,False,0.0,0.0,0.0,0.0,0.0,0,0.9459290207396408,0.9380038636636333,False,False,False,False,-0.11874870232360678,-0.04568154726746231,False,False,False,False,-283266,-268989.822768002,False,False,False,False,40251.66118659319,False,False,False,False
2024-12-23 00:00:00+00:00,212.3048074365,212.3048074365,209.7519090805,210.7634348442,30698,,,,,,,223.7879290492512,227.78279737164542,217.3878587458584,213.048822737756,211.3118698834087,212.2880120233539,213.04335397277168,,,,,211.69545004970266,227.2052803878034,221.4512615229632,215.51448378986328,211.80028237417562,211.76613038241481,212.20872035366978,214.72132097678892,214.97649940940556,215.4736131227346,211.36466891380363,207.45374432631013,206.77107211035673,206.1923698338393,203.3462250428912,198.89667814277567,197.40653457473974,195.02880162399993,191.45567462015788,,223.7879290492512,213.04335397277168,216.95009196914936,209.1962532399156,#000000,16.909026253254403,216.0307794510997,-0.2203540262339225,30.84010832106827,-11.57222447918192,False,True,False,True,False,0.0,0.0,0.0,0.0,0.0,0,0.947691236614364,0.9536475606248419,False,False,False,False,-0.14757758700717025,-0.09662956713731628,False,False,False,False,-313964,-270753.5159927862,False,False,False,False,39877.0078067268,False,False,False,False
2024-12-24 00:00:00+00:00,215.3104839916,215.3104839916,211.5341211403,211.5341211403,14165,,,,,,,223.5899509297012,227.61682711162854,217.3668308345687,213.0539418185165,211.32198175657848,212.2922079957443,213.04530399663238,,,,,211.83379195276433,227.016113475729,221.39515523998776,215.5059561986621,211.81085133506028,211.77263113515139,212.2125384247163,214.72021677975664,214.97511693911858,215.47164815280178,211.36766762754993,207.46019356968756,206.77794214149878,206.1995427417076,203.3549967130059,198.90772135260679,197.41824221042074,195.03964267652947,191.46718874253645,,223.5899509297012,213.04530399663238,216.8981492061957,209.19511354785746,#000000,16.629002724732686,216.00743809736247,-0.04191196052460062,32.213344218731905,-11.57222447918192,False,True,False,True,False,0.0,0.0,0.0,0.0,0.0,0,0.9523163807698555,0.9581878342204154,False,False,False,False,-0.11785499885680664,-0.10724228299706146,False,False,False,False,-299799,-271892.55458130443,False,False,False,False,38868.693775090454,False,False,False,False
2024-12-26 00:00:00+00:00,217.333535519,218.2101911809,214.2122560195,214.2122560195,36896,,,,,,,223.2376126652212,227.2801142197645,217.35420761171727,213.1002777043416,211.37209795430618,212.3186481800068,213.0630466510092,,,,,212.46406161625816,226.6394880871812,221.30200075032965,215.52210103592955,211.86852628357784,211.8080239765817,212.23600816751252,214.72819344107685,214.98136239581885,215.47564248514072,211.38279072592502,207.4833673694767,206.80198797981143,206.2241736683542,203.3831730165293,198.94121030048322,197.4532935829844,195.07157817181513,191.50048327902954,,223.2376126652212,213.0630466510092,216.8180007123381,209.22460349125348,#000000,16.317228905282125,215.99588001052084,0.08197810524348008,34.46048256017918,-11.57222447918192,False,True,False,True,True,0.2642445412684964,0.0,0.0,0.0,0.0,0,0.9394570615110746,0.9741422405766283,False,False,False,False,-0.07080689318584235,-0.0890245880914519,False,False,False,False,-262903,-271540.0230290964,False,False,False,False,38791.33323489083,False,False,False,False
2024-12-27 00:00:00+00:00,214.7517364268,215.6765599822,212.6997841633,215.522422723,24712,,,,,,,222.94879438385124,227.02159540080146,217.32233292504267,213.11139159719414,211.3911338617832,212.32709992864514,213.06743947473612,,,,,212.6200656874839,226.34991619035958,221.2133083628769,215.51073327590782,211.88865107971858,211.82061083030135,212.24367361572718,214.72718754984197,214.9797939138382,215.47300729779863,211.38859024944892,207.49507139758387,206.81440536699532,206.2371018393341,203.39883091015344,198.96076978609736,197.47399578096443,195.09072374755067,191.52077412501896,,222.94879438385124,213.06743947473612,216.74139822457914,209.22143215826318,#000000,15.968833860818314,215.95890521476653,-0.0755953001006848,34.927817991599014,-11.57222447918192,False,True,False,True,True,0.0,0.0,0.0,0.0,0.0,0,0.9163911715421652,0.9912538412478334,False,False,False,False,-0.10489199289295248,-0.0969582904922022,False,False,False,False,-287615,-272170.4142828574,False,False,False,False,38239.20251979707,False,False,False,False
2024-12-30 00:00:00+00:00,212.5649140615,214.6770761919,211.2306634112,212.9117228947,46402,,,,,,,222.3649162616655,226.50688329822907,217.23371676793798,213.10676962108377,211.4079856969266,212.3309051808384,213.06592103796643,,,,,212.64718825037275,225.77567950291748,221.01632483412772,215.46161240341695,211.90254094320005,211.82976324025552,212.24755219708663,214.71703580898335,214.96935710690516,215.4611414999337,211.39379433935753,207.51200902124418,206.83284946933384,206.25665934634813,203.42397239276187,198.9936794804284,197.5091755476101,195.1236867020985,191.5561970657967,,222.3649162616655,213.06592103796643,216.57387112352112,209.19106416590412,#000000,15.668279814819998,215.85876051449333,-0.21022387217503086,34.41612541815401,-11.57222447918192,False,True,False,True,True,0.0,0.0,0.0,0.0,0.0,0,0.903522026583601,0.9969701189215227,False,False,False,False,-0.12580283054982325,-0.11138056052101272,False,False,False,False,-334017,-274595.77058549045,False,False,False,False,38559.31222490307,False,False,False,False
2024-12-31 00:00:00+00:00,212.4974790105,214.9973926837,210.9657399969,213.5282719317,15568,,,,,,,222.18374816249252,226.34240830792214,217.204736540762,213.10523052907473,211.4135353196021,212.33215855370327,213.06540744688772,,,,,212.65457102017737,225.59373525035943,220.95226119748858,215.4455077110824,211.90708919635478,211.83278437149707,212.24883291023505,214.71364692248727,214.96587162447983,215.45717824924816,211.39552700786865,207.51766327048335,206.8390080515736,206.26319095783015,203.43237381937143,199.00468260392196,197.5209392754998,195.13471592683516,191.5680529463214,,222.18374816249252,213.06540744688772,216.52103212292064,209.18145433226925,#000000,15.482193403866495,215.8269057494481,-0.21504877584829818,34.049055561621074,-11.57222447918192,False,True,False,True,True,0.0,0.0,0.0,0.0,0.0,0,0.9068031730407099,0.999985855737317,False,False,False,False,-0.1253324770468642,-0.11835651878393846,False,False,False,False,-349585,-277536.5246801771,False,False,False,False,37657.69213765197,False,False,False,False
2025-01-02 00:00:00+00:00,211.1776787284,215.7536286119,209.2605965666,215.7536286119,51139,,,,,,,221.58980943985682,225.80017281424622,217.0961947454022,213.0871785520673,211.42182452899493,212.32992070826282,213.05857848837258,,,,,212.5819638278493,224.9971010621825,220.72976072515516,215.37911220324176,211.9096024204725,211.83507781294037,212.24748470379933,214.69818727763143,214.95049395928527,215.44053309049448,211.39818359612374,207.53351545362383,206.8566028063997,206.28209132046675,203.45765143194754,199.03873188718148,197.55755099906156,195.16930398262616,191.6055226920712,,221.58980943985682,213.05857848837258,216.340525611029,209.1404458553976,#000000,15.330508006508097,215.7113076168245,-0.2957259398383865,33.27378141566571,-11.57222447918192,False,True,False,True,True,0.0,0.0,0.0,0.0,0.0,0,0.9198723700815328,0.9932813636682678,False,False,False,False,-0.13339764041021088,-0.12587707959707467,False,False,False,False,-400724,-282367.4060652682,False,False,False,False,38186.37087735189,False,False,False,False
2025-01-03 00:00:00+00:00,212.0350672328,212.0350672328,207.9167123377,211.2162130432,33697,,,,,,,221.18294235539184,225.430618938039,217.00791062636438,213.05979034490537,211.41549939152804,212.3208017308502,213.0478592922585,,,,,212.43810927236098,224.59233003288855,220.56639270552532,215.31886587102457,211.89657304717164,211.82746119333783,212.2399034059023,214.68273047238696,214.93557258525274,215.4251379521272,211.39626146085055,207.5406875491553,206.8650285623844,206.29147524711914,203.4715272482249,199.05866710044612,197.57925364132697,195.19013344309155,191.62845135068028,,221.18294235539184,213.0478592922585,216.20934609704818,209.10234537585566,#000000,15.176206675814166,215.62084284545296,-0.23627614523512572,33.508298301541494,-11.57222447918192,False,True,False,True,True,0.0,0.0,0.0,0.0,0.0,0,0.9231317188290807,0.9838804635262873,False,False,False,False,-0.1767452017021975,-0.15131114064963608,False,False,False,False,-367027,-285687.3901411401,False,False,False,False,38010.317117455736,False,False,False,False
2025-01-06 00:00:00+00:00,209.4051002472,214.1448209686,208.8367191038,212.3818760661,22780,,,,,,,220.92790506699362,225.1930110293092,216.95081316828637,213.04263289908147,211.41202882046653,212.31518418402786,213.04106879599726,,,,,212.35891076217928,224.33389850885757,220.46036907033942,215.2801431172586,211.888852471546,211.82295049715916,212.23524868234648,214.67269232920023,214.92585680386682,215.41507617089744,211.39520262431313,207.54572365761172,206.8709026366979,206.29798899274527,203.4810506849845,199.07225943249168,197.5940335139197,195.20430398063482,191.6440287616667,,220.92790506699362,213.04106879599726,216.12609199488034,209.0789206683535,#000000,15.024409958782023,215.56379128035474,-0.40991233932317356,32.529462266538005,-11.82982464519798,False,True,False,True,True,0.0,0.0,0.0,0.0,0.0,0,0.9508397489685306,0.971627773201782,False,False,False,False,-0.17070589415501325,-0.16100851740232466,False,False,False,False,-389807,-289770.5120963895,False,False,False,False,37413.049779516296,False,False,False,False
2025-01-07 00:00:00+00:00,206.6017288449,208.8656198399,203.8850596509,208.8656198399,45133,,,,,,,220.25633600752263,224.60892418883444,216.76303162040054,212.94513296091284,211.35760593537955,212.27270174891544,213.00193699438262,,,,,211.84372944424487,223.69397893541216,220.1655212612269,215.1328869532924,211.8143374936534,211.77682475879445,212.19854940178797,214.63084053203033,214.88663360323648,215.37664162516572,211.3779957999071,207.5423774199331,206.86966241701472,206.29842559496618,203.4886817909543,199.08915050030694,197.61361364792964,195.2245010446572,191.667832280667,,220.25633600752263,213.00193699438262,215.8865242080497,208.9837991844832,"rgba(239, 83, 80, 0.5)",14.949189830172864,215.38036386719847,-0.5872314902697939,30.805229101806354,-13.830114594808784,False,True,False,True,True,0.0,0.0,0.0,0.0,0.0,0,0.9246849761816284,0.9911373951903052,False,False,False,False,-0.34282825441539394,-0.2519183859088593,False,False,False,False,-434940,-295463.43319064874,False,False,False,False,37715.79292541761,False,False,False,False
2025-01-08 00:00:00+00:00,206.7076982106,207.6421553447,203.9717618592,203.9717618592,38347,,,,,,,219.71981393763411,224.13166305776895,216.6035399333667,212.86026647503294,211.30912252196487,212.2349855791287,212.9673274447623,,,,,211.44803698208634,223.175060803669,219.91855002473991,215.00677637982304,211.74865818475803,211.73576373550037,212.16588976693458,214.59413510480596,214.85224618287873,215.34299682297274,211.36245698593174,207.53866045012472,206.8677547138311,206.29796252994947,203.49438624107498,199.1027742457004,197.6295377112577,195.24108097705616,191.687528072401,,219.71981393763411,212.9673274447623,215.68953127852268,208.90580294292087,"rgba(239, 83, 80, 0.5)",14.832163153707238,215.22967378875632,-0.5745605337429344,29.76116328375606,-15.127899259281655,False,True,False,True,False,0.0,0.0,0.0,0.0,0.0,0,0.9198600865166996,1.0244741755802196,False,False,False,False,-0.34282825441539394,-0.2973733201621266,False,False,False,False,-396593,-299429.29855572135,False,False,False,False,37740.54614402869,False,False,False,False
2025-01-10 00:00:00+00:00,196.9103486706,201.3417948735,195.4219607611,201.3417948735,30942,,,,,,,219.0717633967688,223.59662711651902,216.38024522239485,212.71184698590253,211.20988552749117,212.16453301711914,212.90651044255912,,,,,210.73328435419134,222.58709579051802,219.61067390828774,214.8159639002242,211.6211636151502,211.65533035775445,212.10440013367023,214.53629828760077,214.79881088095226,215.29203469894878,211.33048792244642,207.5185417096986,206.8496689056996,206.28156807730673,203.4845544280206,199.10087969253684,197.62993320814277,195.24433501260717,191.69434870970207,,219.0717633967688,212.90651044255912,215.43448738696492,208.78365124176094,"rgba(239, 83, 80, 1.0)",14.85916225025247,215.0207593859679,-1.2188042912755852,26.234253078056593,-18.679064409437462,False,True,False,True,False,0.0,0.0,0.0,0.0,0.0,0,0.876883069463315,1.0399792356551034,False,False,False,False,-0.34282825441539394,-0.32010078728876024,False,False,False,False,-427535,-304453.0515535362,False,False,False,False,37473.93649132168,False,False,False,False
2025-01-13 00:00:00+00:00,197.7677371751,197.7677371751,193.9239392729,193.9239392729,28294,,,,,,,218.47483138217262,223.10041266413435,216.16550960756015,212.56605892182154,211.1109798969549,212.09443105036488,212.84616268622833,,,,196.4864712077,210.0780183522198,222.04363329875378,219.3188544320697,214.6309897975632,211.49489528451548,211.5751699238164,212.04312243856663,214.47932621615527,214.74620668529045,215.24195223005907,211.29834516083076,207.49754404720113,206.8306109323433,206.2641316403462,203.47334353113217,199.09714619559088,197.6283559918045,195.24572803221392,191.69916155444454,,218.47483138217262,212.84616268622833,215.19405517274814,208.05865034763087,"rgba(239, 83, 80, 1.0)",14.880871309380353,213.87842195361677,-1.082643915370815,24.656010144802277,-20.283927546140433,False,True,False,True,False,0.0,0.0,0.0,0.0,0.0,0,0.850393107188067,1.0524961899801273,False,False,False,False,-0.34282825441539394,-0.3314645208520771,False,False,False,False,-399241,-308170.22600241716,False,False,False,False,37113.93898185808,False,False,False,False
2025-01-14 00:00:00+00:00,200.1375975358,201.4862985541,198.0182102213,198.0182102213,20792,,,,,,,218.1205708391778,222.792240392265,216.03735324723067,212.48284927672574,211.05581455660905,212.05443073970682,212.81124017607925,,,,197.92421004953525,209.74462904149394,221.70962830083263,219.14024866358716,214.5224087312992,211.42412395987085,211.52993162548952,212.00815606996804,214.44554333877807,214.7148924137887,215.21194825798,211.28020589867347,207.48690546454452,206.82123148075166,206.25579219335808,203.46911912095442,199.0979676032536,197.63063668356284,195.24954465707998,191.7051953492925,,218.1205708391778,212.81124017607925,215.05064274682778,208.06861594520473,"rgba(239, 83, 80, 0.5)",14.78836228957768,213.83685360267776,-0.9263538313862183,25.703575489271746,-20.283927546140433,False,True,False,True,False,0.0,0.0,0.0,0.0,0.0,0,0.861533879261171,1.048387847854125,False,False,False,False,-0.27885480999605383,-0.3051596654240655,False,False,False,False,-378449,-310926.2563552636,False,False,False,False,36473.862943353844,False,False,False,False
2025-01-15 00:00:00+00:00,202.2377176928,207.1219420948,199.7907887025,203.2974113501,42921,,,,,,,217.55028503004095,222.26578087354423,215.8297433033185,212.35682932161097,210.97544989859534,211.9939647077048,212.75726658225273,,,,200.3154460099704,209.32138353411256,221.14664713866472,218.84073793752546,214.35068660310338,211.32009730977876,211.46275320420702,211.9553059905759,214.3913659691444,214.6643882745752,215.16310821982907,211.25330309362772,207.47414996246445,206.8107546569047,206.24717030862644,203.46810461308968,199.10650175657744,197.64194136756254,195.26278186557963,191.72244066286189,,217.55028503004095,212.75726658225273,214.81847424529536,208.09595342393908,"rgba(239, 83, 80, 0.5)",14.711213512994146,213.77822434762726,-0.7844700673152311,28.14794211791581,-20.283927546140433,False,True,False,True,True,0.0,0.0,0.0,0.0,0.0,0,0.8807364254333137,1.0234861038957739,False,False,False,False,-0.220192400302637,-0.2626760328633512,False,False,False,False,-335528,-311891.0306158415,False,False,False,False,36726.69184753605,False,False,False,False
2025-01-16 00:00:00+00:00,203.2588770353,203.6923880768,201.3128941374,202.815732415,22786,,,,,,,217.25890566713036,221.99341931597135,215.7197153255194,212.2892056339974,210.93187182574056,211.96114371971288,212.72799010337786,,,,200.79963312448538,209.10813738210248,220.85670008216127,218.6833288595322,214.2592657945686,211.2639792033704,211.42628278577376,211.92657901463807,214.362069188703,214.63707632864757,215.1367104695041,211.2385804248428,207.46695783291247,206.8047812301221,206.2421906914391,203.46718873618784,199.11067914621944,197.64759689021656,195.26952511913353,191.73133639142597,,217.25890566713036,212.72799010337786,214.69746451306426,208.0719299347993,"rgba(239, 83, 80, 0.5)",14.637289183091477,213.7094610678035,-0.7139699094403124,30.611283165275324,-24.469261776854008,False,True,False,True,True,0.0,0.0,0.0,0.0,0.0,0,0.888390448315753,1.0173199529123176,False,False,False,False,-0.23513953110149366,-0.24890778198242244,False,False,False,False,-312742,-311924.4019642399,False,False,False,False,36179.99804959346,False,False,False,False
2025-01-17 00:00:00+00:00,202.3822213734,207.988964178,200.1857654293,204.4823415304,33750,,,,,,,216.86947498972603,221.61917621854693,215.56951443363187,212.198665386612,210.87412154087608,211.91695663743138,212.68823910827834,,,,201.4174884295586,208.85163844121027,220.46109249514956,218.46667765777207,214.13529555347333,211.1895421510414,211.37753344466617,211.88787570895028,214.3217850445934,214.59943921849404,215.1002172616065,211.21882313553093,207.45806646200433,206.7976293203339,206.23645169679818,203.46728704241553,199.11814304135447,197.65720086881961,195.28050829287255,191.7453978612809,,216.86947498972603,212.68823910827834,214.5337354735861,208.0394046563963,"rgba(239, 83, 80, 0.5)",14.598978134632274,213.61574269104668,-0.7694731243550583,31.84989189433471,-23.246160914494038,False,True,False,True,True,0.0,0.0,0.0,0.0,0.0,0,0.8970032101841583,0.9967692362192773,False,False,False,False,-0.21035648826468206,-0.22963213512355224,False,False,False,False,-346492,-313279.9940440736,False,False,False,False,36084.704008432935,False,False,False,False
2025-01-21 00:00:00+00:00,202.9698696742,204.7520817341,202.0113285933,203.268510614,37473,,,,,,,216.45378246325527,221.21498317881623,215.4033166414057,212.0971914052819,210.808691365203,211.8668476470402,212.6431936719911,,,,201.78552589181527,208.5797772773366,220.03568929086444,218.22897944736542,213.9974862636673,211.10565353866446,211.3222393127757,211.84392216296615,214.27627844742958,214.55691963626344,215.05901186999716,211.19622654730068,207.44755624001505,206.7890629353858,206.2294669600384,203.4668183832417,199.1258855559671,197.66732979411313,195.29226355654208,191.76060804986807,,216.45378246325527,212.6431936719911,214.35542948185622,207.98833505808088,"rgba(239, 83, 80, 0.5)",14.480317696085562,213.49812525704607,-0.7270735217150764,33.21213101555951,-21.866654049445103,False,True,False,True,True,0.0,0.0,0.0,0.0,0.0,0,0.9029491463806386,1.018594283830811,False,False,False,False,-0.22135893494301162,-0.22549553503328193,False,False,False,False,-309019,-313112.8962384237,False,False,False,False,36139.14698849439,False,False,False,False
2025-01-22 00:00:00+00:00,201.4188635032,202.3051527437,199.9641931191,201.6982372855,56802,,,,,,,215.7808292239975,220.57009477484172,215.11940532153426,211.913657869797,210.6857663624095,211.77449162121056,212.56126238423045,,,,201.6554330421458,208.07655987912855,219.3567497375544,217.8359089394673,213.75719626058503,210.95007691920105,211.2192888613259,211.7627293586685,214.1955375006122,214.48169888709373,214.98653547121882,211.15359946963738,207.42413434046563,206.76881938073325,206.21183618281367,203.45970896846578,199.13185152198008,197.67709144726916,195.3055178742426,191.77955517928925,,215.7808292239975,212.56126238423045,214.05792965114588,207.85949146109493,"rgba(239, 83, 80, 0.5)",14.377714182518634,213.26058421530314,-0.8236163663971768,33.32457485004871,-21.610511682813105,False,True,False,True,True,0.0,0.0,0.0,0.0,0.0,0,0.8671415062074992,1.0609550566933093,False,False,False,False,-0.2567622466866469,-0.24112889085996442,False,False,False,False,-365821,-315179.880699662,False,False,False,False,36949.4549497299,False,False,False,False
2025-01-23 00:00:00+00:00,202.7097630492,203.6827544981,199.5306820775,199.5306820775,19634,,,,,,,215.57305747796687,220.36497465003924,215.02901908627263,211.85597516660096,210.64729688084984,211.74516906404,212.5350590793821,,,,201.67929490943945,207.93549547222477,219.14251209900306,217.71014250028222,213.6810431678666,210.90146908194563,211.1868075660766,211.73691720759342,214.16945098287388,214.45734598739534,214.9630069598471,211.14004953475077,207.4170480960737,206.76279276512085,206.20667778009104,203.45807940034825,199.13463547627654,197.68115823036428,195.31066000732685,191.78660169129984,,215.57305747796687,212.5350590793821,213.96436448645025,207.82305944580997,"rgba(239, 83, 80, 0.5)",14.240996575551002,213.1896270175851,-0.7358940024167252,34.669383391539924,-20.140894135434174,False,True,False,True,True,0.0,0.0,0.0,0.0,0.0,0,0.8628226014367605,1.0423183604213293,False,False,False,False,-0.24927527394812307,-0.24520208240404373,False,False,False,False,-346187,-316395.8461624204,False,False,False,False,36270.41750072089,False,False,False,False
2025-01-24 00:00:00+00:00,201.1876576143,202.6772015532,200.1279639571,201.0816882486,53675,,,,,,,215.01028400380213,219.80780507972057,214.77627763630366,211.6915977348898,210.5361677787679,211.66067540455848,212.45975802397194,,,,201.6201481302657,207.54291665283415,218.56193373085878,217.36263597201744,213.46662251787802,210.7618464768154,211.0930431077208,211.66243679281735,214.09496827400272,214.38784505589857,214.8959522490648,211.10062413208684,207.3954903880854,206.74419080142383,206.19050544727025,203.45171856640624,199.14050021989365,197.69057631628974,195.32332356748137,191.80460212118808,,215.01028400380213,212.45975802397194,213.7060808088592,207.71459402601494,"rgba(239, 83, 80, 0.5)",14.200934802837448,212.98643731234637,-0.8308452832055028,34.704047248557046,-19.88882719221939,False,True,False,True,True,0.0,0.0,0.0,0.0,0.0,0,0.8648098915482109,1.0464098372387116,False,False,False,False,-0.2525096018666404,-0.24885584213534206,False,False,False,False,-399862,-319669.0286658549,False,False,False,False,36952.95014775144,False,False,False,False
2025-01-27 00:00:00+00:00,202.5170914752,204.4919751091,199.3283769248,199.3283769248,24601,,,,,,,214.78084859374053,219.57353984828987,214.67008259483185,211.6235165379442,210.49036448052604,211.625301172146,212.4279823749587,,,,201.65569520917649,207.39889583431523,218.31980263000895,217.21576956637128,213.37698520229824,210.70439641121496,211.054054467868,211.6312106062591,214.06319110127455,214.35812789869627,214.8671968693529,211.08409698184434,207.38692749379874,206.73693221953272,206.1843152683072,203.44988556932253,199.14413310615663,197.6957999460766,195.32986265502305,191.81350461708217,,214.78084859374053,212.4279823749587,213.59880508606244,207.67353918269896,"rgba(239, 83, 80, 0.5)",14.087473893605056,212.9055946044824,-0.7374283855104922,36.08275203777153,-18.34646025778062,False,True,False,True,True,0.0,0.0,0.0,0.0,0.0,0,0.8524501227996676,1.071536111819061,False,False,False,False,-0.24447668831446098,-0.24666626522490154,False,False,False,False,-375261,-321849.10597307625,False,False,False,False,36468.55994587884,False,False,False,False
2025-01-28 00:00:00+00:00,204.4245400582,207.3916822984,200.937184568,200.937184568,56075,,,,,,,214.37053494232603,219.12471054167696,214.47466763901232,211.50598707037355,210.41398223365607,211.56355029777163,212.37114403830938,,,,202.02247500228393,207.21945637057786,217.8630970093443,216.93728912616984,213.2156687208266,210.6081518648242,210.9873937763477,211.57661344348992,214.00423517568987,214.30266258811912,214.81304303774334,211.05557780070794,207.37538495300748,206.72808424280203,206.1776496247693,203.4523775003918,199.15832302783085,197.71340375409196,195.34940569844827,191.83794131631555,,214.37053494232603,212.37114403830938,213.40351096616087,207.6199117016891,"rgba(239, 83, 80, 0.5)",13.90582068441993,212.77682449786047,-0.6006322553129404,38.82825917320744,-15.593057441237711,False,True,False,True,True,0.0,0.0,0.0,0.0,0.0,0,0.8599762761705853,1.0541943767515962,False,False,False,False,-0.20915793598799357,-0.22791210060644757,False,False,False,False,-319186,-321744.6704447203,False,False,False,False,37237.43994800124,False,False,False,False
2025-01-29 00:00:00+00:00,201.2165583504,205.0459058845,198.480621999,203.7983574426,54727,,,,,,,213.90196387910683,218.63710811344546,214.2428940107498,211.35393404912477,210.30969248102036,211.48262805023586,212.29843680337703,,,,201.96897018678453,206.92229463822383,217.36308620751856,216.621976045549,213.0183527584903,210.47864201488775,210.89829019345785,211.50496190968772,213.9318092207807,214.23488986447575,214.74749384802692,211.01714044341227,207.35464372958404,206.710266054746,206.1622332622161,203.4467146013112,199.1648749820385,197.72351376601193,195.362700179626,191.85658801135332,,213.90196387910683,212.29843680337703,213.17523676958004,207.5244720959091,"rgba(239, 83, 80, 0.5)",13.817883880571335,212.59701779877037,-0.8236036390761607,38.558270260575085,-15.593057441237711,False,True,False,True,True,0.0,0.0,0.0,0.0,0.0,0,0.855692982958368,1.0695986016487415,False,False,False,False,-0.24679842170347285,-0.2373552611549602,False,False,False,False,-373913,-323790.4872900254,False,False,False,False,37923.30504807963,False,False,False,False
2025-01-30 00:00:00+00:00,203.4708157667,206.0285309121,201.2165583504,204.0006625953,32135,,,,,,,213.68441610603335,218.39519219440896,214.13143703731276,211.28455266657022,210.26330240666206,211.44515192166665,212.2640452520554,,,,202.0754743699529,206.82172601351587,217.1188081416383,216.46650874779274,212.92521021386594,210.42094467875066,210.8577648189558,211.47171074360423,213.8964660002461,214.2016385742379,214.71508045251574,210.99944697213914,207.3467097141099,206.70389965977128,206.15714218545608,203.4469367687719,199.17186229178193,197.73247688166052,195.37297105888135,191.8697387620554,,213.68441610603335,212.2640452520554,213.0668710835299,207.4886258524852,"rgba(239, 83, 80, 0.5)",13.683080361590406,212.51972565898797,-0.6613211099518956,40.42396870205226,-13.853677788400724,False,True,False,True,True,0.0,0.0,0.0,0.0,0.0,0,0.864882276051751,1.0536552813991145,False,False,False,False,-0.21759803090637747,-0.22747664603066883,False,False,False,False,-341778,-324495.8799453185,False,False,False,False,37696.31269325298,False,False,False,False
2025-01-31 00:00:00+00:00,194.3574503145,202.0538105024,190.1185094521,202.0538105024,67185,,,,,,,212.9179413587929,217.65183025927695,213.73348348041424,210.99589303231306,210.05394403037607,211.28886811231814,212.12712579475726,,,,201.2747000386993,206.15374081758205,216.34716029508118,215.95722673408443,212.57345112897946,210.16498677599,210.6823005506697,211.33304918573606,213.7662511617558,214.08056393346126,214.59932461615773,210.92286652522628,207.29502983428026,206.65662376230156,206.11356946251306,203.417612086044,199.15976395549686,197.7253782474985,195.37332835821547,191.87826178286363,,212.9179413587929,212.12712579475726,212.68129800974975,207.27375946263183,"rgba(239, 83, 80, 1.0)",13.762791078409634,212.17036485822223,-1.2942806762260761,37.16821036055939,-13.853677788400724,False,True,False,True,False,0.0,0.0,0.0,0.0,0.0,1,0.824339672945193,1.0717847446140136,False,False,False,False,-0.33881863075050017,-0.2831476383905845,False,False,False,False,-408963,-327808.31602589425,False,False,False,False,38852.73180332149,False,False,False,False
2025-02-03 00:00:00+00:00,191.4542663449,193.3588719357,186.5393122756,189.8370564826,37259,,,,,,,212.40448732723368,217.17050945686586,213.46077905213875,210.78949361649524,209.90087804632313,211.17614422283074,212.02932916849957,,,,200.58896480313797,205.65579765918062,215.84427661144937,215.61804529160148,212.32839095989416,209.9790849075835,210.5548378286046,211.2329286636611,213.67503738782813,213.9959845148354,214.51887481841283,210.86688935890834,207.25434364600906,206.6187560610525,206.07810274842325,203.39109786989448,199.14383658434383,197.71251591597456,195.36621654430377,191.87641070443243,,212.40448732723368,212.02932916849957,212.418802984341,207.11501964397658,"rgba(239, 83, 80, 1.0)",13.984455516633428,211.92272317727185,-1.4636577597194407,34.00891742142609,-11.358668750801506,False,True,False,True,False,0.0,0.0,0.0,0.0,0.0,1,0.8195650168924671,1.0797020672925046,False,False,False,False,-0.34282825441539394,-0.3129879464029892,False,False,False,False,-446222,-332451.98990723176,False,False,False,False,38790.23251691672,False,False,False,False
2025-02-04 00:00:00+00:00,189.5447896401,190.1682922376,188.1029398834,189.3207183941,26247,,,,,,,212.03797493124142,216.82703153844827,213.26283015253466,210.63828447647833,209.78802975859026,211.09299050793533,211.95723003157266,,,,200.1054728460315,205.29781043876037,215.48568059677896,215.37353499487403,212.1498656754473,209.8424388395727,210.46079837181128,211.15900544622545,213.60796961005008,213.93380050097167,214.45976323249,210.82537358194006,207.22379777392396,206.59024912381648,206.0513372117067,203.37078944609976,199.13113478029533,197.70201591394323,195.36002045445971,191.87403372379146,,212.03797493124142,211.95723003157266,212.2291959138287,207.0002446281495,"rgba(255, 0, 0, 1.0)",14.29935171583444,211.74412787394243,-1.5524716557086935,31.298839841820893,-13.812850337245628,False,True,False,True,False,0.0,0.0,0.0,0.0,0.0,0,0.8322682962096599,1.0750944565810652,False,False,False,False,-0.34282825441539394,-0.3279081004091916,False,False,False,False,-472469,-337942.85304812464,False,False,False,False,38298.34104566508,False,False,False,False
2025-02-05 00:00:00+00:00,189.8565409388,192.3943913552,188.4828867787,189.1843272009,37954,,,,,,,211.54985014503418,216.36205970642132,212.9936271715981,210.43313563393994,209.63464714884148,210.9791679741105,211.8582120613447,,,,199.53172826645553,204.83675796661325,215.0025448473585,215.0407650253965,211.9073168254498,209.65719673777494,210.33244954141568,211.0576972075068,213.5154868338801,213.84795610685623,214.37805564464088,210.7683182646896,207.18219370177025,206.5514982461006,206.0150185317064,203.34354465573625,199.11463149138598,197.68862512686124,195.352510782161,191.8718861035745,,211.54985014503418,211.8582120613447,211.97295712018428,206.84980909536665,"rgba(239, 83, 80, 1.0)",14.626346686675527,211.5071670931149,-1.4802483913524642,29.77905458825363,-15.164067652790806,False,True,False,True,False,0.0,0.0,0.0,0.0,0.0,0,0.8353959764227754,1.0689894817015377,False,False,False,False,-0.3240361632327451,-0.32597213182096835,False,False,False,False,-434515,-341729.99606584525,False,False,False,False,38284.837475246844,False,False,False,False
2025-02-06 00:00:00+00:00,186.3395965998,188.8628336741,185.8427429674,188.8628336741,32738,,,,,,,211.08482863223304,215.92585860554937,212.7341741744275,210.23168564745663,209.48254874747772,210.86684428632617,211.76087056256017,,,,198.93356469330058,204.3780455903244,214.54796724025942,214.7242541220068,211.6718219322122,209.47408457847973,210.20545200835556,210.95765913843502,213.42531048548062,213.76434413913486,214.29864637776,210.7116532363864,207.1396592619707,206.5116295176702,205.97743691881251,203.31436308265933,199.09528029170158,197.6721188108606,195.3419664619824,191.8663707118753,,211.08482863223304,211.76087056256017,211.7266872365758,206.7005814299834,"rgba(255, 0, 0, 1.0)",15.030976092762156,211.27598576705287,-1.6589999886474749,27.64314588804488,-17.145391719882248,False,True,False,True,False,0.0,0.0,0.0,0.0,0.0,0,0.8174599030469735,1.0967123181125342,False,False,False,False,-0.34282825441539394,-0.33440019311818114,False,False,False,False,-467253,-346652.4668083612,False,False,False,False,38067.31443700187,False,False,False,False
2025-02-07 00:00:00+00:00,184.1768219647,186.8949036007,183.2123413842,186.8949036007,25139,,,,,,,210.70720908154257,215.5741764536842,212.521283009184,210.06454307482085,209.35555903322918,210.77322239309518,211.67987926029184,,,,198.43190081724697,203.99784482242498,214.1810416358408,214.46664470765919,211.47773751082232,209.32156428325197,210.09948134460228,210.8742269494041,213.3506074271646,213.69511298892738,214.23297028721598,210.66420334271245,207.10347525010454,206.47759908267832,205.94526147094246,203.2889371236539,199.07769839337115,197.6568053657928,195.33170119562826,191.86018049421645,,210.70720908154257,211.67987926029184,211.52512461512111,206.57674972468308,"rgba(255, 0, 0, 1.0)",15.475163717676233,211.0856746511463,-1.7388412282650123,25.607522984842152,-19.04879178571087,False,True,False,True,False,0.0,0.0,0.0,0.0,0.0,0,0.7822336614722945,1.1215542436064687,False,False,False,False,-0.34282825441539394,-0.3386142237667875,False,False,False,False,-492392,-352367.742619798,False,False,False,False,37560.32171398219,False,False,False,False
2025-02-10 00:00:00+00:00,180.6111664853,184.8782623869,180.1337973091,184.8782623869,22391,,,,,,,210.34345349558447,215.23882580028305,212.31493557742272,209.9007316737832,209.2303957347313,210.68120581936202,211.600456480415,,,,197.92582664440738,203.6224120805157,213.83042298508076,214.21895697967625,211.28878416881844,209.17150980824846,209.99516529891517,210.79219478742453,213.2777115292273,213.62760243032008,214.16901269725267,210.61739209288723,207.06719325006043,206.44336056991014,205.91279088260657,203.26282950650995,199.05892410740938,197.64014974322606,195.3200822281608,191.85243746034408,,210.34345349558447,211.600456480415,211.33000065451168,206.45473796255004,"rgba(255, 0, 0, 1.0)",15.966464685959439,210.89991467405488,-1.8970228403404885,23.35565371022955,-21.16961957341393,False,True,False,True,False,0.0,0.0,0.0,0.0,0.0,0,0.7623344031917662,1.156472062160836,False,False,False,False,-0.34282825441539394,-0.34072123909109076,False,False,False,False,-514783,-358736.96839941374,False,False,False,False,36965.44635264956,False,False,False,False
2025-02-11 00:00:00+00:00,184.0306885434,184.6736755971,178.4483918502,180.2896729584,24338,,,,,,,209.96523395101522,214.88725953559458,212.0974782292832,209.7280219587144,209.09814724902526,210.58360878019772,211.51607867693355,,,,197.42610032897605,203.23775826149546,213.46379189096018,213.9581436137564,211.0896303213797,209.0132691277468,209.88468952611765,210.705117118487,213.20013919066741,213.55571870952505,214.10087284460099,210.56758222656856,207.02867025851228,206.407022825985,205.87834250952062,203.2351985516911,199.03916780046725,197.6226698332544,195.30795369816192,191.84446409262475,,209.96523395101522,211.51607867693355,211.12511834010914,206.3283151365249,"rgba(255, 0, 0, 1.0)",16.331068040282506,210.7065474684677,-1.63344239698644,24.997780265408714,-21.16961957341393,False,True,False,True,False,0.0,0.0,0.0,0.0,0.0,0,0.7714606167946302,1.1544573319243576,False,False,False,False,-0.34282825441539394,-0.3417747467532424,False,False,False,False,-490445,-363901.9892464956,False,False,False,False,36470.25237803585,False,False,False,False
2025-02-12 00:00:00+00:00,179.675912589,180.2994151865,176.9675731811,180.2994151865,55820,,,,,,,209.0328478160825,214.0271436898419,211.55469076807094,209.29168196381866,208.76167537563293,210.33557928072966,211.30198962497894,,,,196.15925925975927,202.2703365357272,212.56572498670673,213.31303342066622,210.59012442255562,208.61181227946977,209.60367112418282,210.48364481282078,213.00420019970412,213.37422930897142,213.92903832898352,210.44028748132453,206.92863029060322,206.31234573315726,205.7883238175199,203.1618027465128,198.98480937961017,197.5738099787193,195.27291951945577,191.81966698462958,,209.0328478160825,211.30198962497894,210.6150869313079,206.00938353055403,"rgba(255, 0, 0, 1.0)",16.742088013903086,210.2227344396506,-1.8245526976852395,24.77269688425048,-21.16961957341393,False,True,False,True,False,0.0,0.0,0.0,0.0,0.0,0,0.7312055513158683,1.1651432102771622,False,False,False,False,-0.34282825441539394,-0.3423015005843182,False,False,False,False,-546265,-371053.4798642801,False,False,False,False,37229.066010269744,False,False,False,False
2025-02-13 00:00:00+00:00,179.2667390094,180.5186153184,177.746951428,180.2312195899,68935,,,,,,,207.9631014651275,213.02582047193619,210.91233981554836,208.77300360238036,208.35905678319676,210.03648204245286,211.04304060128763,,,,194.83150544004704,201.1863329362497,211.52532170638153,212.55283737075348,209.99800540340684,208.13379439180162,209.26578352043254,210.21604754535903,212.76667945432987,213.1539765734128,213.72031760086654,210.28546648424722,206.80692790326242,206.19715637244292,205.67879186089888,203.07250469876035,198.91873993502702,197.51445661625718,195.2303801972694,191.78964198512418,,207.9631014651275,211.04304060128763,210.01612068313284,205.64223339981655,"rgba(255, 0, 0, 1.0)",17.18738366306657,209.6625786006411,-1.7684971829981178,24.507000022187324,-21.16961957341393,False,True,False,True,False,0.0,0.0,0.0,0.0,0.0,0,0.7294713472145687,1.1638360991138639,False,False,False,False,-0.33683152800390775,-0.339566514294113,False,False,False,False,-615200,-380627.8532029358,False,False,False,False,38472.43597065133,False,False,False,False
2025-02-14 00:00:00+00:00,182.0335317858,183.3146347791,180.8157532751,180.8547221874,38030,,,,,,,207.46089201016937,212.54255101108487,210.59990959517816,208.52151670284206,208.1630368848138,209.8890778541989,210.91470092018483,,,,194.30317699992003,200.70339793370496,211.02726146146784,212.18268916484146,209.71041376547987,207.90221725060294,209.1000902790558,210.0838726603815,212.6481688528699,213.0438649466422,213.61574222216302,210.20854874568872,206.7471872664084,206.14074883171514,205.6252690161353,203.02942251513747,198.88776395757068,197.486988324965,195.21119725035848,191.77690363435772,,207.46089201016937,210.91470092018483,209.72738356835316,205.47174625397332,"rgba(255, 0, 0, 1.0)",17.550543537684398,209.3986548611726,-1.559217981859901,26.76054515581939,-21.16961957341393,False,True,False,True,True,0.0,0.0,0.0,0.0,0.0,0,0.7378681572275431,1.1431637618024508,False,False,False,False,-0.3020631834460057,-0.32081484887005934,False,False,False,False,-577170,-388335.3883714481,False,False,False,False,38455.08554042971,False,False,False,False
2025-02-18 00:00:00+00:00,182.0919851543,183.0272390506,181.1627714395,182.0335317858,38483,,,,,,,206.97289521296145,212.06925043971918,210.29099616785513,208.27217922263375,207.96792825857833,209.74169901449932,210.78615965896057,,,,193.8128266973058,200.23989102778424,210.540778753769,211.81764437816693,209.42576595008188,207.67238135362064,208.93470587525798,209.95156640585677,212.5293270767447,212.93337310542645,213.51075303508966,210.1312484914641,206.6871237415777,206.08402990019127,205.57144496096495,202.98608803538104,198.85660764416662,197.4593626589998,195.19190047992825,191.76409948417714,,206.97289521296145,210.78615965896057,209.44301542502967,205.30504595279777,"rgba(255, 0, 0, 1.0)",17.93797089987645,209.1401162976817,-1.5078701651571962,28.31386443000294,-21.16961957341393,False,True,False,True,True,0.0,0.0,0.0,0.0,0.0,0,0.7417869786407734,1.1511431233741711,False,False,False,False,-0.3017134666963782,-0.3112641577832188,False,False,False,False,-538687,-394231.53000394034,False,False,False,False,38456.18022511874,False,False,False,False
2025-02-19 00:00:00+00:00,180.9521444683,181.6633271185,179.1498322724,180.1143128529,38401,,,,,,,206.4759442085331,211.5884052526055,209.97323688538276,208.0139769715454,207.76496423166188,209.58825985552093,210.65235929827077,,,,193.30325663537343,199.7633172099893,210.04652699084693,211.44409219305138,209.1321867881143,207.43381836905675,208.7625362620599,209.81371483257251,212.40583560872744,212.81855589664713,213.40169508281136,210.05041611481874,206.62382785755372,206.02416263311932,205.5145519017955,202.9399210146452,198.82285067441177,197.4292030787162,195.17049445524074,191.74937231142002,,206.4759442085331,210.65235929827077,209.15102095764573,205.13251679554855,"rgba(255, 0, 0, 1.0)",18.334263963119973,208.873880337624,-1.522926468468523,28.872503939207654,-26.09385421094662,False,True,False,True,True,0.0,0.0,0.0,0.0,0.0,0,0.7182841972665539,1.1677371688310885,False,False,False,False,-0.321615180029357,-0.31643966890628794,False,False,False,False,-577088,-401402.37196457013,False,False,False,False,38454.01629472192,False,False,False,False
2025-02-20 00:00:00+00:00,177.5910757786,179.9145971771,177.1916444271,179.6564281328,39698,,,,,,,205.93651420112258,211.06989788859272,209.62604336284275,207.7295694675493,207.54036676005381,209.4185774888761,210.50453822010132,,,,192.7259227281072,199.23673088991777,209.51292554048368,211.0384253816507,208.81037318909742,207.17031639555267,208.5720356133676,209.66118230731877,212.2697939862919,212.69210038799812,213.28167013792066,209.96067210521116,206.5528239875991,205.95686296855004,205.45047560503338,202.88738471609832,198.78359245200323,197.393792046723,195.14486660821132,191.73098327231958,,205.93651420112258,210.50453822010132,208.8322153413055,204.9416465159728,"rgba(255, 0, 0, 1.0)",18.791857823291714,208.58152461094883,-1.6491423638772689,27.958480589169124,-26.09385421094662,False,True,False,True,True,0.0,0.0,0.0,0.0,0.0,0,0.7004267283338163,1.162847108301562,False,False,False,False,-0.34282825441539394,-0.3296339616608409,False,False,False,False,-616786,-409848.7887502733,False,False,False,False,38502.79996943871,False,False,False,False
2025-02-21 00:00:00+00:00,175.6231457053,179.675912589,174.7755718618,179.675912589,42034,,,,,,,205.35681243437335,210.51321412537018,209.24896134400478,207.41886271109462,207.2939377788887,209.23212168796604,210.34207746092108,,,,192.10088472787837,198.66762870136156,208.94020687405109,210.59987698693266,208.4600424473682,206.8818599372649,208.36278561503656,209.49343184290387,212.12045487612565,212.55326531892464,213.14992402753316,209.861609138338,206.47395842823283,205.8820166148755,205.37913355828022,202.8285384739759,198.73908242919086,197.35343561647406,195.11535043535244,191.7093501366827,,205.35681243437335,210.34207746092108,208.48656964894553,204.7336418093392,"rgba(255, 0, 0, 1.0)",19.27187613331627,208.26414193574928,-1.6937113960597292,26.68246384109831,-26.09385421094662,False,True,False,True,True,0.0,0.0,0.0,0.0,0.0,0,0.7041971775390031,1.1534646069604495,False,False,False,False,-0.34282825441539394,-0.3362311080381174,False,False,False,False,-658820,-419612.36566202727,False,False,False,False,38641.278402009746,False,False,False,False
2025-02-24 00:00:00+00:00,176.15896825,178.0197338144,175.3601055469,177.3182933922,36736,,,,,,,204.86563435389564,210.0387601609683,208.92463835079334,207.15081845971284,207.08053227570284,209.070013180336,210.2006195833631,,,,191.58733165979362,198.18942116506335,208.4531127002217,210.22370194671396,208.15838025730852,206.63272999187734,208.18112747824233,209.3474257564369,211.99030865358475,212.4322031151565,213.03499749080274,209.77505040262236,206.40496218225917,205.81651843343514,205.31668635484823,202.77697537005736,198.70001515599404,197.31799059598356,195.08938239098967,191.69027030840442,,204.86563435389564,210.2006195833631,208.19014519496744,204.5559295704898,"rgba(255, 0, 0, 1.0)",19.71860329364822,207.9929022870606,-1.6144112015943335,26.39853557671864,-26.09385421094662,False,True,False,True,True,0.0,0.0,0.0,0.0,0.0,0,0.7019284654817225,1.1663890226020535,False,False,False,False,-0.34282825441539394,-0.33952968122675564,False,False,False,False,-622084,-427552.4297537125,False,False,False,False,38566.56160193093,False,False,False,False
2025-02-25 00:00:00+00:00,175.6621146176,177.5326224101,174.7560874056,177.5326224101,39949,,,,,,,204.34051473047822,209.52970175959055,208.5735236044695,206.85961276158918,206.84783446153463,208.8927031495831,210.0457301090849,,,,191.04763289674807,197.6801429414223,207.93125102839693,209.8176608303802,207.83135439491733,206.36172862985987,207.98265578865963,209.18757386444722,211.8477595606414,212.29954582198317,212.9090353219367,209.67993978240804,206.32896890374093,205.74434180882065,205.2478410063414,202.72000583543644,198.65667671609648,197.27860488162852,195.06042297255064,191.6688542904642,,204.34051473047822,210.0457301090849,207.86994579661857,204.36409986384402,"rgba(255, 0, 0, 1.0)",20.154258342909543,207.70040706474038,-1.5896537546573501,26.016832785782846,-26.09385421094662,False,True,False,True,False,0.0,0.0,0.0,0.0,0.0,0,0.7031855534739951,1.15929265355771,False,False,False,False,-0.34282825441539394,-0.3411789678210748,False,False,False,False,-662033,-436747.74623395904,False,False,False,False,38620.77487244344,False,False,False,False
2025-02-26 00:00:00+00:00,176.4317506364,177.2793244799,175.3601055469,176.0712881972,33668,,,,,,,203.91819718447638,209.11699721629404,208.28669841071857,206.62130227966475,206.6567504001391,208.74641893023716,209.91769725333276,,,,190.63153574544046,197.27581325728087,207.50928238782683,209.48655918334916,207.56403547205576,206.13979180360332,207.8192091690773,209.05554130939268,211.7297382376672,212.18963517516585,212.804607709526,209.6010815128031,206.26600246935888,205.68454374100708,205.190807580748,202.67284916041376,198.62087987421432,197.2461044875638,195.03656124562974,191.65127936329273,,203.91819718447638,209.91769725333276,207.60915166783752,204.2087929442708,"rgba(255, 0, 0, 1.0)",20.558085489254772,207.46324883733064,-1.5094546725739642,26.676306954200026,-26.09385421094662,False,True,False,True,False,0.0,0.0,0.0,0.0,0.0,0,0.7042742934553343,1.1662567665196126,False,False,False,False,-0.3406468542139708,-0.3409129110175228,False,False,False,False,-628365,-444262.14834243123,False,False,False,False,38426.54840685742,False,False,False,False
2025-02-27 00:00:00+00:00,178.545814131,179.6856548171,175.7692791266,176.3051016713,36920,,,,,,,203.4962536882662,208.69819128079544,207.99387034056147,206.37817594889654,206.46115926578284,208.5955716474918,209.7852314088403,,,,190.2510275058043,196.88316908530908,207.08306731300064,209.14856706077518,207.29123067763697,205.9133828973114,207.65116643683646,208.91918593113746,211.60718656875048,212.0753701199746,212.69590909134885,209.51928739966974,206.20103435354324,205.62290729682317,205.13207304526037,202.62454800877933,198.5846447455022,197.2133751450611,195.01276025877476,191.63411882289805,,203.4962536882662,209.7852314088403,207.34406479723353,204.05320058820988,"rgba(239, 83, 80, 1.0)",20.773790589161653,207.22435266518974,-1.3805154341525065,29.510732056913582,-24.455676469027836,False,True,False,True,True,0.0,0.0,0.0,0.0,0.0,0,0.7107814341839339,1.1508722862800342,False,False,False,False,-0.3221159027385211,-0.3315144068780219,False,False,False,False,-591445,-450034.0248780222,False,False,False,False,38367.46807717674,False,False,False,False
2025-02-28 00:00:00+00:00,182.9298167697,183.5728038234,179.4372280009,179.8512726946,55196,,,,,,,202.98501508381327,208.171179367654,207.62320378688145,206.0722122566096,206.21387545030962,208.4017710367383,209.61377148630518,,,,189.8945819950953,196.44272614277227,206.5524647372969,208.71944199083626,206.94680016061665,205.62891417576844,207.436691779094,208.743504295545,211.44712249873112,211.92574520891648,212.5531586917311,209.41313113689966,206.1180895036788,205.54447251660045,205.05754634209458,202.56430235770077,198.5411371323673,197.1747437133319,194.9855960386165,191.61600913649113,,202.98501508381327,209.61377148630518,207.0115754954731,203.86530897770922,"rgba(239, 83, 80, 1.0)",20.92982976651841,206.93116220115803,-1.146753017067207,35.40628904684098,-18.919836156121153,False,False,False,True,True,0.0,0.0,0.0,0.0,0.0,0,0.7356598393407184,1.1185261920625105,False,False,False,False,-0.2710949099055855,-0.3013046583918037,False,False,False,False,-536249,-453415.0042945704,False,False,False,False,39027.410505522756,False,False,False,False
2025-03-03 00:00:00+00:00,179.0231833073,187.0507792501,176.3245861274,184.780840106,51056,,,,,,180.79951622826664,202.50790054772824,207.68072286416268,207.2742655012366,205.78241541212932,205.97861861896286,208.2171050295177,209.45034902313483,,,,189.54592376251878,196.0264689639413,206.05861065576065,208.31740077990258,206.62177209972793,205.35890024756168,207.23241756747223,208.57594954552238,211.2947265166682,211.783257786387,212.417238802819,209.31146922480417,206.03814276848442,205.46877143298173,204.98553107510924,202.50570984604974,198.49824125917772,197.13642135780236,194.95829845302916,191.59727348666667,,202.50790054772824,209.45034902313483,203.46136165314235,203.68662628161934,"rgba(239, 83, 80, 1.0)",21.11868379257302,205.07319087139732,-1.2335052610266617,36.917218396169915,-17.664450689307294,True,False,False,True,True,0.0,0.0,0.0,0.0,0.0,0,0.736515283181603,1.0892989713275785,False,False,False,False,-0.26308366137374456,-0.28219415988277413,False,False,False,False,-587305,-458665.59236145,False,False,False,False,39499.11989746304,False,False,False,False
2025-03-04 00:00:00+00:00,172.4569215773,177.0844799182,170.7520316623,177.0844799182,56493,,,,,,176.92908107323092,201.83207611459375,207.01487336278697,206.79404380367745,205.3770882999635,205.648627283418,207.96148720187827,209.2257181735245,,,,188.89019425103814,195.38021987073836,205.38068180943827,207.77026721070737,206.17144837003883,204.9792867712983,206.9480129405508,208.34431385061657,211.08753901899897,211.58997510932176,212.23346019480954,209.1709661658369,205.92461412618906,205.36068878451147,204.88221869185168,202.41936089648914,198.43135855900044,197.07519553993413,194.9125609337715,191.56252299378843,,201.83207611459375,209.2257181735245,202.59787441413417,203.42574430444648,"rgba(255, 0, 0, 1.0)",21.317250198751942,204.4941755069387,-1.5028792940430176,34.9771943756822,-17.664450689307294,True,False,False,True,True,0.0,0.0,0.0,0.0,0.0,0,0.729596173499872,1.1110979552978515,False,False,False,False,-0.34282825441539394,-0.31251120714908404,False,False,False,False,-643798,-465925.68677864806,False,False,False,False,40165.54656815076,False,False,False,False
2025-03-05 00:00:00+00:00,176.3245861274,177.4546845854,171.7554811551,173.2655265085,37017,,,,,,176.48077033080344,201.43223292487787,206.6144153529142,206.5027959541672,205.13118729950514,205.4475356559781,207.80439325551876,209.08715252210197,,,,188.5340892206368,195.0085837205142,204.97500857161975,207.43874200567384,205.8983378732289,204.74890887900716,206.7738176804243,208.2016961895039,210.9592466415965,211.47013017738442,212.11935597793274,209.08396823272324,205.8546290741281,205.294115871166,204.81862954927644,202.36645173477004,198.39077606507792,197.03820034663005,194.8851255949221,191.54201192509277,,201.43223292487787,209.08715252210197,202.31256041198333,203.27009126656543,"rgba(239, 83, 80, 1.0)",21.436474772121525,204.2410238386846,-1.302286780268105,36.565053543977726,-17.664450689307294,True,False,False,True,True,0.0,0.0,0.0,0.0,0.0,0,0.7703548218581922,1.1087344751200827,False,False,False,False,-0.3308471432180896,-0.3216791751835868,False,False,False,False,-606781,-471449.4245520344,False,False,False,False,40042.07415371348,False,False,False,False
2025-03-06 00:00:00+00:00,176.5583996015,176.6850485666,170.5021435119,175.5841767929,40066,,,,,,176.0686988300686,201.00323006138726,206.18416281765127,206.1876584250054,204.86429528627735,205.22862068854508,207.6329705303027,208.93582345978157,,,,188.15262136643838,194.60980198876544,204.53948017514287,207.08093321055335,205.60247051149258,204.49858733390923,206.583895935664,208.04594439840014,210.8191189027226,211.33918273559433,211.9946614565525,208.98865744823354,205.77777198491572,205.2209692800177,204.74873014647739,202.30816459114467,198.34588577249187,196.99720996223147,194.8546202496991,191.51906220091522,,201.00323006138726,208.93582345978157,202.0131825123774,203.1013884825681,"rgba(239, 83, 80, 1.0)",21.570665130653538,203.97094656923844,-1.2708252991597895,37.78980166892205,-17.2164601777404,True,False,False,True,True,0.0,0.0,0.0,0.0,0.0,1,0.7740152287743389,1.0798850747690982,False,False,False,False,-0.34282825441539394,-0.3322537147994904,False,False,False,False,-566715,-475185.32947156247,False,False,False,False,40043.01242219531,False,False,False,False
2025-03-07 00:00:00+00:00,176.957830953,177.8151470246,173.0414552625,176.1199993376,55497,,,,,,176.0385259710482,200.4605222995043,205.6317192617331,205.77958541359058,204.51844015739047,204.94366722469326,207.4080522817189,208.73658034118407,,,,187.70692464606634,194.1181870838357,203.98282675160223,206.61815412033502,205.21928793325202,204.1740529275787,206.33549308171285,207.8412228212946,210.63399447991404,211.16596670130463,211.82951635406698,208.86267513627496,205.67653745601916,205.12468429630303,204.6567709183713,202.2317611949541,198.28751818241787,196.9440996273087,194.81533396236244,191.48991336954765,,200.4605222995043,208.73658034118407,201.68963661885786,202.88574605222612,"rgba(239, 83, 80, 1.0)",21.629392126456104,203.64988815670347,-1.2340641404829369,38.91124733909797,-16.09554291203569,True,False,False,True,True,0.0,0.0,0.0,0.0,0.0,1,0.7891494356973846,1.0621197852112756,False,False,False,False,-0.3112641983554968,-0.3217589565774936,False,False,False,False,-511218,-476598.3753746385,False,False,False,False,40649.05115073667,False,False,False,False
2025-03-10 00:00:00+00:00,167.2837984637,174.8535096865,166.7284914628,174.8535096865,52432,,,,,,174.88856137582056,199.84232954203003,205.02086615371692,205.32454871778233,204.12864710556835,204.62197322172375,207.15640425084322,208.51471175064296,,,,187.10423987832408,193.5236243104679,203.3624195599099,206.10594683222865,204.7900995968895,203.80705813959935,206.05647870699738,207.6123710461728,210.42937761674187,210.97480333676396,211.64766183619338,208.72186488154367,205.5613425909172,205.0147362624207,204.55143837288435,202.14274061116723,198.2171471461681,196.8791542212639,194.76599805002968,191.45133030053273,,199.84232954203003,208.51471175064296,201.187255264766,202.63599166486082,"rgba(255, 0, 0, 1.0)",21.91556399657977,203.22773497536565,-1.6401100385678047,35.68488191253488,-16.09554291203569,True,False,False,True,False,0.0,0.0,0.0,0.0,0.0,1,0.7526043746012698,1.0535836685950752,False,False,False,False,-0.34282825441539394,-0.33229360549644377,False,False,False,False,-563650,-480012.16457563307,False,False,False,False,41111.12757619798,False,False,False,False
2025-03-11 00:00:00+00:00,171.3755342598,173.0706819467,165.7542686542,167.9462699735,37728,,,,,,174.33778812579166,199.41894384701544,204.59935222744866,205.00813687998016,203.85705905787285,204.39699307461373,206.97951385644666,208.35842317876555,,,,186.70525940595547,193.1209863976959,202.93538757794738,205.75045896346393,204.4914467359309,203.55114417181585,205.86074005018583,207.45129527203008,210.28499349412903,210.83980271767226,211.5191480233124,208.6223127420613,205.47992772988698,204.93703156056947,204.47699661400534,202.07985720521992,198.16750879649277,196.83337241052342,194.73124326978686,191.42421567674566,,199.41894384701544,208.35842317876555,200.86952628099183,202.4631564407715,"rgba(239, 83, 80, 1.0)",22.108527896635792,202.94798095941042,-1.4280664387616118,36.335729857344155,-16.09554291203569,True,False,False,True,False,0.0,0.0,0.0,0.0,0.0,1,0.7452889534200238,1.0714723863044195,False,False,False,False,-0.34282825441539394,-0.33756092995591885,False,False,False,False,-525922,-481812.55027854943,False,False,False,False,40978.45590654315,False,False,False,False
2025-03-12 00:00:00+00:00,167.8293632365,171.5411521373,167.5760653063,171.5314099092,40530,,,,,,173.75242910225137,198.9610082782304,204.14384356297535,204.66413580501293,203.56087338471482,204.1510117856735,206.7858276233063,208.18722096829418,,,,186.27033951970228,192.68392853981447,202.4739379933336,205.36492842374028,204.1663548952191,203.27174789507418,205.6465222606238,207.27481354601684,210.1268805475004,210.69193339655516,211.3783825136405,208.5129442080758,205.390215355549,204.851355366984,204.39487396942118,202.0102981762869,198.1123278275259,196.78237842224905,194.6923790260194,191.39368839837414,,198.9610082782304,208.18722096829418,200.52579381380735,202.2745115140853,"rgba(255, 0, 0, 1.0)",22.392583186839044,202.64423867766226,-1.5547503006095456,35.49355838757198,-16.09554291203569,True,False,False,True,False,0.0,0.0,0.0,0.0,0.0,0,0.7419249476728031,1.0887128041689775,False,False,False,False,-0.3404129090571554,-0.33898691950653714,False,False,False,False,-566452,-485131.74438527296,False,False,False,False,40960.869400404204,False,False,False,False
2025-03-13 00:00:00+00:00,163.6109784753,165.9197891094,162.8218580003,165.6471041453,32628,,,,,,172.97322613163615,198.5440307240981,203.7359487066872,204.35483076307682,203.29303070562125,203.92840789004237,206.61145177795876,208.03350763984292,,,164.11754186166667,185.84118186634527,192.27352794920643,202.05882201126113,205.0196691203731,203.8733472601741,203.0186374306873,205.45322721150902,207.11601206378856,209.98552546215384,210.55985513195503,211.25281141045537,208.41455539159796,205.30870657995223,204.77336527395357,204.31999419089945,201.94629639444437,198.06066352574786,196.73430222920283,194.65527341062847,191.36385191425967,,198.5440307240981,208.03350763984292,200.18430429237043,200.73916578880014,"rgba(255, 0, 0, 1.0)",22.715310124968703,200.01593231896294,-1.6026615372354778,33.608368670396985,-11.357116782934284,True,False,False,True,False,0.0,0.0,0.0,0.0,0.0,0,0.7415934851096725,1.0995976478105893,False,False,False,False,-0.34282825441539394,-0.34090758696096557,False,False,False,False,-599080,-489600.30342898774,False,False,False,False,40634.09020823149,False,False,False,False
2025-03-14 00:00:00+00:00,168.8522971855,169.5245109235,164.2149966166,165.9004020755,31033,,,,,,172.58448334057584,198.1950036379812,203.38839681643424,204.0895779752901,203.06353710165735,203.7369261900588,206.46013272586416,207.89958538173036,,,165.7813153193579,185.50990249732897,191.93999180430282,201.70702545472005,204.72356595161915,203.62219984623906,202.80177471527375,205.28608627940335,206.97795718054317,209.86182833638037,210.44410767169725,211.14259974625483,208.3285591502278,205.23787935022074,204.70566827262053,204.2550571448138,201.89109772589714,198.01659668290898,196.693478445637,194.6240002136182,191.33908170872658,,198.1950036379812,207.89958538173036,199.927205396199,200.67753458945324,"rgba(239, 83, 80, 1.0)",22.81912739498454,199.87370839108252,-1.3594477417397117,35.58675350413,-11.357116782934284,True,False,False,True,False,0.0,0.0,0.0,0.0,0.0,0,0.7529521725917777,1.0789217849587158,False,False,False,False,-0.30520803019128306,-0.3230578085761243,False,False,False,False,-568047,-492676.6444709882,False,False,False,False,40257.57686673222,False,False,False,False
2025-03-17 00:00:00+00:00,171.8334189798,172.4130815509,166.7613227714,167.0207583054,42713,,,,,,172.3832188947608,197.77005485272934,202.95738768713963,203.75821906508392,202.7770038925411,203.49681393180308,206.2686384736624,207.7294092530137,,,167.61016194539872,185.14122607222137,191.54646034447504,201.27317980102995,204.35375385142603,203.30858181787224,202.53098741238125,205.07534814232343,206.8029110104139,209.70395406790547,210.2961587455047,211.0015122110834,208.21888441128152,205.14804825139976,204.61989445497784,204.17285238998068,201.8215919254196,197.96171404171216,196.64286315708873,194.5855190419742,191.30907999362302,,197.77005485272934,207.7294092530137,199.64259325634174,200.5907801547935,"rgba(239, 83, 80, 1.0)",22.79090025753773,199.70117319045406,-1.2227579382888676,38.51085223799525,-11.357116782934284,True,False,False,True,True,0.0,0.0,0.0,0.0,0.0,0,0.765236385213863,1.0686089313830625,False,False,False,False,-0.2644766130681199,-0.2937672108221221,False,False,False,False,-525334,-493957.325079969,False,False,False,False,40353.86796999763,False,False,False,False
2025-03-18 00:00:00+00:00,171.2294008385,171.8821301203,167.2545717794,170.8397117151,39668,,,,,,172.2096777054577,197.38386107039074,202.5644924896441,203.4543241324812,202.51362957375815,203.27547192020126,206.091557250542,207.57184388652857,,,168.29243793739346,184.8098032170335,191.1900517500181,200.8781611572169,204.0152435732956,203.02071293661388,202.28187472164657,204.88070569801238,206.64089025770633,209.55766940581412,210.15900097926848,210.87066908740024,208.11702200632826,205.06452425907352,204.54012334430934,204.0963836752342,201.75687816539363,197.91054537050007,196.5956492040867,194.5495759472339,191.281010361553,,197.38386107039074,207.57184388652857,199.38310725362544,200.46139613467895,"rgba(239, 83, 80, 1.0)",22.705796640776693,199.494122850212,-1.2448240622816196,40.20233282003634,-15.01052345510054,True,False,False,True,True,0.0,0.0,0.0,0.0,0.0,0,0.7720186281195945,1.0740609919246757,False,False,False,False,-0.2631069202856196,-0.2784370655538708,False,False,False,False,-565002,-496743.3907631075,False,False,False,False,40326.971186860465,False,False,False,False
2025-03-19 00:00:00+00:00,172.2815614718,173.5090822106,169.2078885107,171.9600679449,52165,,,,,,172.15985275272413,196.9199797158219,202.08583131651582,203.08108138969644,202.18988659717442,203.00217927962194,205.87119674673104,207.37509903087198,,,169.180353696912,184.4391508259443,190.7720814052062,200.39902260972363,203.59997164604488,202.66708548770754,201.9755048488022,204.63924444747835,206.4389101185141,209.37440548633086,209.98695394495874,210.70634691627433,207.98930550723756,204.9601184552658,204.44046225905143,204.00089229235206,201.6763124461182,197.8472653661616,196.537422834867,194.50544753777655,191.24689626652204,,196.9199797158219,207.37509903087198,199.0856383536447,200.30681290663637,"rgba(239, 83, 80, 1.0)",22.492040033441448,199.2531189233828,-1.199160121157581,41.93817659212747,-13.323951702339656,True,False,False,True,True,0.0,0.0,0.0,0.0,0.0,0,0.7848728558520619,1.0534293997793325,False,False,False,False,-0.23643449924666854,-0.25743578240026965,False,False,False,False,-512837,-497374.51269396604,False,False,False,False,40791.207610905156,False,False,False,False
2025-03-20 00:00:00+00:00,172.3887259807,174.6391806686,169.6121909762,171.2488852947,41967,,,,,,172.16352838437547,196.56658491599845,201.71811404534236,202.79222883762512,201.9389063579617,202.78950036906318,205.69875631718142,207.2207765856967,,,169.7103295564339,184.16793546884958,190.45785698556185,200.03194014185266,203.27913669573832,202.39324865813532,201.73781403215983,204.450702830141,206.28063213540804,209.2303714068679,209.85161414279378,210.5769843526293,207.8887428608401,204.8779687959237,204.3620532916365,203.92576939253925,201.6129855194388,197.79763675295933,196.49180275217017,194.47091696027718,191.22030187449786,,196.56658491599845,207.2207765856967,198.86104947665555,200.17982213661784,"rgba(239, 83, 80, 1.0)",22.25625509463342,199.06190422981118,-1.1984576082407858,43.1611037425754,-12.09098159745097,True,False,False,True,True,0.0,0.0,0.0,0.0,0.0,1,0.782652245468283,1.0572629044233326,False,False,False,False,-0.21123780711916387,-0.23433679475971675,False,False,False,False,-470870,-496335.1200393007,False,False,False,False,40837.31711635985,False,False,False,False
2025-03-21 00:00:00+00:00,170.9858451364,172.6809928233,168.2872479565,171.054040733,136625,,,,,,171.887184401109,195.4135100806585,200.52110694676426,201.8420211851694,201.10872522783086,202.08266844095806,205.12378388965544,206.70562189620725,,,170.05154212277785,183.2575143426844,189.42314429096263,198.83689585526653,202.22831322018956,201.4904815364179,200.9500532032963,203.82278639948612,205.75217523441682,208.74963725968797,209.39964168200527,210.14489328764694,207.5510741087417,204.60070627401245,204.09713736082085,203.67171914273575,201.39784120395126,197.62760844476875,196.33498379084995,194.35140137722797,191.12716238480093,,195.4135100806585,206.70562189620725,198.0855777585441,199.68697750689734,"rgba(239, 83, 80, 1.0)",22.00419239150308,198.34579994996017,-1.243397363864407,43.225077640206436,-11.879473324593484,True,False,False,True,True,0.0,0.0,0.0,0.0,0.0,1,0.7978313143423503,1.0467457125572077,False,False,False,False,-0.23696458901068707,-0.2356506918852019,False,False,False,False,-607495,-500694.33101815166,False,False,False,False,44593.696837286916,False,False,False,False
2025-03-24 00:00:00+00:00,174.1910381766,176.2562931086,172.242787404,173.3921754736,27365,,,,,174.2300395630667,171.96991167578082,195.2263937413495,200.3197643572627,201.67948138074394,200.96663221725188,201.96051154712842,205.02260209151018,206.61424882471923,,,170.33445842025486,183.137346732732,189.26581726890484,198.63804783051648,202.04886203463198,201.33607196142688,200.81511763539814,203.71308020130715,205.65880783001262,208.66369588082412,209.31861014683753,210.06721089536865,207.49066430487213,204.5515087958049,204.0502003233649,203.62676460624343,201.3600820806927,197.59829259302197,196.3081472966274,194.33120017100438,191.11185128896392,,195.2263937413495,206.61424882471923,195.33217615542372,199.61569935049235,"rgba(239, 83, 80, 1.0)",21.625781986877204,196.48914169485712,-1.0310888887989302,45.35388018077187,-9.683823486145698,True,False,False,False,True,0.0,0.0,0.0,0.0,0.0,1,0.8091237154584761,1.0231616474624585,False,False,False,False,-0.16771067994546926,-0.20168068591533558,False,False,False,False,-580130,-503809.4552919497,False,False,False,False,43918.06166719723,False,False,False,False
2025-03-25 00:00:00+00:00,172.2231081033,175.5452078806,170.8445828291,174.8729941426,34020,,,,,173.47683155791708,172.00780260737113,194.98356878689805,200.06089871260616,201.470188126511,200.78319054939533,201.80276275343877,204.8922226639486,206.49663157519393,,,170.53138938323468,182.9702187292311,189.05744115933385,198.38176000489858,201.81820796487176,201.1370295982836,200.64077583602105,203.57158819122827,205.53851629320076,208.5532554335541,209.2145096658604,209.96745921960925,207.41281166532218,204.4878371232563,203.9894037238337,203.56849350945674,201.3109420432655,197.55983590796748,196.27282689745593,194.30444846253764,191.09132599821154,,194.98356878689805,206.49663157519393,195.1082330370311,199.51443754062115,"rgba(239, 83, 80, 1.0)",21.287593499444547,196.31220298930725,-1.13160254054249,45.62480638277485,-9.249116520032501,True,False,False,False,True,0.0,0.0,0.0,0.0,0.0,1,0.8328081331717184,1.0228820036263504,False,False,False,False,-0.1857550821434721,-0.19371788402940385,False,False,False,False,-614150,-508136.5354765791,False,False,False,False,43529.90238613068,False,False,False,False
2025-03-26 00:00:00+00:00,170.264920258,173.4481932851,167.0694694458,173.4481932851,68132,,,,,171.7850806193986,171.87210784448345,194.4572157784781,199.50849242392036,201.02261674938129,200.38923145444974,201.46388533289752,204.61323845409274,206.24543317864104,,,170.49498595127,182.56894641154196,188.5908678330583,197.8325444155594,201.32639184279006,200.71061376917822,200.26587086294745,203.26832703059344,205.2812046268813,208.31808255004375,208.99295997997092,209.75534276815037,207.24624158822465,204.35062437492635,203.85820319120177,203.442588789131,201.20405170910428,197.47507272178987,196.19455579469806,194.24457280478774,191.0444898018745,,194.4572157784781,206.24543317864104,194.59525575952696,199.2711024507924,"rgba(239, 83, 80, 1.0)",20.812771227320468,195.89229589132543,-1.2313293291613636,44.718455787527105,-9.249116520032501,True,False,False,True,True,0.0,0.0,0.0,0.0,0.0,1,0.8255657416826975,1.016883203645533,False,False,False,False,-0.23666579481441558,-0.21519183942190973,False,False,False,False,-682282,-514965.7693794584,False,False,False,False,44494.690527851046,False,False,False,False
2025-03-27 00:00:00+00:00,170.6643516095,171.5314099092,166.0465354968,170.7715161185,63772,,,,,171.00282068995205,171.7055109972914,193.9679116157328,198.9952346420399,200.6039484506966,200.0194797873387,201.1447952845859,204.34981249343755,206.00798611396434,,,170.37407422829583,182.19134656817957,188.15543564779793,197.32236214276767,200.8675640965531,200.31121496828425,199.91357629628877,202.98227873099077,205.03799537973467,208.09572171072247,208.78337539936874,209.55463060518366,207.08813991359108,204.22001992928526,203.7332482502333,203.3226151222597,201.1019466320501,197.3937555598824,196.11934092753026,194.18682921200454,190.9990629250095,,193.9679116157328,206.00798611396434,194.19972223055993,199.03777356605016,"rgba(239, 83, 80, 1.0)",20.37168444235536,195.53269433781227,-1.2207308040079294,44.41113709106553,-9.249116520032501,True,False,False,True,True,0.0,0.0,0.0,0.0,0.0,1,0.8078732429419923,1.037666707337679,False,False,False,False,-0.26259642110128006,-0.2388941302615949,False,False,False,False,-618510,-519026.32744300907,False,False,False,False,45250.66344832748,False,False,False,False
2025-03-28 00:00:00+00:00,168.7841015889,170.3087602844,165.391370658,169.9531689592,56481,,,,,170.36028688075797,171.50481245191966,193.52893542878988,198.5364185043938,200.22777511440358,199.68619048963737,200.85649641499523,204.11152614936478,205.79311620792657,,,170.17461743962355,181.84351325972702,187.76127746238592,196.8659595421062,200.45632150106968,199.95189589211037,199.59566835217584,202.72363587404578,204.81785161681472,207.8945856963236,208.59374968046777,209.37303036074275,206.94459383873624,204.10102621655707,203.61932194152664,203.21316271285312,201.0085079315889,197.31892099272045,196.04996894385815,194.13333641766596,190.9566629838352,,193.52893542878988,205.79311620792657,193.84506196024324,198.82204728365497,"rgba(239, 83, 80, 1.0)",19.96874003280111,195.20456439372373,-1.3230911295066623,43.11505297301103,-9.249116520032501,True,False,False,True,False,0.0,0.0,0.0,0.0,0.0,1,0.795436787562855,1.063410888324789,False,False,False,False,-0.27934068931609723,-0.25911740978884606,False,False,False,False,-674991,-525142.5891119107,False,False,False,False,45691.068803295035,False,False,False,False
2025-03-31 00:00:00+00:00,167.9170432893,169.923942275,164.6436546524,167.3519940603,39026,,,,,169.97307457134414,171.3538191026889,193.22650139931253,198.22050824373233,199.96761321264583,199.45516271507475,200.65621924488167,203.9456864295668,205.64346538553457,,,170.01749572071074,181.60185532826875,187.48893035545922,196.55173028378658,200.1724187348588,199.7031698433063,199.37512128183542,202.54375431893675,204.66453265847528,207.75447711603692,208.461614237789,209.24646587527673,206.8443324387243,204.01774796851964,203.53955727918137,203.13650237807803,200.94295096216794,197.26625997750838,196.00109579412353,194.09555815901163,190.9266043171782,,193.22650139931253,205.64346538553457,193.60467225608681,198.67127853560277,"rgba(239, 83, 80, 1.0)",19.47613123357266,194.97867768053965,-1.3894768969615074,41.757560933957684,-9.249116520032501,True,False,False,True,False,0.0,0.0,0.0,0.0,0.0,1,0.7889516148245571,1.0509209025434054,False,False,False,False,-0.2895131224427419,-0.274315266115794,False,False,False,False,-714017,-532549.4287545808,False,False,False,False,45429.693556107,False,False,False,False
2025-04-01 00:00:00+00:00,169.5342531515,170.3915692231,166.1049888653,167.5370963939,53882,,,,,169.76927251719886,171.22152864473225,192.83896554344508,197.81114078704388,199.62796910652787,199.1531837543375,200.39333900480904,203.7265157460944,205.4451017975369,,,169.91710059942045,181.3081411315202,187.14625200629115,196.14597901025803,199.80227772193734,199.37833655869454,199.08665987020996,202.30667022563654,204.4615747690122,207.56825602317807,208.28579296804264,209.0778860496053,206.71087252476016,203.90709023534438,203.43359846108874,203.03469140712627,200.8560427006717,197.19673212617954,195.93667913127783,194.04588463183703,190.88731682102423,,192.83896554344508,205.4451017975369,193.3318907668584,198.4803259076046,"rgba(239, 83, 80, 1.0)",18.94925462857699,194.70885754846964,-1.328527421812377,42.26927371240872,-9.249116520032501,True,False,False,True,False,0.0,0.0,0.0,0.0,0.0,1,0.7961923873797484,1.0666395648093032,False,False,False,False,-0.2722208860964889,-0.27326807610614146,False,False,False,False,-660135,-537552.7844896953,False,False,False,False,45761.15655390673,False,False,False,False
2025-04-02 00:00:00+00:00,170.4987337321,170.5182181882,167.1766339548,167.1766339548,64089,,,,,169.71075417302393,171.1202825489648,192.40694226406663,197.35044727785115,199.24265273545834,198.80994315556148,200.09321437093516,203.4746374866811,205.21648822914253,,,169.87463131761587,180.99468557462984,186.76985913544092,195.69075372286733,199.38313041145193,199.0095840951241,198.75850385419335,202.0349144702414,204.2279347267131,207.35311987490377,208.0824480532937,208.88273263951194,206.55632719960866,203.7790442830346,203.31100004858254,202.91689932192423,200.75558112163122,197.11655187244705,195.86247011432485,193.98872537451248,190.84227822458195,,192.40694226406663,205.21648822914253,193.04726247129832,198.26744486060264,"rgba(239, 83, 80, 1.0)",18.39571129545691,194.41864930581752,-1.3002984874863146,43.437193157954624,-9.249116520032501,True,False,False,True,False,0.0,0.0,0.0,0.0,0.0,1,0.7937217306991816,1.0533228078426637,False,False,False,False,-0.26155881096929645,-0.26741344353771895,False,False,False,False,-596046,-539846.6360783348,False,False,False,False,46479.89551257705,False,False,False,False
2025-04-03 00:00:00+00:00,157.5902815182,164.7313347052,156.0412672525,164.7313347052,56287,,,,,168.46401978336814,170.5779032176808,191.88204950052145,196.81837619042435,198.80217523631754,198.41522425834398,199.7505314837058,203.19278471783332,204.96300506253007,,,169.17625969912393,180.50804522473436,186.2703968657361,195.1570993084088,198.90547507714464,198.58685773556792,198.38062220813353,201.72831965684327,203.96743801361438,207.11718522295513,207.86014728630747,208.67014704258315,206.38560779170166,203.63506880239456,203.17269483123957,202.78363688173792,200.64006616718655,197.02138791746543,195.773276576399,193.91853173344444,190.78460837718714,,191.88204950052145,204.96300506253007,192.54067438341394,197.9829132021361,"rgba(255, 26, 202, 1.0)",18.08257105588852,193.96370945079056,-2.011518595456906,38.23930198660452,-7.634863175645194,True,False,False,True,False,0.0,0.0,0.0,0.0,0.0,1,0.7677401220624753,1.0444350272817347,False,False,False,False,-0.34282825441539394,-0.30512084897655645,False,False,False,False,-652333,-544257.8660360471,False,False,False,False,46864.48784541717,False,False,False,False
2025-04-04 00:00:00+00:00,154.4435418464,155.3446979444,147.8577956603,153.1965366514,98755,,,,,165.66641502792862,169.21816641020374,190.81269472665974,195.75407744916578,197.92090561932793,197.62208002818696,199.06238296194573,202.63018788340852,204.45852613059984,,,167.4268000919938,179.44206058852458,185.22220799000527,194.08389641201106,197.95252183703013,197.7395207028858,197.62034608411267,201.11478778656013,203.44787081570746,206.64964083432156,207.42004869536333,208.24983469311812,206.04541778688983,203.34558086951148,202.8941379710972,202.51484322414686,200.40522890316427,196.82510176701103,195.58828423501456,193.77152594160435,190.6617484350359,,190.81269472665974,204.45852613059984,191.4606040263808,197.38798286150367,"rgba(255, 26, 202, 1.0)",17.877889880295136,192.9989637207116,-2.156598017577403,33.89184622485677,-11.569646347482141,False,False,False,True,False,0.0,0.0,0.0,0.0,0.0,0,0.7409395945111912,1.0747730712793053,False,False,False,False,-0.34282825441539394,-0.3239745516959752,False,False,False,False,-751088,-552368.8516816923,False,False,False,False,48899.40989069493,False,False,False,False
2025-04-07 00:00:00+00:00,147.0881596415,155.5979958746,144.9740961469,148.6566583634,79274,,,,,163.63272133333194,168.07657582022676,189.92436857015892,194.8730336184203,197.18727043434507,196.95939981195718,198.48582912204859,202.15811631191528,204.0350162130773,,,166.00883688959723,178.54457842023388,184.34575985982542,193.19477539119165,197.16140639242207,197.0331121034954,196.98431614895077,200.6002480284771,203.0115507400341,206.25734731021026,207.05067657792745,207.8970720270596,205.7586320163155,203.1004896321253,202.6581014104443,202.2869099326371,200.2053733264529,196.65703397041094,195.429530033661,193.64480544714337,190.55513086885185,,189.92436857015892,204.0350162130773,190.59248124838683,196.89152778293078,"rgba(255, 26, 202, 1.0)",17.868761457707556,192.21044064874167,-2.525204733077821,29.34399141060497,-15.578004723876603,False,True,False,True,False,0.0,0.0,0.0,0.0,0.0,0,0.7360759488188146,1.0682611958657455,False,False,False,False,-0.34282825441539394,-0.33340140305568455,False,False,False,False,-830362,-563270.5437726063,False,False,False,False,50090.57028713827,False,False,False,False
2025-04-08 00:00:00+00:00,143.0841038982,151.5062600785,142.1585922301,150.0790236639,43235,,,,,162.49234458892423,167.3974181052727,189.4138157766952,194.3692667562899,196.76675607473862,196.5786160758157,198.15416824733782,201.88670608379897,203.7916197497688,,,165.1765896547921,178.01924096430147,183.83784675599105,192.68566146885186,196.70875250656724,196.62779354165627,196.6185466994339,200.30433953795895,202.76064282349267,206.03214614165734,206.83864901228966,207.69463524614102,205.59345587153572,202.95879304494935,202.52154062301122,202.15495390338674,200.08930229042102,196.55888147770625,195.33662600587965,193.57036365719392,190.49211775677267,,189.4138157766952,203.7916197497688,190.09452349540467,196.60443806136087,"rgba(255, 26, 202, 1.0)",18.048972742220332,191.75636736507448,-2.696677764547777,25.601847896009545,-18.774708304452545,False,True,False,True,False,0.0,0.0,0.0,0.0,0.0,0,0.7328754582275856,1.0879944584246726,False,False,False,False,-0.34282825441539394,-0.3381148287355392,False,False,False,False,-873597,-575440.2087227001,False,False,False,False,49821.72439352501,False,False,False,False
2025-04-09 00:00:00+00:00,155.758742638,156.6355431658,140.4147334027,140.4147334027,62705,,,,,161.5223352527539,166.7068228926587,188.78182289961333,193.73486285536998,196.23143669300518,196.09321007256582,197.7287099696032,201.53465683350024,203.47433088506804,,,164.38203778519957,177.4073591451969,183.2242525584086,192.04808383378113,196.1334770475179,196.11164130493225,196.15190053927506,199.92222276776332,202.43432309673034,205.737148125168,206.56037373947441,207.42846603389864,205.3767281408152,202.773581544022,202.34315222953464,201.98266895123933,199.93828273469546,196.43207587175095,195.2169300175567,193.47480607974256,190.41189782104888,,188.78182289961333,203.47433088506804,189.5342431504598,196.2539755773351,"rgba(255, 0, 0, 1.0)",18.123509515368312,191.22827235213754,-1.9571005099238756,30.426144460150418,-18.774708304452545,False,True,False,True,True,0.0,0.0,0.0,0.0,0.0,0,0.7303506142911999,1.0775095636113559,False,False,False,False,-0.32090803389444494,-0.32951143131499205,False,False,False,False,-810892,-584673.612302202,False,False,False,False,50326.95088789658,False,False,False,False
2025-04-10 00:00:00+00:00,144.2142023562,151.4331933679,141.6617385977,151.4331933679,55766,,,,,160.4280740963248,165.9537438900255,188.16257339720374,193.1197785191812,195.71263610636402,195.62170356935223,197.31565034683103,201.19407291843905,203.1679004028019,,,163.5021246367673,176.78419249357881,182.61317930299774,191.42797155564554,195.57676551304192,195.6109169709912,195.69831690352012,199.5520050425054,202.11877621502674,205.4529506209884,206.29243798254586,207.17238167440559,205.16726690367696,202.59366302153938,202.16969684661595,201.81501027436005,199.79067363645865,196.30715369107207,195.0986631665065,193.37990392653995,190.33152622920218,,188.16257339720374,203.1679004028019,188.96401480516928,195.9062025189392,"rgba(255, 26, 202, 1.0)",18.519138631416272,190.69643558193997,-2.5099565455429174,30.813425426756446,-18.774708304452545,False,True,False,True,True,0.0,0.0,0.0,0.0,0.0,0,0.735013794039721,1.0707155508930097,False,False,False,False,-0.34282825441539394,-0.336169842865193,False,False,False,False,-866658,-595731.8235844686,False,False,False,False,50540.24693150848,False,False,False,False
2025-04-11 00:00:00+00:00,147.370684256,148.617689451,141.2623072461,144.2434290404,60081,,,,,159.40606645631695,165.20002979888736,187.51475960871616,192.4742480926533,195.16528583357086,195.12330734705088,196.87775090560223,200.83163341130341,202.84126969156196,,,162.6417725888788,176.13930318811728,181.97641444954962,190.77793208909338,194.99035885723615,195.0822701821511,195.21850086699496,199.15862185929893,201.78260641219885,205.14966295170916,206.00630867367946,206.89876532480255,204.9431658805871,202.40102357874866,201.98394222655574,201.6354318714383,199.6324835804508,196.17320137689288,194.97182657943736,193.2780385066721,190.24522123516172,,187.51475960871616,202.84126969156196,188.38159457174035,195.54208155222466,"rgba(255, 26, 202, 1.0)",18.71939774119795,190.14791906587868,-2.285182215864448,32.437091617833,-24.260136314515556,False,False,False,True,True,0.0,0.0,0.0,0.0,0.0,0,0.7269352986991924,1.0825909832209948,False,False,False,False,-0.34282825441539394,-0.33949904864029345,False,False,False,False,-806577,-604000.2618752738,False,False,False,False,50914.394110665016,False,False,False,False
2025-04-14 00:00:00+00:00,148.9976363464,150.7902063142,146.1431635172,148.5105249421,42267,,,,,158.9034969393597,164.77662299420635,187.10151507373763,192.05803552798488,194.80948516542745,194.79881317537837,196.59130194608565,200.59272901023033,202.6252361487735,,,162.18023796002439,175.74314101352584,181.57621312007606,190.36028598953905,194.60978386667708,194.7384563035949,194.9058595717656,198.90011314214374,201.56059223890827,204.94844343298857,205.8162201430789,206.7167716476221,204.79417804929648,202.2731641165707,201.8606813120137,201.51629146360548,199.52769691850355,196.08477361737707,194.88820932691,193.21098370454908,190.18864084355954,,187.10151507373763,202.6252361487735,188.0285817756871,195.3106048469385,"rgba(255, 26, 202, 1.0)",18.84859639861591,189.80911115361238,-2.1652262027430997,34.22347218881543,-22.54542328055754,False,False,False,True,True,0.0,0.0,0.0,0.0,0.0,0,0.7776779351676542,1.0690385321174167,False,False,False,False,-0.28642615420622985,-0.31296260142326165,False,False,False,False,-764310,-610286.9182723219,False,False,False,False,50575.28061612914,False,False,False,False
2025-04-15 00:00:00+00:00,150.0010858392,152.2807672113,148.3301963002,149.0853163992,31068,,,,,158.6148043348167,164.5077457190366,186.81542113646765,191.76792318297652,194.56013060130252,194.57113716325787,196.38969179219276,200.42374716708477,202.47209583261687,,,161.89685934894158,175.4755004842242,181.30177251830543,190.06982655292265,194.34336845355523,194.49741296804368,194.68637966476354,198.71762665749299,201.40335909795758,204.8055237351182,205.68109001147144,206.58729704491083,204.68819691145004,202.18229240137342,201.7730879225444,201.4316337097616,199.4533020644697,196.0221159790676,194.82900671480678,193.1635451051182,190.14870826467876,,186.81542113646765,202.47209583261687,187.79141076997246,195.15045986731496,"rgba(255, 26, 202, 1.0)",18.847414896406583,189.5788420800146,-2.0999036981119588,35.86622658376544,-20.90130933397107,True,False,False,True,True,0.0,0.0,0.0,0.0,0.0,0,0.7978926206376271,1.0385026627407032,False,False,False,False,-0.2577274185143389,-0.2853450099688003,False,False,False,False,-733242,-615108.6861832113,False,False,False,False,49810.28921941819,False,False,False,False
2025-04-16 00:00:00+00:00,144.2336868124,151.1993798938,142.6189125071,147.9941868535,44349,,,,,158.04503913194714,164.0332376225142,186.3687975674944,191.31967320478563,194.17582853434124,194.219841071794,196.07909983351445,200.16453618471445,202.2376479697439,,,161.37802496572954,175.04131676937521,180.86659382655193,189.61961980709864,193.93300549744987,194.12571475134496,194.34764508698322,198.43721042829,201.16235472100004,204.58725205919774,205.47485637789896,206.38985120871902,204.5260512375136,202.04271866719657,201.63845375451638,201.30143211755433,199.3384979010877,195.9248233880459,194.7368640762014,193.0894265149162,190.08588309075256,,186.3687975674944,202.2376479697439,187.40485568009436,194.89808565783355,"rgba(255, 26, 202, 1.0)",18.895792918303798,189.20884279318494,-2.380167700568883,35.38111191183501,-20.90130933397107,True,False,False,True,True,0.0,0.0,0.0,0.0,0.0,0,0.7813053411583929,1.0350569494828021,False,False,False,False,-0.3110980266247838,-0.29822151829679205,False,False,False,False,-777591,-621480.541627007,False,False,False,False,49596.12101473513,False,False,False,False
2025-04-17 00:00:00+00:00,145.1202295682,147.0686751854,144.0729400489,144.1752334438,32626,,,,,157.63851268661978,163.68836249894522,186.04165818553108,190.9912088829361,193.89351812518953,193.96147382736768,195.85034802705547,199.97333101931767,202.06459486287778,,,161.00346789710494,174.72358593633706,180.54787436262993,189.2897967810096,193.63183319553613,193.85254108437454,194.09840523258285,198.23048914673151,200.9844869858387,204.42608380347724,205.32253194511728,206.24398955643514,204.40612666310213,201.93939234850956,201.53876437781398,201.20500768396406,199.25341332268408,195.8526371269358,194.66847224590327,193.03435936235684,190.03915462460915,,186.04165818553108,202.06459486287778,187.1225564573156,194.71266295292224,"rgba(255, 26, 202, 1.0)",18.936597831387928,188.93810042444107,-2.313925196405226,35.49636018734916,-20.84528427911081,True,False,False,True,True,0.0,0.0,0.0,0.0,0.0,0,0.7842531495974737,1.056610086270034,False,False,False,False,-0.33185184606848944,-0.31503668218264075,False,False,False,False,-744965,-626323.0694063401,False,False,False,False,48930.62607298081,False,False,False,False
2025-04-21 00:00:00+00:00,139.5087061907,143.8732243732,138.5149989259,143.8732243732,40494,,,,,156.9849431969307,163.17005020045116,185.59581187874446,190.5478584637032,193.51347429655854,193.61331966093553,195.54260166041763,199.71719716977998,201.8332362390844,,140.63230982993332,160.42679872909403,174.27567639782026,180.1073288254734,188.84327652307894,193.2265789037414,193.48461954577635,193.76248456502339,197.95308544127826,200.74640866914868,204.2111315800247,205.11951779715525,206.04974416322133,204.24592843588607,201.80085083620804,201.40500935203602,201.07555859632902,199.1388226998118,195.75484969383763,194.5756229420768,192.9593334690682,189.97508355332602,,185.59581187874446,201.8332362390844,186.7242769740673,191.84178017634773,"rgba(255, 26, 202, 1.0)",19.13204272693267,185.38143363707377,-2.3976910412079286,34.113460049819345,-20.84528427911081,False,False,False,True,True,0.0,0.0,0.0,0.0,0.0,0,0.7768536772826219,1.0541483358870285,False,False,False,False,-0.34282825441539394,-0.32893246829901734,False,False,False,False,-785459,-632563.6941355034,False,False,False,False,48599.77799168745,True,False,False,False
2025-04-22 00:00:00+00:00,146.5328526406,147.4047820543,141.8370987032,142.3534367918,60373,,,,,156.3494439922468,162.58917799862968,185.01385552334324,189.96110149619454,193.0055214976944,193.14720335578878,195.12821747467058,199.36898215463458,201.51734767322336,,143.40111976564336,159.8125360040884,173.7181913589071,179.5431668911098,188.25500302097524,192.68590003722696,192.99262327706873,193.31235157207368,197.57740692170904,200.42197003129706,203.9164557331719,204.8407398415963,205.78259624350983,204.02583592449665,201.61098954526759,201.22177622943843,200.89827786399167,198.98225017469446,195.62187983151108,194.44960422342223,192.8577279683554,189.88879381013598,,185.01385552334324,201.51734767322336,186.23120568515844,191.65353372455996,"rgba(255, 26, 202, 1.0)",19.102342869761955,185.05765132371133,-2.01675778441262,36.496049366589794,-19.445413120040428,True,False,False,True,True,0.0,0.0,0.0,0.0,0.0,0,0.791906034330336,1.0275810021470144,False,False,False,False,-0.2825385321562067,-0.30573550022761203,False,False,False,False,-725086,-636192.0198556797,False,False,False,False,49061.47297240559,False,False,False,False
2025-04-23 00:00:00+00:00,149.9426324707,156.552734227,149.0853163992,151.2286065781,52264,,,,,156.14827603588526,162.29620064238418,184.60489519190298,189.53851975086135,192.63396964818398,192.80552602931738,194.8217321811083,199.10745641608736,201.27848038423093,,146.28823483070016,159.5431971745436,173.36060559218828,179.16057091059943,187.83466773650923,192.29138746925972,192.6325404376671,192.98198756735988,197.29698273977465,200.17740539477253,203.69217247628396,204.62800375920432,205.5782396010738,203.8578830001273,201.46679141202415,201.08271607788765,200.76381782485782,198.86400702905323,195.52234942886852,194.35560232451326,192.7822698254246,189.82537281793864,,184.60489519190298,201.27848038423093,185.9150062533291,191.56895813936342,"rgba(255, 0, 0, 1.0)",18.99243187175456,184.89633844101277,-1.8404018088013112,39.48610788156292,-16.437653995204236,True,False,False,True,True,0.0,0.0,0.0,0.0,0.0,0,0.8206642201590911,0.9935412075268161,False,False,False,False,-0.14338849145334692,-0.22456199584047948,False,False,False,False,-672822,-637628.4896652609,False,False,False,False,49187.06226760537,False,False,False,False
2025-04-24 00:00:00+00:00,152.7971052999,152.7971052999,150.4394861031,151.1409265253,58206,,,,,155.95162644137977,161.99264795904307,184.16319987753656,189.0806346716676,192.22949834631765,192.4329771546205,194.48665431989392,198.82048567646962,201.01595085329754,,147.8644509541141,159.2694188876147,172.97859151140693,178.74902446203998,187.3797438931406,191.86250841081642,192.24032581791175,192.6215357003487,196.9897227432062,199.9087611032161,203.44537496648184,204.39375541550882,205.35309936283284,203.67264304524386,201.30766564443834,200.92923749802898,200.6153957076491,198.73343790236837,195.4124162620205,194.2517706401247,192.69886785741159,189.75526982698418,,184.16319987753656,201.01595085329754,185.57485281113622,191.39894399642563,"rgba(255, 0, 0, 1.0)",18.77244588523332,184.64556610525617,-1.6965536084143737,42.603701485697044,-13.4030188268773,True,False,False,True,True,0.0,0.0,0.0,0.0,0.0,0,0.8270162009978466,1.0034791454028118,False,False,False,False,-0.16322371021726087,-0.19389285302887016,False,False,False,False,-614616,-636726.0390901526,False,False,False,False,49540.746100248296,False,False,False,False
2025-04-25 00:00:00+00:00,149.3288721013,151.8910780879,148.0818669063,150.8194329985,44938,,,,,155.73270375134595,161.72028105490145,183.80705850371334,188.71375508810644,191.9055755182068,192.13426188252473,194.21804521088325,198.590803814075,200.80597687115048,,148.19811201574666,159.0100376132635,172.66230441126294,178.41376805176085,187.0145595917916,191.5192926797297,191.92605509829082,192.33241883548277,196.74364636380128,199.69377390785633,203.2481984132196,204.20663921844843,205.1733121369063,203.52435857654382,201.17995073224907,200.8059939043001,200.49616110664445,198.628311001349,195.3235528983793,194.16771487494682,192.63117198354774,189.69811712119775,,183.80705850371334,200.80597687115048,185.29205129943415,191.21340807159868,"rgba(255, 0, 0, 1.0)",18.645070815908447,184.39078772651558,-1.880492488947796,43.43919788246629,-12.527903812688976,True,False,False,True,True,0.0,0.0,0.0,0.0,0.0,0,0.8321098741919374,1.001382565137273,False,False,False,False,-0.19038901642099812,-0.19214093472493415,False,False,False,False,-659554,-637621.25324348,False,False,False,False,49360.246253179736,False,False,False,False
2025-04-28 00:00:00+00:00,150.2738682256,151.7546868947,148.0818669063,149.3191298732,45868,,,,,155.53407620777324,161.46050747327493,183.45389158033103,188.34882102815368,191.58208871596082,191.83556004851562,193.948827008701,198.35985823719582,200.59454691192838,,148.4772423521561,158.7668021219259,172.3519362802631,178.08262426416135,186.6517037649068,191.17692259987498,191.61206105597049,192.0431574887023,196.4965341989092,199.47740485476436,203.04943633878065,204.0179070484889,204.99188649778665,203.3745989587957,201.0509238170088,200.68147167212666,200.37567779285396,198.52206232857424,195.23374113896477,194.08276535408183,192.5627280502985,189.6403424931157,,183.45389158033103,200.59454691192838,185.01313080131493,191.02584299645486,"rgba(255, 0, 0, 1.0)",18.531139889924933,184.13630460062978,-1.8273261427075085,44.40550375592364,-11.448857675057724,True,False,False,True,True,0.0,0.0,0.0,0.0,0.0,0,0.8300416939208469,1.0025493697802565,False,False,False,False,-0.1915300777202737,-0.19183550622260392,False,False,False,False,-613686,-636682.6158613827,False,False,False,False,49223.29541972171,False,False,False,False
2025-04-29 00:00:00+00:00,150.4784550154,151.5890690172,147.8870223446,148.958667434,39298,,,,,155.37309129836365,161.24598836538993,183.15667315220986,188.04117612568558,191.30854534696812,191.58268068340695,193.7204971261233,198.16352214256557,200.41461257614807,,148.65075964471532,158.5674783287713,172.0921150244054,177.80448466858232,186.34600622992406,190.88769137881482,191.34643135205914,191.79815513842945,196.28665363925887,199.29332883361144,202.88015593125104,203.8570966281855,204.83724868166763,203.24683158098458,200.94078299596478,200.57516152951965,200.27280279701338,198.43130413850153,195.1569884854044,194.01015791258797,192.5041911128162,189.59091228602242,,183.15667315220986,200.41461257614807,184.77853186854014,190.86408174598265,"rgba(255, 0, 0, 1.0)",18.379300936663665,183.91897900277712,-1.8194665892144364,45.14449655845427,-10.530534605089954,True,False,False,True,True,0.0,0.0,0.0,0.0,0.0,1,0.8241954644824129,1.015462998737718,False,False,False,False,-0.19454812139371377,-0.19319181380815886,False,False,False,False,-574388,-634239.6897491716,False,False,False,False,48834.06814836008,False,False,False,False
2025-04-30 00:00:00+00:00,151.8228824913,152.9299964205,145.7881230824,148.7783191859,72503,,,,,155.1092806676522,160.87707419598775,182.62510050814794,187.4891956926073,190.81554219684847,191.12621690789678,193.3072595579011,197.80689545366087,200.0872518491659,,148.91866721033057,158.23038349411976,171.63236766893536,177.30902842731584,185.79814442649084,190.3670962970698,190.86742477433614,191.35562721937112,195.9059776432358,198.95861829706143,202.571803052122,203.56397466875097,204.55522771299246,203.01356378683468,200.7395949943863,200.38094321228616,200.0848349473613,198.2654192195742,195.01667444402378,193.87741814623206,192.39710909288394,189.50048701962706,,182.62510050814794,200.0872518491659,184.3604241144298,190.57063948214153,"rgba(255, 0, 0, 1.0)",18.37476459290165,183.52869596478126,-1.7255085534934982,46.293571238124066,-9.195041486240626,True,False,False,False,True,0.0,0.0,0.0,0.0,0.0,1,0.8192763919567027,1.0099224437777978,False,False,False,False,-0.1995267475244494,-0.19635928066630415,False,False,False,False,-501885,-629049.3097590081,False,False,False,False,49762.261554306744,False,False,False,False
2025-05-01 00:00:00+00:00,154.6796318265,156.6961607691,150.3050490642,151.0913965024,50016,,,,,155.0681181578555,160.72007520965562,182.30911405349502,187.1546753770928,190.51273183639466,190.8451775395832,193.05088487200834,197.58289309051858,199.88051706703178,,149.45497838577737,158.113385109227,171.3792767052569,177.02285407086103,185.4681817065372,190.04813153835386,190.57299834060169,191.08283536232474,195.6680425320426,198.74774171096735,202.37610936992255,203.37756031574645,204.37553719552463,202.86506247582122,200.6118581702326,200.257678517244,199.96557330134442,198.16043303549856,194.92836264265213,193.79405731730444,192.33002383225144,189.44421701617262,,182.30911405349502,199.88051706703178,184.12490968929285,190.41353289016206,"rgba(255, 0, 0, 1.0)",18.292770129785122,183.3235504161716,-1.5658600849650568,48.41998986956219,-6.963905693426433,True,False,False,False,True,0.0,0.0,0.0,0.0,0.0,1,0.8435717418547671,0.9947474771923472,False,False,False,False,-0.1301477884118088,-0.16325353453905647,False,False,False,False,-451869,-622101.0623174785,False,False,False,False,49772.212081588834,False,False,False,False
2025-05-02 00:00:00+00:00,157.3979919206,158.9153311004,154.6203221518,155.2035339538,57298,,,,,155.13943132451863,160.62611598940606,181.9939333363331,186.81433146792577,190.20059006134366,190.55483176373824,192.78406567151168,197.34698852027708,199.66167796240316,,150.2819149804939,158.07934324369623,171.14767195555967,176.74607933525493,185.13458266726087,189.7201086173086,190.26929794320844,190.80068514028827,195.4186382818883,198.52502101401564,202.16798819818362,203.1789214214788,204.18372667602685,202.70668525499875,200.47598160239824,200.12660872745633,199.83879838929633,198.04910790129426,194.83522741471114,193.70633480605434,192.25960201696915,189.38554630579316,,181.9939333363331,199.66167796240316,183.9024406774953,190.26963617854366,"rgba(239, 83, 80, 1.0)",18.111971529324453,183.14114797023973,-1.421333729901237,51.047908739520665,-4.332707157148093,True,False,True,False,True,0.0,0.0,0.0,0.0,0.0,0,0.8672266738914934,0.9853824409852853,False,False,False,False,-0.07631363343105073,-0.1197835839850536,False,False,False,False,-394571,-613178.3147756166,False,False,False,False,50067.34101956574,False,False,False,False
2025-05-05 00:00:00+00:00,157.6648854571,159.809918695,156.9630543056,156.9630543056,37036,,,,,155.2102880679826,160.58650767582017,181.8036675395811,186.60685058035088,190.0088883791883,190.3762308587239,192.61924859867318,197.2003287390285,199.5252483440861,,150.80359801021578,158.08060946882975,171.0139086252654,176.58154269178746,184.93185238843392,189.51896440613467,190.08268391773115,190.62699407120658,195.26398013054978,198.38633130827728,202.0379271968101,203.05465196343374,204.06361645767066,202.60749466505868,200.39095013483873,200.04459209734944,199.75947372026096,197.97950719415908,194.77711993136575,193.65165146288214,192.215734258729,189.34909852683063,,181.8036675395811,199.5252483440861,183.77080653149275,190.18287249211303,"rgba(239, 83, 80, 1.0)",17.862035528948894,183.03368724563833,-1.4202637626279073,52.91954775702967,-2.465298959024132,True,False,True,False,True,0.0,0.0,0.0,0.0,0.0,0,0.881672508202405,0.981636545124653,False,False,False,False,-0.04982467356668098,-0.0848041287758673,False,False,False,False,-357535,-603153.0867452003,False,False,False,False,49556.30803840631,False,False,False,False
2025-05-06 00:00:00+00:00,157.7835048067,159.7308391287,156.1228339129,156.1524887503,46208,,,,,155.28651972555974,160.53361553725583,181.56786666657393,186.34977170226497,189.7709261134012,190.1543179965144,192.41422558090215,197.01764004928967,199.3551941255401,,151.34444471458076,158.07593996784297,170.84744652908387,176.37738197465254,184.68066851817835,189.26946710911506,189.85095247414128,190.4111024457462,195.07143649653798,198.21348626823112,201.875749890936,202.89964967519342,203.91377079962274,202.48361771814058,200.2846711149627,199.94206324824276,199.66029440578734,197.89242995532103,194.70435330166237,193.58315002079286,192.16073303201233,189.3033555576132,,181.56786666657393,199.3551941255401,183.6055641663669,190.06910383143858,"rgba(239, 83, 80, 1.0)",17.56248245816174,182.89371535712158,-1.4297643063980525,54.22511063726779,-1.1218919790439799,True,False,True,False,True,0.0,0.0,0.0,0.0,0.0,0,0.877458894439291,0.976629513103536,False,False,False,False,-0.05733801929206174,-0.07107107403396451,False,False,False,False,-311327,-591708.9264806827,False,False,False,False,49425.001840821744,False,False,False,False
2025-05-07 00:00:00+00:00,158.2579822049,160.007617611,157.3287973001,159.7802638576,37766,,,,,155.36054719720013,160.50215023811197,181.38378326070998,186.1477891587625,189.582965833346,189.9788068670518,192.25157961678516,196.87205167582724,199.21940603951907,,151.76704872838303,158.08440517163072,170.72118593778168,176.21957069946987,184.48372638000728,189.0726331068648,189.6678340740813,190.24025231329273,194.91827117567755,198.07557823158086,201.74603609529856,202.77557774141073,203.79374692702413,202.38435439501473,200.199532948654,199.85992951377582,199.5808431942375,197.82269751120057,194.6461434782818,193.5283774856255,192.11676397362535,189.2668423972466,,181.38378326070998,199.21940603951907,183.47767554303488,189.97938725546467,"rgba(239, 83, 80, 1.0)",17.25317398330983,182.7850136218768,-1.4215953215740749,55.344420918932535,0.0789509210893371,True,False,True,False,True,0.0,0.0,0.0,0.0,0.0,0,0.8832328252137405,0.9741691045694724,False,False,False,False,-0.04522255024085023,-0.05814681213740737,False,False,False,False,-273561,-579232.5372069305,False,False,False,False,48967.78608235815,False,False,False,False
2025-05-08 00:00:00+00:00,164.574462569,165.8100807936,158.3469467171,159.7703789118,41966,,,,,155.54720830671764,160.54348657536056,181.22119042777933,185.96180526804395,189.40582104184014,189.81288977665116,192.09590176642723,196.7298894078073,199.08569829949076,,152.45050780421514,158.18204787119706,170.63320971756997,176.09006261722388,184.3046771582932,188.887785045716,189.4951133941425,190.07846083670404,194.76987383522746,197.94029932768882,201.6173183477232,202.6520843553497,203.6739491852829,202.28553861959378,200.1152326168662,199.77867297568505,199.50229530352735,197.75410308224284,194.58949592669268,193.47530466000902,192.074392664,189.23213637964653,,181.22119042777933,199.08569829949076,183.37821009667977,189.9138016340475,"rgba(239, 83, 80, 1.0)",16.856697684192845,182.71283162619093,-1.0760333605674122,58.94875961333075,3.585810987053179,True,False,True,False,True,0.0,0.0,0.0,0.0,0.0,0,0.8863331323436495,0.955246128671174,False,False,False,False,0.010392811826433092,-0.02387700015548714,False,False,False,False,-231595,-565599.6926105802,False,False,False,False,48693.206235991165,False,False,False,False
2025-05-09 00:00:00+00:00,163.3190744529,169.0177457046,162.8544820004,164.3668787073,41656,,,,,155.77515875437368,160.61920850647803,181.08125374268607,185.79708817834947,189.24639887327257,189.6632195547471,191.9542800811027,196.59885936977307,198.96179076717124,,153.17433364716302,158.31753116818152,170.57162981290037,175.98457925928605,184.14746009726096,188.72186399732522,189.33956876912302,189.93232709244552,194.6337913275396,197.815236219709,201.49745340298324,202.53685833758027,203.5619735079508,202.19327809360166,200.03675228811193,199.70305944194018,199.42922823659492,197.6904726569223,194.53727487664938,193.42650405529585,192.03555210201313,189.2005878128212,,181.08125374268607,198.96179076717124,183.29969531421708,189.86255881442827,"rgba(239, 83, 80, 1.0)",16.48175974309997,182.66176862046484,-1.1735818546719559,60.41832058429787,5.014185846979103,True,False,True,False,True,0.0,0.0,0.0,0.0,0.0,0,0.8999692786630354,0.9530512649564731,False,False,False,False,0.07339853671286238,0.02476076827868762,False,False,False,False,-273251,-554135.0379984006,False,False,False,False,48417.23736399151,False,False,False,False
2025-05-12 00:00:00+00:00,170.4362354265,175.0030803845,168.4987860503,171.7410482716,54334,,,,,156.2458930673062,160.84786461434314,180.97213352349678,185.6496923148686,189.09449765410423,189.519602582501,191.81418309238637,196.4631170458358,198.83106671328656,,154.43747093994776,158.64288300716552,170.58216549163058,175.92700155320844,184.01211211682127,188.56514157185833,189.19110160904856,189.7915202798068,194.49527139263628,197.68438577155626,201.36889787303176,202.41250728226237,203.44043997214825,202.09376125187526,199.95310960311323,199.62262974314464,199.35163342399443,197.62367265844034,194.483820150498,193.3770711510543,191.9967566615744,189.17018269932902,,180.97213352349678,198.83106671328656,183.27089451201428,189.8528298421621,"rgba(239, 83, 80, 0.5)",16.030714939807027,182.67688464139238,-0.7635747538930248,63.94860892174424,8.371796877451857,True,False,True,False,True,0.0,0.0,0.0,0.0,0.0,0,0.8949191224447011,0.9344159721008893,False,False,False,False,0.1696511596414456,0.0972059639600666,False,False,False,False,-218917,-540989.2325866986,False,False,False,False,48649.267271285964,False,False,False,False
2025-05-13 00:00:00+00:00,174.884461035,176.0298297044,171.9980568623,172.1759858867,48023,,,,,156.71683763014843,161.0974584042995,180.9069432891985,185.54855750503725,188.98459473389838,189.41507592030126,191.70977026900684,196.35847541990572,198.7289998470415,,155.5893687305139,158.9819374523118,170.62835335432732,175.90951423425636,183.92246380055832,188.45256714219735,189.08351837273497,189.68869122934578,194.38982585223636,197.582802109904,201.26740079274705,202.31391422489986,203.34371370849473,202.0148322639976,199.8872659537408,199.55939215565127,199.29068601349437,197.5715933447128,194.4428518296499,193.33946221276753,191.96752971637542,189.1478824711369,,180.9069432891985,198.7289998470415,183.27407922431524,189.8630077389271,"rgba(239, 83, 80, 0.5)",15.61135369818598,182.71822919396877,-0.5017994153754299,67.51531595298829,11.676274971924236,True,False,True,False,True,0.0,0.0,0.0,0.0,0.0,0,0.9089798494338348,0.9361390997088621,False,False,False,False,0.3125252129554975,0.20486558845778205,False,False,False,False,-170894,-526475.6940538869,False,False,False,False,48624.70777045122,False,False,False,False
2025-05-14 00:00:00+00:00,174.202399775,175.0722750051,172.7295428513,174.0738954796,52960,,,,,157.2000497374741,161.35612296328452,180.83328449051078,185.43614899335066,188.86281124344742,189.29917999512045,191.5940800680882,196.24264782925093,198.6160376183344,,156.69592086557975,159.3321646233927,170.67389155955104,175.88710605178937,183.8224479578168,188.32785001661176,188.9642703289634,189.57466223120045,194.27307628782833,197.47035026417586,201.15510159534557,202.2048177592802,203.23668124265052,201.9273620336553,199.81418956229527,199.48918719427368,199.2230057735047,197.51368536871445,194.3971879907158,193.2975016582949,191.93485939655807,189.12286717331028,,180.83328449051078,198.6160376183344,183.27115143765127,189.864023018282,"rgba(239, 83, 80, 0.5)",15.129566915596138,182.75091678767782,-0.5650206023984521,69.37715946688203,13.363057014153839,True,False,True,False,True,0.0,0.0,0.0,0.0,0.0,0,0.9334438320314742,0.9124833787441082,False,False,False,False,0.3101278971806296,0.2574967428192058,False,False,False,False,-223854,-514608.176640009,False,False,False,False,48794.719230433526,False,False,False,False
2025-05-15 00:00:00+00:00,174.4692933115,178.0031614338,171.479097208,173.4511438945,70937,,,,174.65051731776666,157.82991220226018,161.70373985016374,180.74619337175912,185.29732372310403,188.70974812206725,189.1531194614554,191.44709817001612,196.09384398607764,198.47028587100183,,158.03358114441235,159.79611890123414,170.74452478780557,175.86795575759768,183.70024792956644,188.17155034684853,188.81426998219084,189.43075790284257,194.12371644629326,197.3255167068314,201.0096857109736,202.06333262380008,203.09769070875183,201.81375625212556,199.7193970002566,199.398133120997,199.13523591844393,197.43869426021882,194.3382789446111,193.24346338689043,191.89286221301705,189.0909225125294,,180.74619337175912,198.47028587100183,182.41017820756718,189.86329539163458,#000000,14.561607832025418,181.50550109906473,-0.48320267024977603,70.69770826585976,14.619048014914668,True,False,True,False,True,0.0,0.0,0.0,0.0,0.0,0,0.9264784070629273,0.9046009574681115,False,False,False,False,0.3280327747144739,0.2927647587668398,False,False,False,False,-152917,-500424.2089286361,False,False,False,False,49663.04396649496,False,False,False,False
2025-05-16 00:00:00+00:00,175.5368674576,176.5747867662,174.2715943956,175.2304341379,43779,,,,174.9598529766843,158.21410107699688,161.92221778833834,180.70064436220088,185.2198045921097,188.62227099704663,189.0693797041458,191.36196996244394,196.00646121479633,198.38424704180002,,158.799663058558,160.0835558779942,170.7956667911303,175.86410389414672,183.63305394665608,188.08253619988037,188.72846411745144,189.34811853815503,194.03645773243088,197.24020862068926,200.92347067774008,201.97929790852834,203.015009681602,201.74619322084504,199.66313108564756,199.34410084420963,199.08316354068083,197.39429572549392,194.30358770952247,193.21171660382686,191.86825886728946,189.0723807171137,,180.70064436220088,198.38424704180002,182.44609497165632,189.86378978875945,#000000,14.073710702846716,181.55363892468273,-0.4275184842236167,71.91103366801087,15.855282836206584,True,False,True,False,True,0.34006133589774734,0.0,0.0,0.0,0.0,0,0.938538473244808,0.9055265429311877,False,False,False,False,0.34271768912511397,0.3177412239459769,False,False,False,True,-109138,-485079.6517157484,False,False,False,False,49432.297144279466,False,False,False,True
2025-05-19 00:00:00+00:00,175.1216997341,175.6357169155,172.1759858867,172.1759858867,34312,,,,174.81049286050379,158.48439438490936,162.07452286648984,180.65777480775924,185.1528381107084,188.548593465761,188.9989749802615,191.2911019386544,195.93468580388085,198.31390184745607,,159.3162729554035,160.28526393631304,170.82529058261133,175.85266603261857,183.57384796014125,188.00736030193286,188.65621786569798,189.2787228157563,193.96443797705697,197.1703061295198,200.85327151491595,201.91096545892614,202.94786297290648,201.69117598713976,199.6171278521774,199.2998921687004,199.04053242456936,197.35780549960472,194.27483336390003,193.18530723912653,191.84767941504768,189.05665894605858,,180.65777480775924,198.31390184745607,182.42672810663845,189.85545805195093,#000000,13.478331213766891,181.5598833811718,-0.47766919694745225,72.32904588679102,16.42258532315296,True,False,True,False,True,0.12525884059671455,0.0,0.0,0.0,0.0,0,0.9233514895245363,0.9117905830712723,False,False,False,False,0.310336167190046,0.31403869556801145,False,False,False,False,-143450,-471682.4104719936,False,False,False,False,48839.344315092036,False,False,False,False
2025-05-20 00:00:00+00:00,174.5483728779,177.0196093271,174.2444107946,174.2444107946,32597,,,,174.89310569333045,158.74797011942877,162.226865407707,180.6236556170805,185.09554024576354,188.48396861030776,188.93703832737705,191.22809395833497,195.86994318078462,198.25010917540644,,159.80559736604286,160.48441643644617,170.86059650540633,175.84862297429424,183.52404938104291,187.94164933259896,188.5927970982827,189.21757549467387,193.89982062110863,197.10706260233863,200.78932217213114,201.8486067049609,202.88649076620717,201.6409374618859,199.57522985494023,199.25964492336712,199.00173422306082,197.32468491376864,194.24890221092025,193.16155835696605,191.82924066342696,189.04272401819995,,180.6236556170805,198.25010917540644,182.43562903355212,189.85096497002218,"rgba(239, 83, 80, 0.5)",13.138654520139193,181.58192390738782,-0.5353326719038587,72.03700959985801,16.42258532315296,True,False,True,False,True,0.0,0.0,0.0,0.0,0.0,0,0.9560663500307923,0.9022255012790105,False,False,False,False,0.3428282522646889,0.32843347391635014,False,False,False,False,-176047,-460088.864963288,False,False,False,False,48202.38963606882,False,False,False,False
2025-05-21 00:00:00+00:00,168.9633785028,171.918977296,168.8941838822,171.770703109,31946,,,,174.15005205341964,158.91736523646358,162.3129919906574,180.55766025487014,185.00982537430772,188.3958662284186,188.85334811964233,191.14629926661985,195.79052320429537,198.17346914085562,,160.10090000465468,160.60579863924147,170.85337465915305,175.80856153677013,183.44458636313084,187.85101436188666,188.50651761720638,189.1353952980317,193.8188790762599,197.03034988525383,200.71389648321295,201.77554174458098,202.81501680142728,201.5819447091522,199.5253083905203,199.21157222022316,198.9552966078283,197.28447810156274,194.21641902974181,193.13140918112802,191.8053893451186,189.02380475609596,,180.55766025487014,198.17346914085562,182.33074008695502,189.81831303554833,"rgba(239, 83, 80, 0.5)",12.836177625014884,181.5231389155569,-0.9784657691461588,67.06731145051974,16.42258532315296,True,False,True,False,False,0.0,0.0,0.0,0.0,0.0,0,0.9480118426606733,0.9039703597648481,False,False,False,False,0.23403636797480734,0.2812349209455787,False,False,False,False,-207993,-450202.75261178653,False,False,False,False,47564.88416014455,False,False,False,False
2025-05-22 00:00:00+00:00,167.154433422,169.7344042749,166.1066291675,167.4015570669,39709,,,,173.13335609473194,159.07910632965823,162.38639722213404,180.4595538480517,184.88885784921098,188.27425399121452,188.73804151945788,191.0347628273343,195.6839109997671,198.07120475268871,,160.3656619863151,160.71683994714863,170.82305884561265,175.74066941590823,183.33079911440555,187.72557133171085,188.38746552831827,189.02231045999636,193.70958096379394,196.92769546893211,200.61380897070484,201.67877425275893,202.7205291937962,201.50370767635786,199.45876895370552,199.14744180802282,198.8933024701313,197.23054960148556,194.17241709280447,193.090402853148,191.77275906037877,188.99756305418987,,180.4595538480517,198.07120475268871,182.17494454342494,189.7629677967529,"rgba(239, 83, 80, 1.0)",12.565421431730115,181.42495492481956,-1.1356978021273307,62.48467402223496,18.51864590107502,True,False,True,False,False,0.0,0.0,0.0,0.0,0.0,0,0.932642891290636,0.9060385961765367,False,False,False,False,0.18426737383865088,0.2327511473921148,False,False,False,False,-247702,-442261.54662701057,False,False,False,False,47256.81027151144,False,False,False,False
2025-05-23 00:00:00+00:00,165.0390550215,165.88916036,163.5661980978,163.5661980978,32373,,,,172.192505058686,159.1645273800266,162.41343397935873,180.36319894010416,184.77545897127598,188.1626719819084,188.6324451506963,190.93368199235795,195.5888609845701,197.98061635989401,,160.48956000353408,160.76893667918617,170.77696920579473,175.66702187021917,183.22267899555484,187.6101669871511,188.27827409840188,188.91887926186547,193.6115270879043,196.83648246855282,200.5256803972659,201.59375069400318,202.6376761780151,201.43487208050638,199.3999110157046,199.09066315179385,198.83837315674094,197.18252920880343,194.13282865712114,193.05335476379463,191.7431030023462,188.97338152026504,,180.36319894010416,197.98061635989401,182.02074007988782,189.70350679809567,"rgba(239, 83, 80, 1.0)",12.274380805954664,181.31939487285217,-1.3263675055163768,58.02581656892423,14.46035684090971,True,False,True,False,False,0.0,0.0,0.0,0.0,0.0,0,0.9322586390622295,0.9018162093546314,False,False,False,False,0.1216152823884024,0.1771832148902586,False,False,False,False,-280075,-435901.2898965396,False,False,False,False,46673.131437334516,False,False,False,False
2025-05-27 00:00:00+00:00,170.4856601555,171.770703109,164.6881394457,167.5102914706,33547,,,,171.85503777673932,159.3133040085434,162.48784251949724,180.29094192420564,184.68346504969185,188.06852768041836,188.54290814976525,190.84627850212905,195.50418682002174,197.8989495231315,,160.72687879738302,160.87529414561382,170.7627700773335,175.6205763544658,183.1369466209447,187.51336407856618,188.1860251538661,188.83093258432822,193.52516836695912,196.7546926341335,200.44537753953801,201.5159563799086,202.56158277536963,201.3718689247806,199.34642633571454,199.03912673289352,198.78856206314043,197.13928158872056,194.09771152126254,193.0206959250838,191.7171687622295,188.95267287367875,,180.29094192420564,197.8989495231315,181.94914419541433,189.66296193000034,"rgba(239, 83, 80, 0.5)",12.062857860962614,181.27120453838685,-0.8941118686137092,58.15433585660401,14.46035684090971,True,False,True,False,False,0.0,0.0,0.0,0.0,0.0,0,0.9336283438254274,0.8966366804818051,False,False,False,False,0.19039772590908516,0.1837904703996719,False,False,False,False,-246528,-428474.88637118513,False,False,False,False,46158.38118489002,False,False,False,False
2025-05-28 00:00:00+00:00,169.2500419309,170.8612880957,169.0770553794,170.8612880957,48978,,,,171.57227655773443,159.5387837522891,162.60566925269532,180.19394939413073,184.55737075956583,187.93804811367838,188.418584032992,190.72423640175458,195.38498650786244,197.783602785321,,161.07979524059317,161.0395986611996,170.750975684806,175.56142419450526,183.020133074285,187.37945851077401,188.05810049079943,188.70870264905008,193.40397752851058,196.6393325871668,200.33163800802254,201.4056381698989,202.45356447269688,201.28243749639947,199.27059174417298,198.96606502205182,198.71795392650193,197.07804943574277,194.0481384908529,192.97465207158982,191.6806533541742,188.92364501093812,,180.19394939413073,197.783602785321,181.87175075580234,189.608511372981,"rgba(239, 83, 80, 1.0)",11.885639460053405,181.21795030898568,-1.0069217073518646,57.39055869940596,13.893585181551387,True,False,True,False,False,0.0,0.0,0.0,0.0,0.0,0,0.9389692026873063,0.9080809653176175,False,False,False,False,0.22520359354016736,0.20449703196991964,False,False,False,False,-295506,-423260.42023898184,False,False,False,False,46268.95447175708,False,False,False,False
2025-05-29 00:00:00+00:00,169.4576257926,171.167622566,168.5086709961,170.6932440172,40042,,,,171.38973536673163,159.71568243883198,162.69894890410373,180.11583150902936,184.45572708038134,187.8326409356723,188.31805943847246,190.62541855888443,195.28828188116745,197.6899398896705,,161.34783908635552,161.16919175882714,170.74136350985714,175.51379185519062,182.92600528034288,187.27136187723735,187.95472339144507,188.60983516499164,193.30573593906257,196.54568592908714,200.23921932074524,201.315963380618,202.36573198736255,201.2096556346085,199.20884312209304,198.90656651798875,198.66044662742206,197.02815883654324,194.00772948307608,192.93711462634772,191.6508655268586,188.89995592790078,,180.11583150902936,197.6899398896705,181.8130266002945,189.56324816646014,"rgba(239, 83, 80, 0.5)",11.770763780418669,181.1757899897671,-0.9955313364338295,56.99904266939829,13.32512600458022,True,False,True,False,False,0.0,0.0,0.0,0.0,0.0,0,0.9349627353368305,0.9046289336491695,False,False,False,False,0.2225645249348035,0.21353077845236157,False,False,False,False,-255464,-416680.1684649041,False,False,False,False,46024.760178747005,False,False,False,False
2025-05-30 00:00:00+00:00,168.7360247494,170.8415182041,168.3406269176,168.8151043158,219518,,,,170.6610794779487,160.55039910050175,163.14252476691323,179.69154334711462,183.90767186405643,187.2633218776901,187.77401423640248,190.08959401898667,194.76261194441403,197.18008826780064,,162.5055830713005,161.78534737429246,170.67212415394152,175.24853928355202,182.41762676170418,186.68834338903082,187.3959265075567,188.0743606474998,192.7723035673317,196.03607193318226,199.7357171013884,200.82703767891547,201.88659556551085,200.81148177899632,198.8702687919431,198.58016841113425,198.34483129229156,196.75383898076103,193.78490673256948,192.7299072534054,191.48599749972948,188.76839786264304,,179.69154334711462,197.18008826780064,181.50228489018284,189.2960490138154,"rgba(239, 83, 80, 1.0)",11.584206953238313,180.930953779561,-1.0527202318974427,56.18195903787091,12.277530953200412,True,False,True,False,False,0.0,0.0,0.0,0.0,0.0,0,0.927327348586958,0.9107051850928193,False,False,False,False,0.21759627920727043,0.215563528829816,False,False,False,False,-474982,-418966.5147996138,False,False,False,False,52828.41664232555,False,False,False,False
2025-06-02 00:00:00+00:00,166.472372162,169.1857897832,165.8693904684,167.5597161996,61572,,,,170.34976453999693,160.70829002669032,163.21707189043303,179.55525549447646,183.73960081131955,187.0916609458082,187.6100017789177,189.92919314815637,194.60694619368743,197.0296753649485,,162.6886805639546,161.89745834394307,170.62544856234678,175.15293361523769,182.25970673093772,186.51233299424382,187.22740037644175,187.91301436696546,192.61371651653442,195.88541819042936,199.587739994444,200.68348366826496,201.74606338842017,200.69414663367309,198.7699317673965,198.4833384449525,198.25111545363953,196.67197193573583,193.717751738918,192.6672129322234,191.4357906883875,188.72780997166527,,179.55525549447646,197.0296753649485,181.38374601944346,189.20244331093514,"rgba(239, 83, 80, 1.0)",11.469334268530954,180.83067852277347,-1.2518866417704075,53.94829291565624,9.900604857513628,True,False,False,False,False,0.0,0.0,0.0,0.0,0.0,0,0.9170347408741661,0.9197393838879313,False,False,False,False,0.17648924588411247,0.19602638735696423,False,False,False,False,-536554,-423577.7887290407,False,False,False,False,53171.30226419514,False,False,False,False
2025-06-03 00:00:00+00:00,168.7854494784,169.3785462262,166.2647883003,166.7689205359,82523,,,,170.11381353549808,160.93840180651577,163.3361450344617,179.39109234962714,183.53241236921934,186.87708936289843,187.40444557699522,189.72669102035528,194.40830571481038,196.83688528061327,,162.96096729706423,162.06682793794218,170.58181034036525,175.04340283746959,182.06635874505938,186.2929043217076,187.0165706004784,187.71053854020198,192.41218813233738,195.69267033286738,199.39736262848623,200.49849051900384,201.56470687798034,200.5426643791798,198.64053128519146,198.3584729057437,198.13027282616343,196.56653049007406,193.63153596904152,192.58683612621036,191.37149391110228,188.67608026864275,,179.39109234962714,196.83688528061327,181.2565282050995,189.0880821546284,"rgba(239, 83, 80, 1.0)",11.363494594139828,180.7204760568244,-1.0502954420886772,54.05115897756437,9.74721500017354,True,False,False,False,False,0.0,0.0,0.0,0.0,0.0,0,0.9225973685396933,0.9119728237724307,False,False,False,False,0.18230857136784012,0.1891674793624022,False,False,False,False,-454031,-424772.03230829403,False,False,False,False,54322.349234226705,False,False,False,False
2025-06-04 00:00:00+00:00,167.5201764164,169.339006443,167.1346635304,168.0936021221,65502,,,,169.94829630269723,161.10767761384335,163.4239080786102,179.2624766502703,183.3703231728832,186.70891192730906,187.24314651566868,189.5675549700905,194.25188797904116,196.68491793796088,,163.15295117769244,162.1918070770517,170.54625495825147,174.9570943945527,181.91506090656245,186.12106963879668,186.8512531038988,187.5515844578354,192.25363262373688,195.5407792633107,199.24719187271538,200.35249298516376,201.42152573414958,200.4228929318922,198.53811187099947,198.2596190546379,198.0345828679478,196.4829663058915,193.56312866625836,192.52303556533596,191.32039402010022,188.6349163190559,,179.2624766502703,196.68491793796088,181.15691011483744,188.99635177283406,"rgba(239, 83, 80, 1.0)",11.199236025066755,180.6325294375032,-1.1708256698719797,53.146325786495765,8.581605297143582,True,False,False,False,False,0.0,0.0,0.0,0.0,0.0,0,0.9154013796343619,0.9280010638590753,False,False,False,False,0.19054502647391522,0.18985625291815872,False,False,False,False,-519533,-428488.14868836093,False,False,False,False,54760.766911315855,False,False,False,False
2025-06-05 00:00:00+00:00,167.055583964,169.339006443,166.5613366742,167.2335129883,148643,,,,169.60211009542056,161.4454001245283,163.59713729564754,178.97247146564533,183.00675055921516,186.33130778450294,186.8804696393399,189.20927848081837,193.89912438608619,196.34184262830516,,163.51110985031346,162.4409857624631,170.45861295417353,174.75950976952134,181.57526399617058,185.73563070418226,186.4798622101183,187.19399286923417,191.89632800920182,195.19794579643022,198.90796752833862,200.02250763671944,201.0977771058897,200.1514744722807,198.30560875417692,198.03512388460237,197.81719757377664,196.29285508659288,193.40715632807965,192.37744938844418,191.20355033748876,188.54055271872,,178.97247146564533,196.34184262830516,180.92858924595095,188.7832179840355,"rgba(239, 83, 80, 1.0)",11.026589150034791,180.42675671906588,-1.2126299958336342,52.179013211122594,7.362827316671456,True,False,False,False,False,0.0,0.0,0.0,0.0,0.0,0,0.9177233517381347,0.9250221999097235,False,False,False,False,0.18485528667975892,0.18735576979895882,False,False,False,False,-668176,-437887.6722692095,False,False,False,False,58442.42311087209,False,False,False,False
2025-06-06 00:00:00+00:00,168.5679806709,171.0095622827,167.9847688689,169.8727935161,91303,,,,169.5669652515043,161.68327030984963,163.7343709364428,178.8246133446247,182.8131598965202,186.12515971734268,186.6815435153796,189.01022459383572,193.69944965608568,196.14616624523825,,163.77573527706107,162.62494196163516,170.43540085780538,174.66844985163715,181.39660187598415,185.52618600586354,186.2768075261353,186.99740958491597,191.69553268277798,195.00301709189864,198.71324862858884,199.8325564831605,200.9109651246964,199.99474699443877,198.1715897493492,197.9057411038459,197.6919241531912,196.18351248629497,193.3179351992445,192.29436705627595,191.13699202529304,188.48723990498266,,178.8246133446247,196.14616624523825,180.82849234668237,188.67083348474006,"rgba(239, 83, 80, 1.0)",10.876660944364042,180.3342503091269,-1.0817906063647067,52.70828301732814,7.362827316671456,True,False,False,False,False,0.0,0.0,0.0,0.0,0.0,0,0.9321165307405476,0.9077690419274999,False,False,False,False,0.2157107510062037,0.20153326040258127,False,False,False,False,-576873,-443338.07727826014,False,False,False,False,59731.07318495554,False,False,False,False
2025-06-09 00:00:00+00:00,173.2336750869,174.9536556556,168.5383258335,168.6075204541,122669,,,,169.84041814126664,162.10184616951463,164.00600563989576,178.6936318636398,182.61787120965568,185.90443452735522,186.46666896096525,188.78919831927044,193.4690076721182,195.91695330941252,,164.27475297962042,162.96480212557438,170.47865888464707,174.61631600947626,181.22258266723424,185.30406772806694,186.0588264506754,186.78410682882298,191.46714136792485,194.77612485680132,198.48227014433064,199.60607672889034,200.68722994817864,199.80728997373097,198.01223231481416,197.75202192791272,197.54318209776574,196.0544531890312,193.2141361373204,192.19830759180962,191.06055560157404,188.42733597916205,,178.6936318636398,195.91695330941252,180.7806035813094,188.56522899763144,"rgba(239, 83, 80, 0.5)",10.81925754146301,180.2876707855969,-0.6519851913741425,56.04631352827964,7.362827316671456,True,False,True,False,True,0.0,0.0,0.0,0.0,0.0,0,0.9378961936626401,0.8874123624129582,False,False,False,False,0.2613145887039546,0.23142392455326793,False,False,False,False,-454204,-443764.191894799,False,False,False,False,62199.227177702385,False,False,False,False
2025-06-10 00:00:00+00:00,175.2106642463,176.2584685007,173.5302234608,174.3803287993,169177,,,,170.47793845543077,162.7704612468931,164.46968887916958,178.59497389753082,182.42860374120266,185.67046538228158,186.2360700201697,188.54300165513587,193.1994503864698,195.64395040989513,,165.08104609443023,163.52410632987144,170.62319449931982,174.6273513021835,181.06361607766766,185.07181067654577,185.82691164117128,186.5537613034054,191.20475975782543,194.50793134042894,198.20304741972862,199.33063427493926,200.41370392691897,199.5783315496097,197.81882247067176,197.56561419344916,197.36292820016516,195.8990808242538,193.09125518716652,192.08542944138534,190.97144945226066,188.35939584744844,,178.59497389753082,195.64395040989513,180.8034604074179,188.4716668255569,#000000,10.813789090935172,180.30595465485143,-0.4711845557282625,59.30064484710705,4.337919372583272,True,False,True,False,True,0.9931317498920187,0.0,0.0,0.0,0.0,0,0.9576743954571798,0.8777425031837919,False,False,False,False,0.32704459087063603,0.279234257711952,False,False,False,False,-285027,-437539.2039773559,False,False,False,False,66394.4339550474,False,False,False,False
2025-06-11 00:00:00+00:00,174.3111341788,178.5616608713,173.4511438945,176.8911050317,93584,,,,170.79549431003966,163.12367970781813,164.71983248715503,178.54905842673816,182.3338772991923,185.5504815811292,186.1173071950405,188.4148702042246,193.05722800128427,195.4991370998556,,165.49469333651066,163.82279155533135,170.70691906205127,174.64010565272105,180.98527300878874,184.95321231503425,185.70781655046113,186.4348906813372,191.06703566627698,194.36596332374324,198.05430834005665,199.1836171698223,200.26747020536715,199.45572721365076,197.71526692124638,197.4657968839958,197.26639394303444,195.8159092963222,193.0256320925332,192.02521982119362,190.92393277741252,188.32334013491675,,178.54905842673816,195.4991370998556,180.81609663124772,188.42270215197397,"rgba(239, 83, 80, 0.5)",10.789643512934962,180.31698337323667,-0.5566309199406522,60.59720290857209,5.593265930279998,True,False,True,False,True,0.4813391085998475,0.0,0.0,0.0,0.0,0,0.9600260059978082,0.8681122132163352,False,False,False,False,0.3428282522878188,0.3110312549998854,False,False,False,False,-378611,-435228.2940174596,False,False,False,False,67460.69144700632,False,False,False,False
2025-06-12 00:00:00+00:00,175.4973276744,175.4973276744,171.2963245602,172.3934546942,79223,,,,170.9651219690181,163.37666504386533,164.8973892850227,178.49485394585403,182.24041871183408,185.4378709705178,186.00638792211873,188.2973057454741,192.9295460770687,195.37005084359473,,165.77593987158443,164.0362527328069,170.75606551527457,174.63299563393562,180.90496593404973,184.8412030071105,185.59618694461025,186.32416699336417,190.94244341545857,194.23900262200692,197.92250945515784,199.05360042820357,200.1383776626454,199.3471506795357,197.62310289833772,197.37688354793247,197.180342647581,195.74141686687324,192.96624149479754,191.97048493452743,190.88046152421202,188.28980545609087,,178.49485394585403,195.37005084359473,180.8015610514368,188.36846666428966,#000000,10.787413703560933,180.3032416592285,-0.4455112334518196,62.131222092466075,7.109829331740713,True,False,True,False,True,1.1505770868719303,0.0,0.0,0.0,0.0,0,0.9471536655298202,0.8806328312458069,False,False,False,False,0.2882523763364499,0.2996418156681676,False,False,False,False,-299388,-429901.22366383375,False,False,False,False,67921.95844908452,False,False,False,False
2025-06-13 00:00:00+00:00,171.5730041931,173.9322442064,171.2566859276,172.9074718756,61435,,,,171.01450603279997,163.53258722030034,165.00384681606783,178.43648220146153,182.15331693186468,185.33811219671804,185.90867816169717,188.19579783297115,192.8221358381398,195.26243534904938,,165.9361194270167,164.16655310497572,170.77271799370402,174.60908689766265,180.82745471302437,184.74129296127367,185.4974492945393,186.2269254173447,190.83664462158924,194.13272918181804,197.8134683215139,198.94632299698642,200.0321207238299,199.25749180882704,197.5465659540631,197.30297658231265,197.10875845655974,195.67911218876415,192.91596846663396,191.92391619706268,190.8432203562275,188.26054618092255,,178.43648220146153,195.26243534904938,180.76678985810696,188.3136837654751,"rgba(239, 83, 80, 0.5)",10.73090977835116,180.2707436097009,-0.8105314084503791,59.552681309809806,7.109829331740713,True,False,True,False,False,0.0,0.0,0.0,0.0,0.0,1,0.9378344292620523,0.8814622389972393,False,False,False,False,0.2718158620669637,0.2857288388675656,False,False,False,False,-360823,-427192.27371623245,False,False,False,False,67667.56792166944,False,False,False,False
2025-06-16 00:00:00+00:00,172.7987374719,176.0113448558,172.1463310493,173.228732614,107346,,,,171.1800153191854,163.8339083134915,165.21712941709387,178.35954979045252,182.02570339731375,185.18562337183246,185.7583851833904,188.0367696129938,192.6496887538969,195.08806484320849,,166.25568294298796,164.4222700537017,170.82758510447013,174.59257269079,180.7168525770381,184.58959989467024,185.34623537527042,186.07688453482663,190.66832323834905,193.9611923067939,197.63544845389615,198.77063449508995,199.85763559418976,199.1102842248896,197.42126657995396,197.18202671708661,196.9916414942315,195.57748696430147,192.83461385918972,191.84881849149383,190.78337215759467,188.21412002859677,,178.35954979045252,195.08806484320849,180.7334838002859,188.234352779661,"rgba(239, 83, 80, 0.5)",10.651004381585553,180.23960183608784,-0.698606825948949,58.6524785861111,7.109829331740713,True,False,True,False,False,0.0,0.0,0.0,0.0,0.0,1,0.9808587995824478,0.8672763435460693,False,False,False,False,0.3023433683566192,0.2940361036120924,False,False,False,False,-253477,-420379.9100410861,False,False,False,False,69223.5848659177,False,False,False,False
2025-06-17 00:00:00+00:00,169.6553247085,173.0607873849,169.5070505216,171.7015084884,174629,,,,171.13935677601816,164.15302837253492,165.4301983591585,178.16533957709564,181.75669983752175,184.8853715985157,185.46467704817434,187.7344877282299,192.33370105957093,194.77261898340385,,166.538806550004,164.68774220416307,170.8249834424145,174.48739899729225,180.47282177061854,184.28813041902097,185.0490988292302,185.78487462350782,190.3557765622795,193.64906420867416,197.3169074495678,198.45745738186713,199.54767482902238,198.84741813419674,197.19559184729107,196.96386996185595,196.78014137749264,195.39246683376308,192.68386216387321,191.708626085157,190.67050342342344,188.1242489637396,,178.16533957709564,194.77261898340385,180.58354793402236,188.0516356835646,"rgba(239, 83, 80, 0.5)",10.45129290186622,180.09870884737146,-0.9992432741987987,55.5526054040311,10.76772185303301,True,False,True,False,False,0.0,0.0,0.0,0.0,0.0,1,1.0044713370869096,0.8484319412341986,False,False,False,False,0.2452700108450712,0.2696530572285818,False,False,False,False,-428106,-420682.8939610435,False,False,False,False,73357.13055745033,False,False,False,False
2025-06-18 00:00:00+00:00,172.0870213745,173.8860815095,169.0325731233,169.0325731233,77403,,,,171.1602264113457,164.3038462055542,165.5350612927259,178.09275190522433,181.65122281757453,184.76471081900223,185.34610756530503,187.61098700786707,192.20243056136246,194.64069553115593,,166.6784213972464,164.8153625838043,170.83607762841262,174.45368874148457,180.37838354002594,184.16752833353766,184.92951692727053,185.66673294955962,190.22676031182462,193.5188773137398,197.1829612462274,198.3254420958339,199.41674386890833,198.73625016752058,197.1002441465564,196.87170043680874,196.69078225113986,195.31438935758857,192.6204953151959,191.64980321435928,190.62319020625958,188.0868190058254,,178.09275190522433,194.64069553115593,180.53080401171172,187.97900809135226,"rgba(239, 83, 80, 0.5)",10.350866076496628,180.0489694922012,-0.7692059832345931,55.18976211493761,10.368256504586014,True,False,True,False,False,0.0,0.0,0.0,0.0,0.0,1,1.0138324602152002,0.8428706680625573,False,False,False,False,0.24880265914748687,0.25922785818803434,False,False,False,False,-350703,-417938.5843939438,False,False,False,False,73515.79210421699,False,False,False,False
2025-06-20 00:00:00+00:00,172.986551442,173.4807987318,171.8398977296,173.4610288403,97312,,,,171.23622472827952,164.51216086894075,165.68477364985407,178.01900795849235,181.53598331062514,184.62859307256534,185.21166550466936,187.46892273866584,192.0484625860633,194.48480612377736,,166.87993136823047,164.99406233539304,170.86751826007634,174.42873603958515,180.2771345496807,184.03220348502487,184.7944039372864,185.53243936610102,190.0765355478813,193.36551095314474,197.02371314404132,198.16808201381585,199.26033032021587,198.603402458003,196.98652156753622,196.76179094486793,196.58423877395109,195.22149035368787,192.54552605256012,191.58038482978088,190.56747499134767,188.04314065074317,,178.01900795849235,194.48480612377736,180.48306005419332,187.8991978150432,"rgba(239, 83, 80, 0.5)",10.356640421275525,180.00395381921683,-0.6775751683722704,55.54658623443838,10.368256504586014,False,False,True,False,False,0.0,0.0,0.0,0.0,0.0,1,1.0365310021245506,0.8234683759210147,False,False,False,False,0.2731599903933196,0.266193924290677,False,False,False,False,-253391,-411485.7379471225,False,False,False,False,74448.97672758103,False,False,False,False
2025-06-23 00:00:00+00:00,173.9948159133,174.1776874105,170.021067703,172.2352955615,121134,,,,171.31924863523534,164.75644607895305,165.86174350255735,177.9293752147735,181.3960424365706,184.46288180209555,185.0477774570662,187.2953899622437,191.85980857981104,194.29349918710682,,167.11137938434882,165.20456311800493,170.90450296613128,174.3980029901368,180.15418561036708,183.86762324936072,184.6298360055816,185.36864314757022,189.89270807671255,193.17739369337707,196.82805511026314,197.97459882334087,199.0678987049496,198.43968095224648,196.84621717493934,196.62615430389639,196.45272318243383,195.1067204802053,192.45281443505453,191.49451012082608,190.49845800876562,187.9889825979609,,177.9293752147735,194.29349918710682,180.4222212856413,187.79991057648735,"rgba(239, 83, 80, 0.5)",10.32374699953504,179.94655255490025,-0.576509347029554,56.46066597309182,10.368256504586014,True,False,True,False,False,0.3753328521153527,0.0,0.0,0.0,0.0,1,1.0380527241449693,0.8330489217506032,False,False,False,False,0.26174547965489103,0.263969701972784,False,False,False,False,-132257,-400535.5913609608,False,False,False,False,76279.76195395041,False,False,False,False
2025-06-24 00:00:00+00:00,177.9290243404,180.4941677746,176.2485835549,176.2584685007,222770,,,,171.95908993209522,165.4544232862503,166.40751058271516,177.9382796895441,181.3059572812477,184.307063586933,184.88687113956195,187.10311842389035,191.61922645150756,194.03774271502155,,167.8649299879837,165.82493335565863,171.16222559865807,174.52128132860156,180.0980296787932,183.7204136059567,184.47305537403267,185.2043852661273,189.66962810557015,192.9308181232846,196.55651158502266,197.70212878902456,198.7935080075877,198.20712479679239,196.6502008386034,196.4370990807881,196.26974445547876,194.94975255794807,192.33142099561348,191.38424716193495,190.4117283475255,187.92587492079923,,177.9382796895441,194.03774271502155,180.50192830887667,187.73757193467304,#000000,10.3468538851411,180.0244491756717,-0.20251806573599113,59.37829944393276,10.368256504586014,True,False,True,False,True,2.6298702811387855,0.0,0.0,0.0,0.0,0,1.069594431455113,0.8048056192813199,False,False,False,False,0.34282825242316123,0.3033989771979726,False,False,False,False,90513,-381278.7838566094,False,False,False,False,82024.47717144254,False,False,False,False
2025-06-25 00:00:00+00:00,180.4200306811,180.5880747597,174.5210904275,177.6720157496,242426,,,,172.55917024655818,166.15142887727635,166.9622901847388,177.95648064597333,181.2221310227615,184.15366869754195,184.7273242960218,186.9093776445768,191.37226505003528,193.77337826448556,,168.5964697566881,166.4502669775171,171.43337459689062,174.65639825151817,180.04928829932388,183.57658885771193,184.31834950238382,185.04098229427728,189.4421837910554,192.67660118579863,196.27434324144167,197.41826038486315,198.507035596456,197.9635871930018,196.44476144585917,196.2388876067198,196.07783781580935,194.7850807132824,192.20427744586868,191.26887959555248,190.3209090056711,187.8601152995765,,177.95648064597333,193.77337826448556,180.57875149299696,187.67117272760098,#000000,10.411345061118837,180.10140092215673,0.03060409169735395,62.52518425233638,7.526819601594255,True,False,True,False,True,4.015446092580937,0.0,0.0,0.0,0.0,0,1.064244151505806,0.791149496449175,False,False,False,False,0.32664133466767553,0.31502015593282406,False,False,False,False,332939,-353270.243313213,False,False,False,False,88314.73296864088,False,False,False,False
2025-06-26 00:00:00+00:00,183.19770045,183.3855144201,178.3689044283,180.3706059521,274272,,,,173.41293376545784,167.03428982771936,167.68651509797076,178.08496960615093,181.23618994425064,184.0809193099814,184.64263740907592,186.77858106845258,191.1693928984924,193.54429031301277,,169.53822039127894,167.25326732214964,171.8428650174121,174.9145757036675,180.10302245957433,183.51826899160235,184.2422844789678,184.9498779613018,189.26657879545434,192.46100236978037,196.02015758975944,197.15875447252728,198.2419325272622,197.73854841967693,196.25760895008094,196.05866182744273,195.90359618098543,194.63790546838575,192.0955752092094,191.17234855694065,190.246699952041,187.81143862875524,,178.08496960615093,193.54429031301277,180.76707192405647,187.668752634673,#000000,10.630656476518745,180.2880341365877,0.27370523352337256,65.79540208185324,10.577191313274696,True,False,True,False,True,5.52885096385717,0.0,0.0,0.0,0.0,0,1.0596857717842487,0.7887868583040684,False,False,False,False,0.3428282525489629,0.32892420424089347,False,False,False,False,607211,-315604.3122028909,False,False,False,False,95607.1748130079,False,False,False,False
2025-06-27 00:00:00+00:00,181.0823220495,184.0873455717,179.6045226529,184.0873455717,508030,,,,174.62473866537974,168.42360763102928,168.8501538355655,178.2971964281638,181.25653673613914,183.95373737117723,184.49461412025786,186.55012708592338,190.81294325730107,193.14004684748903,,170.9589907180018,168.5312247056707,172.5165450427713,175.34187135190422,180.19011464491697,183.41592882169766,184.10929905500686,184.79063562243473,188.95900355047343,192.0810733113186,195.5700976708239,196.6982181269235,197.77061122425135,197.33622753930953,195.92181327932022,195.73500565942436,195.59042786679893,194.37262465330343,191.89892186769055,190.9974881571028,190.11162134402608,187.72241382589485,,178.2971964281638,193.14004684748903,181.0403701978426,187.63930614345725,#000000,10.77219054039426,180.5649194401311,0.04803132728006536,65.89398442858253,10.659837848406205,True,False,True,False,True,4.216386135952806,0.0,0.0,0.0,0.0,0,1.0554545857229047,0.7926650057165183,False,False,False,False,0.3428282525934396,0.3358762284171665,False,False,False,False,99181,-299338.2215282678,False,False,False,False,111780.618937988,False,False,False,False
2025-06-30 00:00:00+00:00,179.3129167519,182.9110370219,177.5286840356,182.2981703825,196780,,,,174.91201681897812,168.8333604144784,169.19763684429427,178.3343133345755,181.22747287395677,183.87541914348193,184.4101936914007,186.438878374091,190.65811774539253,192.96907564349308,,171.35015789166928,168.91120276642548,172.70948600797115,175.45255187821255,180.18407375164523,183.34540946596601,184.02939993580043,184.7027520163278,188.82080505831865,191.91859347302986,195.38324366273895,196.50810953610576,197.57698800660643,197.16972828767092,195.78112757346543,195.59911842605746,195.45870943174916,194.25966677938857,191.8126638273964,190.91971091095857,190.0503684904963,187.6793835764301,,178.3343133345755,192.96907564349308,181.08564848841422,187.5946749343752,#000000,10.897479963288415,180.61404585647543,-0.11939724679088191,64.33858124025613,10.659837848406205,True,False,True,False,True,3.129548502881864,0.0,0.0,0.0,0.0,0,1.0720921725454902,0.7901857726939666,False,False,False,False,0.31348035556669146,0.324678291991929,False,False,False,False,-97599,-291426.87950755144,False,False,False,False,115113.92799924337,False,False,False,False
2025-07-01 00:00:00+00:00,186.5585820209,188.7135002045,178.9867135406,179.0262533238,145897,,,,175.29271687020238,169.2433000825779,169.55150225738532,178.4415037902227,181.2833100296555,183.88786447499805,184.41481738892978,186.41816961589475,190.59655092141182,192.8910568691342,,171.7704465539054,169.29370009431213,172.93785438826058,175.61640793136345,180.25793555673013,183.36613563670514,184.039482589182,184.70341412636753,188.77522198058213,191.84832158889373,195.28998230529803,196.41019338538663,197.47469233506334,197.08234970826118,195.709716966641,195.53047058013087,195.39241400152625,194.20490420030973,191.77518081246254,190.88778197657768,190.0268732883184,187.66746996471474,,178.4415037902227,192.8910568691342,181.20207923004122,187.61833033589795,"rgba(38, 166, 154, 0.5)",11.179303416852493,180.73148563733574,0.5212396663981823,66.51906498255633,11.256453538362337,True,False,True,False,True,7.026407855860068,0.0,0.0,0.0,0.0,0,1.0700520835915972,0.7540647577164477,False,False,False,False,0.3428282526790432,0.33375327233548613,False,False,False,False,48298,-278104.3352131377,False,False,False,False,116321.1072933907,False,False,False,False
2025-07-02 00:00:00+00:00,198.4007470853,198.9543040499,187.5767314379,187.5767314379,190885,,,,176.241036974712,170.08204501184775,170.28639116245552,178.795075221831,181.56131612265494,184.08988782302745,184.59801429503906,186.55354491659583,190.6555029906579,192.9166575158318,,172.68504742773936,170.080201172821,173.4713951147193,176.0526368909231,180.5628201487888,183.5856060571557,184.2353331271075,184.87776552908005,188.86483584982855,191.88795952367548,195.28643349953956,196.39474550349064,197.4488969615997,197.06314485410354,195.7035637602637,195.52592715298115,195.389077474198,194.21068163435794,191.79727090298476,190.9152981106482,190.05543374948527,187.70619799662663,,178.795075221831,192.9166575158318,181.5779472034653,187.8019320348003,"rgba(38, 166, 154, 1.0)",11.812292788911943,181.10415364382462,1.4642875647064457,70.97385911360587,15.463160728895218,True,False,True,False,True,12.66324296673762,0.0,0.0,0.0,0.0,0,1.1262058237902286,0.7053107488790143,False,False,False,False,0.3428282528928036,0.33829076261414487,False,False,False,False,239183,-257818.55736164207,False,False,False,False,119245.1815171793,False,False,False,False
2025-07-03 00:00:00+00:00,196.809270812,200.2788867867,194.6896418848,199.0333836163,96027,,,,176.7383702109837,170.5204614472564,170.67296043518198,178.9915733199034,181.72001621186368,184.20948432521763,184.70753067657085,186.6380547806141,190.6999085602422,192.9433011628384,,173.1627870258644,170.4925462435813,173.7576070686019,176.29031451178378,180.73500352929315,183.71440074493796,184.35160237636373,184.98257374037289,188.92541290681362,191.92197342864773,195.29763211122003,196.39940878194736,197.44791673347908,197.0640408355954,195.71011067278943,195.53305910307637,195.39660827374286,194.22211056902137,191.8161609754456,190.9366991305679,190.07628118079813,187.73159187003188,,178.9915733199034,192.9433011628384,181.78416611306722,187.90789843815728,"rgba(38, 166, 154, 1.0)",12.331067207472744,181.30879413534663,1.2570263721586017,72.77985353786349,17.09944797534787,True,False,True,False,True,11.677543129761741,0.0,0.0,0.0,0.0,0,1.1529844923063695,0.7214170755159263,False,False,False,False,0.34282825287637164,0.3405595077452582,False,False,False,False,143156,-242094.0649160875,False,False,False,False,118334.66459493697,False,False,False,False
2025-07-07 00:00:00+00:00,193.0727613009,197.0662794027,191.1056570873,194.2490698507,105382,,,,177.16888866275997,170.92451710598397,171.03026829801942,179.16192503208254,181.85199884353887,184.3036105952323,184.79254157453448,186.69912070533408,190.72223847620347,192.94868461123133,,173.59279530262518,170.87339917737128,174.0181232800274,176.50243035977806,180.88062919583717,183.81705734607857,184.44276856793505,185.0632533657497,188.96330645208033,191.93457731104849,195.288040018972,196.3838073585894,197.42704780784658,197.04749974730163,195.70109176547624,195.52503609595843,195.3893560713175,194.2201689502181,191.82346619684674,190.94706927887046,190.0879058835701,187.74909227723444,,179.16192503208254,192.94868461123133,181.96037939049205,187.9920461824964,"rgba(38, 166, 154, 0.5)",12.709987340530345,181.48460671317258,0.9117361235108737,71.40097533630313,17.09944797534787,True,False,True,False,True,9.403863215916008,0.0,0.0,0.0,0.0,0,1.1204388661197042,0.7657013718067047,False,False,False,False,0.291369696318026,0.3159646020316421,False,False,False,False,37774,-231118.84668408404,False,False,False,False,117826.71696376297,False,False,False,False
2025-07-08 00:00:00+00:00,195.0892902434,198.4847691246,192.4598946615,193.0727613009,156841,,,,177.82869720694052,171.5407916134803,171.57798646957255,179.43526618088367,182.06880466808386,184.46341577052613,184.9381777302603,186.80823638450494,190.77209002574224,192.9722988554313,,174.248653251887,171.45566203305748,174.42389238009235,176.8371049035219,181.11758179246502,183.98995486372618,184.59794657157252,185.20218970384235,189.03706638090566,191.96924786595505,195.28855686738973,196.3747851587613,197.40971131365637,197.03495010598928,195.69866961703104,195.52383731909333,195.38906525024888,194.22698453255347,191.84317022935747,190.97107812439984,190.11255796442066,187.78183169748294,,179.43526618088367,192.9722988554313,182.2405764905426,188.1320054132753,"rgba(38, 166, 154, 1.0)",13.123016643129699,181.7642532326226,1.0153943542968433,71.07536527962313,17.09944797534787,True,False,True,False,True,10.337944203067991,0.0,0.0,0.0,0.0,0,1.1209214032243502,0.7492042950776925,False,False,False,False,0.31216775607071234,0.31406617905117723,False,False,False,False,194615,-214423.40171608076,False,False,False,False,119356.68884753698,False,False,False,False
2025-07-09 00:00:00+00:00,195.1782547556,197.2738632645,194.0316010432,195.9987052567,176091,,,,178.52051010754732,172.20079127892276,172.16794755891863,179.73414753437822,182.30672152579433,184.63980774474513,185.0992590117173,186.92960290885725,190.8285877364571,192.99990360593102,,174.94433077102175,172.08113092755394,174.8645845713576,177.20189697240423,181.37724032648902,184.18047788902658,184.76934729509767,185.35601139443835,189.11979408234168,192.00903515485686,195.29064717264546,196.3662878058658,197.3919761568889,197.02230911207923,195.69712426905772,195.52362058570986,195.38983027226206,194.23555216428682,191.8659675372096,190.9986365906702,190.14074688562854,187.8189767451416,,179.73414753437822,192.99990360593102,182.5427279013269,188.28429005256316,"rgba(38, 166, 154, 0.5)",13.518432156349967,182.06655641989283,0.9699126484537075,70.88539009054307,17.09944797534787,True,False,True,False,True,10.37936931859398,0.0,0.0,0.0,0.0,0,1.1420734483283406,0.7527545785303097,False,False,False,False,0.31489308412399086,0.3144796315875841,False,False,False,False,370706,-191477.15066839132,False,False,False,False,121581.56379469238,False,False,False,False
2025-07-10 00:00:00+00:00,199.6956749847,202.9257787226,195.642847208,195.642847208,185124,,,,179.34697222417452,172.9670798640597,172.85684231326474,180.11195295506425,182.6197362660361,184.88418762699723,185.32538597831663,187.11043729931347,190.9353197905039,193.07294805836625,,175.75888412042457,172.80907801254875,175.3929194393545,177.649421469886,181.71346448524048,184.4412835363007,185.00770138270835,185.57358662419233,189.25669547251624,192.09595258608974,195.33424438802143,196.39698285895403,197.41154354089608,197.0428302655806,195.72653586014385,195.55373441330397,195.42032992253954,194.2721415900805,191.9152360416414,191.0522397189401,190.19156919968452,187.87742537685085,,180.11195295506425,193.07294805836625,182.92308623760968,188.49124028646818,"rgba(38, 166, 154, 1.0)",14.034281294948467,182.44649247526792,1.2290748736553248,72.06726677841911,17.09944797534787,True,False,True,False,True,12.455482757841043,0.0,0.0,0.0,0.0,0,1.1444283130795883,0.7309978271787887,False,False,False,False,0.34282825293186087,0.32865394225972244,False,False,False,False,555830,-162170.98789708185,False,False,False,False,124073.42403803777,False,False,False,False
2025-07-11 00:00:00+00:00,202.4338049703,203.4124146042,195.9295106361,199.2014276948,212617,,,,180.26988308949296,173.83226605432333,173.63931058052395,180.55360333941996,182.98948188165426,185.1768875899691,185.59728907001434,187.33091581840168,191.0711402421345,193.16991080018082,,176.67307078521955,173.63345664511456,176.0005702533452,178.16813293096865,182.1090103175637,184.75258187775438,185.29352879393286,185.8357460107273,189.42710269701897,192.20885050502326,195.39721262360584,196.44483633183395,197.44637586745708,197.07735690869697,195.77026822649077,195.59804596258786,195.46487692093046,194.3229416645643,191.97973551992558,191.12146100007558,190.25657232756527,187.95056503578292,,180.55360333941996,193.16991080018082,183.3630688466115,188.73625809214187,"rgba(38, 166, 154, 1.0)",14.591825609689616,182.8866369641392,1.3395971504196582,73.54986693743345,18.419948009225536,True,False,True,False,True,13.67408347193749,0.0,0.0,0.0,0.0,0,1.1441646904713396,0.7324875814203853,False,False,False,False,0.34282825294326186,0.3357410976014922,False,False,False,False,768447,-125676.16484229434,False,False,False,False,127545.72113458531,False,False,False,False
2025-07-14 00:00:00+00:00,201.0499125588,202.3744952956,199.9427986296,201.2179566373,78130,,,,180.59752889797687,174.1427690816262,173.92130708785916,180.71531835839974,183.12553831823828,185.2853312454416,185.69823655334727,187.4133026330696,191.12282267396287,193.20741819281358,,176.99940035414926,173.92995233674606,176.22122368107915,178.3572694293959,182.25428136461895,184.86771121038282,185.39949607211176,185.93317751377816,189.4913562083858,192.2521645455263,195.42229860759852,196.46436227734284,197.4611111813976,197.09176584900445,195.7878880452064,195.61584283922602,195.48272818701093,194.3429668497021,192.0046419180645,191.14805664412822,190.28147082352388,187.97834958106134,,180.71531835839974,193.20741819281358,183.5229573042735,188.8263847557428,"rgba(38, 166, 154, 1.0)",15.086736452842688,183.04678028794544,1.1933085944152195,73.43262662278488,18.543723121350723,True,False,True,False,True,12.791920300102948,0.0,0.0,0.0,0.0,0,1.172152470649795,0.7369641002516809,False,False,False,False,0.3428282528612855,0.33928467523138883,False,False,False,False,690317,-93676.43288769457,False,False,False,False,125607.84971754276,False,False,False,False
2025-07-15 00:00:00+00:00,198.8554545919,203.1331648855,198.5193664349,201.5342749028,121231,,,,181.06334170938416,174.59428430282634,174.33265622098574,180.94978462517474,183.3216874132916,185.44075668836604,185.84277992067945,187.5304549481252,191.19442841484704,193.25799731006538,,177.469519044898,174.36187043513632,176.54321745891787,178.63262068136888,182.46418252838288,185.03289277064349,185.55134270895172,186.07258991866135,189.5816137748173,192.3114135567488,195.454355128906,196.48820568649282,197.47785163878933,197.10868262597916,195.81015569718542,195.63849118370715,195.5055618303746,194.36947108481428,192.03900891065112,191.18512855040106,190.31650298027822,188.01812110599457,,180.94978462517474,193.25799731006538,183.75281715537454,188.9549087607914,"rgba(38, 166, 154, 1.0)",15.500879928207986,183.27747172161364,1.004974100982363,71.63921435816887,18.543723121350723,True,False,True,False,True,11.401102116146603,0.0,0.0,0.0,0.0,0,1.1485230276370253,0.7476163155124984,False,False,False,False,0.33729256907612915,0.338288622153759,False,False,False,False,569086,-67685.74924503989,False,False,False,False,125436.20855214892,False,False,False,False
2025-07-16 00:00:00+00:00,206.0516951319,206.2493940479,198.8554545919,201.0696824504,123401,,,,181.59921676065838,175.09966409070242,174.7940684080691,181.2257317324433,183.55786399960098,185.63299787814094,186.02270039308758,187.6803899677235,191.29453081434565,193.33478912695742,,178.0006820425114,174.84565027880552,176.91012567212675,178.9508833477827,182.7146822882761,185.23598738300845,185.73949463275244,186.24675407271621,189.70221274129898,192.3976535471047,195.5107760994514,196.53526334171093,197.51687446159983,197.1454620412881,195.8508586809447,195.67919496624654,195.54609314993937,194.412563332526,192.0888384718788,191.23733801729063,190.3646630424427,188.0700870240895,,181.2257317324433,193.33478912695742,184.02419531717294,189.113369428463,"rgba(38, 166, 154, 1.0)",16.099092899517622,183.54930395890563,1.3977427991404796,72.5977972664756,18.543723121350723,True,False,True,False,True,14.602832184383924,0.0,0.0,0.0,0.0,0,1.130143780728931,0.7471404683784642,False,False,False,False,0.34282825275567885,0.3405584374547189,False,False,False,False,692487,-37875.053196214794,False,False,False,False,125356.39645206466,False,False,False,False
2025-07-17 00:00:00+00:00,207.9100649417,210.2231422581,204.4107941297,204.4107941297,72899,,,,181.95634565357332,175.42857491089276,175.09478684276922,181.41260979034516,183.7206204941439,185.76811454263392,186.14973236715713,187.78832163081455,191.37075600706342,193.39601627529834,,178.34932395194502,175.16061937463803,177.15229348369857,179.16336733676823,182.88615464427988,185.37812068932337,185.87190710827895,186.37003874870177,189.79152738867788,192.46486671302569,195.55899322309443,196.57731358871757,197.5536679152043,197.17943361654025,195.8862133221982,195.71431074058177,195.58088318402665,194.4481411669472,192.1276185270882,191.2772945632713,190.40099195709618,188.108031799244,,181.41260979034516,193.39601627529834,184.20858785146916,189.22460446435036,"rgba(38, 166, 154, 1.0)",16.719586323625524,183.73370489770144,1.4459903239254357,73.69847315873919,19.26710881204866,True,False,True,False,True,15.393563031490178,0.0,0.0,0.0,0.0,0,1.1417042168005775,0.7376141158861148,False,False,False,False,0.34282825291578733,0.34169334518525313,False,False,False,False,765386,-6374.619737539706,False,False,False,False,123299.24365002291,False,False,False,False
2025-07-18 00:00:00+00:00,204.9445812027,209.7585498057,203.9363167314,209.0567186541,64694,,,,182.2494101730221,175.70331019816786,175.34653726433132,181.56808377270812,183.85541731258868,185.8795402419315,186.25442403532327,187.87687113067622,191.43239889075332,193.44494274385636,,178.63839580698246,175.4240530270521,177.35494148725957,179.34076955044284,183.0284160956119,185.4954188008408,185.9810888073334,186.4715953107098,189.86427674638978,192.51890094477108,195.59683707805422,196.60995342807325,197.58185723990889,197.20562257411416,195.91391801244973,195.74188210981848,195.60823976671958,194.47642432067266,192.1589735939303,191.30976082225064,190.43066117504995,188.1393319001206,,181.56808377270812,193.44494274385636,184.36109357633586,189.31606627616927,"rgba(38, 166, 154, 1.0)",17.21599300304722,183.88643961703758,1.2231732193394325,72.2291771641717,19.26710881204866,True,False,True,False,True,13.50676291585144,0.0,0.0,0.0,0.0,0,1.141914885604609,0.7415313892496955,False,False,False,False,0.33569647711676787,0.33869491115101047,False,False,False,False,700692,21353.48299726577,False,False,False,False,121000.9988010024,False,False,False,False
2025-07-21 00:00:00+00:00,204.9742360401,207.6629412968,204.4206790755,205.7650317038,51876,,,,182.47428378983315,175.916348075996,175.54208595067064,181.6887151573925,183.95982348673277,185.96572133284724,186.3353901469382,187.94523965626698,191.47970973647062,193.4822974537477,,178.8615462025518,175.62852254863236,177.51247640724281,179.4785923335206,183.13867786850855,185.58615718150674,186.06553558447496,186.5501275350409,189.92028190501821,192.5602670839898,195.62549182953387,196.63453884068198,197.60295651879835,197.22529050171252,195.93489465658374,195.7627784461383,195.6289891569559,194.49799128498626,192.18307615944028,191.33477534152829,190.4535796124075,188.1636225264831,,181.6887151573925,193.4822974537477,184.47896147868957,189.3866483693423,"rgba(38, 166, 154, 1.0)",17.687282573498678,184.00458997186917,1.1855776025001272,71.2594422560053,19.26710881204866,True,False,True,False,False,13.519857664832639,0.0,0.0,0.0,0.0,0,1.138673500469585,0.7517138469246706,False,False,False,False,0.3220908591844106,0.33039288516771054,False,False,False,False,752568,50028.56209541221,False,False,False,False,118290.21453429642,False,False,False,False
2025-07-22 00:00:00+00:00,208.3746573942,209.1654530579,204.5689532624,205.9923854571,54433,,,,182.72243097539237,176.14911623349354,175.75589207210055,181.82279247469992,184.07671487563576,186.06300006749564,186.42695430053715,188.02317119950837,191.53485988784058,193.5266232120586,,179.1062219001372,175.8519738568763,177.68567056370287,179.63085860715762,183.26178057295473,185.68839795812764,186.16090763807725,186.6390334892877,189.98485355849144,192.60892584358206,195.6603874007652,196.66496550018363,197.62956519764938,197.24991754745542,195.96059258016402,195.7883149718837,195.6542993737304,194.5239245624333,192.2114166871759,191.36399791823283,190.4802038193418,188.191480468987,,181.82279247469992,193.5266232120586,184.61015552987624,189.46630028640342,"rgba(38, 166, 154, 1.0)",18.225090832522557,184.13600896435787,1.3299603635768122,71.71439401369075,19.26710881204866,True,False,True,False,False,15.014466213756418,0.0,0.0,0.0,0.0,0,1.1371548947286283,0.766673193672421,False,False,False,False,0.3350265021826924,0.3327096936752015,False,False,False,False,807001,79713.75573872938,False,False,False,False,115786.01004275538,False,False,False,False
2025-07-23 00:00:00+00:00,211.5180701575,212.4077152792,208.3548875026,211.2412916752,73126,,,,183.0929126099079,176.48982671352363,176.06896522522499,182.02434022394144,184.25451521899046,186.2128780180209,186.56842781292917,188.14506281304008,191.6240850362644,193.6002037366653,,179.46703418240887,176.17902049510275,177.94142093914013,179.85750270962978,183.4481865051013,185.84549269245622,186.30796454397984,186.77662234182657,190.0876234568141,192.68869361285698,195.7204215977141,196.71843157492552,197.67744843637044,197.2938359712231,196.0051398368682,195.8324364665445,195.69792110054325,194.56775182309534,192.25780249968616,191.4113693735892,190.52299328474948,188.23537214167047,,182.02434022394144,193.6002037366653,184.80812174085082,189.58910600799382,"rgba(38, 166, 154, 1.0)",18.75219590081879,184.33403894439124,1.4496452232520571,72.91843169399276,19.26710881204866,True,False,True,False,False,16.359196274838812,0.0,0.0,0.0,0.0,0,1.135370824410842,0.7644974437168055,False,False,False,False,0.34282825279305246,0.33776897323412697,False,False,False,False,880127,111102.51041564194,False,False,False,False,114113.06847245125,False,False,False,False
2025-07-24 00:00:00+00:00,211.1918669462,212.5856443035,207.1785789528,209.7190100225,77545,,,210.31869673416668,183.46913277786427,176.83931243229057,176.3907486041272,182.23178568093,184.4373916769278,186.36701526234648,186.71395891692345,188.2704048021673,191.71563939081273,193.67555734893563,,179.83549829663372,176.51485831758205,178.20474949557612,180.09088230404623,183.6399645043993,186.0070298274204,186.45921800259856,186.9181665761117,190.1931947515392,192.7704713210894,195.78171063594297,196.77291836134611,197.72614437464253,197.33858072173874,196.05068220201656,195.87756551990827,195.74255656409605,194.61270956468556,192.30557084937854,191.4602107941892,190.56718600878182,188.28082136325847,,182.23178568093,193.67555734893563,187.31178578431744,189.71513414924704,"rgba(38, 166, 154, 1.0)",19.192713048962542,185.36940598377763,1.345430471270356,73.44135826605375,19.647837427207108,True,False,True,False,True,16.142838811336006,0.0,0.0,0.0,0.0,0,1.1320175857553512,0.8047983771644381,False,False,False,False,0.33475110089758103,0.336260037065854,False,False,False,False,802582,138219.3531444403,False,False,False,False,112679.02657157082,False,False,False,False
2025-07-25 00:00:00+00:00,195.4154934547,207.5838617304,189.4400437206,204.1933253222,93013,,,203.31706482089913,183.6975721418753,177.09195303649707,176.6257586947831,182.36471007327535,184.54623997242928,186.45159771323975,186.7925086616495,188.3324268270048,191.74930176656653,193.69601347468685,,180.08469003843433,176.75934729888039,178.3909697064684,180.2492277226065,183.75743845344516,186.09714850742108,186.54186462335895,186.993788482714,190.23851916010557,192.79652816020274,195.7902190774371,196.77629899544138,197.72501136431637,197.33916023829633,196.05611559952595,195.8835303208792,195.74889486224367,194.62249194933176,192.3219337722569,191.47880472685105,190.58564681191834,188.3034740989283,,182.36471007327535,193.69601347468685,186.7877406529915,189.78259915301084,"rgba(38, 166, 154, 0.5)",19.146109956236288,185.14393279309286,0.53648290358123,64.54961502229017,18.874732183961214,False,False,True,False,False,6.605407557364394,0.0,0.0,0.0,0.0,0,1.031197912480473,0.8331058522311175,False,False,False,False,0.1597538836193874,0.2480069603426207,False,False,False,False,709569,160625.2216485799,False,False,False,False,111907.80984327394,False,False,False,False
2025-07-28 00:00:00+00:00,191.8173731847,197.6397051084,190.8091087134,196.7104213541,62048,,,200.6775580402742,183.8022042406387,177.22421188197947,176.74969849361838,182.42864062114472,184.5953811352022,186.48681077042255,186.8246198645729,188.35519032070152,191.75579316121258,193.69503430624806,,180.20917334081898,176.88797367591215,178.4872230856801,180.32876416344865,183.8118545723895,186.13533092639383,186.5761128752477,187.0243465320213,190.2516745416296,192.79882853128512,195.7823298417397,196.76563189980178,197.71184971008105,197.32846638357896,196.04945194955383,195.87743255001502,195.74324541954385,194.61976588017646,192.32424971389298,191.48280072208502,190.59069097684159,188.31186874812525,,182.42864062114472,193.69503430624806,186.59955843963772,189.80982531576478,#000000,18.94500125770804,185.07056953872973,0.3561257956224853,57.290614176217844,12.469670044754345,False,True,True,False,False,4.665323206409923,0.0,0.0,0.0,0.0,0,1.0331370415856087,0.8710476478126024,False,False,False,False,0.09672540060274518,0.17236618047268293,False,False,False,False,647521,179719.17374079247,False,False,False,False,109952.52318275339,False,False,False,False
2025-07-29 00:00:00+00:00,192.9343720597,194.4214633054,190.779453876,192.0842667212,77395,,,198.68881380744253,183.92019541783108,177.3791071473876,176.89527531640033,182.50226923250668,184.6510478411542,186.52579016915138,186.8599744728952,188.37935974104983,191.76039823345633,193.69067004408458,,180.35305289784498,177.03888373099787,178.59994118012983,180.42132756448808,183.87392344267013,186.17781456873075,186.6139741294752,187.05787115306103,190.26428978931673,192.7984309826563,195.76962330389637,196.7496146497638,197.69284535622296,197.31279849240542,196.0389528919544,195.86768068497014,195.73409233709603,194.61437653687025,192.32526459946482,191.48594489023154,190.5953855669552,188.32085114421935,,182.50226923250668,193.69067004408458,186.4775364930327,189.83953515911236,#000000,18.958441076480877,185.0380870409323,0.4165049745869409,52.991777357370665,8.978219955341643,False,True,False,False,False,5.191054389145798,0.0,0.0,0.0,0.0,0,1.0383252033786723,0.8938195461775235,False,False,False,False,0.07307777921173146,0.1227219798422072,False,False,False,False,724916,201099.441437232,False,False,False,False,108675.75756774347,False,False,False,False
2025-07-30 00:00:00+00:00,196.7203062999,199.9329136838,192.2918505829,192.6872484148,91332,,,198.14860651242375,184.11092112769683,177.5999870133804,177.10205492514154,182.61800238716765,184.74469375823875,186.59759612620022,186.92650919785268,188.43097529573862,191.78614324697438,193.70434421772723,,180.56691681826115,177.25340849890668,178.76406301357775,180.56030179200417,183.97547756147551,186.25450861869064,186.68410547239745,187.12181898518074,190.30068489495457,192.81727800210476,195.7722737465124,196.74759772848853,197.6866930896314,197.30881847080047,196.0399738916141,195.86930098995182,195.7361548772937,194.620026373334,192.33755729020754,191.500480468719,190.6102856265921,188.340063849223,,182.61800238716765,193.70434421772723,186.5245303462311,189.89587202920535,"rgba(38, 166, 154, 0.5)",18.809265807907288,185.1182026624184,0.6168291604770735,51.89685122307788,8.368932822181343,False,True,False,False,False,6.950253542202624,0.0,0.0,0.0,0.0,0,1.0325939465166891,0.8692178246540344,False,False,False,False,0.12435582651903361,0.12353890318062041,False,False,False,False,816248,225222.91432204642,False,False,False,False,107995.61021214568,False,False,False,False
2025-07-31 00:00:00+00:00,193.31,198.86,191.285,195.58,52380,,,197.7256525544795,184.20167078580903,177.7121935261657,177.20756306277755,182.6747540996854,184.78933767087827,186.63063804283144,186.95689096330398,188.45347449356944,191.79486406497364,193.70667008543379,,180.67304935881947,177.36269390149508,178.84715185479547,180.629782660231,184.0244482125867,186.2900661215325,186.71631493518186,187.15087521321107,190.3150697753901,192.8223883911436,195.76869601441393,196.7415914763328,197.6785149679957,197.302373221315,196.03668271764207,195.8664313453645,195.7336124536467,194.61976959631235,192.3413451830233,191.50562369851247,190.61606596571264,188.34852202510442,,182.6747540996854,193.70667008543379,186.53215539544615,189.9213240549473,#000000,18.651720013497552,185.14894398444304,0.43754978144917006,49.73393563729241,6.543729463800453,False,True,False,False,False,5.0949987038587174,0.0,0.0,0.0,0.0,0,1.0362214360713704,0.8717715454289147,False,False,False,False,0.10911650060422097,0.1163277018924207,False,False,False,False,763868,246346.25101529952,False,False,False,False,105814.60589010075,False,False,False,False
2025-08-01 00:00:00+00:00,189.66,190.21,186.98,190.21,60387,,,196.6948505105049,184.24907929925843,177.79763360803494,177.28915935416777,182.70916206418616,184.811207292729,186.6417857417752,186.96608442487744,188.45559278449804,191.78430556994968,193.69038772914604,,180.74517940041147,177.44680113617437,178.90833726367904,180.67737104360197,184.05076658260177,186.30324858581326,186.72689715043222,187.15902303868143,190.3096809161861,192.80875651467642,195.74691756935107,196.7178190628492,197.65288694121364,197.28045276830403,196.01943267148724,195.84994133453458,195.7177576959988,194.6073665081789,192.33446272152662,191.50055642438443,190.61320549506124,188.34947497136488,,182.70916206418616,193.69038772914604,186.46265894355705,189.92818276650434,#000000,18.463927784461504,185.126746114112,0.24551947661445062,46.89326469003695,3.985142535999799,False,True,False,True,False,3.1624743661367667,0.0,0.0,0.0,0.0,0,1.0082812168674748,0.8994775637244893,False,False,False,False,0.01504345398524583,0.06568557793883327,False,False,False,False,703481,264273.1039166603,False,False,False,False,104033.1311493125,False,False,False,False
2025-08-04 00:00:00+00:00,191.62,192.68,188.91,191.89,40170,,,196.28719675871068,184.2940823558191,177.8644212214215,177.3525672585872,182.73954678426148,184.8330150936096,186.6558986779378,186.9786381978451,188.46299130531477,191.7825463829091,193.68443453054292,,180.8046875392529,177.5122642136133,178.9571360765388,180.71676239124363,184.07562716250115,186.31891166863227,186.74054130493445,187.170769787567,190.31167231056608,192.80469434488504,195.73700190323987,196.70637959787098,197.6400547101435,197.2696293676103,196.01143141078694,195.84237245526185,195.71054287192848,194.60222641100287,192.3327580123289,191.49998928018024,190.61372660436535,188.35233916459697,,182.73954678426148,193.68443453054292,186.44866714245083,189.9382726410044,#000000,18.298423749517873,185.13319854180753,0.35450055955575893,46.0137761338194,3.17783976614502,False,True,False,True,False,4.099829120317587,0.0,0.0,0.0,0.0,0,1.0281968788918117,0.8801045765980848,False,False,False,False,0.04688134058118808,0.056283459260010674,False,False,False,False,743651,283072.2370963991,False,False,False,False,101528.69463365318,False,False,False,False
2025-08-05 00:00:00+00:00,191.06,192.65,189.11,191.13,50320,,,195.84214979978262,184.34855997464572,177.946327703393,177.43043326679015,182.77670967405862,184.85955476171546,186.67293425643493,186.99375981254445,188.47174116658454,191.7799550522833,193.67664623765577,,180.8773391902292,177.5926080446252,179.01706524744307,180.76507333320492,184.1059478232397,186.3378548906416,186.7570029364087,187.18489818634762,190.31372708341004,192.79925312067425,195.72429560674695,196.69178586313907,197.62373382449906,197.25584107574983,196.0011821211505,195.83266750050714,195.70128427495715,194.59557237024245,192.33040986190605,191.49906678116093,190.6141921992878,188.3557473511551,,182.77670967405862,193.67664623765577,186.4362519732626,189.95033045681416,#000000,17.97878161802096,185.14364476622285,0.3290743143488054,45.19132064492803,2.2750494854041463,False,True,False,True,False,3.800061267996753,0.0,0.0,0.0,0.0,0,1.0394907944603766,0.8719265905782387,False,False,False,False,0.04811293316553887,0.05219819621277477,False,False,False,False,693331,299160.81603379524,False,False,False,False,99520.51053037266,False,False,False,False
2025-08-06 00:00:00+00:00,190.46,193.135,188.89,191.39,50474,,,195.45582514703486,184.40140374472713,178.02676318790697,177.50700791886536,182.81314414695106,184.88546027403578,186.68944277816684,187.00838623449272,188.48006165971898,191.77702832196331,193.6685614296585,,180.94837714600692,177.67157144733753,179.07602125263367,180.812548785975,184.13560080407782,186.35624342839773,186.77294845796533,187.19854554506915,190.31540959285255,192.7935011626913,195.71132196508188,196.67693872904198,197.60717049409178,197.24182733847718,195.9907170885318,195.82275007196523,195.6918164138822,194.5887190700696,192.32787394177666,191.4979602944002,190.61449827760694,188.35900963032168,,182.81314414695106,193.6685614296585,186.42846225850198,189.96189315151628,#000000,17.6474250637671,185.15626455184352,0.30053877146337227,44.37424635017721,1.2735064197516266,False,True,False,True,False,3.474915940018416,0.0,0.0,0.0,0.0,0,1.0512646702078374,0.8606951849934412,False,False,False,False,0.03170719373425951,0.04195269497351714,False,False,False,False,642857,312639.09775796015,False,False,False,False,97597.11796055413,False,False,False,False
2025-08-07 00:00:00+00:00,187.14,191.385,186.17,191.13,49300,,,194.95019025785516,184.4316726066345,178.08862343777466,177.566545786496,182.8369878559095,184.899585696963,186.69540406612407,187.01292681350924,188.4792079867395,191.7664100109301,193.65352967256965,,180.99880994164434,177.7327503636079,179.12044216406528,180.84657904619343,184.15317291514765,186.36371478491546,186.77850743375743,187.20231155952874,190.30877642334843,192.78053446855046,195.6920128659053,196.65610297296323,197.5849028789638,197.22268040537588,195.97541533339978,195.80808460495678,195.67768573011753,194.57744344663308,192.32113038425354,191.49270579358975,190.61117628142244,188.35884573575458,,182.8369878559095,193.65352967256965,186.3982803810459,189.96468817584588,#000000,17.102139649550885,185.1506576809847,0.1163212533507487,42.38653203255714,-0.8683144642366827,False,True,False,True,False,1.6882612987580714,0.0,0.0,0.0,0.0,0,1.0370495376721989,0.888666232282091,False,False,False,False,-0.002725190395333859,0.01961375228909164,False,False,True,False,593557,323655.4860811774,False,False,False,False,95703.11333465004,False,False,False,False
2025-08-08 00:00:00+00:00,190.11,191.52,185.93,185.93,98606,,,194.24242034461716,184.50566091583352,178.22156834983645,177.6941547494778,182.89238603046445,184.93547916467497,186.71451684714683,187.0289458680266,188.4840378084952,191.75104849721504,193.62896432574615,189.1866666666667,181.11066059574938,177.8639525015236,179.21718691671688,180.92239731857026,184.19599545186966,186.38603062616897,186.79672403190278,187.21667477264026,190.30167717547582,192.76021809446632,195.6585956247041,196.61942527491536,197.54519603345716,197.18866921812497,195.94874250117783,195.78259725785136,195.65318704896393,194.55838644619735,192.31084313833728,191.4853096694925,190.60721515902205,188.36097125918207,,182.89238603046445,193.62896432574615,186.37265299104857,189.861191334774,#000000,16.742662896664363,184.9834092316536,0.30619924679769867,42.9221112871253,-0.8683144642366827,False,True,False,True,False,3.180857251284216,0.0,0.0,0.0,0.0,0,1.0192075251478785,0.8863444691750367,False,False,True,False,-0.0035337630984714117,0.008039994595310115,False,False,False,False,692163,338106.7611368176,False,False,False,False,95816.95202740886,False,False,False,False
2025-08-11 00:00:00+00:00,189.3,191.8025,188.88,188.88,63889,,,193.92931673811302,184.56044235942332,178.31223813830812,177.78105471821354,182.93230557852246,184.9627730132877,186.73073872593724,187.04303682142543,188.49068824226774,191.74429621697044,193.61605871631974,189.50415562017295,181.1885984470588,177.95331736092984,179.28388058829,180.9755184682617,184.2277809698484,186.40441702588356,186.81231898998206,187.22963986944475,190.30042177268908,192.75012372264322,195.63980522583506,196.59841361825175,197.522135049396,197.16899419116527,195.93362260474876,195.76819682887856,195.63938215440223,194.54795609604275,192.30592725600408,191.48221739524777,190.6061126333693,188.36368375135896,,182.93230557852246,193.61605871631974,186.37299538807173,189.88773029299645,#000000,16.435420857415828,185.01834698325152,0.2605137436937958,42.89098204087364,-0.9648894261691936,False,True,False,True,False,2.740385638489613,0.0,0.0,0.0,0.0,0,1.032336263940088,0.8865454673373944,False,False,False,False,0.02136174338616999,0.014700868990740053,False,False,False,False,628274,349485.8685432169,False,False,False,False,94564.87547731439,False,False,False,False
2025-08-12 00:00:00+00:00,194.13,195.775,190.115,190.16,49668,,,193.89738076268773,184.62804220342235,178.40168036573766,177.86604436362254,182.97758801630542,184.9977643041501,186.75605561930612,187.06621416252688,188.50723383500403,191.74904973442267,193.6152988219744,190.40213839123695,181.27091533454006,178.04093946000086,179.35118122694396,181.03154960428515,184.26645024793777,186.43178421982566,186.83697639463736,187.25173350569872,190.31003813617542,192.75179250685352,195.63388956926656,196.5903997017707,197.51222922968202,197.1608709841598,195.92851286365757,195.76350966716308,195.63502973503182,194.54581388033097,192.30763028455553,191.48520762523208,190.6099295994678,188.37010069929136,,182.97758801630542,193.6152988219744,186.4056683808327,189.9511692471877,"rgba(38, 166, 154, 0.5)",16.220633165665305,185.10203799442337,0.5565727252057201,45.68958995556079,-0.9648894261691936,False,True,False,True,True,5.135413796477742,0.0,0.0,0.0,0.0,0,1.0340283508715278,0.8693765631225505,False,False,False,False,0.061537014224727654,0.03811894160773385,False,False,False,False,677942,362366.5011493653,False,False,False,False,92804.2136938903,False,False,False,False
2025-08-13 00:00:00+00:00,197.86,198.24,193.5,195.7,90296,,,194.13378375836726,184.79239149466673,178.59577055141042,178.0495998631235,183.08397018179647,185.0847013971548,186.82367223087326,187.12914242420985,188.55671193834706,191.7748204163199,193.62982883792225,192.2325431022607,181.45659392729632,178.230426954992,179.4994532362705,181.1582166893537,184.3603642338265,186.50373288974538,186.90310915881096,187.31234704005294,190.34562740380912,192.7711421053194,195.63807607400963,196.59014567870213,197.50803207849697,197.15845995398269,195.93067139181593,195.76620174588464,195.63811038689906,194.5522011806504,192.3202445883106,191.4999362680779,190.6249264450575,188.38919297215716,,183.08397018179647,193.62982883792225,186.5140357358356,190.09378499102445,"rgba(38, 166, 154, 0.5)",15.945506130596776,185.30134894463436,0.7875981453650878,49.36817404597592,-6.609512388975034,False,True,False,False,True,6.913734655381262,0.0,0.0,0.0,0.0,0,1.0553020728514728,0.8549636435935491,False,False,False,False,0.1053518295995382,0.07173538560363603,False,False,False,False,768238,378283.03051605687,False,False,False,False,92705.85237256126,False,False,False,False
2025-08-14 00:00:00+00:00,198.4,198.85,193.0542,197.16,80298,,,194.32835975218086,184.93762439568886,178.7671258732594,178.2118598998418,183.17880710071546,185.16248164909004,186.88445595429516,187.18578370933844,188.60148174336555,191.79862457546747,193.64366382974526,193.18404358735876,181.62047108027897,178.39782046371585,179.6309621755159,181.2708255873019,184.44426711784234,186.56833692876583,186.96258127531644,187.36694328043217,190.37812354983043,192.78924690177547,195.64273402276075,196.59084719952205,197.50522138833708,197.15713066281833,195.93332063494614,195.7693076883736,195.64154592597166,194.55851578539455,192.33202055525953,191.5135695352457,190.63872642741356,188.40658358917463,,183.17880710071546,193.64366382974526,186.60911531663533,190.18721329057593,"rgba(38, 166, 154, 0.5)",15.671977023521707,185.44404898498007,0.8266953809066111,52.07254679214978,-3.974839292276968,False,True,False,False,True,7.168794107068795,0.0,0.0,0.0,0.0,0,1.0517127606459327,0.8548611718431868,False,False,False,False,0.10595400506193492,0.08884469533278547,False,False,False,False,848536,396724.32343699585,False,False,False,False,92219.26992657846,False,False,False,False
2025-08-15 00:00:00+00:00,194.09,199.56,193.2301,198.82,87656,,,194.42523542540465,185.0772838528059,178.93890236823168,178.37510772423138,183.2722746334705,185.23798049821437,186.9424015747607,187.23958516684652,188.643046951978,191.81844317717372,193.65316146712675,193.63920424513498,181.78222501585313,178.5659941680974,179.76284356023447,181.382994852356,184.52620875536195,186.63015021212135,187.01922747008518,187.41867817563224,190.40695444355873,192.80320837089343,195.64266219548028,196.58671512278852,197.49746432116783,197.15146309053918,195.93226534371965,195.76882669751288,195.64149681501243,194.56182844586004,192.3415153564628,191.52515644640857,190.65092827149337,188.4229053718377,,183.2722746334705,193.65316146712675,186.69303844002224,190.25309633289365,"rgba(38, 166, 154, 0.5)",15.317749904720321,185.55523711357762,0.5571812400326702,51.32761751533113,-3.974839292276968,False,True,False,False,True,4.736062873200268,0.0,0.0,0.0,0.0,0,1.048470143645886,0.8543223746436834,False,False,False,False,0.11292680209229934,0.10088574871254241,False,False,False,False,760880,411004.93820417253,False,False,False,False,92040.31816475186,False,False,False,False
2025-08-18 00:00:00+00:00,192.27,195.0064,192.25,192.25,52245,,,194.3720218980186,185.1398604483318,179.0248345939929,178.4573402301983,183.3163975217101,185.27196774784127,186.96692889514836,187.26205014512175,188.65897397251982,191.82261768162704,193.65180171242633,193.59284894245698,181.86011200068097,178.65049856919597,179.82843196913348,181.43765796227885,184.5638199931411,186.65666346682113,187.0431240551176,187.44008939463293,190.4159889940041,192.80429689515404,195.6360923438151,196.57802364698668,197.48685319561613,197.14270650186376,195.92662183604872,195.76362377204876,195.63664418532997,194.55927063500863,192.34294534040964,191.52792272097957,190.65460374792366,188.42930020828365,,183.3163975217101,193.65180171242633,186.72225407699418,190.26831568498724,#000000,14.952592896149165,185.5891114240987,0.4468046861372045,49.86458538219365,-3.974839292276968,False,True,False,False,True,3.7316674861470567,0.0,0.0,0.0,0.0,1,1.0470199741890267,0.8705863923537787,False,False,False,False,0.059622200980261844,0.08025397484640212,False,False,False,False,708635,422676.70533342066,False,False,False,False,90479.71745240866,False,False,False,False
2025-08-19 00:00:00+00:00,193.43,194.74,192.2,192.27,73638,,,194.32019826345902,185.22946575066476,179.1465793883637,178.5738902856631,183.37967901372284,185.32106756002068,187.00272458664537,187.29491880178688,188.6826194658769,191.82967209522297,193.65102194758188,193.57603147189764,181.9707843669164,178.77023281899332,179.9217202662979,181.51567458582224,184.61799302327475,186.69526692919513,187.07802249267948,187.47146536261553,190.42991077346338,192.80697457444583,195.62794296814937,196.5668543965695,197.47295497955642,197.13129979706568,195.9195156087533,195.75711865349706,195.630614631671,194.55641080147473,192.34563053584486,191.53246879681245,190.66034195891564,188.43881669483142,,183.37967901372284,193.65102194758188,186.7665306508189,190.29312095190917,"rgba(38, 166, 154, 0.5)",14.647208624309949,185.6413958651291,0.5317466511635645,49.582339620388375,-3.974839292276968,False,True,False,False,True,4.3107809090514095,0.0,0.0,0.0,0.0,1,1.045303723946789,0.8802250008103992,False,False,False,False,0.044551031727935016,0.062402503287168565,False,False,False,False,782273,436778.52081054146,False,False,False,False,89819.25794447106,False,False,False,False
2025-08-20 00:00:00+00:00,191.2,194.21,189.4,193.1,62786,,,194.19508800496482,185.28748467501444,179.23553679161665,178.6596453141037,183.4232049556661,185.35303725877554,187.0242594484878,187.3143225440918,188.69484153197743,191.82884201523348,193.6440688881943,193.38810671393443,182.04853298236804,178.85811158477296,179.98950374323027,181.57119756146668,184.65408750662812,186.71890931666707,187.09892060251553,187.48975597030795,190.43447374269405,192.80277693248044,195.61515255829497,196.5517567840494,197.45574700484642,197.11675250958123,195.90895359863126,195.74715593905196,195.62113954989192,194.54989455499637,192.34410772431795,191.5326109249199,190.66198560964963,188.44391591699434,,183.4232049556661,193.6440688881943,186.78730285710236,190.29825184403632,#000000,14.367912543196837,185.66339311322585,0.3853452524942953,48.143799402268336,-3.974839292276968,False,True,False,False,False,3.0664038224831174,0.0,0.0,0.0,0.0,1,1.0334497397453486,0.89569565132653,False,False,False,False,0.016416313899643153,0.03940940859340586,False,False,False,False,719487,447865.12783757906,False,False,False,False,88759.13018194278,False,False,False,False
2025-08-21 00:00:00+00:00,189.05,194.905,188.7,189.92,47436,,,194.08379780875885,185.32571699601223,179.29805283476992,178.7201356863782,183.4529242643765,185.37422478143586,187.0378647911331,187.32643099687107,188.70174401773207,191.8262340375105,193.63700884929264,193.220046777624,182.1020922959069,178.92001431173026,180.03706064118109,181.60976780546005,184.67831776343507,186.734016280014,187.11208439196284,187.501073401895,190.43579347063505,192.7977371838146,195.60382230635335,196.53876402666958,197.44122526129757,197.10438707303646,195.89968240865213,195.738361229595,195.61273587095573,194.543794890164,192.34184970150295,191.5316310901456,190.6622789071835,188.446884137322,,183.4529242643765,193.63700884929264,186.79855773311553,190.2986313545943,#000000,14.062191682338351,185.67486966774112,0.24001453034507725,46.05210506989495,-3.974839292276968,False,True,False,True,False,1.8797090431288659,0.0,0.0,0.0,0.0,1,1.0137972360844216,0.900118115372681,False,False,False,False,0.01637410024088879,0.027891754417147325,False,False,False,False,672051,456656.73066747794,False,False,False,False,87138.61527284699,False,False,False,False
2025-08-22 00:00:00+00:00,200.26,201.085,190.01,190.01,148190,,,194.372230812101,185.57208655476376,179.59187900285716,179.0001944781015,183.6208659514279,185.513081323847,187.14763269758316,187.42907636169647,188.78380221840015,191.8715249026542,193.66461729862672,193.89593501628627,182.38114221102737,179.20800006538977,180.2668424637693,181.80784084360377,184.82762950332364,186.8503338001105,187.21960248751213,187.6001885485928,190.49639177684725,192.83291869373497,195.61507120421228,196.54288579266023,197.43901122936498,197.1044729910149,195.90666768343036,195.74611524377815,195.62103560098276,194.55711176982604,192.36483052365375,191.5579130133151,190.6886952619459,188.47969890467292,,183.6208659514279,193.66461729862672,186.96063560018717,190.41420137245606,"rgba(38, 166, 154, 1.0)",13.853496411004064,185.87281405099475,1.0385238153725047,50.4893516367381,-3.974839292276968,False,True,False,False,True,7.350854372461171,0.0,0.0,0.0,0.0,1,1.014959906135227,0.8856686901876555,False,False,False,False,0.0797604114468053,0.05382608293197631,False,False,False,False,820241,470914.937307969,False,False,False,False,89532.78722293142,False,False,False,False
2025-08-25 00:00:00+00:00,198.31,200.07,196.94,199.06,104900,,,194.62867081698727,185.75961446948972,179.8093297998671,179.20743172007798,183.74867261622512,185.6203759986528,187.23401036443494,187.51018028403936,188.84998752961874,191.91107801851885,193.6912755140683,194.39267161788982,182.58964707506803,179.4210507042967,180.43826440647305,181.95686277849484,184.94230987085825,186.9415064819599,187.3043026549494,187.67869587171563,190.54705752442038,192.8650529415076,195.62984609331414,196.5523884957389,197.4438463754703,197.1102718923873,195.91690519326625,195.7567877863575,195.63199306009543,194.57127711971697,192.38545085628485,191.58075503395105,190.7110814951509,188.50630890540106,,183.74867261622512,193.6912755140683,187.08823883018002,190.50380944001327,"rgba(38, 166, 154, 0.5)",13.602640544912695,186.02458603020187,0.9031639062456001,52.3700258253256,-3.3100241750691097,False,True,False,False,True,6.271457116787197,0.0,0.0,0.0,0.0,1,1.0461074220956899,0.8774864892036884,False,False,False,False,0.1302486189084592,0.09203735092021775,False,False,False,False,715341,480500.2730998134,False,False,False,False,90135.4230181106,False,False,False,False
2025-08-26 00:00:00+00:00,200.11,201.08,197.5,197.56,108138,,,194.92979463841633,185.96392031928764,180.04150523693016,179.42870166216363,183.8880361987889,185.73866401475894,187.33047040221902,187.60101177118517,188.92515425048467,191.9582865918758,193.72487432991895,194.9163401838078,182.81383192848088,179.64847582833988,180.62244304348152,182.11799551927007,185.06819675138146,187.04304039806314,187.39896309098796,187.76676968526107,190.60595280667795,192.90439338284494,195.65094024439375,196.56785608224845,197.45434800755785,197.12120301403266,195.93203269528715,195.77227069987225,195.64768320635864,194.589980690017,192.4104784747957,191.60797433628085,190.7373582515098,188.53667710876616,,183.8880361987889,193.72487432991895,187.23003812872992,190.60265978665797,"rgba(38, 166, 154, 1.0)",13.503133515449992,186.1903777160931,1.0308438606476322,54.38994179703705,-1.3733519363621411,False,True,True,False,True,7.109629213814781,0.0,0.0,0.0,0.0,0,1.053800821480868,0.8736631087514772,False,False,False,False,0.14375061555546706,0.1178939832378424,False,False,False,False,823479,493950.4192527619,False,False,False,False,90841.40642916509,False,False,False,False
2025-08-27 00:00:00+00:00,201.63,202.97,197.66,199.44,73422,,,195.16147626629285,186.11106378168938,180.2054794258055,179.58493294461564,183.98834534797365,185.82465542571248,187.40139557054655,187.6679647019972,188.98123351313532,191.9949727407041,193.75207362904519,195.29188849135275,182.97327700252484,179.80903805567397,180.75321561831325,182.23307724200433,185.15935740588858,187.11751667350873,187.46861174107366,187.83178613618244,190.650758507251,192.93556837772442,195.66945114978955,196.58240398753986,197.46540904180182,197.13215905394432,195.94557492180772,195.78598879526467,195.66148101232648,194.60561960298787,192.4301826752216,191.62909843250682,190.75750405998133,188.55941613950947,,183.98834534797365,193.75207362904519,187.33396303159253,190.67511827460908,"rgba(38, 166, 154, 1.0)",13.381105467402872,186.31050232961232,1.1448603934635175,56.379623205745176,0.5528060329616196,False,False,True,False,True,7.8156366504665975,0.0,0.0,0.0,0.0,0,1.053090790824657,0.8767117995057756,False,False,False,False,0.16146009082692497,0.13967703703238368,False,False,False,False,896901,509752.4028114771,False,False,False,False,90158.29245155078,False,False,False,False
2025-08-28 00:00:00+00:00,200.54,203.15,197.62,203.15,61490,,200.43666666666667,195.33156945751927,186.22944355854332,180.338735402747,179.71209289485432,184.06986991885324,185.89440627541887,187.45882519380498,187.72217035952204,189.02653924813103,192.02435988305382,193.77366825022736,195.5549328564175,183.1023058602793,179.9396341630449,180.8597223068365,182.32673938145228,185.23335805407802,187.1778357564492,187.52500791132258,187.8844155957594,190.68681269527417,192.96043726112217,195.68389155219185,196.59359096341348,197.47372890460542,197.14048591819116,195.95611480146547,195.79669081675095,195.6722641638861,194.6179845556948,192.44598809635647,191.64610326554504,190.77378114314595,188.5779019004659,,184.06986991885324,193.77366825022736,188.5015289257785,190.73159708072959,"rgba(38, 166, 154, 1.0)",13.36252044432122,186.82555417784874,1.026336751310984,56.99555234006502,1.235150272426317,False,False,True,False,True,7.190207661563534,0.0,0.0,0.0,0.0,0,1.0617463154130187,0.8666941165303018,False,False,False,False,0.1618923754933456,0.15078470626286464,False,False,False,False,835411,522523.3281914192,False,False,False,False,89034.04568874487,False,False,False,False
2025-08-29 00:00:00+00:00,201.43,202.308136,198.52,201.14,82527,,200.6177721835431,195.5564398329678,186.38874894241138,180.51761556148048,179.8829048172936,184.18011244132322,185.9889922758746,187.5369698028542,187.79599213746607,189.08845346258772,192.06495064490412,193.80379686679345,195.88870357377135,183.27561409242355,180.11499561534237,181.00314726470842,182.45310830664602,185.33359772809743,187.2598471057283,187.60176585575596,187.95612496403587,190.73634135040757,192.9949563315672,195.70441503062221,196.60972994066162,197.4860054885758,197.15266108543503,195.97117541876372,195.81195013205166,195.68761509672686,194.63539454468534,192.46793819382762,191.66963970107176,190.79625280957262,188.6032805749116,,184.18011244132322,193.80379686679345,188.618562414125,190.8072543559917,"rgba(38, 166, 154, 1.0)",13.407559979695801,186.958862365736,1.0793267124054544,57.834250654940526,2.210089830402751,False,False,True,False,True,7.61421307325552,0.0,0.0,0.0,0.0,0,1.066762619835993,0.8720060421001642,False,False,False,False,0.15949870046144293,0.15514170336215377,False,False,False,False,917938,538029.7859094028,False,False,False,False,88778.86742644115,False,False,False,False
2025-09-02 00:00:00+00:00,198.2,199.58,195.8,199.58,64250,,199.76700435766264,195.62850323388088,186.48588063224514,180.63512364576235,179.9958115994901,184.25013051164052,186.04753530221842,187.58399691886743,187.8401856763513,189.12436266416378,192.0858560997699,193.8173838441241,195.9825619629381,183.3862567067085,180.23063653340841,181.09723809992087,182.53493392574023,185.39627225082972,187.30947083450206,187.64790090191315,187.99890656068607,190.76352599405067,193.01167737678156,195.71118862878933,196.6134956372684,197.48709245618858,197.15451234155074,195.97578135471443,195.81684769142362,195.6927134061949,194.6425033790843,192.47900815468387,191.68207064267366,190.80861520852056,188.6182786899615,,184.25013051164052,193.8173838441241,188.60514787384798,190.84662620986884,"rgba(38, 166, 154, 0.5)",13.392738893860429,186.98531191564902,0.8373707703277979,56.22486316243764,2.210089830402751,False,False,True,False,True,5.7444856510181594,0.0,0.0,0.0,0.0,0,1.0405052550833276,0.8753843219629969,False,False,False,False,0.11165717370673589,0.13339943853444483,False,False,False,False,853688,550408.5394031517,False,False,False,False,87816.9510567768,False,False,False,False
2025-09-03 00:00:00+00:00,192.81,200.0,190.934,196.52,131708,,197.75804970137213,195.56539629656092,186.62400067272827,180.82618082856285,180.18120990060035,184.35740206120943,186.13294369315827,187.64873742018597,187.90032641489225,189.1697767735764,192.10417482725722,193.82259381007412,195.8579602058167,183.55769127865426,180.41982039944668,181.24978050582746,182.6646721309238,185.48952337015933,187.37859248145992,187.71123828569102,188.05668264773664,190.79315993536161,193.02265911415782,195.70395714271226,196.60102565792855,197.46988287825448,197.14078064582918,195.9688454665648,195.81082067648705,195.68739224152975,194.6422281835371,192.48781876986226,191.69395650209637,190.8221019083785,188.63801869801776,,184.35740206120943,193.82259381007412,188.50756603334818,190.88572660089704,#000000,13.328623997815399,186.9671572501962,0.4383680378980946,52.19905739873336,7.807936948057829,False,True,False,False,False,2.7482609634691606,0.0,0.0,0.0,0.0,1,1.0295394808337304,0.878386455706391,False,False,False,False,0.030148550552847868,0.08177399454364635,False,False,False,False,721980,557136.8319755772,False,False,False,False,89538.1686623934,False,False,False,False
2025-09-04 00:00:00+00:00,196.8,196.8,192.165,194.32,84298,,197.26072348988504,195.55386852787265,186.7172326701053,180.95159646495767,180.30285438314777,184.42934578837037,186.1910044880815,187.69351447707177,187.94208354521268,189.20201815708845,192.1189093277167,193.8288189628429,195.82549118307494,183.67122543828722,180.54394561745582,181.35045758281427,182.75086461756274,185.55256938881575,187.42622105399505,187.75508863724548,188.09689553323327,190.81521672467252,193.0326106895268,195.70212550621056,196.59575986882885,197.46151869888791,197.13436161237195,195.96658015108957,195.80909069901753,195.6860712553527,194.6439875559117,192.49522139403183,191.7032758894237,190.83222123620638,188.6520089122065,,184.42934578837037,193.8288189628429,188.51599752352942,190.9157651604193,"rgba(38, 166, 154, 0.5)",13.302913320776117,187.00161088844752,0.736559644889939,51.745306877019274,7.30664242980923,False,True,False,False,False,4.718242578758616,0.0,0.0,0.0,0.0,1,1.0204023842512813,0.9035495606010748,False,False,False,False,0.010345851802436154,0.04605992317304125,False,False,False,False,806278,566907.0738588879,False,False,False,False,89332.67185210346,False,False,False,False
2025-09-05 00:00:00+00:00,193.98,199.92,193.635,198.12,77949,,197.0409915181414,195.56353453509522,186.80750306573023,181.07034588443472,180.41797297517027,184.49861067234525,186.24749064783788,187.73764678123226,187.98335728502897,189.234405175761,192.13495226496235,193.8368888016475,195.82641652202093,183.77951303849005,180.66141771953187,181.44616844020183,182.83323326157975,185.61364819169947,187.47303337269358,187.7983394304549,188.1367140740185,190.8381037927578,193.0441562092627,195.70266247259525,196.59305381617605,197.45589356717528,197.13031602426193,195.96622443138838,195.80919375135542,195.68651895934977,194.64716771084713,192.50348718666075,191.71327438900408,190.84278016762462,188.6660441255045,,184.49861067234525,193.8368888016475,188.54780830061557,190.94726309862602,"rgba(38, 166, 154, 0.5)",13.24384550442214,187.0504223192113,0.5232300300146887,49.99912869245317,5.518480886563843,False,True,False,False,False,3.180920776121873,0.0,0.0,0.0,0.0,1,1.0312495068705005,0.8933410258087474,False,False,False,False,0.032329560112407646,0.03919474164272445,False,False,False,False,728329,573237.3454722649,False,False,False,False,88886.2533480994,False,False,False,False
2025-09-08 00:00:00+00:00,196.97,197.795,191.165,196.12,46616,,196.8939683517249,195.5585984701228,186.85749394004975,181.1379223570271,180.48364694818852,184.53769883434563,186.27909092444904,187.76208509819455,188.00616919204023,189.25206786253227,192.14310659656002,193.84040648721762,195.81217203259868,183.84052590591708,180.72836670662142,181.50070061265902,182.87999394897383,185.64793814071618,187.49900754529153,187.82227944436985,188.15869266125387,190.8502398286114,193.04970537324914,195.70178190798345,196.5902940684555,197.45143719184446,197.12690673367223,195.96507822490503,195.8083384881567,195.68588571867738,194.64821566362343,192.50762260528373,191.71845950994353,190.84840042854583,188.67378792693827,,184.53769883434563,193.84040648721762,188.562687921871,190.96375914014317,"rgba(38, 166, 154, 0.5)",13.194717401948765,187.07543294028437,0.7498885166160717,50.44660675981823,5.518480886563843,False,True,False,False,False,4.648747891618747,0.0,0.0,0.0,0.0,1,1.0097338533437872,0.9105533353372296,False,False,False,False,-0.01795808379416169,0.010618328924281379,False,False,False,False,774945,581147.4495713918,False,False,False,False,87228.59635405628,False,False,False,False
2025-09-09 00:00:00+00:00,195.43,199.11,195.22,196.71,46244,,196.87008784597305,195.57807798867057,186.91391156871066,181.21031090813636,180.55378785427624,184.58075933914785,186.3146229253104,187.79024730883577,188.03259024322486,189.27315968133794,192.1543989504798,193.8468966558536,195.83280024273998,183.90708373422137,180.79994162282978,181.55933760825405,182.9307654012903,185.68617874973748,187.52878863470892,187.84990172176367,188.1842318542529,190.8656419077487,193.05827761571055,195.7037460995951,196.59028634494274,197.44965931747788,197.1259048478057,195.96615340674225,195.80965910331628,195.68738608585346,194.65125118052453,192.51357644128404,191.72541167976598,190.85555326907377,188.68292654460993,,184.58075933914785,193.8468966558536,188.59323760582973,190.98502859603997,"rgba(38, 166, 154, 0.5)",13.030192825944063,187.11311135705859,0.6382782476082695,49.9112806263598,5.079960309579775,False,True,False,False,False,3.8023054067736837,0.0,0.0,0.0,0.0,1,1.0192980449258084,0.9082980177601302,False,False,False,False,0.04082032846927903,0.025719328696780203,False,False,False,False,728701,586933.8633136902,False,False,False,False,85621.3572813482,False,False,False,False
2025-09-10 00:00:00+00:00,193.61,196.37,192.7,195.29,58523,,196.63339911550656,195.54643160642036,186.967185614372,181.28704168176228,180.62874409534615,184.62418873400074,186.34898920441404,187.81613764441946,188.0566336663681,189.29112123955454,192.161042130137,193.84802908023957,195.78042829638656,183.9748312301132,180.87619725823504,181.62134219275075,182.98347000341778,185.7237966615259,187.5564516536501,187.87523438127013,188.20731552386715,190.87702362018663,193.06185028483964,195.6996084481123,196.58393450821336,197.44129554481492,197.11911643142443,195.9623539486507,195.80626728946817,195.6843135152677,194.65041142406426,192.5167349960803,191.72992396245112,190.86086282058957,188.69101723839964,,184.62418873400074,193.84802908023957,188.60074531771173,191.00009886061696,"rgba(38, 166, 154, 0.5)",12.803259020924775,187.1337981711784,0.5058244793952346,48.58484595541144,3.5777847165942447,False,True,False,False,False,2.80517587071758,0.0,0.0,0.0,0.0,1,1.0178981480705243,0.9130878697468714,False,False,False,False,-0.06428698613795221,-0.019283828720586003,False,False,False,False,670178,590198.3392621729,False,False,False,False,84558.67660364827,False,False,False,False
2025-09-11 00:00:00+00:00,201.58,201.93,194.845,195.45,86027,,196.96119334645334,195.67638686516906,187.0994635085923,181.44309308522057,180.77921666491287,184.721676773995,186.43211732892902,187.88453310757853,188.12128425828044,189.34499133467807,192.19523702889242,193.87248406066055,195.9483491934942,184.12275926897914,181.02999118072648,181.74871963282067,183.09564947941948,185.8121088181474,187.62823341991555,187.9424444823672,188.27010739770833,190.91949571121202,193.09044292032124,195.71499506656403,196.59521833211437,197.44893520115755,197.12711719740497,195.97352146102438,195.81771294729816,195.69592636529637,194.6643298903267,192.53547989439437,191.75034659402246,190.8807064976894,188.71405280403647,,184.721676773995,193.87248406066055,188.7109731136135,191.05907689303464,"rgba(38, 166, 154, 1.0)",12.581823822780802,187.24909074292998,1.139016843577345,51.71821964245136,3.5777847165942447,False,True,False,False,True,6.668780576363243,0.0,0.0,0.0,0.0,1,1.0161092139711192,0.9092735676482427,False,False,False,False,-0.03335577094666674,-0.02631979983362637,False,False,False,False,756205,596708.4043891465,False,False,False,False,84616.25791330913,False,False,False,False
2025-09-12 00:00:00+00:00,198.05,203.61,197.36,200.0,69986,199.67333333333332,197.19563950392734,195.78174072296275,187.2069205000298,181.5696206893791,180.90130044902298,184.8012254533472,186.50010910881699,187.94063987907742,188.17435955078653,189.38934898386768,192.2236626562399,193.893006362911,196.08198596349914,184.24274434545777,181.15472497055586,181.85229172485222,183.1870118837491,185.88427410857744,187.68707736560947,187.99759133066493,188.3216782873811,190.95462876893973,193.11431997308028,195.72815690151378,196.60504012938603,197.4557908085276,197.13420255910415,195.983129688506,195.82753626977646,195.70587563454444,194.6761152078404,192.55114130859215,191.7673575316144,190.89719829695107,188.73310579436898,199.67333333333332,184.8012254533472,193.893006362911,189.6346851687463,191.1072658615079,"rgba(38, 166, 154, 0.5)",12.428095648819365,187.7771809077449,0.8265803050229176,51.913574066141415,3.5777847165942447,False,True,False,False,True,4.740128613159392,-1.0,203.61,197.36,0.0,1,0.9987815100489736,0.9408032022151008,False,False,False,False,0.030208001055540046,0.001944100610956838,False,False,False,False,686219,600218.6238248663,False,False,False,False,84042.52230886565,False,False,False,False
2025-09-15 00:00:00+00:00,194.75,198.68,194.25,198.52,46342,198.16748125988582,197.12513215246506,195.78365500764315,187.25579913820843,181.63514776037985,180.96517109905335,184.84016528187624,186.53193881930116,187.965623593801,188.19777148550398,189.40779266897937,192.23287601435737,193.89768137675404,196.07760840723478,184.3019658018417,181.2197320510872,181.9058094181407,183.23321221909018,185.91866069123628,187.7135378278177,188.02209304927226,188.34428475542396,190.96771882429553,193.12097847474857,195.72851977903088,196.6035395664873,197.4526086645631,197.13192034239682,195.982975539839,195.8276470857043,195.70618561854766,194.67800862315676,192.55599003670653,191.77321503581112,190.9033956768358,188.74133905496976,198.16748125988582,184.84016528187624,193.89768137675404,189.5389412044776,191.1246498388311,"rgba(38, 166, 154, 0.5)",12.21040625102334,187.7306291244121,0.5748679225967286,50.448125936711676,3.5777847165942447,False,True,False,False,True,2.983366602082377,0.0,0.0,0.0,0.0,1,0.962902210283228,0.9625110339461492,False,False,False,False,-0.09184148615249589,-0.04494869277076953,False,False,False,False,639877,601773.8542631067,False,False,False,False,82564.07045361602,False,False,False,False
2025-09-16 00:00:00+00:00,193.25,195.38,191.12,194.88,47282,196.74636794816942,196.92228064818065,195.7400732959159,187.29001636156795,181.68910845713083,181.01833873147325,184.87018009893333,186.5550852545661,187.98250729968464,188.21335767367697,189.41887714978316,192.23547482570498,193.89614063436844,196.01221302142133,184.3481329842114,181.2736273086259,181.9497541700631,183.27023479899162,185.94426897674538,187.7316921216228,188.03859288673053,188.3591833171902,190.97387407557312,193.1212931109839,195.72297667451946,196.5963410275964,197.44389401085937,197.12464950628873,195.97819719060652,195.82322533189227,195.7020486126223,194.675745851878,192.55701578509127,191.77535100830553,190.90636177546813,188.74662234524902,196.74636794816942,184.87018009893333,193.89614063436844,189.42906218301192,191.13234803817565,#000000,11.97759564769571,187.66869462523422,0.4659787772882053,48.77805686867546,3.489705977515605,False,True,False,False,False,2.194553882629677,0.0,0.0,0.0,0.0,1,0.9642821801389309,0.962594482823027,False,False,False,False,-0.19127938213076878,-0.11811403745076915,False,False,False,False,592595,601413.8991939652,False,False,False,False,81180.45984759186,False,False,False,False
2025-09-17 00:00:00+00:00,191.01,196.235,190.36,192.55,66550,195.5286648852972,196.62121245300435,195.66431021221996,187.33182195390555,181.759569765002,181.08806870599895,184.90849134071385,186.5839445933195,188.0028883637145,188.23204194920083,189.4314792067911,192.23654814112277,193.89159837286527,195.90259060954446,184.40715760823605,181.34419223742827,182.00715592475353,183.31818289838472,185.9765132837556,187.7537589482857,188.05847876091312,188.376957235626,190.97977773539637,193.1192875981073,195.712972918502,196.58410747913882,197.4296083167205,197.11258176288078,195.96974461983083,195.81530510608394,195.69455823790042,194.67098198481054,192.5569700805865,191.77689434382663,190.90925412386378,188.75286036399524,195.5286648852972,184.90849134071385,193.89159837286527,189.3292799956274,191.13954416734427,#000000,11.709595694796231,187.61487404680477,0.2899439093959512,46.64897123061574,1.364466362661922,False,True,False,True,False,1.0227732472564668,0.0,0.0,0.0,0.0,1,0.956795473299388,0.9645650098521168,False,False,False,False,-0.1897875298604697,-0.15395078365561943,False,False,False,False,526045,598458.2560883195,False,False,False,False,80606.71632415689,False,False,False,False
2025-09-18 00:00:00+00:00,194.56,194.72,192.27,192.27,72789,195.1253351554222,196.42773704606546,195.61858422226135,187.38815515914118,181.84487385683198,181.17202638995067,184.95710798581283,186.6220969522507,188.03137986239003,188.25848276214583,189.45093749781512,192.24284710223458,193.89144709307848,195.83417339773203,184.48103723614315,181.42931794096626,182.07698393223683,183.37746267922824,186.01842027930994,187.784238074537,188.08635882000343,188.40231851500837,190.9916006346545,193.1220112589012,195.7066007950486,196.57512930972533,197.41825060781042,197.10322601573648,195.9640683421013,195.81014116788492,195.6897990057684,194.66898860490758,192.5598993957663,191.78149079379722,190.91495522053896,188.76202375413436,195.1253351554222,184.95710798581283,193.89144709307848,189.3100777758,191.15500130067352,"rgba(38, 166, 154, 0.5)",11.372903325336893,187.61935138826266,0.6102793994805848,47.239586039270115,1.364466362661922,False,True,False,True,False,2.7952465534783535,0.0,0.0,0.0,0.0,1,0.9536165016180574,0.9612526247925026,False,False,False,False,-0.1835934291015515,-0.16877210637858547,False,False,False,False,598834,598472.9911436795,False,False,False,False,80300.13921340565,False,False,False,False
2025-09-19 00:00:00+00:00,190.67,195.25,188.99,195.25,125900,194.1011439768621,195.91151490743738,195.4522533470298,187.45072873935214,181.96292832304184,181.28976377818947,185.01934040863983,186.6672295021265,188.06151191593736,188.28576113575542,189.46746048635896,192.23878124583777,193.87735272692115,195.60536542845136,184.57657873402056,181.54809663772824,182.17349350712612,183.45709580758725,186.06967103630518,187.81726707689674,188.1156762473152,188.428035619848,190.99616404318758,193.11249639082436,195.68266415300332,196.5472382997481,197.38669437582482,197.07624598979498,195.94411753797417,195.7912595370507,195.67179117364523,194.65630707489976,192.55629584828353,191.78093752053817,190.91736718349966,188.7709347283545,194.1011439768621,185.01934040863983,193.87735272692115,189.21429003796078,191.16062772597576,#000000,11.073580500359043,187.57304583080048,0.2796705337626879,45.82511798866315,0.3956707728358424,False,True,False,True,False,0.7654703663047293,0.0,0.0,0.0,0.0,1,0.9376797979602656,0.9808520067436022,False,False,False,False,-0.22703474985234856,-0.19790342811546702,False,False,False,False,472934,593549.8934517705,False,False,False,False,82088.36904817406,False,False,False,False
2025-09-22 00:00:00+00:00,191.38,193.69,189.835,190.9,93220,193.66079233460198,195.5955472418246,195.33773204881686,187.49586721954444,182.04850656375723,181.37523323623998,185.06466561405136,186.7001159162794,188.08348977325664,188.3056667608409,189.4795252429228,192.23579750150873,193.86702218346664,195.45133394973143,184.64567629653806,181.63426363338306,182.24369337782693,183.51506423870077,186.10700896327825,187.8413495750879,188.13706350655553,188.44680558533335,190.99949285301045,193.1055216137332,195.6651141755177,196.5267821945444,197.36354358160654,197.05643410256897,195.92945784386635,195.77738318287024,195.65855495431433,194.64698029259304,192.5536409479297,191.78052587600575,190.91913859458592,188.77749333980057,193.66079233460198,185.06466561405136,193.86702218346664,189.17307397208555,191.1652582434495,#000000,10.720229451437948,187.55847005392854,0.35647837235040275,45.30012580247035,-0.25825764334093293,False,True,False,True,False,1.124457140487106,0.0,0.0,0.0,0.0,1,0.9388729224873839,0.9879522176086644,False,False,False,False,-0.2384624180435058,-0.2181829230794864,False,False,False,False,566154,592475.544688956,False,False,False,False,82524.9035953045,False,False,False,False
2025-09-23 00:00:00+00:00,191.79,195.0,190.26,193.13,89180,193.4695503687259,195.38128861872906,195.25437425240148,187.54545082611727,182.13497185030224,181.46129399679214,185.11210480677482,186.7356717745164,188.10844585480422,188.32853183961566,189.4947292201484,192.23633486434971,193.86036547314447,195.3403501923346,184.71715879923397,181.72112541697032,182.31492209752318,183.57457235286523,186.14682260756075,187.86839463661363,188.16141477781764,188.46853874957534,191.0061916272885,193.10212495222225,195.65142014600184,196.51020858903604,197.3443124794747,197.04009727568865,195.9178460039895,195.76647107038707,195.64820915063308,194.64021678572547,192.55308109111508,191.78205843573915,190.92250951624268,188.78530260245208,193.4695503687259,185.11210480677482,193.86036547314447,189.16331644203245,191.17467394010285,#000000,10.32982866125551,187.5669856519711,0.4088174631461528,45.20622169852011,-0.5572536915116544,False,True,False,True,False,1.3343689311606184,0.0,0.0,0.0,0.0,1,0.9267912686260515,0.979895959065046,False,False,False,False,-0.21083191158332307,-0.21450741733140472,False,False,False,False,655334,594940.5821521343,False,False,False,False,82785.88776803765,False,False,False,False
2025-09-24 00:00:00+00:00,189.95,193.61,189.93,193.61,125523,193.07664281939776,195.02268054039226,195.09978977838264,187.59672954539812,182.2403876449216,181.56720999028533,185.16706204696854,186.7745469101608,188.13339144289907,188.35091193867882,189.50707694341077,192.22927524302915,193.8438102272004,195.14004560197665,184.80025635452807,181.82764001705834,182.40183750459985,183.6458415060173,186.19145147474327,187.89598092242449,188.18564026382037,188.48949405138043,191.0072811197585,193.0899335733117,195.62547643454818,196.4805116127022,197.3111204321254,197.01152445445342,195.89623538802002,195.74593515160558,195.62855633066766,194.62586637158705,192.54772403279745,191.77972360697538,190.9233054348441,188.7925967764957,193.07664281939776,185.16706204696854,193.8438102272004,189.123808851625,191.1774176299063,#000000,9.966388471961316,187.55573086487226,0.24023437796585842,44.18778256783608,-1.7509290950686847,False,True,False,True,False,0.35386448218723743,0.0,0.0,0.0,0.0,1,0.9304550932415799,0.987508675412615,False,False,False,False,-0.23822205783869754,-0.22636473758505113,False,False,False,False,529811,592386.4808912663,False,False,False,False,84461.8529536048,False,False,False,False
2025-09-25 00:00:00+00:00,189.93,190.98,187.46,187.46,125118,192.55114168087962,194.58783885613641,194.89496087883782,187.62264057698306,182.3234073607362,181.6521362067537,185.20554614057536,186.79781645324988,188.14407521421924,188.35954550889258,189.5067078319962,192.21121068813778,193.8171306647053,194.8807771445031,184.85932935627778,181.91246916687223,182.47024173330618,183.69973277987373,186.2201518909902,187.9088975327411,188.19578276753566,188.4969330664288,190.99663865858068,193.0673026700887,195.59013586627802,196.44184056958542,197.2693017075242,196.97508784046119,195.86719173612417,195.7180912682086,195.6017154801262,194.60468709867317,192.5358928418052,191.7710183192441,190.91848972280798,188.7946209285633,192.55114168087962,185.20554614057536,193.8171306647053,189.05185831246948,191.16561005879922,#000000,9.7212430187914,187.51450660738945,0.24847577495402073,43.49813076444443,-2.6176153359254855,False,True,False,True,False,0.34313054109964014,0.0,0.0,0.0,0.0,1,0.9193082367371558,1.00815994172611,False,False,False,False,-0.3217252682806636,-0.2740450029328574,False,False,False,False,404693,585025.9522288637,False,False,False,False,86056.21166130657,False,False,False,False
2025-09-26 00:00:00+00:00,192.24,192.59,189.47,189.93,139987,192.394956203872,194.33427153915977,194.7598682341726,187.6811251442942,182.43917741850143,181.76853683054455,185.26743722802337,186.84238007451273,188.1735217905991,188.38616477097992,189.5223630900737,192.20558127174792,193.8010209012308,194.71336424434318,184.95133503280434,182.02945968929205,182.5664331193873,183.7791559244534,186.2709207045545,187.94123363289768,188.2244321234746,188.52198684610133,190.9999664939743,193.05599429293426,195.56366155757024,196.41117718056506,197.2347430987829,196.94534450154197,195.8449300447407,195.69697204302534,195.5815315592717,194.59021558258388,192.53119135207982,191.76960842710017,190.92037418764934,188.80358924138102,192.394956203872,185.26743722802337,193.8010209012308,189.04433880751634,191.17270245121892,#000000,9.511205852221279,187.5284061821021,0.49537292022730844,44.73933544794184,-2.6176153359254855,False,True,False,True,False,1.5758060674917367,0.0,0.0,0.0,0.0,1,0.9055367078935167,1.0168919535039995,False,False,False,False,-0.26207300909052195,-0.26805900601168964,False,False,False,False,544680,583443.7580238102,False,False,False,False,88171.14453733376,False,False,False,False
2025-09-29 00:00:00+00:00,191.37,193.705,190.03,192.49,61028,192.35515013100888,194.24514015924441,194.70870803811772,187.70784703756146,182.4902104217212,181.81980449338067,185.29519309640094,186.86266063262687,188.18723796572004,188.39863505335504,189.5300559236908,192.20399644206321,193.79485396642923,194.65092664282724,184.99227141593678,182.08099691650492,182.6089745670062,183.81446851058678,186.29387982095392,187.9562147326719,188.23779504818205,188.53377024022853,191.00228996111298,193.0519203664347,195.55296819756683,196.39864082074584,197.22049582722826,196.93310384022254,195.83588083321283,195.68840539555697,195.5733585831468,194.5844806621841,192.5296521430503,191.76948498520295,190.92161891814743,188.80787696799476,192.35515013100888,185.29519309640094,193.79485396642923,189.04611487394774,191.17702472626803,#000000,9.268430595583572,187.53849704238627,0.41339285201525444,45.01215077916796,-2.6176153359254855,False,True,False,True,False,1.0929644463493666,0.0,0.0,0.0,0.0,1,0.908604731604303,1.0111984664247238,False,False,False,False,-0.23509982165786938,-0.2515794138347795,False,False,False,False,483652,579530.3557483668,False,False,False,False,87106.70749665401,False,False,False,False
2025-09-30 00:00:00+00:00,190.03,193.58,187.02,191.51,208694,192.00308948811693,193.8264366187792,194.46527763409577,187.763452461707,182.63296935016993,181.9653209091801,185.36664039564764,186.90976199570855,188.2137764799446,188.42163694337103,189.53816575038664,192.18277939207655,193.75920105021981,194.35692999303825,185.09827789748923,182.2264662532204,182.7281218291351,183.91048691738203,186.349688134542,187.9865063565136,188.26337679857298,188.5547467051451,190.99341921810114,193.0229844257753,195.50285257654707,196.342814840642,197.15930487334563,196.87986035845705,195.79417392837865,195.64852833509093,195.53499986774273,194.55498104503684,192.51502616313425,191.7598556155407,190.91776297738062,188.81493514145998,192.00308948811693,185.36664039564764,193.75920105021981,189.0037314207234,191.1711773258645,#000000,9.05023804440266,187.5290564456073,0.2763400854344903,44.338492188733,-2.6176153359254855,False,True,False,True,False,0.34628459209389817,0.0,0.0,0.0,0.0,1,0.8969746148479588,1.0038811657725824,False,False,False,False,-0.28589073580326163,-0.2687350748190206,False,False,False,False,274958,567586.3417974504,False,False,False,False,91874.83661443228,False,False,False,False
2025-10-01 00:00:00+00:00,186.03,189.67,186.02,187.84,76970,191.73123465688445,193.58366399940618,194.3239031128722,187.75919699695692,182.66417824850978,181.99884664350267,185.3766309539222,186.91146699522227,188.20908719966042,188.41612856347936,189.52810049041446,192.16345782415993,193.73537569475099,194.1873023965746,185.11420671330305,182.2593387505455,182.75405629002728,183.9288215395919,186.35434313688518,187.98282415492994,188.25850429015344,188.54870648827287,190.97798357399566,193.00134920042544,195.47436652571903,196.31263021372854,197.12747496351372,196.85178584503834,195.7708489522445,195.62601519163923,195.51317703812217,194.53683275154404,192.5027876268867,191.74958574818962,190.91042779229343,188.8120165397086,191.73123465688445,185.3766309539222,193.73537569475099,188.95394395228783,191.15416778215706,#000000,8.735386496432444,187.49452708105574,-0.16765452583624685,41.652270292965696,-4.9061161277002014,False,True,False,True,False,0.0,0.0,0.0,0.0,0.0,1,0.8912452372411218,1.0223428322689332,False,False,False,False,-0.34282825441539394,-0.30578166461720724,False,False,False,False,197988,553092.2891779426,False,False,False,False,91290.33321778788,False,False,False,False
2025-10-02 00:00:00+00:00,187.87,187.89,184.7,185.03,63331,191.51094044195764,193.38457348866947,194.20500842215887,187.75295640252384,182.6872136164723,182.02392867729102,185.3829367417091,186.91108008030653,188.20360501201196,188.41002982580173,189.51837657738162,192.14632638795504,193.7146431949862,194.045601473904,185.1245818080113,182.28381104850158,182.7731956288026,183.94186214310756,186.35633782166033,187.97812387283727,188.25289090274623,188.54219638357677,190.96396162872284,192.98237983846863,195.44988704443296,196.28680117648327,197.1003320681859,196.8278044102406,195.75081212544436,195.60665833893626,195.49439991827305,194.5211120872948,192.49196001002517,191.74038688026687,190.90372618748086,188.80898377815842,191.51094044195764,185.3829367417091,193.7146431949862,188.91166298994042,191.13873548648274,#000000,8.426945636147915,187.4644625184716,0.04812389910157005,41.41641353551452,-5.206477243769861,False,True,False,True,False,0.0,0.0,0.0,0.0,0.0,1,0.8721940117568296,1.0408143230806157,False,False,False,False,-0.34282825441539394,-0.32430495951630056,False,False,False,False,261319,541650.1994062586,False,False,False,False,90193.88877787463,False,False,False,False
2025-10-03 00:00:00+00:00,191.81,191.81,187.96,187.96,74592,191.46154969552478,193.28881198317075,194.13762186783657,187.77449516090513,182.73806161120768,182.07571242270456,185.40926893547297,186.9290045920385,188.2143534894165,188.41951279284405,189.52262282068543,192.1402333454114,193.70342569522285,193.96765029380396,185.16300583536565,182.3355794070623,182.8159456627054,183.9766590389495,186.37727262328895,187.99019964761916,188.26329359868595,188.55095963280377,190.96223159603548,192.97353568899888,195.43353968347787,196.2684002116228,197.08000651006512,196.8101126639026,195.73707447889737,195.5935402283337,195.4817938062403,194.51155064535615,192.48755951815437,191.73772514426804,190.90299998344508,188.81205836068588,191.46154969552478,185.40926893547297,193.70342569522285,188.90882110864928,191.13899553856845,"rgba(38, 166, 154, 0.5)",7.957498966343394,187.47057905560456,0.5453247261167387,44.15439586305321,-5.206477243769861,False,True,False,True,True,1.3548972678509017,0.0,0.0,0.0,0.0,1,0.8875136442660609,1.0274345609571636,False,False,False,False,-0.164490932878785,-0.2443979461975428,False,False,False,False,335911,533581.995507974,False,False,False,False,89582.0500022717,False,False,False,False
2025-10-06 00:00:00+00:00,192.48,195.0,190.17,193.38,67626,191.50891259865725,193.2670297927952,194.1116839113421,187.80788032605415,182.79542277665377,182.13322849863465,185.44225739420196,186.95415561448115,188.2324645370717,188.4362221665562,189.53413751359685,192.14162614876125,193.69975786864978,193.93973986951758,185.21033611834685,182.3934097916571,182.86436178305124,184.01753739837358,186.40523828132982,188.00970387277988,188.28100063224784,188.56690602951716,190.96790617336967,192.97215729244664,195.42488521633393,196.2576620592562,197.06734342739958,196.79929607880646,195.7294943501261,195.58643147865982,195.47506435317902,194.50730301794468,192.4876860153249,191.73933693342195,190.905870804591,188.81811445917072,191.50891259865725,185.44225739420196,193.69975786864978,188.92805993441968,191.14817316198338,"rgba(38, 166, 154, 0.5)",7.545874383334413,187.4955814453433,0.6605488378742587,46.4292654526827,-7.192877496058017,False,True,False,True,True,1.7176565031233935,0.0,0.0,0.0,0.0,1,0.9725786097774268,1.0112507991634818,False,False,False,False,-0.03745937375438199,-0.14092865997596238,False,False,False,False,403537,528482.1917625632,False,False,False,False,88721.02843355517,False,False,False,False
2025-10-07 00:00:00+00:00,191.26,194.7,190.375,192.36,92809,191.54287949718884,193.22209979258452,194.06782389026478,187.84877949380612,182.86957256798001,182.20786360288827,185.4842756803257,186.98563311586722,188.2545764288084,188.4565149068499,189.54752209300545,192.14148704377016,193.69285738043172,193.8916461122956,185.27049204404446,182.46833806125485,182.9270568433243,184.07015817817975,186.44049945727878,188.03364303815792,188.30259386852597,188.58619903558466,190.97348872721227,192.96833106065475,195.41129408223986,196.24129537026354,197.04840442639943,196.7830185653089,195.71772389168532,195.57532884283071,195.46450262360042,194.5002047000799,192.48664346900426,191.74034811293635,190.90874836902495,188.82542141995745,191.54287949718884,185.4842756803257,193.69285738043172,188.9478373456747,191.1580431198963,"rgba(38, 166, 154, 0.5)",7.1425113604883,187.52390838541078,0.5230781480106451,47.080900600942975,-6.6028967345022735,False,True,False,False,True,1.021876182223906,0.0,0.0,0.0,0.0,1,0.9676874691508931,0.9730985310288915,False,False,False,False,-0.03967196451167386,-0.09030031224381813,False,False,False,False,310728,519942.8116934431,False,False,False,False,88881.34104400399,False,False,False,False
2025-10-08 00:00:00+00:00,192.69,194.545,191.55,193.12,51921,191.58522239580392,193.21584481065693,194.05401359066562,187.87564156701836,182.914162522946,182.2525354460241,185.5104204997098,187.0058547634563,188.26943304352292,188.4702847369455,189.55731508054242,192.14352560910658,193.69100344731407,193.87767374328152,185.30765346044356,182.51326145477503,182.9648473241883,184.10225837611176,186.46284991275633,188.04957172012905,188.3171354006014,188.59938005017202,190.9788120006625,192.96823180976708,195.4056090502357,196.23399502542674,197.03961452037836,196.77554489702067,195.7126561083906,195.57060569849057,195.46005502341103,194.4976034314505,192.4873275104969,191.74215032211916,190.91144106254177,188.83050744719185,191.58522239580392,185.5104204997098,193.69100344731407,188.96501980874714,191.16623432590944,"rgba(38, 166, 154, 0.5)",6.741323839616776,187.54526799498754,0.7631634568240709,48.574927167841714,-5.173860224071987,False,False,False,False,True,1.8157375077747453,0.0,0.0,0.0,0.0,1,0.9712757627722216,0.9597371921911843,False,False,False,False,-0.015931582527873103,-0.053115947385845616,False,False,False,False,362649,513774.42692115123,False,False,False,False,87431.91590502344,False,False,False,False
2025-10-09 00:00:00+00:00,193.76,193.76,190.105,193.48,57039,191.61629194912126,193.20043541198874,194.03414219173527,187.90259252016176,182.9608204327472,182.2994215424778,185.5374454328149,187.02647161982946,188.2843000539306,188.4840108786432,189.56678166502076,192.1446555773187,193.6879497663885,193.85671936704762,185.34601402079824,182.5603545847905,183.0044366490849,184.13572244957777,186.4857688276352,188.0655740251675,188.33167455450794,188.61248323140987,190.98347340431656,192.96707214884918,195.398423414854,196.22507828705986,197.02909717556537,196.76654602521828,195.70633975503875,195.5646798994937,195.45444346404858,194.49405396538234,192.4874198034405,191.74348055348136,190.913825388941,188.83555445419606,191.61629194912126,185.5374454328149,193.6879497663885,188.98040915709063,191.1737687526643,"rgba(38, 166, 154, 0.5)",6.457620464690888,187.56557307042453,0.9592429538783633,50.34988411518778,-3.487815356221361,False,False,False,False,True,2.4104908026584866,0.0,0.0,0.0,0.0,1,0.9588740308190348,0.9845090597628243,False,False,False,False,-0.06789483264166171,-0.060505390013753664,False,False,False,False,419688,510084.76312032173,False,False,False,False,86240.03684992448,False,False,False,False
2025-10-10 00:00:00+00:00,183.97,195.0,183.88,194.91,69728,191.4635292517864,193.0486585939771,193.93269123864692,187.90058777100458,182.98824123406027,182.32887761211487,185.54716915492386,187.02914646856578,188.28147193019504,188.48045090147926,189.55924883733755,192.1290001202371,193.66829427740186,193.73932657787202,185.36063866927,182.58921541741742,183.02762735054367,184.15251432082465,186.49095726524362,188.0636275965323,188.3286789574092,188.6084534436648,190.97124215009558,192.94934957791037,195.3746285170004,196.19973961695035,197.00226912248382,196.7428337393266,195.68668889068186,195.54571664622412,195.43606331507937,194.47883081187385,192.47732759434837,191.73510395691454,190.9079407833842,188.8335314259811,191.4635292517864,185.54716915492386,193.66829427740186,188.95056672244084,191.16128647903764,"rgba(239, 83, 80, 0.5)",6.363852668820408,187.5460556296435,-0.5619324984005865,45.66078407481923,-0.15561638051934068,False,True,False,True,False,0.0,0.0,0.0,0.0,0.0,1,0.9386850384998254,0.9755217777847407,False,False,False,False,-0.185830897609199,-0.12316814381147632,False,False,False,False,349960,503805.360645015,False,False,False,False,85592.5059930647,False,False,False,False
2025-10-13 00:00:00+00:00,187.95,188.49,184.31,186.64,61823,191.31459684415242,192.904354050542,193.8357115192099,187.89450896477416,183.0086483191046,182.3513012734526,185.55282423685776,187.0286962955784,188.27636516552727,188.47478070855064,189.55022929858683,192.1130704730643,193.6489697050456,193.62739168849126,185.36947398356222,182.6110054413883,183.04488796771943,184.16428640432207,186.49268193642828,188.0592351461268,188.3234532672196,188.60240510802805,190.95822414515575,192.93168432738588,195.35175995004175,196.17557591408462,196.97684558694144,196.72030751967563,195.66784112408615,195.52750109284247,195.41838642798976,194.46401864433014,192.46713083215116,191.7264478840144,190.90163491016025,188.83071476920512,191.31459684415242,185.55282423685776,193.6489697050456,188.91954283495744,191.14770482539853,#000000,6.270252449168725,187.52434188098113,0.06788532399126833,45.24324298695894,-0.4143650919844504,False,True,False,True,False,0.0,0.0,0.0,0.0,0.0,1,0.9596686472274143,0.9778297832174555,False,False,False,False,-0.33735754084534386,-0.2302628423284101,False,False,False,False,411783,500196.64061972033,False,False,False,False,84660.36850314059,False,False,False,False
